<?xml version="1.0" encoding="utf-8"?>
<COLLADA xmlns="http://www.collada.org/2005/11/COLLADASchema" version="1.4.1">
  <asset><contributor><author>Mixamo</author><authoring_tool>COLLADA Mixamo exporter</authoring_tool><comments></comments></contributor><created>2020-04-02T17:19:59Z</created><modified>2020-04-02T17:19:59Z</modified><revision></revision><title></title><unit meter="0.025400"/><up_axis>Y_UP</up_axis></asset>
  <library_animations>
    <animation id="mixamorig_Hips-anim" name="mixamorig_Hips"><source id="mixamorig_Hips-Matrix-animation-input"><float_array id="mixamorig_Hips-Matrix-animation-input-array" count="97">

0.000000 0.033333 0.066667 0.100000 0.133333 0.166667 0.200000 0.233333 0.266667 0.300000 0.333333 0.366667 0.400000 0.433333 0.466667 0.500000
0.533333 0.566667 0.600000 0.633333 0.666667 0.700000 0.733333 0.766667 0.800000 0.833333 0.866667 0.900000 0.933333 0.966667 1.000000 1.033333
1.066667 1.100000 1.133333 1.166667 1.200000 1.233333 1.266667 1.300000 1.333333 1.366667 1.400000 1.433333 1.466667 1.500000 1.533333 1.566667
1.600000 1.633333 1.666667 1.700000 1.733333 1.766667 1.800000 1.833333 1.866667 1.900000 1.933333 1.966667 2.000000 2.033333 2.066667 2.100000
2.133333 2.166667 2.200000 2.233333 2.266667 2.300000 2.333333 2.366667 2.400000 2.433333 2.466667 2.500000 2.533333 2.566667 2.600000 2.633333
2.666667 2.700000 2.733333 2.766667 2.800000 2.833333 2.866667 2.900000 2.933333 2.966667 3.000000 3.033333 3.066667 3.100000 3.133333 3.166667
3.200000</float_array><technique_common><accessor source="#mixamorig_Hips-Matrix-animation-input-array" count="97"><param name="TIME" type="float"/></accessor></technique_common></source><source id="mixamorig_Hips-Matrix-animation-output-transform"><float_array id="mixamorig_Hips-Matrix-animation-output-transform-array" count="1552">

-0.016308 0.049900 -0.998621 0.931026 -0.023994 0.998447 0.050283 59.091087 0.999579 0.024781 -0.015085 -0.057638 0.000000 0.000000 0.000000 1.000000
-0.016342 0.051830 -0.998522 0.940376 -0.024596 0.998333 0.052223 59.071877 0.999564 0.025413 -0.015040 -0.091566 0.000000 0.000000 0.000000 1.000000
-0.017077 0.056707 -0.998245 1.005189 -0.025051 0.998053 0.057125 59.037216 0.999540 0.025983 -0.015623 -0.100202 0.000000 0.000000 0.000000 1.000000
-0.020105 0.062793 -0.997824 1.206989 -0.025326 0.997674 0.063294 58.969513 0.999477 0.026544 -0.018467 -0.058545 0.000000 0.000000 0.000000 1.000000
-0.026659 0.067145 -0.997387 1.485258 -0.026213 0.997352 0.067844 58.863892 0.999301 0.027954 -0.024829 0.012528 0.000000 0.000000 0.000000 1.000000
-0.041521 0.072473 -0.996506 1.695000 -0.023003 0.997032 0.073469 58.716286 0.998873 0.025973 -0.039731 0.134764 0.000000 0.000000 0.000000 1.000000
-0.058647 0.083454 -0.994784 1.794920 -0.016802 0.996276 0.084569 58.493862 0.998137 0.021674 -0.057027 0.204045 0.000000 0.000000 0.000000 1.000000
-0.070396 0.097121 -0.992780 1.773286 -0.008847 0.995149 0.097980 58.185413 0.997480 0.015680 -0.069195 0.147074 0.000000 0.000000 0.000000 1.000000
-0.068466 0.113006 -0.991233 1.658425 -0.001515 0.993551 0.113375 57.766796 0.997652 0.009264 -0.067853 -0.012543 0.000000 0.000000 0.000000 1.000000
-0.062732 0.126552 -0.989974 1.483395 0.001593 0.991939 0.126702 57.253544 0.998029 0.006371 -0.062428 -0.207519 0.000000 0.000000 0.000000 1.000000
-0.063725 0.144728 -0.987417 1.341899 0.000859 0.989436 0.144968 56.482258 0.997967 0.008390 -0.063176 -0.370422 0.000000 0.000000 0.000000 1.000000
-0.061218 0.169788 -0.983577 1.272662 0.000367 0.985429 0.170085 55.614586 0.998124 0.010051 -0.060388 -0.445572 0.000000 0.000000 0.000000 1.000000
-0.041946 0.179799 -0.982809 1.114237 -0.002469 0.983653 0.180059 55.333084 0.999117 0.009979 -0.040816 -0.527118 0.000000 0.000000 0.000000 1.000000
-0.005979 0.174884 -0.984571 0.839182 -0.008992 0.984539 0.174933 55.638897 0.999942 0.009900 -0.004314 -0.597328 0.000000 0.000000 0.000000 1.000000
0.029497 0.155534 -0.987390 0.526021 -0.009400 0.987819 0.155321 56.599049 0.999521 0.004700 0.030600 -0.550209 0.000000 0.000000 0.000000 1.000000
0.059360 0.134255 -0.989167 0.301715 -0.008964 0.990946 0.133958 57.460686 0.998196 0.000915 0.060026 -0.424620 0.000000 0.000000 0.000000 1.000000
0.090562 0.112042 -0.989568 0.165396 -0.007139 0.993699 0.111856 58.380665 0.995865 -0.003066 0.090792 -0.295086 0.000000 0.000000 0.000000 1.000000
0.119075 0.099405 -0.987897 0.222748 -0.007017 0.995035 0.099278 59.149769 0.992860 -0.004889 0.119182 -0.309514 0.000000 0.000000 0.000000 1.000000
0.158318 0.097627 -0.982550 0.441920 -0.010939 0.995212 0.097122 59.322330 0.987328 -0.004628 0.158628 -0.397784 0.000000 0.000000 0.000000 1.000000
0.198064 0.109086 -0.974100 0.752975 -0.020765 0.994032 0.107096 58.984100 0.979969 -0.000985 0.199147 -0.494482 0.000000 0.000000 0.000000 1.000000
0.209816 0.125480 -0.969655 1.044942 -0.031139 0.992085 0.121645 58.757843 0.977245 0.004671 0.212063 -0.543150 0.000000 0.000000 0.000000 1.000000
0.207607 0.141020 -0.967994 1.423550 -0.041084 0.989938 0.135405 58.498589 0.977349 0.011658 0.211312 -0.553711 0.000000 0.000000 0.000000 1.000000
0.220986 0.150303 -0.963626 1.804278 -0.056462 0.988368 0.141213 58.129608 0.973641 0.023202 0.226902 -0.458010 0.000000 0.000000 0.000000 1.000000
0.230560 0.152233 -0.961076 2.112732 -0.070733 0.987695 0.139480 57.927917 0.970484 0.035822 0.238491 -0.195924 0.000000 0.000000 0.000000 1.000000
0.236832 0.150284 -0.959857 2.369092 -0.081844 0.987538 0.134424 57.868355 0.968097 0.046723 0.246181 0.126807 0.000000 0.000000 0.000000 1.000000
0.245228 0.147723 -0.958145 2.563486 -0.091171 0.987457 0.128908 57.965080 0.965169 0.055743 0.255620 0.417628 0.000000 0.000000 0.000000 1.000000
0.249227 0.146207 -0.957345 2.759194 -0.099337 0.987184 0.124903 58.101562 0.963337 0.063970 0.260556 0.644998 0.000000 0.000000 0.000000 1.000000
0.254819 0.141091 -0.956640 2.965620 -0.106806 0.987352 0.117170 58.197979 0.961072 0.072317 0.266665 0.770623 0.000000 0.000000 0.000000 1.000000
0.267123 0.132559 -0.954502 3.218356 -0.114823 0.987816 0.105052 58.143738 0.956797 0.081537 0.279089 0.790078 0.000000 0.000000 0.000000 1.000000
0.286455 0.120480 -0.950488 3.542739 -0.123250 0.988453 0.088147 57.797878 0.950133 0.091897 0.297996 0.691167 0.000000 0.000000 0.000000 1.000000
0.294967 0.108534 -0.949323 3.908262 -0.129190 0.988935 0.072922 57.232742 0.946734 0.101133 0.305724 0.485547 0.000000 0.000000 0.000000 1.000000
0.291596 0.101138 -0.951180 4.284559 -0.136057 0.988669 0.063414 56.574120 0.946816 0.110923 0.302053 0.204953 0.000000 0.000000 0.000000 1.000000
0.277632 0.094897 -0.955989 4.653169 -0.141347 0.988314 0.057057 55.773312 0.950232 0.119286 0.287802 -0.095780 0.000000 0.000000 0.000000 1.000000
0.252140 0.094840 -0.963032 4.989810 -0.143971 0.987786 0.059583 54.900009 0.956921 0.123626 0.262715 -0.377098 0.000000 0.000000 0.000000 1.000000
0.216465 0.096033 -0.971556 5.209950 -0.147456 0.986950 0.064701 54.223751 0.965090 0.129256 0.227801 -0.677692 0.000000 0.000000 0.000000 1.000000
0.178310 0.100486 -0.978830 5.279721 -0.149924 0.985932 0.073904 53.774689 0.972486 0.133572 0.190866 -0.956276 0.000000 0.000000 0.000000 1.000000
0.146118 0.112697 -0.982827 5.199100 -0.143733 0.985366 0.091620 53.570808 0.978770 0.127878 0.160178 -1.170975 0.000000 0.000000 0.000000 1.000000
0.113696 0.130436 -0.984916 5.025780 -0.128529 0.984945 0.115603 53.594185 0.985167 0.113447 0.128749 -1.317338 0.000000 0.000000 0.000000 1.000000
0.074511 0.150162 -0.985850 4.830358 -0.110491 0.983754 0.141492 53.800552 0.991080 0.098385 0.089892 -1.377461 0.000000 0.000000 0.000000 1.000000
0.037845 0.165643 -0.985459 4.629659 -0.090691 0.982665 0.161691 54.147640 0.995160 0.083253 0.052211 -1.338714 0.000000 0.000000 0.000000 1.000000
0.012319 0.175076 -0.984478 4.388688 -0.070908 0.982227 0.173789 54.560616 0.997407 0.067667 0.024514 -1.283287 0.000000 0.000000 0.000000 1.000000
-0.007264 0.177777 -0.984044 4.088254 -0.054380 0.982544 0.177907 55.021362 0.998494 0.054804 0.002530 -1.228597 0.000000 0.000000 0.000000 1.000000
-0.020822 0.172324 -0.984820 3.736758 -0.038983 0.984145 0.173030 55.558666 0.999023 0.041994 -0.013774 -1.192713 0.000000 0.000000 0.000000 1.000000
-0.035190 0.160028 -0.986485 3.384616 -0.024821 0.986652 0.160940 56.163124 0.999072 0.030149 -0.030748 -1.144668 0.000000 0.000000 0.000000 1.000000
-0.058134 0.144486 -0.987798 3.049773 -0.010505 0.989328 0.145328 56.801239 0.998253 0.018826 -0.055996 -1.081524 0.000000 0.000000 0.000000 1.000000
-0.079292 0.131500 -0.988140 2.737860 0.003562 0.991292 0.131634 57.382446 0.996845 0.006918 -0.079070 -1.046016 0.000000 0.000000 0.000000 1.000000
-0.090137 0.121256 -0.988520 2.457070 0.015961 0.992609 0.120302 57.870476 0.995801 -0.004934 -0.091406 -1.041522 0.000000 0.000000 0.000000 1.000000
-0.095895 0.110972 -0.989186 2.218528 0.024502 0.993728 0.109106 58.184181 0.995090 -0.013775 -0.098012 -1.070790 0.000000 0.000000 0.000000 1.000000
-0.104305 0.101276 -0.989375 2.038454 0.029154 0.994685 0.098746 58.307373 0.994118 -0.018544 -0.106704 -1.103343 0.000000 0.000000 0.000000 1.000000
-0.123719 0.093160 -0.987935 1.892985 0.030742 0.995465 0.090020 58.304199 0.991841 -0.019234 -0.126021 -1.108535 0.000000 0.000000 0.000000 1.000000
-0.147048 0.090109 -0.985016 1.789096 0.031009 0.995772 0.086464 58.202553 0.988643 -0.017830 -0.149220 -1.094636 0.000000 0.000000 0.000000 1.000000
-0.166628 0.090317 -0.981875 1.728113 0.030308 0.995795 0.086454 58.041191 0.985554 -0.015353 -0.168665 -1.089658 0.000000 0.000000 0.000000 1.000000
-0.181804 0.090264 -0.979183 1.690027 0.029280 0.995833 0.086362 57.852097 0.982899 -0.012969 -0.183689 -1.098057 0.000000 0.000000 0.000000 1.000000
-0.188886 0.090364 -0.977832 1.639609 0.027761 0.995851 0.086666 57.700912 0.981606 -0.010775 -0.190611 -1.122085 0.000000 0.000000 0.000000 1.000000
-0.190713 0.089951 -0.977516 1.541236 0.027295 0.995894 0.086317 57.666321 0.981266 -0.010219 -0.192385 -1.140381 0.000000 0.000000 0.000000 1.000000
-0.190376 0.088949 -0.977673 1.399389 0.027404 0.995980 0.085278 57.780930 0.981329 -0.010558 -0.192048 -1.124446 0.000000 0.000000 0.000000 1.000000
-0.188822 0.086038 -0.978235 1.237000 0.027268 0.996230 0.082357 57.981873 0.981633 -0.011124 -0.190456 -1.108384 0.000000 0.000000 0.000000 1.000000
-0.195559 0.082604 -0.977207 1.093212 0.025839 0.996534 0.079067 58.183300 0.980351 -0.009788 -0.197016 -1.060193 0.000000 0.000000 0.000000 1.000000
-0.203840 0.079455 -0.975775 1.002882 0.022595 0.996817 0.076449 58.336044 0.978744 -0.006465 -0.204986 -0.982654 0.000000 0.000000 0.000000 1.000000
-0.203550 0.077182 -0.976017 0.981467 0.018222 0.997014 0.075042 58.429329 0.978895 -0.002510 -0.204349 -0.909143 0.000000 0.000000 0.000000 1.000000
-0.198420 0.074467 -0.977284 1.001421 0.014400 0.997223 0.073063 58.487331 0.980011 0.000424 -0.198941 -0.835571 0.000000 0.000000 0.000000 1.000000
-0.194004 0.071014 -0.978427 1.032854 0.011605 0.997473 0.070096 58.540890 0.980932 0.002245 -0.194338 -0.743728 0.000000 0.000000 0.000000 1.000000
-0.192892 0.068538 -0.978823 1.065486 0.010378 0.997644 0.067810 58.575748 0.981165 0.002922 -0.193148 -0.634055 0.000000 0.000000 0.000000 1.000000
-0.189711 0.069511 -0.979376 1.105068 0.012735 0.997581 0.068337 58.587357 0.981757 0.000492 -0.190137 -0.536701 0.000000 0.000000 0.000000 1.000000
-0.180046 0.071266 -0.981073 1.109919 0.012317 0.997457 0.070196 58.594193 0.983581 0.000555 -0.180466 -0.452262 0.000000 0.000000 0.000000 1.000000
-0.171844 0.075216 -0.982248 1.072351 0.008927 0.997159 0.074796 58.563759 0.985084 0.004085 -0.172028 -0.401168 0.000000 0.000000 0.000000 1.000000
-0.170068 0.073899 -0.982658 0.991870 0.005473 0.997240 0.074049 58.543381 0.985417 0.007215 -0.170003 -0.366543 0.000000 0.000000 0.000000 1.000000
-0.171567 0.074824 -0.982327 0.891936 0.000461 0.997118 0.075870 58.490288 0.985172 0.012564 -0.171107 -0.406497 0.000000 0.000000 0.000000 1.000000
-0.179939 0.075967 -0.980740 0.799533 -0.007471 0.996879 0.078587 58.467190 0.983649 0.021468 -0.178810 -0.418629 0.000000 0.000000 0.000000 1.000000
-0.196489 0.076987 -0.977479 0.711201 -0.010107 0.996701 0.080532 58.450375 0.980454 0.025703 -0.195063 -0.341806 0.000000 0.000000 0.000000 1.000000
-0.203941 0.076405 -0.975997 0.640821 -0.008836 0.996766 0.079877 58.464394 0.978943 0.024914 -0.202607 -0.232975 0.000000 0.000000 0.000000 1.000000
-0.201248 0.075461 -0.976629 0.581883 -0.007655 0.996877 0.078603 58.500580 0.979510 0.023294 -0.200042 -0.124441 0.000000 0.000000 0.000000 1.000000
-0.196037 0.075306 -0.977701 0.520653 -0.006318 0.996929 0.078054 58.516327 0.980576 0.021479 -0.194959 -0.032316 0.000000 0.000000 0.000000 1.000000
-0.192552 0.075524 -0.978376 0.468004 -0.004841 0.996949 0.077911 58.506096 0.981275 0.019738 -0.191599 0.046784 0.000000 0.000000 0.000000 1.000000
-0.188320 0.076617 -0.979115 0.423171 -0.005343 0.996858 0.079033 58.488075 0.982093 0.020114 -0.187319 0.094958 0.000000 0.000000 0.000000 1.000000
-0.179294 0.079191 -0.980603 0.388248 -0.005788 0.996653 0.081545 58.468426 0.983778 0.020296 -0.178236 0.140663 0.000000 0.000000 0.000000 1.000000
-0.166314 0.081621 -0.982689 0.355763 -0.005508 0.996476 0.083699 58.456074 0.986057 0.019333 -0.165278 0.193620 0.000000 0.000000 0.000000 1.000000
-0.148038 0.082031 -0.985574 0.298487 -0.007029 0.996442 0.083991 58.489429 0.988957 0.019361 -0.146934 0.218790 0.000000 0.000000 0.000000 1.000000
-0.122994 0.081577 -0.989049 0.220641 -0.008160 0.996499 0.083207 58.574310 0.992374 0.018304 -0.121898 0.223689 0.000000 0.000000 0.000000 1.000000
-0.098826 0.080251 -0.991863 0.149516 -0.008551 0.996638 0.081489 58.635323 0.995068 0.016535 -0.097807 0.215472 0.000000 0.000000 0.000000 1.000000
-0.082331 0.077828 -0.993561 0.081651 -0.009551 0.996839 0.078876 58.634560 0.996559 0.015984 -0.081328 0.196693 0.000000 0.000000 0.000000 1.000000
-0.074206 0.076280 -0.994321 0.024391 -0.011000 0.996947 0.077302 58.600426 0.997182 0.016673 -0.073140 0.175398 0.000000 0.000000 0.000000 1.000000
-0.069549 0.077406 -0.994571 -0.027498 -0.012741 0.996835 0.078473 58.595169 0.997497 0.018130 -0.068342 0.163238 0.000000 0.000000 0.000000 1.000000
-0.062660 0.079160 -0.994891 -0.040819 -0.015669 0.996649 0.080286 58.622929 0.997912 0.020619 -0.061210 0.154447 0.000000 0.000000 0.000000 1.000000
-0.056263 0.079152 -0.995274 -0.022716 -0.019345 0.996579 0.080349 58.671314 0.998229 0.023775 -0.054540 0.125852 0.000000 0.000000 0.000000 1.000000
-0.053413 0.077937 -0.995526 0.015983 -0.024955 0.996534 0.079355 58.712864 0.998261 0.029082 -0.051283 0.099123 0.000000 0.000000 0.000000 1.000000
-0.051586 0.076331 -0.995747 0.054267 -0.029484 0.996524 0.077918 58.757812 0.998233 0.033379 -0.049156 0.090329 0.000000 0.000000 0.000000 1.000000
-0.049693 0.075709 -0.995891 0.123693 -0.033992 0.996417 0.077445 58.801575 0.998186 0.037700 -0.046941 0.092762 0.000000 0.000000 0.000000 1.000000
-0.048736 0.074970 -0.995994 0.236639 -0.036237 0.996390 0.076773 58.844078 0.998154 0.039833 -0.045843 0.111003 0.000000 0.000000 0.000000 1.000000
-0.047555 0.073170 -0.996185 0.369412 -0.036646 0.996514 0.074944 58.882469 0.998196 0.040070 -0.044708 0.132386 0.000000 0.000000 0.000000 1.000000
-0.042303 0.068662 -0.996743 0.479211 -0.037078 0.996841 0.070242 58.928719 0.998417 0.039929 -0.039624 0.136292 0.000000 0.000000 0.000000 1.000000
-0.031316 0.062488 -0.997554 0.576052 -0.037985 0.997248 0.063662 58.967552 0.998787 0.039886 -0.028856 0.107409 0.000000 0.000000 0.000000 1.000000
-0.020909 0.057716 -0.998114 0.665647 -0.035997 0.997642 0.058443 58.997063 0.999133 0.037151 -0.018782 0.056504 0.000000 0.000000 0.000000 1.000000
-0.017798 0.055796 -0.998284 0.750303 -0.033135 0.997860 0.056363 59.027321 0.999292 0.034081 -0.015911 0.006566 0.000000 0.000000 0.000000 1.000000
-0.018464 0.054937 -0.998319 0.832843 -0.030634 0.997989 0.055486 59.044975 0.999360 0.031607 -0.016743 -0.033646 0.000000 0.000000 0.000000 1.000000
-0.017783 0.052745 -0.998450 0.895097 -0.027328 0.998209 0.053219 59.059788 0.999468 0.028232 -0.016309 -0.057872 0.000000 0.000000 0.000000 1.000000
-0.016308 0.049900 -0.998621 0.931032 -0.023994 0.998447 0.050283 59.091064 0.999579 0.024781 -0.015085 -0.057630 0.000000 0.000000 0.000000 1.000000</float_array><technique_common><accessor source="#mixamorig_Hips-Matrix-animation-output-transform-array" count="97" stride="16"><param type="float4x4"/></accessor></technique_common></source><source id="mixamorig_Hips-Interpolations"><Name_array id="mixamorig_Hips-Interpolations-array" count="97">
 LINEAR LINEAR LINEAR LINEAR LINEAR LINEAR LINEAR LINEAR LINEAR LINEAR LINEAR
LINEAR LINEAR LINEAR LINEAR LINEAR LINEAR LINEAR LINEAR LINEAR LINEAR LINEAR LINEAR
LINEAR LINEAR LINEAR LINEAR LINEAR LINEAR LINEAR LINEAR LINEAR LINEAR LINEAR LINEAR
LINEAR LINEAR LINEAR LINEAR LINEAR LINEAR LINEAR LINEAR LINEAR LINEAR LINEAR LINEAR
LINEAR LINEAR LINEAR LINEAR LINEAR LINEAR LINEAR LINEAR LINEAR LINEAR LINEAR LINEAR
LINEAR LINEAR LINEAR LINEAR LINEAR LINEAR LINEAR LINEAR LINEAR LINEAR LINEAR LINEAR
LINEAR LINEAR LINEAR LINEAR LINEAR LINEAR LINEAR LINEAR LINEAR LINEAR LINEAR LINEAR
LINEAR LINEAR LINEAR LINEAR LINEAR LINEAR LINEAR LINEAR LINEAR LINEAR LINEAR LINEAR
LINEAR LINEAR</Name_array><technique_common><accessor source="#mixamorig_Hips-Interpolations-array" count="97"><param type="name"/></accessor></technique_common></source><sampler id="mixamorig_Hips-Matrix-animation-transform"><input semantic="INPUT" source="#mixamorig_Hips-Matrix-animation-input"/><input semantic="OUTPUT" source="#mixamorig_Hips-Matrix-animation-output-transform"/><input semantic="INTERPOLATION" source="#mixamorig_Hips-Interpolations"/></sampler><channel source="#mixamorig_Hips-Matrix-animation-transform" target="mixamorig_Hips/matrix"/></animation>
    <animation id="mixamorig_Spine-anim" name="mixamorig_Spine"><source id="mixamorig_Spine-Matrix-animation-input"><float_array id="mixamorig_Spine-Matrix-animation-input-array" count="97">

0.000000 0.033333 0.066667 0.100000 0.133333 0.166667 0.200000 0.233333 0.266667 0.300000 0.333333 0.366667 0.400000 0.433333 0.466667 0.500000
0.533333 0.566667 0.600000 0.633333 0.666667 0.700000 0.733333 0.766667 0.800000 0.833333 0.866667 0.900000 0.933333 0.966667 1.000000 1.033333
1.066667 1.100000 1.133333 1.166667 1.200000 1.233333 1.266667 1.300000 1.333333 1.366667 1.400000 1.433333 1.466667 1.500000 1.533333 1.566667
1.600000 1.633333 1.666667 1.700000 1.733333 1.766667 1.800000 1.833333 1.866667 1.900000 1.933333 1.966667 2.000000 2.033333 2.066667 2.100000
2.133333 2.166667 2.200000 2.233333 2.266667 2.300000 2.333333 2.366667 2.400000 2.433333 2.466667 2.500000 2.533333 2.566667 2.600000 2.633333
2.666667 2.700000 2.733333 2.766667 2.800000 2.833333 2.866667 2.900000 2.933333 2.966667 3.000000 3.033333 3.066667 3.100000 3.133333 3.166667
3.200000</float_array><technique_common><accessor source="#mixamorig_Spine-Matrix-animation-input-array" count="97"><param name="TIME" type="float"/></accessor></technique_common></source><source id="mixamorig_Spine-Matrix-animation-output-transform"><float_array id="mixamorig_Spine-Matrix-animation-output-transform-array" count="1552">

0.999063 -0.043201 0.002485 0.000000 0.042278 0.986739 0.156710 10.246200 -0.009222 -0.156458 0.987642 -1.819800 0.000000 0.000000 0.000000 1.000000
0.999143 -0.041296 0.002727 -0.000000 0.040363 0.986883 0.156309 10.246200 -0.009146 -0.156065 0.987704 -1.819800 0.000000 0.000000 0.000000 1.000000
0.999235 -0.039012 0.002701 0.000000 0.038137 0.987438 0.153332 10.246200 -0.008649 -0.153112 0.988171 -1.819800 0.000000 0.000000 0.000000 1.000000
0.999340 -0.036305 0.001314 -0.000000 0.035715 0.988431 0.147408 10.246200 -0.006651 -0.147263 0.989075 -1.819800 0.000000 0.000000 0.000000 1.000000
0.999388 -0.034956 -0.000993 0.000000 0.034745 0.989343 0.141398 10.246200 -0.003961 -0.141346 0.989952 -1.819800 0.000000 0.000000 0.000000 1.000000
0.999331 -0.036506 -0.002094 0.000000 0.036453 0.990118 0.135418 10.246200 -0.002870 -0.135403 0.990786 -1.819800 0.000000 0.000000 0.000000 1.000000
0.999149 -0.041154 -0.002678 0.000000 0.041159 0.990948 0.127779 10.246200 -0.002605 -0.127781 0.991799 -1.819800 0.000000 0.000000 0.000000 1.000000
0.998950 -0.045684 -0.003536 0.000000 0.045775 0.991536 0.121499 10.246200 -0.002044 -0.121533 0.992585 -1.819800 0.000000 0.000000 0.000000 1.000000
0.998822 -0.048207 -0.005544 0.000000 0.048525 0.991940 0.117047 10.246200 -0.000143 -0.117178 0.993111 -1.819800 0.000000 0.000000 0.000000 1.000000
0.998703 -0.050468 -0.006701 -0.000000 0.050905 0.991912 0.116269 10.246200 0.000779 -0.116460 0.993195 -1.819800 0.000000 0.000000 0.000000 1.000000
0.998612 -0.052369 -0.005606 -0.000000 0.052667 0.992190 0.113072 10.246200 -0.000359 -0.113210 0.993571 -1.819800 0.000000 0.000000 0.000000 1.000000
0.998687 -0.051006 -0.004800 0.000000 0.051227 0.993093 0.105558 10.246200 -0.000617 -0.105665 0.994402 -1.819800 0.000000 0.000000 0.000000 1.000000
0.998947 -0.045420 -0.006532 0.000000 0.045855 0.993381 0.105321 10.246200 0.001705 -0.105509 0.994417 -1.819800 0.000000 0.000000 0.000000 1.000000
0.999226 -0.038375 -0.008636 0.000000 0.039111 0.992689 0.114188 10.246200 0.004191 -0.114437 0.993422 -1.819800 0.000000 0.000000 0.000000 1.000000
0.999535 -0.029924 -0.005853 0.000000 0.030427 0.991332 0.127812 10.246200 0.001977 -0.127931 0.991781 -1.819800 0.000000 0.000000 0.000000 1.000000
0.999726 -0.023397 0.000371 0.000000 0.023123 0.990183 0.137854 10.246200 -0.003593 -0.137808 0.990452 -1.819800 0.000000 0.000000 0.000000 1.000000
0.999782 -0.017913 0.010690 0.000000 0.016133 0.988836 0.148131 10.246200 -0.013225 -0.147926 0.988910 -1.819800 0.000000 0.000000 0.000000 1.000000
0.999541 -0.018484 0.024010 0.000000 0.014700 0.988698 0.149197 10.246200 -0.026497 -0.148776 0.988516 -1.819800 0.000000 0.000000 0.000000 1.000000
0.999269 -0.020227 0.032448 0.000000 0.015363 0.989503 0.143694 10.246200 -0.035014 -0.143091 0.989090 -1.819800 0.000000 0.000000 0.000000 1.000000
0.999211 -0.018102 0.035347 0.000000 0.013054 0.990324 0.138159 10.246200 -0.037506 -0.137588 0.989779 -1.819800 0.000000 0.000000 0.000000 1.000000
0.999257 -0.012931 0.036311 -0.000000 0.007810 0.990433 0.137777 10.246200 -0.037745 -0.137391 0.989798 -1.819800 0.000000 0.000000 0.000000 1.000000
0.999165 -0.004095 0.040652 0.000000 -0.001188 0.991632 0.129093 10.246200 -0.040840 -0.129033 0.990799 -1.819800 0.000000 0.000000 0.000000 1.000000
0.999003 0.006713 0.044142 0.000000 -0.011801 0.993174 0.116041 10.246200 -0.043062 -0.116446 0.992263 -1.819800 0.000000 0.000000 0.000000 1.000000
0.998833 0.015891 0.045613 0.000000 -0.020628 0.994224 0.105326 10.246200 -0.043675 -0.106144 0.993391 -1.819800 0.000000 0.000000 0.000000 1.000000
0.998704 0.021375 0.046191 0.000000 -0.025661 0.995216 0.094266 10.246200 -0.043955 -0.095330 0.994475 -1.819800 0.000000 0.000000 0.000000 1.000000
0.998604 0.026309 0.045793 -0.000000 -0.030048 0.996098 0.082977 10.246200 -0.043431 -0.084237 0.995499 -1.819800 0.000000 0.000000 0.000000 1.000000
0.998476 0.030166 0.046204 -0.000000 -0.033328 0.997043 0.069248 10.246200 -0.043979 -0.070683 0.996529 -1.819800 0.000000 0.000000 0.000000 1.000000
0.998264 0.035095 0.047305 -0.000000 -0.037663 0.997801 0.054543 10.246200 -0.045287 -0.056230 0.997390 -1.819800 0.000000 0.000000 0.000000 1.000000
0.998083 0.039891 0.047313 -0.000000 -0.041739 0.998377 0.038746 10.246200 -0.045691 -0.040647 0.998128 -1.819800 0.000000 0.000000 0.000000 1.000000
0.998141 0.043264 0.042925 0.000000 -0.044315 0.998733 0.023836 10.246200 -0.041840 -0.025694 0.998794 -1.819800 0.000000 0.000000 0.000000 1.000000
0.998332 0.044728 0.036497 -0.000000 -0.045111 0.998935 0.009736 10.246200 -0.036023 -0.011366 0.999286 -1.819800 0.000000 0.000000 0.000000 1.000000
0.998541 0.045017 0.029811 -0.000000 -0.044927 0.998983 -0.003687 10.246200 -0.029946 0.002342 0.999549 -1.819800 0.000000 0.000000 0.000000 1.000000
0.998701 0.045053 0.023812 0.000000 -0.044726 0.998900 -0.014091 10.246200 -0.024421 0.013007 0.999617 -1.819800 0.000000 0.000000 0.000000 1.000000
0.998826 0.044918 0.018151 0.000000 -0.044495 0.998743 -0.023087 10.246200 -0.019165 0.022253 0.999569 -1.819800 0.000000 0.000000 0.000000 1.000000
0.998850 0.045592 0.014860 0.000000 -0.045180 0.998613 -0.027020 10.246200 -0.016071 0.026317 0.999524 -1.819800 0.000000 0.000000 0.000000 1.000000
0.998914 0.044650 0.013343 0.000000 -0.044272 0.998642 -0.027462 10.246200 -0.014551 0.026842 0.999534 -1.819800 0.000000 0.000000 0.000000 1.000000
0.999089 0.041008 0.011816 0.000000 -0.040707 0.998865 -0.024711 10.246200 -0.012816 0.024208 0.999625 -1.819800 0.000000 0.000000 0.000000 1.000000
0.999267 0.036520 0.011448 -0.000000 -0.036315 0.999184 -0.017695 10.246200 -0.012085 0.017266 0.999778 -1.819800 0.000000 0.000000 0.000000 1.000000
0.999424 0.031431 0.012812 0.000000 -0.031344 0.999485 -0.006945 10.246200 -0.013024 0.006540 0.999894 -1.819800 0.000000 0.000000 0.000000 1.000000
0.999557 0.025780 0.014876 -0.000000 -0.025859 0.999653 0.005081 10.246200 -0.014740 -0.005463 0.999876 -1.819800 0.000000 0.000000 0.000000 1.000000
0.999654 0.021186 0.015613 -0.000000 -0.021466 0.999608 0.017973 10.246200 -0.015226 -0.018302 0.999717 -1.819800 0.000000 0.000000 0.000000 1.000000
0.999752 0.015847 0.015652 0.000000 -0.016309 0.999421 0.029859 10.246200 -0.015169 -0.030106 0.999432 -1.819800 0.000000 0.000000 0.000000 1.000000
0.999804 0.012043 0.015724 -0.000000 -0.012683 0.999068 0.041257 10.246200 -0.015212 -0.041448 0.999025 -1.819800 0.000000 0.000000 0.000000 1.000000
0.999834 0.008414 0.016135 0.000000 -0.009251 0.998576 0.052532 10.246200 -0.015670 -0.052672 0.998489 -1.819800 0.000000 0.000000 0.000000 1.000000
0.999833 0.004929 0.017604 0.000000 -0.006032 0.997983 0.063202 10.246200 -0.017257 -0.063298 0.997845 -1.819800 0.000000 0.000000 0.000000 1.000000
0.999824 0.001522 0.018706 0.000000 -0.002874 0.997368 0.072447 10.246200 -0.018547 -0.072488 0.997197 -1.819800 0.000000 0.000000 0.000000 1.000000
0.999824 -0.003352 0.018447 -0.000000 0.001882 0.996864 0.079111 10.246200 -0.018655 -0.079063 0.996695 -1.819800 0.000000 0.000000 0.000000 1.000000
0.999832 -0.007774 0.016581 0.000000 0.006357 0.996460 0.083833 10.246200 -0.017174 -0.083714 0.996342 -1.819800 0.000000 0.000000 0.000000 1.000000
0.999832 -0.011218 0.014492 0.000000 0.009910 0.996124 0.087403 10.246200 -0.015416 -0.087245 0.996068 -1.819800 0.000000 0.000000 0.000000 1.000000
0.999796 -0.014612 0.013974 0.000000 0.013294 0.995840 0.090145 10.246200 -0.015233 -0.089941 0.995831 -1.819800 0.000000 0.000000 0.000000 1.000000
0.999752 -0.016788 0.014600 0.000000 0.015408 0.995827 0.089951 10.246200 -0.016049 -0.089704 0.995839 -1.819800 0.000000 0.000000 0.000000 1.000000
0.999733 -0.016627 0.016058 -0.000000 0.015166 0.996076 0.087190 10.246200 -0.017445 -0.086923 0.996062 -1.819800 0.000000 0.000000 0.000000 1.000000
0.999724 -0.015449 0.017689 -0.000000 0.013904 0.996338 0.084370 10.246200 -0.018928 -0.084101 0.996277 -1.819800 0.000000 0.000000 0.000000 1.000000
0.999727 -0.014596 0.018228 0.000000 0.013029 0.996437 0.083323 10.246200 -0.019380 -0.083063 0.996356 -1.819800 0.000000 0.000000 0.000000 1.000000
0.999744 -0.014507 0.017335 0.000000 0.013004 0.996390 0.083890 10.246200 -0.018490 -0.083643 0.996324 -1.819800 0.000000 0.000000 0.000000 1.000000
0.999742 -0.015692 0.016438 -0.000000 0.014218 0.996173 0.086244 10.246200 -0.017729 -0.085988 0.996138 -1.819800 0.000000 0.000000 0.000000 1.000000
0.999725 -0.017404 0.015733 0.000000 0.015895 0.995686 0.091419 10.246200 -0.017256 -0.091144 0.995688 -1.819800 0.000000 0.000000 0.000000 1.000000
0.999670 -0.019659 0.016523 -0.000000 0.017961 0.995094 0.097291 10.246200 -0.018355 -0.096962 0.995119 -1.819800 0.000000 0.000000 0.000000 1.000000
0.999593 -0.021849 0.018333 -0.000000 0.019866 0.994570 0.102154 10.246200 -0.020466 -0.101748 0.994600 -1.819800 0.000000 0.000000 0.000000 1.000000
0.999561 -0.022482 0.019271 0.000000 0.020346 0.994300 0.104661 10.246200 -0.021514 -0.104223 0.994321 -1.819800 0.000000 0.000000 0.000000 1.000000
0.999579 -0.022085 0.018811 0.000000 0.019979 0.994208 0.105600 10.246200 -0.021035 -0.105180 0.994231 -1.819800 0.000000 0.000000 0.000000 1.000000
0.999594 -0.021895 0.018241 -0.000000 0.019836 0.994138 0.106284 10.246200 -0.020462 -0.105879 0.994169 -1.819800 0.000000 0.000000 0.000000 1.000000
0.999577 -0.022453 0.018490 0.000000 0.020353 0.994067 0.106852 10.246200 -0.020779 -0.106431 0.994103 -1.819800 0.000000 0.000000 0.000000 1.000000
0.999571 -0.022378 0.018869 0.000000 0.020252 0.994142 0.106165 10.246200 -0.021134 -0.105738 0.994169 -1.819800 0.000000 0.000000 0.000000 1.000000
0.999689 -0.019196 0.015896 0.000000 0.017394 0.994148 0.106620 10.246200 -0.017850 -0.106310 0.994173 -1.819800 0.000000 0.000000 0.000000 1.000000
0.999792 -0.016376 0.012196 -0.000000 0.014995 0.994270 0.105838 10.246200 -0.013860 -0.105633 0.994309 -1.819800 0.000000 0.000000 0.000000 1.000000
0.999826 -0.015533 0.010300 -0.000000 0.014324 0.993991 0.108521 10.246200 -0.011923 -0.108355 0.994041 -1.819800 0.000000 0.000000 0.000000 1.000000
0.999845 -0.014642 0.009791 0.000000 0.013464 0.993708 0.111190 10.246200 -0.011357 -0.111041 0.993751 -1.819800 0.000000 0.000000 0.000000 1.000000
0.999861 -0.013879 0.009202 -0.000000 0.012752 0.993529 0.112865 10.246200 -0.010709 -0.112732 0.993568 -1.819800 0.000000 0.000000 0.000000 1.000000
0.999838 -0.014608 0.010525 -0.000000 0.013324 0.993491 0.113124 10.246200 -0.012109 -0.112966 0.993525 -1.819800 0.000000 0.000000 0.000000 1.000000
0.999811 -0.015803 0.011338 0.000000 0.014423 0.993501 0.112908 10.246200 -0.013049 -0.112723 0.993541 -1.819800 0.000000 0.000000 0.000000 1.000000
0.999790 -0.017376 0.010822 -0.000000 0.016052 0.993549 0.112259 10.246200 -0.012703 -0.112062 0.993620 -1.819800 0.000000 0.000000 0.000000 1.000000
0.999767 -0.018892 0.010463 -0.000000 0.017618 0.993687 0.110796 10.246200 -0.012490 -0.110585 0.993788 -1.819800 0.000000 0.000000 0.000000 1.000000
0.999751 -0.019562 0.010743 -0.000000 0.018271 0.993828 0.109420 10.246200 -0.012817 -0.109196 0.993938 -1.819800 0.000000 0.000000 0.000000 1.000000
0.999727 -0.020388 0.011434 0.000000 0.019037 0.993981 0.107889 10.246200 -0.013565 -0.107642 0.994097 -1.819800 0.000000 0.000000 0.000000 1.000000
0.999704 -0.021356 0.011683 0.000000 0.020004 0.994200 0.105673 10.246200 -0.013872 -0.105408 0.994332 -1.819800 0.000000 0.000000 0.000000 1.000000
0.999669 -0.022935 0.011623 -0.000000 0.021609 0.994381 0.103633 10.246200 -0.013935 -0.103348 0.994548 -1.819800 0.000000 0.000000 0.000000 1.000000
0.999609 -0.025480 0.011502 -0.000000 0.024159 0.994367 0.103198 10.246200 -0.014067 -0.102880 0.994594 -1.819800 0.000000 0.000000 0.000000 1.000000
0.999581 -0.026978 0.010510 0.000000 0.025741 0.994246 0.103978 10.246200 -0.013254 -0.103664 0.994524 -1.819800 0.000000 0.000000 0.000000 1.000000
0.999586 -0.027313 0.009042 -0.000000 0.026207 0.994067 0.105566 10.246200 -0.011871 -0.105286 0.994371 -1.819800 0.000000 0.000000 0.000000 1.000000
0.999590 -0.027281 0.008715 0.000000 0.026184 0.993826 0.107819 10.246200 -0.011602 -0.107547 0.994132 -1.819800 0.000000 0.000000 0.000000 1.000000
0.999568 -0.027717 0.009798 0.000000 0.026472 0.993574 0.110047 10.246200 -0.012785 -0.109740 0.993878 -1.819800 0.000000 0.000000 0.000000 1.000000
0.999499 -0.029770 0.010791 0.000000 0.028358 0.993161 0.113256 10.246200 -0.014089 -0.112893 0.993507 -1.819800 0.000000 0.000000 0.000000 1.000000
0.999434 -0.032053 0.010170 0.000000 0.030658 0.992766 0.116088 10.246200 -0.013817 -0.115711 0.993187 -1.819800 0.000000 0.000000 0.000000 1.000000
0.999406 -0.033288 0.008946 0.000000 0.031986 0.992350 0.119242 10.246200 -0.012846 -0.118885 0.992825 -1.819800 0.000000 0.000000 0.000000 1.000000
0.999375 -0.034364 0.008298 -0.000000 0.033083 0.991838 0.123136 10.246200 -0.012462 -0.122784 0.992355 -1.819800 0.000000 0.000000 0.000000 1.000000
0.999342 -0.035151 0.008970 -0.000000 0.033717 0.991215 0.127888 10.246200 -0.013387 -0.127501 0.991748 -1.819800 0.000000 0.000000 0.000000 1.000000
0.999244 -0.037672 0.009622 -0.000000 0.036066 0.990514 0.132591 10.246200 -0.014526 -0.132144 0.991124 -1.819800 0.000000 0.000000 0.000000 1.000000
0.999137 -0.040456 0.009373 0.000000 0.038799 0.989865 0.136610 10.246200 -0.014805 -0.136128 0.990581 -1.819800 0.000000 0.000000 0.000000 1.000000
0.999017 -0.043308 0.009429 -0.000000 0.041566 0.989300 0.139845 10.246200 -0.015385 -0.139316 0.990128 -1.819800 0.000000 0.000000 0.000000 1.000000
0.998897 -0.046031 0.009231 0.000000 0.044220 0.988538 0.144352 10.246200 -0.015770 -0.143784 0.989483 -1.819800 0.000000 0.000000 0.000000 1.000000
0.998832 -0.047691 0.007795 0.000000 0.045990 0.987668 0.149653 10.246200 -0.014836 -0.149119 0.988708 -1.819800 0.000000 0.000000 0.000000 1.000000
0.998888 -0.046789 0.005724 -0.000000 0.045356 0.987081 0.153668 10.246200 -0.012840 -0.153238 0.988106 -1.819800 0.000000 0.000000 0.000000 1.000000
0.998933 -0.045968 0.004470 0.000000 0.044718 0.986857 0.155288 10.246200 -0.011550 -0.154923 0.987859 -1.819800 0.000000 0.000000 0.000000 1.000000
0.998959 -0.045459 0.003809 -0.000000 0.044317 0.986875 0.155284 10.246200 -0.010818 -0.154954 0.987863 -1.819800 0.000000 0.000000 0.000000 1.000000
0.999010 -0.044386 0.002962 0.000000 0.043383 0.986833 0.155813 10.246200 -0.009839 -0.155530 0.987782 -1.819800 0.000000 0.000000 0.000000 1.000000
0.999063 -0.043201 0.002485 0.000000 0.042278 0.986739 0.156710 10.246200 -0.009223 -0.156458 0.987642 -1.819800 0.000000 0.000000 0.000000 1.000000</float_array><technique_common><accessor source="#mixamorig_Spine-Matrix-animation-output-transform-array" count="97" stride="16"><param type="float4x4"/></accessor></technique_common></source><source id="mixamorig_Spine-Interpolations"><Name_array id="mixamorig_Spine-Interpolations-array" count="97">
 LINEAR LINEAR LINEAR LINEAR LINEAR LINEAR LINEAR LINEAR LINEAR LINEAR LINEAR
LINEAR LINEAR LINEAR LINEAR LINEAR LINEAR LINEAR LINEAR LINEAR LINEAR LINEAR LINEAR
LINEAR LINEAR LINEAR LINEAR LINEAR LINEAR LINEAR LINEAR LINEAR LINEAR LINEAR LINEAR
LINEAR LINEAR LINEAR LINEAR LINEAR LINEAR LINEAR LINEAR LINEAR LINEAR LINEAR LINEAR
LINEAR LINEAR LINEAR LINEAR LINEAR LINEAR LINEAR LINEAR LINEAR LINEAR LINEAR LINEAR
LINEAR LINEAR LINEAR LINEAR LINEAR LINEAR LINEAR LINEAR LINEAR LINEAR LINEAR LINEAR
LINEAR LINEAR LINEAR LINEAR LINEAR LINEAR LINEAR LINEAR LINEAR LINEAR LINEAR LINEAR
LINEAR LINEAR LINEAR LINEAR LINEAR LINEAR LINEAR LINEAR LINEAR LINEAR LINEAR LINEAR
LINEAR LINEAR</Name_array><technique_common><accessor source="#mixamorig_Spine-Interpolations-array" count="97"><param type="name"/></accessor></technique_common></source><sampler id="mixamorig_Spine-Matrix-animation-transform"><input semantic="INPUT" source="#mixamorig_Spine-Matrix-animation-input"/><input semantic="OUTPUT" source="#mixamorig_Spine-Matrix-animation-output-transform"/><input semantic="INTERPOLATION" source="#mixamorig_Spine-Interpolations"/></sampler><channel source="#mixamorig_Spine-Matrix-animation-transform" target="mixamorig_Spine/matrix"/></animation>
    <animation id="mixamorig_Spine1-anim" name="mixamorig_Spine1"><source id="mixamorig_Spine1-Matrix-animation-input"><float_array id="mixamorig_Spine1-Matrix-animation-input-array" count="97">

0.000000 0.033333 0.066667 0.100000 0.133333 0.166667 0.200000 0.233333 0.266667 0.300000 0.333333 0.366667 0.400000 0.433333 0.466667 0.500000
0.533333 0.566667 0.600000 0.633333 0.666667 0.700000 0.733333 0.766667 0.800000 0.833333 0.866667 0.900000 0.933333 0.966667 1.000000 1.033333
1.066667 1.100000 1.133333 1.166667 1.200000 1.233333 1.266667 1.300000 1.333333 1.366667 1.400000 1.433333 1.466667 1.500000 1.533333 1.566667
1.600000 1.633333 1.666667 1.700000 1.733333 1.766667 1.800000 1.833333 1.866667 1.900000 1.933333 1.966667 2.000000 2.033333 2.066667 2.100000
2.133333 2.166667 2.200000 2.233333 2.266667 2.300000 2.333333 2.366667 2.400000 2.433333 2.466667 2.500000 2.533333 2.566667 2.600000 2.633333
2.666667 2.700000 2.733333 2.766667 2.800000 2.833333 2.866667 2.900000 2.933333 2.966667 3.000000 3.033333 3.066667 3.100000 3.133333 3.166667
3.200000</float_array><technique_common><accessor source="#mixamorig_Spine1-Matrix-animation-input-array" count="97"><param name="TIME" type="float"/></accessor></technique_common></source><source id="mixamorig_Spine1-Matrix-animation-output-transform"><float_array id="mixamorig_Spine1-Matrix-animation-output-transform-array" count="1552">

0.999056 -0.040880 0.014724 0.000000 0.041346 0.998604 -0.032873 12.141000 -0.013360 0.033451 0.999351 0.000000 0.000000 0.000000 0.000000 1.000000
0.999129 -0.039038 0.014725 0.000000 0.039512 0.998661 -0.033404 12.141000 -0.013401 0.033957 0.999333 0.000000 0.000000 0.000000 0.000000 1.000000
0.999198 -0.037493 0.014070 -0.000000 0.038004 0.998556 -0.037967 12.141000 -0.012627 0.038471 0.999180 0.000000 0.000000 0.000000 0.000000 1.000000
0.999289 -0.036150 0.010665 0.000000 0.036606 0.998259 -0.046248 12.141000 -0.008974 0.046605 0.998873 0.000000 0.000000 0.000000 0.000000 1.000000
0.999348 -0.035662 0.005673 0.000000 0.035913 0.997948 -0.053018 12.141000 -0.003770 0.053187 0.998577 0.000000 0.000000 0.000000 0.000000 1.000000
0.999290 -0.037475 0.003782 0.000000 0.037634 0.997520 -0.059475 12.141000 -0.001544 0.059575 0.998223 0.000000 0.000000 0.000000 0.000000 1.000000
0.999137 -0.041361 0.003900 -0.000000 0.041530 0.996835 -0.067792 12.141000 -0.001083 0.067895 0.997692 0.000000 0.000000 0.000000 0.000000 1.000000
0.999048 -0.043442 0.004057 0.000000 0.043624 0.996232 -0.074961 12.141000 -0.000785 0.075067 0.997178 0.000000 0.000000 0.000000 0.000000 1.000000
0.999046 -0.043639 0.001500 -0.000000 0.043618 0.995820 -0.080254 12.141000 0.002008 0.080243 0.996773 0.000000 0.000000 0.000000 0.000000 1.000000
0.998997 -0.044777 0.000030 0.000000 0.044634 0.995758 -0.080455 12.141000 0.003573 0.080376 0.996758 0.000000 0.000000 0.000000 0.000000 1.000000
0.998909 -0.046625 0.002624 -0.000000 0.046681 0.995449 -0.083076 12.141000 0.001262 0.083108 0.996540 -0.000000 0.000000 0.000000 0.000000 1.000000
0.998919 -0.046331 0.003810 0.000000 0.046485 0.994715 -0.091551 12.141000 0.000451 0.091629 0.995793 -0.000000 0.000000 0.000000 0.000000 1.000000
0.999104 -0.042296 -0.001642 0.000000 0.041969 0.994931 -0.091388 12.141000 0.005499 0.091237 0.995814 0.000000 0.000000 0.000000 0.000000 1.000000
0.999295 -0.036557 -0.008570 0.000000 0.035762 0.996194 -0.079488 12.141000 0.011443 0.079125 0.996799 -0.000000 0.000000 0.000000 0.000000 1.000000
0.999664 -0.025499 -0.004555 -0.000000 0.025180 0.997883 -0.059956 12.141000 0.006075 0.059821 0.998191 -0.000000 0.000000 0.000000 0.000000 1.000000
0.999883 -0.013240 0.007612 0.000000 0.013571 0.998886 -0.045185 12.141000 -0.007005 0.045284 0.998950 0.000000 0.000000 0.000000 0.000000 1.000000
0.999590 0.000333 0.028614 -0.000000 0.000535 0.999540 -0.030308 12.141000 -0.028611 0.030311 0.999131 0.000000 0.000000 0.000000 0.000000 1.000000
0.998293 0.010130 0.057522 0.000000 -0.008649 0.999626 -0.025952 12.141000 -0.057763 0.025411 0.998007 0.000000 0.000000 0.000000 0.000000 1.000000
0.996868 0.017010 0.077236 0.000000 -0.014513 0.999357 -0.032778 12.141000 -0.077744 0.031554 0.996474 -0.000000 0.000000 0.000000 0.000000 1.000000
0.996159 0.022502 0.084620 0.000000 -0.019051 0.998962 -0.041371 12.141000 -0.085463 0.039600 0.995554 -0.000000 0.000000 0.000000 0.000000 1.000000
0.995874 0.028631 0.086113 0.000000 -0.024748 0.998643 -0.045828 12.141000 -0.087309 0.043507 0.995231 0.000000 0.000000 0.000000 0.000000 1.000000
0.994723 0.039392 0.094736 -0.000000 -0.033684 0.997562 -0.061115 12.141000 -0.096913 0.057601 0.993625 0.000000 0.000000 0.000000 0.000000 1.000000
