<?xml version="1.0" encoding="utf-8"?>
<COLLADA xmlns="http://www.collada.org/2005/11/COLLADASchema" version="1.4.1">
  <asset><contributor><author>Mixamo</author><authoring_tool>COLLADA Mixamo exporter</authoring_tool><comments></comments></contributor><created>2020-04-02T17:23:44Z</created><modified>2020-04-02T17:23:44Z</modified><revision></revision><title></title><unit meter="0.025400"/><up_axis>Y_UP</up_axis></asset>
  <library_animations>
    <animation id="mixamorig_Hips-anim" name="mixamorig_Hips"><source id="mixamorig_Hips-Matrix-animation-input"><float_array id="mixamorig_Hips-Matrix-animation-input-array" count="33">

0.000000 0.033333 0.066667 0.100000 0.133333 0.166667 0.200000 0.233333 0.266667 0.300000 0.333333 0.366667 0.400000 0.433333 0.466667 0.500000
0.533333 0.566667 0.600000 0.633333 0.666667 0.700000 0.733333 0.766667 0.800000 0.833333 0.866667 0.900000 0.933333 0.966667 1.000000 1.033333
1.066667</float_array><technique_common><accessor source="#mixamorig_Hips-Matrix-animation-input-array" count="33"><param name="TIME" type="float"/></accessor></technique_common></source><source id="mixamorig_Hips-Matrix-animation-output-transform"><float_array id="mixamorig_Hips-Matrix-animation-output-transform-array" count="528">

0.468051 -0.083498 -0.879748 0.837524 0.029618 0.996449 -0.078817 53.514153 0.883205 0.010834 0.468862 -0.746372 0.000000 0.000000 0.000000 1.000000
0.390596 0.015244 -0.920436 3.075948 -0.057982 0.998285 -0.008072 53.271889 0.918734 0.056522 0.390810 -1.019359 0.000000 0.000000 0.000000 1.000000
0.298629 0.102789 -0.948818 5.287310 -0.135607 0.988666 0.064425 52.967354 0.944686 0.109427 0.309183 -1.220357 0.000000 0.000000 0.000000 1.000000
0.183718 0.135319 -0.973620 7.449688 -0.182182 0.978007 0.101552 52.589409 0.965949 0.158719 0.204330 -1.324862 0.000000 0.000000 0.000000 1.000000
0.070545 0.115529 -0.990796 10.556839 -0.196362 0.975444 0.099758 52.214314 0.977990 0.187518 0.091498 -1.432744 0.000000 0.000000 0.000000 1.000000
0.117897 0.071504 -0.990448 14.715010 -0.143040 0.988225 0.054317 52.403023 0.982670 0.135270 0.126737 -1.665637 0.000000 0.000000 0.000000 1.000000
0.264346 0.036312 -0.963744 19.016529 -0.062218 0.997851 0.020531 52.845978 0.962419 0.054535 0.266037 -2.137531 0.000000 0.000000 0.000000 1.000000
0.357262 0.030202 -0.933516 22.458492 -0.039134 0.999083 0.017346 53.559509 0.933184 0.030335 0.358116 -2.580557 0.000000 0.000000 0.000000 1.000000
0.379985 0.006601 -0.924969 24.660839 -0.040759 0.999123 -0.009614 54.210892 0.924094 0.041354 0.379920 -2.890512 0.000000 0.000000 0.000000 1.000000
0.341300 -0.035876 -0.939270 26.786383 -0.046915 0.997376 -0.055142 54.638062 0.938783 0.062886 0.338721 -3.082234 0.000000 0.000000 0.000000 1.000000
0.275825 -0.065608 -0.958966 29.568548 -0.059047 0.994627 -0.085031 54.382706 0.959393 0.080078 0.270469 -3.555887 0.000000 0.000000 0.000000 1.000000
0.217188 -0.077650 -0.973036 32.596809 -0.078861 0.992177 -0.096780 53.740448 0.972939 0.097754 0.209365 -3.977699 0.000000 0.000000 0.000000 1.000000
0.188289 -0.081885 -0.978694 35.446316 -0.095519 0.990267 -0.101230 53.291264 0.977458 0.112544 0.178634 -4.166258 0.000000 0.000000 0.000000 1.000000
0.176129 -0.084946 -0.980695 37.928310 -0.100763 0.989480 -0.103803 53.365623 0.979196 0.117101 0.165717 -4.287233 0.000000 0.000000 0.000000 1.000000
0.167106 -0.083911 -0.982362 40.169819 -0.097296 0.990105 -0.101123 53.883556 0.981126 0.112478 0.157289 -4.350999 0.000000 0.000000 0.000000 1.000000
0.157152 -0.083325 -0.984053 42.321072 -0.094011 0.990647 -0.098897 54.432747 0.983090 0.108053 0.147849 -4.257761 0.000000 0.000000 0.000000 1.000000
0.146547 -0.086931 -0.985377 44.448887 -0.094327 0.990364 -0.101400 54.820774 0.984696 0.107807 0.136935 -3.980374 0.000000 0.000000 0.000000 1.000000
0.136347 -0.093506 -0.986238 46.554871 -0.096470 0.989551 -0.107157 55.057919 0.985953 0.109753 0.125902 -3.603189 0.000000 0.000000 0.000000 1.000000
0.128717 -0.100507 -0.986575 48.589680 -0.098421 0.988644 -0.113559 55.188591 0.986785 0.111717 0.117363 -3.204874 0.000000 0.000000 0.000000 1.000000
0.125378 -0.105608 -0.986472 50.586594 -0.098377 0.988094 -0.118285 55.218521 0.987219 0.111877 0.113496 -2.812126 0.000000 0.000000 0.000000 1.000000
0.137200 -0.105574 -0.984901 52.539837 -0.092675 0.988574 -0.118877 54.883049 0.986198 0.107586 0.125848 -2.384202 0.000000 0.000000 0.000000 1.000000
0.170401 -0.103697 -0.979903 54.461990 -0.079692 0.989739 -0.118596 54.253113 0.982147 0.098299 0.160388 -2.020166 0.000000 0.000000 0.000000 1.000000
0.212793 -0.104010 -0.971546 56.295895 -0.059868 0.991062 -0.119213 53.465176 0.975261 0.083533 0.204664 -1.677488 0.000000 0.000000 0.000000 1.000000
0.256890 -0.104632 -0.960760 57.787102 -0.041185 0.992034 -0.119050 52.777786 0.965563 0.070151 0.250534 -1.288662 0.000000 0.000000 0.000000 1.000000
0.298992 -0.102882 -0.948693 58.900547 -0.027464 0.992832 -0.116324 52.369717 0.953860 0.060835 0.294023 -0.946167 0.000000 0.000000 0.000000 1.000000
0.335872 -0.097084 -0.936891 59.904003 -0.017530 0.993857 -0.109272 52.117847 0.941744 0.053125 0.332107 -0.684573 0.000000 0.000000 0.000000 1.000000
0.367638 -0.089190 -0.925682 60.804756 -0.010351 0.994936 -0.099974 51.982841 0.929911 0.046336 0.364853 -0.488780 0.000000 0.000000 0.000000 1.000000
0.392998 -0.080553 -0.916004 61.613918 -0.005632 0.995926 -0.089998 51.941525 0.919522 0.040528 0.390943 -0.337211 0.000000 0.000000 0.000000 1.000000
0.412702 -0.072775 -0.907954 62.326935 -0.002290 0.996717 -0.080930 51.965374 0.910863 0.035479 0.411181 -0.210857 0.000000 0.000000 0.000000 1.000000
0.420698 -0.069372 -0.904544 62.887669 0.000062 0.997074 -0.076440 52.063766 0.907201 0.032101 0.419472 -0.092164 0.000000 0.000000 0.000000 1.000000
0.417996 -0.070257 -0.905728 63.267632 0.001876 0.997070 -0.076476 52.236252 0.908447 0.030268 0.416903 0.017693 0.000000 0.000000 0.000000 1.000000
0.410184 -0.073218 -0.909059 63.543919 0.003210 0.996882 -0.078842 52.449657 0.911997 0.029421 0.409140 0.114428 0.000000 0.000000 0.000000 1.000000
0.404754 -0.075397 -0.911312 63.725700 0.003953 0.996730 -0.080708 52.686871 0.914417 0.029064 0.403728 0.171168 0.000000 0.000000 0.000000 1.000000</float_array><technique_common><accessor source="#mixamorig_Hips-Matrix-animation-output-transform-array" count="33" stride="16"><param type="float4x4"/></accessor></technique_common></source><source id="mixamorig_Hips-Interpolations"><Name_array id="mixamorig_Hips-Interpolations-array" count="33">
 LINEAR LINEAR LINEAR LINEAR LINEAR LINEAR LINEAR LINEAR LINEAR LINEAR LINEAR
LINEAR LINEAR LINEAR LINEAR LINEAR LINEAR LINEAR LINEAR LINEAR LINEAR LINEAR LINEAR
LINEAR LINEAR LINEAR LINEAR LINEAR LINEAR LINEAR LINEAR LINEAR LINEAR</Name_array><technique_common><accessor source="#mixamorig_Hips-Interpolations-array" count="33"><param type="name"/></accessor></technique_common></source><sampler id="mixamorig_Hips-Matrix-animation-transform"><input semantic="INPUT" source="#mixamorig_Hips-Matrix-animation-input"/><input semantic="OUTPUT" source="#mixamorig_Hips-Matrix-animation-output-transform"/><input semantic="INTERPOLATION" source="#mixamorig_Hips-Interpolations"/></sampler><channel source="#mixamorig_Hips-Matrix-animation-transform" target="mixamorig_Hips/matrix"/></animation>
    <animation id="mixamorig_Spine-anim" name="mixamorig_Spine"><source id="mixamorig_Spine-Matrix-animation-input"><float_array id="mixamorig_Spine-Matrix-animation-input-array" count="33">

0.000000 0.033333 0.066667 0.100000 0.133333 0.166667 0.200000 0.233333 0.266667 0.300000 0.333333 0.366667 0.400000 0.433333 0.466667 0.500000
0.533333 0.566667 0.600000 0.633333 0.666667 0.700000 0.733333 0.766667 0.800000 0.833333 0.866667 0.900000 0.933333 0.966667 1.000000 1.033333
1.066667</float_array><technique_common><accessor source="#mixamorig_Spine-Matrix-animation-input-array" count="33"><param name="TIME" type="float"/></accessor></technique_common></source><source id="mixamorig_Spine-Matrix-animation-output-transform"><float_array id="mixamorig_Spine-Matrix-animation-output-transform-array" count="528">

0.997227 0.074046 0.007438 0.000000 -0.073115 0.993477 -0.087513 10.246200 -0.013870 0.086727 0.996136 -1.819800 0.000000 0.000000 0.000000 1.000000
0.998108 0.040704 0.046083 0.000000 -0.034182 0.990336 -0.134414 10.246200 -0.051108 0.132584 0.989853 -1.819800 0.000000 0.000000 0.000000 1.000000
0.998264 0.043502 0.039709 -0.000000 -0.037167 0.988247 -0.148277 10.246200 -0.045693 0.146544 0.988148 -1.819800 0.000000 0.000000 0.000000 1.000000
0.998490 0.053749 0.011377 0.000000 -0.051712 0.989392 -0.135758 10.246200 -0.018553 0.134965 0.990677 -1.819800 0.000000 0.000000 0.000000 1.000000
0.998723 0.050258 0.005053 0.000000 -0.049268 0.991308 -0.121987 10.246200 -0.011139 0.121582 0.992519 -1.819800 0.000000 0.000000 0.000000 1.000000
0.998560 0.053645 -0.000382 0.000000 -0.053423 0.993740 -0.098116 10.246200 -0.004884 0.097995 0.995175 -1.819800 0.000000 0.000000 0.000000 1.000000
0.997797 0.064071 -0.017211 0.000000 -0.065024 0.995946 -0.062157 10.246200 0.013158 0.063139 0.997918 -1.819800 0.000000 0.000000 0.000000 1.000000
0.997255 0.072707 -0.014022 0.000000 -0.073167 0.996680 -0.035717 10.246200 0.011379 0.036645 0.999264 -1.819800 0.000000 0.000000 0.000000 1.000000
0.997366 0.072517 0.001194 0.000000 -0.072479 0.997167 -0.020143 10.246200 -0.002652 0.020003 0.999796 -1.819800 0.000000 0.000000 0.000000 1.000000
0.997861 0.062517 0.019119 0.000000 -0.062191 0.997916 -0.017205 10.246200 -0.020155 0.015980 0.999669 -1.819800 0.000000 0.000000 0.000000 1.000000
0.997737 0.057619 0.034654 0.000000 -0.056592 0.997949 -0.029916 10.246200 -0.036306 0.027887 0.998952 -1.819800 0.000000 0.000000 0.000000 1.000000
0.997717 0.052380 0.042623 0.000000 -0.050090 0.997331 -0.053122 10.246200 -0.045292 0.050865 0.997678 -1.819800 0.000000 0.000000 0.000000 1.000000
0.998214 0.045675 0.038514 0.000000 -0.042803 0.996461 -0.072338 10.246200 -0.041682 0.070560 0.996636 -1.819800 0.000000 0.000000 0.000000 1.000000
0.998501 0.046706 0.028522 0.000000 -0.044172 0.995503 -0.083799 10.246200 -0.032307 0.082414 0.996074 -1.819800 0.000000 0.000000 0.000000 1.000000
0.998250 0.055725 0.019770 0.000000 -0.053609 0.994035 -0.094973 10.246200 -0.024945 0.093747 0.995284 -1.819800 0.000000 0.000000 0.000000 1.000000
0.997832 0.064288 0.014068 -0.000000 -0.062449 0.992429 -0.105754 10.246200 -0.020760 0.104646 0.994293 -1.819800 0.000000 0.000000 0.000000 1.000000
0.997585 0.068644 0.010577 -0.000000 -0.067006 0.991275 -0.113512 10.246200 -0.018277 0.112529 0.993480 -1.819800 0.000000 0.000000 0.000000 1.000000
0.997475 0.070632 0.007417 0.000000 -0.069254 0.990497 -0.118822 10.246200 -0.015739 0.118008 0.992888 -1.819800 0.000000 0.000000 0.000000 1.000000
0.997423 0.071653 0.003583 -0.000000 -0.070667 0.989857 -0.123248 10.246200 -0.012378 0.122677 0.992369 -1.819800 0.000000 0.000000 0.000000 1.000000
0.997333 0.072960 -0.001701 -0.000000 -0.072575 0.989091 -0.128185 10.246200 -0.007670 0.127966 0.991749 -1.819800 0.000000 0.000000 0.000000 1.000000
0.997185 0.074154 -0.011094 0.000000 -0.074973 0.988110 -0.134230 10.246200 0.001008 0.134683 0.990888 -1.819800 0.000000 0.000000 0.000000 1.000000
0.996920 0.074980 -0.023009 -0.000000 -0.077474 0.987124 -0.139943 10.246200 0.012219 0.141295 0.989892 -1.819800 0.000000 0.000000 0.000000 1.000000
0.996478 0.076505 -0.034344 0.000000 -0.080688 0.986264 -0.144128 10.246200 0.022846 0.146391 0.988963 -1.819800 0.000000 0.000000 0.000000 1.000000
0.996141 0.077027 -0.042064 0.000000 -0.082422 0.985721 -0.146834 10.246200 0.030153 0.149734 0.988266 -1.819800 0.000000 0.000000 0.000000 1.000000
0.996149 0.076011 -0.043703 0.000000 -0.081720 0.985511 -0.148630 10.246200 0.031773 0.151629 0.987927 -1.819800 0.000000 0.000000 0.000000 1.000000
0.996322 0.074770 -0.041851 -0.000000 -0.080299 0.985186 -0.151531 10.246200 0.029901 0.154334 0.987566 -1.819800 0.000000 0.000000 0.000000 1.000000
0.996562 0.073645 -0.037959 0.000000 -0.078671 0.984819 -0.154733 10.246200 0.025987 0.157187 0.987227 -1.819800 0.000000 0.000000 0.000000 1.000000
0.996803 0.072985 -0.032504 0.000000 -0.077217 0.984518 -0.157361 10.246200 0.020516 0.159368 0.987006 -1.819800 0.000000 0.000000 0.000000 1.000000
0.996985 0.072955 -0.026430 -0.000000 -0.076240 0.984369 -0.158758 10.246200 0.014435 0.160294 0.986964 -1.819800 0.000000 0.000000 0.000000 1.000000
0.996994 0.074643 -0.020786 0.000000 -0.076985 0.984651 -0.156636 10.246200 0.008775 0.157766 0.987438 -1.819800 0.000000 0.000000 0.000000 1.000000
0.996830 0.077965 -0.015875 -0.000000 -0.079472 0.985273 -0.151396 10.246200 0.003837 0.152177 0.988346 -1.819800 0.000000 0.000000 0.000000 1.000000
0.996589 0.081683 -0.011736 0.000000 -0.082522 0.986068 -0.144433 10.246200 -0.000225 0.144908 0.989445 -1.819800 0.000000 0.000000 0.000000 1.000000
0.996440 0.083874 -0.008566 -0.000000 -0.084255 0.986946 -0.137255 10.246200 -0.003058 0.137488 0.990499 -1.819800 0.000000 0.000000 0.000000 1.000000</float_array><technique_common><accessor source="#mixamorig_Spine-Matrix-animation-output-transform-array" count="33" stride="16"><param type="float4x4"/></accessor></technique_common></source><source id="mixamorig_Spine-Interpolations"><Name_array id="mixamorig_Spine-Interpolations-array" count="33">
 LINEAR LINEAR LINEAR LINEAR LINEAR LINEAR LINEAR LINEAR LINEAR LINEAR LINEAR
LINEAR LINEAR LINEAR LINEAR LINEAR LINEAR LINEAR LINEAR LINEAR LINEAR LINEAR LINEAR
LINEAR LINEAR LINEAR LINEAR LINEAR LINEAR LINEAR LINEAR LINEAR LINEAR</Name_array><technique_common><accessor source="#mixamorig_Spine-Interpolations-array" count="33"><param type="name"/></accessor></technique_common></source><sampler id="mixamorig_Spine-Matrix-animation-transform"><input semantic="INPUT" source="#mixamorig_Spine-Matrix-animation-input"/><input semantic="OUTPUT" source="#mixamorig_Spine-Matrix-animation-output-transform"/><input semantic="INTERPOLATION" source="#mixamorig_Spine-Interpolations"/></sampler><channel source="#mixamorig_Spine-Matrix-animation-transform" target="mixamorig_Spine/matrix"/></animation>
    <animation id="mixamorig_Spine1-anim" name="mixamorig_Spine1"><source id="mixamorig_Spine1-Matrix-animation-input"><float_array id="mixamorig_Spine1-Matrix-animation-input-array" count="33">

0.000000 0.033333 0.066667 0.100000 0.133333 0.166667 0.200000 0.233333 0.266667 0.300000 0.333333 0.366667 0.400000 0.433333 0.466667 0.500000
0.533333 0.566667 0.600000 0.633333 0.666667 0.700000 0.733333 0.766667 0.800000 0.833333 0.866667 0.900000 0.933333 0.966667 1.000000 1.033333
1.066667</float_array><technique_common><accessor source="#mixamorig_Spine1-Matrix-animation-input-array" count="33"><param name="TIME" type="float"/></accessor></technique_common></source><source id="mixamorig_Spine1-Matrix-animation-output-transform"><float_array id="mixamorig_Spine1-Matrix-animation-output-transform-array" count="528">

0.998759 0.046343 0.018227 0.000000 -0.044240 0.993751 -0.102478 12.141000 -0.022863 0.101544 0.994568 0.000000 0.000000 0.000000 0.000000 1.000000
0.997337 0.000555 0.072928 0.000000 0.006727 0.995008 -0.099566 12.141000 -0.072619 0.099792 0.992355 -0.000000 0.000000 0.000000 0.000000 1.000000
0.998052 -0.010531 0.061487 0.000000 0.015032 0.997204 -0.073204 12.141000 -0.060544 0.073986 0.995420 -0.000000 0.000000 0.000000 0.000000 1.000000
0.999842 -0.013237 0.011860 -0.000000 0.013710 0.999077 -0.040712 12.141000 -0.011310 0.040868 0.999101 -0.000000 0.000000 0.000000 0.000000 1.000000
0.999553 -0.029387 -0.005494 0.000000 0.029328 0.999515 -0.010505 12.141000 0.005800 0.010340 0.999930 0.000000 0.000000 0.000000 0.000000 1.000000
0.999662 -0.022663 -0.012753 0.000000 0.022961 0.999454 0.023748 12.141000 0.012208 -0.024032 0.999637 0.000000 0.000000 0.000000 0.000000 1.000000
0.999226 0.009522 -0.038180 0.000000 -0.007020 0.997851 0.065147 12.141000 0.038718 -0.064829 0.997145 -0.000000 0.000000 0.000000 0.000000 1.000000
0.998855 0.031453 -0.036048 0.000000 -0.027968 0.995235 0.093411 12.141000 0.038814 -0.092296 0.994975 0.000000 0.000000 0.000000 0.000000 1.000000
0.999294 0.037108 -0.005914 0.000000 -0.036290 0.993888 0.104257 12.141000 0.009747 -0.103969 0.994533 0.000000 0.000000 0.000000 0.000000 1.000000
0.998852 0.034245 0.033505 -0.000000 -0.037741 0.993213 0.110012 12.141000 -0.029510 -0.111150 0.993365 0.000000 0.000000 0.000000 0.000000 1.000000
0.997675 0.025330 0.063273 -0.000000 -0.032242 0.993327 0.110731 12.141000 -0.060046 -0.112514 0.991834 0.000000 0.000000 0.000000 0.000000 1.000000
0.996974 0.014587 0.076354 -0.000000 -0.022667 0.994102 0.106057 12.141000 -0.074357 -0.107467 0.991424 0.000000 0.000000 0.000000 0.000000 1.000000
0.997625 0.008828 0.068305 0.000000 -0.015415 0.995211 0.096522 12.141000 -0.067126 -0.097346 0.992984 0.000000 0.000000 0.000000 0.000000 1.000000
0.998564 0.009991 0.052636 0.000000 -0.014413 0.996335 0.084315 12.141000 -0.051601 -0.084952 0.995048 0.000000 0.000000 0.000000 0.000000 1.000000
0.999055 0.014279 0.041056 0.000000 -0.017146 0.997374 0.070357 12.141000 -0.039944 -0.070995 0.996677 -0.000000 0.000000 0.000000 0.000000 1.000000
0.999268 0.017928 0.033807 -0.000000 -0.019815 0.998215 0.056341 12.141000 -0.032736 -0.056970 0.997839 -0.000000 0.000000 0.000000 0.000000 1.000000
0.999364 0.020943 0.028854 0.000000 -0.022176 0.998825 0.043097 12.141000 -0.027918 -0.043709 0.998654 0.000000 0.000000 0.000000 0.000000 1.000000
0.999431 0.024084 0.023609 -0.000000 -0.024801 0.999224 0.030587 12.141000 -0.022854 -0.031156 0.999253 0.000000 0.000000 0.000000 0.000000 1.000000
0.999474 0.027549 0.017121 0.000000 -0.027873 0.999432 0.018940 12.141000 -0.016590 -0.019407 0.999674 0.000000 0.000000 0.000000 0.000000 1.000000
0.999467 0.031526 0.008479 0.000000 -0.031595 0.999467 0.008239 12.141000 -0.008214 -0.008503 0.999930 0.000000 0.000000 0.000000 0.000000 1.000000
0.999303 0.036742 -0.006549 0.000000 -0.036746 0.999325 -0.000466 12.141000 0.006527 0.000707 0.999978 0.000000 0.000000 0.000000 0.000000 1.000000
0.998772 0.042205 -0.025963 0.000000 -0.042509 0.999033 -0.011263 12.141000 0.025462 0.012353 0.999599 0.000000 0.000000 0.000000 0.000000 1.000000
0.997850 0.048677 -0.043883 -0.000000 -0.049765 0.998471 -0.024048 12.141000 0.042645 0.026180 0.998747 -0.000000 0.000000 0.000000 0.000000 1.000000
0.997024 0.052664 -0.056304 0.000000 -0.054779 0.997824 -0.036701 12.141000 0.054249 0.039677 0.997739 0.000000 0.000000 0.000000 0.000000 1.000000
0.996843 0.052094 -0.059918 -0.000000 -0.055072 0.997271 -0.049172 12.141000 0.057193 0.052317 0.996991 0.000000 0.000000 0.000000 0.000000 1.000000
0.997082 0.049408 -0.058195 0.000000 -0.053025 0.996644 -0.062356 12.141000 0.054919 0.065260 0.996356 0.000000 0.000000 0.000000 0.000000 1.000000
0.997531 0.045826 -0.053207 -0.000000 -0.049774 0.995908 -0.075426 12.141000 0.049533 0.077888 0.995731 0.000000 0.000000 0.000000 0.000000 1.000000
0.998077 0.042029 -0.045559 -0.000000 -0.045895 0.995114 -0.087421 12.141000 0.041662 0.089344 0.995129 0.000000 0.000000 0.000000 0.000000 1.000000
0.998575 0.038760 -0.036685 0.000000 -0.042187 0.994313 -0.097785 12.141000 0.032686 0.099193 0.994531 -0.000000 0.000000 0.000000 0.000000 1.000000
0.998893 0.038080 -0.027609 -0.000000 -0.040752 0.993773 -0.103707 12.141000 0.023488 0.104718 0.994225 0.000000 0.000000 0.000000 0.000000 1.000000
0.999016 0.040132 -0.018861 -0.000000 -0.041905 0.993531 -0.105544 12.141000 0.014504 0.106231 0.994236 0.000000 0.000000 0.000000 0.000000 1.000000
0.998988 0.043621 -0.010925 0.000000 -0.044527 0.993502 -0.104739 12.141000 0.006285 0.105119 0.994440 0.000000 0.000000 0.000000 0.000000 1.000000
0.998890 0.046863 -0.004738 0.000000 -0.047102 0.993612 -0.102549 12.141000 -0.000098 0.102658 0.994717 0.000000 0.000000 0.000000 0.000000 1.000000</float_array><technique_common><accessor source="#mixamorig_Spine1-Matrix-animation-output-transform-array" count="33" stride="16"><param type="float4x4"/></accessor></technique_common></source><source id="mixamorig_Spine1-Interpolations"><Name_array id="mixamorig_Spine1-Interpolations-array" count="33">
 LINEAR LINEAR LINEAR LINEAR LINEAR LINEAR LINEAR LINEAR LINEAR LINEAR LINEAR
LINEAR LINEAR LINEAR LINEAR LINEAR LINEAR LINEAR LINEAR LINEAR LINEAR LINEAR LINEAR
LINEAR LINEAR LINEAR LINEAR LINEAR LINEAR LINEAR LINEAR LINEAR LINEAR</Name_array><technique_common><accessor source="#mixamorig_Spine1-Interpolations-array" count="33"><param type="name"/></accessor></technique_common></source><sampler id="mixamorig_Spine1-Matrix-animation-transform"><input semantic="INPUT" source="#mixamorig_Spine1-Matrix-animation-input"/><input semantic="OUTPUT" source="#mixamorig_Spine1-Matrix-animation-output-transform"/><input semantic="INTERPOLATION" source="#mixamorig_Spine1-Interpolations"/></sampler><channel source="#mixamorig_Spine1-Matrix-animation-transform" target="mixamorig_Spine1/matrix"/></animation>
    <animation id="mixamorig_Spine2-anim" name="mixamorig_Spine2"><source id="mixamorig_Spine2-Matrix-animation-input"><float_array id="mixamorig_Spine2-Matrix-animation-input-array" count="33">

0.000000 0.033333 0.066667 0.100000 0.133333 0.166667 0.200000 0.233333 0.266667 0.300000 0.333333 0.366667 0.400000 0.433333 0.466667 0.500000
0.533333 0.566667 0.600000 0.633333 0.666667 0.700000 0.733333 0.766667 0.800000 0.833333 0.866667 0.900000 0.933333 0.966667 1.000000 1.033333
1.066667</float_array><technique_common><accessor source="#mixamorig_Spine2-Matrix-animation-input-array" count="33"><param name="TIME" type="float"/></accessor></technique_common></source><source id="mixamorig_Spine2-Matrix-animation-output-transform"><float_array id="mixamorig_Spine2-Matrix-animation-output-transform-array" count="528">

0.998690 0.047148 0.019863 0.000000 -0.044877 0.993729 -0.102415 13.875400 -0.024568 0.101389 0.994543 0.000000 0.000000 0.000000 0.000000 1.000000
0.997239 0.001497 0.074238 0.000000 0.005854 0.995100 -0.098697 13.875400 -0.074022 0.098859 0.992345 -0.000000 0.000000 0.000000 0.000000 1.000000
0.997979 -0.010104 0.062731 0.000000 0.014640 0.997276 -0.072287 13.875400 -0.061830 0.073060 0.995409 0.000000 0.000000 0.000000 0.000000 1.000000
0.999817 -0.013542 0.013539 0.000000 0.014077 0.999089 -0.040282 13.875400 -0.012981 0.040465 0.999097 0.000000 0.000000 0.000000 0.000000 1.000000
0.999558 -0.029554 -0.003347 0.000000 0.029518 0.999512 -0.010187 13.875400 0.003646 0.010084 0.999943 -0.000000 0.000000 0.000000 0.000000 1.000000
0.999691 -0.022380 -0.010833 0.000000 0.022635 0.999455 0.024041 13.875400 0.010289 -0.024279 0.999652 -0.000000 0.000000 0.000000 0.000000 1.000000
0.999269 0.009714 -0.036980 0.000000 -0.007282 0.997837 0.065325 13.875400 0.037534 -0.065008 0.997179 0.000000 0.000000 0.000000 0.000000 1.000000
0.998877 0.031780 -0.035138 -0.000000 -0.028368 0.995201 0.093649 13.875400 0.037946 -0.092547 0.994985 0.000000 0.000000 0.000000 0.000000 1.000000
0.999271 0.037879 -0.004822 -0.000000 -0.037169 0.993839 0.104411 13.875400 0.008748 -0.104156 0.994523 0.000000 0.000000 0.000000 0.000000 1.000000
0.998768 0.035411 0.034774 -0.000000 -0.039037 0.993185 0.109818 13.875400 -0.030649 -0.111041 0.993343 0.000000 0.000000 0.000000 0.000000 1.000000
0.997546 0.027081 0.064568 -0.000000 -0.034092 0.993337 0.110083 13.875400 -0.061157 -0.112014 0.991823 0.000000 0.000000 0.000000 0.000000 1.000000
0.996844 0.016978 0.077543 0.000000 -0.025105 0.994148 0.105067 13.875400 -0.075306 -0.106682 0.991437 -0.000000 0.000000 0.000000 0.000000 1.000000
0.997528 0.011378 0.069338 0.000000 -0.017996 0.995260 0.095573 13.875400 -0.067922 -0.096584 0.993005 0.000000 0.000000 0.000000 0.000000 1.000000
0.998494 0.012293 0.053463 0.000000 -0.016748 0.996350 0.083700 13.875400 -0.052239 -0.084469 0.995056 -0.000000 0.000000 0.000000 0.000000 1.000000
0.998997 0.016379 0.041663 -0.000000 -0.019274 0.997356 0.070071 13.875400 -0.040406 -0.070804 0.996672 0.000000 0.000000 0.000000 0.000000 1.000000
0.999215 0.019921 0.034245 -0.000000 -0.021829 0.998177 0.056273 13.875400 -0.033062 -0.056977 0.997828 0.000000 0.000000 0.000000 0.000000 1.000000
0.999313 0.022838 0.029178 0.000000 -0.024085 0.998779 0.043123 13.875400 -0.028158 -0.043797 0.998644 -0.000000 0.000000 0.000000 0.000000 1.000000
0.999382 0.025835 0.023842 0.000000 -0.026561 0.999177 0.030660 13.875400 -0.023030 -0.031274 0.999245 0.000000 0.000000 0.000000 0.000000 1.000000
0.999427 0.029105 0.017271 -0.000000 -0.029432 0.999386 0.019034 13.875400 -0.016706 -0.019531 0.999670 0.000000 0.000000 0.000000 0.000000 1.000000
0.999425 0.032823 0.008537 0.000000 -0.032895 0.999424 0.008357 13.875400 -0.008258 -0.008633 0.999929 -0.000000 0.000000 0.000000 0.000000 1.000000
0.999271 0.037593 -0.006581 0.000000 -0.037596 0.999293 -0.000336 13.875400 0.006564 0.000583 0.999978 0.000000 0.000000 0.000000 0.000000 1.000000
0.998760 0.042462 -0.026005 -0.000000 -0.042764 0.999023 -0.011176 13.875400 0.025505 0.012274 0.999599 -0.000000 0.000000 0.000000 0.000000 1.000000
0.997864 0.048387 -0.043892 0.000000 -0.049475 0.998486 -0.024059 13.875400 0.042661 0.026179 0.998747 0.000000 0.000000 0.000000 0.000000 1.000000
0.997065 0.052002 -0.056194 0.000000 -0.054117 0.997856 -0.036807 13.875400 0.054160 0.039740 0.997741 0.000000 0.000000 0.000000 0.000000 1.000000
0.996904 0.051325 -0.059574 -0.000000 -0.054293 0.997306 -0.049325 13.875400 0.056882 0.052407 0.997004 0.000000 0.000000 0.000000 0.000000 1.000000
0.997153 0.048667 -0.057598 -0.000000 -0.052255 0.996675 -0.062522 13.875400 0.054364 0.065353 0.996380 0.000000 0.000000 0.000000 0.000000 1.000000
0.997605 0.045196 -0.052357 0.000000 -0.049087 0.995931 -0.075582 13.875400 0.048728 0.077971 0.995764 0.000000 0.000000 0.000000 0.000000 1.000000
0.998145 0.041580 -0.044464 -0.000000 -0.045354 0.995127 -0.087550 13.875400 0.040607 0.089404 0.995167 0.000000 0.000000 0.000000 0.000000 1.000000
0.998632 0.038525 -0.035364 0.000000 -0.041825 0.994319 -0.097882 13.875400 0.031392 0.099227 0.994569 0.000000 0.000000 0.000000 0.000000 1.000000
0.998933 0.038070 -0.026134 0.000000 -0.040588 0.993772 -0.103777 13.875400 0.022020 0.104727 0.994257 0.000000 0.000000 0.000000 0.000000 1.000000
0.999036 0.040338 -0.017305 0.000000 -0.041945 0.993524 -0.105594 13.875400 0.012934 0.106218 0.994259 -0.000000 0.000000 0.000000 0.000000 1.000000
0.998987 0.044017 -0.009356 -0.000000 -0.044756 0.993488 -0.104775 13.875400 0.004683 0.105087 0.994452 0.000000 0.000000 0.000000 0.000000 1.000000
0.998871 0.047389 -0.003219 0.000000 -0.047469 0.993593 -0.102568 13.875400 -0.001662 0.102605 0.994721 0.000000 0.000000 0.000000 0.000000 1.000000</float_array><technique_common><accessor source="#mixamorig_Spine2-Matrix-animation-output-transform-array" count="33" stride="16"><param type="float4x4"/></accessor></technique_common></source><source id="mixamorig_Spine2-Interpolations"><Name_array id="mixamorig_Spine2-Interpolations-array" count="33">
 LINEAR LINEAR LINEAR LINEAR LINEAR LINEAR LINEAR LINEAR LINEAR LINEAR LINEAR
LINEAR LINEAR LINEAR LINEAR LINEAR LINEAR LINEAR LINEAR LINEAR LINEAR LINEAR LINEAR
LINEAR LINEAR LINEAR LINEAR LINEAR LINEAR LINEAR LINEAR LINEAR LINEAR</Name_array><technique_common><accessor source="#mixamorig_Spine2-Interpolations-array" count="33"><param type="name"/></accessor></technique_common></source><sampler id="mixamorig_Spine2-Matrix-animation-transform"><input semantic="INPUT" source="#mixamorig_Spine2-Matrix-animation-input"/><input semantic="OUTPUT" source="#mixamorig_Spine2-Matrix-animation-output-transform"/><input semantic="INTERPOLATION" source="#mixamorig_Spine2-Interpolations"/></sampler><channel source="#mixamorig_Spine2-Matrix-animation-transform" target="mixamorig_Spine2/matrix"/></animation>
    <animation id="mixamorig_Neck-anim" name="mixamorig_Neck"><source id="mixamorig_Neck-Matrix-animation-input"><float_array id="mixamorig_Neck-Matrix-animation-input-array" count="33">

0.000000 0.033333 0.066667 0.100000 0.133333 0.166667 0.200000 0.233333 0.266667 0.300000 0.333333 0.366667 0.400000 0.433333 0.466667 0.500000
0.533333 0.566667 0.600000 0.633333 0.666667 0.700000 0.733333 0.766667 0.800000 0.833333 0.866667 0.900000 0.933333 0.966667 1.000000 1.033333
1.066667</float_array><technique_common><accessor source="#mixamorig_Neck-Matrix-animation-input-array" count="33"><param name="TIME" type="float"/></accessor></technique_common></source><source id="mixamorig_Neck-Matrix-animation-output-transform"><float_array id="mixamorig_Neck-Matrix-animation-output-transform-array" count="528">

0.997548 -0.065339 0.025080 -0.000000 0.067754 0.991385 -0.112096 15.609900 -0.017540 0.113521 0.993381 -0.000000 0.000000 0.000000 0.000000 1.000000
0.997895 -0.062914 0.015750 -0.000000 0.064795 0.956667 -0.283884 15.609900 0.002793 0.284307 0.958729 0.000000 0.000000 0.000000 0.000000 1.000000
0.999478 0.009526 0.030871 -0.000000 0.004758 0.901728 -0.432279 15.609900 -0.031955 0.432200 0.901211 0.000000 0.000000 0.000000 0.000000 1.000000
0.993196 0.062230 0.098435 -0.000000 -0.015970 0.910050 -0.414192 15.609900 -0.115356 0.409801 0.904851 0.000000 0.000000 0.000000 0.000000 1.000000
0.975883 0.102846 0.192549 0.000000 -0.048339 0.961975 -0.268825 15.609900 -0.212875 0.253034 0.943747 -0.000000 0.000000 0.000000 0.000000 1.000000
0.951424 0.132664 0.277834 0.000000 -0.111064 0.989531 -0.092164 15.609900 -0.287152 0.056830 0.956198 0.000000 0.000000 0.000000 0.000000 1.000000
0.931512 0.130296 0.339570 -0.000000 -0.162430 0.984384 0.067863 15.609900 -0.325425 -0.118372 0.938129 0.000000 0.000000 0.000000 0.000000 1.000000
0.929070 0.057868 0.365349 0.000000 -0.139846 0.969331 0.202090 15.609900 -0.342450 -0.238848 0.908669 -0.000000 0.000000 0.000000 0.000000 1.000000
0.926684 -0.013168 0.375611 0.000000 -0.136687 0.919143 0.369449 15.609900 -0.350105 -0.393703 0.849955 -0.000000 0.000000 0.000000 0.000000 1.000000
0.924386 -0.070521 0.374882 -0.000000 -0.131341 0.863831 0.486360 15.609900 -0.358133 -0.498822 0.789251 0.000000 0.000000 0.000000 0.000000 1.000000
0.921384 -0.104381 0.374375 -0.000000 -0.115236 0.846574 0.519646 15.609900 -0.371178 -0.521935 0.767991 0.000000 0.000000 0.000000 0.000000 1.000000
0.917196 -0.145865 0.370775 0.000000 -0.070180 0.856884 0.510710 15.609900 -0.392206 -0.494442 0.775694 -0.000000 0.000000 0.000000 0.000000 1.000000
0.915286 -0.164375 0.367740 0.000000 -0.029476 0.883169 0.468129 15.609900 -0.401724 -0.439311 0.803507 -0.000000 0.000000 0.000000 0.000000 1.000000
0.917455 -0.145117 0.370429 0.000000 -0.030668 0.902533 0.429527 15.609900 -0.396656 -0.405432 0.823583 0.000000 0.000000 0.000000 0.000000 1.000000
0.919872 -0.099467 0.379397 0.000000 -0.052609 0.927278 0.370660 15.609900 -0.388675 -0.360919 0.847744 -0.000000 0.000000 0.000000 0.000000 1.000000
0.918330 -0.051179 0.392492 -0.000000 -0.070895 0.954302 0.290313 15.609900 -0.389414 -0.294429 0.872736 0.000000 0.000000 0.000000 0.000000 1.000000
0.910966 -0.011919 0.412309 -0.000000 -0.083187 0.973735 0.211943 15.609900 -0.404006 -0.227371 0.886048 0.000000 0.000000 0.000000 0.000000 1.000000
0.900126 0.019816 0.435179 0.000000 -0.091578 0.985250 0.144556 15.609900 -0.425895 -0.169971 0.888664 0.000000 0.000000 0.000000 0.000000 1.000000
0.887229 0.049359 0.458680 0.000000 -0.095665 0.992332 0.078260 15.609900 -0.451300 -0.113315 0.885148 0.000000 0.000000 0.000000 0.000000 1.000000
0.873427 0.081771 0.480041 -0.000000 -0.095540 0.995416 0.004273 15.609900 -0.477491 -0.049595 0.877236 0.000000 0.000000 0.000000 0.000000 1.000000
0.859511 0.119754 0.496890 0.000000 -0.089791 0.992424 -0.083862 15.609900 -0.503168 0.027464 0.863752 -0.000000 0.000000 0.000000 0.000000 1.000000
0.848773 0.148559 0.507459 0.000000 -0.079396 0.984647 -0.155458 15.609900 -0.522763 0.091658 0.847536 0.000000 0.000000 0.000000 0.000000 1.000000
0.846307 0.165494 0.506336 0.000000 -0.064877 0.975463 -0.210388 15.609900 -0.528730 0.145203 0.836278 0.000000 0.000000 0.000000 0.000000 1.000000
0.853679 0.175115 0.490476 0.000000 -0.049003 0.964606 -0.259104 15.609900 -0.518489 0.197157 0.832045 0.000000 0.000000 0.000000 0.000000 1.000000
0.868639 0.177006 0.462747 0.000000 -0.035948 0.954058 -0.297459 15.609900 -0.494139 0.241750 0.835095 0.000000 0.000000 0.000000 0.000000 1.000000
0.885847 0.175458 0.429523 0.000000 -0.026941 0.943630 -0.329905 15.609900 -0.463195 0.280673 0.840638 0.000000 0.000000 0.000000 0.000000 1.000000
0.902137 0.170015 0.396539 -0.000000 -0.021085 0.935361 -0.353064 15.609900 -0.430933 0.310152 0.847409 -0.000000 0.000000 0.000000 0.000000 1.000000
0.918746 0.154089 0.363540 0.000000 -0.013999 0.932842 -0.360013 15.609900 -0.394600 0.325671 0.859203 -0.000000 0.000000 0.000000 0.000000 1.000000
0.933831 0.134221 0.331579 -0.000000 -0.007771 0.934329 -0.356326 15.609900 -0.357630 0.330172 0.873549 0.000000 0.000000 0.000000 0.000000 1.000000
0.942628 0.124495 0.309763 -0.000000 -0.011816 0.939725 -0.341726 15.609900 -0.333635 0.318460 0.887283 0.000000 0.000000 0.000000 0.000000 1.000000
0.951342 0.111770 0.287151 0.000000 -0.013415 0.946035 -0.323786 15.609900 -0.307844 0.304179 0.901503 0.000000 0.000000 0.000000 0.000000 1.000000
0.959546 0.097860 0.263998 0.000000 -0.013234 0.952293 -0.304898 15.609900 -0.281241 0.289070 0.915064 0.000000 0.000000 0.000000 0.000000 1.000000
0.967066 0.083079 0.240584 0.000000 -0.011331 0.958344 -0.285391 15.609900 -0.254273 0.273266 0.927724 0.000000 0.000000 0.000000 0.000000 1.000000</float_array><technique_common><accessor source="#mixamorig_Neck-Matrix-animation-output-transform-array" count="33" stride="16"><param type="float4x4"/></accessor></technique_common></source><source id="mixamorig_Neck-Interpolations"><Name_array id="mixamorig_Neck-Interpolations-array" count="33">
 LINEAR LINEAR LINEAR LINEAR LINEAR LINEAR LINEAR LINEAR LINEAR LINEAR LINEAR
LINEAR LINEAR LINEAR LINEAR LINEAR LINEAR LINEAR LINEAR LINEAR LINEAR LINEAR LINEAR
LINEAR LINEAR LINEAR LINEAR LINEAR LINEAR LINEAR LINEAR LINEAR LINEAR</Name_array><technique_common><accessor source="#mixamorig_Neck-Interpolations-array" count="33"><param type="name"/></accessor></technique_common></source><sampler id="mixamorig_Neck-Matrix-animation-transform"><input semantic="INPUT" source="#mixamorig_Neck-Matrix-animation-input"/><input semantic="OUTPUT" source="#mixamorig_Neck-Matrix-animation-output-transform"/><input semantic="INTERPOLATION" source="#mixamorig_Neck-Interpolations"/></sampler><channel source="#mixamorig_Neck-Matrix-animation-transform" target="mixamorig_Neck/matrix"/></animation>
    <animation id="mixamorig_Head-anim" name="mixamorig_Head"><source id="mixamorig_Head-Matrix-animation-input"><float_array id="mixamorig_Head-Matrix-animation-input-array" count="33">

0.000000 0.033333 0.066667 0.100000 0.133333 0.166667 0.200000 0.233333 0.266667 0.300000 0.333333 0.366667 0.400000 0.433333 0.466667 0.500000
0.533333 0.566667 0.600000 0.633333 0.666667 0.700000 0.733333 0.766667 0.800000 0.833333 0.866667 0.900000 0.933333 0.966667 1.000000 1.033333
1.066667</float_array><technique_common><accessor source="#mixamorig_Head-Matrix-animation-input-array" count="33"><param name="TIME" type="float"/></accessor></technique_common></source><source id="mixamorig_Head-Matrix-animation-output-transform"><float_array id="mixamorig_Head-Matrix-animation-output-transform-array" count="528">

0.575400 -0.024191 0.817515 0.000000 -0.239970 0.950576 0.197028 4.682400 -0.781876 -0.309549 0.541156 0.360500 0.000000 0.000000 0.000000 1.000000
0.650217 0.040701 0.758658 0.000000 -0.215937 0.967282 0.133178 4.682400 -0.728416 -0.250417 0.637732 0.360500 0.000000 0.000000 0.000000 1.000000
0.771005 0.024026 0.636376 -0.000000 -0.121844 0.986393 0.110380 4.682400 -0.625064 -0.162642 0.763441 0.360500 0.000000 0.000000 0.000000 1.000000
0.838992 0.070775 0.539521 0.000000 -0.101888 0.994402 0.027996 4.682400 -0.534519 -0.078459 0.841506 0.360500 0.000000 0.000000 0.000000 1.000000
0.873100 0.161220 0.460113 -0.000000 -0.166500 0.985603 -0.029401 4.682400 -0.458229 -0.050939 0.887373 0.360500 0.000000 0.000000 0.000000 1.000000
0.900725 0.190116 0.390578 0.000000 -0.193378 0.980623 -0.031367 4.682400 -0.388973 -0.047277 0.920035 0.360500 0.000000 0.000000 0.000000 1.000000
0.926522 0.165514 0.337878 -0.000000 -0.166641 0.985678 -0.025889 4.682400 -0.337324 -0.032318 0.940834 0.360500 0.000000 0.000000 0.000000 1.000000
0.929314 0.159160 0.333231 0.000000 -0.168990 0.985618 0.000521 4.682400 -0.328355 -0.056797 0.942845 0.360500 0.000000 0.000000 0.000000 1.000000
0.921799 0.144244 0.359834 -0.000000 -0.167736 0.985219 0.034758 4.682400 -0.349502 -0.092397 0.932369 0.360500 0.000000 0.000000 0.000000 1.000000
0.912330 0.137107 0.385818 -0.000000 -0.176108 0.982058 0.067445 4.682400 -0.369648 -0.129478 0.920106 0.360500 0.000000 0.000000 0.000000 1.000000
0.902042 0.133825 0.410379 -0.000000 -0.199853 0.972168 0.122266 4.682400 -0.382595 -0.192304 0.903681 0.360500 0.000000 0.000000 0.000000 1.000000
0.887814 0.139037 0.438697 -0.000000 -0.239865 0.953348 0.183281 4.682400 -0.392748 -0.267948 0.879746 0.360500 0.000000 0.000000 0.000000 1.000000
0.878375 0.143995 0.455767 0.000000 -0.282068 0.925961 0.251067 4.682400 -0.385870 -0.349088 0.853957 0.360500 0.000000 0.000000 0.000000 1.000000
0.879732 0.140669 0.454185 0.000000 -0.297814 0.907661 0.295732 4.682400 -0.370646 -0.395428 0.840392 0.360500 0.000000 0.000000 0.000000 1.000000
0.885838 0.128567 0.445827 0.000000 -0.298094 0.894013 0.334486 4.682400 -0.355572 -0.429199 0.830275 0.360500 0.000000 0.000000 0.000000 1.000000
0.889191 0.114638 0.442942 0.000000 -0.299057 0.878301 0.373032 4.682400 -0.346272 -0.464162 0.815260 0.360500 0.000000 0.000000 0.000000 1.000000
0.886684 0.105012 0.450294 -0.000000 -0.302157 0.868756 0.392383 4.682400 -0.349990 -0.483979 0.802042 0.360500 0.000000 0.000000 0.000000 1.000000
0.880494 0.099476 0.463503 -0.000000 -0.306189 0.865770 0.395842 4.682400 -0.361910 -0.490456 0.792763 0.360500 0.000000 0.000000 0.000000 1.000000
0.872093 0.095231 0.479984 -0.000000 -0.311984 0.863876 0.395454 4.682400 -0.376987 -0.494620 0.783091 0.360500 0.000000 0.000000 0.000000 1.000000
0.862929 0.089754 0.497290 0.000000 -0.320685 0.857810 0.401650 4.682400 -0.390531 -0.506069 0.769012 0.360500 0.000000 0.000000 0.000000 1.000000
0.851914 0.081836 0.517249 -0.000000 -0.335897 0.843160 0.419826 4.682400 -0.401766 -0.531398 0.745788 0.360500 0.000000 0.000000 0.000000 1.000000
0.839967 0.074528 0.537496 0.000000 -0.345328 0.837476 0.423536 4.682400 -0.418574 -0.541369 0.729188 0.360500 0.000000 0.000000 0.000000 1.000000
0.831462 0.064993 0.551767 0.000000 -0.347649 0.835540 0.425456 4.682400 -0.433372 -0.545572 0.717315 0.360500 0.000000 0.000000 0.000000 1.000000
0.824538 0.064355 0.562135 0.000000 -0.357371 0.829487 0.429228 4.682400 -0.438661 -0.554806 0.706942 0.360500 0.000000 0.000000 0.000000 1.000000
0.818325 0.068822 0.570621 0.000000 -0.373045 0.818872 0.436218 4.682400 -0.437244 -0.569835 0.695777 0.360500 0.000000 0.000000 0.000000 1.000000
0.812138 0.073821 0.578776 0.000000 -0.389511 0.807149 0.443612 4.682400 -0.434410 -0.585714 0.684271 0.360500 0.000000 0.000000 0.000000 1.000000
0.804723 0.078190 0.588479 0.000000 -0.400156 0.803686 0.440414 4.682400 -0.438516 -0.589895 0.678032 0.360500 0.000000 0.000000 0.000000 1.000000
0.795578 0.082646 0.600187 0.000000 -0.398093 0.818085 0.415042 4.682400 -0.456702 -0.569128 0.683751 0.360500 0.000000 0.000000 0.000000 1.000000
0.784952 0.085716 0.613598 0.000000 -0.387398 0.840798 0.378128 4.682400 -0.483501 -0.534519 0.693193 0.360500 0.000000 0.000000 0.000000 1.000000
0.771859 0.079851 0.630759 0.000000 -0.374086 0.859222 0.348995 4.682400 -0.514094 -0.505334 0.693069 0.360500 0.000000 0.000000 0.000000 1.000000
