<?xml version="1.0" encoding="utf-8"?>
<COLLADA xmlns="http://www.collada.org/2005/11/COLLADASchema" version="1.4.1">
  <asset><contributor><author>Mixamo</author><authoring_tool>COLLADA Mixamo exporter</authoring_tool><comments></comments></contributor><created>2020-04-02T17:24:08Z</created><modified>2020-04-02T17:24:08Z</modified><revision></revision><title></title><unit meter="0.025400"/><up_axis>Y_UP</up_axis></asset>
  <library_animations>
    <animation id="mixamorig_Hips-anim" name="mixamorig_Hips"><source id="mixamorig_Hips-Matrix-animation-input"><float_array id="mixamorig_Hips-Matrix-animation-input-array" count="69">

0.000000 0.033333 0.066667 0.100000 0.133333 0.166667 0.200000 0.233333 0.266667 0.300000 0.333333 0.366667 0.400000 0.433333 0.466667 0.500000
0.533333 0.566667 0.600000 0.633333 0.666667 0.700000 0.733333 0.766667 0.800000 0.833333 0.866667 0.900000 0.933333 0.966667 1.000000 1.033333
1.066667 1.100000 1.133333 1.166667 1.200000 1.233333 1.266667 1.300000 1.333333 1.366667 1.400000 1.433333 1.466667 1.500000 1.533333 1.566667
1.600000 1.633333 1.666667 1.700000 1.733333 1.766667 1.800000 1.833333 1.866667 1.900000 1.933333 1.966667 2.000000 2.033333 2.066667 2.100000
2.133333 2.166667 2.200000 2.233333 2.266667</float_array><technique_common><accessor source="#mixamorig_Hips-Matrix-animation-input-array" count="69"><param name="TIME" type="float"/></accessor></technique_common></source><source id="mixamorig_Hips-Matrix-animation-output-transform"><float_array id="mixamorig_Hips-Matrix-animation-output-transform-array" count="1104">

0.636599 -0.130045 -0.760152 -0.589806 0.045045 0.990267 -0.131689 49.135078 0.769879 0.049592 0.636261 0.385443 0.000000 0.000000 0.000000 1.000000
0.625753 -0.118625 -0.770948 -0.557003 0.051602 0.992499 -0.110831 49.291592 0.778312 0.029571 0.627181 0.463428 0.000000 0.000000 0.000000 1.000000
0.614645 -0.106364 -0.781600 -0.501484 0.057700 0.994275 -0.089930 49.470631 0.786691 0.010176 0.617264 0.658613 0.000000 0.000000 0.000000 1.000000
0.596935 -0.089723 -0.797256 -0.402773 0.065085 0.995867 -0.063343 49.672379 0.799645 -0.014078 0.600308 0.983965 0.000000 0.000000 0.000000 1.000000
0.566296 -0.070456 -0.821185 -0.270674 0.077919 0.996454 -0.031760 49.892170 0.820510 -0.046000 0.569778 1.446334 0.000000 0.000000 0.000000 1.000000
0.528060 -0.051302 -0.847656 -0.121820 0.092155 0.995741 -0.002856 50.085579 0.844192 -0.076608 0.530538 2.057228 0.000000 0.000000 0.000000 1.000000
0.494330 -0.035610 -0.868544 0.024221 0.104666 0.994330 0.018803 50.277672 0.862950 -0.100202 0.495255 2.784039 0.000000 0.000000 0.000000 1.000000
0.481621 -0.029492 -0.875883 0.107615 0.117141 0.992632 0.030989 50.473122 0.868516 -0.117527 0.481527 3.559928 0.000000 0.000000 0.000000 1.000000
0.497364 -0.040394 -0.866601 0.097515 0.132445 0.990741 0.029833 50.689968 0.857372 -0.129615 0.498109 4.332130 0.000000 0.000000 0.000000 1.000000
0.536331 -0.045656 -0.842772 0.116403 0.146118 0.988481 0.039438 50.933388 0.831263 -0.144296 0.536824 5.029604 0.000000 0.000000 0.000000 1.000000
0.589124 -0.049112 -0.806549 0.145628 0.153108 0.986854 0.051743 51.217857 0.793405 -0.153972 0.588899 5.708473 0.000000 0.000000 0.000000 1.000000
0.652049 -0.054309 -0.756229 0.178033 0.146688 0.987622 0.055552 51.571198 0.743851 -0.147152 0.651945 6.455727 0.000000 0.000000 0.000000 1.000000
0.720055 -0.059661 -0.691348 0.237133 0.133929 0.989513 0.054098 51.961834 0.680870 -0.131545 0.720494 7.228081 0.000000 0.000000 0.000000 1.000000
0.790062 -0.064940 -0.609577 0.151424 0.118485 0.991800 0.047906 52.205383 0.601467 -0.110075 0.791278 7.822998 0.000000 0.000000 0.000000 1.000000
0.857167 -0.065403 -0.510869 0.157855 0.096689 0.994703 0.034886 52.539173 0.505881 -0.079298 0.858950 8.431290 0.000000 0.000000 0.000000 1.000000
0.915328 -0.062193 -0.397877 0.286846 0.075407 0.996997 0.017634 52.933804 0.395586 -0.046143 0.917269 8.970340 0.000000 0.000000 0.000000 1.000000
0.961188 -0.053036 -0.270750 0.524132 0.053138 0.998563 -0.006958 53.337887 0.270730 -0.007699 0.962624 9.328681 0.000000 0.000000 0.000000 1.000000
0.989101 -0.035807 -0.142819 0.863193 0.029438 0.998486 -0.046465 53.732346 0.144267 0.041755 0.988658 9.488752 0.000000 0.000000 0.000000 1.000000
0.999623 -0.014202 -0.023504 1.226241 0.011852 0.995189 -0.097253 53.956303 0.024772 0.096938 0.994982 9.318199 0.000000 0.000000 0.000000 1.000000
0.996170 0.011132 0.086726 1.536947 0.002586 0.987679 -0.156470 53.850830 -0.087399 0.156095 0.983868 8.870597 0.000000 0.000000 0.000000 1.000000
0.984943 0.038777 0.168474 1.718182 -0.004559 0.980007 -0.198910 53.323257 -0.172819 0.195147 0.965428 8.092337 0.000000 0.000000 0.000000 1.000000
0.971922 0.063936 0.226451 1.743577 -0.016133 0.978219 -0.206949 52.389153 -0.234750 0.197485 0.951784 7.074928 0.000000 0.000000 0.000000 1.000000
0.957854 0.074345 0.277466 1.562396 -0.026473 0.984663 -0.172444 51.208530 -0.286031 0.157831 0.945133 5.906126 0.000000 0.000000 0.000000 1.000000
0.950597 0.054632 0.305583 1.164685 -0.013739 0.990832 -0.134401 50.170769 -0.310124 0.123562 0.942632 5.021932 0.000000 0.000000 0.000000 1.000000
0.963904 0.033145 0.264180 0.708221 0.000097 0.992177 -0.124837 49.652344 -0.266251 0.120357 0.956360 4.755640 0.000000 0.000000 0.000000 1.000000
0.982084 0.022697 0.187071 0.239410 0.002611 0.990986 -0.133942 49.529251 -0.188425 0.132030 0.973172 4.993004 0.000000 0.000000 0.000000 1.000000
0.988173 0.031471 0.150078 -0.200466 -0.004534 0.984281 -0.176550 49.396828 -0.153275 0.173781 0.972783 5.681900 0.000000 0.000000 0.000000 1.000000
0.975078 0.046484 0.216937 -0.562685 0.000147 0.977669 -0.210149 48.901356 -0.221861 0.204943 0.953297 6.259309 0.000000 0.000000 0.000000 1.000000
0.951699 0.059901 0.301131 -0.859724 0.014376 0.971014 -0.238589 48.339760 -0.306694 0.231394 0.923252 6.735604 0.000000 0.000000 0.000000 1.000000
0.932084 0.068835 0.355643 -1.015719 0.030839 0.963137 -0.267238 47.873760 -0.360928 0.260056 0.895601 7.023410 0.000000 0.000000 0.000000 1.000000
0.912616 0.086633 0.399534 -1.053190 0.039239 0.954215 -0.296537 47.587097 -0.406931 0.286301 0.867432 7.199704 0.000000 0.000000 0.000000 1.000000
0.894916 0.108773 0.432775 -1.063040 0.041650 0.945242 -0.323701 47.428059 -0.444287 0.307710 0.841382 7.345046 0.000000 0.000000 0.000000 1.000000
0.880499 0.130695 0.455676 -1.082121 0.039726 0.937520 -0.345657 47.325943 -0.472381 0.322453 0.820293 7.476808 0.000000 0.000000 0.000000 1.000000
0.870702 0.147794 0.469079 -1.092095 0.035171 0.932625 -0.359129 47.284035 -0.490551 0.329192 0.806841 7.538435 0.000000 0.000000 0.000000 1.000000
0.873186 0.152035 0.463067 -1.079068 0.024053 0.935502 -0.352501 47.400040 -0.486793 0.318937 0.813211 7.419033 0.000000 0.000000 0.000000 1.000000
0.887453 0.148299 0.436387 -0.983091 0.004185 0.944189 -0.329379 47.681042 -0.460878 0.294135 0.837303 7.097778 0.000000 0.000000 0.000000 1.000000
0.905020 0.141372 0.401189 -0.791804 -0.015361 0.953403 -0.301310 48.042828 -0.425091 0.266529 0.865020 6.642358 0.000000 0.000000 0.000000 1.000000
0.925282 0.129849 0.356360 -0.589148 -0.031588 0.962688 -0.268762 48.462189 -0.377962 0.237424 0.894860 6.119069 0.000000 0.000000 0.000000 1.000000
0.946974 0.116932 0.299277 -0.402057 -0.043616 0.969588 -0.240823 48.928574 -0.318335 0.215000 0.923275 5.658617 0.000000 0.000000 0.000000 1.000000
0.966774 0.104779 0.233173 -0.231410 -0.053546 0.974908 -0.216074 49.431839 -0.249962 0.196409 0.948126 5.289825 0.000000 0.000000 0.000000 1.000000
0.983000 0.094616 0.157347 -0.112128 -0.064954 0.980782 -0.183977 49.953156 -0.171731 0.170629 0.970255 4.928720 0.000000 0.000000 0.000000 1.000000
0.993200 0.082584 0.082056 -0.070645 -0.069305 0.985756 -0.153235 50.428043 -0.093542 0.146506 0.984777 4.554473 0.000000 0.000000 0.000000 1.000000
0.997460 0.070808 0.007674 -0.079821 -0.069192 0.988926 -0.131291 50.830360 -0.016886 0.130427 0.991314 4.130217 0.000000 0.000000 0.000000 1.000000
0.995891 0.059134 -0.068588 -0.131019 -0.066476 0.991679 -0.110242 51.193665 0.061498 0.114349 0.991535 3.598044 0.000000 0.000000 0.000000 1.000000
0.988547 0.044229 -0.144288 -0.251065 -0.058104 0.993931 -0.093409 51.532360 0.139281 0.100723 0.985117 2.993956 0.000000 0.000000 0.000000 1.000000
0.975029 0.032502 -0.219686 -0.403241 -0.049661 0.996092 -0.073041 51.844498 0.216454 0.082127 0.972832 2.295161 0.000000 0.000000 0.000000 1.000000
0.955802 0.027894 -0.292685 -0.632715 -0.043243 0.998000 -0.046103 52.087444 0.290814 0.056722 0.955097 1.488094 0.000000 0.000000 0.000000 1.000000
0.932101 0.026232 -0.361247 -0.836461 -0.038628 0.998885 -0.027135 52.201839 0.360132 0.039247 0.932075 0.707472 0.000000 0.000000 0.000000 1.000000
0.904635 0.027234 -0.425315 -1.039410 -0.035301 0.999315 -0.011097 52.285992 0.424722 0.025053 0.904977 -0.019141 0.000000 0.000000 0.000000 1.000000
0.871934 0.030354 -0.488681 -1.249097 -0.029230 0.999523 0.009930 52.361862 0.488750 0.005626 0.872406 -0.693800 0.000000 0.000000 0.000000 1.000000
0.840420 0.031392 -0.541025 -1.452079 -0.019302 0.999421 0.028007 52.422920 0.541591 -0.013094 0.840540 -1.259054 0.000000 0.000000 0.000000 1.000000
0.810923 0.028225 -0.584472 -1.636380 -0.007310 0.999247 0.038113 52.453197 0.585108 -0.026634 0.810518 -1.685390 0.000000 0.000000 0.000000 1.000000
0.782314 0.021089 -0.622528 -1.785319 0.007413 0.999041 0.043159 52.415382 0.622841 -0.038378 0.781407 -1.997512 0.000000 0.000000 0.000000 1.000000
0.756430 0.013861 -0.653928 -1.869988 0.023318 0.998568 0.048140 52.264500 0.653659 -0.051662 0.755024 -2.218335 0.000000 0.000000 0.000000 1.000000
0.733344 0.007113 -0.679820 -1.878438 0.035676 0.998165 0.048929 52.054634 0.678921 -0.060135 0.731745 -2.307425 0.000000 0.000000 0.000000 1.000000
0.709146 -0.001044 -0.705061 -1.821439 0.046157 0.997923 0.044947 51.794262 0.703549 -0.064417 0.707721 -2.267330 0.000000 0.000000 0.000000 1.000000
0.686700 -0.012777 -0.726829 -1.725251 0.058297 0.997593 0.037542 51.497189 0.724600 -0.068152 0.685792 -2.140990 0.000000 0.000000 0.000000 1.000000
0.667912 -0.025808 -0.743793 -1.590017 0.068189 0.997317 0.026628 51.174843 0.741110 -0.068503 0.667880 -1.942700 0.000000 0.000000 0.000000 1.000000
0.652882 -0.040518 -0.756375 -1.428013 0.074132 0.997192 0.010571 50.841644 0.753823 -0.062973 0.654053 -1.692809 0.000000 0.000000 0.000000 1.000000
0.646882 -0.057118 -0.760448 -1.250424 0.077899 0.996924 -0.008615 50.511425 0.758601 -0.053665 0.649341 -1.439269 0.000000 0.000000 0.000000 1.000000
0.645113 -0.071560 -0.760729 -1.053174 0.078084 0.996567 -0.027528 50.197445 0.760087 -0.041642 0.648486 -1.209259 0.000000 0.000000 0.000000 1.000000
0.646410 -0.088752 -0.757811 -0.890606 0.078978 0.995659 -0.049240 49.910355 0.758892 -0.028021 0.650614 -1.012920 0.000000 0.000000 0.000000 1.000000
0.648368 -0.098566 -0.754920 -0.717867 0.075042 0.995029 -0.065466 49.650848 0.757620 -0.014204 0.652541 -0.834231 0.000000 0.000000 0.000000 1.000000
0.647979 -0.111018 -0.753524 -0.608574 0.070049 0.993814 -0.086183 49.420784 0.758430 0.003062 0.651747 -0.625425 0.000000 0.000000 0.000000 1.000000
0.646181 -0.121022 -0.753527 -0.543316 0.067640 0.992543 -0.101405 49.230610 0.760181 0.014558 0.649549 -0.421580 0.000000 0.000000 0.000000 1.000000
0.643482 -0.124295 -0.755303 -0.497759 0.061947 0.991948 -0.110462 49.088463 0.762951 0.024292 0.646000 -0.202466 0.000000 0.000000 0.000000 1.000000
0.640885 -0.126860 -0.757082 -0.497975 0.056379 0.991365 -0.118392 49.045673 0.765564 0.033193 0.642503 0.017470 0.000000 0.000000 0.000000 1.000000
0.638411 -0.128270 -0.758932 -0.528997 0.050688 0.990882 -0.124834 49.091049 0.768025 0.041226 0.639092 0.216020 0.000000 0.000000 0.000000 1.000000
0.636599 -0.130045 -0.760152 -0.589805 0.045045 0.990267 -0.131689 49.135071 0.769879 0.049592 0.636261 0.385451 0.000000 0.000000 0.000000 1.000000</float_array><technique_common><accessor source="#mixamorig_Hips-Matrix-animation-output-transform-array" count="69" stride="16"><param type="float4x4"/></accessor></technique_common></source><source id="mixamorig_Hips-Interpolations"><Name_array id="mixamorig_Hips-Interpolations-array" count="69">
 LINEAR LINEAR LINEAR LINEAR LINEAR LINEAR LINEAR LINEAR LINEAR LINEAR LINEAR
LINEAR LINEAR LINEAR LINEAR LINEAR LINEAR LINEAR LINEAR LINEAR LINEAR LINEAR LINEAR
LINEAR LINEAR LINEAR LINEAR LINEAR LINEAR LINEAR LINEAR LINEAR LINEAR LINEAR LINEAR
LINEAR LINEAR LINEAR LINEAR LINEAR LINEAR LINEAR LINEAR LINEAR LINEAR LINEAR LINEAR
LINEAR LINEAR LINEAR LINEAR LINEAR LINEAR LINEAR LINEAR LINEAR LINEAR LINEAR LINEAR
LINEAR LINEAR LINEAR LINEAR LINEAR LINEAR LINEAR LINEAR LINEAR LINEAR</Name_array><technique_common><accessor source="#mixamorig_Hips-Interpolations-array" count="69"><param type="name"/></accessor></technique_common></source><sampler id="mixamorig_Hips-Matrix-animation-transform"><input semantic="INPUT" source="#mixamorig_Hips-Matrix-animation-input"/><input semantic="OUTPUT" source="#mixamorig_Hips-Matrix-animation-output-transform"/><input semantic="INTERPOLATION" source="#mixamorig_Hips-Interpolations"/></sampler><channel source="#mixamorig_Hips-Matrix-animation-transform" target="mixamorig_Hips/matrix"/></animation>
    <animation id="mixamorig_Spine-anim" name="mixamorig_Spine"><source id="mixamorig_Spine-Matrix-animation-input"><float_array id="mixamorig_Spine-Matrix-animation-input-array" count="69">

0.000000 0.033333 0.066667 0.100000 0.133333 0.166667 0.200000 0.233333 0.266667 0.300000 0.333333 0.366667 0.400000 0.433333 0.466667 0.500000
0.533333 0.566667 0.600000 0.633333 0.666667 0.700000 0.733333 0.766667 0.800000 0.833333 0.866667 0.900000 0.933333 0.966667 1.000000 1.033333
1.066667 1.100000 1.133333 1.166667 1.200000 1.233333 1.266667 1.300000 1.333333 1.366667 1.400000 1.433333 1.466667 1.500000 1.533333 1.566667
1.600000 1.633333 1.666667 1.700000 1.733333 1.766667 1.800000 1.833333 1.866667 1.900000 1.933333 1.966667 2.000000 2.033333 2.066667 2.100000
2.133333 2.166667 2.200000 2.233333 2.266667</float_array><technique_common><accessor source="#mixamorig_Spine-Matrix-animation-input-array" count="69"><param name="TIME" type="float"/></accessor></technique_common></source><source id="mixamorig_Spine-Matrix-animation-output-transform"><float_array id="mixamorig_Spine-Matrix-animation-output-transform-array" count="1104">

0.998022 0.031008 0.054695 0.000000 -0.030186 0.999419 -0.015796 10.246200 -0.055153 0.014114 0.998378 -1.819800 0.000000 0.000000 0.000000 1.000000
0.998570 0.024551 0.047498 0.000000 -0.023921 0.999619 -0.013790 10.246200 -0.047818 0.012634 0.998776 -1.819800 0.000000 0.000000 0.000000 1.000000
0.999291 0.016191 0.033991 0.000000 -0.015827 0.999815 -0.010946 10.246200 -0.034162 0.010400 0.999362 -1.819800 0.000000 0.000000 0.000000 1.000000
0.999870 0.006000 0.014974 0.000000 -0.005866 0.999942 -0.008991 10.246200 -0.015027 0.008902 0.999847 -1.819800 0.000000 0.000000 0.000000 1.000000
0.999954 -0.004615 -0.008389 0.000000 0.004557 0.999966 -0.006878 10.246200 0.008421 0.006840 0.999941 -1.819800 0.000000 0.000000 0.000000 1.000000
0.999311 -0.016565 -0.033217 0.000000 0.016463 0.999859 -0.003342 10.246200 0.033268 0.002793 0.999443 -1.819800 0.000000 0.000000 0.000000 1.000000
0.997842 -0.028377 -0.059207 0.000000 0.028567 0.999589 0.002365 10.246200 0.059116 -0.004051 0.998243 -1.819800 0.000000 0.000000 0.000000 1.000000
0.995507 -0.040927 -0.085392 0.000000 0.041745 0.999098 0.007823 10.246200 0.084994 -0.011352 0.996317 -1.819800 0.000000 0.000000 0.000000 1.000000
0.993047 -0.050199 -0.106479 -0.000000 0.052043 0.998538 0.014606 10.246200 0.105590 -0.020046 0.994208 -1.819800 0.000000 0.000000 0.000000 1.000000
0.991105 -0.054598 -0.121363 0.000000 0.057441 0.998147 0.020056 10.246200 0.120044 -0.026849 0.992405 -1.819800 0.000000 0.000000 0.000000 1.000000
0.990065 -0.058163 -0.128018 0.000000 0.061860 0.997769 0.025090 10.246200 0.126274 -0.032760 0.991454 -1.819800 0.000000 0.000000 0.000000 1.000000
0.989643 -0.061079 -0.129909 -0.000000 0.065658 0.997352 0.031261 10.246200 0.127655 -0.039467 0.991033 -1.819800 0.000000 0.000000 0.000000 1.000000
0.989867 -0.061921 -0.127786 0.000000 0.067181 0.997044 0.037272 10.246200 0.125101 -0.045479 0.991101 -1.819800 0.000000 0.000000 0.000000 1.000000
0.990877 -0.058525 -0.121400 0.000000 0.064351 0.996929 0.044634 10.246200 0.118415 -0.052039 0.991600 -1.819800 0.000000 0.000000 0.000000 1.000000
0.991877 -0.054456 -0.114951 0.000000 0.060807 0.996769 0.052480 10.246200 0.111721 -0.059044 0.991984 -1.819800 0.000000 0.000000 0.000000 1.000000
0.993135 -0.049101 -0.106172 0.000000 0.055634 0.996679 0.059467 10.246200 0.102899 -0.064965 0.992568 -1.819800 0.000000 0.000000 0.000000 1.000000
0.994899 -0.042761 -0.091362 0.000000 0.048867 0.996644 0.065678 10.246200 0.088247 -0.069808 0.993649 -1.819800 0.000000 0.000000 0.000000 1.000000
0.996853 -0.035479 -0.070896 0.000000 0.040484 0.996693 0.070456 10.246200 0.068162 -0.073105 0.994992 -1.819800 0.000000 0.000000 0.000000 1.000000
0.998375 -0.027516 -0.049894 0.000000 0.030978 0.997066 0.069992 10.246200 0.047822 -0.071424 0.996299 -1.819800 0.000000 0.000000 0.000000 1.000000
0.999403 -0.019232 -0.028705 -0.000000 0.021071 0.997649 0.065205 10.246200 0.027383 -0.065771 0.997459 -1.819800 0.000000 0.000000 0.000000 1.000000
0.999903 -0.013772 -0.001982 -0.000000 0.013856 0.998589 0.051262 10.246200 0.001273 -0.051284 0.998683 -1.819800 0.000000 0.000000 0.000000 1.000000
0.999631 -0.013703 0.023443 0.000000 0.013070 0.999551 0.026951 10.246200 -0.023802 -0.026634 0.999362 -1.819800 0.000000 0.000000 0.000000 1.000000
0.999000 -0.020325 0.039813 -0.000000 0.020483 0.999784 -0.003558 10.246200 -0.039732 0.004370 0.999201 -1.819800 0.000000 0.000000 0.000000 1.000000
0.999090 -0.017940 0.038706 0.000000 0.018968 0.999473 -0.026352 10.246200 -0.038213 0.027062 0.998903 -1.819800 0.000000 0.000000 0.000000 1.000000
0.998987 -0.002359 0.044935 -0.000000 0.004186 0.999166 -0.040620 10.246200 -0.044802 0.040767 0.998164 -1.819800 0.000000 0.000000 0.000000 1.000000
0.997865 0.019302 0.062394 0.000000 -0.015705 0.998214 -0.057632 10.246200 -0.063395 0.056529 0.996386 -1.819800 0.000000 0.000000 0.000000 1.000000
0.996689 0.031223 0.075079 0.000000 -0.025961 0.997205 -0.070063 10.246200 -0.077057 0.067881 0.994713 -1.819800 0.000000 0.000000 0.000000 1.000000
0.995577 0.024733 0.090636 -0.000000 -0.017278 0.996471 -0.082139 10.246200 -0.092348 0.080209 0.992491 -1.819800 0.000000 0.000000 0.000000 1.000000
0.994466 0.016516 0.103748 0.000000 -0.006857 0.995664 -0.092773 10.246200 -0.104830 0.091549 0.990267 -1.819800 0.000000 0.000000 0.000000 1.000000
0.994190 0.015595 0.106500 0.000000 -0.005069 0.995134 -0.098403 10.246200 -0.107516 0.097292 0.989431 -1.819800 0.000000 0.000000 0.000000 1.000000
0.994092 0.014974 0.107506 0.000000 -0.003693 0.994532 -0.104370 10.246200 -0.108481 0.103356 0.988711 -1.819800 0.000000 0.000000 0.000000 1.000000
0.994131 0.014627 0.107194 -0.000000 -0.002770 0.993935 -0.109933 10.246200 -0.108152 0.108991 0.988142 -1.819800 0.000000 0.000000 0.000000 1.000000
0.994244 0.014485 0.106156 0.000000 -0.002264 0.993437 -0.114355 10.246200 -0.107116 0.113457 0.987752 -1.819800 0.000000 0.000000 0.000000 1.000000
0.994388 0.014622 0.104777 -0.000000 -0.002286 0.993141 -0.116902 10.246200 -0.105768 0.116007 0.987601 -1.819800 0.000000 0.000000 0.000000 1.000000
0.994659 0.014925 0.102128 0.000000 -0.003009 0.993263 -0.115845 10.246200 -0.103169 0.114919 0.988003 -1.819800 0.000000 0.000000 0.000000 1.000000
0.995092 0.014119 0.097940 0.000000 -0.003065 0.993691 -0.112111 10.246200 -0.098905 0.111261 0.988857 -1.819800 0.000000 0.000000 0.000000 1.000000
0.995632 0.011432 0.092661 0.000000 -0.001571 0.994386 -0.105800 10.246200 -0.093350 0.105192 0.990061 -1.819800 0.000000 0.000000 0.000000 1.000000
0.996235 0.008919 0.086230 0.000000 -0.000294 0.995036 -0.099519 10.246200 -0.086690 0.099119 0.991292 -1.819800 0.000000 0.000000 0.000000 1.000000
0.996751 0.008958 0.080041 0.000000 -0.001528 0.995720 -0.092409 10.246200 -0.080527 0.091987 0.992499 -1.819800 0.000000 0.000000 0.000000 1.000000
0.997243 0.009931 0.073544 0.000000 -0.003703 0.996430 -0.084341 10.246200 -0.074119 0.083836 0.993719 -1.819800 0.000000 0.000000 0.000000 1.000000
0.997703 0.011013 0.066841 0.000000 -0.005785 0.996944 -0.077907 10.246200 -0.067495 0.077341 0.994717 -1.819800 0.000000 0.000000 0.000000 1.000000
0.998196 0.012177 0.058787 0.000000 -0.007976 0.997432 -0.071176 10.246200 -0.059502 0.070578 0.995730 -1.819800 0.000000 0.000000 0.000000 1.000000
0.998611 0.012999 0.051061 0.000000 -0.009766 0.997962 -0.063063 10.246200 -0.051777 0.062476 0.996702 -1.819800 0.000000 0.000000 0.000000 1.000000
0.998983 0.013568 0.043001 -0.000000 -0.011120 0.998333 -0.056643 10.246200 -0.043698 0.056107 0.997468 -1.819800 0.000000 0.000000 0.000000 1.000000
0.999266 0.014004 0.035669 0.000000 -0.012185 0.998639 -0.050711 10.246200 -0.036331 0.050239 0.998076 -1.819800 0.000000 0.000000 0.000000 1.000000
0.999474 0.013520 0.029479 0.000000 -0.012102 0.998786 -0.047760 10.246200 -0.030089 0.047378 0.998424 -1.819800 0.000000 0.000000 0.000000 1.000000
0.999670 0.011629 0.022900 0.000000 -0.010542 0.998839 -0.047014 10.246200 -0.023420 0.046757 0.998632 -1.819800 0.000000 0.000000 0.000000 1.000000
0.999816 0.009273 0.016771 0.000000 -0.008491 0.998901 -0.046096 10.246200 -0.017180 0.045946 0.998796 -1.819800 0.000000 0.000000 0.000000 1.000000
0.999928 0.005912 0.010394 0.000000 -0.005443 0.998987 -0.044663 10.246200 -0.010648 0.044603 0.998948 -1.819800 0.000000 0.000000 0.000000 1.000000
0.999984 0.003788 0.004213 0.000000 -0.003601 0.999051 -0.043418 10.246200 -0.004373 0.043402 0.999048 -1.819800 0.000000 0.000000 0.000000 1.000000
0.999995 0.002337 -0.001934 0.000000 -0.002418 0.999059 -0.043315 10.246200 0.001831 0.043319 0.999060 -1.819800 0.000000 0.000000 0.000000 1.000000
0.999973 0.000580 -0.007337 0.000000 -0.000894 0.999081 -0.042862 10.246200 0.007306 0.042867 0.999054 -1.819800 0.000000 0.000000 0.000000 1.000000
0.999921 -0.005442 -0.011348 0.000000 0.004990 0.999210 -0.039439 10.246200 0.011553 0.039380 0.999158 -1.819800 0.000000 0.000000 0.000000 1.000000
0.999855 -0.003981 -0.016577 0.000000 0.003321 0.999208 -0.039655 10.246200 0.016722 0.039594 0.999076 -1.819800 0.000000 0.000000 0.000000 1.000000
0.999787 -0.002347 -0.020518 -0.000000 0.001537 0.999221 -0.039437 10.246200 0.020595 0.039397 0.999011 -1.819800 0.000000 0.000000 0.000000 1.000000
0.999774 -0.001086 -0.021246 0.000000 0.000264 0.999253 -0.038638 10.246200 0.021272 0.038623 0.999027 -1.819800 0.000000 0.000000 0.000000 1.000000
0.999809 0.002747 -0.019362 0.000000 -0.003478 0.999279 -0.037798 10.246200 0.019244 0.037858 0.999098 -1.819800 0.000000 0.000000 0.000000 1.000000
0.999876 0.004133 -0.015213 0.000000 -0.004675 0.999347 -0.035822 10.246200 0.015055 0.035889 0.999242 -1.819800 0.000000 0.000000 0.000000 1.000000
0.999933 0.005386 -0.010223 -0.000000 -0.005726 0.999422 -0.033521 10.246200 0.010036 0.033577 0.999386 -1.819800 0.000000 0.000000 0.000000 1.000000
0.999954 0.007562 -0.005844 0.000000 -0.007740 0.999487 -0.031084 10.246200 0.005606 0.031127 0.999500 -1.819800 0.000000 0.000000 0.000000 1.000000
0.999954 0.009559 0.000146 -0.000000 -0.009551 0.999520 -0.029483 10.246200 -0.000427 0.029481 0.999565 -1.819800 0.000000 0.000000 0.000000 1.000000
0.999909 0.011484 0.007088 -0.000000 -0.011283 0.999550 -0.027778 10.246200 -0.007404 0.027695 0.999589 -1.819800 0.000000 0.000000 0.000000 1.000000
0.999805 0.012820 0.015047 -0.000000 -0.012416 0.999567 -0.026688 10.246200 -0.015383 0.026496 0.999531 -1.819800 0.000000 0.000000 0.000000 1.000000
0.999606 0.014972 0.023733 -0.000000 -0.014393 0.999599 -0.024389 10.246200 -0.024088 0.024037 0.999421 -1.819800 0.000000 0.000000 0.000000 1.000000
0.999329 0.018472 0.031637 -0.000000 -0.017761 0.999586 -0.022616 10.246200 -0.032042 0.022039 0.999244 -1.819800 0.000000 0.000000 0.000000 1.000000
0.998999 0.021474 0.039234 0.000000 -0.020654 0.999562 -0.021180 10.246200 -0.039672 0.020349 0.999006 -1.819800 0.000000 0.000000 0.000000 1.000000
0.998647 0.025016 0.045596 0.000000 -0.024159 0.999523 -0.019249 10.246200 -0.046056 0.018122 0.998774 -1.819800 0.000000 0.000000 0.000000 1.000000
0.998310 0.028302 0.050752 0.000000 -0.027444 0.999470 -0.017526 10.246200 -0.051221 0.016103 0.998558 -1.819800 0.000000 0.000000 0.000000 1.000000
0.998021 0.031009 0.054696 -0.000000 -0.030186 0.999419 -0.015797 10.246200 -0.055154 0.014115 0.998378 -1.819800 0.000000 0.000000 0.000000 1.000000</float_array><technique_common><accessor source="#mixamorig_Spine-Matrix-animation-output-transform-array" count="69" stride="16"><param type="float4x4"/></accessor></technique_common></source><source id="mixamorig_Spine-Interpolations"><Name_array id="mixamorig_Spine-Interpolations-array" count="69">
 LINEAR LINEAR LINEAR LINEAR LINEAR LINEAR LINEAR LINEAR LINEAR LINEAR LINEAR
LINEAR LINEAR LINEAR LINEAR LINEAR LINEAR LINEAR LINEAR LINEAR LINEAR LINEAR LINEAR
LINEAR LINEAR LINEAR LINEAR LINEAR LINEAR LINEAR LINEAR LINEAR LINEAR LINEAR LINEAR
LINEAR LINEAR LINEAR LINEAR LINEAR LINEAR LINEAR LINEAR LINEAR LINEAR LINEAR LINEAR
LINEAR LINEAR LINEAR LINEAR LINEAR LINEAR LINEAR LINEAR LINEAR LINEAR LINEAR LINEAR
LINEAR LINEAR LINEAR LINEAR LINEAR LINEAR LINEAR LINEAR LINEAR LINEAR</Name_array><technique_common><accessor source="#mixamorig_Spine-Interpolations-array" count="69"><param type="name"/></accessor></technique_common></source><sampler id="mixamorig_Spine-Matrix-animation-transform"><input semantic="INPUT" source="#mixamorig_Spine-Matrix-animation-input"/><input semantic="OUTPUT" source="#mixamorig_Spine-Matrix-animation-output-transform"/><input semantic="INTERPOLATION" source="#mixamorig_Spine-Interpolations"/></sampler><channel source="#mixamorig_Spine-Matrix-animation-transform" target="mixamorig_Spine/matrix"/></animation>
    <animation id="mixamorig_Spine1-anim" name="mixamorig_Spine1"><source id="mixamorig_Spine1-Matrix-animation-input"><float_array id="mixamorig_Spine1-Matrix-animation-input-array" count="69">

0.000000 0.033333 0.066667 0.100000 0.133333 0.166667 0.200000 0.233333 0.266667 0.300000 0.333333 0.366667 0.400000 0.433333 0.466667 0.500000
0.533333 0.566667 0.600000 0.633333 0.666667 0.700000 0.733333 0.766667 0.800000 0.833333 0.866667 0.900000 0.933333 0.966667 1.000000 1.033333
1.066667 1.100000 1.133333 1.166667 1.200000 1.233333 1.266667 1.300000 1.333333 1.366667 1.400000 1.433333 1.466667 1.500000 1.533333 1.566667
1.600000 1.633333 1.666667 1.700000 1.733333 1.766667 1.800000 1.833333 1.866667 1.900000 1.933333 1.966667 2.000000 2.033333 2.066667 2.100000
2.133333 2.166667 2.200000 2.233333 2.266667</float_array><technique_common><accessor source="#mixamorig_Spine1-Matrix-animation-input-array" count="69"><param name="TIME" type="float"/></accessor></technique_common></source><source id="mixamorig_Spine1-Matrix-animation-output-transform"><float_array id="mixamorig_Spine1-Matrix-animation-output-transform-array" count="1104">

0.992503 0.056251 0.108510 -0.000000 -0.044815 0.993451 -0.105099 12.141000 -0.113712 0.099449 0.988524 0.000000 0.000000 0.000000 0.000000 1.000000
0.993050 0.055647 0.103704 0.000000 -0.045117 0.993837 -0.101255 12.141000 -0.108699 0.095873 0.989441 -0.000000 0.000000 0.000000 0.000000 1.000000
0.994774 0.052481 0.087586 0.000000 -0.044053 0.994452 -0.095525 12.141000 -0.092113 0.091167 0.991566 0.000000 0.000000 0.000000 0.000000 1.000000
0.997016 0.046930 0.061293 0.000000 -0.041219 0.994968 -0.091323 12.141000 -0.065270 0.088524 0.993933 0.000000 0.000000 0.000000 0.000000 1.000000
0.998767 0.041830 0.026719 0.000000 -0.039373 0.995459 -0.086667 12.141000 -0.030223 0.085508 0.995879 0.000000 0.000000 0.000000 0.000000 1.000000
0.999348 0.034452 -0.010762 -0.000000 -0.035194 0.996267 -0.078831 12.141000 0.008006 0.079158 0.996830 0.000000 0.000000 0.000000 0.000000 1.000000
0.998336 0.027202 -0.050837 0.000000 -0.030557 0.997324 -0.066417 12.141000 0.048894 0.067860 0.996496 -0.000000 0.000000 0.000000 0.000000 1.000000
0.995600 0.017768 -0.092003 0.000000 -0.022826 0.998269 -0.054212 12.141000 0.090880 0.056073 0.994282 0.000000 0.000000 0.000000 0.000000 1.000000
0.992139 0.013310 -0.124432 -0.000000 -0.018344 0.999055 -0.039401 12.141000 0.123790 0.041373 0.991446 0.000000 0.000000 0.000000 0.000000 1.000000
0.989137 0.016334 -0.146083 0.000000 -0.020553 0.999413 -0.027425 12.141000 0.145550 0.030129 0.988892 0.000000 0.000000 0.000000 0.000000 1.000000
0.987996 0.018266 -0.153399 -0.000000 -0.021046 0.999642 -0.016515 12.141000 0.153042 0.019545 0.988026 -0.000000 0.000000 0.000000 0.000000 1.000000
0.987915 0.018117 -0.153937 0.000000 -0.018901 0.999815 -0.003633 12.141000 0.153843 0.006499 0.988074 0.000000 0.000000 0.000000 0.000000 1.000000
0.988607 0.018688 -0.149356 -0.000000 -0.017606 0.999808 0.008561 12.141000 0.149487 -0.005834 0.988746 0.000000 0.000000 0.000000 0.000000 1.000000
0.990106 0.022327 -0.138532 0.000000 -0.019372 0.999556 0.022643 12.141000 0.138977 -0.019735 0.990099 0.000000 0.000000 0.000000 0.000000 1.000000
0.991376 0.027665 -0.128096 0.000000 -0.023003 0.999023 0.037733 12.141000 0.129015 -0.034461 0.991044 0.000000 0.000000 0.000000 0.000000 1.000000
0.992878 0.036482 -0.113412 0.000000 -0.030842 0.998217 0.051098 12.141000 0.115074 -0.047237 0.992233 0.000000 0.000000 0.000000 0.000000 1.000000
0.995027 0.046486 -0.088093 0.000000 -0.041039 0.997191 0.062665 12.141000 0.090758 -0.058738 0.994139 0.000000 0.000000 0.000000 0.000000 1.000000
0.996971 0.058062 -0.051738 0.000000 -0.054315 0.995989 0.071104 12.141000 0.055659 -0.068078 0.996126 0.000000 0.000000 0.000000 0.000000 1.000000
0.997454 0.069696 -0.015121 0.000000 -0.068500 0.995273 0.068846 12.141000 0.019847 -0.067634 0.997513 0.000000 0.000000 0.000000 0.000000 1.000000
0.996502 0.080882 0.021024 0.000000 -0.081977 0.994954 0.057853 12.141000 -0.016238 -0.059374 0.998104 0.000000 0.000000 0.000000 0.000000 1.000000
0.993991 0.085468 0.068394 -0.000000 -0.087605 0.995736 0.028884 12.141000 -0.065633 -0.034702 0.997240 0.000000 0.000000 0.000000 0.000000 1.000000
0.990373 0.080159 0.112855 -0.000000 -0.078453 0.996727 -0.019484 12.141000 -0.114048 0.010442 0.993420 0.000000 0.000000 0.000000 0.000000 1.000000
0.988409 0.064673 0.137347 -0.000000 -0.054228 0.995440 -0.078476 12.141000 -0.141796 0.070119 0.987409 -0.000000 0.000000 0.000000 0.000000 1.000000
0.989340 0.069787 0.127815 0.000000 -0.053874 0.990821 -0.123983 12.141000 -0.135294 0.115775 0.984018 0.000000 0.000000 0.000000 0.000000 1.000000
0.984974 0.102277 0.139164 -0.000000 -0.080379 0.984676 -0.154765 12.141000 -0.152860 0.141253 0.978101 -0.000000 0.000000 0.000000 0.000000 1.000000
0.973236 0.147721 0.176043 0.000000 -0.113214 0.974823 -0.192100 12.141000 -0.199987 0.167028 0.965457 0.000000 0.000000 0.000000 0.000000 1.000000
0.964412 0.171594 0.201160 0.000000 -0.126605 0.967608 -0.218416 12.141000 -0.232123 0.185175 0.954897 -0.000000 0.000000 0.000000 0.000000 1.000000
0.961644 0.158027 0.224205 0.000000 -0.102726 0.965368 -0.239816 12.141000 -0.254337 0.207586 0.944574 0.000000 0.000000 0.000000 0.000000 1.000000
0.960336 0.140365 0.240941 -0.000000 -0.076203 0.963282 -0.257451 12.141000 -0.268231 0.228879 0.935770 -0.000000 0.000000 0.000000 0.000000 1.000000
0.961145 0.136219 0.240092 0.000000 -0.069401 0.961070 -0.267446 12.141000 -0.267176 0.240392 0.933182 0.000000 0.000000 0.000000 0.000000 1.000000
0.962301 0.131735 0.237956 0.000000 -0.062476 0.958545 -0.278008 12.141000 -0.264715 0.252660 0.930639 -0.000000 0.000000 0.000000 0.000000 1.000000
0.963600 0.127511 0.234981 -0.000000 -0.056313 0.956017 -0.287854 12.141000 -0.261350 0.264143 0.928399 0.000000 0.000000 0.000000 0.000000 1.000000
0.964852 0.124148 0.231621 -0.000000 -0.051752 0.953880 -0.295695 12.141000 -0.257648 0.273315 0.926777 0.000000 0.000000 0.000000 0.000000 1.000000
0.965878 0.122247 0.228333 -0.000000 -0.049590 0.952578 -0.300228 12.141000 -0.254207 0.278661 0.926136 0.000000 0.000000 0.000000 0.000000 1.000000
0.966824 0.122758 0.224012 0.000000 -0.051850 0.953011 -0.298466 12.141000 -0.250124 0.276949 0.927759 0.000000 0.000000 0.000000 0.000000 1.000000
0.968059 0.122527 0.218746 0.000000 -0.054939 0.954915 -0.291751 12.141000 -0.244631 0.270414 0.931146 0.000000 0.000000 0.000000 0.000000 1.000000
0.969880 0.118601 0.212759 -0.000000 -0.055830 0.958442 -0.279772 12.141000 -0.237098 0.259467 0.936195 0.000000 0.000000 0.000000 0.000000 1.000000
0.971876 0.115213 0.205384 0.000000 -0.057395 0.961734 -0.267907 12.141000 -0.228391 0.248584 0.941299 0.000000 0.000000 0.000000 0.000000 1.000000
0.972879 0.116784 0.199672 -0.000000 -0.063525 0.964897 -0.254831 12.141000 -0.222423 0.235236 0.946146 0.000000 0.000000 0.000000 0.000000 1.000000
0.973561 0.119883 0.194442 0.000000 -0.071290 0.968158 -0.239974 12.141000 -0.217019 0.219768 0.951107 0.000000 0.000000 0.000000 0.000000 1.000000
0.974177 0.123303 0.189142 0.000000 -0.078522 0.970441 -0.228206 12.141000 -0.211690 0.207461 0.955064 0.000000 0.000000 0.000000 0.000000 1.000000
0.975400 0.126544 0.180503 0.000000 -0.086247 0.972619 -0.215809 12.141000 -0.202870 0.194932 0.959607 0.000000 0.000000 0.000000 0.000000 1.000000
0.976716 0.128444 0.171840 -0.000000 -0.092979 0.975272 -0.200500 12.141000 -0.193343 0.179853 0.964506 0.000000 0.000000 0.000000 0.000000 1.000000
0.978227 0.129740 0.161985 0.000000 -0.098415 0.977164 -0.188323 12.141000 -0.182719 0.168281 0.968656 -0.000000 0.000000 0.000000 0.000000 1.000000
0.979503 0.130945 0.153062 0.000000 -0.103189 0.978785 -0.177006 12.141000 -0.172993 0.157584 0.972235 -0.000000 0.000000 0.000000 0.000000 1.000000
0.980704 0.130319 0.145728 -0.000000 -0.104728 0.979642 -0.171269 12.141000 -0.165080 0.152702 0.974387 -0.000000 0.000000 0.000000 0.000000 1.000000
0.982469 0.127029 0.136450 0.000000 -0.103170 0.980100 -0.169590 12.141000 -0.155277 0.152539 0.976023 0.000000 0.000000 0.000000 0.000000 1.000000
0.984511 0.121012 0.126864 0.000000 -0.099010 0.980919 -0.167316 12.141000 -0.144690 0.152164 0.977707 0.000000 0.000000 0.000000 0.000000 1.000000
0.986805 0.112539 0.116411 0.000000 -0.092676 0.982123 -0.163848 12.141000 -0.132769 0.150897 0.979593 -0.000000 0.000000 0.000000 0.000000 1.000000
0.988629 0.106886 0.105774 0.000000 -0.089040 0.982924 -0.161034 12.141000 -0.121180 0.149785 0.981264 0.000000 0.000000 0.000000 0.000000 1.000000
0.990305 0.102286 0.093989 0.000000 -0.086314 0.983239 -0.160597 12.141000 -0.108840 0.150927 0.982535 0.000000 0.000000 0.000000 0.000000 1.000000
0.991955 0.096175 0.082319 0.000000 -0.082153 0.983786 -0.159422 12.141000 -0.096317 0.151377 0.983772 0.000000 0.000000 0.000000 0.000000 1.000000
0.994065 0.081002 0.072619 -0.000000 -0.069254 0.985982 -0.151802 12.141000 -0.083897 0.145871 0.985740 0.000000 0.000000 0.000000 0.000000 1.000000
0.995029 0.080327 0.058861 -0.000000 -0.070563 0.985788 -0.152455 12.141000 -0.070271 0.147544 0.986556 -0.000000 0.000000 0.000000 0.000000 1.000000
0.995720 0.079582 0.046990 0.000000 -0.071603 0.985753 -0.152200 12.141000 -0.058433 0.148184 0.987232 0.000000 0.000000 0.000000 0.000000 1.000000
0.996087 0.078202 0.041163 0.000000 -0.071185 0.986016 -0.150684 12.141000 -0.052372 0.147165 0.987725 -0.000000 0.000000 0.000000 0.000000 1.000000
0.995807 0.082235 0.040061 0.000000 -0.075409 0.985905 -0.149350 12.141000 -0.051778 0.145703 0.987973 0.000000 0.000000 0.000000 0.000000 1.000000
0.995780 0.080985 0.043172 0.000000 -0.073932 0.986598 -0.145458 12.141000 -0.054373 0.141653 0.988422 0.000000 0.000000 0.000000 0.000000 1.000000
0.995763 0.078728 0.047523 -0.000000 -0.071347 0.987451 -0.140890 12.141000 -0.058018 0.136902 0.988884 0.000000 0.000000 0.000000 0.000000 1.000000
0.995729 0.077498 0.050181 -0.000000 -0.070053 0.988211 -0.136129 12.141000 -0.060139 0.132033 0.989419 0.000000 0.000000 0.000000 0.000000 1.000000
0.995617 0.075132 0.055694 0.000000 -0.067183 0.988841 -0.132967 12.141000 -0.065062 0.128643 0.989554 -0.000000 0.000000 0.000000 0.000000 1.000000
0.995412 0.072155 0.062841 0.000000 -0.063550 0.989533 -0.129559 12.141000 -0.071532 0.124971 0.989578 -0.000000 0.000000 0.000000 0.000000 1.000000
0.995148 0.067309 0.071767 -0.000000 -0.057797 0.990186 -0.127244 12.141000 -0.079628 0.122479 0.989272 -0.000000 0.000000 0.000000 0.000000 1.000000
0.994583 0.063844 0.082033 0.000000 -0.053505 0.991016 -0.122576 12.141000 -0.089122 0.117523 0.989063 0.000000 0.000000 0.000000 0.000000 1.000000
0.993888 0.063122 0.090569 0.000000 -0.052119 0.991514 -0.119094 12.141000 -0.097318 0.113646 0.988744 0.000000 0.000000 0.000000 0.000000 1.000000
0.993260 0.061125 0.098480 -0.000000 -0.049530 0.991994 -0.116164 12.141000 -0.104792 0.110504 0.988336 -0.000000 0.000000 0.000000 0.000000 1.000000
0.992751 0.060201 0.104025 0.000000 -0.048420 0.992496 -0.112286 12.141000 -0.110004 0.106435 0.988216 -0.000000 0.000000 0.000000 0.000000 1.000000
0.992481 0.058789 0.107354 -0.000000 -0.047054 0.992955 -0.108752 12.141000 -0.112991 0.102883 0.988255 0.000000 0.000000 0.000000 0.000000 1.000000
0.992497 0.056365 0.108502 -0.000000 -0.044928 0.993445 -0.105112 12.141000 -0.113716 0.099449 0.988524 -0.000000 0.000000 0.000000 0.000000 1.000000</float_array><technique_common><accessor source="#mixamorig_Spine1-Matrix-animation-output-transform-array" count="69" stride="16"><param type="float4x4"/></accessor></technique_common></source><source id="mixamorig_Spine1-Interpolations"><Name_array id="mixamorig_Spine1-Interpolations-array" count="69">
 LINEAR LINEAR LINEAR LINEAR LINEAR LINEAR LINEAR LINEAR LINEAR LINEAR LINEAR
LINEAR LINEAR LINEAR LINEAR LINEAR LINEAR LINEAR LINEAR LINEAR LINEAR LINEAR LINEAR
LINEAR LINEAR LINEAR LINEAR LINEAR LINEAR LINEAR LINEAR LINEAR LINEAR LINEAR LINEAR
LINEAR LINEAR LINEAR LINEAR LINEAR LINEAR LINEAR LINEAR LINEAR LINEAR LINEAR LINEAR
LINEAR LINEAR LINEAR LINEAR LINEAR LINEAR LINEAR LINEAR LINEAR LINEAR LINEAR LINEAR
LINEAR LINEAR LINEAR LINEAR LINEAR LINEAR LINEAR LINEAR LINEAR LINEAR</Name_array><technique_common><accessor source="#mixamorig_Spine1-Interpolations-array" count="69"><param type="name"/></accessor></technique_common></source><sampler id="mixamorig_Spine1-Matrix-animation-transform"><input semantic="INPUT" source="#mixamorig_Spine1-Matrix-animation-input"/><input semantic="OUTPUT" source="#mixamorig_Spine1-Matrix-animation-output-transform"/><input semantic="INTERPOLATION" source="#mixamorig_Spine1-Interpolations"/></sampler><channel source="#mixamorig_Spine1-Matrix-animation-transform" target="mixamorig_Spine1/matrix"/></animation>
    <animation id="mixamorig_Spine2-anim" name="mixamorig_Spine2"><source id="mixamorig_Spine2-Matrix-animation-input"><float_array id="mixamorig_Spine2-Matrix-animation-input-array" count="69">

0.000000 0.033333 0.066667 0.100000 0.133333 0.166667 0.200000 0.233333 0.266667 0.300000 0.333333 0.366667 0.400000 0.433333 0.466667 0.500000
0.533333 0.566667 0.600000 0.633333 0.666667 0.700000 0.733333 0.766667 0.800000 0.833333 0.866667 0.900000 0.933333 0.966667 1.000000 1.033333
1.066667 1.100000 1.133333 1.166667 1.200000 1.233333 1.266667 1.300000 1.333333 1.366667 1.400000 1.433333 1.466667 1.500000 1.533333 1.566667
1.600000 1.633333 1.666667 1.700000 1.733333 1.766667 1.800000 1.833333 1.866667 1.900000 1.933333 1.966667 2.000000 2.033333 2.066667 2.100000
2.133333 2.166667 2.200000 2.233333 2.266667</float_array><technique_common><accessor source="#mixamorig_Spine2-Matrix-animation-input-array" count="69"><param name="TIME" type="float"/></accessor></technique_common></source><source id="mixamorig_Spine2-Matrix-animation-output-transform"><float_array id="mixamorig_Spine2-Matrix-animation-output-transform-array" count="1104">

