<?xml version="1.0" encoding="utf-8"?>
<COLLADA xmlns="http://www.collada.org/2005/11/COLLADASchema" version="1.4.1">
  <asset><contributor><author>Mixamo</author><authoring_tool>COLLADA Mixamo exporter</authoring_tool><comments></comments></contributor><created>2020-04-10T15:24:03Z</created><modified>2020-04-10T15:24:03Z</modified><revision></revision><title></title><unit meter="0.025400"/><up_axis>Y_UP</up_axis></asset>
  <library_animations>
    <animation id="mixamorig_Hips-anim" name="mixamorig_Hips"><source id="mixamorig_Hips-Matrix-animation-input"><float_array id="mixamorig_Hips-Matrix-animation-input-array" count="129">

0.000000 0.033333 0.066667 0.100000 0.133333 0.166667 0.200000 0.233333 0.266667 0.300000 0.333333 0.366667 0.400000 0.433333 0.466667 0.500000
0.533333 0.566667 0.600000 0.633333 0.666667 0.700000 0.733333 0.766667 0.800000 0.833333 0.866667 0.900000 0.933333 0.966667 1.000000 1.033333
1.066667 1.100000 1.133333 1.166667 1.200000 1.233333 1.266667 1.300000 1.333333 1.366667 1.400000 1.433333 1.466667 1.500000 1.533333 1.566667
1.600000 1.633333 1.666667 1.700000 1.733333 1.766667 1.800000 1.833333 1.866667 1.900000 1.933333 1.966667 2.000000 2.033333 2.066667 2.100000
2.133333 2.166667 2.200000 2.233333 2.266667 2.300000 2.333333 2.366667 2.400000 2.433333 2.466667 2.500000 2.533333 2.566667 2.600000 2.633333
2.666667 2.700000 2.733333 2.766667 2.800000 2.833333 2.866667 2.900000 2.933333 2.966667 3.000000 3.033333 3.066667 3.100000 3.133333 3.166667
3.200000 3.233333 3.266667 3.300000 3.333333 3.366667 3.400000 3.433333 3.466667 3.500000 3.533333 3.566667 3.600000 3.633333 3.666667 3.700000
3.733333 3.766667 3.800000 3.833333 3.866667 3.900000 3.933333 3.966667 4.000000 4.033333 4.066667 4.100000 4.133333 4.166667 4.200000 4.233333
4.266667</float_array><technique_common><accessor source="#mixamorig_Hips-Matrix-animation-input-array" count="129"><param name="TIME" type="float"/></accessor></technique_common></source><source id="mixamorig_Hips-Matrix-animation-output-transform"><float_array id="mixamorig_Hips-Matrix-animation-output-transform-array" count="2064">

0.985401 -0.030420 -0.167507 0.653784 0.040628 0.997498 0.057856 59.109432 0.165328 -0.063817 0.984172 -0.641020 0.000000 0.000000 0.000000 1.000000
0.986462 -0.031983 -0.160839 0.569749 0.042172 0.997287 0.060341 59.089703 0.158473 -0.066307 0.985134 -0.643057 0.000000 0.000000 0.000000 1.000000
0.987500 -0.033515 -0.154016 0.491371 0.043631 0.997073 0.062776 59.071095 0.151461 -0.068711 0.986072 -0.616669 0.000000 0.000000 0.000000 1.000000
0.988392 -0.035023 -0.147832 0.416369 0.045072 0.996855 0.065181 59.056763 0.145085 -0.071088 0.986862 -0.558774 0.000000 0.000000 0.000000 1.000000
0.989023 -0.036469 -0.143193 0.343204 0.046537 0.996627 0.067599 59.048615 0.140244 -0.073521 0.987383 -0.467553 0.000000 0.000000 0.000000 1.000000
0.989336 -0.037789 -0.140663 0.300991 0.047992 0.996401 0.069868 59.044331 0.137516 -0.075873 0.987589 -0.347651 0.000000 0.000000 0.000000 1.000000
0.989385 -0.038851 -0.140031 0.296826 0.049232 0.996228 0.071451 59.041290 0.136727 -0.077587 0.987566 -0.204184 0.000000 0.000000 0.000000 1.000000
0.989275 -0.039793 -0.140540 0.326365 0.050266 0.996154 0.071773 59.041183 0.137143 -0.078067 0.987470 -0.045148 0.000000 0.000000 0.000000 1.000000
0.989109 -0.040539 -0.141492 0.383525 0.050950 0.996192 0.070750 59.042870 0.138085 -0.077189 0.987408 0.124750 0.000000 0.000000 0.000000 1.000000
0.988914 -0.040965 -0.142726 0.463871 0.051194 0.996320 0.068748 59.043869 0.139385 -0.075293 0.987372 0.303490 0.000000 0.000000 0.000000 1.000000
0.988656 -0.041078 -0.144471 0.565061 0.051060 0.996507 0.066076 59.043373 0.141252 -0.072703 0.987300 0.492973 0.000000 0.000000 0.000000 1.000000
0.988299 -0.041020 -0.146911 0.685249 0.050697 0.996741 0.062745 59.042274 0.143858 -0.069458 0.987158 0.697932 0.000000 0.000000 0.000000 1.000000
0.987845 -0.040930 -0.149955 0.822404 0.050218 0.997013 0.058684 59.042255 0.147105 -0.065501 0.986950 0.922309 0.000000 0.000000 0.000000 1.000000
0.987333 -0.040871 -0.153304 0.974369 0.049654 0.997311 0.053905 59.045326 0.150689 -0.060835 0.986708 1.166878 0.000000 0.000000 0.000000 1.000000
0.986813 -0.040845 -0.156627 1.139493 0.048955 0.997634 0.048273 59.052475 0.154284 -0.055304 0.986477 1.430566 0.000000 0.000000 0.000000 1.000000
0.986314 -0.040833 -0.159741 1.317161 0.048111 0.997960 0.041961 59.063972 0.157701 -0.049072 0.986267 1.709262 0.000000 0.000000 0.000000 1.000000
0.985829 -0.040832 -0.162706 1.508012 0.047163 0.998265 0.035243 59.078621 0.160984 -0.042417 0.986045 1.999056 0.000000 0.000000 0.000000 1.000000
0.985319 -0.040830 -0.165771 1.713067 0.046176 0.998526 0.028521 59.095097 0.164362 -0.035757 0.985752 2.297249 0.000000 0.000000 0.000000 1.000000
0.984740 -0.040887 -0.169160 1.932379 0.045286 0.998727 0.022227 59.113174 0.168036 -0.029548 0.985338 2.601910 0.000000 0.000000 0.000000 1.000000
0.984083 -0.041158 -0.172879 2.164515 0.044701 0.998862 0.016651 59.133110 0.171997 -0.024114 0.984802 2.910567 0.000000 0.000000 0.000000 1.000000
0.983372 -0.041773 -0.176733 2.407358 0.044547 0.998938 0.011755 59.153294 0.176054 -0.019433 0.984189 3.219711 0.000000 0.000000 0.000000 1.000000
0.982645 -0.042656 -0.180524 2.658831 0.044679 0.998976 0.007154 59.170235 0.180034 -0.015095 0.983545 3.525343 0.000000 0.000000 0.000000 1.000000
0.981924 -0.043557 -0.184196 2.916092 0.044757 0.998995 0.002361 59.181992 0.183908 -0.010562 0.982887 3.823206 0.000000 0.000000 0.000000 1.000000
0.981223 -0.044256 -0.187732 3.175381 0.044512 0.999005 -0.002855 59.187416 0.187672 -0.005555 0.982216 4.108368 0.000000 0.000000 0.000000 1.000000
0.980595 -0.044697 -0.190879 3.433508 0.043914 0.999001 -0.008329 59.184929 0.191061 -0.000215 0.981578 4.376072 0.000000 0.000000 0.000000 1.000000
0.980157 -0.045011 -0.193045 3.688780 0.043179 0.998974 -0.013688 59.172905 0.193463 0.005080 0.981094 4.622880 0.000000 0.000000 0.000000 1.000000
0.980008 -0.045494 -0.193689 3.939323 0.042689 0.998915 -0.018635 59.153664 0.194326 0.009994 0.980886 4.847709 0.000000 0.000000 0.000000 1.000000
0.980091 -0.046435 -0.193041 4.181141 0.042780 0.998818 -0.023062 59.135094 0.193884 0.014344 0.980920 5.052644 0.000000 0.000000 0.000000 1.000000
0.980144 -0.047859 -0.192426 4.409365 0.043474 0.998691 -0.026946 59.125626 0.193464 0.018046 0.980941 5.242348 0.000000 0.000000 0.000000 1.000000
0.979827 -0.049479 -0.193625 4.620087 0.044447 0.998554 -0.030250 59.128479 0.194842 0.021034 0.980609 5.420564 0.000000 0.000000 0.000000 1.000000
0.978944 -0.051004 -0.197655 4.811033 0.045367 0.998427 -0.032946 59.139755 0.199025 0.023285 0.979718 5.585168 0.000000 0.000000 0.000000 1.000000
0.977578 -0.052179 -0.204008 4.982634 0.045955 0.998326 -0.035131 59.157467 0.205499 0.024969 0.978339 5.730223 0.000000 0.000000 0.000000 1.000000
0.976043 -0.052773 -0.211081 5.136695 0.045952 0.998255 -0.037091 59.180458 0.212670 0.026503 0.976764 5.849382 0.000000 0.000000 0.000000 1.000000
0.974681 -0.052565 -0.217332 5.273024 0.045092 0.998213 -0.039208 59.206142 0.219004 0.028416 0.975310 5.938067 0.000000 0.000000 0.000000 1.000000
0.973661 -0.051342 -0.222146 5.387884 0.043114 0.998198 -0.041733 59.234962 0.223889 0.031056 0.974120 5.993210 0.000000 0.000000 0.000000 1.000000
0.972919 -0.048935 -0.225905 5.475898 0.039859 0.998211 -0.044565 59.268951 0.227682 0.034354 0.973129 6.010756 0.000000 0.000000 0.000000 1.000000
0.972268 -0.045381 -0.229423 5.531825 0.035440 0.998253 -0.047271 59.308937 0.231168 0.037829 0.972178 5.983862 0.000000 0.000000 0.000000 1.000000
0.971548 -0.041048 -0.233260 5.550877 0.030309 0.998317 -0.049440 59.352551 0.234897 0.040964 0.971157 5.905118 0.000000 0.000000 0.000000 1.000000
0.970731 -0.036604 -0.237362 5.528374 0.025152 0.998377 -0.051100 59.393757 0.238847 0.043634 0.970076 5.771469 0.000000 0.000000 0.000000 1.000000
0.969909 -0.032874 -0.241238 5.460162 0.020728 0.998394 -0.052715 59.427040 0.242583 0.046128 0.969033 5.587616 0.000000 0.000000 0.000000 1.000000
0.969174 -0.030612 -0.244469 5.344050 0.017752 0.998349 -0.054635 59.450592 0.245738 0.048611 0.968117 5.363404 0.000000 0.000000 0.000000 1.000000
0.968530 -0.030209 -0.247055 5.181723 0.016717 0.998261 -0.056529 59.465168 0.248333 0.050620 0.967351 5.107675 0.000000 0.000000 0.000000 1.000000
0.967932 -0.031371 -0.249244 4.980898 0.017562 0.998195 -0.057436 59.471535 0.250596 0.051217 0.966736 4.825395 0.000000 0.000000 0.000000 1.000000
0.967400 -0.033150 -0.251074 4.754154 0.019560 0.998215 -0.056431 59.470726 0.252497 0.049681 0.966321 4.519711 0.000000 0.000000 0.000000 1.000000
0.967080 -0.034474 -0.252127 4.512935 0.021713 0.998347 -0.053223 59.465279 0.253544 0.045996 0.966230 4.194501 0.000000 0.000000 0.000000 1.000000
0.967165 -0.034693 -0.251771 4.263011 0.023277 0.998567 -0.048185 59.458794 0.253082 0.040742 0.966587 3.855461 0.000000 0.000000 0.000000 1.000000
0.967740 -0.033768 -0.249676 4.005257 0.024036 0.998831 -0.041928 59.453762 0.250801 0.034575 0.967421 3.508991 0.000000 0.000000 0.000000 1.000000
0.968704 -0.032083 -0.246139 3.739266 0.024215 0.999096 -0.034927 59.450573 0.247037 0.027874 0.968605 3.159365 0.000000 0.000000 0.000000 1.000000
0.969813 -0.030160 -0.241979 3.465465 0.024214 0.999328 -0.027509 59.445343 0.242646 0.020819 0.969891 2.806623 0.000000 0.000000 0.000000 1.000000
0.970845 -0.028254 -0.238038 3.186222 0.024165 0.999506 -0.020077 59.435070 0.238488 0.013740 0.971048 2.450583 0.000000 0.000000 0.000000 1.000000
0.971712 -0.026441 -0.234686 2.903651 0.024028 0.999625 -0.013136 59.415871 0.234945 0.007126 0.971983 2.094322 0.000000 0.000000 0.000000 1.000000
0.972485 -0.024793 -0.231643 2.618520 0.023820 0.999692 -0.006996 59.389206 0.231745 0.001285 0.972776 1.746591 0.000000 0.000000 0.000000 1.000000
0.973313 -0.023505 -0.228276 2.331396 0.023794 0.999716 -0.001485 59.361778 0.228246 -0.003986 0.973595 1.418971 0.000000 0.000000 0.000000 1.000000
0.974294 -0.022819 -0.224121 2.045140 0.024313 0.999697 0.003906 59.339233 0.223964 -0.009254 0.974553 1.120469 0.000000 0.000000 0.000000 1.000000
0.975409 -0.022779 -0.219222 1.765474 0.025494 0.999629 0.009566 59.320229 0.218923 -0.014920 0.975628 0.854463 0.000000 0.000000 0.000000 1.000000
0.976551 -0.023363 -0.214016 1.496652 0.027295 0.999508 0.015434 59.306339 0.213551 -0.020913 0.976708 0.619345 0.000000 0.000000 0.000000 1.000000
0.977620 -0.024421 -0.208954 1.241209 0.029472 0.999343 0.021096 59.295631 0.208302 -0.026782 0.977698 0.412479 0.000000 0.000000 0.000000 1.000000
0.978582 -0.025743 -0.204241 1.001177 0.031740 0.999154 0.026143 59.284294 0.203396 -0.032066 0.978571 0.233944 0.000000 0.000000 0.000000 1.000000
0.979438 -0.027160 -0.199908 0.779647 0.033909 0.998962 0.030417 59.269733 0.198874 -0.036570 0.979343 0.086458 0.000000 0.000000 0.000000 1.000000
0.980188 -0.028606 -0.195995 0.580398 0.035947 0.998775 0.034002 59.252132 0.194782 -0.040374 0.980015 -0.027769 0.000000 0.000000 0.000000 1.000000
0.980814 -0.030083 -0.192610 0.406465 0.037904 0.998594 0.037046 59.234577 0.191225 -0.043636 0.980576 -0.109357 0.000000 0.000000 0.000000 1.000000
0.981315 -0.031605 -0.189796 0.259253 0.039816 0.998422 0.039606 59.218040 0.188245 -0.046423 0.981024 -0.161743 0.000000 0.000000 0.000000 1.000000
0.981722 -0.033143 -0.187414 0.138366 0.041660 0.998262 0.041689 59.202702 0.185707 -0.048734 0.981396 -0.188825 0.000000 0.000000 0.000000 1.000000
0.982094 -0.034619 -0.185183 0.042296 0.043371 0.998115 0.043419 59.186775 0.183331 -0.050673 0.981744 -0.192487 0.000000 0.000000 0.000000 1.000000
0.982485 -0.035921 -0.182846 -0.030496 0.044884 0.997973 0.045116 59.168964 0.180855 -0.052532 0.982106 -0.171709 0.000000 0.000000 0.000000 1.000000
0.982913 -0.036944 -0.180327 -0.080804 0.046140 0.997825 0.047074 59.148273 0.178196 -0.054590 0.982480 -0.123992 0.000000 0.000000 0.000000 1.000000
0.983349 -0.037602 -0.177796 -0.108543 0.047056 0.997677 0.049257 59.126007 0.175531 -0.056804 0.982834 -0.047936 0.000000 0.000000 0.000000 1.000000
0.983728 -0.037857 -0.175628 -0.113303 0.047539 0.997554 0.051253 59.106640 0.173258 -0.058768 0.983122 0.055071 0.000000 0.000000 0.000000 1.000000
0.983982 -0.037755 -0.174227 -0.095292 0.047585 0.997482 0.052591 59.094467 0.171802 -0.060039 0.983300 0.181515 0.000000 0.000000 0.000000 1.000000
0.984072 -0.037464 -0.173777 -0.055814 0.047349 0.997466 0.053093 59.089096 0.171347 -0.060475 0.983353 0.328128 0.000000 0.000000 0.000000 1.000000
0.984029 -0.037226 -0.174073 0.003194 0.047097 0.997487 0.052923 59.086731 0.171666 -0.060277 0.983309 0.493910 0.000000 0.000000 0.000000 1.000000
0.983930 -0.037234 -0.174632 0.080423 0.047046 0.997518 0.052385 59.084049 0.172248 -0.059758 0.983239 0.679596 0.000000 0.000000 0.000000 1.000000
0.983850 -0.037520 -0.175018 0.176305 0.047244 0.997543 0.051726 59.079941 0.172648 -0.059160 0.983205 0.884861 0.000000 0.000000 0.000000 1.000000
0.983816 -0.037956 -0.175115 0.292659 0.047579 0.997560 0.051088 59.073975 0.172749 -0.058593 0.983222 1.106354 0.000000 0.000000 0.000000 1.000000
0.983802 -0.038335 -0.175111 0.431189 0.047859 0.997577 0.050489 59.066170 0.172751 -0.058052 0.983253 1.339066 0.000000 0.000000 0.000000 1.000000
0.983772 -0.038521 -0.175241 0.591520 0.047940 0.997606 0.049837 59.057453 0.172902 -0.057429 0.983263 1.579315 0.000000 0.000000 0.000000 1.000000
0.983718 -0.038528 -0.175543 0.770609 0.047815 0.997655 0.048982 59.049377 0.173244 -0.056578 0.983253 1.826167 0.000000 0.000000 0.000000 1.000000
0.983675 -0.038471 -0.175792 0.964014 0.047568 0.997722 0.047830 59.043137 0.173552 -0.055412 0.983265 2.080376 0.000000 0.000000 0.000000 1.000000
0.983702 -0.038397 -0.175659 1.168973 0.047237 0.997804 0.046423 59.037682 0.173491 -0.053964 0.983356 2.341870 0.000000 0.000000 0.000000 1.000000
0.983840 -0.038189 -0.174931 1.385934 0.046715 0.997899 0.044884 59.029228 0.172849 -0.052331 0.983557 2.608020 0.000000 0.000000 0.000000 1.000000
0.984085 -0.037661 -0.173661 1.617001 0.045826 0.998013 0.043247 59.012939 0.171687 -0.050517 0.983855 2.874116 0.000000 0.000000 0.000000 1.000000
0.984384 -0.036811 -0.172141 1.862002 0.044551 0.998152 0.041316 58.988842 0.170303 -0.048340 0.984205 3.136187 0.000000 0.000000 0.000000 1.000000
0.984667 -0.035860 -0.170718 2.117069 0.043073 0.998321 0.038738 58.960300 0.169042 -0.045498 0.984558 3.393417 0.000000 0.000000 0.000000 1.000000
0.984876 -0.035152 -0.169656 2.375684 0.041712 0.998507 0.035256 58.932167 0.168163 -0.041800 0.984873 3.647687 0.000000 0.000000 0.000000 1.000000
0.984980 -0.034927 -0.169097 2.632029 0.040723 0.998692 0.030931 58.909557 0.167796 -0.037352 0.985114 3.900814 0.000000 0.000000 0.000000 1.000000
0.984972 -0.035118 -0.169108 2.884012 0.040098 0.998854 0.026119 58.895828 0.167997 -0.032507 0.985251 4.151541 0.000000 0.000000 0.000000 1.000000
0.984863 -0.035388 -0.169686 3.133455 0.039557 0.998991 0.021252 58.889412 0.168763 -0.027642 0.985269 4.394650 0.000000 0.000000 0.000000 1.000000
0.984683 -0.035332 -0.170734 3.383510 0.038729 0.999112 0.016608 58.882851 0.169996 -0.022966 0.985177 4.623375 0.000000 0.000000 0.000000 1.000000
0.984479 -0.034728 -0.172031 3.635617 0.037387 0.999226 0.012243 58.866615 0.171473 -0.018485 0.985015 4.833087 0.000000 0.000000 0.000000 1.000000
0.984308 -0.033622 -0.173226 3.888411 0.035558 0.999335 0.008085 58.835796 0.172839 -0.014118 0.984849 5.023678 0.000000 0.000000 0.000000 1.000000
0.984245 -0.032203 -0.173850 4.139167 0.033416 0.999433 0.004055 58.792561 0.173621 -0.009800 0.984764 5.198429 0.000000 0.000000 0.000000 1.000000
0.984372 -0.030618 -0.173421 4.385297 0.031105 0.999516 0.000091 58.742294 0.173335 -0.005483 0.984848 5.360271 0.000000 0.000000 0.000000 1.000000
0.984712 -0.028936 -0.171770 4.624336 0.028701 0.999581 -0.003852 58.691971 0.171810 -0.001137 0.985129 5.508869 0.000000 0.000000 0.000000 1.000000
0.985179 -0.027179 -0.169360 4.853915 0.026248 0.999626 -0.007733 58.650482 0.169507 0.003173 0.985524 5.641562 0.000000 0.000000 0.000000 1.000000
0.985593 -0.025403 -0.167215 5.071398 0.023831 0.999651 -0.011399 58.628624 0.167446 0.007250 0.985855 5.755555 0.000000 0.000000 0.000000 1.000000
0.985792 -0.023680 -0.166291 5.274574 0.021525 0.999659 -0.014751 58.631023 0.166584 0.010962 0.985966 5.848337 0.000000 0.000000 0.000000 1.000000
0.985742 -0.021964 -0.166826 5.461936 0.019227 0.999653 -0.018002 58.648609 0.167164 0.014537 0.985822 5.917121 0.000000 0.000000 0.000000 1.000000
0.985519 -0.020090 -0.168374 5.631378 0.016685 0.999627 -0.021610 58.664520 0.168745 0.018487 0.985486 5.958599 0.000000 0.000000 0.000000 1.000000
0.985182 -0.018055 -0.170562 5.778088 0.013859 0.999572 -0.025757 58.667961 0.170954 0.023012 0.985010 5.968257 0.000000 0.000000 0.000000 1.000000
0.984650 -0.016176 -0.173789 5.894761 0.011166 0.999494 -0.029771 58.665924 0.174183 0.027374 0.984333 5.941513 0.000000 0.000000 0.000000 1.000000
0.983719 -0.014822 -0.179104 5.974614 0.009208 0.999441 -0.032134 58.679626 0.179480 0.029962 0.983305 5.876096 0.000000 0.000000 0.000000 1.000000
0.982198 -0.013955 -0.187331 6.014573 0.008225 0.999475 -0.031332 58.726143 0.187670 0.029233 0.981797 5.772804 0.000000 0.000000 0.000000 1.000000
0.980071 -0.013118 -0.198214 6.014316 0.007914 0.999603 -0.027024 58.802917 0.198490 0.024916 0.979786 5.632638 0.000000 0.000000 0.000000 1.000000
0.977574 -0.011879 -0.210256 5.972998 0.007727 0.999759 -0.020560 58.890575 0.210449 0.018474 0.977430 5.454397 0.000000 0.000000 0.000000 1.000000
0.975130 -0.010275 -0.221397 5.888501 0.007291 0.999871 -0.014288 58.969940 0.221516 0.012319 0.975079 5.236063 0.000000 0.000000 0.000000 1.000000
0.973148 -0.008822 -0.230009 5.760530 0.006677 0.999927 -0.010099 59.035027 0.230081 0.008292 0.973136 4.977327 0.000000 0.000000 0.000000 1.000000
0.971831 -0.008116 -0.235537 5.593575 0.006325 0.999945 -0.008358 59.086391 0.235592 0.006632 0.971829 4.679585 0.000000 0.000000 0.000000 1.000000
0.971111 -0.008414 -0.238480 5.395893 0.006696 0.999945 -0.008010 59.124489 0.238535 0.006182 0.971114 4.345587 0.000000 0.000000 0.000000 1.000000
0.970751 -0.009512 -0.239900 5.175092 0.007929 0.999940 -0.007563 59.150551 0.239957 0.005439 0.970768 3.980734 0.000000 0.000000 0.000000 1.000000
0.970508 -0.010936 -0.240821 4.935240 0.009777 0.999934 -0.006010 59.167664 0.240871 0.003479 0.970551 3.594562 0.000000 0.000000 0.000000 1.000000
0.970262 -0.012191 -0.241749 4.678072 0.011786 0.999926 -0.003122 59.181602 0.241769 0.000180 0.970334 3.200215 0.000000 0.000000 0.000000 1.000000
0.970059 -0.013081 -0.242519 4.404858 0.013687 0.999906 0.000811 59.195583 0.242485 -0.004106 0.970146 2.809371 0.000000 0.000000 0.000000 1.000000
0.970037 -0.013721 -0.242568 4.117999 0.015479 0.999866 0.005343 59.210560 0.242462 -0.008937 0.970120 2.429294 0.000000 0.000000 0.000000 1.000000
0.970300 -0.014223 -0.241485 3.822295 0.017169 0.999802 0.010100 59.226326 0.241294 -0.013946 0.970352 2.064740 0.000000 0.000000 0.000000 1.000000
0.970805 -0.014503 -0.239429 3.523909 0.018595 0.999717 0.014842 59.244247 0.239146 -0.018861 0.970800 1.720383 0.000000 0.000000 0.000000 1.000000
0.971384 -0.014467 -0.237072 3.227490 0.019619 0.999620 0.019387 59.259594 0.236701 -0.023483 0.971299 1.399434 0.000000 0.000000 0.000000 1.000000
0.971875 -0.014181 -0.235072 2.936042 0.020251 0.999520 0.023427 59.267014 0.234627 -0.027528 0.971696 1.104396 0.000000 0.000000 0.000000 1.000000
0.972244 -0.013854 -0.233558 2.653081 0.020742 0.999418 0.027064 59.264202 0.233048 -0.031158 0.971966 0.834527 0.000000 0.000000 0.000000 1.000000
0.972597 -0.013761 -0.232092 2.382901 0.021396 0.999308 0.030411 59.260159 0.231513 -0.034543 0.972218 0.589224 0.000000 0.000000 0.000000 1.000000
0.973068 -0.014205 -0.230081 2.128724 0.022524 0.999182 0.033571 59.257057 0.229416 -0.037849 0.972592 0.368236 0.000000 0.000000 0.000000 1.000000
0.973732 -0.015286 -0.227185 1.891644 0.024213 0.999038 0.036559 59.251762 0.226408 -0.041100 0.973165 0.172869 0.000000 0.000000 0.000000 1.000000
0.974600 -0.016993 -0.223305 1.669156 0.026435 0.998875 0.039360 59.239086 0.222385 -0.044263 0.973954 0.003572 0.000000 0.000000 0.000000 1.000000
0.975705 -0.019240 -0.218243 1.456870 0.029087 0.998694 0.041994 59.219452 0.217150 -0.047322 0.974991 -0.142440 0.000000 0.000000 0.000000 1.000000
0.977118 -0.021339 -0.211623 1.255487 0.031473 0.998507 0.044635 59.199898 0.210355 -0.050274 0.976332 -0.269992 0.000000 0.000000 0.000000 1.000000
0.978830 -0.023327 -0.203341 1.091661 0.033619 0.998314 0.047309 59.181202 0.201894 -0.053144 0.977964 -0.383946 0.000000 0.000000 0.000000 1.000000
0.980693 -0.025170 -0.193925 0.964332 0.035503 0.998118 0.049996 59.164639 0.192302 -0.055916 0.979742 -0.480434 0.000000 0.000000 0.000000 1.000000
0.982491 -0.026968 -0.184348 0.849949 0.037272 0.997917 0.052662 59.147099 0.182544 -0.058611 0.981449 -0.555579 0.000000 0.000000 0.000000 1.000000
0.984083 -0.028732 -0.175374 0.746903 0.038982 0.997709 0.055287 59.128086 0.173383 -0.061243 0.982948 -0.609007 0.000000 0.000000 0.000000 1.000000
0.985401 -0.030420 -0.167507 0.653781 0.040629 0.997498 0.057855 59.109467 0.165328 -0.063816 0.984172 -0.641020 0.000000 0.000000 0.000000 1.000000</float_array><technique_common><accessor source="#mixamorig_Hips-Matrix-animation-output-transform-array" count="129" stride="16"><param type="float4x4"/></accessor></technique_common></source><source id="mixamorig_Hips-Interpolations"><Name_array id="mixamorig_Hips-Interpolations-array" count="129">
 LINEAR LINEAR LINEAR LINEAR LINEAR LINEAR LINEAR LINEAR LINEAR LINEAR LINEAR
LINEAR LINEAR LINEAR LINEAR LINEAR LINEAR LINEAR LINEAR LINEAR LINEAR LINEAR LINEAR
LINEAR LINEAR LINEAR LINEAR LINEAR LINEAR LINEAR LINEAR LINEAR LINEAR LINEAR LINEAR
LINEAR LINEAR LINEAR LINEAR LINEAR LINEAR LINEAR LINEAR LINEAR LINEAR LINEAR LINEAR
LINEAR LINEAR LINEAR LINEAR LINEAR LINEAR LINEAR LINEAR LINEAR LINEAR LINEAR LINEAR
LINEAR LINEAR LINEAR LINEAR LINEAR LINEAR LINEAR LINEAR LINEAR LINEAR LINEAR LINEAR
LINEAR LINEAR LINEAR LINEAR LINEAR LINEAR LINEAR LINEAR LINEAR LINEAR LINEAR LINEAR
LINEAR LINEAR LINEAR LINEAR LINEAR LINEAR LINEAR LINEAR LINEAR LINEAR LINEAR LINEAR
LINEAR LINEAR LINEAR LINEAR LINEAR LINEAR LINEAR LINEAR LINEAR LINEAR LINEAR LINEAR
LINEAR LINEAR LINEAR LINEAR LINEAR LINEAR LINEAR LINEAR LINEAR LINEAR LINEAR LINEAR
LINEAR LINEAR LINEAR LINEAR LINEAR LINEAR LINEAR LINEAR LINEAR LINEAR</Name_array><technique_common><accessor source="#mixamorig_Hips-Interpolations-array" count="129"><param type="name"/></accessor></technique_common></source><sampler id="mixamorig_Hips-Matrix-animation-transform"><input semantic="INPUT" source="#mixamorig_Hips-Matrix-animation-input"/><input semantic="OUTPUT" source="#mixamorig_Hips-Matrix-animation-output-transform"/><input semantic="INTERPOLATION" source="#mixamorig_Hips-Interpolations"/></sampler><channel source="#mixamorig_Hips-Matrix-animation-transform" target="mixamorig_Hips/matrix"/></animation>
    <animation id="mixamorig_Spine-anim" name="mixamorig_Spine"><source id="mixamorig_Spine-Matrix-animation-input"><float_array id="mixamorig_Spine-Matrix-animation-input-array" count="129">

0.000000 0.033333 0.066667 0.100000 0.133333 0.166667 0.200000 0.233333 0.266667 0.300000 0.333333 0.366667 0.400000 0.433333 0.466667 0.500000
0.533333 0.566667 0.600000 0.633333 0.666667 0.700000 0.733333 0.766667 0.800000 0.833333 0.866667 0.900000 0.933333 0.966667 1.000000 1.033333
1.066667 1.100000 1.133333 1.166667 1.200000 1.233333 1.266667 1.300000 1.333333 1.366667 1.400000 1.433333 1.466667 1.500000 1.533333 1.566667
1.600000 1.633333 1.666667 1.700000 1.733333 1.766667 1.800000 1.833333 1.866667 1.900000 1.933333 1.966667 2.000000 2.033333 2.066667 2.100000
2.133333 2.166667 2.200000 2.233333 2.266667 2.300000 2.333333 2.366667 2.400000 2.433333 2.466667 2.500000 2.533333 2.566667 2.600000 2.633333
2.666667 2.700000 2.733333 2.766667 2.800000 2.833333 2.866667 2.900000 2.933333 2.966667 3.000000 3.033333 3.066667 3.100000 3.133333 3.166667
3.200000 3.233333 3.266667 3.300000 3.333333 3.366667 3.400000 3.433333 3.466667 3.500000 3.533333 3.566667 3.600000 3.633333 3.666667 3.700000
3.733333 3.766667 3.800000 3.833333 3.866667 3.900000 3.933333 3.966667 4.000000 4.033333 4.066667 4.100000 4.133333 4.166667 4.200000 4.233333
4.266667</float_array><technique_common><accessor source="#mixamorig_Spine-Matrix-animation-input-array" count="129"><param name="TIME" type="float"/></accessor></technique_common></source><source id="mixamorig_Spine-Matrix-animation-output-transform"><float_array id="mixamorig_Spine-Matrix-animation-output-transform-array" count="2064">

0.999685 0.022077 -0.011920 -0.000000 -0.019858 0.986608 0.161899 10.246200 0.015334 -0.161611 0.986735 -1.819800 0.000000 0.000000 0.000000 1.000000
0.999688 0.020962 -0.013562 0.000000 -0.018468 0.986400 0.163323 10.246200 0.016802 -0.163022 0.986479 -1.819800 0.000000 0.000000 0.000000 1.000000
0.999688 0.019782 -0.015260 -0.000000 -0.017003 0.986213 0.164605 10.246200 0.018306 -0.164294 0.986242 -1.819800 0.000000 0.000000 0.000000 1.000000
0.999690 0.018433 -0.016742 -0.000000 -0.015401 0.986009 0.165979 10.246200 0.019567 -0.165669 0.985987 -1.819800 0.000000 0.000000 0.000000 1.000000
0.999701 0.017150 -0.017437 0.000000 -0.013986 0.985751 0.167626 10.246200 0.020064 -0.167332 0.985696 -1.819800 0.000000 0.000000 0.000000 1.000000
0.999723 0.016275 -0.016975 0.000000 -0.013163 0.985422 0.169615 10.246200 0.019488 -0.169345 0.985364 -1.819800 0.000000 0.000000 0.000000 1.000000
0.999753 0.015888 -0.015561 -0.000000 -0.012980 0.985039 0.171845 10.246200 0.018058 -0.171600 0.985001 -1.819800 0.000000 0.000000 0.000000 1.000000
0.999778 0.015977 -0.013737 0.000000 -0.013343 0.984640 0.174084 10.246200 0.016307 -0.173862 0.984635 -1.819800 0.000000 0.000000 0.000000 1.000000
0.999796 0.016192 -0.012103 0.000000 -0.013809 0.984282 0.176062 10.246200 0.014764 -0.175859 0.984305 -1.819800 0.000000 0.000000 0.000000 1.000000
0.999809 0.016195 -0.010977 -0.000000 -0.013989 0.984003 0.177600 10.246200 0.013678 -0.177412 0.984042 -1.819800 0.000000 0.000000 0.000000 1.000000
0.999820 0.015874 -0.010369 0.000000 -0.013766 0.983811 0.178682 10.246200 0.013038 -0.178507 0.983852 -1.819800 0.000000 0.000000 0.000000 1.000000
0.999831 0.015353 -0.010100 -0.000000 -0.013292 0.983679 0.179439 10.246200 0.012690 -0.179275 0.983717 -1.819800 0.000000 0.000000 0.000000 1.000000
0.999841 0.014867 -0.009893 0.000000 -0.012843 0.983571 0.180062 10.246200 0.012408 -0.179906 0.983606 -1.819800 0.000000 0.000000 0.000000 1.000000
0.999848 0.014633 -0.009448 0.000000 -0.012685 0.983457 0.180699 10.246200 0.011936 -0.180552 0.983493 -1.819800 0.000000 0.000000 0.000000 1.000000
0.999854 0.014811 -0.008529 0.000000 -0.013018 0.983322 0.181408 10.246200 0.011073 -0.181270 0.983371 -1.819800 0.000000 0.000000 0.000000 1.000000
0.999855 0.015474 -0.007091 0.000000 -0.013924 0.983172 0.182150 10.246200 0.009790 -0.182024 0.983245 -1.819800 0.000000 0.000000 0.000000 1.000000
0.999849 0.016543 -0.005316 -0.000000 -0.015292 0.983027 0.182822 10.246200 0.008250 -0.182713 0.983132 -1.819800 0.000000 0.000000 0.000000 1.000000
0.999836 0.017768 -0.003500 0.000000 -0.016825 0.982918 0.183275 10.246200 0.006696 -0.183186 0.983056 -1.819800 0.000000 0.000000 0.000000 1.000000
0.999820 0.018891 -0.001854 0.000000 -0.018231 0.982882 0.183333 10.246200 0.005285 -0.183266 0.983049 -1.819800 0.000000 0.000000 0.000000 1.000000
0.999803 0.019849 -0.000401 -0.000000 -0.019441 0.982946 0.182866 10.246200 0.004024 -0.182822 0.983138 -1.819800 0.000000 0.000000 0.000000 1.000000
0.999784 0.020759 0.000976 0.000000 -0.020590 0.983106 0.181875 10.246200 0.002816 -0.181855 0.983321 -1.819800 0.000000 0.000000 0.000000 1.000000
0.999761 0.021721 0.002395 0.000000 -0.021797 0.983328 0.180529 10.246200 0.001566 -0.180538 0.983567 -1.819800 0.000000 0.000000 0.000000 1.000000
0.999734 0.022718 0.003864 0.000000 -0.023043 0.983567 0.179069 10.246200 0.000267 -0.179110 0.983829 -1.819800 0.000000 0.000000 0.000000 1.000000
0.999706 0.023680 0.005223 -0.000000 -0.024231 0.983794 0.177655 10.246200 -0.000931 -0.177729 0.984079 -1.819800 0.000000 0.000000 0.000000 1.000000
0.999679 0.024572 0.006129 0.000000 -0.025268 0.984014 0.176289 10.246200 -0.001700 -0.176388 0.984319 -1.819800 0.000000 0.000000 0.000000 1.000000
0.999657 0.025447 0.006186 0.000000 -0.026137 0.984245 0.174866 10.246200 -0.001639 -0.174968 0.984573 -1.819800 0.000000 0.000000 0.000000 1.000000
0.999635 0.026519 0.005244 0.000000 -0.027026 0.984503 0.173272 10.246200 -0.000568 -0.173351 0.984860 -1.819800 0.000000 0.000000 0.000000 1.000000
0.999598 0.028115 0.003684 -0.000000 -0.028330 0.984787 0.171444 10.246200 0.001192 -0.171479 0.985187 -1.819800 0.000000 0.000000 0.000000 1.000000
0.999533 0.030465 0.002369 -0.000000 -0.030426 0.985083 0.169367 10.246200 0.002826 -0.169360 0.985550 -1.819800 0.000000 0.000000 0.000000 1.000000
0.999435 0.033545 0.002180 0.000000 -0.033438 0.985377 0.167073 10.246200 0.003456 -0.167052 0.985942 -1.819800 0.000000 0.000000 0.000000 1.000000
0.999303 0.037167 0.003481 0.000000 -0.037233 0.985651 0.164641 10.246200 0.002688 -0.164656 0.986347 -1.819800 0.000000 0.000000 0.000000 1.000000
0.999145 0.040935 0.005827 0.000000 -0.041338 0.985891 0.162204 10.246200 0.000895 -0.162306 0.986740 -1.819800 0.000000 0.000000 0.000000 1.000000
0.998982 0.044346 0.008282 0.000000 -0.045100 0.986094 0.159950 10.246200 -0.001074 -0.160161 0.987090 -1.819800 0.000000 0.000000 0.000000 1.000000
0.998845 0.046995 0.010046 -0.000000 -0.047993 0.986260 0.158074 10.246200 -0.002479 -0.158374 0.987376 -1.819800 0.000000 0.000000 0.000000 1.000000
0.998754 0.048709 0.010888 0.000000 -0.049814 0.986393 0.156675 10.246200 -0.003108 -0.157022 0.987590 -1.819800 0.000000 0.000000 0.000000 1.000000
0.998709 0.049555 0.011169 0.000000 -0.050691 0.986512 0.155642 10.246200 -0.003306 -0.156008 0.987750 -1.819800 0.000000 0.000000 0.000000 1.000000
0.998689 0.049873 0.011561 0.000000 -0.051063 0.986647 0.154662 10.246200 -0.003693 -0.155049 0.987900 -1.819800 0.000000 0.000000 0.000000 1.000000
0.998656 0.050262 0.012672 0.000000 -0.051613 0.986812 0.153424 10.246200 -0.004794 -0.153871 0.988079 -1.819800 0.000000 0.000000 0.000000 1.000000
0.998569 0.051397 0.014745 0.000000 -0.053043 0.986970 0.151911 10.246200 -0.006745 -0.152476 0.988284 -1.819800 0.000000 0.000000 0.000000 1.000000
0.998400 0.053748 0.017593 0.000000 -0.055788 0.987040 0.150464 10.246200 -0.009278 -0.151205 0.988459 -1.819800 0.000000 0.000000 0.000000 1.000000
0.998137 0.057363 0.020801 0.000000 -0.059836 0.986949 0.149502 10.246200 -0.011953 -0.150468 0.988543 -1.819800 0.000000 0.000000 0.000000 1.000000
0.997800 0.061826 0.023945 0.000000 -0.064717 0.986697 0.149134 10.246200 -0.014406 -0.150356 0.988527 -1.819800 0.000000 0.000000 0.000000 1.000000
0.997443 0.066321 0.026644 0.000000 -0.069567 0.986377 0.149070 10.246200 -0.016394 -0.150542 0.988468 -1.819800 0.000000 0.000000 0.000000 1.000000
0.997146 0.069911 0.028489 0.000000 -0.073392 0.986130 0.148866 10.246200 -0.017686 -0.150533 0.988447 -1.819800 0.000000 0.000000 0.000000 1.000000
0.996982 0.071981 0.029092 0.000000 -0.075519 0.986060 0.148265 10.246200 -0.018014 -0.150014 0.988520 -1.819800 0.000000 0.000000 0.000000 1.000000
0.996972 0.072455 0.028235 0.000000 -0.075842 0.986181 0.147293 10.246200 -0.017173 -0.148988 0.988690 -1.819800 0.000000 0.000000 0.000000 1.000000
0.997088 0.071680 0.026021 0.000000 -0.074728 0.986440 0.146126 10.246200 -0.015194 -0.147645 0.988924 -1.819800 0.000000 0.000000 0.000000 1.000000
0.997271 0.070186 0.022919 -0.000000 -0.072777 0.986767 0.144894 10.246200 -0.012446 -0.146166 0.989182 -1.819800 0.000000 0.000000 0.000000 1.000000
0.997457 0.068508 0.019631 -0.000000 -0.070624 0.987105 0.143651 10.246200 -0.009536 -0.144672 0.989434 -1.819800 0.000000 0.000000 0.000000 1.000000
0.997621 0.066879 0.016745 0.000000 -0.068587 0.987415 0.142503 10.246200 -0.007004 -0.143312 0.989653 -1.819800 0.000000 0.000000 0.000000 1.000000
0.997760 0.065306 0.014483 0.000000 -0.066702 0.987665 0.141664 10.246200 -0.005053 -0.142313 0.989809 -1.819800 0.000000 0.000000 0.000000 1.000000
0.997891 0.063667 0.012647 0.000000 -0.064817 0.987842 0.141305 10.246200 -0.003497 -0.141827 0.989885 -1.819800 0.000000 0.000000 0.000000 1.000000
0.998025 0.061868 0.010854 0.000000 -0.062782 0.987967 0.141350 10.246200 -0.001979 -0.141752 0.989900 -1.819800 0.000000 0.000000 0.000000 1.000000
0.998166 0.059880 0.008837 0.000000 -0.060528 0.988086 0.141503 10.246200 -0.000259 -0.141779 0.989898 -1.819800 0.000000 0.000000 0.000000 1.000000
0.998315 0.057646 0.006572 0.000000 -0.057995 0.988234 0.141530 10.246200 0.001664 -0.141672 0.989912 -1.819800 0.000000 0.000000 0.000000 1.000000
0.998463 0.055266 0.004228 -0.000000 -0.055308 0.988395 0.141477 10.246200 0.003640 -0.141493 0.989933 -1.819800 0.000000 0.000000 0.000000 1.000000
0.998599 0.052870 0.001957 0.000000 -0.052614 0.988523 0.141614 10.246200 0.005553 -0.141519 0.989920 -1.819800 0.000000 0.000000 0.000000 1.000000
0.998721 0.050562 -0.000208 0.000000 -0.050019 0.988576 0.142185 10.246200 0.007395 -0.141992 0.989840 -1.819800 0.000000 0.000000 0.000000 1.000000
0.998825 0.048402 -0.002307 -0.000000 -0.047573 0.988543 0.143245 10.246200 0.009214 -0.142967 0.989685 -1.819800 0.000000 0.000000 0.000000 1.000000
0.998914 0.046382 -0.004356 0.000000 -0.045264 0.988440 0.144701 10.246200 0.011017 -0.144347 0.989466 -1.819800 0.000000 0.000000 0.000000 1.000000
0.998994 0.044398 -0.006330 0.000000 -0.042994 0.988286 0.146431 10.246200 0.012757 -0.146012 0.989201 -1.819800 0.000000 0.000000 0.000000 1.000000
0.999072 0.042290 -0.008194 0.000000 -0.040609 0.988098 0.148366 10.246200 0.014371 -0.147896 0.988899 -1.819800 0.000000 0.000000 0.000000 1.000000
0.999152 0.039953 -0.009914 0.000000 -0.038010 0.987885 0.150460 10.246200 0.015806 -0.149955 0.988566 -1.819800 0.000000 0.000000 0.000000 1.000000
0.999233 0.037438 -0.011467 0.000000 -0.035253 0.987659 0.152602 10.246200 0.017039 -0.152081 0.988221 -1.819800 0.000000 0.000000 0.000000 1.000000
0.999307 0.034949 -0.012828 -0.000000 -0.032549 0.987440 0.154606 10.246200 0.018070 -0.154081 0.987893 -1.819800 0.000000 0.000000 0.000000 1.000000
0.999367 0.032732 -0.013956 0.000000 -0.030153 0.987249 0.156301 10.246200 0.018894 -0.155781 0.987611 -1.819800 0.000000 0.000000 0.000000 1.000000
0.999412 0.030929 -0.014786 -0.000000 -0.028215 0.987090 0.157664 10.246200 0.019471 -0.157154 0.987382 -1.819800 0.000000 0.000000 0.000000 1.000000
0.999449 0.029495 -0.015248 0.000000 -0.026703 0.986946 0.158822 10.246200 0.019733 -0.158327 0.987189 -1.819800 0.000000 0.000000 0.000000 1.000000
0.999483 0.028269 -0.015328 0.000000 -0.025457 0.986801 0.159926 10.246200 0.019646 -0.159453 0.987010 -1.819800 0.000000 0.000000 0.000000 1.000000
0.999518 0.027130 -0.015112 0.000000 -0.024346 0.986646 0.161047 10.246200 0.019279 -0.160602 0.986831 -1.819800 0.000000 0.000000 0.000000 1.000000
0.999550 0.026115 -0.014755 0.000000 -0.023379 0.986484 0.162181 10.246200 0.018791 -0.161763 0.986651 -1.819800 0.000000 0.000000 0.000000 1.000000
0.999575 0.025349 -0.014395 0.000000 -0.022661 0.986318 0.163290 10.246200 0.018337 -0.162894 0.986473 -1.819800 0.000000 0.000000 0.000000 1.000000
0.999591 0.024884 -0.014088 -0.000000 -0.022234 0.986159 0.164304 10.246200 0.017981 -0.163924 0.986309 -1.819800 0.000000 0.000000 0.000000 1.000000
0.999602 0.024608 -0.013810 0.000000 -0.021993 0.986029 0.165116 10.246200 0.017680 -0.164746 0.986178 -1.819800 0.000000 0.000000 0.000000 1.000000
0.999612 0.024351 -0.013500 -0.000000 -0.021782 0.985947 0.165631 10.246200 0.017344 -0.165272 0.986095 -1.819800 0.000000 0.000000 0.000000 1.000000
0.999624 0.024088 -0.013089 0.000000 -0.021586 0.985915 0.165850 10.246200 0.016900 -0.165505 0.986064 -1.819800 0.000000 0.000000 0.000000 1.000000
0.999634 0.023969 -0.012539 0.000000 -0.021560 0.985912 0.165868 10.246200 0.016338 -0.165537 0.986068 -1.819800 0.000000 0.000000 0.000000 1.000000
0.999638 0.024141 -0.011868 0.000000 -0.021841 0.985920 0.165784 10.246200 0.015703 -0.165465 0.986091 -1.819800 0.000000 0.000000 0.000000 1.000000
0.999636 0.024559 -0.011139 0.000000 -0.022377 0.985940 0.165592 10.246200 0.015049 -0.165282 0.986131 -1.819800 0.000000 0.000000 0.000000 1.000000
0.999633 0.025027 -0.010389 0.000000 -0.022969 0.985996 0.165180 10.246200 0.014378 -0.164880 0.986209 -1.819800 0.000000 0.000000 0.000000 1.000000
0.999632 0.025375 -0.009576 0.000000 -0.023457 0.986107 0.164447 10.246200 0.013616 -0.164162 0.986339 -1.819800 0.000000 0.000000 0.000000 1.000000
0.999635 0.025631 -0.008577 0.000000 -0.023886 0.986265 0.163435 10.246200 0.012649 -0.163170 0.986517 -1.819800 0.000000 0.000000 0.000000 1.000000
0.999637 0.025935 -0.007278 0.000000 -0.024411 0.986434 0.162333 10.246200 0.011389 -0.162097 0.986709 -1.819800 0.000000 0.000000 0.000000 1.000000
0.999634 0.026461 -0.005624 0.000000 -0.025208 0.986575 0.161351 10.246200 0.009818 -0.161150 0.986881 -1.819800 0.000000 0.000000 0.000000 1.000000
0.999620 0.027326 -0.003634 0.000000 -0.026388 0.986675 0.160550 10.246200 0.007973 -0.160393 0.987021 -1.819800 0.000000 0.000000 0.000000 1.000000
0.999593 0.028491 -0.001407 0.000000 -0.027900 0.986754 0.159804 10.246200 0.005941 -0.159700 0.987148 -1.819800 0.000000 0.000000 0.000000 1.000000
0.999557 0.029759 0.000893 0.000000 -0.029523 0.986856 0.158882 10.246200 0.003847 -0.158838 0.987297 -1.819800 0.000000 0.000000 0.000000 1.000000
0.999519 0.030871 0.003069 -0.000000 -0.030969 0.987022 0.157572 10.246200 0.001835 -0.157591 0.987503 -1.819800 0.000000 0.000000 0.000000 1.000000
0.999486 0.031668 0.004970 0.000000 -0.032056 0.987278 0.155739 10.246200 0.000025 -0.155818 0.987786 -1.819800 0.000000 0.000000 0.000000 1.000000
0.999461 0.032183 0.006514 0.000000 -0.032801 0.987633 0.153312 10.246200 -0.001500 -0.153443 0.988156 -1.819800 0.000000 0.000000 0.000000 1.000000
0.999440 0.032582 0.007646 0.000000 -0.033362 0.988077 0.150301 10.246200 -0.002657 -0.150472 0.988611 -1.819800 0.000000 0.000000 0.000000 1.000000
0.999419 0.033060 0.008326 0.000000 -0.033925 0.988575 0.146864 10.246200 -0.003375 -0.147062 0.989122 -1.819800 0.000000 0.000000 0.000000 1.000000
0.999392 0.033787 0.008650 0.000000 -0.034679 0.989066 0.143340 10.246200 -0.003712 -0.143552 0.989636 -1.819800 0.000000 0.000000 0.000000 1.000000
0.999353 0.034846 0.008948 -0.000000 -0.035757 0.989491 0.140101 10.246200 -0.003972 -0.140330 0.990097 -1.819800 0.000000 0.000000 0.000000 1.000000
0.999298 0.036198 0.009673 0.000000 -0.037184 0.989824 0.137352 10.246200 -0.004603 -0.137615 0.990475 -1.819800 0.000000 0.000000 0.000000 1.000000
0.999229 0.037670 0.011094 -0.000000 -0.038825 0.990074 0.135079 10.246200 -0.005896 -0.135406 0.990773 -1.819800 0.000000 0.000000 0.000000 1.000000
0.999157 0.038947 0.013013 0.000000 -0.040336 0.990264 0.133227 10.246200 -0.007697 -0.133639 0.991000 -1.819800 0.000000 0.000000 0.000000 1.000000
0.999102 0.039703 0.014819 0.000000 -0.041313 0.990411 0.131832 10.246200 -0.009442 -0.132326 0.991161 -1.819800 0.000000 0.000000 0.000000 1.000000
0.999074 0.039947 0.015958 0.000000 -0.041696 0.990518 0.130905 10.246200 -0.010578 -0.131449 0.991266 -1.819800 0.000000 0.000000 0.000000 1.000000
0.999054 0.040239 0.016496 0.000000 -0.042047 0.990605 0.130131 10.246200 -0.011105 -0.130701 0.991360 -1.819800 0.000000 0.000000 0.000000 1.000000
0.998992 0.041438 0.017286 0.000000 -0.043323 0.990728 0.128768 10.246200 -0.011790 -0.129387 0.991524 -1.819800 0.000000 0.000000 0.000000 1.000000
0.998837 0.044101 0.019466 0.000000 -0.046208 0.990951 0.126021 10.246200 -0.013732 -0.126774 0.991837 -1.819800 0.000000 0.000000 0.000000 1.000000
