<?xml version="1.0" encoding="utf-8"?>
<COLLADA xmlns="http://www.collada.org/2005/11/COLLADASchema" version="1.4.1">
  <asset><contributor><author>Mixamo</author><authoring_tool>COLLADA Mixamo exporter</authoring_tool><comments></comments></contributor><created>2020-05-06T11:10:03Z</created><modified>2020-05-06T11:10:03Z</modified><revision></revision><title></title><unit meter="0.025400"/><up_axis>Y_UP</up_axis></asset>
  <library_animations>
    <animation id="mixamorig_Hips-anim" name="mixamorig_Hips"><source id="mixamorig_Hips-Matrix-animation-input"><float_array id="mixamorig_Hips-Matrix-animation-input-array" count="49">

0.000000 0.033333 0.066667 0.100000 0.133333 0.166667 0.200000 0.233333 0.266667 0.300000 0.333333 0.366667 0.400000 0.433333 0.466667 0.500000
0.533333 0.566667 0.600000 0.633333 0.666667 0.700000 0.733333 0.766667 0.800000 0.833333 0.866667 0.900000 0.933333 0.966667 1.000000 1.033333
1.066667 1.100000 1.133333 1.166667 1.200000 1.233333 1.266667 1.300000 1.333333 1.366667 1.400000 1.433333 1.466667 1.500000 1.533333 1.566667
1.600000</float_array><technique_common><accessor source="#mixamorig_Hips-Matrix-animation-input-array" count="49"><param name="TIME" type="float"/></accessor></technique_common></source><source id="mixamorig_Hips-Matrix-animation-output-transform"><float_array id="mixamorig_Hips-Matrix-animation-output-transform-array" count="784">

0.593108 0.029125 -0.804596 -0.025057 0.100743 0.988807 0.110056 8.402325 0.798795 -0.146333 0.583535 0.099040 0.000000 0.000000 0.000000 1.000000
0.593123 0.028656 -0.804602 -0.033954 0.100743 0.988870 0.109483 8.397905 0.798784 -0.145994 0.583634 0.104449 0.000000 0.000000 0.000000 1.000000
0.594811 0.028511 -0.803360 -0.047405 0.100729 0.988851 0.109673 8.389688 0.797530 -0.146156 0.585308 0.108510 0.000000 0.000000 0.000000 1.000000
0.598765 0.020818 -0.800654 -0.036228 0.104991 0.988996 0.104232 8.377885 0.794014 -0.146472 0.589990 0.107141 0.000000 0.000000 0.000000 1.000000
0.603073 0.003923 -0.797676 0.005046 0.118303 0.988489 0.094303 8.363199 0.788864 -0.151239 0.595668 0.109982 0.000000 0.000000 0.000000 1.000000
0.599776 0.024305 -0.799799 -0.107725 0.122495 0.984968 0.121792 8.361547 0.790736 -0.171020 0.587783 0.168522 0.000000 0.000000 0.000000 1.000000
0.569763 0.148544 -0.808273 -0.641036 0.086803 0.967149 0.238930 8.436651 0.817212 -0.206294 0.538151 0.337387 0.000000 0.000000 0.000000 1.000000
0.486138 0.295923 -0.822253 -1.187176 0.034169 0.933763 0.356257 8.556603 0.873214 -0.201286 0.443826 0.510972 0.000000 0.000000 0.000000 1.000000
0.412715 0.370610 -0.832054 -1.546510 -0.014909 0.916108 0.400653 8.655849 0.910738 -0.152951 0.383617 0.607306 0.000000 0.000000 0.000000 1.000000
0.361571 0.395203 -0.844441 -1.711921 -0.073134 0.914949 0.396887 8.674092 0.929472 -0.081745 0.359722 0.558995 0.000000 0.000000 0.000000 1.000000
0.318836 0.409015 -0.855015 -1.665548 -0.146216 0.912522 0.382001 8.574905 0.936464 0.003222 0.350749 0.434478 0.000000 0.000000 0.000000 1.000000
0.239760 0.403291 -0.883103 -1.461665 -0.191936 0.911372 0.364090 8.436704 0.951670 0.082205 0.295917 0.321524 0.000000 0.000000 0.000000 1.000000
0.152365 0.393775 -0.906491 -1.137457 -0.231328 0.905931 0.354649 8.292339 0.960871 0.155660 0.229124 0.247690 0.000000 0.000000 0.000000 1.000000
0.130795 0.371623 -0.919124 -0.906782 -0.261915 0.907103 0.329492 8.206549 0.956187 0.197636 0.215978 0.190042 0.000000 0.000000 0.000000 1.000000
0.150997 0.338733 -0.928687 -0.706940 -0.290900 0.913087 0.285744 8.139528 0.944763 0.227008 0.236411 0.129107 0.000000 0.000000 0.000000 1.000000
0.211571 0.288119 -0.933930 -0.527751 -0.323547 0.922330 0.211245 8.083883 0.922255 0.257477 0.288358 0.055558 0.000000 0.000000 0.000000 1.000000
0.298628 0.228974 -0.926494 -0.363375 -0.349799 0.929494 0.116968 8.035978 0.887954 0.289157 0.357668 -0.020793 0.000000 0.000000 0.000000 1.000000
0.384287 0.165731 -0.908216 -0.206197 -0.358376 0.933390 0.018688 7.988161 0.850817 0.318301 0.418084 -0.081498 0.000000 0.000000 0.000000 1.000000
0.460974 0.103564 -0.881350 -0.065018 -0.347962 0.934727 -0.072159 7.948307 0.816349 0.339940 0.466922 -0.122575 0.000000 0.000000 0.000000 1.000000
0.542422 0.041388 -0.839086 0.057398 -0.322520 0.932511 -0.162494 7.910812 0.775731 0.358763 0.519163 -0.156517 0.000000 0.000000 0.000000 1.000000
0.614893 -0.019988 -0.788357 0.152170 -0.278800 0.929612 -0.241025 7.888115 0.737684 0.367998 0.566039 -0.194660 0.000000 0.000000 0.000000 1.000000
0.667364 -0.062126 -0.742136 0.214360 -0.235301 0.927877 -0.289270 7.858121 0.706582 0.367674 0.604614 -0.235091 0.000000 0.000000 0.000000 1.000000
0.712146 -0.098436 -0.695096 0.241690 -0.188211 0.927105 -0.324119 7.802431 0.676332 0.361645 0.641707 -0.271103 0.000000 0.000000 0.000000 1.000000
0.751703 -0.132973 -0.645957 0.238720 -0.135544 0.927403 -0.348643 7.755569 0.645422 0.349631 0.679108 -0.305987 0.000000 0.000000 0.000000 1.000000
0.777846 -0.156117 -0.608756 0.224218 -0.090531 0.930716 -0.354360 7.705870 0.621901 0.330749 0.709820 -0.335068 0.000000 0.000000 0.000000 1.000000
0.796715 -0.172082 -0.579338 0.206086 -0.055932 0.933497 -0.354197 7.669307 0.601761 0.314597 0.734106 -0.363060 0.000000 0.000000 0.000000 1.000000
0.815946 -0.181657 -0.548848 0.185258 -0.026790 0.936452 -0.349772 7.649286 0.577508 0.300098 0.759227 -0.401309 0.000000 0.000000 0.000000 1.000000
0.831242 -0.193592 -0.521114 0.172669 0.005353 0.940148 -0.340723 7.652941 0.555886 0.280434 0.782527 -0.444626 0.000000 0.000000 0.000000 1.000000
0.838343 -0.221060 -0.498311 0.163193 0.051235 0.941996 -0.331690 7.689726 0.542730 0.252539 0.801042 -0.477208 0.000000 0.000000 0.000000 1.000000
0.837242 -0.236776 -0.492913 0.152512 0.085105 0.946833 -0.310266 7.746287 0.540170 0.217818 0.812879 -0.512600 0.000000 0.000000 0.000000 1.000000
0.831961 -0.240787 -0.499863 0.144238 0.108374 0.954093 -0.279216 7.793033 0.544147 0.178124 0.819863 -0.536641 0.000000 0.000000 0.000000 1.000000
0.814856 -0.240982 -0.527198 0.142991 0.122903 0.960636 -0.249144 7.842783 0.566484 0.138222 0.812398 -0.547524 0.000000 0.000000 0.000000 1.000000
0.790159 -0.231919 -0.567329 0.138021 0.132083 0.968328 -0.211884 7.919110 0.598500 0.092488 0.795766 -0.546309 0.000000 0.000000 0.000000 1.000000
0.765658 -0.211346 -0.607537 0.130557 0.131522 0.975966 -0.173760 7.990529 0.629658 0.053136 0.775053 -0.545789 0.000000 0.000000 0.000000 1.000000
0.744659 -0.191586 -0.639358 0.110922 0.132670 0.981290 -0.139528 8.061738 0.654127 0.019077 0.756144 -0.533747 0.000000 0.000000 0.000000 1.000000
0.724381 -0.165010 -0.669361 0.083697 0.131904 0.986169 -0.100363 8.125397 0.676664 -0.015590 0.736127 -0.513643 0.000000 0.000000 0.000000 1.000000
0.702218 -0.133330 -0.699366 0.055362 0.127590 0.989973 -0.060623 8.176475 0.700436 -0.046662 0.712188 -0.488005 0.000000 0.000000 0.000000 1.000000
0.681513 -0.102726 -0.724560 0.025272 0.122230 0.992169 -0.025698 8.216206 0.721526 -0.071049 0.688732 -0.450494 0.000000 0.000000 0.000000 1.000000
0.663606 -0.074780 -0.744335 -0.003943 0.118236 0.992969 0.005653 8.250547 0.738679 -0.091759 0.667783 -0.403210 0.000000 0.000000 0.000000 1.000000
0.643426 -0.046745 -0.764080 -0.028056 0.113712 0.992897 0.035012 8.281857 0.757016 -0.109413 0.644171 -0.351193 0.000000 0.000000 0.000000 1.000000
0.619564 -0.014995 -0.784803 -0.039969 0.109504 0.991692 0.067500 8.307520 0.777270 -0.127760 0.616059 -0.295194 0.000000 0.000000 0.000000 1.000000
0.601780 0.005375 -0.798644 -0.050585 0.107369 0.990355 0.087567 8.330184 0.791412 -0.138446 0.595399 -0.231250 0.000000 0.000000 0.000000 1.000000
0.592389 0.017511 -0.805461 -0.058904 0.106228 0.989337 0.099636 8.351563 0.798618 -0.144586 0.584213 -0.165390 0.000000 0.000000 0.000000 1.000000
0.590844 0.022720 -0.806466 -0.060046 0.105176 0.988904 0.104915 8.367733 0.799901 -0.146810 0.581898 -0.105686 0.000000 0.000000 0.000000 1.000000
0.590739 0.025947 -0.806445 -0.055348 0.103902 0.988715 0.107921 8.377785 0.800145 -0.147544 0.581377 -0.057616 0.000000 0.000000 0.000000 1.000000
0.591342 0.027752 -0.805943 -0.048831 0.102707 0.988677 0.109403 8.386248 0.799854 -0.147471 0.581796 -0.011303 0.000000 0.000000 0.000000 1.000000
0.592158 0.028632 -0.805313 -0.040952 0.101753 0.988712 0.109973 8.393198 0.799371 -0.147065 0.582561 0.031746 0.000000 0.000000 0.000000 1.000000
0.592883 0.028956 -0.804768 -0.032520 0.101113 0.988768 0.110067 8.398729 0.798916 -0.146629 0.583296 0.070082 0.000000 0.000000 0.000000 1.000000
0.593202 0.029028 -0.804530 -0.025069 0.100892 0.988790 0.110067 8.402315 0.798706 -0.146463 0.583624 0.099024 0.000000 0.000000 0.000000 1.000000</float_array><technique_common><accessor source="#mixamorig_Hips-Matrix-animation-output-transform-array" count="49" stride="16"><param type="float4x4"/></accessor></technique_common></source><source id="mixamorig_Hips-Interpolations"><Name_array id="mixamorig_Hips-Interpolations-array" count="49">
 LINEAR LINEAR LINEAR LINEAR LINEAR LINEAR LINEAR LINEAR LINEAR LINEAR LINEAR
LINEAR LINEAR LINEAR LINEAR LINEAR LINEAR LINEAR LINEAR LINEAR LINEAR LINEAR LINEAR
LINEAR LINEAR LINEAR LINEAR LINEAR LINEAR LINEAR LINEAR LINEAR LINEAR LINEAR LINEAR
LINEAR LINEAR LINEAR LINEAR LINEAR LINEAR LINEAR LINEAR LINEAR LINEAR LINEAR LINEAR
LINEAR LINEAR</Name_array><technique_common><accessor source="#mixamorig_Hips-Interpolations-array" count="49"><param type="name"/></accessor></technique_common></source><sampler id="mixamorig_Hips-Matrix-animation-transform"><input semantic="INPUT" source="#mixamorig_Hips-Matrix-animation-input"/><input semantic="OUTPUT" source="#mixamorig_Hips-Matrix-animation-output-transform"/><input semantic="INTERPOLATION" source="#mixamorig_Hips-Interpolations"/></sampler><channel source="#mixamorig_Hips-Matrix-animation-transform" target="mixamorig_Hips/matrix"/></animation>
    <animation id="mixamorig_Spine-anim" name="mixamorig_Spine"><source id="mixamorig_Spine-Matrix-animation-input"><float_array id="mixamorig_Spine-Matrix-animation-input-array" count="49">

0.000000 0.033333 0.066667 0.100000 0.133333 0.166667 0.200000 0.233333 0.266667 0.300000 0.333333 0.366667 0.400000 0.433333 0.466667 0.500000
0.533333 0.566667 0.600000 0.633333 0.666667 0.700000 0.733333 0.766667 0.800000 0.833333 0.866667 0.900000 0.933333 0.966667 1.000000 1.033333
1.066667 1.100000 1.133333 1.166667 1.200000 1.233333 1.266667 1.300000 1.333333 1.366667 1.400000 1.433333 1.466667 1.500000 1.533333 1.566667
1.600000</float_array><technique_common><accessor source="#mixamorig_Spine-Matrix-animation-input-array" count="49"><param name="TIME" type="float"/></accessor></technique_common></source><source id="mixamorig_Spine-Matrix-animation-output-transform"><float_array id="mixamorig_Spine-Matrix-animation-output-transform-array" count="784">

0.999097 0.038488 0.017969 0.000000 -0.037401 0.997653 -0.057348 1.039000 -0.020134 0.056624 0.998193 -0.061900 0.000000 0.000000 0.000000 1.000000
0.999070 0.039107 0.018160 0.000000 -0.038018 0.997658 -0.056857 1.039000 -0.020341 0.056113 0.998217 -0.061900 0.000000 0.000000 0.000000 1.000000
0.999052 0.039596 0.018087 0.000000 -0.038528 0.997688 -0.055991 1.039000 -0.020262 0.055241 0.998267 -0.061900 0.000000 0.000000 0.000000 1.000000
0.999172 0.037388 0.016049 -0.000000 -0.036349 0.997487 -0.060817 1.039000 -0.018282 0.060183 0.998020 -0.061900 0.000000 0.000000 0.000000 1.000000
0.999408 0.031344 0.014204 0.000000 -0.030222 0.996854 -0.073272 1.039000 -0.016456 0.072799 0.997211 -0.061900 0.000000 0.000000 0.000000 1.000000
0.998892 0.038293 0.027360 0.000000 -0.036423 0.997164 -0.065864 1.039000 -0.029805 0.064795 0.997453 -0.061900 0.000000 0.000000 0.000000 1.000000
0.994981 0.074692 0.066585 0.000000 -0.075270 0.997144 0.006216 1.039000 -0.065931 -0.011197 0.997761 -0.061900 0.000000 0.000000 0.000000 1.000000
0.989337 0.105175 0.100754 -0.000000 -0.113654 0.990092 0.082467 1.039000 -0.091082 -0.093039 0.991488 -0.061900 0.000000 0.000000 0.000000 1.000000
0.987246 0.133034 0.087455 0.000000 -0.142821 0.982774 0.117291 1.039000 -0.070344 -0.128286 0.989239 -0.061900 0.000000 0.000000 0.000000 1.000000
0.985487 0.164533 0.041751 -0.000000 -0.168777 0.976020 0.137474 1.039000 -0.018131 -0.142526 0.989625 -0.061900 0.000000 0.000000 0.000000 1.000000
0.984739 0.172711 -0.021460 -0.000000 -0.167979 0.975452 0.142392 1.039000 0.045526 -0.136614 0.989578 -0.061900 0.000000 0.000000 0.000000 1.000000
0.982980 0.171335 -0.066296 -0.000000 -0.161306 0.977641 0.134900 1.039000 0.087927 -0.121910 0.988639 -0.061900 0.000000 0.000000 0.000000 1.000000
0.981569 0.170676 -0.085977 -0.000000 -0.161605 0.981435 0.103295 1.039000 0.102011 -0.087497 0.990928 -0.061900 0.000000 0.000000 0.000000 1.000000
0.978914 0.184913 -0.086806 0.000000 -0.178827 0.981141 0.073373 1.039000 0.098737 -0.056303 0.993520 -0.061900 0.000000 0.000000 0.000000 1.000000
0.975244 0.204337 -0.084532 -0.000000 -0.201325 0.978588 0.042827 1.039000 0.091473 -0.024748 0.995500 -0.061900 0.000000 0.000000 0.000000 1.000000
0.970622 0.225641 -0.083538 0.000000 -0.225212 0.974200 0.014650 1.039000 0.084688 0.004594 0.996397 -0.061900 0.000000 0.000000 0.000000 1.000000
0.967609 0.240765 -0.075927 0.000000 -0.242611 0.969992 -0.015968 1.039000 0.069804 0.033872 0.996986 -0.061900 0.000000 0.000000 0.000000 1.000000
0.966305 0.250387 -0.059679 0.000000 -0.253485 0.965962 -0.051607 1.039000 0.044726 0.064996 0.996883 -0.061900 0.000000 0.000000 0.000000 1.000000
0.967685 0.248935 -0.040208 0.000000 -0.251578 0.963931 -0.086863 1.039000 0.017134 0.094172 0.995409 -0.061900 0.000000 0.000000 0.000000 1.000000
0.970547 0.239577 -0.025325 0.000000 -0.240907 0.964530 -0.107913 1.039000 -0.001427 0.110836 0.993838 -0.061900 0.000000 0.000000 0.000000 1.000000
0.974009 0.226235 -0.011177 0.000000 -0.225923 0.966749 -0.119812 1.039000 -0.016300 0.119223 0.992734 -0.061900 0.000000 0.000000 0.000000 1.000000
0.978237 0.207443 0.004545 -0.000000 -0.204832 0.968958 -0.138432 1.039000 -0.033121 0.134489 0.990361 -0.061900 0.000000 0.000000 0.000000 1.000000
0.982874 0.183810 0.013150 -0.000000 -0.179756 0.972014 -0.151251 1.039000 -0.040583 0.146297 0.988408 -0.061900 0.000000 0.000000 0.000000 1.000000
0.986983 0.159284 0.022206 0.000000 -0.153765 0.975078 -0.159937 1.039000 -0.047128 0.154441 0.986877 -0.061900 0.000000 0.000000 0.000000 1.000000
0.989961 0.134124 0.044583 0.000000 -0.124550 0.976941 -0.173417 1.039000 -0.066815 0.166123 0.983839 -0.061900 0.000000 0.000000 0.000000 1.000000
0.992538 0.104615 0.062641 0.000000 -0.091592 0.978770 -0.183358 1.039000 -0.080493 0.176252 0.981048 -0.061900 0.000000 0.000000 0.000000 1.000000
0.995198 0.072955 0.065250 0.000000 -0.059640 0.980595 -0.186754 1.039000 -0.077608 0.181966 0.980237 -0.061900 0.000000 0.000000 0.000000 1.000000
0.996945 0.049930 0.060065 0.000000 -0.037852 0.981508 -0.187642 1.039000 -0.068323 0.184795 0.980399 -0.061900 0.000000 0.000000 0.000000 1.000000
0.998042 0.038124 0.049577 0.000000 -0.028317 0.982272 -0.185313 1.039000 -0.055763 0.183546 0.981428 -0.061900 0.000000 0.000000 0.000000 1.000000
0.998517 0.027059 0.047240 0.000000 -0.017893 0.982642 -0.184646 1.039000 -0.051416 0.183527 0.981669 -0.061900 0.000000 0.000000 0.000000 1.000000
0.998986 0.018648 0.040982 0.000000 -0.011114 0.984162 -0.176923 1.039000 -0.043632 0.176288 0.983371 -0.061900 0.000000 0.000000 0.000000 1.000000
0.999159 0.012478 0.039064 0.000000 -0.005675 0.985493 -0.169621 1.039000 -0.040614 0.169257 0.984735 -0.061900 0.000000 0.000000 0.000000 1.000000
0.999354 0.012121 0.033820 0.000000 -0.006177 0.985320 -0.170608 1.039000 -0.035391 0.170289 0.984758 -0.061900 0.000000 0.000000 0.000000 1.000000
0.999590 0.012652 0.025702 0.000000 -0.008146 0.985686 -0.168394 1.039000 -0.027464 0.168115 0.985385 -0.061900 0.000000 0.000000 0.000000 1.000000
0.999784 0.012642 0.016514 -0.000000 -0.009799 0.986721 -0.162128 1.039000 -0.018344 0.161931 0.986632 -0.061900 0.000000 0.000000 0.000000 1.000000
0.999861 0.014657 0.007897 0.000000 -0.013230 0.987424 -0.157539 1.039000 -0.010107 0.157413 0.987481 -0.061900 0.000000 0.000000 0.000000 1.000000
0.999861 0.016498 0.002268 -0.000000 -0.015959 0.988166 -0.152559 1.039000 -0.004758 0.152502 0.988292 -0.061900 0.000000 0.000000 0.000000 1.000000
0.999801 0.019878 -0.001664 -0.000000 -0.019911 0.989505 -0.143117 1.039000 -0.001199 0.143122 0.989704 -0.061900 0.000000 0.000000 0.000000 1.000000
0.999702 0.024170 -0.003310 0.000000 -0.024395 0.991003 -0.131601 1.039000 0.000100 0.131642 0.991297 -0.061900 0.000000 0.000000 0.000000 1.000000
0.999638 0.026822 -0.002333 0.000000 -0.026905 0.992074 -0.122738 1.039000 -0.000977 0.122756 0.992436 -0.061900 0.000000 0.000000 0.000000 1.000000
0.999487 0.032011 -0.000236 0.000000 -0.031810 0.992329 -0.119466 1.039000 -0.003590 0.119412 0.992838 -0.061900 0.000000 0.000000 0.000000 1.000000
0.999315 0.036793 0.004057 -0.000000 -0.036113 0.993128 -0.111320 1.039000 -0.008125 0.111098 0.993776 -0.061900 0.000000 0.000000 0.000000 1.000000
0.999100 0.041470 0.008957 0.000000 -0.040376 0.994221 -0.099468 1.039000 -0.013030 0.099017 0.995000 -0.061900 0.000000 0.000000 0.000000 1.000000
0.998925 0.044551 0.012833 0.000000 -0.043257 0.995202 -0.087765 1.039000 -0.016681 0.087115 0.996059 -0.061900 0.000000 0.000000 0.000000 1.000000
0.998799 0.046432 0.015616 0.000000 -0.045048 0.995805 -0.079649 1.039000 -0.019249 0.078850 0.996701 -0.061900 0.000000 0.000000 0.000000 1.000000
0.998846 0.045053 0.016630 -0.000000 -0.043729 0.996384 -0.072849 1.039000 -0.019852 0.072038 0.997204 -0.061900 0.000000 0.000000 0.000000 1.000000
0.998935 0.042876 0.017055 0.000000 -0.041652 0.996909 -0.066609 1.039000 -0.019858 0.065827 0.997633 -0.061900 0.000000 0.000000 0.000000 1.000000
0.999025 0.040432 0.017749 0.000000 -0.039275 0.997346 -0.061305 1.039000 -0.020180 0.060548 0.997961 -0.061900 0.000000 0.000000 0.000000 1.000000
0.999098 0.038480 0.017967 0.000000 -0.037393 0.997654 -0.057348 1.039000 -0.020132 0.056624 0.998193 -0.061900 0.000000 0.000000 0.000000 1.000000</float_array><technique_common><accessor source="#mixamorig_Spine-Matrix-animation-output-transform-array" count="49" stride="16"><param type="float4x4"/></accessor></technique_common></source><source id="mixamorig_Spine-Interpolations"><Name_array id="mixamorig_Spine-Interpolations-array" count="49">
 LINEAR LINEAR LINEAR LINEAR LINEAR LINEAR LINEAR LINEAR LINEAR LINEAR LINEAR
LINEAR LINEAR LINEAR LINEAR LINEAR LINEAR LINEAR LINEAR LINEAR LINEAR LINEAR LINEAR
LINEAR LINEAR LINEAR LINEAR LINEAR LINEAR LINEAR LINEAR LINEAR LINEAR LINEAR LINEAR
LINEAR LINEAR LINEAR LINEAR LINEAR LINEAR LINEAR LINEAR LINEAR LINEAR LINEAR LINEAR
LINEAR LINEAR</Name_array><technique_common><accessor source="#mixamorig_Spine-Interpolations-array" count="49"><param type="name"/></accessor></technique_common></source><sampler id="mixamorig_Spine-Matrix-animation-transform"><input semantic="INPUT" source="#mixamorig_Spine-Matrix-animation-input"/><input semantic="OUTPUT" source="#mixamorig_Spine-Matrix-animation-output-transform"/><input semantic="INTERPOLATION" source="#mixamorig_Spine-Interpolations"/></sampler><channel source="#mixamorig_Spine-Matrix-animation-transform" target="mixamorig_Spine/matrix"/></animation>
    <animation id="mixamorig_Spine1-anim" name="mixamorig_Spine1"><source id="mixamorig_Spine1-Matrix-animation-input"><float_array id="mixamorig_Spine1-Matrix-animation-input-array" count="49">

0.000000 0.033333 0.066667 0.100000 0.133333 0.166667 0.200000 0.233333 0.266667 0.300000 0.333333 0.366667 0.400000 0.433333 0.466667 0.500000
0.533333 0.566667 0.600000 0.633333 0.666667 0.700000 0.733333 0.766667 0.800000 0.833333 0.866667 0.900000 0.933333 0.966667 1.000000 1.033333
1.066667 1.100000 1.133333 1.166667 1.200000 1.233333 1.266667 1.300000 1.333333 1.366667 1.400000 1.433333 1.466667 1.500000 1.533333 1.566667
1.600000</float_array><technique_common><accessor source="#mixamorig_Spine1-Matrix-animation-input-array" count="49"><param name="TIME" type="float"/></accessor></technique_common></source><source id="mixamorig_Spine1-Matrix-animation-output-transform"><float_array id="mixamorig_Spine1-Matrix-animation-output-transform-array" count="784">

0.995409 0.090307 0.031717 -0.000000 -0.080525 0.969249 -0.232535 1.214300 -0.051741 0.228914 0.972071 -0.000000 0.000000 0.000000 0.000000 1.000000
0.995350 0.090938 0.031754 0.000000 -0.081155 0.969308 -0.232070 1.214300 -0.051883 0.228414 0.972181 0.000000 0.000000 0.000000 0.000000 1.000000
0.995301 0.091555 0.031507 -0.000000 -0.081848 0.969413 -0.231387 1.214300 -0.051728 0.227721 0.972352 0.000000 0.000000 0.000000 0.000000 1.000000
0.994937 0.095827 0.030284 -0.000000 -0.086692 0.970790 -0.223723 1.214300 -0.050839 0.219965 0.974182 -0.000000 0.000000 0.000000 0.000000 1.000000
0.993875 0.106273 0.030305 0.000000 -0.097891 0.973895 -0.204805 1.214300 -0.051279 0.200584 0.978334 -0.000000 0.000000 0.000000 0.000000 1.000000
0.992001 0.119589 0.040400 0.000000 -0.109776 0.975318 -0.191582 1.214300 -0.062314 0.185615 0.980645 0.000000 0.000000 0.000000 0.000000 1.000000
0.989884 0.127767 0.061689 -0.000000 -0.113211 0.973366 -0.199356 1.214300 -0.085517 0.190355 0.977983 0.000000 0.000000 0.000000 0.000000 1.000000
0.987825 0.137348 0.073055 -0.000000 -0.123235 0.977469 -0.171367 1.214300 -0.094946 0.160278 0.982495 0.000000 0.000000 0.000000 0.000000 1.000000
0.985626 0.162009 0.047905 0.000000 -0.156661 0.982599 -0.099787 1.214300 -0.063238 0.090847 0.993855 -0.000000 0.000000 0.000000 0.000000 1.000000
0.982280 0.187351 -0.005084 -0.000000 -0.187419 0.981896 -0.027466 1.214300 -0.000154 0.027932 0.999610 0.000000 0.000000 0.000000 0.000000 1.000000
0.980466 0.185372 -0.065760 -0.000000 -0.186500 0.982389 -0.011384 1.214300 0.062492 0.023426 0.997771 -0.000000 0.000000 0.000000 0.000000 1.000000
0.978843 0.173852 -0.107899 0.000000 -0.177418 0.983836 -0.024299 1.214300 0.101931 0.042928 0.993865 0.000000 0.000000 0.000000 0.000000 1.000000
0.978509 0.165640 -0.122816 0.000000 -0.174541 0.982463 -0.065587 1.214300 0.109799 0.085614 0.990260 0.000000 0.000000 0.000000 0.000000 1.000000
0.977531 0.171281 -0.122862 -0.000000 -0.183995 0.977738 -0.100864 1.214300 0.102851 0.121203 0.987285 0.000000 0.000000 0.000000 0.000000 1.000000
0.975971 0.181937 -0.119913 0.000000 -0.197485 0.971118 -0.133905 1.214300 0.092087 0.154369 0.983713 0.000000 0.000000 0.000000 0.000000 1.000000
0.973566 0.196090 -0.117122 0.000000 -0.213511 0.963461 -0.161725 1.214300 0.081129 0.182457 0.979861 0.000000 0.000000 0.000000 0.000000 1.000000
0.971615 0.212047 -0.104882 -0.000000 -0.228721 0.955257 -0.187540 1.214300 0.060422 0.206206 0.976641 0.000000 0.000000 0.000000 0.000000 1.000000
0.970183 0.227896 -0.082517 0.000000 -0.240635 0.946396 -0.215474 1.214300 0.028988 0.228906 0.973017 0.000000 0.000000 0.000000 0.000000 1.000000
0.970010 0.236463 -0.056270 0.000000 -0.243021 0.939021 -0.243270 1.214300 -0.004686 0.249649 0.968325 0.000000 0.000000 0.000000 0.000000 1.000000
0.970369 0.238771 -0.037034 0.000000 -0.240042 0.935102 -0.260698 1.214300 -0.027616 0.261863 0.964710 0.000000 0.000000 0.000000 0.000000 1.000000
0.971756 0.235082 -0.020633 0.000000 -0.231748 0.934154 -0.271385 1.214300 -0.044523 0.268501 0.962250 -0.000000 0.000000 0.000000 0.000000 1.000000
0.973581 0.228333 -0.001773 -0.000000 -0.219056 0.931777 -0.289492 1.214300 -0.064449 0.282233 0.957179 -0.000000 0.000000 0.000000 0.000000 1.000000
0.976523 0.215151 0.010659 0.000000 -0.201915 0.931444 -0.302724 1.214300 -0.075060 0.293465 0.953019 0.000000 0.000000 0.000000 0.000000 1.000000
0.979564 0.200438 0.016710 0.000000 -0.185482 0.932344 -0.310373 1.214300 -0.077790 0.300930 0.950468 0.000000 0.000000 0.000000 0.000000 1.000000
0.982249 0.185389 0.028603 -0.000000 -0.167071 0.933944 -0.315968 1.214300 -0.085291 0.305580 0.948339 -0.000000 0.000000 0.000000 0.000000 1.000000
0.985470 0.164910 0.040668 0.000000 -0.143017 0.934811 -0.325077 1.214300 -0.091625 0.314537 0.944813 0.000000 0.000000 0.000000 0.000000 1.000000
0.988583 0.143361 0.046377 0.000000 -0.119987 0.935191 -0.333199 1.214300 -0.091139 0.323830 0.941715 0.000000 0.000000 0.000000 0.000000 1.000000
0.990555 0.128697 0.047312 0.000000 -0.105215 0.934664 -0.339608 1.214300 -0.087927 0.331422 0.939377 0.000000 0.000000 0.000000 0.000000 1.000000
0.992327 0.113451 0.049156 0.000000 -0.089853 0.934802 -0.343616 1.214300 -0.084934 0.336563 0.937823 0.000000 0.000000 0.000000 0.000000 1.000000
0.993396 0.102328 0.051890 0.000000 -0.078416 0.935694 -0.343988 1.214300 -0.083753 0.337648 0.937539 0.000000 0.000000 0.000000 0.000000 1.000000
0.994277 0.095544 0.047795 -0.000000 -0.073830 0.937887 -0.338995 1.214300 -0.077215 0.333526 0.939573 0.000000 0.000000 0.000000 0.000000 1.000000
0.994689 0.092445 0.045245 0.000000 -0.072183 0.939947 -0.333601 1.214300 -0.073368 0.328564 0.941628 0.000000 0.000000 0.000000 0.000000 1.000000
0.994925 0.091073 0.042772 0.000000 -0.071673 0.939848 -0.333988 1.214300 -0.070616 0.329227 0.941606 0.000000 0.000000 0.000000 0.000000 1.000000
0.995341 0.089064 0.036939 0.000000 -0.071832 0.940505 -0.332099 1.214300 -0.064319 0.327898 0.942521 -0.000000 0.000000 0.000000 0.000000 1.000000
0.995787 0.087085 0.028702 0.000000 -0.072978 0.942223 -0.326940 1.214300 -0.055515 0.323468 0.944609 0.000000 0.000000 0.000000 0.000000 1.000000
0.995978 0.087002 0.021416 0.000000 -0.075464 0.943391 -0.322983 1.214300 -0.048304 0.320068 0.946162 0.000000 0.000000 0.000000 0.000000 1.000000
0.996159 0.085792 0.017524 0.000000 -0.075731 0.944585 -0.319412 1.214300 -0.043956 0.316858 0.947454 0.000000 0.000000 0.000000 0.000000 1.000000
0.996272 0.085056 0.014428 0.000000 -0.076284 0.946639 -0.313138 1.214300 -0.040293 0.310870 0.949598 0.000000 0.000000 0.000000 0.000000 1.000000
0.996198 0.086200 0.012619 0.000000 -0.078269 0.949170 -0.304879 1.214300 -0.038258 0.302732 0.952308 0.000000 0.000000 0.000000 0.000000 1.000000
0.996220 0.085762 0.013819 0.000000 -0.077759 0.951314 -0.298254 1.214300 -0.038725 0.296052 0.954386 0.000000 0.000000 0.000000 0.000000 1.000000
0.996104 0.086721 0.015989 0.000000 -0.078233 0.952732 -0.293566 1.214300 -0.040692 0.291171 0.955805 -0.000000 0.000000 0.000000 0.000000 1.000000
0.995969 0.087480 0.019836 0.000000 -0.078239 0.955358 -0.284904 1.214300 -0.043874 0.282204 0.958351 0.000000 0.000000 0.000000 0.000000 1.000000
0.995805 0.088353 0.023780 0.000000 -0.078484 0.958419 -0.274360 1.214300 -0.047032 0.271343 0.961333 0.000000 0.000000 0.000000 0.000000 1.000000
0.995510 0.091129 0.025588 0.000000 -0.081225 0.961271 -0.263365 1.214300 -0.048597 0.260104 0.964357 0.000000 0.000000 0.000000 0.000000 1.000000
0.995264 0.093349 0.027111 0.000000 -0.083415 0.963373 -0.254860 1.214300 -0.049909 0.251391 0.966598 0.000000 0.000000 0.000000 0.000000 1.000000
0.995228 0.093209 0.028884 0.000000 -0.083201 0.965198 -0.247933 1.214300 -0.050988 0.244346 0.968347 -0.000000 0.000000 0.000000 0.000000 1.000000
0.995238 0.092645 0.030316 0.000000 -0.082642 0.966846 -0.241618 1.214300 -0.051696 0.237962 0.969898 0.000000 0.000000 0.000000 0.000000 1.000000
0.995322 0.091456 0.031157 0.000000 -0.081577 0.968273 -0.236205 1.214300 -0.051771 0.232558 0.971204 0.000000 0.000000 0.000000 0.000000 1.000000
0.995410 0.090301 0.031711 -0.000000 -0.080520 0.969251 -0.232529 1.214300 -0.051733 0.228908 0.972072 -0.000000 0.000000 0.000000 0.000000 1.000000</float_array><technique_common><accessor source="#mixamorig_Spine1-Matrix-animation-output-transform-array" count="49" stride="16"><param type="float4x4"/></accessor></technique_common></source><source id="mixamorig_Spine1-Interpolations"><Name_array id="mixamorig_Spine1-Interpolations-array" count="49">
 LINEAR LINEAR LINEAR LINEAR LINEAR LINEAR LINEAR LINEAR LINEAR LINEAR LINEAR
LINEAR LINEAR LINEAR LINEAR LINEAR LINEAR LINEAR LINEAR LINEAR LINEAR LINEAR LINEAR
LINEAR LINEAR LINEAR LINEAR LINEAR LINEAR LINEAR LINEAR LINEAR LINEAR LINEAR LINEAR
LINEAR LINEAR LINEAR LINEAR LINEAR LINEAR LINEAR LINEAR LINEAR LINEAR LINEAR LINEAR
LINEAR LINEAR</Name_array><technique_common><accessor source="#mixamorig_Spine1-Interpolations-array" count="49"><param type="name"/></accessor></technique_common></source><sampler id="mixamorig_Spine1-Matrix-animation-transform"><input semantic="INPUT" source="#mixamorig_Spine1-Matrix-animation-input"/><input semantic="OUTPUT" source="#mixamorig_Spine1-Matrix-animation-output-transform"/><input semantic="INTERPOLATION" source="#mixamorig_Spine1-Interpolations"/></sampler><channel source="#mixamorig_Spine1-Matrix-animation-transform" target="mixamorig_Spine1/matrix"/></animation>
    <animation id="mixamorig_Spine2-anim" name="mixamorig_Spine2"><source id="mixamorig_Spine2-Matrix-animation-input"><float_array id="mixamorig_Spine2-Matrix-animation-input-array" count="49">

0.000000 0.033333 0.066667 0.100000 0.133333 0.166667 0.200000 0.233333 0.266667 0.300000 0.333333 0.366667 0.400000 0.433333 0.466667 0.500000
0.533333 0.566667 0.600000 0.633333 0.666667 0.700000 0.733333 0.766667 0.800000 0.833333 0.866667 0.900000 0.933333 0.966667 1.000000 1.033333
1.066667 1.100000 1.133333 1.166667 1.200000 1.233333 1.266667 1.300000 1.333333 1.366667 1.400000 1.433333 1.466667 1.500000 1.533333 1.566667
1.600000</float_array><technique_common><accessor source="#mixamorig_Spine2-Matrix-animation-input-array" count="49"><param name="TIME" type="float"/></accessor></technique_common></source><source id="mixamorig_Spine2-Matrix-animation-output-transform"><float_array id="mixamorig_Spine2-Matrix-animation-output-transform-array" count="784">

0.995412 0.090327 0.031574 0.000000 -0.080577 0.969244 -0.232536 1.387800 -0.051607 0.228924 0.972075 0.000000 0.000000 0.000000 0.000000 1.000000
0.995355 0.090932 0.031610 0.000000 -0.081183 0.969310 -0.232051 1.387800 -0.051741 0.228407 0.972190 0.000000 0.000000 0.000000 0.000000 1.000000
0.995305 0.091566 0.031379 -0.000000 -0.081890 0.969413 -0.231369 1.387800 -0.051604 0.227713 0.972360 -0.000000 0.000000 0.000000 0.000000 1.000000
0.994974 0.095932 0.028720 0.000000 -0.087130 0.970712 -0.223888 1.387800 -0.049356 0.220261 0.974192 0.000000 0.000000 0.000000 0.000000 1.000000
0.993955 0.106769 0.025549 0.000000 -0.099310 0.973642 -0.205328 1.387800 -0.046799 0.201549 0.978360 0.000000 0.000000 0.000000 0.000000 1.000000
0.992216 0.119723 0.034251 -0.000000 -0.111018 0.975058 -0.192187 1.387800 -0.056406 0.186889 0.980760 -0.000000 0.000000 0.000000 0.000000 1.000000
0.990322 0.125313 0.059653 0.000000 -0.111169 0.973553 -0.199590 1.387800 -0.083086 0.191027 0.978062 -0.000000 0.000000 0.000000 0.000000 1.000000
0.988216 0.134160 0.073692 0.000000 -0.119982 0.977884 -0.171311 1.387800 -0.095046 0.160451 0.982457 0.000000 0.000000 0.000000 0.000000 1.000000
0.986095 0.160697 0.042345 0.000000 -0.155849 0.982704 -0.100019 1.387800 -0.057685 0.092029 0.994084 -0.000000 0.000000 0.000000 0.000000 1.000000
0.982257 0.186637 -0.018401 -0.000000 -0.187093 0.981962 -0.027329 1.387800 0.012969 0.030287 0.999457 0.000000 0.000000 0.000000 0.000000 1.000000
0.979853 0.182680 -0.080728 -0.000000 -0.184155 0.982834 -0.011166 1.387800 0.077302 0.025807 0.996674 0.000000 0.000000 0.000000 0.000000 1.000000
0.977981 0.170865 -0.119823 0.000000 -0.174927 0.984285 -0.024167 1.387800 0.113811 0.044595 0.992501 -0.000000 0.000000 0.000000 0.000000 1.000000
0.977830 0.165458 -0.128348 0.000000 -0.174725 0.982496 -0.064590 1.387800 0.115414 0.085583 0.989624 0.000000 0.000000 0.000000 0.000000 1.000000
0.977025 0.173513 -0.123759 0.000000 -0.186121 0.977546 -0.098803 1.387800 0.103836 0.119567 0.987381 -0.000000 0.000000 0.000000 0.000000 1.000000
0.975531 0.185880 -0.117417 0.000000 -0.200760 0.970834 -0.131058 1.387800 0.089632 0.151424 0.984397 0.000000 0.000000 0.000000 0.000000 1.000000
0.973070 0.200863 -0.113089 -0.000000 -0.217229 0.963187 -0.158374 1.387800 0.077114 0.178675 0.980882 0.000000 0.000000 0.000000 0.000000 1.000000
0.971000 0.216759 -0.100868 0.000000 -0.232325 0.955052 -0.184120 1.387800 0.056424 0.202215 0.977714 -0.000000 0.000000 0.000000 0.000000 1.000000
0.969447 0.232458 -0.078333 0.000000 -0.244042 0.946287 -0.212096 1.387800 0.024822 0.224733 0.974104 0.000000 0.000000 0.000000 0.000000 1.000000
0.969199 0.240739 -0.051935 0.000000 -0.246112 0.939033 -0.240098 1.387800 -0.009032 0.245484 0.969358 0.000000 0.000000 0.000000 0.000000 1.000000
0.969560 0.242591 -0.033218 0.000000 -0.242823 0.935188 -0.257799 1.387800 -0.031475 0.258017 0.965628 0.000000 0.000000 0.000000 0.000000 1.000000
0.971034 0.238298 -0.017535 -0.000000 -0.234133 0.934275 -0.268908 1.387800 -0.047698 0.265224 0.963006 0.000000 0.000000 0.000000 0.000000 1.000000
0.973002 0.230795 0.000748 0.000000 -0.220830 0.931924 -0.287666 1.387800 -0.067089 0.279735 0.957730 0.000000 0.000000 0.000000 0.000000 1.000000
0.976119 0.216887 0.012360 -0.000000 -0.203170 0.931567 -0.301505 1.387800 -0.076907 0.291794 0.953384 -0.000000 0.000000 0.000000 0.000000 1.000000
0.979304 0.201623 0.017632 0.000000 -0.186398 0.932426 -0.309578 1.387800 -0.078859 0.299885 0.950711 0.000000 0.000000 0.000000 0.000000 1.000000
0.982135 0.185999 0.028554 -0.000000 -0.167703 0.933970 -0.315556 1.387800 -0.085362 0.305130 0.948477 -0.000000 0.000000 0.000000 0.000000 1.000000
0.985464 0.164973 0.040542 -0.000000 -0.143126 0.934824 -0.324991 1.387800 -0.091514 0.314464 0.944848 0.000000 0.000000 0.000000 0.000000 1.000000
0.988691 0.142778 0.045873 0.000000 -0.119581 0.935172 -0.333398 1.387800 -0.090501 0.324142 0.941669 0.000000 0.000000 0.000000 0.000000 1.000000
0.990766 0.127513 0.046081 0.000000 -0.104467 0.934589 -0.340045 1.387800 -0.086427 0.332091 0.939279 -0.000000 0.000000 0.000000 0.000000 1.000000
0.992472 0.112242 0.048994 -0.000000 -0.088740 0.934788 -0.343942 1.387800 -0.084404 0.337005 0.937712 0.000000 0.000000 0.000000 0.000000 1.000000
0.993522 0.101003 0.052075 0.000000 -0.077080 0.935702 -0.344268 1.387800 -0.083498 0.338024 0.937426 0.000000 0.000000 0.000000 0.000000 1.000000
0.994417 0.094122 0.047699 0.000000 -0.072496 0.937884 -0.339291 1.387800 -0.076671 0.333939 0.939471 -0.000000 0.000000 0.000000 0.000000 1.000000
0.994782 0.091377 0.045381 0.000000 -0.071113 0.939959 -0.333797 1.387800 -0.073158 0.328828 0.941552 0.000000 0.000000 0.000000 0.000000 1.000000
0.994969 0.090295 0.043391 -0.000000 -0.070727 0.939885 -0.334086 1.387800 -0.070949 0.329337 0.941543 -0.000000 0.000000 0.000000 0.000000 1.000000
0.995348 0.088589 0.037877 0.000000 -0.071074 0.940553 -0.332127 1.387800 -0.065048 0.327889 0.942474 0.000000 0.000000 0.000000 0.000000 1.000000
0.995772 0.086900 0.029779 0.000000 -0.072454 0.942268 -0.326927 1.387800 -0.056469 0.323388 0.944580 -0.000000 0.000000 0.000000 0.000000 1.000000
0.995939 0.087110 0.022765 0.000000 -0.075137 0.943439 -0.322920 1.387800 -0.049607 0.319898 0.946152 -0.000000 0.000000 0.000000 0.000000 1.000000
0.996105 0.086088 0.019084 0.000000 -0.075523 0.944634 -0.319317 1.387800 -0.045517 0.316631 0.947456 0.000000 0.000000 0.000000 0.000000 1.000000
0.996214 0.085491 0.015791 0.000000 -0.076278 0.946677 -0.313025 1.387800 -0.041710 0.310635 0.949614 0.000000 0.000000 0.000000 0.000000 1.000000
0.996140 0.086729 0.013536 0.000000 -0.078501 0.949193 -0.304745 1.387800 -0.039279 0.302506 0.952338 -0.000000 0.000000 0.000000 0.000000 1.000000
0.996161 0.086324 0.014523 0.000000 -0.078093 0.951332 -0.298108 1.387800 -0.039550 0.295829 0.954422 0.000000 0.000000 0.000000 0.000000 1.000000
0.996045 0.087231 0.016877 0.000000 -0.078469 0.952758 -0.293418 1.387800 -0.041674 0.290934 0.955835 0.000000 0.000000 0.000000 0.000000 1.000000
0.995914 0.087899 0.020733 -0.000000 -0.078394 0.955388 -0.284761 1.387800 -0.044838 0.281972 0.958374 -0.000000 0.000000 0.000000 0.000000 1.000000
0.995754 0.088781 0.024313 0.000000 -0.078757 0.958433 -0.274233 1.387800 -0.047649 0.271154 0.961356 0.000000 0.000000 0.000000 0.000000 1.000000
0.995460 0.091685 0.025559 0.000000 -0.081777 0.961266 -0.263212 1.387800 -0.048701 0.259927 0.964399 -0.000000 0.000000 0.000000 0.000000 1.000000
0.995235 0.093777 0.026698 0.000000 -0.083939 0.963358 -0.254747 1.387800 -0.049609 0.251292 0.966639 -0.000000 0.000000 0.000000 0.000000 1.000000
0.995214 0.093468 0.028501 -0.000000 -0.083548 0.965175 -0.247904 1.387800 -0.050680 0.244336 0.968365 0.000000 0.000000 0.000000 0.000000 1.000000
0.995249 0.092581 0.030128 0.000000 -0.082623 0.966838 -0.241658 1.387800 -0.051501 0.238021 0.969894 0.000000 0.000000 0.000000 0.000000 1.000000
0.995324 0.091448 0.031097 0.000000 -0.081583 0.968271 -0.236212 1.387800 -0.051711 0.232571 0.971204 0.000000 0.000000 0.000000 0.000000 1.000000
0.995410 0.090301 0.031711 0.000000 -0.080520 0.969251 -0.232529 1.387800 -0.051733 0.228908 0.972072 0.000000 0.000000 0.000000 0.000000 1.000000</float_array><technique_common><accessor source="#mixamorig_Spine2-Matrix-animation-output-transform-array" count="49" stride="16"><param type="float4x4"/></accessor></technique_common></source><source id="mixamorig_Spine2-Interpolations"><Name_array id="mixamorig_Spine2-Interpolations-array" count="49">
 LINEAR LINEAR LINEAR LINEAR LINEAR LINEAR LINEAR LINEAR LINEAR LINEAR LINEAR
LINEAR LINEAR LINEAR LINEAR LINEAR LINEAR LINEAR LINEAR LINEAR LINEAR LINEAR LINEAR
LINEAR LINEAR LINEAR LINEAR LINEAR LINEAR LINEAR LINEAR LINEAR LINEAR LINEAR LINEAR
LINEAR LINEAR LINEAR LINEAR LINEAR LINEAR LINEAR LINEAR LINEAR LINEAR LINEAR LINEAR
LINEAR LINEAR</Name_array><technique_common><accessor source="#mixamorig_Spine2-Interpolations-array" count="49"><param type="name"/></accessor></technique_common></source><sampler id="mixamorig_Spine2-Matrix-animation-transform"><input semantic="INPUT" source="#mixamorig_Spine2-Matrix-animation-input"/><input semantic="OUTPUT" source="#mixamorig_Spine2-Matrix-animation-output-transform"/><input semantic="INTERPOLATION" source="#mixamorig_Spine2-Interpolations"/></sampler><channel source="#mixamorig_Spine2-Matrix-animation-transform" target="mixamorig_Spine2/matrix"/></animation>
    <animation id="mixamorig_Neck-anim" name="mixamorig_Neck"><source id="mixamorig_Neck-Matrix-animation-input"><float_array id="mixamorig_Neck-Matrix-animation-input-array" count="49">

0.000000 0.033333 0.066667 0.100000 0.133333 0.166667 0.200000 0.233333 0.266667 0.300000 0.333333 0.366667 0.400000 0.433333 0.466667 0.500000
0.533333 0.566667 0.600000 0.633333 0.666667 0.700000 0.733333 0.766667 0.800000 0.833333 0.866667 0.900000 0.933333 0.966667 1.000000 1.033333
1.066667 1.100000 1.133333 1.166667 1.200000 1.233333 1.266667 1.300000 1.333333 1.366667 1.400000 1.433333 1.466667 1.500000 1.533333 1.566667
1.600000</float_array><technique_common><accessor source="#mixamorig_Neck-Matrix-animation-input-array" count="49"><param name="TIME" type="float"/></accessor></technique_common></source><source id="mixamorig_Neck-Matrix-animation-output-transform"><float_array id="mixamorig_Neck-Matrix-animation-output-transform-array" count="784">

0.998932 0.008131 0.045493 0.000000 -0.002206 0.991668 -0.128804 1.561300 -0.046161 0.128566 0.990626 0.000000 0.000000 0.000000 0.000000 1.000000
0.998956 0.007542 0.045055 0.000000 -0.001696 0.991722 -0.128395 1.561300 -0.045650 0.128184 0.990699 0.000000 0.000000 0.000000 0.000000 1.000000
0.998963 0.006756 0.045023 0.000000 -0.000913 0.991700 -0.128573 1.561300 -0.045518 0.128398 0.990678 -0.000000 0.000000 0.000000 0.000000 1.000000
0.998941 0.006560 0.045530 -0.000000 -0.000631 0.991640 -0.129034 1.561300 -0.045996 0.128869 0.990594 0.000000 0.000000 0.000000 0.000000 1.000000
0.998975 0.007292 0.044675 0.000000 -0.001144 0.990691 -0.136128 1.561300 -0.045251 0.135937 0.989683 0.000000 0.000000 0.000000 0.000000 1.000000
0.998982 0.004137 0.044927 0.000000 0.003191 0.986816 -0.161816 1.561300 -0.045004 0.161795 0.985798 0.000000 0.000000 0.000000 0.000000 1.000000
