<?xml version="1.0" encoding="utf-8"?>
<COLLADA xmlns="http://www.collada.org/2005/11/COLLADASchema" version="1.4.1">
  <asset><contributor><author>Mixamo</author><authoring_tool>COLLADA Mixamo exporter</authoring_tool><comments></comments></contributor><created>2020-05-06T09:10:49Z</created><modified>2020-05-06T09:10:49Z</modified><revision></revision><title></title><unit meter="0.025400"/><up_axis>Y_UP</up_axis></asset>
  <library_animations>
    <animation id="mixamorig_Hips-anim" name="mixamorig_Hips"><source id="mixamorig_Hips-Matrix-animation-input"><float_array id="mixamorig_Hips-Matrix-animation-input-array" count="109">

0.000000 0.033333 0.066667 0.100000 0.133333 0.166667 0.200000 0.233333 0.266667 0.300000 0.333333 0.366667 0.400000 0.433333 0.466667 0.500000
0.533333 0.566667 0.600000 0.633333 0.666667 0.700000 0.733333 0.766667 0.800000 0.833333 0.866667 0.900000 0.933333 0.966667 1.000000 1.033333
1.066667 1.100000 1.133333 1.166667 1.200000 1.233333 1.266667 1.300000 1.333333 1.366667 1.400000 1.433333 1.466667 1.500000 1.533333 1.566667
1.600000 1.633333 1.666667 1.700000 1.733333 1.766667 1.800000 1.833333 1.866667 1.900000 1.933333 1.966667 2.000000 2.033333 2.066667 2.100000
2.133333 2.166667 2.200000 2.233333 2.266667 2.300000 2.333333 2.366667 2.400000 2.433333 2.466667 2.500000 2.533333 2.566667 2.600000 2.633333
2.666667 2.700000 2.733333 2.766667 2.800000 2.833333 2.866667 2.900000 2.933333 2.966667 3.000000 3.033333 3.066667 3.100000 3.133333 3.166667
3.200000 3.233333 3.266667 3.300000 3.333333 3.366667 3.400000 3.433333 3.466667 3.500000 3.533333 3.566667 3.600000</float_array><technique_common><accessor source="#mixamorig_Hips-Matrix-animation-input-array" count="109"><param name="TIME" type="float"/></accessor></technique_common></source><source id="mixamorig_Hips-Matrix-animation-output-transform"><float_array id="mixamorig_Hips-Matrix-animation-output-transform-array" count="1744">

0.523952 -0.058170 -0.849759 -0.058615 0.065998 0.997438 -0.027585 8.248554 0.849187 -0.041629 0.526449 0.035419 0.000000 0.000000 0.000000 1.000000
0.543351 -0.064835 -0.836998 -0.076292 0.046071 0.997814 -0.047384 8.260241 0.838241 -0.012816 0.545150 -0.042179 0.000000 0.000000 0.000000 1.000000
0.544597 -0.064183 -0.836239 -0.122486 0.013099 0.997597 -0.068037 8.218908 0.838596 0.026099 0.544129 -0.049208 0.000000 0.000000 0.000000 1.000000
0.583838 -0.027201 -0.811414 -0.252268 -0.026405 0.998274 -0.052465 8.214406 0.811441 0.052056 0.582112 -0.097843 0.000000 0.000000 0.000000 1.000000
0.661619 0.060682 -0.747381 -0.656816 -0.052232 0.998029 0.034794 8.354954 0.748019 0.016017 0.663484 0.015867 0.000000 0.000000 0.000000 1.000000
0.675292 0.138888 -0.724355 -0.933339 -0.047241 0.988238 0.145444 8.553800 0.736036 -0.063998 0.673911 0.303186 0.000000 0.000000 0.000000 1.000000
0.596435 0.186661 -0.780655 -0.989346 -0.018331 0.975498 0.219245 8.695028 0.802452 -0.116455 0.585243 0.642250 0.000000 0.000000 0.000000 1.000000
0.515799 0.204343 -0.831983 -0.980490 0.022100 0.967641 0.251363 8.760193 0.856424 -0.148040 0.494592 0.884931 0.000000 0.000000 0.000000 1.000000
0.473086 0.204929 -0.856851 -0.978440 0.052256 0.964332 0.259486 8.780095 0.879465 -0.167535 0.445503 1.015440 0.000000 0.000000 0.000000 1.000000
0.444385 0.203235 -0.872478 -0.950542 0.070680 0.962936 0.260307 8.790490 0.893043 -0.177343 0.413550 1.092575 0.000000 0.000000 0.000000 1.000000
0.422903 0.199955 -0.883839 -0.915600 0.080309 0.963243 0.256346 8.793645 0.902609 -0.179390 0.391300 1.147519 0.000000 0.000000 0.000000 1.000000
0.413101 0.192341 -0.890142 -0.863081 0.086936 0.964649 0.248786 8.794216 0.906526 -0.180159 0.381777 1.187870 0.000000 0.000000 0.000000 1.000000
0.421520 0.179809 -0.888814 -0.796012 0.094159 0.966168 0.240113 8.791753 0.901917 -0.184902 0.390329 1.218085 0.000000 0.000000 0.000000 1.000000
0.446384 0.163968 -0.879691 -0.711212 0.102560 0.967216 0.232325 8.791183 0.888945 -0.193927 0.414933 1.247195 0.000000 0.000000 0.000000 1.000000
0.481928 0.146128 -0.863939 -0.608744 0.111677 0.967710 0.225977 8.785545 0.869065 -0.205387 0.450048 1.275832 0.000000 0.000000 0.000000 1.000000
0.522813 0.126979 -0.842937 -0.492838 0.120701 0.967854 0.220658 8.772490 0.843859 -0.217106 0.490680 1.305029 0.000000 0.000000 0.000000 1.000000
0.564480 0.107818 -0.818375 -0.369726 0.127634 0.968109 0.215582 8.753207 0.815519 -0.226144 0.532717 1.334759 0.000000 0.000000 0.000000 1.000000
0.604619 0.090657 -0.791339 -0.239298 0.131112 0.968622 0.211143 8.725039 0.785650 -0.231415 0.573761 1.358223 0.000000 0.000000 0.000000 1.000000
0.642365 0.076778 -0.762543 -0.114939 0.130565 0.969461 0.207600 8.695620 0.755195 -0.232916 0.612724 1.381269 0.000000 0.000000 0.000000 1.000000
0.678282 0.066893 -0.731751 -0.001332 0.125630 0.970628 0.205180 8.669018 0.723983 -0.231100 0.649955 1.383870 0.000000 0.000000 0.000000 1.000000
0.712945 0.061306 -0.698535 0.115425 0.117332 0.971697 0.205032 8.639248 0.691334 -0.228137 0.685573 1.384460 0.000000 0.000000 0.000000 1.000000
0.746064 0.058075 -0.663337 0.229105 0.106639 0.972911 0.205117 8.608100 0.657279 -0.223769 0.719661 1.381682 0.000000 0.000000 0.000000 1.000000
0.777381 0.055650 -0.626564 0.342142 0.094122 0.974574 0.203337 8.577573 0.621949 -0.217044 0.752377 1.368871 0.000000 0.000000 0.000000 1.000000
0.806642 0.054606 -0.588512 0.455318 0.080894 0.976152 0.201452 8.537880 0.585478 -0.210107 0.782988 1.358723 0.000000 0.000000 0.000000 1.000000
0.833661 0.053935 -0.549637 0.572008 0.068096 0.977587 0.199214 8.494564 0.548063 -0.203505 0.811303 1.337018 0.000000 0.000000 0.000000 1.000000
0.858283 0.053711 -0.510358 0.687412 0.056171 0.978699 0.197465 8.446245 0.510094 -0.198148 0.836984 1.309125 0.000000 0.000000 0.000000 1.000000
0.880429 0.053505 -0.471150 0.805075 0.045035 0.979687 0.195411 8.393613 0.472035 -0.193264 0.860135 1.277858 0.000000 0.000000 0.000000 1.000000
0.900058 0.053464 -0.432479 0.931902 0.034035 0.980789 0.192080 8.335439 0.434440 -0.187602 0.880947 1.234156 0.000000 0.000000 0.000000 1.000000
0.917214 0.053610 -0.394772 1.071140 0.023643 0.981833 0.188266 8.273450 0.397693 -0.182014 0.899283 1.177353 0.000000 0.000000 0.000000 1.000000
0.931882 0.053581 -0.358783 1.219526 0.014633 0.982675 0.184760 8.206976 0.362467 -0.177425 0.914953 1.120088 0.000000 0.000000 0.000000 1.000000
0.944084 0.053752 -0.325294 1.376625 0.006629 0.983327 0.181725 8.132768 0.329639 -0.173720 0.927987 1.062120 0.000000 0.000000 0.000000 1.000000
0.953703 0.054582 -0.295754 1.540033 -0.001011 0.983969 0.178335 8.049025 0.300747 -0.169779 0.938470 1.000720 0.000000 0.000000 0.000000 1.000000
0.961477 0.056823 -0.268949 1.717127 -0.009330 0.984583 0.174668 7.955208 0.274728 -0.165430 0.947184 0.931403 0.000000 0.000000 0.000000 1.000000
0.967690 0.059923 -0.244920 1.903610 -0.017606 0.985037 0.171441 7.846241 0.251529 -0.161589 0.954265 0.862174 0.000000 0.000000 0.000000 1.000000
0.973085 0.063131 -0.221630 2.109191 -0.025775 0.985526 0.167556 7.720049 0.229000 -0.157334 0.960627 0.803470 0.000000 0.000000 0.000000 1.000000
0.977145 0.067382 -0.201610 2.335824 -0.034424 0.986072 0.162718 7.570800 0.209767 -0.152058 0.965855 0.755710 0.000000 0.000000 0.000000 1.000000
0.979818 0.073772 -0.185779 2.578975 -0.044628 0.986680 0.156430 7.402500 0.194845 -0.144982 0.970060 0.711738 0.000000 0.000000 0.000000 1.000000
0.981568 0.083322 -0.171991 2.834404 -0.057748 0.987198 0.148680 7.206740 0.182178 -0.136007 0.973814 0.673286 0.000000 0.000000 0.000000 1.000000
0.982951 0.096761 -0.156349 3.098777 -0.074895 0.987293 0.140155 6.960175 0.167924 -0.126056 0.977707 0.657032 0.000000 0.000000 0.000000 1.000000
0.983865 0.113215 -0.138532 3.368317 -0.095357 0.986998 0.129388 6.575613 0.151380 -0.114091 0.981869 0.655668 0.000000 0.000000 0.000000 1.000000
0.983329 0.133363 -0.123609 3.661206 -0.118808 0.985823 0.118479 6.142884 0.137657 -0.101818 0.985233 0.661235 0.000000 0.000000 0.000000 1.000000
0.980207 0.159734 -0.116960 3.977156 -0.147275 0.983136 0.108412 5.654246 0.132305 -0.089041 0.987202 0.675117 0.000000 0.000000 0.000000 1.000000
0.974005 0.192454 -0.119476 4.279387 -0.181186 0.978450 0.099028 5.092431 0.135960 -0.074806 0.987886 0.692341 0.000000 0.000000 0.000000 1.000000
0.964165 0.232997 -0.126882 4.574913 -0.222604 0.970661 0.090906 4.477573 0.144340 -0.059404 0.987743 0.701191 0.000000 0.000000 0.000000 1.000000
0.945941 0.293464 -0.138112 4.863540 -0.283515 0.954981 0.087349 3.837564 0.157528 -0.043470 0.986557 0.703182 0.000000 0.000000 0.000000 1.000000
0.910990 0.380215 -0.159795 5.107052 -0.369105 0.924476 0.095427 3.160361 0.184009 -0.027952 0.982527 0.706961 0.000000 0.000000 0.000000 1.000000
0.846409 0.494284 -0.198180 5.465708 -0.476523 0.869120 0.132500 2.575276 0.237734 -0.017711 0.971169 0.595583 0.000000 0.000000 0.000000 1.000000
0.750177 0.613814 -0.245901 5.862598 -0.576325 0.789262 0.211932 1.957680 0.324167 -0.017268 0.945842 0.443933 0.000000 0.000000 0.000000 1.000000
0.615958 0.736819 -0.278737 6.174266 -0.664575 0.676003 0.318372 1.524145 0.423009 -0.010862 0.906060 0.287995 0.000000 0.000000 0.000000 1.000000
0.452380 0.846440 -0.280877 6.384330 -0.738848 0.532091 0.413502 1.479568 0.499456 0.020466 0.866097 0.093454 0.000000 0.000000 0.000000 1.000000
0.272710 0.929475 -0.248406 6.591785 -0.800562 0.362428 0.477228 1.612970 0.533601 0.068720 0.842940 -0.089163 0.000000 0.000000 0.000000 1.000000
0.115938 0.976534 -0.181491 6.850493 -0.839502 0.193997 0.507545 1.814752 0.530843 0.093518 0.842294 -0.187491 0.000000 0.000000 0.000000 1.000000
0.009651 0.994011 -0.108856 7.211943 -0.858266 0.064095 0.509187 2.127157 0.513115 0.088514 0.853744 -0.240057 0.000000 0.000000 0.000000 1.000000
-0.069039 0.996525 -0.046594 7.706041 -0.864616 -0.036470 0.501107 2.464491 0.497667 0.074881 0.864130 -0.264259 0.000000 0.000000 0.000000 1.000000
-0.138457 0.990343 -0.007028 8.235512 -0.860786 -0.116828 0.495377 2.806100 0.489773 0.074638 0.868649 -0.241459 0.000000 0.000000 0.000000 1.000000
-0.198031 0.980022 0.018448 8.652994 -0.847400 -0.180631 0.499285 3.081495 0.492642 0.083241 0.866242 -0.228369 0.000000 0.000000 0.000000 1.000000
-0.248286 0.967737 0.042895 9.042889 -0.825540 -0.234555 0.513291 3.295394 0.506791 0.092032 0.857142 -0.220405 0.000000 0.000000 0.000000 1.000000
-0.284320 0.956112 0.070801 9.377299 -0.800040 -0.277305 0.532013 3.467764 0.528298 0.094618 0.843771 -0.232219 0.000000 0.000000 0.000000 1.000000
-0.309820 0.944425 0.109873 9.651264 -0.769575 -0.316952 0.554343 3.562356 0.558360 0.087191 0.825004 -0.265146 0.000000 0.000000 0.000000 1.000000
-0.324254 0.933950 0.150322 9.855494 -0.734630 -0.348726 0.581987 3.621637 0.595968 0.078280 0.799184 -0.312571 0.000000 0.000000 0.000000 1.000000
-0.328855 0.925072 0.189990 9.989561 -0.695968 -0.373383 0.613362 3.616500 0.638343 0.069480 0.766610 -0.350811 0.000000 0.000000 0.000000 1.000000
-0.320931 0.923327 0.210880 10.078756 -0.658284 -0.377546 0.651246 3.553833 0.680930 0.070186 0.728978 -0.388788 0.000000 0.000000 0.000000 1.000000
-0.302487 0.927867 0.218094 10.115190 -0.625650 -0.365905 0.688967 3.476964 0.719071 0.071953 0.691202 -0.421035 0.000000 0.000000 0.000000 1.000000
-0.278226 0.935466 0.217929 10.096067 -0.599723 -0.346415 0.721339 3.389483 0.750282 0.069998 0.657402 -0.437133 0.000000 0.000000 0.000000 1.000000
-0.250957 0.944314 0.212816 10.028801 -0.581415 -0.322823 0.746821 3.284389 0.773936 0.063685 0.630053 -0.443936 0.000000 0.000000 0.000000 1.000000
-0.223662 0.953602 0.201539 9.917022 -0.570895 -0.295769 0.765898 3.150270 0.789971 0.056245 0.610559 -0.442717 0.000000 0.000000 0.000000 1.000000
-0.197982 0.962758 0.184118 9.763642 -0.567715 -0.265750 0.779151 2.962794 0.799064 0.049731 0.599186 -0.405291 0.000000 0.000000 0.000000 1.000000
-0.172457 0.971562 0.162253 9.607402 -0.570385 -0.232793 0.787698 2.752807 0.803069 0.043297 0.594311 -0.393154 0.000000 0.000000 0.000000 1.000000
-0.147185 0.979881 0.134798 9.469943 -0.576753 -0.195739 0.793122 2.587336 0.803550 0.038991 0.593958 -0.448628 0.000000 0.000000 0.000000 1.000000
-0.122392 0.987292 0.101365 9.344849 -0.581931 -0.154122 0.798500 2.429137 0.803975 0.038743 0.593400 -0.438526 0.000000 0.000000 0.000000 1.000000
-0.096439 0.993356 0.062803 9.197278 -0.583205 -0.107526 0.805177 2.238171 0.806580 0.041023 0.589700 -0.393049 0.000000 0.000000 0.000000 1.000000
-0.066891 0.997549 0.020528 9.024733 -0.580552 -0.055645 0.812320 2.005688 0.811471 0.042420 0.582851 -0.350000 0.000000 0.000000 0.000000 1.000000
-0.031654 0.999222 -0.023523 8.831577 -0.574516 0.001069 0.818493 1.708118 0.817881 0.039423 0.574035 -0.355387 0.000000 0.000000 0.000000 1.000000
0.026076 0.997348 -0.067948 8.311654 -0.562215 0.070834 0.823952 1.457793 0.826580 0.016716 0.562571 -0.512501 0.000000 0.000000 0.000000 1.000000
0.061459 0.992332 -0.107240 8.264298 -0.548394 0.123345 0.827073 1.357289 0.833958 0.007978 0.551770 -0.595867 0.000000 0.000000 0.000000 1.000000
0.076546 0.987853 -0.135230 8.370097 -0.530463 0.155188 0.833382 1.303959 0.844245 0.007942 0.535898 -0.573714 0.000000 0.000000 0.000000 1.000000
0.092854 0.984937 -0.145870 8.146907 -0.507777 0.172863 0.843967 1.312937 0.856470 -0.004296 0.516179 -0.683955 0.000000 0.000000 0.000000 1.000000
0.089001 0.985878 -0.141856 8.101394 -0.488892 0.167325 0.856147 1.345508 0.867792 -0.006846 0.496880 -0.780970 0.000000 0.000000 0.000000 1.000000
0.079314 0.988102 -0.131772 8.085167 -0.475890 0.153684 0.865974 1.379112 0.875921 -0.005975 0.482417 -0.849611 0.000000 0.000000 0.000000 1.000000
0.073359 0.989648 -0.123352 8.044415 -0.468507 0.143385 0.871746 1.385942 0.880409 -0.006159 0.474176 -0.887307 0.000000 0.000000 0.000000 1.000000
0.068762 0.990431 -0.119659 8.053171 -0.466051 0.137942 0.873939 1.375892 0.882082 -0.004327 0.471076 -0.902865 0.000000 0.000000 0.000000 1.000000
0.067102 0.990544 -0.119663 8.075535 -0.466070 0.137163 0.874051 1.354457 0.882200 -0.002879 0.470867 -0.915756 0.000000 0.000000 0.000000 1.000000
0.067364 0.990212 -0.122239 8.100154 -0.468208 0.139563 0.872527 1.317495 0.881047 -0.001544 0.473027 -0.915319 0.000000 0.000000 0.000000 1.000000
0.065355 0.990013 -0.124910 8.171749 -0.472718 0.140958 0.869867 1.293461 0.878787 0.002197 0.477210 -0.899993 0.000000 0.000000 0.000000 1.000000
0.063808 0.990062 -0.125322 8.256893 -0.479107 0.140551 0.866430 1.280593 0.875434 0.004757 0.483314 -0.877785 0.000000 0.000000 0.000000 1.000000
0.061045 0.990615 -0.122294 8.320171 -0.486205 0.136516 0.863115 1.273055 0.871710 0.006771 0.489976 -0.865096 0.000000 0.000000 0.000000 1.000000
0.057978 0.991432 -0.117054 8.347029 -0.492644 0.130394 0.860406 1.269207 0.868297 0.007782 0.495983 -0.855321 0.000000 0.000000 0.000000 1.000000
0.055320 0.992305 -0.110772 8.339030 -0.498209 0.123578 0.858205 1.267959 0.865290 0.007712 0.501212 -0.847860 0.000000 0.000000 0.000000 1.000000
0.054205 0.992857 -0.106291 8.325379 -0.503177 0.119103 0.855936 1.265814 0.862482 0.007087 0.506039 -0.844397 0.000000 0.000000 0.000000 1.000000
0.055082 0.992961 -0.104854 8.314287 -0.507721 0.118278 0.853364 1.262429 0.859759 0.006231 0.510662 -0.841202 0.000000 0.000000 0.000000 1.000000
0.057583 0.992603 -0.106884 8.301501 -0.511204 0.121277 0.850860 1.256185 0.857528 0.005644 0.514406 -0.837359 0.000000 0.000000 0.000000 1.000000
0.060945 0.991927 -0.111201 8.292584 -0.512956 0.126696 0.849014 1.247561 0.856249 0.005298 0.516537 -0.831681 0.000000 0.000000 0.000000 1.000000
0.064339 0.991130 -0.116282 8.288154 -0.512755 0.132799 0.848202 1.238754 0.856121 0.005051 0.516751 -0.828448 0.000000 0.000000 0.000000 1.000000
0.066475 0.990513 -0.120269 8.285994 -0.510830 0.137325 0.848643 1.232201 0.857108 0.005024 0.515112 -0.828959 0.000000 0.000000 0.000000 1.000000
0.067174 0.990222 -0.122258 8.283009 -0.507873 0.139408 0.850077 1.229637 0.858809 0.004989 0.512272 -0.834748 0.000000 0.000000 0.000000 1.000000
0.066406 0.990258 -0.122390 8.278653 -0.504724 0.139148 0.851993 1.230073 0.860723 0.005196 0.509047 -0.842619 0.000000 0.000000 0.000000 1.000000
0.065021 0.990458 -0.121512 8.274385 -0.501973 0.137706 0.853850 1.229438 0.862436 0.005478 0.506137 -0.851182 0.000000 0.000000 0.000000 1.000000
0.063495 0.990658 -0.120683 8.270800 -0.499746 0.136235 0.855391 1.226374 0.863842 0.005998 0.503728 -0.858211 0.000000 0.000000 0.000000 1.000000
0.062143 0.990779 -0.120394 8.269174 -0.497923 0.135319 0.856598 1.220933 0.864992 0.006716 0.501741 -0.862155 0.000000 0.000000 0.000000 1.000000
0.060946 0.990841 -0.120495 8.266403 -0.496324 0.134821 0.857605 1.214886 0.865996 0.007537 0.499995 -0.866179 0.000000 0.000000 0.000000 1.000000
0.059840 0.990877 -0.120757 8.266512 -0.495038 0.134507 0.858397 1.209321 0.866808 0.008413 0.498571 -0.867808 0.000000 0.000000 0.000000 1.000000
0.058804 0.990944 -0.120712 8.265406 -0.494062 0.133963 0.859044 1.205451 0.867436 0.009124 0.497466 -0.868982 0.000000 0.000000 0.000000 1.000000
0.057851 0.991054 -0.120269 8.265973 -0.493516 0.133111 0.859490 1.203834 0.867811 0.009632 0.496802 -0.868943 0.000000 0.000000 0.000000 1.000000
0.057271 0.991165 -0.119635 8.266461 -0.493343 0.132275 0.859719 1.203305 0.867948 0.009784 0.496559 -0.869759 0.000000 0.000000 0.000000 1.000000
0.057104 0.991208 -0.119355 8.266453 -0.493330 0.131950 0.859776 1.202601 0.867966 0.009785 0.496528 -0.869777 0.000000 0.000000 0.000000 1.000000
0.057547 0.991153 -0.119597 8.265890 -0.493282 0.132380 0.859737 1.200956 0.867964 0.009520 0.496536 -0.869258 0.000000 0.000000 0.000000 1.000000
0.058653 0.990978 -0.120509 8.263612 -0.493030 0.133723 0.859674 1.199426 0.868033 0.008992 0.496425 -0.869221 0.000000 0.000000 0.000000 1.000000
0.059250 0.990872 -0.121084 8.262622 -0.493034 0.134518 0.859548 1.198973 0.867990 0.008770 0.496504 -0.869466 0.000000 0.000000 0.000000 1.000000
0.059629 0.990839 -0.121172 8.261162 -0.493011 0.134783 0.859520 1.199015 0.867977 0.008487 0.496531 -0.868675 0.000000 0.000000 0.000000 1.000000</float_array><technique_common><accessor source="#mixamorig_Hips-Matrix-animation-output-transform-array" count="109" stride="16"><param type="float4x4"/></accessor></technique_common></source><source id="mixamorig_Hips-Interpolations"><Name_array id="mixamorig_Hips-Interpolations-array" count="109">
 LINEAR LINEAR LINEAR LINEAR LINEAR LINEAR LINEAR LINEAR LINEAR LINEAR LINEAR
LINEAR LINEAR LINEAR LINEAR LINEAR LINEAR LINEAR LINEAR LINEAR LINEAR LINEAR LINEAR
LINEAR LINEAR LINEAR LINEAR LINEAR LINEAR LINEAR LINEAR LINEAR LINEAR LINEAR LINEAR
LINEAR LINEAR LINEAR LINEAR LINEAR LINEAR LINEAR LINEAR LINEAR LINEAR LINEAR LINEAR
LINEAR LINEAR LINEAR LINEAR LINEAR LINEAR LINEAR LINEAR LINEAR LINEAR LINEAR LINEAR
LINEAR LINEAR LINEAR LINEAR LINEAR LINEAR LINEAR LINEAR LINEAR LINEAR LINEAR LINEAR
LINEAR LINEAR LINEAR LINEAR LINEAR LINEAR LINEAR LINEAR LINEAR LINEAR LINEAR LINEAR
LINEAR LINEAR LINEAR LINEAR LINEAR LINEAR LINEAR LINEAR LINEAR LINEAR LINEAR LINEAR
LINEAR LINEAR LINEAR LINEAR LINEAR LINEAR LINEAR LINEAR LINEAR LINEAR LINEAR LINEAR
LINEAR LINEAR</Name_array><technique_common><accessor source="#mixamorig_Hips-Interpolations-array" count="109"><param type="name"/></accessor></technique_common></source><sampler id="mixamorig_Hips-Matrix-animation-transform"><input semantic="INPUT" source="#mixamorig_Hips-Matrix-animation-input"/><input semantic="OUTPUT" source="#mixamorig_Hips-Matrix-animation-output-transform"/><input semantic="INTERPOLATION" source="#mixamorig_Hips-Interpolations"/></sampler><channel source="#mixamorig_Hips-Matrix-animation-transform" target="mixamorig_Hips/matrix"/></animation>
    <animation id="mixamorig_Spine-anim" name="mixamorig_Spine"><source id="mixamorig_Spine-Matrix-animation-input"><float_array id="mixamorig_Spine-Matrix-animation-input-array" count="109">

0.000000 0.033333 0.066667 0.100000 0.133333 0.166667 0.200000 0.233333 0.266667 0.300000 0.333333 0.366667 0.400000 0.433333 0.466667 0.500000
0.533333 0.566667 0.600000 0.633333 0.666667 0.700000 0.733333 0.766667 0.800000 0.833333 0.866667 0.900000 0.933333 0.966667 1.000000 1.033333
1.066667 1.100000 1.133333 1.166667 1.200000 1.233333 1.266667 1.300000 1.333333 1.366667 1.400000 1.433333 1.466667 1.500000 1.533333 1.566667
1.600000 1.633333 1.666667 1.700000 1.733333 1.766667 1.800000 1.833333 1.866667 1.900000 1.933333 1.966667 2.000000 2.033333 2.066667 2.100000
2.133333 2.166667 2.200000 2.233333 2.266667 2.300000 2.333333 2.366667 2.400000 2.433333 2.466667 2.500000 2.533333 2.566667 2.600000 2.633333
2.666667 2.700000 2.733333 2.766667 2.800000 2.833333 2.866667 2.900000 2.933333 2.966667 3.000000 3.033333 3.066667 3.100000 3.133333 3.166667
3.200000 3.233333 3.266667 3.300000 3.333333 3.366667 3.400000 3.433333 3.466667 3.500000 3.533333 3.566667 3.600000</float_array><technique_common><accessor source="#mixamorig_Spine-Matrix-animation-input-array" count="109"><param name="TIME" type="float"/></accessor></technique_common></source><source id="mixamorig_Spine-Matrix-animation-output-transform"><float_array id="mixamorig_Spine-Matrix-animation-output-transform-array" count="1744">

0.999003 0.044452 0.004109 0.000000 -0.043487 0.989832 -0.135427 1.039000 -0.010087 0.135114 0.990779 -0.061900 0.000000 0.000000 0.000000 1.000000
0.998421 0.055650 -0.007676 0.000000 -0.056172 0.987035 -0.150356 1.039000 -0.000791 0.150550 0.988602 -0.061900 0.000000 0.000000 0.000000 1.000000
0.998035 0.059227 -0.020437 0.000000 -0.061594 0.987232 -0.146897 1.039000 0.011475 0.147868 0.988941 -0.061900 0.000000 0.000000 0.000000 1.000000
0.998063 0.056558 -0.025923 0.000000 -0.059474 0.989647 -0.130618 1.039000 0.018267 0.131906 0.991094 -0.061900 0.000000 0.000000 0.000000 1.000000
0.998329 0.051164 -0.026848 0.000000 -0.053649 0.993348 -0.101885 1.039000 0.021456 0.103155 0.994434 -0.061900 0.000000 0.000000 0.000000 1.000000
0.999485 0.029142 -0.013430 0.000000 -0.030065 0.996758 -0.074624 1.039000 0.011212 0.074989 0.997121 -0.061900 0.000000 0.000000 0.000000 1.000000
0.999772 -0.018541 0.010565 -0.000000 0.019160 0.997901 -0.061854 1.039000 -0.009396 0.062042 0.998029 -0.061900 0.000000 0.000000 0.000000 1.000000
0.997954 -0.057385 0.028187 0.000000 0.058898 0.996685 -0.056131 1.039000 -0.024872 0.057676 0.998025 -0.061900 0.000000 0.000000 0.000000 1.000000
0.996792 -0.071912 0.035141 -0.000000 0.073703 0.995889 -0.052665 1.039000 -0.031209 0.055086 0.997994 -0.061900 0.000000 0.000000 0.000000 1.000000
0.996507 -0.074979 0.036770 0.000000 0.076805 0.995737 -0.051076 1.039000 -0.032784 0.053722 0.998018 -0.061900 0.000000 0.000000 0.000000 1.000000
0.996579 -0.073952 0.036908 0.000000 0.075733 0.995902 -0.049442 1.039000 -0.033100 0.052068 0.998095 -0.061900 0.000000 0.000000 0.000000 1.000000
0.996931 -0.069786 0.035476 0.000000 0.071427 0.996323 -0.047313 1.039000 -0.032044 0.049702 0.998250 -0.061900 0.000000 0.000000 0.000000 1.000000
0.997595 -0.062122 0.030751 0.000000 0.063490 0.996936 -0.045698 1.039000 -0.027818 0.047541 0.998482 -0.061900 0.000000 0.000000 0.000000 1.000000
0.998322 -0.053101 0.023078 0.000000 0.054097 0.997527 -0.044880 1.039000 -0.020637 0.046053 0.998726 -0.061900 0.000000 0.000000 0.000000 1.000000
0.998881 -0.044955 0.014672 0.000000 0.045577 0.997937 -0.045219 1.039000 -0.012609 0.045837 0.998869 -0.061900 0.000000 0.000000 0.000000 1.000000
0.999209 -0.039175 0.006890 -0.000000 0.039452 0.998162 -0.046001 1.039000 -0.005075 0.046236 0.998918 -0.061900 0.000000 0.000000 0.000000 1.000000
0.999340 -0.036338 -0.000197 0.000000 0.036290 0.998277 -0.046118 1.039000 0.001873 0.046081 0.998936 -0.061900 0.000000 0.000000 0.000000 1.000000
0.999359 -0.035144 -0.006836 0.000000 0.034800 0.998371 -0.045205 1.039000 0.008413 0.044938 0.998954 -0.061900 0.000000 0.000000 0.000000 1.000000
0.999338 -0.033916 -0.013130 0.000000 0.033311 0.998482 -0.043864 1.039000 0.014598 0.043397 0.998951 -0.061900 0.000000 0.000000 0.000000 1.000000
0.999303 -0.032087 -0.019096 -0.000000 0.031241 0.998585 -0.043046 1.039000 0.020450 0.042419 0.998891 -0.061900 0.000000 0.000000 0.000000 1.000000
0.999256 -0.029996 -0.024260 -0.000000 0.028925 0.998642 -0.043340 1.039000 0.025527 0.042606 0.998766 -0.061900 0.000000 0.000000 0.000000 1.000000
0.999190 -0.028832 -0.028058 0.000000 0.027571 0.998636 -0.044338 1.039000 0.029298 0.043528 0.998622 -0.061900 0.000000 0.000000 0.000000 1.000000
0.999126 -0.028862 -0.030246 0.000000 0.027502 0.998633 -0.044453 1.039000 0.031488 0.043582 0.998554 -0.061900 0.000000 0.000000 0.000000 1.000000
0.999076 -0.029592 -0.031176 0.000000 0.028230 0.998665 -0.043267 1.039000 0.032414 0.042347 0.998577 -0.061900 0.000000 0.000000 0.000000 1.000000
0.999047 -0.030332 -0.031388 -0.000000 0.028981 0.998671 -0.042622 1.039000 0.032639 0.041672 0.998598 -0.061900 0.000000 0.000000 0.000000 1.000000
0.999038 -0.030533 -0.031465 0.000000 0.029173 0.998657 -0.042809 1.039000 0.032730 0.041849 0.998588 -0.061900 0.000000 0.000000 0.000000 1.000000
0.999036 -0.030340 -0.031711 0.000000 0.028937 0.998622 -0.043789 1.039000 0.032996 0.042830 0.998537 -0.061900 0.000000 0.000000 0.000000 1.000000
0.999020 -0.030424 -0.032132 -0.000000 0.028941 0.998538 -0.045645 1.039000 0.033474 0.044671 0.998441 -0.061900 0.000000 0.000000 0.000000 1.000000
0.998982 -0.031155 -0.032616 0.000000 0.029556 0.998390 -0.048420 1.039000 0.034072 0.047407 0.998294 -0.061900 0.000000 0.000000 0.000000 1.000000
0.998930 -0.032367 -0.033048 -0.000000 0.030613 0.998164 -0.052264 1.039000 0.034679 0.051196 0.998086 -0.061900 0.000000 0.000000 0.000000 1.000000
0.998875 -0.033655 -0.033405 -0.000000 0.031726 0.997888 -0.056682 1.039000 0.035242 0.055559 0.997833 -0.061900 0.000000 0.000000 0.000000 1.000000
0.998805 -0.035379 -0.033727 -0.000000 0.033258 0.997551 -0.061525 1.039000 0.035821 0.060330 0.997536 -0.061900 0.000000 0.000000 0.000000 1.000000
0.998724 -0.037294 -0.034040 0.000000 0.034957 0.997150 -0.066851 1.039000 0.036436 0.065576 0.997182 -0.061900 0.000000 0.000000 0.000000 1.000000
0.998641 -0.039352 -0.034168 -0.000000 0.036793 0.996687 -0.072540 1.039000 0.036910 0.071185 0.996780 -0.061900 0.000000 0.000000 0.000000 1.000000
0.998569 -0.041252 -0.034038 0.000000 0.038477 0.996172 -0.078487 1.039000 0.037145 0.077065 0.996334 -0.061900 0.000000 0.000000 0.000000 1.000000
0.998494 -0.043292 -0.033704 0.000000 0.040325 0.995632 -0.084205 1.039000 0.037203 0.082719 0.995878 -0.061900 0.000000 0.000000 0.000000 1.000000
0.998421 -0.045109 -0.033469 0.000000 0.041939 0.995055 -0.090039 1.039000 0.037365 0.088493 0.995376 -0.061900 0.000000 0.000000 0.000000 1.000000
0.998351 -0.046610 -0.033517 -0.000000 0.043212 0.994461 -0.095816 1.039000 0.037797 0.094210 0.994835 -0.061900 0.000000 0.000000 0.000000 1.000000
0.998289 -0.047570 -0.034016 -0.000000 0.043910 0.993893 -0.101240 1.039000 0.038625 0.099573 0.994280 -0.061900 0.000000 0.000000 0.000000 1.000000
0.998232 -0.047817 -0.035294 0.000000 0.043821 0.993357 -0.106406 1.039000 0.040147 0.104671 0.993696 -0.061900 0.000000 0.000000 0.000000 1.000000
0.998192 -0.047541 -0.036767 0.000000 0.043207 0.992900 -0.110826 1.039000 0.041775 0.109037 0.993160 -0.061900 0.000000 0.000000 0.000000 1.000000
0.998179 -0.047336 -0.037383 -0.000000 0.042749 0.992423 -0.115190 1.039000 0.042552 0.113383 0.992640 -0.061900 0.000000 0.000000 0.000000 1.000000
0.998233 -0.047177 -0.036131 0.000000 0.042524 0.991839 -0.120199 1.039000 0.041506 0.118450 0.992092 -0.061900 0.000000 0.000000 0.000000 1.000000
0.998358 -0.046655 -0.033241 0.000000 0.042130 0.991161 -0.125795 1.039000 0.038817 0.124188 0.991499 -0.061900 0.000000 0.000000 0.000000 1.000000
0.998408 -0.049230 -0.027531 0.000000 0.045147 0.990066 -0.133160 1.039000 0.033813 0.131705 0.990712 -0.061900 0.000000 0.000000 0.000000 1.000000
0.998224 -0.056166 -0.019831 0.000000 0.052758 0.988267 -0.143334 1.039000 0.027649 0.142034 0.989476 -0.061900 0.000000 0.000000 0.000000 1.000000
0.998213 -0.058597 -0.011715 0.000000 0.056001 0.985733 -0.158726 1.039000 0.020849 0.157787 0.987253 -0.061900 0.000000 0.000000 0.000000 1.000000
0.998743 -0.049815 -0.005524 0.000000 0.048072 0.983283 -0.175623 1.039000 0.014181 0.175137 0.984442 -0.061900 0.000000 0.000000 0.000000 1.000000
0.999672 -0.025435 -0.002996 0.000000 0.024452 0.982678 -0.183700 1.039000 0.007616 0.183566 0.982978 -0.061900 0.000000 0.000000 0.000000 1.000000
0.999978 -0.001254 -0.006580 -0.000000 0.000086 0.984628 -0.174664 1.039000 0.006698 0.174659 0.984606 -0.061900 0.000000 0.000000 0.000000 1.000000
0.999875 0.011712 -0.010639 -0.000000 -0.013184 0.988463 -0.150889 1.039000 0.008749 0.151010 0.988493 -0.061900 0.000000 0.000000 0.000000 1.000000
0.999807 0.014065 -0.013720 -0.000000 -0.015719 0.991519 -0.129006 1.039000 0.011789 0.129197 0.991549 -0.061900 0.000000 0.000000 0.000000 1.000000
0.999768 0.010910 -0.018562 0.000000 -0.013105 0.992371 -0.122585 1.039000 0.017083 0.122800 0.992284 -0.061900 0.000000 0.000000 0.000000 1.000000
0.999684 -0.000479 -0.025127 0.000000 -0.002681 0.992079 -0.125585 1.039000 0.024988 0.125612 0.991765 -0.061900 0.000000 0.000000 0.000000 1.000000
0.999162 -0.025201 -0.032251 -0.000000 0.020721 0.990981 -0.132394 1.039000 0.035296 0.131615 0.990672 -0.061900 0.000000 0.000000 0.000000 1.000000
0.997897 -0.051078 -0.039898 0.000000 0.045131 0.989420 -0.137885 1.039000 0.046518 0.135794 0.989644 -0.061900 0.000000 0.000000 0.000000 1.000000
0.996314 -0.072809 -0.045346 0.000000 0.065644 0.987502 -0.143283 1.039000 0.055212 0.139779 0.988642 -0.061900 0.000000 0.000000 0.000000 1.000000
0.995199 -0.084532 -0.049328 -0.000000 0.076141 0.985372 -0.152461 1.039000 0.061494 0.147973 0.987078 -0.061900 0.000000 0.000000 0.000000 1.000000
0.994972 -0.085093 -0.052824 0.000000 0.075254 0.983193 -0.166340 1.039000 0.066090 0.161529 0.984652 -0.061900 0.000000 0.000000 0.000000 1.000000
0.995367 -0.077901 -0.056354 -0.000000 0.066249 0.980463 -0.185211 1.039000 0.069682 0.180620 0.981082 -0.061900 0.000000 0.000000 0.000000 1.000000
0.996059 -0.064646 -0.060717 0.000000 0.051379 0.978634 -0.199086 1.039000 0.072290 0.195182 0.978099 -0.061900 0.000000 0.000000 0.000000 1.000000
0.996703 -0.048072 -0.065356 0.000000 0.033613 0.977841 -0.206632 1.039000 0.073841 0.203754 0.976233 -0.061900 0.000000 0.000000 0.000000 1.000000
0.997076 -0.029323 -0.070564 0.000000 0.014304 0.978742 -0.204595 1.039000 0.075063 0.202988 0.976300 -0.061900 0.000000 0.000000 0.000000 1.000000
0.997058 -0.010652 -0.075911 -0.000000 -0.004596 0.980208 -0.197916 1.039000 0.076517 0.197683 0.977275 -0.061900 0.000000 0.000000 0.000000 1.000000
0.996732 0.005828 -0.080571 0.000000 -0.021097 0.981560 -0.189985 1.039000 0.077978 0.191064 0.978475 -0.061900 0.000000 0.000000 0.000000 1.000000
0.996245 0.019922 -0.084255 0.000000 -0.034976 0.982830 -0.181169 1.039000 0.079199 0.183435 0.979836 -0.061900 0.000000 0.000000 0.000000 1.000000
0.995790 0.031121 -0.086222 0.000000 -0.045597 0.984149 -0.171380 1.039000 0.079522 0.174590 0.981425 -0.061900 0.000000 0.000000 0.000000 1.000000
0.995288 0.041507 -0.087632 0.000000 -0.055139 0.985677 -0.159376 1.039000 0.079762 0.163457 0.983321 -0.061900 0.000000 0.000000 0.000000 1.000000
0.994592 0.051746 -0.090052 0.000000 -0.064443 0.987425 -0.144360 1.039000 0.081449 0.149383 0.985419 -0.061900 0.000000 0.000000 0.000000 1.000000
0.993844 0.061893 -0.091890 0.000000 -0.073233 0.989367 -0.125659 1.039000 0.083135 0.131615 0.987809 -0.061900 0.000000 0.000000 0.000000 1.000000
0.993031 0.072871 -0.092629 0.000000 -0.082394 0.991208 -0.103526 1.039000 0.084271 0.110437 0.990304 -0.061900 0.000000 0.000000 0.000000 1.000000
0.992051 0.085372 -0.092449 0.000000 -0.092821 0.992502 -0.079521 1.039000 0.084967 0.087470 0.992537 -0.061900 0.000000 0.000000 0.000000 1.000000
0.990687 0.101132 -0.091170 0.000000 -0.106439 0.992777 -0.055359 1.039000 0.084913 0.064547 0.994295 -0.061900 0.000000 0.000000 0.000000 1.000000
0.986800 0.136014 -0.087896 0.000000 -0.139178 0.989785 -0.030905 1.039000 0.082795 0.042730 0.995650 -0.061900 0.000000 0.000000 0.000000 1.000000
0.984679 0.150425 -0.088204 -0.000000 -0.151961 0.988326 -0.010927 1.039000 0.085530 0.024163 0.996043 -0.061900 0.000000 0.000000 0.000000 1.000000
0.984672 0.150815 -0.087617 -0.000000 -0.151130 0.988509 0.003064 1.039000 0.087072 0.010224 0.996150 -0.061900 0.000000 0.000000 0.000000 1.000000
0.982491 0.164876 -0.086758 -0.000000 -0.164437 0.986312 0.012238 1.039000 0.087588 0.002242 0.996154 -0.061900 0.000000 0.000000 0.000000 1.000000
0.982083 0.168143 -0.085088 0.000000 -0.167508 0.985763 0.014606 1.039000 0.086333 -0.000092 0.996266 -0.061900 0.000000 0.000000 0.000000 1.000000
0.982247 0.168237 -0.082993 -0.000000 -0.167714 0.985746 0.013281 1.039000 0.084044 0.000874 0.996462 -0.061900 0.000000 0.000000 0.000000 1.000000
0.982193 0.169465 -0.081104 0.000000 -0.169107 0.985533 0.011311 1.039000 0.081847 0.002606 0.996641 -0.061900 0.000000 0.000000 0.000000 1.000000
0.982422 0.168642 -0.080040 0.000000 -0.168439 0.985668 0.009339 1.039000 0.080468 0.004307 0.996748 -0.061900 0.000000 0.000000 0.000000 1.000000
0.982397 0.168758 -0.080101 0.000000 -0.168710 0.985638 0.007415 1.039000 0.080202 0.006229 0.996759 -0.061900 0.000000 0.000000 0.000000 1.000000
0.982159 0.169693 -0.081043 0.000000 -0.169836 0.985459 0.005178 1.039000 0.080743 0.008678 0.996697 -0.061900 0.000000 0.000000 0.000000 1.000000
0.982331 0.168058 -0.082355 -0.000000 -0.168441 0.985709 0.002318 1.039000 0.081567 0.011595 0.996600 -0.061900 0.000000 0.000000 0.000000 1.000000
0.982343 0.167309 -0.083724 -0.000000 -0.167980 0.985790 -0.000991 1.039000 0.082368 0.015037 0.996489 -0.061900 0.000000 0.000000 0.000000 1.000000
0.982477 0.166029 -0.084699 0.000000 -0.167038 0.985938 -0.004922 1.039000 0.082691 0.018984 0.996394 -0.061900 0.000000 0.000000 0.000000 1.000000
0.982645 0.164668 -0.085399 0.000000 -0.166038 0.986077 -0.009157 1.039000 0.082702 0.023177 0.996305 -0.061900 0.000000 0.000000 0.000000 1.000000
0.982725 0.163928 -0.085907 0.000000 -0.165603 0.986111 -0.012701 1.039000 0.082632 0.026708 0.996222 -0.061900 0.000000 0.000000 0.000000 1.000000
0.982731 0.163638 -0.086383 -0.000000 -0.165519 0.986092 -0.015033 1.039000 0.082722 0.029071 0.996149 -0.061900 0.000000 0.000000 0.000000 1.000000
0.982579 0.164290 -0.086876 0.000000 -0.166206 0.985973 -0.015253 1.039000 0.083151 0.029427 0.996102 -0.061900 0.000000 0.000000 0.000000 1.000000
0.982362 0.165384 -0.087250 -0.000000 -0.167168 0.985836 -0.013513 1.039000 0.083779 0.027860 0.996095 -0.061900 0.000000 0.000000 0.000000 1.000000
0.982110 0.166767 -0.087455 0.000000 -0.168299 0.985681 -0.010395 1.039000 0.084470 0.024927 0.996114 -0.061900 0.000000 0.000000 0.000000 1.000000
0.981869 0.168148 -0.087521 0.000000 -0.169396 0.985523 -0.006983 1.039000 0.085080 0.021682 0.996138 -0.061900 0.000000 0.000000 0.000000 1.000000
0.981697 0.169213 -0.087396 0.000000 -0.170216 0.985398 -0.004099 1.039000 0.085426 0.018900 0.996165 -0.061900 0.000000 0.000000 0.000000 1.000000
0.981612 0.169843 -0.087124 -0.000000 -0.170695 0.985321 -0.002364 1.039000 0.085444 0.017192 0.996195 -0.061900 0.000000 0.000000 0.000000 1.000000
0.981621 0.169977 -0.086767 0.000000 -0.170776 0.985308 -0.001818 1.039000 0.085183 0.016602 0.996227 -0.061900 0.000000 0.000000 0.000000 1.000000
0.981692 0.169758 -0.086390 0.000000 -0.170570 0.985343 -0.002060 1.039000 0.084774 0.016758 0.996259 -0.061900 0.000000 0.000000 0.000000 1.000000
0.981781 0.169412 -0.086055 0.000000 -0.170270 0.985394 -0.002682 1.039000 0.084344 0.017286 0.996287 -0.061900 0.000000 0.000000 0.000000 1.000000
0.981869 0.169050 -0.085760 0.000000 -0.169958 0.985446 -0.003339 1.039000 0.083947 0.017854 0.996310 -0.061900 0.000000 0.000000 0.000000 1.000000
0.981917 0.168817 -0.085675 0.000000 -0.169767 0.985477 -0.003875 1.039000 0.083777 0.018350 0.996316 -0.061900 0.000000 0.000000 0.000000 1.000000
0.981984 0.168518 -0.085497 0.000000 -0.169509 0.985519 -0.004410 1.039000 0.083516 0.018823 0.996329 -0.061900 0.000000 0.000000 0.000000 1.000000
0.982024 0.168267 -0.085534 0.000000 -0.169300 0.985552 -0.004926 1.039000 0.083469 0.019318 0.996323 -0.061900 0.000000 0.000000 0.000000 1.000000
0.982071 0.167968 -0.085580 0.000000 -0.169045 0.985593 -0.005443 1.039000 0.083433 0.019812 0.996316 -0.061900 0.000000 0.000000 0.000000 1.000000
0.982097 0.167778 -0.085647 0.000000 -0.168886 0.985618 -0.005810 1.039000 0.083440 0.020170 0.996309 -0.061900 0.000000 0.000000 0.000000 1.000000
0.982119 0.167620 -0.085703 -0.000000 -0.168738 0.985643 -0.005923 1.039000 0.083480 0.020279 0.996303 -0.061900 0.000000 0.000000 0.000000 1.000000
0.982116 0.167639 -0.085704 -0.000000 -0.168733 0.985646 -0.005627 1.039000 0.083530 0.019988 0.996305 -0.061900 0.000000 0.000000 0.000000 1.000000
0.982061 0.167976 -0.085670 0.000000 -0.169011 0.985602 -0.004921 1.039000 0.083610 0.019312 0.996311 -0.061900 0.000000 0.000000 0.000000 1.000000
0.982026 0.168192 -0.085653 0.000000 -0.169185 0.985574 -0.004418 1.039000 0.083674 0.018830 0.996315 -0.061900 0.000000 0.000000 0.000000 1.000000
0.982034 0.168166 -0.085612 0.000000 -0.169141 0.985583 -0.004212 1.039000 0.083669 0.018616 0.996320 -0.061900 0.000000 0.000000 0.000000 1.000000</float_array><technique_common><accessor source="#mixamorig_Spine-Matrix-animation-output-transform-array" count="109" stride="16"><param type="float4x4"/></accessor></technique_common></source><source id="mixamorig_Spine-Interpolations"><Name_array id="mixamorig_Spine-Interpolations-array" count="109">
 LINEAR LINEAR LINEAR LINEAR LINEAR LINEAR LINEAR LINEAR LINEAR LINEAR LINEAR
LINEAR LINEAR LINEAR LINEAR LINEAR LINEAR LINEAR LINEAR LINEAR LINEAR LINEAR LINEAR
LINEAR LINEAR LINEAR LINEAR LINEAR LINEAR LINEAR LINEAR LINEAR LINEAR LINEAR LINEAR
LINEAR LINEAR LINEAR LINEAR LINEAR LINEAR LINEAR LINEAR LINEAR LINEAR LINEAR LINEAR
LINEAR LINEAR LINEAR LINEAR LINEAR LINEAR LINEAR LINEAR LINEAR LINEAR LINEAR LINEAR
LINEAR LINEAR LINEAR LINEAR LINEAR LINEAR LINEAR LINEAR LINEAR LINEAR LINEAR LINEAR
LINEAR LINEAR LINEAR LINEAR LINEAR LINEAR LINEAR LINEAR LINEAR LINEAR LINEAR LINEAR
LINEAR LINEAR LINEAR LINEAR LINEAR LINEAR LINEAR LINEAR LINEAR LINEAR LINEAR LINEAR
LINEAR LINEAR LINEAR LINEAR LINEAR LINEAR LINEAR LINEAR LINEAR LINEAR LINEAR LINEAR
LINEAR LINEAR</Name_array><technique_common><accessor source="#mixamorig_Spine-Interpolations-array" count="109"><param type="name"/></accessor></technique_common></source><sampler id="mixamorig_Spine-Matrix-animation-transform"><input semantic="INPUT" source="#mixamorig_Spine-Matrix-animation-input"/><input semantic="OUTPUT" source="#mixamorig_Spine-Matrix-animation-output-transform"/><input semantic="INTERPOLATION" source="#mixamorig_Spine-Interpolations"/></sampler><channel source="#mixamorig_Spine-Matrix-animation-transform" target="mixamorig_Spine/matrix"/></animation>
    <animation id="mixamorig_Spine1-anim" name="mixamorig_Spine1"><source id="mixamorig_Spine1-Matrix-animation-input"><float_array id="mixamorig_Spine1-Matrix-animation-input-array" count="109">

0.000000 0.033333 0.066667 0.100000 0.133333 0.166667 0.200000 0.233333 0.266667 0.300000 0.333333 0.366667 0.400000 0.433333 0.466667 0.500000
0.533333 0.566667 0.600000 0.633333 0.666667 0.700000 0.733333 0.766667 0.800000 0.833333 0.866667 0.900000 0.933333 0.966667 1.000000 1.033333
1.066667 1.100000 1.133333 1.166667 1.200000 1.233333 1.266667 1.300000 1.333333 1.366667 1.400000 1.433333 1.466667 1.500000 1.533333 1.566667
1.600000 1.633333 1.666667 1.700000 1.733333 1.766667 1.800000 1.833333 1.866667 1.900000 1.933333 1.966667 2.000000 2.033333 2.066667 2.100000
2.133333 2.166667 2.200000 2.233333 2.266667 2.300000 2.333333 2.366667 2.400000 2.433333 2.466667 2.500000 2.533333 2.566667 2.600000 2.633333
2.666667 2.700000 2.733333 2.766667 2.800000 2.833333 2.866667 2.900000 2.933333 2.966667 3.000000 3.033333 3.066667 3.100000 3.133333 3.166667
