<?xml version="1.0" encoding="utf-8"?>
<COLLADA xmlns="http://www.collada.org/2005/11/COLLADASchema" version="1.4.1">
  <asset><contributor><author>Mixamo</author><authoring_tool>COLLADA Mixamo exporter</authoring_tool><comments></comments></contributor><created>2020-05-06T10:17:25Z</created><modified>2020-05-06T10:17:25Z</modified><revision></revision><title></title><unit meter="0.025400"/><up_axis>Y_UP</up_axis></asset>
  <library_animations>
    <animation id="mixamorig_Hips-anim" name="mixamorig_Hips"><source id="mixamorig_Hips-Matrix-animation-input"><float_array id="mixamorig_Hips-Matrix-animation-input-array" count="96">

0.000000 0.033333 0.066667 0.100000 0.133333 0.166667 0.200000 0.233333 0.266667 0.300000 0.333333 0.366667 0.400000 0.433333 0.466667 0.500000
0.533333 0.566667 0.600000 0.633333 0.666667 0.700000 0.733333 0.766667 0.800000 0.833333 0.866667 0.900000 0.933333 0.966667 1.000000 1.033333
1.066667 1.100000 1.133333 1.166667 1.200000 1.233333 1.266667 1.300000 1.333333 1.366667 1.400000 1.433333 1.466667 1.500000 1.533333 1.566667
1.600000 1.633333 1.666667 1.700000 1.733333 1.766667 1.800000 1.833333 1.866667 1.900000 1.933333 1.966667 2.000000 2.033333 2.066667 2.100000
2.133333 2.166667 2.200000 2.233333 2.266667 2.300000 2.333333 2.366667 2.400000 2.433333 2.466667 2.500000 2.533333 2.566667 2.600000 2.633333
2.666667 2.700000 2.733333 2.766667 2.800000 2.833333 2.866667 2.900000 2.933333 2.966667 3.000000 3.033333 3.066667 3.100000 3.133333 3.166667</float_array><technique_common><accessor source="#mixamorig_Hips-Matrix-animation-input-array" count="96"><param name="TIME" type="float"/></accessor></technique_common></source><source id="mixamorig_Hips-Matrix-animation-output-transform"><float_array id="mixamorig_Hips-Matrix-animation-output-transform-array" count="1536">

0.639262 -0.126958 -0.758436 -0.033557 0.040622 0.990475 -0.131561 7.729495 0.767915 0.053292 0.638331 0.116678 0.000000 0.000000 0.000000 1.000000
0.641988 -0.124318 -0.756569 0.014939 0.037827 0.990701 -0.130693 7.754619 0.765781 0.055285 0.640721 0.079779 0.000000 0.000000 0.000000 1.000000
0.632926 -0.123316 -0.764329 0.063592 0.038352 0.991015 -0.128131 7.781569 0.773262 0.051784 0.631968 0.028235 0.000000 0.000000 0.000000 1.000000
0.587290 -0.125526 -0.799584 0.106007 0.035626 0.990952 -0.129402 7.813289 0.808592 0.047511 0.586448 -0.036804 0.000000 0.000000 0.000000 1.000000
0.506581 -0.130191 -0.852306 0.147949 0.029786 0.990586 -0.133610 7.843807 0.861678 0.042298 0.505690 -0.109189 0.000000 0.000000 0.000000 1.000000
0.397707 -0.136596 -0.907288 0.190647 0.021466 0.989970 -0.139635 7.868540 0.917261 0.036058 0.396650 -0.187491 0.000000 0.000000 0.000000 1.000000
0.271339 -0.144023 -0.951647 0.230198 0.011275 0.989149 -0.146483 7.888082 0.962418 0.029017 0.270018 -0.279404 0.000000 0.000000 0.000000 1.000000
0.141511 -0.152044 -0.978191 0.262083 -0.000053 0.988133 -0.153598 7.901736 0.989937 0.021787 0.139824 -0.380511 0.000000 0.000000 0.000000 1.000000
-0.008687 -0.167855 -0.985773 0.269008 -0.016306 0.985703 -0.167700 7.902073 0.999829 0.014618 -0.011300 -0.486656 0.000000 0.000000 0.000000 1.000000
-0.123479 -0.188403 -0.974298 0.247864 -0.032656 0.982052 -0.185763 7.909705 0.991810 0.008878 -0.127415 -0.590007 0.000000 0.000000 0.000000 1.000000
-0.169339 -0.220704 -0.960528 0.205065 -0.043501 0.975327 -0.216435 7.943304 0.984597 0.005133 -0.174762 -0.679966 0.000000 0.000000 0.000000 1.000000
-0.202785 -0.253719 -0.945783 0.133382 -0.058460 0.967264 -0.246947 7.979743 0.977477 0.005214 -0.210979 -0.750319 0.000000 0.000000 0.000000 1.000000
-0.221784 -0.285171 -0.932464 0.045313 -0.073676 0.958447 -0.275593 8.017861 0.972308 0.007578 -0.233578 -0.787217 0.000000 0.000000 0.000000 1.000000
-0.217664 -0.312970 -0.924485 -0.038746 -0.084982 0.949675 -0.301489 8.063569 0.972317 0.012941 -0.233307 -0.796760 0.000000 0.000000 0.000000 1.000000
-0.201306 -0.347154 -0.915948 -0.095396 -0.088539 0.937711 -0.335943 8.109556 0.975519 0.013470 -0.219504 -0.769984 0.000000 0.000000 0.000000 1.000000
-0.163346 -0.387261 -0.907385 -0.113077 -0.092023 0.921709 -0.376809 8.148003 0.982268 0.021950 -0.186194 -0.720045 0.000000 0.000000 0.000000 1.000000
-0.093123 -0.426404 -0.899727 -0.078837 -0.087315 0.903669 -0.419235 8.190774 0.991819 0.039520 -0.121384 -0.647264 0.000000 0.000000 0.000000 1.000000
0.007002 -0.457419 -0.889224 0.011555 -0.076583 0.886389 -0.456563 8.234982 0.997039 0.071297 -0.028824 -0.558454 0.000000 0.000000 0.000000 1.000000
0.133424 -0.478780 -0.867737 0.151462 -0.057712 0.870326 -0.489083 8.273768 0.989377 0.115334 0.088491 -0.448535 0.000000 0.000000 0.000000 1.000000
0.275951 -0.483933 -0.830458 0.326664 -0.025312 0.860047 -0.509587 8.313872 0.960838 0.161641 0.225081 -0.313671 0.000000 0.000000 0.000000 1.000000
0.417608 -0.473789 -0.775324 0.511472 0.020698 0.858031 -0.513181 8.342772 0.908392 0.198261 0.368127 -0.127995 0.000000 0.000000 0.000000 1.000000
0.562874 -0.434661 -0.703024 0.699085 0.077770 0.874637 -0.478499 8.389365 0.822876 0.214661 0.526114 0.152732 0.000000 0.000000 0.000000 1.000000
0.697547 -0.381828 -0.606330 0.858132 0.139596 0.902394 -0.407674 8.407680 0.702809 0.199730 0.682764 0.501812 0.000000 0.000000 0.000000 1.000000
0.809489 -0.330450 -0.485315 0.990749 0.183786 0.927653 -0.325089 8.421421 0.557629 0.173962 0.811657 0.873254 0.000000 0.000000 0.000000 1.000000
0.898722 -0.266001 -0.348630 1.109649 0.193447 0.953967 -0.229186 8.477973 0.393545 0.138533 0.908808 1.344175 0.000000 0.000000 0.000000 1.000000
0.960409 -0.220444 -0.170349 1.188123 0.197095 0.969785 -0.143776 8.534325 0.196896 0.104509 0.974838 1.712875 0.000000 0.000000 0.000000 1.000000
0.982233 -0.184005 0.036874 1.202497 0.186366 0.979493 -0.076561 8.583494 -0.022030 0.082073 0.996383 2.019017 0.000000 0.000000 0.000000 1.000000
0.957046 -0.159723 0.241975 1.172539 0.166080 0.986094 -0.005967 8.686419 -0.237657 0.045898 0.970264 2.340383 0.000000 0.000000 0.000000 1.000000
0.891178 -0.162769 0.423447 1.182951 0.148963 0.986654 0.065757 8.826024 -0.428499 0.004477 0.903531 2.660208 0.000000 0.000000 0.000000 1.000000
0.758913 -0.190202 0.622795 1.254518 0.122310 0.981006 0.150557 8.930928 -0.639602 -0.038085 0.767762 2.960701 0.000000 0.000000 0.000000 1.000000
0.634827 -0.206775 0.744472 1.337528 0.078569 0.975807 0.204029 8.978167 -0.768649 -0.071031 0.635715 3.241222 0.000000 0.000000 0.000000 1.000000
0.443698 -0.224801 0.867523 1.437390 -0.001707 0.967814 0.251662 8.957060 -0.896174 -0.113143 0.429034 3.604078 0.000000 0.000000 0.000000 1.000000
0.256954 -0.258130 0.931313 1.562872 -0.071675 0.955925 0.284727 8.857464 -0.963762 -0.139913 0.227128 4.058927 0.000000 0.000000 0.000000 1.000000
0.103622 -0.263287 0.959136 1.661597 -0.106138 0.955894 0.273864 8.611873 -0.988937 -0.130179 0.071107 4.658152 0.000000 0.000000 0.000000 1.000000
-0.045259 -0.242075 0.969201 1.722946 -0.110348 0.965470 0.235990 8.253088 -0.992862 -0.096269 -0.070408 5.398166 0.000000 0.000000 0.000000 1.000000
-0.190250 -0.203311 0.960453 1.807934 -0.090997 0.977762 0.188950 8.021501 -0.977509 -0.051451 -0.204520 6.060934 0.000000 0.000000 0.000000 1.000000
-0.333338 -0.136187 0.932920 1.891282 -0.076409 0.990160 0.117242 7.851062 -0.939706 -0.032202 -0.340464 6.674484 0.000000 0.000000 0.000000 1.000000
-0.459282 -0.096132 0.883073 1.957912 -0.101377 0.993304 0.055407 7.814676 -0.882487 -0.064076 -0.465952 7.145300 0.000000 0.000000 0.000000 1.000000
-0.557275 -0.067024 0.827618 1.980306 -0.126784 0.991918 -0.005040 7.851743 -0.820591 -0.107737 -0.561269 7.461207 0.000000 0.000000 0.000000 1.000000
-0.645717 -0.044247 0.762293 1.982425 -0.139467 0.988360 -0.060770 7.916708 -0.750732 -0.145555 -0.644372 7.707688 0.000000 0.000000 0.000000 1.000000
-0.702245 -0.023010 0.711564 1.967435 -0.146667 0.982714 -0.112969 7.947258 -0.696664 -0.183695 -0.693480 7.866460 0.000000 0.000000 0.000000 1.000000
-0.747700 -0.015566 0.663854 1.941290 -0.150011 0.977841 -0.146029 7.936298 -0.646870 -0.208771 -0.733467 7.971810 0.000000 0.000000 0.000000 1.000000
-0.785995 -0.019755 0.617917 1.896536 -0.147752 0.976528 -0.156723 7.909191 -0.600317 -0.214482 -0.770465 8.052502 0.000000 0.000000 0.000000 1.000000
-0.800198 -0.004792 0.599717 1.830159 -0.137785 0.974689 -0.176057 7.889254 -0.583694 -0.223513 -0.780604 8.109746 0.000000 0.000000 0.000000 1.000000
-0.794158 0.014934 0.607528 1.769126 -0.124044 0.974667 -0.186110 7.890759 -0.594917 -0.223161 -0.772187 8.155725 0.000000 0.000000 0.000000 1.000000
-0.779174 0.040948 0.625468 1.706414 -0.109500 0.973627 -0.200150 7.913505 -0.617169 -0.224441 -0.754141 8.182896 0.000000 0.000000 0.000000 1.000000
-0.750002 0.057470 0.658935 1.646024 -0.104423 0.973437 -0.203755 7.962992 -0.653141 -0.221624 -0.724078 8.191886 0.000000 0.000000 0.000000 1.000000
-0.705168 0.063620 0.706180 1.588201 -0.108809 0.974459 -0.196443 8.027416 -0.700641 -0.215364 -0.680235 8.178195 0.000000 0.000000 0.000000 1.000000
-0.645233 0.074146 0.760379 1.534866 -0.110048 0.975880 -0.188543 8.086141 -0.756018 -0.205332 -0.621510 8.137615 0.000000 0.000000 0.000000 1.000000
-0.575482 0.086036 0.813276 1.482261 -0.111735 0.976854 -0.182405 8.121346 -0.810145 -0.195842 -0.552549 8.080032 0.000000 0.000000 0.000000 1.000000
-0.496146 0.100218 0.862436 1.427711 -0.111151 0.977811 -0.177568 8.137830 -0.861095 -0.183960 -0.473998 7.998428 0.000000 0.000000 0.000000 1.000000
-0.405161 0.102141 0.908522 1.371334 -0.112728 0.980575 -0.160514 8.135614 -0.907269 -0.167450 -0.385777 7.866674 0.000000 0.000000 0.000000 1.000000
-0.316501 0.098534 0.943461 1.309022 -0.118627 0.982671 -0.142425 8.128758 -0.941146 -0.156997 -0.299327 7.683378 0.000000 0.000000 0.000000 1.000000
-0.240237 0.101377 0.965406 1.248832 -0.126926 0.982713 -0.134780 8.152525 -0.962380 -0.154914 -0.223217 7.442731 0.000000 0.000000 0.000000 1.000000
-0.170048 0.129202 0.976929 1.172080 -0.135390 0.978903 -0.153029 8.229474 -0.976091 -0.158288 -0.148968 7.131091 0.000000 0.000000 0.000000 1.000000
-0.109180 0.162203 0.980699 1.065652 -0.148091 0.972932 -0.177405 8.356474 -0.982929 -0.164602 -0.082204 6.724688 0.000000 0.000000 0.000000 1.000000
-0.045805 0.187194 0.981255 0.959869 -0.155049 0.969049 -0.192103 8.493414 -0.986844 -0.160941 -0.015363 6.240594 0.000000 0.000000 0.000000 1.000000
0.076267 0.192411 0.978346 0.876669 -0.157004 0.971281 -0.178783 8.610074 -0.984649 -0.139969 0.104286 5.688683 0.000000 0.000000 0.000000 1.000000
0.244543 0.183950 0.952030 0.775236 -0.152866 0.976876 -0.149485 8.704254 -0.957513 -0.108978 0.267008 5.103834 0.000000 0.000000 0.000000 1.000000
0.417458 0.156253 0.895162 0.687761 -0.144106 0.984023 -0.104560 8.789978 -0.897197 -0.085349 0.433305 4.522038 0.000000 0.000000 0.000000 1.000000
0.581305 0.129485 0.803317 0.629222 -0.130563 0.989308 -0.064984 8.847054 -0.803143 -0.067108 0.591995 3.951527 0.000000 0.000000 0.000000 1.000000
0.719517 0.111956 0.685391 0.600646 -0.120802 0.992051 -0.035230 8.857935 -0.683887 -0.057448 0.727323 3.563067 0.000000 0.000000 0.000000 1.000000
0.826767 0.107995 0.552081 0.603267 -0.115010 0.993120 -0.022036 8.861700 -0.550663 -0.045276 0.833499 3.237515 0.000000 0.000000 0.000000 1.000000
0.908736 0.104296 0.404129 0.619999 -0.111753 0.993723 -0.005165 8.844925 -0.402131 -0.040469 0.914687 2.967947 0.000000 0.000000 0.000000 1.000000
0.962264 0.099120 0.253425 0.609123 -0.104912 0.994437 0.009412 8.818081 -0.251082 -0.035644 0.967309 2.734415 0.000000 0.000000 0.000000 1.000000
0.989683 0.087809 0.113215 0.563190 -0.091166 0.995527 0.024813 8.799753 -0.110529 -0.034878 0.993261 2.535867 0.000000 0.000000 0.000000 1.000000
0.996123 0.082897 -0.029440 0.490910 -0.081804 0.995977 0.036578 8.760471 0.032354 -0.034028 0.998897 2.345274 0.000000 0.000000 0.000000 1.000000
0.984181 0.082784 -0.156635 0.375327 -0.077712 0.996242 0.038243 8.702710 0.159212 -0.025466 0.986916 2.138253 0.000000 0.000000 0.000000 1.000000
0.962678 0.078218 -0.259102 0.245702 -0.067878 0.996508 0.048629 8.649311 0.262001 -0.029227 0.964625 1.930748 0.000000 0.000000 0.000000 1.000000
0.934554 0.074462 -0.347942 0.095405 -0.057679 0.996628 0.058362 8.568829 0.351114 -0.034473 0.935698 1.702818 0.000000 0.000000 0.000000 1.000000
0.902890 0.063034 -0.425224 -0.059072 -0.045171 0.997626 0.051972 8.461198 0.427491 -0.027718 0.903595 1.434583 0.000000 0.000000 0.000000 1.000000
0.871648 0.046982 -0.487876 -0.203779 -0.027545 0.998518 0.046944 8.375170 0.489358 -0.027480 0.871650 1.196391 0.000000 0.000000 0.000000 1.000000
0.839675 0.032832 -0.542097 -0.313120 -0.012619 0.999081 0.040963 8.306943 0.542943 -0.027554 0.839317 0.979252 0.000000 0.000000 0.000000 1.000000
0.804886 0.018752 -0.593133 -0.380893 -0.001758 0.999572 0.029216 8.247197 0.593427 -0.022472 0.804574 0.831639 0.000000 0.000000 0.000000 1.000000
0.770668 0.003325 -0.637229 -0.433445 0.013439 0.999679 0.021470 8.175117 0.637096 -0.025110 0.770376 0.749948 0.000000 0.000000 0.000000 1.000000
0.744073 -0.012509 -0.667981 -0.508505 0.033623 0.999259 0.018740 8.116096 0.667251 -0.036403 0.743942 0.673207 0.000000 0.000000 0.000000 1.000000
0.729395 -0.022409 -0.683725 -0.528419 0.042907 0.998994 0.013030 8.066644 0.682746 -0.038841 0.729623 0.622392 0.000000 0.000000 0.000000 1.000000
0.716360 -0.031352 -0.697026 -0.535963 0.050308 0.998711 0.006782 8.021872 0.695915 -0.039925 0.717014 0.588869 0.000000 0.000000 0.000000 1.000000
0.704958 -0.039406 -0.708154 -0.532495 0.055923 0.998435 0.000112 7.976096 0.707041 -0.039680 0.706058 0.563612 0.000000 0.000000 0.000000 1.000000
0.695144 -0.046627 -0.717357 -0.517743 0.059845 0.998184 -0.006889 7.928904 0.716376 -0.038141 0.696672 0.542791 0.000000 0.000000 0.000000 1.000000
0.686835 -0.053196 -0.724864 -0.495047 0.062361 0.997953 -0.014148 7.883346 0.724133 -0.035486 0.688747 0.521488 0.000000 0.000000 0.000000 1.000000
0.679928 -0.059386 -0.730871 -0.471398 0.063917 0.997721 -0.021607 7.844667 0.730488 -0.032024 0.682174 0.495551 0.000000 0.000000 0.000000 1.000000
0.674287 -0.065159 -0.735589 -0.449032 0.064511 0.997489 -0.029224 7.814264 0.735646 -0.027749 0.676798 0.457114 0.000000 0.000000 0.000000 1.000000
0.669763 -0.070536 -0.739217 -0.423373 0.064228 0.997250 -0.036964 7.787850 0.739792 -0.022721 0.672452 0.418609 0.000000 0.000000 0.000000 1.000000
0.666212 -0.075546 -0.741926 -0.394295 0.063163 0.996997 -0.044801 7.763072 0.743083 -0.017015 0.668983 0.384194 0.000000 0.000000 0.000000 1.000000
0.663463 -0.080254 -0.743893 -0.362442 0.061463 0.996716 -0.052711 7.740220 0.745680 -0.010750 0.666217 0.353350 0.000000 0.000000 0.000000 1.000000
0.661341 -0.084728 -0.745284 -0.328469 0.059277 0.996396 -0.060675 7.719598 0.747739 -0.004051 0.663980 0.325518 0.000000 0.000000 0.000000 1.000000
0.659665 -0.089039 -0.746267 -0.293029 0.056749 0.996024 -0.068674 7.701510 0.749414 0.002952 0.662095 0.300156 0.000000 0.000000 0.000000 1.000000
0.658247 -0.093256 -0.747003 -0.259364 0.054018 0.995591 -0.076690 7.686172 0.750861 0.010129 0.660382 0.276851 0.000000 0.000000 0.000000 1.000000
0.656900 -0.097455 -0.747653 -0.226381 0.051225 0.995089 -0.084702 7.673902 0.752236 0.017342 0.658666 0.254904 0.000000 0.000000 0.000000 1.000000
0.655431 -0.101719 -0.748374 -0.193949 0.048508 0.994513 -0.092691 7.664981 0.753696 0.024451 0.656768 0.233679 0.000000 0.000000 0.000000 1.000000
0.653644 -0.106128 -0.749324 -0.161889 0.046000 0.993859 -0.100636 7.660913 0.755403 0.031311 0.654512 0.212609 0.000000 0.000000 0.000000 1.000000
0.651334 -0.110768 -0.750663 -0.129965 0.043829 0.993128 -0.108517 7.667686 0.757525 0.037780 0.651713 0.191009 0.000000 0.000000 0.000000 1.000000
0.648303 -0.115726 -0.752536 -0.098021 0.042125 0.992319 -0.116310 7.683454 0.760216 0.043704 0.648199 0.168239 0.000000 0.000000 0.000000 1.000000
0.644350 -0.121093 -0.755083 -0.065928 0.041015 0.991435 -0.123997 7.705091 0.763630 0.048928 0.643797 0.143677 0.000000 0.000000 0.000000 1.000000
0.639262 -0.126958 -0.758436 -0.033554 0.040622 0.990475 -0.131561 7.729498 0.767915 0.053292 0.638331 0.116677 0.000000 0.000000 0.000000 1.000000</float_array><technique_common><accessor source="#mixamorig_Hips-Matrix-animation-output-transform-array" count="96" stride="16"><param type="float4x4"/></accessor></technique_common></source><source id="mixamorig_Hips-Interpolations"><Name_array id="mixamorig_Hips-Interpolations-array" count="96">
 LINEAR LINEAR LINEAR LINEAR LINEAR LINEAR LINEAR LINEAR LINEAR LINEAR LINEAR
LINEAR LINEAR LINEAR LINEAR LINEAR LINEAR LINEAR LINEAR LINEAR LINEAR LINEAR LINEAR
LINEAR LINEAR LINEAR LINEAR LINEAR LINEAR LINEAR LINEAR LINEAR LINEAR LINEAR LINEAR
LINEAR LINEAR LINEAR LINEAR LINEAR LINEAR LINEAR LINEAR LINEAR LINEAR LINEAR LINEAR
LINEAR LINEAR LINEAR LINEAR LINEAR LINEAR LINEAR LINEAR LINEAR LINEAR LINEAR LINEAR
LINEAR LINEAR LINEAR LINEAR LINEAR LINEAR LINEAR LINEAR LINEAR LINEAR LINEAR LINEAR
LINEAR LINEAR LINEAR LINEAR LINEAR LINEAR LINEAR LINEAR LINEAR LINEAR LINEAR LINEAR
LINEAR LINEAR LINEAR LINEAR LINEAR LINEAR LINEAR LINEAR LINEAR LINEAR LINEAR LINEAR
LINEAR</Name_array><technique_common><accessor source="#mixamorig_Hips-Interpolations-array" count="96"><param type="name"/></accessor></technique_common></source><sampler id="mixamorig_Hips-Matrix-animation-transform"><input semantic="INPUT" source="#mixamorig_Hips-Matrix-animation-input"/><input semantic="OUTPUT" source="#mixamorig_Hips-Matrix-animation-output-transform"/><input semantic="INTERPOLATION" source="#mixamorig_Hips-Interpolations"/></sampler><channel source="#mixamorig_Hips-Matrix-animation-transform" target="mixamorig_Hips/matrix"/></animation>
    <animation id="mixamorig_Spine-anim" name="mixamorig_Spine"><source id="mixamorig_Spine-Matrix-animation-input"><float_array id="mixamorig_Spine-Matrix-animation-input-array" count="96">

0.000000 0.033333 0.066667 0.100000 0.133333 0.166667 0.200000 0.233333 0.266667 0.300000 0.333333 0.366667 0.400000 0.433333 0.466667 0.500000
0.533333 0.566667 0.600000 0.633333 0.666667 0.700000 0.733333 0.766667 0.800000 0.833333 0.866667 0.900000 0.933333 0.966667 1.000000 1.033333
1.066667 1.100000 1.133333 1.166667 1.200000 1.233333 1.266667 1.300000 1.333333 1.366667 1.400000 1.433333 1.466667 1.500000 1.533333 1.566667
1.600000 1.633333 1.666667 1.700000 1.733333 1.766667 1.800000 1.833333 1.866667 1.900000 1.933333 1.966667 2.000000 2.033333 2.066667 2.100000
2.133333 2.166667 2.200000 2.233333 2.266667 2.300000 2.333333 2.366667 2.400000 2.433333 2.466667 2.500000 2.533333 2.566667 2.600000 2.633333
2.666667 2.700000 2.733333 2.766667 2.800000 2.833333 2.866667 2.900000 2.933333 2.966667 3.000000 3.033333 3.066667 3.100000 3.133333 3.166667</float_array><technique_common><accessor source="#mixamorig_Spine-Matrix-animation-input-array" count="96"><param name="TIME" type="float"/></accessor></technique_common></source><source id="mixamorig_Spine-Matrix-animation-output-transform"><float_array id="mixamorig_Spine-Matrix-animation-output-transform-array" count="1536">

0.998300 0.032014 0.048700 0.000000 -0.025374 0.991016 -0.131315 1.039000 -0.052466 0.129856 0.990144 -0.061900 0.000000 0.000000 0.000000 1.000000
0.998437 0.028929 0.047827 -0.000000 -0.022604 0.991532 -0.127877 1.039000 -0.051122 0.126596 0.990636 -0.061900 0.000000 0.000000 0.000000 1.000000
0.998488 0.032918 0.044014 0.000000 -0.026882 0.990978 -0.131298 1.039000 -0.047939 0.129917 0.990365 -0.061900 0.000000 0.000000 0.000000 1.000000
0.998698 0.032705 0.039141 0.000000 -0.027299 0.990944 -0.131468 1.039000 -0.043086 0.130228 0.990547 -0.061900 0.000000 0.000000 0.000000 1.000000
0.998936 0.032375 0.032834 -0.000000 -0.027773 0.990856 -0.132032 1.039000 -0.036809 0.130980 0.990701 -0.061900 0.000000 0.000000 0.000000 1.000000
0.999176 0.032065 0.024871 0.000000 -0.028477 0.990682 -0.133186 1.039000 -0.028909 0.132368 0.990779 -0.061900 0.000000 0.000000 0.000000 1.000000
0.999428 0.030298 0.015023 0.000000 -0.027994 0.990436 -0.135106 1.039000 -0.018973 0.134608 0.990717 -0.061900 0.000000 0.000000 0.000000 1.000000
0.999629 0.027077 0.002920 0.000000 -0.026407 0.989918 -0.139155 1.039000 -0.006659 0.139026 0.990266 -0.061900 0.000000 0.000000 0.000000 1.000000
0.999614 0.023131 -0.015357 -0.000000 -0.025127 0.988971 -0.145960 1.039000 0.011812 0.146290 0.989171 -0.061900 0.000000 0.000000 0.000000 1.000000
0.999032 0.020204 -0.039077 0.000000 -0.026049 0.987509 -0.155396 1.039000 0.035450 0.156263 0.987079 -0.061900 0.000000 0.000000 0.000000 1.000000
0.998051 0.016956 -0.060054 -0.000000 -0.026767 0.985672 -0.166537 1.039000 0.056369 0.167820 0.984205 -0.061900 0.000000 0.000000 0.000000 1.000000
0.997093 0.013566 -0.074983 -0.000000 -0.026725 0.983778 -0.177386 1.039000 0.071360 0.178874 0.981281 -0.061900 0.000000 0.000000 0.000000 1.000000
0.996238 0.012494 -0.085756 0.000000 -0.028226 0.982374 -0.184781 1.039000 0.081935 0.186507 0.979031 -0.061900 0.000000 0.000000 0.000000 1.000000
0.995488 0.010025 -0.094352 0.000000 -0.028139 0.980858 -0.192679 1.039000 0.090614 0.194465 0.976715 -0.061900 0.000000 0.000000 0.000000 1.000000
0.994885 0.005916 -0.100840 0.000000 -0.025798 0.980058 -0.197027 1.039000 0.097663 0.198621 0.975198 -0.061900 0.000000 0.000000 0.000000 1.000000
0.994365 -0.002921 -0.105970 0.000000 -0.018474 0.979550 -0.200349 1.039000 0.104389 0.201178 0.973977 -0.061900 0.000000 0.000000 0.000000 1.000000
0.993583 -0.015403 -0.112054 0.000000 -0.007748 0.979087 -0.203292 1.039000 0.112842 0.202856 0.972685 -0.061900 0.000000 0.000000 0.000000 1.000000
0.992657 -0.032654 -0.116475 0.000000 0.008031 0.978541 -0.205894 1.039000 0.120699 0.203447 0.971618 -0.061900 0.000000 0.000000 0.000000 1.000000
0.991621 -0.054391 -0.117176 -0.000000 0.029360 0.978197 -0.205596 1.039000 0.125803 0.200432 0.971597 -0.061900 0.000000 0.000000 0.000000 1.000000
0.990610 -0.076045 -0.113620 -0.000000 0.051944 0.978062 -0.201735 1.039000 0.126468 0.193939 0.972828 -0.061900 0.000000 0.000000 0.000000 1.000000
0.989875 -0.096098 -0.104461 0.000000 0.074618 0.978365 -0.192960 1.039000 0.120744 0.183212 0.975630 -0.061900 0.000000 0.000000 0.000000 1.000000
0.989079 -0.115409 -0.091673 0.000000 0.096844 0.977756 -0.186050 1.039000 0.111105 0.175141 0.978254 -0.061900 0.000000 0.000000 0.000000 1.000000
0.988008 -0.132784 -0.078801 0.000000 0.117247 0.977258 -0.176691 1.039000 0.100471 0.165333 0.981107 -0.061900 0.000000 0.000000 0.000000 1.000000
0.987035 -0.147349 -0.063637 0.000000 0.135196 0.976957 -0.165157 1.039000 0.086507 0.154412 0.984212 -0.061900 0.000000 0.000000 0.000000 1.000000
0.985952 -0.160865 -0.044948 -0.000000 0.152251 0.976239 -0.154200 1.039000 0.068685 0.145190 0.987017 -0.061900 0.000000 0.000000 0.000000 1.000000
0.984956 -0.170088 -0.030527 0.000000 0.164304 0.976496 -0.139500 1.039000 0.053537 0.132386 0.989751 -0.061900 0.000000 0.000000 0.000000 1.000000
0.984462 -0.174383 -0.020608 0.000000 0.170813 0.978231 -0.117844 1.039000 0.040709 0.112492 0.992818 -0.061900 0.000000 0.000000 0.000000 1.000000
0.985004 -0.172212 -0.010526 0.000000 0.170476 0.980838 -0.094313 1.039000 0.026566 0.091104 0.995487 -0.061900 0.000000 0.000000 0.000000 1.000000
0.987113 -0.160019 0.001501 -0.000000 0.159641 0.984047 -0.078524 1.039000 0.011088 0.077752 0.996911 -0.061900 0.000000 0.000000 0.000000 1.000000
0.990171 -0.139826 0.003038 0.000000 0.139697 0.987752 -0.069506 1.039000 0.006718 0.069247 0.997577 -0.061900 0.000000 0.000000 0.000000 1.000000
0.993191 -0.115259 0.016921 -0.000000 0.116094 0.991314 -0.061799 1.039000 -0.009651 0.063343 0.997945 -0.061900 0.000000 0.000000 0.000000 1.000000
0.996120 -0.086434 0.016539 -0.000000 0.087245 0.994554 -0.057012 1.039000 -0.011521 0.058233 0.998237 -0.061900 0.000000 0.000000 0.000000 1.000000
0.998196 -0.059312 0.009343 0.000000 0.059770 0.996380 -0.060455 1.039000 -0.005723 0.060905 0.998127 -0.061900 0.000000 0.000000 0.000000 1.000000
0.999524 -0.030443 -0.004986 0.000000 0.030066 0.997538 -0.063351 1.039000 0.006902 0.063171 0.997979 -0.061900 0.000000 0.000000 0.000000 1.000000
0.999806 -0.005312 -0.018962 0.000000 0.003954 0.997472 -0.070945 1.039000 0.019291 0.070856 0.997300 -0.061900 0.000000 0.000000 0.000000 1.000000
0.999522 0.017221 -0.025685 0.000000 -0.019231 0.996596 -0.080165 1.039000 0.024217 0.080621 0.996451 -0.061900 0.000000 0.000000 0.000000 1.000000
0.998691 0.041929 -0.029295 0.000000 -0.044265 0.995459 -0.084278 1.039000 0.025628 0.085464 0.996012 -0.061900 0.000000 0.000000 0.000000 1.000000
0.998180 0.057310 -0.018745 0.000000 -0.058874 0.993478 -0.097649 1.039000 0.013026 0.098575 0.995044 -0.061900 0.000000 0.000000 0.000000 1.000000
0.997846 0.065589 0.000775 0.000000 -0.065068 0.991267 -0.114702 1.039000 -0.008292 0.114405 0.993400 -0.061900 0.000000 0.000000 0.000000 1.000000
0.997145 0.073423 0.017638 0.000000 -0.070474 0.988763 -0.131840 1.039000 -0.027120 0.130220 0.991114 -0.061900 0.000000 0.000000 0.000000 1.000000
0.996519 0.077416 0.030944 -0.000000 -0.072323 0.987355 -0.141067 1.039000 -0.041473 0.138338 0.989516 -0.061900 0.000000 0.000000 0.000000 1.000000
0.996136 0.076268 0.043555 0.000000 -0.069112 0.986699 -0.147136 1.039000 -0.054198 0.143557 0.988157 -0.061900 0.000000 0.000000 0.000000 1.000000
0.996039 0.067158 0.058270 0.000000 -0.057159 0.985634 -0.158930 1.039000 -0.068106 0.154970 0.985569 -0.061900 0.000000 0.000000 0.000000 1.000000
0.995832 0.060811 0.067982 0.000000 -0.049027 0.985366 -0.163247 1.039000 -0.076914 0.159234 0.984240 -0.061900 0.000000 0.000000 0.000000 1.000000
0.995886 0.057769 0.069812 0.000000 -0.045438 0.984936 -0.166840 1.039000 -0.078399 0.162982 0.983509 -0.061900 0.000000 0.000000 0.000000 1.000000
0.995987 0.056924 0.069056 0.000000 -0.044706 0.984925 -0.167104 1.039000 -0.077527 0.163346 0.983518 -0.061900 0.000000 0.000000 0.000000 1.000000
0.996219 0.055313 0.066991 0.000000 -0.043508 0.985101 -0.166383 1.039000 -0.075196 0.162839 0.983783 -0.061900 0.000000 0.000000 0.000000 1.000000
0.996438 0.052464 0.066023 0.000000 -0.041024 0.985601 -0.164033 1.039000 -0.073678 0.160740 0.984243 -0.061900 0.000000 0.000000 0.000000 1.000000
0.996627 0.051555 0.063847 0.000000 -0.040821 0.986387 -0.159291 1.039000 -0.071191 0.156148 0.985165 -0.061900 0.000000 0.000000 0.000000 1.000000
0.996859 0.051637 0.060044 0.000000 -0.041943 0.987370 -0.152776 1.039000 -0.067175 0.149778 0.986435 -0.061900 0.000000 0.000000 0.000000 1.000000
0.997075 0.053707 0.054379 0.000000 -0.045232 0.988163 -0.146591 1.039000 -0.061608 0.143702 0.987701 -0.061900 0.000000 0.000000 0.000000 1.000000
0.997424 0.055446 0.045502 -0.000000 -0.048311 0.988224 -0.145191 1.039000 -0.053017 0.142618 0.988357 -0.061900 0.000000 0.000000 0.000000 1.000000
0.997923 0.056014 0.031815 -0.000000 -0.050815 0.988030 -0.145654 1.039000 -0.039593 0.143735 0.988824 -0.061900 0.000000 0.000000 0.000000 1.000000
0.998355 0.055161 0.015660 0.000000 -0.052335 0.988159 -0.144229 1.039000 -0.023431 0.143172 0.989420 -0.061900 0.000000 0.000000 0.000000 1.000000
0.998760 0.049783 -0.000513 0.000000 -0.049397 0.989631 -0.134873 1.039000 -0.006207 0.134731 0.990863 -0.061900 0.000000 0.000000 0.000000 1.000000
0.999100 0.039737 -0.014841 -0.000000 -0.041282 0.991319 -0.124832 1.039000 0.009752 0.125333 0.992067 -0.061900 0.000000 0.000000 0.000000 1.000000
0.999157 0.028568 -0.029474 0.000000 -0.031905 0.992287 -0.119789 1.039000 0.025824 0.120629 0.992362 -0.061900 0.000000 0.000000 0.000000 1.000000
0.999026 0.021886 -0.038328 0.000000 -0.026371 0.992333 -0.120744 1.039000 0.035392 0.121637 0.991944 -0.061900 0.000000 0.000000 0.000000 1.000000
0.998933 0.018995 -0.042102 0.000000 -0.023970 0.992363 -0.121003 1.039000 0.039482 0.121883 0.991759 -0.061900 0.000000 0.000000 0.000000 1.000000
0.999004 0.014794 -0.042096 0.000000 -0.019719 0.992686 -0.119101 1.039000 0.040026 0.119813 0.991989 -0.061900 0.000000 0.000000 0.000000 1.000000
0.999175 0.007499 -0.039905 0.000000 -0.012117 0.993086 -0.116764 1.039000 0.038753 0.117152 0.992358 -0.061900 0.000000 0.000000 0.000000 1.000000
0.999252 -0.003098 -0.038547 0.000000 -0.001375 0.993307 -0.115495 1.039000 0.038647 0.115462 0.992560 -0.061900 0.000000 0.000000 0.000000 1.000000
0.999201 -0.013831 -0.037509 -0.000000 0.009492 0.993494 -0.113488 1.039000 0.038835 0.113041 0.992831 -0.061900 0.000000 0.000000 0.000000 1.000000
0.999072 -0.024413 -0.035495 0.000000 0.020213 0.993251 -0.114213 1.039000 0.038044 0.113390 0.992822 -0.061900 0.000000 0.000000 0.000000 1.000000
0.998993 -0.031036 -0.032393 0.000000 0.027136 0.993045 -0.114569 1.039000 0.035724 0.113575 0.992887 -0.061900 0.000000 0.000000 0.000000 1.000000
0.999058 -0.033095 -0.028078 0.000000 0.029669 0.992954 -0.114723 1.039000 0.031677 0.113782 0.993001 -0.061900 0.000000 0.000000 0.000000 1.000000
0.999119 -0.035237 -0.022803 -0.000000 0.032422 0.992972 -0.113825 1.039000 0.026654 0.112985 0.993239 -0.061900 0.000000 0.000000 0.000000 1.000000
0.999120 -0.036923 -0.019880 0.000000 0.034470 0.993099 -0.112100 1.039000 0.023881 0.111317 0.993498 -0.061900 0.000000 0.000000 0.000000 1.000000
0.999179 -0.035290 -0.019890 0.000000 0.032797 0.992924 -0.114133 1.039000 0.023777 0.113387 0.993266 -0.061900 0.000000 0.000000 0.000000 1.000000
0.999263 -0.032772 -0.020009 0.000000 0.030240 0.992804 -0.115866 1.039000 0.023662 0.115175 0.993063 -0.061900 0.000000 0.000000 0.000000 1.000000
0.999352 -0.030411 -0.019232 0.000000 0.028039 0.993153 -0.113405 1.039000 0.022549 0.112792 0.993363 -0.061900 0.000000 0.000000 0.000000 1.000000
0.999422 -0.027810 -0.019559 0.000000 0.025419 0.993229 -0.113354 1.039000 0.022579 0.112791 0.993362 -0.061900 0.000000 0.000000 0.000000 1.000000
0.999386 -0.028582 -0.020266 0.000000 0.026043 0.992904 -0.116030 1.039000 0.023438 0.115431 0.993039 -0.061900 0.000000 0.000000 0.000000 1.000000
0.999285 -0.031782 -0.020501 -0.000000 0.029101 0.992355 -0.119939 1.039000 0.024157 0.119257 0.992570 -0.061900 0.000000 0.000000 0.000000 1.000000
0.999239 -0.033051 -0.020724 0.000000 0.030237 0.991833 -0.123903 1.039000 0.024650 0.123183 0.992078 -0.061900 0.000000 0.000000 0.000000 1.000000
0.999127 -0.032874 -0.025771 -0.000000 0.029312 0.991322 -0.128149 1.039000 0.029760 0.127282 0.991420 -0.061900 0.000000 0.000000 0.000000 1.000000
0.999163 -0.031085 -0.026579 0.000000 0.027383 0.991161 -0.129810 1.039000 0.030379 0.128974 0.991183 -0.061900 0.000000 0.000000 0.000000 1.000000
0.999229 -0.029027 -0.026421 0.000000 0.025322 0.991041 -0.131139 1.039000 0.029991 0.130369 0.991012 -0.061900 0.000000 0.000000 0.000000 1.000000
0.999319 -0.026786 -0.025374 0.000000 0.023206 0.990957 -0.132159 1.039000 0.028684 0.131480 0.990904 -0.061900 0.000000 0.000000 0.000000 1.000000
0.999425 -0.024446 -0.023515 0.000000 0.021110 0.990904 -0.132907 1.039000 0.026550 0.132334 0.990850 -0.061900 0.000000 0.000000 0.000000 1.000000
0.999541 -0.021908 -0.020947 0.000000 0.018923 0.990880 -0.133411 1.039000 0.023678 0.132953 0.990839 -0.061900 0.000000 0.000000 0.000000 1.000000
0.999662 -0.018911 -0.017817 0.000000 0.016363 0.990887 -0.133695 1.039000 0.020183 0.133358 0.990862 -0.061900 0.000000 0.000000 0.000000 1.000000
0.999791 -0.014753 -0.014168 0.000000 0.012741 0.991056 -0.132839 1.039000 0.016001 0.132631 0.991036 -0.061900 0.000000 0.000000 0.000000 1.000000
0.999878 -0.011936 -0.010064 0.000000 0.010486 0.990997 -0.133471 1.039000 0.011566 0.133350 0.991002 -0.061900 0.000000 0.000000 0.000000 1.000000
0.999927 -0.010667 -0.005593 0.000000 0.009809 0.990688 -0.135797 1.039000 0.006990 0.135732 0.990721 -0.061900 0.000000 0.000000 0.000000 1.000000
0.999927 -0.012042 -0.000825 0.000000 0.011806 0.989943 -0.140976 1.039000 0.002515 0.140956 0.990013 -0.061900 0.000000 0.000000 0.000000 1.000000
0.999893 -0.014011 0.004193 0.000000 0.014475 0.989062 -0.146786 1.039000 -0.002091 0.146831 0.989159 -0.061900 0.000000 0.000000 0.000000 1.000000
0.999821 -0.016438 0.009392 0.000000 0.017682 0.988059 -0.153059 1.039000 -0.006763 0.153197 0.988172 -0.061900 0.000000 0.000000 0.000000 1.000000
0.999734 -0.017767 0.014695 -0.000000 0.019868 0.987222 -0.158109 1.039000 -0.011698 0.158359 0.987312 -0.061900 0.000000 0.000000 0.000000 1.000000
0.999648 -0.017404 0.020006 -0.000000 0.020407 0.986690 -0.161324 1.039000 -0.016932 0.161676 0.986699 -0.061900 0.000000 0.000000 0.000000 1.000000
0.999554 -0.015893 0.025264 0.000000 0.019811 0.986372 -0.163332 1.039000 -0.022324 0.163760 0.986248 -0.061900 0.000000 0.000000 0.000000 1.000000
0.999461 -0.012426 0.030374 0.000000 0.017226 0.986426 -0.163303 1.039000 -0.027932 0.163738 0.986108 -0.061900 0.000000 0.000000 0.000000 1.000000
0.999349 -0.007398 0.035298 0.000000 0.013017 0.986753 -0.161708 1.039000 -0.033634 0.162062 0.986207 -0.061900 0.000000 0.000000 0.000000 1.000000
0.999198 0.002387 0.039960 0.000000 0.003845 0.987884 -0.155145 1.039000 -0.039846 0.155174 0.987083 -0.061900 0.000000 0.000000 0.000000 1.000000
0.998869 0.016961 0.044420 0.000000 -0.010420 0.989590 -0.143535 1.039000 -0.046392 0.142910 0.988648 -0.061900 0.000000 0.000000 0.000000 1.000000
0.998300 0.032002 0.048703 0.000000 -0.025365 0.991023 -0.131262 1.039000 -0.052467 0.129804 0.990151 -0.061900 0.000000 0.000000 0.000000 1.000000</float_array><technique_common><accessor source="#mixamorig_Spine-Matrix-animation-output-transform-array" count="96" stride="16"><param type="float4x4"/></accessor></technique_common></source><source id="mixamorig_Spine-Interpolations"><Name_array id="mixamorig_Spine-Interpolations-array" count="96">
 LINEAR LINEAR LINEAR LINEAR LINEAR LINEAR LINEAR LINEAR LINEAR LINEAR LINEAR
LINEAR LINEAR LINEAR LINEAR LINEAR LINEAR LINEAR LINEAR LINEAR LINEAR LINEAR LINEAR
LINEAR LINEAR LINEAR LINEAR LINEAR LINEAR LINEAR LINEAR LINEAR LINEAR LINEAR LINEAR
LINEAR LINEAR LINEAR LINEAR LINEAR LINEAR LINEAR LINEAR LINEAR LINEAR LINEAR LINEAR
LINEAR LINEAR LINEAR LINEAR LINEAR LINEAR LINEAR LINEAR LINEAR LINEAR LINEAR LINEAR
LINEAR LINEAR LINEAR LINEAR LINEAR LINEAR LINEAR LINEAR LINEAR LINEAR LINEAR LINEAR
LINEAR LINEAR LINEAR LINEAR LINEAR LINEAR LINEAR LINEAR LINEAR LINEAR LINEAR LINEAR
LINEAR LINEAR LINEAR LINEAR LINEAR LINEAR LINEAR LINEAR LINEAR LINEAR LINEAR LINEAR
LINEAR</Name_array><technique_common><accessor source="#mixamorig_Spine-Interpolations-array" count="96"><param type="name"/></accessor></technique_common></source><sampler id="mixamorig_Spine-Matrix-animation-transform"><input semantic="INPUT" source="#mixamorig_Spine-Matrix-animation-input"/><input semantic="OUTPUT" source="#mixamorig_Spine-Matrix-animation-output-transform"/><input semantic="INTERPOLATION" source="#mixamorig_Spine-Interpolations"/></sampler><channel source="#mixamorig_Spine-Matrix-animation-transform" target="mixamorig_Spine/matrix"/></animation>
    <animation id="mixamorig_Spine1-anim" name="mixamorig_Spine1"><source id="mixamorig_Spine1-Matrix-animation-input"><float_array id="mixamorig_Spine1-Matrix-animation-input-array" count="96">

0.000000 0.033333 0.066667 0.100000 0.133333 0.166667 0.200000 0.233333 0.266667 0.300000 0.333333 0.366667 0.400000 0.433333 0.466667 0.500000
0.533333 0.566667 0.600000 0.633333 0.666667 0.700000 0.733333 0.766667 0.800000 0.833333 0.866667 0.900000 0.933333 0.966667 1.000000 1.033333
1.066667 1.100000 1.133333 1.166667 1.200000 1.233333 1.266667 1.300000 1.333333 1.366667 1.400000 1.433333 1.466667 1.500000 1.533333 1.566667
1.600000 1.633333 1.666667 1.700000 1.733333 1.766667 1.800000 1.833333 1.866667 1.900000 1.933333 1.966667 2.000000 2.033333 2.066667 2.100000
2.133333 2.166667 2.200000 2.233333 2.266667 2.300000 2.333333 2.366667 2.400000 2.433333 2.466667 2.500000 2.533333 2.566667 2.600000 2.633333
2.666667 2.700000 2.733333 2.766667 2.800000 2.833333 2.866667 2.900000 2.933333 2.966667 3.000000 3.033333 3.066667 3.100000 3.133333 3.166667</float_array><technique_common><accessor source="#mixamorig_Spine1-Matrix-animation-input-array" count="96"><param name="TIME" type="float"/></accessor></technique_common></source><source id="mixamorig_Spine1-Matrix-animation-output-transform"><float_array id="mixamorig_Spine1-Matrix-animation-output-transform-array" count="1536">

0.992503 0.068455 0.101255 0.000000 -0.057699 0.992734 -0.105591 1.214300 -0.107748 0.098957 0.989241 0.000000 0.000000 0.000000 0.000000 1.000000
0.992079 0.076285 0.099795 -0.000000 -0.065384 0.991968 -0.108284 1.214300 -0.107254 0.100901 0.989098 0.000000 0.000000 0.000000 0.000000 1.000000
0.991825 0.082842 0.097061 0.000000 -0.072023 0.991307 -0.110108 1.214300 -0.105339 0.102217 0.989169 0.000000 0.000000 0.000000 0.000000 1.000000
0.991572 0.091260 0.091964 -0.000000 -0.080473 0.990117 -0.114862 1.214300 -0.101538 0.106493 0.989115 0.000000 0.000000 0.000000 0.000000 1.000000
0.991423 0.099780 0.084403 0.000000 -0.089173 0.988607 -0.121259 1.214300 -0.095540 0.112693 0.989026 0.000000 0.000000 0.000000 0.000000 1.000000
0.991405 0.107866 0.074029 0.000000 -0.097710 0.986783 -0.129275 1.214300 -0.086995 0.120930 0.988842 0.000000 0.000000 0.000000 0.000000 1.000000
0.991517 0.115040 0.060490 0.000000 -0.105769 0.984643 -0.138894 1.214300 -0.075539 0.131317 0.988458 0.000000 0.000000 0.000000 0.000000 1.000000
0.991764 0.120479 0.043461 0.000000 -0.112562 0.981791 -0.153026 1.214300 -0.061106 0.146874 0.987266 0.000000 0.000000 0.000000 0.000000 1.000000
0.991968 0.124469 0.022527 0.000000 -0.118747 0.977708 -0.173167 1.214300 -0.043579 0.169101 0.984635 0.000000 0.000000 0.000000 0.000000 1.000000
0.991681 0.127862 -0.014809 0.000000 -0.128265 0.972007 -0.196849 1.214300 -0.010775 0.197111 0.980322 0.000000 0.000000 0.000000 0.000000 1.000000
0.990366 0.129537 -0.048938 0.000000 -0.137265 0.964953 -0.223662 1.214300 0.018251 0.228225 0.973437 0.000000 0.000000 0.000000 0.000000 1.000000
0.989054 0.128125 -0.073180 0.000000 -0.142533 0.957872 -0.249331 1.214300 0.038151 0.257032 0.965649 -0.000000 0.000000 0.000000 0.000000 1.000000
0.987820 0.125795 -0.091579 0.000000 -0.146032 0.952701 -0.266524 1.214300 0.053720 0.276651 0.959468 -0.000000 0.000000 0.000000 0.000000 1.000000
0.987291 0.117398 -0.107121 0.000000 -0.143596 0.947781 -0.284765 1.214300 0.068096 0.296528 0.952593 -0.000000 0.000000 0.000000 0.000000 1.000000
0.987285 0.106564 -0.117953 0.000000 -0.137264 0.945744 -0.294493 1.214300 0.080171 0.306939 0.948346 0.000000 0.000000 0.000000 0.000000 1.000000
0.988529 0.085085 -0.124785 0.000000 -0.119380 0.946290 -0.300473 1.214300 0.092517 0.311923 0.945592 0.000000 0.000000 0.000000 0.000000 1.000000
0.989631 0.055409 -0.132514 0.000000 -0.093916 0.947672 -0.305118 1.214300 0.108674 0.314400 0.943050 0.000000 0.000000 0.000000 0.000000 1.000000
0.990639 0.017325 -0.135402 0.000000 -0.058911 0.949047 -0.309578 1.214300 0.123139 0.314657 0.941184 0.000000 0.000000 0.000000 0.000000 1.000000
0.991126 -0.027648 -0.130017 0.000000 -0.013534 0.952056 -0.305624 1.214300 0.132234 0.304671 0.943234 -0.000000 0.000000 0.000000 0.000000 1.000000
0.990563 -0.068867 -0.118503 0.000000 0.031570 0.955996 -0.291677 1.214300 0.133375 0.285183 0.949148 0.000000 0.000000 0.000000 0.000000 1.000000
0.989969 -0.100315 -0.099486 0.000000 0.070600 0.961196 -0.266678 1.214300 0.122378 0.256980 0.958637 -0.000000 0.000000 0.000000 0.000000 1.000000
0.988760 -0.129282 -0.075094 0.000000 0.107252 0.963271 -0.246184 1.214300 0.104163 0.235363 0.966310 -0.000000 0.000000 0.000000 0.000000 1.000000
0.986942 -0.153124 -0.049977 -0.000000 0.138518 0.965200 -0.221816 1.214300 0.082203 0.211997 0.973807 -0.000000 0.000000 0.000000 0.000000 1.000000
0.985738 -0.167081 -0.020103 0.000000 0.160126 0.967970 -0.193374 1.214300 0.051769 0.187397 0.980919 0.000000 0.000000 0.000000 0.000000 1.000000
0.984985 -0.171840 0.016624 0.000000 0.172136 0.970161 -0.170755 1.214300 0.013215 0.171052 0.985173 0.000000 0.000000 0.000000 0.000000 1.000000
