<?xml version="1.0" encoding="utf-8"?>
<COLLADA xmlns="http://www.collada.org/2005/11/COLLADASchema" version="1.4.1">
  <asset><contributor><author>Mixamo</author><authoring_tool>COLLADA Mixamo exporter</authoring_tool><comments></comments></contributor><created>2020-05-06T10:19:40Z</created><modified>2020-05-06T10:19:40Z</modified><revision></revision><title></title><unit meter="0.025400"/><up_axis>Y_UP</up_axis></asset>
  <library_animations>
    <animation id="mixamorig_Hips-anim" name="mixamorig_Hips"><source id="mixamorig_Hips-Matrix-animation-input"><float_array id="mixamorig_Hips-Matrix-animation-input-array" count="67">

0.000000 0.033333 0.066667 0.100000 0.133333 0.166667 0.200000 0.233333 0.266667 0.300000 0.333333 0.366667 0.400000 0.433333 0.466667 0.500000
0.533333 0.566667 0.600000 0.633333 0.666667 0.700000 0.733333 0.766667 0.800000 0.833333 0.866667 0.900000 0.933333 0.966667 1.000000 1.033333
1.066667 1.100000 1.133333 1.166667 1.200000 1.233333 1.266667 1.300000 1.333333 1.366667 1.400000 1.433333 1.466667 1.500000 1.533333 1.566667
1.600000 1.633333 1.666667 1.700000 1.733333 1.766667 1.800000 1.833333 1.866667 1.900000 1.933333 1.966667 2.000000 2.033333 2.066667 2.100000
2.133333 2.166667 2.200000</float_array><technique_common><accessor source="#mixamorig_Hips-Matrix-animation-input-array" count="67"><param name="TIME" type="float"/></accessor></technique_common></source><source id="mixamorig_Hips-Matrix-animation-output-transform"><float_array id="mixamorig_Hips-Matrix-animation-output-transform-array" count="1072">

0.517787 -0.011845 -0.855428 -0.170644 -0.109539 0.990756 -0.080023 6.897172 0.848468 0.135137 0.511703 0.017642 0.000000 0.000000 0.000000 1.000000
0.534877 -0.007199 -0.844900 -0.174151 -0.114113 0.990187 -0.080678 6.886968 0.837189 0.139566 0.528806 0.005390 0.000000 0.000000 0.000000 1.000000
0.554837 0.002561 -0.831955 -0.185856 -0.120993 0.989612 -0.077645 6.879108 0.823114 0.143740 0.549383 -0.005739 0.000000 0.000000 0.000000 1.000000
0.579106 0.017073 -0.815073 -0.209214 -0.128097 0.989267 -0.070291 6.887300 0.805126 0.145115 0.575078 -0.018789 0.000000 0.000000 0.000000 1.000000
0.608459 0.032887 -0.792904 -0.244429 -0.132320 0.989359 -0.060504 6.919550 0.782476 0.141731 0.606336 -0.033826 0.000000 0.000000 0.000000 1.000000
0.642966 0.045585 -0.764537 -0.291930 -0.131255 0.990018 -0.051354 6.975700 0.754564 0.133368 0.642531 -0.050181 0.000000 0.000000 0.000000 1.000000
0.682174 0.053236 -0.729249 -0.355007 -0.125141 0.991131 -0.044709 7.049687 0.720402 0.121759 0.682786 -0.067474 0.000000 0.000000 0.000000 1.000000
0.725118 0.056588 -0.686296 -0.438004 -0.116464 0.992339 -0.041230 7.135057 0.678705 0.109825 0.726153 -0.082081 0.000000 0.000000 0.000000 1.000000
0.770414 0.057676 -0.634930 -0.539079 -0.107853 0.993336 -0.040633 7.214594 0.628355 0.099783 0.771501 -0.085304 0.000000 0.000000 0.000000 1.000000
0.816184 0.059530 -0.574717 -0.656592 -0.102016 0.993899 -0.041929 7.291045 0.568714 0.092853 0.817278 -0.080038 0.000000 0.000000 0.000000 1.000000
0.859620 0.068554 -0.506315 -0.790769 -0.103909 0.993705 -0.041870 7.361496 0.500257 0.088603 0.861332 -0.068217 0.000000 0.000000 0.000000 1.000000
0.897142 0.079212 -0.434583 -0.938277 -0.104549 0.993915 -0.034666 7.424634 0.429193 0.076535 0.899965 -0.052142 0.000000 0.000000 0.000000 1.000000
0.930201 0.082036 -0.357764 -1.087920 -0.098772 0.994695 -0.028727 7.476213 0.353510 0.062059 0.933370 -0.023989 0.000000 0.000000 0.000000 1.000000
0.956900 0.080569 -0.279017 -1.233106 -0.090213 0.995682 -0.021875 7.511661 0.276049 0.046103 0.960037 0.012277 0.000000 0.000000 0.000000 1.000000
0.979394 0.078630 -0.186022 -1.369042 -0.083232 0.996384 -0.017046 7.498243 0.184009 0.032178 0.982398 0.048876 0.000000 0.000000 0.000000 1.000000
0.994004 0.071073 -0.083095 -1.496237 -0.072357 0.997300 -0.012544 7.446624 0.081979 0.018482 0.996463 0.094482 0.000000 0.000000 0.000000 1.000000
0.997904 0.058618 0.027405 -1.610309 -0.058644 0.998279 0.000164 7.365194 -0.027348 -0.001770 0.999624 0.151070 0.000000 0.000000 0.000000 1.000000
0.988287 0.044776 0.145891 -1.703162 -0.047506 0.998754 0.015277 7.249021 -0.145025 -0.022028 0.989183 0.208521 0.000000 0.000000 0.000000 1.000000
0.965896 0.029699 0.257220 -1.776973 -0.037743 0.998939 0.026393 7.107195 -0.256163 -0.035202 0.965992 0.275163 0.000000 0.000000 0.000000 1.000000
0.936153 0.016863 0.351189 -1.839634 -0.032767 0.998686 0.039391 6.954090 -0.350063 -0.048384 0.935476 0.344780 0.000000 0.000000 0.000000 1.000000
0.908490 0.006359 0.417859 -1.894264 -0.033376 0.997794 0.057382 6.808096 -0.416572 -0.066078 0.906698 0.405690 0.000000 0.000000 0.000000 1.000000
0.897623 0.002131 0.440759 -1.915482 -0.034881 0.997195 0.066215 6.745882 -0.439382 -0.074811 0.895180 0.432016 0.000000 0.000000 0.000000 1.000000
0.888051 -0.001187 0.459744 -1.933576 -0.037266 0.996520 0.074558 6.688055 -0.458232 -0.083344 0.884916 0.458033 0.000000 0.000000 0.000000 1.000000
0.879693 -0.003387 0.475530 -1.948957 -0.040682 0.995773 0.082351 6.633135 -0.473798 -0.091789 0.875837 0.483834 0.000000 0.000000 0.000000 1.000000
0.872723 -0.004453 0.488196 -1.961959 -0.045236 0.994919 0.089942 6.581352 -0.486116 -0.100579 0.868087 0.508527 0.000000 0.000000 0.000000 1.000000
0.867246 -0.004472 0.497860 -1.972531 -0.050833 0.993939 0.097476 6.533705 -0.495279 -0.109844 0.861762 0.531867 0.000000 0.000000 0.000000 1.000000
0.863261 -0.003766 0.504744 -1.980004 -0.056760 0.992905 0.104485 6.490950 -0.501557 -0.118847 0.856922 0.554482 0.000000 0.000000 0.000000 1.000000
0.860759 -0.002997 0.509003 -1.983938 -0.061441 0.992059 0.109743 6.457658 -0.505290 -0.125736 0.853740 0.573799 0.000000 0.000000 0.000000 1.000000
0.859402 -0.002723 0.511294 -1.984691 -0.068841 0.990265 0.120984 6.395083 -0.506645 -0.139171 0.850848 0.619481 0.000000 0.000000 0.000000 1.000000
0.868193 0.003749 0.496213 -1.986944 -0.082028 0.987299 0.136059 6.369403 -0.489400 -0.158828 0.857474 0.665611 0.000000 0.000000 0.000000 1.000000
0.894380 0.017279 0.446974 -1.973795 -0.086784 0.986970 0.135498 6.457428 -0.438808 -0.159977 0.884225 0.696532 0.000000 0.000000 0.000000 1.000000
0.942613 0.035837 0.331959 -1.940591 -0.082659 0.988321 0.128019 6.700092 -0.323494 -0.148112 0.934566 0.709308 0.000000 0.000000 0.000000 1.000000
0.991249 0.063488 0.115731 -1.871184 -0.077719 0.989369 0.122921 7.115729 -0.106697 -0.130840 0.985645 0.712575 0.000000 0.000000 0.000000 1.000000
0.977811 0.077803 -0.194507 -1.758172 -0.060044 0.993608 0.095595 7.662916 0.200701 -0.081795 0.976232 0.726458 0.000000 0.000000 0.000000 1.000000
0.841262 0.065224 -0.536679 -1.593737 -0.053585 0.997867 0.037278 8.164416 0.537966 -0.002603 0.842963 0.731111 0.000000 0.000000 0.000000 1.000000
0.618744 0.025989 -0.785163 -1.400375 -0.070308 0.997274 -0.022396 8.458611 0.782440 0.069061 0.618884 0.688888 0.000000 0.000000 0.000000 1.000000
0.435866 -0.008368 -0.899973 -1.196415 -0.094992 0.993944 -0.055247 8.576116 0.894985 0.109571 0.432432 0.598410 0.000000 0.000000 0.000000 1.000000
0.346248 -0.011182 -0.938076 -1.012652 -0.142075 0.987771 -0.064215 8.633460 0.927323 0.155511 0.340425 0.562831 0.000000 0.000000 0.000000 1.000000
0.377397 -0.017560 -0.925885 -0.843484 -0.194652 0.975979 -0.097851 8.621624 0.905363 0.217154 0.364914 0.599870 0.000000 0.000000 0.000000 1.000000
0.446745 -0.040493 -0.893745 -0.728797 -0.204201 0.967991 -0.145928 8.526624 0.871046 0.247697 0.424176 0.728639 0.000000 0.000000 0.000000 1.000000
0.467290 -0.087530 -0.879761 -0.666199 -0.173163 0.966752 -0.188162 8.453663 0.866980 0.240268 0.436597 0.858822 0.000000 0.000000 0.000000 1.000000
0.451202 -0.102993 -0.886459 -0.640897 -0.163131 0.967063 -0.195390 8.390727 0.877385 0.232769 0.419540 0.949511 0.000000 0.000000 0.000000 1.000000
0.416009 -0.096108 -0.904268 -0.612879 -0.161729 0.970727 -0.177575 8.292873 0.894863 0.220119 0.388288 1.037979 0.000000 0.000000 0.000000 1.000000
0.375115 -0.090985 -0.922502 -0.596288 -0.154245 0.975171 -0.158900 8.186266 0.914056 0.201897 0.351767 1.115043 0.000000 0.000000 0.000000 1.000000
0.351132 -0.091723 -0.931823 -0.591806 -0.152539 0.976291 -0.153580 8.096676 0.923817 0.196066 0.328816 1.172576 0.000000 0.000000 0.000000 1.000000
0.345849 -0.095175 -0.933451 -0.585587 -0.155220 0.975332 -0.156955 8.037785 0.925362 0.199172 0.322544 1.197049 0.000000 0.000000 0.000000 1.000000
0.345036 -0.098844 -0.933370 -0.575952 -0.153445 0.975120 -0.159989 8.007853 0.925962 0.198423 0.321284 1.191164 0.000000 0.000000 0.000000 1.000000
0.341653 -0.097647 -0.934740 -0.562241 -0.147076 0.976779 -0.155796 7.977397 0.928247 0.190706 0.319357 1.166922 0.000000 0.000000 0.000000 1.000000
0.340144 -0.088807 -0.936171 -0.547722 -0.140638 0.979530 -0.144019 7.922763 0.929797 0.180649 0.320692 1.127148 0.000000 0.000000 0.000000 1.000000
0.348621 -0.076246 -0.934157 -0.539385 -0.136683 0.981895 -0.131152 7.836222 0.927244 0.173405 0.331887 1.066738 0.000000 0.000000 0.000000 1.000000
0.370858 -0.061906 -0.926624 -0.533899 -0.133832 0.983798 -0.119289 7.716215 0.918996 0.168251 0.356565 0.987529 0.000000 0.000000 0.000000 1.000000
0.397728 -0.052648 -0.915992 -0.528286 -0.131259 0.984818 -0.113597 7.567528 0.908066 0.165413 0.384779 0.898905 0.000000 0.000000 0.000000 1.000000
0.422472 -0.045444 -0.905236 -0.517062 -0.132533 0.984910 -0.111297 7.398363 0.896634 0.166994 0.410074 0.813774 0.000000 0.000000 0.000000 1.000000
0.443411 -0.034366 -0.895659 -0.499990 -0.133221 0.985639 -0.103772 7.209514 0.886363 0.165334 0.432465 0.732860 0.000000 0.000000 0.000000 1.000000
0.456464 -0.024864 -0.889394 -0.484421 -0.128249 0.987332 -0.093423 7.001183 0.880450 0.156708 0.447493 0.644060 0.000000 0.000000 0.000000 1.000000
0.458078 -0.019405 -0.888700 -0.455938 -0.122443 0.988854 -0.084705 6.813147 0.880439 0.147617 0.450596 0.568009 0.000000 0.000000 0.000000 1.000000
0.454729 -0.011367 -0.890557 -0.422558 -0.121298 0.989811 -0.074570 6.673507 0.882331 0.141932 0.448717 0.502809 0.000000 0.000000 0.000000 1.000000
0.451783 -0.003169 -0.892122 -0.383952 -0.120449 0.990621 -0.064515 6.577808 0.883960 0.136602 0.447164 0.446019 0.000000 0.000000 0.000000 1.000000
0.448276 -0.002050 -0.893893 -0.346208 -0.116180 0.991382 -0.060536 6.535189 0.886313 0.130990 0.444174 0.387913 0.000000 0.000000 0.000000 1.000000
0.444967 -0.001221 -0.895546 -0.312366 -0.111351 0.992163 -0.056680 6.549765 0.888597 0.124941 0.441344 0.328897 0.000000 0.000000 0.000000 1.000000
0.447365 -0.003264 -0.894346 -0.281161 -0.108142 0.992459 -0.057716 6.597254 0.887789 0.122536 0.443638 0.272132 0.000000 0.000000 0.000000 1.000000
0.454731 -0.005331 -0.890613 -0.254396 -0.107969 0.992277 -0.061067 6.668077 0.884060 0.123928 0.450644 0.214673 0.000000 0.000000 0.000000 1.000000
0.465558 -0.008554 -0.884976 -0.229207 -0.108042 0.991925 -0.066425 6.745602 0.878398 0.126540 0.460874 0.157574 0.000000 0.000000 0.000000 1.000000
0.476863 -0.011500 -0.878902 -0.204422 -0.107581 0.991633 -0.071345 6.814681 0.872369 0.128575 0.471636 0.105564 0.000000 0.000000 0.000000 1.000000
0.488967 -0.013047 -0.872205 -0.184452 -0.107182 0.991413 -0.074918 6.866318 0.865693 0.130117 0.483369 0.063965 0.000000 0.000000 0.000000 1.000000
0.502543 -0.013233 -0.864451 -0.173373 -0.107512 0.991165 -0.077674 6.893616 0.857841 0.131973 0.496680 0.035594 0.000000 0.000000 0.000000 1.000000
0.517788 -0.011845 -0.855427 -0.170645 -0.109539 0.990756 -0.080023 6.897171 0.848467 0.135137 0.511704 0.017640 0.000000 0.000000 0.000000 1.000000</float_array><technique_common><accessor source="#mixamorig_Hips-Matrix-animation-output-transform-array" count="67" stride="16"><param type="float4x4"/></accessor></technique_common></source><source id="mixamorig_Hips-Interpolations"><Name_array id="mixamorig_Hips-Interpolations-array" count="67">
 LINEAR LINEAR LINEAR LINEAR LINEAR LINEAR LINEAR LINEAR LINEAR LINEAR LINEAR
LINEAR LINEAR LINEAR LINEAR LINEAR LINEAR LINEAR LINEAR LINEAR LINEAR LINEAR LINEAR
LINEAR LINEAR LINEAR LINEAR LINEAR LINEAR LINEAR LINEAR LINEAR LINEAR LINEAR LINEAR
LINEAR LINEAR LINEAR LINEAR LINEAR LINEAR LINEAR LINEAR LINEAR LINEAR LINEAR LINEAR
LINEAR LINEAR LINEAR LINEAR LINEAR LINEAR LINEAR LINEAR LINEAR LINEAR LINEAR LINEAR
LINEAR LINEAR LINEAR LINEAR LINEAR LINEAR LINEAR LINEAR</Name_array><technique_common><accessor source="#mixamorig_Hips-Interpolations-array" count="67"><param type="name"/></accessor></technique_common></source><sampler id="mixamorig_Hips-Matrix-animation-transform"><input semantic="INPUT" source="#mixamorig_Hips-Matrix-animation-input"/><input semantic="OUTPUT" source="#mixamorig_Hips-Matrix-animation-output-transform"/><input semantic="INTERPOLATION" source="#mixamorig_Hips-Interpolations"/></sampler><channel source="#mixamorig_Hips-Matrix-animation-transform" target="mixamorig_Hips/matrix"/></animation>
    <animation id="mixamorig_Spine-anim" name="mixamorig_Spine"><source id="mixamorig_Spine-Matrix-animation-input"><float_array id="mixamorig_Spine-Matrix-animation-input-array" count="67">

0.000000 0.033333 0.066667 0.100000 0.133333 0.166667 0.200000 0.233333 0.266667 0.300000 0.333333 0.366667 0.400000 0.433333 0.466667 0.500000
0.533333 0.566667 0.600000 0.633333 0.666667 0.700000 0.733333 0.766667 0.800000 0.833333 0.866667 0.900000 0.933333 0.966667 1.000000 1.033333
1.066667 1.100000 1.133333 1.166667 1.200000 1.233333 1.266667 1.300000 1.333333 1.366667 1.400000 1.433333 1.466667 1.500000 1.533333 1.566667
1.600000 1.633333 1.666667 1.700000 1.733333 1.766667 1.800000 1.833333 1.866667 1.900000 1.933333 1.966667 2.000000 2.033333 2.066667 2.100000
2.133333 2.166667 2.200000</float_array><technique_common><accessor source="#mixamorig_Spine-Matrix-animation-input-array" count="67"><param name="TIME" type="float"/></accessor></technique_common></source><source id="mixamorig_Spine-Matrix-animation-output-transform"><float_array id="mixamorig_Spine-Matrix-animation-output-transform-array" count="1072">

0.994111 -0.005121 -0.108248 0.000000 -0.003330 0.996968 -0.077747 1.039000 0.108318 0.077650 0.991079 -0.061900 0.000000 0.000000 0.000000 1.000000
0.993249 -0.010581 -0.115519 0.000000 0.001459 0.996892 -0.078761 1.039000 0.115993 0.078060 0.990178 -0.061900 0.000000 0.000000 0.000000 1.000000
0.992440 -0.016039 -0.121679 0.000000 0.006314 0.996783 -0.079894 1.039000 0.122569 0.078522 0.989349 -0.061900 0.000000 0.000000 0.000000 1.000000
0.992043 -0.019936 -0.124313 0.000000 0.009818 0.996627 -0.081473 1.039000 0.125518 0.079604 0.988892 -0.061900 0.000000 0.000000 0.000000 1.000000
0.992350 -0.021152 -0.121631 0.000000 0.011016 0.996455 -0.083408 1.039000 0.122964 0.081430 0.989065 -0.061900 0.000000 0.000000 0.000000 1.000000
0.993455 -0.017102 -0.112937 0.000000 0.008081 0.996774 -0.079851 1.039000 0.113938 0.078416 0.990388 -0.061900 0.000000 0.000000 0.000000 1.000000
0.994836 -0.009154 -0.101087 0.000000 0.001749 0.997323 -0.073098 1.039000 0.101485 0.072543 0.992189 -0.061900 0.000000 0.000000 0.000000 1.000000
0.996526 -0.002187 -0.083255 0.000000 -0.002927 0.998118 -0.061255 1.039000 0.083232 0.061286 0.994644 -0.061900 0.000000 0.000000 0.000000 1.000000
0.998190 0.005423 -0.059892 0.000000 -0.008161 0.998928 -0.045571 1.039000 0.059581 0.045977 0.997164 -0.061900 0.000000 0.000000 0.000000 1.000000
0.999453 0.009064 -0.031820 0.000000 -0.009950 0.999564 -0.027795 1.039000 0.031555 0.028096 0.999107 -0.061900 0.000000 0.000000 0.000000 1.000000
0.999952 0.009775 -0.000314 0.000000 -0.009778 0.999873 -0.012546 1.039000 0.000191 0.012548 0.999921 -0.061900 0.000000 0.000000 0.000000 1.000000
0.999256 0.014492 0.035744 0.000000 -0.014329 0.999886 -0.004814 1.039000 -0.035810 0.004298 0.999349 -0.061900 0.000000 0.000000 0.000000 1.000000
0.996920 0.022046 0.075264 0.000000 -0.022217 0.999752 0.001428 1.039000 -0.075214 -0.003096 0.997163 -0.061900 0.000000 0.000000 0.000000 1.000000
0.992603 0.031242 0.117319 0.000000 -0.031865 0.999486 0.003439 1.039000 -0.117151 -0.007152 0.993088 -0.061900 0.000000 0.000000 0.000000 1.000000
0.987137 0.038243 0.155238 0.000000 -0.039502 0.999207 0.005038 1.039000 -0.154922 -0.011106 0.987864 -0.061900 0.000000 0.000000 0.000000 1.000000
0.980773 0.046167 0.189614 0.000000 -0.048200 0.998819 0.006123 1.039000 -0.189107 -0.015145 0.981840 -0.061900 0.000000 0.000000 0.000000 1.000000
0.973714 0.052645 0.221607 0.000000 -0.054489 0.998512 0.002211 1.039000 -0.221161 -0.014228 0.975134 -0.061900 0.000000 0.000000 0.000000 1.000000
0.966733 0.056525 0.249463 -0.000000 -0.057507 0.998339 -0.003356 1.039000 -0.249239 -0.011102 0.968378 -0.061900 0.000000 0.000000 0.000000 1.000000
0.958506 0.062974 0.278029 0.000000 -0.063536 0.997955 -0.006998 1.039000 -0.277902 -0.010957 0.960547 -0.061900 0.000000 0.000000 0.000000 1.000000
0.948947 0.065298 0.308604 0.000000 -0.064575 0.997834 -0.012568 1.039000 -0.308756 -0.008002 0.951108 -0.061900 0.000000 0.000000 0.000000 1.000000
0.938979 0.063950 0.337976 0.000000 -0.060114 0.997953 -0.021817 1.039000 -0.338680 0.000168 0.940902 -0.061900 0.000000 0.000000 0.000000 1.000000
0.934273 0.063033 0.350943 0.000000 -0.057446 0.998002 -0.026318 1.039000 -0.351901 0.004428 0.936027 -0.061900 0.000000 0.000000 0.000000 1.000000
0.929639 0.062171 0.363189 0.000000 -0.055019 0.998034 -0.030015 1.039000 -0.364341 0.007921 0.931232 -0.061900 0.000000 0.000000 0.000000 1.000000
0.925020 0.061130 0.374968 0.000000 -0.052788 0.998077 -0.032490 1.039000 -0.376233 0.010260 0.926468 -0.061900 0.000000 0.000000 0.000000 1.000000
0.920456 0.059431 0.386301 0.000000 -0.050255 0.998164 -0.033821 1.039000 -0.387601 0.011717 0.921753 -0.061900 0.000000 0.000000 0.000000 1.000000
0.916076 0.056765 0.396966 0.000000 -0.047005 0.998306 -0.034281 1.039000 -0.398240 0.012744 0.917193 -0.061900 0.000000 0.000000 0.000000 1.000000
0.912001 0.053425 0.406695 -0.000000 -0.043319 0.998482 -0.034022 1.039000 -0.407895 0.013410 0.912930 -0.061900 0.000000 0.000000 0.000000 1.000000
0.908709 0.050482 0.414367 -0.000000 -0.040274 0.998632 -0.033343 1.039000 -0.415483 0.013611 0.909499 -0.061900 0.000000 0.000000 0.000000 1.000000
0.902544 0.042798 0.428464 -0.000000 -0.032563 0.998983 -0.031191 1.039000 -0.429364 0.014199 0.903020 -0.061900 0.000000 0.000000 0.000000 1.000000
0.900677 0.032183 0.433297 -0.000000 -0.022733 0.999378 -0.026974 1.039000 -0.433895 0.014445 0.900848 -0.061900 0.000000 0.000000 0.000000 1.000000
0.906727 0.028716 0.420740 0.000000 -0.024761 0.999583 -0.014862 1.039000 -0.420992 0.003058 0.907059 -0.061900 0.000000 0.000000 0.000000 1.000000
0.918073 0.016383 0.396072 -0.000000 -0.022157 0.999704 0.010007 1.039000 -0.395791 -0.017963 0.918165 -0.061900 0.000000 0.000000 0.000000 1.000000
0.932499 -0.010313 0.361024 -0.000000 -0.003680 0.999269 0.038049 1.039000 -0.361153 -0.036810 0.931780 -0.061900 0.000000 0.000000 0.000000 1.000000
0.947726 -0.033432 0.317328 -0.000000 0.014830 0.998036 0.060857 1.039000 -0.318740 -0.052969 0.946361 -0.061900 0.000000 0.000000 0.000000 1.000000
0.961558 -0.049770 0.270052 0.000000 0.029781 0.996538 0.077622 1.039000 -0.272981 -0.066595 0.959712 -0.061900 0.000000 0.000000 0.000000 1.000000
0.975749 -0.048596 0.213429 0.000000 0.033898 0.996829 0.071995 1.039000 -0.216251 -0.063015 0.974302 -0.061900 0.000000 0.000000 0.000000 1.000000
0.987734 -0.032697 0.152683 0.000000 0.025505 0.998481 0.048829 1.039000 -0.154048 -0.044336 0.987068 -0.061900 0.000000 0.000000 0.000000 1.000000
0.993433 -0.033542 0.109389 0.000000 0.030252 0.999043 0.031601 1.039000 -0.110344 -0.028084 0.993497 -0.061900 0.000000 0.000000 0.000000 1.000000
0.993822 -0.054357 0.096763 -0.000000 0.052963 0.998453 0.016916 1.039000 -0.097533 -0.011686 0.995164 -0.061900 0.000000 0.000000 0.000000 1.000000
0.993605 -0.075722 0.083757 -0.000000 0.074890 0.997107 0.013036 1.039000 -0.084502 -0.006680 0.996401 -0.061900 0.000000 0.000000 0.000000 1.000000
0.997027 -0.070155 0.031865 -0.000000 0.069513 0.997363 0.020839 1.039000 -0.033243 -0.018562 0.999275 -0.061900 0.000000 0.000000 0.000000 1.000000
0.997514 -0.067688 -0.019612 -0.000000 0.068002 0.997560 0.015785 1.039000 0.018495 -0.017080 0.999683 -0.061900 0.000000 0.000000 0.000000 1.000000
0.996071 -0.067072 -0.057825 -0.000000 0.067174 0.997741 -0.000186 1.039000 0.057707 -0.003699 0.998327 -0.061900 0.000000 0.000000 0.000000 1.000000
0.995405 -0.060041 -0.074595 0.000000 0.059126 0.998146 -0.014420 1.039000 0.075323 0.009944 0.997110 -0.061900 0.000000 0.000000 0.000000 1.000000
0.994661 -0.057766 -0.085513 0.000000 0.056062 0.998180 -0.022198 1.039000 0.086640 0.017286 0.996090 -0.061900 0.000000 0.000000 0.000000 1.000000
0.992980 -0.059570 -0.102188 -0.000000 0.057190 0.998023 -0.026066 1.039000 0.103539 0.020038 0.994424 -0.061900 0.000000 0.000000 0.000000 1.000000
0.991662 -0.055972 -0.116077 -0.000000 0.053012 0.998189 -0.028431 1.039000 0.117458 0.022040 0.992833 -0.061900 0.000000 0.000000 0.000000 1.000000
0.991309 -0.047457 -0.122697 0.000000 0.044020 0.998563 -0.030571 1.039000 0.123971 0.024905 0.991973 -0.061900 0.000000 0.000000 0.000000 1.000000
0.991588 -0.037346 -0.123928 0.000000 0.033271 0.998841 -0.034794 1.039000 0.125084 0.030378 0.991681 -0.061900 0.000000 0.000000 0.000000 1.000000
0.991802 -0.028589 -0.124546 0.000000 0.023569 0.998857 -0.041591 1.039000 0.125592 0.038314 0.991342 -0.061900 0.000000 0.000000 0.000000 1.000000
0.991548 -0.023592 -0.127580 0.000000 0.017175 0.998542 -0.051173 1.039000 0.128601 0.048549 0.990507 -0.061900 0.000000 0.000000 0.000000 1.000000
0.991286 -0.020581 -0.130108 -0.000000 0.013092 0.998221 -0.058160 1.039000 0.131074 0.055950 0.989793 -0.061900 0.000000 0.000000 0.000000 1.000000
0.990852 -0.019654 -0.133518 0.000000 0.011290 0.997943 -0.063113 1.039000 0.134483 0.061028 0.989035 -0.061900 0.000000 0.000000 0.000000 1.000000
0.990348 -0.018796 -0.137326 0.000000 0.009295 0.997539 -0.069501 1.039000 0.138294 0.067553 0.988085 -0.061900 0.000000 0.000000 0.000000 1.000000
0.990562 -0.013705 -0.136377 0.000000 0.003615 0.997255 -0.073960 1.039000 0.137016 0.072769 0.987892 -0.061900 0.000000 0.000000 0.000000 1.000000
0.991667 -0.006064 -0.128687 -0.000000 -0.003843 0.997055 -0.076598 1.039000 0.128773 0.076454 0.988723 -0.061900 0.000000 0.000000 0.000000 1.000000
0.993105 -0.001683 -0.117214 0.000000 -0.007958 0.996622 -0.081739 1.039000 0.116956 0.082108 0.989737 -0.061900 0.000000 0.000000 0.000000 1.000000
0.994365 -0.001678 -0.105993 0.000000 -0.007614 0.996162 -0.087195 1.039000 0.105733 0.087510 0.990536 -0.061900 0.000000 0.000000 0.000000 1.000000
0.995420 0.000428 -0.095594 0.000000 -0.008952 0.996014 -0.088750 1.039000 0.095175 0.089200 0.991456 -0.061900 0.000000 0.000000 0.000000 1.000000
0.996159 0.003727 -0.087489 0.000000 -0.011610 0.995896 -0.089762 1.039000 0.086795 0.090433 0.992113 -0.061900 0.000000 0.000000 0.000000 1.000000
0.996383 0.004802 -0.084837 0.000000 -0.012237 0.996103 -0.087339 1.039000 0.084087 0.088061 0.992560 -0.061900 0.000000 0.000000 0.000000 1.000000
0.996282 0.004353 -0.086045 0.000000 -0.011657 0.996350 -0.084564 1.039000 0.085363 0.085252 0.992696 -0.061900 0.000000 0.000000 0.000000 1.000000
0.996032 0.003624 -0.088918 0.000000 -0.010925 0.996593 -0.081751 1.039000 0.088319 0.082398 0.992678 -0.061900 0.000000 0.000000 0.000000 1.000000
0.995718 0.002823 -0.092397 0.000000 -0.010086 0.996884 -0.078237 1.039000 0.091888 0.078834 0.992644 -0.061900 0.000000 0.000000 0.000000 1.000000
0.995331 0.001518 -0.096512 0.000000 -0.008986 0.996991 -0.076993 1.039000 0.096105 0.077501 0.992349 -0.061900 0.000000 0.000000 0.000000 1.000000
0.994812 -0.000965 -0.101728 0.000000 -0.006905 0.997009 -0.076982 1.039000 0.101498 0.077285 0.991829 -0.061900 0.000000 0.000000 0.000000 1.000000
0.994111 -0.005121 -0.108248 -0.000000 -0.003330 0.996968 -0.077747 1.039000 0.108318 0.077650 0.991079 -0.061900 0.000000 0.000000 0.000000 1.000000</float_array><technique_common><accessor source="#mixamorig_Spine-Matrix-animation-output-transform-array" count="67" stride="16"><param type="float4x4"/></accessor></technique_common></source><source id="mixamorig_Spine-Interpolations"><Name_array id="mixamorig_Spine-Interpolations-array" count="67">
 LINEAR LINEAR LINEAR LINEAR LINEAR LINEAR LINEAR LINEAR LINEAR LINEAR LINEAR
LINEAR LINEAR LINEAR LINEAR LINEAR LINEAR LINEAR LINEAR LINEAR LINEAR LINEAR LINEAR
LINEAR LINEAR LINEAR LINEAR LINEAR LINEAR LINEAR LINEAR LINEAR LINEAR LINEAR LINEAR
LINEAR LINEAR LINEAR LINEAR LINEAR LINEAR LINEAR LINEAR LINEAR LINEAR LINEAR LINEAR
LINEAR LINEAR LINEAR LINEAR LINEAR LINEAR LINEAR LINEAR LINEAR LINEAR LINEAR LINEAR
LINEAR LINEAR LINEAR LINEAR LINEAR LINEAR LINEAR LINEAR</Name_array><technique_common><accessor source="#mixamorig_Spine-Interpolations-array" count="67"><param type="name"/></accessor></technique_common></source><sampler id="mixamorig_Spine-Matrix-animation-transform"><input semantic="INPUT" source="#mixamorig_Spine-Matrix-animation-input"/><input semantic="OUTPUT" source="#mixamorig_Spine-Matrix-animation-output-transform"/><input semantic="INTERPOLATION" source="#mixamorig_Spine-Interpolations"/></sampler><channel source="#mixamorig_Spine-Matrix-animation-transform" target="mixamorig_Spine/matrix"/></animation>
    <animation id="mixamorig_Spine1-anim" name="mixamorig_Spine1"><source id="mixamorig_Spine1-Matrix-animation-input"><float_array id="mixamorig_Spine1-Matrix-animation-input-array" count="67">

0.000000 0.033333 0.066667 0.100000 0.133333 0.166667 0.200000 0.233333 0.266667 0.300000 0.333333 0.366667 0.400000 0.433333 0.466667 0.500000
0.533333 0.566667 0.600000 0.633333 0.666667 0.700000 0.733333 0.766667 0.800000 0.833333 0.866667 0.900000 0.933333 0.966667 1.000000 1.033333
1.066667 1.100000 1.133333 1.166667 1.200000 1.233333 1.266667 1.300000 1.333333 1.366667 1.400000 1.433333 1.466667 1.500000 1.533333 1.566667
1.600000 1.633333 1.666667 1.700000 1.733333 1.766667 1.800000 1.833333 1.866667 1.900000 1.933333 1.966667 2.000000 2.033333 2.066667 2.100000
2.133333 2.166667 2.200000</float_array><technique_common><accessor source="#mixamorig_Spine1-Matrix-animation-input-array" count="67"><param name="TIME" type="float"/></accessor></technique_common></source><source id="mixamorig_Spine1-Matrix-animation-output-transform"><float_array id="mixamorig_Spine1-Matrix-animation-output-transform-array" count="1072">

0.994840 0.046632 -0.090100 -0.000000 -0.058434 0.989372 -0.133151 1.214300 0.082933 0.137729 0.986992 -0.000000 0.000000 0.000000 0.000000 1.000000
0.994499 0.040368 -0.096651 0.000000 -0.053258 0.989450 -0.134734 1.214300 0.090193 0.139140 0.986157 0.000000 0.000000 0.000000 0.000000 1.000000
0.994194 0.034029 -0.102079 0.000000 -0.047905 0.989449 -0.136730 1.214300 0.096349 0.140827 0.985335 -0.000000 0.000000 0.000000 0.000000 1.000000
0.994142 0.028802 -0.104178 0.000000 -0.043221 0.989359 -0.138924 1.214300 0.099068 0.142613 0.984808 0.000000 0.000000 0.000000 0.000000 1.000000
0.994522 0.025429 -0.101386 0.000000 -0.039648 0.989244 -0.140801 1.214300 0.096715 0.144049 0.984833 0.000000 0.000000 0.000000 0.000000 1.000000
0.995293 0.027644 -0.092890 -0.000000 -0.040517 0.989366 -0.139693 1.214300 0.088041 0.142799 0.985828 -0.000000 0.000000 0.000000 0.000000 1.000000
0.996076 0.034566 -0.081474 0.000000 -0.045548 0.989517 -0.137045 1.214300 0.075883 0.140218 0.987209 0.000000 0.000000 0.000000 0.000000 1.000000
0.997068 0.040656 -0.064825 -0.000000 -0.048887 0.990187 -0.130919 1.214300 0.058866 0.133704 0.989271 -0.000000 0.000000 0.000000 0.000000 1.000000
0.997939 0.047392 -0.043261 0.000000 -0.052370 0.991108 -0.122318 1.214300 0.037079 0.124332 0.991548 -0.000000 0.000000 0.000000 0.000000 1.000000
0.998537 0.051151 -0.017528 0.000000 -0.052804 0.992238 -0.112586 1.214300 0.011633 0.113347 0.993487 0.000000 0.000000 0.000000 0.000000 1.000000
0.998503 0.053512 0.011360 0.000000 -0.051971 0.992753 -0.108351 1.214300 -0.017075 0.107598 0.994048 0.000000 0.000000 0.000000 0.000000 1.000000
0.997450 0.056440 0.043680 -0.000000 -0.051387 0.992687 -0.109234 1.214300 -0.049526 0.106711 0.993056 -0.000000 0.000000 0.000000 0.000000 1.000000
0.995087 0.060426 0.078431 0.000000 -0.051589 0.992571 -0.110186 1.214300 -0.084506 0.105598 0.990812 -0.000000 0.000000 0.000000 0.000000 1.000000
0.991150 0.066067 0.115140 0.000000 -0.052969 0.992145 -0.113328 1.214300 -0.121723 0.106226 0.986864 0.000000 0.000000 0.000000 0.000000 1.000000
0.986419 0.071925 0.147663 -0.000000 -0.054614 0.991497 -0.118117 1.214300 -0.154903 0.108448 0.981959 0.000000 0.000000 0.000000 0.000000 1.000000
0.981220 0.078326 0.176275 0.000000 -0.057124 0.990848 -0.122295 1.214300 -0.184241 0.109929 0.976714 0.000000 0.000000 0.000000 0.000000 1.000000
0.976131 0.078998 0.202306 0.000000 -0.053591 0.990309 -0.128122 1.214300 -0.210467 0.114222 0.970905 0.000000 0.000000 0.000000 0.000000 1.000000
0.971631 0.075169 0.224240 0.000000 -0.045823 0.990013 -0.133318 1.214300 -0.232022 0.119261 0.965372 -0.000000 0.000000 0.000000 0.000000 1.000000
0.966245 0.076533 0.245993 0.000000 -0.043967 0.989835 -0.135254 1.214300 -0.253844 0.119873 0.959788 -0.000000 0.000000 0.000000 0.000000 1.000000
0.959976 0.074034 0.270120 0.000000 -0.037041 0.989520 -0.139566 1.214300 -0.277621 0.123975 0.952658 0.000000 0.000000 0.000000 0.000000 1.000000
0.952818 0.071390 0.295028 0.000000 -0.028730 0.988796 -0.146479 1.214300 -0.302180 0.131092 0.944194 -0.000000 0.000000 0.000000 0.000000 1.000000
0.949216 0.071262 0.306449 0.000000 -0.025831 0.988375 -0.149827 1.214300 -0.313563 0.134303 0.940022 0.000000 0.000000 0.000000 0.000000 1.000000
0.945603 0.071693 0.317326 0.000000 -0.023637 0.987978 -0.152779 1.214300 -0.324464 0.136968 0.935929 0.000000 0.000000 0.000000 0.000000 1.000000
0.941965 0.072226 0.327850 0.000000 -0.021735 0.987654 -0.155135 1.214300 -0.335007 0.139006 0.931905 0.000000 0.000000 0.000000 0.000000 1.000000
0.938323 0.072165 0.338144 0.000000 -0.019467 0.987451 -0.156720 1.214300 -0.345210 0.140472 0.927953 0.000000 0.000000 0.000000 0.000000 1.000000
0.934748 0.071102 0.348124 0.000000 -0.016524 0.987412 -0.157304 1.214300 -0.354927 0.141288 0.924156 -0.000000 0.000000 0.000000 0.000000 1.000000
0.931320 0.069461 0.357517 0.000000 -0.013445 0.987532 -0.156842 1.214300 -0.363954 0.141263 0.920642 0.000000 0.000000 0.000000 0.000000 1.000000
0.928492 0.068120 0.365051 0.000000 -0.011177 0.987712 -0.155883 1.214300 -0.371184 0.140656 0.917844 0.000000 0.000000 0.000000 0.000000 1.000000
0.923012 0.064959 0.379247 0.000000 -0.005887 0.987915 -0.154886 1.214300 -0.384725 0.140729 0.912240 0.000000 0.000000 0.000000 0.000000 1.000000
0.920242 0.061841 0.386432 0.000000 -0.003047 0.988538 -0.150940 1.214300 -0.391337 0.137724 0.909883 0.000000 0.000000 0.000000 0.000000 1.000000
0.924041 0.062179 0.377204 0.000000 -0.008220 0.989688 -0.143005 1.214300 -0.382206 0.129042 0.915023 0.000000 0.000000 0.000000 0.000000 1.000000
0.931709 0.057219 0.358670 0.000000 -0.010286 0.991274 -0.131419 1.214300 -0.363059 0.118755 0.924167 -0.000000 0.000000 0.000000 0.000000 1.000000
0.940766 0.051206 0.335168 0.000000 -0.015236 0.993916 -0.109084 1.214300 -0.338715 0.097516 0.935822 -0.000000 0.000000 0.000000 0.000000 1.000000
0.951502 0.053623 0.302933 0.000000 -0.030727 0.996333 -0.079852 1.214300 -0.306104 0.066671 0.949661 0.000000 0.000000 0.000000 0.000000 1.000000
0.964088 0.046353 0.261508 0.000000 -0.036353 0.998416 -0.042951 1.214300 -0.263084 0.031902 0.964245 0.000000 0.000000 0.000000 0.000000 1.000000
0.978064 0.028163 0.206390 0.000000 -0.022646 0.999322 -0.029041 1.214300 -0.207068 0.023730 0.978039 0.000000 0.000000 0.000000 0.000000 1.000000
0.989175 0.011987 0.146249 0.000000 -0.006270 0.999200 -0.039487 1.214300 -0.146606 0.038143 0.988459 -0.000000 0.000000 0.000000 0.000000 1.000000
0.994545 -0.007879 0.104015 0.000000 0.012852 0.998802 -0.047221 1.214300 -0.103518 0.048300 0.993454 0.000000 0.000000 0.000000 0.000000 1.000000
0.995299 -0.019614 0.094844 -0.000000 0.025094 0.998063 -0.056930 1.214300 -0.093544 0.059042 0.993863 -0.000000 0.000000 0.000000 0.000000 1.000000
0.996019 -0.014386 0.087974 0.000000 0.020552 0.997363 -0.069598 1.214300 -0.086741 0.071129 0.993688 0.000000 0.000000 0.000000 0.000000 1.000000
0.999174 -0.011115 0.039087 0.000000 0.013788 0.997536 -0.068787 1.214300 -0.038227 0.069269 0.996865 0.000000 0.000000 0.000000 0.000000 1.000000
0.999809 -0.016474 -0.010535 -0.000000 0.015731 0.997625 -0.067065 1.214300 0.011615 0.066886 0.997693 0.000000 0.000000 0.000000 0.000000 1.000000
0.998705 -0.017984 -0.047592 0.000000 0.014472 0.997217 -0.073135 1.214300 0.048775 0.072351 0.996186 0.000000 0.000000 0.000000 0.000000 1.000000
0.997816 -0.014144 -0.064525 0.000000 0.008740 0.996488 -0.083277 1.214300 0.065476 0.082531 0.994435 -0.000000 0.000000 0.000000 0.000000 1.000000
0.997132 -0.011130 -0.074856 0.000000 0.004200 0.995739 -0.092117 1.214300 0.075563 0.091538 0.992931 0.000000 0.000000 0.000000 0.000000 1.000000
0.995829 -0.013019 -0.090302 0.000000 0.004145 0.995200 -0.097774 1.214300 0.091142 0.096992 0.991103 0.000000 0.000000 0.000000 0.000000 1.000000
0.994603 -0.009837 -0.103290 -0.000000 -0.000632 0.994902 -0.100841 1.214300 0.103755 0.100362 0.989526 0.000000 0.000000 0.000000 0.000000 1.000000
0.993963 0.000492 -0.109713 0.000000 -0.011591 0.994865 -0.100549 1.214300 0.109100 0.101214 0.988864 -0.000000 0.000000 0.000000 0.000000 1.000000
0.993722 0.012805 -0.111145 0.000000 -0.023882 0.994810 -0.098912 1.214300 0.109301 0.100945 0.988870 0.000000 0.000000 0.000000 0.000000 1.000000
0.993504 0.023534 -0.111338 0.000000 -0.034892 0.994255 -0.101189 1.214300 0.108317 0.104416 0.988618 0.000000 0.000000 0.000000 0.000000 1.000000
0.993100 0.030563 -0.113214 0.000000 -0.042968 0.993134 -0.108809 1.214300 0.109111 0.112923 0.987595 -0.000000 0.000000 0.000000 0.000000 1.000000
0.992812 0.033763 -0.114825 -0.000000 -0.047188 0.992094 -0.116289 1.214300 0.109991 0.120872 0.986556 0.000000 0.000000 0.000000 0.000000 1.000000
0.992507 0.033369 -0.117540 0.000000 -0.047715 0.991451 -0.121442 1.214300 0.112483 0.126141 0.985615 -0.000000 0.000000 0.000000 0.000000 1.000000
0.992128 0.034034 -0.120514 0.000000 -0.049363 0.990726 -0.126592 1.214300 0.115088 0.131545 0.984607 0.000000 0.000000 0.000000 0.000000 1.000000
0.992100 0.038243 -0.119478 -0.000000 -0.053856 0.990010 -0.130309 1.214300 0.113301 0.135714 0.984248 -0.000000 0.000000 0.000000 0.000000 1.000000
0.992665 0.044011 -0.112606 -0.000000 -0.058869 0.989470 -0.132223 1.214300 0.105601 0.137882 0.984803 -0.000000 0.000000 0.000000 0.000000 1.000000
0.993707 0.046848 -0.101743 -0.000000 -0.060533 0.988873 -0.135888 1.214300 0.094245 0.141191 0.985486 -0.000000 0.000000 0.000000 0.000000 1.000000
0.994703 0.048566 -0.090599 0.000000 -0.060961 0.988344 -0.139496 1.214300 0.082769 0.144280 0.986069 0.000000 0.000000 0.000000 0.000000 1.000000
0.995430 0.051134 -0.080653 0.000000 -0.062157 0.988100 -0.140694 1.214300 0.072499 0.145065 0.986762 0.000000 0.000000 0.000000 0.000000 1.000000
0.995910 0.053048 -0.073134 -0.000000 -0.062958 0.988056 -0.140646 1.214300 0.064799 0.144675 0.987355 -0.000000 0.000000 0.000000 0.000000 1.000000
0.996042 0.054171 -0.070467 0.000000 -0.063515 0.988402 -0.137941 1.214300 0.062177 0.141870 0.987931 0.000000 0.000000 0.000000 0.000000 1.000000
0.995945 0.055149 -0.071078 -0.000000 -0.064461 0.988582 -0.136197 1.214300 0.062755 0.140227 0.988129 0.000000 0.000000 0.000000 0.000000 1.000000
0.995771 0.055439 -0.073257 0.000000 -0.064988 0.988691 -0.135152 1.214300 0.064936 0.139341 0.988113 -0.000000 0.000000 0.000000 0.000000 1.000000
0.995571 0.055078 -0.076183 -0.000000 -0.064888 0.988996 -0.132955 1.214300 0.068021 0.137309 0.988190 0.000000 0.000000 0.000000 0.000000 1.000000
0.995350 0.054195 -0.079636 -0.000000 -0.064421 0.989149 -0.132035 1.214300 0.071616 0.136551 0.988041 0.000000 0.000000 0.000000 0.000000 1.000000
0.995117 0.051468 -0.084223 0.000000 -0.062352 0.989265 -0.132166 1.214300 0.076517 0.136772 0.987643 0.000000 0.000000 0.000000 0.000000 1.000000
0.994840 0.046632 -0.090100 0.000000 -0.058434 0.989372 -0.133151 1.214300 0.082934 0.137729 0.986992 -0.000000 0.000000 0.000000 0.000000 1.000000</float_array><technique_common><accessor source="#mixamorig_Spine1-Matrix-animation-output-transform-array" count="67" stride="16"><param type="float4x4"/></accessor></technique_common></source><source id="mixamorig_Spine1-Interpolations"><Name_array id="mixamorig_Spine1-Interpolations-array" count="67">
 LINEAR LINEAR LINEAR LINEAR LINEAR LINEAR LINEAR LINEAR LINEAR LINEAR LINEAR
LINEAR LINEAR LINEAR LINEAR LINEAR LINEAR LINEAR LINEAR LINEAR LINEAR LINEAR LINEAR
LINEAR LINEAR LINEAR LINEAR LINEAR LINEAR LINEAR LINEAR LINEAR LINEAR LINEAR LINEAR
LINEAR LINEAR LINEAR LINEAR LINEAR LINEAR LINEAR LINEAR LINEAR LINEAR LINEAR LINEAR
LINEAR LINEAR LINEAR LINEAR LINEAR LINEAR LINEAR LINEAR LINEAR LINEAR LINEAR LINEAR
LINEAR LINEAR LINEAR LINEAR LINEAR LINEAR LINEAR LINEAR</Name_array><technique_common><accessor source="#mixamorig_Spine1-Interpolations-array" count="67"><param type="name"/></accessor></technique_common></source><sampler id="mixamorig_Spine1-Matrix-animation-transform"><input semantic="INPUT" source="#mixamorig_Spine1-Matrix-animation-input"/><input semantic="OUTPUT" source="#mixamorig_Spine1-Matrix-animation-output-transform"/><input semantic="INTERPOLATION" source="#mixamorig_Spine1-Interpolations"/></sampler><channel source="#mixamorig_Spine1-Matrix-animation-transform" target="mixamorig_Spine1/matrix"/></animation>
    <animation id="mixamorig_Spine2-anim" name="mixamorig_Spine2"><source id="mixamorig_Spine2-Matrix-animation-input"><float_array id="mixamorig_Spine2-Matrix-animation-input-array" count="67">

0.000000 0.033333 0.066667 0.100000 0.133333 0.166667 0.200000 0.233333 0.266667 0.300000 0.333333 0.366667 0.400000 0.433333 0.466667 0.500000
0.533333 0.566667 0.600000 0.633333 0.666667 0.700000 0.733333 0.766667 0.800000 0.833333 0.866667 0.900000 0.933333 0.966667 1.000000 1.033333
1.066667 1.100000 1.133333 1.166667 1.200000 1.233333 1.266667 1.300000 1.333333 1.366667 1.400000 1.433333 1.466667 1.500000 1.533333 1.566667
1.600000 1.633333 1.666667 1.700000 1.733333 1.766667 1.800000 1.833333 1.866667 1.900000 1.933333 1.966667 2.000000 2.033333 2.066667 2.100000
2.133333 2.166667 2.200000</float_array><technique_common><accessor source="#mixamorig_Spine2-Matrix-animation-input-array" count="67"><param name="TIME" type="float"/></accessor></technique_common></source><source id="mixamorig_Spine2-Matrix-animation-output-transform"><float_array id="mixamorig_Spine2-Matrix-animation-output-transform-array" count="1072">

0.994665 0.047194 -0.091733 0.000000 -0.059100 0.989520 -0.131749 1.387800 0.084554 0.136468 0.987029 -0.000000 0.000000 0.000000 0.000000 1.000000
0.994305 0.040980 -0.098379 -0.000000 -0.053966 0.989619 -0.133198 1.387800 0.091899 0.137749 0.986195 -0.000000 0.000000 0.000000 0.000000 1.000000
0.993980 0.034671 -0.103927 -0.000000 -0.048642 0.989642 -0.135069 1.387800 0.098167 0.139311 0.985371 0.000000 0.000000 0.000000 0.000000 1.000000
0.993916 0.029438 -0.106137 0.000000 -0.043960 0.989568 -0.137196 1.387800 0.100991 0.141027 0.984841 -0.000000 0.000000 0.000000 0.000000 1.000000
0.994299 0.026013 -0.103405 -0.000000 -0.040354 0.989453 -0.139119 1.387800 0.098696 0.142499 0.984862 -0.000000 0.000000 0.000000 0.000000 1.000000
0.995094 0.028167 -0.094840 0.000000 -0.041180 0.989551 -0.138178 1.387800 0.089957 0.141406 0.985856 -0.000000 0.000000 0.000000 0.000000 1.000000
0.995907 0.035036 -0.083323 0.000000 -0.046172 0.989671 -0.135719 1.387800 0.077707 0.139011 0.987237 -0.000000 0.000000 0.000000 0.000000 1.000000
0.996939 0.041081 -0.066518 0.000000 -0.049471 0.990298 -0.129856 1.387800 0.060538 0.132749 0.989299 -0.000000 0.000000 0.000000 0.000000 1.000000
