<?xml version="1.0" encoding="utf-8"?>
<COLLADA xmlns="http://www.collada.org/2005/11/COLLADASchema" version="1.4.1">
  <asset><contributor><author>Mixamo</author><authoring_tool>COLLADA Mixamo exporter</authoring_tool><comments></comments></contributor><created>2020-05-06T09:12:07Z</created><modified>2020-05-06T09:12:07Z</modified><revision></revision><title></title><unit meter="0.025400"/><up_axis>Y_UP</up_axis></asset>
  <library_animations>
    <animation id="mixamorig_Hips-anim" name="mixamorig_Hips"><source id="mixamorig_Hips-Matrix-animation-input"><float_array id="mixamorig_Hips-Matrix-animation-input-array" count="17">

0.000000 0.033333 0.066667 0.100000 0.133333 0.166667 0.200000 0.233333 0.266667 0.300000 0.333333 0.366667 0.400000 0.433333 0.466667 0.500000
0.533333</float_array><technique_common><accessor source="#mixamorig_Hips-Matrix-animation-input-array" count="17"><param name="TIME" type="float"/></accessor></technique_common></source><source id="mixamorig_Hips-Matrix-animation-output-transform"><float_array id="mixamorig_Hips-Matrix-animation-output-transform-array" count="272">

0.969314 -0.079098 -0.232754 0.247132 0.002243 0.949626 -0.313376 9.145477 0.245816 0.303238 0.920663 -0.538434 0.000000 0.000000 0.000000 1.000000
0.971313 -0.161892 -0.174191 0.235349 0.099653 0.942172 -0.319972 8.867681 0.215918 0.293434 0.931276 -0.893086 0.000000 0.000000 0.000000 1.000000
0.962902 -0.261643 -0.066045 0.105114 0.227750 0.919234 -0.321151 8.381600 0.144738 0.294195 0.944722 -1.024170 0.000000 0.000000 0.000000 1.000000
0.972958 -0.230317 -0.017536 0.000816 0.210660 0.915927 -0.341615 8.120550 0.094741 0.328683 0.939676 -1.037015 0.000000 0.000000 0.000000 1.000000
0.994596 -0.103477 0.008423 -0.020827 0.100702 0.941819 -0.320681 8.340673 0.025250 0.319796 0.947150 -0.874244 0.000000 0.000000 0.000000 1.000000
0.997445 -0.048117 0.052800 -0.054988 0.061379 0.955405 -0.288849 8.706610 -0.036547 0.291352 0.955918 -0.842449 0.000000 0.000000 0.000000 1.000000
0.994218 -0.047270 0.096416 -0.185274 0.073508 0.954135 -0.290211 8.883714 -0.078276 0.295620 0.952093 -0.724652 0.000000 0.000000 0.000000 1.000000
0.985969 -0.020999 0.165601 -0.281772 0.071329 0.949924 -0.304230 8.936178 -0.150919 0.311773 0.938094 -0.786390 0.000000 0.000000 0.000000 1.000000
0.985384 0.069716 0.155426 -0.277711 -0.021204 0.955520 -0.294165 9.106210 -0.169021 0.286570 0.943032 -1.143654 0.000000 0.000000 0.000000 1.000000
0.981013 0.187114 0.051005 -0.100837 -0.165952 0.945985 -0.278518 8.850646 -0.100365 0.264766 0.959076 -1.348674 0.000000 0.000000 0.000000 1.000000
0.962198 0.270534 -0.031404 0.079384 -0.267143 0.915065 -0.302142 8.458811 -0.053003 0.299110 0.952745 -1.354277 0.000000 0.000000 0.000000 1.000000
0.980351 0.191676 -0.046601 0.157724 -0.196132 0.921931 -0.334029 8.368685 -0.021062 0.336606 0.941410 -1.094043 0.000000 0.000000 0.000000 1.000000
0.996269 0.073945 -0.044489 0.196775 -0.084124 0.947124 -0.309644 8.416256 0.019240 0.312231 0.949811 -0.772182 0.000000 0.000000 0.000000 1.000000
0.996563 0.012709 -0.081858 0.210433 -0.034941 0.960444 -0.276274 8.727024 0.075109 0.278185 0.957587 -0.521255 0.000000 0.000000 0.000000 1.000000
0.991198 0.012230 -0.131822 0.274826 -0.049327 0.958143 -0.282007 8.872698 0.122855 0.286027 0.950313 -0.406477 0.000000 0.000000 0.000000 1.000000
0.976446 0.001176 -0.215758 0.293392 -0.068453 0.950012 -0.304618 8.916848 0.204614 0.312213 0.927716 -0.341094 0.000000 0.000000 0.000000 1.000000
0.969314 -0.079098 -0.232754 0.247132 0.002243 0.949626 -0.313376 9.145477 0.245816 0.303238 0.920663 -0.538434 0.000000 0.000000 0.000000 1.000000</float_array><technique_common><accessor source="#mixamorig_Hips-Matrix-animation-output-transform-array" count="17" stride="16"><param type="float4x4"/></accessor></technique_common></source><source id="mixamorig_Hips-Interpolations"><Name_array id="mixamorig_Hips-Interpolations-array" count="17">
 LINEAR LINEAR LINEAR LINEAR LINEAR LINEAR LINEAR LINEAR LINEAR LINEAR LINEAR
LINEAR LINEAR LINEAR LINEAR LINEAR LINEAR</Name_array><technique_common><accessor source="#mixamorig_Hips-Interpolations-array" count="17"><param type="name"/></accessor></technique_common></source><sampler id="mixamorig_Hips-Matrix-animation-transform"><input semantic="INPUT" source="#mixamorig_Hips-Matrix-animation-input"/><input semantic="OUTPUT" source="#mixamorig_Hips-Matrix-animation-output-transform"/><input semantic="INTERPOLATION" source="#mixamorig_Hips-Interpolations"/></sampler><channel source="#mixamorig_Hips-Matrix-animation-transform" target="mixamorig_Hips/matrix"/></animation>
    <animation id="mixamorig_Spine-anim" name="mixamorig_Spine"><source id="mixamorig_Spine-Matrix-animation-input"><float_array id="mixamorig_Spine-Matrix-animation-input-array" count="17">

0.000000 0.033333 0.066667 0.100000 0.133333 0.166667 0.200000 0.233333 0.266667 0.300000 0.333333 0.366667 0.400000 0.433333 0.466667 0.500000
0.533333</float_array><technique_common><accessor source="#mixamorig_Spine-Matrix-animation-input-array" count="17"><param name="TIME" type="float"/></accessor></technique_common></source><source id="mixamorig_Spine-Matrix-animation-output-transform"><float_array id="mixamorig_Spine-Matrix-animation-output-transform-array" count="272">

0.992473 0.056318 0.108745 0.000000 -0.050743 0.997285 -0.053369 1.039000 -0.111455 0.047449 0.992636 -0.061900 0.000000 0.000000 0.000000 1.000000
0.978909 0.130094 0.157522 0.000000 -0.123775 0.991083 -0.049329 1.039000 -0.162535 0.028791 0.986283 -0.061900 0.000000 0.000000 0.000000 1.000000
0.948121 0.241982 0.206183 -0.000000 -0.229807 0.969822 -0.081456 1.039000 -0.219672 0.029847 0.975117 -0.061900 0.000000 0.000000 0.000000 1.000000
0.940466 0.238707 0.241957 0.000000 -0.227592 0.970992 -0.073316 1.039000 -0.252440 0.013884 0.967513 -0.061900 0.000000 0.000000 0.000000 1.000000
0.969382 0.144747 0.198361 0.000000 -0.135672 0.989015 -0.058673 1.039000 -0.204674 0.029965 0.978371 -0.061900 0.000000 0.000000 0.000000 1.000000
0.990060 0.106742 0.091585 0.000000 -0.100848 0.992660 -0.066752 1.039000 -0.098038 0.056853 0.993557 -0.061900 0.000000 0.000000 0.000000 1.000000
0.994282 0.106356 -0.009627 0.000000 -0.106682 0.993288 -0.044686 1.039000 0.004810 0.045458 0.998955 -0.061900 0.000000 0.000000 0.000000 1.000000
0.993284 0.069839 -0.092242 0.000000 -0.072792 0.996924 -0.029041 1.039000 0.089930 0.035561 0.995313 -0.061900 0.000000 0.000000 0.000000 1.000000
0.992195 -0.029964 -0.121041 0.000000 0.022463 0.997769 -0.062869 1.039000 0.122654 0.059659 0.990655 -0.061900 0.000000 0.000000 0.000000 1.000000
0.978132 -0.148250 -0.145874 -0.000000 0.134544 0.985872 -0.099767 1.039000 0.158604 0.077959 0.984260 -0.061900 0.000000 0.000000 0.000000 1.000000
0.948646 -0.252190 -0.190972 -0.000000 0.233772 0.965599 -0.113880 1.039000 0.213122 0.063388 0.974967 -0.061900 0.000000 0.000000 0.000000 1.000000
0.955928 -0.205409 -0.209780 0.000000 0.190830 0.977693 -0.087746 1.039000 0.223125 0.043847 0.973803 -0.061900 0.000000 0.000000 0.000000 1.000000
0.977443 -0.111788 -0.179188 0.000000 0.095834 0.990818 -0.095372 1.039000 0.188204 0.076048 0.979181 -0.061900 0.000000 0.000000 0.000000 1.000000
0.991819 -0.063236 -0.110886 -0.000000 0.051325 0.992916 -0.107163 1.039000 0.116877 0.100595 0.988039 -0.061900 0.000000 0.000000 0.000000 1.000000
0.997630 -0.059331 -0.034839 0.000000 0.056411 0.995235 -0.079525 1.039000 0.039391 0.077371 0.996224 -0.061900 0.000000 0.000000 0.000000 1.000000
0.997997 -0.031878 0.054651 0.000000 0.034433 0.998326 -0.046467 1.039000 -0.053078 0.048256 0.997424 -0.061900 0.000000 0.000000 0.000000 1.000000
0.992473 0.056318 0.108745 0.000000 -0.050743 0.997285 -0.053369 1.039000 -0.111455 0.047449 0.992636 -0.061900 0.000000 0.000000 0.000000 1.000000</float_array><technique_common><accessor source="#mixamorig_Spine-Matrix-animation-output-transform-array" count="17" stride="16"><param type="float4x4"/></accessor></technique_common></source><source id="mixamorig_Spine-Interpolations"><Name_array id="mixamorig_Spine-Interpolations-array" count="17">
 LINEAR LINEAR LINEAR LINEAR LINEAR LINEAR LINEAR LINEAR LINEAR LINEAR LINEAR
LINEAR LINEAR LINEAR LINEAR LINEAR LINEAR</Name_array><technique_common><accessor source="#mixamorig_Spine-Interpolations-array" count="17"><param type="name"/></accessor></technique_common></source><sampler id="mixamorig_Spine-Matrix-animation-transform"><input semantic="INPUT" source="#mixamorig_Spine-Matrix-animation-input"/><input semantic="OUTPUT" source="#mixamorig_Spine-Matrix-animation-output-transform"/><input semantic="INTERPOLATION" source="#mixamorig_Spine-Interpolations"/></sampler><channel source="#mixamorig_Spine-Matrix-animation-transform" target="mixamorig_Spine/matrix"/></animation>
    <animation id="mixamorig_Spine1-anim" name="mixamorig_Spine1"><source id="mixamorig_Spine1-Matrix-animation-input"><float_array id="mixamorig_Spine1-Matrix-animation-input-array" count="17">

0.000000 0.033333 0.066667 0.100000 0.133333 0.166667 0.200000 0.233333 0.266667 0.300000 0.333333 0.366667 0.400000 0.433333 0.466667 0.500000
0.533333</float_array><technique_common><accessor source="#mixamorig_Spine1-Matrix-animation-input-array" count="17"><param name="TIME" type="float"/></accessor></technique_common></source><source id="mixamorig_Spine1-Matrix-animation-output-transform"><float_array id="mixamorig_Spine1-Matrix-animation-output-transform-array" count="272">

0.998937 -0.001458 0.046070 -0.000000 0.004685 0.997534 -0.070021 1.214300 -0.045854 0.070163 0.996481 -0.000000 0.000000 0.000000 0.000000 1.000000
0.997554 0.018399 0.067434 -0.000000 -0.013830 0.997616 -0.067608 1.214300 -0.068517 0.066510 0.995430 0.000000 0.000000 0.000000 0.000000 1.000000
0.996406 0.034928 0.077166 0.000000 -0.028821 0.996467 -0.078882 1.214300 -0.079649 0.076375 0.993893 0.000000 0.000000 0.000000 0.000000 1.000000
0.996513 0.036514 0.075022 0.000000 -0.031117 0.996927 -0.071892 1.214300 -0.077416 0.069306 0.994587 0.000000 0.000000 0.000000 0.000000 1.000000
0.998008 0.031693 0.054550 0.000000 -0.028276 0.997656 -0.062318 1.214300 -0.056397 0.060652 0.996564 0.000000 0.000000 0.000000 0.000000 1.000000
0.999056 0.030544 0.030892 0.000000 -0.028464 0.997434 -0.065686 1.214300 -0.032819 0.064745 0.997362 0.000000 0.000000 0.000000 0.000000 1.000000
0.999381 0.035134 0.001902 0.000000 -0.034942 0.997371 -0.063488 1.214300 -0.004127 0.063382 0.997981 0.000000 0.000000 0.000000 0.000000 1.000000
0.998930 0.030956 -0.034348 0.000000 -0.033143 0.997333 -0.065023 1.214300 0.032244 0.066092 0.997292 0.000000 0.000000 0.000000 0.000000 1.000000
0.997967 0.009931 -0.062948 0.000000 -0.015041 0.996581 -0.081236 1.214300 0.061926 0.082018 0.994705 0.000000 0.000000 0.000000 0.000000 1.000000
0.997180 -0.017295 -0.073024 0.000000 0.010468 0.995624 -0.092859 1.214300 0.074310 0.091832 0.992998 0.000000 0.000000 0.000000 0.000000 1.000000
0.996156 -0.034835 -0.080378 0.000000 0.027199 0.995181 -0.094206 1.214300 0.083272 0.091658 0.992303 0.000000 0.000000 0.000000 0.000000 1.000000
0.997064 -0.033049 -0.069077 0.000000 0.027419 0.996344 -0.080910 1.214300 0.071498 0.078778 0.994325 0.000000 0.000000 0.000000 0.000000 1.000000
0.998739 -0.025733 -0.043117 0.000000 0.022185 0.996481 -0.080824 1.214300 0.045045 0.079766 0.995795 -0.000000 0.000000 0.000000 0.000000 1.000000
0.998960 -0.023847 -0.038854 0.000000 0.020477 0.996176 -0.084936 1.214300 0.040731 0.084052 0.995629 0.000000 0.000000 0.000000 0.000000 1.000000
0.999178 -0.023536 -0.033002 0.000000 0.020933 0.996800 -0.077141 1.214300 0.034712 0.076386 0.996474 0.000000 0.000000 0.000000 0.000000 1.000000
0.999762 -0.018837 0.011008 -0.000000 0.019518 0.997666 -0.065437 1.214300 -0.009749 0.065637 0.997796 0.000000 0.000000 0.000000 0.000000 1.000000
0.998937 -0.001458 0.046070 0.000000 0.004685 0.997534 -0.070021 1.214300 -0.045854 0.070163 0.996481 0.000000 0.000000 0.000000 0.000000 1.000000</float_array><technique_common><accessor source="#mixamorig_Spine1-Matrix-animation-output-transform-array" count="17" stride="16"><param type="float4x4"/></accessor></technique_common></source><source id="mixamorig_Spine1-Interpolations"><Name_array id="mixamorig_Spine1-Interpolations-array" count="17">
 LINEAR LINEAR LINEAR LINEAR LINEAR LINEAR LINEAR LINEAR LINEAR LINEAR LINEAR
LINEAR LINEAR LINEAR LINEAR LINEAR LINEAR</Name_array><technique_common><accessor source="#mixamorig_Spine1-Interpolations-array" count="17"><param type="name"/></accessor></technique_common></source><sampler id="mixamorig_Spine1-Matrix-animation-transform"><input semantic="INPUT" source="#mixamorig_Spine1-Matrix-animation-input"/><input semantic="OUTPUT" source="#mixamorig_Spine1-Matrix-animation-output-transform"/><input semantic="INTERPOLATION" source="#mixamorig_Spine1-Interpolations"/></sampler><channel source="#mixamorig_Spine1-Matrix-animation-transform" target="mixamorig_Spine1/matrix"/></animation>
    <animation id="mixamorig_Spine2-anim" name="mixamorig_Spine2"><source id="mixamorig_Spine2-Matrix-animation-input"><float_array id="mixamorig_Spine2-Matrix-animation-input-array" count="17">

0.000000 0.033333 0.066667 0.100000 0.133333 0.166667 0.200000 0.233333 0.266667 0.300000 0.333333 0.366667 0.400000 0.433333 0.466667 0.500000
0.533333</float_array><technique_common><accessor source="#mixamorig_Spine2-Matrix-animation-input-array" count="17"><param name="TIME" type="float"/></accessor></technique_common></source><source id="mixamorig_Spine2-Matrix-animation-output-transform"><float_array id="mixamorig_Spine2-Matrix-animation-output-transform-array" count="272">

0.998942 -0.003680 0.045831 0.000000 0.006887 0.997521 -0.070024 1.387800 -0.045460 0.070266 0.996492 -0.000000 0.000000 0.000000 0.000000 1.000000
0.997634 0.014068 0.067296 0.000000 -0.009469 0.997629 -0.068172 1.387800 -0.068095 0.067373 0.995401 0.000000 0.000000 0.000000 0.000000 1.000000
0.996523 0.028721 0.078206 0.000000 -0.022468 0.996566 -0.079694 1.387800 -0.080226 0.077660 0.993747 -0.000000 0.000000 0.000000 0.000000 1.000000
0.996537 0.031975 0.076755 0.000000 -0.026454 0.997061 -0.071895 1.387800 -0.078829 0.069615 0.994455 0.000000 0.000000 0.000000 0.000000 1.000000
0.998008 0.029699 0.055669 0.000000 -0.026221 0.997719 -0.062198 1.387800 -0.057389 0.060614 0.996510 0.000000 0.000000 0.000000 0.000000 1.000000
0.999053 0.029511 0.031966 -0.000000 -0.027362 0.997465 -0.065686 1.387800 -0.033823 0.064749 0.997328 0.000000 0.000000 0.000000 0.000000 1.000000
0.999388 0.034797 0.003479 -0.000000 -0.034504 0.997368 -0.063761 1.387800 -0.005689 0.063602 0.997959 0.000000 0.000000 0.000000 0.000000 1.000000
0.998969 0.031914 -0.032278 0.000000 -0.033984 0.997256 -0.065771 1.387800 0.030090 0.066800 0.997313 -0.000000 0.000000 0.000000 0.000000 1.000000
0.998035 0.012375 -0.061417 0.000000 -0.017413 0.996465 -0.082182 1.387800 0.060183 0.083090 0.994723 0.000000 0.000000 0.000000 0.000000 1.000000
0.997223 -0.012255 -0.073452 -0.000000 0.005341 0.995596 -0.093591 1.387800 0.074276 0.092939 0.992897 0.000000 0.000000 0.000000 0.000000 1.000000
0.996134 -0.027811 -0.083326 -0.000000 0.019900 0.995344 -0.094309 1.387800 0.085561 0.092286 0.992050 -0.000000 0.000000 0.000000 0.000000 1.000000
0.997042 -0.027785 -0.071664 0.000000 0.021949 0.996474 -0.080986 1.387800 0.073661 0.079173 0.994136 -0.000000 0.000000 0.000000 0.000000 1.000000
0.998781 -0.022626 -0.043861 0.000000 0.018990 0.996483 -0.081614 1.387800 0.045553 0.080681 0.995698 -0.000000 0.000000 0.000000 0.000000 1.000000
0.999002 -0.022374 -0.038654 0.000000 0.019001 0.996154 -0.085529 1.387800 0.040419 0.084710 0.995586 0.000000 0.000000 0.000000 0.000000 1.000000
0.999186 -0.023451 -0.032822 0.000000 0.020857 0.996794 -0.077243 1.387800 0.034528 0.076496 0.996472 0.000000 0.000000 0.000000 0.000000 1.000000
0.999754 -0.019281 0.010934 -0.000000 0.019955 0.997663 -0.065342 1.387800 -0.009648 0.065544 0.997803 -0.000000 0.000000 0.000000 0.000000 1.000000
0.998942 -0.003680 0.045831 0.000000 0.006887 0.997522 -0.070024 1.387800 -0.045460 0.070266 0.996492 -0.000000 0.000000 0.000000 0.000000 1.000000</float_array><technique_common><accessor source="#mixamorig_Spine2-Matrix-animation-output-transform-array" count="17" stride="16"><param type="float4x4"/></accessor></technique_common></source><source id="mixamorig_Spine2-Interpolations"><Name_array id="mixamorig_Spine2-Interpolations-array" count="17">
 LINEAR LINEAR LINEAR LINEAR LINEAR LINEAR LINEAR LINEAR LINEAR LINEAR LINEAR
LINEAR LINEAR LINEAR LINEAR LINEAR LINEAR</Name_array><technique_common><accessor source="#mixamorig_Spine2-Interpolations-array" count="17"><param type="name"/></accessor></technique_common></source><sampler id="mixamorig_Spine2-Matrix-animation-transform"><input semantic="INPUT" source="#mixamorig_Spine2-Matrix-animation-input"/><input semantic="OUTPUT" source="#mixamorig_Spine2-Matrix-animation-output-transform"/><input semantic="INTERPOLATION" source="#mixamorig_Spine2-Interpolations"/></sampler><channel source="#mixamorig_Spine2-Matrix-animation-transform" target="mixamorig_Spine2/matrix"/></animation>
    <animation id="mixamorig_Neck-anim" name="mixamorig_Neck"><source id="mixamorig_Neck-Matrix-animation-input"><float_array id="mixamorig_Neck-Matrix-animation-input-array" count="17">

0.000000 0.033333 0.066667 0.100000 0.133333 0.166667 0.200000 0.233333 0.266667 0.300000 0.333333 0.366667 0.400000 0.433333 0.466667 0.500000
0.533333</float_array><technique_common><accessor source="#mixamorig_Neck-Matrix-animation-input-array" count="17"><param name="TIME" type="float"/></accessor></technique_common></source><source id="mixamorig_Neck-Matrix-animation-output-transform"><float_array id="mixamorig_Neck-Matrix-animation-output-transform-array" count="272">

0.999967 -0.006296 0.005085 0.000000 0.006037 0.998759 0.049429 1.561300 -0.005390 -0.049397 0.998765 0.000000 0.000000 0.000000 0.000000 1.000000
0.999448 0.029405 -0.015476 0.000000 -0.029265 0.999529 0.009209 1.561300 0.015740 -0.008751 0.999838 0.000000 0.000000 0.000000 0.000000 1.000000
0.998189 0.041873 -0.043195 -0.000000 -0.043710 0.998140 -0.042492 1.561300 0.041335 0.044303 0.998163 0.000000 0.000000 0.000000 0.000000 1.000000
0.998131 0.020666 -0.057513 -0.000000 -0.025538 0.996027 -0.085317 1.561300 0.055521 0.086626 0.994693 -0.000000 0.000000 0.000000 0.000000 1.000000
0.998842 0.001116 -0.048092 -0.000000 -0.004952 0.996806 -0.079707 1.561300 0.047850 0.079853 0.995658 -0.000000 0.000000 0.000000 0.000000 1.000000
0.999361 -0.007461 -0.034963 0.000000 0.005947 0.999049 -0.043201 1.561300 0.035252 0.042965 0.998454 0.000000 0.000000 0.000000 0.000000 1.000000
0.999585 -0.014986 -0.024594 0.000000 0.014369 0.999582 -0.025086 1.561300 0.024959 0.024722 0.999383 -0.000000 0.000000 0.000000 0.000000 1.000000
0.999738 -0.018074 -0.014060 -0.000000 0.017962 0.999806 -0.008047 1.561300 0.014203 0.007792 0.999869 0.000000 0.000000 0.000000 0.000000 1.000000
0.999803 -0.019020 0.005655 0.000000 0.018945 0.999736 0.013008 1.561300 -0.005900 -0.012899 0.999899 0.000000 0.000000 0.000000 0.000000 1.000000
0.999154 -0.023250 0.033916 0.000000 0.023099 0.999722 0.004818 1.561300 -0.034019 -0.004031 0.999413 -0.000000 0.000000 0.000000 0.000000 1.000000
0.998019 -0.011919 0.061781 0.000000 0.013707 0.999497 -0.028613 1.561300 -0.061409 0.029403 0.997679 -0.000000 0.000000 0.000000 0.000000 1.000000
0.997969 -0.015787 0.061711 0.000000 0.018152 0.999115 -0.037953 1.561300 -0.061057 0.038996 0.997372 0.000000 0.000000 0.000000 0.000000 1.000000
0.998091 -0.046779 0.040324 -0.000000 0.046771 0.998905 0.001134 1.561300 -0.040333 0.000754 0.999186 -0.000000 0.000000 0.000000 0.000000 1.000000
0.998073 -0.053606 0.031248 -0.000000 0.052667 0.998157 0.030161 1.561300 -0.032807 -0.028457 0.999057 0.000000 0.000000 0.000000 0.000000 1.000000
0.998587 -0.043702 0.030224 0.000000 0.042690 0.998532 0.033341 1.561300 -0.031637 -0.032003 0.998987 0.000000 0.000000 0.000000 0.000000 1.000000
0.999330 -0.031113 0.019253 0.000000 0.030247 0.998585 0.043749 1.561300 -0.020587 -0.043137 0.998857 0.000000 0.000000 0.000000 0.000000 1.000000
0.999967 -0.006296 0.005085 0.000000 0.006037 0.998759 0.049429 1.561300 -0.005390 -0.049397 0.998765 0.000000 0.000000 0.000000 0.000000 1.000000</float_array><technique_common><accessor source="#mixamorig_Neck-Matrix-animation-output-transform-array" count="17" stride="16"><param type="float4x4"/></accessor></technique_common></source><source id="mixamorig_Neck-Interpolations"><Name_array id="mixamorig_Neck-Interpolations-array" count="17">
 LINEAR LINEAR LINEAR LINEAR LINEAR LINEAR LINEAR LINEAR LINEAR LINEAR LINEAR
LINEAR LINEAR LINEAR LINEAR LINEAR LINEAR</Name_array><technique_common><accessor source="#mixamorig_Neck-Interpolations-array" count="17"><param type="name"/></accessor></technique_common></source><sampler id="mixamorig_Neck-Matrix-animation-transform"><input semantic="INPUT" source="#mixamorig_Neck-Matrix-animation-input"/><input semantic="OUTPUT" source="#mixamorig_Neck-Matrix-animation-output-transform"/><input semantic="INTERPOLATION" source="#mixamorig_Neck-Interpolations"/></sampler><channel source="#mixamorig_Neck-Matrix-animation-transform" target="mixamorig_Neck/matrix"/></animation>
    <animation id="mixamorig_Head-anim" name="mixamorig_Head"><source id="mixamorig_Head-Matrix-animation-input"><float_array id="mixamorig_Head-Matrix-animation-input-array" count="17">

0.000000 0.033333 0.066667 0.100000 0.133333 0.166667 0.200000 0.233333 0.266667 0.300000 0.333333 0.366667 0.400000 0.433333 0.466667 0.500000
0.533333</float_array><technique_common><accessor source="#mixamorig_Head-Matrix-animation-input-array" count="17"><param name="TIME" type="float"/></accessor></technique_common></source><source id="mixamorig_Head-Matrix-animation-output-transform"><float_array id="mixamorig_Head-Matrix-animation-output-transform-array" count="272">

0.998739 0.014141 0.048162 0.000000 -0.027519 0.956709 0.289741 2.290800 -0.041980 -0.290701 0.955892 0.064100 0.000000 0.000000 0.000000 1.000000
0.993160 -0.010824 -0.116257 0.000000 0.036810 0.973942 0.223788 2.290800 0.110805 -0.226537 0.967679 0.064100 0.000000 0.000000 0.000000 1.000000
0.955916 -0.069403 -0.285321 0.000000 0.128621 0.972458 0.194377 2.290800 0.263972 -0.222507 0.938514 0.064100 0.000000 0.000000 0.000000 1.000000
0.936028 -0.096808 -0.338348 0.000000 0.173646 0.963284 0.204771 2.290800 0.306101 -0.250425 0.918471 0.064100 0.000000 0.000000 0.000000 1.000000
0.949693 -0.130367 -0.284760 0.000000 0.194420 0.958239 0.209710 2.290800 0.245529 -0.254523 0.935379 0.064100 0.000000 0.000000 0.000000 1.000000
0.963985 -0.160760 -0.211872 0.000000 0.203170 0.959206 0.196585 2.290800 0.171626 -0.232551 0.957321 0.064100 0.000000 0.000000 0.000000 1.000000
0.973166 -0.172458 -0.152333 0.000000 0.199812 0.961677 0.187756 2.290800 0.114115 -0.213156 0.970331 0.064100 0.000000 0.000000 0.000000 1.000000
0.978788 -0.176775 -0.103561 -0.000000 0.195704 0.956280 0.217322 2.290800 0.060616 -0.232979 0.970591 0.064100 0.000000 0.000000 0.000000 1.000000
0.985849 -0.167479 -0.007271 0.000000 0.163434 0.950573 0.264009 2.290800 -0.037304 -0.261461 0.964493 0.064100 0.000000 0.000000 0.000000 1.000000
0.980791 -0.116312 0.156590 -0.000000 0.072051 0.962023 0.263286 2.290800 -0.181267 -0.246946 0.951924 0.064100 0.000000 0.000000 0.000000 1.000000
0.955412 -0.056064 0.289906 0.000000 -0.020605 0.966757 0.254864 2.290800 -0.294557 -0.249474 0.922496 0.064100 0.000000 0.000000 0.000000 1.000000
0.950722 -0.018685 0.309480 -0.000000 -0.064082 0.964786 0.255110 2.290800 -0.303349 -0.262371 0.916046 0.064100 0.000000 0.000000 0.000000 1.000000
0.962882 0.017972 0.269325 -0.000000 -0.089104 0.963011 0.254302 2.290800 -0.254793 -0.268860 0.928867 0.064100 0.000000 0.000000 0.000000 1.000000
0.971169 0.029106 0.236609 -0.000000 -0.087445 0.966829 0.239988 2.290800 -0.221775 -0.253759 0.941500 0.064100 0.000000 0.000000 0.000000 1.000000
0.977252 0.023141 0.210816 -0.000000 -0.073194 0.969755 0.232846 2.290800 -0.199052 -0.242980 0.949389 0.064100 0.000000 0.000000 0.000000 1.000000
0.987478 0.026435 0.155526 0.000000 -0.067674 0.961526 0.266250 2.290800 -0.142504 -0.273441 0.951274 0.064100 0.000000 0.000000 0.000000 1.000000
0.998739 0.014141 0.048162 0.000000 -0.027519 0.956709 0.289741 2.290800 -0.041980 -0.290701 0.955892 0.064100 0.000000 0.000000 0.000000 1.000000</float_array><technique_common><accessor source="#mixamorig_Head-Matrix-animation-output-transform-array" count="17" stride="16"><param type="float4x4"/></accessor></technique_common></source><source id="mixamorig_Head-Interpolations"><Name_array id="mixamorig_Head-Interpolations-array" count="17">
 LINEAR LINEAR LINEAR LINEAR LINEAR LINEAR LINEAR LINEAR LINEAR LINEAR LINEAR
LINEAR LINEAR LINEAR LINEAR LINEAR LINEAR</Name_array><technique_common><accessor source="#mixamorig_Head-Interpolations-array" count="17"><param type="name"/></accessor></technique_common></source><sampler id="mixamorig_Head-Matrix-animation-transform"><input semantic="INPUT" source="#mixamorig_Head-Matrix-animation-input"/><input semantic="OUTPUT" source="#mixamorig_Head-Matrix-animation-output-transform"/><input semantic="INTERPOLATION" source="#mixamorig_Head-Interpolations"/></sampler><channel source="#mixamorig_Head-Matrix-animation-transform" target="mixamorig_Head/matrix"/></animation>
    <animation id="mixamorig_LeftShoulder-anim" name="mixamorig_LeftShoulder"><source id="mixamorig_LeftShoulder-Matrix-animation-input"><float_array id="mixamorig_LeftShoulder-Matrix-animation-input-array" count="17">

0.000000 0.033333 0.066667 0.100000 0.133333 0.166667 0.200000 0.233333 0.266667 0.300000 0.333333 0.366667 0.400000 0.433333 0.466667 0.500000
0.533333</float_array><technique_common><accessor source="#mixamorig_LeftShoulder-Matrix-animation-input-array" count="17"><param name="TIME" type="float"/></accessor></technique_common></source><source id="mixamorig_LeftShoulder-Matrix-animation-output-transform"><float_array id="mixamorig_LeftShoulder-Matrix-animation-output-transform-array" count="272">

0.201927 0.966478 -0.158575 1.026000 0.005090 -0.162944 -0.986622 1.458700 -0.979387 0.198418 -0.037822 -0.021900 0.000000 0.000000 0.000000 1.000000
0.231836 0.972742 -0.004944 1.026000 0.020089 -0.009869 -0.999749 1.458700 -0.972548 0.231678 -0.021829 -0.021900 0.000000 0.000000 0.000000 1.000000
0.328671 0.938387 0.106800 1.026000 0.038376 0.099720 -0.994275 1.458700 -0.943665 0.330888 -0.003236 -0.021900 0.000000 0.000000 0.000000 1.000000
0.331334 0.939072 0.091438 1.026000 0.035402 0.084470 -0.995797 1.458700 -0.942849 0.333178 -0.005258 -0.021900 0.000000 0.000000 0.000000 1.000000
0.258719 0.964798 -0.047219 1.026000 0.014345 -0.052715 -0.998507 1.458700 -0.965846 0.257656 -0.027478 -0.021900 0.000000 0.000000 0.000000 1.000000
0.213434 0.953779 -0.211545 1.026000 -0.000856 -0.216352 -0.976315 1.458700 -0.976957 0.208560 -0.045360 -0.021900 0.000000 0.000000 0.000000 1.000000
0.185800 0.930801 -0.314782 1.026000 -0.007251 -0.319053 -0.947709 1.458700 -0.982561 0.178367 -0.052530 -0.021900 0.000000 0.000000 0.000000 1.000000
0.213846 0.928769 -0.302750 1.026000 -0.009906 -0.307842 -0.951386 1.458700 -0.976817 0.206449 -0.056630 -0.021900 0.000000 0.000000 0.000000 1.000000
0.300548 0.945831 -0.122783 1.026000 0.002787 -0.129605 -0.991562 1.458700 -0.953763 0.297669 -0.041588 -0.021900 0.000000 0.000000 0.000000 1.000000
0.307735 0.947742 0.084164 1.026000 0.020006 0.081992 -0.996432 1.458700 -0.951262 0.308321 0.006271 -0.021900 0.000000 0.000000 0.000000 1.000000
0.255643 0.963249 0.082449 1.026000 -0.006937 0.087108 -0.996175 1.458700 -0.966746 0.254093 0.028951 -0.021900 0.000000 0.000000 0.000000 1.000000
0.244774 0.966251 0.080275 1.026000 0.000748 0.082605 -0.996582 1.458700 -0.969580 0.243997 0.019496 -0.021900 0.000000 0.000000 0.000000 1.000000
0.259369 0.963493 0.066406 1.026000 0.020664 0.063206 -0.997787 1.458700 -0.965557 0.260167 -0.003516 -0.021900 0.000000 0.000000 0.000000 1.000000
0.245674 0.967303 -0.062997 1.026000 0.011750 -0.067956 -0.997619 1.458700 -0.969281 0.244349 -0.028061 -0.021900 0.000000 0.000000 0.000000 1.000000
0.223655 0.954453 -0.197480 1.026000 -0.000651 -0.202466 -0.979289 1.458700 -0.974668 0.219151 -0.044661 -0.021900 0.000000 0.000000 0.000000 1.000000
0.207339 0.948445 -0.239712 1.026000 -0.001213 -0.244788 -0.969576 1.458700 -0.978268 0.201321 -0.049604 -0.021900 0.000000 0.000000 0.000000 1.000000
0.201927 0.966478 -0.158575 1.026000 0.005090 -0.162943 -0.986622 1.458700 -0.979387 0.198418 -0.037822 -0.021900 0.000000 0.000000 0.000000 1.000000</float_array><technique_common><accessor source="#mixamorig_LeftShoulder-Matrix-animation-output-transform-array" count="17" stride="16"><param type="float4x4"/></accessor></technique_common></source><source id="mixamorig_LeftShoulder-Interpolations"><Name_array id="mixamorig_LeftShoulder-Interpolations-array" count="17">
 LINEAR LINEAR LINEAR LINEAR LINEAR LINEAR LINEAR LINEAR LINEAR LINEAR LINEAR
LINEAR LINEAR LINEAR LINEAR LINEAR LINEAR</Name_array><technique_common><accessor source="#mixamorig_LeftShoulder-Interpolations-array" count="17"><param type="name"/></accessor></technique_common></source><sampler id="mixamorig_LeftShoulder-Matrix-animation-transform"><input semantic="INPUT" source="#mixamorig_LeftShoulder-Matrix-animation-input"/><input semantic="OUTPUT" source="#mixamorig_LeftShoulder-Matrix-animation-output-transform"/><input semantic="INTERPOLATION" source="#mixamorig_LeftShoulder-Interpolations"/></sampler><channel source="#mixamorig_LeftShoulder-Matrix-animation-transform" target="mixamorig_LeftShoulder/matrix"/></animation>
    <animation id="mixamorig_LeftArm-anim" name="mixamorig_LeftArm"><source id="mixamorig_LeftArm-Matrix-animation-input"><float_array id="mixamorig_LeftArm-Matrix-animation-input-array" count="17">

0.000000 0.033333 0.066667 0.100000 0.133333 0.166667 0.200000 0.233333 0.266667 0.300000 0.333333 0.366667 0.400000 0.433333 0.466667 0.500000
0.533333</float_array><technique_common><accessor source="#mixamorig_LeftArm-Matrix-animation-input-array" count="17"><param name="TIME" type="float"/></accessor></technique_common></source><source id="mixamorig_LeftArm-Matrix-animation-output-transform"><float_array id="mixamorig_LeftArm-Matrix-animation-output-transform-array" count="272">

0.643538 0.448948 0.619923 0.000000 0.420903 0.468901 -0.776514 2.058700 -0.639297 0.760643 0.112792 0.000000 0.000000 0.000000 0.000000 1.000000
0.432474 0.623990 0.650847 0.000000 0.422688 0.497300 -0.757646 2.058700 -0.796430 0.602767 -0.048684 0.000000 0.000000 0.000000 0.000000 1.000000
0.360740 0.682094 0.636093 -0.000000 0.309567 0.555785 -0.771539 2.058700 -0.879793 0.475238 -0.010660 0.000000 0.000000 0.000000 0.000000 1.000000
0.510618 0.653469 0.558791 0.000000 0.176613 0.556329 -0.811976 2.058700 -0.841473 0.513300 0.168660 -0.000000 0.000000 0.000000 0.000000 1.000000
0.723748 0.539139 0.430719 0.000000 0.078876 0.555448 -0.827802 2.058700 -0.685542 0.633093 0.359479 0.000000 0.000000 0.000000 0.000000 1.000000
0.890838 0.312475 0.329798 0.000000 0.078406 0.609283 -0.789067 2.058700 -0.447504 0.728789 0.518272 0.000000 0.000000 0.000000 0.000000 1.000000
0.957600 -0.032703 0.286238 0.000000 0.236620 0.656069 -0.716648 2.058700 -0.164356 0.753992 0.635990 -0.000000 0.000000 0.000000 0.000000 1.000000
0.908792 -0.374620 0.183729 0.000000 0.392028 0.615854 -0.683402 2.058700 0.142866 0.693097 0.706545 0.000000 0.000000 0.000000 0.000000 1.000000
0.787435 -0.611741 -0.075631 0.000000 0.339523 0.532863 -0.775101 2.058700 0.514462 0.584663 0.627295 0.000000 0.000000 0.000000 0.000000 1.000000
0.681247 -0.647020 -0.342442 -0.000000 0.166579 0.592523 -0.788142 2.058700 0.712849 0.479875 0.511435 0.000000 0.000000 0.000000 0.000000 1.000000
0.673510 -0.522737 -0.522620 0.000000 0.133686 0.781510 -0.609401 2.058700 0.726989 0.340570 0.596237 0.000000 0.000000 0.000000 0.000000 1.000000
0.829061 -0.410641 -0.379514 0.000000 0.134643 0.805364 -0.577287 2.058700 0.542705 0.427508 0.722986 0.000000 0.000000 0.000000 0.000000 1.000000
0.922617 -0.384657 -0.028581 -0.000000 0.258307 0.671188 -0.694827 2.058700 0.286454 0.633676 0.718609 -0.000000 0.000000 0.000000 0.000000 1.000000
0.926016 -0.316690 0.205432 0.000000 0.352123 0.528569 -0.772415 2.058700 0.136032 0.787605 0.600977 0.000000 0.000000 0.000000 0.000000 1.000000
0.909983 -0.260964 0.322224 0.000000 0.407742 0.421971 -0.809745 2.058700 0.075345 0.868238 0.490393 -0.000000 0.000000 0.000000 0.000000 1.000000
0.870980 0.073233 0.485830 -0.000000 0.413651 0.424274 -0.805534 2.058700 -0.265116 0.902568 0.339241 0.000000 0.000000 0.000000 0.000000 1.000000
0.643538 0.448949 0.619923 0.000000 0.420902 0.468901 -0.776514 2.058700 -0.639297 0.760643 0.112792 -0.000000 0.000000 0.000000 0.000000 1.000000</float_array><technique_common><accessor source="#mixamorig_LeftArm-Matrix-animation-output-transform-array" count="17" stride="16"><param type="float4x4"/></accessor></technique_common></source><source id="mixamorig_LeftArm-Interpolations"><Name_array id="mixamorig_LeftArm-Interpolations-array" count="17">
 LINEAR LINEAR LINEAR LINEAR LINEAR LINEAR LINEAR LINEAR LINEAR LINEAR LINEAR
LINEAR LINEAR LINEAR LINEAR LINEAR LINEAR</Name_array><technique_common><accessor source="#mixamorig_LeftArm-Interpolations-array" count="17"><param type="name"/></accessor></technique_common></source><sampler id="mixamorig_LeftArm-Matrix-animation-transform"><input semantic="INPUT" source="#mixamorig_LeftArm-Matrix-animation-input"/><input semantic="OUTPUT" source="#mixamorig_LeftArm-Matrix-animation-output-transform"/><input semantic="INTERPOLATION" source="#mixamorig_LeftArm-Interpolations"/></sampler><channel source="#mixamorig_LeftArm-Matrix-animation-transform" target="mixamorig_LeftArm/matrix"/></animation>
    <animation id="mixamorig_LeftForeArm-anim" name="mixamorig_LeftForeArm"><source id="mixamorig_LeftForeArm-Matrix-animation-input"><float_array id="mixamorig_LeftForeArm-Matrix-animation-input-array" count="17">

0.000000 0.033333 0.066667 0.100000 0.133333 0.166667 0.200000 0.233333 0.266667 0.300000 0.333333 0.366667 0.400000 0.433333 0.466667 0.500000
0.533333</float_array><technique_common><accessor source="#mixamorig_LeftForeArm-Matrix-animation-input-array" count="17"><param name="TIME" type="float"/></accessor></technique_common></source><source id="mixamorig_LeftForeArm-Matrix-animation-output-transform"><float_array id="mixamorig_LeftForeArm-Matrix-animation-output-transform-array" count="272">

0.794673 -0.606546 0.024433 0.000000 0.606491 0.795022 0.010479 3.897200 -0.025781 0.006491 0.999647 -0.000000 0.000000 0.000000 0.000000 1.000000
0.569726 -0.821578 0.020547 0.000000 0.821503 0.570028 0.014194 3.897200 -0.023373 0.008793 0.999688 -0.000000 0.000000 0.000000 0.000000 1.000000
0.368981 -0.929280 0.017078 0.000000 0.929195 0.369242 0.016055 3.897200 -0.021225 0.009945 0.999725 -0.000000 0.000000 0.000000 0.000000 1.000000
0.404599 -0.914323 0.017694 0.000000 0.914239 0.404867 0.015796 3.897200 -0.021606 0.009785 0.999719 -0.000000 0.000000 0.000000 0.000000 1.000000
0.559382 -0.828660 0.020368 0.000000 0.828583 0.559682 0.014316 3.897200 -0.023263 0.008869 0.999690 0.000000 0.000000 0.000000 0.000000 1.000000
0.658795 -0.751998 0.022086 -0.000000 0.751929 0.659116 0.012992 3.897200 -0.024327 0.008048 0.999672 0.000000 0.000000 0.000000 0.000000 1.000000
0.709182 -0.704651 0.022956 0.000000 0.704587 0.709514 0.012173 3.897200 -0.024866 0.007542 0.999662 -0.000000 0.000000 0.000000 0.000000 1.000000
0.601635 -0.798493 0.021098 0.000000 0.798419 0.601944 0.013795 3.897200 -0.023716 0.008546 0.999682 -0.000000 0.000000 0.000000 0.000000 1.000000
0.379433 -0.925058 0.017259 0.000000 0.924973 0.379696 0.015981 3.897200 -0.021337 0.009900 0.999723 0.000000 0.000000 0.000000 0.000000 1.000000
0.030543 -0.999470 0.011231 -0.000000 0.999378 0.030735 0.017267 3.897200 -0.017603 0.010697 0.999788 0.000000 0.000000 0.000000 0.000000 1.000000
-0.286103 -0.958182 0.005760 -0.000000 0.958093 -0.285977 0.016554 3.897200 -0.014214 0.010255 0.999846 0.000000 0.000000 0.000000 0.000000 1.000000
-0.384629 -0.923062 0.004058 0.000000 0.922977 -0.384524 0.015947 3.897200 -0.013160 0.009879 0.999865 0.000000 0.000000 0.000000 0.000000 1.000000
-0.068776 -0.997587 0.009515 0.000000 0.997495 -0.068605 0.017234 3.897200 -0.016540 0.010677 0.999806 0.000000 0.000000 0.000000 0.000000 1.000000
0.563174 -0.826086 0.020434 0.000000 0.826010 0.563475 0.014271 3.897200 -0.023303 0.008841 0.999689 0.000000 0.000000 0.000000 0.000000 1.000000
0.988690 -0.147380 0.027786 0.000000 0.147367 0.989079 0.002546 3.897200 -0.027857 0.001577 0.999611 0.000000 0.000000 0.000000 0.000000 1.000000
0.990320 -0.135985 0.027814 0.000000 0.135972 0.990710 0.002349 3.897200 -0.027875 0.001455 0.999610 0.000000 0.000000 0.000000 0.000000 1.000000
0.794672 -0.606547 0.024434 0.000000 0.606491 0.795022 0.010478 3.897200 -0.025781 0.006492 0.999647 0.000000 0.000000 0.000000 0.000000 1.000000</float_array><technique_common><accessor source="#mixamorig_LeftForeArm-Matrix-animation-output-transform-array" count="17" stride="16"><param type="float4x4"/></accessor></technique_common></source><source id="mixamorig_LeftForeArm-Interpolations"><Name_array id="mixamorig_LeftForeArm-Interpolations-array" count="17">
 LINEAR LINEAR LINEAR LINEAR LINEAR LINEAR LINEAR LINEAR LINEAR LINEAR LINEAR
LINEAR LINEAR LINEAR LINEAR LINEAR LINEAR</Name_array><technique_common><accessor source="#mixamorig_LeftForeArm-Interpolations-array" count="17"><param type="name"/></accessor></technique_common></source><sampler id="mixamorig_LeftForeArm-Matrix-animation-transform"><input semantic="INPUT" source="#mixamorig_LeftForeArm-Matrix-animation-input"/><input semantic="OUTPUT" source="#mixamorig_LeftForeArm-Matrix-animation-output-transform"/><input semantic="INTERPOLATION" source="#mixamorig_LeftForeArm-Interpolations"/></sampler><channel source="#mixamorig_LeftForeArm-Matrix-animation-transform" target="mixamorig_LeftForeArm/matrix"/></animation>
    <animation id="mixamorig_LeftHand-anim" name="mixamorig_LeftHand"><source id="mixamorig_LeftHand-Matrix-animation-input"><float_array id="mixamorig_LeftHand-Matrix-animation-input-array" count="17">

0.000000 0.033333 0.066667 0.100000 0.133333 0.166667 0.200000 0.233333 0.266667 0.300000 0.333333 0.366667 0.400000 0.433333 0.466667 0.500000
0.533333</float_array><technique_common><accessor source="#mixamorig_LeftHand-Matrix-animation-input-array" count="17"><param name="TIME" type="float"/></accessor></technique_common></source><source id="mixamorig_LeftHand-Matrix-animation-output-transform"><float_array id="mixamorig_LeftHand-Matrix-animation-output-transform-array" count="272">

0.857475 -0.014258 -0.514328 -0.000000 0.014810 0.999886 -0.003027 3.240000 0.514312 -0.005021 0.857588 -0.000000 0.000000 0.000000 0.000000 1.000000
0.808296 0.066095 -0.585055 0.000000 -0.115589 0.992156 -0.047609 3.240000 0.577319 0.106108 0.809595 0.000000 0.000000 0.000000 0.000000 1.000000
0.732894 0.023915 -0.679922 0.000000 -0.036447 0.999327 -0.004137 3.240000 0.679366 0.027813 0.733272 0.000000 0.000000 0.000000 0.000000 1.000000
0.709665 0.031810 -0.703820 0.000000 0.033876 0.996284 0.079185 3.240000 0.703724 -0.080038 0.705951 -0.000000 0.000000 0.000000 0.000000 1.000000
0.718946 0.020364 -0.694768 -0.000000 0.177134 0.961199 0.211472 3.240000 0.672116 -0.275104 0.687443 0.000000 0.000000 0.000000 0.000000 1.000000
0.648335 -0.036958 -0.760458 0.000000 0.394218 0.870798 0.293773 3.240000 0.651348 -0.490250 0.579138 -0.000000 0.000000 0.000000 0.000000 1.000000
