<?xml version="1.0" encoding="utf-8"?>
<COLLADA xmlns="http://www.collada.org/2005/11/COLLADASchema" version="1.4.1">
  <asset><contributor><author>Mixamo</author><authoring_tool>COLLADA Mixamo exporter</authoring_tool><comments></comments></contributor><created>2020-05-06T09:09:35Z</created><modified>2020-05-06T09:09:35Z</modified><revision></revision><title></title><unit meter="0.025400"/><up_axis>Y_UP</up_axis></asset>
  <library_animations>
    <animation id="mixamorig_Hips-anim" name="mixamorig_Hips"><source id="mixamorig_Hips-Matrix-animation-input"><float_array id="mixamorig_Hips-Matrix-animation-input-array" count="99">

0.000000 0.033333 0.066667 0.100000 0.133333 0.166667 0.200000 0.233333 0.266667 0.300000 0.333333 0.366667 0.400000 0.433333 0.466667 0.500000
0.533333 0.566667 0.600000 0.633333 0.666667 0.700000 0.733333 0.766667 0.800000 0.833333 0.866667 0.900000 0.933333 0.966667 1.000000 1.033333
1.066667 1.100000 1.133333 1.166667 1.200000 1.233333 1.266667 1.300000 1.333333 1.366667 1.400000 1.433333 1.466667 1.500000 1.533333 1.566667
1.600000 1.633333 1.666667 1.700000 1.733333 1.766667 1.800000 1.833333 1.866667 1.900000 1.933333 1.966667 2.000000 2.033333 2.066667 2.100000
2.133333 2.166667 2.200000 2.233333 2.266667 2.300000 2.333333 2.366667 2.400000 2.433333 2.466667 2.500000 2.533333 2.566667 2.600000 2.633333
2.666667 2.700000 2.733333 2.766667 2.800000 2.833333 2.866667 2.900000 2.933333 2.966667 3.000000 3.033333 3.066667 3.100000 3.133333 3.166667
3.200000 3.233333 3.266667</float_array><technique_common><accessor source="#mixamorig_Hips-Matrix-animation-input-array" count="99"><param name="TIME" type="float"/></accessor></technique_common></source><source id="mixamorig_Hips-Matrix-animation-output-transform"><float_array id="mixamorig_Hips-Matrix-animation-output-transform-array" count="1584">

0.523952 -0.058170 -0.849759 -0.058616 0.065999 0.997438 -0.027585 8.248597 0.849187 -0.041630 0.526449 0.035423 0.000000 0.000000 0.000000 1.000000
0.526068 -0.047109 -0.849137 -0.074100 0.063327 0.997863 -0.016127 8.228635 0.848081 -0.045289 0.527927 0.058912 0.000000 0.000000 0.000000 1.000000
0.531578 -0.031537 -0.846422 -0.121124 0.059207 0.998246 -0.000010 8.188894 0.844937 -0.050109 0.532513 0.116902 0.000000 0.000000 0.000000 1.000000
0.540047 -0.014529 -0.841509 -0.187272 0.053256 0.998437 0.016940 8.163904 0.839948 -0.053964 0.539977 0.182749 0.000000 0.000000 0.000000 1.000000
0.553089 0.001682 -0.833121 -0.273297 0.043916 0.998549 0.031171 8.195625 0.831964 -0.053828 0.552212 0.232173 0.000000 0.000000 0.000000 1.000000
0.574537 0.019658 -0.818242 -0.382738 0.033109 0.998335 0.047232 8.274719 0.817809 -0.054228 0.572930 0.277070 0.000000 0.000000 0.000000 1.000000
0.599777 0.035373 -0.799385 -0.500914 0.022804 0.997861 0.061265 8.376122 0.799842 -0.054975 0.597687 0.320412 0.000000 0.000000 0.000000 1.000000
0.624117 0.048173 -0.779844 -0.624972 0.012202 0.997375 0.071375 8.487967 0.781235 -0.054062 0.621891 0.353966 0.000000 0.000000 0.000000 1.000000
0.644679 0.059389 -0.762143 -0.750498 -0.000086 0.996983 0.077617 8.601966 0.764453 -0.049972 0.642739 0.376250 0.000000 0.000000 0.000000 1.000000
0.667901 0.067496 -0.741183 -0.879418 -0.010208 0.996616 0.081558 8.695788 0.744180 -0.046907 0.666330 0.387766 0.000000 0.000000 0.000000 1.000000
0.697750 0.070469 -0.712867 -1.003519 -0.016073 0.996439 0.082769 8.779166 0.716161 -0.046294 0.696398 0.403086 0.000000 0.000000 0.000000 1.000000
0.732421 0.070968 -0.677144 -1.113796 -0.020219 0.996381 0.082556 8.855633 0.680552 -0.046775 0.731205 0.425678 0.000000 0.000000 0.000000 1.000000
0.767858 0.070882 -0.636686 -1.204372 -0.020797 0.996094 0.085814 8.901125 0.640282 -0.052652 0.766333 0.448261 0.000000 0.000000 0.000000 1.000000
0.802418 0.056153 -0.594115 -1.273083 -0.010206 0.996709 0.080421 8.906416 0.596675 -0.058468 0.800350 0.469368 0.000000 0.000000 0.000000 1.000000
0.836602 0.047546 -0.545744 -1.314509 0.002088 0.995942 0.089969 8.855599 0.547808 -0.076407 0.833108 0.479275 0.000000 0.000000 0.000000 1.000000
0.868705 0.044361 -0.493339 -1.344643 0.003950 0.995330 0.096455 8.740389 0.495314 -0.085739 0.864473 0.471578 0.000000 0.000000 0.000000 1.000000
0.900637 0.044655 -0.432273 -1.367009 0.002739 0.994104 0.108399 8.565463 0.434564 -0.098812 0.895204 0.453155 0.000000 0.000000 0.000000 1.000000
0.931422 0.039987 -0.361738 -1.381168 0.003077 0.993045 0.117695 8.356009 0.363928 -0.110737 0.924821 0.429742 0.000000 0.000000 0.000000 1.000000
0.956200 0.032667 -0.290887 -1.385638 0.004812 0.991865 0.127206 8.140341 0.292676 -0.123034 0.948263 0.404106 0.000000 0.000000 0.000000 1.000000
0.969798 0.027722 -0.242329 -1.379123 0.007309 0.989771 0.142479 7.927525 0.243800 -0.139947 0.959675 0.380306 0.000000 0.000000 0.000000 1.000000
0.973643 0.024763 -0.226730 -1.372568 0.013857 0.985829 0.167177 7.726300 0.227657 -0.165913 0.959503 0.350066 0.000000 0.000000 0.000000 1.000000
0.972277 0.021688 -0.232823 -1.364211 0.021022 0.983550 0.179409 7.551937 0.232884 -0.179330 0.955827 0.309448 0.000000 0.000000 0.000000 1.000000
0.972272 0.011753 -0.233556 -1.367173 0.030693 0.983683 0.177275 7.400463 0.231829 -0.179528 0.956047 0.269576 0.000000 0.000000 0.000000 1.000000
0.974821 0.004443 -0.222944 -1.376176 0.036199 0.983387 0.177878 7.263944 0.220030 -0.181469 0.958465 0.229992 0.000000 0.000000 0.000000 1.000000
0.979653 0.005189 -0.200630 -1.389592 0.032540 0.982332 0.184297 7.148864 0.198042 -0.187075 0.962176 0.192207 0.000000 0.000000 0.000000 1.000000
0.984740 0.008958 -0.173800 -1.404946 0.025935 0.979968 0.197460 7.055090 0.172087 -0.198955 0.964781 0.157588 0.000000 0.000000 0.000000 1.000000
0.987813 0.011398 -0.155230 -1.419967 0.021351 0.977964 0.207678 6.978157 0.154176 -0.208461 0.965802 0.128686 0.000000 0.000000 0.000000 1.000000
0.988546 0.012055 -0.150436 -1.430029 0.021106 0.975965 0.216904 6.913139 0.149435 -0.217595 0.964532 0.101708 0.000000 0.000000 0.000000 1.000000
0.989665 0.011529 -0.142933 -1.435084 0.021081 0.974235 0.224549 6.844148 0.141839 -0.225241 0.963923 0.074156 0.000000 0.000000 0.000000 1.000000
0.991557 0.008972 -0.129358 -1.437622 0.020909 0.973485 0.227794 6.766072 0.127972 -0.228575 0.965078 0.039777 0.000000 0.000000 0.000000 1.000000
0.993619 0.005497 -0.112655 -1.438118 0.020375 0.973632 0.227211 6.683701 0.110933 -0.228057 0.967308 0.002776 0.000000 0.000000 0.000000 1.000000
0.995095 0.001302 -0.098919 -1.434428 0.021086 0.974146 0.224935 6.598157 0.096654 -0.225917 0.969340 -0.035444 0.000000 0.000000 0.000000 1.000000
0.996104 -0.001986 -0.088161 -1.427463 0.021903 0.973987 0.225542 6.518089 0.085420 -0.226594 0.970236 -0.072662 0.000000 0.000000 0.000000 1.000000
0.997008 -0.005371 -0.077108 -1.418968 0.022712 0.973903 0.225823 6.431299 0.073883 -0.226899 0.971112 -0.104528 0.000000 0.000000 0.000000 1.000000
0.997646 -0.008244 -0.068074 -1.406036 0.023509 0.973699 0.226622 6.346809 0.064415 -0.227689 0.971601 -0.131798 0.000000 0.000000 0.000000 1.000000
0.998174 -0.010826 -0.059428 -1.391840 0.023967 0.974038 0.225111 6.264950 0.055448 -0.226124 0.972519 -0.156725 0.000000 0.000000 0.000000 1.000000
0.998524 -0.013772 -0.052545 -1.377204 0.025132 0.974695 0.222120 6.185785 0.048157 -0.223112 0.973602 -0.180383 0.000000 0.000000 0.000000 1.000000
0.998874 -0.014742 -0.045096 -1.361673 0.024358 0.975015 0.220798 6.111473 0.040715 -0.221647 0.974276 -0.202229 0.000000 0.000000 0.000000 1.000000
0.999274 -0.015975 -0.034585 -1.349939 0.023195 0.975296 0.219680 6.041441 0.030221 -0.220323 0.974959 -0.220359 0.000000 0.000000 0.000000 1.000000
0.999464 -0.017179 -0.027867 -1.336274 0.022829 0.975855 0.217223 5.974789 0.023463 -0.217743 0.975724 -0.238429 0.000000 0.000000 0.000000 1.000000
0.999594 -0.018241 -0.021892 -1.323475 0.022488 0.976815 0.212902 5.911463 0.017500 -0.213307 0.976828 -0.257572 0.000000 0.000000 0.000000 1.000000
0.999722 -0.018737 -0.014313 -1.312676 0.021289 0.978241 0.206377 5.856019 0.010134 -0.206624 0.978368 -0.279282 0.000000 0.000000 0.000000 1.000000
0.999787 -0.018633 -0.008926 -1.302392 0.020035 0.979866 0.198646 5.813250 0.005045 -0.198783 0.980031 -0.301056 0.000000 0.000000 0.000000 1.000000
0.999824 -0.017750 -0.006074 -1.294512 0.018584 0.981324 0.191462 5.788287 0.002563 -0.191541 0.981481 -0.324885 0.000000 0.000000 0.000000 1.000000
0.999853 -0.016544 -0.004569 -1.287373 0.017101 0.982902 0.183333 5.787118 0.001458 -0.183384 0.983040 -0.361061 0.000000 0.000000 0.000000 1.000000
0.999892 -0.014215 -0.003705 -1.281369 0.014618 0.987783 0.155148 5.836873 0.001454 -0.155185 0.987884 -0.403222 0.000000 0.000000 0.000000 1.000000
0.999953 -0.009653 0.000805 -1.287469 0.009457 0.990901 0.134257 5.971234 -0.002094 -0.134243 0.990946 -0.436617 0.000000 0.000000 0.000000 1.000000
0.999919 -0.003455 0.012290 -1.315922 0.001882 0.992059 0.125759 6.180351 -0.012627 -0.125725 0.991985 -0.460795 0.000000 0.000000 0.000000 1.000000
0.999299 -0.001358 0.037411 -1.353345 -0.002723 0.994057 0.108826 6.440278 -0.037336 -0.108851 0.993357 -0.464272 0.000000 0.000000 0.000000 1.000000
0.996974 -0.005198 0.077559 -1.396589 0.000012 0.997772 0.066720 6.749475 -0.077733 -0.066517 0.994753 -0.442105 0.000000 0.000000 0.000000 1.000000
0.991762 -0.010633 0.127652 -1.438016 0.010863 0.999940 -0.001111 7.116782 -0.127632 0.002488 0.991818 -0.391808 0.000000 0.000000 0.000000 1.000000
0.984386 -0.015685 0.175322 -1.476075 0.031451 0.995667 -0.087514 7.725256 -0.173189 0.091661 0.980614 -0.241501 0.000000 0.000000 0.000000 1.000000
0.981386 -0.014435 0.191501 -1.503742 0.041389 0.989636 -0.137507 8.285506 -0.187531 0.142874 0.971812 -0.000999 0.000000 0.000000 0.000000 1.000000
0.987526 0.006928 0.157307 -1.488649 0.016739 0.988751 -0.148630 8.627889 -0.156567 0.149409 0.976301 0.228599 0.000000 0.000000 0.000000 1.000000
0.995542 0.049626 0.080211 -1.422781 -0.037466 0.988493 -0.146555 8.888004 -0.086561 0.142896 0.985945 0.394620 0.000000 0.000000 0.000000 1.000000
0.996556 0.080755 0.018832 -1.347995 -0.077917 0.989643 -0.120560 8.999110 -0.028373 0.118678 0.992527 0.557055 0.000000 0.000000 0.000000 1.000000
0.995627 0.093306 0.004600 -1.301336 -0.092407 0.990874 -0.098127 9.000247 -0.013714 0.097273 0.995163 0.694376 0.000000 0.000000 0.000000 1.000000
0.995384 0.089119 0.035610 -1.268596 -0.086631 0.994040 -0.066176 8.920507 -0.041296 0.062786 0.997172 0.769552 0.000000 0.000000 0.000000 1.000000
0.994496 0.075821 0.072315 -1.249219 -0.072456 0.996212 -0.048072 8.854395 -0.075686 0.042567 0.996223 0.797845 0.000000 0.000000 0.000000 1.000000
0.992279 0.059985 0.108553 -1.231702 -0.056152 0.997698 -0.038029 8.798679 -0.110584 0.031640 0.993363 0.818550 0.000000 0.000000 0.000000 1.000000
0.990065 0.050730 0.131142 -1.209146 -0.046710 0.998345 -0.033552 8.775687 -0.132627 0.027093 0.990796 0.827495 0.000000 0.000000 0.000000 1.000000
0.990703 0.049933 0.126545 -1.170811 -0.046144 0.998399 -0.032704 8.786355 -0.127976 0.026561 0.991422 0.820759 0.000000 0.000000 0.000000 1.000000
0.993342 0.051862 0.102870 -1.132043 -0.048608 0.998243 -0.033894 8.817979 -0.104447 0.028669 0.994117 0.810429 0.000000 0.000000 0.000000 1.000000
0.996146 0.053274 0.069683 -1.093566 -0.051067 0.998147 -0.033079 8.857921 -0.071316 0.029393 0.997021 0.793106 0.000000 0.000000 0.000000 1.000000
0.998229 0.049108 0.033584 -1.059177 -0.048325 0.998549 -0.023762 8.893575 -0.034702 0.022097 0.999153 0.771379 0.000000 0.000000 0.000000 1.000000
0.999007 0.044531 0.001208 -1.033263 -0.044524 0.998994 -0.005374 8.921357 -0.001446 0.005315 0.999985 0.745343 0.000000 0.000000 0.000000 1.000000
0.998700 0.043192 -0.027056 -1.012506 -0.042869 0.999003 0.012427 8.943455 0.027566 -0.011251 0.999557 0.711277 0.000000 0.000000 0.000000 1.000000
0.997731 0.043483 -0.051403 -0.993826 -0.042172 0.998763 0.026332 8.961863 0.052485 -0.024104 0.998331 0.673798 0.000000 0.000000 0.000000 1.000000
0.996376 0.045474 -0.071882 -0.980873 -0.042952 0.998419 0.036249 8.977331 0.073417 -0.033030 0.996754 0.636010 0.000000 0.000000 0.000000 1.000000
0.994769 0.048389 -0.089966 -0.969011 -0.044428 0.997975 0.045531 8.990511 0.091987 -0.041296 0.994904 0.596934 0.000000 0.000000 0.000000 1.000000
0.992377 0.053809 -0.110873 -0.960142 -0.047822 0.997286 0.055972 9.003360 0.113584 -0.050243 0.992257 0.551509 0.000000 0.000000 0.000000 1.000000
0.988609 0.063086 -0.136649 -0.949049 -0.054837 0.996486 0.063311 9.013081 0.140163 -0.055096 0.988594 0.502016 0.000000 0.000000 0.000000 1.000000
0.982844 0.070065 -0.170613 -0.931665 -0.059805 0.996120 0.064558 9.023835 0.174474 -0.053247 0.983221 0.454390 0.000000 0.000000 0.000000 1.000000
0.973176 0.069299 -0.219377 -0.901523 -0.056586 0.996362 0.063723 9.042396 0.222995 -0.049601 0.973557 0.419388 0.000000 0.000000 0.000000 1.000000
0.957374 0.069788 -0.280294 -0.858819 -0.054448 0.996580 0.062157 9.056757 0.283673 -0.044246 0.957900 0.385774 0.000000 0.000000 0.000000 1.000000
0.932936 0.069322 -0.353305 -0.811722 -0.052658 0.997009 0.056574 9.057009 0.356170 -0.034175 0.933796 0.350792 0.000000 0.000000 0.000000 1.000000
0.896028 0.062319 -0.439602 -0.749339 -0.046280 0.997816 0.047122 9.050307 0.441579 -0.021878 0.896956 0.319020 0.000000 0.000000 0.000000 1.000000
0.847799 0.052088 -0.527753 -0.676278 -0.036833 0.998545 0.039383 9.032896 0.529037 -0.013950 0.848484 0.299723 0.000000 0.000000 0.000000 1.000000
0.793549 0.041907 -0.607061 -0.603000 -0.026608 0.999061 0.034186 9.013108 0.607924 -0.010976 0.793919 0.287704 0.000000 0.000000 0.000000 1.000000
0.741648 0.033733 -0.669941 -0.541028 -0.018238 0.999380 0.030130 8.983645 0.670542 -0.010127 0.741803 0.271621 0.000000 0.000000 0.000000 1.000000
0.704691 0.032403 -0.708774 -0.484519 -0.015480 0.999421 0.030300 8.931039 0.709345 -0.010380 0.704785 0.243788 0.000000 0.000000 0.000000 1.000000
0.683704 0.031391 -0.729084 -0.427595 -0.013522 0.999448 0.030352 8.840685 0.729635 -0.010893 0.683750 0.217681 0.000000 0.000000 0.000000 1.000000
0.662170 0.023298 -0.748991 -0.375082 -0.004039 0.999613 0.027523 8.735200 0.749343 -0.015200 0.662008 0.204779 0.000000 0.000000 0.000000 1.000000
0.629608 0.008790 -0.776863 -0.318241 0.008617 0.999795 0.018296 8.630120 0.776865 -0.018214 0.629403 0.198268 0.000000 0.000000 0.000000 1.000000
0.592979 0.002447 -0.805214 -0.257137 0.014858 0.999792 0.013980 8.548016 0.805081 -0.020254 0.592819 0.175841 0.000000 0.000000 0.000000 1.000000
0.570783 -0.002986 -0.821095 -0.211285 0.020169 0.999743 0.010385 8.471423 0.820853 -0.022488 0.570697 0.144307 0.000000 0.000000 0.000000 1.000000
0.563782 -0.009883 -0.825865 -0.178158 0.023613 0.999713 0.004156 8.412821 0.825586 -0.021844 0.563853 0.107412 0.000000 0.000000 0.000000 1.000000
0.561343 -0.011669 -0.827501 -0.152549 0.024720 0.999691 0.002672 8.367018 0.827214 -0.021956 0.561458 0.077417 0.000000 0.000000 0.000000 1.000000
0.555311 -0.017108 -0.831467 -0.133542 0.028093 0.999604 -0.001805 8.332629 0.831168 -0.022356 0.555572 0.055358 0.000000 0.000000 0.000000 1.000000
0.549866 -0.025877 -0.834852 -0.117995 0.033042 0.999411 -0.009215 8.312339 0.834599 -0.022518 0.550398 0.038038 0.000000 0.000000 0.000000 1.000000
0.544790 -0.031135 -0.837994 -0.100066 0.037955 0.999202 -0.012450 8.295815 0.837713 -0.025023 0.545537 0.027587 0.000000 0.000000 0.000000 1.000000
0.539803 -0.039834 -0.840849 -0.085242 0.045624 0.998796 -0.018027 8.283518 0.840554 -0.028632 0.540970 0.023445 0.000000 0.000000 0.000000 1.000000
0.533381 -0.046796 -0.844580 -0.074110 0.051891 0.998398 -0.022547 8.274475 0.844282 -0.031800 0.534954 0.025099 0.000000 0.000000 0.000000 1.000000
0.528766 -0.051964 -0.847175 -0.066812 0.057882 0.998008 -0.025088 8.265678 0.846791 -0.035770 0.530721 0.029340 0.000000 0.000000 0.000000 1.000000
0.525294 -0.056347 -0.849053 -0.061160 0.063533 0.997617 -0.026900 8.255703 0.848546 -0.039813 0.527622 0.033518 0.000000 0.000000 0.000000 1.000000
0.523934 -0.058170 -0.849770 -0.058830 0.066001 0.997438 -0.027585 8.251035 0.849198 -0.041633 0.526431 0.035735 0.000000 0.000000 0.000000 1.000000
0.523935 -0.058171 -0.849770 -0.058854 0.066002 0.997438 -0.027585 8.249495 0.849197 -0.041633 0.526432 0.035745 0.000000 0.000000 0.000000 1.000000
0.523935 -0.058171 -0.849770 -0.058854 0.066002 0.997438 -0.027585 8.249495 0.849197 -0.041633 0.526432 0.035745 0.000000 0.000000 0.000000 1.000000
0.523952 -0.058170 -0.849759 -0.058616 0.065999 0.997438 -0.027585 8.248597 0.849187 -0.041630 0.526449 0.035423 0.000000 0.000000 0.000000 1.000000</float_array><technique_common><accessor source="#mixamorig_Hips-Matrix-animation-output-transform-array" count="99" stride="16"><param type="float4x4"/></accessor></technique_common></source><source id="mixamorig_Hips-Interpolations"><Name_array id="mixamorig_Hips-Interpolations-array" count="99">
 LINEAR LINEAR LINEAR LINEAR LINEAR LINEAR LINEAR LINEAR LINEAR LINEAR LINEAR
LINEAR LINEAR LINEAR LINEAR LINEAR LINEAR LINEAR LINEAR LINEAR LINEAR LINEAR LINEAR
LINEAR LINEAR LINEAR LINEAR LINEAR LINEAR LINEAR LINEAR LINEAR LINEAR LINEAR LINEAR
LINEAR LINEAR LINEAR LINEAR LINEAR LINEAR LINEAR LINEAR LINEAR LINEAR LINEAR LINEAR
LINEAR LINEAR LINEAR LINEAR LINEAR LINEAR LINEAR LINEAR LINEAR LINEAR LINEAR LINEAR
LINEAR LINEAR LINEAR LINEAR LINEAR LINEAR LINEAR LINEAR LINEAR LINEAR LINEAR LINEAR
LINEAR LINEAR LINEAR LINEAR LINEAR LINEAR LINEAR LINEAR LINEAR LINEAR LINEAR LINEAR
LINEAR LINEAR LINEAR LINEAR LINEAR LINEAR LINEAR LINEAR LINEAR LINEAR LINEAR LINEAR
LINEAR LINEAR LINEAR LINEAR</Name_array><technique_common><accessor source="#mixamorig_Hips-Interpolations-array" count="99"><param type="name"/></accessor></technique_common></source><sampler id="mixamorig_Hips-Matrix-animation-transform"><input semantic="INPUT" source="#mixamorig_Hips-Matrix-animation-input"/><input semantic="OUTPUT" source="#mixamorig_Hips-Matrix-animation-output-transform"/><input semantic="INTERPOLATION" source="#mixamorig_Hips-Interpolations"/></sampler><channel source="#mixamorig_Hips-Matrix-animation-transform" target="mixamorig_Hips/matrix"/></animation>
    <animation id="mixamorig_Spine-anim" name="mixamorig_Spine"><source id="mixamorig_Spine-Matrix-animation-input"><float_array id="mixamorig_Spine-Matrix-animation-input-array" count="99">

0.000000 0.033333 0.066667 0.100000 0.133333 0.166667 0.200000 0.233333 0.266667 0.300000 0.333333 0.366667 0.400000 0.433333 0.466667 0.500000
0.533333 0.566667 0.600000 0.633333 0.666667 0.700000 0.733333 0.766667 0.800000 0.833333 0.866667 0.900000 0.933333 0.966667 1.000000 1.033333
1.066667 1.100000 1.133333 1.166667 1.200000 1.233333 1.266667 1.300000 1.333333 1.366667 1.400000 1.433333 1.466667 1.500000 1.533333 1.566667
1.600000 1.633333 1.666667 1.700000 1.733333 1.766667 1.800000 1.833333 1.866667 1.900000 1.933333 1.966667 2.000000 2.033333 2.066667 2.100000
2.133333 2.166667 2.200000 2.233333 2.266667 2.300000 2.333333 2.366667 2.400000 2.433333 2.466667 2.500000 2.533333 2.566667 2.600000 2.633333
2.666667 2.700000 2.733333 2.766667 2.800000 2.833333 2.866667 2.900000 2.933333 2.966667 3.000000 3.033333 3.066667 3.100000 3.133333 3.166667
3.200000 3.233333 3.266667</float_array><technique_common><accessor source="#mixamorig_Spine-Matrix-animation-input-array" count="99"><param name="TIME" type="float"/></accessor></technique_common></source><source id="mixamorig_Spine-Matrix-animation-output-transform"><float_array id="mixamorig_Spine-Matrix-animation-output-transform-array" count="1584">

0.999003 0.044453 0.004108 0.000000 -0.043488 0.989832 -0.135427 1.039000 -0.010086 0.135114 0.990779 -0.061900 0.000000 0.000000 0.000000 1.000000
0.999061 0.043218 0.003137 -0.000000 -0.042404 0.989995 -0.134581 1.039000 -0.008922 0.134321 0.990898 -0.061900 0.000000 0.000000 0.000000 1.000000
0.999204 0.039891 0.000923 0.000000 -0.039421 0.990475 -0.131930 1.039000 -0.006177 0.131789 0.991259 -0.061900 0.000000 0.000000 0.000000 1.000000
0.999362 0.035672 -0.001703 0.000000 -0.035598 0.991193 -0.127555 1.039000 -0.002862 0.127534 0.991830 -0.061900 0.000000 0.000000 0.000000 1.000000
0.999499 0.031369 -0.004154 0.000000 -0.031641 0.992206 -0.120522 1.039000 0.000341 0.120593 0.992702 -0.061900 0.000000 0.000000 0.000000 1.000000
0.999622 0.026686 -0.006585 0.000000 -0.027259 0.993219 -0.113017 1.039000 0.003524 0.113154 0.993571 -0.061900 0.000000 0.000000 0.000000 1.000000
0.999708 0.022770 -0.008099 0.000000 -0.023500 0.994091 -0.105973 1.039000 0.005638 0.106133 0.994336 -0.061900 0.000000 0.000000 0.000000 1.000000
0.999780 0.019573 -0.007532 -0.000000 -0.020228 0.994795 -0.099872 1.039000 0.005538 0.100003 0.994972 -0.061900 0.000000 0.000000 0.000000 1.000000
0.999858 0.016131 -0.004802 -0.000000 -0.016513 0.995388 -0.094496 1.039000 0.003255 0.094562 0.995514 -0.061900 0.000000 0.000000 0.000000 1.000000
0.999912 0.013062 -0.002288 0.000000 -0.013215 0.995876 -0.089756 1.039000 0.001107 0.089778 0.995961 -0.061900 0.000000 0.000000 0.000000 1.000000
0.999946 0.010362 -0.000830 0.000000 -0.010395 0.996304 -0.085271 1.039000 -0.000057 0.085275 0.996357 -0.061900 0.000000 0.000000 0.000000 1.000000
0.999966 0.008238 -0.000040 0.000000 -0.008213 0.996504 -0.083142 1.039000 -0.000645 0.083140 0.996538 -0.061900 0.000000 0.000000 0.000000 1.000000
0.999973 0.006906 0.002317 -0.000000 -0.006685 0.996395 -0.084573 1.039000 -0.002893 0.084556 0.996415 -0.061900 0.000000 0.000000 0.000000 1.000000
0.999945 0.009182 0.005084 0.000000 -0.008728 0.996502 -0.083112 1.039000 -0.005830 0.083063 0.996527 -0.061900 0.000000 0.000000 0.000000 1.000000
0.999898 0.011748 0.008166 0.000000 -0.010995 0.996165 -0.086801 1.039000 -0.009154 0.086702 0.996192 -0.061900 0.000000 0.000000 0.000000 1.000000
0.999892 0.010462 0.010311 0.000000 -0.009530 0.996193 -0.086654 1.039000 -0.011178 0.086546 0.996185 -0.061900 0.000000 0.000000 0.000000 1.000000
0.999896 0.010450 0.009892 0.000000 -0.009564 0.996275 -0.085696 1.039000 -0.010750 0.085592 0.996272 -0.061900 0.000000 0.000000 0.000000 1.000000
0.999872 0.014388 0.006983 0.000000 -0.013781 0.996673 -0.080336 1.039000 -0.008115 0.080229 0.996743 -0.061900 0.000000 0.000000 0.000000 1.000000
0.999853 0.017135 0.000969 -0.000000 -0.017018 0.997187 -0.072990 1.039000 -0.002217 0.072963 0.997332 -0.061900 0.000000 0.000000 0.000000 1.000000
0.999802 0.019692 -0.002882 0.000000 -0.019845 0.997389 -0.069436 1.039000 0.001507 0.069479 0.997582 -0.061900 0.000000 0.000000 0.000000 1.000000
0.999734 0.023026 -0.001477 0.000000 -0.023073 0.997157 -0.071736 1.039000 -0.000179 0.071751 0.997423 -0.061900 0.000000 0.000000 0.000000 1.000000
0.999639 0.026819 0.001596 0.000000 -0.026632 0.996999 -0.072696 1.039000 -0.003541 0.072627 0.997353 -0.061900 0.000000 0.000000 0.000000 1.000000
0.999480 0.032156 0.002373 0.000000 -0.031902 0.996896 -0.071973 1.039000 -0.004680 0.071860 0.997404 -0.061900 0.000000 0.000000 0.000000 1.000000
0.999351 0.035960 0.001977 0.000000 -0.035718 0.996662 -0.073413 1.039000 -0.004610 0.073295 0.997300 -0.061900 0.000000 0.000000 0.000000 1.000000
0.999328 0.036593 0.002278 -0.000000 -0.036307 0.996339 -0.077394 1.039000 -0.005101 0.077259 0.996998 -0.061900 0.000000 0.000000 0.000000 1.000000
0.999360 0.035759 0.001305 0.000000 -0.035528 0.995926 -0.082886 1.039000 -0.004263 0.082787 0.996558 -0.061900 0.000000 0.000000 0.000000 1.000000
0.999379 0.035234 0.000222 -0.000000 -0.035083 0.995635 -0.086487 1.039000 -0.003269 0.086426 0.996253 -0.061900 0.000000 0.000000 0.000000 1.000000
0.999382 0.035143 0.000782 0.000000 -0.034926 0.995234 -0.091050 1.039000 -0.003978 0.090966 0.995846 -0.061900 0.000000 0.000000 0.000000 1.000000
0.999394 0.034775 0.001203 0.000000 -0.034499 0.994775 -0.096085 1.039000 -0.004538 0.095985 0.995372 -0.061900 0.000000 0.000000 0.000000 1.000000
0.999421 0.034016 0.000189 0.000000 -0.033826 0.994379 -0.100334 1.039000 -0.003601 0.100270 0.994954 -0.061900 0.000000 0.000000 0.000000 1.000000
0.999439 0.033464 -0.001380 0.000000 -0.033425 0.993962 -0.104513 1.039000 -0.002126 0.104500 0.994523 -0.061900 0.000000 0.000000 0.000000 1.000000
0.999439 0.033361 -0.002957 0.000000 -0.033485 0.993532 -0.108501 1.039000 -0.000682 0.108540 0.994092 -0.061900 0.000000 0.000000 0.000000 1.000000
0.999455 0.032730 -0.004198 -0.000000 -0.032995 0.992999 -0.113419 1.039000 0.000456 0.113496 0.993538 -0.061900 0.000000 0.000000 0.000000 1.000000
0.999476 0.031940 -0.005256 0.000000 -0.032336 0.992570 -0.117296 1.039000 0.001471 0.117404 0.993083 -0.061900 0.000000 0.000000 0.000000 1.000000
0.999499 0.030908 -0.006786 0.000000 -0.031503 0.992154 -0.120991 1.039000 0.002993 0.121144 0.992630 -0.061900 0.000000 0.000000 0.000000 1.000000
0.999524 0.029926 -0.007537 0.000000 -0.030628 0.991850 -0.123676 1.039000 0.003774 0.123848 0.992294 -0.061900 0.000000 0.000000 0.000000 1.000000
0.999540 0.029281 -0.007945 0.000000 -0.030048 0.991625 -0.125607 1.039000 0.004200 0.125788 0.992048 -0.061900 0.000000 0.000000 0.000000 1.000000
0.999579 0.027739 -0.008515 0.000000 -0.028601 0.991384 -0.127826 1.039000 0.004896 0.128016 0.991760 -0.061900 0.000000 0.000000 0.000000 1.000000
0.999606 0.026372 -0.009642 0.000000 -0.027399 0.991208 -0.129443 1.039000 0.006144 0.129656 0.991540 -0.061900 0.000000 0.000000 0.000000 1.000000
0.999628 0.025311 -0.010205 0.000000 -0.026433 0.990989 -0.131313 1.039000 0.006789 0.131534 0.991288 -0.061900 0.000000 0.000000 0.000000 1.000000
0.999656 0.024126 -0.010255 -0.000000 -0.025277 0.990798 -0.132964 1.039000 0.006952 0.133178 0.991068 -0.061900 0.000000 0.000000 0.000000 1.000000
0.999677 0.023104 -0.010600 0.000000 -0.024313 0.990757 -0.133452 1.039000 0.007419 0.133667 0.990999 -0.061900 0.000000 0.000000 0.000000 1.000000
0.999699 0.022214 -0.010459 0.000000 -0.023417 0.990702 -0.134018 1.039000 0.007384 0.134223 0.990924 -0.061900 0.000000 0.000000 0.000000 1.000000
0.999727 0.021271 -0.009636 -0.000000 -0.022382 0.990508 -0.135621 1.039000 0.006660 0.135799 0.990714 -0.061900 0.000000 0.000000 0.000000 1.000000
0.999748 0.020724 -0.008685 0.000000 -0.021723 0.990251 -0.137588 1.039000 0.005749 0.137742 0.990452 -0.061900 0.000000 0.000000 0.000000 1.000000
0.999786 0.019623 -0.006536 0.000000 -0.020318 0.990923 -0.132884 1.039000 0.003869 0.132988 0.991110 -0.061900 0.000000 0.000000 0.000000 1.000000
0.999820 0.018766 -0.002873 0.000000 -0.018981 0.991329 -0.130027 1.039000 0.000408 0.130058 0.991506 -0.061900 0.000000 0.000000 0.000000 1.000000
0.999810 0.019418 -0.001459 0.000000 -0.019444 0.991472 -0.128860 1.039000 -0.001055 0.128864 0.991662 -0.061900 0.000000 0.000000 0.000000 1.000000
0.999756 0.022088 -0.000752 0.000000 -0.022015 0.992321 -0.121712 1.039000 -0.001943 0.121699 0.992565 -0.061900 0.000000 0.000000 0.000000 1.000000
0.999611 0.027848 -0.001763 0.000000 -0.027881 0.994240 -0.103491 1.039000 -0.001129 0.103499 0.994629 -0.061900 0.000000 0.000000 0.000000 1.000000
0.999455 0.032771 -0.003887 0.000000 -0.032975 0.996392 -0.078203 1.039000 0.001310 0.078288 0.996930 -0.061900 0.000000 0.000000 0.000000 1.000000
0.999362 0.035534 -0.003675 0.000000 -0.035676 0.998032 -0.051575 1.039000 0.001835 0.051674 0.998662 -0.061900 0.000000 0.000000 0.000000 1.000000
0.999403 0.034326 0.003802 0.000000 -0.034189 0.998919 -0.031509 1.039000 -0.004879 0.031360 0.999496 -0.061900 0.000000 0.000000 0.000000 1.000000
0.999580 0.025817 0.013133 0.000000 -0.025512 0.999413 -0.022850 1.039000 -0.013715 0.022506 0.999653 -0.061900 0.000000 0.000000 0.000000 1.000000
0.999679 0.013172 0.021635 0.000000 -0.012677 0.999657 -0.022898 1.039000 -0.021929 0.022617 0.999504 -0.061900 0.000000 0.000000 0.000000 1.000000
0.999515 0.002610 0.031021 0.000000 -0.001636 0.999506 -0.031392 1.039000 -0.031088 0.031326 0.999026 -0.061900 0.000000 0.000000 0.000000 1.000000
0.999316 -0.002435 0.036888 0.000000 0.003762 0.999346 -0.035962 1.039000 -0.036776 0.036076 0.998672 -0.061900 0.000000 0.000000 0.000000 1.000000
0.999415 -0.002714 0.034080 -0.000000 0.004215 0.999020 -0.044066 1.039000 -0.033927 0.044184 0.998447 -0.061900 0.000000 0.000000 0.000000 1.000000
0.999582 -0.000298 0.028909 0.000000 0.001714 0.998800 -0.048949 1.039000 -0.028860 0.048979 0.998383 -0.061900 0.000000 0.000000 0.000000 1.000000
0.999715 0.003256 0.023656 -0.000000 -0.002038 0.998678 -0.051367 1.039000 -0.023792 0.051304 0.998400 -0.061900 0.000000 0.000000 0.000000 1.000000
0.999769 0.004247 0.021083 0.000000 -0.003143 0.998637 -0.052091 1.039000 -0.021275 0.052013 0.998420 -0.061900 0.000000 0.000000 0.000000 1.000000
0.999760 0.001667 0.021843 0.000000 -0.000536 0.998663 -0.051687 1.039000 -0.021900 0.051663 0.998424 -0.061900 0.000000 0.000000 0.000000 1.000000
0.999703 -0.001438 0.024318 0.000000 0.002683 0.998683 -0.051229 1.039000 -0.024212 0.051279 0.998391 -0.061900 0.000000 0.000000 0.000000 1.000000
0.999599 -0.004827 0.027903 0.000000 0.006268 0.998639 -0.051782 1.039000 -0.027615 0.051936 0.998269 -0.061900 0.000000 0.000000 0.000000 1.000000
0.999494 -0.005157 0.031378 -0.000000 0.006881 0.998459 -0.055075 1.039000 -0.031046 0.055263 0.997989 -0.061900 0.000000 0.000000 0.000000 1.000000
0.999395 -0.005129 0.034405 0.000000 0.007207 0.998140 -0.060540 1.039000 -0.034031 0.060751 0.997573 -0.061900 0.000000 0.000000 0.000000 1.000000
0.999314 -0.006298 0.036494 0.000000 0.008655 0.997861 -0.064792 1.039000 -0.036008 0.065063 0.997231 -0.061900 0.000000 0.000000 0.000000 1.000000
0.999255 -0.007454 0.037868 0.000000 0.009973 0.997718 -0.066773 1.039000 -0.037284 0.067101 0.997049 -0.061900 0.000000 0.000000 0.000000 1.000000
0.999222 -0.008390 0.038535 -0.000000 0.010936 0.997738 -0.066321 1.039000 -0.037892 0.066691 0.997054 -0.061900 0.000000 0.000000 0.000000 1.000000
0.999197 -0.009523 0.038923 0.000000 0.012057 0.997787 -0.065389 1.039000 -0.038214 0.065806 0.997100 -0.061900 0.000000 0.000000 0.000000 1.000000
0.999219 -0.010171 0.038187 -0.000000 0.012684 0.997730 -0.066139 1.039000 -0.037428 0.066572 0.997079 -0.061900 0.000000 0.000000 0.000000 1.000000
0.999225 -0.010626 0.037900 0.000000 0.013160 0.997648 -0.067267 1.039000 -0.037096 0.067714 0.997015 -0.061900 0.000000 0.000000 0.000000 1.000000
0.999227 -0.009663 0.038107 0.000000 0.012256 0.997584 -0.068388 1.039000 -0.037354 0.068802 0.996931 -0.061900 0.000000 0.000000 0.000000 1.000000
0.999285 -0.005867 0.037362 0.000000 0.008491 0.997478 -0.070465 1.039000 -0.036855 0.070732 0.996814 -0.061900 0.000000 0.000000 0.000000 1.000000
0.999340 -0.002829 0.036213 0.000000 0.005496 0.997261 -0.073754 1.039000 -0.035905 0.073905 0.996619 -0.061900 0.000000 0.000000 0.000000 1.000000
0.999363 0.000240 0.035682 0.000000 0.002464 0.997126 -0.075722 1.039000 -0.035598 0.075762 0.996490 -0.061900 0.000000 0.000000 0.000000 1.000000
0.999314 0.005008 0.036684 -0.000000 -0.002161 0.997009 -0.077253 1.039000 -0.036962 0.077121 0.996336 -0.061900 0.000000 0.000000 0.000000 1.000000
0.999232 0.011461 0.037467 0.000000 -0.008414 0.996719 -0.080498 1.039000 -0.038267 0.080121 0.996050 -0.061900 0.000000 0.000000 0.000000 1.000000
0.999132 0.018302 0.037419 0.000000 -0.015092 0.996323 -0.084334 1.039000 -0.038825 0.083696 0.995735 -0.061900 0.000000 0.000000 0.000000 1.000000
0.999057 0.024998 0.035490 -0.000000 -0.021774 0.995838 -0.088501 1.039000 -0.037554 0.087645 0.995444 -0.061900 0.000000 0.000000 0.000000 1.000000
0.999021 0.030179 0.032344 0.000000 -0.026982 0.995103 -0.095092 1.039000 -0.035055 0.094126 0.994943 -0.061900 0.000000 0.000000 0.000000 1.000000
0.999020 0.033597 0.028827 0.000000 -0.030522 0.994399 -0.101188 1.039000 -0.032065 0.100209 0.994450 -0.061900 0.000000 0.000000 0.000000 1.000000
0.998951 0.037668 0.026020 0.000000 -0.034731 0.993832 -0.105321 1.039000 -0.029827 0.104307 0.994098 -0.061900 0.000000 0.000000 0.000000 1.000000
0.998819 0.041808 0.024772 -0.000000 -0.038908 0.993411 -0.107798 1.039000 -0.029115 0.106707 0.993864 -0.061900 0.000000 0.000000 0.000000 1.000000
0.998763 0.043996 0.023189 -0.000000 -0.041087 0.992664 -0.113713 1.039000 -0.028022 0.112620 0.993243 -0.061900 0.000000 0.000000 0.000000 1.000000
0.998737 0.046424 0.019194 0.000000 -0.043817 0.991912 -0.119126 1.039000 -0.024569 0.118135 0.992694 -0.061900 0.000000 0.000000 0.000000 1.000000
0.998740 0.047997 0.014648 0.000000 -0.045835 0.991329 -0.123154 1.039000 -0.020432 0.122327 0.992279 -0.061900 0.000000 0.000000 0.000000 1.000000
0.998786 0.048007 0.011064 0.000000 -0.046200 0.990700 -0.127977 1.039000 -0.017105 0.127310 0.991715 -0.061900 0.000000 0.000000 0.000000 1.000000
0.998800 0.048123 0.009143 0.000000 -0.046513 0.990281 -0.131076 1.039000 -0.015362 0.130493 0.991330 -0.061900 0.000000 0.000000 0.000000 1.000000
0.998809 0.048112 0.008110 0.000000 -0.046614 0.990069 -0.132627 1.039000 -0.014410 0.132091 0.991133 -0.061900 0.000000 0.000000 0.000000 1.000000
0.998837 0.047663 0.007334 -0.000000 -0.046239 0.989760 -0.135048 1.039000 -0.013696 0.134552 0.990812 -0.061900 0.000000 0.000000 0.000000 1.000000
0.998847 0.047570 0.006524 -0.000000 -0.046249 0.989700 -0.135484 1.039000 -0.012901 0.135026 0.990758 -0.061900 0.000000 0.000000 0.000000 1.000000
0.998887 0.046762 0.006233 -0.000000 -0.045486 0.989706 -0.135692 1.039000 -0.012514 0.135257 0.990731 -0.061900 0.000000 0.000000 0.000000 1.000000
0.998937 0.045778 0.005477 0.000000 -0.044613 0.989740 -0.135735 1.039000 -0.011635 0.135346 0.990730 -0.061900 0.000000 0.000000 0.000000 1.000000
0.998983 0.044866 0.004556 0.000000 -0.043834 0.989782 -0.135684 1.039000 -0.010597 0.135347 0.990742 -0.061900 0.000000 0.000000 0.000000 1.000000
0.999003 0.044455 0.004107 -0.000000 -0.043488 0.989800 -0.135661 1.039000 -0.010095 0.135347 0.990747 -0.061900 0.000000 0.000000 0.000000 1.000000
0.999003 0.044455 0.004106 0.000000 -0.043488 0.989800 -0.135661 1.039000 -0.010095 0.135347 0.990747 -0.061900 0.000000 0.000000 0.000000 1.000000
0.999003 0.044455 0.004106 0.000000 -0.043488 0.989800 -0.135661 1.039000 -0.010095 0.135347 0.990747 -0.061900 0.000000 0.000000 0.000000 1.000000
0.999003 0.044453 0.004108 0.000000 -0.043488 0.989832 -0.135427 1.039000 -0.010086 0.135114 0.990779 -0.061900 0.000000 0.000000 0.000000 1.000000</float_array><technique_common><accessor source="#mixamorig_Spine-Matrix-animation-output-transform-array" count="99" stride="16"><param type="float4x4"/></accessor></technique_common></source><source id="mixamorig_Spine-Interpolations"><Name_array id="mixamorig_Spine-Interpolations-array" count="99">
 LINEAR LINEAR LINEAR LINEAR LINEAR LINEAR LINEAR LINEAR LINEAR LINEAR LINEAR
LINEAR LINEAR LINEAR LINEAR LINEAR LINEAR LINEAR LINEAR LINEAR LINEAR LINEAR LINEAR
LINEAR LINEAR LINEAR LINEAR LINEAR LINEAR LINEAR LINEAR LINEAR LINEAR LINEAR LINEAR
LINEAR LINEAR LINEAR LINEAR LINEAR LINEAR LINEAR LINEAR LINEAR LINEAR LINEAR LINEAR
LINEAR LINEAR LINEAR LINEAR LINEAR LINEAR LINEAR LINEAR LINEAR LINEAR LINEAR LINEAR
LINEAR LINEAR LINEAR LINEAR LINEAR LINEAR LINEAR LINEAR LINEAR LINEAR LINEAR LINEAR
LINEAR LINEAR LINEAR LINEAR LINEAR LINEAR LINEAR LINEAR LINEAR LINEAR LINEAR LINEAR
LINEAR LINEAR LINEAR LINEAR LINEAR LINEAR LINEAR LINEAR LINEAR LINEAR LINEAR LINEAR
LINEAR LINEAR LINEAR LINEAR</Name_array><technique_common><accessor source="#mixamorig_Spine-Interpolations-array" count="99"><param type="name"/></accessor></technique_common></source><sampler id="mixamorig_Spine-Matrix-animation-transform"><input semantic="INPUT" source="#mixamorig_Spine-Matrix-animation-input"/><input semantic="OUTPUT" source="#mixamorig_Spine-Matrix-animation-output-transform"/><input semantic="INTERPOLATION" source="#mixamorig_Spine-Interpolations"/></sampler><channel source="#mixamorig_Spine-Matrix-animation-transform" target="mixamorig_Spine/matrix"/></animation>
    <animation id="mixamorig_Spine1-anim" name="mixamorig_Spine1"><source id="mixamorig_Spine1-Matrix-animation-input"><float_array id="mixamorig_Spine1-Matrix-animation-input-array" count="99">

0.000000 0.033333 0.066667 0.100000 0.133333 0.166667 0.200000 0.233333 0.266667 0.300000 0.333333 0.366667 0.400000 0.433333 0.466667 0.500000
0.533333 0.566667 0.600000 0.633333 0.666667 0.700000 0.733333 0.766667 0.800000 0.833333 0.866667 0.900000 0.933333 0.966667 1.000000 1.033333
1.066667 1.100000 1.133333 1.166667 1.200000 1.233333 1.266667 1.300000 1.333333 1.366667 1.400000 1.433333 1.466667 1.500000 1.533333 1.566667
1.600000 1.633333 1.666667 1.700000 1.733333 1.766667 1.800000 1.833333 1.866667 1.900000 1.933333 1.966667 2.000000 2.033333 2.066667 2.100000
2.133333 2.166667 2.200000 2.233333 2.266667 2.300000 2.333333 2.366667 2.400000 2.433333 2.466667 2.500000 2.533333 2.566667 2.600000 2.633333
2.666667 2.700000 2.733333 2.766667 2.800000 2.833333 2.866667 2.900000 2.933333 2.966667 3.000000 3.033333 3.066667 3.100000 3.133333 3.166667
3.200000 3.233333 3.266667</float_array><technique_common><accessor source="#mixamorig_Spine1-Matrix-animation-input-array" count="99"><param name="TIME" type="float"/></accessor></technique_common></source><source id="mixamorig_Spine1-Matrix-animation-output-transform"><float_array id="mixamorig_Spine1-Matrix-animation-output-transform-array" count="1584">

0.995240 0.097248 0.006282 0.000000 -0.095275 0.984544 -0.146957 1.214300 -0.020476 0.145659 0.989123 -0.000000 0.000000 0.000000 0.000000 1.000000
0.995552 0.094087 0.004819 0.000000 -0.092393 0.985076 -0.145221 1.214300 -0.018410 0.144130 0.989388 -0.000000 0.000000 0.000000 0.000000 1.000000
0.996265 0.086342 0.001355 -0.000000 -0.085306 0.986494 -0.139827 1.214300 -0.013410 0.139189 0.990175 0.000000 0.000000 0.000000 0.000000 1.000000
0.997058 0.076597 -0.002771 0.000000 -0.076299 0.988442 -0.130998 1.214300 -0.007295 0.130824 0.991379 -0.000000 0.000000 0.000000 0.000000 1.000000
0.997773 0.066386 -0.006555 0.000000 -0.066697 0.990905 -0.116869 1.214300 -0.001263 0.117046 0.993126 0.000000 0.000000 0.000000 0.000000 1.000000
0.998427 0.055102 -0.010357 0.000000 -0.055871 0.993232 -0.101831 1.214300 0.004676 0.102249 0.994748 -0.000000 0.000000 0.000000 0.000000 1.000000
0.998895 0.045246 -0.012672 -0.000000 -0.046186 0.995073 -0.087733 1.214300 0.008640 0.088221 0.996063 -0.000000 0.000000 0.000000 0.000000 1.000000
0.999260 0.036765 -0.011262 0.000000 -0.037512 0.996435 -0.075567 1.214300 0.008443 0.075934 0.997077 -0.000000 0.000000 0.000000 0.000000 1.000000
0.999603 0.027557 -0.005888 0.000000 -0.027881 0.997504 -0.064865 1.214300 0.004085 0.065003 0.997877 0.000000 0.000000 0.000000 0.000000 1.000000
0.999812 0.019340 -0.001006 0.000000 -0.019366 0.998277 -0.055393 1.214300 -0.000067 0.055402 0.998464 0.000000 0.000000 0.000000 0.000000 1.000000
0.999925 0.012139 0.001885 0.000000 -0.012039 0.998850 -0.046410 1.214300 -0.002446 0.046384 0.998921 -0.000000 0.000000 0.000000 0.000000 1.000000
0.999966 0.007372 0.003814 -0.000000 -0.007205 0.999086 -0.042135 1.214300 -0.004121 0.042106 0.999105 0.000000 0.000000 0.000000 0.000000 1.000000
0.999944 0.005241 0.009165 0.000000 -0.004824 0.998976 -0.044989 1.214300 -0.009391 0.044942 0.998945 -0.000000 0.000000 0.000000 0.000000 1.000000
0.999799 0.012429 0.015738 0.000000 -0.011757 0.999045 -0.042074 1.214300 -0.016245 0.041881 0.998991 -0.000000 0.000000 0.000000 0.000000 1.000000
0.999525 0.020488 0.023026 -0.000000 -0.019327 0.998585 -0.049542 1.214300 -0.024008 0.049074 0.998507 0.000000 0.000000 0.000000 0.000000 1.000000
0.999400 0.019575 0.028564 0.000000 -0.018152 0.998621 -0.049266 1.214300 -0.029489 0.048718 0.998377 0.000000 0.000000 0.000000 0.000000 1.000000
0.999362 0.020786 0.029057 0.000000 -0.019395 0.998689 -0.047366 1.214300 -0.030004 0.046772 0.998455 0.000000 0.000000 0.000000 0.000000 1.000000
0.999275 0.029172 0.024444 0.000000 -0.028265 0.998928 -0.036655 1.214300 -0.025487 0.035938 0.999029 0.000000 0.000000 0.000000 0.000000 1.000000
0.999307 0.034720 0.013409 0.000000 -0.034422 0.999168 -0.021865 1.214300 -0.014157 0.021388 0.999671 0.000000 0.000000 0.000000 0.000000 1.000000
