<?xml version="1.0" encoding="utf-8"?>
<COLLADA xmlns="http://www.collada.org/2005/11/COLLADASchema" version="1.4.1">
  <asset><contributor><author>Mixamo</author><authoring_tool>COLLADA Mixamo exporter</authoring_tool><comments></comments></contributor><created>2020-05-26T16:55:27Z</created><modified>2020-05-26T16:55:27Z</modified><revision></revision><title></title><unit meter="0.010000"/><up_axis>Y_UP</up_axis></asset>
  <library_animations>
    <animation id="mixamorig_Hips-anim" name="mixamorig_Hips"><source id="mixamorig_Hips-Matrix-animation-input"><float_array id="mixamorig_Hips-Matrix-animation-input-array" count="109">

0.000000 0.033333 0.066667 0.100000 0.133333 0.166667 0.200000 0.233333 0.266667 0.300000 0.333333 0.366667 0.400000 0.433333 0.466667 0.500000
0.533333 0.566667 0.600000 0.633333 0.666667 0.700000 0.733333 0.766667 0.800000 0.833333 0.866667 0.900000 0.933333 0.966667 1.000000 1.033333
1.066667 1.100000 1.133333 1.166667 1.200000 1.233333 1.266667 1.300000 1.333333 1.366667 1.400000 1.433333 1.466667 1.500000 1.533333 1.566667
1.600000 1.633333 1.666667 1.700000 1.733333 1.766667 1.800000 1.833333 1.866667 1.900000 1.933333 1.966667 2.000000 2.033333 2.066667 2.100000
2.133333 2.166667 2.200000 2.233333 2.266667 2.300000 2.333333 2.366667 2.400000 2.433333 2.466667 2.500000 2.533333 2.566667 2.600000 2.633333
2.666667 2.700000 2.733333 2.766667 2.800000 2.833333 2.866667 2.900000 2.933333 2.966667 3.000000 3.033333 3.066667 3.100000 3.133333 3.166667
3.200000 3.233333 3.266667 3.300000 3.333333 3.366667 3.400000 3.433333 3.466667 3.500000 3.533333 3.566667 3.600000</float_array><technique_common><accessor source="#mixamorig_Hips-Matrix-animation-input-array" count="109"><param name="TIME" type="float"/></accessor></technique_common></source><source id="mixamorig_Hips-Matrix-animation-output-transform"><float_array id="mixamorig_Hips-Matrix-animation-output-transform-array" count="1744">

0.996803 -0.031985 -0.073223 0.003819 0.044369 0.983691 0.174308 0.566985 0.066454 -0.176999 0.981965 -0.005476 0.000000 0.000000 0.000000 1.000000
0.996345 -0.035556 -0.077665 0.001877 0.049335 0.981793 0.183437 0.567052 0.069729 -0.186598 0.979959 -0.005403 0.000000 0.000000 0.000000 1.000000
0.995659 -0.039838 -0.084124 0.000006 0.055907 0.978548 0.198287 0.566913 0.074420 -0.202129 0.976527 -0.004955 0.000000 0.000000 0.000000 1.000000
0.994962 -0.044843 -0.089662 -0.001803 0.063487 0.974025 0.217358 0.566392 0.077586 -0.221956 0.971965 -0.003972 0.000000 0.000000 0.000000 1.000000
0.994470 -0.049389 -0.092681 -0.003231 0.070081 0.969369 0.235398 0.565663 0.078216 -0.240591 0.967470 -0.002165 0.000000 0.000000 0.000000 1.000000
0.994262 -0.052061 -0.093446 -0.004135 0.073866 0.966006 0.247743 0.564960 0.077372 -0.253224 0.964309 -0.000466 0.000000 0.000000 0.000000 1.000000
0.994230 -0.052492 -0.093547 -0.004668 0.074828 0.964249 0.254213 0.564252 0.076858 -0.259746 0.962614 0.001366 0.000000 0.000000 0.000000 1.000000
0.994243 -0.051731 -0.093831 -0.004913 0.074387 0.963546 0.256995 0.563326 0.077116 -0.262495 0.961847 0.003293 0.000000 0.000000 0.000000 1.000000
0.994233 -0.051357 -0.094144 -0.004777 0.074212 0.963214 0.258285 0.562164 0.077416 -0.263782 0.961471 0.005363 0.000000 0.000000 0.000000 1.000000
0.994199 -0.051890 -0.094207 -0.004179 0.074713 0.963282 0.257887 0.560928 0.077366 -0.263429 0.961571 0.007598 0.000000 0.000000 0.000000 1.000000
0.994173 -0.052717 -0.094028 -0.003117 0.075227 0.964040 0.254890 0.559862 0.077210 -0.260478 0.962388 0.010162 0.000000 0.000000 0.000000 1.000000
0.994187 -0.053204 -0.093603 -0.001656 0.075102 0.965633 0.248822 0.559082 0.077148 -0.254405 0.964016 0.013226 0.000000 0.000000 0.000000 1.000000
0.994237 -0.053048 -0.093158 0.000136 0.074175 0.967804 0.240528 0.558477 0.077399 -0.246052 0.966161 0.016692 0.000000 0.000000 0.000000 1.000000
0.994265 -0.052083 -0.093403 0.002255 0.072526 0.970244 0.231011 0.557987 0.078592 -0.236461 0.968457 0.020439 0.000000 0.000000 0.000000 1.000000
0.994238 -0.050439 -0.094585 0.004749 0.070355 0.972782 0.220783 0.557716 0.080874 -0.226166 0.970726 0.024515 0.000000 0.000000 0.000000 1.000000
0.994212 -0.048568 -0.095836 0.007635 0.067838 0.975472 0.209408 0.557530 0.083314 -0.214697 0.973121 0.028857 0.000000 0.000000 0.000000 1.000000
0.994219 -0.047110 -0.096484 0.010910 0.065430 0.978309 0.196545 0.557246 0.085132 -0.201722 0.975736 0.033423 0.000000 0.000000 0.000000 1.000000
0.994151 -0.046396 -0.097524 0.014602 0.063689 0.981148 0.182462 0.557129 0.087220 -0.187606 0.978364 0.038136 0.000000 0.000000 0.000000 1.000000
0.993870 -0.046143 -0.100462 0.018694 0.062632 0.983840 0.167736 0.557400 0.091098 -0.173000 0.980700 0.042790 0.000000 0.000000 0.000000 1.000000
0.993357 -0.045878 -0.105537 0.023063 0.061758 0.986372 0.152502 0.557733 0.097102 -0.158006 0.982652 0.047247 0.000000 0.000000 0.000000 1.000000
0.992733 -0.044688 -0.111729 0.027589 0.059883 0.988818 0.136578 0.557743 0.104376 -0.142276 0.984308 0.051475 0.000000 0.000000 0.000000 1.000000
0.992065 -0.041705 -0.118608 0.032216 0.055950 0.991265 0.119429 0.557450 0.112591 -0.125118 0.985733 0.055485 0.000000 0.000000 0.000000 1.000000
0.991234 -0.037537 -0.126677 0.036886 0.050439 0.993685 0.100234 0.557049 0.122115 -0.105745 0.986867 0.059091 0.000000 0.000000 0.000000 1.000000
0.990113 -0.033448 -0.136224 0.041484 0.044498 0.995889 0.078895 0.556652 0.133026 -0.084177 0.987531 0.061946 0.000000 0.000000 0.000000 1.000000
0.988713 -0.029329 -0.146924 0.045775 0.038128 0.997621 0.057436 0.556437 0.144890 -0.062390 0.987479 0.064147 0.000000 0.000000 0.000000 1.000000
0.987030 -0.023621 -0.158789 0.049476 0.030131 0.998796 0.038716 0.556600 0.157684 -0.042999 0.986553 0.065982 0.000000 0.000000 0.000000 1.000000
0.985031 -0.015293 -0.171698 0.052448 0.019617 0.999531 0.023517 0.557160 0.171258 -0.026533 0.984869 0.067116 0.000000 0.000000 0.000000 1.000000
0.982910 -0.005034 -0.184019 0.054734 0.006966 0.999927 0.009855 0.558110 0.183955 -0.010968 0.982873 0.067136 0.000000 0.000000 0.000000 1.000000
0.981131 0.005066 -0.193276 0.056426 -0.006091 0.999970 -0.004713 0.559334 0.193246 0.005802 0.981133 0.066305 0.000000 0.000000 0.000000 1.000000
0.979963 0.012914 -0.198759 0.057525 -0.017417 0.999629 -0.020922 0.560676 0.198415 0.023965 0.979825 0.064974 0.000000 0.000000 0.000000 1.000000
0.979220 0.017507 -0.202042 0.057931 -0.025698 0.998948 -0.037992 0.562287 0.201164 0.042395 0.978640 0.063013 0.000000 0.000000 0.000000 1.000000
0.978660 0.019322 -0.204577 0.057593 -0.031078 0.998035 -0.054408 0.564279 0.203123 0.059605 0.977337 0.060298 0.000000 0.000000 0.000000 1.000000
0.978412 0.019151 -0.205773 0.056719 -0.033831 0.997108 -0.068058 0.566211 0.203875 0.073550 0.976230 0.057143 0.000000 0.000000 0.000000 1.000000
0.978772 0.017643 -0.204194 0.055476 -0.034062 0.996435 -0.077180 0.567616 0.202104 0.082497 0.975883 0.053983 0.000000 0.000000 0.000000 1.000000
0.979758 0.015319 -0.199599 0.053815 -0.032186 0.996150 -0.081538 0.568319 0.197581 0.086312 0.976479 0.050785 0.000000 0.000000 0.000000 1.000000
0.981039 0.012896 -0.193381 0.051642 -0.029385 0.996146 -0.082644 0.568380 0.191570 0.086760 0.977637 0.047362 0.000000 0.000000 0.000000 1.000000
0.982282 0.011066 -0.187083 0.049031 -0.026790 0.996295 -0.081728 0.567977 0.185485 0.085292 0.978939 0.043789 0.000000 0.000000 0.000000 1.000000
0.983335 0.009904 -0.181531 0.046137 -0.024546 0.996605 -0.078589 0.567458 0.180137 0.081735 0.980240 0.040011 0.000000 0.000000 0.000000 1.000000
0.984155 0.009023 -0.177082 0.042967 -0.022070 0.997172 -0.071846 0.567198 0.175932 0.074615 0.981570 0.035940 0.000000 0.000000 0.000000 1.000000
0.984781 0.007754 -0.173627 0.039455 -0.018626 0.997959 -0.061078 0.567375 0.172800 0.063382 0.982916 0.031875 0.000000 0.000000 0.000000 1.000000
0.985390 0.005329 -0.170232 0.035625 -0.013636 0.998770 -0.047666 0.567815 0.169769 0.049290 0.984250 0.028031 0.000000 0.000000 0.000000 1.000000
0.986268 0.001424 -0.165147 0.031544 -0.007156 0.999392 -0.034118 0.568186 0.164998 0.034831 0.985679 0.024197 0.000000 0.000000 0.000000 1.000000
0.987628 -0.003607 -0.156774 0.027258 0.000255 0.999771 -0.021392 0.568396 0.156815 0.021087 0.987403 0.020089 0.000000 0.000000 0.000000 1.000000
0.989360 -0.008635 -0.145230 0.022864 0.007549 0.999939 -0.008023 0.568569 0.145290 0.006841 0.989365 0.015605 0.000000 0.000000 0.000000 1.000000
0.991233 -0.012746 -0.131510 0.018543 0.013864 0.999875 0.007588 0.568710 0.131397 -0.009344 0.991286 0.010851 0.000000 0.000000 0.000000 1.000000
0.993067 -0.016301 -0.116410 0.014383 0.019231 0.999525 0.024092 0.568757 0.115962 -0.026164 0.992909 0.006035 0.000000 0.000000 0.000000 1.000000
0.994835 -0.020331 -0.099450 0.010333 0.024218 0.998983 0.038028 0.568709 0.098575 -0.040240 0.994316 0.001343 0.000000 0.000000 0.000000 1.000000
0.996443 -0.025100 -0.080442 0.006413 0.029040 0.998417 0.048178 0.568506 0.079105 -0.050342 0.995594 -0.003098 0.000000 0.000000 0.000000 1.000000
0.997712 -0.029637 -0.060759 0.002843 0.033122 0.997815 0.057173 0.568165 0.058932 -0.059055 0.996514 -0.007093 0.000000 0.000000 0.000000 1.000000
0.998510 -0.033147 -0.043354 -0.000137 0.036078 0.996986 0.068676 0.567824 0.040947 -0.070137 0.996697 -0.010450 0.000000 0.000000 0.000000 1.000000
0.998853 -0.036380 -0.031145 -0.002458 0.038858 0.995787 0.083059 0.567455 0.027992 -0.084174 0.996058 -0.013159 0.000000 0.000000 0.000000 1.000000
0.998860 -0.041046 -0.024386 -0.004210 0.043231 0.994330 0.097153 0.567017 0.020260 -0.098096 0.994971 -0.015231 0.000000 0.000000 0.000000 1.000000
0.998612 -0.047951 -0.021793 -0.005567 0.050043 0.992827 0.108580 0.566513 0.016430 -0.109520 0.993849 -0.016524 0.000000 0.000000 0.000000 1.000000
0.998222 -0.055885 -0.020726 -0.006708 0.057959 0.991233 0.118736 0.566024 0.013909 -0.119726 0.992709 -0.016925 0.000000 0.000000 0.000000 1.000000
0.997815 -0.063134 -0.019467 -0.007678 0.065145 0.989263 0.130826 0.565639 0.010998 -0.131809 0.991214 -0.016593 0.000000 0.000000 0.000000 1.000000
0.997467 -0.068844 -0.017867 -0.008373 0.070719 0.986756 0.145981 0.565250 0.007580 -0.146875 0.989126 -0.015663 0.000000 0.000000 0.000000 1.000000
0.997205 -0.072744 -0.017035 -0.008759 0.074546 0.983964 0.162044 0.564726 0.004974 -0.162861 0.986636 -0.014085 0.000000 0.000000 0.000000 1.000000
0.997036 -0.074875 -0.017677 -0.009014 0.076817 0.981518 0.175276 0.563999 0.004227 -0.176115 0.984361 -0.012087 0.000000 0.000000 0.000000 1.000000
0.996984 -0.075181 -0.019241 -0.009346 0.077440 0.979925 0.183712 0.563104 0.005043 -0.184648 0.982792 -0.010015 0.000000 0.000000 0.000000 1.000000
0.997012 -0.074473 -0.020495 -0.009686 0.077009 0.978946 0.189037 0.562266 0.005986 -0.190051 0.981756 -0.007786 0.000000 0.000000 0.000000 1.000000
0.997066 -0.073539 -0.021230 -0.009761 0.076261 0.978181 0.193250 0.561609 0.006555 -0.194302 0.980920 -0.005293 0.000000 0.000000 0.000000 1.000000
0.997108 -0.072580 -0.022519 -0.009421 0.075599 0.977523 0.196810 0.561051 0.007728 -0.197943 0.980183 -0.002721 0.000000 0.000000 0.000000 1.000000
0.997130 -0.071242 -0.025611 -0.008740 0.074920 0.977211 0.198610 0.560600 0.010878 -0.199959 0.979744 -0.000095 0.000000 0.000000 0.000000 1.000000
0.997128 -0.069251 -0.030645 -0.007816 0.073968 0.977390 0.198087 0.560294 0.016234 -0.199785 0.979705 0.002790 0.000000 0.000000 0.000000 1.000000
0.997092 -0.066650 -0.036937 -0.006635 0.072616 0.978020 0.195459 0.560053 0.023098 -0.197573 0.980016 0.005983 0.000000 0.000000 0.000000 1.000000
0.997019 -0.063875 -0.043282 -0.005175 0.071028 0.978926 0.191464 0.559820 0.030140 -0.193967 0.980545 0.009339 0.000000 0.000000 0.000000 1.000000
0.996925 -0.061303 -0.048803 -0.003478 0.069383 0.980051 0.186242 0.559620 0.036412 -0.189056 0.981291 0.012866 0.000000 0.000000 0.000000 1.000000
0.996827 -0.059097 -0.053317 -0.001518 0.067792 0.981388 0.179670 0.559433 0.041707 -0.182715 0.982281 0.016672 0.000000 0.000000 0.000000 1.000000
0.996740 -0.057375 -0.056731 0.000798 0.066353 0.982909 0.171719 0.559252 0.045909 -0.174924 0.983511 0.020608 0.000000 0.000000 0.000000 1.000000
0.996710 -0.056066 -0.058527 0.003448 0.064949 0.984488 0.162986 0.559098 0.048482 -0.166251 0.984891 0.024625 0.000000 0.000000 0.000000 1.000000
0.996795 -0.054992 -0.058097 0.006312 0.063378 0.986025 0.154074 0.558989 0.048813 -0.157262 0.986350 0.028799 0.000000 0.000000 0.000000 1.000000
0.996972 -0.053910 -0.056036 0.009355 0.061547 0.987518 0.144982 0.558934 0.047521 -0.147992 0.987846 0.033056 0.000000 0.000000 0.000000 1.000000
0.997180 -0.052432 -0.053689 0.012616 0.059273 0.989073 0.134986 0.558756 0.046025 -0.137787 0.989392 0.037242 0.000000 0.000000 0.000000 1.000000
0.997382 -0.050133 -0.052116 0.016101 0.056255 0.990742 0.123555 0.558317 0.045439 -0.126163 0.990968 0.041239 0.000000 0.000000 0.000000 1.000000
0.997563 -0.047035 -0.051539 0.019825 0.052533 0.992418 0.111112 0.557766 0.045922 -0.113549 0.992471 0.045104 0.000000 0.000000 0.000000 1.000000
0.997688 -0.043919 -0.051863 0.023806 0.048895 0.993890 0.098954 0.557237 0.047200 -0.101261 0.993740 0.048923 0.000000 0.000000 0.000000 1.000000
0.997701 -0.041648 -0.053454 0.028040 0.046264 0.995024 0.088243 0.556796 0.049513 -0.090513 0.994664 0.052602 0.000000 0.000000 0.000000 1.000000
0.997563 -0.040291 -0.056957 0.032521 0.044746 0.995850 0.079247 0.556588 0.053528 -0.081603 0.995227 0.055979 0.000000 0.000000 0.000000 1.000000
0.997276 -0.039018 -0.062601 0.037191 0.043453 0.996521 0.071114 0.556823 0.059608 -0.073640 0.995502 0.059009 0.000000 0.000000 0.000000 1.000000
0.996892 -0.036666 -0.069721 0.041888 0.041026 0.997223 0.062155 0.557564 0.067249 -0.064822 0.995628 0.061679 0.000000 0.000000 0.000000 1.000000
0.996460 -0.032546 -0.077509 0.046418 0.036576 0.998021 0.051150 0.558637 0.075691 -0.053804 0.995679 0.063755 0.000000 0.000000 0.000000 1.000000
0.995943 -0.026777 -0.085915 0.050611 0.030175 0.998803 0.038493 0.559803 0.084782 -0.040929 0.995559 0.064809 0.000000 0.000000 0.000000 1.000000
0.995229 -0.019819 -0.095537 0.054311 0.022352 0.999424 0.025517 0.560929 0.094977 -0.027530 0.995099 0.064492 0.000000 0.000000 0.000000 1.000000
0.994276 -0.012195 -0.106147 0.057418 0.013565 0.999834 0.012194 0.562007 0.105981 -0.013564 0.994276 0.062677 0.000000 0.000000 0.000000 1.000000
0.993261 -0.004739 -0.115805 0.059999 0.004301 0.999983 -0.004027 0.562970 0.115823 0.003502 0.993264 0.059562 0.000000 0.000000 0.000000 1.000000
0.992483 0.001738 -0.122370 0.062201 -0.004937 0.999654 -0.025840 0.563699 0.122283 0.026250 0.992148 0.055663 0.000000 0.000000 0.000000 1.000000
0.991991 0.007321 -0.126099 0.064037 -0.013920 0.998574 -0.051532 0.564212 0.125542 0.052875 0.990678 0.051320 0.000000 0.000000 0.000000 1.000000
0.991551 0.012675 -0.129100 0.065454 -0.022415 0.996986 -0.074278 0.564599 0.127769 0.076544 0.988846 0.046637 0.000000 0.000000 0.000000 1.000000
0.991063 0.017864 -0.132196 0.066518 -0.029638 0.995711 -0.087642 0.564860 0.130063 0.090777 0.987341 0.041935 0.000000 0.000000 0.000000 1.000000
0.990760 0.022274 -0.133788 0.067321 -0.034623 0.995277 -0.090692 0.564928 0.131136 0.094486 0.986851 0.037707 0.000000 0.000000 0.000000 1.000000
0.990835 0.025559 -0.132641 0.067775 -0.037433 0.995433 -0.087814 0.564756 0.129790 0.091974 0.987267 0.034014 0.000000 0.000000 0.000000 1.000000
0.991145 0.027761 -0.129851 0.067662 -0.038717 0.995829 -0.082620 0.564416 0.127015 0.086916 0.988085 0.030581 0.000000 0.000000 0.000000 1.000000
0.991417 0.028833 -0.127517 0.066840 -0.038673 0.996405 -0.075372 0.564136 0.124886 0.079656 0.988968 0.027313 0.000000 0.000000 0.000000 1.000000
0.991609 0.028352 -0.126127 0.065343 -0.036744 0.997227 -0.064716 0.564130 0.123943 0.068807 0.989901 0.024218 0.000000 0.000000 0.000000 1.000000
0.991894 0.026260 -0.124327 0.063275 -0.032802 0.998167 -0.050864 0.564513 0.122764 0.054530 0.990937 0.021205 0.000000 0.000000 0.000000 1.000000
0.992399 0.023008 -0.120893 0.060638 -0.027454 0.999002 -0.035242 0.565290 0.119961 0.038294 0.992040 0.018284 0.000000 0.000000 0.000000 1.000000
0.992994 0.019188 -0.116596 0.057325 -0.021507 0.999594 -0.018669 0.566163 0.116190 0.021046 0.993004 0.015374 0.000000 0.000000 0.000000 1.000000
0.993359 0.014921 -0.114085 0.053343 -0.014945 0.999888 0.000642 0.566777 0.114082 0.001067 0.993471 0.012236 0.000000 0.000000 0.000000 1.000000
0.993245 0.010295 -0.115577 0.048897 -0.007426 0.999654 0.025222 0.567240 0.115796 -0.024194 0.992978 0.009276 0.000000 0.000000 0.000000 1.000000
0.992695 0.005702 -0.120513 0.044148 0.000900 0.998505 0.054658 0.567858 0.120644 -0.054367 0.991206 0.007244 0.000000 0.000000 0.000000 1.000000
0.992184 0.001897 -0.124772 0.039075 0.008549 0.996501 0.083137 0.568442 0.124494 -0.083554 0.988696 0.005630 0.000000 0.000000 0.000000 1.000000
0.992297 -0.000343 -0.123881 0.033744 0.013363 0.994458 0.104287 0.568572 0.123159 -0.105139 0.986802 0.003475 0.000000 0.000000 0.000000 1.000000
0.993128 -0.001449 -0.117028 0.028374 0.015337 0.992911 0.117864 0.568270 0.116028 -0.118849 0.986110 0.001151 0.000000 0.000000 0.000000 1.000000
0.994337 -0.003250 -0.106221 0.022984 0.016928 0.991615 0.128118 0.567928 0.104914 -0.129190 0.986054 -0.000657 0.000000 0.000000 0.000000 1.000000
0.995464 -0.007610 -0.094832 0.017544 0.020841 0.990028 0.139324 0.567625 0.092826 -0.140668 0.985696 -0.002072 0.000000 0.000000 0.000000 1.000000
0.996274 -0.014654 -0.084986 0.012642 0.027457 0.988074 0.151510 0.567197 0.081752 -0.153279 0.984795 -0.003568 0.000000 0.000000 0.000000 1.000000
0.996755 -0.022046 -0.077413 0.008883 0.034383 0.986215 0.161858 0.566838 0.072778 -0.163995 0.983773 -0.004576 0.000000 0.000000 0.000000 1.000000
0.996928 -0.027833 -0.073210 0.006075 0.039881 0.984869 0.168650 0.566836 0.067408 -0.171051 0.982954 -0.005085 0.000000 0.000000 0.000000 1.000000
0.996803 -0.031985 -0.073223 0.003819 0.044369 0.983691 0.174308 0.566985 0.066454 -0.176999 0.981965 -0.005476 0.000000 0.000000 0.000000 1.000000</float_array><technique_common><accessor source="#mixamorig_Hips-Matrix-animation-output-transform-array" count="109" stride="16"><param type="float4x4"/></accessor></technique_common></source><source id="mixamorig_Hips-Interpolations"><Name_array id="mixamorig_Hips-Interpolations-array" count="109">
 LINEAR LINEAR LINEAR LINEAR LINEAR LINEAR LINEAR LINEAR LINEAR LINEAR LINEAR
LINEAR LINEAR LINEAR LINEAR LINEAR LINEAR LINEAR LINEAR LINEAR LINEAR LINEAR LINEAR
LINEAR LINEAR LINEAR LINEAR LINEAR LINEAR LINEAR LINEAR LINEAR LINEAR LINEAR LINEAR
LINEAR LINEAR LINEAR LINEAR LINEAR LINEAR LINEAR LINEAR LINEAR LINEAR LINEAR LINEAR
LINEAR LINEAR LINEAR LINEAR LINEAR LINEAR LINEAR LINEAR LINEAR LINEAR LINEAR LINEAR
LINEAR LINEAR LINEAR LINEAR LINEAR LINEAR LINEAR LINEAR LINEAR LINEAR LINEAR LINEAR
LINEAR LINEAR LINEAR LINEAR LINEAR LINEAR LINEAR LINEAR LINEAR LINEAR LINEAR LINEAR
LINEAR LINEAR LINEAR LINEAR LINEAR LINEAR LINEAR LINEAR LINEAR LINEAR LINEAR LINEAR
LINEAR LINEAR LINEAR LINEAR LINEAR LINEAR LINEAR LINEAR LINEAR LINEAR LINEAR LINEAR
LINEAR LINEAR</Name_array><technique_common><accessor source="#mixamorig_Hips-Interpolations-array" count="109"><param type="name"/></accessor></technique_common></source><sampler id="mixamorig_Hips-Matrix-animation-transform"><input semantic="INPUT" source="#mixamorig_Hips-Matrix-animation-input"/><input semantic="OUTPUT" source="#mixamorig_Hips-Matrix-animation-output-transform"/><input semantic="INTERPOLATION" source="#mixamorig_Hips-Interpolations"/></sampler><channel source="#mixamorig_Hips-Matrix-animation-transform" target="mixamorig_Hips/matrix"/></animation>
    <animation id="mixamorig_Spine-anim" name="mixamorig_Spine"><source id="mixamorig_Spine-Matrix-animation-input"><float_array id="mixamorig_Spine-Matrix-animation-input-array" count="109">

0.000000 0.033333 0.066667 0.100000 0.133333 0.166667 0.200000 0.233333 0.266667 0.300000 0.333333 0.366667 0.400000 0.433333 0.466667 0.500000
0.533333 0.566667 0.600000 0.633333 0.666667 0.700000 0.733333 0.766667 0.800000 0.833333 0.866667 0.900000 0.933333 0.966667 1.000000 1.033333
1.066667 1.100000 1.133333 1.166667 1.200000 1.233333 1.266667 1.300000 1.333333 1.366667 1.400000 1.433333 1.466667 1.500000 1.533333 1.566667
1.600000 1.633333 1.666667 1.700000 1.733333 1.766667 1.800000 1.833333 1.866667 1.900000 1.933333 1.966667 2.000000 2.033333 2.066667 2.100000
2.133333 2.166667 2.200000 2.233333 2.266667 2.300000 2.333333 2.366667 2.400000 2.433333 2.466667 2.500000 2.533333 2.566667 2.600000 2.633333
2.666667 2.700000 2.733333 2.766667 2.800000 2.833333 2.866667 2.900000 2.933333 2.966667 3.000000 3.033333 3.066667 3.100000 3.133333 3.166667
3.200000 3.233333 3.266667 3.300000 3.333333 3.366667 3.400000 3.433333 3.466667 3.500000 3.533333 3.566667 3.600000</float_array><technique_common><accessor source="#mixamorig_Spine-Matrix-animation-input-array" count="109"><param name="TIME" type="float"/></accessor></technique_common></source><source id="mixamorig_Spine-Matrix-animation-output-transform"><float_array id="mixamorig_Spine-Matrix-animation-output-transform-array" count="1744">

0.999137 0.040100 0.010791 -0.000000 -0.039048 0.995663 -0.084442 0.090600 -0.014131 0.083948 0.996370 0.005100 0.000000 0.000000 0.000000 1.000000
0.999446 0.032728 0.005982 -0.000000 -0.032200 0.996762 -0.073680 0.090600 -0.008374 0.073446 0.997264 0.005100 0.000000 0.000000 0.000000 1.000000
0.999680 0.025276 0.000854 0.000000 -0.025174 0.997764 -0.061910 0.090600 -0.002417 0.061869 0.998081 0.005100 0.000000 0.000000 0.000000 1.000000
0.999828 0.017972 -0.004600 0.000000 -0.018177 0.998610 -0.049473 0.090600 0.003705 0.049548 0.998765 0.005100 0.000000 0.000000 0.000000 1.000000
0.999886 0.011656 -0.009597 0.000000 -0.012014 0.999202 -0.038097 0.090600 0.009145 0.038208 0.999228 0.005100 0.000000 0.000000 0.000000 1.000000
0.999893 0.006813 -0.012982 0.000000 -0.007194 0.999538 -0.029523 0.090600 0.012775 0.029613 0.999480 0.005100 0.000000 0.000000 0.000000 1.000000
0.999890 0.002461 -0.014619 0.000000 -0.002810 0.999710 -0.023909 0.090600 0.014556 0.023947 0.999607 0.005100 0.000000 0.000000 0.000000 1.000000
0.999882 -0.002258 -0.015190 0.000000 0.001940 0.999779 -0.020923 0.090600 0.015234 0.020891 0.999666 0.005100 0.000000 0.000000 0.000000 1.000000
0.999849 -0.007362 -0.015761 -0.000000 0.007051 0.999781 -0.019712 0.090600 0.015903 0.019598 0.999681 0.005100 0.000000 0.000000 0.000000 1.000000
0.999782 -0.012504 -0.016736 0.000000 0.012177 0.999736 -0.019478 0.090600 0.016975 0.019270 0.999670 0.005100 0.000000 0.000000 0.000000 1.000000
0.999691 -0.017410 -0.017768 -0.000000 0.017064 0.999666 -0.019429 0.090600 0.018101 0.019120 0.999653 0.005100 0.000000 0.000000 0.000000 1.000000
0.999593 -0.021798 -0.018380 0.000000 0.021441 0.999581 -0.019428 0.090600 0.018796 0.019026 0.999642 0.005100 0.000000 0.000000 0.000000 1.000000
0.999503 -0.025580 -0.018451 0.000000 0.025211 0.999484 -0.019922 0.090600 0.018951 0.019447 0.999631 0.005100 0.000000 0.000000 0.000000 1.000000
0.999422 -0.028783 -0.018095 -0.000000 0.028394 0.999367 -0.021434 0.090600 0.018701 0.020908 0.999606 0.005100 0.000000 0.000000 0.000000 1.000000
0.999351 -0.031409 -0.017660 0.000000 0.030982 0.999233 -0.023935 0.090600 0.018399 0.023373 0.999558 0.005100 0.000000 0.000000 0.000000 1.000000
0.999293 -0.033253 -0.017547 -0.000000 0.032770 0.999094 -0.027138 0.090600 0.018433 0.026544 0.999478 0.005100 0.000000 0.000000 0.000000 1.000000
0.999259 -0.034142 -0.017789 0.000000 0.033582 0.998959 -0.030874 0.090600 0.018825 0.030254 0.999365 0.005100 0.000000 0.000000 0.000000 1.000000
0.999261 -0.033931 -0.018046 0.000000 0.033281 0.998828 -0.035140 0.090600 0.019217 0.034513 0.999219 0.005100 0.000000 0.000000 0.000000 1.000000
0.999298 -0.032769 -0.018130 0.000000 0.032032 0.998704 -0.039556 0.090600 0.019403 0.038948 0.999053 0.005100 0.000000 0.000000 0.000000 1.000000
0.999357 -0.030893 -0.018204 0.000000 0.030074 0.998595 -0.043638 0.090600 0.019526 0.043062 0.998882 0.005100 0.000000 0.000000 0.000000 1.000000
0.999403 -0.029168 -0.018497 0.000000 0.028263 0.998474 -0.047445 0.090600 0.019852 0.046894 0.998703 0.005100 0.000000 0.000000 0.000000 1.000000
0.999412 -0.028607 -0.018885 0.000000 0.027605 0.998298 -0.051369 0.090600 0.020323 0.050817 0.998501 0.005100 0.000000 0.000000 0.000000 1.000000
0.999400 -0.029041 -0.018867 -0.000000 0.027958 0.998076 -0.055346 0.090600 0.020438 0.054785 0.998289 0.005100 0.000000 0.000000 0.000000 1.000000
0.999403 -0.029363 -0.018184 0.000000 0.028241 0.997850 -0.059150 0.090600 0.019881 0.058601 0.998083 0.005100 0.000000 0.000000 0.000000 1.000000
0.999446 -0.028630 -0.016977 0.000000 0.027496 0.997594 -0.063640 0.090600 0.018758 0.063138 0.997829 0.005100 0.000000 0.000000 0.000000 1.000000
0.999538 -0.026382 -0.015103 0.000000 0.025252 0.997180 -0.070676 0.090600 0.016925 0.070262 0.997385 0.005100 0.000000 0.000000 0.000000 1.000000
0.999667 -0.022703 -0.012261 0.000000 0.021635 0.996465 -0.081177 0.090600 0.014061 0.080885 0.996624 0.005100 0.000000 0.000000 0.000000 1.000000
0.999791 -0.018370 -0.008966 0.000000 0.017448 0.995426 -0.093924 0.090600 0.010651 0.093748 0.995539 0.005100 0.000000 0.000000 0.000000 1.000000
0.999880 -0.014019 -0.006564 0.000000 0.013240 0.994227 -0.106479 0.090600 0.008018 0.106380 0.994293 0.005100 0.000000 0.000000 0.000000 1.000000
0.999942 -0.009081 -0.005759 0.000000 0.008345 0.993099 -0.116980 0.090600 0.006781 0.116925 0.993118 0.005100 0.000000 0.000000 0.000000 1.000000
0.999981 -0.002370 -0.005776 0.000000 0.001631 0.992183 -0.124779 0.090600 0.006026 0.124767 0.992168 0.005100 0.000000 0.000000 0.000000 1.000000
0.999967 0.006096 -0.005384 -0.000000 -0.006747 0.991427 -0.130490 0.090600 0.004542 0.130522 0.991435 0.005100 0.000000 0.000000 0.000000 1.000000
0.999875 0.015199 -0.004382 0.000000 -0.015653 0.990645 -0.135560 0.090600 0.002281 0.135612 0.990759 0.005100 0.000000 0.000000 0.000000 1.000000
0.999712 0.023759 -0.003476 -0.000000 -0.024012 0.989696 -0.141159 0.090600 0.000086 0.141202 0.989981 0.005100 0.000000 0.000000 0.000000 1.000000
0.999505 0.031319 -0.003010 -0.000000 -0.031421 0.988631 -0.147043 0.090600 -0.001630 0.147065 0.989126 0.005100 0.000000 0.000000 0.000000 1.000000
0.999278 0.037896 -0.002562 0.000000 -0.037845 0.987667 -0.151923 0.090600 -0.003227 0.151910 0.988389 0.005100 0.000000 0.000000 0.000000 1.000000
0.999053 0.043473 -0.001628 -0.000000 -0.043200 0.986975 -0.154962 0.090600 -0.005130 0.154886 0.987919 0.005100 0.000000 0.000000 0.000000 1.000000
0.998837 0.048209 -0.000217 0.000000 -0.047647 0.986490 -0.156738 0.090600 -0.007342 0.156566 0.987640 0.005100 0.000000 0.000000 0.000000 1.000000
0.998641 0.052092 0.001406 -0.000000 -0.051212 0.986043 -0.158419 0.090600 -0.009639 0.158132 0.987371 0.005100 0.000000 0.000000 0.000000 1.000000
0.998485 0.054946 0.003017 0.000000 -0.053750 0.985569 -0.160516 0.090600 -0.011793 0.160110 0.987029 0.005100 0.000000 0.000000 0.000000 1.000000
0.998392 0.056520 0.004291 0.000000 -0.055075 0.985194 -0.162358 0.090600 -0.013404 0.161860 0.986723 0.005100 0.000000 0.000000 0.000000 1.000000
0.998376 0.056792 0.004547 0.000000 -0.055293 0.985077 -0.162991 0.090600 -0.013736 0.162475 0.986617 0.005100 0.000000 0.000000 0.000000 1.000000
0.998445 0.055672 0.002952 0.000000 -0.054454 0.985215 -0.162437 0.090600 -0.011951 0.162024 0.986715 0.005100 0.000000 0.000000 0.000000 1.000000
0.998588 0.053125 -0.000309 -0.000000 -0.052473 0.985389 -0.162033 0.090600 -0.008304 0.161820 0.986785 0.005100 0.000000 0.000000 0.000000 1.000000
0.998778 0.049246 -0.004067 0.000000 -0.049251 0.985418 -0.162870 0.090600 -0.004013 0.162872 0.986639 0.005100 0.000000 0.000000 0.000000 1.000000
0.998978 0.044608 -0.007245 -0.000000 -0.045192 0.985411 -0.164083 0.090600 -0.000181 0.164243 0.986420 0.005100 0.000000 0.000000 0.000000 1.000000
0.999171 0.039476 -0.009930 0.000000 -0.040569 0.985725 -0.163400 0.090600 0.003338 0.163667 0.986510 0.005100 0.000000 0.000000 0.000000 1.000000
0.999353 0.033552 -0.012923 0.000000 -0.035188 0.986522 -0.159803 0.090600 0.007387 0.160154 0.987064 0.005100 0.000000 0.000000 0.000000 1.000000
0.999518 0.026307 -0.016457 0.000000 -0.028536 0.987586 -0.154464 0.090600 0.012189 0.154859 0.987861 0.005100 0.000000 0.000000 0.000000 1.000000
0.999641 0.018051 -0.019797 0.000000 -0.020811 0.988551 -0.149447 0.090600 0.016873 0.149805 0.988572 0.005100 0.000000 0.000000 0.000000 1.000000
0.999706 0.009946 -0.022096 0.000000 -0.013046 0.989360 -0.144901 0.090600 0.020419 0.145146 0.989199 0.005100 0.000000 0.000000 0.000000 1.000000
0.999721 0.003287 -0.023402 0.000000 -0.006510 0.990268 -0.139021 0.090600 0.022717 0.139135 0.990013 0.005100 0.000000 0.000000 0.000000 1.000000
0.999707 -0.000991 -0.024169 0.000000 -0.002170 0.991462 -0.130380 0.090600 0.024092 0.130394 0.991170 0.005100 0.000000 0.000000 0.000000 1.000000
0.999693 -0.002946 -0.024595 0.000000 -0.000031 0.992754 -0.120167 0.090600 0.024771 0.120131 0.992449 0.005100 0.000000 0.000000 0.000000 1.000000
0.999696 -0.003122 -0.024456 0.000000 0.000397 0.993860 -0.110648 0.090600 0.024651 0.110604 0.993559 0.005100 0.000000 0.000000 0.000000 1.000000
0.999708 -0.003025 -0.023988 0.000000 0.000544 0.994708 -0.102744 0.090600 0.024172 0.102701 0.994419 0.005100 0.000000 0.000000 0.000000 1.000000
0.999706 -0.004138 -0.023875 -0.000000 0.001844 0.995445 -0.095323 0.090600 0.024161 0.095251 0.995160 0.005100 0.000000 0.000000 0.000000 1.000000
0.999676 -0.006880 -0.024523 0.000000 0.004729 0.996222 -0.086714 0.090600 0.025027 0.086570 0.995931 0.005100 0.000000 0.000000 0.000000 1.000000
0.999611 -0.010574 -0.025805 0.000000 0.008561 0.997000 -0.076920 0.090600 0.026541 0.076670 0.996703 0.005100 0.000000 0.000000 0.000000 1.000000
0.999533 -0.013817 -0.027256 0.000000 0.011941 0.997624 -0.067845 0.090600 0.028129 0.067488 0.997323 0.005100 0.000000 0.000000 0.000000 1.000000
0.999466 -0.015714 -0.028655 0.000000 0.013936 0.998027 -0.061214 0.090600 0.029560 0.060782 0.997713 0.005100 0.000000 0.000000 0.000000 1.000000
0.999412 -0.016540 -0.030021 0.000000 0.014813 0.998272 -0.056857 0.090600 0.030909 0.056379 0.997931 0.005100 0.000000 0.000000 0.000000 1.000000
0.999362 -0.017087 -0.031373 0.000000 0.015380 0.998430 -0.053870 0.090600 0.032244 0.053353 0.998055 0.005100 0.000000 0.000000 0.000000 1.000000
0.999302 -0.018103 -0.032669 0.000000 0.016408 0.998542 -0.051417 0.090600 0.033552 0.050845 0.998143 0.005100 0.000000 0.000000 0.000000 1.000000
0.999233 -0.019750 -0.033825 0.000000 0.018069 0.998620 -0.049308 0.090600 0.034752 0.048659 0.998211 0.005100 0.000000 0.000000 0.000000 1.000000
0.999168 -0.021469 -0.034685 0.000000 0.019807 0.998671 -0.047590 0.090600 0.035660 0.046863 0.998265 0.005100 0.000000 0.000000 0.000000 1.000000
0.999134 -0.022568 -0.034950 0.000000 0.020937 0.998707 -0.046330 0.090600 0.035951 0.045558 0.998315 0.005100 0.000000 0.000000 0.000000 1.000000
0.999154 -0.022628 -0.034345 -0.000000 0.021058 0.998747 -0.045405 0.090600 0.035329 0.044643 0.998378 0.005100 0.000000 0.000000 0.000000 1.000000
0.999242 -0.021236 -0.032615 0.000000 0.019769 0.998806 -0.044669 0.090600 0.033525 0.043990 0.998469 0.005100 0.000000 0.000000 0.000000 1.000000
0.999386 -0.018312 -0.029869 0.000000 0.016983 0.998881 -0.044149 0.090600 0.030644 0.043615 0.998578 0.005100 0.000000 0.000000 0.000000 1.000000
0.999546 -0.014262 -0.026554 0.000000 0.013083 0.998943 -0.044054 0.090600 0.027154 0.043687 0.998676 0.005100 0.000000 0.000000 0.000000 1.000000
0.999671 -0.010209 -0.023541 -0.000000 0.009156 0.998971 -0.044419 0.090600 0.023971 0.044189 0.998736 0.005100 0.000000 0.000000 0.000000 1.000000
0.999740 -0.007313 -0.021603 -0.000000 0.006335 0.998967 -0.044993 0.090600 0.021909 0.044844 0.998754 0.005100 0.000000 0.000000 0.000000 1.000000
0.999768 -0.005954 -0.020688 -0.000000 0.005007 0.998951 -0.045510 0.090600 0.020938 0.045396 0.998750 0.005100 0.000000 0.000000 0.000000 1.000000
0.999782 -0.005647 -0.020103 0.000000 0.004714 0.998922 -0.046180 0.090600 0.020342 0.046075 0.998731 0.005100 0.000000 0.000000 0.000000 1.000000
0.999800 -0.005498 -0.019230 0.000000 0.004576 0.998853 -0.047666 0.090600 0.019470 0.047568 0.998678 0.005100 0.000000 0.000000 0.000000 1.000000
0.999827 -0.004891 -0.017947 0.000000 0.003977 0.998710 -0.050620 0.090600 0.018172 0.050539 0.998557 0.005100 0.000000 0.000000 0.000000 1.000000
0.999859 -0.003646 -0.016393 0.000000 0.002737 0.998476 -0.055121 0.090600 0.016569 0.055068 0.998345 0.005100 0.000000 0.000000 0.000000 1.000000
0.999888 -0.002033 -0.014801 0.000000 0.001132 0.998160 -0.060621 0.090600 0.014897 0.060597 0.998051 0.005100 0.000000 0.000000 0.000000 1.000000
0.999908 -0.000797 -0.013512 -0.000000 -0.000102 0.997795 -0.066370 0.090600 0.013535 0.066365 0.997704 0.005100 0.000000 0.000000 0.000000 1.000000
0.999919 -0.000552 -0.012693 -0.000000 -0.000369 0.997373 -0.072432 0.090600 0.012699 0.072431 0.997293 0.005100 0.000000 0.000000 0.000000 1.000000
0.999927 -0.000915 -0.012089 0.000000 -0.000057 0.996785 -0.080125 0.090600 0.012123 0.080119 0.996712 0.005100 0.000000 0.000000 0.000000 1.000000
0.999936 -0.000638 -0.011333 0.000000 -0.000396 0.995848 -0.091028 0.090600 0.011344 0.091027 0.995784 0.005100 0.000000 0.000000 0.000000 1.000000
0.999945 0.001445 -0.010343 0.000000 -0.002525 0.994447 -0.105210 0.090600 0.010133 0.105230 0.994396 0.005100 0.000000 0.000000 0.000000 1.000000
0.999941 0.005728 -0.009263 0.000000 -0.006802 0.992707 -0.120359 0.090600 0.008506 0.120415 0.992687 0.005100 0.000000 0.000000 0.000000 1.000000
0.999899 0.011812 -0.007955 0.000000 -0.012767 0.991010 -0.133179 0.090600 0.006310 0.133267 0.991060 0.005100 0.000000 0.000000 0.000000 1.000000
0.999808 0.018748 -0.005762 -0.000000 -0.019377 0.989626 -0.142357 0.090600 0.003033 0.142441 0.989799 0.005100 0.000000 0.000000 0.000000 1.000000
0.999672 0.025516 -0.002171 0.000000 -0.025554 0.988415 -0.149608 0.090600 -0.001671 0.149615 0.988743 0.005100 0.000000 0.000000 0.000000 1.000000
0.999501 0.031514 0.002163 0.000000 -0.030780 0.987045 -0.157465 0.090600 -0.007097 0.157320 0.987522 0.005100 0.000000 0.000000 0.000000 1.000000
0.999315 0.036543 0.005819 0.000000 -0.035069 0.985469 -0.166195 0.090600 -0.011807 0.165878 0.986076 0.005100 0.000000 0.000000 0.000000 1.000000
0.999137 0.040737 0.008099 0.000000 -0.038713 0.984026 -0.173763 0.090600 -0.015048 0.173300 0.984754 0.005100 0.000000 0.000000 0.000000 1.000000
0.998964 0.044485 0.009616 0.000000 -0.042063 0.983087 -0.178245 0.090600 -0.017382 0.177656 0.983939 0.005100 0.000000 0.000000 0.000000 1.000000
0.998756 0.048512 0.011555 -0.000000 -0.045653 0.982679 -0.179603 0.090600 -0.020068 0.178852 0.983671 0.005100 0.000000 0.000000 0.000000 1.000000
0.998469 0.053394 0.014472 0.000000 -0.049956 0.982633 -0.178707 0.090600 -0.023763 0.177710 0.983796 0.005100 0.000000 0.000000 0.000000 1.000000
0.998114 0.058762 0.017777 0.000000 -0.054717 0.982786 -0.176456 0.090600 -0.027840 0.175151 0.984148 0.005100 0.000000 0.000000 0.000000 1.000000
0.997768 0.063604 0.020342 0.000000 -0.059137 0.983100 -0.173253 0.090600 -0.031018 0.171663 0.984667 0.005100 0.000000 0.000000 0.000000 1.000000
0.997481 0.067563 0.021596 0.000000 -0.062944 0.983500 -0.169603 0.090600 -0.032699 0.167816 0.985276 0.005100 0.000000 0.000000 0.000000 1.000000
0.997214 0.071214 0.022217 0.000000 -0.066542 0.983770 -0.166639 0.090600 -0.033724 0.164696 0.985768 0.005100 0.000000 0.000000 0.000000 1.000000
0.996901 0.074956 0.023861 -0.000000 -0.069999 0.983701 -0.165629 0.090600 -0.035887 0.163446 0.985899 0.005100 0.000000 0.000000 0.000000 1.000000
0.996554 0.078283 0.027426 -0.000000 -0.072668 0.983375 -0.166411 0.090600 -0.039997 0.163845 0.985675 0.005100 0.000000 0.000000 0.000000 1.000000
0.996263 0.080381 0.031606 0.000000 -0.074054 0.983273 -0.166402 0.090600 -0.044453 0.163440 0.985551 0.005100 0.000000 0.000000 0.000000 1.000000
0.996155 0.080637 0.034243 0.000000 -0.074052 0.983894 -0.162691 0.090600 -0.046810 0.159530 0.986083 0.005100 0.000000 0.000000 0.000000 1.000000
0.996266 0.079144 0.034503 -0.000000 -0.072896 0.985213 -0.155052 0.090600 -0.046265 0.151958 0.987304 0.005100 0.000000 0.000000 0.000000 1.000000
0.996579 0.075889 0.032722 0.000000 -0.070406 0.986966 -0.144711 0.090600 -0.043277 0.141912 0.988933 0.005100 0.000000 0.000000 0.000000 1.000000
0.997047 0.070843 0.029639 0.000000 -0.066316 0.988915 -0.132851 0.090600 -0.038722 0.130494 0.990693 0.005100 0.000000 0.000000 0.000000 1.000000
0.997631 0.063900 0.025475 0.000000 -0.060410 0.990948 -0.119885 0.090600 -0.032905 0.118062 0.992461 0.005100 0.000000 0.000000 0.000000 1.000000
0.998229 0.055795 0.020631 -0.000000 -0.053284 0.992839 -0.106921 0.090600 -0.026449 0.105633 0.994053 0.005100 0.000000 0.000000 0.000000 1.000000
0.998741 0.047674 0.015627 -0.000000 -0.045978 0.994401 -0.095147 0.090600 -0.020075 0.094309 0.995341 0.005100 0.000000 0.000000 0.000000 1.000000
0.999137 0.040100 0.010791 0.000000 -0.039049 0.995663 -0.084442 0.090600 -0.014131 0.083948 0.996370 0.005100 0.000000 0.000000 0.000000 1.000000</float_array><technique_common><accessor source="#mixamorig_Spine-Matrix-animation-output-transform-array" count="109" stride="16"><param type="float4x4"/></accessor></technique_common></source><source id="mixamorig_Spine-Interpolations"><Name_array id="mixamorig_Spine-Interpolations-array" count="109">
 LINEAR LINEAR LINEAR LINEAR LINEAR LINEAR LINEAR LINEAR LINEAR LINEAR LINEAR
LINEAR LINEAR LINEAR LINEAR LINEAR LINEAR LINEAR LINEAR LINEAR LINEAR LINEAR LINEAR
LINEAR LINEAR LINEAR LINEAR LINEAR LINEAR LINEAR LINEAR LINEAR LINEAR LINEAR LINEAR
LINEAR LINEAR LINEAR LINEAR LINEAR LINEAR LINEAR LINEAR LINEAR LINEAR LINEAR LINEAR
LINEAR LINEAR LINEAR LINEAR LINEAR LINEAR LINEAR LINEAR LINEAR LINEAR LINEAR LINEAR
LINEAR LINEAR LINEAR LINEAR LINEAR LINEAR LINEAR LINEAR LINEAR LINEAR LINEAR LINEAR
LINEAR LINEAR LINEAR LINEAR LINEAR LINEAR LINEAR LINEAR LINEAR LINEAR LINEAR LINEAR
LINEAR LINEAR LINEAR LINEAR LINEAR LINEAR LINEAR LINEAR LINEAR LINEAR LINEAR LINEAR
LINEAR LINEAR LINEAR LINEAR LINEAR LINEAR LINEAR LINEAR LINEAR LINEAR LINEAR LINEAR
LINEAR LINEAR</Name_array><technique_common><accessor source="#mixamorig_Spine-Interpolations-array" count="109"><param type="name"/></accessor></technique_common></source><sampler id="mixamorig_Spine-Matrix-animation-transform"><input semantic="INPUT" source="#mixamorig_Spine-Matrix-animation-input"/><input semantic="OUTPUT" source="#mixamorig_Spine-Matrix-animation-output-transform"/><input semantic="INTERPOLATION" source="#mixamorig_Spine-Interpolations"/></sampler><channel source="#mixamorig_Spine-Matrix-animation-transform" target="mixamorig_Spine/matrix"/></animation>
    <animation id="mixamorig_Spine1-anim" name="mixamorig_Spine1"><source id="mixamorig_Spine1-Matrix-animation-input"><float_array id="mixamorig_Spine1-Matrix-animation-input-array" count="109">

0.000000 0.033333 0.066667 0.100000 0.133333 0.166667 0.200000 0.233333 0.266667 0.300000 0.333333 0.366667 0.400000 0.433333 0.466667 0.500000
0.533333 0.566667 0.600000 0.633333 0.666667 0.700000 0.733333 0.766667 0.800000 0.833333 0.866667 0.900000 0.933333 0.966667 1.000000 1.033333
1.066667 1.100000 1.133333 1.166667 1.200000 1.233333 1.266667 1.300000 1.333333 1.366667 1.400000 1.433333 1.466667 1.500000 1.533333 1.566667
1.600000 1.633333 1.666667 1.700000 1.733333 1.766667 1.800000 1.833333 1.866667 1.900000 1.933333 1.966667 2.000000 2.033333 2.066667 2.100000
2.133333 2.166667 2.200000 2.233333 2.266667 2.300000 2.333333 2.366667 2.400000 2.433333 2.466667 2.500000 2.533333 2.566667 2.600000 2.633333
2.666667 2.700000 2.733333 2.766667 2.800000 2.833333 2.866667 2.900000 2.933333 2.966667 3.000000 3.033333 3.066667 3.100000 3.133333 3.166667
