<?xml version="1.0" encoding="utf-8"?>
<COLLADA xmlns="http://www.collada.org/2005/11/COLLADASchema" version="1.4.1">
  <asset><contributor><author>Mixamo</author><authoring_tool>COLLADA Mixamo exporter</authoring_tool><comments></comments></contributor><created>2020-05-26T16:52:34Z</created><modified>2020-05-26T16:52:34Z</modified><revision></revision><title></title><unit meter="0.010000"/><up_axis>Y_UP</up_axis></asset>
  <library_animations>
    <animation id="mixamorig_Hips-anim" name="mixamorig_Hips"><source id="mixamorig_Hips-Matrix-animation-input"><float_array id="mixamorig_Hips-Matrix-animation-input-array" count="67">

0.000000 0.033333 0.066667 0.100000 0.133333 0.166667 0.200000 0.233333 0.266667 0.300000 0.333333 0.366667 0.400000 0.433333 0.466667 0.500000
0.533333 0.566667 0.600000 0.633333 0.666667 0.700000 0.733333 0.766667 0.800000 0.833333 0.866667 0.900000 0.933333 0.966667 1.000000 1.033333
1.066667 1.100000 1.133333 1.166667 1.200000 1.233333 1.266667 1.300000 1.333333 1.366667 1.400000 1.433333 1.466667 1.500000 1.533333 1.566667
1.600000 1.633333 1.666667 1.700000 1.733333 1.766667 1.800000 1.833333 1.866667 1.900000 1.933333 1.966667 2.000000 2.033333 2.066667 2.100000
2.133333 2.166667 2.200000</float_array><technique_common><accessor source="#mixamorig_Hips-Matrix-animation-input-array" count="67"><param name="TIME" type="float"/></accessor></technique_common></source><source id="mixamorig_Hips-Matrix-animation-output-transform"><float_array id="mixamorig_Hips-Matrix-animation-output-transform-array" count="1072">

0.950590 -0.021620 -0.309694 0.195830 0.043100 0.997102 0.062686 0.412869 0.307441 -0.072937 0.948768 -0.353886 0.000000 0.000000 0.000000 1.000000
0.953762 -0.018516 -0.299992 0.203149 0.038419 0.997424 0.060580 0.396295 0.298097 -0.069305 0.952016 -0.374671 0.000000 0.000000 0.000000 1.000000
0.958339 -0.019443 -0.284970 0.209025 0.037387 0.997636 0.057663 0.377735 0.283175 -0.065915 0.956800 -0.394036 0.000000 0.000000 0.000000 1.000000
0.966693 -0.024440 -0.254771 0.213454 0.041022 0.997357 0.059974 0.359662 0.252632 -0.068427 0.965140 -0.413706 0.000000 0.000000 0.000000 1.000000
0.974975 -0.020972 -0.221323 0.217766 0.039604 0.996001 0.080083 0.341612 0.218758 -0.086844 0.971907 -0.434740 0.000000 0.000000 0.000000 1.000000
0.978213 -0.023326 -0.206288 0.225623 0.050960 0.990246 0.129679 0.323369 0.201251 -0.137367 0.969860 -0.456674 0.000000 0.000000 0.000000 1.000000
0.979068 -0.035312 -0.200445 0.231305 0.078141 0.974576 0.209990 0.304679 0.187933 -0.221258 0.956936 -0.480565 0.000000 0.000000 0.000000 1.000000
0.979047 -0.059381 -0.194782 0.236491 0.116922 0.947072 0.298972 0.282567 0.166719 -0.315482 0.934171 -0.503273 0.000000 0.000000 0.000000 1.000000
0.975919 -0.079594 -0.203094 0.242629 0.155792 0.906005 0.393553 0.257283 0.152680 -0.415716 0.896587 -0.525506 0.000000 0.000000 0.000000 1.000000
0.976002 -0.091225 -0.197734 0.248529 0.178510 0.855214 0.486562 0.226405 0.124718 -0.510183 0.850975 -0.545855 0.000000 0.000000 0.000000 1.000000
0.980060 -0.094467 -0.174809 0.250937 0.184665 0.757811 0.625797 0.186625 0.073355 -0.645600 0.760145 -0.565465 0.000000 0.000000 0.000000 1.000000
0.982096 -0.107802 -0.154486 0.248911 0.187553 0.636298 0.748297 0.139060 0.017631 -0.763874 0.645124 -0.580463 0.000000 0.000000 0.000000 1.000000
0.980565 -0.125500 -0.150804 0.246535 0.194492 0.520769 0.831247 0.099954 -0.025787 -0.844422 0.535057 -0.585979 0.000000 0.000000 0.000000 1.000000
0.974802 -0.159869 -0.155576 0.250650 0.205836 0.375795 0.903554 0.108319 -0.085985 -0.912809 0.399232 -0.590162 0.000000 0.000000 0.000000 1.000000
0.964894 -0.197008 -0.173689 0.261035 0.218948 0.238119 0.946235 0.116262 -0.145058 -0.951045 0.272894 -0.597045 0.000000 0.000000 0.000000 1.000000
0.954873 -0.231939 -0.185529 0.266308 0.223768 0.151031 0.962869 0.124178 -0.195306 -0.960934 0.196116 -0.596096 0.000000 0.000000 0.000000 1.000000
0.933060 -0.294339 -0.206795 0.262230 0.217707 0.004420 0.976004 0.138597 -0.286362 -0.955691 0.068204 -0.606483 0.000000 0.000000 0.000000 1.000000
0.916621 -0.331293 -0.223721 0.256880 0.205336 -0.089985 0.974546 0.146104 -0.342992 -0.939227 -0.014456 -0.614098 0.000000 0.000000 0.000000 1.000000
0.901027 -0.360257 -0.241589 0.250919 0.190433 -0.171877 0.966537 0.153409 -0.389725 -0.916883 -0.086261 -0.621500 0.000000 0.000000 0.000000 1.000000
0.888423 -0.379411 -0.258362 0.245879 0.177963 -0.234128 0.955779 0.162531 -0.423123 -0.895115 -0.140484 -0.629333 0.000000 0.000000 0.000000 1.000000
0.885770 -0.381748 -0.263969 0.240218 0.175512 -0.251003 0.951942 0.171392 -0.429659 -0.889531 -0.155330 -0.636965 0.000000 0.000000 0.000000 1.000000
0.893099 -0.365018 -0.262938 0.234362 0.175284 -0.255935 0.950670 0.177496 -0.414307 -0.895130 -0.164594 -0.643117 0.000000 0.000000 0.000000 1.000000
0.905807 -0.340362 -0.252323 0.228996 0.166746 -0.261101 0.950801 0.181482 -0.389498 -0.903316 -0.179753 -0.646494 0.000000 0.000000 0.000000 1.000000
0.918527 -0.319798 -0.232460 0.223654 0.147045 -0.269458 0.951720 0.183422 -0.366996 -0.908362 -0.200480 -0.647680 0.000000 0.000000 0.000000 1.000000
0.932375 -0.297452 -0.205425 0.219587 0.120641 -0.279654 0.952491 0.183038 -0.340768 -0.912861 -0.224858 -0.648030 0.000000 0.000000 0.000000 1.000000
0.940758 -0.290385 -0.175077 0.216948 0.091321 -0.280273 0.955567 0.180544 -0.326551 -0.914945 -0.237151 -0.647465 0.000000 0.000000 0.000000 1.000000
0.946830 -0.285486 -0.148362 0.215250 0.066899 -0.276360 0.958723 0.177374 -0.314704 -0.917673 -0.242567 -0.646228 0.000000 0.000000 0.000000 1.000000
0.951418 -0.277338 -0.133745 0.214341 0.059456 -0.260718 0.963582 0.172657 -0.302108 -0.924721 -0.231562 -0.642311 0.000000 0.000000 0.000000 1.000000
0.954788 -0.267941 -0.128789 0.214663 0.061366 -0.246249 0.967262 0.166702 -0.290884 -0.931434 -0.218674 -0.637023 0.000000 0.000000 0.000000 1.000000
0.956469 -0.261341 -0.129878 0.214877 0.068318 -0.232163 0.970275 0.158703 -0.283726 -0.936910 -0.204203 -0.630429 0.000000 0.000000 0.000000 1.000000
0.958981 -0.248836 -0.135781 0.217708 0.082376 -0.213697 0.973421 0.148309 -0.271238 -0.944677 -0.184433 -0.624715 0.000000 0.000000 0.000000 1.000000
0.961502 -0.232897 -0.145853 0.222137 0.102239 -0.189481 0.976547 0.136581 -0.255071 -0.953864 -0.158375 -0.620946 0.000000 0.000000 0.000000 1.000000
0.963279 -0.213911 -0.162284 0.224587 0.128706 -0.162576 0.978266 0.123842 -0.235645 -0.963230 -0.129075 -0.619472 0.000000 0.000000 0.000000 1.000000
0.964072 -0.195148 -0.180230 0.224491 0.155975 -0.133353 0.978718 0.115617 -0.215029 -0.971666 -0.098124 -0.622517 0.000000 0.000000 0.000000 1.000000
0.964488 -0.180464 -0.192863 0.219759 0.176480 -0.102966 0.978904 0.111209 -0.196515 -0.978177 -0.067461 -0.626570 0.000000 0.000000 0.000000 1.000000
0.968570 -0.157079 -0.192866 0.211780 0.184711 -0.065102 0.980634 0.106446 -0.166593 -0.985438 -0.034042 -0.628528 0.000000 0.000000 0.000000 1.000000
0.976960 -0.116558 -0.178781 0.208597 0.177161 -0.024200 0.983884 0.103126 -0.119007 -0.992889 -0.002993 -0.632694 0.000000 0.000000 0.000000 1.000000
0.984695 -0.081612 -0.154000 0.208485 0.155397 0.011010 0.987791 0.098808 -0.078920 -0.996603 0.023524 -0.631324 0.000000 0.000000 0.000000 1.000000
0.989505 -0.066957 -0.128047 0.209895 0.130808 0.038604 0.990656 0.094141 -0.061388 -0.997009 0.046957 -0.630184 0.000000 0.000000 0.000000 1.000000
0.991095 -0.063780 -0.116889 0.210697 0.120289 0.052339 0.991358 0.092815 -0.057111 -0.996591 0.059545 -0.632911 0.000000 0.000000 0.000000 1.000000
0.990917 -0.061652 -0.119510 0.209517 0.122631 0.049592 0.991212 0.093713 -0.055183 -0.996865 0.056702 -0.634797 0.000000 0.000000 0.000000 1.000000
0.990306 -0.065053 -0.122728 0.211398 0.125242 0.036066 0.991471 0.094944 -0.060072 -0.997230 0.043864 -0.634856 0.000000 0.000000 0.000000 1.000000
0.989431 -0.075414 -0.123850 0.213813 0.125745 0.020898 0.991843 0.095686 -0.072211 -0.996933 0.030160 -0.634788 0.000000 0.000000 0.000000 1.000000
0.988029 -0.095124 -0.121453 0.215572 0.122328 0.003397 0.992484 0.095469 -0.093996 -0.995460 0.014993 -0.634882 0.000000 0.000000 0.000000 1.000000
0.987067 -0.111454 -0.115225 0.215755 0.114574 -0.012254 0.993339 0.093939 -0.112124 -0.993694 0.000674 -0.635382 0.000000 0.000000 0.000000 1.000000
0.986358 -0.123593 -0.108734 0.214567 0.106503 -0.024537 0.994010 0.091837 -0.125520 -0.992030 -0.011040 -0.636396 0.000000 0.000000 0.000000 1.000000
0.986864 -0.124088 -0.103448 0.213740 0.100589 -0.029109 0.994502 0.090341 -0.126417 -0.991844 -0.016245 -0.637877 0.000000 0.000000 0.000000 1.000000
0.986155 -0.126460 -0.107270 0.212438 0.104097 -0.031459 0.994070 0.090004 -0.129084 -0.991473 -0.017859 -0.640574 0.000000 0.000000 0.000000 1.000000
0.985602 -0.126967 -0.111660 0.212362 0.108544 -0.031225 0.993601 0.089621 -0.129641 -0.991415 -0.016994 -0.641297 0.000000 0.000000 0.000000 1.000000
0.984850 -0.127301 -0.117753 0.212203 0.114737 -0.030796 0.992918 0.089382 -0.130026 -0.991386 -0.015724 -0.641533 0.000000 0.000000 0.000000 1.000000
0.983937 -0.129218 -0.123172 0.212080 0.120226 -0.030383 0.992281 0.089106 -0.131963 -0.991151 -0.014359 -0.641060 0.000000 0.000000 0.000000 1.000000
0.982850 -0.132357 -0.128400 0.211903 0.125721 -0.028434 0.991658 0.088743 -0.134904 -0.990794 -0.011306 -0.640358 0.000000 0.000000 0.000000 1.000000
0.982368 -0.133652 -0.130730 0.211833 0.128216 -0.027284 0.991371 0.088612 -0.136065 -0.990653 -0.009667 -0.640133 0.000000 0.000000 0.000000 1.000000
0.982025 -0.134528 -0.132397 0.211887 0.130005 -0.026447 0.991161 0.088700 -0.136840 -0.990557 -0.008483 -0.639958 0.000000 0.000000 0.000000 1.000000
0.981805 -0.135060 -0.133486 0.212004 0.131177 -0.025892 0.991021 0.088905 -0.137304 -0.990499 -0.007704 -0.639835 0.000000 0.000000 0.000000 1.000000
0.981687 -0.135327 -0.134077 0.212109 0.131815 -0.025587 0.990944 0.089135 -0.137532 -0.990471 -0.007280 -0.639794 0.000000 0.000000 0.000000 1.000000
0.981653 -0.135408 -0.134248 0.212151 0.131999 -0.025500 0.990922 0.089264 -0.137602 -0.990462 -0.007158 -0.639828 0.000000 0.000000 0.000000 1.000000
0.981686 -0.135341 -0.134070 0.212130 0.131806 -0.025596 0.990945 0.089241 -0.137547 -0.990468 -0.007288 -0.639907 0.000000 0.000000 0.000000 1.000000
0.981780 -0.135118 -0.133606 0.212082 0.131306 -0.025834 0.991005 0.089113 -0.137354 -0.990493 -0.007621 -0.639981 0.000000 0.000000 0.000000 1.000000
0.981920 -0.134771 -0.132926 0.212035 0.130575 -0.026176 0.991093 0.088962 -0.137050 -0.990531 -0.008105 -0.640049 0.000000 0.000000 0.000000 1.000000
0.982091 -0.134337 -0.132103 0.212013 0.129691 -0.026588 0.991198 0.088914 -0.136667 -0.990579 -0.008690 -0.640143 0.000000 0.000000 0.000000 1.000000
0.982273 -0.133878 -0.131212 0.211964 0.128734 -0.027037 0.991311 0.088815 -0.136263 -0.990629 -0.009323 -0.640230 0.000000 0.000000 0.000000 1.000000
0.982452 -0.133432 -0.130324 0.211904 0.127781 -0.027486 0.991421 0.088740 -0.135869 -0.990677 -0.009954 -0.640341 0.000000 0.000000 0.000000 1.000000
0.982613 -0.133033 -0.129511 0.211839 0.126908 -0.027901 0.991522 0.088690 -0.135519 -0.990719 -0.010532 -0.640465 0.000000 0.000000 0.000000 1.000000
0.982744 -0.132713 -0.128845 0.211776 0.126192 -0.028243 0.991604 0.088637 -0.135238 -0.990752 -0.011008 -0.640572 0.000000 0.000000 0.000000 1.000000
0.982833 -0.132495 -0.128391 0.211728 0.125706 -0.028475 0.991659 0.088577 -0.135045 -0.990775 -0.011331 -0.640627 0.000000 0.000000 0.000000 1.000000
0.982865 -0.132416 -0.128225 0.211697 0.125527 -0.028561 0.991679 0.088524 -0.134977 -0.990783 -0.011450 -0.640627 0.000000 0.000000 0.000000 1.000000</float_array><technique_common><accessor source="#mixamorig_Hips-Matrix-animation-output-transform-array" count="67" stride="16"><param type="float4x4"/></accessor></technique_common></source><source id="mixamorig_Hips-Interpolations"><Name_array id="mixamorig_Hips-Interpolations-array" count="67">
 LINEAR LINEAR LINEAR LINEAR LINEAR LINEAR LINEAR LINEAR LINEAR LINEAR LINEAR
LINEAR LINEAR LINEAR LINEAR LINEAR LINEAR LINEAR LINEAR LINEAR LINEAR LINEAR LINEAR
LINEAR LINEAR LINEAR LINEAR LINEAR LINEAR LINEAR LINEAR LINEAR LINEAR LINEAR LINEAR
LINEAR LINEAR LINEAR LINEAR LINEAR LINEAR LINEAR LINEAR LINEAR LINEAR LINEAR LINEAR
LINEAR LINEAR LINEAR LINEAR LINEAR LINEAR LINEAR LINEAR LINEAR LINEAR LINEAR LINEAR
LINEAR LINEAR LINEAR LINEAR LINEAR LINEAR LINEAR LINEAR</Name_array><technique_common><accessor source="#mixamorig_Hips-Interpolations-array" count="67"><param type="name"/></accessor></technique_common></source><sampler id="mixamorig_Hips-Matrix-animation-transform"><input semantic="INPUT" source="#mixamorig_Hips-Matrix-animation-input"/><input semantic="OUTPUT" source="#mixamorig_Hips-Matrix-animation-output-transform"/><input semantic="INTERPOLATION" source="#mixamorig_Hips-Interpolations"/></sampler><channel source="#mixamorig_Hips-Matrix-animation-transform" target="mixamorig_Hips/matrix"/></animation>
    <animation id="mixamorig_Spine-anim" name="mixamorig_Spine"><source id="mixamorig_Spine-Matrix-animation-input"><float_array id="mixamorig_Spine-Matrix-animation-input-array" count="67">

0.000000 0.033333 0.066667 0.100000 0.133333 0.166667 0.200000 0.233333 0.266667 0.300000 0.333333 0.366667 0.400000 0.433333 0.466667 0.500000
0.533333 0.566667 0.600000 0.633333 0.666667 0.700000 0.733333 0.766667 0.800000 0.833333 0.866667 0.900000 0.933333 0.966667 1.000000 1.033333
1.066667 1.100000 1.133333 1.166667 1.200000 1.233333 1.266667 1.300000 1.333333 1.366667 1.400000 1.433333 1.466667 1.500000 1.533333 1.566667
1.600000 1.633333 1.666667 1.700000 1.733333 1.766667 1.800000 1.833333 1.866667 1.900000 1.933333 1.966667 2.000000 2.033333 2.066667 2.100000
2.133333 2.166667 2.200000</float_array><technique_common><accessor source="#mixamorig_Spine-Matrix-animation-input-array" count="67"><param name="TIME" type="float"/></accessor></technique_common></source><source id="mixamorig_Spine-Matrix-animation-output-transform"><float_array id="mixamorig_Spine-Matrix-animation-output-transform-array" count="1072">

0.996964 0.039111 0.067333 0.000000 0.006516 0.819771 -0.572654 0.090600 -0.077595 0.571354 0.817027 0.005100 0.000000 0.000000 0.000000 1.000000
0.996877 0.042318 0.066674 0.000000 0.003792 0.817671 -0.575673 0.090600 -0.078878 0.574128 0.814957 0.005100 0.000000 0.000000 0.000000 1.000000
0.996981 0.051759 0.057880 -0.000000 -0.008965 0.817171 -0.576325 0.090600 -0.077128 0.574066 0.815168 0.005100 0.000000 0.000000 0.000000 1.000000
0.997761 0.053746 0.039797 0.000000 -0.020877 0.815665 -0.578148 0.090600 -0.063534 0.576023 0.814961 0.005100 0.000000 0.000000 0.000000 1.000000
0.998787 0.042906 0.024142 0.000000 -0.020805 0.812288 -0.582885 0.090600 -0.044620 0.581676 0.812196 0.005100 0.000000 0.000000 0.000000 1.000000
0.998891 0.046059 0.009806 0.000000 -0.031118 0.801897 -0.596651 0.090600 -0.035344 0.595684 0.802441 0.005100 0.000000 0.000000 0.000000 1.000000
0.997542 0.069885 -0.005051 -0.000000 -0.058144 0.785411 -0.616238 0.090600 -0.039099 0.615017 0.787544 0.005100 0.000000 0.000000 0.000000 1.000000
0.995615 0.091780 -0.018082 -0.000000 -0.082445 0.769604 -0.633177 0.090600 -0.044197 0.631891 0.773796 0.005100 0.000000 0.000000 0.000000 1.000000
0.995140 0.098242 -0.006760 0.000000 -0.078712 0.752304 -0.654097 0.090600 -0.059174 0.651450 0.756380 0.005100 0.000000 0.000000 0.000000 1.000000
0.996597 0.082422 -0.000462 0.000000 -0.061758 0.743007 -0.666428 0.090600 -0.054585 0.664189 0.745569 0.005100 0.000000 0.000000 0.000000 1.000000
0.998865 0.047639 -0.000466 0.000000 -0.033180 0.688626 -0.724357 0.090600 -0.034187 0.723550 0.689425 0.005100 0.000000 0.000000 0.000000 1.000000
0.999748 0.022457 0.000170 0.000000 -0.014429 0.648121 -0.761400 0.090600 -0.017209 0.761206 0.648282 0.005100 0.000000 0.000000 0.000000 1.000000
0.999964 -0.003563 0.007758 0.000000 0.008170 0.663044 -0.748536 0.090600 -0.002477 0.748572 0.663048 0.005100 0.000000 0.000000 0.000000 1.000000
0.998993 -0.044393 -0.006524 0.000000 0.027082 0.712483 -0.701166 0.090600 0.035775 0.700283 0.712968 0.005100 0.000000 0.000000 0.000000 1.000000
0.997955 -0.063600 -0.006395 0.000000 0.045483 0.776830 -0.628066 0.090600 0.044913 0.626490 0.778134 0.005100 0.000000 0.000000 0.000000 1.000000
0.998644 -0.050496 -0.012628 -0.000000 0.033620 0.810964 -0.584130 0.090600 0.039737 0.582913 0.811562 0.005100 0.000000 0.000000 0.000000 1.000000
0.999333 -0.017326 -0.032146 0.000000 -0.002110 0.851419 -0.524482 0.090600 0.036457 0.524200 0.850814 0.005100 0.000000 0.000000 0.000000 1.000000
0.998995 0.006207 -0.044393 0.000000 -0.027114 0.872315 -0.488191 0.090600 0.035695 0.488904 0.871607 0.005100 0.000000 0.000000 0.000000 1.000000
0.998233 0.027512 -0.052662 0.000000 -0.048472 0.889680 -0.454005 0.090600 0.034362 0.455755 0.889442 0.005100 0.000000 0.000000 0.000000 1.000000
0.997518 0.044360 -0.054674 0.000000 -0.063328 0.904654 -0.421414 0.090600 0.030767 0.423831 0.905219 0.005100 0.000000 0.000000 0.000000 1.000000
0.997650 0.050518 -0.046280 0.000000 -0.064729 0.916366 -0.395075 0.090600 0.022451 0.397142 0.917482 0.005100 0.000000 0.000000 0.000000 1.000000
0.998742 0.034732 -0.036155 -0.000000 -0.045807 0.925278 -0.376513 0.090600 0.020376 0.377696 0.925706 0.005100 0.000000 0.000000 0.000000 1.000000
0.999578 0.013460 -0.025750 0.000000 -0.021942 0.930633 -0.365296 0.090600 0.019047 0.365707 0.930535 0.005100 0.000000 0.000000 0.000000 1.000000
0.999614 -0.003543 -0.027558 -0.000000 -0.006614 0.932988 -0.359847 0.090600 0.026986 0.359890 0.932604 0.005100 0.000000 0.000000 0.000000 1.000000
0.999400 -0.025281 -0.023662 0.000000 0.014895 0.930756 -0.365337 0.090600 0.031259 0.364766 0.930574 0.005100 0.000000 0.000000 0.000000 1.000000
0.999018 -0.038134 -0.022563 0.000000 0.027250 0.930305 -0.365772 0.090600 0.034939 0.364798 0.930431 0.005100 0.000000 0.000000 0.000000 1.000000
0.998453 -0.048062 -0.027953 0.000000 0.034693 0.931423 -0.362281 0.090600 0.043448 0.360751 0.931650 0.005100 0.000000 0.000000 0.000000 1.000000
0.997834 -0.057456 -0.032026 -0.000000 0.042589 0.935359 -0.351126 0.090600 0.050130 0.349002 0.935780 0.005100 0.000000 0.000000 0.000000 1.000000
0.997431 -0.065011 -0.030096 0.000000 0.050986 0.939311 -0.339256 0.090600 0.050325 0.336850 0.940212 0.005100 0.000000 0.000000 0.000000 1.000000
0.997508 -0.065545 -0.026100 0.000000 0.053382 0.943093 -0.328216 0.090600 0.046128 0.326005 0.944242 0.005100 0.000000 0.000000 0.000000 1.000000
0.997391 -0.070538 -0.015363 0.000000 0.062159 0.947338 -0.314146 0.090600 0.036714 0.312372 0.949250 0.005100 0.000000 0.000000 0.000000 1.000000
0.996772 -0.080286 -0.000557 0.000000 0.076494 0.951761 -0.297152 0.090600 0.024388 0.296150 0.954830 0.005100 0.000000 0.000000 0.000000 1.000000
0.995696 -0.091232 0.016347 -0.000000 0.092182 0.956442 -0.276986 0.090600 0.009635 0.277301 0.960735 0.005100 0.000000 0.000000 0.000000 1.000000
0.994682 -0.097905 0.031986 0.000000 0.102814 0.962350 -0.251619 0.090600 -0.006147 0.253570 0.967298 0.005100 0.000000 0.000000 0.000000 1.000000
0.994059 -0.100078 0.042787 0.000000 0.107177 0.968528 -0.224650 0.090600 -0.018958 0.227901 0.973500 0.005100 0.000000 0.000000 0.000000 1.000000
0.992354 -0.112440 0.050894 0.000000 0.120330 0.973131 -0.196308 0.090600 -0.027453 0.200931 0.979221 0.005100 0.000000 0.000000 0.000000 1.000000
0.988110 -0.142978 0.056528 0.000000 0.150505 0.974632 -0.165655 0.090600 -0.031409 0.172194 0.984562 0.005100 0.000000 0.000000 0.000000 1.000000
0.983206 -0.172908 0.058385 0.000000 0.179530 0.973848 -0.139244 0.090600 -0.032782 0.147387 0.988535 0.005100 0.000000 0.000000 0.000000 1.000000
0.979812 -0.185900 0.073549 -0.000000 0.193460 0.974423 -0.114338 0.090600 -0.050413 0.126259 0.990716 0.005100 0.000000 0.000000 0.000000 1.000000
0.978588 -0.185549 0.089087 0.000000 0.193940 0.976190 -0.097164 0.090600 -0.068937 0.112361 0.991273 0.005100 0.000000 0.000000 0.000000 1.000000
0.979666 -0.179235 0.090161 0.000000 0.187632 0.977602 -0.095334 0.090600 -0.071054 0.110312 0.991354 0.005100 0.000000 0.000000 0.000000 1.000000
0.980251 -0.176445 0.089305 0.000000 0.185191 0.977441 -0.101551 0.090600 -0.069373 0.116084 0.990814 0.005100 0.000000 0.000000 0.000000 1.000000
0.981026 -0.171961 0.089536 0.000000 0.181295 0.977327 -0.109380 0.090600 -0.068697 0.123537 0.989959 0.005100 0.000000 0.000000 0.000000 1.000000
0.984306 -0.155088 0.084194 0.000000 0.164650 0.978784 -0.121956 0.090600 -0.063494 0.133904 0.988958 0.005100 0.000000 0.000000 0.000000 1.000000
0.986616 -0.142271 0.079668 0.000000 0.152074 0.979139 -0.134757 0.090600 -0.058834 0.145069 0.987671 0.005100 0.000000 0.000000 0.000000 1.000000
0.988193 -0.131932 0.077905 0.000000 0.142190 0.979079 -0.145554 0.090600 -0.057072 0.154913 0.986278 0.005100 0.000000 0.000000 0.000000 1.000000
0.988073 -0.131738 0.079730 -0.000000 0.142574 0.978282 -0.150458 0.090600 -0.058177 0.160031 0.985396 0.005100 0.000000 0.000000 0.000000 1.000000
0.988612 -0.127090 0.080588 0.000000 0.138330 0.978323 -0.154109 0.090600 -0.059255 0.163502 0.984762 0.005100 0.000000 0.000000 0.000000 1.000000
0.988654 -0.124882 0.083473 -0.000000 0.136716 0.978305 -0.155654 0.090600 -0.062224 0.165300 0.984278 0.005100 0.000000 0.000000 0.000000 1.000000
0.988755 -0.122105 0.086339 0.000000 0.134481 0.978528 -0.156197 0.090600 -0.065413 0.166052 0.983945 0.005100 0.000000 0.000000 0.000000 1.000000
0.989158 -0.119337 0.085591 0.000000 0.131608 0.978941 -0.156058 0.090600 -0.065165 0.165631 0.984033 0.005100 0.000000 0.000000 0.000000 1.000000
0.989666 -0.116161 0.084068 0.000000 0.128118 0.979629 -0.154635 0.090600 -0.064393 0.163807 0.984389 0.005100 0.000000 0.000000 0.000000 1.000000
0.989646 -0.116300 0.084108 0.000000 0.128262 0.979612 -0.154624 0.090600 -0.064410 0.163811 0.984387 0.005100 0.000000 0.000000 0.000000 1.000000
0.989625 -0.116463 0.084134 0.000000 0.128426 0.979593 -0.154612 0.090600 -0.064410 0.163813 0.984386 0.005100 0.000000 0.000000 0.000000 1.000000
0.989606 -0.116616 0.084151 0.000000 0.128580 0.979575 -0.154598 0.090600 -0.064403 0.163811 0.984387 0.005100 0.000000 0.000000 0.000000 1.000000
0.989592 -0.116723 0.084161 -0.000000 0.128688 0.979562 -0.154590 0.090600 -0.064396 0.163812 0.984388 0.005100 0.000000 0.000000 0.000000 1.000000
0.989589 -0.116750 0.084165 0.000000 0.128714 0.979559 -0.154588 0.090600 -0.064397 0.163811 0.984388 0.005100 0.000000 0.000000 0.000000 1.000000
0.989595 -0.116701 0.084164 -0.000000 0.128666 0.979564 -0.154592 0.090600 -0.064403 0.163812 0.984387 0.005100 0.000000 0.000000 0.000000 1.000000
0.989603 -0.116631 0.084156 0.000000 0.128596 0.979573 -0.154597 0.090600 -0.064406 0.163812 0.984387 0.005100 0.000000 0.000000 0.000000 1.000000
0.989614 -0.116552 0.084145 0.000000 0.128516 0.979582 -0.154603 0.090600 -0.064408 0.163811 0.984387 0.005100 0.000000 0.000000 0.000000 1.000000
0.989624 -0.116474 0.084131 -0.000000 0.128437 0.979592 -0.154609 0.090600 -0.064407 0.163811 0.984387 0.005100 0.000000 0.000000 0.000000 1.000000
0.989637 -0.116377 0.084117 0.000000 0.128339 0.979603 -0.154616 0.090600 -0.064407 0.163809 0.984387 0.005100 0.000000 0.000000 0.000000 1.000000
0.989651 -0.116268 0.084103 0.000000 0.128230 0.979616 -0.154625 0.090600 -0.064411 0.163810 0.984387 0.005100 0.000000 0.000000 0.000000 1.000000
0.989665 -0.116157 0.084091 0.000000 0.128118 0.979629 -0.154635 0.090600 -0.064416 0.163810 0.984387 0.005100 0.000000 0.000000 0.000000 1.000000
0.989677 -0.116058 0.084082 0.000000 0.128019 0.979641 -0.154642 0.090600 -0.064423 0.163810 0.984386 0.005100 0.000000 0.000000 0.000000 1.000000
0.989685 -0.115992 0.084076 -0.000000 0.127954 0.979649 -0.154648 0.090600 -0.064427 0.163810 0.984386 0.005100 0.000000 0.000000 0.000000 1.000000
0.989689 -0.115966 0.084073 0.000000 0.127927 0.979652 -0.154650 0.090600 -0.064428 0.163810 0.984386 0.005100 0.000000 0.000000 0.000000 1.000000</float_array><technique_common><accessor source="#mixamorig_Spine-Matrix-animation-output-transform-array" count="67" stride="16"><param type="float4x4"/></accessor></technique_common></source><source id="mixamorig_Spine-Interpolations"><Name_array id="mixamorig_Spine-Interpolations-array" count="67">
 LINEAR LINEAR LINEAR LINEAR LINEAR LINEAR LINEAR LINEAR LINEAR LINEAR LINEAR
LINEAR LINEAR LINEAR LINEAR LINEAR LINEAR LINEAR LINEAR LINEAR LINEAR LINEAR LINEAR
LINEAR LINEAR LINEAR LINEAR LINEAR LINEAR LINEAR LINEAR LINEAR LINEAR LINEAR LINEAR
LINEAR LINEAR LINEAR LINEAR LINEAR LINEAR LINEAR LINEAR LINEAR LINEAR LINEAR LINEAR
LINEAR LINEAR LINEAR LINEAR LINEAR LINEAR LINEAR LINEAR LINEAR LINEAR LINEAR LINEAR
LINEAR LINEAR LINEAR LINEAR LINEAR LINEAR LINEAR LINEAR</Name_array><technique_common><accessor source="#mixamorig_Spine-Interpolations-array" count="67"><param type="name"/></accessor></technique_common></source><sampler id="mixamorig_Spine-Matrix-animation-transform"><input semantic="INPUT" source="#mixamorig_Spine-Matrix-animation-input"/><input semantic="OUTPUT" source="#mixamorig_Spine-Matrix-animation-output-transform"/><input semantic="INTERPOLATION" source="#mixamorig_Spine-Interpolations"/></sampler><channel source="#mixamorig_Spine-Matrix-animation-transform" target="mixamorig_Spine/matrix"/></animation>
    <animation id="mixamorig_Spine1-anim" name="mixamorig_Spine1"><source id="mixamorig_Spine1-Matrix-animation-input"><float_array id="mixamorig_Spine1-Matrix-animation-input-array" count="67">

0.000000 0.033333 0.066667 0.100000 0.133333 0.166667 0.200000 0.233333 0.266667 0.300000 0.333333 0.366667 0.400000 0.433333 0.466667 0.500000
0.533333 0.566667 0.600000 0.633333 0.666667 0.700000 0.733333 0.766667 0.800000 0.833333 0.866667 0.900000 0.933333 0.966667 1.000000 1.033333
1.066667 1.100000 1.133333 1.166667 1.200000 1.233333 1.266667 1.300000 1.333333 1.366667 1.400000 1.433333 1.466667 1.500000 1.533333 1.566667
1.600000 1.633333 1.666667 1.700000 1.733333 1.766667 1.800000 1.833333 1.866667 1.900000 1.933333 1.966667 2.000000 2.033333 2.066667 2.100000
2.133333 2.166667 2.200000</float_array><technique_common><accessor source="#mixamorig_Spine1-Matrix-animation-input-array" count="67"><param name="TIME" type="float"/></accessor></technique_common></source><source id="mixamorig_Spine1-Matrix-animation-output-transform"><float_array id="mixamorig_Spine1-Matrix-animation-output-transform-array" count="1072">

0.999396 0.009588 0.033396 0.000000 -0.007172 0.997398 -0.071730 0.105900 -0.033997 0.071447 0.996865 0.000000 0.000000 0.000000 0.000000 1.000000
0.999483 0.009034 0.030855 0.000000 -0.006969 0.997769 -0.066390 0.105900 -0.031386 0.066141 0.997317 -0.000000 0.000000 0.000000 0.000000 1.000000
0.999547 0.007968 0.029021 -0.000000 -0.006039 0.997805 -0.065943 0.105900 -0.029483 0.065738 0.997401 0.000000 0.000000 0.000000 0.000000 1.000000
0.999658 0.005249 0.025626 -0.000000 -0.003440 0.997532 -0.070125 0.105900 -0.025931 0.070013 0.997209 -0.000000 0.000000 0.000000 0.000000 1.000000
0.999806 0.002818 0.019507 -0.000000 -0.001299 0.996996 -0.077440 0.105900 -0.019666 0.077400 0.996806 -0.000000 0.000000 0.000000 0.000000 1.000000
0.999898 0.003689 0.013834 0.000000 -0.002452 0.996085 -0.088365 0.105900 -0.014105 0.088322 0.995992 -0.000000 0.000000 0.000000 0.000000 1.000000
0.999927 0.004659 0.011105 0.000000 -0.003508 0.994829 -0.101501 0.105900 -0.011520 0.101454 0.994774 0.000000 0.000000 0.000000 0.000000 1.000000
0.999964 0.004377 0.007230 -0.000000 -0.003534 0.993615 -0.112766 0.105900 -0.007677 0.112737 0.993595 0.000000 0.000000 0.000000 0.000000 1.000000
0.999967 -0.000439 0.008066 -0.000000 0.001420 0.992531 -0.121987 0.105900 -0.007952 0.121995 0.992499 0.000000 0.000000 0.000000 0.000000 1.000000
0.999878 -0.013552 0.007741 -0.000000 0.014446 0.991354 -0.130419 0.105900 -0.005907 0.130515 0.991429 0.000000 0.000000 0.000000 0.000000 1.000000
0.999763 -0.021571 0.002771 -0.000000 0.021741 0.987907 -0.153515 0.105900 0.000574 0.153539 0.988142 0.000000 0.000000 0.000000 0.000000 1.000000
0.999818 -0.018982 -0.001882 0.000000 0.018442 0.987129 -0.158862 0.105900 0.004874 0.158799 0.987299 0.000000 0.000000 0.000000 0.000000 1.000000
0.999914 -0.012648 -0.003536 0.000000 0.011965 0.988346 -0.151756 0.105900 0.005414 0.151701 0.988412 0.000000 0.000000 0.000000 0.000000 1.000000
0.999885 -0.013532 -0.006883 0.000000 0.012527 0.991505 -0.129462 0.105900 0.008576 0.129361 0.991560 0.000000 0.000000 0.000000 0.000000 1.000000
0.999463 -0.031254 -0.009832 0.000000 0.030176 0.994983 -0.095390 0.105900 0.012764 0.095042 0.995391 0.000000 0.000000 0.000000 0.000000 1.000000
0.999666 -0.023094 -0.011576 0.000000 0.022032 0.996159 -0.084748 0.105900 0.013488 0.084464 0.996335 0.000000 0.000000 0.000000 0.000000 1.000000
0.999894 -0.001272 -0.014501 0.000000 0.000208 0.997322 -0.073142 0.105900 0.014555 0.073131 0.997216 0.000000 0.000000 0.000000 0.000000 1.000000
0.999732 0.016261 -0.016489 0.000000 -0.017339 0.997569 -0.067488 0.105900 0.015351 0.067756 0.997584 0.000000 0.000000 0.000000 0.000000 1.000000
0.999269 0.033520 -0.018383 0.000000 -0.034613 0.997425 -0.062813 0.105900 0.016231 0.063403 0.997856 -0.000000 0.000000 0.000000 0.000000 1.000000
0.998635 0.048210 -0.020078 0.000000 -0.049311 0.997067 -0.058538 0.105900 0.017197 0.059449 0.998083 0.000000 0.000000 0.000000 0.000000 1.000000
0.998052 0.058394 -0.021967 0.000000 -0.059545 0.996654 -0.055985 0.105900 0.018625 0.057184 0.998190 0.000000 0.000000 0.000000 0.000000 1.000000
0.997554 0.065652 -0.023978 -0.000000 -0.066915 0.996167 -0.056344 0.105900 0.020187 0.057811 0.998123 0.000000 0.000000 0.000000 0.000000 1.000000
0.997182 0.070382 -0.025960 0.000000 -0.071764 0.995803 -0.056807 0.105900 0.021853 0.058510 0.998048 0.000000 0.000000 0.000000 0.000000 1.000000
0.996676 0.069095 -0.043152 0.000000 -0.071533 0.995763 -0.057782 0.105900 0.038977 0.060677 0.997396 0.000000 0.000000 0.000000 0.000000 1.000000
0.996630 0.070519 -0.041905 0.000000 -0.073059 0.995365 -0.062533 0.105900 0.037302 0.065384 0.997163 -0.000000 0.000000 0.000000 0.000000 1.000000
0.996677 0.075052 -0.031649 0.000000 -0.077049 0.994741 -0.067478 0.105900 0.026418 0.069693 0.997219 0.000000 0.000000 0.000000 0.000000 1.000000
0.996832 0.073197 -0.031124 -0.000000 -0.075230 0.994695 -0.070161 0.105900 0.025823 0.072280 0.997050 0.000000 0.000000 0.000000 0.000000 1.000000
0.997182 0.065341 -0.036871 -0.000000 -0.067776 0.995299 -0.069177 0.105900 0.032177 0.071481 0.996923 -0.000000 0.000000 0.000000 0.000000 1.000000
0.997594 0.057037 -0.039404 -0.000000 -0.059607 0.995940 -0.067453 0.105900 0.035397 0.069639 0.996944 -0.000000 0.000000 0.000000 0.000000 1.000000
0.997898 0.051840 -0.038891 0.000000 -0.054315 0.996371 -0.065539 0.105900 0.035352 0.067513 0.997092 0.000000 0.000000 0.000000 0.000000 1.000000
0.998352 0.045919 -0.034409 0.000000 -0.048029 0.996842 -0.063235 0.105900 0.031396 0.064784 0.997405 0.000000 0.000000 0.000000 0.000000 1.000000
0.998874 0.038992 -0.027030 0.000000 -0.040573 0.997335 -0.060629 0.105900 0.024593 0.061657 0.997794 0.000000 0.000000 0.000000 0.000000 1.000000
0.999287 0.032619 -0.019038 0.000000 -0.033668 0.997769 -0.057650 0.105900 0.017115 0.058250 0.998155 -0.000000 0.000000 0.000000 0.000000 1.000000
0.999499 0.029489 -0.011532 0.000000 -0.030051 0.998194 -0.052021 0.105900 0.009977 0.052341 0.998579 0.000000 0.000000 0.000000 0.000000 1.000000
0.999625 0.026224 -0.007875 0.000000 -0.026546 0.998674 -0.044113 0.105900 0.006708 0.044306 0.998995 0.000000 0.000000 0.000000 0.000000 1.000000
0.999802 0.018887 -0.006282 0.000000 -0.019100 0.999177 -0.035779 0.105900 0.005601 0.035892 0.999340 0.000000 0.000000 0.000000 0.000000 1.000000
0.999935 0.010991 -0.003185 0.000000 -0.011071 0.999593 -0.026309 0.105900 0.002895 0.026343 0.999649 0.000000 0.000000 0.000000 0.000000 1.000000
0.999958 0.008525 -0.003238 0.000000 -0.008593 0.999732 -0.021491 0.105900 0.003054 0.021518 0.999764 -0.000000 0.000000 0.000000 0.000000 1.000000
0.999981 0.006175 0.000300 0.000000 -0.006167 0.999739 -0.021996 0.105900 -0.000436 0.021994 0.999758 0.000000 0.000000 0.000000 0.000000 1.000000
0.999976 0.004048 0.005622 0.000000 -0.003929 0.999770 -0.021098 0.105900 -0.005706 0.021076 0.999762 -0.000000 0.000000 0.000000 0.000000 1.000000
0.999963 0.005364 0.006767 0.000000 -0.005232 0.999798 -0.019411 0.105900 -0.006869 0.019375 0.999789 0.000000 0.000000 0.000000 0.000000 1.000000
0.999957 0.006333 0.006768 0.000000 -0.006186 0.999748 -0.021602 0.105900 -0.006904 0.021559 0.999744 -0.000000 0.000000 0.000000 0.000000 1.000000
0.999954 0.006875 0.006643 -0.000000 -0.006698 0.999633 -0.026245 0.105900 -0.006821 0.026199 0.999633 0.000000 0.000000 0.000000 0.000000 1.000000
0.999921 0.011570 0.004948 0.000000 -0.011410 0.999448 -0.031189 0.105900 -0.005306 0.031130 0.999501 -0.000000 0.000000 0.000000 0.000000 1.000000
0.999886 0.014588 0.004007 0.000000 -0.014435 0.999256 -0.035760 0.105900 -0.004526 0.035698 0.999352 -0.000000 0.000000 0.000000 0.000000 1.000000
0.999849 0.016904 0.004127 0.000000 -0.016726 0.999067 -0.039821 0.105900 -0.004796 0.039746 0.999198 0.000000 0.000000 0.000000 0.000000 1.000000
0.999819 0.018249 0.005350 0.000000 -0.018005 0.998930 -0.042609 0.105900 -0.006122 0.042505 0.999078 0.000000 0.000000 0.000000 0.000000 1.000000
0.999785 0.019889 0.005807 0.000000 -0.019614 0.998835 -0.044081 0.105900 -0.006677 0.043958 0.999011 0.000000 0.000000 0.000000 0.000000 1.000000
0.999781 0.019823 0.006773 0.000000 -0.019494 0.998769 -0.045617 0.105900 -0.007669 0.045474 0.998936 0.000000 0.000000 0.000000 0.000000 1.000000
0.999787 0.019176 0.007571 0.000000 -0.018807 0.998760 -0.046095 0.105900 -0.008445 0.045943 0.998908 0.000000 0.000000 0.000000 0.000000 1.000000
0.999796 0.018728 0.007499 0.000000 -0.018364 0.998773 -0.045994 0.105900 -0.008351 0.045847 0.998914 -0.000000 0.000000 0.000000 0.000000 1.000000
0.999800 0.018719 0.007043 0.000000 -0.018379 0.998792 -0.045578 0.105900 -0.007887 0.045440 0.998936 0.000000 0.000000 0.000000 0.000000 1.000000
0.999800 0.018719 0.007042 0.000000 -0.018379 0.998792 -0.045578 0.105900 -0.007887 0.045440 0.998936 -0.000000 0.000000 0.000000 0.000000 1.000000
0.999800 0.018719 0.007042 0.000000 -0.018379 0.998792 -0.045578 0.105900 -0.007887 0.045440 0.998936 0.000000 0.000000 0.000000 0.000000 1.000000
0.999800 0.018719 0.007042 0.000000 -0.018379 0.998792 -0.045579 0.105900 -0.007887 0.045440 0.998936 0.000000 0.000000 0.000000 0.000000 1.000000
0.999800 0.018719 0.007043 0.000000 -0.018379 0.998792 -0.045578 0.105900 -0.007887 0.045440 0.998936 0.000000 0.000000 0.000000 0.000000 1.000000
0.999800 0.018719 0.007042 -0.000000 -0.018379 0.998792 -0.045578 0.105900 -0.007887 0.045440 0.998936 0.000000 0.000000 0.000000 0.000000 1.000000
0.999800 0.018719 0.007042 0.000000 -0.018379 0.998792 -0.045578 0.105900 -0.007887 0.045440 0.998936 0.000000 0.000000 0.000000 0.000000 1.000000
0.999800 0.018719 0.007043 0.000000 -0.018379 0.998792 -0.045578 0.105900 -0.007887 0.045440 0.998936 -0.000000 0.000000 0.000000 0.000000 1.000000
0.999800 0.018719 0.007042 -0.000000 -0.018379 0.998792 -0.045578 0.105900 -0.007887 0.045439 0.998936 0.000000 0.000000 0.000000 0.000000 1.000000
0.999800 0.018719 0.007042 -0.000000 -0.018379 0.998792 -0.045578 0.105900 -0.007887 0.045440 0.998936 0.000000 0.000000 0.000000 0.000000 1.000000
0.999800 0.018719 0.007042 0.000000 -0.018379 0.998792 -0.045578 0.105900 -0.007887 0.045440 0.998936 -0.000000 0.000000 0.000000 0.000000 1.000000
0.999800 0.018719 0.007042 0.000000 -0.018379 0.998792 -0.045578 0.105900 -0.007887 0.045439 0.998936 -0.000000 0.000000 0.000000 0.000000 1.000000
0.999800 0.018719 0.007042 0.000000 -0.018379 0.998792 -0.045579 0.105900 -0.007887 0.045440 0.998936 -0.000000 0.000000 0.000000 0.000000 1.000000
0.999800 0.018719 0.007042 -0.000000 -0.018379 0.998792 -0.045578 0.105900 -0.007887 0.045440 0.998936 0.000000 0.000000 0.000000 0.000000 1.000000
0.999800 0.018719 0.007042 0.000000 -0.018379 0.998792 -0.045578 0.105900 -0.007887 0.045440 0.998936 0.000000 0.000000 0.000000 0.000000 1.000000
0.999800 0.018719 0.007042 0.000000 -0.018379 0.998792 -0.045579 0.105900 -0.007887 0.045440 0.998936 0.000000 0.000000 0.000000 0.000000 1.000000</float_array><technique_common><accessor source="#mixamorig_Spine1-Matrix-animation-output-transform-array" count="67" stride="16"><param type="float4x4"/></accessor></technique_common></source><source id="mixamorig_Spine1-Interpolations"><Name_array id="mixamorig_Spine1-Interpolations-array" count="67">
 LINEAR LINEAR LINEAR LINEAR LINEAR LINEAR LINEAR LINEAR LINEAR LINEAR LINEAR
LINEAR LINEAR LINEAR LINEAR LINEAR LINEAR LINEAR LINEAR LINEAR LINEAR LINEAR LINEAR
LINEAR LINEAR LINEAR LINEAR LINEAR LINEAR LINEAR LINEAR LINEAR LINEAR LINEAR LINEAR
LINEAR LINEAR LINEAR LINEAR LINEAR LINEAR LINEAR LINEAR LINEAR LINEAR LINEAR LINEAR
LINEAR LINEAR LINEAR LINEAR LINEAR LINEAR LINEAR LINEAR LINEAR LINEAR LINEAR LINEAR
LINEAR LINEAR LINEAR LINEAR LINEAR LINEAR LINEAR LINEAR</Name_array><technique_common><accessor source="#mixamorig_Spine1-Interpolations-array" count="67"><param type="name"/></accessor></technique_common></source><sampler id="mixamorig_Spine1-Matrix-animation-transform"><input semantic="INPUT" source="#mixamorig_Spine1-Matrix-animation-input"/><input semantic="OUTPUT" source="#mixamorig_Spine1-Matrix-animation-output-transform"/><input semantic="INTERPOLATION" source="#mixamorig_Spine1-Interpolations"/></sampler><channel source="#mixamorig_Spine1-Matrix-animation-transform" target="mixamorig_Spine1/matrix"/></animation>
    <animation id="mixamorig_Spine2-anim" name="mixamorig_Spine2"><source id="mixamorig_Spine2-Matrix-animation-input"><float_array id="mixamorig_Spine2-Matrix-animation-input-array" count="67">

0.000000 0.033333 0.066667 0.100000 0.133333 0.166667 0.200000 0.233333 0.266667 0.300000 0.333333 0.366667 0.400000 0.433333 0.466667 0.500000
0.533333 0.566667 0.600000 0.633333 0.666667 0.700000 0.733333 0.766667 0.800000 0.833333 0.866667 0.900000 0.933333 0.966667 1.000000 1.033333
1.066667 1.100000 1.133333 1.166667 1.200000 1.233333 1.266667 1.300000 1.333333 1.366667 1.400000 1.433333 1.466667 1.500000 1.533333 1.566667
1.600000 1.633333 1.666667 1.700000 1.733333 1.766667 1.800000 1.833333 1.866667 1.900000 1.933333 1.966667 2.000000 2.033333 2.066667 2.100000
2.133333 2.166667 2.200000</float_array><technique_common><accessor source="#mixamorig_Spine2-Matrix-animation-input-array" count="67"><param name="TIME" type="float"/></accessor></technique_common></source><source id="mixamorig_Spine2-Matrix-animation-output-transform"><float_array id="mixamorig_Spine2-Matrix-animation-output-transform-array" count="1072">

0.999381 0.011808 0.033133 0.000000 -0.009395 0.997356 -0.072061 0.121000 -0.033896 0.071705 0.996850 0.000000 0.000000 0.000000 0.000000 1.000000
0.999471 0.011087 0.030561 0.000000 -0.009029 0.997733 -0.066687 0.121000 -0.031231 0.066376 0.997306 0.000000 0.000000 0.000000 0.000000 1.000000
0.999536 0.009941 0.028798 0.000000 -0.008015 0.997772 -0.066238 0.121000 -0.029392 0.065976 0.997388 0.000000 0.000000 0.000000 0.000000 1.000000
0.999648 0.007047 0.025593 0.000000 -0.005230 0.997507 -0.070371 0.121000 -0.026025 0.070212 0.997193 0.000000 0.000000 0.000000 0.000000 1.000000
0.999800 0.004207 0.019564 0.000000 -0.002677 0.996983 -0.077574 0.121000 -0.019831 0.077506 0.996795 0.000000 0.000000 0.000000 0.000000 1.000000
0.999892 0.004649 0.013916 0.000000 -0.003401 0.996079 -0.088401 0.121000 -0.014272 0.088345 0.995988 0.000000 0.000000 0.000000 0.000000 1.000000
0.999917 0.005395 0.011738 0.000000 -0.004176 0.994830 -0.101465 0.121000 -0.012224 0.101407 0.994770 -0.000000 0.000000 0.000000 0.000000 1.000000
0.999950 0.004728 0.008779 -0.000000 -0.003709 0.993625 -0.112671 0.121000 -0.009256 0.112633 0.993594 0.000000 0.000000 0.000000 0.000000 1.000000
