<?xml version="1.0" encoding="utf-8"?>
<COLLADA xmlns="http://www.collada.org/2005/11/COLLADASchema" version="1.4.1">
  <asset><contributor><author>Mixamo</author><authoring_tool>COLLADA Mixamo exporter</authoring_tool><comments></comments></contributor><created>2020-05-26T16:53:57Z</created><modified>2020-05-26T16:53:57Z</modified><revision></revision><title></title><unit meter="0.010000"/><up_axis>Y_UP</up_axis></asset>
  <library_animations>
    <animation id="mixamorig_Hips-anim" name="mixamorig_Hips"><source id="mixamorig_Hips-Matrix-animation-input"><float_array id="mixamorig_Hips-Matrix-animation-input-array" count="61">

0.000000 0.033333 0.066667 0.100000 0.133333 0.166667 0.200000 0.233333 0.266667 0.300000 0.333333 0.366667 0.400000 0.433333 0.466667 0.500000
0.533333 0.566667 0.600000 0.633333 0.666667 0.700000 0.733333 0.766667 0.800000 0.833333 0.866667 0.900000 0.933333 0.966667 1.000000 1.033333
1.066667 1.100000 1.133333 1.166667 1.200000 1.233333 1.266667 1.300000 1.333333 1.366667 1.400000 1.433333 1.466667 1.500000 1.533333 1.566667
1.600000 1.633333 1.666667 1.700000 1.733333 1.766667 1.800000 1.833333 1.866667 1.900000 1.933333 1.966667 2.000000</float_array><technique_common><accessor source="#mixamorig_Hips-Matrix-animation-input-array" count="61"><param name="TIME" type="float"/></accessor></technique_common></source><source id="mixamorig_Hips-Matrix-animation-output-transform"><float_array id="mixamorig_Hips-Matrix-animation-output-transform-array" count="976">

0.932490 -0.034348 -0.359559 -0.001842 -0.045837 0.976167 -0.212126 0.529612 0.358276 0.214286 0.908691 0.005387 0.000000 0.000000 0.000000 1.000000
0.931744 -0.027918 -0.362042 -0.002229 -0.049676 0.977866 -0.203251 0.530437 0.359703 0.207363 0.909733 0.004801 0.000000 0.000000 0.000000 1.000000
0.930739 -0.021756 -0.365037 -0.002378 -0.053343 0.979474 -0.194386 0.531180 0.361773 0.200395 0.910474 0.004419 0.000000 0.000000 0.000000 1.000000
0.929267 -0.016152 -0.369054 -0.002084 -0.056684 0.980978 -0.185661 0.531764 0.365033 0.193448 0.910675 0.004412 0.000000 0.000000 0.000000 1.000000
0.927852 -0.011711 -0.372765 -0.001066 -0.059083 0.982269 -0.177924 0.532193 0.368239 0.187111 0.910708 0.004741 0.000000 0.000000 0.000000 1.000000
0.926711 -0.008908 -0.375670 0.000363 -0.060819 0.982982 -0.173339 0.532726 0.370822 0.183483 0.910398 0.004761 0.000000 0.000000 0.000000 1.000000
0.926176 -0.012918 -0.376871 0.000967 -0.059225 0.982027 -0.179209 0.532800 0.372412 0.188299 0.908764 0.004092 0.000000 0.000000 0.000000 1.000000
0.926921 -0.017200 -0.374861 0.000248 -0.055232 0.981816 -0.181622 0.533126 0.371169 0.189053 0.909116 0.003258 0.000000 0.000000 0.000000 1.000000
0.931207 -0.019185 -0.363986 -0.002223 -0.043969 0.985409 -0.164428 0.534466 0.361830 0.169121 0.916775 0.003464 0.000000 0.000000 0.000000 1.000000
0.939474 -0.015370 -0.342274 -0.005836 -0.024717 0.993350 -0.112448 0.537965 0.341727 0.114102 0.932847 0.006109 0.000000 0.000000 0.000000 1.000000
0.950233 -0.006134 -0.311478 -0.009990 -0.002485 0.999625 -0.027267 0.544104 0.311529 0.026684 0.949862 0.011586 0.000000 0.000000 0.000000 1.000000
0.961154 0.002039 -0.276005 -0.014852 0.018118 0.997350 0.070463 0.551050 0.275417 -0.072726 0.958570 0.018750 0.000000 0.000000 0.000000 1.000000
0.969009 0.005042 -0.246975 -0.020115 0.034736 0.987077 0.156440 0.555296 0.244572 -0.160170 0.956311 0.025520 0.000000 0.000000 0.000000 1.000000
0.971705 0.002642 -0.236185 -0.024748 0.050080 0.974899 0.216944 0.555115 0.230830 -0.222634 0.947181 0.029735 0.000000 0.000000 0.000000 1.000000
0.970120 -0.003106 -0.242606 -0.028341 0.065698 0.965926 0.250342 0.551875 0.233562 -0.258800 0.937268 0.030743 0.000000 0.000000 0.000000 1.000000
0.967043 -0.011708 -0.254342 -0.031604 0.081607 0.960495 0.266065 0.547691 0.241179 -0.278052 0.929795 0.029397 0.000000 0.000000 0.000000 1.000000
0.964918 -0.024281 -0.261428 -0.035420 0.099050 0.955805 0.276814 0.543732 0.243153 -0.292997 0.924678 0.026660 0.000000 0.000000 0.000000 1.000000
0.964385 -0.040660 -0.261358 -0.039854 0.117429 0.951211 0.285321 0.540000 0.237006 -0.305850 0.922109 0.022976 0.000000 0.000000 0.000000 1.000000
0.964367 -0.060084 -0.257654 -0.044285 0.135325 0.948856 0.285235 0.535728 0.227338 -0.309938 0.923177 0.018723 0.000000 0.000000 0.000000 1.000000
0.963019 -0.080064 -0.257262 -0.048053 0.152446 0.949209 0.275248 0.530417 0.222158 -0.304288 0.926313 0.014255 0.000000 0.000000 0.000000 1.000000
0.958885 -0.099232 -0.265880 -0.050856 0.170189 0.950785 0.258927 0.524069 0.227101 -0.293532 0.928582 0.009597 0.000000 0.000000 0.000000 1.000000
0.951963 -0.117706 -0.282688 -0.052478 0.188617 0.952647 0.238511 0.517538 0.241227 -0.280373 0.929086 0.004707 0.000000 0.000000 0.000000 1.000000
0.943859 -0.135293 -0.301374 -0.052957 0.205337 0.954918 0.214403 0.511785 0.258781 -0.264249 0.929088 -0.000368 0.000000 0.000000 0.000000 1.000000
0.936734 -0.150960 -0.315816 -0.052663 0.217584 0.957860 0.187514 0.507286 0.274201 -0.244367 0.930107 -0.005570 0.000000 0.000000 0.000000 1.000000
0.932009 -0.164132 -0.323139 -0.052087 0.224730 0.961204 0.159950 0.504187 0.284350 -0.221694 0.932736 -0.010802 0.000000 0.000000 0.000000 1.000000
0.929774 -0.175069 -0.323838 -0.051554 0.228167 0.964393 0.133736 0.502526 0.288895 -0.198233 0.936613 -0.015867 0.000000 0.000000 0.000000 1.000000
0.929367 -0.183028 -0.320589 -0.050953 0.228692 0.967174 0.110793 0.502169 0.289787 -0.176284 0.940717 -0.020462 0.000000 0.000000 0.000000 1.000000
0.929850 -0.186097 -0.317408 -0.049817 0.225819 0.969721 0.092989 0.502854 0.290492 -0.158143 0.943719 -0.024352 0.000000 0.000000 0.000000 1.000000
0.929381 -0.184394 -0.319766 -0.047885 0.219667 0.972478 0.077667 0.504388 0.296644 -0.142425 0.944308 -0.027551 0.000000 0.000000 0.000000 1.000000
0.925518 -0.181719 -0.332256 -0.045612 0.211844 0.975670 0.056485 0.506635 0.313907 -0.122664 0.941496 -0.030212 0.000000 0.000000 0.000000 1.000000
0.917984 -0.181721 -0.352539 -0.043633 0.203339 0.978791 0.024948 0.509374 0.340528 -0.094587 0.935465 -0.032384 0.000000 0.000000 0.000000 1.000000
0.910179 -0.183665 -0.371270 -0.041901 0.193176 0.981094 -0.011764 0.512187 0.366411 -0.061013 0.928450 -0.033941 0.000000 0.000000 0.000000 1.000000
0.905592 -0.184152 -0.382088 -0.039924 0.180753 0.982493 -0.045118 0.514523 0.383708 -0.028205 0.923024 -0.034730 0.000000 0.000000 0.000000 1.000000
0.904200 -0.181491 -0.386630 -0.037533 0.167387 0.983392 -0.070159 0.516153 0.392942 -0.001279 0.919562 -0.034754 0.000000 0.000000 0.000000 1.000000
0.903756 -0.176832 -0.389815 -0.034923 0.154232 0.984035 -0.088813 0.517296 0.399297 0.020144 0.916600 -0.034075 0.000000 0.000000 0.000000 1.000000
0.902927 -0.172176 -0.393799 -0.032268 0.141113 0.984220 -0.106766 0.518201 0.405967 0.040832 0.912975 -0.032739 0.000000 0.000000 0.000000 1.000000
0.902466 -0.168293 -0.396525 -0.029575 0.127840 0.983689 -0.126542 0.518855 0.411353 0.063508 0.909261 -0.030857 0.000000 0.000000 0.000000 1.000000
0.903789 -0.164379 -0.395153 -0.026850 0.115103 0.982639 -0.145504 0.519256 0.412211 0.086022 0.907019 -0.028576 0.000000 0.000000 0.000000 1.000000
0.906896 -0.159085 -0.390169 -0.024132 0.103544 0.981735 -0.159610 0.519568 0.408434 0.104350 0.906804 -0.025961 0.000000 0.000000 0.000000 1.000000
0.910335 -0.152069 -0.384923 -0.021307 0.093029 0.981436 -0.167719 0.520019 0.403282 0.116871 0.907582 -0.023052 0.000000 0.000000 0.000000 1.000000
0.913020 -0.144105 -0.381612 -0.018254 0.082835 0.981527 -0.172460 0.520751 0.399415 0.125849 0.908091 -0.019971 0.000000 0.000000 0.000000 1.000000
0.915309 -0.135962 -0.379109 -0.015274 0.071968 0.981360 -0.178191 0.521578 0.396270 0.135816 0.908033 -0.016813 0.000000 0.000000 0.000000 1.000000
0.917960 -0.127681 -0.375562 -0.012846 0.059708 0.980469 -0.187392 0.522136 0.392153 0.149594 0.907655 -0.013551 0.000000 0.000000 0.000000 1.000000
0.920693 -0.119275 -0.371615 -0.010914 0.046736 0.978999 -0.198435 0.522393 0.387479 0.165330 0.906932 -0.010191 0.000000 0.000000 0.000000 1.000000
0.922711 -0.111880 -0.368901 -0.008998 0.035200 0.977413 -0.208385 0.522590 0.383883 0.179294 0.905808 -0.006885 0.000000 0.000000 0.000000 1.000000
0.924200 -0.106624 -0.366724 -0.006845 0.026309 0.975731 -0.217387 0.522808 0.381003 0.191261 0.904575 -0.003741 0.000000 0.000000 0.000000 1.000000
0.925883 -0.102980 -0.363504 -0.004596 0.019304 0.973774 -0.226698 0.522988 0.377316 0.202879 0.903589 -0.000772 0.000000 0.000000 0.000000 1.000000
0.927545 -0.099692 -0.360168 -0.002503 0.013107 0.971847 -0.235247 0.523148 0.373480 0.213482 0.902739 0.001921 0.000000 0.000000 0.000000 1.000000
0.928409 -0.096570 -0.358791 -0.000704 0.007406 0.970252 -0.241983 0.523355 0.371486 0.222002 0.901506 0.004216 0.000000 0.000000 0.000000 1.000000
0.928425 -0.093812 -0.359480 0.000754 0.001997 0.968841 -0.247676 0.523652 0.371514 0.229231 0.899684 0.006111 0.000000 0.000000 0.000000 1.000000
0.928244 -0.090950 -0.360681 0.001846 -0.003384 0.967542 -0.252689 0.524044 0.371956 0.235777 0.897807 0.007635 0.000000 0.000000 0.000000 1.000000
0.928349 -0.087349 -0.361300 0.002598 -0.008717 0.966614 -0.256089 0.524392 0.371607 0.240890 0.896594 0.008792 0.000000 0.000000 0.000000 1.000000
0.928620 -0.083051 -0.361618 0.003060 -0.013874 0.966173 -0.257522 0.524520 0.370773 0.244157 0.896055 0.009616 0.000000 0.000000 0.000000 1.000000
0.928729 -0.078765 -0.362296 0.003222 -0.018629 0.966026 -0.257774 0.524470 0.370291 0.246151 0.895709 0.010113 0.000000 0.000000 0.000000 1.000000
0.928778 -0.074599 -0.363051 0.002959 -0.022711 0.966240 -0.256642 0.524579 0.369940 0.246609 0.895728 0.010147 0.000000 0.000000 0.000000 1.000000
0.929389 -0.069445 -0.362511 0.002326 -0.026574 0.967003 -0.253375 0.525017 0.368144 0.245117 0.896877 0.009763 0.000000 0.000000 0.000000 1.000000
0.930594 -0.063034 -0.360584 0.001403 -0.030352 0.968382 -0.247617 0.525769 0.364791 0.241375 0.899258 0.009005 0.000000 0.000000 0.000000 1.000000
0.931978 -0.055601 -0.358227 0.000364 -0.034174 0.970292 -0.239510 0.526734 0.360902 0.235460 0.902390 0.008008 0.000000 0.000000 0.000000 1.000000
0.932842 -0.048070 -0.357065 -0.000560 -0.038043 0.972376 -0.230297 0.527748 0.358272 0.228415 0.905245 0.007006 0.000000 0.000000 0.000000 1.000000
0.932936 -0.041008 -0.357700 -0.001285 -0.041939 0.974352 -0.221086 0.528710 0.357592 0.221260 0.907288 0.006131 0.000000 0.000000 0.000000 1.000000
0.932490 -0.034348 -0.359559 -0.001842 -0.045837 0.976167 -0.212126 0.529612 0.358276 0.214286 0.908691 0.005387 0.000000 0.000000 0.000000 1.000000</float_array><technique_common><accessor source="#mixamorig_Hips-Matrix-animation-output-transform-array" count="61" stride="16"><param type="float4x4"/></accessor></technique_common></source><source id="mixamorig_Hips-Interpolations"><Name_array id="mixamorig_Hips-Interpolations-array" count="61">
 LINEAR LINEAR LINEAR LINEAR LINEAR LINEAR LINEAR LINEAR LINEAR LINEAR LINEAR
LINEAR LINEAR LINEAR LINEAR LINEAR LINEAR LINEAR LINEAR LINEAR LINEAR LINEAR LINEAR
LINEAR LINEAR LINEAR LINEAR LINEAR LINEAR LINEAR LINEAR LINEAR LINEAR LINEAR LINEAR
LINEAR LINEAR LINEAR LINEAR LINEAR LINEAR LINEAR LINEAR LINEAR LINEAR LINEAR LINEAR
LINEAR LINEAR LINEAR LINEAR LINEAR LINEAR LINEAR LINEAR LINEAR LINEAR LINEAR LINEAR
LINEAR LINEAR</Name_array><technique_common><accessor source="#mixamorig_Hips-Interpolations-array" count="61"><param type="name"/></accessor></technique_common></source><sampler id="mixamorig_Hips-Matrix-animation-transform"><input semantic="INPUT" source="#mixamorig_Hips-Matrix-animation-input"/><input semantic="OUTPUT" source="#mixamorig_Hips-Matrix-animation-output-transform"/><input semantic="INTERPOLATION" source="#mixamorig_Hips-Interpolations"/></sampler><channel source="#mixamorig_Hips-Matrix-animation-transform" target="mixamorig_Hips/matrix"/></animation>
    <animation id="mixamorig_Spine-anim" name="mixamorig_Spine"><source id="mixamorig_Spine-Matrix-animation-input"><float_array id="mixamorig_Spine-Matrix-animation-input-array" count="61">

0.000000 0.033333 0.066667 0.100000 0.133333 0.166667 0.200000 0.233333 0.266667 0.300000 0.333333 0.366667 0.400000 0.433333 0.466667 0.500000
0.533333 0.566667 0.600000 0.633333 0.666667 0.700000 0.733333 0.766667 0.800000 0.833333 0.866667 0.900000 0.933333 0.966667 1.000000 1.033333
1.066667 1.100000 1.133333 1.166667 1.200000 1.233333 1.266667 1.300000 1.333333 1.366667 1.400000 1.433333 1.466667 1.500000 1.533333 1.566667
1.600000 1.633333 1.666667 1.700000 1.733333 1.766667 1.800000 1.833333 1.866667 1.900000 1.933333 1.966667 2.000000</float_array><technique_common><accessor source="#mixamorig_Spine-Matrix-animation-input-array" count="61"><param name="TIME" type="float"/></accessor></technique_common></source><source id="mixamorig_Spine-Matrix-animation-output-transform"><float_array id="mixamorig_Spine-Matrix-animation-output-transform-array" count="976">

0.999489 0.030775 0.008645 -0.000000 -0.027920 0.972139 -0.232735 0.090600 -0.015566 0.232375 0.972502 0.005100 0.000000 0.000000 0.000000 1.000000
0.999484 0.031139 0.007905 0.000000 -0.028432 0.971902 -0.233663 0.090600 -0.014959 0.233317 0.972286 0.005100 0.000000 0.000000 0.000000 1.000000
0.999520 0.030262 0.006677 0.000000 -0.027871 0.972015 -0.233258 0.090600 -0.013549 0.232960 0.972392 0.005100 0.000000 0.000000 0.000000 1.000000
0.999594 0.028112 0.004561 0.000000 -0.026285 0.972321 -0.232168 0.090600 -0.010961 0.231954 0.972665 0.005100 0.000000 0.000000 0.000000 1.000000
0.999681 0.025215 0.001114 -0.000000 -0.024272 0.972544 -0.231451 0.090600 -0.006919 0.231351 0.972846 0.005100 0.000000 0.000000 0.000000 1.000000
0.999723 0.023224 -0.003879 0.000000 -0.023489 0.972344 -0.232368 0.090600 -0.001625 0.232395 0.972620 0.005100 0.000000 0.000000 0.000000 1.000000
0.999671 0.023582 -0.010121 0.000000 -0.025299 0.971717 -0.234788 0.090600 0.004298 0.234967 0.971994 0.005100 0.000000 0.000000 0.000000 1.000000
0.999524 0.025990 -0.016610 0.000000 -0.029177 0.971351 -0.235851 0.090600 0.010004 0.236223 0.971647 0.005100 0.000000 0.000000 0.000000 1.000000
0.999400 0.027212 -0.021410 0.000000 -0.031426 0.972468 -0.230908 0.090600 0.014537 0.231442 0.972740 0.005100 0.000000 0.000000 0.000000 1.000000
0.999504 0.022586 -0.021958 0.000000 -0.026807 0.975948 -0.216349 0.090600 0.016543 0.216831 0.976069 0.005100 0.000000 0.000000 0.000000 1.000000
0.999820 0.009324 -0.016553 -0.000000 -0.012332 0.981292 -0.192128 0.090600 0.014452 0.192297 0.981230 0.005100 0.000000 0.000000 0.000000 1.000000
0.999928 -0.010596 -0.005563 0.000000 0.009557 0.986789 -0.161729 0.090600 0.007203 0.161664 0.986819 0.005100 0.000000 0.000000 0.000000 1.000000
0.999414 -0.032931 0.009348 -0.000000 0.033867 0.990954 -0.129861 0.090600 -0.004987 0.130101 0.991488 0.005100 0.000000 0.000000 0.000000 1.000000
0.998252 -0.053152 0.025830 0.000000 0.055491 0.993403 -0.100358 0.090600 -0.020326 0.101616 0.994616 0.005100 0.000000 0.000000 0.000000 1.000000
0.996776 -0.068760 0.041336 0.000000 0.071758 0.994520 -0.076033 0.090600 -0.035881 0.078754 0.996248 0.005100 0.000000 0.000000 0.000000 1.000000
0.995427 -0.079365 0.053158 0.000000 0.082465 0.994851 -0.058908 0.090600 -0.048210 0.063022 0.996847 0.005100 0.000000 0.000000 0.000000 1.000000
0.994546 -0.086128 0.058824 0.000000 0.089068 0.994803 -0.049338 0.090600 -0.054269 0.054308 0.997048 0.005100 0.000000 0.000000 0.000000 1.000000
0.994233 -0.090520 0.057511 0.000000 0.093186 0.994609 -0.045497 0.090600 -0.053082 0.050594 0.997308 0.005100 0.000000 0.000000 0.000000 1.000000
0.994251 -0.094090 0.051100 0.000000 0.096390 0.994344 -0.044590 0.090600 -0.046615 0.049259 0.997698 0.005100 0.000000 0.000000 0.000000 1.000000
0.994258 -0.097737 0.043580 -0.000000 0.099679 0.994008 -0.044866 0.090600 -0.038934 0.048953 0.998042 0.005100 0.000000 0.000000 0.000000 1.000000
0.994043 -0.101909 0.038643 0.000000 0.103659 0.993531 -0.046375 0.090600 -0.033667 0.050104 0.998176 0.005100 0.000000 0.000000 0.000000 1.000000
0.993578 -0.106735 0.037542 0.000000 0.108546 0.992831 -0.050042 0.090600 -0.031932 0.053795 0.998041 0.005100 0.000000 0.000000 0.000000 1.000000
0.992925 -0.112239 0.038761 0.000000 0.114317 0.991845 -0.056349 0.090600 -0.032120 0.060381 0.997658 0.005100 0.000000 0.000000 0.000000 1.000000
0.992185 -0.118353 0.039517 -0.000000 0.120746 0.990556 -0.064949 0.090600 -0.031457 0.069213 0.997106 0.005100 0.000000 0.000000 0.000000 1.000000
0.991461 -0.124813 0.037782 0.000000 0.127370 0.988996 -0.075256 0.090600 -0.027974 0.079426 0.996448 0.005100 0.000000 0.000000 0.000000 1.000000
0.990789 -0.131202 0.033504 0.000000 0.133671 0.987189 -0.087123 0.090600 -0.021644 0.090799 0.995634 0.005100 0.000000 0.000000 0.000000 1.000000
0.990152 -0.137052 0.028555 0.000000 0.139262 0.985113 -0.100793 0.090600 -0.014316 0.103777 0.994498 0.005100 0.000000 0.000000 0.000000 1.000000
0.989551 -0.141881 0.025665 0.000000 0.143917 0.982756 -0.116100 0.090600 -0.008750 0.118580 0.992906 0.005100 0.000000 0.000000 0.000000 1.000000
0.989037 -0.145190 0.026937 0.000000 0.147489 0.980246 -0.131779 0.090600 -0.007272 0.134307 0.990913 0.005100 0.000000 0.000000 0.000000 1.000000
0.988664 -0.146576 0.032556 -0.000000 0.149782 0.977916 -0.145758 0.090600 -0.010472 0.148982 0.988785 0.005100 0.000000 0.000000 0.000000 1.000000
0.988459 -0.145993 0.040426 0.000000 0.150572 0.976147 -0.156412 0.090600 -0.016626 0.160694 0.986864 0.005100 0.000000 0.000000 0.000000 1.000000
0.988457 -0.143915 0.047337 0.000000 0.149806 0.975063 -0.163736 0.090600 -0.022592 0.168937 0.985368 0.005100 0.000000 0.000000 0.000000 1.000000
0.988685 -0.141073 0.050997 -0.000000 0.147770 0.974429 -0.169268 0.090600 -0.025814 0.174888 0.984250 0.005100 0.000000 0.000000 0.000000 1.000000
0.989124 -0.137882 0.051218 -0.000000 0.144809 0.973910 -0.174730 0.090600 -0.025789 0.180246 0.983283 0.005100 0.000000 0.000000 0.000000 1.000000
0.989734 -0.134132 0.049352 0.000000 0.140927 0.973385 -0.180721 0.090600 -0.023798 0.185821 0.982295 0.005100 0.000000 0.000000 0.000000 1.000000
0.990494 -0.129332 0.046845 0.000000 0.135873 0.972987 -0.186640 0.090600 -0.021441 0.191231 0.981311 0.005100 0.000000 0.000000 0.000000 1.000000
0.991390 -0.123216 0.044306 0.000000 0.129482 0.972872 -0.191715 0.090600 -0.019482 0.195801 0.980450 0.005100 0.000000 0.000000 0.000000 1.000000
0.992369 -0.116026 0.041726 -0.000000 0.122000 0.972997 -0.195943 0.090600 -0.017865 0.199538 0.979727 0.005100 0.000000 0.000000 0.000000 1.000000
0.993338 -0.108383 0.039149 -0.000000 0.114062 0.973126 -0.200038 0.090600 -0.016417 0.203171 0.979006 0.005100 0.000000 0.000000 0.000000 1.000000
0.994207 -0.100928 0.036957 -0.000000 0.106385 0.973048 -0.204599 0.090600 -0.015311 0.207345 0.978148 0.005100 0.000000 0.000000 0.000000 1.000000
0.994945 -0.093912 0.035572 0.000000 0.099307 0.972761 -0.209461 0.090600 -0.014932 0.211935 0.977170 0.005100 0.000000 0.000000 0.000000 1.000000
0.995595 -0.086962 0.035044 -0.000000 0.092471 0.972475 -0.213872 0.090600 -0.015481 0.216170 0.976233 0.005100 0.000000 0.000000 0.000000 1.000000
0.996241 -0.079275 0.034927 0.000000 0.084995 0.972415 -0.217222 0.090600 -0.016743 0.219374 0.975497 0.005100 0.000000 0.000000 0.000000 1.000000
0.996932 -0.070226 0.034558 0.000000 0.076124 0.972635 -0.219512 0.090600 -0.018197 0.221469 0.974998 0.005100 0.000000 0.000000 0.000000 1.000000
0.997639 -0.059937 0.033516 0.000000 0.065887 0.973013 -0.221143 0.090600 -0.019357 0.222829 0.974665 0.005100 0.000000 0.000000 0.000000 1.000000
0.998279 -0.049222 0.031862 -0.000000 0.055095 0.973391 -0.222429 0.090600 -0.020066 0.223802 0.974428 0.005100 0.000000 0.000000 0.000000 1.000000
0.998789 -0.038995 0.029990 0.000000 0.044724 0.973697 -0.223414 0.090600 -0.020489 0.224485 0.974262 0.005100 0.000000 0.000000 0.000000 1.000000
0.999159 -0.029720 0.028234 -0.000000 0.035302 0.973930 -0.224085 0.090600 -0.020838 0.224894 0.974160 0.005100 0.000000 0.000000 0.000000 1.000000
0.999420 -0.021293 0.026594 -0.000000 0.026729 0.974091 -0.224571 0.090600 -0.021123 0.225151 0.974095 0.005100 0.000000 0.000000 0.000000 1.000000
0.999604 -0.013260 0.024827 -0.000000 0.018512 0.974170 -0.225058 0.090600 -0.021201 0.225428 0.974029 0.005100 0.000000 0.000000 0.000000 1.000000
0.999726 -0.005169 0.022835 0.000000 0.010190 0.974161 -0.225627 0.090600 -0.021078 0.225798 0.973946 0.005100 0.000000 0.000000 0.000000 1.000000
0.999777 0.003116 0.020899 -0.000000 0.001694 0.974065 -0.226264 0.090600 -0.021062 0.226249 0.973842 0.005100 0.000000 0.000000 0.000000 1.000000
0.999748 0.011295 0.019421 -0.000000 -0.006594 0.973881 -0.226962 0.090600 -0.021478 0.226776 0.973710 0.005100 0.000000 0.000000 0.000000 1.000000
0.999654 0.018753 0.018455 -0.000000 -0.014061 0.973623 -0.227727 0.090600 -0.022239 0.227389 0.973550 0.005100 0.000000 0.000000 0.000000 1.000000
0.999539 0.024731 0.017632 0.000000 -0.020052 0.973333 -0.228519 0.090600 -0.022813 0.228060 0.973380 0.005100 0.000000 0.000000 0.000000 1.000000
0.999451 0.028778 0.016440 0.000000 -0.024247 0.973062 -0.229266 0.090600 -0.022595 0.228741 0.973225 0.005100 0.000000 0.000000 0.000000 1.000000
0.999414 0.030917 0.014684 -0.000000 -0.026716 0.972839 -0.229935 0.090600 -0.021394 0.229408 0.973095 0.005100 0.000000 0.000000 0.000000 1.000000
0.999422 0.031553 0.012663 0.000000 -0.027787 0.972662 -0.230558 0.090600 -0.019592 0.230073 0.972976 0.005100 0.000000 0.000000 0.000000 1.000000
0.999449 0.031371 0.010817 -0.000000 -0.028023 0.972501 -0.231208 0.090600 -0.017773 0.230778 0.972844 0.005100 0.000000 0.000000 0.000000 1.000000
0.999476 0.030980 0.009424 0.000000 -0.027952 0.972331 -0.231929 0.090600 -0.016348 0.231544 0.972687 0.005100 0.000000 0.000000 0.000000 1.000000
0.999489 0.030775 0.008645 -0.000000 -0.027920 0.972139 -0.232735 0.090600 -0.015566 0.232375 0.972502 0.005100 0.000000 0.000000 0.000000 1.000000</float_array><technique_common><accessor source="#mixamorig_Spine-Matrix-animation-output-transform-array" count="61" stride="16"><param type="float4x4"/></accessor></technique_common></source><source id="mixamorig_Spine-Interpolations"><Name_array id="mixamorig_Spine-Interpolations-array" count="61">
 LINEAR LINEAR LINEAR LINEAR LINEAR LINEAR LINEAR LINEAR LINEAR LINEAR LINEAR
LINEAR LINEAR LINEAR LINEAR LINEAR LINEAR LINEAR LINEAR LINEAR LINEAR LINEAR LINEAR
LINEAR LINEAR LINEAR LINEAR LINEAR LINEAR LINEAR LINEAR LINEAR LINEAR LINEAR LINEAR
LINEAR LINEAR LINEAR LINEAR LINEAR LINEAR LINEAR LINEAR LINEAR LINEAR LINEAR LINEAR
LINEAR LINEAR LINEAR LINEAR LINEAR LINEAR LINEAR LINEAR LINEAR LINEAR LINEAR LINEAR
LINEAR LINEAR</Name_array><technique_common><accessor source="#mixamorig_Spine-Interpolations-array" count="61"><param type="name"/></accessor></technique_common></source><sampler id="mixamorig_Spine-Matrix-animation-transform"><input semantic="INPUT" source="#mixamorig_Spine-Matrix-animation-input"/><input semantic="OUTPUT" source="#mixamorig_Spine-Matrix-animation-output-transform"/><input semantic="INTERPOLATION" source="#mixamorig_Spine-Interpolations"/></sampler><channel source="#mixamorig_Spine-Matrix-animation-transform" target="mixamorig_Spine/matrix"/></animation>
    <animation id="mixamorig_Spine1-anim" name="mixamorig_Spine1"><source id="mixamorig_Spine1-Matrix-animation-input"><float_array id="mixamorig_Spine1-Matrix-animation-input-array" count="61">

0.000000 0.033333 0.066667 0.100000 0.133333 0.166667 0.200000 0.233333 0.266667 0.300000 0.333333 0.366667 0.400000 0.433333 0.466667 0.500000
0.533333 0.566667 0.600000 0.633333 0.666667 0.700000 0.733333 0.766667 0.800000 0.833333 0.866667 0.900000 0.933333 0.966667 1.000000 1.033333
1.066667 1.100000 1.133333 1.166667 1.200000 1.233333 1.266667 1.300000 1.333333 1.366667 1.400000 1.433333 1.466667 1.500000 1.533333 1.566667
1.600000 1.633333 1.666667 1.700000 1.733333 1.766667 1.800000 1.833333 1.866667 1.900000 1.933333 1.966667 2.000000</float_array><technique_common><accessor source="#mixamorig_Spine1-Matrix-animation-input-array" count="61"><param name="TIME" type="float"/></accessor></technique_common></source><source id="mixamorig_Spine1-Matrix-animation-output-transform"><float_array id="mixamorig_Spine1-Matrix-animation-output-transform-array" count="976">

0.999633 0.026570 0.005256 0.000000 -0.025670 0.991307 -0.129037 0.105900 -0.008639 0.128855 0.991626 0.000000 0.000000 0.000000 0.000000 1.000000
0.999640 0.026359 0.004961 0.000000 -0.025499 0.991316 -0.129004 0.105900 -0.008318 0.128831 0.991632 0.000000 0.000000 0.000000 0.000000 1.000000
0.999671 0.025300 0.004274 0.000000 -0.024544 0.991447 -0.128184 0.105900 -0.007480 0.128037 0.991741 -0.000000 0.000000 0.000000 0.000000 1.000000
0.999721 0.023443 0.002844 -0.000000 -0.022891 0.991614 -0.127193 0.105900 -0.005802 0.127093 0.991874 0.000000 0.000000 0.000000 0.000000 1.000000
0.999774 0.021234 0.000283 0.000000 -0.021027 0.991703 -0.126819 0.105900 -0.002974 0.126784 0.991926 0.000000 0.000000 0.000000 0.000000 1.000000
0.999797 0.019807 -0.003594 -0.000000 -0.020104 0.991619 -0.127626 0.105900 0.001036 0.127672 0.991816 0.000000 0.000000 0.000000 0.000000 1.000000
0.999759 0.020177 -0.008599 0.000000 -0.021118 0.991432 -0.128908 0.105900 0.005924 0.129059 0.991619 -0.000000 0.000000 0.000000 0.000000 1.000000
0.999658 0.022116 -0.013954 0.000000 -0.023724 0.991465 -0.128193 0.105900 0.010999 0.128481 0.991651 -0.000000 0.000000 0.000000 0.000000 1.000000
0.999559 0.023587 -0.018065 0.000000 -0.025627 0.992132 -0.122549 0.105900 0.015033 0.122958 0.992298 0.000000 0.000000 0.000000 0.000000 1.000000
0.999586 0.021818 -0.018755 0.000000 -0.023763 0.993575 -0.110654 0.105900 0.016220 0.111054 0.993682 0.000000 0.000000 0.000000 0.000000 1.000000
0.999784 0.015134 -0.014267 0.000000 -0.016406 0.995458 -0.093779 0.105900 0.012783 0.093992 0.995491 0.000000 0.000000 0.000000 0.000000 1.000000
0.999982 0.004106 -0.004406 0.000000 -0.004424 0.997206 -0.074574 0.105900 0.004088 0.074592 0.997206 -0.000000 0.000000 0.000000 0.000000 1.000000
0.999917 -0.008889 0.009290 0.000000 0.009387 0.998441 -0.055016 0.105900 -0.008787 0.055099 0.998442 -0.000000 0.000000 0.000000 0.000000 1.000000
0.999478 -0.021179 0.024379 0.000000 0.022051 0.999107 -0.036042 0.105900 -0.023594 0.036561 0.999053 0.000000 0.000000 0.000000 0.000000 1.000000
0.998781 -0.031160 0.038295 -0.000000 0.031905 0.999311 -0.018985 0.105900 -0.037677 0.020183 0.999086 0.000000 0.000000 0.000000 0.000000 1.000000
0.998074 -0.038528 0.048612 0.000000 0.038867 0.999226 -0.006030 0.105900 -0.048342 0.007907 0.998800 0.000000 0.000000 0.000000 0.000000 1.000000
0.997611 -0.043774 0.053435 -0.000000 0.043761 0.999041 0.001419 0.105900 -0.053446 0.000923 0.998570 -0.000000 0.000000 0.000000 0.000000 1.000000
0.997499 -0.047508 0.052328 0.000000 0.047358 0.998870 0.004110 0.105900 -0.052464 -0.001622 0.998621 0.000000 0.000000 0.000000 0.000000 1.000000
0.997632 -0.050191 0.047015 0.000000 0.050051 0.998738 0.004166 0.105900 -0.047164 -0.001803 0.998886 -0.000000 0.000000 0.000000 0.000000 1.000000
0.997803 -0.052246 0.040739 0.000000 0.052159 0.998634 0.003188 0.105900 -0.040850 -0.001056 0.999165 0.000000 0.000000 0.000000 0.000000 1.000000
0.997866 -0.054209 0.036408 0.000000 0.054197 0.998529 0.001330 0.105900 -0.036427 0.000646 0.999336 0.000000 0.000000 0.000000 0.000000 1.000000
0.997783 -0.056662 0.034910 0.000000 0.056769 0.998385 -0.002060 0.105900 -0.034737 0.004037 0.999388 0.000000 0.000000 0.000000 0.000000 1.000000
0.997589 -0.059966 0.034928 0.000000 0.060258 0.998156 -0.007357 0.105900 -0.034422 0.009444 0.999363 0.000000 0.000000 0.000000 0.000000 1.000000
0.997359 -0.064050 0.034239 -0.000000 0.064569 0.997811 -0.014293 0.105900 -0.033248 0.016466 0.999311 0.000000 0.000000 0.000000 0.000000 1.000000
0.997159 -0.068487 0.031350 0.000000 0.069206 0.997350 -0.022432 0.105900 -0.029731 0.024537 0.999257 0.000000 0.000000 0.000000 0.000000 1.000000
0.996994 -0.072838 0.026412 0.000000 0.073662 0.996779 -0.031712 0.105900 -0.024017 0.033562 0.999148 0.000000 0.000000 0.000000 0.000000 1.000000
0.996814 -0.076927 0.021073 0.000000 0.077766 0.996070 -0.042388 0.105900 -0.017730 0.043892 0.998879 -0.000000 0.000000 0.000000 0.000000 1.000000
0.996577 -0.080784 0.017566 0.000000 0.081628 0.995180 -0.054349 0.105900 -0.013091 0.055597 0.998367 0.000000 0.000000 0.000000 0.000000 1.000000
0.996285 -0.084328 0.017478 0.000000 0.085313 0.994130 -0.066543 0.105900 -0.011764 0.067787 0.997630 0.000000 0.000000 0.000000 0.000000 1.000000
0.995973 -0.087210 0.020800 0.000000 0.088569 0.993071 -0.077242 0.105900 -0.013920 0.078773 0.996795 0.000000 0.000000 0.000000 0.000000 1.000000
0.995695 -0.089013 0.025831 -0.000000 0.090910 0.992214 -0.085123 0.105900 -0.018053 0.087105 0.996036 0.000000 0.000000 0.000000 0.000000 1.000000
0.995524 -0.089564 0.030171 -0.000000 0.091952 0.991665 -0.090252 0.105900 -0.021836 0.092623 0.995462 0.000000 0.000000 0.000000 0.000000 1.000000
0.995515 -0.088968 0.032161 0.000000 0.091632 0.991348 -0.093979 0.105900 -0.023522 0.096505 0.995055 0.000000 0.000000 0.000000 0.000000 1.000000
0.995671 -0.087382 0.031671 0.000000 0.090092 0.991126 -0.097738 0.105900 -0.022850 0.100168 0.994708 -0.000000 0.000000 0.000000 0.000000 1.000000
0.995952 -0.084841 0.029694 -0.000000 0.087453 0.990938 -0.101946 0.105900 -0.020776 0.104130 0.994347 0.000000 0.000000 0.000000 0.000000 1.000000
0.996311 -0.081351 0.027315 0.000000 0.083810 0.990827 -0.106004 0.105900 -0.018441 0.107903 0.993990 0.000000 0.000000 0.000000 0.000000 1.000000
0.996714 -0.077037 0.025050 0.000000 0.079329 0.990843 -0.109254 0.105900 -0.016404 0.110882 0.993698 -0.000000 0.000000 0.000000 0.000000 1.000000
0.997129 -0.072162 0.022943 0.000000 0.074287 0.990951 -0.111791 0.105900 -0.014669 0.113174 0.993467 -0.000000 0.000000 0.000000 0.000000 1.000000
0.997529 -0.067038 0.021005 0.000000 0.069010 0.991040 -0.114356 0.105900 -0.013151 0.115523 0.993218 0.000000 0.000000 0.000000 0.000000 1.000000
0.997892 -0.061920 0.019429 0.000000 0.063782 0.991018 -0.117537 0.105900 -0.011977 0.118528 0.992878 -0.000000 0.000000 0.000000 0.000000 1.000000
0.998208 -0.056920 0.018465 0.000000 0.058744 0.990895 -0.121143 0.105900 -0.011401 0.122011 0.992463 0.000000 0.000000 0.000000 0.000000 1.000000
0.998486 -0.051920 0.018182 0.000000 0.053784 0.990775 -0.124389 0.105900 -0.011556 0.125178 0.992067 -0.000000 0.000000 0.000000 0.000000 1.000000
0.998745 -0.046599 0.018361 0.000000 0.048554 0.990765 -0.126601 0.105900 -0.012292 0.127333 0.991784 -0.000000 0.000000 0.000000 0.000000 1.000000
0.999000 -0.040659 0.018588 0.000000 0.042706 0.990891 -0.127713 0.105900 -0.013226 0.128379 0.991637 0.000000 0.000000 0.000000 0.000000 1.000000
0.999247 -0.034104 0.018497 0.000000 0.036198 0.991097 -0.128127 0.105900 -0.013962 0.128701 0.991585 0.000000 0.000000 0.000000 0.000000 1.000000
0.999466 -0.027273 0.017976 0.000000 0.029357 0.991307 -0.128252 0.105900 -0.014322 0.128712 0.991579 0.000000 0.000000 0.000000 0.000000 1.000000
0.999640 -0.020598 0.017176 0.000000 0.022634 0.991483 -0.128257 0.105900 -0.014387 0.128600 0.991592 0.000000 0.000000 0.000000 0.000000 1.000000
0.999765 -0.014327 0.016297 -0.000000 0.016300 0.991617 -0.128182 0.105900 -0.014324 0.128417 0.991617 0.000000 0.000000 0.000000 0.000000 1.000000
0.999846 -0.008460 0.015391 -0.000000 0.010363 0.991707 -0.128103 0.105900 -0.014180 0.128242 0.991641 0.000000 0.000000 0.000000 0.000000 1.000000
0.999892 -0.002867 0.014400 0.000000 0.004688 0.991747 -0.128128 0.105900 -0.013914 0.128182 0.991653 -0.000000 0.000000 0.000000 0.000000 1.000000
0.999907 0.002582 0.013375 -0.000000 -0.000845 0.991733 -0.128312 0.105900 -0.013595 0.128289 0.991644 0.000000 0.000000 0.000000 0.000000 1.000000
0.999890 0.007935 0.012550 -0.000000 -0.006255 0.991671 -0.128645 0.105900 -0.013466 0.128552 0.991611 -0.000000 0.000000 0.000000 0.000000 1.000000
0.999840 0.013110 0.012131 0.000000 -0.011436 0.991569 -0.129075 0.105900 -0.013721 0.128916 0.991561 0.000000 0.000000 0.000000 0.000000 1.000000
0.999768 0.017875 0.012014 0.000000 -0.016170 0.991446 -0.129509 0.105900 -0.014226 0.129285 0.991505 0.000000 0.000000 0.000000 0.000000 1.000000
0.999691 0.021898 0.011783 -0.000000 -0.020185 0.991333 -0.129815 0.105900 -0.014524 0.129537 0.991468 0.000000 0.000000 0.000000 0.000000 1.000000
0.999630 0.024885 0.011025 0.000000 -0.023244 0.991255 -0.129894 0.105900 -0.014161 0.129590 0.991467 0.000000 0.000000 0.000000 0.000000 1.000000
0.999597 0.026708 0.009669 0.000000 -0.025230 0.991226 -0.129747 0.105900 -0.013049 0.129451 0.991500 0.000000 0.000000 0.000000 0.000000 1.000000
0.999590 0.027471 0.008040 -0.000000 -0.026200 0.991236 -0.129477 0.105900 -0.011527 0.129213 0.991550 0.000000 0.000000 0.000000 0.000000 1.000000
0.999601 0.027473 0.006602 0.000000 -0.026390 0.991265 -0.129221 0.105900 -0.010094 0.128995 0.991594 0.000000 0.000000 0.000000 0.000000 1.000000
0.999618 0.027077 0.005628 -0.000000 -0.026125 0.991292 -0.129061 0.105900 -0.009073 0.128865 0.991621 -0.000000 0.000000 0.000000 0.000000 1.000000
0.999633 0.026570 0.005256 0.000000 -0.025670 0.991307 -0.129037 0.105900 -0.008639 0.128855 0.991626 0.000000 0.000000 0.000000 0.000000 1.000000</float_array><technique_common><accessor source="#mixamorig_Spine1-Matrix-animation-output-transform-array" count="61" stride="16"><param type="float4x4"/></accessor></technique_common></source><source id="mixamorig_Spine1-Interpolations"><Name_array id="mixamorig_Spine1-Interpolations-array" count="61">
 LINEAR LINEAR LINEAR LINEAR LINEAR LINEAR LINEAR LINEAR LINEAR LINEAR LINEAR
LINEAR LINEAR LINEAR LINEAR LINEAR LINEAR LINEAR LINEAR LINEAR LINEAR LINEAR LINEAR
LINEAR LINEAR LINEAR LINEAR LINEAR LINEAR LINEAR LINEAR LINEAR LINEAR LINEAR LINEAR
LINEAR LINEAR LINEAR LINEAR LINEAR LINEAR LINEAR LINEAR LINEAR LINEAR LINEAR LINEAR
LINEAR LINEAR LINEAR LINEAR LINEAR LINEAR LINEAR LINEAR LINEAR LINEAR LINEAR LINEAR
LINEAR LINEAR</Name_array><technique_common><accessor source="#mixamorig_Spine1-Interpolations-array" count="61"><param type="name"/></accessor></technique_common></source><sampler id="mixamorig_Spine1-Matrix-animation-transform"><input semantic="INPUT" source="#mixamorig_Spine1-Matrix-animation-input"/><input semantic="OUTPUT" source="#mixamorig_Spine1-Matrix-animation-output-transform"/><input semantic="INTERPOLATION" source="#mixamorig_Spine1-Interpolations"/></sampler><channel source="#mixamorig_Spine1-Matrix-animation-transform" target="mixamorig_Spine1/matrix"/></animation>
    <animation id="mixamorig_Spine2-anim" name="mixamorig_Spine2"><source id="mixamorig_Spine2-Matrix-animation-input"><float_array id="mixamorig_Spine2-Matrix-animation-input-array" count="61">

0.000000 0.033333 0.066667 0.100000 0.133333 0.166667 0.200000 0.233333 0.266667 0.300000 0.333333 0.366667 0.400000 0.433333 0.466667 0.500000
0.533333 0.566667 0.600000 0.633333 0.666667 0.700000 0.733333 0.766667 0.800000 0.833333 0.866667 0.900000 0.933333 0.966667 1.000000 1.033333
1.066667 1.100000 1.133333 1.166667 1.200000 1.233333 1.266667 1.300000 1.333333 1.366667 1.400000 1.433333 1.466667 1.500000 1.533333 1.566667
1.600000 1.633333 1.666667 1.700000 1.733333 1.766667 1.800000 1.833333 1.866667 1.900000 1.933333 1.966667 2.000000</float_array><technique_common><accessor source="#mixamorig_Spine2-Matrix-animation-input-array" count="61"><param name="TIME" type="float"/></accessor></technique_common></source><source id="mixamorig_Spine2-Matrix-animation-output-transform"><float_array id="mixamorig_Spine2-Matrix-animation-output-transform-array" count="976">

0.999606 0.027213 0.006854 0.000000 -0.026103 0.991319 -0.128858 0.121000 -0.010301 0.128628 0.991639 -0.000000 0.000000 0.000000 0.000000 1.000000
0.999615 0.026989 0.006485 -0.000000 -0.025929 0.991327 -0.128831 0.121000 -0.009905 0.128614 0.991645 0.000000 0.000000 0.000000 0.000000 1.000000
0.999647 0.025916 0.005801 -0.000000 -0.024961 0.991456 -0.128029 0.121000 -0.009069 0.127839 0.991753 -0.000000 0.000000 0.000000 0.000000 1.000000
0.999702 0.024023 0.004419 -0.000000 -0.023267 0.991621 -0.127071 0.121000 -0.007435 0.126931 0.991884 -0.000000 0.000000 0.000000 0.000000 1.000000
0.999762 0.021723 0.001879 0.000000 -0.021310 0.991706 -0.126750 0.121000 -0.004617 0.126680 0.991933 0.000000 0.000000 0.000000 0.000000 1.000000
0.999795 0.020117 -0.002116 -0.000000 -0.020223 0.991617 -0.127621 0.121000 -0.000470 0.127638 0.991821 0.000000 0.000000 0.000000 0.000000 1.000000
0.999768 0.020213 -0.007447 -0.000000 -0.021005 0.991426 -0.128971 0.121000 0.004776 0.129097 0.991620 -0.000000 0.000000 0.000000 0.000000 1.000000
0.999673 0.021833 -0.013275 -0.000000 -0.023357 0.991458 -0.128315 0.121000 0.010360 0.128583 0.991645 -0.000000 0.000000 0.000000 0.000000 1.000000
0.999576 0.023058 -0.017795 0.000000 -0.025071 0.992125 -0.122716 0.121000 0.014825 0.123110 0.992282 0.000000 0.000000 0.000000 0.000000 1.000000
0.999601 0.021239 -0.018609 0.000000 -0.023175 0.993568 -0.110837 0.121000 0.016135 0.111224 0.993664 -0.000000 0.000000 0.000000 0.000000 1.000000
0.999795 0.014734 -0.013909 0.000000 -0.015976 0.995451 -0.093924 0.121000 0.012462 0.094127 0.995482 -0.000000 0.000000 0.000000 0.000000 1.000000
0.999985 0.004004 -0.003683 -0.000000 -0.004267 0.997204 -0.074601 0.121000 0.003374 0.074615 0.997207 -0.000000 0.000000 0.000000 0.000000 1.000000
0.999909 -0.008758 0.010246 0.000000 0.009307 0.998451 -0.054845 0.121000 -0.009750 0.054935 0.998442 0.000000 0.000000 0.000000 0.000000 1.000000
0.999461 -0.020989 0.025260 0.000000 0.021882 0.999125 -0.035629 0.121000 -0.024490 0.036162 0.999046 -0.000000 0.000000 0.000000 0.000000 1.000000
0.998762 -0.031068 0.038845 0.000000 0.031799 0.999326 -0.018334 0.121000 -0.038249 0.019547 0.999077 0.000000 0.000000 0.000000 0.000000 1.000000
0.998064 -0.038598 0.048765 0.000000 0.038898 0.999230 -0.005201 0.121000 -0.048527 0.007088 0.998797 0.000000 0.000000 0.000000 0.000000 1.000000
0.997610 -0.043988 0.053285 -0.000000 0.043927 0.999032 0.002325 0.121000 -0.053336 0.000021 0.998577 0.000000 0.000000 0.000000 0.000000 1.000000
0.997501 -0.047811 0.052011 -0.000000 0.047616 0.998853 0.004982 0.121000 -0.052190 -0.002493 0.998634 0.000000 0.000000 0.000000 0.000000 1.000000
0.997634 -0.050533 0.046617 -0.000000 0.050358 0.998719 0.004918 0.121000 -0.046806 -0.002559 0.998901 0.000000 0.000000 0.000000 0.000000 1.000000
0.997802 -0.052599 0.040294 0.000000 0.052488 0.998614 0.003794 0.121000 -0.040438 -0.001671 0.999181 -0.000000 0.000000 0.000000 0.000000 1.000000
0.997863 -0.054566 0.035937 0.000000 0.054536 0.998510 0.001829 0.121000 -0.035984 0.000134 0.999352 0.000000 0.000000 0.000000 0.000000 1.000000
0.997778 -0.057025 0.034448 0.000000 0.057114 0.998366 -0.001603 0.121000 -0.034300 0.003567 0.999405 0.000000 0.000000 0.000000 0.000000 1.000000
0.997582 -0.060326 0.034514 -0.000000 0.060599 0.998138 -0.006900 0.121000 -0.034033 0.008974 0.999380 -0.000000 0.000000 0.000000 0.000000 1.000000
0.997349 -0.064388 0.033894 0.000000 0.064887 0.997797 -0.013846 0.121000 -0.032928 0.016009 0.999330 -0.000000 0.000000 0.000000 0.000000 1.000000
0.997148 -0.068777 0.031075 0.000000 0.069477 0.997340 -0.022045 0.121000 -0.029476 0.024141 0.999274 0.000000 0.000000 0.000000 0.000000 1.000000
0.996983 -0.073056 0.026214 -0.000000 0.073867 0.996773 -0.031430 0.121000 -0.023834 0.033272 0.999162 0.000000 0.000000 0.000000 0.000000 1.000000
0.996805 -0.077061 0.021006 0.000000 0.077894 0.996067 -0.042216 0.121000 -0.017670 0.043717 0.998888 -0.000000 0.000000 0.000000 0.000000 1.000000
0.996570 -0.080834 0.017725 0.000000 0.081686 0.995181 -0.054243 0.121000 -0.013255 0.055504 0.998370 -0.000000 0.000000 0.000000 0.000000 1.000000
0.996278 -0.084310 0.017949 -0.000000 0.085326 0.994136 -0.066432 0.121000 -0.012242 0.067717 0.997629 0.000000 0.000000 0.000000 0.000000 1.000000
