<?xml version="1.0" encoding="utf-8"?>
<COLLADA xmlns="http://www.collada.org/2005/11/COLLADASchema" version="1.4.1">
  <asset>
    <contributor>
      <authoring_tool>FBX COLLADA exporter</authoring_tool>
    </contributor>
    <created>2020-06-06T18:13:21Z</created>
    <modified>2020-06-06T18:13:21Z</modified>
    <unit meter="0.010000" name="centimeter"/>
    <up_axis>Y_UP</up_axis>
  </asset>
  <library_animations>
    <animation id="mixamorig_Hips-anim" name="mixamorig_Hips">
      <animation>
        <source id="mixamorig_Hips-Matrix-animation-input">
          <float_array id="mixamorig_Hips-Matrix-animation-input-array" count="66">

0.000000 0.033333 0.066667 0.100000 0.133333 0.166667 0.200000 0.233333 0.266667 0.300000 0.333333 0.366667 0.400000 0.433333 0.466667 0.500000
0.533333 0.566667 0.600000 0.633333 0.666667 0.700000 0.733333 0.766667 0.800000 0.833333 0.866667 0.900000 0.933333 0.966667 1.000000 1.033333
1.066667 1.100000 1.133333 1.166667 1.200000 1.233333 1.266667 1.300000 1.333333 1.366667 1.400000 1.433333 1.466667 1.500000 1.533333 1.566667
1.600000 1.633333 1.666667 1.700000 1.733333 1.766667 1.800000 1.833333 1.866667 1.900000 1.933333 1.966667 2.000000 2.033333 2.066667 2.100000
2.133333 2.166667</float_array>
          <technique_common>
            <accessor source="#mixamorig_Hips-Matrix-animation-input-array" count="66">
              <param name="TIME" type="float"/>
            </accessor>
          </technique_common>
        </source>
        <source id="mixamorig_Hips-Matrix-animation-output-transform">
          <float_array id="mixamorig_Hips-Matrix-animation-output-transform-array" count="1056">

0.939705 0.118269 0.320885 -0.047090 0.219602 0.510609 -0.831296 -0.410518 -0.262163 0.851640 0.453850 0.243235 0.000000 0.000000 0.000000 1.000000
0.939742 0.115811 0.321673 -0.047815 0.219704 0.516316 -0.827737 -0.410518 -0.261946 0.848531 0.459759 0.244206 0.000000 0.000000 0.000000 1.000000
0.940204 0.112651 0.321445 -0.047757 0.218860 0.523323 -0.823549 -0.410518 -0.260993 0.844656 0.467375 0.243975 0.000000 0.000000 0.000000 1.000000
0.941653 0.108803 0.318515 -0.047025 0.215855 0.530879 -0.819496 -0.410518 -0.258257 0.840434 0.476418 0.242738 0.000000 0.000000 0.000000 1.000000
0.944414 0.104325 0.311767 -0.045597 0.210154 0.537693 -0.816531 -0.410518 -0.252819 0.836662 0.485880 0.240542 0.000000 0.000000 0.000000 1.000000
0.948044 0.099367 0.302222 -0.043475 0.202907 0.542816 -0.814972 -0.410518 -0.245032 0.833953 0.494451 0.237248 0.000000 0.000000 0.000000 1.000000
0.951854 0.094071 0.291760 -0.040742 0.195864 0.545521 -0.814889 -0.410518 -0.235819 0.832801 0.500832 0.232734 0.000000 0.000000 0.000000 1.000000
0.955445 0.088371 0.281629 -0.037499 0.189789 0.546821 -0.815455 -0.413617 -0.226063 0.832573 0.505686 0.226610 0.000000 0.000000 0.000000 1.000000
0.958868 0.081150 0.272007 -0.033988 0.184912 0.548463 -0.815473 -0.416692 -0.215361 0.832228 0.510898 0.218397 0.000000 0.000000 0.000000 1.000000
0.962335 0.070821 0.262478 -0.030292 0.181310 0.552220 -0.813744 -0.419350 -0.202576 0.830685 0.518580 0.208059 0.000000 0.000000 0.000000 1.000000
0.965846 0.055841 0.253027 -0.026314 0.179997 0.557845 -0.810191 -0.421305 -0.186392 0.828064 0.528741 0.196008 0.000000 0.000000 0.000000 1.000000
0.969123 0.035624 0.243993 -0.021995 0.182307 0.562749 -0.806274 -0.422459 -0.166029 0.825860 0.538879 0.182950 0.000000 0.000000 0.000000 1.000000
0.971866 0.012245 0.235216 -0.017282 0.187266 0.565529 -0.803187 -0.422731 -0.142856 0.824638 0.547325 0.169849 0.000000 0.000000 0.000000 1.000000
0.974208 -0.010559 0.225403 -0.012434 0.191300 0.568430 -0.800182 -0.422075 -0.119677 0.822664 0.555789 0.157523 0.000000 0.000000 0.000000 1.000000
0.976742 -0.028882 0.212465 -0.007780 0.189997 0.575849 -0.795173 -0.420630 -0.099381 0.817046 0.567943 0.146496 0.000000 0.000000 0.000000 1.000000
0.980157 -0.040382 0.194067 -0.003645 0.180105 0.590346 -0.786800 -0.418469 -0.082794 0.806139 0.585905 0.136800 0.000000 0.000000 0.000000 1.000000
0.984204 -0.046814 0.170733 -0.000144 0.163562 0.609477 -0.775748 -0.415487 -0.067742 0.791420 0.607507 0.128329 0.000000 0.000000 0.000000 1.000000
0.988119 -0.051030 0.144969 0.002805 0.144454 0.630414 -0.762700 -0.411616 -0.052470 0.774580 0.630295 0.121034 0.000000 0.000000 0.000000 1.000000
0.991385 -0.054710 0.119009 0.005449 0.125710 0.652625 -0.747180 -0.406761 -0.036790 0.755703 0.653880 0.114875 0.000000 0.000000 0.000000 1.000000
0.993950 -0.057674 0.093468 0.007886 0.107769 0.676229 -0.728766 -0.401078 -0.021175 0.734430 0.678354 0.109751 0.000000 0.000000 0.000000 1.000000
0.995856 -0.059793 0.068522 0.010186 0.090764 0.700576 -0.707782 -0.394522 -0.005684 0.711068 0.703100 0.105417 0.000000 0.000000 0.000000 1.000000
0.997093 -0.062022 0.044252 0.012267 0.075468 0.724224 -0.685423 -0.386983 0.010463 0.686770 0.726799 0.101755 0.000000 0.000000 0.000000 1.000000
0.997662 -0.065270 0.020259 0.014062 0.062329 0.747407 -0.661436 -0.377790 0.028030 0.661152 0.749728 0.098723 0.000000 0.000000 0.000000 1.000000
0.997582 -0.069310 -0.005113 0.015428 0.050358 0.771591 -0.634123 -0.367717 0.047896 0.632332 0.773216 0.096277 0.000000 0.000000 0.000000 1.000000
0.996723 -0.073274 -0.034272 0.016407 0.037884 0.797163 -0.602574 -0.355893 0.071473 0.599301 0.797327 0.094376 0.000000 0.000000 0.000000 1.000000
0.994445 -0.077802 -0.070892 0.017105 0.023842 0.822514 -0.568246 -0.343181 0.102520 0.563399 0.819800 0.092956 0.000000 0.000000 0.000000 1.000000
0.989651 -0.084166 -0.116220 0.017982 0.009117 0.845164 -0.534430 -0.163598 0.143206 0.527840 0.837184 0.092150 0.000000 0.000000 0.000000 1.000000
0.980741 -0.094218 -0.171086 0.019542 -0.004884 0.863851 -0.503724 0.021918 0.195252 0.494858 0.846754 0.092281 0.000000 0.000000 0.000000 1.000000
0.967281 -0.106693 -0.230185 0.021916 -0.016315 0.879242 -0.476095 0.156264 0.253185 0.464273 0.848733 0.093321 0.000000 0.000000 0.000000 1.000000
0.950334 -0.117824 -0.288066 0.024787 -0.026074 0.892176 -0.450935 0.224937 0.310136 0.436050 0.844793 0.095050 0.000000 0.000000 0.000000 1.000000
0.932711 -0.123949 -0.338656 0.026983 -0.034719 0.903852 -0.426434 0.247383 0.358951 0.409497 0.838729 0.097653 0.000000 0.000000 0.000000 1.000000
0.916596 -0.123155 -0.380374 0.027707 -0.042549 0.915927 -0.399083 0.278643 0.397544 0.381983 0.834295 0.101070 0.000000 0.000000 0.000000 1.000000
0.904629 -0.115419 -0.410274 0.026679 -0.045804 0.930730 -0.362828 0.292988 0.423732 0.347017 0.836678 0.104907 0.000000 0.000000 0.000000 1.000000
0.895807 -0.102386 -0.432489 0.023853 -0.045311 0.946994 -0.318040 0.305355 0.442128 0.304499 0.843684 0.107796 0.000000 0.000000 0.000000 1.000000
0.888321 -0.084734 -0.451339 0.020042 -0.044981 0.962048 -0.269146 0.315965 0.457015 0.259389 0.850797 0.108912 0.000000 0.000000 0.000000 1.000000
0.878942 -0.066862 -0.472219 0.016053 -0.045630 0.973793 -0.222812 0.325037 0.474742 0.217386 0.852856 0.108783 0.000000 0.000000 0.000000 1.000000
0.865152 -0.050787 -0.498931 0.013030 -0.046658 0.982393 -0.180904 0.332792 0.499334 0.179789 0.847550 0.108360 0.000000 0.000000 0.000000 1.000000
0.846131 -0.036656 -0.531713 0.010938 -0.047134 0.988577 -0.143158 0.341659 0.530886 0.146193 0.834738 0.108110 0.000000 0.000000 0.000000 1.000000
0.824442 -0.022795 -0.565487 0.009430 -0.047236 0.992931 -0.108892 0.355741 0.563972 0.116486 0.817537 0.107660 0.000000 0.000000 0.000000 1.000000
0.803918 -0.007952 -0.594687 0.007651 -0.048337 0.995729 -0.078658 0.374072 0.592773 0.091980 0.800100 0.106987 0.000000 0.000000 0.000000 1.000000
0.787957 0.006867 -0.615692 0.005129 -0.048763 0.997493 -0.051282 0.395689 0.613796 0.070431 0.786316 0.106304 0.000000 0.000000 0.000000 1.000000
0.778482 0.019291 -0.627370 0.002060 -0.046248 0.998574 -0.026682 0.436292 0.625960 0.049786 0.778264 0.105809 0.000000 0.000000 0.000000 1.000000
0.773517 0.027303 -0.633187 -0.000951 -0.039892 0.999188 -0.005648 0.470423 0.632519 0.029628 0.773978 0.105520 0.000000 0.000000 0.000000 1.000000
0.769239 0.031306 -0.638194 -0.003345 -0.031393 0.999444 0.011188 0.487624 0.638189 0.011429 0.769795 0.105316 0.000000 0.000000 0.000000 1.000000
0.762644 0.032677 -0.645993 -0.004906 -0.023067 0.999462 0.023324 0.504268 0.646407 -0.002887 0.762987 0.104968 0.000000 0.000000 0.000000 1.000000
0.754196 0.033324 -0.655803 -0.005701 -0.015958 0.999347 0.032428 0.517659 0.656455 -0.013992 0.754236 0.104266 0.000000 0.000000 0.000000 1.000000
0.745704 0.034005 -0.665409 -0.005970 -0.010270 0.999165 0.039552 0.526023 0.666199 -0.022660 0.745430 0.103215 0.000000 0.000000 0.000000 1.000000
0.738940 0.035203 -0.672851 -0.005980 -0.005725 0.998926 0.045975 0.527997 0.673747 -0.030121 0.738348 0.102011 0.000000 0.000000 0.000000 1.000000
0.734528 0.037370 -0.677548 -0.005975 -0.002468 0.998623 0.052403 0.524527 0.678574 -0.036819 0.733608 0.100880 0.000000 0.000000 0.000000 1.000000
0.732204 0.040857 -0.679859 -0.006112 -0.000483 0.998230 0.059470 0.518193 0.681086 -0.043216 0.730927 0.099975 0.000000 0.000000 0.000000 1.000000
0.730861 0.045257 -0.681024 -0.006410 0.000967 0.997729 0.067342 0.512363 0.682525 -0.049876 0.729158 0.099358 0.000000 0.000000 0.000000 1.000000
0.730861 0.045257 -0.681024 -0.006410 0.000967 0.997729 0.067342 0.507915 0.682525 -0.049876 0.729158 0.099358 0.000000 0.000000 0.000000 1.000000
0.730861 0.045257 -0.681024 -0.006410 0.000967 0.997729 0.067342 0.506577 0.682525 -0.049876 0.729158 0.099358 0.000000 0.000000 0.000000 1.000000
0.730861 0.045257 -0.681024 -0.006410 0.000967 0.997729 0.067342 0.508463 0.682525 -0.049876 0.729158 0.099358 0.000000 0.000000 0.000000 1.000000
0.730861 0.045257 -0.681024 -0.006410 0.000967 0.997729 0.067342 0.513249 0.682525 -0.049876 0.729158 0.099358 0.000000 0.000000 0.000000 1.000000
0.730861 0.045257 -0.681024 -0.006410 0.000967 0.997729 0.067342 0.519762 0.682525 -0.049876 0.729158 0.099358 0.000000 0.000000 0.000000 1.000000
0.730861 0.045257 -0.681024 -0.006410 0.000967 0.997729 0.067342 0.526703 0.682525 -0.049876 0.729158 0.099358 0.000000 0.000000 0.000000 1.000000
0.730861 0.045257 -0.681024 -0.006410 0.000967 0.997729 0.067342 0.532865 0.682525 -0.049876 0.729158 0.099358 0.000000 0.000000 0.000000 1.000000
0.730861 0.045257 -0.681024 -0.006410 0.000967 0.997729 0.067342 0.537820 0.682525 -0.049876 0.729158 0.099358 0.000000 0.000000 0.000000 1.000000
0.730861 0.045257 -0.681024 -0.006410 0.000967 0.997729 0.067342 0.541512 0.682525 -0.049876 0.729158 0.099358 0.000000 0.000000 0.000000 1.000000
0.730861 0.045257 -0.681024 -0.006410 0.000967 0.997729 0.067342 0.543925 0.682525 -0.049876 0.729158 0.099358 0.000000 0.000000 0.000000 1.000000
0.730861 0.045257 -0.681024 -0.006410 0.000967 0.997729 0.067342 0.544956 0.682525 -0.049876 0.729158 0.099358 0.000000 0.000000 0.000000 1.000000
0.730861 0.045257 -0.681024 -0.006410 0.000967 0.997729 0.067342 0.544809 0.682525 -0.049876 0.729158 0.099358 0.000000 0.000000 0.000000 1.000000
0.730861 0.045257 -0.681024 -0.006410 0.000967 0.997729 0.067342 0.543984 0.682525 -0.049876 0.729158 0.099358 0.000000 0.000000 0.000000 1.000000
0.730861 0.045257 -0.681024 -0.006410 0.000967 0.997729 0.067342 0.543232 0.682525 -0.049876 0.729158 0.099358 0.000000 0.000000 0.000000 1.000000
0.730861 0.045257 -0.681024 -0.006410 0.000967 0.997729 0.067342 0.543115 0.682525 -0.049876 0.729158 0.099358 0.000000 0.000000 0.000000 1.000000</float_array>
          <technique_common>
            <accessor source="#mixamorig_Hips-Matrix-animation-output-transform-array" count="66" stride="16">
              <param type="float4x4"/>
            </accessor>
          </technique_common>
        </source>
        <source id="mixamorig_Hips-Interpolations">
          <Name_array id="mixamorig_Hips-Interpolations-array" count="66">
 LINEAR LINEAR LINEAR LINEAR LINEAR LINEAR LINEAR LINEAR LINEAR LINEAR LINEAR
LINEAR LINEAR LINEAR LINEAR LINEAR LINEAR LINEAR LINEAR LINEAR LINEAR LINEAR LINEAR
LINEAR LINEAR LINEAR LINEAR LINEAR LINEAR LINEAR LINEAR LINEAR LINEAR LINEAR LINEAR
LINEAR LINEAR LINEAR LINEAR LINEAR LINEAR LINEAR LINEAR LINEAR LINEAR LINEAR LINEAR
LINEAR LINEAR LINEAR LINEAR LINEAR LINEAR LINEAR LINEAR LINEAR LINEAR LINEAR LINEAR
LINEAR LINEAR LINEAR LINEAR LINEAR LINEAR LINEAR</Name_array>
          <technique_common>
            <accessor source="#mixamorig_Hips-Interpolations-array" count="66">
              <param type="name"/>
            </accessor>
          </technique_common>
        </source>
        <sampler id="mixamorig_Hips-Matrix-animation-transform">
          <input semantic="INPUT" source="#mixamorig_Hips-Matrix-animation-input"/>
          <input semantic="OUTPUT" source="#mixamorig_Hips-Matrix-animation-output-transform"/>
          <input semantic="INTERPOLATION" source="#mixamorig_Hips-Interpolations"/>
        </sampler>
        <channel source="#mixamorig_Hips-Matrix-animation-transform" target="mixamorig_Hips/matrix"/>
      </animation>
    </animation>
    <animation id="mixamorig_Spine-anim" name="mixamorig_Spine">
      <animation>
        <source id="mixamorig_Spine-Matrix-animation-input">
          <float_array id="mixamorig_Spine-Matrix-animation-input-array" count="51">

0.000000 0.033333 0.066667 0.100000 0.133333 0.166667 0.200000 0.233333 0.266667 0.300000 0.333333 0.366667 0.400000 0.433333 0.466667 0.500000
0.533333 0.566667 0.600000 0.633333 0.666667 0.700000 0.733333 0.766667 0.800000 0.833333 0.866667 0.900000 0.933333 0.966667 1.000000 1.033333
1.066667 1.100000 1.133333 1.166667 1.200000 1.233333 1.266667 1.300000 1.333333 1.366667 1.400000 1.433333 1.466667 1.500000 1.533333 1.566667
1.600000 1.633333 1.666667</float_array>
          <technique_common>
            <accessor source="#mixamorig_Spine-Matrix-animation-input-array" count="51">
              <param name="TIME" type="float"/>
            </accessor>
          </technique_common>
        </source>
        <source id="mixamorig_Spine-Matrix-animation-output-transform">
          <float_array id="mixamorig_Spine-Matrix-animation-output-transform-array" count="816">

0.999671 -0.000052 -0.025641 0.000000 -0.004203 0.986137 -0.165882 0.090600 0.025294 0.165935 0.985812 0.005100 0.000000 0.000000 0.000000 1.000000
0.999868 0.001014 -0.016238 0.000000 -0.003756 0.985485 -0.169722 0.090600 0.015830 0.169761 0.985358 0.005100 0.000000 0.000000 0.000000 1.000000
0.999976 0.002065 -0.006565 -0.000000 -0.003172 0.984848 -0.173388 0.090600 0.006107 0.173405 0.984832 0.005100 0.000000 0.000000 0.000000 1.000000
0.999994 0.002876 0.001818 0.000000 -0.002510 0.984329 -0.176324 0.090600 -0.002297 0.176318 0.984331 0.005100 0.000000 0.000000 0.000000 1.000000
0.999964 0.003359 0.007778 0.000000 -0.001920 0.984001 -0.178153 0.090600 -0.008252 0.178132 0.983972 0.005100 0.000000 0.000000 0.000000 1.000000
0.999915 0.003434 0.012563 0.000000 -0.001130 0.983853 -0.178972 0.090600 -0.012975 0.178943 0.983774 0.005100 0.000000 0.000000 0.000000 1.000000
0.999840 0.002913 0.017633 0.000000 0.000288 0.983870 -0.178882 0.090600 -0.017870 0.178859 0.983712 0.005100 0.000000 0.000000 0.000000 1.000000
0.999719 0.002033 0.023605 0.000000 0.002207 0.983988 -0.178220 0.090600 -0.023589 0.178222 0.983708 0.005100 0.000000 0.000000 0.000000 1.000000
0.999540 0.001210 0.030301 0.000000 0.004181 0.984160 -0.177232 0.090600 -0.030036 0.177277 0.983702 0.005100 0.000000 0.000000 0.000000 1.000000
0.999319 0.000732 0.036891 0.000000 0.005787 0.984323 -0.176282 0.090600 -0.036442 0.176376 0.983648 0.005100 0.000000 0.000000 0.000000 1.000000
0.999082 0.000625 0.042844 0.000000 0.006910 0.984457 -0.175491 0.090600 -0.042288 0.175626 0.983548 0.005100 0.000000 0.000000 0.000000 1.000000
0.998835 0.000865 0.048255 0.000000 0.007588 0.984591 -0.174710 0.090600 -0.047663 0.174873 0.983437 0.005100 0.000000 0.000000 0.000000 1.000000
0.998551 0.001324 0.053790 0.000000 0.008059 0.984738 -0.173853 0.090600 -0.053199 0.174035 0.983301 0.005100 0.000000 0.000000 0.000000 1.000000
0.998209 0.001794 0.059800 0.000000 0.008603 0.984857 -0.173156 0.090600 -0.059205 0.173360 0.983077 0.005100 0.000000 0.000000 0.000000 1.000000
0.997862 0.001991 0.065325 0.000000 0.009339 0.984934 -0.172681 0.090600 -0.064685 0.172922 0.982809 0.005100 0.000000 0.000000 0.000000 1.000000
0.997634 0.001644 0.068725 0.000000 0.010237 0.985013 -0.172173 0.090600 -0.067978 0.172469 0.982666 0.005100 0.000000 0.000000 0.000000 1.000000
0.997605 0.000922 0.069159 -0.000000 0.010979 0.985123 -0.171502 0.090600 -0.068288 0.171851 0.982753 0.005100 0.000000 0.000000 0.000000 1.000000
0.997740 0.000353 0.067197 0.000000 0.011175 0.985191 -0.171097 0.090600 -0.066262 0.171461 0.982960 0.005100 0.000000 0.000000 0.000000 1.000000
0.997927 0.000351 0.064363 0.000000 0.010725 0.985097 -0.171664 0.090600 -0.063464 0.171998 0.983051 0.005100 0.000000 0.000000 0.000000 1.000000
0.998084 0.000811 0.061862 -0.000000 0.009918 0.984884 -0.172933 0.090600 -0.061067 0.173215 0.982989 0.005100 0.000000 0.000000 0.000000 1.000000
0.998183 0.001566 0.060238 0.000000 0.008963 0.984683 -0.174124 0.090600 -0.059588 0.174348 0.982879 0.005100 0.000000 0.000000 0.000000 1.000000
0.998237 0.002498 0.059298 -0.000000 0.007907 0.984610 -0.174584 0.090600 -0.058822 0.174745 0.982855 0.005100 0.000000 0.000000 0.000000 1.000000
0.998259 0.003522 0.058869 -0.000000 0.006803 0.984673 -0.174277 0.090600 -0.058581 0.174374 0.982935 0.005100 0.000000 0.000000 0.000000 1.000000
0.998279 0.004592 0.058461 -0.000000 0.005658 0.984736 -0.173961 0.090600 -0.058367 0.173992 0.983016 0.005100 0.000000 0.000000 0.000000 1.000000
0.998316 0.005712 0.057726 0.000000 0.004441 0.984694 -0.174236 0.090600 -0.057838 0.174199 0.983010 0.005100 0.000000 0.000000 0.000000 1.000000
0.998406 0.007277 0.055962 0.000000 0.002644 0.984532 -0.175186 0.090600 -0.056371 0.175055 0.982944 0.005100 0.000000 0.000000 0.000000 1.000000
0.998522 0.009619 0.053482 0.000000 -0.000046 0.984358 -0.176182 0.090600 -0.054340 0.175919 0.982904 0.005100 0.000000 0.000000 0.000000 1.000000
0.998596 0.012824 0.051402 0.000000 -0.003567 0.984334 -0.176280 0.090600 -0.052857 0.175849 0.982997 0.005100 0.000000 0.000000 0.000000 1.000000
0.998573 0.016773 0.050701 0.000000 -0.007653 0.984541 -0.174989 0.090600 -0.052852 0.174351 0.983264 0.005100 0.000000 0.000000 0.000000 1.000000
0.998421 0.020304 0.052384 0.000000 -0.011000 0.985011 -0.172139 0.090600 -0.055094 0.171291 0.983679 0.005100 0.000000 0.000000 0.000000 1.000000
0.998203 0.022902 0.055375 0.000000 -0.013311 0.985743 -0.167732 0.090600 -0.058427 0.166694 0.984276 0.005100 0.000000 0.000000 0.000000 1.000000
0.997971 0.023570 0.059154 0.000000 -0.013682 0.986646 -0.162305 0.090600 -0.062190 0.161166 0.984966 0.005100 0.000000 0.000000 0.000000 1.000000
0.997796 0.023261 0.062143 0.000000 -0.013256 0.987541 -0.156800 0.090600 -0.065016 0.155631 0.985673 0.005100 0.000000 0.000000 0.000000 1.000000
0.997692 0.024014 0.063517 -0.000000 -0.014113 0.988285 -0.151969 0.090600 -0.066422 0.150722 0.986342 0.005100 0.000000 0.000000 0.000000 1.000000
0.997590 0.026135 0.064273 0.000000 -0.016365 0.988839 -0.148090 0.090600 -0.067426 0.146681 0.986883 0.005100 0.000000 0.000000 0.000000 1.000000
0.997453 0.028895 0.065215 0.000000 -0.019148 0.989185 -0.145419 0.090600 -0.068712 0.143800 0.987218 0.005100 0.000000 0.000000 0.000000 1.000000
0.997306 0.030620 0.066654 0.000000 -0.020733 0.989322 -0.144262 0.090600 -0.070360 0.142491 0.987292 0.005100 0.000000 0.000000 0.000000 1.000000
0.997194 0.031372 0.067973 0.000000 -0.021261 0.989253 -0.144661 0.090600 -0.071781 0.142810 0.987144 0.005100 0.000000 0.000000 0.000000 1.000000
0.997153 0.031500 0.068503 0.000000 -0.021237 0.989103 -0.145685 0.090600 -0.072346 0.143816 0.986956 0.005100 0.000000 0.000000 0.000000 1.000000
0.997209 0.030233 0.068259 -0.000000 -0.019961 0.989018 -0.146440 0.090600 -0.071937 0.144669 0.986862 0.005100 0.000000 0.000000 0.000000 1.000000
0.997279 0.028651 0.067930 0.000000 -0.018422 0.989011 -0.146690 0.090600 -0.071386 0.145039 0.986847 0.005100 0.000000 0.000000 0.000000 1.000000
0.997300 0.027643 0.068027 -0.000000 -0.017417 0.989048 -0.146562 0.090600 -0.071333 0.144981 0.986860 0.005100 0.000000 0.000000 0.000000 1.000000
0.997258 0.027535 0.068688 -0.000000 -0.017234 0.989093 -0.146279 0.090600 -0.071967 0.144694 0.986856 0.005100 0.000000 0.000000 0.000000 1.000000
0.997161 0.027980 0.069900 -0.000000 -0.017518 0.989125 -0.146033 0.090600 -0.073226 0.144394 0.986807 0.005100 0.000000 0.000000 0.000000 1.000000
0.997011 0.028491 0.071821 -0.000000 -0.017732 0.989093 -0.146219 0.090600 -0.075204 0.144508 0.986642 0.005100 0.000000 0.000000 0.000000 1.000000
0.996825 0.028809 0.074231 0.000000 -0.017627 0.988964 -0.147104 0.090600 -0.077650 0.145328 0.986332 0.005100 0.000000 0.000000 0.000000 1.000000
0.996634 0.028903 0.076719 0.000000 -0.017220 0.988719 -0.148792 0.090600 -0.080154 0.146970 0.985888 0.005100 0.000000 0.000000 0.000000 1.000000
0.996485 0.028832 0.078659 -0.000000 -0.016695 0.988423 -0.150803 0.090600 -0.082096 0.148960 0.985429 0.005100 0.000000 0.000000 0.000000 1.000000
0.996416 0.028527 0.079637 0.000000 -0.016088 0.988145 -0.152676 0.090600 -0.083048 0.150848 0.985062 0.005100 0.000000 0.000000 0.000000 1.000000
0.996427 0.027936 0.079707 0.000000 -0.015368 0.987930 -0.154137 0.090600 -0.083051 0.152361 0.984829 0.005100 0.000000 0.000000 0.000000 1.000000
0.996460 0.027260 0.079526 0.000000 -0.014627 0.987758 -0.155304 0.090600 -0.082786 0.153591 0.984661 0.005100 0.000000 0.000000 0.000000 1.000000</float_array>
          <technique_common>
            <accessor source="#mixamorig_Spine-Matrix-animation-output-transform-array" count="51" stride="16">
              <param type="float4x4"/>
            </accessor>
          </technique_common>
        </source>
        <source id="mixamorig_Spine-Interpolations">
          <Name_array id="mixamorig_Spine-Interpolations-array" count="51">
 LINEAR LINEAR LINEAR LINEAR LINEAR LINEAR LINEAR LINEAR LINEAR LINEAR LINEAR
LINEAR LINEAR LINEAR LINEAR LINEAR LINEAR LINEAR LINEAR LINEAR LINEAR LINEAR LINEAR
LINEAR LINEAR LINEAR LINEAR LINEAR LINEAR LINEAR LINEAR LINEAR LINEAR LINEAR LINEAR
LINEAR LINEAR LINEAR LINEAR LINEAR LINEAR LINEAR LINEAR LINEAR LINEAR LINEAR LINEAR
LINEAR LINEAR LINEAR LINEAR</Name_array>
          <technique_common>
            <accessor source="#mixamorig_Spine-Interpolations-array" count="51">
              <param type="name"/>
            </accessor>
          </technique_common>
        </source>
        <sampler id="mixamorig_Spine-Matrix-animation-transform">
          <input semantic="INPUT" source="#mixamorig_Spine-Matrix-animation-input"/>
          <input semantic="OUTPUT" source="#mixamorig_Spine-Matrix-animation-output-transform"/>
          <input semantic="INTERPOLATION" source="#mixamorig_Spine-Interpolations"/>
        </sampler>
        <channel source="#mixamorig_Spine-Matrix-animation-transform" target="mixamorig_Spine/matrix"/>
      </animation>
    </animation>
    <animation id="mixamorig_Spine1-anim" name="mixamorig_Spine1">
      <animation>
        <source id="mixamorig_Spine1-Matrix-animation-input">
          <float_array id="mixamorig_Spine1-Matrix-animation-input-array" count="51">

0.000000 0.033333 0.066667 0.100000 0.133333 0.166667 0.200000 0.233333 0.266667 0.300000 0.333333 0.366667 0.400000 0.433333 0.466667 0.500000
0.533333 0.566667 0.600000 0.633333 0.666667 0.700000 0.733333 0.766667 0.800000 0.833333 0.866667 0.900000 0.933333 0.966667 1.000000 1.033333
1.066667 1.100000 1.133333 1.166667 1.200000 1.233333 1.266667 1.300000 1.333333 1.366667 1.400000 1.433333 1.466667 1.500000 1.533333 1.566667
1.600000 1.633333 1.666667</float_array>
          <technique_common>
            <accessor source="#mixamorig_Spine1-Matrix-animation-input-array" count="51">
              <param name="TIME" type="float"/>
            </accessor>
          </technique_common>
        </source>
        <source id="mixamorig_Spine1-Matrix-animation-output-transform">
          <float_array id="mixamorig_Spine1-Matrix-animation-output-transform-array" count="816">

0.996936 0.002899 -0.078168 0.000000 -0.020035 0.975440 -0.219351 0.105900 0.075612 0.220245 0.972510 0.000000 0.000000 0.000000 0.000000 1.000000
0.998260 0.005212 -0.058731 0.000000 -0.018449 0.973681 -0.227167 0.105900 0.056001 0.227855 0.972083 -0.000000 0.000000 0.000000 0.000000 1.000000
0.999208 0.007741 -0.039034 0.000000 -0.016695 0.971947 -0.234605 0.105900 0.036123 0.235071 0.971307 -0.000000 0.000000 0.000000 0.000000 1.000000
0.999702 0.010140 -0.022212 0.000000 -0.015189 0.970517 -0.240552 0.105900 0.019118 0.240818 0.970382 0.000000 0.000000 0.000000 0.000000 1.000000
0.999868 0.012262 -0.010631 0.000000 -0.014488 0.969603 -0.244256 0.105900 0.007313 0.244378 0.969653 -0.000000 0.000000 0.000000 0.000000 1.000000
0.999901 0.013914 -0.001877 0.000000 -0.013948 0.969182 -0.245949 0.105900 -0.001603 0.245951 0.969281 -0.000000 0.000000 0.000000 0.000000 1.000000
0.999869 0.014739 0.006647 0.000000 -0.012653 0.969222 -0.245862 0.105900 -0.010066 0.245746 0.969282 0.000000 0.000000 0.000000 0.000000 1.000000
0.999759 0.014955 0.016046 0.000000 -0.010576 0.969548 -0.244672 0.105900 -0.019216 0.244443 0.969473 0.000000 0.000000 0.000000 0.000000 1.000000
0.999538 0.014958 0.026441 0.000000 -0.008092 0.970029 -0.242854 0.105900 -0.029281 0.242528 0.969702 0.000000 0.000000 0.000000 0.000000 1.000000
0.999208 0.015161 0.036788 0.000000 -0.005848 0.970480 -0.241109 0.105900 -0.039357 0.240703 0.969801 0.000000 0.000000 0.000000 0.000000 1.000000
0.998802 0.015654 0.046365 0.000000 -0.004091 0.970848 -0.239660 0.105900 -0.048765 0.239183 0.969749 0.000000 0.000000 0.000000 0.000000 1.000000
0.998313 0.016400 0.055706 -0.000000 -0.002662 0.971209 -0.238213 0.105900 -0.058009 0.237663 0.969614 0.000000 0.000000 0.000000 0.000000 1.000000
0.997651 0.017275 0.066281 -0.000000 -0.001105 0.971608 -0.236596 0.105900 -0.068486 0.235967 0.969345 0.000000 0.000000 0.000000 0.000000 1.000000
0.996681 0.018003 0.079386 0.000000 0.001183 0.971932 -0.235260 0.105900 -0.081393 0.234573 0.968685 -0.000000 0.000000 0.000000 0.000000 1.000000
0.995489 0.018102 0.093132 0.000000 0.004242 0.972154 -0.234304 0.105900 -0.094780 0.233642 0.967692 0.000000 0.000000 0.000000 0.000000 1.000000
0.994411 0.016917 0.104210 0.000000 0.007894 0.972400 -0.233186 0.105900 -0.105279 0.232706 0.966832 0.000000 0.000000 0.000000 0.000000 1.000000
0.993819 0.014722 0.110035 0.000000 0.011243 0.972725 -0.231688 0.105900 -0.110445 0.231493 0.966547 0.000000 0.000000 0.000000 0.000000 1.000000
0.993747 0.012659 0.110937 0.000000 0.013363 0.972928 -0.230723 0.105900 -0.110854 0.230763 0.966675 0.000000 0.000000 0.000000 0.000000 1.000000
0.993954 0.011907 0.109154 0.000000 0.013797 0.972680 -0.231741 0.105900 -0.108931 0.231846 0.966634 -0.000000 0.000000 0.000000 0.000000 1.000000
0.994154 0.012281 0.107267 -0.000000 0.013261 0.972099 -0.234196 0.105900 -0.107150 0.234250 0.966253 0.000000 0.000000 0.000000 0.000000 1.000000
0.994199 0.013343 0.106725 0.000000 0.012351 0.971548 -0.236523 0.105900 -0.106844 0.236469 0.965747 0.000000 0.000000 0.000000 0.000000 1.000000
0.994083 0.014558 0.107648 -0.000000 0.011482 0.971346 -0.237391 0.105900 -0.108019 0.237222 0.965431 0.000000 0.000000 0.000000 0.000000 1.000000
0.993838 0.015645 0.109734 0.000000 0.010844 0.971516 -0.236726 0.105900 -0.110312 0.236457 0.965360 0.000000 0.000000 0.000000 0.000000 1.000000
0.993562 0.016429 0.112094 -0.000000 0.010559 0.971693 -0.236010 0.105900 -0.112799 0.235674 0.965264 0.000000 0.000000 0.000000 0.000000 1.000000
0.993356 0.016935 0.113829 -0.000000 0.010529 0.971591 -0.236433 0.105900 -0.114599 0.236061 0.964957 0.000000 0.000000 0.000000 0.000000 1.000000
0.993328 0.017445 0.113999 0.000000 0.010275 0.971174 -0.238150 0.105900 -0.114867 0.237732 0.964515 -0.000000 0.000000 0.000000 0.000000 1.000000
0.993426 0.018652 0.112948 0.000000 0.009056 0.970741 -0.239957 0.105900 -0.114119 0.239402 0.964191 0.000000 0.000000 0.000000 0.000000 1.000000
0.993504 0.021709 0.111711 0.000000 0.005783 0.970737 -0.240076 0.105900 -0.113654 0.239162 0.964305 0.000000 0.000000 0.000000 0.000000 1.000000
0.993368 0.027208 0.111714 -0.000000 0.000112 0.971369 -0.237574 0.105900 -0.114980 0.236011 0.964924 -0.000000 0.000000 0.000000 0.000000 1.000000
0.992960 0.034893 0.113193 -0.000000 -0.007708 0.972635 -0.232211 0.105900 -0.118198 0.229704 0.966057 -0.000000 0.000000 0.000000 0.000000 1.000000
0.992404 0.043037 0.115248 0.000000 -0.016255 0.974472 -0.223921 0.105900 -0.121943 0.220347 0.967769 0.000000 0.000000 0.000000 0.000000 1.000000
0.991912 0.050011 0.116660 0.000000 -0.024098 0.976589 -0.213760 0.105900 -0.124619 0.209220 0.969895 -0.000000 0.000000 0.000000 0.000000 1.000000
0.991644 0.054820 0.116773 0.000000 -0.030151 0.978634 -0.203385 0.105900 -0.125428 0.198165 0.972110 0.000000 0.000000 0.000000 0.000000 1.000000
0.991430 0.057707 0.117201 0.000000 -0.034128 0.980402 -0.194031 0.105900 -0.126101 0.188368 0.973969 -0.000000 0.000000 0.000000 0.000000 1.000000
0.991160 0.059378 0.118644 0.000000 -0.036520 0.981817 -0.186283 0.105900 -0.127548 0.180303 0.975306 -0.000000 0.000000 0.000000 0.000000 1.000000
0.990798 0.062122 0.120252 0.000000 -0.039653 0.982694 -0.180941 0.105900 -0.129411 0.174507 0.976115 -0.000000 0.000000 0.000000 0.000000 1.000000
0.990284 0.066484 0.122136 0.000000 -0.043929 0.982894 -0.178857 0.105900 -0.131938 0.171754 0.976265 0.000000 0.000000 0.000000 0.000000 1.000000
0.989760 0.069677 0.124581 0.000000 -0.046532 0.982590 -0.179866 0.105900 -0.134945 0.172227 0.975770 0.000000 0.000000 0.000000 0.000000 1.000000
0.989512 0.069640 0.126553 0.000000 -0.045868 0.982250 -0.181879 0.105900 -0.136973 0.174167 0.975143 0.000000 0.000000 0.000000 0.000000 1.000000
0.989631 0.066617 0.127253 -0.000000 -0.042551 0.982147 -0.183241 0.105900 -0.137188 0.175926 0.974797 0.000000 0.000000 0.000000 0.000000 1.000000
0.989797 0.063365 0.127619 0.000000 -0.039205 0.982216 -0.183618 0.105900 -0.136984 0.176741 0.974678 0.000000 0.000000 0.000000 0.000000 1.000000
0.989783 0.061729 0.128524 -0.000000 -0.037459 0.982337 -0.183331 0.105900 -0.137571 0.176644 0.974613 -0.000000 0.000000 0.000000 0.000000 1.000000
0.989529 0.062109 0.130288 -0.000000 -0.037591 0.982426 -0.182827 0.105900 -0.139354 0.176015 0.974474 -0.000000 0.000000 0.000000 0.000000 1.000000
0.989074 0.063549 0.133021 0.000000 -0.038588 0.982460 -0.182436 0.105900 -0.142281 0.175310 0.974178 -0.000000 0.000000 0.000000 0.000000 1.000000
0.988425 0.064941 0.137110 0.000000 -0.039172 0.982352 -0.182895 0.105900 -0.146568 0.175407 0.973525 0.000000 0.000000 0.000000 0.000000 1.000000
0.987661 0.065790 0.142119 0.000000 -0.038835 0.982025 -0.184712 0.105900 -0.151717 0.176914 0.972463 -0.000000 0.000000 0.000000 0.000000 1.000000
0.986902 0.066031 0.147189 0.000000 -0.037615 0.981434 -0.188077 0.105900 -0.156875 0.180077 0.971063 0.000000 0.000000 0.000000 0.000000 1.000000
0.986327 0.065831 0.151081 0.000000 -0.036041 0.980724 -0.192044 0.105900 -0.160811 0.183973 0.969687 0.000000 0.000000 0.000000 0.000000 1.000000
0.986077 0.065087 0.153020 0.000000 -0.034321 0.980064 -0.195697 0.105900 -0.162707 0.187721 0.968652 0.000000 0.000000 0.000000 0.000000 1.000000
0.986139 0.063750 0.153183 0.000000 -0.032489 0.979560 -0.198508 0.105900 -0.162707 0.190780 0.968054 0.000000 0.000000 0.000000 0.000000 1.000000
0.986277 0.062346 0.152876 0.000000 -0.030780 0.979160 -0.200743 0.105900 -0.162206 0.193283 0.967642 0.000000 0.000000 0.000000 0.000000 1.000000</float_array>
          <technique_common>
            <accessor source="#mixamorig_Spine1-Matrix-animation-output-transform-array" count="51" stride="16">
              <param type="float4x4"/>
            </accessor>
          </technique_common>
        </source>
        <source id="mixamorig_Spine1-Interpolations">
          <Name_array id="mixamorig_Spine1-Interpolations-array" count="51">
 LINEAR LINEAR LINEAR LINEAR LINEAR LINEAR LINEAR LINEAR LINEAR LINEAR LINEAR
LINEAR LINEAR LINEAR LINEAR LINEAR LINEAR LINEAR LINEAR LINEAR LINEAR LINEAR LINEAR
LINEAR LINEAR LINEAR LINEAR LINEAR LINEAR LINEAR LINEAR LINEAR LINEAR LINEAR LINEAR
LINEAR LINEAR LINEAR LINEAR LINEAR LINEAR LINEAR LINEAR LINEAR LINEAR LINEAR LINEAR
LINEAR LINEAR LINEAR LINEAR</Name_array>
          <technique_common>
            <accessor source="#mixamorig_Spine1-Interpolations-array" count="51">
              <param type="name"/>
            </accessor>
          </technique_common>
        </source>
        <sampler id="mixamorig_Spine1-Matrix-animation-transform">
          <input semantic="INPUT" source="#mixamorig_Spine1-Matrix-animation-input"/>
          <input semantic="OUTPUT" source="#mixamorig_Spine1-Matrix-animation-output-transform"/>
          <input semantic="INTERPOLATION" source="#mixamorig_Spine1-Interpolations"/>
        </sampler>
        <channel source="#mixamorig_Spine1-Matrix-animation-transform" target="mixamorig_Spine1/matrix"/>
      </animation>
    </animation>
    <animation id="mixamorig_Spine2-anim" name="mixamorig_Spine2">
      <animation>
        <source id="mixamorig_Spine2-Matrix-animation-input">
          <float_array id="mixamorig_Spine2-Matrix-animation-input-array" count="51">

0.000000 0.033333 0.066667 0.100000 0.133333 0.166667 0.200000 0.233333 0.266667 0.300000 0.333333 0.366667 0.400000 0.433333 0.466667 0.500000
0.533333 0.566667 0.600000 0.633333 0.666667 0.700000 0.733333 0.766667 0.800000 0.833333 0.866667 0.900000 0.933333 0.966667 1.000000 1.033333
1.066667 1.100000 1.133333 1.166667 1.200000 1.233333 1.266667 1.300000 1.333333 1.366667 1.400000 1.433333 1.466667 1.500000 1.533333 1.566667
1.600000 1.633333 1.666667</float_array>
          <technique_common>
            <accessor source="#mixamorig_Spine2-Matrix-animation-input-array" count="51">
              <param name="TIME" type="float"/>
            </accessor>
          </technique_common>
        </source>
        <source id="mixamorig_Spine2-Matrix-animation-output-transform">
          <float_array id="mixamorig_Spine2-Matrix-animation-output-transform-array" count="816">

0.996936 0.002899 -0.078168 0.000000 -0.020035 0.975440 -0.219351 0.121000 0.075612 0.220245 0.972510 0.000000 0.000000 0.000000 0.000000 1.000000
0.998260 0.005212 -0.058731 0.000000 -0.018449 0.973681 -0.227167 0.121000 0.056001 0.227855 0.972083 0.000000 0.000000 0.000000 0.000000 1.000000
0.999208 0.007741 -0.039034 0.000000 -0.016695 0.971947 -0.234605 0.121000 0.036123 0.235071 0.971307 0.000000 0.000000 0.000000 0.000000 1.000000
0.999702 0.010140 -0.022212 0.000000 -0.015189 0.970517 -0.240552 0.121000 0.019118 0.240818 0.970382 0.000000 0.000000 0.000000 0.000000 1.000000
0.999868 0.012262 -0.010631 0.000000 -0.014488 0.969603 -0.244256 0.121000 0.007313 0.244378 0.969653 0.000000 0.000000 0.000000 0.000000 1.000000
0.999901 0.013914 -0.001877 0.000000 -0.013948 0.969182 -0.245949 0.121000 -0.001603 0.245951 0.969281 -0.000000 0.000000 0.000000 0.000000 1.000000
0.999869 0.014740 0.006647 0.000000 -0.012654 0.969222 -0.245862 0.121000 -0.010066 0.245746 0.969282 0.000000 0.000000 0.000000 0.000000 1.000000
0.999759 0.014955 0.016046 0.000000 -0.010576 0.969548 -0.244672 0.121000 -0.019216 0.244443 0.969473 0.000000 0.000000 0.000000 0.000000 1.000000
0.999538 0.014958 0.026441 0.000000 -0.008092 0.970029 -0.242854 0.121000 -0.029281 0.242528 0.969702 -0.000000 0.000000 0.000000 0.000000 1.000000
0.999208 0.015161 0.036788 -0.000000 -0.005848 0.970480 -0.241109 0.121000 -0.039357 0.240703 0.969801 0.000000 0.000000 0.000000 0.000000 1.000000
0.998802 0.015654 0.046365 0.000000 -0.004091 0.970848 -0.239660 0.121000 -0.048765 0.239183 0.969749 0.000000 0.000000 0.000000 0.000000 1.000000
0.998313 0.016401 0.055706 0.000000 -0.002663 0.971209 -0.238213 0.121000 -0.058009 0.237663 0.969614 -0.000000 0.000000 0.000000 0.000000 1.000000
0.997651 0.017275 0.066282 0.000000 -0.001105 0.971607 -0.236596 0.121000 -0.068487 0.235967 0.969345 0.000000 0.000000 0.000000 0.000000 1.000000
0.996681 0.018003 0.079386 0.000000 0.001183 0.971932 -0.235260 0.121000 -0.081393 0.234573 0.968685 0.000000 0.000000 0.000000 0.000000 1.000000
0.995489 0.018102 0.093132 0.000000 0.004242 0.972154 -0.234304 0.121000 -0.094780 0.233642 0.967692 0.000000 0.000000 0.000000 0.000000 1.000000
0.994411 0.016917 0.104210 0.000000 0.007894 0.972400 -0.233187 0.121000 -0.105279 0.232706 0.966832 0.000000 0.000000 0.000000 0.000000 1.000000
0.993819 0.014722 0.110035 0.000000 0.011243 0.972725 -0.231688 0.121000 -0.110445 0.231493 0.966547 0.000000 0.000000 0.000000 0.000000 1.000000
0.993747 0.012659 0.110937 0.000000 0.013363 0.972928 -0.230722 0.121000 -0.110854 0.230762 0.966675 -0.000000 0.000000 0.000000 0.000000 1.000000
0.993954 0.011907 0.109154 0.000000 0.013797 0.972680 -0.231741 0.121000 -0.108931 0.231846 0.966634 0.000000 0.000000 0.000000 0.000000 1.000000
0.994154 0.012280 0.107266 -0.000000 0.013261 0.972099 -0.234196 0.121000 -0.107149 0.234250 0.966253 0.000000 0.000000 0.000000 0.000000 1.000000
0.994199 0.013343 0.106725 -0.000000 0.012351 0.971548 -0.236522 0.121000 -0.106844 0.236468 0.965747 0.000000 0.000000 0.000000 0.000000 1.000000
0.994083 0.014558 0.107647 0.000000 0.011481 0.971347 -0.237390 0.121000 -0.108019 0.237221 0.965431 0.000000 0.000000 0.000000 0.000000 1.000000
0.993838 0.015645 0.109734 0.000000 0.010844 0.971516 -0.236726 0.121000 -0.110312 0.236457 0.965360 0.000000 0.000000 0.000000 0.000000 1.000000
0.993562 0.016429 0.112094 0.000000 0.010559 0.971693 -0.236010 0.121000 -0.112798 0.235674 0.965264 0.000000 0.000000 0.000000 0.000000 1.000000
0.993356 0.016935 0.113829 0.000000 0.010529 0.971591 -0.236433 0.121000 -0.114599 0.236061 0.964957 0.000000 0.000000 0.000000 0.000000 1.000000
0.993328 0.017445 0.113999 0.000000 0.010275 0.971174 -0.238151 0.121000 -0.114867 0.237733 0.964515 0.000000 0.000000 0.000000 0.000000 1.000000
0.993426 0.018652 0.112948 -0.000000 0.009056 0.970741 -0.239957 0.121000 -0.114119 0.239402 0.964191 -0.000000 0.000000 0.000000 0.000000 1.000000
0.993504 0.021709 0.111711 0.000000 0.005783 0.970737 -0.240076 0.121000 -0.113654 0.239162 0.964305 0.000000 0.000000 0.000000 0.000000 1.000000
0.993368 0.027208 0.111714 -0.000000 0.000112 0.971369 -0.237574 0.121000 -0.114980 0.236011 0.964924 0.000000 0.000000 0.000000 0.000000 1.000000
0.992960 0.034893 0.113193 0.000000 -0.007708 0.972635 -0.232211 0.121000 -0.118198 0.229704 0.966057 0.000000 0.000000 0.000000 0.000000 1.000000
0.992404 0.043037 0.115248 0.000000 -0.016255 0.974472 -0.223921 0.121000 -0.121943 0.220347 0.967769 0.000000 0.000000 0.000000 0.000000 1.000000
0.991912 0.050011 0.116660 0.000000 -0.024098 0.976589 -0.213759 0.121000 -0.124619 0.209219 0.969896 0.000000 0.000000 0.000000 0.000000 1.000000
0.991644 0.054820 0.116773 -0.000000 -0.030151 0.978634 -0.203385 0.121000 -0.125428 0.198165 0.972110 -0.000000 0.000000 0.000000 0.000000 1.000000
0.991430 0.057707 0.117201 0.000000 -0.034128 0.980402 -0.194031 0.121000 -0.126101 0.188368 0.973969 -0.000000 0.000000 0.000000 0.000000 1.000000
0.991160 0.059378 0.118644 0.000000 -0.036520 0.981817 -0.186283 0.121000 -0.127548 0.180303 0.975306 -0.000000 0.000000 0.000000 0.000000 1.000000
0.990798 0.062122 0.120252 0.000000 -0.039653 0.982694 -0.180941 0.121000 -0.129411 0.174507 0.976115 0.000000 0.000000 0.000000 0.000000 1.000000
0.990284 0.066484 0.122136 0.000000 -0.043929 0.982894 -0.178857 0.121000 -0.131938 0.171754 0.976265 0.000000 0.000000 0.000000 0.000000 1.000000
0.989760 0.069677 0.124581 0.000000 -0.046532 0.982590 -0.179866 0.121000 -0.134945 0.172227 0.975770 0.000000 0.000000 0.000000 0.000000 1.000000
