<?xml version="1.0" encoding="utf-8"?>
<COLLADA xmlns="http://www.collada.org/2005/11/COLLADASchema" version="1.4.1">
  <asset><contributor><author>Mixamo</author><authoring_tool>COLLADA Mixamo exporter</authoring_tool><comments></comments></contributor><created>2020-05-26T16:49:07Z</created><modified>2020-05-26T16:49:07Z</modified><revision></revision><title></title><unit meter="0.010000"/><up_axis>Y_UP</up_axis></asset>
  <library_animations>
    <animation id="mixamorig_Hips-anim" name="mixamorig_Hips"><source id="mixamorig_Hips-Matrix-animation-input"><float_array id="mixamorig_Hips-Matrix-animation-input-array" count="85">

0.000000 0.033333 0.066667 0.100000 0.133333 0.166667 0.200000 0.233333 0.266667 0.300000 0.333333 0.366667 0.400000 0.433333 0.466667 0.500000
0.533333 0.566667 0.600000 0.633333 0.666667 0.700000 0.733333 0.766667 0.800000 0.833333 0.866667 0.900000 0.933333 0.966667 1.000000 1.033333
1.066667 1.100000 1.133333 1.166667 1.200000 1.233333 1.266667 1.300000 1.333333 1.366667 1.400000 1.433333 1.466667 1.500000 1.533333 1.566667
1.600000 1.633333 1.666667 1.700000 1.733333 1.766667 1.800000 1.833333 1.866667 1.900000 1.933333 1.966667 2.000000 2.033333 2.066667 2.100000
2.133333 2.166667 2.200000 2.233333 2.266667 2.300000 2.333333 2.366667 2.400000 2.433333 2.466667 2.500000 2.533333 2.566667 2.600000 2.633333
2.666667 2.700000 2.733333 2.766667 2.800000</float_array><technique_common><accessor source="#mixamorig_Hips-Matrix-animation-input-array" count="85"><param name="TIME" type="float"/></accessor></technique_common></source><source id="mixamorig_Hips-Matrix-animation-output-transform"><float_array id="mixamorig_Hips-Matrix-animation-output-transform-array" count="1360">

0.946175 -0.006116 -0.323599 0.001707 -0.059473 0.979512 -0.192406 0.533356 0.318146 0.201295 0.926425 0.003897 0.000000 0.000000 0.000000 1.000000
0.947210 -0.006444 -0.320550 0.002011 -0.058195 0.979735 -0.191658 0.533421 0.315289 0.200195 0.927639 0.003793 0.000000 0.000000 0.000000 1.000000
0.948322 -0.008114 -0.317206 0.002588 -0.055457 0.980049 -0.190863 0.533549 0.312426 0.198591 0.928952 0.003694 0.000000 0.000000 0.000000 1.000000
0.948622 -0.012179 -0.316176 0.003358 -0.051319 0.980106 -0.191726 0.533515 0.312221 0.198102 0.929125 0.003549 0.000000 0.000000 0.000000 1.000000
0.947589 -0.016922 -0.319043 0.004039 -0.047372 0.980116 -0.192685 0.532835 0.315960 0.197700 0.927946 0.003444 0.000000 0.000000 0.000000 1.000000
0.946382 -0.018469 -0.322522 0.004474 -0.045189 0.980980 -0.188775 0.531570 0.319874 0.193228 0.927547 0.003641 0.000000 0.000000 0.000000 1.000000
0.948173 -0.011388 -0.317552 0.004815 -0.045950 0.983940 -0.172486 0.530324 0.314416 0.178138 0.932421 0.004636 0.000000 0.000000 0.000000 1.000000
0.956364 0.006644 -0.292102 0.005616 -0.049667 0.988888 -0.140122 0.529969 0.287925 0.148515 0.946067 0.006812 0.000000 0.000000 0.000000 1.000000
0.969138 0.027083 -0.245025 0.006525 -0.052117 0.993990 -0.096272 0.530093 0.240945 0.106071 0.964725 0.009875 0.000000 0.000000 0.000000 1.000000
0.982462 0.038661 -0.182413 0.006886 -0.048448 0.997598 -0.049503 0.530435 0.180061 0.057472 0.981975 0.013647 0.000000 0.000000 0.000000 1.000000
0.993118 0.037430 -0.110974 0.006403 -0.038613 0.999218 -0.008526 0.530904 0.110568 0.012752 0.993787 0.018112 0.000000 0.000000 0.000000 1.000000
0.998947 0.029366 -0.035240 0.005291 -0.028706 0.999406 0.019073 0.531584 0.035779 -0.018041 0.999197 0.023201 0.000000 0.000000 0.000000 1.000000
0.998960 0.023436 0.039121 0.003793 -0.024778 0.999108 0.034182 0.532146 -0.038285 -0.035115 0.998650 0.028216 0.000000 0.000000 0.000000 1.000000
0.995129 0.015632 0.097339 0.001544 -0.019934 0.998860 0.043379 0.532672 -0.096549 -0.045108 0.994306 0.032422 0.000000 0.000000 0.000000 1.000000
0.992034 0.000618 0.125965 -0.001694 -0.006557 0.998886 0.046741 0.532903 -0.125796 -0.047195 0.990933 0.035427 0.000000 0.000000 0.000000 1.000000
0.992504 -0.021158 0.120363 -0.005901 0.016292 0.999015 0.041269 0.532115 -0.121117 -0.038999 0.991872 0.036959 0.000000 0.000000 0.000000 1.000000
0.995336 -0.041482 0.087096 -0.010741 0.039481 0.998918 0.024569 0.529185 -0.088021 -0.021016 0.995897 0.036693 0.000000 0.000000 0.000000 1.000000
0.997960 -0.050244 0.039388 -0.015447 0.050156 0.998736 0.003220 0.523713 -0.039500 -0.001238 0.999219 0.034423 0.000000 0.000000 0.000000 1.000000
0.998712 -0.048362 -0.015315 -0.019240 0.048105 0.998702 -0.016711 0.516202 0.016103 0.015953 0.999743 0.030275 0.000000 0.000000 0.000000 1.000000
0.996408 -0.041586 -0.073764 -0.021986 0.039136 0.998643 -0.034349 0.507864 0.075092 0.031339 0.996684 0.024636 0.000000 0.000000 0.000000 1.000000
0.990436 -0.032312 -0.134139 -0.023964 0.025573 0.998337 -0.051657 0.499982 0.135586 0.047732 0.989615 0.018063 0.000000 0.000000 0.000000 1.000000
0.981223 -0.013891 -0.192375 -0.025601 0.000372 0.997537 -0.070135 0.493685 0.192876 0.068747 0.978812 0.011413 0.000000 0.000000 0.000000 1.000000
0.971977 0.028428 -0.233350 -0.026418 -0.050571 0.994705 -0.089467 0.488415 0.229572 0.098761 0.968268 0.005974 0.000000 0.000000 0.000000 1.000000
0.968979 0.091324 -0.229649 -0.025786 -0.119607 0.986439 -0.112391 0.482249 0.216271 0.136372 0.966762 0.002271 0.000000 0.000000 0.000000 1.000000
0.973763 0.146969 -0.173742 -0.024019 -0.172088 0.975137 -0.139618 0.473375 0.148903 0.165854 0.974844 -0.000260 0.000000 0.000000 0.000000 1.000000
0.983187 0.162811 -0.082677 -0.021843 -0.174420 0.971364 -0.161339 0.461715 0.054042 0.173047 0.983430 -0.002170 0.000000 0.000000 0.000000 1.000000
0.992781 0.119936 0.000630 -0.020290 -0.118296 0.980042 -0.159761 0.448745 -0.019779 0.158533 0.987156 -0.003549 0.000000 0.000000 0.000000 1.000000
0.998159 0.041236 0.044475 -0.018572 -0.033907 0.987409 -0.154514 0.436006 -0.050286 0.152721 0.986989 -0.003199 0.000000 0.000000 0.000000 1.000000
0.998042 -0.041400 0.046876 -0.016142 0.049455 0.981241 -0.186335 0.425186 -0.038282 0.188288 0.981367 0.000256 0.000000 0.000000 0.000000 1.000000
0.994259 -0.103727 0.026270 -0.013499 0.106987 0.959643 -0.260076 0.416724 0.001767 0.261393 0.965231 0.005510 0.000000 0.000000 0.000000 1.000000
0.991702 -0.128526 0.002973 -0.010793 0.121726 0.931292 -0.343332 0.410126 0.041359 0.340845 0.939209 0.010279 0.000000 0.000000 0.000000 1.000000
0.993878 -0.110286 -0.006578 -0.007913 0.098919 0.914798 -0.391613 0.403336 0.049207 0.388564 0.920107 0.011997 0.000000 0.000000 0.000000 1.000000
0.997022 -0.076976 0.004615 -0.006016 0.072242 0.911419 -0.405089 0.396571 0.026976 0.404216 0.914266 0.011288 0.000000 0.000000 0.000000 1.000000
0.997938 -0.057107 0.029292 -0.006053 0.064099 0.909898 -0.409850 0.390823 -0.003248 0.410883 0.911682 0.010004 0.000000 0.000000 0.000000 1.000000
0.997053 -0.055802 0.052636 -0.007528 0.072787 0.904821 -0.419525 0.386187 -0.024216 0.422120 0.906216 0.009149 0.000000 0.000000 0.000000 1.000000
0.996072 -0.061298 0.063894 -0.009136 0.082947 0.898463 -0.431142 0.382102 -0.030978 0.434748 0.900019 0.008651 0.000000 0.000000 0.000000 1.000000
0.995815 -0.063927 0.065307 -0.009920 0.086047 0.896587 -0.434429 0.378643 -0.030782 0.438230 0.898336 0.008168 0.000000 0.000000 0.000000 1.000000
0.996073 -0.061689 0.063501 -0.010404 0.083234 0.896925 -0.434278 0.376222 -0.030166 0.437858 0.898538 0.007936 0.000000 0.000000 0.000000 1.000000
0.996865 -0.049443 0.061767 -0.010814 0.071436 0.898050 -0.434055 0.374890 -0.034009 0.437107 0.898766 0.007914 0.000000 0.000000 0.000000 1.000000
0.997532 -0.030730 0.063125 -0.011105 0.055130 0.899574 -0.433274 0.374420 -0.043471 0.435685 0.899049 0.007932 0.000000 0.000000 0.000000 1.000000
0.997502 -0.018590 0.068142 -0.011131 0.046216 0.901340 -0.430640 0.374421 -0.053413 0.432714 0.899948 0.007844 0.000000 0.000000 0.000000 1.000000
0.997210 -0.027846 0.069259 -0.011017 0.055022 0.901205 -0.429886 0.374465 -0.050446 0.432498 0.900223 0.007716 0.000000 0.000000 0.000000 1.000000
0.997163 -0.049084 0.057066 -0.010827 0.068993 0.899135 -0.432199 0.374601 -0.030096 0.434910 0.899971 0.007377 0.000000 0.000000 0.000000 1.000000
0.997468 -0.060885 0.036741 -0.010393 0.070831 0.896575 -0.437191 0.374727 -0.006323 0.438687 0.898618 0.006808 0.000000 0.000000 0.000000 1.000000
0.998619 -0.048470 0.020281 -0.009701 0.052440 0.895359 -0.442247 0.374416 0.003277 0.442700 0.896664 0.006140 0.000000 0.000000 0.000000 1.000000
0.999768 -0.013375 0.016870 -0.008869 0.019474 0.895926 -0.443776 0.373227 -0.009178 0.444002 0.895979 0.005465 0.000000 0.000000 0.000000 1.000000
0.999411 0.025523 0.022929 -0.008263 -0.012909 0.898906 -0.437951 0.371351 -0.031789 0.437397 0.898706 0.004494 0.000000 0.000000 0.000000 1.000000
0.998390 0.049022 0.028522 -0.007777 -0.032020 0.902283 -0.429953 0.369657 -0.046812 0.428347 0.902401 0.003373 0.000000 0.000000 0.000000 1.000000
0.998333 0.050834 0.027350 -0.007245 -0.034326 0.903722 -0.426742 0.368230 -0.046410 0.425092 0.903960 0.002334 0.000000 0.000000 0.000000 1.000000
0.999083 0.038454 0.018828 -0.006569 -0.026591 0.901926 -0.431070 0.366837 -0.033557 0.430174 0.902122 0.001319 0.000000 0.000000 0.000000 1.000000
0.999574 0.028154 0.007720 -0.005832 -0.021913 0.898319 -0.438797 0.365484 -0.019289 0.438441 0.898553 0.000003 0.000000 0.000000 0.000000 1.000000
0.999513 0.031195 0.000060 -0.005392 -0.027939 0.896057 -0.443058 0.364874 -0.013875 0.442841 0.896493 -0.001748 0.000000 0.000000 0.000000 1.000000
0.998967 0.045233 -0.004430 -0.005412 -0.042522 0.895768 -0.442483 0.365175 -0.016047 0.442215 0.896766 -0.003648 0.000000 0.000000 0.000000 1.000000
0.997991 0.062821 -0.008196 -0.005598 -0.060013 0.895974 -0.440033 0.366122 -0.020300 0.439641 0.897944 -0.005447 0.000000 0.000000 0.000000 1.000000
0.997103 0.075101 -0.012045 -0.005597 -0.072824 0.896908 -0.436180 0.367734 -0.021954 0.435793 0.899779 -0.007052 0.000000 0.000000 0.000000 1.000000
0.997051 0.075576 -0.013319 -0.005109 -0.074049 0.901920 -0.425508 0.370821 -0.020146 0.425240 0.904856 -0.008524 0.000000 0.000000 0.000000 1.000000
0.997979 0.062858 -0.009356 -0.003743 -0.061311 0.913568 -0.402038 0.376072 -0.016724 0.401799 0.915575 -0.009775 0.000000 0.000000 0.000000 1.000000
0.999153 0.041085 -0.002201 -0.000660 -0.039088 0.931159 -0.362512 0.383449 -0.012844 0.362291 0.931976 -0.010834 0.000000 0.000000 0.000000 1.000000
0.999879 0.014984 -0.004065 0.003686 -0.015506 0.950831 -0.309322 0.392967 -0.000770 0.309347 0.950949 -0.011941 0.000000 0.000000 0.000000 1.000000
0.999527 -0.008448 -0.029570 0.008080 0.000688 0.967431 -0.253134 0.404990 0.030745 0.252994 0.966979 -0.013195 0.000000 0.000000 0.000000 1.000000
0.996399 -0.023368 -0.081499 0.010598 0.005758 0.977696 -0.209945 0.419307 0.084587 0.208720 0.974311 -0.014554 0.000000 0.000000 0.000000 1.000000
0.991202 -0.026958 -0.129580 0.011196 0.002689 0.982937 -0.183925 0.435079 0.132327 0.181958 0.974362 -0.015927 0.000000 0.000000 0.000000 1.000000
0.988447 -0.022554 -0.149877 0.010943 -0.003531 0.985171 -0.171537 0.451619 0.151523 0.170085 0.973710 -0.017419 0.000000 0.000000 0.000000 1.000000
0.988765 -0.015882 -0.148631 0.010384 -0.009359 0.985811 -0.167600 0.468147 0.149184 0.167108 0.974587 -0.019133 0.000000 0.000000 0.000000 1.000000
0.988791 -0.011996 -0.148824 0.009695 -0.013003 0.986060 -0.165878 0.483857 0.148739 0.165954 0.974852 -0.020973 0.000000 0.000000 0.000000 1.000000
0.985650 -0.012748 -0.168320 0.008683 -0.014749 0.986827 -0.161104 0.498137 0.168156 0.161275 0.972478 -0.022529 0.000000 0.000000 0.000000 1.000000
0.979415 -0.015826 -0.201236 0.007571 -0.015942 0.987743 -0.155270 0.510658 0.201227 0.155282 0.967158 -0.023338 0.000000 0.000000 0.000000 1.000000
0.972256 -0.017406 -0.233271 0.006668 -0.019147 0.987960 -0.153523 0.520897 0.233134 0.153730 0.960216 -0.023225 0.000000 0.000000 0.000000 1.000000
0.967532 -0.015930 -0.252247 0.006033 -0.024669 0.987295 -0.156974 0.528974 0.251542 0.158100 0.954846 -0.022296 0.000000 0.000000 0.000000 1.000000
0.967570 -0.010935 -0.252366 0.005712 -0.031283 0.986184 -0.162672 0.535349 0.250658 0.165292 0.953860 -0.020798 0.000000 0.000000 0.000000 1.000000
0.971201 -0.003821 -0.238232 0.005613 -0.036727 0.985520 -0.165533 0.540736 0.235415 0.169515 0.956998 -0.019124 0.000000 0.000000 0.000000 1.000000
0.975186 0.003919 -0.221354 0.005603 -0.041607 0.985272 -0.165856 0.545264 0.217443 0.170950 0.960986 -0.017521 0.000000 0.000000 0.000000 1.000000
0.977752 0.011387 -0.209454 0.005574 -0.047128 0.984923 -0.166453 0.548786 0.204400 0.172621 0.963547 -0.015880 0.000000 0.000000 0.000000 1.000000
0.978409 0.017709 -0.205920 0.005462 -0.053154 0.984370 -0.167902 0.551111 0.199728 0.175222 0.964057 -0.014039 0.000000 0.000000 0.000000 1.000000
0.977286 0.021655 -0.210817 0.005222 -0.058166 0.983972 -0.168568 0.552075 0.203787 0.177002 0.962882 -0.011921 0.000000 0.000000 0.000000 1.000000
0.974732 0.021752 -0.222318 0.004807 -0.059921 0.984233 -0.166418 0.551736 0.215193 0.175534 0.960666 -0.009720 0.000000 0.000000 0.000000 1.000000
0.971115 0.018234 -0.237915 0.004210 -0.058142 0.985105 -0.161825 0.550382 0.231420 0.170983 0.957711 -0.007647 0.000000 0.000000 0.000000 1.000000
0.966677 0.013283 -0.255656 0.003536 -0.055035 0.986086 -0.156860 0.547398 0.250015 0.165703 0.953957 -0.005641 0.000000 0.000000 0.000000 1.000000
0.961792 0.008615 -0.273645 0.002901 -0.052812 0.986571 -0.154561 0.542964 0.268639 0.163107 0.949331 -0.003642 0.000000 0.000000 0.000000 1.000000
0.957077 0.005099 -0.289788 0.002427 -0.052995 0.986068 -0.157674 0.538230 0.284947 0.166263 0.944014 -0.001625 0.000000 0.000000 0.000000 1.000000
0.953326 0.002388 -0.301935 0.002193 -0.054847 0.984702 -0.165388 0.535036 0.296921 0.174229 0.938873 0.000240 0.000000 0.000000 0.000000 1.000000
0.950493 -0.000469 -0.310745 0.002055 -0.056581 0.983021 -0.174551 0.533692 0.305551 0.183492 0.934328 0.001811 0.000000 0.000000 0.000000 1.000000
0.947926 -0.003621 -0.318471 0.001851 -0.058268 0.981087 -0.184589 0.533364 0.313116 0.193533 0.929787 0.003085 0.000000 0.000000 0.000000 1.000000
0.945865 -0.006211 -0.324500 0.001709 -0.059698 0.979429 -0.192757 0.533338 0.319022 0.201695 0.926037 0.003892 0.000000 0.000000 0.000000 1.000000
0.946175 -0.006130 -0.323596 0.001751 -0.059458 0.979512 -0.192406 0.533357 0.318146 0.201291 0.926426 0.003920 0.000000 0.000000 0.000000 1.000000</float_array><technique_common><accessor source="#mixamorig_Hips-Matrix-animation-output-transform-array" count="85" stride="16"><param type="float4x4"/></accessor></technique_common></source><source id="mixamorig_Hips-Interpolations"><Name_array id="mixamorig_Hips-Interpolations-array" count="85">
 LINEAR LINEAR LINEAR LINEAR LINEAR LINEAR LINEAR LINEAR LINEAR LINEAR LINEAR
LINEAR LINEAR LINEAR LINEAR LINEAR LINEAR LINEAR LINEAR LINEAR LINEAR LINEAR LINEAR
LINEAR LINEAR LINEAR LINEAR LINEAR LINEAR LINEAR LINEAR LINEAR LINEAR LINEAR LINEAR
LINEAR LINEAR LINEAR LINEAR LINEAR LINEAR LINEAR LINEAR LINEAR LINEAR LINEAR LINEAR
LINEAR LINEAR LINEAR LINEAR LINEAR LINEAR LINEAR LINEAR LINEAR LINEAR LINEAR LINEAR
LINEAR LINEAR LINEAR LINEAR LINEAR LINEAR LINEAR LINEAR LINEAR LINEAR LINEAR LINEAR
LINEAR LINEAR LINEAR LINEAR LINEAR LINEAR LINEAR LINEAR LINEAR LINEAR LINEAR LINEAR
LINEAR LINEAR</Name_array><technique_common><accessor source="#mixamorig_Hips-Interpolations-array" count="85"><param type="name"/></accessor></technique_common></source><sampler id="mixamorig_Hips-Matrix-animation-transform"><input semantic="INPUT" source="#mixamorig_Hips-Matrix-animation-input"/><input semantic="OUTPUT" source="#mixamorig_Hips-Matrix-animation-output-transform"/><input semantic="INTERPOLATION" source="#mixamorig_Hips-Interpolations"/></sampler><channel source="#mixamorig_Hips-Matrix-animation-transform" target="mixamorig_Hips/matrix"/></animation>
    <animation id="mixamorig_Spine-anim" name="mixamorig_Spine"><source id="mixamorig_Spine-Matrix-animation-input"><float_array id="mixamorig_Spine-Matrix-animation-input-array" count="85">

0.000000 0.033333 0.066667 0.100000 0.133333 0.166667 0.200000 0.233333 0.266667 0.300000 0.333333 0.366667 0.400000 0.433333 0.466667 0.500000
0.533333 0.566667 0.600000 0.633333 0.666667 0.700000 0.733333 0.766667 0.800000 0.833333 0.866667 0.900000 0.933333 0.966667 1.000000 1.033333
1.066667 1.100000 1.133333 1.166667 1.200000 1.233333 1.266667 1.300000 1.333333 1.366667 1.400000 1.433333 1.466667 1.500000 1.533333 1.566667
1.600000 1.633333 1.666667 1.700000 1.733333 1.766667 1.800000 1.833333 1.866667 1.900000 1.933333 1.966667 2.000000 2.033333 2.066667 2.100000
2.133333 2.166667 2.200000 2.233333 2.266667 2.300000 2.333333 2.366667 2.400000 2.433333 2.466667 2.500000 2.533333 2.566667 2.600000 2.633333
2.666667 2.700000 2.733333 2.766667 2.800000</float_array><technique_common><accessor source="#mixamorig_Spine-Matrix-animation-input-array" count="85"><param name="TIME" type="float"/></accessor></technique_common></source><source id="mixamorig_Spine-Matrix-animation-output-transform"><float_array id="mixamorig_Spine-Matrix-animation-output-transform-array" count="1360">

0.999440 -0.032467 -0.008159 0.000000 0.031513 0.994693 -0.097941 0.090600 0.011295 0.097629 0.995159 0.005100 0.000000 0.000000 0.000000 1.000000
0.999382 -0.034468 -0.006900 0.000000 0.033559 0.993958 -0.104508 0.090600 0.010460 0.104212 0.994500 0.005100 0.000000 0.000000 0.000000 1.000000
0.999235 -0.038503 -0.006908 0.000000 0.037480 0.992915 -0.112758 0.090600 0.011200 0.112413 0.993598 0.005100 0.000000 0.000000 0.000000 1.000000
0.998976 -0.044125 -0.010013 0.000000 0.042589 0.991711 -0.121229 0.090600 0.015279 0.120678 0.992574 0.005100 0.000000 0.000000 0.000000 1.000000
0.998707 -0.048100 -0.016463 0.000000 0.045642 0.990930 -0.126390 0.090600 0.022393 0.125475 0.991844 0.005100 0.000000 0.000000 0.000000 1.000000
0.998609 -0.046204 -0.025407 0.000000 0.042642 0.991074 -0.126309 0.090600 0.031016 0.125050 0.991666 0.005100 0.000000 0.000000 0.000000 1.000000
0.998486 -0.041975 -0.035536 -0.000000 0.037442 0.992092 -0.119801 0.090600 0.040284 0.118289 0.992162 0.005100 0.000000 0.000000 0.000000 1.000000
0.998137 -0.043906 -0.042367 0.000000 0.039256 0.993701 -0.104961 0.090600 0.046709 0.103102 0.993573 0.005100 0.000000 0.000000 0.000000 1.000000
0.998040 -0.049905 -0.037748 0.000000 0.046740 0.995657 -0.080513 0.090600 0.041602 0.078591 0.996039 0.005100 0.000000 0.000000 0.000000 1.000000
0.998976 -0.042894 -0.014374 0.000000 0.042155 0.997943 -0.048303 0.090600 0.016417 0.047648 0.998729 0.005100 0.000000 0.000000 0.000000 1.000000
0.999494 -0.017298 0.026690 -0.000000 0.017594 0.999786 -0.010910 0.090600 -0.026495 0.011374 0.999584 0.005100 0.000000 0.000000 0.000000 1.000000
0.997434 0.007636 0.071187 -0.000000 -0.009859 0.999473 0.030932 0.090600 -0.070913 -0.031555 0.996983 0.005100 0.000000 0.000000 0.000000 1.000000
0.994599 0.016584 0.102458 -0.000000 -0.023819 0.997276 0.069802 0.090600 -0.101022 -0.071865 0.992285 0.005100 0.000000 0.000000 0.000000 1.000000
0.992707 0.013510 0.119791 -0.000000 -0.024930 0.995226 0.094355 0.090600 -0.117944 -0.096654 0.988305 0.005100 0.000000 0.000000 0.000000 1.000000
0.990637 0.006990 0.136347 -0.000000 -0.021074 0.994548 0.102125 0.090600 -0.134889 -0.104042 0.985383 0.005100 0.000000 0.000000 0.000000 1.000000
0.988110 -0.001466 0.153740 0.000000 -0.013619 0.995190 0.097015 0.090600 -0.153143 -0.097955 0.983337 0.005100 0.000000 0.000000 0.000000 1.000000
0.987328 -0.016116 0.157872 0.000000 0.003709 0.996902 0.078568 0.090600 -0.158649 -0.076986 0.984329 0.005100 0.000000 0.000000 0.000000 1.000000
0.988746 -0.038886 0.144463 -0.000000 0.033203 0.998585 0.041545 0.090600 -0.145874 -0.036281 0.988638 0.005100 0.000000 0.000000 0.000000 1.000000
0.990107 -0.060662 0.126523 -0.000000 0.062958 0.997915 -0.014224 0.090600 -0.125396 0.022049 0.991862 0.005100 0.000000 0.000000 0.000000 1.000000
0.991678 -0.065929 0.110578 0.000000 0.074980 0.993988 -0.079790 0.090600 -0.104653 0.087417 0.990659 0.005100 0.000000 0.000000 0.000000 1.000000
0.995078 -0.047584 0.086917 0.000000 0.060168 0.987088 -0.148448 0.090600 -0.078731 0.152947 0.985093 0.005100 0.000000 0.000000 0.000000 1.000000
0.998748 -0.013042 0.048302 -0.000000 0.023155 0.976306 -0.215153 0.090600 -0.044351 0.216002 0.975385 0.005100 0.000000 0.000000 0.000000 1.000000
0.999865 0.016031 0.003612 -0.000000 -0.014492 0.963822 -0.266153 0.090600 -0.007748 0.266065 0.963924 0.005100 0.000000 0.000000 0.000000 1.000000
0.999451 0.019027 -0.027118 0.000000 -0.026156 0.955595 -0.293521 0.090600 0.020329 0.294069 0.955568 0.005100 0.000000 0.000000 0.000000 1.000000
0.999544 0.008176 -0.029072 0.000000 -0.016857 0.949777 -0.312472 0.090600 0.025057 0.312820 0.949482 0.005100 0.000000 0.000000 0.000000 1.000000
0.999730 0.021387 -0.009092 -0.000000 -0.023213 0.937650 -0.346805 0.090600 0.001108 0.346922 0.937893 0.005100 0.000000 0.000000 0.000000 1.000000
0.997901 0.064706 0.002440 0.000000 -0.057937 0.909068 -0.412601 0.090600 -0.028916 0.411594 0.910909 0.005100 0.000000 0.000000 0.000000 1.000000
0.995227 0.096207 -0.016365 0.000000 -0.091755 0.865375 -0.492653 0.090600 -0.033235 0.491803 0.870072 0.005100 0.000000 0.000000 0.000000 1.000000
0.993792 0.101204 -0.046212 -0.000000 -0.110135 0.836091 -0.537421 0.090600 -0.015752 0.539174 0.842047 0.005100 0.000000 0.000000 0.000000 1.000000
0.991040 0.117310 -0.063856 0.000000 -0.133190 0.832260 -0.538149 0.090600 -0.009985 0.541832 0.840427 0.005100 0.000000 0.000000 0.000000 1.000000
0.987679 0.139436 -0.071051 0.000000 -0.155757 0.831807 -0.532763 0.090600 -0.015186 0.537265 0.843276 0.005100 0.000000 0.000000 0.000000 1.000000
0.989231 0.131330 -0.064613 0.000000 -0.145150 0.823510 -0.548419 0.090600 -0.018814 0.551892 0.833704 0.005100 0.000000 0.000000 0.000000 1.000000
0.994593 0.092923 -0.046377 0.000000 -0.102402 0.803073 -0.587016 0.090600 -0.017304 0.588591 0.808246 0.005100 0.000000 0.000000 0.000000 1.000000
0.997127 0.063152 -0.041836 -0.000000 -0.075408 0.774829 -0.627657 0.090600 -0.007222 0.629008 0.777365 0.005100 0.000000 0.000000 0.000000 1.000000
0.996660 0.055946 -0.059489 -0.000000 -0.081238 0.753440 -0.652479 0.090600 0.008318 0.655132 0.755469 0.005100 0.000000 0.000000 0.000000 1.000000
0.995920 0.046215 -0.077508 0.000000 -0.086253 0.739994 -0.667061 0.090600 0.026527 0.671024 0.740961 0.005100 0.000000 0.000000 0.000000 1.000000
0.996152 0.026356 -0.083583 0.000000 -0.076559 0.725878 -0.683550 0.090600 0.042655 0.687319 0.725102 0.005100 0.000000 0.000000 0.000000 1.000000
0.996213 0.013619 -0.085871 0.000000 -0.069915 0.712591 -0.698087 0.090600 0.051684 0.701447 0.710845 0.005100 0.000000 0.000000 0.000000 1.000000
0.995916 0.012823 -0.089364 -0.000000 -0.072427 0.704407 -0.706092 0.090600 0.053895 0.709681 0.702459 0.005100 0.000000 0.000000 0.000000 1.000000
0.995614 0.008845 -0.093142 -0.000000 -0.072879 0.697602 -0.712769 0.090600 0.058671 0.716431 0.695187 0.005100 0.000000 0.000000 0.000000 1.000000
0.994745 -0.004161 -0.102301 0.000000 -0.071063 0.691251 -0.719112 0.090600 0.073707 0.722602 0.687323 0.005100 0.000000 0.000000 0.000000 1.000000
0.992745 -0.012938 -0.119542 0.000000 -0.077646 0.690125 -0.719513 0.090600 0.091808 0.723575 0.684113 0.005100 0.000000 0.000000 0.000000 1.000000
0.990386 -0.007575 -0.138124 -0.000000 -0.094617 0.691310 -0.716336 0.090600 0.100913 0.722518 0.683948 0.005100 0.000000 0.000000 0.000000 1.000000
0.988721 0.003636 -0.149727 0.000000 -0.110856 0.689991 -0.715278 0.090600 0.100710 0.723809 0.682612 0.005100 0.000000 0.000000 0.000000 1.000000
0.988608 0.003919 -0.150460 0.000000 -0.111733 0.688883 -0.716210 0.090600 0.100842 0.724862 0.681473 0.005100 0.000000 0.000000 0.000000 1.000000
0.989727 -0.012235 -0.142448 -0.000000 -0.095108 0.687569 -0.719864 0.090600 0.106750 0.726016 0.679341 0.005100 0.000000 0.000000 0.000000 1.000000
0.990501 -0.033471 -0.133371 -0.000000 -0.075349 0.679227 -0.730050 0.090600 0.115025 0.733164 0.670253 0.005100 0.000000 0.000000 0.000000 1.000000
0.990491 -0.047065 -0.129277 0.000000 -0.065119 0.667354 -0.741888 0.090600 0.121191 0.743252 0.657943 0.005100 0.000000 0.000000 0.000000 1.000000
0.989883 -0.050752 -0.132497 -0.000000 -0.065915 0.662450 -0.746200 0.090600 0.125644 0.747385 0.652403 0.005100 0.000000 0.000000 0.000000 1.000000
0.989001 -0.047737 -0.139992 0.000000 -0.073148 0.664773 -0.743456 0.090600 0.128553 0.745519 0.653969 0.005100 0.000000 0.000000 0.000000 1.000000
0.988426 -0.041473 -0.145924 0.000000 -0.081374 0.666869 -0.740719 0.090600 0.128032 0.744020 0.655776 0.005100 0.000000 0.000000 0.000000 1.000000
0.988638 -0.035841 -0.145979 0.000000 -0.085950 0.661937 -0.744615 0.090600 0.123317 0.748702 0.651336 0.005100 0.000000 0.000000 0.000000 1.000000
0.989603 -0.031065 -0.140435 0.000000 -0.087032 0.648016 -0.756638 0.090600 0.114509 0.760993 0.638575 0.005100 0.000000 0.000000 0.000000 1.000000
0.990687 -0.026169 -0.133619 -0.000000 -0.086407 0.637583 -0.765521 0.090600 0.105226 0.769937 0.629384 0.005100 0.000000 0.000000 0.000000 1.000000
0.991349 -0.025782 -0.128692 0.000000 -0.082587 0.639539 -0.764310 0.090600 0.102009 0.768326 0.631877 0.005100 0.000000 0.000000 0.000000 1.000000
0.991726 -0.027650 -0.125361 0.000000 -0.078540 0.641761 -0.762872 0.090600 0.101546 0.766406 0.634279 0.005100 0.000000 0.000000 0.000000 1.000000
0.993307 -0.028667 -0.111887 -0.000000 -0.067051 0.645645 -0.760688 0.090600 0.094047 0.763099 0.639402 0.005100 0.000000 0.000000 0.000000 1.000000
0.996396 -0.030993 -0.078956 0.000000 -0.038772 0.661496 -0.748946 0.090600 0.075441 0.749308 0.657911 0.005100 0.000000 0.000000 0.000000 1.000000
0.999024 -0.034147 -0.028030 -0.000000 0.002808 0.682282 -0.731084 0.090600 0.044088 0.730291 0.681712 0.005100 0.000000 0.000000 0.000000 1.000000
0.999660 -0.021655 0.014528 -0.000000 0.025614 0.710885 -0.702841 0.090600 0.004892 0.702974 0.711198 0.005100 0.000000 0.000000 0.000000 1.000000
0.999656 0.003991 0.025918 0.000000 0.014321 0.744856 -0.667072 0.090600 -0.021967 0.667214 0.744542 0.005100 0.000000 0.000000 0.000000 1.000000
0.999794 0.019430 0.005815 -0.000000 -0.011402 0.775585 -0.631140 0.090600 -0.016773 0.630944 0.775647 0.005100 0.000000 0.000000 0.000000 1.000000
0.999737 0.009417 -0.020904 0.000000 -0.019930 0.807676 -0.589290 0.090600 0.011335 0.589552 0.807651 0.005100 0.000000 0.000000 0.000000 1.000000
0.999361 -0.007100 -0.035035 0.000000 -0.012932 0.841890 -0.539494 0.090600 0.033327 0.539602 0.841260 0.005100 0.000000 0.000000 0.000000 1.000000
0.999313 -0.012717 -0.034797 -0.000000 -0.005890 0.872766 -0.488103 0.090600 0.036577 0.487973 0.872092 0.005100 0.000000 0.000000 0.000000 1.000000
0.999543 -0.005174 -0.029772 -0.000000 -0.008483 0.897563 -0.440804 0.090600 0.029003 0.440855 0.897109 0.005100 0.000000 0.000000 0.000000 1.000000
0.999600 0.007905 -0.027163 0.000000 -0.018030 0.917901 -0.396400 0.090600 0.021800 0.396732 0.917676 0.005100 0.000000 0.000000 0.000000 1.000000
0.999502 0.015583 -0.027443 0.000000 -0.024247 0.935792 -0.351718 0.090600 0.020200 0.352209 0.935704 0.005100 0.000000 0.000000 0.000000 1.000000
0.999400 0.011995 -0.032504 0.000000 -0.021356 0.952004 -0.305341 0.090600 0.027281 0.305852 0.951688 0.005100 0.000000 0.000000 0.000000 1.000000
0.999044 -0.001168 -0.043701 0.000000 -0.010318 0.965103 -0.261667 0.090600 0.042481 0.261868 0.964168 0.005100 0.000000 0.000000 0.000000 1.000000
0.998210 -0.016471 -0.057486 -0.000000 0.002916 0.973580 -0.228325 0.090600 0.059728 0.227749 0.971886 0.005100 0.000000 0.000000 0.000000 1.000000
0.997298 -0.028942 -0.067517 0.000000 0.014398 0.978302 -0.206685 0.090600 0.072034 0.205155 0.976075 0.005100 0.000000 0.000000 0.000000 1.000000
0.996686 -0.038625 -0.071585 0.000000 0.024289 0.981238 -0.191262 0.090600 0.077630 0.188890 0.978925 0.005100 0.000000 0.000000 0.000000 1.000000
0.996379 -0.046270 -0.071334 0.000000 0.032929 0.983484 -0.177976 0.090600 0.078390 0.174983 0.981446 0.005100 0.000000 0.000000 0.000000 1.000000
0.996381 -0.050370 -0.068468 0.000000 0.038299 0.985146 -0.167396 0.090600 0.075882 0.164168 0.983509 0.005100 0.000000 0.000000 0.000000 1.000000
0.996749 -0.049168 -0.063835 0.000000 0.038364 0.986269 -0.160626 0.090600 0.070856 0.157655 0.984949 0.005100 0.000000 0.000000 0.000000 1.000000
0.997410 -0.043142 -0.057558 -0.000000 0.033629 0.987016 -0.157062 0.090600 0.063587 0.154720 0.985910 0.005100 0.000000 0.000000 0.000000 1.000000
0.998110 -0.035344 -0.050273 0.000000 0.027121 0.987425 -0.155747 0.090600 0.055145 0.154090 0.986517 0.005100 0.000000 0.000000 0.000000 1.000000
0.998596 -0.030844 -0.043063 0.000000 0.023875 0.987801 -0.153879 0.090600 0.047284 0.152635 0.987151 0.005100 0.000000 0.000000 0.000000 1.000000
0.998872 -0.030807 -0.036141 0.000000 0.025167 0.988775 -0.147279 0.090600 0.040273 0.146203 0.988434 0.005100 0.000000 0.000000 0.000000 1.000000
0.998980 -0.034176 -0.029498 -0.000000 0.029818 0.990082 -0.137287 0.090600 0.033898 0.136268 0.990092 0.005100 0.000000 0.000000 0.000000 1.000000
0.999050 -0.036956 -0.023095 -0.000000 0.033732 0.991316 -0.127099 0.090600 0.027591 0.126199 0.991621 0.005100 0.000000 0.000000 0.000000 1.000000
0.999213 -0.036133 -0.016356 0.000000 0.033989 0.992620 -0.116409 0.090600 0.020441 0.115761 0.993067 0.005100 0.000000 0.000000 0.000000 1.000000
0.999377 -0.033664 -0.010612 -0.000000 0.032364 0.993932 -0.105126 0.090600 0.014086 0.104717 0.994402 0.005100 0.000000 0.000000 0.000000 1.000000
0.999440 -0.032452 -0.008163 0.000000 0.031498 0.994694 -0.097941 0.090600 0.011298 0.097629 0.995159 0.005100 0.000000 0.000000 0.000000 1.000000</float_array><technique_common><accessor source="#mixamorig_Spine-Matrix-animation-output-transform-array" count="85" stride="16"><param type="float4x4"/></accessor></technique_common></source><source id="mixamorig_Spine-Interpolations"><Name_array id="mixamorig_Spine-Interpolations-array" count="85">
 LINEAR LINEAR LINEAR LINEAR LINEAR LINEAR LINEAR LINEAR LINEAR LINEAR LINEAR
LINEAR LINEAR LINEAR LINEAR LINEAR LINEAR LINEAR LINEAR LINEAR LINEAR LINEAR LINEAR
LINEAR LINEAR LINEAR LINEAR LINEAR LINEAR LINEAR LINEAR LINEAR LINEAR LINEAR LINEAR
LINEAR LINEAR LINEAR LINEAR LINEAR LINEAR LINEAR LINEAR LINEAR LINEAR LINEAR LINEAR
LINEAR LINEAR LINEAR LINEAR LINEAR LINEAR LINEAR LINEAR LINEAR LINEAR LINEAR LINEAR
LINEAR LINEAR LINEAR LINEAR LINEAR LINEAR LINEAR LINEAR LINEAR LINEAR LINEAR LINEAR
LINEAR LINEAR LINEAR LINEAR LINEAR LINEAR LINEAR LINEAR LINEAR LINEAR LINEAR LINEAR
LINEAR LINEAR</Name_array><technique_common><accessor source="#mixamorig_Spine-Interpolations-array" count="85"><param type="name"/></accessor></technique_common></source><sampler id="mixamorig_Spine-Matrix-animation-transform"><input semantic="INPUT" source="#mixamorig_Spine-Matrix-animation-input"/><input semantic="OUTPUT" source="#mixamorig_Spine-Matrix-animation-output-transform"/><input semantic="INTERPOLATION" source="#mixamorig_Spine-Interpolations"/></sampler><channel source="#mixamorig_Spine-Matrix-animation-transform" target="mixamorig_Spine/matrix"/></animation>
    <animation id="mixamorig_Spine1-anim" name="mixamorig_Spine1"><source id="mixamorig_Spine1-Matrix-animation-input"><float_array id="mixamorig_Spine1-Matrix-animation-input-array" count="85">

0.000000 0.033333 0.066667 0.100000 0.133333 0.166667 0.200000 0.233333 0.266667 0.300000 0.333333 0.366667 0.400000 0.433333 0.466667 0.500000
0.533333 0.566667 0.600000 0.633333 0.666667 0.700000 0.733333 0.766667 0.800000 0.833333 0.866667 0.900000 0.933333 0.966667 1.000000 1.033333
1.066667 1.100000 1.133333 1.166667 1.200000 1.233333 1.266667 1.300000 1.333333 1.366667 1.400000 1.433333 1.466667 1.500000 1.533333 1.566667
1.600000 1.633333 1.666667 1.700000 1.733333 1.766667 1.800000 1.833333 1.866667 1.900000 1.933333 1.966667 2.000000 2.033333 2.066667 2.100000
2.133333 2.166667 2.200000 2.233333 2.266667 2.300000 2.333333 2.366667 2.400000 2.433333 2.466667 2.500000 2.533333 2.566667 2.600000 2.633333
2.666667 2.700000 2.733333 2.766667 2.800000</float_array><technique_common><accessor source="#mixamorig_Spine1-Matrix-animation-input-array" count="85"><param name="TIME" type="float"/></accessor></technique_common></source><source id="mixamorig_Spine1-Matrix-animation-output-transform"><float_array id="mixamorig_Spine1-Matrix-animation-output-transform-array" count="1360">

0.999463 -0.026739 -0.018938 0.000000 0.024061 0.991255 -0.129750 0.105900 0.022242 0.129225 0.991366 0.000000 0.000000 0.000000 0.000000 1.000000
0.999497 -0.025497 -0.018841 0.000000 0.022884 0.991529 -0.127858 0.105900 0.021941 0.127362 0.991614 0.000000 0.000000 0.000000 0.000000 1.000000
0.999539 -0.023442 -0.019284 0.000000 0.020836 0.991849 -0.125705 0.105900 0.022074 0.125245 0.991880 -0.000000 0.000000 0.000000 0.000000 1.000000
0.999574 -0.020499 -0.020759 0.000000 0.017780 0.992176 -0.123578 0.105900 0.023130 0.123156 0.992118 0.000000 0.000000 0.000000 0.000000 1.000000
0.999576 -0.017709 -0.023133 0.000000 0.014769 0.992471 -0.121590 0.105900 0.025112 0.121197 0.992311 0.000000 0.000000 0.000000 0.000000 1.000000
0.999523 -0.016805 -0.025895 0.000000 0.013576 0.992659 -0.120178 0.105900 0.027724 0.119769 0.992415 0.000000 0.000000 0.000000 0.000000 1.000000
0.999423 -0.017972 -0.028813 -0.000000 0.014389 0.992660 -0.120081 0.105900 0.030759 0.119597 0.992346 0.000000 0.000000 0.000000 0.000000 1.000000
0.999320 -0.020075 -0.030936 0.000000 0.016202 0.992557 -0.120697 0.105900 0.033129 0.120113 0.992207 0.000000 0.000000 0.000000 0.000000 1.000000
0.999307 -0.022514 -0.029658 0.000000 0.018839 0.992732 -0.118863 0.105900 0.032119 0.118222 0.992468 0.000000 0.000000 0.000000 0.000000 1.000000
0.999422 -0.025853 -0.022058 0.000000 0.023205 0.993344 -0.112824 0.105900 0.024828 0.112247 0.993370 0.000000 0.000000 0.000000 0.000000 1.000000
0.999525 -0.029667 -0.008300 0.000000 0.028619 0.993929 -0.106238 0.105900 0.011401 0.105950 0.994306 0.000000 0.000000 0.000000 0.000000 1.000000
0.999489 -0.031335 0.006367 0.000000 0.031825 0.994169 -0.103025 0.105900 -0.003102 0.103175 0.994658 0.000000 0.000000 0.000000 0.000000 1.000000
0.999435 -0.029493 0.016108 0.000000 0.030986 0.994297 -0.102043 0.105900 -0.013006 0.102485 0.994650 -0.000000 0.000000 0.000000 0.000000 1.000000
0.999465 -0.025183 0.020856 0.000000 0.027145 0.994632 -0.099850 0.105900 -0.018229 0.100362 0.994784 -0.000000 0.000000 0.000000 0.000000 1.000000
0.999495 -0.019506 0.025071 0.000000 0.021787 0.995314 -0.094211 0.105900 -0.023116 0.094710 0.995237 0.000000 0.000000 0.000000 0.000000 1.000000
0.999487 -0.012730 0.029382 0.000000 0.015201 0.996225 -0.085469 0.105900 -0.028183 0.085872 0.995907 0.000000 0.000000 0.000000 0.000000 1.000000
0.999558 -0.005269 0.029257 -0.000000 0.007457 0.997140 -0.075207 0.105900 -0.028777 0.075392 0.996739 0.000000 0.000000 0.000000 0.000000 1.000000
0.999728 0.001632 0.023248 -0.000000 -0.000129 0.997917 -0.064513 0.105900 -0.023305 0.064492 0.997646 0.000000 0.000000 0.000000 0.000000 1.000000
0.999856 0.006090 0.015824 -0.000000 -0.005214 0.998481 -0.054842 0.105900 -0.016133 0.054752 0.998370 0.000000 0.000000 0.000000 0.000000 1.000000
0.999930 0.006265 0.010068 -0.000000 -0.005782 0.998862 -0.047333 0.105900 -0.010353 0.047272 0.998828 0.000000 0.000000 0.000000 0.000000 1.000000
0.999992 0.000834 0.003882 0.000000 -0.000673 0.999151 -0.041181 0.105900 -0.003913 0.041178 0.999144 0.000000 0.000000 0.000000 0.000000 1.000000
0.999927 -0.011007 -0.005067 -0.000000 0.010809 0.999237 -0.037542 0.105900 0.005477 0.037484 0.999282 0.000000 0.000000 0.000000 0.000000 1.000000
0.999459 -0.028764 -0.015922 -0.000000 0.028087 0.998756 -0.041203 0.105900 0.017088 0.040733 0.999024 0.000000 0.000000 0.000000 0.000000 1.000000
0.998441 -0.050110 -0.024582 0.000000 0.048847 0.997576 -0.049568 0.105900 0.027007 0.048290 0.998468 0.000000 0.000000 0.000000 0.000000 1.000000
0.997193 -0.070245 -0.025929 0.000000 0.068872 0.996346 -0.050504 0.105900 0.029382 0.048576 0.998387 0.000000 0.000000 0.000000 0.000000 1.000000
0.996642 -0.079344 -0.020218 0.000000 0.078455 0.996054 -0.041495 0.105900 0.023431 0.039769 0.998934 0.000000 0.000000 0.000000 0.000000 1.000000
0.997395 -0.070615 -0.014704 -0.000000 0.070141 0.997069 -0.030571 0.105900 0.016820 0.029460 0.999424 -0.000000 0.000000 0.000000 0.000000 1.000000
0.998796 -0.046540 -0.015491 -0.000000 0.046249 0.998756 -0.018621 0.105900 0.016338 0.017883 0.999707 -0.000000 0.000000 0.000000 0.000000 1.000000
0.999671 -0.017984 -0.018301 0.000000 0.017892 0.999827 -0.005174 0.105900 0.018391 0.004845 0.999819 -0.000000 0.000000 0.000000 0.000000 1.000000
0.999855 0.004271 -0.016493 0.000000 -0.004195 0.999980 0.004654 0.105900 0.016512 -0.004584 0.999853 0.000000 0.000000 0.000000 0.000000 1.000000
0.999764 0.017610 -0.012757 -0.000000 -0.017492 0.999804 0.009277 0.105900 0.012918 -0.009052 0.999876 -0.000000 0.000000 0.000000 0.000000 1.000000
0.999780 0.017943 -0.010827 -0.000000 -0.017836 0.999792 0.009934 0.105900 0.011003 -0.009738 0.999892 0.000000 0.000000 0.000000 0.000000 1.000000
0.999904 0.008344 -0.011064 0.000000 -0.008250 0.999930 0.008490 0.105900 0.011134 -0.008398 0.999903 0.000000 0.000000 0.000000 0.000000 1.000000
0.999907 0.001345 -0.013585 0.000000 -0.001212 0.999952 0.009769 0.105900 0.013597 -0.009751 0.999860 0.000000 0.000000 0.000000 0.000000 1.000000
0.999851 0.002950 -0.017023 0.000000 -0.002686 0.999877 0.015471 0.105900 0.017066 -0.015423 0.999735 0.000000 0.000000 0.000000 0.000000 1.000000
0.999763 0.008816 -0.019884 0.000000 -0.008409 0.999755 0.020459 0.105900 0.020059 -0.020287 0.999593 -0.000000 0.000000 0.000000 0.000000 1.000000
0.999685 0.012373 -0.021818 0.000000 -0.011897 0.999691 0.021817 0.105900 0.022081 -0.021550 0.999524 -0.000000 0.000000 0.000000 0.000000 1.000000
0.999675 0.010623 -0.023192 0.000000 -0.010143 0.999734 0.020720 0.105900 0.023406 -0.020478 0.999516 0.000000 0.000000 0.000000 0.000000 1.000000
0.999693 0.003476 -0.024536 0.000000 -0.003014 0.999818 0.018841 0.105900 0.024597 -0.018761 0.999521 0.000000 0.000000 0.000000 0.000000 1.000000
0.999631 -0.004653 -0.026749 0.000000 0.005109 0.999842 0.017028 0.105900 0.026665 -0.017158 0.999497 0.000000 0.000000 0.000000 0.000000 1.000000
0.999527 -0.006306 -0.030096 0.000000 0.006780 0.999854 0.015661 0.105900 0.029993 -0.015858 0.999424 0.000000 0.000000 0.000000 0.000000 1.000000
0.999468 0.000882 -0.032612 0.000000 -0.000376 0.999880 0.015516 0.105900 0.032621 -0.015496 0.999348 -0.000000 0.000000 0.000000 0.000000 1.000000
0.999410 0.011402 -0.032400 0.000000 -0.010856 0.999797 0.016979 0.105900 0.032587 -0.016617 0.999331 0.000000 0.000000 0.000000 0.000000 1.000000
0.999378 0.017411 -0.030656 0.000000 -0.016853 0.999689 0.018368 0.105900 0.030966 -0.017840 0.999361 -0.000000 0.000000 0.000000 0.000000 1.000000
0.999430 0.015142 -0.030162 -0.000000 -0.014607 0.999734 0.017875 0.105900 0.030424 -0.017425 0.999385 -0.000000 0.000000 0.000000 0.000000 1.000000
0.999469 0.005938 -0.032026 0.000000 -0.005445 0.999866 0.015458 0.105900 0.032113 -0.015275 0.999368 0.000000 0.000000 0.000000 0.000000 1.000000
0.999362 -0.005961 -0.035207 -0.000000 0.006399 0.999903 0.012344 0.105900 0.035130 -0.012561 0.999304 0.000000 0.000000 0.000000 0.000000 1.000000
0.999167 -0.014851 -0.038013 0.000000 0.015223 0.999839 0.009520 0.105900 0.037866 -0.010091 0.999232 -0.000000 0.000000 0.000000 0.000000 1.000000
0.999080 -0.016741 -0.039470 0.000000 0.017056 0.999825 0.007668 0.105900 0.039335 -0.008334 0.999191 0.000000 0.000000 0.000000 0.000000 1.000000
0.999122 -0.013536 -0.039655 0.000000 0.013819 0.999881 0.006860 0.105900 0.039558 -0.007402 0.999190 -0.000000 0.000000 0.000000 0.000000 1.000000
0.999165 -0.011318 -0.039256 0.000000 0.011583 0.999912 0.006522 0.105900 0.039179 -0.006971 0.999208 0.000000 0.000000 0.000000 0.000000 1.000000
