<?xml version="1.0" encoding="utf-8"?>
<COLLADA xmlns="http://www.collada.org/2005/11/COLLADASchema" version="1.4.1">
  <asset><contributor><author>Mixamo</author><authoring_tool>COLLADA Mixamo exporter</authoring_tool><comments></comments></contributor><created>2020-05-26T17:20:57Z</created><modified>2020-05-26T17:20:57Z</modified><revision></revision><title></title><unit meter="0.010000"/><up_axis>Y_UP</up_axis></asset>
  <library_animations>
    <animation id="mixamorig_Hips-anim" name="mixamorig_Hips"><source id="mixamorig_Hips-Matrix-animation-input"><float_array id="mixamorig_Hips-Matrix-animation-input-array" count="60">

0.000000 0.033333 0.066667 0.100000 0.133333 0.166667 0.200000 0.233333 0.266667 0.300000 0.333333 0.366667 0.400000 0.433333 0.466667 0.500000
0.533333 0.566667 0.600000 0.633333 0.666667 0.700000 0.733333 0.766667 0.800000 0.833333 0.866667 0.900000 0.933333 0.966667 1.000000 1.033333
1.066667 1.100000 1.133333 1.166667 1.200000 1.233333 1.266667 1.300000 1.333333 1.366667 1.400000 1.433333 1.466667 1.500000 1.533333 1.566667
1.600000 1.633333 1.666667 1.700000 1.733333 1.766667 1.800000 1.833333 1.866667 1.900000 1.933333 1.966667</float_array><technique_common><accessor source="#mixamorig_Hips-Matrix-animation-input-array" count="60"><param name="TIME" type="float"/></accessor></technique_common></source><source id="mixamorig_Hips-Matrix-animation-output-transform"><float_array id="mixamorig_Hips-Matrix-animation-output-transform-array" count="960">

0.728868 0.050792 -0.682768 0.004284 0.003182 0.996982 0.077564 0.547386 0.684647 -0.058706 0.726506 -0.007377 0.000000 0.000000 0.000000 1.000000
0.728569 0.051030 -0.683068 0.004355 0.003194 0.996957 0.077887 0.547460 0.684964 -0.058928 0.726190 -0.007442 0.000000 0.000000 0.000000 1.000000
0.728358 0.051237 -0.683278 0.004431 0.003202 0.996935 0.078171 0.547537 0.685189 -0.059124 0.725962 -0.007483 0.000000 0.000000 0.000000 1.000000
0.728360 0.051580 -0.683250 0.004508 0.003049 0.996909 0.078509 0.547625 0.685187 -0.059266 0.725952 -0.007479 0.000000 0.000000 0.000000 1.000000
0.728643 0.051959 -0.682920 0.004570 0.002834 0.996881 0.078870 0.547723 0.684888 -0.059403 0.726223 -0.007416 0.000000 0.000000 0.000000 1.000000
0.729144 0.052366 -0.682354 0.004607 0.002656 0.996844 0.079339 0.547828 0.684355 -0.059662 0.726704 -0.007295 0.000000 0.000000 0.000000 1.000000
0.729712 0.052796 -0.681713 0.004622 0.002582 0.996795 0.079962 0.547943 0.683750 -0.060110 0.727237 -0.007124 0.000000 0.000000 0.000000 1.000000
0.730184 0.053243 -0.681173 0.004624 0.002574 0.996738 0.080668 0.548088 0.683246 -0.060656 0.727665 -0.006913 0.000000 0.000000 0.000000 1.000000
0.730465 0.053588 -0.680844 0.004619 0.002599 0.996691 0.081236 0.548282 0.682945 -0.061110 0.727909 -0.006666 0.000000 0.000000 0.000000 1.000000
0.730536 0.053810 -0.680751 0.004618 0.002604 0.996664 0.081577 0.548516 0.682870 -0.061368 0.727958 -0.006383 0.000000 0.000000 0.000000 1.000000
0.730422 0.053987 -0.680859 0.004638 0.002588 0.996645 0.081802 0.548748 0.682991 -0.061512 0.727832 -0.006076 0.000000 0.000000 0.000000 1.000000
0.730209 0.054247 -0.681067 0.004697 0.002573 0.996618 0.082139 0.548931 0.683219 -0.061731 0.727599 -0.005768 0.000000 0.000000 0.000000 1.000000
0.730084 0.054624 -0.681170 0.004789 0.002605 0.996570 0.082708 0.549045 0.683352 -0.062158 0.727438 -0.005475 0.000000 0.000000 0.000000 1.000000
0.730270 0.055064 -0.680936 0.004880 0.002684 0.996507 0.083460 0.549118 0.683153 -0.062776 0.727572 -0.005201 0.000000 0.000000 0.000000 1.000000
0.730805 0.055566 -0.680321 0.004937 0.002699 0.996438 0.084285 0.549215 0.682581 -0.063432 0.728052 -0.004937 0.000000 0.000000 0.000000 1.000000
0.731407 0.056049 -0.679634 0.004952 0.002601 0.996380 0.084970 0.549388 0.681937 -0.063915 0.728613 -0.004679 0.000000 0.000000 0.000000 1.000000
0.731682 0.056455 -0.679305 0.004947 0.002382 0.996347 0.085369 0.549642 0.681642 -0.064081 0.728874 -0.004433 0.000000 0.000000 0.000000 1.000000
0.731469 0.056739 -0.679510 0.004949 0.002115 0.996338 0.085470 0.549929 0.681872 -0.063956 0.728670 -0.004204 0.000000 0.000000 0.000000 1.000000
0.730977 0.056944 -0.680022 0.004963 0.001868 0.996342 0.085440 0.550192 0.682400 -0.063725 0.728196 -0.003990 0.000000 0.000000 0.000000 1.000000
0.730568 0.057140 -0.680445 0.004982 0.001679 0.996339 0.085470 0.550392 0.682838 -0.063584 0.727797 -0.003777 0.000000 0.000000 0.000000 1.000000
0.730458 0.057282 -0.680551 0.004991 0.001593 0.996331 0.085571 0.550530 0.682955 -0.063590 0.727687 -0.003549 0.000000 0.000000 0.000000 1.000000
0.730619 0.057422 -0.680367 0.004985 0.001556 0.996315 0.085759 0.550637 0.682784 -0.063715 0.727837 -0.003295 0.000000 0.000000 0.000000 1.000000
0.730900 0.057544 -0.680054 0.004966 0.001544 0.996297 0.085964 0.550742 0.682483 -0.063881 0.728105 -0.003020 0.000000 0.000000 0.000000 1.000000
0.731160 0.057582 -0.679772 0.004938 0.001588 0.996285 0.086101 0.550857 0.682205 -0.064033 0.728352 -0.002742 0.000000 0.000000 0.000000 1.000000
0.731290 0.057561 -0.679634 0.004908 0.001650 0.996280 0.086154 0.550966 0.682065 -0.064125 0.728475 -0.002486 0.000000 0.000000 0.000000 1.000000
0.731245 0.057477 -0.679689 0.004882 0.001714 0.996286 0.086094 0.551053 0.682113 -0.064121 0.728430 -0.002278 0.000000 0.000000 0.000000 1.000000
0.731034 0.057385 -0.679924 0.004858 0.001723 0.996299 0.085940 0.551112 0.682339 -0.063997 0.728229 -0.002136 0.000000 0.000000 0.000000 1.000000
0.730776 0.057247 -0.680213 0.004832 0.001697 0.996322 0.085674 0.551156 0.682615 -0.063762 0.727991 -0.002059 0.000000 0.000000 0.000000 1.000000
0.730575 0.057099 -0.680441 0.004800 0.001626 0.996349 0.085354 0.551184 0.682831 -0.063464 0.727815 -0.002038 0.000000 0.000000 0.000000 1.000000
0.730443 0.057002 -0.680591 0.004768 0.001512 0.996374 0.085073 0.551177 0.682972 -0.063171 0.727708 -0.002065 0.000000 0.000000 0.000000 1.000000
0.730359 0.056894 -0.680689 0.004744 0.001453 0.996393 0.084841 0.551094 0.683062 -0.062954 0.727643 -0.002142 0.000000 0.000000 0.000000 1.000000
0.730355 0.056819 -0.680701 0.004733 0.001453 0.996403 0.084730 0.550921 0.683066 -0.062872 0.727645 -0.002269 0.000000 0.000000 0.000000 1.000000
0.730508 0.056813 -0.680537 0.004728 0.001469 0.996400 0.084759 0.550693 0.682903 -0.062917 0.727795 -0.002439 0.000000 0.000000 0.000000 1.000000
0.730807 0.056851 -0.680212 0.004714 0.001456 0.996393 0.084840 0.550484 0.682582 -0.062992 0.728089 -0.002635 0.000000 0.000000 0.000000 1.000000
0.731105 0.056904 -0.679888 0.004684 0.001383 0.996390 0.084882 0.550358 0.682264 -0.062998 0.728387 -0.002839 0.000000 0.000000 0.000000 1.000000
0.731194 0.056735 -0.679806 0.004638 0.001369 0.996412 0.084630 0.550327 0.682168 -0.062811 0.728492 -0.003046 0.000000 0.000000 0.000000 1.000000
0.730978 0.056397 -0.680067 0.004596 0.001409 0.996452 0.084150 0.550329 0.682400 -0.062470 0.728305 -0.003262 0.000000 0.000000 0.000000 1.000000
0.730584 0.056048 -0.680519 0.004576 0.001478 0.996493 0.083658 0.550272 0.682821 -0.062125 0.727939 -0.003498 0.000000 0.000000 0.000000 1.000000
0.730294 0.055789 -0.680851 0.004572 0.001569 0.996520 0.083338 0.550100 0.683131 -0.061930 0.727665 -0.003749 0.000000 0.000000 0.000000 1.000000
0.730304 0.055615 -0.680854 0.004564 0.001678 0.996531 0.083201 0.549833 0.683120 -0.061904 0.727678 -0.003993 0.000000 0.000000 0.000000 1.000000
0.730544 0.055466 -0.680609 0.004537 0.001791 0.996537 0.083135 0.549551 0.682863 -0.061953 0.727915 -0.004209 0.000000 0.000000 0.000000 1.000000
0.730743 0.055274 -0.680411 0.004489 0.001924 0.996546 0.083022 0.549332 0.682650 -0.061977 0.728113 -0.004397 0.000000 0.000000 0.000000 1.000000
0.730671 0.054983 -0.680512 0.004430 0.002080 0.996568 0.082752 0.549200 0.682727 -0.061880 0.728049 -0.004572 0.000000 0.000000 0.000000 1.000000
0.730302 0.054645 -0.680936 0.004371 0.002241 0.996598 0.082380 0.549120 0.683121 -0.061689 0.727695 -0.004762 0.000000 0.000000 0.000000 1.000000
0.729799 0.054312 -0.681501 0.004321 0.002400 0.996630 0.081996 0.549029 0.683658 -0.061476 0.727209 -0.004989 0.000000 0.000000 0.000000 1.000000
0.729375 0.054035 -0.681977 0.004285 0.002518 0.996657 0.081661 0.548887 0.684110 -0.061278 0.726800 -0.005258 0.000000 0.000000 0.000000 1.000000
0.729155 0.053789 -0.682231 0.004260 0.002593 0.996682 0.081353 0.548697 0.684343 -0.061088 0.726596 -0.005557 0.000000 0.000000 0.000000 1.000000
0.729152 0.053527 -0.682256 0.004237 0.002650 0.996708 0.081029 0.548493 0.684347 -0.060891 0.726610 -0.005864 0.000000 0.000000 0.000000 1.000000
0.729300 0.053241 -0.682119 0.004211 0.002705 0.996736 0.080689 0.548315 0.684189 -0.060692 0.726775 -0.006157 0.000000 0.000000 0.000000 1.000000
0.729503 0.052935 -0.681926 0.004189 0.002776 0.996763 0.080343 0.548176 0.683972 -0.060504 0.726995 -0.006421 0.000000 0.000000 0.000000 1.000000
0.729640 0.052573 -0.681807 0.004181 0.002904 0.996793 0.079969 0.548064 0.683825 -0.060328 0.727148 -0.006643 0.000000 0.000000 0.000000 1.000000
0.729610 0.052188 -0.681870 0.004194 0.003069 0.996824 0.079578 0.547951 0.683857 -0.060153 0.727132 -0.006817 0.000000 0.000000 0.000000 1.000000
0.729396 0.051945 -0.682117 0.004225 0.003147 0.996848 0.079278 0.547829 0.684084 -0.059972 0.726933 -0.006939 0.000000 0.000000 0.000000 1.000000
0.729077 0.051807 -0.682468 0.004258 0.003163 0.996865 0.079052 0.547705 0.684424 -0.059794 0.726628 -0.007023 0.000000 0.000000 0.000000 1.000000
0.728785 0.051687 -0.682789 0.004283 0.003174 0.996881 0.078852 0.547597 0.684735 -0.059634 0.726348 -0.007087 0.000000 0.000000 0.000000 1.000000
0.728625 0.051557 -0.682970 0.004291 0.003183 0.996897 0.078652 0.547516 0.684906 -0.059482 0.726200 -0.007147 0.000000 0.000000 0.000000 1.000000
0.728635 0.051377 -0.682973 0.004288 0.003194 0.996917 0.078400 0.547460 0.684895 -0.059307 0.726224 -0.007211 0.000000 0.000000 0.000000 1.000000
0.728756 0.051133 -0.682862 0.004280 0.003206 0.996943 0.078072 0.547424 0.684766 -0.059085 0.726364 -0.007277 0.000000 0.000000 0.000000 1.000000
0.728848 0.050866 -0.682783 0.004281 0.003218 0.996971 0.077707 0.547396 0.684668 -0.058833 0.726477 -0.007344 0.000000 0.000000 0.000000 1.000000
0.728848 0.050738 -0.682793 0.004284 0.003223 0.996985 0.077525 0.547384 0.684668 -0.058705 0.726487 -0.007376 0.000000 0.000000 0.000000 1.000000</float_array><technique_common><accessor source="#mixamorig_Hips-Matrix-animation-output-transform-array" count="60" stride="16"><param type="float4x4"/></accessor></technique_common></source><source id="mixamorig_Hips-Interpolations"><Name_array id="mixamorig_Hips-Interpolations-array" count="60">
 LINEAR LINEAR LINEAR LINEAR LINEAR LINEAR LINEAR LINEAR LINEAR LINEAR LINEAR
LINEAR LINEAR LINEAR LINEAR LINEAR LINEAR LINEAR LINEAR LINEAR LINEAR LINEAR LINEAR
LINEAR LINEAR LINEAR LINEAR LINEAR LINEAR LINEAR LINEAR LINEAR LINEAR LINEAR LINEAR
LINEAR LINEAR LINEAR LINEAR LINEAR LINEAR LINEAR LINEAR LINEAR LINEAR LINEAR LINEAR
LINEAR LINEAR LINEAR LINEAR LINEAR LINEAR LINEAR LINEAR LINEAR LINEAR LINEAR LINEAR
LINEAR</Name_array><technique_common><accessor source="#mixamorig_Hips-Interpolations-array" count="60"><param type="name"/></accessor></technique_common></source><sampler id="mixamorig_Hips-Matrix-animation-transform"><input semantic="INPUT" source="#mixamorig_Hips-Matrix-animation-input"/><input semantic="OUTPUT" source="#mixamorig_Hips-Matrix-animation-output-transform"/><input semantic="INTERPOLATION" source="#mixamorig_Hips-Interpolations"/></sampler><channel source="#mixamorig_Hips-Matrix-animation-transform" target="mixamorig_Hips/matrix"/></animation>
    <animation id="mixamorig_Spine-anim" name="mixamorig_Spine"><source id="mixamorig_Spine-Matrix-animation-input"><float_array id="mixamorig_Spine-Matrix-animation-input-array" count="60">

0.000000 0.033333 0.066667 0.100000 0.133333 0.166667 0.200000 0.233333 0.266667 0.300000 0.333333 0.366667 0.400000 0.433333 0.466667 0.500000
0.533333 0.566667 0.600000 0.633333 0.666667 0.700000 0.733333 0.766667 0.800000 0.833333 0.866667 0.900000 0.933333 0.966667 1.000000 1.033333
1.066667 1.100000 1.133333 1.166667 1.200000 1.233333 1.266667 1.300000 1.333333 1.366667 1.400000 1.433333 1.466667 1.500000 1.533333 1.566667
1.600000 1.633333 1.666667 1.700000 1.733333 1.766667 1.800000 1.833333 1.866667 1.900000 1.933333 1.966667</float_array><technique_common><accessor source="#mixamorig_Spine-Matrix-animation-input-array" count="60"><param name="TIME" type="float"/></accessor></technique_common></source><source id="mixamorig_Spine-Matrix-animation-output-transform"><float_array id="mixamorig_Spine-Matrix-animation-output-transform-array" count="960">

0.996441 0.026828 0.079910 -0.000000 -0.014033 0.987567 -0.156569 0.090600 -0.083117 0.154890 0.984429 0.005100 0.000000 0.000000 0.000000 1.000000
0.996441 0.026828 0.079909 0.000000 -0.014037 0.987575 -0.156519 0.090600 -0.083115 0.154840 0.984437 0.005100 0.000000 0.000000 0.000000 1.000000
0.996441 0.026806 0.079912 0.000000 -0.014024 0.987592 -0.156412 0.090600 -0.083113 0.154735 0.984454 0.005100 0.000000 0.000000 0.000000 1.000000
0.996446 0.026739 0.079872 0.000000 -0.013978 0.987619 -0.156246 0.090600 -0.083061 0.154574 0.984484 0.005100 0.000000 0.000000 0.000000 1.000000
0.996458 0.026619 0.079768 0.000000 -0.013895 0.987657 -0.156018 0.090600 -0.082936 0.154357 0.984528 0.005100 0.000000 0.000000 0.000000 1.000000
0.996482 0.026403 0.079534 0.000000 -0.013740 0.987703 -0.155735 0.090600 -0.082668 0.154094 0.984592 0.005100 0.000000 0.000000 0.000000 1.000000
0.996507 0.026174 0.079295 0.000000 -0.013577 0.987756 -0.155414 0.090600 -0.082392 0.153794 0.984662 0.005100 0.000000 0.000000 0.000000 1.000000
0.996523 0.025974 0.079164 0.000000 -0.013430 0.987816 -0.155045 0.090600 -0.082227 0.153443 0.984730 0.005100 0.000000 0.000000 0.000000 1.000000
0.996529 0.025804 0.079148 0.000000 -0.013299 0.987885 -0.154620 0.090600 -0.082179 0.153030 0.984799 0.005100 0.000000 0.000000 0.000000 1.000000
0.996527 0.025655 0.079218 -0.000000 -0.013182 0.987963 -0.154126 0.090600 -0.082219 0.152547 0.984870 0.005100 0.000000 0.000000 0.000000 1.000000
0.996522 0.025513 0.079331 0.000000 -0.013068 0.988045 -0.153608 0.090600 -0.082301 0.152037 0.984942 0.005100 0.000000 0.000000 0.000000 1.000000
0.996516 0.025363 0.079455 0.000000 -0.012941 0.988123 -0.153122 0.090600 -0.082395 0.151560 0.985008 0.005100 0.000000 0.000000 0.000000 1.000000
0.996513 0.025185 0.079540 0.000000 -0.012787 0.988192 -0.152686 0.090600 -0.082446 0.151136 0.985069 0.005100 0.000000 0.000000 0.000000 1.000000
0.996521 0.024964 0.079520 0.000000 -0.012605 0.988257 -0.152279 0.090600 -0.082388 0.150746 0.985133 0.005100 0.000000 0.000000 0.000000 1.000000
0.996538 0.024704 0.079385 0.000000 -0.012403 0.988324 -0.151861 0.090600 -0.082209 0.150351 0.985209 0.005100 0.000000 0.000000 0.000000 1.000000
0.996555 0.024448 0.079249 -0.000000 -0.012207 0.988396 -0.151405 0.090600 -0.082031 0.149916 0.985290 0.005100 0.000000 0.000000 0.000000 1.000000
0.996563 0.024226 0.079221 -0.000000 -0.012032 0.988473 -0.150919 0.090600 -0.081964 0.149448 0.985367 0.005100 0.000000 0.000000 0.000000 1.000000
0.996560 0.024062 0.079305 0.000000 -0.011897 0.988548 -0.150435 0.090600 -0.082017 0.148974 0.985434 0.005100 0.000000 0.000000 0.000000 1.000000
0.996553 0.023936 0.079426 0.000000 -0.011791 0.988618 -0.149983 0.090600 -0.082112 0.148529 0.985493 0.005100 0.000000 0.000000 0.000000 1.000000
0.996550 0.023808 0.079502 0.000000 -0.011686 0.988679 -0.149591 0.090600 -0.082164 0.148146 0.985546 0.005100 0.000000 0.000000 0.000000 1.000000
0.996554 0.023664 0.079503 0.000000 -0.011572 0.988734 -0.149237 0.090600 -0.082138 0.147802 0.985600 0.005100 0.000000 0.000000 0.000000 1.000000
0.996561 0.023518 0.079454 -0.000000 -0.011463 0.988786 -0.148901 0.090600 -0.082065 0.147478 0.985655 0.005100 0.000000 0.000000 0.000000 1.000000
0.996568 0.023381 0.079409 -0.000000 -0.011361 0.988837 -0.148571 0.090600 -0.081997 0.147158 0.985708 0.005100 0.000000 0.000000 0.000000 1.000000
0.996571 0.023262 0.079401 0.000000 -0.011270 0.988883 -0.148265 0.090600 -0.081967 0.146862 0.985755 0.005100 0.000000 0.000000 0.000000 1.000000
0.996572 0.023168 0.079417 -0.000000 -0.011195 0.988922 -0.148012 0.090600 -0.081967 0.146616 0.985792 0.005100 0.000000 0.000000 0.000000 1.000000
0.996571 0.023113 0.079454 -0.000000 -0.011149 0.988948 -0.147842 0.090600 -0.081993 0.146449 0.985814 0.005100 0.000000 0.000000 0.000000 1.000000
0.996567 0.023112 0.079494 -0.000000 -0.011146 0.988956 -0.147789 0.090600 -0.082032 0.146396 0.985819 0.005100 0.000000 0.000000 0.000000 1.000000
0.996564 0.023166 0.079525 0.000000 -0.011189 0.988942 -0.147877 0.090600 -0.082072 0.146479 0.985803 0.005100 0.000000 0.000000 0.000000 1.000000
0.996560 0.023257 0.079549 0.000000 -0.011258 0.988911 -0.148079 0.090600 -0.082111 0.146674 0.985771 0.005100 0.000000 0.000000 0.000000 1.000000
0.996555 0.023368 0.079576 0.000000 -0.011343 0.988872 -0.148334 0.090600 -0.082157 0.146921 0.985730 0.005100 0.000000 0.000000 0.000000 1.000000
0.996550 0.023486 0.079602 0.000000 -0.011433 0.988829 -0.148614 0.090600 -0.082204 0.147191 0.985686 0.005100 0.000000 0.000000 0.000000 1.000000
0.996547 0.023602 0.079601 -0.000000 -0.011521 0.988777 -0.148951 0.090600 -0.082223 0.147520 0.985635 0.005100 0.000000 0.000000 0.000000 1.000000
0.996548 0.023713 0.079558 -0.000000 -0.011602 0.988713 -0.149369 0.090600 -0.082202 0.147931 0.985576 0.005100 0.000000 0.000000 0.000000 1.000000
0.996551 0.023821 0.079496 -0.000000 -0.011682 0.988647 -0.149804 0.090600 -0.082162 0.148359 0.985515 0.005100 0.000000 0.000000 0.000000 1.000000
0.996551 0.023936 0.079455 -0.000000 -0.011769 0.988586 -0.150199 0.090600 -0.082143 0.148746 0.985458 0.005100 0.000000 0.000000 0.000000 1.000000
0.996547 0.024074 0.079469 0.000000 -0.011875 0.988533 -0.150538 0.090600 -0.082182 0.149075 0.985405 0.005100 0.000000 0.000000 0.000000 1.000000
0.996538 0.024233 0.079525 -0.000000 -0.011999 0.988483 -0.150856 0.090600 -0.082264 0.149380 0.985352 0.005100 0.000000 0.000000 0.000000 1.000000
0.996530 0.024399 0.079572 0.000000 -0.012129 0.988431 -0.151189 0.090600 -0.082340 0.149699 0.985297 0.005100 0.000000 0.000000 0.000000 1.000000
0.996527 0.024539 0.079575 -0.000000 -0.012235 0.988371 -0.151568 0.090600 -0.082369 0.150068 0.985239 0.005100 0.000000 0.000000 0.000000 1.000000
0.996527 0.024634 0.079537 -0.000000 -0.012302 0.988309 -0.151966 0.090600 -0.082351 0.150460 0.985180 0.005100 0.000000 0.000000 0.000000 1.000000
0.996529 0.024735 0.079483 -0.000000 -0.012380 0.988252 -0.152330 0.090600 -0.082317 0.150817 0.985128 0.005100 0.000000 0.000000 0.000000 1.000000
0.996528 0.024854 0.079462 -0.000000 -0.012476 0.988204 -0.152632 0.090600 -0.082318 0.151111 0.985083 0.005100 0.000000 0.000000 0.000000 1.000000
0.996522 0.024995 0.079497 0.000000 -0.012588 0.988163 -0.152892 0.090600 -0.082377 0.151360 0.985040 0.005100 0.000000 0.000000 0.000000 1.000000
0.996511 0.025158 0.079574 0.000000 -0.012716 0.988121 -0.153154 0.090600 -0.082482 0.151608 0.984993 0.005100 0.000000 0.000000 0.000000 1.000000
0.996499 0.025344 0.079675 -0.000000 -0.012861 0.988073 -0.153446 0.090600 -0.082614 0.151884 0.984940 0.005100 0.000000 0.000000 0.000000 1.000000
0.996486 0.025537 0.079775 -0.000000 -0.013011 0.988022 -0.153762 0.090600 -0.082746 0.152183 0.984882 0.005100 0.000000 0.000000 0.000000 1.000000
0.996476 0.025720 0.079840 0.000000 -0.013154 0.987969 -0.154090 0.090600 -0.082842 0.152497 0.984826 0.005100 0.000000 0.000000 0.000000 1.000000
0.996469 0.025888 0.079866 -0.000000 -0.013289 0.987917 -0.154414 0.090600 -0.082898 0.152807 0.984773 0.005100 0.000000 0.000000 0.000000 1.000000
0.996466 0.026036 0.079866 -0.000000 -0.013410 0.987866 -0.154727 0.090600 -0.082926 0.153109 0.984724 0.005100 0.000000 0.000000 0.000000 1.000000
0.996463 0.026164 0.079860 0.000000 -0.013513 0.987819 -0.155021 0.090600 -0.082943 0.153394 0.984678 0.005100 0.000000 0.000000 0.000000 1.000000
0.996460 0.026274 0.079853 0.000000 -0.013600 0.987775 -0.155295 0.090600 -0.082957 0.153659 0.984635 0.005100 0.000000 0.000000 0.000000 1.000000
0.996457 0.026368 0.079859 0.000000 -0.013671 0.987734 -0.155545 0.090600 -0.082981 0.153903 0.984595 0.005100 0.000000 0.000000 0.000000 1.000000
0.996453 0.026439 0.079896 0.000000 -0.013717 0.987699 -0.155766 0.090600 -0.083031 0.154117 0.984558 0.005100 0.000000 0.000000 0.000000 1.000000
0.996447 0.026485 0.079943 0.000000 -0.013740 0.987669 -0.155954 0.090600 -0.083088 0.154302 0.984524 0.005100 0.000000 0.000000 0.000000 1.000000
0.996444 0.026524 0.079977 0.000000 -0.013759 0.987642 -0.156121 0.090600 -0.083129 0.154465 0.984495 0.005100 0.000000 0.000000 0.000000 1.000000
0.996442 0.026576 0.079979 0.000000 -0.013797 0.987618 -0.156272 0.090600 -0.083142 0.154612 0.984471 0.005100 0.000000 0.000000 0.000000 1.000000
0.996442 0.026631 0.079967 0.000000 -0.013843 0.987597 -0.156398 0.090600 -0.083140 0.154734 0.984452 0.005100 0.000000 0.000000 0.000000 1.000000
0.996441 0.026681 0.079956 0.000000 -0.013886 0.987581 -0.156498 0.090600 -0.083139 0.154831 0.984437 0.005100 0.000000 0.000000 0.000000 1.000000
0.996441 0.026715 0.079951 0.000000 -0.013913 0.987566 -0.156590 0.090600 -0.083140 0.154920 0.984422 0.005100 0.000000 0.000000 0.000000 1.000000
0.996440 0.026730 0.079949 -0.000000 -0.013925 0.987560 -0.156628 0.090600 -0.083141 0.154957 0.984416 0.005100 0.000000 0.000000 0.000000 1.000000</float_array><technique_common><accessor source="#mixamorig_Spine-Matrix-animation-output-transform-array" count="60" stride="16"><param type="float4x4"/></accessor></technique_common></source><source id="mixamorig_Spine-Interpolations"><Name_array id="mixamorig_Spine-Interpolations-array" count="60">
 LINEAR LINEAR LINEAR LINEAR LINEAR LINEAR LINEAR LINEAR LINEAR LINEAR LINEAR
LINEAR LINEAR LINEAR LINEAR LINEAR LINEAR LINEAR LINEAR LINEAR LINEAR LINEAR LINEAR
LINEAR LINEAR LINEAR LINEAR LINEAR LINEAR LINEAR LINEAR LINEAR LINEAR LINEAR LINEAR
LINEAR LINEAR LINEAR LINEAR LINEAR LINEAR LINEAR LINEAR LINEAR LINEAR LINEAR LINEAR
LINEAR LINEAR LINEAR LINEAR LINEAR LINEAR LINEAR LINEAR LINEAR LINEAR LINEAR LINEAR
LINEAR</Name_array><technique_common><accessor source="#mixamorig_Spine-Interpolations-array" count="60"><param type="name"/></accessor></technique_common></source><sampler id="mixamorig_Spine-Matrix-animation-transform"><input semantic="INPUT" source="#mixamorig_Spine-Matrix-animation-input"/><input semantic="OUTPUT" source="#mixamorig_Spine-Matrix-animation-output-transform"/><input semantic="INTERPOLATION" source="#mixamorig_Spine-Interpolations"/></sampler><channel source="#mixamorig_Spine-Matrix-animation-transform" target="mixamorig_Spine/matrix"/></animation>
    <animation id="mixamorig_Spine1-anim" name="mixamorig_Spine1"><source id="mixamorig_Spine1-Matrix-animation-input"><float_array id="mixamorig_Spine1-Matrix-animation-input-array" count="60">

0.000000 0.033333 0.066667 0.100000 0.133333 0.166667 0.200000 0.233333 0.266667 0.300000 0.333333 0.366667 0.400000 0.433333 0.466667 0.500000
0.533333 0.566667 0.600000 0.633333 0.666667 0.700000 0.733333 0.766667 0.800000 0.833333 0.866667 0.900000 0.933333 0.966667 1.000000 1.033333
1.066667 1.100000 1.133333 1.166667 1.200000 1.233333 1.266667 1.300000 1.333333 1.366667 1.400000 1.433333 1.466667 1.500000 1.533333 1.566667
1.600000 1.633333 1.666667 1.700000 1.733333 1.766667 1.800000 1.833333 1.866667 1.900000 1.933333 1.966667</float_array><technique_common><accessor source="#mixamorig_Spine1-Matrix-animation-input-array" count="60"><param name="TIME" type="float"/></accessor></technique_common></source><source id="mixamorig_Spine1-Matrix-animation-output-transform"><float_array id="mixamorig_Spine1-Matrix-animation-output-transform-array" count="960">

0.986184 0.061744 0.153716 0.000000 -0.029598 0.978684 -0.203226 0.105900 -0.162988 0.195869 0.966990 0.000000 0.000000 0.000000 0.000000 1.000000
0.986184 0.061716 0.153726 0.000000 -0.029585 0.978706 -0.203124 0.105900 -0.162988 0.195770 0.967010 0.000000 0.000000 0.000000 0.000000 1.000000
0.986185 0.061649 0.153748 -0.000000 -0.029550 0.978751 -0.202910 0.105900 -0.162990 0.195563 0.967052 0.000000 0.000000 0.000000 0.000000 1.000000
0.986204 0.061503 0.153685 0.000000 -0.029474 0.978823 -0.202576 0.105900 -0.162890 0.195252 0.967132 0.000000 0.000000 0.000000 0.000000 1.000000
0.986247 0.061268 0.153501 0.000000 -0.029355 0.978921 -0.202119 0.105900 -0.162648 0.194833 0.967257 0.000000 0.000000 0.000000 0.000000 1.000000
0.986341 0.060850 0.153067 0.000000 -0.029123 0.979046 -0.201547 0.105900 -0.162124 0.194336 0.967445 0.000000 0.000000 0.000000 0.000000 1.000000
0.986435 0.060428 0.152622 0.000000 -0.028900 0.979185 -0.200901 0.105900 -0.161586 0.193766 0.967649 0.000000 0.000000 0.000000 0.000000 1.000000
0.986492 0.060085 0.152393 0.000000 -0.028728 0.979341 -0.200167 0.105900 -0.161272 0.193085 0.967838 0.000000 0.000000 0.000000 0.000000 1.000000
0.986508 0.059817 0.152395 0.000000 -0.028601 0.979516 -0.199325 0.105900 -0.161197 0.192277 0.968011 -0.000000 0.000000 0.000000 0.000000 1.000000
0.986494 0.059602 0.152569 0.000000 -0.028516 0.979716 -0.198352 0.105900 -0.161297 0.191323 0.968183 0.000000 0.000000 0.000000 0.000000 1.000000
0.986465 0.059408 0.152831 0.000000 -0.028442 0.979924 -0.197332 0.105900 -0.161486 0.190315 0.968350 0.000000 0.000000 0.000000 0.000000 1.000000
0.986433 0.059206 0.153115 -0.000000 -0.028345 0.980119 -0.196374 0.105900 -0.161697 0.189370 0.968500 -0.000000 0.000000 0.000000 0.000000 1.000000
0.986418 0.058950 0.153314 0.000000 -0.028196 0.980295 -0.195514 0.105900 -0.161818 0.188536 0.968643 -0.000000 0.000000 0.000000 0.000000 1.000000
0.986440 0.058604 0.153305 -0.000000 -0.027989 0.980462 -0.194706 0.105900 -0.161721 0.187775 0.968807 -0.000000 0.000000 0.000000 0.000000 1.000000
0.986502 0.058168 0.153070 0.000000 -0.027739 0.980634 -0.193873 0.105900 -0.161383 0.187010 0.969011 0.000000 0.000000 0.000000 0.000000 1.000000
0.986563 0.057726 0.152841 0.000000 -0.027495 0.980821 -0.192964 0.105900 -0.161049 0.186168 0.969229 -0.000000 0.000000 0.000000 0.000000 1.000000
0.986587 0.057349 0.152830 -0.000000 -0.027283 0.981016 -0.191997 0.105900 -0.160940 0.185252 0.969423 -0.000000 0.000000 0.000000 0.000000 1.000000
0.986569 0.057085 0.153045 0.000000 -0.027139 0.981207 -0.191038 0.105900 -0.161074 0.184318 0.969578 0.000000 0.000000 0.000000 0.000000 1.000000
0.986537 0.056891 0.153326 0.000000 -0.027042 0.981384 -0.190144 0.105900 -0.161289 0.183438 0.969709 0.000000 0.000000 0.000000 0.000000 1.000000
0.986518 0.056694 0.153516 0.000000 -0.026939 0.981536 -0.189370 0.105900 -0.161417 0.182681 0.969831 0.000000 0.000000 0.000000 0.000000 1.000000
0.986527 0.056469 0.153547 0.000000 -0.026827 0.981675 -0.188667 0.105900 -0.161387 0.182006 0.969963 0.000000 0.000000 0.000000 0.000000 1.000000
0.986550 0.056254 0.153475 0.000000 -0.026737 0.981805 -0.188002 0.105900 -0.161259 0.181370 0.970103 0.000000 0.000000 0.000000 0.000000 1.000000
0.986570 0.056074 0.153409 -0.000000 -0.026678 0.981931 -0.187352 0.105900 -0.161143 0.180743 0.970240 0.000000 0.000000 0.000000 0.000000 1.000000
0.986578 0.055941 0.153411 0.000000 -0.026644 0.982046 -0.186752 0.105900 -0.161104 0.180158 0.970355 0.000000 0.000000 0.000000 0.000000 1.000000
0.986575 0.055852 0.153462 -0.000000 -0.026628 0.982140 -0.186258 0.105900 -0.161124 0.179671 0.970442 0.000000 0.000000 0.000000 0.000000 1.000000
0.986563 0.055822 0.153548 0.000000 -0.026638 0.982202 -0.185927 0.105900 -0.161194 0.179339 0.970492 0.000000 0.000000 0.000000 0.000000 1.000000
0.986547 0.055876 0.153631 -0.000000 -0.026692 0.982219 -0.185830 0.105900 -0.161282 0.179229 0.970497 0.000000 0.000000 0.000000 0.000000 1.000000
0.986530 0.056020 0.153686 0.000000 -0.026795 0.982182 -0.186011 0.105900 -0.161368 0.179387 0.970454 -0.000000 0.000000 0.000000 0.000000 1.000000
0.986514 0.056221 0.153721 -0.000000 -0.026921 0.982101 -0.186419 0.105900 -0.161450 0.179767 0.970370 0.000000 0.000000 0.000000 0.000000 1.000000
0.986495 0.056448 0.153755 -0.000000 -0.027056 0.982001 -0.186930 0.105900 -0.161540 0.180246 0.970266 -0.000000 0.000000 0.000000 0.000000 1.000000
0.986478 0.056665 0.153783 0.000000 -0.027174 0.981891 -0.187488 0.105900 -0.161622 0.180774 0.970154 -0.000000 0.000000 0.000000 0.000000 1.000000
0.986473 0.056855 0.153750 0.000000 -0.027258 0.981761 -0.188157 0.105900 -0.161643 0.181421 0.970030 0.000000 0.000000 0.000000 0.000000 1.000000
0.986482 0.057017 0.153630 0.000000 -0.027304 0.981601 -0.188982 0.105900 -0.161579 0.182232 0.969888 0.000000 0.000000 0.000000 0.000000 1.000000
0.986498 0.057167 0.153470 0.000000 -0.027341 0.981434 -0.189839 0.105900 -0.161473 0.183080 0.969746 0.000000 0.000000 0.000000 0.000000 1.000000
0.986506 0.057337 0.153359 -0.000000 -0.027400 0.981282 -0.190619 0.105900 -0.161418 0.183845 0.969611 0.000000 0.000000 0.000000 0.000000 1.000000
0.986493 0.057553 0.153361 0.000000 -0.027503 0.981148 -0.191291 0.105900 -0.161480 0.184489 0.969478 0.000000 0.000000 0.000000 0.000000 1.000000
0.986464 0.057810 0.153452 0.000000 -0.027636 0.981021 -0.191923 0.105900 -0.161635 0.185084 0.969339 0.000000 0.000000 0.000000 0.000000 1.000000
0.986437 0.058070 0.153525 0.000000 -0.027770 0.980888 -0.192582 0.105900 -0.161774 0.185707 0.969197 0.000000 0.000000 0.000000 0.000000 1.000000
0.986429 0.058269 0.153503 0.000000 -0.027847 0.980738 -0.193331 0.105900 -0.161811 0.186432 0.969051 0.000000 0.000000 0.000000 0.000000 1.000000
0.986439 0.058376 0.153393 0.000000 -0.027845 0.980584 -0.194113 0.105900 -0.161746 0.187209 0.968912 0.000000 0.000000 0.000000 0.000000 1.000000
0.986454 0.058503 0.153251 0.000000 -0.027878 0.980441 -0.194828 0.105900 -0.161652 0.187917 0.968791 -0.000000 0.000000 0.000000 0.000000 1.000000
0.986455 0.058686 0.153177 0.000000 -0.027975 0.980319 -0.195426 0.105900 -0.161631 0.188494 0.968682 0.000000 0.000000 0.000000 0.000000 1.000000
0.986434 0.058927 0.153218 -0.000000 -0.028120 0.980212 -0.195944 0.105900 -0.161733 0.188978 0.968571 -0.000000 0.000000 0.000000 0.000000 1.000000
0.986397 0.059210 0.153349 -0.000000 -0.028288 0.980102 -0.196467 0.105900 -0.161931 0.189457 0.968444 -0.000000 0.000000 0.000000 0.000000 1.000000
0.986350 0.059525 0.153529 -0.000000 -0.028469 0.979980 -0.197051 0.105900 -0.162185 0.189991 0.968297 0.000000 0.000000 0.000000 0.000000 1.000000
0.986305 0.059826 0.153701 -0.000000 -0.028630 0.979849 -0.197678 0.105900 -0.162430 0.190570 0.968142 -0.000000 0.000000 0.000000 0.000000 1.000000
0.986274 0.060085 0.153797 -0.000000 -0.028759 0.979714 -0.198326 0.105900 -0.162593 0.191181 0.967994 0.000000 0.000000 0.000000 0.000000 1.000000
0.986257 0.060310 0.153817 0.000000 -0.028871 0.979581 -0.198964 0.105900 -0.162676 0.191789 0.967860 -0.000000 0.000000 0.000000 0.000000 1.000000
0.986249 0.060505 0.153790 -0.000000 -0.028966 0.979453 -0.199580 0.105900 -0.162706 0.192381 0.967738 0.000000 0.000000 0.000000 0.000000 1.000000
0.986245 0.060676 0.153750 0.000000 -0.029047 0.979333 -0.200160 0.105900 -0.162717 0.192940 0.967624 -0.000000 0.000000 0.000000 0.000000 1.000000
0.986241 0.060828 0.153716 0.000000 -0.029115 0.979220 -0.200699 0.105900 -0.162730 0.193462 0.967518 0.000000 0.000000 0.000000 0.000000 1.000000
0.986234 0.060964 0.153708 0.000000 -0.029168 0.979117 -0.201193 0.105900 -0.162763 0.193940 0.967417 0.000000 0.000000 0.000000 0.000000 1.000000
0.986218 0.061074 0.153763 0.000000 -0.029192 0.979027 -0.201628 0.105900 -0.162853 0.194361 0.967317 0.000000 0.000000 0.000000 0.000000 1.000000
0.986201 0.061149 0.153845 0.000000 -0.029187 0.978950 -0.202001 0.105900 -0.162958 0.194723 0.967227 -0.000000 0.000000 0.000000 0.000000 1.000000
0.986188 0.061215 0.153900 0.000000 -0.029186 0.978882 -0.202330 0.105900 -0.163036 0.195043 0.967149 -0.000000 0.000000 0.000000 0.000000 1.000000
0.986184 0.061310 0.153893 -0.000000 -0.029232 0.978819 -0.202629 0.105900 -0.163057 0.195331 0.967088 0.000000 0.000000 0.000000 0.000000 1.000000
0.986183 0.061405 0.153857 0.000000 -0.029291 0.978765 -0.202880 0.105900 -0.163048 0.195571 0.967041 -0.000000 0.000000 0.000000 0.000000 1.000000
0.986183 0.061486 0.153825 -0.000000 -0.029345 0.978723 -0.203079 0.105900 -0.163039 0.195759 0.967004 -0.000000 0.000000 0.000000 0.000000 1.000000
0.986183 0.061537 0.153808 0.000000 -0.029368 0.978684 -0.203260 0.105900 -0.163038 0.195935 0.966969 0.000000 0.000000 0.000000 0.000000 1.000000
0.986182 0.061558 0.153801 0.000000 -0.029378 0.978668 -0.203335 0.105900 -0.163037 0.196007 0.966954 0.000000 0.000000 0.000000 0.000000 1.000000</float_array><technique_common><accessor source="#mixamorig_Spine1-Matrix-animation-output-transform-array" count="60" stride="16"><param type="float4x4"/></accessor></technique_common></source><source id="mixamorig_Spine1-Interpolations"><Name_array id="mixamorig_Spine1-Interpolations-array" count="60">
 LINEAR LINEAR LINEAR LINEAR LINEAR LINEAR LINEAR LINEAR LINEAR LINEAR LINEAR
LINEAR LINEAR LINEAR LINEAR LINEAR LINEAR LINEAR LINEAR LINEAR LINEAR LINEAR LINEAR
LINEAR LINEAR LINEAR LINEAR LINEAR LINEAR LINEAR LINEAR LINEAR LINEAR LINEAR LINEAR
LINEAR LINEAR LINEAR LINEAR LINEAR LINEAR LINEAR LINEAR LINEAR LINEAR LINEAR LINEAR
LINEAR LINEAR LINEAR LINEAR LINEAR LINEAR LINEAR LINEAR LINEAR LINEAR LINEAR LINEAR
LINEAR</Name_array><technique_common><accessor source="#mixamorig_Spine1-Interpolations-array" count="60"><param type="name"/></accessor></technique_common></source><sampler id="mixamorig_Spine1-Matrix-animation-transform"><input semantic="INPUT" source="#mixamorig_Spine1-Matrix-animation-input"/><input semantic="OUTPUT" source="#mixamorig_Spine1-Matrix-animation-output-transform"/><input semantic="INTERPOLATION" source="#mixamorig_Spine1-Interpolations"/></sampler><channel source="#mixamorig_Spine1-Matrix-animation-transform" target="mixamorig_Spine1/matrix"/></animation>
    <animation id="mixamorig_Spine2-anim" name="mixamorig_Spine2"><source id="mixamorig_Spine2-Matrix-animation-input"><float_array id="mixamorig_Spine2-Matrix-animation-input-array" count="60">

0.000000 0.033333 0.066667 0.100000 0.133333 0.166667 0.200000 0.233333 0.266667 0.300000 0.333333 0.366667 0.400000 0.433333 0.466667 0.500000
0.533333 0.566667 0.600000 0.633333 0.666667 0.700000 0.733333 0.766667 0.800000 0.833333 0.866667 0.900000 0.933333 0.966667 1.000000 1.033333
1.066667 1.100000 1.133333 1.166667 1.200000 1.233333 1.266667 1.300000 1.333333 1.366667 1.400000 1.433333 1.466667 1.500000 1.533333 1.566667
1.600000 1.633333 1.666667 1.700000 1.733333 1.766667 1.800000 1.833333 1.866667 1.900000 1.933333 1.966667</float_array><technique_common><accessor source="#mixamorig_Spine2-Matrix-animation-input-array" count="60"><param name="TIME" type="float"/></accessor></technique_common></source><source id="mixamorig_Spine2-Matrix-animation-output-transform"><float_array id="mixamorig_Spine2-Matrix-animation-output-transform-array" count="960">

0.986184 0.061744 0.153716 0.000000 -0.029598 0.978684 -0.203226 0.121000 -0.162988 0.195868 0.966990 0.000000 0.000000 0.000000 0.000000 1.000000
0.986184 0.061716 0.153726 0.000000 -0.029585 0.978706 -0.203124 0.121000 -0.162988 0.195770 0.967010 -0.000000 0.000000 0.000000 0.000000 1.000000
0.986185 0.061649 0.153748 0.000000 -0.029550 0.978751 -0.202910 0.121000 -0.162990 0.195563 0.967052 -0.000000 0.000000 0.000000 0.000000 1.000000
0.986204 0.061503 0.153685 0.000000 -0.029474 0.978823 -0.202576 0.121000 -0.162890 0.195252 0.967132 0.000000 0.000000 0.000000 0.000000 1.000000
0.986247 0.061268 0.153500 0.000000 -0.029355 0.978921 -0.202119 0.121000 -0.162648 0.194833 0.967257 0.000000 0.000000 0.000000 0.000000 1.000000
0.986341 0.060850 0.153067 -0.000000 -0.029123 0.979046 -0.201547 0.121000 -0.162124 0.194336 0.967445 0.000000 0.000000 0.000000 0.000000 1.000000
0.986435 0.060428 0.152623 0.000000 -0.028900 0.979185 -0.200901 0.121000 -0.161586 0.193765 0.967649 0.000000 0.000000 0.000000 0.000000 1.000000
0.986492 0.060085 0.152393 0.000000 -0.028728 0.979341 -0.200167 0.121000 -0.161272 0.193085 0.967838 0.000000 0.000000 0.000000 0.000000 1.000000
0.986508 0.059817 0.152396 0.000000 -0.028601 0.979516 -0.199325 0.121000 -0.161197 0.192277 0.968011 0.000000 0.000000 0.000000 0.000000 1.000000
0.986494 0.059603 0.152570 0.000000 -0.028516 0.979716 -0.198352 0.121000 -0.161297 0.191323 0.968183 0.000000 0.000000 0.000000 0.000000 1.000000
0.986465 0.059408 0.152831 0.000000 -0.028442 0.979924 -0.197333 0.121000 -0.161486 0.190315 0.968350 0.000000 0.000000 0.000000 0.000000 1.000000
0.986433 0.059206 0.153115 -0.000000 -0.028345 0.980119 -0.196374 0.121000 -0.161697 0.189370 0.968500 -0.000000 0.000000 0.000000 0.000000 1.000000
0.986418 0.058949 0.153314 0.000000 -0.028196 0.980296 -0.195514 0.121000 -0.161818 0.188536 0.968643 0.000000 0.000000 0.000000 0.000000 1.000000
0.986440 0.058604 0.153305 -0.000000 -0.027989 0.980462 -0.194706 0.121000 -0.161721 0.187775 0.968807 0.000000 0.000000 0.000000 0.000000 1.000000
0.986502 0.058168 0.153070 0.000000 -0.027739 0.980634 -0.193873 0.121000 -0.161383 0.187010 0.969011 -0.000000 0.000000 0.000000 0.000000 1.000000
0.986563 0.057726 0.152841 0.000000 -0.027495 0.980821 -0.192964 0.121000 -0.161049 0.186168 0.969229 -0.000000 0.000000 0.000000 0.000000 1.000000
0.986587 0.057349 0.152830 0.000000 -0.027283 0.981016 -0.191997 0.121000 -0.160940 0.185252 0.969423 0.000000 0.000000 0.000000 0.000000 1.000000
0.986569 0.057085 0.153045 0.000000 -0.027139 0.981207 -0.191038 0.121000 -0.161074 0.184318 0.969578 0.000000 0.000000 0.000000 0.000000 1.000000
0.986537 0.056891 0.153326 0.000000 -0.027042 0.981384 -0.190144 0.121000 -0.161290 0.183438 0.969709 -0.000000 0.000000 0.000000 0.000000 1.000000
0.986519 0.056694 0.153515 0.000000 -0.026939 0.981536 -0.189370 0.121000 -0.161417 0.182681 0.969831 0.000000 0.000000 0.000000 0.000000 1.000000
0.986527 0.056469 0.153547 -0.000000 -0.026827 0.981675 -0.188667 0.121000 -0.161387 0.182006 0.969963 0.000000 0.000000 0.000000 0.000000 1.000000
0.986550 0.056254 0.153475 0.000000 -0.026737 0.981805 -0.188002 0.121000 -0.161259 0.181370 0.970103 0.000000 0.000000 0.000000 0.000000 1.000000
0.986570 0.056074 0.153409 -0.000000 -0.026678 0.981931 -0.187352 0.121000 -0.161143 0.180743 0.970240 0.000000 0.000000 0.000000 0.000000 1.000000
0.986578 0.055941 0.153412 0.000000 -0.026645 0.982046 -0.186752 0.121000 -0.161104 0.180157 0.970355 0.000000 0.000000 0.000000 0.000000 1.000000
0.986575 0.055852 0.153462 -0.000000 -0.026628 0.982140 -0.186258 0.121000 -0.161124 0.179671 0.970442 -0.000000 0.000000 0.000000 0.000000 1.000000
0.986563 0.055822 0.153548 0.000000 -0.026638 0.982202 -0.185927 0.121000 -0.161194 0.179339 0.970492 0.000000 0.000000 0.000000 0.000000 1.000000
0.986547 0.055876 0.153631 0.000000 -0.026692 0.982219 -0.185830 0.121000 -0.161282 0.179229 0.970497 0.000000 0.000000 0.000000 0.000000 1.000000
0.986530 0.056020 0.153686 0.000000 -0.026795 0.982182 -0.186011 0.121000 -0.161368 0.179387 0.970454 0.000000 0.000000 0.000000 0.000000 1.000000
0.986514 0.056221 0.153721 -0.000000 -0.026921 0.982101 -0.186419 0.121000 -0.161450 0.179767 0.970370 -0.000000 0.000000 0.000000 0.000000 1.000000
0.986495 0.056448 0.153755 0.000000 -0.027056 0.982001 -0.186930 0.121000 -0.161540 0.180246 0.970266 -0.000000 0.000000 0.000000 0.000000 1.000000
0.986478 0.056665 0.153783 0.000000 -0.027174 0.981891 -0.187488 0.121000 -0.161622 0.180774 0.970154 0.000000 0.000000 0.000000 0.000000 1.000000
0.986473 0.056855 0.153750 -0.000000 -0.027258 0.981761 -0.188157 0.121000 -0.161643 0.181421 0.970030 0.000000 0.000000 0.000000 0.000000 1.000000
0.986482 0.057017 0.153630 -0.000000 -0.027304 0.981601 -0.188982 0.121000 -0.161579 0.182233 0.969888 0.000000 0.000000 0.000000 0.000000 1.000000
