<?xml version="1.0" encoding="utf-8"?>
<COLLADA xmlns="http://www.collada.org/2005/11/COLLADASchema" version="1.4.1">
  <asset>
    <contributor>
      <authoring_tool>FBX COLLADA exporter</authoring_tool>
    </contributor>
    <created>2020-06-06T19:46:46Z</created>
    <modified>2020-06-06T19:46:46Z</modified>
    <unit meter="0.010000" name="centimeter"/>
    <up_axis>Y_UP</up_axis>
  </asset>
  <library_animations>
    <animation id="mixamorig_Hips-anim" name="mixamorig_Hips">
      <animation>
        <source id="mixamorig_Hips-Matrix-animation-input">
          <float_array id="mixamorig_Hips-Matrix-animation-input-array" count="41">

-0.000000 0.041666 0.083333 0.125000 0.166666 0.208333 0.250000 0.291666 0.333333 0.375000 0.416666 0.458333 0.500000 0.541666 0.583333 0.625000
0.666666 0.708333 0.750000 0.791666 0.833333 0.875000 0.916666 0.958333 1.000000 1.041666 1.083333 1.125000 1.166666 1.208333 1.250000 1.291666
1.333333 1.375000 1.416666 1.458333 1.500000 1.541666 1.583333 1.625000 1.666666</float_array>
          <technique_common>
            <accessor source="#mixamorig_Hips-Matrix-animation-input-array" count="41">
              <param name="TIME" type="float"/>
            </accessor>
          </technique_common>
        </source>
        <source id="mixamorig_Hips-Matrix-animation-output-transform">
          <float_array id="mixamorig_Hips-Matrix-animation-output-transform-array" count="656">

0.730861 0.045257 -0.681024 -0.006410 0.000967 0.997729 0.067342 0.512363 0.682525 -0.049876 0.729158 0.099358 0.000000 0.000000 0.000000 1.000000
0.732786 0.039981 -0.679283 -0.006078 -0.000978 0.998333 0.057705 0.519776 0.680459 -0.041621 0.731603 0.100201 0.000000 0.000000 0.000000 1.000000
0.736740 0.036275 -0.675202 -0.005977 -0.004092 0.998781 0.049195 0.526262 0.676164 -0.033481 0.735990 0.101445 0.000000 0.000000 0.000000 1.000000
0.744023 0.034290 -0.667274 -0.005972 -0.009126 0.999111 0.041166 0.526516 0.668093 -0.024539 0.743673 0.102914 0.000000 0.000000 0.000000 1.000000
0.754196 0.033324 -0.655804 -0.005701 -0.015958 0.999347 0.032428 0.517659 0.656455 -0.013992 0.754236 0.104266 0.000000 0.000000 0.000000 1.000000
0.764309 0.032306 -0.644040 -0.004516 -0.025135 0.999478 0.020306 0.500107 0.644359 0.000668 0.764723 0.105055 0.000000 0.000000 0.000000 1.000000
0.771395 0.029273 -0.635683 -0.002148 -0.035631 0.999361 0.002784 0.479024 0.635358 0.020502 0.771945 0.105418 0.000000 0.000000 0.000000 1.000000
0.777251 0.021265 -0.628831 0.001307 -0.044652 0.998773 -0.021416 0.444825 0.627604 0.044724 0.777247 0.105737 0.000000 0.000000 0.000000 1.000000
0.787957 0.006867 -0.615692 0.005129 -0.048763 0.997493 -0.051282 0.395690 0.613796 0.070431 0.786316 0.106304 0.000000 0.000000 0.000000 1.000000
0.809144 -0.011818 -0.587492 0.008096 -0.048078 0.995114 -0.086235 0.369489 0.585641 0.098022 0.804622 0.107155 0.000000 0.000000 0.000000 1.000000
0.835449 -0.030007 -0.548747 0.010184 -0.047203 0.990900 -0.126051 0.348700 0.547536 0.131211 0.826431 0.107885 0.000000 0.000000 0.000000 1.000000
0.860505 -0.047481 -0.507223 0.012507 -0.046789 0.984073 -0.171497 0.335009 0.507288 0.171307 0.844579 0.108297 0.000000 0.000000 0.000000 1.000000
0.878942 -0.066862 -0.472219 0.016053 -0.045630 0.973793 -0.222812 0.325037 0.474742 0.217386 0.852856 0.108783 0.000000 0.000000 0.000000 1.000000
0.890216 -0.089306 -0.446700 0.020995 -0.045065 0.958520 -0.281439 0.313313 0.453305 0.270672 0.849266 0.108633 0.000000 0.000000 0.000000 1.000000
0.900265 -0.109141 -0.421440 0.025266 -0.045560 0.939130 -0.340529 0.299172 0.432953 0.325768 0.840492 0.106352 0.000000 0.000000 0.000000 1.000000
0.913676 -0.121422 -0.387883 0.027450 -0.043375 0.919754 -0.390091 0.282229 0.404123 0.373242 0.835090 0.102029 0.000000 0.000000 0.000000 1.000000
0.932711 -0.123949 -0.338656 0.026983 -0.034719 0.903852 -0.426434 0.247383 0.358951 0.409497 0.838729 0.097653 0.000000 0.000000 0.000000 1.000000
0.954896 -0.115343 -0.273621 0.024069 -0.023675 0.888966 -0.457361 0.207769 0.295993 0.443210 0.846140 0.094618 0.000000 0.000000 0.000000 1.000000
0.974458 -0.100915 -0.200619 0.020729 -0.010644 0.871586 -0.490127 0.089093 0.224318 0.479743 0.848250 0.092801 0.000000 0.000000 0.000000 1.000000
0.987700 -0.087040 -0.129895 0.018372 0.005594 0.849882 -0.526944 -0.117219 0.156261 0.519737 0.839915 0.092183 0.000000 0.000000 0.000000 1.000000
0.994445 -0.077802 -0.070892 0.017105 0.023842 0.822514 -0.568245 -0.343178 0.102521 0.563398 0.819800 0.092956 0.000000 0.000000 0.000000 1.000000
0.997005 -0.072497 -0.026951 0.016162 0.041002 0.790867 -0.610613 -0.358849 0.065582 0.607678 0.791471 0.094851 0.000000 0.000000 0.000000 1.000000
0.997689 -0.067514 0.007610 0.014745 0.056345 0.759597 -0.647949 -0.372753 0.037965 0.646880 0.761646 0.097500 0.000000 0.000000 0.000000 1.000000
0.997280 -0.062981 0.038274 0.012716 0.072185 0.730075 -0.679544 -0.384685 0.014855 0.680458 0.732636 0.100997 0.000000 0.000000 0.000000 1.000000
0.995856 -0.059793 0.068522 0.010186 0.090764 0.700576 -0.707782 -0.394522 -0.005684 0.711068 0.703100 0.105417 0.000000 0.000000 0.000000 1.000000
0.993362 -0.057080 0.099868 0.007277 0.112262 0.670357 -0.733498 -0.402499 -0.025079 0.739840 0.672315 0.111032 0.000000 0.000000 0.000000 1.000000
0.989827 -0.053054 0.132015 0.004127 0.135096 0.641536 -0.755103 -0.409188 -0.044631 0.765256 0.642177 0.117954 0.000000 0.000000 0.000000 1.000000
0.985239 -0.047995 0.164315 0.000593 0.158797 0.614712 -0.772600 -0.414519 -0.063925 0.787289 0.613261 0.126505 0.000000 0.000000 0.000000 1.000000
0.980157 -0.040382 0.194067 -0.003645 0.180105 0.590346 -0.786800 -0.418469 -0.082794 0.806139 0.585905 0.136800 0.000000 0.000000 0.000000 1.000000
0.976147 -0.024329 0.215745 -0.008943 0.190331 0.573992 -0.796434 -0.420991 -0.104459 0.818499 0.564931 0.149253 0.000000 0.000000 0.000000 1.000000
0.973106 0.000826 0.230357 -0.014858 0.189294 0.567000 -0.801673 -0.422403 -0.131275 0.823718 0.551594 0.163686 0.000000 0.000000 0.000000 1.000000
0.969861 0.029770 0.241834 -0.020817 0.183554 0.563463 -0.805492 -0.422527 -0.160244 0.825605 0.541017 0.179675 0.000000 0.000000 0.000000 1.000000
0.965846 0.055841 0.253027 -0.026314 0.179997 0.557845 -0.810191 -0.421305 -0.186392 0.828064 0.528741 0.196008 0.000000 0.000000 0.000000 1.000000
0.961485 0.073394 0.264876 -0.031216 0.182216 0.551273 -0.814184 -0.418685 -0.205776 0.831090 0.516667 0.210643 0.000000 0.000000 0.000000 1.000000
0.957174 0.084754 0.276830 -0.035743 0.187357 0.547631 -0.815474 -0.415155 -0.220715 0.832417 0.508299 0.222503 0.000000 0.000000 0.000000 1.000000
0.952764 0.092642 0.289235 -0.039931 0.194351 0.545837 -0.815040 -0.411293 -0.233382 0.832754 0.502049 0.231203 0.000000 0.000000 0.000000 1.000000
0.948044 0.099367 0.302222 -0.043475 0.202907 0.542816 -0.814972 -0.410518 -0.245032 0.833953 0.494451 0.237248 0.000000 0.000000 0.000000 1.000000
0.943730 0.105432 0.313462 -0.045954 0.211582 0.535986 -0.817283 -0.410518 -0.254179 0.837618 0.483519 0.241091 0.000000 0.000000 0.000000 1.000000
0.940931 0.110719 0.319986 -0.047391 0.217359 0.527103 -0.821533 -0.410518 -0.259625 0.842558 0.471902 0.243356 0.000000 0.000000 0.000000 1.000000
0.939858 0.115020 0.321619 -0.047800 0.219493 0.518070 -0.826696 -0.410518 -0.261708 0.847569 0.461666 0.244148 0.000000 0.000000 0.000000 1.000000
0.939705 0.118269 0.320885 -0.047090 0.219602 0.510609 -0.831296 -0.410518 -0.262163 0.851640 0.453850 0.243235 0.000000 0.000000 0.000000 1.000000</float_array>
          <technique_common>
            <accessor source="#mixamorig_Hips-Matrix-animation-output-transform-array" count="41" stride="16">
              <param type="float4x4"/>
            </accessor>
          </technique_common>
        </source>
        <source id="mixamorig_Hips-Interpolations">
          <Name_array id="mixamorig_Hips-Interpolations-array" count="41">
 LINEAR LINEAR LINEAR LINEAR LINEAR LINEAR LINEAR LINEAR LINEAR LINEAR LINEAR
LINEAR LINEAR LINEAR LINEAR LINEAR LINEAR LINEAR LINEAR LINEAR LINEAR LINEAR LINEAR
LINEAR LINEAR LINEAR LINEAR LINEAR LINEAR LINEAR LINEAR LINEAR LINEAR LINEAR LINEAR
LINEAR LINEAR LINEAR LINEAR LINEAR LINEAR</Name_array>
          <technique_common>
            <accessor source="#mixamorig_Hips-Interpolations-array" count="41">
              <param type="name"/>
            </accessor>
          </technique_common>
        </source>
        <sampler id="mixamorig_Hips-Matrix-animation-transform">
          <input semantic="INPUT" source="#mixamorig_Hips-Matrix-animation-input"/>
          <input semantic="OUTPUT" source="#mixamorig_Hips-Matrix-animation-output-transform"/>
          <input semantic="INTERPOLATION" source="#mixamorig_Hips-Interpolations"/>
        </sampler>
        <channel source="#mixamorig_Hips-Matrix-animation-transform" target="mixamorig_Hips/matrix"/>
      </animation>
    </animation>
    <animation id="mixamorig_Spine-anim" name="mixamorig_Spine">
      <animation>
        <source id="mixamorig_Spine-Matrix-animation-input">
          <float_array id="mixamorig_Spine-Matrix-animation-input-array" count="41">

-0.000000 0.041666 0.083333 0.125000 0.166666 0.208333 0.250000 0.291666 0.333333 0.375000 0.416666 0.458333 0.500000 0.541666 0.583333 0.625000
0.666666 0.708333 0.750000 0.791666 0.833333 0.875000 0.916666 0.958333 1.000000 1.041666 1.083333 1.125000 1.166666 1.208333 1.250000 1.291666
1.333333 1.375000 1.416666 1.458333 1.500000 1.541666 1.583333 1.625000 1.666666</float_array>
          <technique_common>
            <accessor source="#mixamorig_Spine-Matrix-animation-input-array" count="41">
              <param name="TIME" type="float"/>
            </accessor>
          </technique_common>
        </source>
        <source id="mixamorig_Spine-Matrix-animation-output-transform">
          <float_array id="mixamorig_Spine-Matrix-animation-output-transform-array" count="656">

0.996460 0.027260 0.079526 0.000000 -0.014627 0.987758 -0.155304 0.090600 -0.082786 0.153591 0.984661 0.005100 0.000000 0.000000 0.000000 1.000000
0.996424 0.028084 0.079689 0.000000 -0.015548 0.987984 -0.153772 0.090600 -0.083050 0.151983 0.984887 0.005100 0.000000 0.000000 0.000000 1.000000
0.996451 0.028679 0.079147 -0.000000 -0.016391 0.988284 -0.151740 0.090600 -0.082572 0.149904 0.985246 0.005100 0.000000 0.000000 0.000000 1.000000
0.996597 0.028885 0.077204 0.000000 -0.017089 0.988645 -0.149295 0.090600 -0.080640 0.147468 0.985774 0.005100 0.000000 0.000000 0.000000 1.000000
0.996825 0.028809 0.074231 0.000000 -0.017627 0.988964 -0.147104 0.090600 -0.077650 0.145328 0.986332 0.005100 0.000000 0.000000 0.000000 1.000000
0.997049 0.028364 0.071341 -0.000000 -0.017679 0.989101 -0.146172 0.090600 -0.074710 0.144480 0.986684 0.005100 0.000000 0.000000 0.000000 1.000000
0.997210 0.027758 0.069294 0.000000 -0.017376 0.989109 -0.146156 0.090600 -0.072597 0.144544 0.986832 0.005100 0.000000 0.000000 0.000000 1.000000
0.997290 0.027616 0.068192 -0.000000 -0.017371 0.989059 -0.146491 0.090600 -0.071492 0.144909 0.986859 0.005100 0.000000 0.000000 0.000000 1.000000
0.997279 0.028651 0.067930 -0.000000 -0.018422 0.989011 -0.146690 0.090600 -0.071386 0.145039 0.986847 0.005100 0.000000 0.000000 0.000000 1.000000
0.997195 0.030550 0.068320 -0.000000 -0.020280 0.989039 -0.146251 0.090600 -0.072039 0.144456 0.986885 0.005100 0.000000 0.000000 0.000000 1.000000
0.997174 0.031436 0.068238 0.000000 -0.021249 0.989178 -0.145173 0.090600 -0.072064 0.143313 0.987050 0.005100 0.000000 0.000000 0.000000 1.000000
0.997278 0.030808 0.066984 0.000000 -0.020865 0.989305 -0.144361 0.090600 -0.070715 0.142571 0.987255 0.005100 0.000000 0.000000 0.000000 1.000000
0.997453 0.028895 0.065215 0.000000 -0.019148 0.989185 -0.145419 0.090600 -0.068712 0.143800 0.987218 0.005100 0.000000 0.000000 0.000000 1.000000
0.997616 0.025606 0.064082 0.000000 -0.015802 0.988702 -0.149059 0.090600 -0.067175 0.147691 0.986749 0.005100 0.000000 0.000000 0.000000 1.000000
0.997744 0.023639 0.062829 -0.000000 -0.013685 0.987916 -0.154385 0.090600 -0.065719 0.153177 0.986011 0.005100 0.000000 0.000000 0.000000 1.000000
0.997928 0.023496 0.059902 -0.000000 -0.013575 0.986873 -0.160929 0.090600 -0.062897 0.159783 0.985146 0.005100 0.000000 0.000000 0.000000 1.000000
0.998203 0.022902 0.055375 0.000000 -0.013311 0.985743 -0.167732 0.090600 -0.058427 0.166694 0.984276 0.005100 0.000000 0.000000 0.000000 1.000000
0.998461 0.019423 0.051961 0.000000 -0.010163 0.984896 -0.172850 0.090600 -0.054534 0.172056 0.983577 0.005100 0.000000 0.000000 0.000000 1.000000
0.998587 0.014799 0.051050 0.000000 -0.005610 0.984440 -0.175635 0.090600 -0.052854 0.175100 0.983131 0.005100 0.000000 0.000000 0.000000 1.000000
0.998542 0.010420 0.052962 0.000000 -0.000926 0.984353 -0.176207 0.090600 -0.053969 0.175902 0.982927 0.005100 0.000000 0.000000 0.000000 1.000000
0.998406 0.007277 0.055962 0.000000 0.002644 0.984532 -0.175186 0.090600 -0.056371 0.175055 0.982944 0.005100 0.000000 0.000000 0.000000 1.000000
0.998307 0.005432 0.057910 0.000000 0.004745 0.984705 -0.174167 0.090600 -0.057970 0.174147 0.983012 0.005100 0.000000 0.000000 0.000000 1.000000
0.998269 0.004057 0.058665 -0.000000 0.006230 0.984705 -0.174119 0.090600 -0.058474 0.174183 0.982976 0.005100 0.000000 0.000000 0.000000 1.000000
0.998243 0.002754 0.059191 -0.000000 0.007631 0.984626 -0.174507 0.090600 -0.058762 0.174652 0.982875 0.005100 0.000000 0.000000 0.000000 1.000000
0.998183 0.001566 0.060238 0.000000 0.008963 0.984683 -0.174124 0.090600 -0.059588 0.174348 0.982879 0.005100 0.000000 0.000000 0.000000 1.000000
0.998045 0.000697 0.062487 -0.000000 0.010120 0.984937 -0.172616 0.090600 -0.061666 0.172911 0.983005 0.005100 0.000000 0.000000 0.000000 1.000000
0.997835 0.000352 0.065780 0.000000 0.010950 0.985144 -0.171381 0.090600 -0.064863 0.171730 0.983007 0.005100 0.000000 0.000000 0.000000 1.000000
0.997639 0.000779 0.068668 0.000000 0.011028 0.985140 -0.171401 0.090600 -0.067782 0.171754 0.982805 0.005100 0.000000 0.000000 0.000000 1.000000
0.997634 0.001644 0.068725 0.000000 0.010237 0.985013 -0.172173 0.090600 -0.067978 0.172469 0.982666 0.005100 0.000000 0.000000 0.000000 1.000000
0.997952 0.001943 0.063944 0.000000 0.009155 0.984915 -0.172800 0.090600 -0.063315 0.173032 0.982879 0.005100 0.000000 0.000000 0.000000 1.000000
0.998385 0.001560 0.056795 0.000000 0.008331 0.984797 -0.173505 0.090600 -0.056202 0.173698 0.983194 0.005100 0.000000 0.000000 0.000000 1.000000
0.998767 0.000981 0.049639 0.000000 0.007706 0.984628 -0.174497 0.090600 -0.049047 0.174664 0.983406 0.005100 0.000000 0.000000 0.000000 1.000000
0.999082 0.000625 0.042844 -0.000000 0.006910 0.984457 -0.175491 0.090600 -0.042288 0.175626 0.983548 0.005100 0.000000 0.000000 0.000000 1.000000
0.999378 0.000853 0.035244 0.000000 0.005386 0.984282 -0.176522 0.090600 -0.034841 0.176602 0.983665 0.005100 0.000000 0.000000 0.000000 1.000000
0.999635 0.001623 0.026953 0.000000 0.003194 0.984074 -0.177729 0.090600 -0.026813 0.177750 0.983710 0.005100 0.000000 0.000000 0.000000 1.000000
0.999813 0.002694 0.019126 0.000000 0.000768 0.983900 -0.178719 0.090600 -0.019300 0.178700 0.983714 0.005100 0.000000 0.000000 0.000000 1.000000
0.999915 0.003434 0.012563 0.000000 -0.001130 0.983853 -0.178972 0.090600 -0.012975 0.178943 0.983774 0.005100 0.000000 0.000000 0.000000 1.000000
0.999975 0.003236 0.006288 0.000000 -0.002067 0.984083 -0.177697 0.090600 -0.006763 0.177679 0.984065 0.005100 0.000000 0.000000 0.000000 1.000000
0.999994 0.002464 -0.002372 0.000000 -0.002841 0.984589 -0.174858 0.090600 0.001905 0.174863 0.984591 0.005100 0.000000 0.000000 0.000000 1.000000
0.999904 0.001270 -0.013819 -0.000000 -0.003610 0.985327 -0.170640 0.090600 0.013399 0.170674 0.985236 0.005100 0.000000 0.000000 0.000000 1.000000
0.999671 -0.000052 -0.025641 0.000000 -0.004203 0.986137 -0.165882 0.090600 0.025294 0.165935 0.985812 0.005100 0.000000 0.000000 0.000000 1.000000</float_array>
          <technique_common>
            <accessor source="#mixamorig_Spine-Matrix-animation-output-transform-array" count="41" stride="16">
              <param type="float4x4"/>
            </accessor>
          </technique_common>
        </source>
        <source id="mixamorig_Spine-Interpolations">
          <Name_array id="mixamorig_Spine-Interpolations-array" count="41">
 LINEAR LINEAR LINEAR LINEAR LINEAR LINEAR LINEAR LINEAR LINEAR LINEAR LINEAR
LINEAR LINEAR LINEAR LINEAR LINEAR LINEAR LINEAR LINEAR LINEAR LINEAR LINEAR LINEAR
LINEAR LINEAR LINEAR LINEAR LINEAR LINEAR LINEAR LINEAR LINEAR LINEAR LINEAR LINEAR
LINEAR LINEAR LINEAR LINEAR LINEAR LINEAR</Name_array>
          <technique_common>
            <accessor source="#mixamorig_Spine-Interpolations-array" count="41">
              <param type="name"/>
            </accessor>
          </technique_common>
        </source>
        <sampler id="mixamorig_Spine-Matrix-animation-transform">
          <input semantic="INPUT" source="#mixamorig_Spine-Matrix-animation-input"/>
          <input semantic="OUTPUT" source="#mixamorig_Spine-Matrix-animation-output-transform"/>
          <input semantic="INTERPOLATION" source="#mixamorig_Spine-Interpolations"/>
        </sampler>
        <channel source="#mixamorig_Spine-Matrix-animation-transform" target="mixamorig_Spine/matrix"/>
      </animation>
    </animation>
    <animation id="mixamorig_Spine1-anim" name="mixamorig_Spine1">
      <animation>
        <source id="mixamorig_Spine1-Matrix-animation-input">
          <float_array id="mixamorig_Spine1-Matrix-animation-input-array" count="41">

-0.000000 0.041666 0.083333 0.125000 0.166666 0.208333 0.250000 0.291666 0.333333 0.375000 0.416666 0.458333 0.500000 0.541666 0.583333 0.625000
0.666666 0.708333 0.750000 0.791666 0.833333 0.875000 0.916666 0.958333 1.000000 1.041666 1.083333 1.125000 1.166666 1.208333 1.250000 1.291666
1.333333 1.375000 1.416666 1.458333 1.500000 1.541666 1.583333 1.625000 1.666666</float_array>
          <technique_common>
            <accessor source="#mixamorig_Spine1-Matrix-animation-input-array" count="41">
              <param name="TIME" type="float"/>
            </accessor>
          </technique_common>
        </source>
        <source id="mixamorig_Spine1-Matrix-animation-output-transform">
          <float_array id="mixamorig_Spine1-Matrix-animation-output-transform-array" count="656">

0.986277 0.062346 0.152876 0.000000 -0.030780 0.979160 -0.200743 0.105900 -0.162206 0.193283 0.967642 0.000000 0.000000 0.000000 0.000000 1.000000
0.986124 0.064084 0.153142 -0.000000 -0.032947 0.979687 -0.197806 0.105900 -0.162707 0.190015 0.968204 -0.000000 0.000000 0.000000 0.000000 1.000000
0.986203 0.065457 0.152050 0.000000 -0.035181 0.980396 -0.193872 0.105900 -0.161759 0.185848 0.969172 0.000000 0.000000 0.000000 0.000000 1.000000
0.986760 0.065978 0.148162 0.000000 -0.037221 0.981258 -0.189070 0.105900 -0.157859 0.181052 0.970722 0.000000 0.000000 0.000000 0.000000 1.000000
0.987661 0.065790 0.142120 0.000000 -0.038835 0.982025 -0.184712 0.105900 -0.151717 0.176914 0.972463 0.000000 0.000000 0.000000 0.000000 1.000000
0.988589 0.064593 0.136088 0.000000 -0.039026 0.982379 -0.182780 0.105900 -0.145497 0.175383 0.973690 0.000000 0.000000 0.000000 0.000000 1.000000
0.989303 0.062829 0.131654 0.000000 -0.038090 0.982443 -0.182631 0.105900 -0.140818 0.175663 0.974327 0.000000 0.000000 0.000000 0.000000 1.000000
0.989720 0.061824 0.128965 0.000000 -0.037492 0.982359 -0.183205 0.105900 -0.138017 0.176487 0.974578 0.000000 0.000000 0.000000 0.000000 1.000000
0.989797 0.063365 0.127619 -0.000000 -0.039205 0.982216 -0.183618 0.105900 -0.136984 0.176741 0.974678 0.000000 0.000000 0.000000 0.000000 1.000000
0.989602 0.067373 0.127077 0.000000 -0.043380 0.982174 -0.182901 0.105900 -0.137134 0.175486 0.974884 -0.000000 0.000000 0.000000 0.000000 1.000000
0.989637 0.069657 0.125567 -0.000000 -0.046200 0.982421 -0.180873 0.105900 -0.135959 0.173197 0.975457 0.000000 0.000000 0.000000 0.000000 1.000000
0.990154 0.067282 0.122748 0.000000 -0.044580 0.982819 -0.179108 0.105900 -0.132690 0.171872 0.976142 -0.000000 0.000000 0.000000 0.000000 1.000000
0.990798 0.062122 0.120252 0.000000 -0.039653 0.982694 -0.180941 0.105900 -0.129411 0.174507 0.976115 0.000000 0.000000 0.000000 0.000000 1.000000
0.991228 0.058962 0.118280 0.000000 -0.035922 0.981470 -0.188220 0.105900 -0.127186 0.182320 0.974978 0.000000 0.000000 0.000000 0.000000 1.000000
0.991539 0.056264 0.116979 0.000000 -0.032140 0.979531 -0.198710 0.105900 -0.125765 0.193269 0.973052 0.000000 0.000000 0.000000 0.000000 1.000000
0.991849 0.051213 0.116677 -0.000000 -0.025612 0.977114 -0.211168 0.105900 -0.124821 0.206458 0.970461 -0.000000 0.000000 0.000000 0.000000 1.000000
0.992404 0.043037 0.115248 0.000000 -0.016255 0.974472 -0.223921 0.105900 -0.121943 0.220347 0.967769 0.000000 0.000000 0.000000 0.000000 1.000000
0.993069 0.032974 0.112814 -0.000000 -0.005754 0.972328 -0.233549 0.105900 -0.117394 0.231281 0.965778 0.000000 0.000000 0.000000 0.000000 1.000000
0.993440 0.024459 0.111709 0.000000 0.002947 0.971058 -0.238824 0.105900 -0.114317 0.237587 0.964616 0.000000 0.000000 0.000000 0.000000 1.000000
0.993447 0.019416 0.112639 0.000000 0.008238 0.970741 -0.239987 0.105900 -0.114003 0.239342 0.964220 -0.000000 0.000000 0.000000 0.000000 1.000000
0.993328 0.017445 0.113999 0.000000 0.010275 0.971174 -0.238150 0.105900 -0.114867 0.237732 0.964515 0.000000 0.000000 0.000000 0.000000 1.000000
0.993408 0.016808 0.113395 -0.000000 0.010537 0.971617 -0.236327 0.105900 -0.114149 0.235964 0.965034 0.000000 0.000000 0.000000 0.000000 1.000000
0.993701 0.016038 0.110914 0.000000 0.010701 0.971605 -0.236368 0.105900 -0.111556 0.236066 0.965313 0.000000 0.000000 0.000000 0.000000 1.000000
0.994022 0.014830 0.108169 0.000000 0.011322 0.971389 -0.237224 0.105900 -0.108592 0.237031 0.965414 0.000000 0.000000 0.000000 0.000000 1.000000
0.994199 0.013343 0.106725 0.000000 0.012351 0.971548 -0.236523 0.105900 -0.106844 0.236469 0.965747 0.000000 0.000000 0.000000 0.000000 1.000000
0.994104 0.012188 0.107739 0.000000 0.013395 0.972245 -0.233583 0.105900 -0.107595 0.233649 0.966349 0.000000 0.000000 0.000000 0.000000 1.000000
0.993851 0.012284 0.110045 0.000000 0.013580 0.972804 -0.231232 0.105900 -0.109893 0.231305 0.966655 0.000000 0.000000 0.000000 0.000000 1.000000
0.993801 0.014206 0.110261 0.000000 0.011773 0.972776 -0.231447 0.105900 -0.110547 0.231310 0.966579 0.000000 0.000000 0.000000 0.000000 1.000000
0.994411 0.016917 0.104210 0.000000 0.007894 0.972400 -0.233186 0.105900 -0.105279 0.232706 0.966832 0.000000 0.000000 0.000000 0.000000 1.000000
0.995805 0.018080 0.089697 0.000000 0.003478 0.972098 -0.234551 0.105900 -0.091435 0.233879 0.967957 0.000000 0.000000 0.000000 0.000000 1.000000
0.997188 0.017643 0.072835 0.000000 0.000040 0.971769 -0.235935 0.105900 -0.074941 0.235275 0.969036 0.000000 0.000000 0.000000 0.000000 1.000000
0.998158 0.016622 0.058350 0.000000 -0.002273 0.971309 -0.237812 0.105900 -0.060629 0.237241 0.969557 -0.000000 0.000000 0.000000 0.000000 1.000000
0.998802 0.015654 0.046365 0.000000 -0.004091 0.970848 -0.239660 0.105900 -0.048765 0.239183 0.969749 0.000000 0.000000 0.000000 0.000000 1.000000
0.999301 0.015114 0.034201 0.000000 -0.006409 0.970367 -0.241550 0.105900 -0.036838 0.241161 0.969786 -0.000000 0.000000 0.000000 0.000000 1.000000
0.999662 0.014961 0.021244 0.000000 -0.009334 0.969788 -0.243769 0.105900 -0.024249 0.243489 0.969600 0.000000 0.000000 0.000000 0.000000 1.000000
0.999850 0.014795 0.008997 0.000000 -0.012134 0.969303 -0.245568 0.105900 -0.012354 0.245422 0.969338 0.000000 0.000000 0.000000 0.000000 1.000000
0.999901 0.013914 -0.001877 0.000000 -0.013948 0.969182 -0.245949 0.105900 -0.001603 0.245951 0.969281 0.000000 0.000000 0.000000 0.000000 1.000000
0.999840 0.011724 -0.013525 0.000000 -0.014663 0.969832 -0.243332 0.105900 0.010264 0.243491 0.969849 0.000000 0.000000 0.000000 0.000000 1.000000
0.999491 0.008916 -0.030621 -0.000000 -0.015943 0.971235 -0.237586 0.105900 0.027621 0.237953 0.970884 0.000000 0.000000 0.000000 0.000000 1.000000
0.998534 0.005818 -0.053805 0.000000 -0.018011 0.973252 -0.229034 0.105900 0.051033 0.229668 0.971930 0.000000 0.000000 0.000000 0.000000 1.000000
0.996936 0.002899 -0.078168 0.000000 -0.020035 0.975440 -0.219351 0.105900 0.075612 0.220245 0.972510 0.000000 0.000000 0.000000 0.000000 1.000000</float_array>
          <technique_common>
            <accessor source="#mixamorig_Spine1-Matrix-animation-output-transform-array" count="41" stride="16">
              <param type="float4x4"/>
            </accessor>
          </technique_common>
        </source>
        <source id="mixamorig_Spine1-Interpolations">
          <Name_array id="mixamorig_Spine1-Interpolations-array" count="41">
 LINEAR LINEAR LINEAR LINEAR LINEAR LINEAR LINEAR LINEAR LINEAR LINEAR LINEAR
LINEAR LINEAR LINEAR LINEAR LINEAR LINEAR LINEAR LINEAR LINEAR LINEAR LINEAR LINEAR
LINEAR LINEAR LINEAR LINEAR LINEAR LINEAR LINEAR LINEAR LINEAR LINEAR LINEAR LINEAR
LINEAR LINEAR LINEAR LINEAR LINEAR LINEAR</Name_array>
          <technique_common>
            <accessor source="#mixamorig_Spine1-Interpolations-array" count="41">
              <param type="name"/>
            </accessor>
          </technique_common>
        </source>
        <sampler id="mixamorig_Spine1-Matrix-animation-transform">
          <input semantic="INPUT" source="#mixamorig_Spine1-Matrix-animation-input"/>
          <input semantic="OUTPUT" source="#mixamorig_Spine1-Matrix-animation-output-transform"/>
          <input semantic="INTERPOLATION" source="#mixamorig_Spine1-Interpolations"/>
        </sampler>
        <channel source="#mixamorig_Spine1-Matrix-animation-transform" target="mixamorig_Spine1/matrix"/>
      </animation>
    </animation>
    <animation id="mixamorig_Spine2-anim" name="mixamorig_Spine2">
      <animation>
        <source id="mixamorig_Spine2-Matrix-animation-input">
          <float_array id="mixamorig_Spine2-Matrix-animation-input-array" count="41">

-0.000000 0.041666 0.083333 0.125000 0.166666 0.208333 0.250000 0.291666 0.333333 0.375000 0.416666 0.458333 0.500000 0.541666 0.583333 0.625000
0.666666 0.708333 0.750000 0.791666 0.833333 0.875000 0.916666 0.958333 1.000000 1.041666 1.083333 1.125000 1.166666 1.208333 1.250000 1.291666
1.333333 1.375000 1.416666 1.458333 1.500000 1.541666 1.583333 1.625000 1.666666</float_array>
          <technique_common>
            <accessor source="#mixamorig_Spine2-Matrix-animation-input-array" count="41">
              <param name="TIME" type="float"/>
            </accessor>
          </technique_common>
        </source>
        <source id="mixamorig_Spine2-Matrix-animation-output-transform">
          <float_array id="mixamorig_Spine2-Matrix-animation-output-transform-array" count="656">

0.986277 0.062346 0.152877 0.000000 -0.030780 0.979160 -0.200743 0.121000 -0.162207 0.193283 0.967642 0.000000 0.000000 0.000000 0.000000 1.000000
0.986124 0.064084 0.153142 0.000000 -0.032947 0.979687 -0.197806 0.121000 -0.162707 0.190016 0.968204 0.000000 0.000000 0.000000 0.000000 1.000000
0.986203 0.065457 0.152050 -0.000000 -0.035181 0.980396 -0.193872 0.121000 -0.161760 0.185848 0.969172 -0.000000 0.000000 0.000000 0.000000 1.000000
0.986760 0.065978 0.148162 0.000000 -0.037221 0.981258 -0.189070 0.121000 -0.157859 0.181052 0.970722 0.000000 0.000000 0.000000 0.000000 1.000000
0.987661 0.065790 0.142120 -0.000000 -0.038835 0.982025 -0.184713 0.121000 -0.151717 0.176914 0.972463 -0.000000 0.000000 0.000000 0.000000 1.000000
0.988589 0.064593 0.136088 0.000000 -0.039026 0.982379 -0.182780 0.121000 -0.145497 0.175383 0.973690 -0.000000 0.000000 0.000000 0.000000 1.000000
0.989303 0.062829 0.131654 -0.000000 -0.038089 0.982443 -0.182631 0.121000 -0.140817 0.175663 0.974327 0.000000 0.000000 0.000000 0.000000 1.000000
0.989720 0.061824 0.128965 0.000000 -0.037492 0.982359 -0.183205 0.121000 -0.138017 0.176487 0.974579 -0.000000 0.000000 0.000000 0.000000 1.000000
0.989797 0.063365 0.127619 0.000000 -0.039205 0.982216 -0.183618 0.121000 -0.136984 0.176741 0.974678 0.000000 0.000000 0.000000 0.000000 1.000000
0.989602 0.067373 0.127076 0.000000 -0.043380 0.982174 -0.182901 0.121000 -0.137134 0.175486 0.974884 -0.000000 0.000000 0.000000 0.000000 1.000000
0.989637 0.069657 0.125567 -0.000000 -0.046200 0.982421 -0.180873 0.121000 -0.135959 0.173197 0.975457 0.000000 0.000000 0.000000 0.000000 1.000000
0.990154 0.067282 0.122748 0.000000 -0.044580 0.982819 -0.179108 0.121000 -0.132690 0.171872 0.976142 -0.000000 0.000000 0.000000 0.000000 1.000000
0.990798 0.062122 0.120252 -0.000000 -0.039653 0.982694 -0.180941 0.121000 -0.129411 0.174507 0.976115 0.000000 0.000000 0.000000 0.000000 1.000000
0.991228 0.058962 0.118280 -0.000000 -0.035922 0.981470 -0.188220 0.121000 -0.127186 0.182320 0.974978 0.000000 0.000000 0.000000 0.000000 1.000000
0.991539 0.056264 0.116979 -0.000000 -0.032140 0.979531 -0.198710 0.121000 -0.125765 0.193269 0.973052 0.000000 0.000000 0.000000 0.000000 1.000000
0.991849 0.051213 0.116677 0.000000 -0.025612 0.977114 -0.211167 0.121000 -0.124821 0.206458 0.970461 -0.000000 0.000000 0.000000 0.000000 1.000000
0.992404 0.043037 0.115248 -0.000000 -0.016255 0.974472 -0.223921 0.121000 -0.121943 0.220347 0.967769 -0.000000 0.000000 0.000000 0.000000 1.000000
0.993069 0.032974 0.112814 -0.000000 -0.005754 0.972328 -0.233549 0.121000 -0.117394 0.231281 0.965778 -0.000000 0.000000 0.000000 0.000000 1.000000
0.993440 0.024459 0.111709 -0.000000 0.002947 0.971058 -0.238824 0.121000 -0.114317 0.237587 0.964616 0.000000 0.000000 0.000000 0.000000 1.000000
0.993447 0.019416 0.112639 0.000000 0.008238 0.970741 -0.239987 0.121000 -0.114003 0.239342 0.964220 -0.000000 0.000000 0.000000 0.000000 1.000000
0.993328 0.017445 0.113999 0.000000 0.010275 0.971174 -0.238151 0.121000 -0.114867 0.237733 0.964515 -0.000000 0.000000 0.000000 0.000000 1.000000
0.993408 0.016808 0.113395 0.000000 0.010537 0.971617 -0.236327 0.121000 -0.114149 0.235964 0.965034 0.000000 0.000000 0.000000 0.000000 1.000000
0.993701 0.016038 0.110914 0.000000 0.010701 0.971605 -0.236368 0.121000 -0.111555 0.236066 0.965313 0.000000 0.000000 0.000000 0.000000 1.000000
0.994022 0.014831 0.108169 0.000000 0.011322 0.971389 -0.237223 0.121000 -0.108592 0.237030 0.965414 0.000000 0.000000 0.000000 0.000000 1.000000
0.994199 0.013343 0.106725 0.000000 0.012351 0.971548 -0.236522 0.121000 -0.106844 0.236468 0.965747 0.000000 0.000000 0.000000 0.000000 1.000000
0.994104 0.012188 0.107738 -0.000000 0.013395 0.972245 -0.233583 0.121000 -0.107595 0.233649 0.966349 0.000000 0.000000 0.000000 0.000000 1.000000
0.993851 0.012283 0.110045 0.000000 0.013580 0.972804 -0.231232 0.121000 -0.109893 0.231304 0.966655 0.000000 0.000000 0.000000 0.000000 1.000000
0.993801 0.014206 0.110261 0.000000 0.011773 0.972776 -0.231447 0.121000 -0.110547 0.231310 0.966579 -0.000000 0.000000 0.000000 0.000000 1.000000
0.994411 0.016917 0.104210 0.000000 0.007894 0.972400 -0.233187 0.121000 -0.105279 0.232706 0.966832 0.000000 0.000000 0.000000 0.000000 1.000000
0.995805 0.018080 0.089697 0.000000 0.003478 0.972098 -0.234551 0.121000 -0.091435 0.233879 0.967957 0.000000 0.000000 0.000000 0.000000 1.000000
0.997188 0.017643 0.072835 0.000000 0.000040 0.971769 -0.235935 0.121000 -0.074942 0.235275 0.969035 0.000000 0.000000 0.000000 0.000000 1.000000
0.998158 0.016622 0.058350 0.000000 -0.002273 0.971308 -0.237812 0.121000 -0.060629 0.237241 0.969557 -0.000000 0.000000 0.000000 0.000000 1.000000
0.998802 0.015654 0.046365 -0.000000 -0.004091 0.970848 -0.239660 0.121000 -0.048765 0.239183 0.969749 0.000000 0.000000 0.000000 0.000000 1.000000
0.999301 0.015114 0.034201 0.000000 -0.006409 0.970367 -0.241550 0.121000 -0.036838 0.241161 0.969786 0.000000 0.000000 0.000000 0.000000 1.000000
0.999662 0.014961 0.021244 0.000000 -0.009334 0.969788 -0.243769 0.121000 -0.024249 0.243489 0.969600 0.000000 0.000000 0.000000 0.000000 1.000000
0.999850 0.014796 0.008996 0.000000 -0.012135 0.969303 -0.245568 0.121000 -0.012354 0.245422 0.969338 -0.000000 0.000000 0.000000 0.000000 1.000000
0.999901 0.013914 -0.001877 0.000000 -0.013948 0.969182 -0.245949 0.121000 -0.001603 0.245951 0.969281 -0.000000 0.000000 0.000000 0.000000 1.000000
0.999840 0.011724 -0.013525 0.000000 -0.014663 0.969832 -0.243332 0.121000 0.010264 0.243491 0.969849 0.000000 0.000000 0.000000 0.000000 1.000000
0.999491 0.008916 -0.030621 0.000000 -0.015943 0.971235 -0.237586 0.121000 0.027621 0.237953 0.970884 0.000000 0.000000 0.000000 0.000000 1.000000
0.998534 0.005818 -0.053805 0.000000 -0.018011 0.973252 -0.229034 0.121000 0.051033 0.229668 0.971930 -0.000000 0.000000 0.000000 0.000000 1.000000
0.996936 0.002899 -0.078168 0.000000 -0.020035 0.975440 -0.219351 0.121000 0.075612 0.220245 0.972510 0.000000 0.000000 0.000000 0.000000 1.000000</float_array>
          <technique_common>
            <accessor source="#mixamorig_Spine2-Matrix-animation-output-transform-array" count="41" stride="16">
              <param type="float4x4"/>
            </accessor>
          </technique_common>
        </source>
        <source id="mixamorig_Spine2-Interpolations">
          <Name_array id="mixamorig_Spine2-Interpolations-array" count="41">
 LINEAR LINEAR LINEAR LINEAR LINEAR LINEAR LINEAR LINEAR LINEAR LINEAR LINEAR
LINEAR LINEAR LINEAR LINEAR LINEAR LINEAR LINEAR LINEAR LINEAR LINEAR LINEAR LINEAR
LINEAR LINEAR LINEAR LINEAR LINEAR LINEAR LINEAR LINEAR LINEAR LINEAR LINEAR LINEAR
LINEAR LINEAR LINEAR LINEAR LINEAR LINEAR</Name_array>
          <technique_common>
            <accessor source="#mixamorig_Spine2-Interpolations-array" count="41">
              <param type="name"/>
            </accessor>
          </technique_common>
        </source>
        <sampler id="mixamorig_Spine2-Matrix-animation-transform">
          <input semantic="INPUT" source="#mixamorig_Spine2-Matrix-animation-input"/>
          <input semantic="OUTPUT" source="#mixamorig_Spine2-Matrix-animation-output-transform"/>
          <input semantic="INTERPOLATION" source="#mixamorig_Spine2-Interpolations"/>
        </sampler>
        <channel source="#mixamorig_Spine2-Matrix-animation-transform" target="mixamorig_Spine2/matrix"/>
      </animation>
    </animation>
    <animation id="mixamorig_Neck-anim" name="mixamorig_Neck">
      <animation>
        <source id="mixamorig_Neck-Matrix-animation-input">
          <float_array id="mixamorig_Neck-Matrix-animation-input-array" count="41">

-0.000000 0.041666 0.083333 0.125000 0.166666 0.208333 0.250000 0.291666 0.333333 0.375000 0.416666 0.458333 0.500000 0.541666 0.583333 0.625000
0.666666 0.708333 0.750000 0.791666 0.833333 0.875000 0.916666 0.958333 1.000000 1.041666 1.083333 1.125000 1.166666 1.208333 1.250000 1.291666
1.333333 1.375000 1.416666 1.458333 1.500000 1.541666 1.583333 1.625000 1.666666</float_array>
          <technique_common>
            <accessor source="#mixamorig_Neck-Matrix-animation-input-array" count="41">
              <param name="TIME" type="float"/>
            </accessor>
          </technique_common>
        </source>
        <source id="mixamorig_Neck-Matrix-animation-output-transform">
          <float_array id="mixamorig_Neck-Matrix-animation-output-transform-array" count="656">

0.999980 0.001550 -0.006133 0.000000 -0.001049 0.996729 0.080813 0.136100 0.006238 -0.080805 0.996710 0.000000 0.000000 0.000000 0.000000 1.000000
0.999980 0.004341 -0.004586 0.000000 -0.003954 0.996676 0.081374 0.136100 0.004924 -0.081354 0.996673 0.000000 0.000000 0.000000 0.000000 1.000000
0.999974 0.006349 -0.003409 -0.000000 -0.006049 0.996640 0.081681 0.136100 0.003917 -0.081658 0.996653 0.000000 0.000000 0.000000 0.000000 1.000000
0.999974 0.006597 -0.002847 0.000000 -0.006343 0.996646 0.081587 0.136100 0.003376 -0.081567 0.996662 0.000000 0.000000 0.000000 0.000000 1.000000
0.999983 0.005167 -0.002877 -0.000000 -0.004916 0.996687 0.081188 0.136100 0.003287 -0.081172 0.996695 0.000000 0.000000 0.000000 0.000000 1.000000
0.999990 0.002895 -0.003303 0.000000 -0.002619 0.996732 0.080738 0.136100 0.003526 -0.080728 0.996730 0.000000 0.000000 0.000000 0.000000 1.000000
0.999992 0.000953 -0.003753 0.000000 -0.000648 0.996752 0.080531 0.136100 0.003817 -0.080528 0.996745 0.000000 0.000000 0.000000 0.000000 1.000000
0.999991 -0.000145 -0.004279 0.000000 0.000489 0.996737 0.080720 0.136100 0.004253 -0.080721 0.996728 0.000000 0.000000 0.000000 0.000000 1.000000
0.999985 -0.000686 -0.005500 -0.000000 0.001131 0.996695 0.081232 0.136100 0.005426 -0.081237 0.996680 -0.000000 0.000000 0.000000 0.000000 1.000000
0.999960 -0.002323 -0.008581 0.000000 0.003015 0.996669 0.081501 0.136100 0.008363 -0.081524 0.996637 0.000000 0.000000 0.000000 0.000000 1.000000
0.999903 -0.005226 -0.012885 0.000000 0.006254 0.996686 0.081101 0.136100 0.012418 -0.081174 0.996623 -0.000000 0.000000 0.000000 0.000000 1.000000
0.999830 -0.007287 -0.016937 0.000000 0.008625 0.996731 0.080334 0.136100 0.016296 -0.080467 0.996624 -0.000000 0.000000 0.000000 0.000000 1.000000
0.999789 -0.006669 -0.019409 -0.000000 0.008207 0.996739 0.080270 0.136100 0.018810 -0.080412 0.996584 0.000000 0.000000 0.000000 0.000000 1.000000
0.999769 -0.005642 -0.020728 0.000000 0.007319 0.996624 0.081777 0.136100 0.020197 -0.081910 0.996435 0.000000 0.000000 0.000000 0.000000 1.000000
0.999716 -0.007167 -0.022705 0.000000 0.009050 0.996429 0.083947 0.136100 0.022022 -0.084129 0.996211 0.000000 0.000000 0.000000 0.000000 1.000000
0.999591 -0.011401 -0.026203 0.000000 0.013605 0.996243 0.085527 0.136100 0.025129 -0.085849 0.995991 0.000000 0.000000 0.000000 0.000000 1.000000
0.999372 -0.017194 -0.030989 0.000000 0.019797 0.996120 0.085744 0.136100 0.029395 -0.086304 0.995835 0.000000 0.000000 0.000000 0.000000 1.000000
0.999068 -0.023653 -0.036104 -0.000000 0.026643 0.996047 0.084736 0.136100 0.033957 -0.085619 0.995749 0.000000 0.000000 0.000000 0.000000 1.000000
0.998710 -0.030092 -0.040907 0.000000 0.033407 0.995996 0.082917 0.136100 0.038249 -0.084176 0.995716 0.000000 0.000000 0.000000 0.000000 1.000000
0.998370 -0.035187 -0.044928 -0.000000 0.038719 0.996016 0.080321 0.136100 0.041923 -0.081930 0.995756 -0.000000 0.000000 0.000000 0.000000 1.000000
0.998164 -0.037846 -0.047281 -0.000000 0.041375 0.996245 0.076048 0.136100 0.044225 -0.077865 0.995982 0.000000 0.000000 0.000000 0.000000 1.000000
0.998132 -0.038628 -0.047326 0.000000 0.041899 0.996655 0.070175 0.136100 0.044457 -0.072027 0.996412 0.000000 0.000000 0.000000 0.000000 1.000000
0.998201 -0.038674 -0.045810 0.000000 0.041583 0.997061 0.064342 0.136100 0.043188 -0.066131 0.996876 0.000000 0.000000 0.000000 0.000000 1.000000
0.998343 -0.037450 -0.043685 -0.000000 0.040019 0.997426 0.059489 0.136100 0.041344 -0.061139 0.997272 0.000000 0.000000 0.000000 0.000000 1.000000
0.998564 -0.033861 -0.041517 0.000000 0.036117 0.997842 0.054837 0.136100 0.039571 -0.056258 0.997632 0.000000 0.000000 0.000000 0.000000 1.000000
0.998829 -0.027615 -0.039728 0.000000 0.029521 0.998402 0.048202 0.136100 0.038333 -0.049318 0.998048 0.000000 0.000000 0.000000 0.000000 1.000000
0.999063 -0.019896 -0.038429 -0.000000 0.021404 0.999000 0.039254 0.136100 0.037610 -0.040040 0.998490 0.000000 0.000000 0.000000 0.000000 1.000000
0.999240 -0.011573 -0.037225 0.000000 0.012690 0.999472 0.029919 0.136100 0.036859 -0.030369 0.998859 0.000000 0.000000 0.000000 0.000000 1.000000
0.999370 -0.003415 -0.035336 -0.000000 0.004116 0.999796 0.019799 0.136100 0.035261 -0.019932 0.999179 0.000000 0.000000 0.000000 0.000000 1.000000
0.999468 0.001721 -0.032563 0.000000 -0.001610 0.999993 0.003437 0.136100 0.032569 -0.003383 0.999464 -0.000000 0.000000 0.000000 0.000000 1.000000
0.999528 0.001690 -0.030677 0.000000 -0.002268 0.999821 -0.018798 0.136100 0.030640 0.018859 0.999353 0.000000 0.000000 0.000000 0.000000 1.000000
