<?xml version="1.0" encoding="utf-8"?>
<COLLADA xmlns="http://www.collada.org/2005/11/COLLADASchema" version="1.4.1">
  <asset><contributor><author>Mixamo</author><authoring_tool>COLLADA Mixamo exporter</authoring_tool><comments></comments></contributor><created>2020-05-03T22:19:41Z</created><modified>2020-05-03T22:19:41Z</modified><revision></revision><title></title><unit meter="0.010000"/><up_axis>Y_UP</up_axis></asset>
  <library_geometries>
    <geometry id="rigging_body-lib" name="rigging_bodyMesh">
      <mesh>
        <source id="rigging_body-lib-Position" name="position">
          <float_array id="rigging_body-lib-Position-array" count="0"></float_array>
          <technique_common>
            <accessor count="0" source="#rigging_body-lib-Position-array" stride="3">
              <param name="X" type="float"/>
              <param name="Y" type="float"/>
              <param name="Z" type="float"/>
            </accessor>
          </technique_common>
        </source>
        <vertices id="rigging_body-lib-Vertex">
          <input semantic="POSITION" source="#rigging_body-lib-Position"/>
        </vertices>
      </mesh>
    </geometry>
    <geometry id="rigging_Cylinder001-lib" name="rigging_Cylinder001Mesh">
      <mesh>
        <source id="rigging_Cylinder001-lib-Position" name="position">
          <float_array id="rigging_Cylinder001-lib-Position-array" count="0"></float_array>
          <technique_common>
            <accessor count="0" source="#rigging_Cylinder001-lib-Position-array" stride="3">
              <param name="X" type="float"/>
              <param name="Y" type="float"/>
              <param name="Z" type="float"/>
            </accessor>
          </technique_common>
        </source>
        <vertices id="rigging_Cylinder001-lib-Vertex">
          <input semantic="POSITION" source="#rigging_Cylinder001-lib-Position"/>
        </vertices>
      </mesh>
    </geometry>
    <geometry id="rigging_eyebrowns-lib" name="rigging_eyebrownsMesh">
      <mesh>
        <source id="rigging_eyebrowns-lib-Position" name="position">
          <float_array id="rigging_eyebrowns-lib-Position-array" count="0"></float_array>
          <technique_common>
            <accessor count="0" source="#rigging_eyebrowns-lib-Position-array" stride="3">
              <param name="X" type="float"/>
              <param name="Y" type="float"/>
              <param name="Z" type="float"/>
            </accessor>
          </technique_common>
        </source>
        <vertices id="rigging_eyebrowns-lib-Vertex">
          <input semantic="POSITION" source="#rigging_eyebrowns-lib-Position"/>
        </vertices>
      </mesh>
    </geometry>
    <geometry id="rigging_eyebrowns001-lib" name="rigging_eyebrowns001Mesh">
      <mesh>
        <source id="rigging_eyebrowns001-lib-Position" name="position">
          <float_array id="rigging_eyebrowns001-lib-Position-array" count="0"></float_array>
          <technique_common>
            <accessor count="0" source="#rigging_eyebrowns001-lib-Position-array" stride="3">
              <param name="X" type="float"/>
              <param name="Y" type="float"/>
              <param name="Z" type="float"/>
            </accessor>
          </technique_common>
        </source>
        <vertices id="rigging_eyebrowns001-lib-Vertex">
          <input semantic="POSITION" source="#rigging_eyebrowns001-lib-Position"/>
        </vertices>
      </mesh>
    </geometry>
    <geometry id="rigging_hear-lib" name="rigging_hearMesh">
      <mesh>
        <source id="rigging_hear-lib-Position" name="position">
          <float_array id="rigging_hear-lib-Position-array" count="0"></float_array>
          <technique_common>
            <accessor count="0" source="#rigging_hear-lib-Position-array" stride="3">
              <param name="X" type="float"/>
              <param name="Y" type="float"/>
              <param name="Z" type="float"/>
            </accessor>
          </technique_common>
        </source>
        <vertices id="rigging_hear-lib-Vertex">
          <input semantic="POSITION" source="#rigging_hear-lib-Position"/>
        </vertices>
      </mesh>
    </geometry>
    <geometry id="rigging_Tube001-lib" name="rigging_Tube001Mesh">
      <mesh>
        <source id="rigging_Tube001-lib-Position" name="position">
          <float_array id="rigging_Tube001-lib-Position-array" count="0"></float_array>
          <technique_common>
            <accessor count="0" source="#rigging_Tube001-lib-Position-array" stride="3">
              <param name="X" type="float"/>
              <param name="Y" type="float"/>
              <param name="Z" type="float"/>
            </accessor>
          </technique_common>
        </source>
        <vertices id="rigging_Tube001-lib-Vertex">
          <input semantic="POSITION" source="#rigging_Tube001-lib-Position"/>
        </vertices>
      </mesh>
    </geometry>
  </library_geometries>
  <library_controllers>
    <controller id="rigging_bodyController">
      <skin source="#rigging_body-lib">
        <bind_shape_matrix>1.000000 -0.000000 0.000000 0.000000 0.000000 1.000000 -0.000000 0.000000 0.000000 0.000000 1.000000 0.000000 0.000000 0.000000 0.000000 1.000000
</bind_shape_matrix>
        <source id="rigging_bodyController-Joints">
          <Name_array id="rigging_bodyController-Joints-array" count="1">
 rigging_body</Name_array>
          <technique_common>
            <accessor source="#rigging_bodyController-Joints-array" count="1">
              <param type="name"/>
            </accessor>
          </technique_common>
        </source>
        <source id="rigging_bodyController-Matrices">
          <float_array id="rigging_bodyController-Matrices-array" count="32">

1.000000 0.000000 0.000000 -0.000000 -0.000000 1.000000 0.000000 -0.000000 0.000000 -0.000000 1.000000 -0.000000 0.000000 0.000000 0.000000 1.000000
1.000000 0.000000 0.000000 -0.000000 -0.000000 1.000000 0.000000 -0.000000 0.000000 -0.000000 1.000000 -0.000000 0.000000 0.000000 0.000000 1.000000</float_array>
          <technique_common>
            <accessor source="#rigging_bodyController-Matrices-array" count="2" stride="16">
              <param type="float4x4"/>
            </accessor>
          </technique_common>
        </source>
        <source id="rigging_bodyController-Weights">
          <float_array id="rigging_bodyController-Weights-array" count="1">

1.000000</float_array>
          <technique_common>
            <accessor source="#rigging_bodyController-Weights-array" count="1">
              <param type="float"/>
            </accessor>
          </technique_common>
        </source>
        <joints>
          <input semantic="JOINT" source="#rigging_bodyController-Joints"/>
          <input semantic="INV_BIND_MATRIX" source="#rigging_bodyController-Matrices"/>
        </joints>
        <vertex_weights count="0">
          <input semantic="JOINT" offset="0" source="#rigging_bodyController-Joints"/>
          <input semantic="WEIGHT" offset="1" source="#rigging_bodyController-Weights"/>
          <vcount></vcount>
          <v></v>
        </vertex_weights>
      </skin>
    </controller>
    <controller id="rigging_Cylinder001Controller">
      <skin source="#rigging_Cylinder001-lib">
        <bind_shape_matrix>1.000000 -0.000000 0.000000 0.000000 0.000000 1.000000 -0.000000 0.000000 0.000000 0.000000 1.000000 0.000000 0.000000 0.000000 0.000000 1.000000
</bind_shape_matrix>
        <source id="rigging_Cylinder001Controller-Joints">
          <Name_array id="rigging_Cylinder001Controller-Joints-array" count="1">
 rigging_Cylinder001</Name_array>
          <technique_common>
            <accessor source="#rigging_Cylinder001Controller-Joints-array" count="1">
              <param type="name"/>
            </accessor>
          </technique_common>
        </source>
        <source id="rigging_Cylinder001Controller-Matrices">
          <float_array id="rigging_Cylinder001Controller-Matrices-array" count="32">

1.000000 0.000000 0.000000 -0.000000 -0.000000 1.000000 0.000000 -0.000000 0.000000 -0.000000 1.000000 -0.000000 0.000000 0.000000 0.000000 1.000000
1.000000 0.000000 0.000000 -0.000000 -0.000000 1.000000 0.000000 -0.000000 0.000000 -0.000000 1.000000 -0.000000 0.000000 0.000000 0.000000 1.000000</float_array>
          <technique_common>
            <accessor source="#rigging_Cylinder001Controller-Matrices-array" count="2" stride="16">
              <param type="float4x4"/>
            </accessor>
          </technique_common>
        </source>
        <source id="rigging_Cylinder001Controller-Weights">
          <float_array id="rigging_Cylinder001Controller-Weights-array" count="1">

1.000000</float_array>
          <technique_common>
            <accessor source="#rigging_Cylinder001Controller-Weights-array" count="1">
              <param type="float"/>
            </accessor>
          </technique_common>
        </source>
        <joints>
          <input semantic="JOINT" source="#rigging_Cylinder001Controller-Joints"/>
          <input semantic="INV_BIND_MATRIX" source="#rigging_Cylinder001Controller-Matrices"/>
        </joints>
        <vertex_weights count="0">
          <input semantic="JOINT" offset="0" source="#rigging_Cylinder001Controller-Joints"/>
          <input semantic="WEIGHT" offset="1" source="#rigging_Cylinder001Controller-Weights"/>
          <vcount></vcount>
          <v></v>
        </vertex_weights>
      </skin>
    </controller>
    <controller id="rigging_eyebrownsController">
      <skin source="#rigging_eyebrowns-lib">
        <bind_shape_matrix>1.000000 -0.000000 0.000000 0.000000 0.000000 1.000000 -0.000000 0.000000 0.000000 0.000000 1.000000 0.000000 0.000000 0.000000 0.000000 1.000000
</bind_shape_matrix>
        <source id="rigging_eyebrownsController-Joints">
          <Name_array id="rigging_eyebrownsController-Joints-array" count="1">
 rigging_eyebrowns</Name_array>
          <technique_common>
            <accessor source="#rigging_eyebrownsController-Joints-array" count="1">
              <param type="name"/>
            </accessor>
          </technique_common>
        </source>
        <source id="rigging_eyebrownsController-Matrices">
          <float_array id="rigging_eyebrownsController-Matrices-array" count="32">

1.000000 0.000000 0.000000 -0.000000 -0.000000 1.000000 0.000000 -0.000000 0.000000 -0.000000 1.000000 -0.000000 0.000000 0.000000 0.000000 1.000000
1.000000 0.000000 0.000000 -0.000000 -0.000000 1.000000 0.000000 -0.000000 0.000000 -0.000000 1.000000 -0.000000 0.000000 0.000000 0.000000 1.000000</float_array>
          <technique_common>
            <accessor source="#rigging_eyebrownsController-Matrices-array" count="2" stride="16">
              <param type="float4x4"/>
            </accessor>
          </technique_common>
        </source>
        <source id="rigging_eyebrownsController-Weights">
          <float_array id="rigging_eyebrownsController-Weights-array" count="1">

1.000000</float_array>
          <technique_common>
            <accessor source="#rigging_eyebrownsController-Weights-array" count="1">
              <param type="float"/>
            </accessor>
          </technique_common>
        </source>
        <joints>
          <input semantic="JOINT" source="#rigging_eyebrownsController-Joints"/>
          <input semantic="INV_BIND_MATRIX" source="#rigging_eyebrownsController-Matrices"/>
        </joints>
        <vertex_weights count="0">
          <input semantic="JOINT" offset="0" source="#rigging_eyebrownsController-Joints"/>
          <input semantic="WEIGHT" offset="1" source="#rigging_eyebrownsController-Weights"/>
          <vcount></vcount>
          <v></v>
        </vertex_weights>
      </skin>
    </controller>
    <controller id="rigging_eyebrowns001Controller">
      <skin source="#rigging_eyebrowns001-lib">
        <bind_shape_matrix>1.000000 -0.000000 0.000000 0.000000 0.000000 1.000000 -0.000000 0.000000 0.000000 0.000000 1.000000 0.000000 0.000000 0.000000 0.000000 1.000000
</bind_shape_matrix>
        <source id="rigging_eyebrowns001Controller-Joints">
          <Name_array id="rigging_eyebrowns001Controller-Joints-array" count="1">
 rigging_eyebrowns001</Name_array>
          <technique_common>
            <accessor source="#rigging_eyebrowns001Controller-Joints-array" count="1">
              <param type="name"/>
            </accessor>
          </technique_common>
        </source>
        <source id="rigging_eyebrowns001Controller-Matrices">
          <float_array id="rigging_eyebrowns001Controller-Matrices-array" count="32">

1.000000 0.000000 0.000000 -0.000000 -0.000000 1.000000 0.000000 -0.000000 0.000000 -0.000000 1.000000 -0.000000 0.000000 0.000000 0.000000 1.000000
1.000000 0.000000 0.000000 -0.000000 -0.000000 1.000000 0.000000 -0.000000 0.000000 -0.000000 1.000000 -0.000000 0.000000 0.000000 0.000000 1.000000</float_array>
          <technique_common>
            <accessor source="#rigging_eyebrowns001Controller-Matrices-array" count="2" stride="16">
              <param type="float4x4"/>
            </accessor>
          </technique_common>
        </source>
        <source id="rigging_eyebrowns001Controller-Weights">
          <float_array id="rigging_eyebrowns001Controller-Weights-array" count="1">

1.000000</float_array>
          <technique_common>
            <accessor source="#rigging_eyebrowns001Controller-Weights-array" count="1">
              <param type="float"/>
            </accessor>
          </technique_common>
        </source>
        <joints>
          <input semantic="JOINT" source="#rigging_eyebrowns001Controller-Joints"/>
          <input semantic="INV_BIND_MATRIX" source="#rigging_eyebrowns001Controller-Matrices"/>
        </joints>
        <vertex_weights count="0">
          <input semantic="JOINT" offset="0" source="#rigging_eyebrowns001Controller-Joints"/>
          <input semantic="WEIGHT" offset="1" source="#rigging_eyebrowns001Controller-Weights"/>
          <vcount></vcount>
          <v></v>
        </vertex_weights>
      </skin>
    </controller>
    <controller id="rigging_hearController">
      <skin source="#rigging_hear-lib">
        <bind_shape_matrix>1.000000 -0.000000 0.000000 0.000000 0.000000 1.000000 -0.000000 0.000000 0.000000 0.000000 1.000000 0.000000 0.000000 0.000000 0.000000 1.000000
</bind_shape_matrix>
        <source id="rigging_hearController-Joints">
          <Name_array id="rigging_hearController-Joints-array" count="1">
 rigging_hear</Name_array>
          <technique_common>
            <accessor source="#rigging_hearController-Joints-array" count="1">
              <param type="name"/>
            </accessor>
          </technique_common>
        </source>
        <source id="rigging_hearController-Matrices">
          <float_array id="rigging_hearController-Matrices-array" count="32">

1.000000 0.000000 0.000000 -0.000000 -0.000000 1.000000 0.000000 -0.000000 0.000000 -0.000000 1.000000 -0.000000 0.000000 0.000000 0.000000 1.000000
1.000000 0.000000 0.000000 -0.000000 -0.000000 1.000000 0.000000 -0.000000 0.000000 -0.000000 1.000000 -0.000000 0.000000 0.000000 0.000000 1.000000</float_array>
          <technique_common>
            <accessor source="#rigging_hearController-Matrices-array" count="2" stride="16">
              <param type="float4x4"/>
            </accessor>
          </technique_common>
        </source>
        <source id="rigging_hearController-Weights">
          <float_array id="rigging_hearController-Weights-array" count="1">

1.000000</float_array>
          <technique_common>
            <accessor source="#rigging_hearController-Weights-array" count="1">
              <param type="float"/>
            </accessor>
          </technique_common>
        </source>
        <joints>
          <input semantic="JOINT" source="#rigging_hearController-Joints"/>
          <input semantic="INV_BIND_MATRIX" source="#rigging_hearController-Matrices"/>
        </joints>
        <vertex_weights count="0">
          <input semantic="JOINT" offset="0" source="#rigging_hearController-Joints"/>
          <input semantic="WEIGHT" offset="1" source="#rigging_hearController-Weights"/>
          <vcount></vcount>
          <v></v>
        </vertex_weights>
      </skin>
    </controller>
    <controller id="rigging_Tube001Controller">
      <skin source="#rigging_Tube001-lib">
        <bind_shape_matrix>1.000000 -0.000000 0.000000 0.000000 0.000000 1.000000 -0.000000 0.000000 0.000000 0.000000 1.000000 0.000000 0.000000 0.000000 0.000000 1.000000
</bind_shape_matrix>
        <source id="rigging_Tube001Controller-Joints">
          <Name_array id="rigging_Tube001Controller-Joints-array" count="1">
 rigging_Tube001</Name_array>
          <technique_common>
            <accessor source="#rigging_Tube001Controller-Joints-array" count="1">
              <param type="name"/>
            </accessor>
          </technique_common>
        </source>
        <source id="rigging_Tube001Controller-Matrices">
          <float_array id="rigging_Tube001Controller-Matrices-array" count="32">

1.000000 0.000000 0.000000 -0.000000 -0.000000 1.000000 0.000000 -0.000000 0.000000 -0.000000 1.000000 -0.000000 0.000000 0.000000 0.000000 1.000000
1.000000 0.000000 0.000000 -0.000000 -0.000000 1.000000 0.000000 -0.000000 0.000000 -0.000000 1.000000 -0.000000 0.000000 0.000000 0.000000 1.000000</float_array>
          <technique_common>
            <accessor source="#rigging_Tube001Controller-Matrices-array" count="2" stride="16">
              <param type="float4x4"/>
            </accessor>
          </technique_common>
        </source>
        <source id="rigging_Tube001Controller-Weights">
          <float_array id="rigging_Tube001Controller-Weights-array" count="1">

1.000000</float_array>
          <technique_common>
            <accessor source="#rigging_Tube001Controller-Weights-array" count="1">
              <param type="float"/>
            </accessor>
          </technique_common>
        </source>
        <joints>
          <input semantic="JOINT" source="#rigging_Tube001Controller-Joints"/>
          <input semantic="INV_BIND_MATRIX" source="#rigging_Tube001Controller-Matrices"/>
        </joints>
        <vertex_weights count="0">
          <input semantic="JOINT" offset="0" source="#rigging_Tube001Controller-Joints"/>
          <input semantic="WEIGHT" offset="1" source="#rigging_Tube001Controller-Weights"/>
          <vcount></vcount>
          <v></v>
        </vertex_weights>
      </skin>
    </controller>
  </library_controllers>
  <library_animations>
    <animation id="rigging_Yennefer-anim" name="rigging_Yennefer"><source id="rigging_Yennefer-Matrix-animation-input"><float_array id="rigging_Yennefer-Matrix-animation-input-array" count="90">

0.000000 0.033333 0.066667 0.100000 0.133333 0.166667 0.200000 0.233333 0.266667 0.300000 0.333333 0.366667 0.400000 0.433333 0.466667 0.500000
0.533333 0.566667 0.600000 0.633333 0.666667 0.700000 0.733333 0.766667 0.800000 0.833333 0.866667 0.900000 0.933333 0.966667 1.000000 1.033333
1.066667 1.100000 1.133333 1.166667 1.200000 1.233333 1.266667 1.300000 1.333333 1.366667 1.400000 1.433333 1.466667 1.500000 1.533333 1.566667
1.600000 1.633333 1.666667 1.700000 1.733333 1.766667 1.800000 1.833333 1.866667 1.900000 1.933333 1.966667 2.000000 2.033333 2.066667 2.100000
2.133333 2.166667 2.200000 2.233333 2.266667 2.300000 2.333333 2.366667 2.400000 2.433333 2.466667 2.500000 2.533333 2.566667 2.600000 2.633333
2.666667 2.700000 2.733333 2.766667 2.800000 2.833333 2.866667 2.900000 2.933333 2.966667</float_array><technique_common><accessor source="#rigging_Yennefer-Matrix-animation-input-array" count="90"><param name="TIME" type="float"/></accessor></technique_common></source><source id="rigging_Yennefer-Matrix-animation-output-transform"><float_array id="rigging_Yennefer-Matrix-animation-output-transform-array" count="1440">

0.522520 0.046141 0.851378 -0.046475 -0.050685 0.998450 -0.023005 -0.071715 -0.851119 -0.031132 0.524049 0.025220 0.000000 0.000000 0.000000 1.000000
0.490355 0.062932 0.869247 -0.054532 -0.069740 0.997024 -0.032842 -0.071095 -0.868728 -0.044517 0.493285 0.033716 0.000000 0.000000 0.000000 1.000000
0.415408 0.086323 0.905530 -0.066354 -0.088790 0.994581 -0.054080 -0.070755 -0.905291 -0.057937 0.420822 0.045588 0.000000 0.000000 0.000000 1.000000
0.332480 0.110929 0.936564 -0.078072 -0.107006 0.991083 -0.079399 -0.069796 -0.937020 -0.073819 0.341386 0.058903 0.000000 0.000000 0.000000 1.000000
0.246376 0.138245 0.959264 -0.088849 -0.125145 0.986026 -0.109960 -0.067747 -0.961061 -0.092956 0.260234 0.073717 0.000000 0.000000 0.000000 1.000000
0.146089 0.160450 0.976173 -0.096129 -0.140337 0.980142 -0.140100 -0.066557 -0.979267 -0.116527 0.165705 0.091099 0.000000 0.000000 0.000000 1.000000
0.035288 0.179038 0.983209 -0.100358 -0.152973 0.973196 -0.171724 -0.065448 -0.987600 -0.144344 0.061730 0.111960 0.000000 0.000000 0.000000 1.000000
-0.087121 0.193479 0.977229 -0.101143 -0.165692 0.964480 -0.205727 -0.063812 -0.982322 -0.179842 -0.051968 0.136608 0.000000 0.000000 0.000000 1.000000
-0.215517 0.194625 0.956908 -0.094227 -0.170231 0.957444 -0.233073 -0.063028 -0.961548 -0.213126 -0.173214 0.159782 0.000000 0.000000 0.000000 1.000000
-0.335613 0.182002 0.924251 -0.079797 -0.161318 0.955559 -0.246744 -0.064664 -0.928084 -0.231909 -0.291338 0.175355 0.000000 0.000000 0.000000 1.000000
-0.445157 0.174351 0.878315 -0.066444 -0.141764 0.954769 -0.261378 -0.066596 -0.884160 -0.240868 -0.400306 0.185126 0.000000 0.000000 0.000000 1.000000
-0.551015 0.172508 0.816470 -0.054895 -0.116045 0.953054 -0.279682 -0.068249 -0.826387 -0.248856 -0.505128 0.192754 0.000000 0.000000 0.000000 1.000000
-0.650008 0.177097 0.739004 -0.045315 -0.083643 0.949885 -0.301203 -0.069257 -0.755310 -0.257597 -0.602620 0.198473 0.000000 0.000000 0.000000 1.000000
-0.732319 0.181861 0.656229 -0.036458 -0.047626 0.947640 -0.315768 -0.070639 -0.679295 -0.262496 -0.685313 0.200427 0.000000 0.000000 0.000000 1.000000
-0.788297 0.184518 0.586977 -0.028705 -0.016026 0.947495 -0.319370 -0.072423 -0.615087 -0.261165 -0.743950 0.197800 0.000000 0.000000 0.000000 1.000000
-0.819832 0.182125 0.542868 -0.020965 0.005132 0.950368 -0.311085 -0.075286 -0.572581 -0.252252 -0.780077 0.190193 0.000000 0.000000 0.000000 1.000000
-0.818501 0.170177 0.548723 -0.012941 0.012817 0.960293 -0.278699 -0.080773 -0.574363 -0.221082 -0.788182 0.172332 0.000000 0.000000 0.000000 1.000000
-0.781792 0.161657 0.602220 -0.010237 0.010644 0.969128 -0.246330 -0.084199 -0.623449 -0.186168 -0.759377 0.152061 0.000000 0.000000 0.000000 1.000000
-0.707164 0.151605 0.690605 -0.010130 0.007135 0.978222 -0.207437 -0.087207 -0.707013 -0.141765 -0.692846 0.126930 0.000000 0.000000 0.000000 1.000000
-0.602800 0.130325 0.787177 -0.006771 0.005328 0.987206 -0.159361 -0.089816 -0.797875 -0.091869 -0.595782 0.098320 0.000000 0.000000 0.000000 1.000000
-0.489343 0.097191 0.866659 0.001222 0.004572 0.994043 -0.108895 -0.090525 -0.872080 -0.049325 -0.486872 0.071761 0.000000 0.000000 0.000000 1.000000
-0.391182 0.060372 0.918331 0.011569 0.006772 0.998008 -0.062725 -0.089327 -0.920288 -0.018318 -0.390811 0.050062 0.000000 0.000000 0.000000 1.000000
-0.311075 0.030542 0.949894 0.019524 0.017569 0.999498 -0.026383 -0.086305 -0.950223 0.008482 -0.311456 0.030229 0.000000 0.000000 0.000000 1.000000
-0.218413 -0.000945 0.975856 0.028518 0.033462 0.999404 0.008457 -0.080311 -0.975283 0.034501 -0.218251 0.010421 0.000000 0.000000 0.000000 1.000000
-0.108761 -0.035087 0.993448 0.039130 0.043832 0.998236 0.040055 -0.071674 -0.993101 0.047901 -0.107031 -0.004310 0.000000 0.000000 0.000000 1.000000
0.000100 -0.076710 0.997053 0.054113 0.055954 0.995492 0.076584 -0.061001 -0.998433 0.055782 0.004392 -0.016486 0.000000 0.000000 0.000000 1.000000
0.099012 -0.113495 0.988593 0.067684 0.063267 0.992182 0.107571 -0.049691 -0.993073 0.051894 0.105419 -0.022394 0.000000 0.000000 0.000000 1.000000
0.214825 -0.133135 0.967536 0.073082 0.069098 0.990255 0.120919 -0.039867 -0.974205 0.040879 0.221931 -0.024990 0.000000 0.000000 0.000000 1.000000
0.345388 -0.140134 0.927938 0.072271 0.081553 0.989530 0.119080 -0.032611 -0.934910 0.034547 0.353200 -0.029810 0.000000 0.000000 0.000000 1.000000
0.474849 -0.130938 0.870272 0.064000 0.090777 0.990883 0.099554 -0.027179 -0.875373 0.031727 0.482406 -0.036591 0.000000 0.000000 0.000000 1.000000
0.593719 -0.111378 0.796927 0.051877 0.092602 0.993252 0.069827 -0.025482 -0.799326 0.032339 0.600026 -0.045028 0.000000 0.000000 0.000000 1.000000
0.683305 -0.076424 0.726122 0.034719 0.096170 0.995263 0.014252 -0.028176 -0.723772 0.060093 0.687418 -0.063924 0.000000 0.000000 0.000000 1.000000
0.761418 -0.046059 0.646623 0.020648 0.098603 0.994095 -0.045299 -0.034910 -0.640718 0.098251 0.761464 -0.086136 0.000000 0.000000 0.000000 1.000000
0.844107 -0.037040 0.534894 0.016193 0.102933 0.990249 -0.093866 -0.045756 -0.526202 0.134291 0.839689 -0.106786 0.000000 0.000000 0.000000 1.000000
0.925921 -0.037952 0.375805 0.016034 0.098182 0.984922 -0.142439 -0.064166 -0.364733 0.168785 0.915686 -0.127476 0.000000 0.000000 0.000000 1.000000
0.973028 -0.034433 0.228104 0.012953 0.076570 0.980947 -0.178548 -0.092224 -0.217610 0.191198 0.957126 -0.140065 0.000000 0.000000 0.000000 1.000000
0.992326 -0.021567 0.121757 0.005624 0.045528 0.979223 -0.197610 -0.122197 -0.114965 0.201637 0.972690 -0.145295 0.000000 0.000000 0.000000 1.000000
0.998947 -0.002745 0.045804 -0.004043 0.012135 0.978474 -0.206015 -0.152149 -0.044253 0.206354 0.977476 -0.146801 0.000000 0.000000 0.000000 1.000000
0.999814 0.018863 -0.004016 -0.013902 -0.019286 0.978091 -0.207282 -0.179681 0.000018 0.207321 0.978273 -0.146415 0.000000 0.000000 0.000000 1.000000
0.998649 0.040329 -0.032780 -0.023098 -0.046204 0.977732 -0.204708 -0.202761 0.023795 0.205946 0.978274 -0.144972 0.000000 0.000000 0.000000 1.000000
0.997216 0.058768 -0.045889 -0.031240 -0.066850 0.977274 -0.201163 -0.219919 0.033024 0.203671 0.978482 -0.142885 0.000000 0.000000 0.000000 1.000000
0.996162 0.071244 -0.050851 -0.036828 -0.080011 0.976737 -0.198953 -0.229699 0.035494 0.202258 0.978689 -0.141108 0.000000 0.000000 0.000000 1.000000
0.995880 0.074438 -0.051795 -0.038241 -0.083378 0.976204 -0.200185 -0.230673 0.035661 0.203678 0.978388 -0.140791 0.000000 0.000000 0.000000 1.000000
0.996323 0.072771 -0.045226 -0.038413 -0.080578 0.975253 -0.205884 -0.225545 0.029125 0.208771 0.977531 -0.142167 0.000000 0.000000 0.000000 1.000000
0.996521 0.073253 -0.039742 -0.039001 -0.080096 0.973564 -0.213912 -0.218620 0.023022 0.216351 0.976044 -0.145005 0.000000 0.000000 0.000000 1.000000
0.996840 0.071309 -0.035009 -0.038420 -0.077302 0.972278 -0.220680 -0.210315 0.018302 0.222689 0.974718 -0.147619 0.000000 0.000000 0.000000 1.000000
0.997386 0.066454 -0.028379 -0.036675 -0.071150 0.971737 -0.225088 -0.200693 0.012619 0.226519 0.973925 -0.149443 0.000000 0.000000 0.000000 1.000000
0.998050 0.059275 -0.019558 -0.033852 -0.062198 0.970761 -0.231852 -0.189447 0.005243 0.232617 0.972554 -0.152351 0.000000 0.000000 0.000000 1.000000
0.998621 0.050121 -0.015638 -0.030026 -0.052395 0.970513 -0.235284 -0.177272 0.003385 0.235779 0.971801 -0.153960 0.000000 0.000000 0.000000 1.000000
0.998997 0.043306 -0.011416 -0.027154 -0.044775 0.971220 -0.233937 -0.164134 0.000957 0.234214 0.972185 -0.153432 0.000000 0.000000 0.000000 1.000000
0.999277 0.037681 -0.004971 -0.024860 -0.037824 0.973076 -0.227359 -0.150605 -0.003730 0.227383 0.973798 -0.150286 0.000000 0.000000 0.000000 1.000000
0.999418 0.033847 0.004331 -0.023977 -0.031926 0.972329 -0.231424 -0.135069 -0.012044 0.231151 0.972843 -0.151046 0.000000 0.000000 0.000000 1.000000
0.999208 0.031172 0.024739 -0.024296 -0.024906 0.974680 -0.222213 -0.119533 -0.031039 0.221421 0.974684 -0.145464 0.000000 0.000000 0.000000 1.000000
0.997724 0.027205 0.061701 -0.024772 -0.013634 0.977493 -0.210526 -0.103498 -0.066040 0.209205 0.975639 -0.137781 0.000000 0.000000 0.000000 1.000000
0.992562 0.026345 0.118858 -0.028083 -0.003552 0.982156 -0.188035 -0.087507 -0.121691 0.186214 0.974944 -0.124260 0.000000 0.000000 0.000000 1.000000
0.978913 0.027848 0.202371 -0.033549 0.006294 0.986082 -0.166138 -0.071758 -0.204181 0.163908 0.965113 -0.110176 0.000000 0.000000 0.000000 1.000000
0.952880 0.031889 0.301665 -0.039985 0.013162 0.989176 -0.146142 -0.060269 -0.303060 0.143227 0.942147 -0.095707 0.000000 0.000000 0.000000 1.000000
0.911313 0.039031 0.409861 -0.046936 0.014878 0.991724 -0.127523 -0.051521 -0.411446 0.122312 0.903190 -0.080445 0.000000 0.000000 0.000000 1.000000
0.851442 0.044668 0.522544 -0.052807 0.013866 0.994101 -0.107570 -0.044176 -0.524266 0.098835 0.845799 -0.063060 0.000000 0.000000 0.000000 1.000000
0.776370 0.044520 0.628703 -0.055447 0.014587 0.995966 -0.088539 -0.038349 -0.630108 0.077910 0.772589 -0.045270 0.000000 0.000000 0.000000 1.000000
0.686546 0.042066 0.725868 -0.056034 0.011402 0.997579 -0.068596 -0.034305 -0.726997 0.055371 0.684405 -0.025704 0.000000 0.000000 0.000000 1.000000
0.584627 0.038772 0.810375 -0.054952 -0.000318 0.998868 -0.047561 -0.031527 -0.811302 0.027548 0.583977 -0.003020 0.000000 0.000000 0.000000 1.000000
0.486111 0.028747 0.873424 -0.048772 -0.021337 0.999551 -0.021023 -0.030548 -0.873636 -0.008417 0.486507 0.022062 0.000000 0.000000 0.000000 1.000000
0.405833 0.009294 0.913900 -0.037327 -0.039045 0.999212 0.007177 -0.031534 -0.913113 -0.038596 0.405876 0.042589 0.000000 0.000000 0.000000 1.000000
0.349552 -0.003547 0.936910 -0.028574 -0.055879 0.998134 0.024627 -0.033431 -0.935249 -0.060962 0.348702 0.057293 0.000000 0.000000 0.000000 1.000000
0.303891 -0.005428 0.952691 -0.024823 -0.072949 0.996915 0.028949 -0.035590 -0.949910 -0.078295 0.302558 0.068394 0.000000 0.000000 0.000000 1.000000
0.260698 -0.010462 0.965364 -0.020412 -0.082341 0.996057 0.033031 -0.038719 -0.961903 -0.088100 0.258808 0.075112 0.000000 0.000000 0.000000 1.000000
0.228499 -0.021409 0.973309 -0.014330 -0.083934 0.995602 0.041605 -0.042537 -0.969919 -0.091200 0.225697 0.077608 0.000000 0.000000 0.000000 1.000000
0.221450 -0.026637 0.974808 -0.011360 -0.080656 0.995702 0.045531 -0.046066 -0.971830 -0.088707 0.218350 0.076029 0.000000 0.000000 0.000000 1.000000
0.239528 -0.019688 0.970690 -0.014556 -0.076692 0.996287 0.039131 -0.049508 -0.967856 -0.083817 0.237129 0.071852 0.000000 0.000000 0.000000 1.000000
0.274097 -0.012273 0.961624 -0.018471 -0.072300 0.996826 0.033330 -0.052687 -0.958980 -0.078661 0.272340 0.066997 0.000000 0.000000 0.000000 1.000000
0.316358 -0.006446 0.948618 -0.021546 -0.069806 0.997108 0.030056 -0.055496 -0.946068 -0.075728 0.314993 0.062782 0.000000 0.000000 0.000000 1.000000
0.352547 -0.000750 0.935794 -0.024598 -0.069744 0.997197 0.027074 -0.057564 -0.933191 -0.074811 0.351507 0.059438 0.000000 0.000000 0.000000 1.000000
0.372616 0.002522 0.927982 -0.026519 -0.071536 0.997099 0.026014 -0.059199 -0.925224 -0.076077 0.371715 0.057922 0.000000 0.000000 0.000000 1.000000
0.389766 0.004430 0.920903 -0.027699 -0.071486 0.997117 0.025459 -0.060650 -0.918135 -0.075755 0.388959 0.056222 0.000000 0.000000 0.000000 1.000000
0.410876 0.006514 0.911668 -0.029005 -0.069758 0.997268 0.024314 -0.061889 -0.909018 -0.073586 0.410208 0.053799 0.000000 0.000000 0.000000 1.000000
0.427840 0.011717 0.903779 -0.031701 -0.068990 0.997422 0.019729 -0.062976 -0.901218 -0.070792 0.427546 0.051342 0.000000 0.000000 0.000000 1.000000
0.439079 0.014813 0.898326 -0.033501 -0.067469 0.997584 0.016528 -0.064142 -0.895912 -0.067866 0.439018 0.049119 0.000000 0.000000 0.000000 1.000000
0.446958 0.018306 0.894367 -0.035484 -0.066178 0.997728 0.012651 -0.065421 -0.892103 -0.064842 0.447154 0.047131 0.000000 0.000000 0.000000 1.000000
0.453775 0.023307 0.890812 -0.037997 -0.064630 0.997886 0.006814 -0.066619 -0.888770 -0.060665 0.454322 0.044693 0.000000 0.000000 0.000000 1.000000
0.458971 0.027621 0.888022 -0.040157 -0.061487 0.998108 0.000734 -0.067802 -0.886321 -0.054938 0.459801 0.041654 0.000000 0.000000 0.000000 1.000000
0.462880 0.031448 0.885863 -0.042034 -0.057900 0.998309 -0.005186 -0.068937 -0.884528 -0.048891 0.463918 0.038578 0.000000 0.000000 0.000000 1.000000
0.467941 0.035321 0.883054 -0.043797 -0.054417 0.998457 -0.011100 -0.069895 -0.882083 -0.042859 0.469140 0.035485 0.000000 0.000000 0.000000 1.000000
0.474926 0.038585 0.879179 -0.045136 -0.053218 0.998469 -0.015072 -0.070457 -0.878415 -0.039630 0.476253 0.033523 0.000000 0.000000 0.000000 1.000000
0.484387 0.040938 0.873895 -0.045849 -0.052448 0.998467 -0.017702 -0.070819 -0.873280 -0.037260 0.485791 0.031623 0.000000 0.000000 0.000000 1.000000
0.494896 0.042849 0.867895 -0.046276 -0.051825 0.998461 -0.019743 -0.071104 -0.867405 -0.035208 0.496355 0.029728 0.000000 0.000000 0.000000 1.000000
0.505183 0.044326 0.861873 -0.046482 -0.051355 0.998454 -0.021249 -0.071318 -0.861483 -0.033527 0.506679 0.027987 0.000000 0.000000 0.000000 1.000000
0.514018 0.045363 0.856579 -0.046537 -0.051014 0.998450 -0.022263 -0.071472 -0.856261 -0.032254 0.515535 0.026552 0.000000 0.000000 0.000000 1.000000
0.520194 0.045965 0.852810 -0.046512 -0.050792 0.998448 -0.022832 -0.071605 -0.852536 -0.031439 0.521721 0.025577 0.000000 0.000000 0.000000 1.000000
0.522520 0.046142 0.851378 -0.046475 -0.050685 0.998450 -0.023005 -0.071715 -0.851119 -0.031132 0.524049 0.025220 0.000000 0.000000 0.000000 1.000000</float_array><technique_common><accessor source="#rigging_Yennefer-Matrix-animation-output-transform-array" count="90" stride="16"><param type="float4x4"/></accessor></technique_common></source><source id="rigging_Yennefer-Interpolations"><Name_array id="rigging_Yennefer-Interpolations-array" count="90">
 LINEAR LINEAR LINEAR LINEAR LINEAR LINEAR LINEAR LINEAR LINEAR LINEAR LINEAR
LINEAR LINEAR LINEAR LINEAR LINEAR LINEAR LINEAR LINEAR LINEAR LINEAR LINEAR LINEAR
LINEAR LINEAR LINEAR LINEAR LINEAR LINEAR LINEAR LINEAR LINEAR LINEAR LINEAR LINEAR
LINEAR LINEAR LINEAR LINEAR LINEAR LINEAR LINEAR LINEAR LINEAR LINEAR LINEAR LINEAR
LINEAR LINEAR LINEAR LINEAR LINEAR LINEAR LINEAR LINEAR LINEAR LINEAR LINEAR LINEAR
LINEAR LINEAR LINEAR LINEAR LINEAR LINEAR LINEAR LINEAR LINEAR LINEAR LINEAR LINEAR
LINEAR LINEAR LINEAR LINEAR LINEAR LINEAR LINEAR LINEAR LINEAR LINEAR LINEAR LINEAR
LINEAR LINEAR LINEAR LINEAR LINEAR LINEAR LINEAR</Name_array><technique_common><accessor source="#rigging_Yennefer-Interpolations-array" count="90"><param type="name"/></accessor></technique_common></source><sampler id="rigging_Yennefer-Matrix-animation-transform"><input semantic="INPUT" source="#rigging_Yennefer-Matrix-animation-input"/><input semantic="OUTPUT" source="#rigging_Yennefer-Matrix-animation-output-transform"/><input semantic="INTERPOLATION" source="#rigging_Yennefer-Interpolations"/></sampler><channel source="#rigging_Yennefer-Matrix-animation-transform" target="rigging_Yennefer/matrix"/></animation>
    <animation id="rigging_meshes-anim" name="rigging_meshes"><source id="rigging_meshes-Matrix-animation-input"><float_array id="rigging_meshes-Matrix-animation-input-array" count="90">

0.000000 0.033333 0.066667 0.100000 0.133333 0.166667 0.200000 0.233333 0.266667 0.300000 0.333333 0.366667 0.400000 0.433333 0.466667 0.500000
0.533333 0.566667 0.600000 0.633333 0.666667 0.700000 0.733333 0.766667 0.800000 0.833333 0.866667 0.900000 0.933333 0.966667 1.000000 1.033333
1.066667 1.100000 1.133333 1.166667 1.200000 1.233333 1.266667 1.300000 1.333333 1.366667 1.400000 1.433333 1.466667 1.500000 1.533333 1.566667
1.600000 1.633333 1.666667 1.700000 1.733333 1.766667 1.800000 1.833333 1.866667 1.900000 1.933333 1.966667 2.000000 2.033333 2.066667 2.100000
2.133333 2.166667 2.200000 2.233333 2.266667 2.300000 2.333333 2.366667 2.400000 2.433333 2.466667 2.500000 2.533333 2.566667 2.600000 2.633333
2.666667 2.700000 2.733333 2.766667 2.800000 2.833333 2.866667 2.900000 2.933333 2.966667</float_array><technique_common><accessor source="#rigging_meshes-Matrix-animation-input-array" count="90"><param name="TIME" type="float"/></accessor></technique_common></source><source id="rigging_meshes-Matrix-animation-output-transform"><float_array id="rigging_meshes-Matrix-animation-output-transform-array" count="1440">

1.000000 0.000000 -0.000000 0.000000 0.000000 1.000000 0.000000 0.000000 0.000000 0.000000 1.000000 0.000000 0.000000 0.000000 0.000000 1.000000
1.000000 0.000000 0.000000 0.000000 0.000000 1.000000 0.000000 0.000000 0.000000 -0.000000 1.000000 0.000000 0.000000 0.000000 0.000000 1.000000
1.000000 0.000000 0.000000 0.000000 -0.000000 1.000000 0.000000 0.000000 0.000000 0.000000 1.000000 0.000000 0.000000 0.000000 0.000000 1.000000
1.000000 0.000000 -0.000000 0.000000 0.000000 1.000000 0.000000 0.000000 0.000000 0.000000 1.000000 0.000000 0.000000 0.000000 0.000000 1.000000
1.000000 -0.000000 -0.000000 0.000000 0.000000 1.000000 -0.000000 0.000000 0.000000 -0.000000 1.000000 0.000000 0.000000 0.000000 0.000000 1.000000
1.000000 -0.000000 -0.000000 0.000000 -0.000000 1.000000 0.000000 0.000000 0.000000 0.000000 1.000000 0.000000 0.000000 0.000000 0.000000 1.000000
1.000000 -0.000000 0.000000 0.000000 0.000000 1.000000 0.000000 0.000000 -0.000000 0.000000 1.000000 0.000000 0.000000 0.000000 0.000000 1.000000
1.000000 -0.000000 -0.000000 0.000000 -0.000000 1.000000 -0.000000 0.000000 -0.000000 0.000000 1.000000 0.000000 0.000000 0.000000 0.000000 1.000000
1.000000 0.000000 -0.000000 0.000000 -0.000000 1.000000 0.000000 0.000000 -0.000000 0.000000 1.000000 0.000000 0.000000 0.000000 0.000000 1.000000
1.000000 0.000000 0.000000 0.000000 0.000000 1.000000 0.000000 0.000000 0.000000 0.000000 1.000000 0.000000 0.000000 0.000000 0.000000 1.000000
1.000000 0.000000 0.000000 0.000000 -0.000000 1.000000 0.000000 0.000000 0.000000 -0.000000 1.000000 0.000000 0.000000 0.000000 0.000000 1.000000
1.000000 -0.000000 -0.000000 0.000000 0.000000 1.000000 0.000000 0.000000 -0.000000 -0.000000 1.000000 0.000000 0.000000 0.000000 0.000000 1.000000
1.000000 0.000000 0.000000 0.000000 -0.000000 1.000000 0.000000 0.000000 0.000000 -0.000000 1.000000 0.000000 0.000000 0.000000 0.000000 1.000000
1.000000 0.000000 -0.000000 0.000000 -0.000000 1.000000 0.000000 0.000000 -0.000000 -0.000000 1.000000 0.000000 0.000000 0.000000 0.000000 1.000000
1.000000 -0.000000 0.000000 0.000000 -0.000000 1.000000 -0.000000 0.000000 0.000000 0.000000 1.000000 0.000000 0.000000 0.000000 0.000000 1.000000
1.000000 0.000000 0.000000 0.000000 -0.000000 1.000000 0.000000 0.000000 -0.000000 -0.000000 1.000000 0.000000 0.000000 0.000000 0.000000 1.000000
1.000000 0.000000 0.000000 0.000000 -0.000000 1.000000 0.000000 0.000000 -0.000000 -0.000000 1.000000 0.000000 0.000000 0.000000 0.000000 1.000000
1.000000 0.000000 0.000000 0.000000 -0.000000 1.000000 0.000000 0.000000 0.000000 -0.000000 1.000000 0.000000 0.000000 0.000000 0.000000 1.000000
1.000000 -0.000000 0.000000 0.000000 -0.000000 1.000000 0.000000 0.000000 0.000000 -0.000000 1.000000 0.000000 0.000000 0.000000 0.000000 1.000000
1.000000 0.000000 0.000000 0.000000 0.000000 1.000000 0.000000 0.000000 0.000000 -0.000000 1.000000 0.000000 0.000000 0.000000 0.000000 1.000000
1.000000 0.000000 -0.000000 0.000000 0.000000 1.000000 -0.000000 0.000000 -0.000000 0.000000 1.000000 0.000000 0.000000 0.000000 0.000000 1.000000
1.000000 -0.000000 0.000000 0.000000 0.000000 1.000000 0.000000 0.000000 -0.000000 -0.000000 1.000000 0.000000 0.000000 0.000000 0.000000 1.000000
1.000000 0.000000 -0.000000 0.000000 0.000000 1.000000 0.000000 0.000000 -0.000000 0.000000 1.000000 0.000000 0.000000 0.000000 0.000000 1.000000
1.000000 -0.000000 -0.000000 0.000000 0.000000 1.000000 0.000000 0.000000 -0.000000 0.000000 1.000000 0.000000 0.000000 0.000000 0.000000 1.000000
1.000000 0.000000 0.000000 0.000000 -0.000000 1.000000 -0.000000 0.000000 0.000000 -0.000000 1.000000 0.000000 0.000000 0.000000 0.000000 1.000000
