<?xml version="1.0" encoding="utf-8"?>
<COLLADA xmlns="http://www.collada.org/2005/11/COLLADASchema" version="1.4.1">
  <asset><contributor><author>Mixamo</author><authoring_tool>COLLADA Mixamo exporter</authoring_tool><comments></comments></contributor><created>2020-05-05T16:22:50Z</created><modified>2020-05-05T16:22:50Z</modified><revision></revision><title></title><unit meter="0.010000"/><up_axis>Y_UP</up_axis></asset>
  <library_animations>
    <animation id="mixamorig_Hips-anim" name="mixamorig_Hips"><source id="mixamorig_Hips-Matrix-animation-input"><float_array id="mixamorig_Hips-Matrix-animation-input-array" count="110">

0.000000 0.033333 0.066667 0.100000 0.133333 0.166667 0.200000 0.233333 0.266667 0.300000 0.333333 0.366667 0.400000 0.433333 0.466667 0.500000
0.533333 0.566667 0.600000 0.633333 0.666667 0.700000 0.733333 0.766667 0.800000 0.833333 0.866667 0.900000 0.933333 0.966667 1.000000 1.033333
1.066667 1.100000 1.133333 1.166667 1.200000 1.233333 1.266667 1.300000 1.333333 1.366667 1.400000 1.433333 1.466667 1.500000 1.533333 1.566667
1.600000 1.633333 1.666667 1.700000 1.733333 1.766667 1.800000 1.833333 1.866667 1.900000 1.933333 1.966667 2.000000 2.033333 2.066667 2.100000
2.133333 2.166667 2.200000 2.233333 2.266667 2.300000 2.333333 2.366667 2.400000 2.433333 2.466667 2.500000 2.533333 2.566667 2.600000 2.633333
2.666667 2.700000 2.733333 2.766667 2.800000 2.833333 2.866667 2.900000 2.933333 2.966667 3.000000 3.033333 3.066667 3.100000 3.133333 3.166667
3.200000 3.233333 3.266667 3.300000 3.333333 3.366667 3.400000 3.433333 3.466667 3.500000 3.533333 3.566667 3.600000 3.633333</float_array><technique_common><accessor source="#mixamorig_Hips-Matrix-animation-input-array" count="110"><param name="TIME" type="float"/></accessor></technique_common></source><source id="mixamorig_Hips-Matrix-animation-output-transform"><float_array id="mixamorig_Hips-Matrix-animation-output-transform-array" count="1760">

0.487056 -0.055205 -0.791158 0.029534 0.063438 0.928179 -0.025712 1.066826 0.790540 -0.040472 0.489500 -0.023035 0.000000 0.000000 0.000000 1.000000
0.484703 -0.053588 -0.792713 0.026266 0.058499 0.928467 -0.026996 1.066020 0.792366 -0.035766 0.486908 -0.025679 0.000000 0.000000 0.000000 1.000000
0.482628 0.003558 -0.795777 0.009200 0.035735 0.929655 0.025829 1.068641 0.794982 -0.043948 0.481949 -0.018831 0.000000 0.000000 0.000000 1.000000
0.496985 0.115867 -0.778321 -0.012237 0.021377 0.918228 0.150345 1.070437 0.786607 -0.098160 0.487664 -0.006237 0.000000 0.000000 0.000000 1.000000
0.487756 0.123992 -0.782894 -0.017689 0.032797 0.915299 0.165394 1.079081 0.791973 -0.114267 0.475315 0.009391 0.000000 0.000000 0.000000 1.000000
0.499168 0.103816 -0.778625 -0.008435 0.065055 0.913903 0.163558 1.088516 0.782817 -0.142147 0.482902 0.018998 0.000000 0.000000 0.000000 1.000000
0.568482 0.078060 -0.732760 0.001205 0.081671 0.913088 0.160631 1.096820 0.732367 -0.162417 0.550874 0.021657 0.000000 0.000000 0.000000 1.000000
0.641703 0.055908 -0.671785 0.007412 0.093320 0.911196 0.164974 1.101420 0.667616 -0.181106 0.622649 0.021425 0.000000 0.000000 0.000000 1.000000
0.692919 0.033186 -0.620455 0.009297 0.101958 0.910701 0.162576 1.104612 0.612919 -0.189011 0.674394 0.022523 0.000000 0.000000 0.000000 1.000000
0.729310 0.024078 -0.577693 0.008723 0.109089 0.907462 0.175542 1.105511 0.567810 -0.205270 0.708278 0.022544 0.000000 0.000000 0.000000 1.000000
0.754390 0.017795 -0.544776 0.007200 0.114017 0.904473 0.187433 1.105633 0.533008 -0.218665 0.730952 0.022546 0.000000 0.000000 0.000000 1.000000
0.768693 0.016922 -0.524430 0.004829 0.109415 0.904597 0.189566 1.105996 0.513169 -0.218221 0.745144 0.023448 0.000000 0.000000 0.000000 1.000000
0.776353 0.014607 -0.513094 0.002296 0.106864 0.905339 0.187466 1.106377 0.502054 -0.215291 0.753521 0.024336 0.000000 0.000000 0.000000 1.000000
0.782292 0.011744 -0.504066 -0.000713 0.106755 0.905495 0.186776 1.106397 0.492772 -0.214812 0.759759 0.024625 0.000000 0.000000 0.000000 1.000000
0.789832 0.008979 -0.492227 -0.004834 0.106404 0.905437 0.187253 1.106096 0.480673 -0.215186 0.767366 0.024449 0.000000 0.000000 0.000000 1.000000
0.802142 0.007987 -0.471918 -0.010438 0.105325 0.904072 0.194327 1.104978 0.460084 -0.220891 0.778288 0.023198 0.000000 0.000000 0.000000 1.000000
0.818832 0.004365 -0.442377 -0.017434 0.103757 0.902802 0.200961 1.103467 0.430059 -0.226124 0.793801 0.021455 0.000000 0.000000 0.000000 1.000000
0.831398 0.002637 -0.418297 -0.023073 0.100475 0.902177 0.205389 1.102210 0.406060 -0.228632 0.805633 0.020035 0.000000 0.000000 0.000000 1.000000
0.837298 0.005285 -0.406333 -0.025729 0.098444 0.900263 0.214565 1.100857 0.394262 -0.236012 0.809356 0.018333 0.000000 0.000000 0.000000 1.000000
0.838252 0.004909 -0.404367 -0.026913 0.099437 0.899557 0.217054 1.100115 0.391980 -0.238697 0.809677 0.017341 0.000000 0.000000 0.000000 1.000000
0.837408 0.006358 -0.406091 -0.026849 0.099473 0.899032 0.219202 1.099430 0.393771 -0.240632 0.808235 0.016359 0.000000 0.000000 0.000000 1.000000
0.840339 0.004137 -0.400020 -0.026858 0.101535 0.897969 0.222585 1.098290 0.386941 -0.244615 0.810335 0.014820 0.000000 0.000000 0.000000 1.000000
0.849974 0.001304 -0.379138 -0.028968 0.099578 0.897254 0.226325 1.096645 0.365830 -0.247259 0.819289 0.012934 0.000000 0.000000 0.000000 1.000000
0.862038 -0.000830 -0.350846 -0.031835 0.095285 0.896270 0.231997 1.094135 0.337660 -0.250801 0.830233 0.010692 0.000000 0.000000 0.000000 1.000000
0.874165 -0.002286 -0.319425 -0.035466 0.089598 0.895071 0.238794 1.091716 0.306610 -0.255040 0.840920 0.008307 0.000000 0.000000 0.000000 1.000000
0.886133 -0.002566 -0.284542 -0.040018 0.080227 0.895160 0.241774 1.088942 0.273010 -0.254724 0.852516 0.006267 0.000000 0.000000 0.000000 1.000000
0.896752 -0.002215 -0.249064 -0.045581 0.070382 0.894988 0.245451 1.086023 0.238923 -0.255333 0.862510 0.003353 0.000000 0.000000 0.000000 1.000000
0.904978 -0.005328 -0.217230 -0.050714 0.065098 0.894334 0.249262 1.083823 0.207315 -0.257567 0.869990 0.001108 0.000000 0.000000 0.000000 1.000000
0.913371 -0.004159 -0.178712 -0.056804 0.053691 0.893870 0.253606 1.080150 0.170507 -0.259194 0.877467 -0.002736 0.000000 0.000000 0.000000 1.000000
0.919910 -0.006989 -0.141134 -0.062723 0.045538 0.894632 0.252513 1.076298 0.133768 -0.256491 0.884602 -0.006605 0.000000 0.000000 0.000000 1.000000
0.924833 -0.010891 -0.103771 -0.068135 0.039092 0.894363 0.254535 1.071552 0.096741 -0.257290 0.889183 -0.010678 0.000000 0.000000 0.000000 1.000000
0.928300 -0.012247 -0.065670 -0.072959 0.029903 0.894326 0.255909 1.066484 0.059736 -0.257359 0.892413 -0.014878 0.000000 0.000000 0.000000 1.000000
0.930218 -0.012401 -0.027264 -0.077451 0.019431 0.894562 0.256093 1.061338 0.022793 -0.256530 0.894357 -0.019386 0.000000 0.000000 0.000000 1.000000
0.930497 -0.013438 0.014067 -0.081618 0.009072 0.895066 0.254905 1.055878 -0.017209 -0.254712 0.895002 -0.024426 0.000000 0.000000 0.000000 1.000000
0.928897 -0.011574 0.056741 -0.085315 -0.004172 0.896178 0.251097 1.050087 -0.057758 -0.250865 0.894390 -0.030401 0.000000 0.000000 0.000000 1.000000
0.925429 -0.008524 0.098540 -0.087740 -0.017960 0.897340 0.246296 1.044411 -0.097264 -0.246803 0.892093 -0.040669 0.000000 0.000000 0.000000 1.000000
0.921110 -0.005324 0.133158 -0.089139 -0.029559 0.898630 0.240403 1.039407 -0.129945 -0.242155 0.889201 -0.050694 0.000000 0.000000 0.000000 1.000000
0.916823 -0.003572 0.160081 -0.089545 -0.037602 0.899645 0.235430 1.034503 -0.155643 -0.238387 0.886087 -0.060664 0.000000 0.000000 0.000000 1.000000
0.912784 -0.002390 0.181721 -0.089292 -0.044129 0.899853 0.233496 1.029693 -0.176298 -0.237617 0.882417 -0.071005 0.000000 0.000000 0.000000 1.000000
0.908942 -0.001513 0.200063 -0.088113 -0.049314 0.900265 0.230856 1.024771 -0.193896 -0.236059 0.879138 -0.081425 0.000000 0.000000 0.000000 1.000000
0.904707 -0.001529 0.218414 -0.086804 -0.054243 0.899948 0.230984 1.019894 -0.211577 -0.237262 0.874725 -0.092451 0.000000 0.000000 0.000000 1.000000
0.899760 0.000139 0.237980 -0.085295 -0.062741 0.897912 0.236686 1.014481 -0.229561 -0.244861 0.868071 -0.104111 0.000000 0.000000 0.000000 1.000000
0.894924 0.002253 0.255555 -0.082794 -0.072116 0.895068 0.244652 1.007837 -0.245179 -0.255049 0.860837 -0.116405 0.000000 0.000000 0.000000 1.000000
0.889499 0.001755 0.273843 -0.080039 -0.080159 0.891586 0.254658 0.999511 -0.261855 -0.266970 0.852268 -0.129277 0.000000 0.000000 0.000000 1.000000
0.883389 -0.001992 0.292956 -0.077722 -0.085839 0.888072 0.264881 0.990253 -0.280105 -0.278436 0.842744 -0.142357 0.000000 0.000000 0.000000 1.000000
0.878527 -0.013963 0.306917 -0.075445 -0.081372 0.885962 0.273227 0.980233 -0.296263 -0.284745 0.835076 -0.154286 0.000000 0.000000 0.000000 1.000000
0.876023 -0.017816 0.313797 -0.075303 -0.084428 0.881713 0.285757 0.967401 -0.302750 -0.297435 0.828298 -0.167981 0.000000 0.000000 0.000000 1.000000
0.874145 -0.019001 0.318924 -0.073567 -0.084750 0.881979 0.284839 0.953599 -0.308044 -0.296572 0.826654 -0.181703 0.000000 0.000000 0.000000 1.000000
0.875490 -0.021510 0.315050 -0.072630 -0.083828 0.879393 0.292989 0.938715 -0.304454 -0.303986 0.825290 -0.197357 0.000000 0.000000 0.000000 1.000000
0.874667 -0.024476 0.317113 -0.071512 -0.083228 0.877994 0.297326 0.920759 -0.306973 -0.307783 0.822945 -0.213253 0.000000 0.000000 0.000000 1.000000
0.868756 -0.024806 0.332942 -0.070533 -0.088510 0.877806 0.296354 0.899620 -0.321919 -0.308293 0.817023 -0.230122 0.000000 0.000000 0.000000 1.000000
0.856637 -0.019522 0.363311 -0.069873 -0.104405 0.877084 0.293302 0.874772 -0.348534 -0.310718 0.805097 -0.248498 0.000000 0.000000 0.000000 1.000000
0.841663 -0.008228 0.397163 -0.069720 -0.127636 0.875561 0.288624 0.846720 -0.376185 -0.315480 0.790670 -0.267742 0.000000 0.000000 0.000000 1.000000
0.825675 0.000816 0.429491 -0.068222 -0.150325 0.872378 0.287335 0.814690 -0.402325 -0.324282 0.774066 -0.293554 0.000000 0.000000 0.000000 1.000000
0.803615 0.004037 0.469457 -0.067277 -0.175849 0.865502 0.293574 0.780632 -0.435296 -0.342188 0.748082 -0.327911 0.000000 0.000000 0.000000 1.000000
0.776096 0.012576 0.513536 -0.068896 -0.211590 0.855652 0.298818 0.744150 -0.468088 -0.365929 0.716374 -0.365010 0.000000 0.000000 0.000000 1.000000
0.740971 0.022350 0.562730 -0.070905 -0.252097 0.844754 0.298397 0.702428 -0.503598 -0.389992 0.678599 -0.401025 0.000000 0.000000 0.000000 1.000000
0.701739 0.028186 0.610713 -0.074314 -0.292003 0.832262 0.297114 0.654039 -0.537122 -0.415630 0.636361 -0.437761 0.000000 0.000000 0.000000 1.000000
0.669305 0.033113 0.645862 -0.076042 -0.323490 0.821982 0.293090 0.602210 -0.559989 -0.435260 0.602631 -0.475458 0.000000 0.000000 0.000000 1.000000
0.646611 0.038906 0.668269 -0.072491 -0.356074 0.806765 0.297564 0.545959 -0.566840 -0.462406 0.575391 -0.516309 0.000000 0.000000 0.000000 1.000000
0.632108 0.052801 0.681068 -0.059577 -0.400093 0.780723 0.310805 0.477810 -0.553685 -0.503871 0.552946 -0.557810 0.000000 0.000000 0.000000 1.000000
0.623715 0.078050 0.686360 -0.037316 -0.455313 0.741885 0.329392 0.399112 -0.519492 -0.556522 0.535363 -0.593931 0.000000 0.000000 0.000000 1.000000
0.628139 0.102583 0.679059 -0.008907 -0.507226 0.689710 0.364999 0.319531 -0.462996 -0.616425 0.521399 -0.635205 0.000000 0.000000 0.000000 1.000000
0.651035 0.122904 0.653644 0.004023 -0.556408 0.601742 0.441043 0.241126 -0.364370 -0.699288 0.494402 -0.696704 0.000000 0.000000 0.000000 1.000000
0.729713 0.115320 0.566058 0.001216 -0.542697 0.449407 0.608043 0.178146 -0.197992 -0.806807 0.419600 -0.746978 0.000000 0.000000 0.000000 1.000000
0.781114 0.151897 0.482691 -0.021723 -0.504283 0.307308 0.719349 0.157794 -0.041977 -0.865270 0.340218 -0.785146 0.000000 0.000000 0.000000 1.000000
0.759404 0.198203 0.500224 -0.059180 -0.533880 0.169925 0.743169 0.167178 0.066937 -0.893333 0.252346 -0.783663 0.000000 0.000000 0.000000 1.000000
0.740024 0.188007 0.532185 -0.049277 -0.550428 0.046221 0.749063 0.182553 0.124886 -0.910340 0.147941 -0.830692 0.000000 0.000000 0.000000 1.000000
0.737876 0.161352 0.543789 -0.055577 -0.542205 -0.061423 0.753952 0.203320 0.166598 -0.914546 0.045303 -0.885518 0.000000 0.000000 0.000000 1.000000
0.742630 0.179887 0.531360 -0.065742 -0.509134 -0.154035 0.763714 0.226169 0.235554 -0.900065 -0.024502 -0.921918 0.000000 0.000000 0.000000 1.000000
0.748956 0.215245 0.508859 -0.068512 -0.463603 -0.221477 0.776030 0.245997 0.300566 -0.877964 -0.071009 -0.949867 0.000000 0.000000 0.000000 1.000000
0.756279 0.242940 0.485000 -0.067883 -0.424218 -0.253716 0.788587 0.264817 0.338059 -0.861865 -0.095435 -0.978237 0.000000 0.000000 0.000000 1.000000
0.762094 0.251217 0.471493 -0.066263 -0.395872 -0.286025 0.792261 0.275122 0.358749 -0.849284 -0.127354 -1.005344 0.000000 0.000000 0.000000 1.000000
0.768853 0.251082 0.460462 -0.066994 -0.372355 -0.314120 0.793022 0.280300 0.369350 -0.839338 -0.159042 -1.025014 0.000000 0.000000 0.000000 1.000000
0.775768 0.261230 0.442883 -0.071345 -0.344617 -0.330796 0.798759 0.284339 0.381610 -0.829780 -0.179001 -1.038342 0.000000 0.000000 0.000000 1.000000
0.779759 0.278631 0.424905 -0.079391 -0.313719 -0.348226 0.804066 0.285091 0.399699 -0.816888 -0.197830 -1.050610 0.000000 0.000000 0.000000 1.000000
0.786201 0.290890 0.404319 -0.088173 -0.281312 -0.364137 0.808993 0.283168 0.411041 -0.805599 -0.219677 -1.059979 0.000000 0.000000 0.000000 1.000000
0.801156 0.298460 0.367796 -0.096265 -0.237748 -0.371667 0.819477 0.278442 0.409668 -0.799367 -0.243693 -1.064499 0.000000 0.000000 0.000000 1.000000
0.817558 0.308808 0.320061 -0.105778 -0.190769 -0.361536 0.836123 0.271238 0.401756 -0.800082 -0.254288 -1.067662 0.000000 0.000000 0.000000 1.000000
0.831026 0.320272 0.270229 -0.119207 -0.150505 -0.332013 0.856340 0.263127 0.391083 -0.808329 -0.244665 -1.069705 0.000000 0.000000 0.000000 1.000000
0.842042 0.326350 0.225087 -0.132798 -0.119968 -0.293886 0.874895 0.250759 0.377857 -0.820566 -0.223824 -1.069748 0.000000 0.000000 0.000000 1.000000
0.850800 0.327455 0.187391 -0.144943 -0.096934 -0.257024 0.889238 0.235183 0.364617 -0.832415 -0.200854 -1.069340 0.000000 0.000000 0.000000 1.000000
0.856579 0.327530 0.158743 -0.155419 -0.081947 -0.221947 0.900126 0.218083 0.354626 -0.842417 -0.175433 -1.064508 0.000000 0.000000 0.000000 1.000000
0.860369 0.328457 0.134477 -0.164880 -0.071748 -0.184397 0.909424 0.200031 0.347592 -0.851068 -0.145141 -1.056712 0.000000 0.000000 0.000000 1.000000
0.864967 0.325208 0.110793 -0.173655 -0.066237 -0.136650 0.918228 0.179982 0.337117 -0.861260 -0.103853 -1.048276 0.000000 0.000000 0.000000 1.000000
0.869511 0.321688 0.081674 -0.178293 -0.060838 -0.070665 0.926017 0.160483 0.326270 -0.870475 -0.044991 -1.036374 0.000000 0.000000 0.000000 1.000000
0.873337 0.318236 0.047017 -0.184972 -0.051142 0.003054 0.929289 0.144531 0.317600 -0.874596 0.020353 -1.034420 0.000000 0.000000 0.000000 1.000000
0.877700 0.309487 0.007993 -0.190443 -0.036543 0.079706 0.926560 0.132228 0.307426 -0.874110 0.087318 -1.038981 0.000000 0.000000 0.000000 1.000000
0.882421 0.293451 -0.037714 -0.198147 -0.008592 0.144004 0.919452 0.131453 0.295740 -0.871408 0.139243 -1.031858 0.000000 0.000000 0.000000 1.000000
0.879502 0.292802 -0.083336 -0.214172 0.029977 0.170241 0.914506 0.125695 0.302951 -0.866884 0.151445 -1.011906 0.000000 0.000000 0.000000 1.000000
0.872865 0.308126 -0.096784 -0.225698 0.049608 0.147682 0.917568 0.124447 0.319136 -0.865708 0.122082 -0.990111 0.000000 0.000000 0.000000 1.000000
0.870227 0.322471 -0.070146 -0.213758 0.031282 0.116329 0.922871 0.130516 0.328527 -0.865264 0.097932 -0.996142 0.000000 0.000000 0.000000 1.000000
0.871116 0.323526 -0.051864 -0.204260 0.018446 0.098662 0.925272 0.131105 0.327137 -0.867064 0.085934 -1.006734 0.000000 0.000000 0.000000 1.000000
0.870582 0.325569 -0.047898 -0.200802 0.016857 0.091168 0.926071 0.128315 0.328642 -0.867119 0.079382 -1.013572 0.000000 0.000000 0.000000 1.000000
0.870324 0.326006 -0.049580 -0.200284 0.020233 0.086878 0.926415 0.124124 0.329134 -0.867395 0.074155 -1.018399 0.000000 0.000000 0.000000 1.000000
0.871498 0.323293 -0.046641 -0.198888 0.019281 0.081747 0.926902 0.119960 0.326071 -0.868908 0.069850 -1.025306 0.000000 0.000000 0.000000 1.000000
0.873520 0.317884 -0.045988 -0.203517 0.018117 0.084281 0.926699 0.114582 0.320682 -0.870660 0.072915 -1.027632 0.000000 0.000000 0.000000 1.000000
0.874461 0.314444 -0.051425 -0.206304 0.022179 0.089776 0.926094 0.109811 0.317849 -0.871360 0.076858 -1.027735 0.000000 0.000000 0.000000 1.000000
0.873195 0.318367 -0.048729 -0.201669 0.022226 0.080911 0.926910 0.109089 0.321307 -0.870803 0.068309 -1.031534 0.000000 0.000000 0.000000 1.000000
0.873541 0.319834 -0.028890 -0.202379 0.007702 0.062838 0.928544 0.108723 0.321043 -0.871757 0.056332 -1.033391 0.000000 0.000000 0.000000 1.000000
0.874159 0.319156 -0.013726 -0.203986 -0.003821 0.050433 0.929325 0.108273 0.319428 -0.872811 0.048680 -1.033343 0.000000 0.000000 0.000000 1.000000
0.873950 0.319528 -0.017783 -0.203554 -0.001942 0.057013 0.928950 0.107142 0.320016 -0.872269 0.054203 -1.033641 0.000000 0.000000 0.000000 1.000000
0.873429 0.320296 -0.027106 -0.202411 0.004611 0.065991 0.928346 0.106714 0.321407 -0.871354 0.060343 -1.033352 0.000000 0.000000 0.000000 1.000000
0.873287 0.319857 -0.035545 -0.201145 0.011004 0.073054 0.927763 0.106731 0.321638 -0.870952 0.064766 -1.032264 0.000000 0.000000 0.000000 1.000000
0.873274 0.318608 -0.045650 -0.200206 0.018025 0.083384 0.926782 0.106566 0.321357 -0.870482 0.072069 -1.030578 0.000000 0.000000 0.000000 1.000000
0.872699 0.319784 -0.048347 -0.200169 0.020181 0.085013 0.926589 0.106920 0.322788 -0.869893 0.072781 -1.028414 0.000000 0.000000 0.000000 1.000000
0.871895 0.322772 -0.042662 -0.200186 0.016670 0.077536 0.927315 0.107051 0.325152 -0.869488 0.066856 -1.026983 0.000000 0.000000 0.000000 1.000000
0.871735 0.323358 -0.041482 -0.199924 0.016518 0.074461 0.927570 0.106787 0.325589 -0.869539 0.064004 -1.026446 0.000000 0.000000 0.000000 1.000000
0.871400 0.323991 -0.043520 -0.199910 0.019131 0.073147 0.927624 0.106285 0.326341 -0.869414 0.061827 -1.025962 0.000000 0.000000 0.000000 1.000000
0.871266 0.324090 -0.045435 -0.200001 0.021446 0.072394 0.927632 0.105944 0.326556 -0.869441 0.060303 -1.025602 0.000000 0.000000 0.000000 1.000000</float_array><technique_common><accessor source="#mixamorig_Hips-Matrix-animation-output-transform-array" count="110" stride="16"><param type="float4x4"/></accessor></technique_common></source><source id="mixamorig_Hips-Interpolations"><Name_array id="mixamorig_Hips-Interpolations-array" count="110">
 LINEAR LINEAR LINEAR LINEAR LINEAR LINEAR LINEAR LINEAR LINEAR LINEAR LINEAR
LINEAR LINEAR LINEAR LINEAR LINEAR LINEAR LINEAR LINEAR LINEAR LINEAR LINEAR LINEAR
LINEAR LINEAR LINEAR LINEAR LINEAR LINEAR LINEAR LINEAR LINEAR LINEAR LINEAR LINEAR
LINEAR LINEAR LINEAR LINEAR LINEAR LINEAR LINEAR LINEAR LINEAR LINEAR LINEAR LINEAR
LINEAR LINEAR LINEAR LINEAR LINEAR LINEAR LINEAR LINEAR LINEAR LINEAR LINEAR LINEAR
LINEAR LINEAR LINEAR LINEAR LINEAR LINEAR LINEAR LINEAR LINEAR LINEAR LINEAR LINEAR
LINEAR LINEAR LINEAR LINEAR LINEAR LINEAR LINEAR LINEAR LINEAR LINEAR LINEAR LINEAR
LINEAR LINEAR LINEAR LINEAR LINEAR LINEAR LINEAR LINEAR LINEAR LINEAR LINEAR LINEAR
LINEAR LINEAR LINEAR LINEAR LINEAR LINEAR LINEAR LINEAR LINEAR LINEAR LINEAR LINEAR
LINEAR LINEAR LINEAR</Name_array><technique_common><accessor source="#mixamorig_Hips-Interpolations-array" count="110"><param type="name"/></accessor></technique_common></source><sampler id="mixamorig_Hips-Matrix-animation-transform"><input semantic="INPUT" source="#mixamorig_Hips-Matrix-animation-input"/><input semantic="OUTPUT" source="#mixamorig_Hips-Matrix-animation-output-transform"/><input semantic="INTERPOLATION" source="#mixamorig_Hips-Interpolations"/></sampler><channel source="#mixamorig_Hips-Matrix-animation-transform" target="mixamorig_Hips/matrix"/></animation>
    <animation id="mixamorig_Spine-anim" name="mixamorig_Spine"><source id="mixamorig_Spine-Matrix-animation-input"><float_array id="mixamorig_Spine-Matrix-animation-input-array" count="110">

0.000000 0.033333 0.066667 0.100000 0.133333 0.166667 0.200000 0.233333 0.266667 0.300000 0.333333 0.366667 0.400000 0.433333 0.466667 0.500000
0.533333 0.566667 0.600000 0.633333 0.666667 0.700000 0.733333 0.766667 0.800000 0.833333 0.866667 0.900000 0.933333 0.966667 1.000000 1.033333
1.066667 1.100000 1.133333 1.166667 1.200000 1.233333 1.266667 1.300000 1.333333 1.366667 1.400000 1.433333 1.466667 1.500000 1.533333 1.566667
1.600000 1.633333 1.666667 1.700000 1.733333 1.766667 1.800000 1.833333 1.866667 1.900000 1.933333 1.966667 2.000000 2.033333 2.066667 2.100000
2.133333 2.166667 2.200000 2.233333 2.266667 2.300000 2.333333 2.366667 2.400000 2.433333 2.466667 2.500000 2.533333 2.566667 2.600000 2.633333
2.666667 2.700000 2.733333 2.766667 2.800000 2.833333 2.866667 2.900000 2.933333 2.966667 3.000000 3.033333 3.066667 3.100000 3.133333 3.166667
3.200000 3.233333 3.266667 3.300000 3.333333 3.366667 3.400000 3.433333 3.466667 3.500000 3.533333 3.566667 3.600000 3.633333</float_array><technique_common><accessor source="#mixamorig_Spine-Matrix-animation-input-array" count="110"><param name="TIME" type="float"/></accessor></technique_common></source><source id="mixamorig_Spine-Matrix-animation-output-transform"><float_array id="mixamorig_Spine-Matrix-animation-output-transform-array" count="1760">

0.998900 0.046707 0.004270 0.000000 -0.045670 0.989358 -0.138150 0.211200 -0.010677 0.137803 0.990402 -0.012000 0.000000 0.000000 0.000000 1.000000
0.997602 0.069206 -0.001067 0.000000 -0.068705 0.988273 -0.136370 0.211200 -0.008384 0.136117 0.990657 -0.012000 0.000000 0.000000 0.000000 1.000000
0.996967 0.077252 -0.009448 0.000000 -0.077827 0.988873 -0.126783 0.211200 -0.000451 0.127134 0.991885 -0.012000 0.000000 0.000000 0.000000 1.000000
0.998989 0.042548 -0.014487 0.000000 -0.043844 0.993427 -0.105736 0.211200 0.009893 0.106264 0.994289 -0.012000 0.000000 0.000000 0.000000 1.000000
0.999876 0.002186 -0.015624 0.000000 -0.003135 0.998134 -0.060985 0.211200 0.015461 0.061026 0.998016 -0.012000 0.000000 0.000000 0.000000 1.000000
0.999238 -0.036776 -0.013105 -0.000000 0.036121 0.998234 -0.047155 0.211200 0.014816 0.046645 0.998802 -0.012000 0.000000 0.000000 0.000000 1.000000
0.997559 -0.069239 -0.009047 0.000000 0.068809 0.996771 -0.041387 0.211200 0.011884 0.040663 0.999102 -0.012000 0.000000 0.000000 0.000000 1.000000
0.996254 -0.086282 -0.005713 -0.000000 0.085994 0.995521 -0.039274 0.211200 0.009076 0.038636 0.999212 -0.012000 0.000000 0.000000 0.000000 1.000000
0.996165 -0.087384 -0.004496 0.000000 0.087194 0.995668 -0.032296 0.211200 0.007299 0.031780 0.999468 -0.012000 0.000000 0.000000 0.000000 1.000000
0.996687 -0.081234 -0.003962 0.000000 0.081043 0.996076 -0.035550 0.211200 0.006834 0.035111 0.999360 -0.012000 0.000000 0.000000 0.000000 1.000000
0.997122 -0.075785 -0.002255 0.000000 0.075643 0.996395 -0.038399 0.211200 0.005157 0.038118 0.999260 -0.012000 0.000000 0.000000 0.000000 1.000000
0.997048 -0.076785 0.000046 0.000000 0.076737 0.996407 -0.035834 0.211200 0.002706 0.035732 0.999358 -0.012000 0.000000 0.000000 0.000000 1.000000
0.996912 -0.078470 0.003042 0.000000 0.078528 0.996343 -0.033680 0.211200 -0.000388 0.033815 0.999428 -0.012000 0.000000 0.000000 0.000000 1.000000
0.996563 -0.082674 0.005264 0.000000 0.082800 0.996055 -0.031926 0.211200 -0.002604 0.032252 0.999476 -0.012000 0.000000 0.000000 0.000000 1.000000
0.996263 -0.085854 0.009450 -0.000000 0.086105 0.995819 -0.030510 0.211200 -0.006791 0.031210 0.999490 -0.012000 0.000000 0.000000 0.000000 1.000000
0.996311 -0.084639 0.014155 0.000000 0.085053 0.995870 -0.031756 0.211200 -0.011409 0.032843 0.999395 -0.012000 0.000000 0.000000 0.000000 1.000000
0.996678 -0.079893 0.015790 0.000000 0.080344 0.996305 -0.030348 0.211200 -0.013307 0.031515 0.999415 -0.012000 0.000000 0.000000 0.000000 1.000000
0.996769 -0.078418 0.017383 0.000000 0.078892 0.996476 -0.028504 0.211200 -0.015086 0.029784 0.999443 -0.012000 0.000000 0.000000 0.000000 1.000000
0.996452 -0.081574 0.020703 0.000000 0.082192 0.996134 -0.031004 0.211200 -0.018094 0.032596 0.999305 -0.012000 0.000000 0.000000 0.000000 1.000000
0.996124 -0.084512 0.024380 0.000000 0.085258 0.995865 -0.031377 0.211200 -0.021627 0.033334 0.999210 -0.012000 0.000000 0.000000 0.000000 1.000000
0.995667 -0.088715 0.027884 0.000000 0.089610 0.995440 -0.032697 0.211200 -0.024856 0.035054 0.999076 -0.012000 0.000000 0.000000 0.000000 1.000000
0.995806 -0.086687 0.029254 0.000000 0.087625 0.995624 -0.032490 0.211200 -0.026309 0.034917 0.999044 -0.012000 0.000000 0.000000 0.000000 1.000000
0.996369 -0.080365 0.028124 0.000000 0.081154 0.996304 -0.028152 0.211200 -0.025758 0.030332 0.999208 -0.012000 0.000000 0.000000 0.000000 1.000000
0.996981 -0.073050 0.026308 -0.000000 0.073689 0.996988 -0.024181 0.211200 -0.024463 0.026047 0.999361 -0.012000 0.000000 0.000000 0.000000 1.000000
0.997498 -0.066625 0.023637 0.000000 0.067078 0.997568 -0.018934 0.211200 -0.022318 0.020473 0.999541 -0.012000 0.000000 0.000000 0.000000 1.000000
0.997968 -0.060230 0.020802 0.000000 0.060476 0.998105 -0.011397 0.211200 -0.020076 0.012632 0.999719 -0.012000 0.000000 0.000000 0.000000 1.000000
0.998426 -0.052557 0.019580 0.000000 0.052702 0.998586 -0.006940 0.211200 -0.019188 0.007961 0.999784 -0.012000 0.000000 0.000000 0.000000 1.000000
0.998843 -0.043577 0.020353 -0.000000 0.043629 0.999046 -0.002099 0.211200 -0.020242 0.002985 0.999791 -0.012000 0.000000 0.000000 0.000000 1.000000
0.999165 -0.035252 0.020636 -0.000000 0.035275 0.999377 -0.000743 0.211200 -0.020597 0.001470 0.999787 -0.012000 0.000000 0.000000 0.000000 1.000000
0.999466 -0.024579 0.021520 0.000000 0.024544 0.999697 0.001913 0.211200 -0.021560 -0.001384 0.999767 -0.012000 0.000000 0.000000 0.000000 1.000000
0.999626 -0.014108 0.023417 -0.000000 0.014107 0.999900 0.000207 0.211200 -0.023418 0.000123 0.999726 -0.012000 0.000000 0.000000 0.000000 1.000000
0.999632 -0.006077 0.026441 -0.000000 0.006131 0.999979 -0.001972 0.211200 -0.026428 0.002134 0.999648 -0.012000 0.000000 0.000000 0.000000 1.000000
0.999533 0.001410 0.030530 0.000000 -0.001291 0.999991 -0.003938 0.211200 -0.030535 0.003896 0.999526 -0.012000 0.000000 0.000000 0.000000 1.000000
0.999356 0.009878 0.034483 -0.000000 -0.009685 0.999937 -0.005757 0.211200 -0.034538 0.005419 0.999389 -0.012000 0.000000 0.000000 0.000000 1.000000
0.999161 0.016552 0.037461 0.000000 -0.016302 0.999843 -0.006966 0.211200 -0.037571 0.006349 0.999274 -0.012000 0.000000 0.000000 0.000000 1.000000
0.999027 0.019435 0.039580 -0.000000 -0.019113 0.999781 -0.008484 0.211200 -0.039736 0.007719 0.999180 -0.012000 0.000000 0.000000 0.000000 1.000000
0.998904 0.021797 0.041432 0.000000 -0.021406 0.999722 -0.009860 0.211200 -0.041636 0.008963 0.999093 -0.012000 0.000000 0.000000 0.000000 1.000000
0.998796 0.023692 0.042961 0.000000 -0.023213 0.999663 -0.011627 0.211200 -0.043222 0.010616 0.999009 -0.012000 0.000000 0.000000 0.000000 1.000000
0.998730 0.024451 0.044054 0.000000 -0.023772 0.999591 -0.015875 0.211200 -0.044424 0.014808 0.998903 -0.012000 0.000000 0.000000 0.000000 1.000000
0.998668 0.025288 0.044968 0.000000 -0.024428 0.999510 -0.019570 0.211200 -0.045441 0.018445 0.998797 -0.012000 0.000000 0.000000 0.000000 1.000000
0.998638 0.026230 0.045112 0.000000 -0.025142 0.999383 -0.024520 0.211200 -0.045727 0.023352 0.998681 -0.012000 0.000000 0.000000 0.000000 1.000000
0.998684 0.025146 0.044698 -0.000000 -0.023723 0.999204 -0.032079 0.211200 -0.045469 0.030977 0.998485 -0.012000 0.000000 0.000000 0.000000 1.000000
0.998753 0.022816 0.044410 0.000000 -0.021014 0.998953 -0.040642 0.211200 -0.045291 0.039658 0.998186 -0.012000 0.000000 0.000000 0.000000 1.000000
0.998827 0.021841 0.043222 0.000000 -0.019618 0.998495 -0.051216 0.211200 -0.044275 0.050308 0.997752 -0.012000 0.000000 0.000000 0.000000 1.000000
0.998951 0.021965 0.040192 0.000000 -0.019400 0.997817 -0.063126 0.211200 -0.041491 0.062280 0.997196 -0.012000 0.000000 0.000000 0.000000 1.000000
0.998980 0.027914 0.035484 -0.000000 -0.025166 0.996817 -0.075653 0.211200 -0.037483 0.074683 0.996503 -0.012000 0.000000 0.000000 0.000000 1.000000
0.999128 0.028389 0.030608 -0.000000 -0.025480 0.995471 -0.091588 0.211200 -0.033070 0.090728 0.995326 -0.012000 0.000000 0.000000 0.000000 1.000000
0.999251 0.028956 0.025660 0.000000 -0.026161 0.994311 -0.103256 0.211200 -0.028504 0.102508 0.994324 -0.012000 0.000000 0.000000 0.000000 1.000000
0.999337 0.028888 0.022158 -0.000000 -0.026199 0.993216 -0.113292 0.211200 -0.025281 0.112636 0.993315 -0.012000 0.000000 0.000000 0.000000 1.000000
0.999442 0.028344 0.017670 -0.000000 -0.025950 0.992005 -0.123499 0.211200 -0.021030 0.122971 0.992187 -0.012000 0.000000 0.000000 0.000000 1.000000
0.999567 0.026896 0.011969 0.000000 -0.025056 0.990696 -0.133766 0.211200 -0.015456 0.133408 0.990941 -0.012000 0.000000 0.000000 0.000000 1.000000
0.999780 0.019816 0.006843 0.000000 -0.018630 0.989481 -0.143461 0.211200 -0.009614 0.143302 0.989632 -0.012000 0.000000 0.000000 0.000000 1.000000
0.999959 0.007915 0.004495 -0.000000 -0.007149 0.988597 -0.150413 0.211200 -0.005634 0.150375 0.988613 -0.012000 0.000000 0.000000 0.000000 1.000000
0.999977 -0.005856 0.003440 0.000000 0.006323 0.987630 -0.156672 0.211200 -0.002480 0.156690 0.987645 -0.012000 0.000000 0.000000 0.000000 1.000000
0.999792 -0.020391 0.000864 -0.000000 0.020252 0.985908 -0.166057 0.211200 0.002534 0.166039 0.986116 -0.012000 0.000000 0.000000 0.000000 1.000000
0.999326 -0.036682 -0.001673 -0.000000 0.035829 0.984037 -0.174320 0.211200 0.008041 0.174142 0.984688 -0.012000 0.000000 0.000000 0.000000 1.000000
0.998773 -0.049356 -0.003991 0.000000 0.047861 0.982890 -0.177866 0.211200 0.012701 0.177457 0.984047 -0.012000 0.000000 0.000000 0.000000 1.000000
0.998369 -0.056709 -0.006626 0.000000 0.054564 0.981828 -0.181760 0.211200 0.016813 0.181102 0.983321 -0.012000 0.000000 0.000000 0.000000 1.000000
0.998440 -0.055115 -0.008921 0.000000 0.052561 0.981755 -0.182741 0.211200 0.018830 0.181987 0.983121 -0.012000 0.000000 0.000000 0.000000 1.000000
0.998450 -0.054754 -0.009938 -0.000000 0.051943 0.981064 -0.186589 0.211200 0.019966 0.185784 0.982388 -0.012000 0.000000 0.000000 0.000000 1.000000
0.997986 -0.062890 -0.008347 0.000000 0.060192 0.980197 -0.188655 0.211200 0.020046 0.187773 0.982008 -0.012000 0.000000 0.000000 0.000000 1.000000
0.996677 -0.081412 -0.002695 -0.000000 0.079497 0.979375 -0.185756 0.211200 0.017762 0.184925 0.982592 -0.012000 0.000000 0.000000 0.000000 1.000000
0.994831 -0.101025 0.010261 0.000000 0.101174 0.977507 -0.185049 0.211200 0.008664 0.185131 0.982676 -0.012000 0.000000 0.000000 0.000000 1.000000
0.993125 -0.116204 0.014121 0.000000 0.116707 0.973563 -0.196354 0.211200 0.009069 0.196652 0.980431 -0.012000 0.000000 0.000000 0.000000 1.000000
0.995819 -0.087639 0.025785 -0.000000 0.091282 0.965750 -0.242887 0.211200 -0.003616 0.244225 0.969712 -0.012000 0.000000 0.000000 0.000000 1.000000
0.999352 -0.031703 0.017070 0.000000 0.034605 0.976627 -0.212138 0.211200 -0.009945 0.212591 0.977091 -0.012000 0.000000 0.000000 0.000000 1.000000
0.999967 -0.008150 -0.000085 0.000000 0.008059 0.990303 -0.138692 0.211200 0.001214 0.138687 0.990336 -0.012000 0.000000 0.000000 0.000000 1.000000
0.999932 0.010086 -0.005898 0.000000 -0.010686 0.993603 -0.112420 0.211200 0.004727 0.112476 0.993643 -0.012000 0.000000 0.000000 0.000000 1.000000
0.999841 0.013211 -0.011993 0.000000 -0.014787 0.989677 -0.142549 0.211200 0.009986 0.142704 0.989715 -0.012000 0.000000 0.000000 0.000000 1.000000
0.999667 -0.011475 -0.023097 0.000000 0.007081 0.983264 -0.182046 0.211200 0.024799 0.181822 0.983019 -0.012000 0.000000 0.000000 0.000000 1.000000
0.999117 -0.037704 -0.018541 0.000000 0.033202 0.978921 -0.201524 0.211200 0.025748 0.200731 0.979308 -0.012000 0.000000 0.000000 0.000000 1.000000
0.998776 -0.047961 -0.012113 0.000000 0.044625 0.979240 -0.197729 0.211200 0.021345 0.196946 0.980182 -0.012000 0.000000 0.000000 0.000000 1.000000
0.998722 -0.048814 -0.013065 -0.000000 0.045098 0.977649 -0.205348 0.211200 0.022797 0.204496 0.978602 -0.012000 0.000000 0.000000 0.000000 1.000000
0.998945 -0.041462 -0.019738 0.000000 0.036124 0.974902 -0.219684 0.211200 0.028351 0.218740 0.975371 -0.012000 0.000000 0.000000 0.000000 1.000000
0.999010 -0.036306 -0.025698 -0.000000 0.029614 0.973960 -0.224777 0.211200 0.033189 0.223793 0.974071 -0.012000 0.000000 0.000000 0.000000 1.000000
0.998966 -0.035718 -0.028134 0.000000 0.028368 0.973183 -0.228277 0.211200 0.035533 0.227243 0.973190 -0.012000 0.000000 0.000000 0.000000 1.000000
0.998824 -0.033868 -0.034706 0.000000 0.024785 0.971696 -0.234932 0.211200 0.041680 0.233796 0.971392 -0.012000 0.000000 0.000000 0.000000 1.000000
0.998770 -0.027555 -0.041223 0.000000 0.016730 0.969887 -0.242979 0.211200 0.046677 0.241990 0.969155 -0.012000 0.000000 0.000000 0.000000 1.000000
0.999120 -0.018221 -0.037777 0.000000 0.008521 0.970103 -0.242544 0.211200 0.041067 0.242009 0.969405 -0.012000 0.000000 0.000000 0.000000 1.000000
0.999530 -0.005740 -0.030102 0.000000 -0.001365 0.972982 -0.230878 0.211200 0.030614 0.230811 0.972517 -0.012000 0.000000 0.000000 0.000000 1.000000
0.999681 0.007965 -0.023951 0.000000 -0.012929 0.976551 -0.214897 0.211200 0.021678 0.215138 0.976343 -0.012000 0.000000 0.000000 0.000000 1.000000
0.999572 0.019961 -0.021388 0.000000 -0.023809 0.979866 -0.198230 0.211200 0.017001 0.198655 0.979922 -0.012000 0.000000 0.000000 0.000000 1.000000
0.999328 0.029724 -0.021455 -0.000000 -0.033120 0.982947 -0.180882 0.211200 0.015713 0.181471 0.983271 -0.012000 0.000000 0.000000 0.000000 1.000000
0.999038 0.038302 -0.021359 0.000000 -0.041213 0.986466 -0.158704 0.211200 0.014992 0.159432 0.987095 -0.012000 0.000000 0.000000 0.000000 1.000000
0.998415 0.052253 -0.020892 0.000000 -0.054565 0.989713 -0.132252 0.211200 0.013767 0.133182 0.990996 -0.012000 0.000000 0.000000 0.000000 1.000000
0.997661 0.065434 -0.019795 0.000000 -0.067025 0.993239 -0.094783 0.211200 0.013459 0.095888 0.995301 -0.012000 0.000000 0.000000 0.000000 1.000000
0.996768 0.077789 -0.020072 0.000000 -0.078715 0.995621 -0.050427 0.211200 0.016062 0.051844 0.998526 -0.012000 0.000000 0.000000 0.000000 1.000000
0.995413 0.093596 -0.019796 0.000000 -0.093722 0.995583 -0.005537 0.211200 0.019190 0.007367 0.999789 -0.012000 0.000000 0.000000 0.000000 1.000000
0.993843 0.109507 -0.016857 0.000000 -0.108834 0.993383 0.036681 0.211200 0.020762 -0.034621 0.999185 -0.012000 0.000000 0.000000 0.000000 1.000000
0.994820 0.101480 -0.005861 0.000000 -0.100939 0.993026 0.060917 0.211200 0.012002 -0.060010 0.998126 -0.012000 0.000000 0.000000 0.000000 1.000000
0.996216 0.086910 -0.000880 0.000000 -0.086737 0.994782 0.053720 0.211200 0.005545 -0.053441 0.998556 -0.012000 0.000000 0.000000 0.000000 1.000000
0.997230 0.074299 -0.003515 0.000000 -0.074105 0.996479 0.039213 0.211200 0.006416 -0.038844 0.999225 -0.012000 0.000000 0.000000 0.000000 1.000000
0.997265 0.073751 -0.004797 0.000000 -0.073588 0.996893 0.028092 0.211200 0.006854 -0.027662 0.999594 -0.012000 0.000000 0.000000 0.000000 1.000000
0.997424 0.071655 -0.003398 -0.000000 -0.071585 0.997279 0.017615 0.211200 0.004651 -0.017326 0.999839 -0.012000 0.000000 0.000000 0.000000 1.000000
0.997503 0.070568 -0.002860 0.000000 -0.070535 0.997458 0.010149 0.211200 0.003568 -0.009922 0.999944 -0.012000 0.000000 0.000000 0.000000 1.000000
0.997473 0.070879 -0.004787 0.000000 -0.070868 0.997482 0.002547 0.211200 0.004955 -0.002201 0.999985 -0.012000 0.000000 0.000000 0.000000 1.000000
0.997214 0.074271 -0.007002 0.000000 -0.074274 0.997238 -0.000069 0.211200 0.006977 0.000589 0.999975 -0.012000 0.000000 0.000000 0.000000 1.000000
0.997033 0.076332 -0.009974 0.000000 -0.076335 0.997082 0.000101 0.211200 0.009952 0.000661 0.999950 -0.012000 0.000000 0.000000 0.000000 1.000000
0.997211 0.074133 -0.008646 0.000000 -0.074211 0.997201 -0.009061 0.211200 0.007950 0.009677 0.999922 -0.012000 0.000000 0.000000 0.000000 1.000000
0.997153 0.074488 -0.011722 -0.000000 -0.074719 0.996991 -0.020635 0.211200 0.010150 0.021452 0.999718 -0.012000 0.000000 0.000000 0.000000 1.000000
0.997049 0.075555 -0.013623 -0.000000 -0.075906 0.996739 -0.027381 0.211200 0.011510 0.028334 0.999532 -0.012000 0.000000 0.000000 0.000000 1.000000
0.997041 0.075785 -0.012866 0.000000 -0.076060 0.996850 -0.022470 0.211200 0.011123 0.023382 0.999665 -0.012000 0.000000 0.000000 0.000000 1.000000
0.997092 0.075271 -0.011882 0.000000 -0.075454 0.997025 -0.015760 0.211200 0.010661 0.016610 0.999805 -0.012000 0.000000 0.000000 0.000000 1.000000
0.997160 0.074505 -0.011040 0.000000 -0.074612 0.997167 -0.009549 0.211200 0.010297 0.010346 0.999893 -0.012000 0.000000 0.000000 0.000000 1.000000
0.997220 0.073821 -0.010101 -0.000000 -0.073839 0.997269 -0.001395 0.211200 0.009970 0.002137 0.999948 -0.012000 0.000000 0.000000 0.000000 1.000000
0.997240 0.073593 -0.009796 0.000000 -0.073580 0.997288 0.001625 0.211200 0.009889 -0.000900 0.999951 -0.012000 0.000000 0.000000 0.000000 1.000000
0.997250 0.073470 -0.009726 0.000000 -0.073469 0.997297 0.000481 0.211200 0.009735 0.000235 0.999953 -0.012000 0.000000 0.000000 0.000000 1.000000
0.997253 0.073423 -0.009793 0.000000 -0.073443 0.997298 -0.001657 0.211200 0.009645 0.002372 0.999951 -0.012000 0.000000 0.000000 0.000000 1.000000
0.997246 0.073508 -0.009894 0.000000 -0.073553 0.997282 -0.004201 0.211200 0.009558 0.004917 0.999942 -0.012000 0.000000 0.000000 0.000000 1.000000
0.997247 0.073479 -0.009984 0.000000 -0.073546 0.997270 -0.006542 0.211200 0.009476 0.007258 0.999929 -0.012000 0.000000 0.000000 0.000000 1.000000</float_array><technique_common><accessor source="#mixamorig_Spine-Matrix-animation-output-transform-array" count="110" stride="16"><param type="float4x4"/></accessor></technique_common></source><source id="mixamorig_Spine-Interpolations"><Name_array id="mixamorig_Spine-Interpolations-array" count="110">
 LINEAR LINEAR LINEAR LINEAR LINEAR LINEAR LINEAR LINEAR LINEAR LINEAR LINEAR
LINEAR LINEAR LINEAR LINEAR LINEAR LINEAR LINEAR LINEAR LINEAR LINEAR LINEAR LINEAR
LINEAR LINEAR LINEAR LINEAR LINEAR LINEAR LINEAR LINEAR LINEAR LINEAR LINEAR LINEAR
LINEAR LINEAR LINEAR LINEAR LINEAR LINEAR LINEAR LINEAR LINEAR LINEAR LINEAR LINEAR
LINEAR LINEAR LINEAR LINEAR LINEAR LINEAR LINEAR LINEAR LINEAR LINEAR LINEAR LINEAR
LINEAR LINEAR LINEAR LINEAR LINEAR LINEAR LINEAR LINEAR LINEAR LINEAR LINEAR LINEAR
LINEAR LINEAR LINEAR LINEAR LINEAR LINEAR LINEAR LINEAR LINEAR LINEAR LINEAR LINEAR
LINEAR LINEAR LINEAR LINEAR LINEAR LINEAR LINEAR LINEAR LINEAR LINEAR LINEAR LINEAR
LINEAR LINEAR LINEAR LINEAR LINEAR LINEAR LINEAR LINEAR LINEAR LINEAR LINEAR LINEAR
LINEAR LINEAR LINEAR</Name_array><technique_common><accessor source="#mixamorig_Spine-Interpolations-array" count="110"><param type="name"/></accessor></technique_common></source><sampler id="mixamorig_Spine-Matrix-animation-transform"><input semantic="INPUT" source="#mixamorig_Spine-Matrix-animation-input"/><input semantic="OUTPUT" source="#mixamorig_Spine-Matrix-animation-output-transform"/><input semantic="INTERPOLATION" source="#mixamorig_Spine-Interpolations"/></sampler><channel source="#mixamorig_Spine-Matrix-animation-transform" target="mixamorig_Spine/matrix"/></animation>
    <animation id="mixamorig_Spine1-anim" name="mixamorig_Spine1"><source id="mixamorig_Spine1-Matrix-animation-input"><float_array id="mixamorig_Spine1-Matrix-animation-input-array" count="110">

0.000000 0.033333 0.066667 0.100000 0.133333 0.166667 0.200000 0.233333 0.266667 0.300000 0.333333 0.366667 0.400000 0.433333 0.466667 0.500000
0.533333 0.566667 0.600000 0.633333 0.666667 0.700000 0.733333 0.766667 0.800000 0.833333 0.866667 0.900000 0.933333 0.966667 1.000000 1.033333
