<?xml version="1.0" encoding="utf-8"?>
<COLLADA xmlns="http://www.collada.org/2005/11/COLLADASchema" version="1.4.1">
  <asset>
    <contributor>
      <author/>
      <authoring_tool>FBX COLLADA exporter</authoring_tool>
      <comments/>
    </contributor>
    <created>2020-05-07T08:43:35Z</created>
    <keywords/>
    <modified>2020-05-07T08:43:35Z</modified>
    <revision/>
    <subject/>
    <title/>
    <unit meter="0.010000" name="centimeter"/>
    <up_axis>Y_UP</up_axis>
  </asset>
  <library_animations>
    <animation id="roots-anim" name="roots">
      <animation>
        <source id="roots-Matrix-animation-input">
          <float_array id="roots-Matrix-animation-input-array" count="36">

0.000000 0.033333 0.066667 0.100000 0.133333 0.166667 0.200000 0.233333 0.266667 0.300000 0.333333 0.366667 0.400000 0.433333 0.466667 0.500000
0.533333 0.566667 0.600000 0.633333 0.666667 0.700000 0.733333 0.766667 0.800000 0.833333 0.866667 0.900000 0.933333 0.966667 1.000000 1.033333
1.066667 1.100000 1.133333 1.166667</float_array>
          <technique_common>
            <accessor source="#roots-Matrix-animation-input-array" count="36">
              <param name="TIME" type="float"/>
            </accessor>
          </technique_common>
        </source>
        <source id="roots-Matrix-animation-output-transform">
          <float_array id="roots-Matrix-animation-output-transform-array" count="576">

1.000000 0.000000 0.000000 0.000000 0.000000 1.000000 0.000000 -0.783635 0.000000 0.000000 1.000000 0.000000 0.000000 0.000000 0.000000 1.000000
1.000000 0.000000 0.000000 0.000000 0.000000 1.000000 0.000000 -0.773651 0.000000 0.000000 1.000000 0.000000 0.000000 0.000000 0.000000 1.000000
1.000000 0.000000 0.000000 0.000000 0.000000 1.000000 0.000000 -0.745557 0.000000 0.000000 1.000000 0.000000 0.000000 0.000000 0.000000 1.000000
1.000000 0.000000 0.000000 0.000000 0.000000 1.000000 0.000000 -0.702137 0.000000 0.000000 1.000000 0.000000 0.000000 0.000000 0.000000 1.000000
1.000000 0.000000 0.000000 0.000000 0.000000 1.000000 0.000000 -0.646180 0.000000 0.000000 1.000000 0.000000 0.000000 0.000000 0.000000 1.000000
1.000000 0.000000 0.000000 0.000000 0.000000 1.000000 0.000000 -0.580471 0.000000 0.000000 1.000000 0.000000 0.000000 0.000000 0.000000 1.000000
1.000000 0.000000 0.000000 0.000000 0.000000 1.000000 0.000000 -0.507796 0.000000 0.000000 1.000000 0.000000 0.000000 0.000000 0.000000 1.000000
1.000000 0.000000 0.000000 0.000000 0.000000 1.000000 0.000000 -0.430941 0.000000 0.000000 1.000000 0.000000 0.000000 0.000000 0.000000 1.000000
1.000000 0.000000 0.000000 0.000000 0.000000 1.000000 0.000000 -0.352694 0.000000 0.000000 1.000000 0.000000 0.000000 0.000000 0.000000 1.000000
1.000000 0.000000 0.000000 0.000000 0.000000 1.000000 0.000000 -0.275840 0.000000 0.000000 1.000000 0.000000 0.000000 0.000000 0.000000 1.000000
1.000000 0.000000 0.000000 0.000000 0.000000 1.000000 0.000000 -0.203165 0.000000 0.000000 1.000000 0.000000 0.000000 0.000000 0.000000 1.000000
1.000000 0.000000 0.000000 0.000000 0.000000 1.000000 0.000000 -0.137455 0.000000 0.000000 1.000000 0.000000 0.000000 0.000000 0.000000 1.000000
1.000000 0.000000 0.000000 0.000000 0.000000 1.000000 0.000000 -0.081498 0.000000 0.000000 1.000000 0.000000 0.000000 0.000000 0.000000 1.000000
1.000000 0.000000 0.000000 0.000000 0.000000 1.000000 0.000000 -0.038079 0.000000 0.000000 1.000000 0.000000 0.000000 0.000000 0.000000 1.000000
1.000000 0.000000 0.000000 0.000000 0.000000 1.000000 0.000000 -0.009984 0.000000 0.000000 1.000000 0.000000 0.000000 0.000000 0.000000 1.000000
1.000000 0.000000 0.000000 0.000000 0.000000 1.000000 0.000000 0.000000 0.000000 0.000000 1.000000 0.000000 0.000000 0.000000 0.000000 1.000000
1.000000 0.000000 0.000000 0.000000 0.000000 1.000000 0.000000 0.000000 0.000000 0.000000 1.000000 0.000000 0.000000 0.000000 0.000000 1.000000
1.000000 0.000000 0.000000 0.000000 0.000000 1.000000 0.000000 0.000000 0.000000 0.000000 1.000000 0.000000 0.000000 0.000000 0.000000 1.000000
1.000000 0.000000 0.000000 0.000000 0.000000 1.000000 0.000000 0.000000 0.000000 0.000000 1.000000 0.000000 0.000000 0.000000 0.000000 1.000000
1.000000 0.000000 0.000000 0.000000 0.000000 1.000000 0.000000 0.000000 0.000000 0.000000 1.000000 0.000000 0.000000 0.000000 0.000000 1.000000
1.000000 0.000000 0.000000 0.000000 0.000000 1.000000 0.000000 0.000000 0.000000 0.000000 1.000000 0.000000 0.000000 0.000000 0.000000 1.000000
1.000000 0.000000 0.000000 0.000000 0.000000 1.000000 0.000000 0.000000 0.000000 0.000000 1.000000 0.000000 0.000000 0.000000 0.000000 1.000000
1.000000 0.000000 0.000000 0.000000 0.000000 1.000000 0.000000 0.000000 0.000000 0.000000 1.000000 0.000000 0.000000 0.000000 0.000000 1.000000
1.000000 0.000000 0.000000 0.000000 0.000000 1.000000 0.000000 0.000000 0.000000 0.000000 1.000000 0.000000 0.000000 0.000000 0.000000 1.000000
1.000000 0.000000 0.000000 0.000000 0.000000 1.000000 0.000000 0.000000 0.000000 0.000000 1.000000 0.000000 0.000000 0.000000 0.000000 1.000000
1.000000 0.000000 0.000000 0.000000 0.000000 1.000000 0.000000 0.000000 0.000000 0.000000 1.000000 0.000000 0.000000 0.000000 0.000000 1.000000
1.000000 0.000000 0.000000 0.000000 0.000000 1.000000 0.000000 0.000000 0.000000 0.000000 1.000000 0.000000 0.000000 0.000000 0.000000 1.000000
1.000000 0.000000 0.000000 0.000000 0.000000 1.000000 0.000000 0.000000 0.000000 0.000000 1.000000 0.000000 0.000000 0.000000 0.000000 1.000000
1.000000 0.000000 0.000000 0.000000 0.000000 1.000000 0.000000 0.000000 0.000000 0.000000 1.000000 0.000000 0.000000 0.000000 0.000000 1.000000
1.000000 0.000000 0.000000 0.000000 0.000000 1.000000 0.000000 0.000000 0.000000 0.000000 1.000000 0.000000 0.000000 0.000000 0.000000 1.000000
1.000000 0.000000 0.000000 0.000000 0.000000 1.000000 0.000000 0.000000 0.000000 0.000000 1.000000 0.000000 0.000000 0.000000 0.000000 1.000000
1.000000 0.000000 0.000000 0.000000 0.000000 1.000000 0.000000 0.000000 0.000000 0.000000 1.000000 0.000000 0.000000 0.000000 0.000000 1.000000
1.000000 0.000000 0.000000 0.000000 0.000000 1.000000 0.000000 0.000000 0.000000 0.000000 1.000000 0.000000 0.000000 0.000000 0.000000 1.000000
1.000000 0.000000 0.000000 0.000000 0.000000 1.000000 0.000000 0.000000 0.000000 0.000000 1.000000 0.000000 0.000000 0.000000 0.000000 1.000000
1.000000 0.000000 0.000000 0.000000 0.000000 1.000000 0.000000 0.000000 0.000000 0.000000 1.000000 0.000000 0.000000 0.000000 0.000000 1.000000
1.000000 0.000000 0.000000 0.000000 0.000000 1.000000 0.000000 0.000000 0.000000 0.000000 1.000000 0.000000 0.000000 0.000000 0.000000 1.000000</float_array>
          <technique_common>
            <accessor source="#roots-Matrix-animation-output-transform-array" count="36" stride="16">
              <param type="float4x4"/>
            </accessor>
          </technique_common>
        </source>
        <source id="roots-Interpolations">
          <Name_array id="roots-Interpolations-array" count="36">
 LINEAR LINEAR LINEAR LINEAR LINEAR LINEAR LINEAR LINEAR LINEAR LINEAR LINEAR
LINEAR LINEAR LINEAR LINEAR LINEAR LINEAR LINEAR LINEAR LINEAR LINEAR LINEAR LINEAR
LINEAR LINEAR LINEAR LINEAR LINEAR LINEAR LINEAR LINEAR LINEAR LINEAR LINEAR LINEAR
LINEAR</Name_array>
          <technique_common>
            <accessor source="#roots-Interpolations-array" count="36">
              <param type="name"/>
            </accessor>
          </technique_common>
        </source>
        <sampler id="roots-Matrix-animation-transform">
          <input semantic="INPUT" source="#roots-Matrix-animation-input"/>
          <input semantic="OUTPUT" source="#roots-Matrix-animation-output-transform"/>
          <input semantic="INTERPOLATION" source="#roots-Interpolations"/>
        </sampler>
        <channel source="#roots-Matrix-animation-transform" target="roots/matrix"/>
      </animation>
      <animation>
        <source id="roots-visibility-animation-input">
          <float_array id="roots-visibility-animation-input-array" count="3">

0.000000 0.500000 1.166667</float_array>
          <technique_common>
            <accessor source="#roots-visibility-animation-input-array" count="3">
              <param name="TIME" type="float"/>
            </accessor>
          </technique_common>
        </source>
        <source id="roots-visibility-animation-output">
          <float_array id="roots-visibility-animation-output-array" count="3">

1.000000 1.000000 1.000000</float_array>
          <technique_common>
            <accessor source="#roots-visibility-animation-output-array" count="3">
              <param type="float"/>
            </accessor>
          </technique_common>
        </source>
        <source id="roots-visibility-animation-intan">
          <float_array id="roots-visibility-animation-intan-array" count="3">

0.000000 0.000000 0.000000</float_array>
          <technique_common>
            <accessor source="#roots-visibility-animation-intan-array" count="3">
              <param type="float"/>
            </accessor>
          </technique_common>
        </source>
        <source id="roots-visibility-animation-outtan">
          <float_array id="roots-visibility-animation-outtan-array" count="3">

0.000000 0.000000 0.000000</float_array>
          <technique_common>
            <accessor source="#roots-visibility-animation-outtan-array" count="3">
              <param type="float"/>
            </accessor>
          </technique_common>
        </source>
        <source id="roots-visibility-animation-interpolation">
          <Name_array id="roots-visibility-animation-interpolation-array" count="3">
 STEP STEP STEP</Name_array>
          <technique_common>
            <accessor source="#roots-visibility-animation-interpolation-array" count="3">
              <param type="name"/>
            </accessor>
          </technique_common>
        </source>
        <sampler id="roots-visibility-animation">
          <input semantic="INPUT" source="#roots-visibility-animation-input"/>
          <input semantic="OUTPUT" source="#roots-visibility-animation-output"/>
          <input semantic="IN_TANGENT" source="#roots-visibility-animation-intan"/>
          <input semantic="OUT_TANGENT" source="#roots-visibility-animation-outtan"/>
          <input semantic="INTERPOLATION" source="#roots-visibility-animation-interpolation"/>
        </sampler>
        <channel source="#roots-visibility-animation" target="roots/visibility"/>
      </animation>
    </animation>
    <animation id="joint_root1-anim" name="joint_root1">
      <animation>
        <source id="joint_root1-Matrix-animation-input">
          <float_array id="joint_root1-Matrix-animation-input-array" count="36">

0.000000 0.033333 0.066667 0.100000 0.133333 0.166667 0.200000 0.233333 0.266667 0.300000 0.333333 0.366667 0.400000 0.433333 0.466667 0.500000
0.533333 0.566667 0.600000 0.633333 0.666667 0.700000 0.733333 0.766667 0.800000 0.833333 0.866667 0.900000 0.933333 0.966667 1.000000 1.033333
1.066667 1.100000 1.133333 1.166667</float_array>
          <technique_common>
            <accessor source="#joint_root1-Matrix-animation-input-array" count="36">
              <param name="TIME" type="float"/>
            </accessor>
          </technique_common>
        </source>
        <source id="joint_root1-Matrix-animation-output-transform">
          <float_array id="joint_root1-Matrix-animation-output-transform-array" count="576">

-0.092104 0.991993 -0.086411 1.620356 0.995684 0.092747 0.003446 -7.129156 0.011433 -0.085721 -0.996254 -0.039259 0.000000 0.000000 0.000000 1.000000
-0.092104 0.991993 -0.086411 1.620356 0.995684 0.092747 0.003446 -7.091474 0.011433 -0.085721 -0.996254 -0.039259 0.000000 0.000000 0.000000 1.000000
-0.092104 0.991993 -0.086411 1.620356 0.995684 0.092747 0.003446 -6.984511 0.011433 -0.085721 -0.996254 -0.039259 0.000000 0.000000 0.000000 1.000000
-0.092104 0.991993 -0.086411 1.620356 0.995684 0.092747 0.003446 -6.817396 0.011433 -0.085721 -0.996254 -0.039259 0.000000 0.000000 0.000000 1.000000
-0.092104 0.991993 -0.086411 1.620356 0.995684 0.092747 0.003446 -6.599254 0.011433 -0.085721 -0.996254 -0.039259 0.000000 0.000000 0.000000 1.000000
-0.092104 0.991993 -0.086411 1.620356 0.995684 0.092747 0.003446 -6.339211 0.011433 -0.085721 -0.996254 -0.039259 0.000000 0.000000 0.000000 1.000000
-0.092104 0.991993 -0.086411 1.620356 0.995684 0.092747 0.003446 -6.046393 0.011433 -0.085721 -0.996254 -0.039259 0.000000 0.000000 0.000000 1.000000
-0.092104 0.991993 -0.086411 1.620356 0.995684 0.092747 0.003446 -5.729928 0.011433 -0.085721 -0.996254 -0.039259 0.000000 0.000000 0.000000 1.000000
-0.092104 0.991993 -0.086411 1.620356 0.995684 0.092747 0.003446 -5.398942 0.011433 -0.085721 -0.996254 -0.039259 0.000000 0.000000 0.000000 1.000000
-0.092104 0.991993 -0.086411 1.620356 0.995684 0.092747 0.003446 -5.062562 0.011433 -0.085721 -0.996254 -0.039259 0.000000 0.000000 0.000000 1.000000
-0.092104 0.991993 -0.086411 1.620356 0.995684 0.092747 0.003446 -4.729912 0.011433 -0.085721 -0.996254 -0.039259 0.000000 0.000000 0.000000 1.000000
-0.092104 0.991993 -0.086411 1.620356 0.995684 0.092747 0.003446 -4.410120 0.011433 -0.085721 -0.996254 -0.039259 0.000000 0.000000 0.000000 1.000000
-0.092104 0.991993 -0.086411 1.620356 0.995684 0.092747 0.003446 -4.112314 0.011433 -0.085721 -0.996254 -0.039259 0.000000 0.000000 0.000000 1.000000
-0.092104 0.991993 -0.086411 1.620356 0.995684 0.092747 0.003446 -3.845618 0.011433 -0.085721 -0.996254 -0.039259 0.000000 0.000000 0.000000 1.000000
-0.092104 0.991993 -0.086411 1.620356 0.995684 0.092747 0.003446 -3.619159 0.011433 -0.085721 -0.996254 -0.039259 0.000000 0.000000 0.000000 1.000000
-0.092104 0.991993 -0.086411 1.620356 0.995684 0.092747 0.003446 -3.442063 0.011433 -0.085721 -0.996254 -0.039259 0.000000 0.000000 0.000000 1.000000
-0.092104 0.991993 -0.086411 1.615382 0.995684 0.092747 0.003446 -3.296084 0.011433 -0.085721 -0.996254 -0.040279 0.000000 0.000000 0.000000 1.000000
-0.092104 0.991993 -0.086411 1.601146 0.995684 0.092747 0.003446 -3.156937 0.011433 -0.085721 -0.996254 -0.043195 0.000000 0.000000 0.000000 1.000000
-0.092104 0.991993 -0.086411 1.578677 0.995684 0.092747 0.003446 -3.024691 0.011433 -0.085721 -0.996254 -0.047799 0.000000 0.000000 0.000000 1.000000
-0.092104 0.991993 -0.086411 1.549004 0.995684 0.092747 0.003446 -2.899419 0.011433 -0.085721 -0.996254 -0.053878 0.000000 0.000000 0.000000 1.000000
-0.092104 0.991993 -0.086411 1.513157 0.995684 0.092747 0.003446 -2.781191 0.011433 -0.085721 -0.996254 -0.061223 0.000000 0.000000 0.000000 1.000000
-0.092104 0.991993 -0.086411 1.472164 0.995684 0.092747 0.003446 -2.670077 0.011433 -0.085721 -0.996254 -0.069622 0.000000 0.000000 0.000000 1.000000
-0.092104 0.991993 -0.086411 1.427055 0.995684 0.092747 0.003446 -2.566149 0.011433 -0.085721 -0.996254 -0.078864 0.000000 0.000000 0.000000 1.000000
-0.092104 0.991993 -0.086411 1.378858 0.995684 0.092747 0.003446 -2.469477 0.011433 -0.085721 -0.996254 -0.088739 0.000000 0.000000 0.000000 1.000000
-0.092104 0.991993 -0.086411 1.328603 0.995684 0.092747 0.003446 -2.380132 0.011433 -0.085721 -0.996254 -0.099035 0.000000 0.000000 0.000000 1.000000
-0.092104 0.991993 -0.086411 1.277319 0.995684 0.092747 0.003446 -2.298185 0.011433 -0.085721 -0.996254 -0.109542 0.000000 0.000000 0.000000 1.000000
-0.092104 0.991993 -0.086411 1.226035 0.995684 0.092747 0.003446 -2.223706 0.011433 -0.085721 -0.996254 -0.120050 0.000000 0.000000 0.000000 1.000000
-0.092104 0.991993 -0.086411 1.175780 0.995684 0.092747 0.003446 -2.156767 0.011433 -0.085721 -0.996254 -0.130346 0.000000 0.000000 0.000000 1.000000
-0.092104 0.991993 -0.086411 1.127583 0.995684 0.092747 0.003446 -2.097438 0.011433 -0.085721 -0.996254 -0.140221 0.000000 0.000000 0.000000 1.000000
-0.092104 0.991993 -0.086411 1.082474 0.995684 0.092747 0.003446 -2.045789 0.011433 -0.085721 -0.996254 -0.149463 0.000000 0.000000 0.000000 1.000000
-0.092104 0.991993 -0.086411 1.041481 0.995684 0.092747 0.003446 -2.001893 0.011433 -0.085721 -0.996254 -0.157862 0.000000 0.000000 0.000000 1.000000
-0.092104 0.991993 -0.086411 1.005633 0.995684 0.092747 0.003446 -1.965819 0.011433 -0.085721 -0.996254 -0.165206 0.000000 0.000000 0.000000 1.000000
-0.092104 0.991993 -0.086411 0.975961 0.995684 0.092747 0.003446 -1.937638 0.011433 -0.085721 -0.996254 -0.171286 0.000000 0.000000 0.000000 1.000000
-0.092104 0.991993 -0.086411 0.953492 0.995684 0.092747 0.003446 -1.917421 0.011433 -0.085721 -0.996254 -0.175889 0.000000 0.000000 0.000000 1.000000
-0.092104 0.991993 -0.086411 0.939256 0.995684 0.092747 0.003446 -1.905239 0.011433 -0.085721 -0.996254 -0.178806 0.000000 0.000000 0.000000 1.000000
-0.092104 0.991993 -0.086411 0.934282 0.995684 0.092747 0.003446 -1.901163 0.011433 -0.085721 -0.996254 -0.179825 0.000000 0.000000 0.000000 1.000000</float_array>
          <technique_common>
            <accessor source="#joint_root1-Matrix-animation-output-transform-array" count="36" stride="16">
              <param type="float4x4"/>
            </accessor>
          </technique_common>
        </source>
        <source id="joint_root1-Interpolations">
          <Name_array id="joint_root1-Interpolations-array" count="36">
 LINEAR LINEAR LINEAR LINEAR LINEAR LINEAR LINEAR LINEAR LINEAR LINEAR LINEAR
LINEAR LINEAR LINEAR LINEAR LINEAR LINEAR LINEAR LINEAR LINEAR LINEAR LINEAR LINEAR
LINEAR LINEAR LINEAR LINEAR LINEAR LINEAR LINEAR LINEAR LINEAR LINEAR LINEAR LINEAR
LINEAR</Name_array>
          <technique_common>
            <accessor source="#joint_root1-Interpolations-array" count="36">
              <param type="name"/>
            </accessor>
          </technique_common>
        </source>
        <sampler id="joint_root1-Matrix-animation-transform">
          <input semantic="INPUT" source="#joint_root1-Matrix-animation-input"/>
          <input semantic="OUTPUT" source="#joint_root1-Matrix-animation-output-transform"/>
          <input semantic="INTERPOLATION" source="#joint_root1-Interpolations"/>
        </sampler>
        <channel source="#joint_root1-Matrix-animation-transform" target="joint_root1/matrix"/>
      </animation>
      <animation>
        <source id="joint_root1-visibility-animation-input">
          <float_array id="joint_root1-visibility-animation-input-array" count="3">

0.000000 0.500000 1.166667</float_array>
          <technique_common>
            <accessor source="#joint_root1-visibility-animation-input-array" count="3">
              <param name="TIME" type="float"/>
            </accessor>
          </technique_common>
        </source>
        <source id="joint_root1-visibility-animation-output">
          <float_array id="joint_root1-visibility-animation-output-array" count="3">

1.000000 1.000000 1.000000</float_array>
          <technique_common>
            <accessor source="#joint_root1-visibility-animation-output-array" count="3">
              <param type="float"/>
            </accessor>
          </technique_common>
        </source>
        <source id="joint_root1-visibility-animation-intan">
          <float_array id="joint_root1-visibility-animation-intan-array" count="3">

0.000000 0.000000 0.000000</float_array>
          <technique_common>
            <accessor source="#joint_root1-visibility-animation-intan-array" count="3">
              <param type="float"/>
            </accessor>
          </technique_common>
        </source>
        <source id="joint_root1-visibility-animation-outtan">
          <float_array id="joint_root1-visibility-animation-outtan-array" count="3">

0.000000 0.000000 0.000000</float_array>
          <technique_common>
            <accessor source="#joint_root1-visibility-animation-outtan-array" count="3">
              <param type="float"/>
            </accessor>
          </technique_common>
        </source>
        <source id="joint_root1-visibility-animation-interpolation">
          <Name_array id="joint_root1-visibility-animation-interpolation-array" count="3">
 STEP STEP STEP</Name_array>
          <technique_common>
            <accessor source="#joint_root1-visibility-animation-interpolation-array" count="3">
              <param type="name"/>
            </accessor>
          </technique_common>
        </source>
        <sampler id="joint_root1-visibility-animation">
          <input semantic="INPUT" source="#joint_root1-visibility-animation-input"/>
          <input semantic="OUTPUT" source="#joint_root1-visibility-animation-output"/>
          <input semantic="IN_TANGENT" source="#joint_root1-visibility-animation-intan"/>
          <input semantic="OUT_TANGENT" source="#joint_root1-visibility-animation-outtan"/>
          <input semantic="INTERPOLATION" source="#joint_root1-visibility-animation-interpolation"/>
        </sampler>
        <channel source="#joint_root1-visibility-animation" target="joint_root1/visibility"/>
      </animation>
    </animation>
    <animation id="joint14-anim" name="joint14">
      <animation>
        <source id="joint14-Matrix-animation-input">
          <float_array id="joint14-Matrix-animation-input-array" count="36">

0.000000 0.033333 0.066667 0.100000 0.133333 0.166667 0.200000 0.233333 0.266667 0.300000 0.333333 0.366667 0.400000 0.433333 0.466667 0.500000
0.533333 0.566667 0.600000 0.633333 0.666667 0.700000 0.733333 0.766667 0.800000 0.833333 0.866667 0.900000 0.933333 0.966667 1.000000 1.033333
1.066667 1.100000 1.133333 1.166667</float_array>
          <technique_common>
            <accessor source="#joint14-Matrix-animation-input-array" count="36">
              <param name="TIME" type="float"/>
            </accessor>
          </technique_common>
        </source>
        <source id="joint14-Matrix-animation-output-transform">
          <float_array id="joint14-Matrix-animation-output-transform-array" count="576">

0.664455 -0.747278 -0.008672 1.608016 0.747094 0.664492 -0.017356 0.295742 0.018732 0.005053 0.999812 0.000606 0.000000 0.000000 0.000000 1.000000
0.664455 -0.747278 -0.008672 1.608016 0.747094 0.664492 -0.017356 0.295742 0.018732 0.005053 0.999812 0.000606 0.000000 0.000000 0.000000 1.000000
0.664455 -0.747278 -0.008672 1.608016 0.747094 0.664492 -0.017356 0.295742 0.018732 0.005053 0.999812 0.000606 0.000000 0.000000 0.000000 1.000000
0.664455 -0.747278 -0.008672 1.608016 0.747094 0.664492 -0.017356 0.295742 0.018732 0.005053 0.999812 0.000606 0.000000 0.000000 0.000000 1.000000
0.664455 -0.747278 -0.008672 1.608016 0.747094 0.664492 -0.017356 0.295742 0.018732 0.005053 0.999812 0.000606 0.000000 0.000000 0.000000 1.000000
0.664455 -0.747278 -0.008672 1.608016 0.747094 0.664492 -0.017356 0.295742 0.018732 0.005053 0.999812 0.000606 0.000000 0.000000 0.000000 1.000000
0.664455 -0.747278 -0.008672 1.608016 0.747094 0.664492 -0.017356 0.295742 0.018732 0.005053 0.999812 0.000606 0.000000 0.000000 0.000000 1.000000
0.664455 -0.747278 -0.008672 1.608016 0.747094 0.664492 -0.017356 0.295742 0.018732 0.005053 0.999812 0.000606 0.000000 0.000000 0.000000 1.000000
0.664455 -0.747278 -0.008672 1.608016 0.747094 0.664492 -0.017356 0.295742 0.018732 0.005053 0.999812 0.000606 0.000000 0.000000 0.000000 1.000000
0.664455 -0.747278 -0.008672 1.608016 0.747094 0.664492 -0.017356 0.295742 0.018732 0.005053 0.999812 0.000606 0.000000 0.000000 0.000000 1.000000
0.664455 -0.747278 -0.008672 1.608016 0.747094 0.664492 -0.017356 0.295742 0.018732 0.005053 0.999812 0.000606 0.000000 0.000000 0.000000 1.000000
0.664455 -0.747278 -0.008672 1.608016 0.747094 0.664492 -0.017356 0.295742 0.018732 0.005053 0.999812 0.000606 0.000000 0.000000 0.000000 1.000000
0.664455 -0.747278 -0.008672 1.608016 0.747094 0.664492 -0.017356 0.295742 0.018732 0.005053 0.999812 0.000606 0.000000 0.000000 0.000000 1.000000
0.664455 -0.747278 -0.008672 1.608016 0.747094 0.664492 -0.017356 0.295742 0.018732 0.005053 0.999812 0.000606 0.000000 0.000000 0.000000 1.000000
0.664455 -0.747278 -0.008672 1.608016 0.747094 0.664492 -0.017356 0.295742 0.018732 0.005053 0.999812 0.000606 0.000000 0.000000 0.000000 1.000000
0.664455 -0.747278 -0.008672 1.608016 0.747094 0.664492 -0.017356 0.295742 0.018732 0.005053 0.999812 0.000606 0.000000 0.000000 0.000000 1.000000
0.665701 -0.746178 -0.007757 1.608016 0.746028 0.665730 -0.015694 0.295742 0.016874 0.004661 0.999847 0.000606 0.000000 0.000000 0.000000 1.000000
0.669246 -0.743023 -0.005106 1.608016 0.742951 0.669256 -0.010954 0.295742 0.011556 0.003537 0.999927 0.000606 0.000000 0.000000 0.000000 1.000000
0.674774 -0.738024 -0.000833 1.608016 0.738018 0.674772 -0.003524 0.295742 0.003163 0.001763 0.999993 0.000606 0.000000 0.000000 0.000000 1.000000
0.681944 -0.731387 0.004979 1.608016 0.731361 0.681962 0.006189 0.295742 -0.007922 -0.000579 0.999968 0.000606 0.000000 0.000000 0.000000 1.000000
0.690406 -0.723319 0.012252 1.608016 0.723108 0.690506 0.017769 0.295742 -0.021312 -0.003408 0.999767 0.000606 0.000000 0.000000 0.000000 1.000000
0.699806 -0.714028 0.020899 1.608016 0.713394 0.700086 0.030795 0.295742 -0.036620 -0.006641 0.999307 0.000606 0.000000 0.000000 0.000000 1.000000
0.709799 -0.703730 0.030815 1.608016 0.702373 0.710395 0.044852 0.295742 -0.053454 -0.010192 0.998518 0.000606 0.000000 0.000000 0.000000 1.000000
0.720059 -0.692649 0.041861 1.608016 0.690227 0.721140 0.059535 0.295742 -0.071424 -0.013975 0.997348 0.000606 0.000000 0.000000 0.000000 1.000000
0.730285 -0.681016 0.053860 1.608016 0.677170 0.732050 0.074460 0.295742 -0.090137 -0.017905 0.995768 0.000606 0.000000 0.000000 0.000000 1.000000
0.740209 -0.669071 0.066596 1.608016 0.663450 0.742876 0.089269 0.295742 -0.109200 -0.021894 0.993779 0.000606 0.000000 0.000000 0.000000 1.000000
0.749602 -0.657059 0.079811 1.608016 0.649350 0.753396 0.103633 0.295742 -0.128222 -0.025858 0.991408 0.000606 0.000000 0.000000 0.000000 1.000000
0.758280 -0.645232 0.093208 1.608016 0.635182 0.763409 0.117263 0.295742 -0.146818 -0.029714 0.988717 0.000606 0.000000 0.000000 0.000000 1.000000
0.766100 -0.633844 0.106456 1.608016 0.621286 0.772741 0.129906 0.295742 -0.164603 -0.033381 0.985795 0.000606 0.000000 0.000000 0.000000 1.000000
0.772966 -0.623150 0.119196 1.608016 0.608022 0.781237 0.141347 0.295742 -0.181201 -0.036782 0.982758 0.000606 0.000000 0.000000 0.000000 1.000000
0.778818 -0.613408 0.131048 1.608016 0.595763 0.788760 0.151407 0.295742 -0.196240 -0.039845 0.979746 0.000606 0.000000 0.000000 0.000000 1.000000
0.783628 -0.604873 0.141617 1.608016 0.584891 0.795187 0.159936 0.295742 -0.209353 -0.042500 0.976916 0.000606 0.000000 0.000000 0.000000 1.000000
0.787392 -0.597798 0.150506 1.608016 0.575791 0.800401 0.166803 0.295742 -0.220179 -0.044679 0.974436 0.000606 0.000000 0.000000 0.000000 1.000000
0.790108 -0.592436 0.157318 1.608016 0.568842 0.804285 0.171884 0.295742 -0.228359 -0.046318 0.972475 0.000606 0.000000 0.000000 0.000000 1.000000
0.791769 -0.589036 0.161670 1.608016 0.564414 0.806718 0.175051 0.295742 -0.233534 -0.047351 0.971195 0.000606 0.000000 0.000000 0.000000 1.000000
0.792339 -0.587848 0.163197 1.608016 0.562862 0.807563 0.176148 0.295742 -0.235340 -0.047711 0.970741 0.000606 0.000000 0.000000 0.000000 1.000000</float_array>
          <technique_common>
            <accessor source="#joint14-Matrix-animation-output-transform-array" count="36" stride="16">
              <param type="float4x4"/>
            </accessor>
          </technique_common>
        </source>
        <source id="joint14-Interpolations">
          <Name_array id="joint14-Interpolations-array" count="36">
 LINEAR LINEAR LINEAR LINEAR LINEAR LINEAR LINEAR LINEAR LINEAR LINEAR LINEAR
LINEAR LINEAR LINEAR LINEAR LINEAR LINEAR LINEAR LINEAR LINEAR LINEAR LINEAR LINEAR
LINEAR LINEAR LINEAR LINEAR LINEAR LINEAR LINEAR LINEAR LINEAR LINEAR LINEAR LINEAR
LINEAR</Name_array>
          <technique_common>
            <accessor source="#joint14-Interpolations-array" count="36">
              <param type="name"/>
            </accessor>
          </technique_common>
        </source>
        <sampler id="joint14-Matrix-animation-transform">
          <input semantic="INPUT" source="#joint14-Matrix-animation-input"/>
          <input semantic="OUTPUT" source="#joint14-Matrix-animation-output-transform"/>
          <input semantic="INTERPOLATION" source="#joint14-Interpolations"/>
        </sampler>
        <channel source="#joint14-Matrix-animation-transform" target="joint14/matrix"/>
      </animation>
      <animation>
        <source id="joint14-visibility-animation-input">
          <float_array id="joint14-visibility-animation-input-array" count="3">

0.000000 0.500000 1.166667</float_array>
          <technique_common>
            <accessor source="#joint14-visibility-animation-input-array" count="3">
              <param name="TIME" type="float"/>
            </accessor>
          </technique_common>
        </source>
        <source id="joint14-visibility-animation-output">
          <float_array id="joint14-visibility-animation-output-array" count="3">

1.000000 1.000000 1.000000</float_array>
          <technique_common>
            <accessor source="#joint14-visibility-animation-output-array" count="3">
              <param type="float"/>
            </accessor>
          </technique_common>
        </source>
        <source id="joint14-visibility-animation-intan">
          <float_array id="joint14-visibility-animation-intan-array" count="3">

0.000000 0.000000 0.000000</float_array>
          <technique_common>
            <accessor source="#joint14-visibility-animation-intan-array" count="3">
              <param type="float"/>
            </accessor>
          </technique_common>
        </source>
        <source id="joint14-visibility-animation-outtan">
          <float_array id="joint14-visibility-animation-outtan-array" count="3">

0.000000 0.000000 0.000000</float_array>
          <technique_common>
            <accessor source="#joint14-visibility-animation-outtan-array" count="3">
              <param type="float"/>
            </accessor>
          </technique_common>
        </source>
        <source id="joint14-visibility-animation-interpolation">
          <Name_array id="joint14-visibility-animation-interpolation-array" count="3">
 STEP STEP STEP</Name_array>
          <technique_common>
            <accessor source="#joint14-visibility-animation-interpolation-array" count="3">
              <param type="name"/>
            </accessor>
          </technique_common>
        </source>
        <sampler id="joint14-visibility-animation">
          <input semantic="INPUT" source="#joint14-visibility-animation-input"/>
          <input semantic="OUTPUT" source="#joint14-visibility-animation-output"/>
          <input semantic="IN_TANGENT" source="#joint14-visibility-animation-intan"/>
          <input semantic="OUT_TANGENT" source="#joint14-visibility-animation-outtan"/>
          <input semantic="INTERPOLATION" source="#joint14-visibility-animation-interpolation"/>
        </sampler>
        <channel source="#joint14-visibility-animation" target="joint14/visibility"/>
      </animation>
    </animation>
    <animation id="joint15-anim" name="joint15">
      <animation>
        <source id="joint15-Matrix-animation-input">
          <float_array id="joint15-Matrix-animation-input-array" count="36">

0.000000 0.033333 0.066667 0.100000 0.133333 0.166667 0.200000 0.233333 0.266667 0.300000 0.333333 0.366667 0.400000 0.433333 0.466667 0.500000
0.533333 0.566667 0.600000 0.633333 0.666667 0.700000 0.733333 0.766667 0.800000 0.833333 0.866667 0.900000 0.933333 0.966667 1.000000 1.033333
1.066667 1.100000 1.133333 1.166667</float_array>
          <technique_common>
            <accessor source="#joint15-Matrix-animation-input-array" count="36">
              <param name="TIME" type="float"/>
            </accessor>
          </technique_common>
        </source>
        <source id="joint15-Matrix-animation-output-transform">
          <float_array id="joint15-Matrix-animation-output-transform-array" count="576">

0.667355 -0.744607 -0.014044 1.047271 0.743592 0.665162 0.068056 -0.816560 -0.041333 -0.055861 0.997583 -0.015003 0.000000 0.000000 0.000000 1.000000
0.669182 -0.743011 -0.011353 1.047271 0.741925 0.667191 0.066358 -0.816560 -0.041730 -0.052828 0.997731 -0.015003 0.000000 0.000000 0.000000 1.000000
0.674298 -0.738450 -0.003711 1.047271 0.737210 0.672857 0.061528 -0.816560 -0.042939 -0.044224 0.998098 -0.015003 0.000000 0.000000 0.000000 1.000000
0.682132 -0.731183 0.008186 1.047271 0.729844 0.681486 0.053892 -0.816560 -0.044983 -0.030787 0.998513 -0.015003 0.000000 0.000000 0.000000 1.000000
0.692096 -0.721419 0.023609 1.047271 0.720215 0.692372 0.043724 -0.816560 -0.047889 -0.013258 0.998765 -0.015003 0.000000 0.000000 0.000000 1.000000
0.703601 -0.709363 0.041820 1.047271 0.708713 0.704802 0.031305 -0.816560 -0.051682 0.007613 0.998635 -0.015003 0.000000 0.000000 0.000000 1.000000
0.716071 -0.695259 0.062105 1.047271 0.695746 0.718087 0.016955 -0.816560 -0.056385 0.031068 0.997926 -0.015003 0.000000 0.000000 0.000000 1.000000
0.728951 -0.679419 0.083787 1.047271 0.681751 0.731584 0.001068 -0.816560 -0.062023 0.056343 0.996483 -0.015003 0.000000 0.000000 0.000000 1.000000
0.741715 -0.662245 0.106256 1.047271 0.667196 0.744713 -0.015870 -0.816560 -0.068620 0.082665 0.994212 -0.015003 0.000000 0.000000 0.000000 1.000000
0.753874 -0.644234 0.128984 1.047271 0.652586 0.756984 -0.033277 -0.816560 -0.076201 0.109260 0.991088 -0.015003 0.000000 0.000000 0.000000 1.000000
0.764974 -0.625980 0.151537 1.047271 0.638455 0.768002 -0.050469 -0.816560 -0.084788 0.135357 0.987162 -0.015003 0.000000 0.000000 0.000000 1.000000
0.774599 -0.608168 0.173578 1.047271 0.625368 0.777476 -0.066675 -0.816560 -0.094403 0.160197 0.982560 -0.015003 0.000000 0.000000 0.000000 1.000000
0.782357 -0.591562 0.194864 1.047271 0.613904 0.785210 -0.081041 -0.816560 -0.105068 0.183031 0.977476 -0.015003 0.000000 0.000000 0.000000 1.000000
0.787880 -0.576996 0.215225 1.047271 0.604651 0.791084 -0.092647 -0.816560 -0.116804 0.203131 0.972160 -0.015003 0.000000 0.000000 0.000000 1.000000
0.790801 -0.565357 0.234531 1.047271 0.598189 0.795026 -0.100519 -0.816560 -0.129629 0.219785 0.966898 -0.015003 0.000000 0.000000 0.000000 1.000000
0.790744 -0.557577 0.252648 1.047271 0.595075 0.796960 -0.103643 -0.816560 -0.143562 0.232300 0.961991 -0.015003 0.000000 0.000000 0.000000 1.000000
0.788477 -0.552108 0.271075 1.047271 0.594007 0.797873 -0.102737 -0.816560 -0.159561 0.242026 0.957060 -0.015003 0.000000 0.000000 0.000000 1.000000
0.785035 -0.546739 0.291199 1.047271 0.593237 0.798870 -0.099376 -0.816560 -0.178297 0.250764 0.951487 -0.015003 0.000000 0.000000 0.000000 1.000000
0.780423 -0.541457 0.312673 1.047271 0.592621 0.800001 -0.093802 -0.816560 -0.199349 0.258502 0.945218 -0.015003 0.000000 0.000000 0.000000 1.000000
0.774660 -0.536265 0.335145 1.047271 0.592021 0.801293 -0.086260 -0.816560 -0.222291 0.265235 0.938210 -0.015003 0.000000 0.000000 0.000000 1.000000
0.767784 -0.531183 0.358264 1.047271 0.591310 0.802760 -0.076999 -0.816560 -0.246700 0.270963 0.930440 -0.015003 0.000000 0.000000 0.000000 1.000000
0.759858 -0.526244 0.381684 1.047271 0.590382 0.804398 -0.066277 -0.816560 -0.272149 0.275700 0.921913 -0.015003 0.000000 0.000000 0.000000 1.000000
0.750978 -0.521487 0.405072 1.047271 0.589150 0.806193 -0.054360 -0.816560 -0.298218 0.279471 0.912667 -0.015003 0.000000 0.000000 0.000000 1.000000
0.741269 -0.516957 0.428107 1.047271 0.587556 0.808117 -0.041522 -0.816560 -0.324496 0.282316 0.902774 -0.015003 0.000000 0.000000 0.000000 1.000000
0.730890 -0.512698 0.450489 1.047271 0.585572 0.810135 -0.028044 -0.816560 -0.350579 0.284291 0.892341 -0.015003 0.000000 0.000000 0.000000 1.000000
0.720029 -0.508754 0.471941 1.047271 0.583199 0.812205 -0.014214 -0.816560 -0.376081 0.285470 0.881516 -0.015003 0.000000 0.000000 0.000000 1.000000
0.708904 -0.505160 0.492208 1.047271 0.580474 0.814279 -0.000324 -0.816560 -0.400631 0.285943 0.870478 -0.015003 0.000000 0.000000 0.000000 1.000000
0.697758 -0.501947 0.511060 1.047271 0.577463 0.816308 0.013333 -0.816560 -0.423875 0.285815 0.859442 -0.015003 0.000000 0.000000 0.000000 1.000000
0.686855 -0.499136 0.528293 1.047271 0.574262 0.818244 0.026463 -0.816560 -0.445482 0.285202 0.848650 -0.015003 0.000000 0.000000 0.000000 1.000000
0.676474 -0.496736 0.543724 1.047271 0.570993 0.820039 0.038772 -0.816560 -0.465135 0.284234 0.838368 -0.015003 0.000000 0.000000 0.000000 1.000000
0.666904 -0.494750 0.557190 1.047271 0.567799 0.821649 0.049971 -0.816560 -0.482538 0.283046 0.828880 -0.015003 0.000000 0.000000 0.000000 1.000000
0.658441 -0.493170 0.568541 1.047271 0.564839 0.823034 0.059770 -0.816560 -0.497405 0.281779 0.820481 -0.015003 0.000000 0.000000 0.000000 1.000000
0.651379 -0.491980 0.577635 1.047271 0.562277 0.824158 0.067886 -0.816560 -0.509461 0.280571 0.813468 -0.015003 0.000000 0.000000 0.000000 1.000000
0.646004 -0.491159 0.584330 1.047271 0.560276 0.824990 0.074035 -0.816560 -0.518430 0.279559 0.808132 -0.015003 0.000000 0.000000 0.000000 1.000000
0.642593 -0.490684 0.588475 1.047271 0.558986 0.825506 0.077933 -0.816560 -0.524031 0.278870 0.804750 -0.015003 0.000000 0.000000 0.000000 1.000000
0.641403 -0.490530 0.589900 1.047271 0.558534 0.825683 0.079296 -0.816560 -0.525967 0.278618 0.803573 -0.015003 0.000000 0.000000 0.000000 1.000000</float_array>
          <technique_common>
            <accessor source="#joint15-Matrix-animation-output-transform-array" count="36" stride="16">
              <param type="float4x4"/>
            </accessor>
          </technique_common>
        </source>
        <source id="joint15-Interpolations">
          <Name_array id="joint15-Interpolations-array" count="36">
 LINEAR LINEAR LINEAR LINEAR LINEAR LINEAR LINEAR LINEAR LINEAR LINEAR LINEAR
LINEAR LINEAR LINEAR LINEAR LINEAR LINEAR LINEAR LINEAR LINEAR LINEAR LINEAR LINEAR
LINEAR LINEAR LINEAR LINEAR LINEAR LINEAR LINEAR LINEAR LINEAR LINEAR LINEAR LINEAR
LINEAR</Name_array>
          <technique_common>
            <accessor source="#joint15-Interpolations-array" count="36">
              <param type="name"/>
            </accessor>
          </technique_common>
        </source>
        <sampler id="joint15-Matrix-animation-transform">
          <input semantic="INPUT" source="#joint15-Matrix-animation-input"/>
          <input semantic="OUTPUT" source="#joint15-Matrix-animation-output-transform"/>
          <input semantic="INTERPOLATION" source="#joint15-Interpolations"/>
        </sampler>
        <channel source="#joint15-Matrix-animation-transform" target="joint15/matrix"/>
      </animation>
      <animation>
        <source id="joint15-visibility-animation-input">
          <float_array id="joint15-visibility-animation-input-array" count="3">

0.000000 0.500000 1.166667</float_array>
          <technique_common>
            <accessor source="#joint15-visibility-animation-input-array" count="3">
              <param name="TIME" type="float"/>
            </accessor>
          </technique_common>
        </source>
        <source id="joint15-visibility-animation-output">
          <float_array id="joint15-visibility-animation-output-array" count="3">

1.000000 1.000000 1.000000</float_array>
          <technique_common>
            <accessor source="#joint15-visibility-animation-output-array" count="3">
              <param type="float"/>
            </accessor>
          </technique_common>
        </source>
        <source id="joint15-visibility-animation-intan">
          <float_array id="joint15-visibility-animation-intan-array" count="3">

0.000000 0.000000 0.000000</float_array>
          <technique_common>
            <accessor source="#joint15-visibility-animation-intan-array" count="3">
              <param type="float"/>
            </accessor>
          </technique_common>
        </source>
        <source id="joint15-visibility-animation-outtan">
