<?xml version="1.0" encoding="utf-8"?>
<COLLADA xmlns="http://www.collada.org/2005/11/COLLADASchema" version="1.4.1">
  <asset><contributor><author>Mixamo</author><authoring_tool>COLLADA Mixamo exporter</authoring_tool><comments></comments></contributor><created>2020-05-05T16:22:11Z</created><modified>2020-05-05T16:22:11Z</modified><revision></revision><title></title><unit meter="0.010000"/><up_axis>Y_UP</up_axis></asset>
  <library_animations>
    <animation id="mixamorig_Hips-anim" name="mixamorig_Hips"><source id="mixamorig_Hips-Matrix-animation-input"><float_array id="mixamorig_Hips-Matrix-animation-input-array" count="90">

0.000000 0.033333 0.066667 0.100000 0.133333 0.166667 0.200000 0.233333 0.266667 0.300000 0.333333 0.366667 0.400000 0.433333 0.466667 0.500000
0.533333 0.566667 0.600000 0.633333 0.666667 0.700000 0.733333 0.766667 0.800000 0.833333 0.866667 0.900000 0.933333 0.966667 1.000000 1.033333
1.066667 1.100000 1.133333 1.166667 1.200000 1.233333 1.266667 1.300000 1.333333 1.366667 1.400000 1.433333 1.466667 1.500000 1.533333 1.566667
1.600000 1.633333 1.666667 1.700000 1.733333 1.766667 1.800000 1.833333 1.866667 1.900000 1.933333 1.966667 2.000000 2.033333 2.066667 2.100000
2.133333 2.166667 2.200000 2.233333 2.266667 2.300000 2.333333 2.366667 2.400000 2.433333 2.466667 2.500000 2.533333 2.566667 2.600000 2.633333
2.666667 2.700000 2.733333 2.766667 2.800000 2.833333 2.866667 2.900000 2.933333 2.966667</float_array><technique_common><accessor source="#mixamorig_Hips-Matrix-animation-input-array" count="90"><param name="TIME" type="float"/></accessor></technique_common></source><source id="mixamorig_Hips-Matrix-animation-output-transform"><float_array id="mixamorig_Hips-Matrix-animation-output-transform-array" count="1440">

0.487056 -0.055206 -0.791158 0.029531 0.063440 0.928179 -0.025712 1.066809 0.790540 -0.040473 0.489500 -0.023036 0.000000 0.000000 0.000000 1.000000
0.456550 -0.070885 -0.807923 0.031865 0.081574 0.926450 -0.035188 1.065967 0.806914 -0.053551 0.460678 -0.017845 0.000000 0.000000 0.000000 1.000000
0.385868 -0.092542 -0.841870 0.037692 0.100449 0.923598 -0.055485 1.063221 0.840963 -0.067858 0.392911 -0.005392 0.000000 0.000000 0.000000 1.000000
0.307819 -0.115007 -0.870760 0.042016 0.118509 0.919688 -0.079575 1.060418 0.870290 -0.084558 0.318821 0.008068 0.000000 0.000000 0.000000 1.000000
0.226910 -0.139640 -0.891748 0.040510 0.136297 0.914252 -0.108483 1.058195 0.892265 -0.104144 0.243349 0.021877 0.000000 0.000000 0.000000 1.000000
0.132985 -0.158970 -0.907329 0.036132 0.151387 0.908042 -0.136907 1.053042 0.908625 -0.128023 0.155606 0.036412 0.000000 0.000000 0.000000 1.000000
0.029652 -0.174231 -0.913765 0.028692 0.163784 0.900925 -0.166468 1.045965 0.915695 -0.155501 0.059365 0.054284 0.000000 0.000000 0.000000 1.000000
-0.084099 -0.184947 -0.908253 0.018153 0.175792 0.892250 -0.197966 1.037515 0.910070 -0.189441 -0.045692 0.073072 0.000000 0.000000 0.000000 1.000000
-0.203046 -0.182760 -0.889704 0.004080 0.179770 0.885543 -0.222932 1.028876 0.890313 -0.220488 -0.157893 0.091317 0.000000 0.000000 0.000000 1.000000
-0.314091 -0.167781 -0.859883 -0.013225 0.170945 0.884179 -0.234963 1.021065 0.859260 -0.237233 -0.267575 0.107856 0.000000 0.000000 0.000000 1.000000
-0.415302 -0.157749 -0.817827 -0.034056 0.152180 0.884100 -0.247811 1.014534 0.818882 -0.244304 -0.368715 0.121842 0.000000 0.000000 0.000000 1.000000
-0.513156 -0.153302 -0.761165 -0.057352 0.127957 0.883208 -0.264147 1.008153 0.765833 -0.250290 -0.465894 0.132012 0.000000 0.000000 0.000000 1.000000
-0.604332 -0.154741 -0.690682 -0.083725 0.098407 0.880997 -0.283484 1.001120 0.700929 -0.257103 -0.555696 0.136498 0.000000 0.000000 0.000000 1.000000
-0.680247 -0.156748 -0.615546 -0.109077 0.065634 0.879743 -0.296558 0.994277 0.631791 -0.260163 -0.631948 0.136304 0.000000 0.000000 0.000000 1.000000
-0.732168 -0.157722 -0.552500 -0.129984 0.036476 0.880384 -0.299661 0.989104 0.573412 -0.257392 -0.686404 0.132118 0.000000 0.000000 0.000000 1.000000
-0.761599 -0.155058 -0.511983 -0.145789 0.016233 0.883636 -0.291763 0.984747 0.534702 -0.247682 -0.720382 0.124401 0.000000 0.000000 0.000000 1.000000
-0.760494 -0.144711 -0.516633 -0.152330 0.007558 0.893228 -0.261322 0.982630 0.536464 -0.217728 -0.728700 0.116081 0.000000 0.000000 0.000000 1.000000
-0.726674 -0.138353 -0.564806 -0.150930 0.007846 0.901559 -0.230938 0.985550 0.581452 -0.185074 -0.702754 0.104770 0.000000 0.000000 0.000000 1.000000
-0.657957 -0.131360 -0.645011 -0.142526 0.008984 0.910103 -0.194511 0.990878 0.658190 -0.143736 -0.642128 0.091304 0.000000 0.000000 0.000000 1.000000
-0.561893 -0.114440 -0.733064 -0.130458 0.008056 0.918567 -0.149574 0.997380 0.741899 -0.096648 -0.553577 0.075462 0.000000 0.000000 0.000000 1.000000
-0.457385 -0.086245 -0.805955 -0.117458 0.006324 0.925009 -0.102573 1.006168 0.810532 -0.055885 -0.454002 0.056751 0.000000 0.000000 0.000000 1.000000
-0.366527 -0.053685 -0.853803 -0.106116 0.003242 0.928772 -0.059790 1.015180 0.855482 -0.026521 -0.365580 0.037354 0.000000 0.000000 0.000000 1.000000
-0.292288 -0.027249 -0.883192 -0.096260 -0.007071 0.930300 -0.026362 1.025795 0.883584 -0.001569 -0.292369 0.018602 0.000000 0.000000 0.000000 1.000000
-0.206148 0.000759 -0.907582 -0.087166 -0.021997 0.930422 0.005774 1.042086 0.907316 0.022730 -0.206068 0.000093 0.000000 0.000000 0.000000 1.000000
-0.103902 0.031369 -0.924350 -0.078816 -0.032192 0.929478 0.035162 1.063044 0.924322 0.035897 -0.102680 -0.019125 0.000000 0.000000 0.000000 1.000000
-0.002064 0.069603 -0.928091 -0.071545 -0.045177 0.926992 0.069621 1.086109 0.929601 0.045204 0.001322 -0.037246 0.000000 0.000000 0.000000 1.000000
0.090571 0.104086 -0.920416 -0.065105 -0.054277 0.923813 0.099129 1.108713 0.924691 0.044031 0.095971 -0.052947 0.000000 0.000000 0.000000 1.000000
0.198690 0.122741 -0.900921 -0.058772 -0.060979 0.921904 0.112151 1.128853 0.907197 0.035086 0.204854 -0.068999 0.000000 0.000000 0.000000 1.000000
0.320523 0.129639 -0.864096 -0.052334 -0.073140 0.921150 0.111068 1.143689 0.870700 0.029655 0.327422 -0.085111 0.000000 0.000000 0.000000 1.000000
0.441451 0.121315 -0.810313 -0.045856 -0.081990 0.922362 0.093422 1.154966 0.815231 0.027073 0.448183 -0.101462 0.000000 0.000000 0.000000 1.000000
0.552698 0.103551 -0.741623 -0.041481 -0.084534 0.924494 0.066086 1.158342 0.744031 0.028115 0.558418 -0.116991 0.000000 0.000000 0.000000 1.000000
0.636736 0.070479 -0.675132 -0.041889 -0.087652 0.926457 0.014048 1.154938 0.673118 0.053972 0.640470 -0.127913 0.000000 0.000000 0.000000 1.000000
0.710433 0.040072 -0.599902 -0.045284 -0.087915 0.925573 -0.042287 1.140941 0.594776 0.088947 0.710304 -0.136755 0.000000 0.000000 0.000000 1.000000
0.789172 0.027092 -0.492622 -0.048810 -0.087461 0.922259 -0.089391 1.117314 0.485552 0.122091 0.784561 -0.144680 0.000000 0.000000 0.000000 1.000000
0.866793 0.023470 -0.338113 -0.051412 -0.078141 0.917292 -0.136648 1.073819 0.329796 0.155653 0.856276 -0.154471 0.000000 0.000000 0.000000 1.000000
0.910523 0.018103 -0.191890 -0.050103 -0.054312 0.913137 -0.171563 1.008457 0.184932 0.179041 0.894398 -0.160066 0.000000 0.000000 0.000000 1.000000
0.926869 0.008892 -0.083892 -0.046261 -0.025841 0.910950 -0.188955 0.937166 0.080307 0.190506 0.907447 -0.160164 0.000000 0.000000 0.000000 1.000000
0.930686 -0.003848 -0.003438 -0.041554 0.003040 0.909964 -0.195344 0.863743 0.004169 0.195330 0.909962 -0.156539 0.000000 0.000000 0.000000 1.000000
0.928916 -0.019928 0.054046 -0.038447 0.030826 0.909647 -0.194410 0.795427 -0.048661 0.195827 0.908563 -0.153115 0.000000 0.000000 0.000000 1.000000
0.925377 -0.036988 0.092260 -0.036538 0.055251 0.909519 -0.189538 0.736125 -0.082628 0.193931 0.906513 -0.149918 0.000000 0.000000 0.000000 1.000000
0.922126 -0.052344 0.114656 -0.034820 0.074477 0.909315 -0.183854 0.689672 -0.101681 0.191336 0.905127 -0.146136 0.000000 0.000000 0.000000 1.000000
0.920031 -0.063164 0.125522 -0.033885 0.086980 0.908949 -0.180137 0.661862 -0.110363 0.189802 0.904432 -0.142700 0.000000 0.000000 0.000000 1.000000
0.919693 -0.065995 0.126538 -0.033493 0.090092 0.908476 -0.180989 0.658511 -0.110682 0.191098 0.904120 -0.140784 0.000000 0.000000 0.000000 1.000000
0.921132 -0.064817 0.116266 -0.030770 0.087460 0.907519 -0.186985 0.671681 -0.100348 0.195988 0.904279 -0.140224 0.000000 0.000000 0.000000 1.000000
0.922243 -0.065864 0.106455 -0.029970 0.087208 0.905843 -0.195053 0.688377 -0.089808 0.203256 0.903783 -0.140167 0.000000 0.000000 0.000000 1.000000
0.923325 -0.065019 0.097186 -0.029638 0.084974 0.904492 -0.202179 0.709095 -0.080325 0.209450 0.903261 -0.140515 0.000000 0.000000 0.000000 1.000000
0.924664 -0.061896 0.085837 -0.029083 0.079750 0.903789 -0.207384 0.733912 -0.069562 0.213394 0.903231 -0.141485 0.000000 0.000000 0.000000 1.000000
0.926140 -0.056811 0.072387 -0.028823 0.072166 0.902675 -0.214879 0.762057 -0.057091 0.219439 0.902657 -0.142338 0.000000 0.000000 0.000000 1.000000
0.927158 -0.050099 0.063796 -0.028895 0.063839 0.902254 -0.219235 0.792973 -0.050044 0.222777 0.902258 -0.142332 0.000000 0.000000 0.000000 1.000000
0.927942 -0.045835 0.055005 -0.029223 0.057571 0.902731 -0.219009 0.826817 -0.042566 0.221762 0.902891 -0.141822 0.000000 0.000000 0.000000 1.000000
0.928659 -0.042769 0.044342 -0.029324 0.051857 0.904322 -0.213811 0.862432 -0.033260 0.215813 0.904721 -0.140373 0.000000 0.000000 0.000000 1.000000
0.929265 -0.041093 0.031308 -0.027541 0.047308 0.903497 -0.218305 0.899264 -0.020755 0.219560 0.904193 -0.136543 0.000000 0.000000 0.000000 1.000000
0.929773 -0.040788 0.007775 -0.023879 0.041489 0.905644 -0.210452 0.939143 0.001657 0.210589 0.906560 -0.132391 0.000000 0.000000 0.000000 1.000000
0.929349 -0.039317 -0.031113 -0.018248 0.031726 0.908355 -0.200219 0.980334 0.038824 0.198867 0.908376 -0.126431 0.000000 0.000000 0.000000 1.000000
0.925527 -0.040597 -0.089190 -0.008614 0.022720 0.912893 -0.179757 1.023032 0.095325 0.176580 0.908810 -0.118680 0.000000 0.000000 0.000000 1.000000
0.913717 -0.043225 -0.171624 0.004279 0.013394 0.916816 -0.159599 1.064515 0.176476 0.154216 0.900709 -0.109661 0.000000 0.000000 0.000000 1.000000
0.890020 -0.047023 -0.268060 0.017131 0.006169 0.919953 -0.140893 1.094610 0.272083 0.132958 0.880054 -0.098958 0.000000 0.000000 0.000000 1.000000
0.851358 -0.053043 -0.372262 0.027871 0.003674 0.922523 -0.123046 1.116005 0.376004 0.111086 0.844087 -0.087674 0.000000 0.000000 0.000000 1.000000
0.795231 -0.056395 -0.480239 0.038160 0.002992 0.924905 -0.103659 1.133111 0.483530 0.087027 0.790460 -0.074229 0.000000 0.000000 0.000000 1.000000
0.724637 -0.054138 -0.581526 0.047712 0.000793 0.926783 -0.085292 1.146070 0.584040 0.065912 0.721634 -0.057066 0.000000 0.000000 0.000000 1.000000
0.640081 -0.050527 -0.673755 0.054893 0.003432 0.928325 -0.066357 1.153282 0.675638 0.043152 0.638634 -0.038280 0.000000 0.000000 0.000000 1.000000
0.544282 -0.046255 -0.753538 0.059848 0.014050 0.929411 -0.046903 1.158837 0.754826 0.016053 0.544227 -0.016588 0.000000 0.000000 0.000000 1.000000
0.451780 -0.035738 -0.812908 0.059419 0.033133 0.929839 -0.022465 1.159790 0.813019 -0.018034 0.452634 0.002748 0.000000 0.000000 0.000000 1.000000
0.376525 -0.016902 -0.850968 0.055724 0.049459 0.929379 0.003424 1.156200 0.849697 -0.046607 0.376888 0.017999 0.000000 0.000000 0.000000 1.000000
0.323801 -0.004491 -0.872545 0.050086 0.065113 0.928217 0.019385 1.150433 0.870124 -0.067789 0.323251 0.027968 0.000000 0.000000 0.000000 1.000000
0.281039 -0.002361 -0.887251 0.043896 0.080957 0.926883 0.023177 1.143662 0.883553 -0.084176 0.280092 0.034583 0.000000 0.000000 0.000000 1.000000
0.240703 0.002696 -0.899031 0.039754 0.089796 0.925970 0.026819 1.135311 0.894540 -0.093677 0.239220 0.038525 0.000000 0.000000 0.000000 1.000000
0.210729 0.013258 -0.906432 0.038050 0.091323 0.925556 0.034769 1.126110 0.901918 -0.096814 0.208264 0.039664 0.000000 0.000000 0.000000 1.000000
0.204231 0.018302 -0.907831 0.036755 0.088147 0.925716 0.038493 1.118177 0.903727 -0.094428 0.201404 0.037670 0.000000 0.000000 0.000000 1.000000
0.221118 0.011538 -0.903978 0.035931 0.084668 0.926270 0.032532 1.111322 0.900078 -0.089966 0.219016 0.032521 0.000000 0.000000 0.000000 1.000000
0.253438 0.004063 -0.895520 0.035818 0.080931 0.926778 0.027109 1.105364 0.891864 -0.085254 0.252017 0.026218 0.000000 0.000000 0.000000 1.000000
0.292981 -0.002008 -0.883380 0.035157 0.078838 0.927043 0.024040 1.099902 0.879858 -0.082397 0.292000 0.019262 0.000000 0.000000 0.000000 1.000000
0.326883 -0.007853 -0.871372 0.034940 0.078880 0.927108 0.021236 1.095562 0.867829 -0.081311 0.326287 0.012237 0.000000 0.000000 0.000000 1.000000
0.345701 -0.011179 -0.864042 0.035374 0.080503 0.926991 0.020216 1.091552 0.860356 -0.082246 0.345290 0.007161 0.000000 0.000000 0.000000 1.000000
0.361821 -0.013146 -0.857388 0.035638 0.080361 0.927015 0.019699 1.088055 0.853715 -0.081690 0.361524 0.003471 0.000000 0.000000 0.000000 1.000000
0.381664 -0.015361 -0.848704 0.035795 0.078784 0.927172 0.018648 1.085523 0.845179 -0.079490 0.381518 0.000164 0.000000 0.000000 0.000000 1.000000
0.397611 -0.020552 -0.841241 0.035989 0.078295 0.927290 0.014351 1.083427 0.837841 -0.076900 0.397883 -0.002652 0.000000 0.000000 0.000000 1.000000
0.408197 -0.023709 -0.836071 0.036581 0.077108 0.927431 0.011347 1.081171 0.832846 -0.074245 0.408728 -0.004876 0.000000 0.000000 0.000000 1.000000
0.415636 -0.027255 -0.832290 0.037293 0.076219 0.927542 0.007689 1.078651 0.829241 -0.071593 0.416457 -0.006526 0.000000 0.000000 0.000000 1.000000
0.422088 -0.032247 -0.828857 0.037609 0.075169 0.927657 0.002188 1.076377 0.826072 -0.067936 0.423312 -0.008065 0.000000 0.000000 0.000000 1.000000
0.427036 -0.036570 -0.826139 0.037867 0.072638 0.927854 -0.003526 1.074252 0.823752 -0.062860 0.428584 -0.009378 0.000000 0.000000 0.000000 1.000000
0.430782 -0.040403 -0.824013 0.038011 0.069668 0.928044 -0.009082 1.072196 0.822056 -0.057478 0.432577 -0.010428 0.000000 0.000000 0.000000 1.000000
0.435606 -0.044266 -0.821273 0.037746 0.066749 0.928188 -0.014625 1.070464 0.819752 -0.052056 0.437606 -0.011462 0.000000 0.000000 0.000000 1.000000
0.442204 -0.047513 -0.817558 0.037046 0.065809 0.928189 -0.018347 1.069356 0.816289 -0.049092 0.444371 -0.012696 0.000000 0.000000 0.000000 1.000000
0.451122 -0.049863 -0.812530 0.035709 0.065138 0.928185 -0.020796 1.068636 0.811448 -0.046787 0.453393 -0.014631 0.000000 0.000000 0.000000 1.000000
0.461024 -0.051792 -0.806831 0.034103 0.064560 0.928181 -0.022692 1.068051 0.805910 -0.044727 0.463369 -0.016873 0.000000 0.000000 0.000000 1.000000
0.470716 -0.053290 -0.801117 0.032453 0.064092 0.928178 -0.024083 1.067602 0.800326 -0.042988 0.473110 -0.019131 0.000000 0.000000 0.000000 1.000000
0.479041 -0.054356 -0.796095 0.030989 0.063741 0.928178 -0.025019 1.067278 0.795399 -0.041644 0.481465 -0.021105 0.000000 0.000000 0.000000 1.000000
0.484860 -0.054993 -0.792521 0.029942 0.063519 0.928178 -0.025546 1.067011 0.791883 -0.040779 0.487299 -0.022507 0.000000 0.000000 0.000000 1.000000
0.487056 -0.055206 -0.791158 0.029531 0.063440 0.928179 -0.025712 1.066809 0.790540 -0.040473 0.489500 -0.023036 0.000000 0.000000 0.000000 1.000000</float_array><technique_common><accessor source="#mixamorig_Hips-Matrix-animation-output-transform-array" count="90" stride="16"><param type="float4x4"/></accessor></technique_common></source><source id="mixamorig_Hips-Interpolations"><Name_array id="mixamorig_Hips-Interpolations-array" count="90">
 LINEAR LINEAR LINEAR LINEAR LINEAR LINEAR LINEAR LINEAR LINEAR LINEAR LINEAR
LINEAR LINEAR LINEAR LINEAR LINEAR LINEAR LINEAR LINEAR LINEAR LINEAR LINEAR LINEAR
LINEAR LINEAR LINEAR LINEAR LINEAR LINEAR LINEAR LINEAR LINEAR LINEAR LINEAR LINEAR
LINEAR LINEAR LINEAR LINEAR LINEAR LINEAR LINEAR LINEAR LINEAR LINEAR LINEAR LINEAR
LINEAR LINEAR LINEAR LINEAR LINEAR LINEAR LINEAR LINEAR LINEAR LINEAR LINEAR LINEAR
LINEAR LINEAR LINEAR LINEAR LINEAR LINEAR LINEAR LINEAR LINEAR LINEAR LINEAR LINEAR
LINEAR LINEAR LINEAR LINEAR LINEAR LINEAR LINEAR LINEAR LINEAR LINEAR LINEAR LINEAR
LINEAR LINEAR LINEAR LINEAR LINEAR LINEAR LINEAR</Name_array><technique_common><accessor source="#mixamorig_Hips-Interpolations-array" count="90"><param type="name"/></accessor></technique_common></source><sampler id="mixamorig_Hips-Matrix-animation-transform"><input semantic="INPUT" source="#mixamorig_Hips-Matrix-animation-input"/><input semantic="OUTPUT" source="#mixamorig_Hips-Matrix-animation-output-transform"/><input semantic="INTERPOLATION" source="#mixamorig_Hips-Interpolations"/></sampler><channel source="#mixamorig_Hips-Matrix-animation-transform" target="mixamorig_Hips/matrix"/></animation>
    <animation id="mixamorig_Spine-anim" name="mixamorig_Spine"><source id="mixamorig_Spine-Matrix-animation-input"><float_array id="mixamorig_Spine-Matrix-animation-input-array" count="90">

0.000000 0.033333 0.066667 0.100000 0.133333 0.166667 0.200000 0.233333 0.266667 0.300000 0.333333 0.366667 0.400000 0.433333 0.466667 0.500000
0.533333 0.566667 0.600000 0.633333 0.666667 0.700000 0.733333 0.766667 0.800000 0.833333 0.866667 0.900000 0.933333 0.966667 1.000000 1.033333
1.066667 1.100000 1.133333 1.166667 1.200000 1.233333 1.266667 1.300000 1.333333 1.366667 1.400000 1.433333 1.466667 1.500000 1.533333 1.566667
1.600000 1.633333 1.666667 1.700000 1.733333 1.766667 1.800000 1.833333 1.866667 1.900000 1.933333 1.966667 2.000000 2.033333 2.066667 2.100000
2.133333 2.166667 2.200000 2.233333 2.266667 2.300000 2.333333 2.366667 2.400000 2.433333 2.466667 2.500000 2.533333 2.566667 2.600000 2.633333
2.666667 2.700000 2.733333 2.766667 2.800000 2.833333 2.866667 2.900000 2.933333 2.966667</float_array><technique_common><accessor source="#mixamorig_Spine-Matrix-animation-input-array" count="90"><param name="TIME" type="float"/></accessor></technique_common></source><source id="mixamorig_Spine-Matrix-animation-output-transform"><float_array id="mixamorig_Spine-Matrix-animation-output-transform-array" count="1440">

0.998899 0.046709 0.004269 0.000000 -0.045672 0.989358 -0.138150 0.211200 -0.010676 0.137803 0.990402 -0.012000 0.000000 0.000000 0.000000 1.000000
0.999136 0.040210 0.010534 0.000000 -0.038366 0.989614 -0.138536 0.211200 -0.015995 0.138013 0.990301 -0.012000 0.000000 0.000000 0.000000 1.000000
0.999345 0.027085 0.024006 0.000000 -0.023509 0.990094 -0.138422 0.211200 -0.027517 0.137767 0.990082 -0.012000 0.000000 0.000000 0.000000 1.000000
0.999209 0.013779 0.037301 0.000000 -0.008571 0.990625 -0.136339 0.211200 -0.038830 0.135911 0.989960 -0.012000 0.000000 0.000000 0.000000 1.000000
0.998847 0.003261 0.047890 0.000000 0.003009 0.991472 -0.130283 0.211200 -0.047907 0.130277 0.990320 -0.012000 0.000000 0.000000 0.000000 1.000000
0.998371 -0.003470 0.056945 -0.000000 0.010582 0.992091 -0.125072 0.211200 -0.056060 0.125471 0.990512 -0.012000 0.000000 0.000000 0.000000 1.000000
0.997884 -0.009593 0.064313 0.000000 0.017306 0.992566 -0.120471 0.211200 -0.062679 0.121329 0.990631 -0.012000 0.000000 0.000000 0.000000 1.000000
0.997412 -0.012908 0.070736 -0.000000 0.021112 0.992967 -0.116491 0.211200 -0.068735 0.117683 0.990670 -0.012000 0.000000 0.000000 0.000000 1.000000
0.997110 -0.014713 0.074535 0.000000 0.023203 0.993168 -0.114366 0.211200 -0.072343 0.115765 0.990639 -0.012000 0.000000 0.000000 0.000000 1.000000
0.997128 -0.019182 0.073263 0.000000 0.027708 0.992722 -0.117195 0.211200 -0.070482 0.118888 0.990403 -0.012000 0.000000 0.000000 0.000000 1.000000
0.997603 -0.025531 0.064321 -0.000000 0.033048 0.992385 -0.118657 0.211200 -0.060802 0.120499 0.990850 -0.012000 0.000000 0.000000 0.000000 1.000000
0.998388 -0.028720 0.048953 0.000000 0.034377 0.992307 -0.118935 0.211200 -0.045160 0.120426 0.991695 -0.012000 0.000000 0.000000 0.000000 1.000000
0.999078 -0.029594 0.031109 0.000000 0.033026 0.992664 -0.116304 0.211200 -0.027438 0.117224 0.992726 -0.012000 0.000000 0.000000 0.000000 1.000000
0.999429 -0.030334 0.014900 0.000000 0.031829 0.993064 -0.113182 0.211200 -0.011363 0.113592 0.993463 -0.012000 0.000000 0.000000 0.000000 1.000000
0.999494 -0.031792 0.000160 0.000000 0.031615 0.993382 -0.110418 0.211200 0.003352 0.110368 0.993885 -0.012000 0.000000 0.000000 0.000000 1.000000
0.999388 -0.032288 -0.013434 0.000000 0.030664 0.993756 -0.107277 0.211200 0.016814 0.106799 0.994138 -0.012000 0.000000 0.000000 0.000000 1.000000
0.999159 -0.030818 -0.027057 0.000000 0.027810 0.994055 -0.105267 0.211200 0.030140 0.104426 0.994076 -0.012000 0.000000 0.000000 0.000000 1.000000
0.998751 -0.028937 -0.040727 0.000000 0.024603 0.994359 -0.103177 0.211200 0.043483 0.102046 0.993829 -0.012000 0.000000 0.000000 0.000000 1.000000
0.998173 -0.026916 -0.054094 0.000000 0.021359 0.994677 -0.100800 0.211200 0.056520 0.099460 0.993435 -0.012000 0.000000 0.000000 0.000000 1.000000
0.997416 -0.025248 -0.067257 -0.000000 0.018581 0.995016 -0.097965 0.211200 0.069395 0.096463 0.992915 -0.012000 0.000000 0.000000 0.000000 1.000000
0.996493 -0.024062 -0.080140 0.000000 0.016441 0.995396 -0.094428 0.211200 0.082043 0.092779 0.992301 -0.012000 0.000000 0.000000 0.000000 1.000000
0.995475 -0.022452 -0.092328 0.000000 0.014101 0.995831 -0.090126 0.211200 0.093967 0.088416 0.991641 -0.012000 0.000000 0.000000 0.000000 1.000000
0.994758 -0.020737 -0.100131 0.000000 0.012204 0.996299 -0.085086 0.211200 0.101525 0.083418 0.991329 -0.012000 0.000000 0.000000 0.000000 1.000000
0.994384 -0.021193 -0.103690 0.000000 0.012855 0.996678 -0.080424 0.211200 0.105050 0.078639 0.991353 -0.012000 0.000000 0.000000 0.000000 1.000000
0.994006 -0.020496 -0.107386 0.000000 0.012519 0.997147 -0.074434 0.211200 0.108606 0.072644 0.991427 -0.012000 0.000000 0.000000 0.000000 1.000000
0.994122 -0.019126 -0.106562 0.000000 0.011647 0.997453 -0.070368 0.211200 0.107636 0.068713 0.991813 -0.012000 0.000000 0.000000 0.000000 1.000000
0.994830 -0.016318 -0.100239 0.000000 0.009754 0.997796 -0.065634 0.211200 0.101089 0.064316 0.992796 -0.012000 0.000000 0.000000 0.000000 1.000000
0.995822 -0.016196 -0.089872 0.000000 0.010718 0.998074 -0.061106 0.211200 0.090689 0.059887 0.994077 -0.012000 0.000000 0.000000 0.000000 1.000000
0.996847 -0.020241 -0.076728 0.000000 0.015530 0.997986 -0.061501 0.211200 0.077819 0.060115 0.995153 -0.012000 0.000000 0.000000 0.000000 1.000000
0.997684 -0.022531 -0.064175 0.000000 0.018405 0.997769 -0.064175 0.211200 0.065478 0.062846 0.995873 -0.012000 0.000000 0.000000 0.000000 1.000000
0.998305 -0.022696 -0.053583 0.000000 0.018904 0.997351 -0.070241 0.211200 0.055035 0.069109 0.996090 -0.012000 0.000000 0.000000 0.000000 1.000000
0.998892 -0.021581 -0.041812 0.000000 0.018670 0.997456 -0.068792 0.211200 0.043191 0.067936 0.996754 -0.012000 0.000000 0.000000 0.000000 1.000000
0.999358 -0.014817 -0.032619 0.000000 0.012686 0.997832 -0.064573 0.211200 0.033505 0.064118 0.997380 -0.012000 0.000000 0.000000 0.000000 1.000000
0.999601 -0.011076 -0.025974 0.000000 0.009302 0.997679 -0.067448 0.211200 0.026661 0.067180 0.997385 -0.012000 0.000000 0.000000 0.000000 1.000000
0.999714 -0.008252 -0.022426 -0.000000 0.006386 0.996607 -0.082054 0.211200 0.023027 0.081888 0.996376 -0.012000 0.000000 0.000000 0.000000 1.000000
0.999765 -0.008102 -0.020082 0.000000 0.005853 0.993958 -0.109602 0.211200 0.020849 0.109458 0.993773 -0.012000 0.000000 0.000000 0.000000 1.000000
0.999811 -0.008787 -0.017352 0.000000 0.006226 0.989775 -0.142498 0.211200 0.018427 0.142363 0.989643 -0.012000 0.000000 0.000000 0.000000 1.000000
0.999853 -0.009394 -0.014341 0.000000 0.006692 0.984006 -0.178012 0.211200 0.015784 0.177889 0.983924 -0.012000 0.000000 0.000000 0.000000 1.000000
0.999881 -0.008832 -0.012647 0.000000 0.005931 0.976955 -0.213364 0.211200 0.014240 0.213263 0.976891 -0.012000 0.000000 0.000000 0.000000 1.000000
0.999903 -0.007272 -0.011875 0.000000 0.004133 0.969361 -0.245604 0.211200 0.013297 0.245531 0.969298 -0.012000 0.000000 0.000000 0.000000 1.000000
0.999928 -0.004663 -0.011081 0.000000 0.001478 0.962411 -0.271592 0.211200 0.011931 0.271556 0.962349 -0.012000 0.000000 0.000000 0.000000 1.000000
0.999946 -0.001457 -0.010260 0.000000 -0.001564 0.957519 -0.288365 0.211200 0.010245 0.288366 0.957465 -0.012000 0.000000 0.000000 0.000000 1.000000
0.999949 0.000837 -0.010048 -0.000000 -0.003748 0.956007 -0.293321 0.211200 0.009361 0.293344 0.955961 -0.012000 0.000000 0.000000 0.000000 1.000000
0.999940 0.002927 -0.010526 0.000000 -0.005856 0.956945 -0.290209 0.211200 0.009223 0.290253 0.956905 -0.012000 0.000000 0.000000 0.000000 1.000000
0.999923 0.007312 -0.010049 -0.000000 -0.009869 0.958633 -0.284474 0.211200 0.007553 0.284551 0.958631 -0.012000 0.000000 0.000000 0.000000 1.000000
0.999898 0.010896 -0.009266 -0.000000 -0.013040 0.960617 -0.277568 0.211200 0.005876 0.277661 0.960661 -0.012000 0.000000 0.000000 0.000000 1.000000
0.999878 0.013899 -0.007120 -0.000000 -0.015304 0.962862 -0.269562 0.211200 0.003109 0.269638 0.962957 -0.012000 0.000000 0.000000 0.000000 1.000000
0.999852 0.016773 -0.003849 0.000000 -0.017198 0.965896 -0.258359 0.211200 -0.000616 0.258387 0.966041 -0.012000 0.000000 0.000000 0.000000 1.000000
0.999829 0.018478 -0.000963 0.000000 -0.018147 0.969087 -0.246052 0.211200 -0.003613 0.246027 0.969256 -0.012000 0.000000 0.000000 0.000000 1.000000
0.999778 0.020970 0.001988 -0.000000 -0.019931 0.972304 -0.232870 0.211200 -0.006816 0.232779 0.972506 -0.012000 0.000000 0.000000 0.000000 1.000000
0.999708 0.023758 0.004356 0.000000 -0.022226 0.975410 -0.219276 0.211200 -0.009458 0.219115 0.975653 -0.012000 0.000000 0.000000 0.000000 1.000000
0.999670 0.024902 0.006254 0.000000 -0.023165 0.979811 -0.198581 0.211200 -0.011072 0.198370 0.980065 -0.012000 0.000000 0.000000 0.000000 1.000000
0.999623 0.026218 0.008133 -0.000000 -0.024304 0.983046 -0.181743 0.211200 -0.012760 0.181477 0.983312 -0.012000 0.000000 0.000000 0.000000 1.000000
0.999602 0.026142 0.010580 -0.000000 -0.024043 0.986035 -0.164796 0.211200 -0.014741 0.164476 0.986271 -0.012000 0.000000 0.000000 0.000000 1.000000
0.999586 0.026017 0.012297 0.000000 -0.023823 0.987862 -0.153494 0.211200 -0.016141 0.153138 0.988073 -0.012000 0.000000 0.000000 0.000000 1.000000
0.999539 0.026194 0.015333 0.000000 -0.023728 0.989382 -0.143388 0.211200 -0.018926 0.142958 0.989548 -0.012000 0.000000 0.000000 0.000000 1.000000
0.999512 0.026475 0.016586 -0.000000 -0.024029 0.990764 -0.133454 0.211200 -0.019966 0.132990 0.990916 -0.012000 0.000000 0.000000 0.000000 1.000000
0.999483 0.026416 0.018327 0.000000 -0.023930 0.991911 -0.124662 0.211200 -0.021472 0.124159 0.992030 -0.012000 0.000000 0.000000 0.000000 1.000000
0.999482 0.024973 0.020292 -0.000000 -0.022420 0.992811 -0.117571 0.211200 -0.023082 0.117056 0.992857 -0.012000 0.000000 0.000000 0.000000 1.000000
0.999561 0.020453 0.021440 0.000000 -0.017964 0.993720 -0.110447 0.211200 -0.023564 0.110013 0.993651 -0.012000 0.000000 0.000000 0.000000 1.000000
0.999621 0.016661 0.021895 0.000000 -0.014277 0.994385 -0.104857 0.211200 -0.023520 0.104504 0.994246 -0.012000 0.000000 0.000000 0.000000 1.000000
0.999632 0.014493 0.022945 0.000000 -0.012153 0.995013 -0.099007 0.211200 -0.024265 0.098692 0.994822 -0.012000 0.000000 0.000000 0.000000 1.000000
0.999647 0.013571 0.022842 0.000000 -0.011338 0.995394 -0.095191 0.211200 -0.024028 0.094898 0.995197 -0.012000 0.000000 0.000000 0.000000 1.000000
0.999731 0.010511 0.020694 -0.000000 -0.008514 0.995506 -0.094311 0.211200 -0.021592 0.094109 0.995328 -0.012000 0.000000 0.000000 0.000000 1.000000
0.999817 0.008144 0.017312 0.000000 -0.006511 0.995703 -0.092379 0.211200 -0.017990 0.092249 0.995573 -0.012000 0.000000 0.000000 0.000000 1.000000
0.999840 0.008784 0.015580 0.000000 -0.007377 0.996081 -0.088133 0.211200 -0.016294 0.088004 0.995987 -0.012000 0.000000 0.000000 0.000000 1.000000
0.999821 0.009920 0.016107 0.000000 -0.008478 0.996150 -0.087255 0.211200 -0.016910 0.087103 0.996056 -0.012000 0.000000 0.000000 0.000000 1.000000
0.999805 0.011078 0.016347 -0.000000 -0.009534 0.995743 -0.091678 0.211200 -0.017293 0.091504 0.995655 -0.012000 0.000000 0.000000 0.000000 1.000000
0.999810 0.012401 0.015065 -0.000000 -0.010912 0.995403 -0.095156 0.211200 -0.016176 0.094974 0.995348 -0.012000 0.000000 0.000000 0.000000 1.000000
0.999834 0.014022 0.011642 0.000000 -0.012857 0.995423 -0.094696 0.211200 -0.012916 0.094531 0.995438 -0.012000 0.000000 0.000000 0.000000 1.000000
0.999865 0.015386 0.005760 0.000000 -0.014765 0.995307 -0.095633 0.211200 -0.007205 0.095535 0.995400 -0.012000 0.000000 0.000000 0.000000 1.000000
0.999862 0.016598 -0.000069 0.000000 -0.016525 0.995083 -0.097658 0.211200 -0.001552 0.097646 0.995220 -0.012000 0.000000 0.000000 0.000000 1.000000
0.999814 0.018894 -0.003846 0.000000 -0.019185 0.994770 -0.100326 0.211200 0.001930 0.100381 0.994947 -0.012000 0.000000 0.000000 0.000000 1.000000
0.999742 0.022140 -0.005160 0.000000 -0.022555 0.994371 -0.103530 0.211200 0.002838 0.103620 0.994613 -0.012000 0.000000 0.000000 0.000000 1.000000
0.999673 0.024496 -0.007287 0.000000 -0.025136 0.993929 -0.107110 0.211200 0.004619 0.107258 0.994221 -0.012000 0.000000 0.000000 0.000000 1.000000
0.999616 0.026066 -0.009392 0.000000 -0.026948 0.993467 -0.110890 0.211200 0.006440 0.111101 0.993788 -0.012000 0.000000 0.000000 0.000000 1.000000
0.999560 0.028036 -0.009681 0.000000 -0.028955 0.993110 -0.113555 0.211200 0.006431 0.113785 0.993485 -0.012000 0.000000 0.000000 0.000000 1.000000
0.999502 0.030311 -0.008781 0.000000 -0.031130 0.992662 -0.116846 0.211200 0.005175 0.117061 0.993111 -0.012000 0.000000 0.000000 0.000000 1.000000
0.999432 0.032800 -0.007725 0.000000 -0.033490 0.992222 -0.119893 0.211200 0.003733 0.120084 0.992757 -0.012000 0.000000 0.000000 0.000000 1.000000
0.999350 0.035344 -0.007051 0.000000 -0.035942 0.991829 -0.122408 0.211200 0.002667 0.122581 0.992455 -0.012000 0.000000 0.000000 0.000000 1.000000
0.999300 0.036975 -0.005642 0.000000 -0.037390 0.991473 -0.124836 0.211200 0.000978 0.124960 0.992161 -0.012000 0.000000 0.000000 0.000000 1.000000
0.999257 0.038360 -0.003809 -0.000000 -0.038533 0.991127 -0.127208 0.211200 -0.001105 0.127260 0.991869 -0.012000 0.000000 0.000000 0.000000 1.000000
0.999222 0.039393 -0.001891 0.000000 -0.039308 0.990868 -0.128978 0.211200 -0.003207 0.128952 0.991646 -0.012000 0.000000 0.000000 0.000000 1.000000
0.999171 0.040713 -0.000147 -0.000000 -0.040382 0.990592 -0.130758 0.211200 -0.005178 0.130655 0.991414 -0.012000 0.000000 0.000000 0.000000 1.000000
0.999112 0.042127 0.001168 0.000000 -0.041600 0.990296 -0.132599 0.211200 -0.006743 0.132432 0.991169 -0.012000 0.000000 0.000000 0.000000 1.000000
0.999050 0.043510 0.002257 -0.000000 -0.042813 0.990010 -0.134339 0.211200 -0.008080 0.134115 0.990933 -0.012000 0.000000 0.000000 0.000000 1.000000
0.998993 0.044765 0.003126 -0.000000 -0.043925 0.989752 -0.135870 0.211200 -0.009176 0.135596 0.990722 -0.012000 0.000000 0.000000 0.000000 1.000000
0.998944 0.045782 0.003757 0.000000 -0.044835 0.989545 -0.137080 0.211200 -0.009994 0.136767 0.990553 -0.012000 0.000000 0.000000 0.000000 1.000000
0.998911 0.046462 0.004143 0.000000 -0.045449 0.989407 -0.137871 0.211200 -0.010505 0.137532 0.990442 -0.012000 0.000000 0.000000 0.000000 1.000000
0.998899 0.046708 0.004268 0.000000 -0.045672 0.989358 -0.138151 0.211200 -0.010676 0.137804 0.990402 -0.012000 0.000000 0.000000 0.000000 1.000000</float_array><technique_common><accessor source="#mixamorig_Spine-Matrix-animation-output-transform-array" count="90" stride="16"><param type="float4x4"/></accessor></technique_common></source><source id="mixamorig_Spine-Interpolations"><Name_array id="mixamorig_Spine-Interpolations-array" count="90">
 LINEAR LINEAR LINEAR LINEAR LINEAR LINEAR LINEAR LINEAR LINEAR LINEAR LINEAR
LINEAR LINEAR LINEAR LINEAR LINEAR LINEAR LINEAR LINEAR LINEAR LINEAR LINEAR LINEAR
LINEAR LINEAR LINEAR LINEAR LINEAR LINEAR LINEAR LINEAR LINEAR LINEAR LINEAR LINEAR
LINEAR LINEAR LINEAR LINEAR LINEAR LINEAR LINEAR LINEAR LINEAR LINEAR LINEAR LINEAR
LINEAR LINEAR LINEAR LINEAR LINEAR LINEAR LINEAR LINEAR LINEAR LINEAR LINEAR LINEAR
LINEAR LINEAR LINEAR LINEAR LINEAR LINEAR LINEAR LINEAR LINEAR LINEAR LINEAR LINEAR
LINEAR LINEAR LINEAR LINEAR LINEAR LINEAR LINEAR LINEAR LINEAR LINEAR LINEAR LINEAR
LINEAR LINEAR LINEAR LINEAR LINEAR LINEAR LINEAR</Name_array><technique_common><accessor source="#mixamorig_Spine-Interpolations-array" count="90"><param type="name"/></accessor></technique_common></source><sampler id="mixamorig_Spine-Matrix-animation-transform"><input semantic="INPUT" source="#mixamorig_Spine-Matrix-animation-input"/><input semantic="OUTPUT" source="#mixamorig_Spine-Matrix-animation-output-transform"/><input semantic="INTERPOLATION" source="#mixamorig_Spine-Interpolations"/></sampler><channel source="#mixamorig_Spine-Matrix-animation-transform" target="mixamorig_Spine/matrix"/></animation>
    <animation id="mixamorig_Spine1-anim" name="mixamorig_Spine1"><source id="mixamorig_Spine1-Matrix-animation-input"><float_array id="mixamorig_Spine1-Matrix-animation-input-array" count="90">

0.000000 0.033333 0.066667 0.100000 0.133333 0.166667 0.200000 0.233333 0.266667 0.300000 0.333333 0.366667 0.400000 0.433333 0.466667 0.500000
0.533333 0.566667 0.600000 0.633333 0.666667 0.700000 0.733333 0.766667 0.800000 0.833333 0.866667 0.900000 0.933333 0.966667 1.000000 1.033333
1.066667 1.100000 1.133333 1.166667 1.200000 1.233333 1.266667 1.300000 1.333333 1.366667 1.400000 1.433333 1.466667 1.500000 1.533333 1.566667
1.600000 1.633333 1.666667 1.700000 1.733333 1.766667 1.800000 1.833333 1.866667 1.900000 1.933333 1.966667 2.000000 2.033333 2.066667 2.100000
2.133333 2.166667 2.200000 2.233333 2.266667 2.300000 2.333333 2.366667 2.400000 2.433333 2.466667 2.500000 2.533333 2.566667 2.600000 2.633333
2.666667 2.700000 2.733333 2.766667 2.800000 2.833333 2.866667 2.900000 2.933333 2.966667</float_array><technique_common><accessor source="#mixamorig_Spine1-Matrix-animation-input-array" count="90"><param name="TIME" type="float"/></accessor></technique_common></source><source id="mixamorig_Spine1-Matrix-animation-output-transform"><float_array id="mixamorig_Spine1-Matrix-animation-output-transform-array" count="1440">

0.995240 0.097265 0.006016 -0.000000 -0.095331 0.984540 -0.146944 0.246700 -0.020215 0.145671 0.989126 0.000000 0.000000 0.000000 0.000000 1.000000
0.996072 0.086707 0.017978 0.000000 -0.083115 0.985492 -0.147981 0.246700 -0.030548 0.145905 0.988827 -0.000000 0.000000 0.000000 0.000000 1.000000
0.997027 0.063198 0.044080 0.000000 -0.056037 0.987378 -0.148137 0.246700 -0.052886 0.145226 0.987984 0.000000 0.000000 0.000000 0.000000 1.000000
0.996799 0.039193 0.069688 0.000000 -0.028821 0.989150 -0.144057 0.246700 -0.074578 0.141587 0.987113 0.000000 0.000000 0.000000 0.000000 1.000000
0.995766 0.020412 0.089635 0.000000 -0.008450 0.991232 -0.131862 0.246700 -0.091540 0.130547 0.987207 0.000000 0.000000 0.000000 0.000000 1.000000
0.994300 0.008303 0.106298 0.000000 0.004683 0.992601 -0.121336 0.246700 -0.106519 0.121142 0.986903 -0.000000 0.000000 0.000000 0.000000 1.000000
0.992785 -0.003644 0.119851 0.000000 0.017154 0.993573 -0.111889 0.246700 -0.118673 0.113137 0.986467 0.000000 0.000000 0.000000 0.000000 1.000000
0.991203 -0.010798 0.131907 0.000000 0.024634 0.994302 -0.103717 0.246700 -0.130036 0.106054 0.985821 0.000000 0.000000 0.000000 0.000000 1.000000
0.990009 -0.016844 0.139996 0.000000 0.030937 0.994596 -0.099104 0.246700 -0.137570 0.102445 0.985180 -0.000000 0.000000 0.000000 0.000000 1.000000
0.989762 -0.029792 0.139585 0.000000 0.044574 0.993578 -0.104000 0.246700 -0.135591 0.109157 0.984733 -0.000000 0.000000 0.000000 0.000000 1.000000
0.991042 -0.047423 0.124846 0.000000 0.060869 0.992481 -0.106189 0.246700 -0.118871 0.112837 0.986477 -0.000000 0.000000 0.000000 0.000000 1.000000
0.993460 -0.058996 0.097761 -0.000000 0.069396 0.991872 -0.106645 0.246700 -0.090675 0.112732 0.989479 0.000000 0.000000 0.000000 0.000000 1.000000
0.995442 -0.066864 0.068002 0.000000 0.073585 0.992093 -0.101670 0.246700 -0.060666 0.106210 0.992491 0.000000 0.000000 0.000000 0.000000 1.000000
0.996391 -0.073671 0.042165 0.000000 0.077433 0.992374 -0.095903 0.246700 -0.034778 0.098821 0.994497 0.000000 0.000000 0.000000 0.000000 1.000000
0.996609 -0.080374 0.017645 0.000000 0.081654 0.992496 -0.091015 0.246700 -0.010197 0.092147 0.995693 0.000000 0.000000 0.000000 0.000000 1.000000
0.996467 -0.083682 -0.007133 0.000000 0.082770 0.992894 -0.085504 0.246700 0.014237 0.084612 0.996312 0.000000 0.000000 0.000000 0.000000 1.000000
0.995933 -0.082606 -0.035957 0.000000 0.079424 0.993430 -0.082389 0.246700 0.042527 0.079199 0.995951 0.000000 0.000000 0.000000 0.000000 1.000000
0.994484 -0.079776 -0.068102 0.000000 0.074326 0.994089 -0.079131 0.246700 0.074012 0.073633 0.994535 -0.000000 0.000000 0.000000 0.000000 1.000000
0.991952 -0.075715 -0.101486 0.000000 0.068243 0.994832 -0.075186 0.246700 0.106654 0.067655 0.991992 0.000000 0.000000 0.000000 0.000000 1.000000
0.988453 -0.070446 -0.134156 0.000000 0.061451 0.995649 -0.070051 0.246700 0.138507 0.060998 0.988481 0.000000 0.000000 0.000000 0.000000 1.000000
0.984355 -0.063955 -0.164178 0.000000 0.054220 0.996533 -0.063111 0.246700 0.167645 0.053221 0.984410 0.000000 0.000000 0.000000 0.000000 1.000000
0.980231 -0.056587 -0.189593 0.000000 0.047060 0.997410 -0.054387 0.246700 0.192180 0.044389 0.980355 -0.000000 0.000000 0.000000 0.000000 1.000000
0.977585 -0.048108 -0.204969 -0.000000 0.039951 0.998243 -0.043755 0.246700 0.206714 0.034586 0.977790 0.000000 0.000000 0.000000 0.000000 1.000000
0.976390 -0.044801 -0.211317 0.000000 0.038457 0.998680 -0.034037 0.246700 0.212563 0.025107 0.976825 0.000000 0.000000 0.000000 0.000000 1.000000
0.975136 -0.040727 -0.217833 -0.000000 0.036853 0.999082 -0.021822 0.246700 0.218522 0.013251 0.975742 -0.000000 0.000000 0.000000 0.000000 1.000000
0.975796 -0.037416 -0.215458 0.000000 0.035328 0.999284 -0.013537 0.246700 0.215810 0.005597 0.976419 -0.000000 0.000000 0.000000 0.000000 1.000000
0.978754 -0.032286 -0.202479 -0.000000 0.032185 0.999475 -0.003793 0.246700 0.202495 -0.002804 0.979279 0.000000 0.000000 0.000000 0.000000 1.000000
0.982741 -0.034355 -0.181770 0.000000 0.035887 0.999343 0.005145 0.246700 0.181474 -0.011579 0.983328 -0.000000 0.000000 0.000000 0.000000 1.000000
0.986742 -0.047063 -0.155324 0.000000 0.048254 0.998827 0.003902 0.246700 0.154958 -0.011345 0.987856 -0.000000 0.000000 0.000000 0.000000 1.000000
0.990015 -0.056404 -0.129183 0.000000 0.056683 0.998391 -0.001525 0.246700 0.129061 -0.005813 0.991620 -0.000000 0.000000 0.000000 0.000000 1.000000
0.992625 -0.058942 -0.105934 -0.000000 0.057857 0.998236 -0.013284 0.246700 0.106530 0.007057 0.994284 -0.000000 0.000000 0.000000 0.000000 1.000000
0.995241 -0.054970 -0.080463 0.000000 0.054371 0.998474 -0.009621 0.246700 0.080870 0.005201 0.996711 0.000000 0.000000 0.000000 0.000000 1.000000
0.997400 -0.038746 -0.060759 -0.000000 0.038793 0.999247 -0.000404 0.246700 0.060729 -0.001954 0.998152 -0.000000 0.000000 0.000000 0.000000 1.000000
0.998548 -0.026819 -0.046715 0.000000 0.026584 0.999631 -0.005654 0.246700 0.046850 0.004404 0.998892 0.000000 0.000000 0.000000 0.000000 1.000000
0.999054 -0.016738 -0.040140 0.000000 0.015350 0.999282 -0.034627 0.246700 0.040691 0.033978 0.998594 0.000000 0.000000 0.000000 0.000000 1.000000
0.999222 -0.012445 -0.037430 0.000000 0.009045 0.995931 -0.089669 0.246700 0.038393 0.089261 0.995268 0.000000 0.000000 0.000000 0.000000 1.000000
0.999303 -0.010352 -0.035857 0.000000 0.004659 0.987850 -0.155343 0.246700 0.037030 0.155068 0.987210 0.000000 0.000000 0.000000 0.000000 1.000000
0.999322 -0.009287 -0.035641 0.000000 0.000999 0.974161 -0.225852 0.246700 0.036817 0.225663 0.973509 0.000000 0.000000 0.000000 0.000000 1.000000
0.999291 -0.008621 -0.036650 -0.000000 -0.002591 0.955374 -0.295387 0.246700 0.037561 0.295273 0.954674 0.000000 0.000000 0.000000 0.000000 1.000000
