<?xml version="1.0" encoding="utf-8"?>
<COLLADA xmlns="http://www.collada.org/2005/11/COLLADASchema" version="1.4.1">
  <asset><contributor><author>Mixamo</author><authoring_tool>COLLADA Mixamo exporter</authoring_tool><comments></comments></contributor><created>2020-05-05T16:20:43Z</created><modified>2020-05-05T16:20:43Z</modified><revision></revision><title></title><unit meter="0.010000"/><up_axis>Y_UP</up_axis></asset>
  <library_animations>
    <animation id="mixamorig_Hips-anim" name="mixamorig_Hips"><source id="mixamorig_Hips-Matrix-animation-input"><float_array id="mixamorig_Hips-Matrix-animation-input-array" count="70">

0.000000 0.033333 0.066667 0.100000 0.133333 0.166667 0.200000 0.233333 0.266667 0.300000 0.333333 0.366667 0.400000 0.433333 0.466667 0.500000
0.533333 0.566667 0.600000 0.633333 0.666667 0.700000 0.733333 0.766667 0.800000 0.833333 0.866667 0.900000 0.933333 0.966667 1.000000 1.033333
1.066667 1.100000 1.133333 1.166667 1.200000 1.233333 1.266667 1.300000 1.333333 1.366667 1.400000 1.433333 1.466667 1.500000 1.533333 1.566667
1.600000 1.633333 1.666667 1.700000 1.733333 1.766667 1.800000 1.833333 1.866667 1.900000 1.933333 1.966667 2.000000 2.033333 2.066667 2.100000
2.133333 2.166667 2.200000 2.233333 2.266667 2.300000</float_array><technique_common><accessor source="#mixamorig_Hips-Matrix-animation-input-array" count="70"><param name="TIME" type="float"/></accessor></technique_common></source><source id="mixamorig_Hips-Matrix-animation-output-transform"><float_array id="mixamorig_Hips-Matrix-animation-output-transform-array" count="1120">

0.487056 -0.055206 -0.791158 0.029531 0.063440 0.928179 -0.025712 1.066808 0.790540 -0.040473 0.489500 -0.023036 0.000000 0.000000 0.000000 1.000000
0.487640 -0.055122 -0.790804 0.029853 0.062329 0.928239 -0.026267 1.066486 0.790269 -0.039197 0.490042 -0.023471 0.000000 0.000000 0.000000 1.000000
0.487016 -0.055988 -0.791128 0.030430 0.061867 0.928231 -0.027606 1.066057 0.790690 -0.038143 0.489445 -0.023758 0.000000 0.000000 0.000000 1.000000
0.477859 -0.063896 -0.796097 0.032154 0.066744 0.927666 -0.034393 1.065175 0.795864 -0.039432 0.480883 -0.023147 0.000000 0.000000 0.000000 1.000000
0.452690 -0.077132 -0.809521 0.034883 0.080248 0.926219 -0.043375 1.064261 0.809218 -0.048702 0.457161 -0.019718 0.000000 0.000000 0.000000 1.000000
0.411305 -0.084789 -0.830567 0.038176 0.095532 0.924586 -0.047079 1.062873 0.829400 -0.064448 0.417306 -0.012867 0.000000 0.000000 0.000000 1.000000
0.357393 -0.085810 -0.855049 0.040890 0.110843 0.922916 -0.046291 1.060897 0.852166 -0.084058 0.364624 -0.002623 0.000000 0.000000 0.000000 1.000000
0.297043 -0.084986 -0.877921 0.041971 0.129427 0.920542 -0.045320 1.058006 0.872477 -0.107623 0.305619 0.010308 0.000000 0.000000 0.000000 1.000000
0.241027 -0.082859 -0.895122 0.041889 0.146962 0.917902 -0.045395 1.054167 0.886854 -0.129588 0.250797 0.024289 0.000000 0.000000 0.000000 1.000000
0.199536 -0.083158 -0.905247 0.041382 0.157888 0.915882 -0.049333 1.050513 0.895243 -0.142993 0.210466 0.037965 0.000000 0.000000 0.000000 1.000000
0.175476 -0.090103 -0.909556 0.040731 0.162108 0.914551 -0.059323 1.045983 0.899517 -0.147240 0.188126 0.050651 0.000000 0.000000 0.000000 1.000000
0.168971 -0.101667 -0.909569 0.040264 0.160157 0.913953 -0.072405 1.040261 0.901111 -0.143375 0.183425 0.061550 0.000000 0.000000 0.000000 1.000000
0.180203 -0.112908 -0.906080 0.040126 0.150940 0.914534 -0.083943 1.033962 0.900526 -0.130694 0.195385 0.070315 0.000000 0.000000 0.000000 1.000000
0.209084 -0.121907 -0.898680 0.040553 0.136010 0.916038 -0.092618 1.028261 0.896653 -0.110524 0.223605 0.077190 0.000000 0.000000 0.000000 1.000000
0.253897 -0.130949 -0.885771 0.041549 0.120459 0.917319 -0.101085 1.024142 0.887259 -0.087068 0.267195 0.083445 0.000000 0.000000 0.000000 1.000000
0.312172 -0.137080 -0.866003 0.041926 0.106222 0.918397 -0.107083 1.020771 0.870326 -0.062921 0.323690 0.088786 0.000000 0.000000 0.000000 1.000000
0.390630 -0.135946 -0.833744 0.038963 0.092265 0.919940 -0.106772 1.016089 0.839701 -0.037839 0.399591 0.091030 0.000000 0.000000 0.000000 1.000000
0.497901 -0.126069 -0.776147 0.029796 0.077566 0.922054 -0.100009 1.011272 0.782484 -0.011183 0.503783 0.090037 0.000000 0.000000 0.000000 1.000000
0.629457 -0.102305 -0.677879 0.014356 0.059141 0.924951 -0.084676 1.006099 0.683000 0.014193 0.632070 0.082810 0.000000 0.000000 0.000000 1.000000
0.765863 -0.066591 -0.524616 -0.005958 0.035887 0.927708 -0.065366 1.000641 0.527606 0.033561 0.765969 0.072878 0.000000 0.000000 0.000000 1.000000
0.876191 -0.034133 -0.311973 -0.028303 0.017010 0.928984 -0.053867 0.998579 0.313373 0.045010 0.875199 0.073138 0.000000 0.000000 0.000000 1.000000
0.927891 -0.015294 -0.070620 -0.051281 0.011556 0.929315 -0.049421 0.995292 0.071327 0.048395 0.926700 0.085972 0.000000 0.000000 0.000000 1.000000
0.920278 -0.004289 0.138823 -0.072244 0.011260 0.929498 -0.045933 0.988554 -0.138432 0.047098 0.919141 0.101288 0.000000 0.000000 0.000000 1.000000
0.886786 0.002747 0.282499 -0.087250 0.012649 0.929337 -0.048741 0.983615 -0.282229 0.050281 0.885450 0.108807 0.000000 0.000000 0.000000 1.000000
0.852703 0.005773 0.372918 -0.097526 0.022616 0.928076 -0.066080 0.971369 -0.372276 0.069604 0.850158 0.117207 0.000000 0.000000 0.000000 1.000000
0.818870 0.014314 0.442096 -0.105057 0.032598 0.925730 -0.090352 0.963142 -0.441125 0.094980 0.813996 0.125191 0.000000 0.000000 0.000000 1.000000
0.785644 0.026178 0.498278 -0.110968 0.036121 0.923996 -0.105497 0.958959 -0.497656 0.108394 0.778969 0.133952 0.000000 0.000000 0.000000 1.000000
0.760943 0.032539 0.534893 -0.116122 0.035823 0.923816 -0.107159 0.953065 -0.534683 0.108202 0.754062 0.138975 0.000000 0.000000 0.000000 1.000000
0.739152 0.038079 0.564276 -0.120394 0.033081 0.924087 -0.105694 0.945597 -0.564591 0.103998 0.732546 0.142638 0.000000 0.000000 0.000000 1.000000
0.709586 0.045369 0.600526 -0.123893 0.034392 0.923488 -0.110406 0.938154 -0.601254 0.106368 0.702411 0.145978 0.000000 0.000000 0.000000 1.000000
0.678545 0.050941 0.634967 -0.126719 0.042417 0.922047 -0.119301 0.932835 -0.635594 0.115917 0.669915 0.148723 0.000000 0.000000 0.000000 1.000000
0.654677 0.058925 0.658884 -0.128246 0.050042 0.919933 -0.131993 0.929842 -0.659618 0.128274 0.643935 0.149272 0.000000 0.000000 0.000000 1.000000
0.637366 0.070060 0.674580 -0.128404 0.056918 0.916930 -0.149007 0.928396 -0.675816 0.143298 0.623652 0.147910 0.000000 0.000000 0.000000 1.000000
0.628665 0.077879 0.681849 -0.127868 0.063862 0.914037 -0.163280 0.929073 -0.683304 0.157078 0.612066 0.147104 0.000000 0.000000 0.000000 1.000000
0.636436 0.079745 0.674383 -0.124983 0.065339 0.912781 -0.169599 0.932416 -0.675931 0.163321 0.618584 0.146314 0.000000 0.000000 0.000000 1.000000
0.662233 0.077986 0.649282 -0.119344 0.060084 0.912894 -0.170931 0.937960 -0.651183 0.163541 0.644529 0.144567 0.000000 0.000000 0.000000 1.000000
0.697083 0.072620 0.612376 -0.111700 0.052438 0.913896 -0.168068 0.944309 -0.614433 0.160384 0.680405 0.142311 0.000000 0.000000 0.000000 1.000000
0.733875 0.065229 0.568661 -0.102878 0.044258 0.915402 -0.162119 0.950948 -0.570676 0.154875 0.718711 0.139150 0.000000 0.000000 0.000000 1.000000
0.773146 0.058557 0.514801 -0.092903 0.036116 0.916397 -0.158477 0.959180 -0.516860 0.151626 0.758991 0.135091 0.000000 0.000000 0.000000 1.000000
0.815036 0.050457 0.446511 -0.081971 0.028863 0.917026 -0.156311 0.969290 -0.448425 0.150733 0.801497 0.129523 0.000000 0.000000 0.000000 1.000000
0.855750 0.039470 0.363781 -0.069786 0.021633 0.918194 -0.150512 0.981205 -0.365276 0.146847 0.843334 0.123526 0.000000 0.000000 0.000000 1.000000
0.890915 0.026372 0.267913 -0.056685 0.015813 0.919498 -0.143097 0.993075 -0.268743 0.141532 0.879743 0.116868 0.000000 0.000000 0.000000 1.000000
0.916484 0.008461 0.161825 -0.043391 0.015886 0.920262 -0.138086 1.005340 -0.161265 0.138739 0.906062 0.110952 0.000000 0.000000 0.000000 1.000000
0.929311 -0.015074 0.048549 -0.030606 0.021811 0.921105 -0.131504 1.017745 -0.045918 0.132445 0.920083 0.105800 0.000000 0.000000 0.000000 1.000000
0.927240 -0.038434 -0.070360 -0.018936 0.029057 0.922356 -0.120901 1.027303 0.074722 0.118255 0.920128 0.098251 0.000000 0.000000 0.000000 1.000000
0.908842 -0.055991 -0.192545 -0.007696 0.033357 0.923445 -0.111082 1.034443 0.197727 0.101572 0.903764 0.090564 0.000000 0.000000 0.000000 1.000000
0.874062 -0.070801 -0.311778 0.002961 0.037566 0.924049 -0.104524 1.040327 0.317502 0.085579 0.870673 0.084860 0.000000 0.000000 0.000000 1.000000
0.826471 -0.083958 -0.419641 0.012054 0.043996 0.924447 -0.098308 1.046062 0.425690 0.067461 0.824888 0.080591 0.000000 0.000000 0.000000 1.000000
0.773026 -0.089455 -0.510521 0.019247 0.048816 0.925224 -0.088205 1.051507 0.515995 0.046485 0.773170 0.077169 0.000000 0.000000 0.000000 1.000000
0.719744 -0.085683 -0.583806 0.024473 0.049022 0.926335 -0.075518 1.056688 0.588020 0.027651 0.720882 0.074618 0.000000 0.000000 0.000000 1.000000
0.670278 -0.075657 -0.641253 0.027593 0.044311 0.927500 -0.063113 1.060435 0.644178 0.014923 0.671576 0.071100 0.000000 0.000000 0.000000 1.000000
0.628675 -0.062829 -0.683390 0.029126 0.035784 0.928532 -0.052447 1.060499 0.685339 0.009152 0.629627 0.064597 0.000000 0.000000 0.000000 1.000000
0.597176 -0.054809 -0.711744 0.029994 0.030362 0.929063 -0.046069 1.056827 0.713205 0.006340 0.597914 0.056624 0.000000 0.000000 0.000000 1.000000
0.573123 -0.054063 -0.731307 0.030910 0.033186 0.929128 -0.042679 1.052063 0.732551 0.000205 0.574083 0.048610 0.000000 0.000000 0.000000 1.000000
0.550833 -0.054405 -0.748215 0.031765 0.038415 0.929077 -0.039274 1.049032 0.749206 -0.007639 0.552118 0.040293 0.000000 0.000000 0.000000 1.000000
0.528507 -0.052534 -0.764279 0.032569 0.040254 0.929131 -0.036029 1.048227 0.765025 -0.012596 0.529888 0.031868 0.000000 0.000000 0.000000 1.000000
0.511758 -0.049840 -0.775772 0.033002 0.041303 0.929217 -0.032452 1.049133 0.776273 -0.016583 0.513155 0.023739 0.000000 0.000000 0.000000 1.000000
0.501300 -0.046488 -0.782777 0.032756 0.043909 0.929270 -0.027069 1.051327 0.782926 -0.022350 0.502723 0.015963 0.000000 0.000000 0.000000 1.000000
0.496043 -0.045327 -0.786187 0.032486 0.046287 0.929229 -0.024369 1.053322 0.786131 -0.026111 0.497513 0.010333 0.000000 0.000000 0.000000 1.000000
0.493157 -0.045395 -0.787996 0.032352 0.048401 0.929150 -0.023235 1.054861 0.787817 -0.028668 0.494696 0.006413 0.000000 0.000000 0.000000 1.000000
0.491099 -0.045967 -0.789247 0.031996 0.050506 0.929052 -0.022683 1.056401 0.788970 -0.030860 0.492724 0.002557 0.000000 0.000000 0.000000 1.000000
0.489637 -0.046873 -0.790102 0.031453 0.052542 0.928942 -0.022548 1.057869 0.789745 -0.032742 0.491359 -0.001266 0.000000 0.000000 0.000000 1.000000
0.488660 -0.048022 -0.790638 0.030906 0.054492 0.928825 -0.022736 1.059312 0.790218 -0.034354 0.490487 -0.004996 0.000000 0.000000 0.000000 1.000000
0.488056 -0.049326 -0.790931 0.030373 0.056339 0.928705 -0.023153 1.060699 0.790462 -0.035737 0.489995 -0.008578 0.000000 0.000000 0.000000 1.000000
0.487745 -0.050700 -0.791035 0.029831 0.058079 0.928584 -0.023705 1.062052 0.790528 -0.036941 0.489800 -0.012006 0.000000 0.000000 0.000000 1.000000
0.487523 -0.052040 -0.791085 0.029433 0.059666 0.928467 -0.024306 1.063331 0.790547 -0.037984 0.489690 -0.015199 0.000000 0.000000 0.000000 1.000000
0.487318 -0.053265 -0.791130 0.029321 0.061108 0.928359 -0.024864 1.064627 0.790563 -0.038926 0.489589 -0.018163 0.000000 0.000000 0.000000 1.000000
0.487132 -0.054273 -0.791176 0.029346 0.062368 0.928264 -0.025277 1.065812 0.790579 -0.039788 0.489494 -0.020788 0.000000 0.000000 0.000000 1.000000
0.486993 -0.054961 -0.791214 0.029374 0.063288 0.928195 -0.025522 1.066695 0.790591 -0.040449 0.489420 -0.022745 0.000000 0.000000 0.000000 1.000000
0.486973 -0.055170 -0.791212 0.029529 0.063429 0.928181 -0.025681 1.066806 0.790593 -0.040486 0.489415 -0.023034 0.000000 0.000000 0.000000 1.000000</float_array><technique_common><accessor source="#mixamorig_Hips-Matrix-animation-output-transform-array" count="70" stride="16"><param type="float4x4"/></accessor></technique_common></source><source id="mixamorig_Hips-Interpolations"><Name_array id="mixamorig_Hips-Interpolations-array" count="70">
 LINEAR LINEAR LINEAR LINEAR LINEAR LINEAR LINEAR LINEAR LINEAR LINEAR LINEAR
LINEAR LINEAR LINEAR LINEAR LINEAR LINEAR LINEAR LINEAR LINEAR LINEAR LINEAR LINEAR
LINEAR LINEAR LINEAR LINEAR LINEAR LINEAR LINEAR LINEAR LINEAR LINEAR LINEAR LINEAR
LINEAR LINEAR LINEAR LINEAR LINEAR LINEAR LINEAR LINEAR LINEAR LINEAR LINEAR LINEAR
LINEAR LINEAR LINEAR LINEAR LINEAR LINEAR LINEAR LINEAR LINEAR LINEAR LINEAR LINEAR
LINEAR LINEAR LINEAR LINEAR LINEAR LINEAR LINEAR LINEAR LINEAR LINEAR LINEAR</Name_array><technique_common><accessor source="#mixamorig_Hips-Interpolations-array" count="70"><param type="name"/></accessor></technique_common></source><sampler id="mixamorig_Hips-Matrix-animation-transform"><input semantic="INPUT" source="#mixamorig_Hips-Matrix-animation-input"/><input semantic="OUTPUT" source="#mixamorig_Hips-Matrix-animation-output-transform"/><input semantic="INTERPOLATION" source="#mixamorig_Hips-Interpolations"/></sampler><channel source="#mixamorig_Hips-Matrix-animation-transform" target="mixamorig_Hips/matrix"/></animation>
    <animation id="mixamorig_Spine-anim" name="mixamorig_Spine"><source id="mixamorig_Spine-Matrix-animation-input"><float_array id="mixamorig_Spine-Matrix-animation-input-array" count="70">

0.000000 0.033333 0.066667 0.100000 0.133333 0.166667 0.200000 0.233333 0.266667 0.300000 0.333333 0.366667 0.400000 0.433333 0.466667 0.500000
0.533333 0.566667 0.600000 0.633333 0.666667 0.700000 0.733333 0.766667 0.800000 0.833333 0.866667 0.900000 0.933333 0.966667 1.000000 1.033333
1.066667 1.100000 1.133333 1.166667 1.200000 1.233333 1.266667 1.300000 1.333333 1.366667 1.400000 1.433333 1.466667 1.500000 1.533333 1.566667
1.600000 1.633333 1.666667 1.700000 1.733333 1.766667 1.800000 1.833333 1.866667 1.900000 1.933333 1.966667 2.000000 2.033333 2.066667 2.100000
2.133333 2.166667 2.200000 2.233333 2.266667 2.300000</float_array><technique_common><accessor source="#mixamorig_Spine-Matrix-animation-input-array" count="70"><param name="TIME" type="float"/></accessor></technique_common></source><source id="mixamorig_Spine-Matrix-animation-output-transform"><float_array id="mixamorig_Spine-Matrix-animation-output-transform-array" count="1120">

0.998899 0.046709 0.004269 0.000000 -0.045672 0.989358 -0.138150 0.211200 -0.010676 0.137803 0.990402 -0.012000 0.000000 0.000000 0.000000 1.000000
0.998960 0.045353 0.004730 0.000000 -0.044268 0.989445 -0.137981 0.211200 -0.010938 0.137629 0.990424 -0.012000 0.000000 0.000000 0.000000 1.000000
0.999016 0.044026 0.005354 0.000000 -0.042859 0.989399 -0.138755 0.211200 -0.011406 0.138389 0.990312 -0.012000 0.000000 0.000000 0.000000 1.000000
0.999115 0.041367 0.007647 0.000000 -0.039908 0.989520 -0.138770 0.211200 -0.013307 0.138342 0.990295 -0.012000 0.000000 0.000000 0.000000 1.000000
0.999204 0.038261 0.011326 0.000000 -0.036343 0.989829 -0.137543 0.211200 -0.016473 0.137022 0.990431 -0.012000 0.000000 0.000000 0.000000 1.000000
0.999334 0.032989 0.015616 0.000000 -0.030521 0.989944 -0.138130 0.211200 -0.020016 0.137561 0.990291 -0.012000 0.000000 0.000000 0.000000 1.000000
0.999465 0.025945 0.019904 -0.000000 -0.022922 0.989968 -0.139424 0.211200 -0.023322 0.138893 0.990033 -0.012000 0.000000 0.000000 0.000000 1.000000
0.999583 0.019254 0.021502 -0.000000 -0.016068 0.990082 -0.139568 0.211200 -0.023976 0.139164 0.989979 -0.012000 0.000000 0.000000 0.000000 1.000000
0.999711 0.012684 0.020400 0.000000 -0.009715 0.990166 -0.139557 0.211200 -0.021970 0.139319 0.990004 -0.012000 0.000000 0.000000 0.000000 1.000000
0.999848 0.005007 0.016690 0.000000 -0.002624 0.990167 -0.139865 0.211200 -0.017226 0.139800 0.990030 -0.012000 0.000000 0.000000 0.000000 1.000000
0.999951 -0.002516 0.009555 0.000000 0.003815 0.990349 -0.138545 0.211200 -0.009115 0.138575 0.990310 -0.012000 0.000000 0.000000 0.000000 1.000000
0.999963 -0.008566 -0.000067 0.000000 0.008478 0.990719 -0.135660 0.211200 0.001228 0.135654 0.990755 -0.012000 0.000000 0.000000 0.000000 1.000000
0.999837 -0.014214 -0.011091 0.000000 0.012615 0.991049 -0.132899 0.211200 0.012881 0.132738 0.991068 -0.012000 0.000000 0.000000 0.000000 1.000000
0.999571 -0.020729 -0.020713 0.000000 0.017852 0.991281 -0.130549 0.211200 0.023238 0.130123 0.991225 -0.012000 0.000000 0.000000 0.000000 1.000000
0.999223 -0.027368 -0.028378 0.000000 0.023550 0.991610 -0.127102 0.211200 0.031619 0.126335 0.991484 -0.012000 0.000000 0.000000 0.000000 1.000000
0.998913 -0.031658 -0.034209 0.000000 0.027240 0.992072 -0.122686 0.211200 0.037821 0.121621 0.991856 -0.012000 0.000000 0.000000 0.000000 1.000000
0.998700 -0.033694 -0.038243 0.000000 0.028994 0.992660 -0.117414 0.211200 0.041918 0.116152 0.992346 -0.012000 0.000000 0.000000 0.000000 1.000000
0.998621 -0.036115 -0.038115 0.000000 0.031677 0.993288 -0.111241 0.211200 0.041876 0.109880 0.993062 -0.012000 0.000000 0.000000 0.000000 1.000000
0.998779 -0.044903 -0.020604 0.000000 0.042458 0.993376 -0.106782 0.211200 0.025262 0.105777 0.994069 -0.012000 0.000000 0.000000 0.000000 1.000000
0.997264 -0.071714 0.017918 0.000000 0.073159 0.992235 -0.100588 0.211200 -0.010565 0.101624 0.994767 -0.012000 0.000000 0.000000 0.000000 1.000000
0.995186 -0.090967 0.036467 0.000000 0.093675 0.992292 -0.081122 0.211200 -0.028806 0.084147 0.996037 -0.012000 0.000000 0.000000 0.000000 1.000000
0.996088 -0.081410 0.034364 0.000000 0.083565 0.994262 -0.066784 0.211200 -0.028730 0.069394 0.997176 -0.012000 0.000000 0.000000 0.000000 1.000000
0.997292 -0.058637 0.044384 0.000000 0.061562 0.995806 -0.067674 0.211200 -0.040230 0.070223 0.996720 -0.012000 0.000000 0.000000 0.000000 1.000000
0.996848 -0.041892 0.067377 0.000000 0.046598 0.996468 -0.069857 0.211200 -0.064212 0.072776 0.995279 -0.012000 0.000000 0.000000 0.000000 1.000000
0.994718 -0.036559 0.095911 0.000000 0.043049 0.996858 -0.066494 0.211200 -0.093179 0.070272 0.993166 -0.012000 0.000000 0.000000 0.000000 1.000000
0.993441 -0.028544 0.110729 0.000000 0.035525 0.997468 -0.061600 0.211200 -0.108691 0.065130 0.991940 -0.012000 0.000000 0.000000 0.000000 1.000000
0.992833 -0.025088 0.116849 0.000000 0.032488 0.997556 -0.061856 0.211200 -0.115011 0.065209 0.991222 -0.012000 0.000000 0.000000 0.000000 1.000000
0.991671 -0.022123 0.126879 0.000000 0.030704 0.997342 -0.066078 0.211200 -0.125080 0.069423 0.989715 -0.012000 0.000000 0.000000 0.000000 1.000000
0.989192 -0.019950 0.145263 -0.000000 0.030206 0.997177 -0.068742 0.211200 -0.143481 0.072387 0.987002 -0.012000 0.000000 0.000000 0.000000 1.000000
0.986821 -0.018001 0.160808 0.000000 0.029457 0.997172 -0.069141 0.211200 -0.159109 0.072967 0.984561 -0.012000 0.000000 0.000000 0.000000 1.000000
0.985844 -0.015746 0.166925 -0.000000 0.028221 0.996959 -0.072632 0.211200 -0.165273 0.076315 0.983291 -0.012000 0.000000 0.000000 0.000000 1.000000
0.985763 -0.014416 0.167520 0.000000 0.027589 0.996682 -0.076575 0.211200 -0.165861 0.080106 0.982890 -0.012000 0.000000 0.000000 0.000000 1.000000
0.985960 -0.012701 0.166498 0.000000 0.025965 0.996636 -0.077734 0.211200 -0.164951 0.080966 0.982973 -0.012000 0.000000 0.000000 0.000000 1.000000
0.986256 -0.010913 0.164863 -0.000000 0.024198 0.996597 -0.078791 0.211200 -0.163442 0.081698 0.983164 -0.012000 0.000000 0.000000 0.000000 1.000000
0.986694 -0.010416 0.162257 0.000000 0.023895 0.996399 -0.081347 0.211200 -0.160825 0.084141 0.983390 -0.012000 0.000000 0.000000 0.000000 1.000000
0.987184 -0.010245 0.159259 0.000000 0.023774 0.996243 -0.083277 0.211200 -0.157807 0.085996 0.983718 -0.012000 0.000000 0.000000 0.000000 1.000000
0.987718 -0.009222 0.155977 0.000000 0.022608 0.996187 -0.084262 0.211200 -0.154605 0.086753 0.984160 -0.012000 0.000000 0.000000 0.000000 1.000000
0.988652 -0.008388 0.149989 0.000000 0.021539 0.996039 -0.086274 0.211200 -0.148671 0.088526 0.984916 -0.012000 0.000000 0.000000 0.000000 1.000000
0.989967 -0.009113 0.141007 0.000000 0.021802 0.995819 -0.088711 0.211200 -0.139609 0.090895 0.986026 -0.012000 0.000000 0.000000 0.000000 1.000000
0.991123 -0.010301 0.132545 0.000000 0.022232 0.995797 -0.088852 0.211200 -0.131073 0.091010 0.987186 -0.012000 0.000000 0.000000 0.000000 1.000000
0.992059 -0.011557 0.125238 0.000000 0.022890 0.995730 -0.089432 0.211200 -0.123670 0.091589 0.988088 -0.012000 0.000000 0.000000 0.000000 1.000000
0.993140 -0.010921 0.116417 0.000000 0.021524 0.995690 -0.090213 0.211200 -0.114930 0.092100 0.989095 -0.012000 0.000000 0.000000 0.000000 1.000000
0.994260 -0.008254 0.106676 -0.000000 0.017973 0.995737 -0.090475 0.211200 -0.105474 0.091873 0.990169 -0.012000 0.000000 0.000000 0.000000 1.000000
0.994947 -0.004206 0.100311 0.000000 0.013450 0.995699 -0.091663 0.211200 -0.099494 0.092550 0.990725 -0.012000 0.000000 0.000000 0.000000 1.000000
0.995406 0.000697 0.095745 0.000000 0.008403 0.995479 -0.094612 0.211200 -0.095379 0.094982 0.990899 -0.012000 0.000000 0.000000 0.000000 1.000000
0.995719 0.004693 0.092312 0.000000 0.004266 0.995312 -0.096621 0.211200 -0.092332 0.096601 0.991031 -0.012000 0.000000 0.000000 0.000000 1.000000
0.996031 0.009721 0.088473 -0.000000 -0.001091 0.995277 -0.097073 0.211200 -0.088999 0.096591 0.991337 -0.012000 0.000000 0.000000 0.000000 1.000000
0.996440 0.016592 0.082651 0.000000 -0.008484 0.995200 -0.097496 0.211200 -0.083872 0.096448 0.991798 -0.012000 0.000000 0.000000 0.000000 1.000000
0.996879 0.023596 0.075330 0.000000 -0.016066 0.994953 -0.099044 0.211200 -0.077287 0.097524 0.992228 -0.012000 0.000000 0.000000 0.000000 1.000000
0.997386 0.029670 0.065879 0.000000 -0.022907 0.994610 -0.101128 0.211200 -0.068524 0.099355 0.992690 -0.012000 0.000000 0.000000 0.000000 1.000000
0.997825 0.033963 0.056489 0.000000 -0.027974 0.994223 -0.103621 0.211200 -0.059682 0.101815 0.993011 -0.012000 0.000000 0.000000 0.000000 1.000000
0.998175 0.036464 0.048141 0.000000 -0.031161 0.993807 -0.106661 0.211200 -0.051732 0.104966 0.993129 -0.012000 0.000000 0.000000 0.000000 1.000000
0.998432 0.038473 0.040664 0.000000 -0.033836 0.993450 -0.109141 0.211200 -0.044597 0.107594 0.993194 -0.012000 0.000000 0.000000 0.000000 1.000000
0.998588 0.040727 0.034098 0.000000 -0.036711 0.993131 -0.111102 0.211200 -0.038389 0.109693 0.993224 -0.012000 0.000000 0.000000 0.000000 1.000000
0.998667 0.042520 0.029258 0.000000 -0.038943 0.992771 -0.113529 0.211200 -0.033874 0.112238 0.993104 -0.012000 0.000000 0.000000 0.000000 1.000000
0.998731 0.043565 0.025286 0.000000 -0.040347 0.992405 -0.116210 0.211200 -0.030157 0.115042 0.992903 -0.012000 0.000000 0.000000 0.000000 1.000000
0.998800 0.044280 0.020947 0.000000 -0.041488 0.992043 -0.118871 0.211200 -0.026044 0.117859 0.992689 -0.012000 0.000000 0.000000 0.000000 1.000000
0.998835 0.045050 0.017305 0.000000 -0.042621 0.991670 -0.121548 0.211200 -0.022637 0.120669 0.992435 -0.012000 0.000000 0.000000 0.000000 1.000000
0.998836 0.045829 0.015025 -0.000000 -0.043620 0.991325 -0.123984 0.211200 -0.020577 0.123185 0.992170 -0.012000 0.000000 0.000000 0.000000 1.000000
0.998819 0.046434 0.014290 0.000000 -0.044267 0.991027 -0.126116 0.211200 -0.020018 0.125335 0.991913 -0.012000 0.000000 0.000000 0.000000 1.000000
0.998821 0.046758 0.013024 0.000000 -0.044710 0.990754 -0.128088 0.211200 -0.018893 0.127355 0.991677 -0.012000 0.000000 0.000000 0.000000 1.000000
0.998846 0.046800 0.010773 0.000000 -0.045009 0.990510 -0.129861 0.211200 -0.016748 0.129226 0.991474 -0.012000 0.000000 0.000000 0.000000 1.000000
0.998869 0.046688 0.008955 0.000000 -0.045111 0.990317 -0.131288 0.211200 -0.014998 0.130736 0.991304 -0.012000 0.000000 0.000000 0.000000 1.000000
0.998888 0.046516 0.007644 0.000000 -0.045096 0.990154 -0.132522 0.211200 -0.013733 0.132030 0.991151 -0.012000 0.000000 0.000000 0.000000 1.000000
0.998900 0.046428 0.006529 0.000000 -0.045138 0.989970 -0.133873 0.211200 -0.012679 0.133431 0.990977 -0.012000 0.000000 0.000000 0.000000 1.000000
0.998910 0.046355 0.005550 0.000000 -0.045180 0.989784 -0.135227 0.211200 -0.011761 0.134829 0.990799 -0.012000 0.000000 0.000000 0.000000 1.000000
0.998912 0.046363 0.004974 0.000000 -0.045257 0.989671 -0.136025 0.211200 -0.011229 0.135652 0.990693 -0.012000 0.000000 0.000000 0.000000 1.000000
0.998913 0.046377 0.004618 0.000000 -0.045313 0.989596 -0.136554 0.211200 -0.010903 0.136196 0.990622 -0.012000 0.000000 0.000000 0.000000 1.000000
0.998915 0.046356 0.004416 -0.000000 -0.045316 0.989543 -0.136934 0.211200 -0.010718 0.136585 0.990570 -0.012000 0.000000 0.000000 0.000000 1.000000
0.998899 0.046709 0.004309 0.000000 -0.045667 0.989358 -0.138152 0.211200 -0.010716 0.137803 0.990402 -0.012000 0.000000 0.000000 0.000000 1.000000</float_array><technique_common><accessor source="#mixamorig_Spine-Matrix-animation-output-transform-array" count="70" stride="16"><param type="float4x4"/></accessor></technique_common></source><source id="mixamorig_Spine-Interpolations"><Name_array id="mixamorig_Spine-Interpolations-array" count="70">
 LINEAR LINEAR LINEAR LINEAR LINEAR LINEAR LINEAR LINEAR LINEAR LINEAR LINEAR
LINEAR LINEAR LINEAR LINEAR LINEAR LINEAR LINEAR LINEAR LINEAR LINEAR LINEAR LINEAR
LINEAR LINEAR LINEAR LINEAR LINEAR LINEAR LINEAR LINEAR LINEAR LINEAR LINEAR LINEAR
LINEAR LINEAR LINEAR LINEAR LINEAR LINEAR LINEAR LINEAR LINEAR LINEAR LINEAR LINEAR
LINEAR LINEAR LINEAR LINEAR LINEAR LINEAR LINEAR LINEAR LINEAR LINEAR LINEAR LINEAR
LINEAR LINEAR LINEAR LINEAR LINEAR LINEAR LINEAR LINEAR LINEAR LINEAR LINEAR</Name_array><technique_common><accessor source="#mixamorig_Spine-Interpolations-array" count="70"><param type="name"/></accessor></technique_common></source><sampler id="mixamorig_Spine-Matrix-animation-transform"><input semantic="INPUT" source="#mixamorig_Spine-Matrix-animation-input"/><input semantic="OUTPUT" source="#mixamorig_Spine-Matrix-animation-output-transform"/><input semantic="INTERPOLATION" source="#mixamorig_Spine-Interpolations"/></sampler><channel source="#mixamorig_Spine-Matrix-animation-transform" target="mixamorig_Spine/matrix"/></animation>
    <animation id="mixamorig_Spine1-anim" name="mixamorig_Spine1"><source id="mixamorig_Spine1-Matrix-animation-input"><float_array id="mixamorig_Spine1-Matrix-animation-input-array" count="70">

0.000000 0.033333 0.066667 0.100000 0.133333 0.166667 0.200000 0.233333 0.266667 0.300000 0.333333 0.366667 0.400000 0.433333 0.466667 0.500000
0.533333 0.566667 0.600000 0.633333 0.666667 0.700000 0.733333 0.766667 0.800000 0.833333 0.866667 0.900000 0.933333 0.966667 1.000000 1.033333
1.066667 1.100000 1.133333 1.166667 1.200000 1.233333 1.266667 1.300000 1.333333 1.366667 1.400000 1.433333 1.466667 1.500000 1.533333 1.566667
1.600000 1.633333 1.666667 1.700000 1.733333 1.766667 1.800000 1.833333 1.866667 1.900000 1.933333 1.966667 2.000000 2.033333 2.066667 2.100000
2.133333 2.166667 2.200000 2.233333 2.266667 2.300000</float_array><technique_common><accessor source="#mixamorig_Spine1-Matrix-animation-input-array" count="70"><param name="TIME" type="float"/></accessor></technique_common></source><source id="mixamorig_Spine1-Matrix-animation-output-transform"><float_array id="mixamorig_Spine1-Matrix-animation-output-transform-array" count="1120">

0.995240 0.097265 0.006016 0.000000 -0.095331 0.984540 -0.146944 0.246700 -0.020215 0.145671 0.989126 -0.000000 0.000000 0.000000 0.000000 1.000000
0.995501 0.094484 0.007080 0.000000 -0.092432 0.984862 -0.146637 0.246700 -0.020827 0.145323 0.989165 0.000000 0.000000 0.000000 0.000000 1.000000
0.995742 0.091805 0.008377 -0.000000 -0.089558 0.984894 -0.148201 0.246700 -0.021856 0.146820 0.988922 0.000000 0.000000 0.000000 0.000000 1.000000
0.996128 0.086969 0.012886 0.000000 -0.084110 0.985355 -0.148324 0.246700 -0.025597 0.146666 0.988855 0.000000 0.000000 0.000000 0.000000 1.000000
0.996438 0.081964 0.019804 0.000000 -0.078219 0.986186 -0.146013 0.246700 -0.031498 0.143944 0.989084 0.000000 0.000000 0.000000 0.000000 1.000000
0.996976 0.072577 0.027776 0.000000 -0.067730 0.986769 -0.147305 0.246700 -0.038100 0.144978 0.988701 0.000000 0.000000 0.000000 0.000000 1.000000
0.997597 0.059336 0.035762 -0.000000 -0.053346 0.987256 -0.149932 0.246700 -0.044203 0.147664 0.988049 0.000000 0.000000 0.000000 0.000000 1.000000
0.998171 0.046745 0.038347 -0.000000 -0.040493 0.987833 -0.150152 0.246700 -0.044900 0.148325 0.987919 0.000000 0.000000 0.000000 0.000000 1.000000
0.998779 0.034124 0.035728 0.000000 -0.028400 0.988279 -0.149992 0.246700 -0.040427 0.148794 0.988041 0.000000 0.000000 0.000000 0.000000 1.000000
0.999427 0.018483 0.028341 0.000000 -0.014016 0.988524 -0.150412 0.246700 -0.030796 0.149929 0.988217 0.000000 0.000000 0.000000 0.000000 1.000000
0.999893 0.002529 0.014389 0.000000 -0.000377 0.989045 -0.147611 0.246700 -0.014605 0.147590 0.988941 0.000000 0.000000 0.000000 0.000000 1.000000
0.999930 -0.010976 -0.004401 0.000000 0.010241 0.989844 -0.141786 0.246700 0.005913 0.141731 0.989888 0.000000 0.000000 0.000000 0.000000 1.000000
0.999377 -0.024210 -0.025678 0.000000 0.020490 0.990449 -0.136349 0.246700 0.028733 0.135738 0.990328 0.000000 0.000000 0.000000 0.000000 1.000000
0.998261 -0.039639 -0.043638 0.000000 0.033573 0.990693 -0.131911 0.246700 0.048460 0.130217 0.990301 -0.000000 0.000000 0.000000 0.000000 1.000000
0.996832 -0.055000 -0.057452 -0.000000 0.047449 0.990971 -0.125399 0.246700 0.063830 0.122276 0.990441 0.000000 0.000000 0.000000 0.000000 1.000000
0.995587 -0.065027 -0.067657 0.000000 0.056815 0.991515 -0.116917 0.246700 0.074685 0.112557 0.990835 -0.000000 0.000000 0.000000 0.000000 1.000000
0.994779 -0.070188 -0.074083 0.000000 0.062077 0.992360 -0.106623 0.246700 0.081001 0.101467 0.991536 -0.000000 0.000000 0.000000 0.000000 1.000000
0.994564 -0.075212 -0.072017 -0.000000 0.068276 0.993194 -0.094360 0.246700 0.078624 0.088930 0.992930 0.000000 0.000000 0.000000 0.000000 1.000000
0.994992 -0.093734 -0.034698 0.000000 0.090515 0.992266 -0.084937 0.246700 0.042391 0.081371 0.995782 -0.000000 0.000000 0.000000 0.000000 1.000000
0.988201 -0.146681 0.044077 0.000000 0.149515 0.986284 -0.069919 0.246700 -0.033216 0.075685 0.996578 0.000000 0.000000 0.000000 0.000000 1.000000
0.980259 -0.181287 0.078914 0.000000 0.184032 0.982493 -0.028967 0.246700 -0.072281 0.042918 0.996460 -0.000000 0.000000 0.000000 0.000000 1.000000
0.984515 -0.161177 0.068942 -0.000000 0.161637 0.986850 -0.001120 0.246700 -0.067855 0.012246 0.997620 -0.000000 0.000000 0.000000 0.000000 1.000000
0.990252 -0.115052 0.078510 0.000000 0.115682 0.993280 -0.003513 0.246700 -0.077578 0.012560 0.996907 0.000000 0.000000 0.000000 0.000000 1.000000
0.990075 -0.078883 0.116315 0.000000 0.080373 0.996731 -0.008171 0.246700 -0.115291 0.017439 0.993179 0.000000 0.000000 0.000000 0.000000 1.000000
0.983663 -0.066444 0.167306 0.000000 0.067648 0.997708 -0.001501 0.246700 -0.166823 0.012795 0.985904 -0.000000 0.000000 0.000000 0.000000 1.000000
0.980179 -0.049706 0.191779 0.000000 0.049190 0.998762 0.007455 0.246700 -0.191912 0.002126 0.981410 -0.000000 0.000000 0.000000 0.000000 1.000000
0.978891 -0.042818 0.199848 -0.000000 0.042359 0.999081 0.006574 0.246700 -0.199946 0.002030 0.979805 0.000000 0.000000 0.000000 0.000000 1.000000
0.975456 -0.036435 0.217159 0.000000 0.037813 0.999282 -0.002192 0.246700 -0.216923 0.010349 0.976134 0.000000 0.000000 0.000000 0.000000 1.000000
0.967439 -0.031900 0.251086 -0.000000 0.034982 0.999357 -0.007822 0.246700 -0.250675 0.016351 0.967933 0.000000 0.000000 0.000000 0.000000 1.000000
0.960197 -0.027957 0.277921 -0.000000 0.031709 0.999457 -0.009014 0.246700 -0.277518 0.017468 0.960562 0.000000 0.000000 0.000000 0.000000 1.000000
0.957924 -0.022720 0.286122 -0.000000 0.028603 0.999456 -0.016398 0.246700 -0.285594 0.023892 0.958053 0.000000 0.000000 0.000000 0.000000 1.000000
0.958324 -0.019582 0.285010 -0.000000 0.027681 0.999319 -0.024414 0.246700 -0.284338 0.031286 0.958214 -0.000000 0.000000 0.000000 0.000000 1.000000
0.959295 -0.016287 0.281935 0.000000 0.024874 0.999328 -0.026905 0.246700 -0.281307 0.032822 0.959056 -0.000000 0.000000 0.000000 0.000000 1.000000
0.960404 -0.012501 0.278329 0.000000 0.021490 0.999341 -0.029267 0.246700 -0.277780 0.034090 0.960040 -0.000000 0.000000 0.000000 0.000000 1.000000
0.961599 -0.010624 0.274254 0.000000 0.020874 0.999187 -0.034482 0.246700 -0.273664 0.038883 0.961039 -0.000000 0.000000 0.000000 0.000000 1.000000
0.962446 -0.009123 0.271321 0.000000 0.020313 0.999053 -0.038464 0.246700 -0.270714 0.042531 0.961720 0.000000 0.000000 0.000000 0.000000 1.000000
0.963183 -0.005697 0.268787 -0.000000 0.017280 0.999020 -0.040747 0.246700 -0.268291 0.043891 0.962338 0.000000 0.000000 0.000000 0.000000 1.000000
0.965192 -0.002498 0.261529 0.000000 0.014777 0.998878 -0.044993 0.246700 -0.261123 0.047291 0.964146 0.000000 0.000000 0.000000 0.000000 1.000000
0.968430 -0.002588 0.249274 0.000000 0.015479 0.998641 -0.049766 0.246700 -0.248806 0.052054 0.967154 -0.000000 0.000000 0.000000 0.000000 1.000000
0.971027 -0.003297 0.238947 0.000000 0.015701 0.998625 -0.050026 0.246700 -0.238454 0.052328 0.969743 0.000000 0.000000 0.000000 0.000000 1.000000
0.972848 -0.003938 0.231410 -0.000000 0.016218 0.998557 -0.051187 0.246700 -0.230874 0.053550 0.971509 -0.000000 0.000000 0.000000 0.000000 1.000000
0.975549 -0.002706 0.219764 -0.000000 0.014624 0.998507 -0.052621 0.246700 -0.219294 0.054548 0.974133 0.000000 0.000000 0.000000 0.000000 1.000000
0.978656 0.001552 0.205501 0.000000 0.009564 0.998544 -0.053089 0.246700 -0.205284 0.053921 0.977216 -0.000000 0.000000 0.000000 0.000000 1.000000
0.980345 0.008992 0.197088 -0.000000 0.002026 0.998449 -0.055631 0.246700 -0.197282 0.054937 0.978806 0.000000 0.000000 0.000000 0.000000 1.000000
0.981425 0.014222 0.191321 0.000000 -0.002528 0.998121 -0.061226 0.246700 -0.191832 0.059605 0.979616 0.000000 0.000000 0.000000 0.000000 1.000000
0.982283 0.016237 0.186699 0.000000 -0.004190 0.997894 -0.064736 0.246700 -0.187357 0.062807 0.980282 -0.000000 0.000000 0.000000 0.000000 1.000000
0.983419 0.021747 0.180038 -0.000000 -0.010078 0.997803 -0.065475 0.246700 -0.181066 0.062575 0.981478 0.000000 0.000000 0.000000 0.000000 1.000000
0.985104 0.032146 0.168928 0.000000 -0.021156 0.997565 -0.066464 0.246700 -0.170653 0.061900 0.983385 0.000000 0.000000 0.000000 0.000000 1.000000
0.987026 0.044246 0.154344 0.000000 -0.033776 0.996988 -0.069810 0.246700 -0.156968 0.063691 0.985548 0.000000 0.000000 0.000000 0.000000 1.000000
0.989249 0.055916 0.135127 0.000000 -0.046173 0.996174 -0.074195 0.246700 -0.138759 0.067158 0.988046 0.000000 0.000000 0.000000 0.000000 1.000000
0.991146 0.064882 0.115845 0.000000 -0.055889 0.995286 -0.079258 0.246700 -0.120441 0.072082 0.990100 0.000000 0.000000 0.000000 0.000000 1.000000
0.992672 0.069670 0.098731 0.000000 -0.061319 0.994473 -0.085230 0.246700 -0.104124 0.078551 0.991458 0.000000 0.000000 0.000000 0.000000 1.000000
0.993804 0.073345 0.083506 0.000000 -0.065775 0.993763 -0.090053 0.246700 -0.089590 0.084002 0.992430 0.000000 0.000000 0.000000 0.000000 1.000000
0.994445 0.078623 0.069982 -0.000000 -0.071899 0.992982 -0.093897 0.246700 -0.076873 0.088344 0.993119 0.000000 0.000000 0.000000 0.000000 1.000000
0.994734 0.083263 0.059764 0.000000 -0.077116 0.992126 -0.098686 0.246700 -0.067510 0.093558 0.993322 0.000000 0.000000 0.000000 0.000000 1.000000
0.994975 0.086027 0.051233 0.000000 -0.080359 0.991331 -0.103947 0.246700 -0.059731 0.099308 0.993262 0.000000 0.000000 0.000000 0.000000 1.000000
0.995237 0.087956 0.042043 0.000000 -0.082933 0.990562 -0.109125 0.246700 -0.051244 0.105119 0.993139 0.000000 0.000000 0.000000 0.000000 1.000000
0.995341 0.090113 0.034284 -0.000000 -0.085667 0.989740 -0.114353 0.246700 -0.044237 0.110883 0.992848 0.000000 0.000000 0.000000 0.000000 1.000000
0.995308 0.092195 0.029358 0.000000 -0.088093 0.988961 -0.119144 0.246700 -0.040018 0.115999 0.992443 0.000000 0.000000 0.000000 0.000000 1.000000
0.995208 0.093800 0.027612 -0.000000 -0.089726 0.988294 -0.123384 0.246700 -0.038862 0.120315 0.991975 0.000000 0.000000 0.000000 0.000000 1.000000
0.995192 0.094733 0.024856 -0.000000 -0.090841 0.987699 -0.127276 0.246700 -0.036608 0.124406 0.991556 -0.000000 0.000000 0.000000 0.000000 1.000000
0.995263 0.095111 0.020148 -0.000000 -0.091692 0.987171 -0.130716 0.246700 -0.032322 0.128249 0.991215 0.000000 0.000000 0.000000 0.000000 1.000000
0.995320 0.095245 0.016333 0.000000 -0.092235 0.986750 -0.133481 0.246700 -0.028830 0.131349 0.990917 0.000000 0.000000 0.000000 0.000000 1.000000
0.995356 0.095306 0.013539 0.000000 -0.092599 0.986388 -0.135881 0.246700 -0.026305 0.133996 0.990633 0.000000 0.000000 0.000000 0.000000 1.000000
0.995366 0.095512 0.011136 0.000000 -0.093061 0.985977 -0.138524 0.246700 -0.024210 0.136846 0.990296 -0.000000 0.000000 0.000000 0.000000 1.000000
0.995366 0.095741 0.009005 0.000000 -0.093520 0.985557 -0.141178 0.246700 -0.022392 0.139681 0.989943 0.000000 0.000000 0.000000 0.000000 1.000000
0.995345 0.096064 0.007721 -0.000000 -0.093986 0.985288 -0.142740 0.246700 -0.021320 0.141350 0.989730 0.000000 0.000000 0.000000 0.000000 1.000000
0.995322 0.096370 0.006898 -0.000000 -0.094384 0.985099 -0.143777 0.246700 -0.020651 0.142453 0.989586 -0.000000 0.000000 0.000000 0.000000 1.000000
0.995309 0.096534 0.006407 -0.000000 -0.094600 0.984969 -0.144522 0.246700 -0.020262 0.143238 0.989481 0.000000 0.000000 0.000000 0.000000 1.000000
0.995243 0.097246 0.005926 0.000000 -0.095325 0.984542 -0.146936 0.246700 -0.020123 0.145672 0.989128 0.000000 0.000000 0.000000 0.000000 1.000000</float_array><technique_common><accessor source="#mixamorig_Spine1-Matrix-animation-output-transform-array" count="70" stride="16"><param type="float4x4"/></accessor></technique_common></source><source id="mixamorig_Spine1-Interpolations"><Name_array id="mixamorig_Spine1-Interpolations-array" count="70">
 LINEAR LINEAR LINEAR LINEAR LINEAR LINEAR LINEAR LINEAR LINEAR LINEAR LINEAR
LINEAR LINEAR LINEAR LINEAR LINEAR LINEAR LINEAR LINEAR LINEAR LINEAR LINEAR LINEAR
LINEAR LINEAR LINEAR LINEAR LINEAR LINEAR LINEAR LINEAR LINEAR LINEAR LINEAR LINEAR
LINEAR LINEAR LINEAR LINEAR LINEAR LINEAR LINEAR LINEAR LINEAR LINEAR LINEAR LINEAR
LINEAR LINEAR LINEAR LINEAR LINEAR LINEAR LINEAR LINEAR LINEAR LINEAR LINEAR LINEAR
LINEAR LINEAR LINEAR LINEAR LINEAR LINEAR LINEAR LINEAR LINEAR LINEAR LINEAR</Name_array><technique_common><accessor source="#mixamorig_Spine1-Interpolations-array" count="70"><param type="name"/></accessor></technique_common></source><sampler id="mixamorig_Spine1-Matrix-animation-transform"><input semantic="INPUT" source="#mixamorig_Spine1-Matrix-animation-input"/><input semantic="OUTPUT" source="#mixamorig_Spine1-Matrix-animation-output-transform"/><input semantic="INTERPOLATION" source="#mixamorig_Spine1-Interpolations"/></sampler><channel source="#mixamorig_Spine1-Matrix-animation-transform" target="mixamorig_Spine1/matrix"/></animation>
    <animation id="mixamorig_Spine2-anim" name="mixamorig_Spine2"><source id="mixamorig_Spine2-Matrix-animation-input"><float_array id="mixamorig_Spine2-Matrix-animation-input-array" count="70">

0.000000 0.033333 0.066667 0.100000 0.133333 0.166667 0.200000 0.233333 0.266667 0.300000 0.333333 0.366667 0.400000 0.433333 0.466667 0.500000
0.533333 0.566667 0.600000 0.633333 0.666667 0.700000 0.733333 0.766667 0.800000 0.833333 0.866667 0.900000 0.933333 0.966667 1.000000 1.033333
1.066667 1.100000 1.133333 1.166667 1.200000 1.233333 1.266667 1.300000 1.333333 1.366667 1.400000 1.433333 1.466667 1.500000 1.533333 1.566667
1.600000 1.633333 1.666667 1.700000 1.733333 1.766667 1.800000 1.833333 1.866667 1.900000 1.933333 1.966667 2.000000 2.033333 2.066667 2.100000
