<?xml version="1.0" encoding="utf-8"?>
<COLLADA xmlns="http://www.collada.org/2005/11/COLLADASchema" version="1.4.1">
  <asset><contributor><author>Mixamo</author><authoring_tool>COLLADA Mixamo exporter</authoring_tool><comments></comments></contributor><created>2020-05-05T16:19:42Z</created><modified>2020-05-05T16:19:42Z</modified><revision></revision><title></title><unit meter="0.010000"/><up_axis>Y_UP</up_axis></asset>
  <library_animations>
    <animation id="mixamorig_Hips-anim" name="mixamorig_Hips"><source id="mixamorig_Hips-Matrix-animation-input"><float_array id="mixamorig_Hips-Matrix-animation-input-array" count="67">

0.000000 0.033333 0.066667 0.100000 0.133333 0.166667 0.200000 0.233333 0.266667 0.300000 0.333333 0.366667 0.400000 0.433333 0.466667 0.500000
0.533333 0.566667 0.600000 0.633333 0.666667 0.700000 0.733333 0.766667 0.800000 0.833333 0.866667 0.900000 0.933333 0.966667 1.000000 1.033333
1.066667 1.100000 1.133333 1.166667 1.200000 1.233333 1.266667 1.300000 1.333333 1.366667 1.400000 1.433333 1.466667 1.500000 1.533333 1.566667
1.600000 1.633333 1.666667 1.700000 1.733333 1.766667 1.800000 1.833333 1.866667 1.900000 1.933333 1.966667 2.000000 2.033333 2.066667 2.100000
2.133333 2.166667 2.200000</float_array><technique_common><accessor source="#mixamorig_Hips-Matrix-animation-input-array" count="67"><param name="TIME" type="float"/></accessor></technique_common></source><source id="mixamorig_Hips-Matrix-animation-output-transform"><float_array id="mixamorig_Hips-Matrix-animation-output-transform-array" count="1072">

0.487056 -0.055206 -0.791158 0.029531 0.063440 0.928179 -0.025712 1.066809 0.790540 -0.040473 0.489500 -0.023036 0.000000 0.000000 0.000000 1.000000
0.471787 -0.053637 -0.800464 0.028494 0.064228 0.928162 -0.024338 1.065724 0.799684 -0.042903 0.474202 -0.020468 0.000000 0.000000 0.000000 1.000000
0.446601 -0.050719 -0.814971 0.026430 0.064990 0.928164 -0.022149 1.064197 0.813957 -0.046280 0.448925 -0.015952 0.000000 0.000000 0.000000 1.000000
0.396698 -0.043357 -0.840805 0.020165 0.063897 0.928335 -0.017723 1.063360 0.839494 -0.050171 0.398666 -0.005632 0.000000 0.000000 0.000000 1.000000
0.363205 -0.036067 -0.856145 0.011575 0.060366 0.928642 -0.013512 1.066247 0.854775 -0.050257 0.364741 0.004067 0.000000 0.000000 0.000000 1.000000
0.364469 -0.033017 -0.855730 0.002423 0.053708 0.929058 -0.012971 1.072552 0.854681 -0.044303 0.365732 0.010892 0.000000 0.000000 0.000000 1.000000
0.404840 -0.039879 -0.837088 -0.006994 0.042581 0.929424 -0.023685 1.082403 0.836955 -0.027995 0.406109 0.014749 0.000000 0.000000 0.000000 1.000000
0.474249 -0.058713 -0.798651 -0.016784 0.037694 0.928803 -0.045898 1.093108 0.799919 -0.008958 0.475660 0.017079 0.000000 0.000000 0.000000 1.000000
0.562949 -0.078307 -0.736993 -0.025725 0.046576 0.927399 -0.062961 1.102226 0.739677 0.001201 0.564871 0.017840 0.000000 0.000000 0.000000 1.000000
0.654848 -0.090333 -0.655146 -0.034204 0.060627 0.926295 -0.067120 1.106084 0.658560 0.004549 0.657633 0.021335 0.000000 0.000000 0.000000 1.000000
0.745249 -0.091938 -0.549867 -0.045593 0.068815 0.926107 -0.061580 1.097294 0.553236 0.008653 0.748370 0.027405 0.000000 0.000000 0.000000 1.000000
0.837134 -0.081798 -0.398395 -0.064870 0.068204 0.927006 -0.047017 1.079840 0.400946 0.013094 0.839806 0.036331 0.000000 0.000000 0.000000 1.000000
0.906880 -0.067985 -0.197863 -0.086506 0.063888 0.928138 -0.026079 1.060377 0.199223 0.011829 0.909050 0.050888 0.000000 0.000000 0.000000 1.000000
0.928841 -0.057887 0.010265 -0.102716 0.057932 0.928887 -0.003858 1.034887 -0.010005 0.004490 0.930635 0.068215 0.000000 0.000000 0.000000 1.000000
0.911103 -0.052353 0.182629 -0.110683 0.050756 0.929222 0.013157 1.007745 -0.183079 -0.002920 0.912511 0.085020 0.000000 0.000000 0.000000 1.000000
0.874614 -0.053298 0.313707 -0.116342 0.046100 0.929095 0.029325 0.980483 -0.314845 -0.012019 0.875746 0.097047 0.000000 0.000000 0.000000 1.000000
0.836626 -0.064708 0.402581 -0.119013 0.045825 0.928006 0.053928 0.953118 -0.405165 -0.028655 0.837390 0.101777 0.000000 0.000000 0.000000 1.000000
0.813380 -0.087271 0.443845 -0.118739 0.054035 0.925421 0.082939 0.926594 -0.449105 -0.046715 0.813834 0.096937 0.000000 0.000000 0.000000 1.000000
0.791467 -0.107234 0.477790 -0.121353 0.064275 0.923003 0.100684 0.903826 -0.485439 -0.052625 0.792327 0.089305 0.000000 0.000000 0.000000 1.000000
0.754738 -0.116956 0.531878 -0.129402 0.069959 0.922274 0.103529 0.886012 -0.540073 -0.043975 0.756697 0.084174 0.000000 0.000000 0.000000 1.000000
0.709880 -0.124754 0.588821 -0.138577 0.074849 0.921718 0.105049 0.872053 -0.597219 -0.032771 0.713062 0.080090 0.000000 0.000000 0.000000 1.000000
0.664732 -0.127968 0.638716 -0.149170 0.076479 0.921585 0.105047 0.861495 -0.646904 -0.022541 0.668737 0.076376 0.000000 0.000000 0.000000 1.000000
0.617686 -0.125040 0.684858 -0.159942 0.076470 0.922211 0.099406 0.854409 -0.691967 -0.009703 0.622326 0.075733 0.000000 0.000000 0.000000 1.000000
0.566732 -0.121333 0.728214 -0.169561 0.078570 0.922743 0.092598 0.849204 -0.734060 0.005090 0.572130 0.077314 0.000000 0.000000 0.000000 1.000000
0.518352 -0.116550 0.764153 -0.178178 0.078937 0.923231 0.087267 0.846025 -0.768949 0.016209 0.524077 0.079272 0.000000 0.000000 0.000000 1.000000
0.478740 -0.110092 0.790500 -0.184587 0.077958 0.923846 0.081451 0.844418 -0.794313 0.024317 0.484436 0.080626 0.000000 0.000000 0.000000 1.000000
0.452534 -0.101082 0.806969 -0.187816 0.080070 0.924534 0.070906 0.843402 -0.809323 0.034949 0.458232 0.083070 0.000000 0.000000 0.000000 1.000000
0.440384 -0.090904 0.814862 -0.189614 0.083718 0.925113 0.057958 0.843650 -0.815632 0.045874 0.445918 0.086273 0.000000 0.000000 0.000000 1.000000
0.437406 -0.083908 0.817214 -0.191254 0.086818 0.925369 0.048544 0.845340 -0.816910 0.053417 0.442728 0.088980 0.000000 0.000000 0.000000 1.000000
0.442025 -0.078735 0.815240 -0.192343 0.088655 0.925546 0.041319 0.849320 -0.814221 0.058033 0.447078 0.091432 0.000000 0.000000 0.000000 1.000000
0.457204 -0.074557 0.807223 -0.192419 0.086724 0.925935 0.036402 0.855615 -0.806006 0.057336 0.461811 0.092992 0.000000 0.000000 0.000000 1.000000
0.486127 -0.070072 0.790552 -0.191507 0.083901 0.926408 0.030521 0.864529 -0.789205 0.055325 0.490202 0.093030 0.000000 0.000000 0.000000 1.000000
0.524908 -0.062437 0.766013 -0.189831 0.079571 0.927054 0.021038 0.876978 -0.764423 0.053625 0.528189 0.091974 0.000000 0.000000 0.000000 1.000000
0.569603 -0.052745 0.734148 -0.186791 0.073869 0.927717 0.009339 0.893176 -0.732324 0.052553 0.571963 0.090484 0.000000 0.000000 0.000000 1.000000
0.619098 -0.042294 0.693637 -0.182012 0.069609 0.928077 -0.005540 0.913079 -0.691430 0.055564 0.620516 0.087940 0.000000 0.000000 0.000000 1.000000
0.674877 -0.030432 0.640170 -0.176055 0.065241 0.928083 -0.024659 0.935900 -0.637564 0.062756 0.675112 0.084128 0.000000 0.000000 0.000000 1.000000
0.738489 -0.017906 0.566141 -0.168315 0.056790 0.927888 -0.044731 0.961255 -0.563570 0.070039 0.737351 0.078903 0.000000 0.000000 0.000000 1.000000
0.800190 -0.010297 0.475176 -0.157532 0.051600 0.926864 -0.066809 0.986915 -0.472478 0.083785 0.797463 0.073836 0.000000 0.000000 0.000000 1.000000
0.852569 -0.010683 0.373114 -0.145086 0.048304 0.925654 -0.083873 1.010831 -0.370129 0.096197 0.848501 0.070453 0.000000 0.000000 0.000000 1.000000
0.893875 -0.015813 0.258727 -0.133008 0.042295 0.925414 -0.089566 1.030650 -0.255736 0.097779 0.889517 0.066262 0.000000 0.000000 0.000000 1.000000
0.921250 -0.019005 0.130919 -0.121482 0.031984 0.925719 -0.090685 1.042326 -0.128367 0.094264 0.916973 0.058677 0.000000 0.000000 0.000000 1.000000
0.930387 -0.023389 -0.005878 -0.108413 0.022669 0.925578 -0.094835 1.049924 0.008229 0.094660 0.925837 0.050187 0.000000 0.000000 0.000000 1.000000
0.919395 -0.025889 -0.142284 -0.091927 0.011536 0.925877 -0.093921 1.057453 0.144160 0.091017 0.914952 0.044863 0.000000 0.000000 0.000000 1.000000
0.890293 -0.028802 -0.269725 -0.073982 0.002936 0.926408 -0.089233 1.065542 0.271242 0.084508 0.886278 0.043748 0.000000 0.000000 0.000000 1.000000
0.848894 -0.036892 -0.379764 -0.057182 0.001748 0.926706 -0.086118 1.073403 0.381547 0.077835 0.845320 0.045900 0.000000 0.000000 0.000000 1.000000
0.798849 -0.038390 -0.475993 -0.043549 -0.001965 0.927415 -0.078097 1.081707 0.477535 0.068039 0.795948 0.047727 0.000000 0.000000 0.000000 1.000000
0.743251 -0.041266 -0.558639 -0.031969 -0.002974 0.927867 -0.072497 1.088311 0.560153 0.059681 0.740857 0.048769 0.000000 0.000000 0.000000 1.000000
0.686754 -0.046351 -0.626436 -0.023739 -0.000810 0.928097 -0.069559 1.091562 0.628148 0.051872 0.684793 0.046141 0.000000 0.000000 0.000000 1.000000
0.632551 -0.045541 -0.681181 -0.017347 -0.002300 0.928480 -0.064209 1.092426 0.682698 0.045323 0.630930 0.040971 0.000000 0.000000 0.000000 1.000000
0.589158 -0.039755 -0.719385 -0.011637 -0.003862 0.929094 -0.054507 1.094394 0.720473 0.037489 0.587976 0.034494 0.000000 0.000000 0.000000 1.000000
0.557572 -0.035982 -0.744326 -0.005950 -0.003487 0.929478 -0.047545 1.095786 0.745187 0.031273 0.556705 0.027317 0.000000 0.000000 0.000000 1.000000
0.533009 -0.039607 -0.761929 -0.001767 0.000236 0.929454 -0.048150 1.096335 0.762957 0.027382 0.532305 0.019827 0.000000 0.000000 0.000000 1.000000
0.513440 -0.044596 -0.774979 0.002017 0.006434 0.929375 -0.049217 1.097669 0.776235 0.021794 0.513018 0.013291 0.000000 0.000000 0.000000 1.000000
0.495512 -0.048943 -0.786305 0.005949 0.012675 0.929277 -0.049854 1.099138 0.787724 0.015834 0.495421 0.008303 0.000000 0.000000 0.000000 1.000000
0.480679 -0.052337 -0.795243 0.009351 0.018889 0.929178 -0.049735 1.100621 0.796739 0.009547 0.480955 0.004144 0.000000 0.000000 0.000000 1.000000
0.468612 -0.053849 -0.802313 0.012286 0.024556 0.929136 -0.048018 1.101647 0.803743 0.003009 0.469245 0.000290 0.000000 0.000000 0.000000 1.000000
0.458497 -0.054094 -0.808119 0.014706 0.029645 0.929120 -0.045374 1.101568 0.809385 -0.003388 0.459442 -0.003097 0.000000 0.000000 0.000000 1.000000
0.456177 -0.053895 -0.809444 0.016840 0.034883 0.929088 -0.042202 1.099732 0.810486 -0.009653 0.457407 -0.006346 0.000000 0.000000 0.000000 1.000000
0.459710 -0.056088 -0.807294 0.018874 0.041795 0.928868 -0.040735 1.096688 0.808160 -0.016133 0.461324 -0.009517 0.000000 0.000000 0.000000 1.000000
0.462534 -0.058868 -0.805481 0.020673 0.047686 0.928596 -0.040482 1.092912 0.806220 -0.021152 0.464505 -0.012402 0.000000 0.000000 0.000000 1.000000
0.463791 -0.059421 -0.804717 0.022605 0.051395 0.928464 -0.038937 1.088225 0.805270 -0.025034 0.465958 -0.014826 0.000000 0.000000 0.000000 1.000000
0.465679 -0.059295 -0.803635 0.024578 0.055214 0.928343 -0.036502 1.083109 0.803926 -0.029412 0.468017 -0.016751 0.000000 0.000000 0.000000 1.000000
0.468939 -0.060195 -0.801670 0.026162 0.058613 0.928177 -0.035408 1.078111 0.801787 -0.032646 0.471459 -0.018460 0.000000 0.000000 0.000000 1.000000
0.474263 -0.058616 -0.798649 0.027596 0.060776 0.928161 -0.032031 1.073474 0.798488 -0.035830 0.476797 -0.020240 0.000000 0.000000 0.000000 1.000000
0.481586 -0.055757 -0.794461 0.028823 0.062338 0.928207 -0.027355 1.069550 0.793972 -0.039058 0.484030 -0.021974 0.000000 0.000000 0.000000 1.000000
0.485026 -0.055268 -0.792400 0.029274 0.063057 0.928193 -0.026143 1.067880 0.791819 -0.040063 0.487464 -0.022673 0.000000 0.000000 0.000000 1.000000
0.487056 -0.055206 -0.791158 0.029531 0.063440 0.928179 -0.025712 1.066809 0.790540 -0.040473 0.489500 -0.023036 0.000000 0.000000 0.000000 1.000000</float_array><technique_common><accessor source="#mixamorig_Hips-Matrix-animation-output-transform-array" count="67" stride="16"><param type="float4x4"/></accessor></technique_common></source><source id="mixamorig_Hips-Interpolations"><Name_array id="mixamorig_Hips-Interpolations-array" count="67">
 LINEAR LINEAR LINEAR LINEAR LINEAR LINEAR LINEAR LINEAR LINEAR LINEAR LINEAR
LINEAR LINEAR LINEAR LINEAR LINEAR LINEAR LINEAR LINEAR LINEAR LINEAR LINEAR LINEAR
LINEAR LINEAR LINEAR LINEAR LINEAR LINEAR LINEAR LINEAR LINEAR LINEAR LINEAR LINEAR
LINEAR LINEAR LINEAR LINEAR LINEAR LINEAR LINEAR LINEAR LINEAR LINEAR LINEAR LINEAR
LINEAR LINEAR LINEAR LINEAR LINEAR LINEAR LINEAR LINEAR LINEAR LINEAR LINEAR LINEAR
LINEAR LINEAR LINEAR LINEAR LINEAR LINEAR LINEAR LINEAR</Name_array><technique_common><accessor source="#mixamorig_Hips-Interpolations-array" count="67"><param type="name"/></accessor></technique_common></source><sampler id="mixamorig_Hips-Matrix-animation-transform"><input semantic="INPUT" source="#mixamorig_Hips-Matrix-animation-input"/><input semantic="OUTPUT" source="#mixamorig_Hips-Matrix-animation-output-transform"/><input semantic="INTERPOLATION" source="#mixamorig_Hips-Interpolations"/></sampler><channel source="#mixamorig_Hips-Matrix-animation-transform" target="mixamorig_Hips/matrix"/></animation>
    <animation id="mixamorig_Spine-anim" name="mixamorig_Spine"><source id="mixamorig_Spine-Matrix-animation-input"><float_array id="mixamorig_Spine-Matrix-animation-input-array" count="67">

0.000000 0.033333 0.066667 0.100000 0.133333 0.166667 0.200000 0.233333 0.266667 0.300000 0.333333 0.366667 0.400000 0.433333 0.466667 0.500000
0.533333 0.566667 0.600000 0.633333 0.666667 0.700000 0.733333 0.766667 0.800000 0.833333 0.866667 0.900000 0.933333 0.966667 1.000000 1.033333
1.066667 1.100000 1.133333 1.166667 1.200000 1.233333 1.266667 1.300000 1.333333 1.366667 1.400000 1.433333 1.466667 1.500000 1.533333 1.566667
1.600000 1.633333 1.666667 1.700000 1.733333 1.766667 1.800000 1.833333 1.866667 1.900000 1.933333 1.966667 2.000000 2.033333 2.066667 2.100000
2.133333 2.166667 2.200000</float_array><technique_common><accessor source="#mixamorig_Spine-Matrix-animation-input-array" count="67"><param name="TIME" type="float"/></accessor></technique_common></source><source id="mixamorig_Spine-Matrix-animation-output-transform"><float_array id="mixamorig_Spine-Matrix-animation-output-transform-array" count="1072">

0.998899 0.046709 0.004269 0.000000 -0.045672 0.989358 -0.138150 0.211200 -0.010676 0.137803 0.990402 -0.012000 0.000000 0.000000 0.000000 1.000000
0.998930 0.046065 0.004033 -0.000000 -0.045082 0.989574 -0.136791 0.211200 -0.010292 0.136462 0.990592 -0.012000 0.000000 0.000000 0.000000 1.000000
0.998984 0.044969 0.002996 0.000000 -0.044143 0.989692 -0.136240 0.211200 -0.009092 0.135970 0.990671 -0.012000 0.000000 0.000000 0.000000 1.000000
0.999113 0.042083 -0.001663 0.000000 -0.041927 0.990125 -0.133771 0.211200 -0.003983 0.133722 0.991011 -0.012000 0.000000 0.000000 0.000000 1.000000
0.999279 0.036921 -0.008795 0.000000 -0.037757 0.990619 -0.131330 0.211200 0.003864 0.131568 0.991300 -0.012000 0.000000 0.000000 0.000000 1.000000
0.999391 0.029149 -0.019180 0.000000 -0.031384 0.991158 -0.128922 0.211200 0.015253 0.129445 0.991469 -0.012000 0.000000 0.000000 0.000000 1.000000
0.999333 0.018920 -0.031249 -0.000000 -0.022721 0.991752 -0.126141 0.211200 0.028604 0.126767 0.991520 -0.012000 0.000000 0.000000 0.000000 1.000000
0.999084 0.007981 -0.042049 0.000000 -0.013049 0.992483 -0.121683 0.211200 0.040762 0.122120 0.991678 -0.012000 0.000000 0.000000 0.000000 1.000000
0.998704 0.001151 -0.050888 0.000000 -0.006992 0.993369 -0.114757 0.211200 0.050418 0.114964 0.992089 -0.012000 0.000000 0.000000 0.000000 1.000000
0.998569 -0.003129 -0.053378 0.000000 -0.002631 0.994201 -0.107506 0.211200 0.053405 0.107493 0.992770 -0.012000 0.000000 0.000000 0.000000 1.000000
0.998702 -0.008432 -0.050233 0.000000 0.003358 0.994957 -0.100245 0.211200 0.050825 0.099946 0.993694 -0.012000 0.000000 0.000000 0.000000 1.000000
0.998770 -0.016827 -0.046640 0.000000 0.012550 0.995814 -0.090539 0.211200 0.047968 0.089842 0.994800 -0.012000 0.000000 0.000000 0.000000 1.000000
0.998801 -0.025059 -0.042046 -0.000000 0.021779 0.996816 -0.076710 0.211200 0.043834 0.075703 0.996167 -0.012000 0.000000 0.000000 0.000000 1.000000
0.999113 -0.029956 -0.029581 0.000000 0.028061 0.997650 -0.062506 0.211200 0.031384 0.061620 0.997606 -0.012000 0.000000 0.000000 0.000000 1.000000
0.999442 -0.031957 -0.009732 0.000000 0.031436 0.998274 -0.049603 0.211200 0.011300 0.049269 0.998722 -0.012000 0.000000 0.000000 0.000000 1.000000
0.999581 -0.027835 0.007974 -0.000000 0.028126 0.998841 -0.039066 0.211200 -0.006877 0.039274 0.999205 -0.012000 0.000000 0.000000 0.000000 1.000000
0.999366 -0.025414 0.024947 0.000000 0.026325 0.998972 -0.036905 0.211200 -0.023984 0.037538 0.999007 -0.012000 0.000000 0.000000 0.000000 1.000000
0.998420 -0.024706 0.050460 -0.000000 0.026758 0.998826 -0.040389 0.211200 -0.049403 0.041675 0.997909 -0.012000 0.000000 0.000000 0.000000 1.000000
0.996717 -0.020732 0.078265 0.000000 0.024087 0.998820 -0.042169 0.211200 -0.077299 0.043916 0.996040 -0.012000 0.000000 0.000000 0.000000 1.000000
0.994979 -0.016054 0.098784 -0.000000 0.020440 0.998842 -0.043547 0.211200 -0.097970 0.045347 0.994156 -0.012000 0.000000 0.000000 0.000000 1.000000
0.993166 -0.012832 0.116004 0.000000 0.018446 0.998703 -0.047456 0.211200 -0.115245 0.049272 0.992114 -0.012000 0.000000 0.000000 0.000000 1.000000
0.991382 -0.009560 0.130654 0.000000 0.016435 0.998530 -0.051646 0.211200 -0.129968 0.053348 0.990082 -0.012000 0.000000 0.000000 0.000000 1.000000
0.989617 -0.005843 0.143612 0.000000 0.013914 0.998375 -0.055261 0.211200 -0.143056 0.056685 0.988090 -0.012000 0.000000 0.000000 0.000000 1.000000
0.987961 -0.002224 0.154684 0.000000 0.011605 0.998145 -0.059771 0.211200 -0.154264 0.060847 0.986154 -0.012000 0.000000 0.000000 0.000000 1.000000
0.986682 0.000422 0.162660 0.000000 0.010216 0.997862 -0.064556 0.211200 -0.162339 0.065358 0.984568 -0.012000 0.000000 0.000000 0.000000 1.000000
0.985674 0.002108 0.168648 0.000000 0.009623 0.997590 -0.068711 0.211200 -0.168387 0.069350 0.983278 -0.012000 0.000000 0.000000 0.000000 1.000000
0.984747 0.003411 0.173961 -0.000000 0.009303 0.997345 -0.072219 0.211200 -0.173745 0.072735 0.982101 -0.012000 0.000000 0.000000 0.000000 1.000000
0.983967 0.005127 0.178276 0.000000 0.008501 0.997102 -0.075595 0.211200 -0.178147 0.075898 0.981072 -0.012000 0.000000 0.000000 0.000000 1.000000
0.983319 0.006676 0.181769 0.000000 0.007925 0.996805 -0.079481 0.211200 -0.181719 0.079596 0.980124 -0.012000 0.000000 0.000000 0.000000 1.000000
0.983176 0.007639 0.182500 0.000000 0.007496 0.996596 -0.082094 0.211200 -0.182506 0.082080 0.979773 -0.012000 0.000000 0.000000 0.000000 1.000000
0.983615 0.007586 0.180120 0.000000 0.007752 0.996410 -0.084299 0.211200 -0.180113 0.084314 0.980026 -0.012000 0.000000 0.000000 0.000000 1.000000
0.984295 0.008255 0.176338 -0.000000 0.007159 0.996217 -0.086600 0.211200 -0.176386 0.086502 0.980513 -0.012000 0.000000 0.000000 0.000000 1.000000
0.985351 0.009621 0.170264 0.000000 0.005403 0.996145 -0.087555 0.211200 -0.170450 0.087192 0.981501 -0.012000 0.000000 0.000000 0.000000 1.000000
0.986964 0.009887 0.160638 -0.000000 0.004227 0.996175 -0.087282 0.211200 -0.160887 0.086823 0.983147 -0.012000 0.000000 0.000000 0.000000 1.000000
0.989009 0.010138 0.147506 0.000000 0.002635 0.996280 -0.086137 0.211200 -0.147831 0.085579 0.985303 -0.012000 0.000000 0.000000 0.000000 1.000000
0.991226 0.010555 0.131753 0.000000 0.000612 0.996429 -0.084428 0.211200 -0.132174 0.083768 0.987681 -0.012000 0.000000 0.000000 0.000000 1.000000
0.993129 0.010936 0.116514 0.000000 -0.001177 0.996507 -0.083497 0.211200 -0.117021 0.082786 0.989673 -0.012000 0.000000 0.000000 0.000000 1.000000
0.994688 0.013772 0.102010 -0.000000 -0.005330 0.996571 -0.082576 0.211200 -0.102797 0.081594 0.991350 -0.012000 0.000000 0.000000 0.000000 1.000000
0.996081 0.018314 0.086525 0.000000 -0.011198 0.996567 -0.082025 0.211200 -0.087730 0.080734 0.992867 -0.012000 0.000000 0.000000 0.000000 1.000000
0.997260 0.023726 0.070075 -0.000000 -0.017842 0.996354 -0.083431 0.211200 -0.071799 0.081952 0.994047 -0.012000 0.000000 0.000000 0.000000 1.000000
0.997957 0.029184 0.056837 0.000000 -0.024229 0.996000 -0.086004 0.211200 -0.059119 0.084452 0.994672 -0.012000 0.000000 0.000000 0.000000 1.000000
0.998124 0.035677 0.049764 0.000000 -0.031220 0.995664 -0.087631 0.211200 -0.052674 0.085913 0.994909 -0.012000 0.000000 0.000000 0.000000 1.000000
0.998121 0.040016 0.046413 0.000000 -0.035727 0.995317 -0.089819 0.211200 -0.049790 0.087992 0.994876 -0.012000 0.000000 0.000000 0.000000 1.000000
0.998148 0.043105 0.042921 -0.000000 -0.039019 0.995007 -0.091866 0.211200 -0.046667 0.090021 0.994846 -0.012000 0.000000 0.000000 0.000000 1.000000
0.998203 0.045950 0.038455 0.000000 -0.042215 0.994783 -0.092870 0.211200 -0.042522 0.091079 0.994935 -0.012000 0.000000 0.000000 0.000000 1.000000
0.998316 0.047064 0.033927 -0.000000 -0.043638 0.994474 -0.095481 0.211200 -0.038233 0.093840 0.994853 -0.012000 0.000000 0.000000 0.000000 1.000000
0.998493 0.046557 0.029070 -0.000000 -0.043489 0.994187 -0.098495 0.211200 -0.033486 0.097082 0.994713 -0.012000 0.000000 0.000000 0.000000 1.000000
0.998621 0.046598 0.024166 0.000000 -0.043906 0.993819 -0.101965 0.211200 -0.028768 0.100763 0.994494 -0.012000 0.000000 0.000000 0.000000 1.000000
0.998745 0.045850 0.020158 0.000000 -0.043448 0.993339 -0.106721 0.211200 -0.024917 0.105712 0.994085 -0.012000 0.000000 0.000000 0.000000 1.000000
0.998884 0.044593 0.015582 -0.000000 -0.042576 0.992810 -0.111876 0.211200 -0.020459 0.111088 0.993600 -0.012000 0.000000 0.000000 0.000000 1.000000
0.999012 0.043055 0.011021 0.000000 -0.041491 0.992392 -0.115916 0.211200 -0.015928 0.115344 0.993198 -0.012000 0.000000 0.000000 0.000000 1.000000
0.999086 0.042075 0.007567 0.000000 -0.040888 0.992156 -0.118133 0.211200 -0.012478 0.117715 0.992969 -0.012000 0.000000 0.000000 0.000000 1.000000
0.999123 0.041568 0.004998 -0.000000 -0.040664 0.991882 -0.120487 0.211200 -0.009966 0.120178 0.992702 -0.012000 0.000000 0.000000 0.000000 1.000000
0.999148 0.041099 0.003738 0.000000 -0.040330 0.991616 -0.122765 0.211200 -0.008753 0.122509 0.992429 -0.012000 0.000000 0.000000 0.000000 1.000000
0.999167 0.040719 0.002700 0.000000 -0.040066 0.991397 -0.124604 0.211200 -0.007751 0.124392 0.992203 -0.012000 0.000000 0.000000 0.000000 1.000000
0.999147 0.041239 0.002157 0.000000 -0.040636 0.991152 -0.126362 0.211200 -0.007349 0.126166 0.991982 -0.012000 0.000000 0.000000 0.000000 1.000000
0.999102 0.042295 0.002515 -0.000000 -0.041626 0.990910 -0.127928 0.211200 -0.007903 0.127708 0.991780 -0.012000 0.000000 0.000000 0.000000 1.000000
0.999076 0.042931 0.002086 0.000000 -0.042300 0.990678 -0.129492 0.211200 -0.007626 0.129284 0.991578 -0.012000 0.000000 0.000000 0.000000 1.000000
0.999054 0.043473 0.001353 -0.000000 -0.042923 0.990485 -0.130757 0.211200 -0.007024 0.130575 0.991414 -0.012000 0.000000 0.000000 0.000000 1.000000
0.999023 0.044177 0.001499 -0.000000 -0.043593 0.990298 -0.131945 0.211200 -0.007313 0.131751 0.991256 -0.012000 0.000000 0.000000 0.000000 1.000000
0.998994 0.044783 0.002215 -0.000000 -0.044088 0.990094 -0.133302 0.211200 -0.008163 0.133070 0.991073 -0.012000 0.000000 0.000000 0.000000 1.000000
0.998959 0.045530 0.002691 0.000000 -0.044753 0.989874 -0.134713 0.211200 -0.008797 0.134452 0.990881 -0.012000 0.000000 0.000000 0.000000 1.000000
0.998923 0.046286 0.003336 0.000000 -0.045406 0.989713 -0.135673 0.211200 -0.009582 0.135376 0.990748 -0.012000 0.000000 0.000000 0.000000 1.000000
0.998903 0.046692 0.003588 0.000000 -0.045763 0.989551 -0.136727 0.211200 -0.009935 0.136412 0.990602 -0.012000 0.000000 0.000000 0.000000 1.000000
0.998900 0.046740 0.003662 0.000000 -0.045790 0.989394 -0.137849 0.211200 -0.010066 0.137530 0.990446 -0.012000 0.000000 0.000000 0.000000 1.000000
0.998900 0.046722 0.003992 0.000000 -0.045725 0.989368 -0.138060 0.211200 -0.010400 0.137726 0.990416 -0.012000 0.000000 0.000000 0.000000 1.000000
0.998899 0.046709 0.004269 0.000000 -0.045672 0.989358 -0.138150 0.211200 -0.010676 0.137803 0.990402 -0.012000 0.000000 0.000000 0.000000 1.000000</float_array><technique_common><accessor source="#mixamorig_Spine-Matrix-animation-output-transform-array" count="67" stride="16"><param type="float4x4"/></accessor></technique_common></source><source id="mixamorig_Spine-Interpolations"><Name_array id="mixamorig_Spine-Interpolations-array" count="67">
 LINEAR LINEAR LINEAR LINEAR LINEAR LINEAR LINEAR LINEAR LINEAR LINEAR LINEAR
LINEAR LINEAR LINEAR LINEAR LINEAR LINEAR LINEAR LINEAR LINEAR LINEAR LINEAR LINEAR
LINEAR LINEAR LINEAR LINEAR LINEAR LINEAR LINEAR LINEAR LINEAR LINEAR LINEAR LINEAR
LINEAR LINEAR LINEAR LINEAR LINEAR LINEAR LINEAR LINEAR LINEAR LINEAR LINEAR LINEAR
LINEAR LINEAR LINEAR LINEAR LINEAR LINEAR LINEAR LINEAR LINEAR LINEAR LINEAR LINEAR
LINEAR LINEAR LINEAR LINEAR LINEAR LINEAR LINEAR LINEAR</Name_array><technique_common><accessor source="#mixamorig_Spine-Interpolations-array" count="67"><param type="name"/></accessor></technique_common></source><sampler id="mixamorig_Spine-Matrix-animation-transform"><input semantic="INPUT" source="#mixamorig_Spine-Matrix-animation-input"/><input semantic="OUTPUT" source="#mixamorig_Spine-Matrix-animation-output-transform"/><input semantic="INTERPOLATION" source="#mixamorig_Spine-Interpolations"/></sampler><channel source="#mixamorig_Spine-Matrix-animation-transform" target="mixamorig_Spine/matrix"/></animation>
    <animation id="mixamorig_Spine1-anim" name="mixamorig_Spine1"><source id="mixamorig_Spine1-Matrix-animation-input"><float_array id="mixamorig_Spine1-Matrix-animation-input-array" count="67">

0.000000 0.033333 0.066667 0.100000 0.133333 0.166667 0.200000 0.233333 0.266667 0.300000 0.333333 0.366667 0.400000 0.433333 0.466667 0.500000
0.533333 0.566667 0.600000 0.633333 0.666667 0.700000 0.733333 0.766667 0.800000 0.833333 0.866667 0.900000 0.933333 0.966667 1.000000 1.033333
1.066667 1.100000 1.133333 1.166667 1.200000 1.233333 1.266667 1.300000 1.333333 1.366667 1.400000 1.433333 1.466667 1.500000 1.533333 1.566667
1.600000 1.633333 1.666667 1.700000 1.733333 1.766667 1.800000 1.833333 1.866667 1.900000 1.933333 1.966667 2.000000 2.033333 2.066667 2.100000
2.133333 2.166667 2.200000</float_array><technique_common><accessor source="#mixamorig_Spine1-Matrix-animation-input-array" count="67"><param name="TIME" type="float"/></accessor></technique_common></source><source id="mixamorig_Spine1-Matrix-animation-output-transform"><float_array id="mixamorig_Spine1-Matrix-animation-output-transform-array" count="1072">

0.995240 0.097265 0.006016 -0.000000 -0.095331 0.984540 -0.146944 0.246700 -0.020215 0.145671 0.989126 0.000000 0.000000 0.000000 0.000000 1.000000
0.995377 0.095887 0.005452 -0.000000 -0.094103 0.985062 -0.144213 0.246700 -0.019198 0.143033 0.989532 0.000000 0.000000 0.000000 0.000000 1.000000
0.995616 0.093488 0.003126 0.000000 -0.092082 0.985422 -0.143051 0.246700 -0.016453 0.142136 0.989710 0.000000 0.000000 0.000000 0.000000 1.000000
0.996180 0.087077 -0.006558 0.000000 -0.087148 0.986607 -0.137883 0.246700 -0.005536 0.137928 0.990427 0.000000 0.000000 0.000000 0.000000 1.000000
0.996887 0.076064 -0.020761 -0.000000 -0.078155 0.988067 -0.132725 0.246700 0.010417 0.133934 0.990935 0.000000 0.000000 0.000000 0.000000 1.000000
0.997400 0.059443 -0.040730 0.000000 -0.064199 0.989738 -0.127661 0.246700 0.032723 0.129944 0.990981 0.000000 0.000000 0.000000 0.000000 1.000000
0.997320 0.036854 -0.063211 0.000000 -0.044379 0.991523 -0.122119 0.246700 0.058175 0.124597 0.990501 0.000000 0.000000 0.000000 0.000000 1.000000
0.996460 0.012998 -0.083060 0.000000 -0.022423 0.993279 -0.113556 0.246700 0.081026 0.115017 0.990054 -0.000000 0.000000 0.000000 0.000000 1.000000
0.995016 -0.003841 -0.099643 -0.000000 -0.006197 0.994944 -0.100235 0.246700 0.099525 0.100353 0.989962 -0.000000 0.000000 0.000000 0.000000 1.000000
0.994502 -0.015184 -0.103616 -0.000000 0.006226 0.996256 -0.086232 0.246700 0.104537 0.085113 0.990872 -0.000000 0.000000 0.000000 0.000000 1.000000
0.995005 -0.026888 -0.096132 -0.000000 0.019987 0.997201 -0.072045 0.246700 0.097800 0.069763 0.992758 0.000000 0.000000 0.000000 0.000000 1.000000
0.995166 -0.043784 -0.087906 0.000000 0.039225 0.997827 -0.052945 0.246700 0.090033 0.049241 0.994721 0.000000 0.000000 0.000000 0.000000 1.000000
0.995272 -0.057243 -0.078471 -0.000000 0.055418 0.998144 -0.025253 0.246700 0.079771 0.020785 0.996597 0.000000 0.000000 0.000000 0.000000 1.000000
0.996561 -0.062674 -0.054211 0.000000 0.062969 0.998008 0.003739 0.246700 0.053868 -0.007139 0.998523 0.000000 0.000000 0.000000 0.000000 1.000000
0.997910 -0.062715 -0.015570 0.000000 0.063165 0.997541 0.030362 0.246700 0.013628 -0.031282 0.999418 -0.000000 0.000000 0.000000 0.000000 1.000000
0.998360 -0.054582 0.017287 0.000000 0.053621 0.997212 0.051900 0.246700 -0.020071 -0.050888 0.998503 -0.000000 0.000000 0.000000 0.000000 1.000000
0.997626 -0.049699 0.047666 -0.000000 0.046984 0.997297 0.056485 0.246700 -0.050344 -0.054111 0.997265 -0.000000 0.000000 0.000000 0.000000 1.000000
0.994365 -0.045924 0.095543 0.000000 0.041316 0.997911 0.049667 0.246700 -0.097624 -0.045440 0.994185 0.000000 0.000000 0.000000 0.000000 1.000000
0.988321 -0.034878 0.148344 0.000000 0.028397 0.998557 0.045581 0.246700 -0.149720 -0.040836 0.987885 0.000000 0.000000 0.000000 0.000000 1.000000
0.982611 -0.023873 0.184136 0.000000 0.016405 0.998984 0.041978 0.246700 -0.184951 -0.038227 0.982004 0.000000 0.000000 0.000000 0.000000 1.000000
0.977180 -0.016041 0.211805 -0.000000 0.009173 0.999401 0.033370 0.246700 -0.212214 -0.030665 0.976742 0.000000 0.000000 0.000000 0.000000 1.000000
0.972050 -0.008705 0.234611 -0.000000 0.003103 0.999701 0.024237 0.246700 -0.234752 -0.022832 0.971787 -0.000000 0.000000 0.000000 0.000000 1.000000
0.967264 -0.000425 0.253773 0.000000 -0.003794 0.999863 0.016136 0.246700 -0.253745 -0.016570 0.967129 0.000000 0.000000 0.000000 0.000000 1.000000
0.963054 0.007735 0.269197 -0.000000 -0.009784 0.999932 0.006270 0.246700 -0.269130 -0.008673 0.963065 -0.000000 0.000000 0.000000 0.000000 1.000000
0.960037 0.013423 0.279552 0.000000 -0.012872 0.999910 -0.003809 0.246700 -0.279578 0.000058 0.960123 0.000000 0.000000 0.000000 0.000000 1.000000
0.957762 0.016714 0.287077 0.000000 -0.013747 0.999829 -0.012349 0.246700 -0.287234 0.007881 0.957828 0.000000 0.000000 0.000000 0.000000 1.000000
0.955787 0.019426 0.293417 0.000000 -0.014307 0.999706 -0.019583 0.246700 -0.293711 0.014520 0.955784 0.000000 0.000000 0.000000 0.000000 1.000000
0.953952 0.022909 0.299082 0.000000 -0.015669 0.999524 -0.026584 0.246700 -0.299549 0.020673 0.953857 0.000000 0.000000 0.000000 0.000000 1.000000
0.952004 0.025887 0.304989 0.000000 -0.016127 0.999275 -0.034479 0.246700 -0.305661 0.027906 0.951732 -0.000000 0.000000 0.000000 0.000000 1.000000
0.951081 0.027504 0.307715 -0.000000 -0.016061 0.999084 -0.039660 0.246700 -0.308524 0.032777 0.950652 0.000000 0.000000 0.000000 0.000000 1.000000
0.951707 0.027186 0.305801 -0.000000 -0.014461 0.998936 -0.043800 0.246700 -0.306667 0.037263 0.951087 -0.000000 0.000000 0.000000 0.000000 1.000000
0.952900 0.028286 0.301964 0.000000 -0.014373 0.998734 -0.048197 0.246700 -0.302945 0.041587 0.952100 0.000000 0.000000 0.000000 0.000000 1.000000
0.955097 0.030429 0.294727 0.000000 -0.016401 0.998617 -0.049950 0.246700 -0.295839 0.042873 0.954275 0.000000 0.000000 0.000000 0.000000 1.000000
0.959018 0.030847 0.281662 0.000000 -0.017686 0.998635 -0.049150 0.246700 -0.282794 0.042155 0.958254 0.000000 0.000000 0.000000 0.000000 1.000000
0.964408 0.031610 0.262521 0.000000 -0.020045 0.998712 -0.046616 0.246700 -0.263656 0.039694 0.963800 0.000000 0.000000 0.000000 0.000000 1.000000
0.970578 0.032688 0.238556 0.000000 -0.023097 0.998813 -0.042891 0.246700 -0.239675 0.036119 0.970181 0.000000 0.000000 0.000000 0.000000 1.000000
0.975743 0.033718 0.216308 0.000000 -0.025496 0.998846 -0.040690 0.246700 -0.217431 0.034188 0.975477 0.000000 0.000000 0.000000 0.000000 1.000000
0.980025 0.039627 0.194888 0.000000 -0.032675 0.998714 -0.038761 0.246700 -0.196173 0.031619 0.980059 0.000000 0.000000 0.000000 0.000000 1.000000
0.984382 0.046943 0.169670 -0.000000 -0.041178 0.998454 -0.037345 0.246700 -0.171161 0.029775 0.984793 0.000000 0.000000 0.000000 0.000000 1.000000
0.988526 0.053022 0.141436 0.000000 -0.047882 0.998072 -0.039502 0.246700 -0.143258 0.032277 0.989159 0.000000 0.000000 0.000000 0.000000 1.000000
0.991548 0.056752 0.116667 -0.000000 -0.051932 0.997683 -0.043951 0.246700 -0.118891 0.037521 0.992198 -0.000000 0.000000 0.000000 0.000000 1.000000
0.992878 0.060168 0.102822 0.000000 -0.055605 0.997361 -0.046682 0.246700 -0.105359 0.040633 0.993604 0.000000 0.000000 0.000000 0.000000 1.000000
0.993512 0.061058 0.095951 0.000000 -0.056383 0.997121 -0.050700 0.246700 -0.098770 0.044961 0.994094 -0.000000 0.000000 0.000000 0.000000 1.000000
0.994027 0.063469 0.088781 0.000000 -0.058762 0.996774 -0.054668 0.246700 -0.091964 0.049125 0.994550 0.000000 0.000000 0.000000 0.000000 1.000000
0.994360 0.070049 0.079638 0.000000 -0.065632 0.996226 -0.056797 0.246700 -0.083316 0.051250 0.995204 0.000000 0.000000 0.000000 0.000000 1.000000
0.994676 0.075236 0.070419 0.000000 -0.070902 0.995546 -0.062142 0.246700 -0.074781 0.056818 0.995580 0.000000 0.000000 0.000000 0.000000 1.000000
0.994947 0.079987 0.060685 -0.000000 -0.075808 0.994781 -0.068296 0.246700 -0.065831 0.063351 0.995818 -0.000000 0.000000 0.000000 0.000000 1.000000
0.995137 0.084367 0.050840 -0.000000 -0.080418 0.993916 -0.075256 0.246700 -0.056879 0.070801 0.995867 -0.000000 0.000000 0.000000 0.000000 1.000000
0.995387 0.086022 0.042495 0.000000 -0.082200 0.993009 -0.084715 0.246700 -0.049485 0.080831 0.995499 0.000000 0.000000 0.000000 0.000000 1.000000
0.995845 0.084978 0.032730 0.000000 -0.081544 0.992144 -0.094875 0.246700 -0.040535 0.091811 0.994951 -0.000000 0.000000 0.000000 0.000000 1.000000
0.996356 0.082123 0.023010 0.000000 -0.079353 0.991535 -0.102771 0.246700 -0.031255 0.100571 0.994439 0.000000 0.000000 0.000000 0.000000 1.000000
0.996641 0.080370 0.015724 0.000000 -0.078239 0.991168 -0.107073 0.246700 -0.024191 0.105484 0.994127 0.000000 0.000000 0.000000 0.000000 1.000000
0.996723 0.080259 0.010137 -0.000000 -0.078632 0.990627 -0.111688 0.246700 -0.019006 0.110525 0.993692 -0.000000 0.000000 0.000000 0.000000 1.000000
0.996744 0.080312 0.007130 0.000000 -0.078944 0.990085 -0.116191 0.246700 -0.016391 0.115249 0.993201 0.000000 0.000000 0.000000 0.000000 1.000000
0.996753 0.080382 0.004642 0.000000 -0.079250 0.989628 -0.119819 0.246700 -0.014226 0.119062 0.992785 0.000000 0.000000 0.000000 0.000000 1.000000
0.996615 0.082151 0.003138 0.000000 -0.081139 0.989046 -0.123307 0.246700 -0.013234 0.122634 0.992364 0.000000 0.000000 0.000000 0.000000 1.000000
0.996383 0.084904 0.003448 0.000000 -0.083788 0.988429 -0.126444 0.246700 -0.014143 0.125698 0.991968 0.000000 0.000000 0.000000 0.000000 1.000000
0.996232 0.086692 0.002352 0.000000 -0.085658 0.987866 -0.129550 0.246700 -0.013554 0.128861 0.991570 0.000000 0.000000 0.000000 0.000000 1.000000
0.996084 0.088409 0.000712 0.000000 -0.087541 0.987372 -0.132038 0.246700 -0.012376 0.131458 0.991244 0.000000 0.000000 0.000000 0.000000 1.000000
0.995903 0.090419 0.000832 -0.000000 -0.089487 0.986876 -0.134418 0.246700 -0.012975 0.133793 0.990924 0.000000 0.000000 0.000000 0.000000 1.000000
0.995753 0.092045 0.002092 -0.000000 -0.090889 0.986371 -0.137156 0.246700 -0.014688 0.136383 0.990547 0.000000 0.000000 0.000000 0.000000 1.000000
0.995574 0.093936 0.002890 0.000000 -0.092609 0.985812 -0.139996 0.246700 -0.016000 0.139108 0.990148 0.000000 0.000000 0.000000 0.000000 1.000000
0.995390 0.095821 0.004056 -0.000000 -0.094279 0.985375 -0.141945 0.246700 -0.017598 0.140909 0.989866 0.000000 0.000000 0.000000 0.000000 1.000000
0.995287 0.096868 0.004548 -0.000000 -0.095206 0.984979 -0.144059 0.246700 -0.018434 0.142947 0.989559 0.000000 0.000000 0.000000 0.000000 1.000000
0.995260 0.097135 0.004743 0.000000 -0.095400 0.984628 -0.146310 0.246700 -0.018882 0.145164 0.989227 0.000000 0.000000 0.000000 0.000000 1.000000
0.995248 0.097218 0.005433 -0.000000 -0.095374 0.984565 -0.146749 0.246700 -0.019616 0.145534 0.989159 0.000000 0.000000 0.000000 0.000000 1.000000
0.995240 0.097265 0.006016 -0.000000 -0.095331 0.984540 -0.146944 0.246700 -0.020215 0.145671 0.989126 0.000000 0.000000 0.000000 0.000000 1.000000</float_array><technique_common><accessor source="#mixamorig_Spine1-Matrix-animation-output-transform-array" count="67" stride="16"><param type="float4x4"/></accessor></technique_common></source><source id="mixamorig_Spine1-Interpolations"><Name_array id="mixamorig_Spine1-Interpolations-array" count="67">
 LINEAR LINEAR LINEAR LINEAR LINEAR LINEAR LINEAR LINEAR LINEAR LINEAR LINEAR
LINEAR LINEAR LINEAR LINEAR LINEAR LINEAR LINEAR LINEAR LINEAR LINEAR LINEAR LINEAR
LINEAR LINEAR LINEAR LINEAR LINEAR LINEAR LINEAR LINEAR LINEAR LINEAR LINEAR LINEAR
LINEAR LINEAR LINEAR LINEAR LINEAR LINEAR LINEAR LINEAR LINEAR LINEAR LINEAR LINEAR
LINEAR LINEAR LINEAR LINEAR LINEAR LINEAR LINEAR LINEAR LINEAR LINEAR LINEAR LINEAR
LINEAR LINEAR LINEAR LINEAR LINEAR LINEAR LINEAR LINEAR</Name_array><technique_common><accessor source="#mixamorig_Spine1-Interpolations-array" count="67"><param type="name"/></accessor></technique_common></source><sampler id="mixamorig_Spine1-Matrix-animation-transform"><input semantic="INPUT" source="#mixamorig_Spine1-Matrix-animation-input"/><input semantic="OUTPUT" source="#mixamorig_Spine1-Matrix-animation-output-transform"/><input semantic="INTERPOLATION" source="#mixamorig_Spine1-Interpolations"/></sampler><channel source="#mixamorig_Spine1-Matrix-animation-transform" target="mixamorig_Spine1/matrix"/></animation>
    <animation id="mixamorig_Spine2-anim" name="mixamorig_Spine2"><source id="mixamorig_Spine2-Matrix-animation-input"><float_array id="mixamorig_Spine2-Matrix-animation-input-array" count="67">

0.000000 0.033333 0.066667 0.100000 0.133333 0.166667 0.200000 0.233333 0.266667 0.300000 0.333333 0.366667 0.400000 0.433333 0.466667 0.500000
0.533333 0.566667 0.600000 0.633333 0.666667 0.700000 0.733333 0.766667 0.800000 0.833333 0.866667 0.900000 0.933333 0.966667 1.000000 1.033333
1.066667 1.100000 1.133333 1.166667 1.200000 1.233333 1.266667 1.300000 1.333333 1.366667 1.400000 1.433333 1.466667 1.500000 1.533333 1.566667
1.600000 1.633333 1.666667 1.700000 1.733333 1.766667 1.800000 1.833333 1.866667 1.900000 1.933333 1.966667 2.000000 2.033333 2.066667 2.100000
2.133333 2.166667 2.200000</float_array><technique_common><accessor source="#mixamorig_Spine2-Matrix-animation-input-array" count="67"><param name="TIME" type="float"/></accessor></technique_common></source><source id="mixamorig_Spine2-Matrix-animation-output-transform"><float_array id="mixamorig_Spine2-Matrix-animation-output-transform-array" count="1072">

0.995241 0.097257 0.006018 -0.000000 -0.095315 0.984484 -0.147332 0.282000 -0.020253 0.146057 0.989069 -0.000000 0.000000 0.000000 0.000000 1.000000
0.995378 0.095878 0.005453 0.000000 -0.094087 0.985007 -0.144601 0.282000 -0.019235 0.143419 0.989475 0.000000 0.000000 0.000000 0.000000 1.000000
0.995616 0.093480 0.003127 -0.000000 -0.092067 0.985367 -0.143439 0.282000 -0.016490 0.142523 0.989654 -0.000000 0.000000 0.000000 0.000000 1.000000
0.996181 0.087069 -0.006557 -0.000000 -0.087137 0.986554 -0.138272 0.282000 -0.005570 0.138315 0.990373 0.000000 0.000000 0.000000 0.000000 1.000000
0.996887 0.076056 -0.020758 0.000000 -0.078151 0.988015 -0.133114 0.282000 0.010385 0.134322 0.990883 0.000000 0.000000 0.000000 0.000000 1.000000
0.997401 0.059435 -0.040727 -0.000000 -0.064204 0.989687 -0.128050 0.282000 0.032697 0.130332 0.990931 0.000000 0.000000 0.000000 0.000000 1.000000
0.997320 0.036845 -0.063208 -0.000000 -0.044394 0.991474 -0.122508 0.282000 0.058155 0.124986 0.990453 -0.000000 0.000000 0.000000 0.000000 1.000000
0.996460 0.012990 -0.083058 0.000000 -0.022446 0.993233 -0.113945 0.282000 0.081016 0.115406 0.990009 0.000000 0.000000 0.000000 0.000000 1.000000
