<?xml version="1.0" encoding="utf-8"?>
<COLLADA xmlns="http://www.collada.org/2005/11/COLLADASchema" version="1.4.1">
  <asset><contributor><author>Mixamo</author><authoring_tool>COLLADA Mixamo exporter</authoring_tool><comments></comments></contributor><created>2020-03-30T00:11:12Z</created><modified>2020-03-30T00:11:12Z</modified><revision></revision><title></title><unit meter="0.010000"/><up_axis>Y_UP</up_axis></asset>
  <library_animations>
    <animation id="mixamorig_Hips-anim" name="mixamorig_Hips"><source id="mixamorig_Hips-Matrix-animation-input"><float_array id="mixamorig_Hips-Matrix-animation-input-array" count="67">

0.000000 0.033333 0.066667 0.100000 0.133333 0.166667 0.200000 0.233333 0.266667 0.300000 0.333333 0.366667 0.400000 0.433333 0.466667 0.500000
0.533333 0.566667 0.600000 0.633333 0.666667 0.700000 0.733333 0.766667 0.800000 0.833333 0.866667 0.900000 0.933333 0.966667 1.000000 1.033333
1.066667 1.100000 1.133333 1.166667 1.200000 1.233333 1.266667 1.300000 1.333333 1.366667 1.400000 1.433333 1.466667 1.500000 1.533333 1.566667
1.600000 1.633333 1.666667 1.700000 1.733333 1.766667 1.800000 1.833333 1.866667 1.900000 1.933333 1.966667 2.000000 2.033333 2.066667 2.100000
2.133333 2.166667 2.200000</float_array><technique_common><accessor source="#mixamorig_Hips-Matrix-animation-input-array" count="67"><param name="TIME" type="float"/></accessor></technique_common></source><source id="mixamorig_Hips-Matrix-animation-output-transform"><float_array id="mixamorig_Hips-Matrix-animation-output-transform-array" count="1072">

0.522267 -0.054664 -0.851028 0.736158 0.059766 0.997836 -0.027417 50.134079 0.850685 -0.036543 0.524403 -0.198998 0.000000 0.000000 0.000000 1.000000
0.506026 -0.053046 -0.860886 0.676094 0.060498 0.997832 -0.025924 50.053349 0.860394 -0.038964 0.508138 -0.082743 0.000000 0.000000 0.000000 1.000000
0.479255 -0.050027 -0.876249 0.561365 0.061119 0.997853 -0.023541 49.944733 0.875545 -0.042274 0.481284 0.121261 0.000000 0.000000 0.000000 1.000000
0.426268 -0.042365 -0.903605 0.232312 0.059514 0.998052 -0.018718 49.893867 0.902637 -0.045798 0.427959 0.589910 0.000000 0.000000 0.000000 1.000000
0.390749 -0.034672 -0.919844 -0.200306 0.055292 0.998370 -0.014144 50.113159 0.918835 -0.045333 0.392029 1.045068 0.000000 0.000000 0.000000 1.000000
0.392173 -0.031158 -0.919364 -0.641555 0.047594 0.998775 -0.013547 50.571125 0.918659 -0.038444 0.393176 1.401231 0.000000 0.000000 0.000000 1.000000
0.435220 -0.037397 -0.899547 -1.052308 0.034069 0.999105 -0.025053 51.222046 0.899679 -0.019743 0.436105 1.682746 0.000000 0.000000 0.000000 1.000000
0.509662 -0.055708 -0.858569 -1.408864 0.026767 0.998445 -0.048895 51.931538 0.859958 0.001938 0.510361 1.918373 0.000000 0.000000 0.000000 1.000000
0.605487 -0.075337 -0.792281 -1.677459 0.036051 0.997084 -0.067260 52.608437 0.795038 0.012163 0.606438 2.017604 0.000000 0.000000 0.000000 1.000000
0.704112 -0.088751 -0.704521 -1.997069 0.053621 0.995971 -0.071876 52.898594 0.708062 0.012831 0.706034 2.198399 0.000000 0.000000 0.000000 1.000000
0.800641 -0.090574 -0.592259 -2.444655 0.063776 0.995775 -0.066067 52.315132 0.595741 0.015124 0.803034 2.564743 0.000000 0.000000 0.000000 1.000000
0.898682 -0.078661 -0.431489 -3.233552 0.062967 0.996734 -0.050561 51.164639 0.434057 0.018269 0.900700 3.119673 0.000000 0.000000 0.000000 1.000000
0.973825 -0.060907 -0.218988 -4.081970 0.056100 0.998029 -0.028111 49.844181 0.220269 0.015090 0.975322 3.980843 0.000000 0.000000 0.000000 1.000000
0.998908 -0.046696 0.001464 -4.615291 0.046702 0.998900 -0.004200 48.218674 -0.001266 0.004263 0.999990 4.957778 0.000000 0.000000 0.000000 1.000000
0.982262 -0.038290 0.183562 -4.762681 0.036307 0.999240 0.014155 46.495148 -0.183964 -0.007240 0.982906 5.835229 0.000000 0.000000 0.000000 1.000000
0.946121 -0.038211 0.321552 -4.818809 0.029629 0.999063 0.031542 44.826336 -0.322456 -0.020315 0.946367 6.445080 0.000000 0.000000 0.000000 1.000000
0.908682 -0.050448 0.414431 -4.771647 0.028994 0.997901 0.057901 43.233032 -0.416482 -0.040598 0.908237 6.687661 0.000000 0.000000 0.000000 1.000000
0.887019 -0.075114 0.455582 -4.662252 0.038712 0.995303 0.088729 41.732758 -0.460107 -0.061068 0.885761 6.452000 0.000000 0.000000 0.000000 1.000000
0.866910 -0.097572 0.488822 -4.759575 0.051273 0.992908 0.107261 40.456650 -0.495821 -0.067922 0.865765 6.004494 0.000000 0.000000 0.000000 1.000000
0.831152 -0.109564 0.545144 -5.114048 0.058717 0.992208 0.109893 39.516388 -0.552936 -0.059329 0.831109 5.630023 0.000000 0.000000 0.000000 1.000000
0.786374 -0.120011 0.605982 -5.516800 0.065690 0.991631 0.111141 38.854359 -0.614248 -0.047592 0.787676 5.258178 0.000000 0.000000 0.000000 1.000000
0.740624 -0.125581 0.660080 -6.013359 0.069272 0.991415 0.110893 38.392967 -0.668339 -0.036405 0.742965 4.888997 0.000000 0.000000 0.000000 1.000000
0.692506 -0.124623 0.710566 -6.549712 0.071136 0.991962 0.104648 38.110203 -0.717896 -0.021922 0.695805 4.675498 0.000000 0.000000 0.000000 1.000000
0.639539 -0.122786 0.758889 -7.041609 0.075300 0.992421 0.097114 37.951340 -0.765062 -0.004964 0.643938 4.555082 0.000000 0.000000 0.000000 1.000000
0.588520 -0.119159 0.799654 -7.475721 0.076927 0.992845 0.091331 37.888004 -0.804815 0.007765 0.593475 4.502886 0.000000 0.000000 0.000000 1.000000
0.546161 -0.113260 0.829988 -7.795585 0.076625 0.993418 0.085140 37.907829 -0.834168 0.017098 0.551245 4.460947 0.000000 0.000000 0.000000 1.000000
0.517796 -0.104516 0.849096 -7.975711 0.079757 0.994084 0.073725 37.967209 -0.851778 0.029547 0.523069 4.487847 0.000000 0.000000 0.000000 1.000000
0.504385 -0.094164 0.858329 -8.082092 0.084146 0.994665 0.059674 38.058403 -0.859369 0.042127 0.509618 4.590024 0.000000 0.000000 0.000000 1.000000
0.500662 -0.086780 0.861282 -8.157686 0.087313 0.994951 0.049493 38.189968 -0.861228 0.050422 0.505711 4.714459 0.000000 0.000000 0.000000 1.000000
0.504947 -0.081133 0.859329 -8.206666 0.088884 0.995167 0.041730 38.388893 -0.858562 0.055309 0.509719 4.848507 0.000000 0.000000 0.000000 1.000000
0.520330 -0.076462 0.850536 -8.226393 0.086503 0.995580 0.036582 38.698429 -0.849573 0.054539 0.524644 4.952081 0.000000 0.000000 0.000000 1.000000
0.550209 -0.071078 0.831996 -8.179955 0.082626 0.996115 0.030457 39.127865 -0.830929 0.051987 0.553945 5.033659 0.000000 0.000000 0.000000 1.000000
0.590123 -0.062157 0.804917 -8.112563 0.076984 0.996821 0.020536 39.742584 -0.803635 0.049847 0.593032 5.085109 0.000000 0.000000 0.000000 1.000000
0.636120 -0.051194 0.769890 -8.019451 0.070304 0.997492 0.008240 40.526829 -0.768381 0.048885 0.638123 5.099406 0.000000 0.000000 0.000000 1.000000
0.686664 -0.039585 0.725896 -7.865131 0.065466 0.997827 -0.007513 41.513687 -0.724021 0.052681 0.687763 5.046498 0.000000 0.000000 0.000000 1.000000
0.743313 -0.026304 0.668426 -7.663354 0.060293 0.997794 -0.027783 42.694344 -0.666221 0.060953 0.743259 4.950103 0.000000 0.000000 0.000000 1.000000
0.807880 -0.012098 0.589223 -7.400420 0.050652 0.997515 -0.048967 44.031750 -0.587167 0.069405 0.806485 4.798505 0.000000 0.000000 0.000000 1.000000
0.870372 -0.003375 0.492383 -7.017285 0.044837 0.996365 -0.072428 45.392941 -0.490349 0.085116 0.867360 4.613968 0.000000 0.000000 0.000000 1.000000
0.923065 -0.002740 0.384634 -6.540531 0.040677 0.995063 -0.090531 46.720673 -0.382487 0.099212 0.918619 4.511545 0.000000 0.000000 0.000000 1.000000
0.964586 -0.007323 0.263667 -6.071994 0.033918 0.994759 -0.096454 47.870281 -0.261579 0.101981 0.959779 4.373316 0.000000 0.000000 0.000000 1.000000
0.991647 -0.012456 0.128378 -5.662508 0.025129 0.994911 -0.097575 48.669521 -0.126509 0.099986 0.986913 4.012927 0.000000 0.000000 0.000000 1.000000
0.999673 -0.019501 -0.016549 -5.168773 0.017713 0.994620 -0.102061 49.257462 0.018450 0.101735 0.994640 3.563128 0.000000 0.000000 0.000000 1.000000
0.986707 -0.024111 -0.160714 -4.502204 0.007843 0.994846 -0.101099 49.808254 0.162323 0.098494 0.981810 3.257966 0.000000 0.000000 0.000000 1.000000
0.954940 -0.028705 -0.295409 -3.750488 0.000194 0.995373 -0.096091 50.363960 0.296800 0.091704 0.950526 3.156440 0.000000 0.000000 0.000000 1.000000
0.910382 -0.037640 -0.412053 -3.012594 -0.000807 0.995690 -0.092738 50.857071 0.413768 0.084760 0.906428 3.226819 0.000000 0.000000 0.000000 1.000000
0.856866 -0.036996 -0.514210 -2.395362 -0.007376 0.996440 -0.083982 51.275047 0.515487 0.075754 0.853543 3.377836 0.000000 0.000000 0.000000 1.000000
0.797432 -0.037477 -0.602243 -1.883139 -0.011887 0.996900 -0.077777 51.623016 0.603291 0.069181 0.794515 3.494842 0.000000 0.000000 0.000000 1.000000
0.736715 -0.040889 -0.674966 -1.551629 -0.012874 0.997141 -0.074458 51.734909 0.676081 0.063544 0.734083 3.442354 0.000000 0.000000 0.000000 1.000000
0.678174 -0.039892 -0.733818 -1.349213 -0.015580 0.997521 -0.068626 51.764137 0.734736 0.057973 0.675871 3.198377 0.000000 0.000000 0.000000 1.000000
0.631581 -0.034679 -0.774534 -1.165492 -0.016567 0.998167 -0.058201 51.955139 0.775133 0.049590 0.629849 2.814752 0.000000 0.000000 0.000000 1.000000
0.597943 -0.031822 -0.800906 -0.930867 -0.014852 0.998600 -0.050765 52.149353 0.801401 0.042249 0.596634 2.378989 0.000000 0.000000 0.000000 1.000000
0.571733 -0.036345 -0.819635 -0.740847 -0.010258 0.998624 -0.051438 52.241676 0.820376 0.037817 0.570573 1.963502 0.000000 0.000000 0.000000 1.000000
0.550818 -0.042356 -0.833550 -0.570449 -0.002821 0.998611 -0.052607 52.321838 0.834620 0.031328 0.549934 1.591586 0.000000 0.000000 0.000000 1.000000
0.531671 -0.047688 -0.845607 -0.393933 0.004769 0.998566 -0.053316 52.414604 0.846937 0.024314 0.531136 1.295673 0.000000 0.000000 0.000000 1.000000
0.515829 -0.051718 -0.855129 -0.237487 0.011922 0.998513 -0.053198 52.508194 0.856608 0.017246 0.515679 1.062434 0.000000 0.000000 0.000000 1.000000
0.502941 -0.053592 -0.862657 -0.103199 0.018308 0.998512 -0.051358 52.571781 0.864127 0.010037 0.503174 0.855634 0.000000 0.000000 0.000000 1.000000
0.492137 -0.053980 -0.868843 0.007874 0.023873 0.998537 -0.048515 52.561497 0.870191 0.003134 0.492705 0.681735 0.000000 0.000000 0.000000 1.000000
0.489642 -0.053845 -0.870260 0.107711 0.029631 0.998542 -0.045110 52.429714 0.871420 -0.003699 0.490523 0.522728 0.000000 0.000000 0.000000 1.000000
0.493384 -0.056265 -0.867990 0.208737 0.037250 0.998357 -0.043542 52.206947 0.869014 -0.010850 0.494669 0.371815 0.000000 0.000000 0.000000 1.000000
0.496365 -0.059261 -0.866089 0.300486 0.043652 0.998109 -0.043277 51.931030 0.867016 -0.016325 0.498013 0.235788 0.000000 0.000000 0.000000 1.000000
0.497665 -0.059791 -0.865306 0.395707 0.047542 0.998002 -0.041617 51.597389 0.866066 -0.020426 0.499513 0.125928 0.000000 0.000000 0.000000 1.000000
0.499637 -0.059548 -0.864186 0.492493 0.051478 0.997912 -0.039000 51.238579 0.864704 -0.025001 0.501660 0.045762 0.000000 0.000000 0.000000 1.000000
0.503072 -0.060394 -0.862132 0.572970 0.054960 0.997772 -0.037826 50.889328 0.862495 -0.028353 0.505270 -0.023726 0.000000 0.000000 0.000000 1.000000
0.508703 -0.058572 -0.858947 0.642005 0.057137 0.997780 -0.034200 50.574017 0.859044 -0.031680 0.510920 -0.094157 0.000000 0.000000 0.000000 1.000000
0.516465 -0.055368 -0.854516 0.699485 0.058697 0.997849 -0.029180 50.314545 0.854294 -0.035087 0.518605 -0.160164 0.000000 0.000000 0.000000 1.000000
0.520113 -0.054777 -0.852339 0.722297 0.059404 0.997845 -0.027879 50.203991 0.852029 -0.036132 0.522246 -0.186078 0.000000 0.000000 0.000000 1.000000
0.522267 -0.054664 -0.851028 0.736158 0.059766 0.997836 -0.027417 50.134079 0.850685 -0.036543 0.524403 -0.198998 0.000000 0.000000 0.000000 1.000000</float_array><technique_common><accessor source="#mixamorig_Hips-Matrix-animation-output-transform-array" count="67" stride="16"><param type="float4x4"/></accessor></technique_common></source><source id="mixamorig_Hips-Interpolations"><Name_array id="mixamorig_Hips-Interpolations-array" count="67">
 LINEAR LINEAR LINEAR LINEAR LINEAR LINEAR LINEAR LINEAR LINEAR LINEAR LINEAR
LINEAR LINEAR LINEAR LINEAR LINEAR LINEAR LINEAR LINEAR LINEAR LINEAR LINEAR LINEAR
LINEAR LINEAR LINEAR LINEAR LINEAR LINEAR LINEAR LINEAR LINEAR LINEAR LINEAR LINEAR
LINEAR LINEAR LINEAR LINEAR LINEAR LINEAR LINEAR LINEAR LINEAR LINEAR LINEAR LINEAR
LINEAR LINEAR LINEAR LINEAR LINEAR LINEAR LINEAR LINEAR LINEAR LINEAR LINEAR LINEAR
LINEAR LINEAR LINEAR LINEAR LINEAR LINEAR LINEAR LINEAR</Name_array><technique_common><accessor source="#mixamorig_Hips-Interpolations-array" count="67"><param type="name"/></accessor></technique_common></source><sampler id="mixamorig_Hips-Matrix-animation-transform"><input semantic="INPUT" source="#mixamorig_Hips-Matrix-animation-input"/><input semantic="OUTPUT" source="#mixamorig_Hips-Matrix-animation-output-transform"/><input semantic="INTERPOLATION" source="#mixamorig_Hips-Interpolations"/></sampler><channel source="#mixamorig_Hips-Matrix-animation-transform" target="mixamorig_Hips/matrix"/></animation>
    <animation id="mixamorig_Spine-anim" name="mixamorig_Spine"><source id="mixamorig_Spine-Matrix-animation-input"><float_array id="mixamorig_Spine-Matrix-animation-input-array" count="67">

0.000000 0.033333 0.066667 0.100000 0.133333 0.166667 0.200000 0.233333 0.266667 0.300000 0.333333 0.366667 0.400000 0.433333 0.466667 0.500000
0.533333 0.566667 0.600000 0.633333 0.666667 0.700000 0.733333 0.766667 0.800000 0.833333 0.866667 0.900000 0.933333 0.966667 1.000000 1.033333
1.066667 1.100000 1.133333 1.166667 1.200000 1.233333 1.266667 1.300000 1.333333 1.366667 1.400000 1.433333 1.466667 1.500000 1.533333 1.566667
1.600000 1.633333 1.666667 1.700000 1.733333 1.766667 1.800000 1.833333 1.866667 1.900000 1.933333 1.966667 2.000000 2.033333 2.066667 2.100000
2.133333 2.166667 2.200000</float_array><technique_common><accessor source="#mixamorig_Spine-Matrix-animation-input-array" count="67"><param name="TIME" type="float"/></accessor></technique_common></source><source id="mixamorig_Spine-Matrix-animation-output-transform"><float_array id="mixamorig_Spine-Matrix-animation-output-transform-array" count="1072">

0.999226 0.038020 0.010113 -0.000000 -0.037307 0.997304 -0.063190 16.216101 -0.012488 0.062764 0.997950 -2.336500 0.000000 0.000000 0.000000 1.000000
0.999260 0.037257 0.009606 0.000000 -0.036594 0.997416 -0.061825 16.216101 -0.011885 0.061427 0.998041 -2.336500 0.000000 0.000000 0.000000 1.000000
0.999319 0.036008 0.008120 0.000000 -0.035445 0.997491 -0.061284 16.216101 -0.010306 0.060954 0.998087 -2.336500 0.000000 0.000000 0.000000 1.000000
0.999453 0.032981 0.002475 -0.000000 -0.032779 0.997729 -0.058848 16.216101 -0.004410 0.058735 0.998264 -2.336500 0.000000 0.000000 0.000000 1.000000
0.999595 0.027903 -0.005601 0.000000 -0.028175 0.998007 -0.056465 16.216101 0.004015 0.056600 0.998389 -2.336500 0.000000 0.000000 0.000000 1.000000
0.999654 0.020390 -0.016623 0.000000 -0.021263 0.998306 -0.054148 16.216101 0.015491 0.054483 0.998395 -2.336500 0.000000 0.000000 0.000000 1.000000
0.999537 0.009571 -0.028873 -0.000000 -0.011050 0.998610 -0.051533 16.216101 0.028340 0.051828 0.998254 -2.336500 0.000000 0.000000 0.000000 1.000000
0.999202 -0.002525 -0.039854 0.000000 0.000638 0.998881 -0.047289 16.216101 0.039929 0.047226 0.998086 -2.336500 0.000000 0.000000 0.000000 1.000000
0.998735 -0.008964 -0.049475 0.000000 0.006965 0.999158 -0.040428 16.216101 0.049796 0.040032 0.997957 -2.336500 0.000000 0.000000 0.000000 1.000000
0.998576 -0.010564 -0.052287 0.000000 0.008849 0.999419 -0.032917 16.216101 0.052604 0.032408 0.998089 -2.336500 0.000000 0.000000 0.000000 1.000000
0.998706 -0.014652 -0.048694 0.000000 0.013424 0.999586 -0.025442 16.216101 0.049046 0.024756 0.998490 -2.336500 0.000000 0.000000 0.000000 1.000000
0.998766 -0.023356 -0.043835 -0.000000 0.022688 0.999620 -0.015658 16.216101 0.044184 0.014644 0.998916 -2.336500 0.000000 0.000000 0.000000 1.000000
0.998720 -0.034191 -0.037267 -0.000000 0.034143 0.999415 -0.001933 16.216101 0.037312 0.000658 0.999303 -2.336500 0.000000 0.000000 0.000000 1.000000
0.998812 -0.043279 -0.022410 0.000000 0.043561 0.998976 0.012227 16.216101 0.021857 -0.013189 0.999674 -2.336500 0.000000 0.000000 0.000000 1.000000
0.998756 -0.049873 0.000288 0.000000 0.049850 0.998436 0.025315 16.216101 -0.001550 -0.025269 0.999679 -2.336500 0.000000 0.000000 0.000000 1.000000
0.998549 -0.049364 0.021507 -0.000000 0.048565 0.998165 0.036173 16.216101 -0.023253 -0.035076 0.999114 -2.336500 0.000000 0.000000 0.000000 1.000000
0.997891 -0.049399 0.042102 0.000000 0.047777 0.998108 0.038699 16.216101 -0.043934 -0.036606 0.998364 -2.336500 0.000000 0.000000 0.000000 1.000000
0.996127 -0.050822 0.071748 -0.000000 0.048351 0.998190 0.035771 16.216101 -0.073436 -0.032164 0.996781 -2.336500 0.000000 0.000000 0.000000 1.000000
0.993385 -0.048454 0.104107 0.000000 0.045074 0.998385 0.034583 16.216101 -0.105615 -0.029662 0.993965 -2.336500 0.000000 0.000000 0.000000 1.000000
0.990727 -0.044539 0.128363 -0.000000 0.040542 0.998613 0.033587 16.216101 -0.129681 -0.028071 0.991158 -2.336500 0.000000 0.000000 0.000000 1.000000
0.988107 -0.041153 0.148160 -0.000000 0.037119 0.998864 0.029887 16.216101 -0.149221 -0.024032 0.988512 -2.336500 0.000000 0.000000 0.000000 1.000000
0.985658 -0.037219 0.164599 -0.000000 0.033421 0.999109 0.025781 16.216101 -0.165412 -0.019910 0.986024 -2.336500 0.000000 0.000000 0.000000 1.000000
0.983298 -0.032411 0.179096 0.000000 0.028908 0.999337 0.022136 16.216101 -0.179695 -0.016589 0.983583 -2.336500 0.000000 0.000000 0.000000 1.000000
0.981234 -0.027327 0.190875 0.000000 0.024435 0.999548 0.017489 16.216101 -0.191267 -0.012497 0.981459 -2.336500 0.000000 0.000000 0.000000 1.000000
0.979774 -0.023621 0.198707 0.000000 0.021551 0.999689 0.012575 16.216101 -0.198942 -0.008038 0.979978 -2.336500 0.000000 0.000000 0.000000 1.000000
0.978739 -0.021171 0.204016 0.000000 0.019894 0.999768 0.008311 16.216101 -0.204144 -0.004076 0.978932 -2.336500 0.000000 0.000000 0.000000 1.000000
0.977801 -0.018802 0.208689 0.000000 0.018236 0.999823 0.004639 16.216101 -0.208740 -0.000730 0.977971 -2.336500 0.000000 0.000000 0.000000 1.000000
0.977008 -0.016292 0.212581 -0.000000 0.016426 0.999864 0.001132 16.216101 -0.212571 0.002386 0.977143 -2.336500 0.000000 0.000000 0.000000 1.000000
0.976376 -0.014656 0.215581 -0.000000 0.015621 0.999874 -0.002775 16.216101 -0.215513 0.006077 0.976482 -2.336500 0.000000 0.000000 0.000000 1.000000
0.976351 -0.013778 0.215753 0.000000 0.015297 0.999869 -0.005372 16.216101 -0.215650 0.008545 0.976433 -2.336500 0.000000 0.000000 0.000000 1.000000
0.977017 -0.013683 0.212723 0.000000 0.015654 0.999849 -0.007584 16.216101 -0.212587 0.010740 0.977083 -2.336500 0.000000 0.000000 0.000000 1.000000
0.977963 -0.013281 0.208356 -0.000000 0.015671 0.999829 -0.009825 16.216101 -0.208190 0.012874 0.978004 -2.336500 0.000000 0.000000 0.000000 1.000000
0.979429 -0.012092 0.201425 0.000000 0.014551 0.999837 -0.010734 16.216101 -0.201263 0.013444 0.979445 -2.336500 0.000000 0.000000 0.000000 1.000000
0.981558 -0.011276 0.190832 0.000000 0.013531 0.999853 -0.010519 16.216101 -0.190685 0.012907 0.981566 -2.336500 0.000000 0.000000 0.000000 1.000000
0.984302 -0.009882 0.176215 -0.000000 0.011742 0.999886 -0.009513 16.216101 -0.176100 0.011433 0.984306 -2.336500 0.000000 0.000000 0.000000 1.000000
0.987342 -0.008309 0.158385 -0.000000 0.009689 0.999922 -0.007944 16.216101 -0.158307 0.009378 0.987345 -2.336500 0.000000 0.000000 0.000000 1.000000
0.990030 -0.006954 0.140688 0.000000 0.008037 0.999942 -0.007135 16.216101 -0.140630 0.008195 0.990028 -2.336500 0.000000 0.000000 0.000000 1.000000
0.992317 -0.002969 0.123689 0.000000 0.003784 0.999973 -0.006354 16.216101 -0.123666 0.006773 0.992301 -2.336500 0.000000 0.000000 0.000000 1.000000
0.994436 0.002141 0.105319 0.000000 -0.001528 0.999981 -0.005902 16.216101 -0.105330 0.005709 0.994421 -2.336500 0.000000 0.000000 0.000000 1.000000
0.996211 0.008311 0.086575 0.000000 -0.007698 0.999943 -0.007418 16.216101 -0.086632 0.006723 0.996218 -2.336500 0.000000 0.000000 0.000000 1.000000
0.997310 0.016847 0.071336 0.000000 -0.016163 0.999818 -0.010148 16.216101 -0.071494 0.008968 0.997401 -2.336500 0.000000 0.000000 0.000000 1.000000
0.997692 0.026290 0.062603 0.000000 -0.025598 0.999602 -0.011816 16.216101 -0.062889 0.010186 0.997969 -2.336500 0.000000 0.000000 0.000000 1.000000
0.997822 0.032722 0.057284 0.000000 -0.031970 0.999391 -0.013992 16.216101 -0.057707 0.012130 0.998260 -2.336500 0.000000 0.000000 0.000000 1.000000
0.997948 0.037413 0.051954 0.000000 -0.036625 0.999200 -0.016039 16.216101 -0.052512 0.014103 0.998521 -2.336500 0.000000 0.000000 0.000000 1.000000
0.998100 0.040694 0.046265 -0.000000 -0.039942 0.999056 -0.017072 16.216101 -0.046916 0.015192 0.998783 -2.336500 0.000000 0.000000 0.000000 1.000000
0.998393 0.039418 0.040723 -0.000000 -0.038640 0.999058 -0.019726 16.216101 -0.041463 0.018120 0.998976 -2.336500 0.000000 0.000000 0.000000 1.000000
0.998740 0.035767 0.035211 -0.000000 -0.034975 0.999127 -0.022845 16.216101 -0.035998 0.021584 0.999119 -2.336500 0.000000 0.000000 0.000000 1.000000
0.998995 0.032867 0.030472 0.000000 -0.032065 0.999136 -0.026441 16.216101 -0.031314 0.025437 0.999186 -2.336500 0.000000 0.000000 0.000000 1.000000
0.999150 0.031347 0.026770 0.000000 -0.030504 0.999044 -0.031314 16.216101 -0.027726 0.030471 0.999151 -2.336500 0.000000 0.000000 0.000000 1.000000
0.999278 0.031097 0.021838 -0.000000 -0.030285 0.998872 -0.036569 16.216101 -0.022950 0.035881 0.999092 -2.336500 0.000000 0.000000 0.000000 1.000000
0.999376 0.031170 0.016607 0.000000 -0.030473 0.998708 -0.040673 16.216101 -0.017853 0.040141 0.999035 -2.336500 0.000000 0.000000 0.000000 1.000000
0.999436 0.031030 0.012852 0.000000 -0.030453 0.998614 -0.042935 16.216101 -0.014166 0.042519 0.998995 -2.336500 0.000000 0.000000 0.000000 1.000000
0.999453 0.031490 0.010109 0.000000 -0.031002 0.998491 -0.045327 16.216101 -0.011521 0.044989 0.998921 -2.336500 0.000000 0.000000 0.000000 1.000000
0.999451 0.031992 0.008643 0.000000 -0.031545 0.998367 -0.047624 16.216101 -0.010153 0.047325 0.998828 -2.336500 0.000000 0.000000 0.000000 1.000000
0.999455 0.032158 0.007455 0.000000 -0.031751 0.998270 -0.049484 16.216101 -0.009034 0.049220 0.998747 -2.336500 0.000000 0.000000 0.000000 1.000000
0.999432 0.033005 0.006851 0.000000 -0.032611 0.998153 -0.051263 16.216101 -0.008530 0.051010 0.998662 -2.336500 0.000000 0.000000 0.000000 1.000000
0.999392 0.034119 0.007210 0.000000 -0.033691 0.998034 -0.052846 16.216101 -0.008999 0.052571 0.998577 -2.336500 0.000000 0.000000 0.000000 1.000000
0.999367 0.034914 0.006828 0.000000 -0.034492 0.997922 -0.054431 16.216101 -0.008714 0.054161 0.998494 -2.336500 0.000000 0.000000 0.000000 1.000000
0.999343 0.035708 0.006210 0.000000 -0.035307 0.997822 -0.055715 16.216101 -0.008186 0.055459 0.998427 -2.336500 0.000000 0.000000 0.000000 1.000000
0.999313 0.036478 0.006500 0.000000 -0.036050 0.997728 -0.056917 16.216101 -0.008561 0.056644 0.998358 -2.336500 0.000000 0.000000 0.000000 1.000000
0.999290 0.036940 0.007346 -0.000000 -0.036450 0.997634 -0.058287 16.216101 -0.009482 0.057978 0.998273 -2.336500 0.000000 0.000000 0.000000 1.000000
0.999265 0.037488 0.007974 -0.000000 -0.036946 0.997531 -0.059716 16.216101 -0.010192 0.059377 0.998184 -2.336500 0.000000 0.000000 0.000000 1.000000
0.999238 0.038031 0.008796 0.000000 -0.037429 0.997455 -0.060688 16.216101 -0.011082 0.060312 0.998118 -2.336500 0.000000 0.000000 0.000000 1.000000
0.999225 0.038278 0.009199 -0.000000 -0.037638 0.997381 -0.061754 16.216101 -0.011539 0.061360 0.998049 -2.336500 0.000000 0.000000 0.000000 1.000000
0.999226 0.038206 0.009403 0.000000 -0.037541 0.997314 -0.062889 16.216101 -0.011780 0.062487 0.997976 -2.336500 0.000000 0.000000 0.000000 1.000000
0.999226 0.038102 0.009797 -0.000000 -0.037410 0.997306 -0.063100 16.216101 -0.012174 0.062685 0.997959 -2.336500 0.000000 0.000000 0.000000 1.000000
0.999226 0.038020 0.010113 -0.000000 -0.037307 0.997304 -0.063190 16.216101 -0.012488 0.062764 0.997950 -2.336500 0.000000 0.000000 0.000000 1.000000</float_array><technique_common><accessor source="#mixamorig_Spine-Matrix-animation-output-transform-array" count="67" stride="16"><param type="float4x4"/></accessor></technique_common></source><source id="mixamorig_Spine-Interpolations"><Name_array id="mixamorig_Spine-Interpolations-array" count="67">
 LINEAR LINEAR LINEAR LINEAR LINEAR LINEAR LINEAR LINEAR LINEAR LINEAR LINEAR
LINEAR LINEAR LINEAR LINEAR LINEAR LINEAR LINEAR LINEAR LINEAR LINEAR LINEAR LINEAR
LINEAR LINEAR LINEAR LINEAR LINEAR LINEAR LINEAR LINEAR LINEAR LINEAR LINEAR LINEAR
LINEAR LINEAR LINEAR LINEAR LINEAR LINEAR LINEAR LINEAR LINEAR LINEAR LINEAR LINEAR
LINEAR LINEAR LINEAR LINEAR LINEAR LINEAR LINEAR LINEAR LINEAR LINEAR LINEAR LINEAR
LINEAR LINEAR LINEAR LINEAR LINEAR LINEAR LINEAR LINEAR</Name_array><technique_common><accessor source="#mixamorig_Spine-Interpolations-array" count="67"><param type="name"/></accessor></technique_common></source><sampler id="mixamorig_Spine-Matrix-animation-transform"><input semantic="INPUT" source="#mixamorig_Spine-Matrix-animation-input"/><input semantic="OUTPUT" source="#mixamorig_Spine-Matrix-animation-output-transform"/><input semantic="INTERPOLATION" source="#mixamorig_Spine-Interpolations"/></sampler><channel source="#mixamorig_Spine-Matrix-animation-transform" target="mixamorig_Spine/matrix"/></animation>
    <animation id="mixamorig_Spine1-anim" name="mixamorig_Spine1"><source id="mixamorig_Spine1-Matrix-animation-input"><float_array id="mixamorig_Spine1-Matrix-animation-input-array" count="67">

0.000000 0.033333 0.066667 0.100000 0.133333 0.166667 0.200000 0.233333 0.266667 0.300000 0.333333 0.366667 0.400000 0.433333 0.466667 0.500000
0.533333 0.566667 0.600000 0.633333 0.666667 0.700000 0.733333 0.766667 0.800000 0.833333 0.866667 0.900000 0.933333 0.966667 1.000000 1.033333
1.066667 1.100000 1.133333 1.166667 1.200000 1.233333 1.266667 1.300000 1.333333 1.366667 1.400000 1.433333 1.466667 1.500000 1.533333 1.566667
1.600000 1.633333 1.666667 1.700000 1.733333 1.766667 1.800000 1.833333 1.866667 1.900000 1.933333 1.966667 2.000000 2.033333 2.066667 2.100000
2.133333 2.166667 2.200000</float_array><technique_common><accessor source="#mixamorig_Spine1-Matrix-animation-input-array" count="67"><param name="TIME" type="float"/></accessor></technique_common></source><source id="mixamorig_Spine1-Matrix-animation-output-transform"><float_array id="mixamorig_Spine1-Matrix-animation-output-transform-array" count="1072">

0.995240 0.096531 0.013354 0.000000 -0.093529 0.984662 -0.147283 9.477100 -0.027366 0.145333 0.989004 -1.486900 0.000000 0.000000 0.000000 1.000000
0.995377 0.095200 0.012687 0.000000 -0.092382 0.985177 -0.144543 9.477100 -0.026259 0.142703 0.989417 -1.486900 0.000000 0.000000 0.000000 1.000000
0.995616 0.092984 0.010186 0.000000 -0.090574 0.985516 -0.143369 9.477100 -0.023369 0.141818 0.989617 -1.486900 0.000000 0.000000 0.000000 1.000000
0.996180 0.087324 0.000046 -0.000000 -0.086480 0.986626 -0.138171 9.477100 -0.012111 0.137639 0.990408 -1.486900 0.000000 0.000000 0.000000 1.000000
0.996887 0.077416 -0.014949 -0.000000 -0.078719 0.987992 -0.132948 9.477100 0.004477 0.133711 0.991010 -1.486900 0.000000 0.000000 0.000000 1.000000
0.997400 0.062353 -0.036118 -0.000000 -0.066490 0.989573 -0.127768 9.477100 0.027775 0.129837 0.991146 -1.486900 0.000000 0.000000 0.000000 1.000000
0.997320 0.041528 -0.060243 0.000000 -0.048652 0.991330 -0.122056 9.477100 0.054652 0.124660 0.990693 -1.486900 0.000000 0.000000 0.000000 1.000000
0.996460 0.019242 -0.081840 0.000000 -0.028486 0.993150 -0.113321 9.477100 0.079098 0.115251 0.990182 -1.486900 0.000000 0.000000 0.000000 1.000000
0.995016 0.003705 -0.099648 -0.000000 -0.013705 0.994907 -0.099860 9.477100 0.098771 0.100728 0.989999 -1.486900 0.000000 0.000000 0.000000 1.000000
0.994502 -0.007305 -0.104467 0.000000 -0.001697 0.996309 -0.085820 9.477100 0.104708 0.085525 0.990819 -1.486900 0.000000 0.000000 0.000000 1.000000
0.995005 -0.019542 -0.097890 0.000000 0.012534 0.997348 -0.071697 9.477100 0.099032 0.070111 0.992611 -1.486900 0.000000 0.000000 0.000000 1.000000
0.995166 -0.037012 -0.090965 -0.000000 0.032304 0.998088 -0.052690 9.477100 0.092741 0.049497 0.994459 -1.486900 0.000000 0.000000 0.000000 1.000000
0.995272 -0.051146 -0.082575 0.000000 0.049227 0.998472 -0.025111 9.477100 0.083733 0.020927 0.996268 -1.486900 0.000000 0.000000 0.000000 1.000000
0.996561 -0.058396 -0.058795 -0.000000 0.058715 0.998268 0.003719 9.477100 0.058476 -0.007159 0.998263 -1.486900 0.000000 0.000000 0.000000 1.000000
0.997910 -0.061358 -0.020268 -0.000000 0.061954 0.997621 0.030226 9.477100 0.018365 -0.031418 0.999338 -1.486900 0.000000 0.000000 0.000000 1.000000
0.998360 -0.055733 0.013110 -0.000000 0.054985 0.997143 0.051797 9.477100 -0.015959 -0.050991 0.998572 -1.486900 0.000000 0.000000 0.000000 1.000000
0.997626 -0.053161 0.043771 0.000000 0.050656 0.997118 0.056473 9.477100 -0.046647 -0.054122 0.997444 -1.486900 0.000000 0.000000 0.000000 1.000000
0.994365 -0.053018 0.091797 -0.000000 0.048580 0.997571 0.049924 9.477100 -0.094220 -0.045183 0.994526 -1.486900 0.000000 0.000000 0.000000 1.000000
0.988321 -0.045995 0.145282 -0.000000 0.039638 0.998138 0.046359 9.477100 -0.147144 -0.040059 0.988304 -1.486900 0.000000 0.000000 0.000000 1.000000
0.982611 -0.037729 0.181803 0.000000 0.030343 0.998604 0.043237 9.477100 -0.183181 -0.036968 0.982384 -1.486900 0.000000 0.000000 0.000000 1.000000
0.977180 -0.032012 0.209986 0.000000 0.025194 0.999067 0.035063 9.477100 -0.210912 -0.028972 0.977076 -1.486900 0.000000 0.000000 0.000000 1.000000
0.972051 -0.026421 0.233280 0.000000 0.020846 0.999436 0.026334 9.477100 -0.233845 -0.020735 0.972053 -1.486900 0.000000 0.000000 0.000000 1.000000
0.967264 -0.019614 0.253014 0.000000 0.015405 0.999708 0.018606 9.477100 -0.253306 -0.014099 0.967284 -1.486900 0.000000 0.000000 0.000000 1.000000
0.963054 -0.012643 0.269011 0.000000 0.010595 0.999903 0.009064 9.477100 -0.269099 -0.005879 0.963095 -1.486900 0.000000 0.000000 0.000000 1.000000
0.960037 -0.007755 0.279767 -0.000000 0.008307 0.999965 -0.000787 9.477100 -0.279751 0.003080 0.960068 -1.486900 0.000000 0.000000 0.000000 1.000000
0.957762 -0.005042 0.287519 -0.000000 0.008013 0.999926 -0.009156 9.477100 -0.287452 0.011073 0.957731 -1.486900 0.000000 0.000000 0.000000 1.000000
0.955787 -0.002817 0.294046 0.000000 0.007944 0.999837 -0.016243 9.477100 -0.293952 0.017860 0.955653 -1.486900 0.000000 0.000000 0.000000 1.000000
0.953952 0.000227 0.299959 0.000000 0.007027 0.999708 -0.023107 9.477100 -0.299876 0.024151 0.953672 -1.486900 0.000000 0.000000 0.000000 1.000000
0.952004 0.002750 0.306073 -0.000000 0.007033 0.999499 -0.030857 9.477100 -0.306005 0.031528 0.951508 -1.486900 0.000000 0.000000 0.000000 1.000000
0.951081 0.004156 0.308913 0.000000 0.007315 0.999326 -0.035968 9.477100 -0.308855 0.036469 0.950410 -1.486900 0.000000 0.000000 0.000000 1.000000
0.951707 0.003983 0.306981 0.000000 0.008770 0.999155 -0.040155 9.477100 -0.306882 0.040908 0.950868 -1.486900 0.000000 0.000000 0.000000 1.000000
0.952900 0.005371 0.303238 0.000000 0.008576 0.998966 -0.044643 9.477100 -0.303165 0.045141 0.951868 -1.486900 0.000000 0.000000 0.000000 1.000000
0.955097 0.008054 0.296185 -0.000000 0.006017 0.998897 -0.046566 9.477100 -0.296233 0.046257 0.953995 -1.486900 0.000000 0.000000 0.000000 1.000000
0.959018 0.009460 0.283189 0.000000 0.003749 0.998931 -0.046066 9.477100 -0.283322 0.045239 0.957957 -1.486900 0.000000 0.000000 0.000000 1.000000
0.964408 0.011668 0.264160 -0.000000 -0.000050 0.999034 -0.043944 9.477100 -0.264418 0.042366 0.963477 -1.486900 0.000000 0.000000 0.000000 1.000000
0.970578 0.014555 0.240345 0.000000 -0.004907 0.999160 -0.040693 9.477100 -0.240735 0.038317 0.969834 -1.486900 0.000000 0.000000 0.000000 1.000000
0.975743 0.017265 0.218239 -0.000000 -0.008982 0.999203 -0.038890 9.477100 -0.218736 0.035987 0.975120 -1.486900 0.000000 0.000000 0.000000 1.000000
0.980025 0.024776 0.197326 0.000000 -0.017747 0.999146 -0.037313 9.477100 -0.198082 0.033066 0.979627 -1.486900 0.000000 0.000000 0.000000 1.000000
0.984382 0.033979 0.172734 0.000000 -0.028117 0.998946 -0.036272 9.477100 -0.173784 0.030849 0.984300 -1.486900 0.000000 0.000000 0.000000 1.000000
0.988526 0.042175 0.145040 0.000000 -0.036912 0.998565 -0.038789 9.477100 -0.146468 0.032990 0.988665 -1.486900 0.000000 0.000000 0.000000 1.000000
0.991548 0.047767 0.120624 0.000000 -0.042793 0.998136 -0.043501 9.477100 -0.122477 0.037971 0.991745 -1.486900 0.000000 0.000000 0.000000 1.000000
0.992878 0.052221 0.107077 0.000000 -0.047479 0.997796 -0.046364 9.477100 -0.109262 0.040950 0.993169 -1.486900 0.000000 0.000000 0.000000 1.000000
0.993512 0.053627 0.100293 0.000000 -0.048753 0.997536 -0.050439 9.477100 -0.102751 0.045222 0.993679 -1.486900 0.000000 0.000000 0.000000 1.000000
0.994027 0.056574 0.093326 0.000000 -0.051639 0.997179 -0.054469 9.477100 -0.096144 0.049324 0.994145 -1.486900 0.000000 0.000000 0.000000 1.000000
0.994360 0.063827 0.084707 0.000000 -0.059144 0.996639 -0.056688 9.477100 -0.088040 0.051358 0.994792 -1.486900 0.000000 0.000000 0.000000 1.000000
0.994676 0.069695 0.075907 -0.000000 -0.065044 0.995947 -0.062114 9.477100 -0.079928 0.056846 0.995178 -1.486900 0.000000 0.000000 0.000000 1.000000
0.994947 0.075169 0.066560 0.000000 -0.070613 0.995160 -0.068346 9.477100 -0.071376 0.063301 0.995439 -1.486900 0.000000 0.000000 0.000000 1.000000
0.995137 0.080281 0.057074 -0.000000 -0.075887 0.994263 -0.075377 9.477100 -0.062798 0.070680 0.995520 -1.486900 0.000000 0.000000 0.000000 1.000000
0.995387 0.082562 0.048878 0.000000 -0.078222 0.993316 -0.084880 9.477100 -0.055560 0.080665 0.995192 -1.486900 0.000000 0.000000 0.000000 1.000000
0.995845 0.082260 0.039062 0.000000 -0.078246 0.992391 -0.095069 9.477100 -0.046585 0.091617 0.994704 -1.486900 0.000000 0.000000 0.000000 1.000000
0.996356 0.080148 0.029154 0.000000 -0.076762 0.991717 -0.102977 9.477100 -0.037166 0.100364 0.994256 -1.486900 0.000000 0.000000 0.000000 1.000000
0.996641 0.078951 0.021756 0.000000 -0.076186 0.991305 -0.107287 9.477100 -0.030038 0.105270 0.993990 -1.486900 0.000000 0.000000 0.000000 1.000000
0.996723 0.079263 0.016177 0.000000 -0.076970 0.990733 -0.111913 9.477100 -0.024898 0.110301 0.993586 -1.486900 0.000000 0.000000 0.000000 1.000000
0.996744 0.079543 0.013183 -0.000000 -0.077479 0.990173 -0.116420 9.477100 -0.022314 0.115020 0.993113 -1.486900 0.000000 0.000000 0.000000 1.000000
0.996753 0.079801 0.010707 0.000000 -0.077947 0.989703 -0.120053 9.477100 -0.020178 0.118828 0.992710 -1.486900 0.000000 0.000000 0.000000 1.000000
0.996615 0.081679 0.009342 0.000000 -0.079906 0.989116 -0.123553 9.477100 -0.019332 0.122388 0.992294 -1.486900 0.000000 0.000000 0.000000 1.000000
0.996383 0.084400 0.009858 0.000000 -0.082479 0.988505 -0.126706 9.477100 -0.020439 0.125435 0.991891 -1.486900 0.000000 0.000000 0.000000 1.000000
0.996232 0.086266 0.008901 0.000000 -0.084388 0.987939 -0.129826 9.477100 -0.019993 0.128585 0.991497 -1.486900 0.000000 0.000000 0.000000 1.000000
0.996084 0.088102 0.007396 0.000000 -0.086355 0.987437 -0.132326 9.477100 -0.018961 0.131169 0.991179 -1.486900 0.000000 0.000000 0.000000 1.000000
0.995903 0.090098 0.007667 0.000000 -0.088250 0.986946 -0.134720 9.477100 -0.019705 0.133491 0.990854 -1.486900 0.000000 0.000000 0.000000 1.000000
0.995753 0.091623 0.009046 0.000000 -0.089519 0.986453 -0.137466 9.477100 -0.021519 0.136072 0.990465 -1.486900 0.000000 0.000000 0.000000 1.000000
0.995574 0.093449 0.009985 0.000000 -0.091134 0.985903 -0.140317 9.477100 -0.022957 0.138786 0.990056 -1.486900 0.000000 0.000000 0.000000 1.000000
0.995390 0.095240 0.011291 -0.000000 -0.092678 0.985478 -0.142278 9.477100 -0.024677 0.140576 0.989762 -1.486900 0.000000 0.000000 0.000000 1.000000
0.995287 0.096246 0.011860 0.000000 -0.093540 0.985089 -0.144398 9.477100 -0.025581 0.142608 0.989449 -1.486900 0.000000 0.000000 0.000000 1.000000
0.995260 0.096498 0.012075 0.000000 -0.093699 0.984741 -0.146650 9.477100 -0.026042 0.144824 0.989115 -1.486900 0.000000 0.000000 0.000000 1.000000
0.995248 0.096529 0.012769 0.000000 -0.093617 0.984683 -0.147089 9.477100 -0.026772 0.145194 0.989041 -1.486900 0.000000 0.000000 0.000000 1.000000
0.995240 0.096531 0.013354 0.000000 -0.093529 0.984662 -0.147283 9.477100 -0.027366 0.145333 0.989004 -1.486900 0.000000 0.000000 0.000000 1.000000</float_array><technique_common><accessor source="#mixamorig_Spine1-Matrix-animation-output-transform-array" count="67" stride="16"><param type="float4x4"/></accessor></technique_common></source><source id="mixamorig_Spine1-Interpolations"><Name_array id="mixamorig_Spine1-Interpolations-array" count="67">
 LINEAR LINEAR LINEAR LINEAR LINEAR LINEAR LINEAR LINEAR LINEAR LINEAR LINEAR
LINEAR LINEAR LINEAR LINEAR LINEAR LINEAR LINEAR LINEAR LINEAR LINEAR LINEAR LINEAR
LINEAR LINEAR LINEAR LINEAR LINEAR LINEAR LINEAR LINEAR LINEAR LINEAR LINEAR LINEAR
LINEAR LINEAR LINEAR LINEAR LINEAR LINEAR LINEAR LINEAR LINEAR LINEAR LINEAR LINEAR
LINEAR LINEAR LINEAR LINEAR LINEAR LINEAR LINEAR LINEAR LINEAR LINEAR LINEAR LINEAR
LINEAR LINEAR LINEAR LINEAR LINEAR LINEAR LINEAR LINEAR</Name_array><technique_common><accessor source="#mixamorig_Spine1-Interpolations-array" count="67"><param type="name"/></accessor></technique_common></source><sampler id="mixamorig_Spine1-Matrix-animation-transform"><input semantic="INPUT" source="#mixamorig_Spine1-Matrix-animation-input"/><input semantic="OUTPUT" source="#mixamorig_Spine1-Matrix-animation-output-transform"/><input semantic="INTERPOLATION" source="#mixamorig_Spine1-Interpolations"/></sampler><channel source="#mixamorig_Spine1-Matrix-animation-transform" target="mixamorig_Spine1/matrix"/></animation>
    <animation id="mixamorig_Spine2-anim" name="mixamorig_Spine2"><source id="mixamorig_Spine2-Matrix-animation-input"><float_array id="mixamorig_Spine2-Matrix-animation-input-array" count="67">

0.000000 0.033333 0.066667 0.100000 0.133333 0.166667 0.200000 0.233333 0.266667 0.300000 0.333333 0.366667 0.400000 0.433333 0.466667 0.500000
0.533333 0.566667 0.600000 0.633333 0.666667 0.700000 0.733333 0.766667 0.800000 0.833333 0.866667 0.900000 0.933333 0.966667 1.000000 1.033333
1.066667 1.100000 1.133333 1.166667 1.200000 1.233333 1.266667 1.300000 1.333333 1.366667 1.400000 1.433333 1.466667 1.500000 1.533333 1.566667
1.600000 1.633333 1.666667 1.700000 1.733333 1.766667 1.800000 1.833333 1.866667 1.900000 1.933333 1.966667 2.000000 2.033333 2.066667 2.100000
2.133333 2.166667 2.200000</float_array><technique_common><accessor source="#mixamorig_Spine2-Matrix-animation-input-array" count="67"><param name="TIME" type="float"/></accessor></technique_common></source><source id="mixamorig_Spine2-Matrix-animation-output-transform"><float_array id="mixamorig_Spine2-Matrix-animation-output-transform-array" count="1072">

0.995241 0.096523 0.013355 -0.000000 -0.093510 0.984606 -0.147670 12.786900 -0.027403 0.145719 0.988946 -1.438600 0.000000 0.000000 0.000000 1.000000
0.995378 0.095191 0.012688 0.000000 -0.092363 0.985121 -0.144931 12.786900 -0.026295 0.143089 0.989360 -1.438600 0.000000 0.000000 0.000000 1.000000
0.995616 0.092976 0.010187 0.000000 -0.090556 0.985461 -0.143757 12.786900 -0.023405 0.142205 0.989561 -1.438600 0.000000 0.000000 0.000000 1.000000
0.996181 0.087315 0.000045 0.000000 -0.086467 0.986572 -0.138560 12.786900 -0.012143 0.138027 0.990354 -1.438600 0.000000 0.000000 0.000000 1.000000
0.996887 0.077408 -0.014948 0.000000 -0.078712 0.987940 -0.133337 12.786900 0.004446 0.134099 0.990958 -1.438600 0.000000 0.000000 0.000000 1.000000
0.997401 0.062344 -0.036116 0.000000 -0.066492 0.989522 -0.128157 12.786900 0.027748 0.130225 0.991096 -1.438600 0.000000 0.000000 0.000000 1.000000
0.997320 0.041520 -0.060241 0.000000 -0.048664 0.991281 -0.122445 12.786900 0.054632 0.125049 0.990645 -1.438600 0.000000 0.000000 0.000000 1.000000
