<?xml version="1.0" encoding="utf-8"?>
<COLLADA xmlns="http://www.collada.org/2005/11/COLLADASchema" version="1.4.1">
  <asset><contributor><author>Mixamo</author><authoring_tool>COLLADA Mixamo exporter</authoring_tool><comments></comments></contributor><created>2020-03-30T00:12:28Z</created><modified>2020-03-30T00:12:28Z</modified><revision></revision><title></title><unit meter="0.010000"/><up_axis>Y_UP</up_axis></asset>
  <library_animations>
    <animation id="mixamorig_Hips-anim" name="mixamorig_Hips"><source id="mixamorig_Hips-Matrix-animation-input"><float_array id="mixamorig_Hips-Matrix-animation-input-array" count="90">

0.000000 0.033333 0.066667 0.100000 0.133333 0.166667 0.200000 0.233333 0.266667 0.300000 0.333333 0.366667 0.400000 0.433333 0.466667 0.500000
0.533333 0.566667 0.600000 0.633333 0.666667 0.700000 0.733333 0.766667 0.800000 0.833333 0.866667 0.900000 0.933333 0.966667 1.000000 1.033333
1.066667 1.100000 1.133333 1.166667 1.200000 1.233333 1.266667 1.300000 1.333333 1.366667 1.400000 1.433333 1.466667 1.500000 1.533333 1.566667
1.600000 1.633333 1.666667 1.700000 1.733333 1.766667 1.800000 1.833333 1.866667 1.900000 1.933333 1.966667 2.000000 2.033333 2.066667 2.100000
2.133333 2.166667 2.200000 2.233333 2.266667 2.300000 2.333333 2.366667 2.400000 2.433333 2.466667 2.500000 2.533333 2.566667 2.600000 2.633333
2.666667 2.700000 2.733333 2.766667 2.800000 2.833333 2.866667 2.900000 2.933333 2.966667</float_array><technique_common><accessor source="#mixamorig_Hips-Matrix-animation-input-array" count="90"><param name="TIME" type="float"/></accessor></technique_common></source><source id="mixamorig_Hips-Matrix-animation-output-transform"><float_array id="mixamorig_Hips-Matrix-animation-output-transform-array" count="1440">

0.522267 -0.054664 -0.851028 0.736158 0.059766 0.997836 -0.027417 50.134079 0.850685 -0.036543 0.524403 -0.198998 0.000000 0.000000 0.000000 1.000000
0.489843 -0.071843 -0.868845 0.856295 0.079429 0.996132 -0.037587 50.001381 0.868185 -0.050600 0.493654 0.028797 0.000000 0.000000 0.000000 1.000000
0.414672 -0.095494 -0.904947 1.153413 0.099301 0.993288 -0.059314 49.720165 0.904537 -0.065266 0.421371 0.592351 0.000000 0.000000 0.000000 1.000000
0.331708 -0.120112 -0.935704 1.389285 0.118236 0.989334 -0.085081 49.471954 0.935943 -0.082412 0.342372 1.205924 0.000000 0.000000 0.000000 1.000000
0.245764 -0.147202 -0.958088 1.351018 0.137019 0.983753 -0.115997 49.283123 0.959597 -0.102768 0.261940 1.837992 0.000000 0.000000 0.000000 1.000000
0.146086 -0.168707 -0.974780 1.179626 0.152347 0.977434 -0.146335 48.921341 0.977471 -0.127127 0.168491 2.538435 0.000000 0.000000 0.000000 1.000000
0.036454 -0.186172 -0.981841 0.857705 0.164491 0.970211 -0.177859 48.487274 0.985705 -0.155021 0.065992 3.453835 0.000000 0.000000 0.000000 1.000000
-0.084301 -0.199256 -0.976315 0.376287 0.176471 0.961329 -0.211435 48.022461 0.980689 -0.190115 -0.045878 4.435359 0.000000 0.000000 0.000000 1.000000
-0.210754 -0.198866 -0.957097 -0.302323 0.180316 0.954379 -0.238007 47.601604 0.960765 -0.222741 -0.165281 5.371918 0.000000 0.000000 0.000000 1.000000
-0.328961 -0.184638 -0.926118 -1.160648 0.171172 0.952796 -0.250758 47.234634 0.928701 -0.241015 -0.281828 6.180665 0.000000 0.000000 0.000000 1.000000
-0.436535 -0.175198 -0.882464 -2.172547 0.152469 0.952263 -0.264478 46.901535 0.886674 -0.250002 -0.388984 6.821319 0.000000 0.000000 0.000000 1.000000
-0.540712 -0.171676 -0.823503 -3.263292 0.127713 0.950852 -0.282081 46.561199 0.831456 -0.257697 -0.492212 7.282942 0.000000 0.000000 0.000000 1.000000
-0.638566 -0.174705 -0.749474 -4.457399 0.096456 0.948041 -0.303174 46.228134 0.763498 -0.265888 -0.588536 7.493866 0.000000 0.000000 0.000000 1.000000
-0.720496 -0.178157 -0.670183 -5.590577 0.061520 0.946203 -0.317672 45.922352 0.690724 -0.270111 -0.670776 7.472859 0.000000 0.000000 0.000000 1.000000
-0.776724 -0.179712 -0.603659 -6.535705 0.030844 0.946427 -0.321442 45.696613 0.629086 -0.268291 -0.729569 7.220798 0.000000 0.000000 0.000000 1.000000
-0.808624 -0.176281 -0.561295 -7.285075 0.010453 0.949599 -0.313292 45.494202 0.588233 -0.259203 -0.766026 6.733427 0.000000 0.000000 0.000000 1.000000
-0.807298 -0.163351 -0.567085 -7.665204 0.003031 0.959768 -0.280779 45.354668 0.590136 -0.228391 -0.774324 6.146891 0.000000 0.000000 0.000000 1.000000
-0.770494 -0.154283 -0.618495 -7.703145 0.005248 0.968700 -0.248178 45.422760 0.637426 -0.194466 -0.745568 5.426466 0.000000 0.000000 0.000000 1.000000
-0.696213 -0.144283 -0.703185 -7.447373 0.008513 0.977863 -0.209071 45.590359 0.717785 -0.151545 -0.679573 4.618417 0.000000 0.000000 0.000000 1.000000
-0.593108 -0.123893 -0.795534 -7.038376 0.009584 0.986933 -0.160846 45.866425 0.805066 -0.103023 -0.584170 3.729332 0.000000 0.000000 0.000000 1.000000
-0.481518 -0.092455 -0.871546 -6.539056 0.008937 0.993851 -0.110367 46.342678 0.876391 -0.060932 -0.477730 2.771172 0.000000 0.000000 0.000000 1.000000
-0.384883 -0.057775 -0.921155 -6.047562 0.004219 0.997918 -0.064353 46.943398 0.922956 -0.028655 -0.383838 1.866540 0.000000 0.000000 0.000000 1.000000
-0.305845 -0.029981 -0.951609 -5.568096 -0.009664 0.999550 -0.028385 47.677872 0.952032 0.000515 -0.305998 1.007591 0.000000 0.000000 0.000000 1.000000
-0.214402 -0.000091 -0.976745 -5.145103 -0.028561 0.999573 0.006176 48.766636 0.976328 0.029221 -0.214313 0.134545 0.000000 0.000000 0.000000 1.000000
-0.106034 0.033268 -0.993806 -4.810548 -0.040960 0.998446 0.037793 50.134438 0.993519 0.044714 -0.104506 -0.797401 0.000000 0.000000 0.000000 1.000000
0.001790 0.074991 -0.997183 -4.588574 -0.054251 0.995723 0.074784 51.668350 0.998526 0.053964 0.005850 -1.710048 0.000000 0.000000 0.000000 1.000000
0.099888 0.112361 -0.988634 -4.417622 -0.062532 0.992348 0.106466 53.222153 0.993032 0.051186 0.106150 -2.490147 0.000000 0.000000 0.000000 1.000000
0.214837 0.132351 -0.967641 -4.207663 -0.067735 0.990409 0.120426 54.634857 0.974298 0.039671 0.221742 -3.238374 0.000000 0.000000 0.000000 1.000000
0.344960 0.139445 -0.928201 -3.924403 -0.079306 0.989697 0.119210 55.715275 0.935261 0.032489 0.352464 -3.949603 0.000000 0.000000 0.000000 1.000000
0.474292 0.129719 -0.870758 -3.584565 -0.087104 0.991146 0.100208 56.664246 0.876048 0.028319 0.481392 -4.678298 0.000000 0.000000 0.000000 1.000000
0.593476 0.109457 -0.797374 -3.294987 -0.088107 0.993591 0.070814 57.164185 0.800015 0.028228 0.599316 -5.393931 0.000000 0.000000 0.000000 1.000000
0.683587 0.070840 -0.726423 -3.223611 -0.087443 0.996059 0.014847 56.738277 0.724612 0.053371 0.687088 -6.068947 0.000000 0.000000 0.000000 1.000000
0.762377 0.035860 -0.646139 -3.270774 -0.085523 0.995289 -0.045670 55.474693 0.641457 0.090078 0.761852 -6.609970 0.000000 0.000000 0.000000 1.000000
0.846439 0.020705 -0.532083 -3.301786 -0.084688 0.991760 -0.096129 53.611763 0.525708 0.126428 0.841218 -7.024055 0.000000 0.000000 0.000000 1.000000
0.929118 0.016501 -0.369416 -3.223805 -0.075804 0.986287 -0.146598 50.572609 0.361931 0.164210 0.917628 -7.461004 0.000000 0.000000 0.000000 1.000000
0.975380 0.012640 -0.220167 -2.922724 -0.054188 0.981485 -0.183716 46.220829 0.213768 0.191123 0.958006 -7.575139 0.000000 0.000000 0.000000 1.000000
0.993439 0.002660 -0.114328 -2.590581 -0.025930 0.978931 -0.202540 41.829277 0.111380 0.204176 0.972577 -7.466154 0.000000 0.000000 0.000000 1.000000
0.999103 -0.012905 -0.040326 -2.311384 0.004140 0.977634 -0.210275 37.568146 0.042138 0.209919 0.976810 -7.236590 0.000000 0.000000 0.000000 1.000000
0.999466 -0.032011 0.006493 -2.188996 0.032661 0.976952 -0.210946 33.723961 0.000409 0.211046 0.977476 -7.018928 0.000000 0.000000 0.000000 1.000000
0.998154 -0.051782 0.031743 -2.179872 0.057272 0.976437 -0.208066 30.544060 -0.020221 0.209500 0.977599 -6.845472 0.000000 0.000000 0.000000 1.000000
0.996739 -0.069076 0.041716 -2.171388 0.076191 0.975897 -0.204498 28.208881 -0.026584 0.207010 0.977978 -6.678049 0.000000 0.000000 0.000000 1.000000
0.995710 -0.081018 0.044693 -2.173146 0.088442 0.975299 -0.202408 26.862167 -0.027190 0.205493 0.978281 -6.518658 0.000000 0.000000 0.000000 1.000000
0.995391 -0.084424 0.045497 -2.184886 0.091980 0.974707 -0.203683 26.666643 -0.027151 0.206929 0.977979 -6.403360 0.000000 0.000000 0.000000 1.000000
0.995698 -0.083527 0.040117 -2.090801 0.090115 0.973675 -0.209372 27.240864 -0.021572 0.212087 0.977013 -6.331137 0.000000 0.000000 0.000000 1.000000
0.995745 -0.084792 0.036098 -2.058412 0.090640 0.971860 -0.217424 28.020021 -0.016647 0.219771 0.975410 -6.308688 0.000000 0.000000 0.000000 1.000000
0.995949 -0.083589 0.033135 -2.027304 0.088911 0.970469 -0.224243 29.051603 -0.013412 0.226281 0.973970 -6.328727 0.000000 0.000000 0.000000 1.000000
0.996436 -0.079467 0.028281 -1.973164 0.083841 0.969865 -0.228765 30.331202 -0.009250 0.230321 0.973071 -6.379665 0.000000 0.000000 0.000000 1.000000
0.997094 -0.073144 0.021317 -1.923441 0.076110 0.968850 -0.235664 31.827065 -0.003416 0.236602 0.971601 -6.441107 0.000000 0.000000 0.000000 1.000000
0.997714 -0.064820 0.019112 -1.876775 0.067512 0.968596 -0.239299 33.524284 -0.003000 0.240042 0.970758 -6.476637 0.000000 0.000000 0.000000 1.000000
0.998132 -0.058857 0.016371 -1.838057 0.061064 0.969284 -0.238242 35.426445 -0.001846 0.238797 0.971068 -6.493448 0.000000 0.000000 0.000000 1.000000
0.998484 -0.053902 0.011148 -1.787397 0.055017 0.971166 -0.231970 37.480587 0.001677 0.232232 0.972659 -6.444669 0.000000 0.000000 0.000000 1.000000
0.998698 -0.050923 0.003042 -1.658483 0.050200 0.970392 -0.236263 39.647518 0.009079 0.236108 0.971684 -6.297842 0.000000 0.000000 0.000000 1.000000
0.998654 -0.049142 -0.016562 -1.449463 0.044101 0.972821 -0.227320 42.043465 0.027282 0.226284 0.973679 -6.101489 0.000000 0.000000 0.000000 1.000000
0.997521 -0.046200 -0.053083 -1.163238 0.033711 0.975847 -0.215838 44.557407 0.061773 0.213514 0.974985 -5.791790 0.000000 0.000000 0.000000 1.000000
0.992812 -0.046041 -0.110473 -0.686514 0.023954 0.980809 -0.193495 47.218449 0.117261 0.189458 0.974862 -5.354364 0.000000 0.000000 0.000000 1.000000
0.979741 -0.047360 -0.194590 -0.065416 0.013540 0.985076 -0.171584 49.822525 0.199812 0.165473 0.965761 -4.846650 0.000000 0.000000 0.000000 1.000000
0.954186 -0.050528 -0.294917 0.521540 0.005560 0.988462 -0.151365 51.736259 0.299162 0.142791 0.943458 -4.262458 0.000000 0.000000 0.000000 1.000000
0.912709 -0.058090 -0.404460 0.960294 0.004482 0.991207 -0.132246 53.116997 0.408586 0.118889 0.904944 -3.715183 0.000000 0.000000 0.000000 1.000000
0.852601 -0.063541 -0.518685 1.363679 0.006206 0.993741 -0.111535 54.266838 0.522525 0.091876 0.847659 -3.099637 0.000000 0.000000 0.000000 1.000000
0.777140 -0.060432 -0.626419 1.764693 0.003429 0.995771 -0.091810 55.205326 0.629318 0.069202 0.774060 -2.228105 0.000000 0.000000 0.000000 1.000000
0.686968 -0.053707 -0.724700 2.123510 0.002679 0.997446 -0.071381 55.987984 0.726683 0.047095 0.685357 -1.153632 0.000000 0.000000 0.000000 1.000000
0.584546 -0.046794 -0.810010 2.364046 0.010206 0.998681 -0.050328 56.606518 0.811296 0.021152 0.584253 0.037880 0.000000 0.000000 0.000000 1.000000
0.485537 -0.034471 -0.873536 2.294987 0.027896 0.999324 -0.023929 56.794350 0.873771 -0.012749 0.486171 1.054537 0.000000 0.000000 0.000000 1.000000
0.405046 -0.013577 -0.914195 2.050020 0.042628 0.999083 0.004049 56.611179 0.913302 -0.040611 0.405253 1.852535 0.000000 0.000000 0.000000 1.000000
0.348694 -0.000500 -0.937236 1.713152 0.058657 0.998051 0.021291 56.193806 0.935399 -0.062400 0.348044 2.341824 0.000000 0.000000 0.000000 1.000000
0.302990 0.001071 -0.952993 1.362763 0.076372 0.996756 0.025401 55.683624 0.949929 -0.080478 0.301925 2.630490 0.000000 0.000000 0.000000 1.000000
0.259863 0.005907 -0.965627 1.115001 0.086401 0.995828 0.029344 55.074669 0.961772 -0.091057 0.258269 2.778070 0.000000 0.000000 0.000000 1.000000
0.227827 0.016836 -0.973556 0.985724 0.088410 0.995363 0.037902 54.425301 0.969680 -0.094707 0.225282 2.790108 0.000000 0.000000 0.000000 1.000000
0.220901 0.022018 -0.975048 0.891321 0.085643 0.995445 0.041882 53.880630 0.971529 -0.092758 0.218009 2.653985 0.000000 0.000000 0.000000 1.000000
0.238986 0.014707 -0.970912 0.851279 0.082653 0.995948 0.035430 53.390072 0.967499 -0.088716 0.236802 2.373175 0.000000 0.000000 0.000000 1.000000
0.273519 0.006815 -0.961842 0.856584 0.079103 0.996428 0.029555 52.954151 0.958608 -0.084168 0.272003 2.064337 0.000000 0.000000 0.000000 1.000000
0.315738 0.000516 -0.948846 0.837761 0.077158 0.996674 0.026217 52.555710 0.945704 -0.081488 0.314649 1.741098 0.000000 0.000000 0.000000 1.000000
0.351906 -0.005581 -0.936019 0.841830 0.077443 0.996727 0.023172 52.242561 0.932826 -0.080642 0.351187 1.414147 0.000000 0.000000 0.000000 1.000000
0.371972 -0.009056 -0.928200 0.870483 0.079319 0.996605 0.022064 51.965328 0.924849 -0.081831 0.371428 1.174689 0.000000 0.000000 0.000000 1.000000
0.389140 -0.011047 -0.921112 0.889523 0.079177 0.996629 0.021497 51.728210 0.917769 -0.081296 0.388703 1.005406 0.000000 0.000000 0.000000 1.000000
0.410275 -0.013222 -0.911866 0.910233 0.077361 0.996795 0.020354 51.546421 0.908675 -0.078893 0.409983 0.863289 0.000000 0.000000 0.000000 1.000000
0.427254 -0.018622 -0.903940 0.937553 0.076712 0.996929 0.015721 51.386093 0.900871 -0.076060 0.427371 0.740278 0.000000 0.000000 0.000000 1.000000
0.438518 -0.021868 -0.898456 0.978567 0.075298 0.997083 0.012483 51.218285 0.895563 -0.073126 0.438885 0.641270 0.000000 0.000000 0.000000 1.000000
0.446421 -0.025523 -0.894459 1.025386 0.074138 0.997211 0.008547 51.030514 0.891746 -0.070129 0.447069 0.569715 0.000000 0.000000 0.000000 1.000000
0.453265 -0.030727 -0.890846 1.055086 0.072782 0.997344 0.002631 50.854736 0.888400 -0.066030 0.454297 0.502010 0.000000 0.000000 0.000000 1.000000
0.458502 -0.035223 -0.887995 1.080347 0.069829 0.997553 -0.003513 50.689438 0.885946 -0.060397 0.459840 0.441885 0.000000 0.000000 0.000000 1.000000
0.462456 -0.039203 -0.885775 1.098683 0.066408 0.997747 -0.009487 50.530479 0.884152 -0.054435 0.464017 0.393124 0.000000 0.000000 0.000000 1.000000
0.467559 -0.043222 -0.882905 1.097364 0.063076 0.997889 -0.015447 50.395561 0.881709 -0.048468 0.469298 0.345258 0.000000 0.000000 0.000000 1.000000
0.474565 -0.046604 -0.878986 1.073116 0.061968 0.997889 -0.019452 50.309265 0.878036 -0.045238 0.476451 0.290003 0.000000 0.000000 0.000000 1.000000
0.484043 -0.049118 -0.873664 1.013546 0.061373 0.997870 -0.022098 50.248459 0.872889 -0.042923 0.486027 0.195096 0.000000 0.000000 0.000000 1.000000
0.494575 -0.051121 -0.867630 0.942779 0.060787 0.997859 -0.024144 50.208305 0.867007 -0.040799 0.496623 0.090604 0.000000 0.000000 0.000000 1.000000
0.504884 -0.052678 -0.861578 0.868854 0.060340 0.997848 -0.025650 50.179634 0.861076 -0.039037 0.506976 -0.015189 0.000000 0.000000 0.000000 1.000000
0.513741 -0.053787 -0.856258 0.802637 0.060029 0.997840 -0.026665 50.161263 0.855843 -0.037702 0.515860 -0.108196 0.000000 0.000000 0.000000 1.000000
0.519932 -0.054451 -0.852470 0.754944 0.059844 0.997836 -0.027237 50.146893 0.852109 -0.036854 0.522066 -0.174595 0.000000 0.000000 0.000000 1.000000
0.522267 -0.054665 -0.851028 0.736158 0.059766 0.997836 -0.027417 50.134060 0.850685 -0.036543 0.524404 -0.199000 0.000000 0.000000 0.000000 1.000000</float_array><technique_common><accessor source="#mixamorig_Hips-Matrix-animation-output-transform-array" count="90" stride="16"><param type="float4x4"/></accessor></technique_common></source><source id="mixamorig_Hips-Interpolations"><Name_array id="mixamorig_Hips-Interpolations-array" count="90">
 LINEAR LINEAR LINEAR LINEAR LINEAR LINEAR LINEAR LINEAR LINEAR LINEAR LINEAR
LINEAR LINEAR LINEAR LINEAR LINEAR LINEAR LINEAR LINEAR LINEAR LINEAR LINEAR LINEAR
LINEAR LINEAR LINEAR LINEAR LINEAR LINEAR LINEAR LINEAR LINEAR LINEAR LINEAR LINEAR
LINEAR LINEAR LINEAR LINEAR LINEAR LINEAR LINEAR LINEAR LINEAR LINEAR LINEAR LINEAR
LINEAR LINEAR LINEAR LINEAR LINEAR LINEAR LINEAR LINEAR LINEAR LINEAR LINEAR LINEAR
LINEAR LINEAR LINEAR LINEAR LINEAR LINEAR LINEAR LINEAR LINEAR LINEAR LINEAR LINEAR
LINEAR LINEAR LINEAR LINEAR LINEAR LINEAR LINEAR LINEAR LINEAR LINEAR LINEAR LINEAR
LINEAR LINEAR LINEAR LINEAR LINEAR LINEAR LINEAR</Name_array><technique_common><accessor source="#mixamorig_Hips-Interpolations-array" count="90"><param type="name"/></accessor></technique_common></source><sampler id="mixamorig_Hips-Matrix-animation-transform"><input semantic="INPUT" source="#mixamorig_Hips-Matrix-animation-input"/><input semantic="OUTPUT" source="#mixamorig_Hips-Matrix-animation-output-transform"/><input semantic="INTERPOLATION" source="#mixamorig_Hips-Interpolations"/></sampler><channel source="#mixamorig_Hips-Matrix-animation-transform" target="mixamorig_Hips/matrix"/></animation>
    <animation id="mixamorig_Spine-anim" name="mixamorig_Spine"><source id="mixamorig_Spine-Matrix-animation-input"><float_array id="mixamorig_Spine-Matrix-animation-input-array" count="90">

0.000000 0.033333 0.066667 0.100000 0.133333 0.166667 0.200000 0.233333 0.266667 0.300000 0.333333 0.366667 0.400000 0.433333 0.466667 0.500000
0.533333 0.566667 0.600000 0.633333 0.666667 0.700000 0.733333 0.766667 0.800000 0.833333 0.866667 0.900000 0.933333 0.966667 1.000000 1.033333
1.066667 1.100000 1.133333 1.166667 1.200000 1.233333 1.266667 1.300000 1.333333 1.366667 1.400000 1.433333 1.466667 1.500000 1.533333 1.566667
1.600000 1.633333 1.666667 1.700000 1.733333 1.766667 1.800000 1.833333 1.866667 1.900000 1.933333 1.966667 2.000000 2.033333 2.066667 2.100000
2.133333 2.166667 2.200000 2.233333 2.266667 2.300000 2.333333 2.366667 2.400000 2.433333 2.466667 2.500000 2.533333 2.566667 2.600000 2.633333
2.666667 2.700000 2.733333 2.766667 2.800000 2.833333 2.866667 2.900000 2.933333 2.966667</float_array><technique_common><accessor source="#mixamorig_Spine-Matrix-animation-input-array" count="90"><param name="TIME" type="float"/></accessor></technique_common></source><source id="mixamorig_Spine-Matrix-animation-output-transform"><float_array id="mixamorig_Spine-Matrix-animation-output-transform-array" count="1440">

0.999226 0.038020 0.010113 -0.000000 -0.037307 0.997304 -0.063190 16.216101 -0.012488 0.062764 0.997950 -2.336500 0.000000 0.000000 0.000000 1.000000
0.999391 0.031218 0.015566 0.000000 -0.030170 0.997524 -0.063534 16.216101 -0.017511 0.063026 0.997858 -2.336500 0.000000 0.000000 0.000000 1.000000
0.999487 0.016625 0.027381 -0.000000 -0.014864 0.997883 -0.063318 16.216101 -0.028375 0.062878 0.997618 -2.336500 0.000000 0.000000 0.000000 1.000000
0.999239 0.001759 0.038956 -0.000000 0.000626 0.998130 -0.061126 16.216101 -0.038990 0.061104 0.997370 -2.336500 0.000000 0.000000 0.000000 1.000000
0.998798 -0.010038 0.047984 0.000000 0.012675 0.998408 -0.054965 16.216101 -0.047356 0.055507 0.997335 -2.336500 0.000000 0.000000 0.000000 1.000000
0.998277 -0.018594 0.055651 0.000000 0.021366 0.998538 -0.049645 16.216101 -0.054646 0.050749 0.997215 -2.336500 0.000000 0.000000 0.000000 1.000000
0.997740 -0.026807 0.061618 0.000000 0.029604 0.998552 -0.044923 16.216101 -0.060325 0.046645 0.997088 -2.336500 0.000000 0.000000 0.000000 1.000000
0.997258 -0.032032 0.066707 0.000000 0.034804 0.998561 -0.040810 16.216101 -0.065304 0.043020 0.996938 -2.336500 0.000000 0.000000 0.000000 1.000000
0.996993 -0.035137 0.069071 0.000000 0.037864 0.998538 -0.038566 16.216101 -0.067615 0.041065 0.996866 -2.336500 0.000000 0.000000 0.000000 1.000000
0.997032 -0.039723 0.065951 0.000000 0.042508 0.998239 -0.041385 16.216101 -0.064191 0.044065 0.996964 -2.336500 0.000000 0.000000 0.000000 1.000000
0.997515 -0.044594 0.054547 0.000000 0.046963 0.997972 -0.042962 16.216101 -0.052521 0.045417 0.997587 -2.336500 0.000000 0.000000 0.000000 1.000000
0.998251 -0.046117 0.036991 0.000000 0.047710 0.997918 -0.043393 16.216101 -0.034913 0.045082 0.998373 -2.336500 0.000000 0.000000 0.000000 1.000000
0.998791 -0.045753 0.017981 0.000000 0.046456 0.998084 -0.040877 16.216101 -0.016077 0.041663 0.999002 -2.336500 0.000000 0.000000 0.000000 1.000000
0.998969 -0.045397 0.000997 0.000000 0.045402 0.998251 -0.037851 16.216101 0.000723 0.037857 0.999283 -2.336500 0.000000 0.000000 0.000000 1.000000
0.998866 -0.045314 -0.014574 0.000000 0.044778 0.998377 -0.035183 16.216101 0.016145 0.034490 0.999275 -2.336500 0.000000 0.000000 0.000000 1.000000
0.998627 -0.043493 -0.029201 0.000000 0.042552 0.998579 -0.032095 16.216101 0.030556 0.030808 0.999058 -2.336500 0.000000 0.000000 0.000000 1.000000
0.998291 -0.038723 -0.043777 -0.000000 0.037426 0.998847 -0.030063 16.216101 0.044890 0.028373 0.998589 -2.336500 0.000000 0.000000 0.000000 1.000000
0.997784 -0.033299 -0.057604 0.000000 0.031733 0.999107 -0.027896 16.216101 0.058481 0.026006 0.997950 -2.336500 0.000000 0.000000 0.000000 1.000000
0.997148 -0.027357 -0.070340 0.000000 0.025629 0.999350 -0.025351 16.216101 0.070988 0.023476 0.997201 -2.336500 0.000000 0.000000 0.000000 1.000000
0.996387 -0.021580 -0.082137 -0.000000 0.019812 0.999556 -0.022277 16.216101 0.082582 0.020569 0.996372 -2.336500 0.000000 0.000000 0.000000 1.000000
0.995496 -0.017255 -0.093220 0.000000 0.015589 0.999706 -0.018563 16.216101 0.093513 0.017026 0.995472 -2.336500 0.000000 0.000000 0.000000 1.000000
0.994516 -0.015423 -0.103443 -0.000000 0.014006 0.999798 -0.014405 16.216101 0.103644 0.012878 0.994531 -2.336500 0.000000 0.000000 0.000000 1.000000
0.993821 -0.015486 -0.109906 -0.000000 0.014500 0.999847 -0.009761 16.216101 0.110040 0.008107 0.993894 -2.336500 0.000000 0.000000 0.000000 1.000000
0.993519 -0.018199 -0.112200 -0.000000 0.017691 0.999828 -0.005517 16.216101 0.112281 0.003496 0.993670 -2.336500 0.000000 0.000000 0.000000 1.000000
0.993258 -0.018461 -0.114447 0.000000 0.018613 0.999827 0.000262 16.216101 0.114422 -0.002391 0.993429 -2.336500 0.000000 0.000000 0.000000 1.000000
0.993559 -0.016386 -0.112128 0.000000 0.016993 0.999846 0.004461 16.216101 0.112037 -0.006338 0.993684 -2.336500 0.000000 0.000000 0.000000 1.000000
0.994471 -0.012576 -0.104256 0.000000 0.013636 0.999862 0.009465 16.216101 0.104122 -0.010834 0.994505 -2.336500 0.000000 0.000000 0.000000 1.000000
0.995644 -0.011360 -0.092539 0.000000 0.012738 0.999816 0.014319 16.216101 0.092359 -0.015436 0.995606 -2.336500 0.000000 0.000000 0.000000 1.000000
0.996781 -0.015012 -0.078758 0.000000 0.016176 0.999769 0.014164 16.216101 0.078527 -0.015392 0.996793 -2.336500 0.000000 0.000000 0.000000 1.000000
0.997714 -0.016634 -0.065506 0.000000 0.017438 0.999779 0.011711 16.216101 0.065296 -0.012826 0.997783 -2.336500 0.000000 0.000000 0.000000 1.000000
0.998398 -0.015906 -0.054291 0.000000 0.016245 0.999851 0.005794 16.216101 0.054190 -0.006666 0.998508 -2.336500 0.000000 0.000000 0.000000 1.000000
0.999057 -0.011627 -0.041826 0.000000 0.011951 0.999900 0.007498 16.216101 0.041735 -0.007991 0.999097 -2.336500 0.000000 0.000000 0.000000 1.000000
0.999498 -0.003255 -0.031511 -0.000000 0.003627 0.999924 0.011782 16.216101 0.031470 -0.011890 0.999434 -2.336500 0.000000 0.000000 0.000000 1.000000
0.999726 0.000575 -0.023387 0.000000 -0.000369 0.999961 0.008809 16.216101 0.023391 -0.008798 0.999688 -2.336500 0.000000 0.000000 0.000000 1.000000
0.999861 0.002759 -0.016467 0.000000 -0.002857 0.999978 -0.005970 16.216101 0.016450 0.006016 0.999847 -2.336500 0.000000 0.000000 0.000000 1.000000
0.999978 0.000854 -0.006567 0.000000 -0.001075 0.999427 -0.033844 16.216101 0.006535 0.033850 0.999406 -2.336500 0.000000 0.000000 0.000000 1.000000
0.999982 0.001079 0.005829 -0.000000 -0.000686 0.997751 -0.067030 16.216101 -0.005888 0.067025 0.997734 -2.336500 0.000000 0.000000 0.000000 1.000000
0.999780 0.004210 0.020536 0.000000 -0.002076 0.994693 -0.102863 16.216101 -0.020860 0.102798 0.994484 -2.336500 0.000000 0.000000 0.000000 1.000000
0.999290 0.009829 0.036377 -0.000000 -0.004694 0.990333 -0.138632 16.216101 -0.037388 0.138363 0.989676 -2.336500 0.000000 0.000000 0.000000 1.000000
0.998492 0.017163 0.052144 -0.000000 -0.007985 0.985175 -0.171366 16.216101 -0.054312 0.170691 0.983827 -2.336500 0.000000 0.000000 0.000000 1.000000
0.997482 0.025076 0.066337 -0.000000 -0.011484 0.980166 -0.197845 16.216101 -0.069983 0.196585 0.977986 -2.336500 0.000000 0.000000 0.000000 1.000000
0.996641 0.031793 0.075469 0.000000 -0.014872 0.976505 -0.214979 16.216101 -0.080531 0.213134 0.973698 -2.336500 0.000000 0.000000 0.000000 1.000000
0.996502 0.034935 0.075915 0.000000 -0.017430 0.975336 -0.220038 16.216101 -0.081730 0.217945 0.972533 -2.336500 0.000000 0.000000 0.000000 1.000000
0.996901 0.035871 0.070012 -0.000000 -0.019891 0.976005 -0.216836 16.216101 -0.076110 0.214772 0.973694 -2.336500 0.000000 0.000000 0.000000 1.000000
0.997174 0.038454 0.064536 -0.000000 -0.024030 0.977196 -0.210977 16.216101 -0.071177 0.208830 0.975358 -2.336500 0.000000 0.000000 0.000000 1.000000
0.997472 0.039691 0.058944 0.000000 -0.026889 0.978615 -0.203935 16.216101 -0.065778 0.201835 0.977208 -2.336500 0.000000 0.000000 0.000000 1.000000
0.997728 0.039734 0.054404 0.000000 -0.028361 0.980233 -0.195802 16.216101 -0.061109 0.193814 0.979133 -2.336500 0.000000 0.000000 0.000000 1.000000
0.997928 0.039387 0.050884 0.000000 -0.029370 0.982405 -0.184439 16.216101 -0.057253 0.182562 0.981526 -2.336500 0.000000 0.000000 0.000000 1.000000
0.998159 0.037861 0.047376 0.000000 -0.029187 0.984671 -0.171960 16.216101 -0.053161 0.170261 0.983964 -2.336500 0.000000 0.000000 0.000000 1.000000
0.998330 0.037041 0.044322 -0.000000 -0.029575 0.986898 -0.158613 16.216101 -0.049616 0.157037 0.986346 -2.336500 0.000000 0.000000 0.000000 1.000000
0.998485 0.036512 0.041157 -0.000000 -0.030194 0.988991 -0.144859 16.216101 -0.045993 0.143397 0.988596 -2.336500 0.000000 0.000000 0.000000 1.000000
0.998682 0.034861 0.037678 0.000000 -0.029947 0.991841 -0.123917 16.216101 -0.041690 0.122625 0.991577 -2.336500 0.000000 0.000000 0.000000 1.000000
0.998850 0.033468 0.034321 -0.000000 -0.029626 0.993827 -0.106911 16.216101 -0.037687 0.105771 0.993676 -2.336500 0.000000 0.000000 0.000000 1.000000
0.999015 0.030967 0.031779 0.000000 -0.028004 0.995566 -0.089805 16.216101 -0.034419 0.088827 0.995452 -2.336500 0.000000 0.000000 0.000000 1.000000
0.999179 0.028588 0.028722 -0.000000 -0.026259 0.996575 -0.078408 16.216101 -0.030865 0.077590 0.996507 -2.336500 0.000000 0.000000 0.000000 1.000000
0.999266 0.026603 0.027561 0.000000 -0.024671 0.997365 -0.068226 16.216101 -0.029304 0.067496 0.997289 -2.336500 0.000000 0.000000 0.000000 1.000000
0.999341 0.025585 0.025740 0.000000 -0.024052 0.998014 -0.058215 16.216101 -0.027179 0.057557 0.997972 -2.336500 0.000000 0.000000 0.000000 1.000000
0.999336 0.026385 0.025108 0.000000 -0.025123 0.998468 -0.049306 16.216101 -0.026371 0.048643 0.998468 -2.336500 0.000000 0.000000 0.000000 1.000000
0.999323 0.026859 0.025134 0.000000 -0.025786 0.998781 -0.042095 16.216101 -0.026234 0.041419 0.998797 -2.336500 0.000000 0.000000 0.000000 1.000000
0.999457 0.021620 0.024885 -0.000000 -0.020745 0.999176 -0.034889 16.216101 -0.025619 0.034354 0.999081 -2.336500 0.000000 0.000000 0.000000 1.000000
0.999607 0.014062 0.024255 0.000000 -0.013350 0.999483 -0.029261 16.216101 -0.024654 0.028925 0.999277 -2.336500 0.000000 0.000000 0.000000 1.000000
0.999664 0.007867 0.024702 0.000000 -0.007288 0.999699 -0.023438 16.216101 -0.024879 0.023250 0.999420 -2.336500 0.000000 0.000000 0.000000 1.000000
0.999700 0.004104 0.024139 0.000000 -0.003630 0.999800 -0.019677 16.216101 -0.024215 0.019583 0.999515 -2.336500 0.000000 0.000000 0.000000 1.000000
0.999772 -0.001613 0.021278 0.000000 0.002016 0.999820 -0.018891 16.216101 -0.021243 0.018929 0.999595 -2.336500 0.000000 0.000000 0.000000 1.000000
0.999841 -0.004513 0.017265 0.000000 0.004808 0.999843 -0.017033 16.216101 -0.017186 0.017113 0.999706 -2.336500 0.000000 0.000000 0.000000 1.000000
0.999879 -0.003057 0.015266 -0.000000 0.003253 0.999913 -0.012803 16.216101 -0.015226 0.012852 0.999801 -2.336500 0.000000 0.000000 0.000000 1.000000
0.999877 -0.001431 0.015602 0.000000 0.001617 0.999928 -0.011922 16.216101 -0.015584 0.011946 0.999807 -2.336500 0.000000 0.000000 0.000000 1.000000
0.999877 0.000084 0.015697 -0.000000 0.000173 0.999866 -0.016356 16.216101 -0.015696 0.016357 0.999743 -2.336500 0.000000 0.000000 0.000000 1.000000
0.999893 0.002154 0.014445 0.000000 -0.001867 0.999801 -0.019846 16.216101 -0.014485 0.019817 0.999699 -2.336500 0.000000 0.000000 0.000000 1.000000
0.999925 0.004773 0.011267 0.000000 -0.004554 0.999802 -0.019394 16.216101 -0.011357 0.019341 0.999748 -2.336500 0.000000 0.000000 0.000000 1.000000
0.999959 0.007036 0.005761 0.000000 -0.006918 0.999769 -0.020365 16.216101 -0.005903 0.020325 0.999776 -2.336500 0.000000 0.000000 0.000000 1.000000
0.999960 0.008984 0.000366 0.000000 -0.008973 0.999708 -0.022433 16.216101 -0.000568 0.022429 0.999748 -2.336500 0.000000 0.000000 0.000000 1.000000
0.999926 0.011796 -0.002900 0.000000 -0.011865 0.999614 -0.025136 16.216101 0.002602 0.025169 0.999680 -2.336500 0.000000 0.000000 0.000000 1.000000
0.999876 0.015263 -0.003759 0.000000 -0.015363 0.999479 -0.028370 16.216101 0.003324 0.028424 0.999590 -2.336500 0.000000 0.000000 0.000000 1.000000
0.999827 0.017784 -0.005498 -0.000000 -0.017951 0.999327 -0.031989 16.216101 0.004925 0.032082 0.999473 -2.336500 0.000000 0.000000 0.000000 1.000000
0.999786 0.019393 -0.007226 0.000000 -0.019640 0.999166 -0.035811 16.216101 0.006525 0.035945 0.999332 -2.336500 0.000000 0.000000 0.000000 1.000000
0.999749 0.021262 -0.007123 0.000000 -0.021521 0.999027 -0.038498 16.216101 0.006298 0.038642 0.999233 -2.336500 0.000000 0.000000 0.000000 1.000000
0.999711 0.023330 -0.005867 0.000000 -0.023555 0.998848 -0.041808 16.216101 0.004885 0.041934 0.999108 -2.336500 0.000000 0.000000 0.000000 1.000000
0.999664 0.025537 -0.004455 0.000000 -0.025711 0.998662 -0.044875 16.216101 0.003303 0.044975 0.998983 -2.336500 0.000000 0.000000 0.000000 1.000000
0.999607 0.027808 -0.003406 0.000000 -0.027938 0.998485 -0.047411 16.216101 0.002082 0.047488 0.998870 -2.336500 0.000000 0.000000 0.000000 1.000000
0.999575 0.029109 -0.001704 0.000000 -0.029158 0.998331 -0.049851 16.216101 0.000250 0.049880 0.998755 -2.336500 0.000000 0.000000 0.000000 1.000000
0.999546 0.030139 0.000391 0.000000 -0.030078 0.998182 -0.052229 16.216101 -0.001965 0.052193 0.998635 -2.336500 0.000000 0.000000 0.000000 1.000000
0.999521 0.030846 0.002548 -0.000000 -0.030664 0.998070 -0.053998 16.216101 -0.004208 0.053894 0.998538 -2.336500 0.000000 0.000000 0.000000 1.000000
0.999479 0.031949 0.004544 0.000000 -0.031646 0.997942 -0.055779 16.216101 -0.006317 0.055606 0.998433 -2.336500 0.000000 0.000000 0.000000 1.000000
0.999423 0.033404 0.006114 -0.000000 -0.032997 0.997793 -0.057620 16.216101 -0.008025 0.057385 0.998320 -2.336500 0.000000 0.000000 0.000000 1.000000
0.999368 0.034754 0.007469 0.000000 -0.034250 0.997649 -0.059365 16.216101 -0.009515 0.059071 0.998208 -2.336500 0.000000 0.000000 0.000000 1.000000
0.999314 0.036013 0.008582 0.000000 -0.035425 0.997515 -0.060901 16.216101 -0.010754 0.060555 0.998107 -2.336500 0.000000 0.000000 0.000000 1.000000
0.999269 0.037060 0.009412 0.000000 -0.036406 0.997405 -0.062116 16.216101 -0.011690 0.061728 0.998025 -2.336500 0.000000 0.000000 0.000000 1.000000
0.999237 0.037774 0.009934 0.000000 -0.037076 0.997330 -0.062909 16.216101 -0.012284 0.062493 0.997970 -2.336500 0.000000 0.000000 0.000000 1.000000
0.999226 0.038020 0.010113 0.000000 -0.037307 0.997304 -0.063191 16.216101 -0.012488 0.062764 0.997950 -2.336500 0.000000 0.000000 0.000000 1.000000</float_array><technique_common><accessor source="#mixamorig_Spine-Matrix-animation-output-transform-array" count="90" stride="16"><param type="float4x4"/></accessor></technique_common></source><source id="mixamorig_Spine-Interpolations"><Name_array id="mixamorig_Spine-Interpolations-array" count="90">
 LINEAR LINEAR LINEAR LINEAR LINEAR LINEAR LINEAR LINEAR LINEAR LINEAR LINEAR
LINEAR LINEAR LINEAR LINEAR LINEAR LINEAR LINEAR LINEAR LINEAR LINEAR LINEAR LINEAR
LINEAR LINEAR LINEAR LINEAR LINEAR LINEAR LINEAR LINEAR LINEAR LINEAR LINEAR LINEAR
LINEAR LINEAR LINEAR LINEAR LINEAR LINEAR LINEAR LINEAR LINEAR LINEAR LINEAR LINEAR
LINEAR LINEAR LINEAR LINEAR LINEAR LINEAR LINEAR LINEAR LINEAR LINEAR LINEAR LINEAR
LINEAR LINEAR LINEAR LINEAR LINEAR LINEAR LINEAR LINEAR LINEAR LINEAR LINEAR LINEAR
LINEAR LINEAR LINEAR LINEAR LINEAR LINEAR LINEAR LINEAR LINEAR LINEAR LINEAR LINEAR
LINEAR LINEAR LINEAR LINEAR LINEAR LINEAR LINEAR</Name_array><technique_common><accessor source="#mixamorig_Spine-Interpolations-array" count="90"><param type="name"/></accessor></technique_common></source><sampler id="mixamorig_Spine-Matrix-animation-transform"><input semantic="INPUT" source="#mixamorig_Spine-Matrix-animation-input"/><input semantic="OUTPUT" source="#mixamorig_Spine-Matrix-animation-output-transform"/><input semantic="INTERPOLATION" source="#mixamorig_Spine-Interpolations"/></sampler><channel source="#mixamorig_Spine-Matrix-animation-transform" target="mixamorig_Spine/matrix"/></animation>
    <animation id="mixamorig_Spine1-anim" name="mixamorig_Spine1"><source id="mixamorig_Spine1-Matrix-animation-input"><float_array id="mixamorig_Spine1-Matrix-animation-input-array" count="90">

0.000000 0.033333 0.066667 0.100000 0.133333 0.166667 0.200000 0.233333 0.266667 0.300000 0.333333 0.366667 0.400000 0.433333 0.466667 0.500000
0.533333 0.566667 0.600000 0.633333 0.666667 0.700000 0.733333 0.766667 0.800000 0.833333 0.866667 0.900000 0.933333 0.966667 1.000000 1.033333
1.066667 1.100000 1.133333 1.166667 1.200000 1.233333 1.266667 1.300000 1.333333 1.366667 1.400000 1.433333 1.466667 1.500000 1.533333 1.566667
1.600000 1.633333 1.666667 1.700000 1.733333 1.766667 1.800000 1.833333 1.866667 1.900000 1.933333 1.966667 2.000000 2.033333 2.066667 2.100000
2.133333 2.166667 2.200000 2.233333 2.266667 2.300000 2.333333 2.366667 2.400000 2.433333 2.466667 2.500000 2.533333 2.566667 2.600000 2.633333
2.666667 2.700000 2.733333 2.766667 2.800000 2.833333 2.866667 2.900000 2.933333 2.966667</float_array><technique_common><accessor source="#mixamorig_Spine1-Matrix-animation-input-array" count="90"><param name="TIME" type="float"/></accessor></technique_common></source><source id="mixamorig_Spine1-Matrix-animation-output-transform"><float_array id="mixamorig_Spine1-Matrix-animation-output-transform-array" count="1440">

0.995240 0.096531 0.013354 0.000000 -0.093529 0.984662 -0.147283 9.477100 -0.027366 0.145333 0.989004 -1.486900 0.000000 0.000000 0.000000 1.000000
0.996072 0.085099 0.024483 -0.000000 -0.080567 0.985667 -0.148220 9.477100 -0.036746 0.145665 0.988651 -1.486900 0.000000 0.000000 0.000000 1.000000
0.997027 0.059684 0.048733 -0.000000 -0.051877 0.987601 -0.148166 9.477100 -0.056971 0.145197 0.987761 -1.486900 0.000000 0.000000 0.000000 1.000000
0.996799 0.033811 0.072452 -0.000000 -0.023099 0.989324 -0.143889 9.477100 -0.076544 0.141755 0.986938 -1.486900 0.000000 0.000000 0.000000 1.000000
0.995766 0.013576 0.090921 0.000000 -0.001503 0.991308 -0.131551 9.477100 -0.091917 0.130858 0.987131 -1.486900 0.000000 0.000000 0.000000 1.000000
0.994300 0.000242 0.106622 -0.000000 0.012724 0.992583 -0.120905 9.477100 -0.105860 0.121572 0.986921 -1.486900 0.000000 0.000000 0.000000 1.000000
0.992785 -0.012696 0.119232 0.000000 0.026079 0.993438 -0.111360 9.477100 -0.117036 0.113666 0.986602 -1.486900 0.000000 0.000000 0.000000 1.000000
0.991203 -0.020741 0.130713 -0.000000 0.034397 0.994077 -0.103090 9.477100 -0.127801 0.106680 0.986046 -1.486900 0.000000 0.000000 0.000000 1.000000
0.990009 -0.027382 0.138321 0.000000 0.041251 0.994290 -0.098413 9.477100 -0.134837 0.103136 0.985486 -1.486900 0.000000 0.000000 0.000000 1.000000
0.989762 -0.040262 0.136933 -0.000000 0.054699 0.993139 -0.103363 9.477100 -0.131832 0.109794 0.985173 -1.486900 0.000000 0.000000 0.000000 1.000000
0.991042 -0.056728 0.120902 0.000000 0.069683 0.991946 -0.105774 9.477100 -0.113928 0.113251 0.987013 -1.486900 0.000000 0.000000 0.000000 1.000000
0.993460 -0.066220 0.093020 0.000000 0.076054 0.991400 -0.106499 9.477100 -0.085168 0.112878 0.989952 -1.486900 0.000000 0.000000 0.000000 1.000000
0.995442 -0.071815 0.062751 0.000000 0.077961 0.991753 -0.101726 9.477100 -0.054928 0.106154 0.992831 -1.486900 0.000000 0.000000 0.000000 1.000000
0.996391 -0.076649 0.036473 -0.000000 0.079841 0.992166 -0.096080 9.477100 -0.028823 0.098645 0.994705 -1.486900 0.000000 0.000000 0.000000 1.000000
0.996609 -0.081478 0.011516 0.000000 0.082191 0.992429 -0.091262 9.477100 -0.003993 0.091899 0.995760 -1.486900 0.000000 0.000000 0.000000 1.000000
0.996467 -0.082903 -0.013440 0.000000 0.081456 0.992981 -0.085757 9.477100 0.020455 0.084359 0.996225 -1.486900 0.000000 0.000000 0.000000 1.000000
0.995933 -0.079650 -0.042101 0.000000 0.075980 0.993685 -0.082561 9.477100 0.048411 0.079027 0.995696 -1.486900 0.000000 0.000000 0.000000 1.000000
0.994484 -0.074398 -0.073939 0.000000 0.068516 0.994507 -0.079134 9.477100 0.079420 0.073631 0.994118 -1.486900 0.000000 0.000000 0.000000 1.000000
0.991952 -0.067824 -0.106921 0.000000 0.059982 0.995383 -0.074929 9.477100 0.111509 0.067913 0.991440 -1.486900 0.000000 0.000000 0.000000 1.000000
0.988453 -0.060099 -0.139099 0.000000 0.050802 0.996290 -0.069458 9.477100 0.142758 0.061590 0.987840 -1.486900 0.000000 0.000000 0.000000 1.000000
0.984355 -0.051356 -0.168544 -0.000000 0.041387 0.997209 -0.062140 9.477100 0.171265 0.054192 0.983733 -1.486900 0.000000 0.000000 0.000000 1.000000
0.980231 -0.042088 -0.193329 0.000000 0.032393 0.998067 -0.053044 9.477100 0.195188 0.045732 0.979699 -1.486900 0.000000 0.000000 0.000000 1.000000
0.977585 -0.032471 -0.208020 0.000000 0.024205 0.998818 -0.042160 9.477100 0.209143 0.036180 0.977215 -1.486900 0.000000 0.000000 0.000000 1.000000
0.976390 -0.028693 -0.214100 -0.000000 0.022273 0.999229 -0.032338 9.477100 0.214863 0.026806 0.976276 -1.486900 0.000000 0.000000 0.000000 1.000000
0.975136 -0.024138 -0.220289 -0.000000 0.020223 0.999595 -0.020013 9.477100 0.220683 0.015060 0.975229 -1.486900 0.000000 0.000000 0.000000 1.000000
0.975796 -0.021016 -0.217671 0.000000 0.018907 0.999752 -0.011767 9.477100 0.217864 0.007367 0.975951 -1.486900 0.000000 0.000000 0.000000 1.000000
0.978754 -0.016882 -0.204341 -0.000000 0.016780 0.999857 -0.002232 9.477100 0.204349 -0.001244 0.978897 -1.486900 0.000000 0.000000 0.000000 1.000000
0.982741 -0.020511 -0.183847 0.000000 0.022061 0.999736 0.006389 9.477100 0.183668 -0.010335 0.982934 -1.486900 0.000000 0.000000 0.000000 1.000000
0.986742 -0.035183 -0.158438 0.000000 0.036398 0.999326 0.004771 9.477100 0.158164 -0.010475 0.987357 -1.486900 0.000000 0.000000 0.000000 1.000000
0.990015 -0.046474 -0.133079 0.000000 0.046761 0.998906 -0.000973 9.477100 0.132978 -0.005260 0.991105 -1.486900 0.000000 0.000000 0.000000 1.000000
0.992625 -0.050762 -0.110088 0.000000 0.049636 0.998683 -0.012950 9.477100 0.110600 0.007390 0.993838 -1.486900 0.000000 0.000000 0.000000 1.000000
0.995241 -0.048728 -0.084390 0.000000 0.048100 0.998798 -0.009463 9.477100 0.084750 0.005359 0.996388 -1.486900 0.000000 0.000000 0.000000 1.000000
0.997400 -0.034040 -0.063515 0.000000 0.034090 0.999419 -0.000308 9.477100 0.063489 -0.001858 0.997981 -1.486900 0.000000 0.000000 0.000000 1.000000
0.998548 -0.023210 -0.048610 0.000000 0.022965 0.999721 -0.005592 9.477100 0.048726 0.004467 0.998802 -1.486900 0.000000 0.000000 0.000000 1.000000
0.999054 -0.013654 -0.041291 0.000000 0.012229 0.999327 -0.034572 9.477100 0.041735 0.034034 0.998549 -1.486900 0.000000 0.000000 0.000000 1.000000
0.999222 -0.009579 -0.038264 0.000000 0.006116 0.995958 -0.089617 9.477100 0.038968 0.089313 0.995241 -1.486900 0.000000 0.000000 0.000000 1.000000
0.999303 -0.007611 -0.036538 0.000000 0.001846 0.987867 -0.155293 9.477100 0.037276 0.155118 0.987193 -1.486900 0.000000 0.000000 0.000000 1.000000
0.999322 -0.006565 -0.036241 -0.000000 -0.001789 0.974172 -0.225801 9.477100 0.036787 0.225713 0.973499 -1.486900 0.000000 0.000000 0.000000 1.000000
