<?xml version="1.0" encoding="utf-8"?>
<COLLADA xmlns="http://www.collada.org/2005/11/COLLADASchema" version="1.4.1">
  <asset><contributor><author>Mixamo</author><authoring_tool>COLLADA Mixamo exporter</authoring_tool><comments></comments></contributor><created>2020-03-29T21:43:58Z</created><modified>2020-03-29T21:43:58Z</modified><revision></revision><title></title><unit meter="0.010000"/><up_axis>Y_UP</up_axis></asset>
  <library_animations>
    <animation id="mixamorig_Hips-anim" name="mixamorig_Hips"><source id="mixamorig_Hips-Matrix-animation-input"><float_array id="mixamorig_Hips-Matrix-animation-input-array" count="35">

0.000000 0.033333 0.066667 0.100000 0.133333 0.166667 0.200000 0.233333 0.266667 0.300000 0.333333 0.366667 0.400000 0.433333 0.466667 0.500000
0.533333 0.566667 0.600000 0.633333 0.666667 0.700000 0.733333 0.766667 0.800000 0.833333 0.866667 0.900000 0.933333 0.966667 1.000000 1.033333
1.066667 1.100000 1.133333</float_array><technique_common><accessor source="#mixamorig_Hips-Matrix-animation-input-array" count="35"><param name="TIME" type="float"/></accessor></technique_common></source><source id="mixamorig_Hips-Matrix-animation-output-transform"><float_array id="mixamorig_Hips-Matrix-animation-output-transform-array" count="560">

0.962709 -0.004678 -0.270500 -3.759520 -0.018992 0.996215 -0.084822 55.641743 0.269873 0.086797 0.958976 1.880924 0.000000 0.000000 0.000000 1.000000
0.958656 -0.012012 -0.284312 -3.871211 -0.008329 0.997496 -0.070229 55.603161 0.284444 0.069694 0.956156 2.151312 0.000000 0.000000 0.000000 1.000000
0.925266 -0.029411 -0.378178 -3.862981 0.006349 0.998051 -0.062084 55.649902 0.379267 0.055043 0.923649 2.896429 0.000000 0.000000 0.000000 1.000000
0.841032 -0.054385 -0.538245 -3.807877 0.021973 0.997547 -0.066460 55.834320 0.540540 0.044068 0.840164 4.053287 0.000000 0.000000 0.000000 1.000000
0.707515 -0.076362 -0.702561 -3.713259 0.031375 0.996559 -0.076721 56.028027 0.706002 0.032238 0.707476 5.403880 0.000000 0.000000 0.000000 1.000000
0.518879 -0.082975 -0.850811 -3.542081 0.021965 0.996244 -0.083762 56.266953 0.854566 0.024774 0.518752 6.953112 0.000000 0.000000 0.000000 1.000000
0.284202 -0.073528 -0.955941 -3.335505 -0.006593 0.996881 -0.078638 56.606533 0.958742 0.028652 0.282831 8.709733 0.000000 0.000000 0.000000 1.000000
0.149557 -0.051396 -0.987416 -3.218409 -0.031584 0.997890 -0.056725 56.616573 0.988249 0.039670 0.147618 9.810136 0.000000 0.000000 0.000000 1.000000
0.101350 -0.035025 -0.994234 -3.116719 -0.046959 0.998098 -0.039948 56.440449 0.993742 0.050737 0.099512 10.486230 0.000000 0.000000 0.000000 1.000000
0.086167 -0.022964 -0.996016 -2.987038 -0.058407 0.997898 -0.028061 56.239864 0.994567 0.060592 0.084644 11.000332 0.000000 0.000000 0.000000 1.000000
0.078138 -0.012071 -0.996869 -2.824141 -0.068943 0.997467 -0.017482 56.074474 0.994556 0.070093 0.077108 11.476729 0.000000 0.000000 0.000000 1.000000
0.071662 -0.001693 -0.997428 -2.615832 -0.079155 0.996835 -0.007379 55.965767 0.994283 0.079480 0.071301 11.938185 0.000000 0.000000 0.000000 1.000000
0.065665 0.007978 -0.997810 -2.359155 -0.089619 0.995974 0.002065 55.878696 0.993809 0.089288 0.066115 12.423535 0.000000 0.000000 0.000000 1.000000
0.060898 0.014468 -0.998039 -2.051064 -0.099101 0.995042 0.008378 55.830711 0.993212 0.098397 0.062030 12.922599 0.000000 0.000000 0.000000 1.000000
0.062498 0.007310 -0.998018 -1.727731 -0.101680 0.994817 0.000919 55.835968 0.992852 0.101421 0.062918 13.382807 0.000000 0.000000 0.000000 1.000000
0.068023 0.001347 -0.997683 -1.438799 -0.103275 0.994636 -0.005699 55.854942 0.992324 0.103424 0.067798 13.671281 0.000000 0.000000 0.000000 1.000000
0.078462 -0.002317 -0.996914 -1.189444 -0.104321 0.994488 -0.010522 55.834885 0.991444 0.104825 0.077788 13.775185 0.000000 0.000000 0.000000 1.000000
0.090818 -0.005743 -0.995851 -0.934050 -0.105126 0.994341 -0.015321 55.822346 0.990303 0.106081 0.089700 13.844870 0.000000 0.000000 0.000000 1.000000
0.107526 -0.009621 -0.994156 -0.674621 -0.105281 0.994221 -0.021008 55.803528 0.988612 0.106924 0.105892 13.867992 0.000000 0.000000 0.000000 1.000000
0.145684 -0.016329 -0.989196 -0.450086 -0.101929 0.994295 -0.031425 55.662106 0.984066 0.105406 0.143188 13.646228 0.000000 0.000000 0.000000 1.000000
0.212411 -0.027160 -0.976803 -0.267845 -0.093573 0.994455 -0.047999 55.376968 0.972690 0.101598 0.208691 13.106445 0.000000 0.000000 0.000000 1.000000
0.282701 -0.038739 -0.958425 -0.075491 -0.083880 0.994358 -0.064933 55.133762 0.955533 0.098750 0.277857 12.567294 0.000000 0.000000 0.000000 1.000000
0.360829 -0.051152 -0.931228 0.116249 -0.072120 0.993975 -0.082543 54.932251 0.929839 0.096944 0.354966 12.000225 0.000000 0.000000 0.000000 1.000000
0.485980 -0.067357 -0.871371 0.242316 -0.050656 0.993179 -0.105024 54.838760 0.872501 0.095179 0.479253 11.256524 0.000000 0.000000 0.000000 1.000000
0.636734 -0.082505 -0.766657 0.282363 -0.019944 0.992164 -0.123338 54.792049 0.770825 0.093824 0.630100 10.299734 0.000000 0.000000 0.000000 1.000000
0.757189 -0.086486 -0.647445 0.217578 0.004391 0.991847 -0.127356 54.745857 0.653181 0.093589 0.751396 9.285787 0.000000 0.000000 0.000000 1.000000
0.840761 -0.082741 -0.535046 0.043554 0.019159 0.992181 -0.123327 54.636677 0.541067 0.093437 0.835773 8.170430 0.000000 0.000000 0.000000 1.000000
0.890462 -0.076656 -0.448555 -0.226465 0.025418 0.992549 -0.119163 54.482834 0.454348 0.094709 0.885775 7.046793 0.000000 0.000000 0.000000 1.000000
0.922689 -0.068354 -0.379438 -0.538324 0.025943 0.992935 -0.115786 54.279942 0.384672 0.096991 0.917944 5.957327 0.000000 0.000000 0.000000 1.000000
0.943596 -0.054581 -0.326568 -0.854504 0.018910 0.993593 -0.111425 53.998287 0.330557 0.098965 0.938583 5.010985 0.000000 0.000000 0.000000 1.000000
0.953108 -0.037833 -0.300255 -1.276812 0.006854 0.994599 -0.103564 54.009716 0.302552 0.096650 0.948220 4.122931 0.000000 0.000000 0.000000 1.000000
0.958957 -0.026634 -0.282298 -1.813981 -0.000481 0.995425 -0.095547 54.467064 0.283551 0.091761 0.954557 3.143990 0.000000 0.000000 0.000000 1.000000
0.959687 -0.019329 -0.280406 -2.463275 -0.006627 0.995799 -0.091324 54.958153 0.280993 0.089501 0.955527 2.540418 0.000000 0.000000 0.000000 1.000000
0.960161 -0.011874 -0.279194 -3.139485 -0.013318 0.996017 -0.088159 55.340218 0.279129 0.088365 0.956179 2.203765 0.000000 0.000000 0.000000 1.000000
0.962709 -0.004678 -0.270500 -3.759520 -0.018992 0.996215 -0.084822 55.641743 0.269873 0.086797 0.958976 1.880924 0.000000 0.000000 0.000000 1.000000</float_array><technique_common><accessor source="#mixamorig_Hips-Matrix-animation-output-transform-array" count="35" stride="16"><param type="float4x4"/></accessor></technique_common></source><source id="mixamorig_Hips-Interpolations"><Name_array id="mixamorig_Hips-Interpolations-array" count="35">
 LINEAR LINEAR LINEAR LINEAR LINEAR LINEAR LINEAR LINEAR LINEAR LINEAR LINEAR
LINEAR LINEAR LINEAR LINEAR LINEAR LINEAR LINEAR LINEAR LINEAR LINEAR LINEAR LINEAR
LINEAR LINEAR LINEAR LINEAR LINEAR LINEAR LINEAR LINEAR LINEAR LINEAR LINEAR LINEAR</Name_array><technique_common><accessor source="#mixamorig_Hips-Interpolations-array" count="35"><param type="name"/></accessor></technique_common></source><sampler id="mixamorig_Hips-Matrix-animation-transform"><input semantic="INPUT" source="#mixamorig_Hips-Matrix-animation-input"/><input semantic="OUTPUT" source="#mixamorig_Hips-Matrix-animation-output-transform"/><input semantic="INTERPOLATION" source="#mixamorig_Hips-Interpolations"/></sampler><channel source="#mixamorig_Hips-Matrix-animation-transform" target="mixamorig_Hips/matrix"/></animation>
    <animation id="mixamorig_Spine-anim" name="mixamorig_Spine"><source id="mixamorig_Spine-Matrix-animation-input"><float_array id="mixamorig_Spine-Matrix-animation-input-array" count="35">

0.000000 0.033333 0.066667 0.100000 0.133333 0.166667 0.200000 0.233333 0.266667 0.300000 0.333333 0.366667 0.400000 0.433333 0.466667 0.500000
0.533333 0.566667 0.600000 0.633333 0.666667 0.700000 0.733333 0.766667 0.800000 0.833333 0.866667 0.900000 0.933333 0.966667 1.000000 1.033333
1.066667 1.100000 1.133333</float_array><technique_common><accessor source="#mixamorig_Spine-Matrix-animation-input-array" count="35"><param name="TIME" type="float"/></accessor></technique_common></source><source id="mixamorig_Spine-Matrix-animation-output-transform"><float_array id="mixamorig_Spine-Matrix-animation-output-transform-array" count="560">

0.997063 -0.002718 0.076542 0.000000 0.023060 0.963653 -0.266160 16.216101 -0.073036 0.267144 0.960885 -2.336500 0.000000 0.000000 0.000000 1.000000
0.996191 0.000222 0.087196 -0.000000 0.020206 0.972189 -0.233325 16.216101 -0.084823 0.234198 0.968481 -2.336500 0.000000 0.000000 0.000000 1.000000
0.992723 0.002873 0.120388 0.000000 0.019536 0.982630 -0.184544 16.216101 -0.118827 0.185553 0.975423 -2.336500 0.000000 0.000000 0.000000 1.000000
0.982460 -0.001082 0.186469 0.000000 0.023766 0.992555 -0.119456 16.216101 -0.184952 0.121792 0.975172 -2.336500 0.000000 0.000000 0.000000 1.000000
0.963085 -0.005954 0.269133 0.000000 0.020731 0.998427 -0.052098 16.216101 -0.268399 0.055754 0.961693 -2.336500 0.000000 0.000000 0.000000 1.000000
0.933617 -0.015021 0.357957 0.000000 0.011333 0.999859 0.012400 16.216101 -0.358092 -0.007520 0.933656 -2.336500 0.000000 0.000000 0.000000 1.000000
0.906225 -0.045533 0.420337 0.000000 0.020311 0.997725 0.064289 16.216101 -0.422308 -0.049723 0.905088 -2.336500 0.000000 0.000000 0.000000 1.000000
0.898864 -0.065519 0.433302 -0.000000 0.029733 0.995600 0.088865 16.216101 -0.437217 -0.066994 0.896857 -2.336500 0.000000 0.000000 0.000000 1.000000
0.920388 -0.044312 0.388488 0.000000 0.013162 0.996506 0.082481 16.216101 -0.390785 -0.070801 0.917755 -2.336500 0.000000 0.000000 0.000000 1.000000
0.957840 0.018465 0.286707 0.000000 -0.036876 0.997580 0.058949 16.216101 -0.284925 -0.067036 0.956203 -2.336500 0.000000 0.000000 0.000000 1.000000
0.979852 0.075273 0.184999 0.000000 -0.084510 0.995514 0.042550 16.216101 -0.180967 -0.057327 0.981817 -2.336500 0.000000 0.000000 0.000000 1.000000
0.986901 0.089137 0.134468 0.000000 -0.093052 0.995393 0.023101 16.216101 -0.131790 -0.035311 0.990649 -2.336500 0.000000 0.000000 0.000000 1.000000
0.987688 0.092148 0.126419 -0.000000 -0.094225 0.995495 0.010540 16.216101 -0.124879 -0.022323 0.991921 -2.336500 0.000000 0.000000 0.000000 1.000000
0.986472 0.092452 0.135373 -0.000000 -0.093721 0.995594 0.003020 16.216101 -0.134497 -0.015667 0.990790 -2.336500 0.000000 0.000000 0.000000 1.000000
0.986018 0.089908 0.140300 0.000000 -0.090700 0.995878 -0.000752 16.216101 -0.139790 -0.011983 0.990109 -2.336500 0.000000 0.000000 0.000000 1.000000
0.987010 0.086962 0.135090 0.000000 -0.087411 0.996169 -0.002619 16.216101 -0.134800 -0.009223 0.990830 -2.336500 0.000000 0.000000 0.000000 1.000000
0.986935 0.086692 0.135806 0.000000 -0.086518 0.996224 -0.007198 16.216101 -0.135917 -0.004646 0.990709 -2.336500 0.000000 0.000000 0.000000 1.000000
0.986643 0.086688 0.137917 -0.000000 -0.085803 0.996235 -0.012364 16.216101 -0.138470 0.000365 0.990367 -2.336500 0.000000 0.000000 0.000000 1.000000
0.986344 0.085903 0.140520 0.000000 -0.084231 0.996287 -0.017816 16.216101 -0.141529 0.005736 0.989918 -2.336500 0.000000 0.000000 0.000000 1.000000
0.986224 0.080932 0.144267 0.000000 -0.078242 0.996640 -0.024234 16.216101 -0.145743 0.012613 0.989242 -2.336500 0.000000 0.000000 0.000000 1.000000
0.986290 0.069915 0.149478 -0.000000 -0.065878 0.997321 -0.031794 16.216101 -0.151300 0.021511 0.988254 -2.336500 0.000000 0.000000 0.000000 1.000000
0.986173 0.057513 0.155420 -0.000000 -0.052033 0.997879 -0.039109 16.216101 -0.157340 0.030481 0.987074 -2.336500 0.000000 0.000000 0.000000 1.000000
0.985494 0.042375 0.164332 -0.000000 -0.035399 0.998353 -0.045148 16.216101 -0.165975 0.038676 0.985371 -2.336500 0.000000 0.000000 0.000000 1.000000
0.982513 0.016123 0.185495 0.000000 -0.007766 0.998925 -0.045690 16.216101 -0.186033 0.043451 0.981582 -2.336500 0.000000 0.000000 0.000000 1.000000
0.982539 -0.011690 0.185690 -0.000000 0.021722 0.998407 -0.052083 16.216101 -0.184785 0.055207 0.981227 -2.336500 0.000000 0.000000 0.000000 1.000000
0.985608 -0.040703 0.164076 0.000000 0.052357 0.996356 -0.067338 16.216101 -0.160737 0.074960 0.984147 -2.336500 0.000000 0.000000 0.000000 1.000000
0.988974 -0.073556 0.128530 0.000000 0.085521 0.992246 -0.090190 16.216101 -0.120900 0.100188 0.987596 -2.336500 0.000000 0.000000 0.000000 1.000000
0.993286 -0.082009 0.081593 0.000000 0.091263 0.988926 -0.117028 16.216101 -0.071092 0.123689 0.989771 -2.336500 0.000000 0.000000 0.000000 1.000000
0.995714 -0.080585 0.045388 0.000000 0.086299 0.986013 -0.142588 16.216101 -0.033263 0.145894 0.988741 -2.336500 0.000000 0.000000 0.000000 1.000000
0.996383 -0.080090 0.028399 0.000000 0.083728 0.982360 -0.167205 16.216101 -0.014506 0.168978 0.985513 -2.336500 0.000000 0.000000 0.000000 1.000000
0.996700 -0.078689 0.019909 0.000000 0.081052 0.977978 -0.192328 16.216101 -0.004336 0.193307 0.981129 -2.336500 0.000000 0.000000 0.000000 1.000000
0.997364 -0.065788 0.030597 0.000000 0.070868 0.973712 -0.216476 16.216101 -0.015551 0.218074 0.975808 -2.336500 0.000000 0.000000 0.000000 1.000000
0.997690 -0.042366 0.053104 0.000000 0.053511 0.971687 -0.230133 16.216101 -0.041851 0.232443 0.971709 -2.336500 0.000000 0.000000 0.000000 1.000000
0.997465 -0.021672 0.067784 0.000000 0.037827 0.968261 -0.247061 16.216101 -0.060279 0.248999 0.966626 -2.336500 0.000000 0.000000 0.000000 1.000000
0.997063 -0.002718 0.076542 0.000000 0.023060 0.963653 -0.266160 16.216101 -0.073036 0.267143 0.960885 -2.336500 0.000000 0.000000 0.000000 1.000000</float_array><technique_common><accessor source="#mixamorig_Spine-Matrix-animation-output-transform-array" count="35" stride="16"><param type="float4x4"/></accessor></technique_common></source><source id="mixamorig_Spine-Interpolations"><Name_array id="mixamorig_Spine-Interpolations-array" count="35">
 LINEAR LINEAR LINEAR LINEAR LINEAR LINEAR LINEAR LINEAR LINEAR LINEAR LINEAR
LINEAR LINEAR LINEAR LINEAR LINEAR LINEAR LINEAR LINEAR LINEAR LINEAR LINEAR LINEAR
LINEAR LINEAR LINEAR LINEAR LINEAR LINEAR LINEAR LINEAR LINEAR LINEAR LINEAR LINEAR</Name_array><technique_common><accessor source="#mixamorig_Spine-Interpolations-array" count="35"><param type="name"/></accessor></technique_common></source><sampler id="mixamorig_Spine-Matrix-animation-transform"><input semantic="INPUT" source="#mixamorig_Spine-Matrix-animation-input"/><input semantic="OUTPUT" source="#mixamorig_Spine-Matrix-animation-output-transform"/><input semantic="INTERPOLATION" source="#mixamorig_Spine-Interpolations"/></sampler><channel source="#mixamorig_Spine-Matrix-animation-transform" target="mixamorig_Spine/matrix"/></animation>
    <animation id="mixamorig_Spine1-anim" name="mixamorig_Spine1"><source id="mixamorig_Spine1-Matrix-animation-input"><float_array id="mixamorig_Spine1-Matrix-animation-input-array" count="35">

0.000000 0.033333 0.066667 0.100000 0.133333 0.166667 0.200000 0.233333 0.266667 0.300000 0.333333 0.366667 0.400000 0.433333 0.466667 0.500000
0.533333 0.566667 0.600000 0.633333 0.666667 0.700000 0.733333 0.766667 0.800000 0.833333 0.866667 0.900000 0.933333 0.966667 1.000000 1.033333
1.066667 1.100000 1.133333</float_array><technique_common><accessor source="#mixamorig_Spine1-Matrix-animation-input-array" count="35"><param name="TIME" type="float"/></accessor></technique_common></source><source id="mixamorig_Spine1-Matrix-animation-output-transform"><float_array id="mixamorig_Spine1-Matrix-animation-output-transform-array" count="560">

0.999658 0.011684 0.023394 0.000000 -0.010155 0.997868 -0.064476 9.477100 -0.024098 0.064217 0.997645 -1.486900 0.000000 0.000000 0.000000 1.000000
0.999536 0.015209 0.026394 -0.000000 -0.013740 0.998394 -0.054965 9.477100 -0.027188 0.054577 0.998139 -1.486900 0.000000 0.000000 0.000000 1.000000
0.999140 0.020726 0.035908 0.000000 -0.019135 0.998844 -0.044105 9.477100 -0.036780 0.043380 0.998381 -1.486900 0.000000 0.000000 0.000000 1.000000
0.998173 0.026254 0.054420 0.000000 -0.024581 0.999211 -0.031187 9.477100 -0.055196 0.029793 0.998031 -1.486900 0.000000 0.000000 0.000000 1.000000
0.996635 0.026717 0.077486 -0.000000 -0.025547 0.999545 -0.016058 9.477100 -0.077880 0.014025 0.996864 -1.486900 0.000000 0.000000 0.000000 1.000000
0.994304 0.027869 0.102871 0.000000 -0.027510 0.999609 -0.004905 9.477100 -0.102968 0.002048 0.994683 -1.486900 0.000000 0.000000 0.000000 1.000000
0.992463 0.022116 0.120534 0.000000 -0.022574 0.999742 0.002438 9.477100 -0.120449 -0.005140 0.992706 -1.486900 0.000000 0.000000 0.000000 1.000000
0.992270 0.007184 0.123890 0.000000 -0.008067 0.999946 0.006626 9.477100 -0.123836 -0.007574 0.992274 -1.486900 0.000000 0.000000 0.000000 1.000000
0.993910 -0.005330 0.110068 0.000000 0.004543 0.999962 0.007401 9.477100 -0.110103 -0.006856 0.993897 -1.486900 0.000000 0.000000 0.000000 1.000000
0.996680 -0.012025 0.080527 0.000000 0.011660 0.999920 0.004996 9.477100 -0.080581 -0.004041 0.996740 -1.486900 0.000000 0.000000 0.000000 1.000000
0.998513 -0.016016 0.052109 0.000000 0.015892 0.999870 0.002799 9.477100 -0.052147 -0.001967 0.998637 -1.486900 0.000000 0.000000 0.000000 1.000000
0.999151 -0.015636 0.038103 0.000000 0.015528 0.999875 0.003120 9.477100 -0.038147 -0.002526 0.999269 -1.486900 0.000000 0.000000 0.000000 1.000000
0.999245 -0.014499 0.036045 -0.000000 0.014368 0.999889 0.003890 9.477100 -0.036097 -0.003369 0.999343 -1.486900 0.000000 0.000000 0.000000 1.000000
0.999160 -0.013287 0.038767 0.000000 0.013117 0.999903 0.004635 9.477100 -0.038825 -0.004122 0.999238 -1.486900 0.000000 0.000000 0.000000 1.000000
0.999116 -0.012033 0.040269 0.000000 0.011824 0.999915 0.005402 9.477100 -0.040331 -0.004921 0.999174 -1.486900 0.000000 0.000000 0.000000 1.000000
0.999184 -0.011038 0.038862 -0.000000 0.010809 0.999923 0.006114 9.477100 -0.038927 -0.005689 0.999226 -1.486900 0.000000 0.000000 0.000000 1.000000
0.999178 -0.010837 0.039072 -0.000000 0.010591 0.999923 0.006499 9.477100 -0.039140 -0.006080 0.999215 -1.486900 0.000000 0.000000 0.000000 1.000000
0.999155 -0.010817 0.039654 0.000000 0.010554 0.999921 0.006818 9.477100 -0.039724 -0.006394 0.999190 -1.486900 0.000000 0.000000 0.000000 1.000000
0.999128 -0.010845 0.040331 0.000000 0.010566 0.999919 0.007122 9.477100 -0.040405 -0.006690 0.999161 -1.486900 0.000000 0.000000 0.000000 1.000000
0.999093 -0.010882 0.041159 0.000000 0.010585 0.999917 0.007405 9.477100 -0.041236 -0.006963 0.999125 -1.486900 0.000000 0.000000 0.000000 1.000000
0.999050 -0.010885 0.042188 0.000000 0.010571 0.999915 0.007662 9.477100 -0.042267 -0.007209 0.999080 -1.486900 0.000000 0.000000 0.000000 1.000000
0.998999 -0.010760 0.043424 -0.000000 0.010428 0.999915 0.007861 9.477100 -0.043505 -0.007401 0.999026 -1.486900 0.000000 0.000000 0.000000 1.000000
0.998915 -0.009844 0.045525 0.000000 0.009499 0.999925 0.007773 9.477100 -0.045598 -0.007332 0.998933 -1.486900 0.000000 0.000000 0.000000 1.000000
0.998672 -0.004566 0.051308 -0.000000 0.004259 0.999972 0.006081 9.477100 -0.051334 -0.005855 0.998664 -1.486900 0.000000 0.000000 0.000000 1.000000
0.998674 0.002318 0.051424 -0.000000 -0.002506 0.999990 0.003590 9.477100 -0.051415 -0.003714 0.998670 -1.486900 0.000000 0.000000 0.000000 1.000000
0.998960 0.006857 0.045076 0.000000 -0.006926 0.999975 0.001375 9.477100 -0.045065 -0.001686 0.998983 -1.486900 0.000000 0.000000 0.000000 1.000000
0.999374 0.008800 0.034270 0.000000 -0.008791 0.999961 -0.000425 9.477100 -0.034272 0.000123 0.999413 -1.486900 0.000000 0.000000 0.000000 1.000000
0.999735 0.009513 0.020952 0.000000 -0.009425 0.999946 -0.004297 9.477100 -0.020992 0.004099 0.999771 -1.486900 0.000000 0.000000 0.000000 1.000000
0.999892 0.009891 0.010877 0.000000 -0.009780 0.999900 -0.010201 9.477100 -0.010977 0.010093 0.999889 -1.486900 0.000000 0.000000 0.000000 1.000000
0.999937 0.009652 0.005760 0.000000 -0.009547 0.999791 -0.018085 9.477100 -0.005933 0.018029 0.999820 -1.486900 0.000000 0.000000 0.000000 1.000000
0.999953 0.009091 0.003224 0.000000 -0.009001 0.999597 -0.026923 9.477100 -0.003467 0.026893 0.999632 -1.486900 0.000000 0.000000 0.000000 1.000000
0.999940 0.008473 0.006872 0.000000 -0.008213 0.999278 -0.037099 9.477100 -0.007182 0.037041 0.999288 -1.486900 0.000000 0.000000 0.000000 1.000000
0.999859 0.008654 0.014392 0.000000 -0.007977 0.998889 -0.046449 9.477100 -0.014778 0.046328 0.998817 -1.486900 0.000000 0.000000 0.000000 1.000000
0.999757 0.009909 0.019708 0.000000 -0.008793 0.998394 -0.055974 9.477100 -0.020231 0.055787 0.998238 -1.486900 0.000000 0.000000 0.000000 1.000000
0.999658 0.011685 0.023394 0.000000 -0.010155 0.997868 -0.064477 9.477100 -0.024098 0.064217 0.997645 -1.486900 0.000000 0.000000 0.000000 1.000000</float_array><technique_common><accessor source="#mixamorig_Spine1-Matrix-animation-output-transform-array" count="35" stride="16"><param type="float4x4"/></accessor></technique_common></source><source id="mixamorig_Spine1-Interpolations"><Name_array id="mixamorig_Spine1-Interpolations-array" count="35">
 LINEAR LINEAR LINEAR LINEAR LINEAR LINEAR LINEAR LINEAR LINEAR LINEAR LINEAR
LINEAR LINEAR LINEAR LINEAR LINEAR LINEAR LINEAR LINEAR LINEAR LINEAR LINEAR LINEAR
LINEAR LINEAR LINEAR LINEAR LINEAR LINEAR LINEAR LINEAR LINEAR LINEAR LINEAR LINEAR</Name_array><technique_common><accessor source="#mixamorig_Spine1-Interpolations-array" count="35"><param type="name"/></accessor></technique_common></source><sampler id="mixamorig_Spine1-Matrix-animation-transform"><input semantic="INPUT" source="#mixamorig_Spine1-Matrix-animation-input"/><input semantic="OUTPUT" source="#mixamorig_Spine1-Matrix-animation-output-transform"/><input semantic="INTERPOLATION" source="#mixamorig_Spine1-Interpolations"/></sampler><channel source="#mixamorig_Spine1-Matrix-animation-transform" target="mixamorig_Spine1/matrix"/></animation>
    <animation id="mixamorig_Spine2-anim" name="mixamorig_Spine2"><source id="mixamorig_Spine2-Matrix-animation-input"><float_array id="mixamorig_Spine2-Matrix-animation-input-array" count="35">

0.000000 0.033333 0.066667 0.100000 0.133333 0.166667 0.200000 0.233333 0.266667 0.300000 0.333333 0.366667 0.400000 0.433333 0.466667 0.500000
0.533333 0.566667 0.600000 0.633333 0.666667 0.700000 0.733333 0.766667 0.800000 0.833333 0.866667 0.900000 0.933333 0.966667 1.000000 1.033333
1.066667 1.100000 1.133333</float_array><technique_common><accessor source="#mixamorig_Spine2-Matrix-animation-input-array" count="35"><param name="TIME" type="float"/></accessor></technique_common></source><source id="mixamorig_Spine2-Matrix-animation-output-transform"><float_array id="mixamorig_Spine2-Matrix-animation-output-transform-array" count="560">

0.999628 0.011602 0.024677 0.000000 -0.009993 0.997877 -0.064351 12.786900 -0.025372 0.064080 0.997622 -1.438600 0.000000 0.000000 0.000000 1.000000
0.999501 0.015274 0.027647 0.000000 -0.013743 0.998405 -0.054754 12.786900 -0.028439 0.054346 0.998117 -1.438600 0.000000 0.000000 0.000000 1.000000
0.999089 0.021044 0.037139 -0.000000 -0.019415 0.998857 -0.043679 12.786900 -0.038016 0.042918 0.998355 -1.438600 0.000000 0.000000 0.000000 1.000000
0.998094 0.026898 0.055535 0.000000 -0.025239 0.999220 -0.030361 12.786900 -0.056309 0.028902 0.997995 -1.438600 0.000000 0.000000 0.000000 1.000000
0.996550 0.027540 0.078288 -0.000000 -0.026456 0.999540 -0.014851 12.786900 -0.078661 0.012728 0.996820 -1.438600 0.000000 0.000000 0.000000 1.000000
0.994229 0.028807 0.103339 -0.000000 -0.028619 0.999585 -0.003299 12.786900 -0.103391 0.000322 0.994641 -1.438600 0.000000 0.000000 0.000000 1.000000
0.992420 0.022890 0.120739 -0.000000 -0.023512 0.999717 0.003723 12.786900 -0.120620 -0.006534 0.992677 -1.438600 0.000000 0.000000 0.000000 1.000000
0.992261 0.007516 0.123942 0.000000 -0.008430 0.999941 0.006857 12.786900 -0.123883 -0.007848 0.992266 -1.438600 0.000000 0.000000 0.000000 1.000000
0.993914 -0.005289 0.110028 -0.000000 0.004549 0.999965 0.006973 12.786900 -0.110061 -0.006430 0.993904 -1.438600 0.000000 0.000000 0.000000 1.000000
0.996688 -0.012037 0.080428 0.000000 0.011706 0.999921 0.004574 12.786900 -0.080477 -0.003618 0.996750 -1.438600 0.000000 0.000000 0.000000 1.000000
0.998520 -0.016032 0.051965 -0.000000 0.015925 0.999870 0.002486 12.786900 -0.051999 -0.001655 0.998646 -1.438600 0.000000 0.000000 0.000000 1.000000
0.999158 -0.015620 0.037941 -0.000000 0.015522 0.999875 0.002890 12.786900 -0.037982 -0.002299 0.999276 -1.438600 0.000000 0.000000 0.000000 1.000000
0.999251 -0.014476 0.035894 -0.000000 0.014351 0.999890 0.003737 12.786900 -0.035944 -0.003219 0.999349 -1.438600 0.000000 0.000000 0.000000 1.000000
0.999165 -0.013269 0.038641 0.000000 0.013105 0.999904 0.004510 12.786900 -0.038698 -0.004000 0.999243 -1.438600 0.000000 0.000000 0.000000 1.000000
0.999120 -0.012025 0.040173 0.000000 0.011821 0.999916 0.005303 12.786900 -0.040233 -0.004824 0.999179 -1.438600 0.000000 0.000000 0.000000 1.000000
0.999186 -0.011040 0.038790 0.000000 0.010813 0.999923 0.006041 12.786900 -0.038853 -0.005616 0.999229 -1.438600 0.000000 0.000000 0.000000 1.000000
0.999180 -0.010840 0.039007 0.000000 0.010597 0.999923 0.006434 12.786900 -0.039074 -0.006015 0.999218 -1.438600 0.000000 0.000000 0.000000 1.000000
0.999157 -0.010817 0.039590 0.000000 0.010558 0.999921 0.006757 12.786900 -0.039660 -0.006333 0.999193 -1.438600 0.000000 0.000000 0.000000 1.000000
0.999130 -0.010843 0.040267 -0.000000 0.010567 0.999919 0.007063 12.786900 -0.040341 -0.006631 0.999164 -1.438600 0.000000 0.000000 0.000000 1.000000
0.999097 -0.010874 0.041084 0.000000 0.010581 0.999917 0.007337 12.786900 -0.041160 -0.006896 0.999129 -1.438600 0.000000 0.000000 0.000000 1.000000
0.999055 -0.010869 0.042089 0.000000 0.010559 0.999916 0.007574 12.786900 -0.042167 -0.007123 0.999085 -1.438600 0.000000 0.000000 0.000000 1.000000
0.999004 -0.010729 0.043306 0.000000 0.010403 0.999916 0.007757 12.786900 -0.043386 -0.007299 0.999032 -1.438600 0.000000 0.000000 0.000000 1.000000
0.998921 -0.009783 0.045410 0.000000 0.009444 0.999926 0.007671 12.786900 -0.045482 -0.007233 0.998939 -1.438600 0.000000 0.000000 0.000000 1.000000
0.998672 -0.004402 0.051328 0.000000 0.004095 0.999973 0.006081 12.786900 -0.051354 -0.005863 0.998663 -1.438600 0.000000 0.000000 0.000000 1.000000
0.998662 0.002603 0.051655 -0.000000 -0.002799 0.999989 0.003712 12.786900 -0.051645 -0.003851 0.998658 -1.438600 0.000000 0.000000 0.000000 1.000000
0.998940 0.007227 0.045465 0.000000 -0.007305 0.999972 0.001537 12.786900 -0.045452 -0.001868 0.998965 -1.438600 0.000000 0.000000 0.000000 1.000000
0.999354 0.009162 0.034744 0.000000 -0.009157 0.999958 -0.000306 12.786900 -0.034746 -0.000013 0.999396 -1.438600 0.000000 0.000000 0.000000 1.000000
0.999722 0.009751 0.021477 0.000000 -0.009663 0.999944 -0.004230 12.786900 -0.021517 0.004022 0.999760 -1.438600 0.000000 0.000000 0.000000 1.000000
0.999884 0.010007 0.011460 -0.000000 -0.009890 0.999899 -0.010157 12.786900 -0.011561 0.010043 0.999883 -1.438600 0.000000 0.000000 0.000000 1.000000
0.999933 0.009675 0.006409 0.000000 -0.009558 0.999792 -0.018039 12.786900 -0.006582 0.017976 0.999817 -1.438600 0.000000 0.000000 0.000000 1.000000
0.999951 0.009037 0.003944 0.000000 -0.008928 0.999599 -0.026861 12.786900 -0.004185 0.026824 0.999631 -1.438600 0.000000 0.000000 0.000000 1.000000
0.999935 0.008399 0.007693 0.000000 -0.008109 0.999282 -0.037008 12.786900 -0.007998 0.036943 0.999285 -1.438600 0.000000 0.000000 0.000000 1.000000
0.999845 0.008597 0.015340 0.000000 -0.007878 0.998894 -0.046349 12.786900 -0.015721 0.046221 0.998808 -1.438600 0.000000 0.000000 0.000000 1.000000
0.999735 0.009844 0.020822 0.000000 -0.008667 0.998401 -0.055863 12.786900 -0.021338 0.055668 0.998221 -1.438600 0.000000 0.000000 0.000000 1.000000
0.999628 0.011602 0.024677 0.000000 -0.009993 0.997877 -0.064351 12.786900 -0.025372 0.064080 0.997622 -1.438600 0.000000 0.000000 0.000000 1.000000</float_array><technique_common><accessor source="#mixamorig_Spine2-Matrix-animation-output-transform-array" count="35" stride="16"><param type="float4x4"/></accessor></technique_common></source><source id="mixamorig_Spine2-Interpolations"><Name_array id="mixamorig_Spine2-Interpolations-array" count="35">
 LINEAR LINEAR LINEAR LINEAR LINEAR LINEAR LINEAR LINEAR LINEAR LINEAR LINEAR
LINEAR LINEAR LINEAR LINEAR LINEAR LINEAR LINEAR LINEAR LINEAR LINEAR LINEAR LINEAR
LINEAR LINEAR LINEAR LINEAR LINEAR LINEAR LINEAR LINEAR LINEAR LINEAR LINEAR LINEAR</Name_array><technique_common><accessor source="#mixamorig_Spine2-Interpolations-array" count="35"><param type="name"/></accessor></technique_common></source><sampler id="mixamorig_Spine2-Matrix-animation-transform"><input semantic="INPUT" source="#mixamorig_Spine2-Matrix-animation-input"/><input semantic="OUTPUT" source="#mixamorig_Spine2-Matrix-animation-output-transform"/><input semantic="INTERPOLATION" source="#mixamorig_Spine2-Interpolations"/></sampler><channel source="#mixamorig_Spine2-Matrix-animation-transform" target="mixamorig_Spine2/matrix"/></animation>
    <animation id="mixamorig_Neck-anim" name="mixamorig_Neck"><source id="mixamorig_Neck-Matrix-animation-input"><float_array id="mixamorig_Neck-Matrix-animation-input-array" count="35">

0.000000 0.033333 0.066667 0.100000 0.133333 0.166667 0.200000 0.233333 0.266667 0.300000 0.333333 0.366667 0.400000 0.433333 0.466667 0.500000
0.533333 0.566667 0.600000 0.633333 0.666667 0.700000 0.733333 0.766667 0.800000 0.833333 0.866667 0.900000 0.933333 0.966667 1.000000 1.033333
1.066667 1.100000 1.133333</float_array><technique_common><accessor source="#mixamorig_Neck-Matrix-animation-input-array" count="35"><param name="TIME" type="float"/></accessor></technique_common></source><source id="mixamorig_Neck-Matrix-animation-output-transform"><float_array id="mixamorig_Neck-Matrix-animation-output-transform-array" count="560">

0.999890 -0.012796 0.007508 0.000000 0.013214 0.998189 -0.058680 15.556500 -0.006743 0.058773 0.998249 7.134300 0.000000 0.000000 0.000000 1.000000
0.999969 -0.002546 0.007467 0.000000 0.003106 0.997097 -0.076083 15.556500 -0.007252 0.076103 0.997074 7.134300 0.000000 0.000000 0.000000 1.000000
0.999942 0.007531 0.007762 0.000000 -0.006758 0.995436 -0.095197 15.556500 -0.008444 0.095139 0.995428 7.134300 0.000000 0.000000 0.000000 1.000000
0.999787 0.017990 0.010124 0.000000 -0.016718 0.993319 -0.114187 15.556500 -0.012111 0.113993 0.993408 7.134300 0.000000 0.000000 0.000000 1.000000
0.999487 0.026924 0.017351 0.000000 -0.024506 0.991594 -0.127047 15.556500 -0.020625 0.126556 0.991745 7.134300 0.000000 0.000000 0.000000 1.000000
0.999337 0.026112 0.025371 -0.000000 -0.022521 0.990894 -0.132747 15.556500 -0.028606 0.132088 0.990825 7.134300 0.000000 0.000000 0.000000 1.000000
0.999083 0.023734 0.035628 0.000000 -0.018880 0.991217 -0.130887 15.556500 -0.038422 0.130094 0.990757 7.134300 0.000000 0.000000 0.000000 1.000000
0.998574 0.018388 0.050113 0.000000 -0.011780 0.991563 -0.129088 15.556500 -0.052063 0.128314 0.990366 7.134300 0.000000 0.000000 0.000000 1.000000
0.997898 0.012647 0.063556 0.000000 -0.004371 0.991674 -0.128702 15.556500 -0.064655 0.128154 0.989645 7.134300 0.000000 0.000000 0.000000 1.000000
0.997242 0.008973 0.073672 0.000000 0.000639 0.991589 -0.129423 15.556500 -0.074213 0.129113 0.988849 7.134300 0.000000 0.000000 0.000000 1.000000
0.996669 0.009899 0.080955 0.000000 0.000771 0.991419 -0.130724 15.556500 -0.081554 0.130351 0.988108 7.134300 0.000000 0.000000 0.000000 1.000000
0.996349 0.020442 0.082887 -0.000000 -0.009275 0.991081 -0.132935 15.556500 -0.084865 0.131681 0.987653 7.134300 0.000000 0.000000 0.000000 1.000000
0.996020 0.031851 0.083240 -0.000000 -0.020446 0.990710 -0.134444 15.556500 -0.086749 0.132208 0.987419 7.134300 0.000000 0.000000 0.000000 1.000000
0.995690 0.038641 0.084316 0.000000 -0.027191 0.990751 -0.132942 15.556500 -0.088673 0.130076 0.987531 7.134300 0.000000 0.000000 0.000000 1.000000
0.995525 0.039821 0.085700 0.000000 -0.028372 0.990991 -0.130889 15.556500 -0.090140 0.127872 0.987686 7.134300 0.000000 0.000000 0.000000 1.000000
0.995495 0.039718 0.086098 -0.000000 -0.028416 0.991272 -0.128735 15.556500 -0.090459 0.125708 0.987934 7.134300 0.000000 0.000000 0.000000 1.000000
0.995602 0.039874 0.084779 0.000000 -0.028904 0.991494 -0.126903 15.556500 -0.089118 0.123895 0.988285 7.134300 0.000000 0.000000 0.000000 1.000000
0.995729 0.040221 0.083103 0.000000 -0.029606 0.991687 -0.125223 15.556500 -0.087448 0.122228 0.988642 7.134300 0.000000 0.000000 0.000000 1.000000
0.995849 0.041166 0.081181 -0.000000 -0.030904 0.991821 -0.123842 15.556500 -0.085615 0.120819 0.988976 7.134300 0.000000 0.000000 0.000000 1.000000
0.995906 0.045151 0.078309 0.000000 -0.035218 0.991671 -0.123890 15.556500 -0.083250 0.120625 0.989201 7.134300 0.000000 0.000000 0.000000 1.000000
0.995833 0.053149 0.074101 0.000000 -0.043537 0.991102 -0.125784 15.556500 -0.080127 0.122033 0.989286 7.134300 0.000000 0.000000 0.000000 1.000000
0.995714 0.061201 0.069339 0.000000 -0.051967 0.990421 -0.127930 15.556500 -0.076504 0.123778 0.989356 7.134300 0.000000 0.000000 0.000000 1.000000
0.995727 0.067928 0.062553 0.000000 -0.059273 0.989593 -0.131118 15.556500 -0.070809 0.126850 0.989391 7.134300 0.000000 0.000000 0.000000 1.000000
0.996668 0.067638 0.045592 0.000000 -0.060652 0.988256 -0.140257 15.556500 -0.054543 0.137025 0.989065 7.134300 0.000000 0.000000 0.000000 1.000000
0.997526 0.063720 0.029702 0.000000 -0.058658 0.987253 -0.147958 15.556500 -0.038751 0.145850 0.988547 7.134300 0.000000 0.000000 0.000000 1.000000
0.998311 0.054994 0.018727 -0.000000 -0.051594 0.987439 -0.149342 15.556500 -0.026705 0.148124 0.988608 7.134300 0.000000 0.000000 0.000000 1.000000
0.998779 0.047666 0.013001 0.000000 -0.045202 0.987796 -0.149050 15.556500 -0.019947 0.148281 0.988744 7.134300 0.000000 0.000000 0.000000 1.000000
0.998972 0.043556 0.012589 0.000000 -0.041330 0.988982 -0.142146 15.556500 -0.018642 0.141480 0.989766 7.134300 0.000000 0.000000 0.000000 1.000000
0.999166 0.038723 0.012953 0.000000 -0.036673 0.990524 -0.132351 15.556500 -0.017955 0.131765 0.991118 7.134300 0.000000 0.000000 0.000000 1.000000
0.999392 0.032355 0.013014 0.000000 -0.030542 0.992158 -0.121203 15.556500 -0.016833 0.120732 0.992542 7.134300 0.000000 0.000000 0.000000 1.000000
0.999604 0.025053 0.012781 0.000000 -0.023500 0.993670 -0.109849 15.556500 -0.015452 0.109505 0.993866 7.134300 0.000000 0.000000 0.000000 1.000000
0.999806 0.016060 0.011373 0.000000 -0.014855 0.994966 -0.099107 15.556500 -0.012907 0.098919 0.995012 7.134300 0.000000 0.000000 0.000000 1.000000
0.999933 0.006254 0.009764 0.000000 -0.005377 0.996163 -0.087348 15.556500 -0.010273 0.087290 0.996130 7.134300 0.000000 0.000000 0.000000 1.000000
0.999956 -0.003542 0.008739 -0.000000 0.004167 0.997352 -0.072603 15.556500 -0.008459 0.072636 0.997323 7.134300 0.000000 0.000000 0.000000 1.000000
0.999890 -0.012795 0.007508 0.000000 0.013214 0.998189 -0.058680 15.556500 -0.006743 0.058773 0.998249 7.134300 0.000000 0.000000 0.000000 1.000000</float_array><technique_common><accessor source="#mixamorig_Neck-Matrix-animation-output-transform-array" count="35" stride="16"><param type="float4x4"/></accessor></technique_common></source><source id="mixamorig_Neck-Interpolations"><Name_array id="mixamorig_Neck-Interpolations-array" count="35">
 LINEAR LINEAR LINEAR LINEAR LINEAR LINEAR LINEAR LINEAR LINEAR LINEAR LINEAR
LINEAR LINEAR LINEAR LINEAR LINEAR LINEAR LINEAR LINEAR LINEAR LINEAR LINEAR LINEAR
LINEAR LINEAR LINEAR LINEAR LINEAR LINEAR LINEAR LINEAR LINEAR LINEAR LINEAR LINEAR</Name_array><technique_common><accessor source="#mixamorig_Neck-Interpolations-array" count="35"><param type="name"/></accessor></technique_common></source><sampler id="mixamorig_Neck-Matrix-animation-transform"><input semantic="INPUT" source="#mixamorig_Neck-Matrix-animation-input"/><input semantic="OUTPUT" source="#mixamorig_Neck-Matrix-animation-output-transform"/><input semantic="INTERPOLATION" source="#mixamorig_Neck-Interpolations"/></sampler><channel source="#mixamorig_Neck-Matrix-animation-transform" target="mixamorig_Neck/matrix"/></animation>
    <animation id="mixamorig_Head-anim" name="mixamorig_Head"><source id="mixamorig_Head-Matrix-animation-input"><float_array id="mixamorig_Head-Matrix-animation-input-array" count="35">

0.000000 0.033333 0.066667 0.100000 0.133333 0.166667 0.200000 0.233333 0.266667 0.300000 0.333333 0.366667 0.400000 0.433333 0.466667 0.500000
0.533333 0.566667 0.600000 0.633333 0.666667 0.700000 0.733333 0.766667 0.800000 0.833333 0.866667 0.900000 0.933333 0.966667 1.000000 1.033333
1.066667 1.100000 1.133333</float_array><technique_common><accessor source="#mixamorig_Head-Matrix-animation-input-array" count="35"><param name="TIME" type="float"/></accessor></technique_common></source><source id="mixamorig_Head-Matrix-animation-output-transform"><float_array id="mixamorig_Head-Matrix-animation-output-transform-array" count="560">

0.999890 -0.012795 0.007508 -0.000000 0.012208 0.997205 0.073714 7.137700 -0.008430 -0.073614 0.997251 4.237100 0.000000 0.000000 0.000000 1.000000
0.999969 -0.002546 0.007467 0.000000 0.002121 0.998411 0.056308 7.137700 -0.007598 -0.056291 0.998386 4.237100 0.000000 0.000000 0.000000 1.000000
0.999942 0.007531 0.007762 -0.000000 -0.007814 0.999279 0.037144 7.137700 -0.007477 -0.037203 0.999280 4.237100 0.000000 0.000000 0.000000 1.000000
0.999787 0.017990 0.010124 0.000000 -0.018171 0.999672 0.018054 7.137700 -0.009796 -0.018234 0.999786 4.237100 0.000000 0.000000 0.000000 1.000000
0.999487 0.026924 0.017350 0.000000 -0.027016 0.999622 0.005087 7.137700 -0.017207 -0.005554 0.999837 4.237100 0.000000 0.000000 0.000000 1.000000
0.999337 0.026112 0.025371 0.000000 -0.026103 0.999659 -0.000685 7.137700 -0.025380 0.000022 0.999678 4.237100 0.000000 0.000000 0.000000 1.000000
0.999083 0.023734 0.035629 0.000000 -0.023790 0.999716 0.001150 7.137700 -0.035591 -0.001997 0.999364 4.237100 0.000000 0.000000 0.000000 1.000000
0.998574 0.018388 0.050113 0.000000 -0.018555 0.999824 0.002882 7.137700 -0.050051 -0.003807 0.998739 4.237100 0.000000 0.000000 0.000000 1.000000
0.997898 0.012647 0.063556 0.000000 -0.012875 0.999912 0.003169 7.137700 -0.063511 -0.003981 0.997973 4.237100 0.000000 0.000000 0.000000 1.000000
0.997242 0.008973 0.073671 0.000000 -0.009171 0.999955 0.002350 7.137700 -0.073647 -0.003019 0.997280 4.237100 0.000000 0.000000 0.000000 1.000000
0.996669 0.009899 0.080954 0.000000 -0.010010 0.999949 0.000962 7.137700 -0.080941 -0.001769 0.996717 4.237100 0.000000 0.000000 0.000000 1.000000
0.996349 0.020442 0.082886 0.000000 -0.020405 0.999791 -0.001290 7.137700 -0.082895 -0.000406 0.996558 4.237100 0.000000 0.000000 0.000000 1.000000
0.996020 0.031851 0.083240 -0.000000 -0.031727 0.999493 -0.002817 7.137700 -0.083288 0.000165 0.996526 4.237100 0.000000 0.000000 0.000000 1.000000
0.995690 0.038641 0.084316 -0.000000 -0.038668 0.999251 -0.001313 7.137700 -0.084303 -0.001953 0.996438 4.237100 0.000000 0.000000 0.000000 1.000000
0.995525 0.039821 0.085699 0.000000 -0.040032 0.999198 0.000742 7.137700 -0.085601 -0.004170 0.996321 4.237100 0.000000 0.000000 0.000000 1.000000
0.995495 0.039718 0.086097 0.000000 -0.040117 0.999191 0.002910 7.137700 -0.085912 -0.006351 0.996283 4.237100 0.000000 0.000000 0.000000 1.000000
0.995602 0.039875 0.084779 0.000000 -0.040424 0.999171 0.004772 7.137700 -0.084519 -0.008179 0.996388 4.237100 0.000000 0.000000 0.000000 1.000000
0.995729 0.040221 0.083103 0.000000 -0.040900 0.999142 0.006485 7.137700 -0.082771 -0.009856 0.996520 4.237100 0.000000 0.000000 0.000000 1.000000
0.995849 0.041166 0.081181 0.000000 -0.041943 0.999089 0.007898 7.137700 -0.080782 -0.011270 0.996668 4.237100 0.000000 0.000000 0.000000 1.000000
