<?xml version="1.0" encoding="utf-8"?>
<COLLADA xmlns="http://www.collada.org/2005/11/COLLADASchema" version="1.4.1">
  <asset><contributor><author>Mixamo</author><authoring_tool>COLLADA Mixamo exporter</authoring_tool><comments></comments></contributor><created>2020-05-07T22:06:04Z</created><modified>2020-05-07T22:06:04Z</modified><revision></revision><title></title><unit meter="0.010000"/><up_axis>Y_UP</up_axis></asset>
  <library_geometries>
    <geometry id="rigging_body-lib" name="rigging_bodyMesh">
      <mesh>
        <source id="rigging_body-lib-Position" name="position">
          <float_array id="rigging_body-lib-Position-array" count="0"></float_array>
          <technique_common>
            <accessor count="0" source="#rigging_body-lib-Position-array" stride="3">
              <param name="X" type="float"/>
              <param name="Y" type="float"/>
              <param name="Z" type="float"/>
            </accessor>
          </technique_common>
        </source>
        <vertices id="rigging_body-lib-Vertex">
          <input semantic="POSITION" source="#rigging_body-lib-Position"/>
        </vertices>
      </mesh>
    </geometry>
    <geometry id="rigging_Cylinder001-lib" name="rigging_Cylinder001Mesh">
      <mesh>
        <source id="rigging_Cylinder001-lib-Position" name="position">
          <float_array id="rigging_Cylinder001-lib-Position-array" count="0"></float_array>
          <technique_common>
            <accessor count="0" source="#rigging_Cylinder001-lib-Position-array" stride="3">
              <param name="X" type="float"/>
              <param name="Y" type="float"/>
              <param name="Z" type="float"/>
            </accessor>
          </technique_common>
        </source>
        <vertices id="rigging_Cylinder001-lib-Vertex">
          <input semantic="POSITION" source="#rigging_Cylinder001-lib-Position"/>
        </vertices>
      </mesh>
    </geometry>
    <geometry id="rigging_eyebrowns-lib" name="rigging_eyebrownsMesh">
      <mesh>
        <source id="rigging_eyebrowns-lib-Position" name="position">
          <float_array id="rigging_eyebrowns-lib-Position-array" count="0"></float_array>
          <technique_common>
            <accessor count="0" source="#rigging_eyebrowns-lib-Position-array" stride="3">
              <param name="X" type="float"/>
              <param name="Y" type="float"/>
              <param name="Z" type="float"/>
            </accessor>
          </technique_common>
        </source>
        <vertices id="rigging_eyebrowns-lib-Vertex">
          <input semantic="POSITION" source="#rigging_eyebrowns-lib-Position"/>
        </vertices>
      </mesh>
    </geometry>
    <geometry id="rigging_eyebrowns001-lib" name="rigging_eyebrowns001Mesh">
      <mesh>
        <source id="rigging_eyebrowns001-lib-Position" name="position">
          <float_array id="rigging_eyebrowns001-lib-Position-array" count="0"></float_array>
          <technique_common>
            <accessor count="0" source="#rigging_eyebrowns001-lib-Position-array" stride="3">
              <param name="X" type="float"/>
              <param name="Y" type="float"/>
              <param name="Z" type="float"/>
            </accessor>
          </technique_common>
        </source>
        <vertices id="rigging_eyebrowns001-lib-Vertex">
          <input semantic="POSITION" source="#rigging_eyebrowns001-lib-Position"/>
        </vertices>
      </mesh>
    </geometry>
    <geometry id="rigging_hear-lib" name="rigging_hearMesh">
      <mesh>
        <source id="rigging_hear-lib-Position" name="position">
          <float_array id="rigging_hear-lib-Position-array" count="0"></float_array>
          <technique_common>
            <accessor count="0" source="#rigging_hear-lib-Position-array" stride="3">
              <param name="X" type="float"/>
              <param name="Y" type="float"/>
              <param name="Z" type="float"/>
            </accessor>
          </technique_common>
        </source>
        <vertices id="rigging_hear-lib-Vertex">
          <input semantic="POSITION" source="#rigging_hear-lib-Position"/>
        </vertices>
      </mesh>
    </geometry>
    <geometry id="rigging_Tube001-lib" name="rigging_Tube001Mesh">
      <mesh>
        <source id="rigging_Tube001-lib-Position" name="position">
          <float_array id="rigging_Tube001-lib-Position-array" count="0"></float_array>
          <technique_common>
            <accessor count="0" source="#rigging_Tube001-lib-Position-array" stride="3">
              <param name="X" type="float"/>
              <param name="Y" type="float"/>
              <param name="Z" type="float"/>
            </accessor>
          </technique_common>
        </source>
        <vertices id="rigging_Tube001-lib-Vertex">
          <input semantic="POSITION" source="#rigging_Tube001-lib-Position"/>
        </vertices>
      </mesh>
    </geometry>
  </library_geometries>
  <library_controllers>
    <controller id="rigging_bodyController">
      <skin source="#rigging_body-lib">
        <bind_shape_matrix>1.000000 -0.000000 0.000000 0.000000 0.000000 1.000000 -0.000000 0.000000 0.000000 0.000000 1.000000 0.000000 0.000000 0.000000 0.000000 1.000000
</bind_shape_matrix>
        <source id="rigging_bodyController-Joints">
          <Name_array id="rigging_bodyController-Joints-array" count="1">
 rigging_body</Name_array>
          <technique_common>
            <accessor source="#rigging_bodyController-Joints-array" count="1">
              <param type="name"/>
            </accessor>
          </technique_common>
        </source>
        <source id="rigging_bodyController-Matrices">
          <float_array id="rigging_bodyController-Matrices-array" count="32">

1.000000 0.000000 0.000000 -0.000000 -0.000000 1.000000 0.000000 -0.000000 0.000000 -0.000000 1.000000 -0.000000 0.000000 0.000000 0.000000 1.000000
1.000000 0.000000 0.000000 -0.000000 -0.000000 1.000000 0.000000 -0.000000 0.000000 -0.000000 1.000000 -0.000000 0.000000 0.000000 0.000000 1.000000</float_array>
          <technique_common>
            <accessor source="#rigging_bodyController-Matrices-array" count="2" stride="16">
              <param type="float4x4"/>
            </accessor>
          </technique_common>
        </source>
        <source id="rigging_bodyController-Weights">
          <float_array id="rigging_bodyController-Weights-array" count="1">

1.000000</float_array>
          <technique_common>
            <accessor source="#rigging_bodyController-Weights-array" count="1">
              <param type="float"/>
            </accessor>
          </technique_common>
        </source>
        <joints>
          <input semantic="JOINT" source="#rigging_bodyController-Joints"/>
          <input semantic="INV_BIND_MATRIX" source="#rigging_bodyController-Matrices"/>
        </joints>
        <vertex_weights count="0">
          <input semantic="JOINT" offset="0" source="#rigging_bodyController-Joints"/>
          <input semantic="WEIGHT" offset="1" source="#rigging_bodyController-Weights"/>
          <vcount></vcount>
          <v></v>
        </vertex_weights>
      </skin>
    </controller>
    <controller id="rigging_Cylinder001Controller">
      <skin source="#rigging_Cylinder001-lib">
        <bind_shape_matrix>1.000000 -0.000000 0.000000 0.000000 0.000000 1.000000 -0.000000 0.000000 0.000000 0.000000 1.000000 0.000000 0.000000 0.000000 0.000000 1.000000
</bind_shape_matrix>
        <source id="rigging_Cylinder001Controller-Joints">
          <Name_array id="rigging_Cylinder001Controller-Joints-array" count="1">
 rigging_Cylinder001</Name_array>
          <technique_common>
            <accessor source="#rigging_Cylinder001Controller-Joints-array" count="1">
              <param type="name"/>
            </accessor>
          </technique_common>
        </source>
        <source id="rigging_Cylinder001Controller-Matrices">
          <float_array id="rigging_Cylinder001Controller-Matrices-array" count="32">

1.000000 0.000000 0.000000 -0.000000 -0.000000 1.000000 0.000000 -0.000000 0.000000 -0.000000 1.000000 -0.000000 0.000000 0.000000 0.000000 1.000000
1.000000 0.000000 0.000000 -0.000000 -0.000000 1.000000 0.000000 -0.000000 0.000000 -0.000000 1.000000 -0.000000 0.000000 0.000000 0.000000 1.000000</float_array>
          <technique_common>
            <accessor source="#rigging_Cylinder001Controller-Matrices-array" count="2" stride="16">
              <param type="float4x4"/>
            </accessor>
          </technique_common>
        </source>
        <source id="rigging_Cylinder001Controller-Weights">
          <float_array id="rigging_Cylinder001Controller-Weights-array" count="1">

1.000000</float_array>
          <technique_common>
            <accessor source="#rigging_Cylinder001Controller-Weights-array" count="1">
              <param type="float"/>
            </accessor>
          </technique_common>
        </source>
        <joints>
          <input semantic="JOINT" source="#rigging_Cylinder001Controller-Joints"/>
          <input semantic="INV_BIND_MATRIX" source="#rigging_Cylinder001Controller-Matrices"/>
        </joints>
        <vertex_weights count="0">
          <input semantic="JOINT" offset="0" source="#rigging_Cylinder001Controller-Joints"/>
          <input semantic="WEIGHT" offset="1" source="#rigging_Cylinder001Controller-Weights"/>
          <vcount></vcount>
          <v></v>
        </vertex_weights>
      </skin>
    </controller>
    <controller id="rigging_eyebrownsController">
      <skin source="#rigging_eyebrowns-lib">
        <bind_shape_matrix>1.000000 -0.000000 0.000000 0.000000 0.000000 1.000000 -0.000000 0.000000 0.000000 0.000000 1.000000 0.000000 0.000000 0.000000 0.000000 1.000000
</bind_shape_matrix>
        <source id="rigging_eyebrownsController-Joints">
          <Name_array id="rigging_eyebrownsController-Joints-array" count="1">
 rigging_eyebrowns</Name_array>
          <technique_common>
            <accessor source="#rigging_eyebrownsController-Joints-array" count="1">
              <param type="name"/>
            </accessor>
          </technique_common>
        </source>
        <source id="rigging_eyebrownsController-Matrices">
          <float_array id="rigging_eyebrownsController-Matrices-array" count="32">

1.000000 0.000000 0.000000 -0.000000 -0.000000 1.000000 0.000000 -0.000000 0.000000 -0.000000 1.000000 -0.000000 0.000000 0.000000 0.000000 1.000000
1.000000 0.000000 0.000000 -0.000000 -0.000000 1.000000 0.000000 -0.000000 0.000000 -0.000000 1.000000 -0.000000 0.000000 0.000000 0.000000 1.000000</float_array>
          <technique_common>
            <accessor source="#rigging_eyebrownsController-Matrices-array" count="2" stride="16">
              <param type="float4x4"/>
            </accessor>
          </technique_common>
        </source>
        <source id="rigging_eyebrownsController-Weights">
          <float_array id="rigging_eyebrownsController-Weights-array" count="1">

1.000000</float_array>
          <technique_common>
            <accessor source="#rigging_eyebrownsController-Weights-array" count="1">
              <param type="float"/>
            </accessor>
          </technique_common>
        </source>
        <joints>
          <input semantic="JOINT" source="#rigging_eyebrownsController-Joints"/>
          <input semantic="INV_BIND_MATRIX" source="#rigging_eyebrownsController-Matrices"/>
        </joints>
        <vertex_weights count="0">
          <input semantic="JOINT" offset="0" source="#rigging_eyebrownsController-Joints"/>
          <input semantic="WEIGHT" offset="1" source="#rigging_eyebrownsController-Weights"/>
          <vcount></vcount>
          <v></v>
        </vertex_weights>
      </skin>
    </controller>
    <controller id="rigging_eyebrowns001Controller">
      <skin source="#rigging_eyebrowns001-lib">
        <bind_shape_matrix>1.000000 -0.000000 0.000000 0.000000 0.000000 1.000000 -0.000000 0.000000 0.000000 0.000000 1.000000 0.000000 0.000000 0.000000 0.000000 1.000000
</bind_shape_matrix>
        <source id="rigging_eyebrowns001Controller-Joints">
          <Name_array id="rigging_eyebrowns001Controller-Joints-array" count="1">
 rigging_eyebrowns001</Name_array>
          <technique_common>
            <accessor source="#rigging_eyebrowns001Controller-Joints-array" count="1">
              <param type="name"/>
            </accessor>
          </technique_common>
        </source>
        <source id="rigging_eyebrowns001Controller-Matrices">
          <float_array id="rigging_eyebrowns001Controller-Matrices-array" count="32">

1.000000 0.000000 0.000000 -0.000000 -0.000000 1.000000 0.000000 -0.000000 0.000000 -0.000000 1.000000 -0.000000 0.000000 0.000000 0.000000 1.000000
1.000000 0.000000 0.000000 -0.000000 -0.000000 1.000000 0.000000 -0.000000 0.000000 -0.000000 1.000000 -0.000000 0.000000 0.000000 0.000000 1.000000</float_array>
          <technique_common>
            <accessor source="#rigging_eyebrowns001Controller-Matrices-array" count="2" stride="16">
              <param type="float4x4"/>
            </accessor>
          </technique_common>
        </source>
        <source id="rigging_eyebrowns001Controller-Weights">
          <float_array id="rigging_eyebrowns001Controller-Weights-array" count="1">

1.000000</float_array>
          <technique_common>
            <accessor source="#rigging_eyebrowns001Controller-Weights-array" count="1">
              <param type="float"/>
            </accessor>
          </technique_common>
        </source>
        <joints>
          <input semantic="JOINT" source="#rigging_eyebrowns001Controller-Joints"/>
          <input semantic="INV_BIND_MATRIX" source="#rigging_eyebrowns001Controller-Matrices"/>
        </joints>
        <vertex_weights count="0">
          <input semantic="JOINT" offset="0" source="#rigging_eyebrowns001Controller-Joints"/>
          <input semantic="WEIGHT" offset="1" source="#rigging_eyebrowns001Controller-Weights"/>
          <vcount></vcount>
          <v></v>
        </vertex_weights>
      </skin>
    </controller>
    <controller id="rigging_hearController">
      <skin source="#rigging_hear-lib">
        <bind_shape_matrix>1.000000 -0.000000 0.000000 0.000000 0.000000 1.000000 -0.000000 0.000000 0.000000 0.000000 1.000000 0.000000 0.000000 0.000000 0.000000 1.000000
</bind_shape_matrix>
        <source id="rigging_hearController-Joints">
          <Name_array id="rigging_hearController-Joints-array" count="1">
 rigging_hear</Name_array>
          <technique_common>
            <accessor source="#rigging_hearController-Joints-array" count="1">
              <param type="name"/>
            </accessor>
          </technique_common>
        </source>
        <source id="rigging_hearController-Matrices">
          <float_array id="rigging_hearController-Matrices-array" count="32">

1.000000 0.000000 0.000000 -0.000000 -0.000000 1.000000 0.000000 -0.000000 0.000000 -0.000000 1.000000 -0.000000 0.000000 0.000000 0.000000 1.000000
1.000000 0.000000 0.000000 -0.000000 -0.000000 1.000000 0.000000 -0.000000 0.000000 -0.000000 1.000000 -0.000000 0.000000 0.000000 0.000000 1.000000</float_array>
          <technique_common>
            <accessor source="#rigging_hearController-Matrices-array" count="2" stride="16">
              <param type="float4x4"/>
            </accessor>
          </technique_common>
        </source>
        <source id="rigging_hearController-Weights">
          <float_array id="rigging_hearController-Weights-array" count="1">

1.000000</float_array>
          <technique_common>
            <accessor source="#rigging_hearController-Weights-array" count="1">
              <param type="float"/>
            </accessor>
          </technique_common>
        </source>
        <joints>
          <input semantic="JOINT" source="#rigging_hearController-Joints"/>
          <input semantic="INV_BIND_MATRIX" source="#rigging_hearController-Matrices"/>
        </joints>
        <vertex_weights count="0">
          <input semantic="JOINT" offset="0" source="#rigging_hearController-Joints"/>
          <input semantic="WEIGHT" offset="1" source="#rigging_hearController-Weights"/>
          <vcount></vcount>
          <v></v>
        </vertex_weights>
      </skin>
    </controller>
    <controller id="rigging_Tube001Controller">
      <skin source="#rigging_Tube001-lib">
        <bind_shape_matrix>1.000000 -0.000000 0.000000 0.000000 0.000000 1.000000 -0.000000 0.000000 0.000000 0.000000 1.000000 0.000000 0.000000 0.000000 0.000000 1.000000
</bind_shape_matrix>
        <source id="rigging_Tube001Controller-Joints">
          <Name_array id="rigging_Tube001Controller-Joints-array" count="1">
 rigging_Tube001</Name_array>
          <technique_common>
            <accessor source="#rigging_Tube001Controller-Joints-array" count="1">
              <param type="name"/>
            </accessor>
          </technique_common>
        </source>
        <source id="rigging_Tube001Controller-Matrices">
          <float_array id="rigging_Tube001Controller-Matrices-array" count="32">

1.000000 0.000000 0.000000 -0.000000 -0.000000 1.000000 0.000000 -0.000000 0.000000 -0.000000 1.000000 -0.000000 0.000000 0.000000 0.000000 1.000000
1.000000 0.000000 0.000000 -0.000000 -0.000000 1.000000 0.000000 -0.000000 0.000000 -0.000000 1.000000 -0.000000 0.000000 0.000000 0.000000 1.000000</float_array>
          <technique_common>
            <accessor source="#rigging_Tube001Controller-Matrices-array" count="2" stride="16">
              <param type="float4x4"/>
            </accessor>
          </technique_common>
        </source>
        <source id="rigging_Tube001Controller-Weights">
          <float_array id="rigging_Tube001Controller-Weights-array" count="1">

1.000000</float_array>
          <technique_common>
            <accessor source="#rigging_Tube001Controller-Weights-array" count="1">
              <param type="float"/>
            </accessor>
          </technique_common>
        </source>
        <joints>
          <input semantic="JOINT" source="#rigging_Tube001Controller-Joints"/>
          <input semantic="INV_BIND_MATRIX" source="#rigging_Tube001Controller-Matrices"/>
        </joints>
        <vertex_weights count="0">
          <input semantic="JOINT" offset="0" source="#rigging_Tube001Controller-Joints"/>
          <input semantic="WEIGHT" offset="1" source="#rigging_Tube001Controller-Weights"/>
          <vcount></vcount>
          <v></v>
        </vertex_weights>
      </skin>
    </controller>
  </library_controllers>
  <library_animations>
    <animation id="rigging_Yennefer-anim" name="rigging_Yennefer"><source id="rigging_Yennefer-Matrix-animation-input"><float_array id="rigging_Yennefer-Matrix-animation-input-array" count="260">

0.000000 0.033333 0.066667 0.100000 0.133333 0.166667 0.200000 0.233333 0.266667 0.300000 0.333333 0.366667 0.400000 0.433333 0.466667 0.500000
0.533333 0.566667 0.600000 0.633333 0.666667 0.700000 0.733333 0.766667 0.800000 0.833333 0.866667 0.900000 0.933333 0.966667 1.000000 1.033333
1.066667 1.100000 1.133333 1.166667 1.200000 1.233333 1.266667 1.300000 1.333333 1.366667 1.400000 1.433333 1.466667 1.500000 1.533333 1.566667
1.600000 1.633333 1.666667 1.700000 1.733333 1.766667 1.800000 1.833333 1.866667 1.900000 1.933333 1.966667 2.000000 2.033333 2.066667 2.100000
2.133333 2.166667 2.200000 2.233333 2.266667 2.300000 2.333333 2.366667 2.400000 2.433333 2.466667 2.500000 2.533333 2.566667 2.600000 2.633333
2.666667 2.700000 2.733333 2.766667 2.800000 2.833333 2.866667 2.900000 2.933333 2.966667 3.000000 3.033333 3.066667 3.100000 3.133333 3.166667
3.200000 3.233333 3.266667 3.300000 3.333333 3.366667 3.400000 3.433333 3.466667 3.500000 3.533333 3.566667 3.600000 3.633333 3.666667 3.700000
3.733333 3.766667 3.800000 3.833333 3.866667 3.900000 3.933333 3.966667 4.000000 4.033333 4.066667 4.100000 4.133333 4.166667 4.200000 4.233333
4.266667 4.300000 4.333333 4.366667 4.400000 4.433333 4.466667 4.500000 4.533333 4.566667 4.600000 4.633333 4.666667 4.700000 4.733333 4.766667
4.800000 4.833333 4.866667 4.900000 4.933333 4.966667 5.000000 5.033333 5.066667 5.100000 5.133333 5.166667 5.200000 5.233333 5.266667 5.300000
5.333333 5.366667 5.400000 5.433333 5.466667 5.500000 5.533333 5.566667 5.600000 5.633333 5.666667 5.700000 5.733333 5.766667 5.800000 5.833333
5.866667 5.900000 5.933333 5.966667 6.000000 6.033333 6.066667 6.100000 6.133333 6.166667 6.200000 6.233333 6.266667 6.300000 6.333333 6.366667
6.400000 6.433333 6.466667 6.500000 6.533333 6.566667 6.600000 6.633333 6.666667 6.700000 6.733333 6.766667 6.800000 6.833333 6.866667 6.900000
6.933333 6.966667 7.000000 7.033333 7.066667 7.100000 7.133333 7.166667 7.200000 7.233333 7.266667 7.300000 7.333333 7.366667 7.400000 7.433333
7.466667 7.500000 7.533333 7.566667 7.600000 7.633333 7.666667 7.700000 7.733333 7.766667 7.800000 7.833333 7.866667 7.900000 7.933333 7.966667
8.000000 8.033333 8.066667 8.100000 8.133333 8.166667 8.200000 8.233333 8.266667 8.300000 8.333333 8.366667 8.400000 8.433333 8.466667 8.500000
8.533333 8.566667 8.600000 8.633333</float_array><technique_common><accessor source="#rigging_Yennefer-Matrix-animation-input-array" count="260"><param name="TIME" type="float"/></accessor></technique_common></source><source id="rigging_Yennefer-Matrix-animation-output-transform"><float_array id="rigging_Yennefer-Matrix-animation-output-transform-array" count="4160">

0.975641 -0.042738 0.215171 0.152265 0.089950 0.972532 -0.214687 -0.258351 -0.200085 0.228812 0.952686 -0.277830 0.000000 0.000000 0.000000 1.000000
0.975641 -0.042738 0.215171 0.152265 0.089950 0.972532 -0.214687 -0.258352 -0.200085 0.228812 0.952686 -0.277831 0.000000 0.000000 0.000000 1.000000
0.975547 -0.042654 0.215613 0.152338 0.089577 0.972979 -0.212810 -0.258281 -0.200710 0.226920 0.953007 -0.276567 0.000000 0.000000 0.000000 1.000000
0.975391 -0.042467 0.216356 0.152351 0.089272 0.973310 -0.211418 -0.258153 -0.201603 0.225529 0.953149 -0.275517 0.000000 0.000000 0.000000 1.000000
0.975252 -0.041532 0.217162 0.152034 0.088103 0.973850 -0.209412 -0.258177 -0.202786 0.223362 0.953408 -0.274182 0.000000 0.000000 0.000000 1.000000
0.975263 -0.038478 0.217673 0.150751 0.084334 0.975017 -0.205499 -0.258481 -0.204328 0.218773 0.954143 -0.271814 0.000000 0.000000 0.000000 1.000000
0.975251 -0.037610 0.217877 0.150432 0.083577 0.975020 -0.205795 -0.258385 -0.204695 0.218912 0.954032 -0.271672 0.000000 0.000000 0.000000 1.000000
0.975435 -0.035825 0.217356 0.149642 0.081556 0.975306 -0.205249 -0.258450 -0.204635 0.217934 0.954269 -0.271159 0.000000 0.000000 0.000000 1.000000
0.975611 -0.033964 0.216862 0.148741 0.079909 0.975120 -0.206772 -0.258347 -0.204444 0.219058 0.954052 -0.271655 0.000000 0.000000 0.000000 1.000000
0.975691 -0.034084 0.216485 0.148687 0.081261 0.973679 -0.212945 -0.257808 -0.203529 0.225360 0.952779 -0.274553 0.000000 0.000000 0.000000 1.000000
0.975797 -0.032575 0.216239 0.147855 0.081143 0.972184 -0.219714 -0.257216 -0.203067 0.231943 0.951297 -0.277584 0.000000 0.000000 0.000000 1.000000
0.976122 -0.029754 0.215177 0.146374 0.079524 0.970756 -0.226515 -0.256776 -0.202145 0.238218 0.949942 -0.280676 0.000000 0.000000 0.000000 1.000000
0.976522 -0.026357 0.213800 0.144570 0.077817 0.968629 -0.236015 -0.256106 -0.200872 0.247112 0.947938 -0.284979 0.000000 0.000000 0.000000 1.000000
0.976822 -0.023525 0.212756 0.142965 0.077216 0.965745 -0.247738 -0.255310 -0.199640 0.258424 0.945178 -0.290577 0.000000 0.000000 0.000000 1.000000
0.977081 -0.019788 0.211945 0.140942 0.076508 0.961782 -0.262911 -0.254154 -0.198642 0.273101 0.941253 -0.297767 0.000000 0.000000 0.000000 1.000000
0.977333 -0.017908 0.210949 0.139830 0.078661 0.955800 -0.283299 -0.252194 -0.196552 0.293471 0.935544 -0.307428 0.000000 0.000000 0.000000 1.000000
0.977349 -0.018259 0.210845 0.139778 0.081747 0.951519 -0.296528 -0.250827 -0.195209 0.307047 0.931459 -0.313932 0.000000 0.000000 0.000000 1.000000
0.977449 -0.019536 0.210264 0.140322 0.082853 0.951350 -0.296765 -0.250902 -0.194237 0.307494 0.931515 -0.314513 0.000000 0.000000 0.000000 1.000000
0.977337 -0.022022 0.210542 0.141586 0.083233 0.954448 -0.286533 -0.252021 -0.194641 0.297563 0.934650 -0.310279 0.000000 0.000000 0.000000 1.000000
0.977106 -0.026192 0.211135 0.143756 0.083677 0.959725 -0.268190 -0.253851 -0.195607 0.279717 0.939945 -0.302224 0.000000 0.000000 0.000000 1.000000
0.976737 -0.031479 0.212116 0.146447 0.084058 0.966208 -0.243675 -0.256258 -0.197278 0.255836 0.946377 -0.291327 0.000000 0.000000 0.000000 1.000000
0.975991 -0.036283 0.214768 0.148836 0.084932 0.971372 -0.221862 -0.257978 -0.200569 0.234776 0.951132 -0.281357 0.000000 0.000000 0.000000 1.000000
0.975611 -0.040472 0.215745 0.151050 0.085309 0.975503 -0.202773 -0.259206 -0.202253 0.216233 0.955163 -0.272387 0.000000 0.000000 0.000000 1.000000
0.975502 -0.044820 0.215377 0.153321 0.085954 0.978856 -0.185613 -0.260099 -0.202504 0.199578 0.958729 -0.264219 0.000000 0.000000 0.000000 1.000000
0.975538 -0.047769 0.214579 0.154957 0.085679 0.981536 -0.171014 -0.260705 -0.202448 0.185216 0.961618 -0.256993 0.000000 0.000000 0.000000 1.000000
0.975303 -0.050448 0.215032 0.156445 0.086377 0.983148 -0.161119 -0.260923 -0.203280 0.175714 0.963225 -0.251909 0.000000 0.000000 0.000000 1.000000
0.974921 -0.052494 0.216272 0.157580 0.087836 0.983653 -0.157199 -0.260772 -0.204484 0.172253 0.963595 -0.249606 0.000000 0.000000 0.000000 1.000000
0.974717 -0.053298 0.216991 0.158145 0.088591 0.983726 -0.156318 -0.260542 -0.205128 0.171589 0.963576 -0.248634 0.000000 0.000000 0.000000 1.000000
0.974800 -0.052317 0.216861 0.157814 0.087967 0.983489 -0.158149 -0.260264 -0.205007 0.173240 0.963307 -0.248787 0.000000 0.000000 0.000000 1.000000
0.975164 -0.049349 0.215914 0.156484 0.086031 0.982711 -0.163945 -0.259920 -0.204091 0.178449 0.962550 -0.250791 0.000000 0.000000 0.000000 1.000000
0.976101 -0.043392 0.212943 0.153723 0.082302 0.980687 -0.177425 -0.259154 -0.201131 0.190710 0.960820 -0.256093 0.000000 0.000000 0.000000 1.000000
0.977110 -0.034368 0.209941 0.149323 0.076787 0.977311 -0.197398 -0.258068 -0.198394 0.209001 0.957580 -0.264372 0.000000 0.000000 0.000000 1.000000
0.977581 -0.032552 0.208027 0.148013 0.080245 0.971014 -0.225150 -0.256086 -0.194668 0.236795 0.951857 -0.277282 0.000000 0.000000 0.000000 1.000000
0.978067 -0.030479 0.206046 0.146498 0.083548 0.963575 -0.254054 -0.253692 -0.190798 0.265697 0.944987 -0.290726 0.000000 0.000000 0.000000 1.000000
0.977990 -0.029192 0.206602 0.145391 0.086963 0.957093 -0.276424 -0.251563 -0.189668 0.288307 0.938566 -0.301536 0.000000 0.000000 0.000000 1.000000
0.978187 -0.027968 0.205835 0.144454 0.087993 0.953391 -0.288623 -0.250380 -0.188168 0.300440 0.935055 -0.307801 0.000000 0.000000 0.000000 1.000000
0.978284 -0.027818 0.205394 0.144162 0.087740 0.953367 -0.288778 -0.250576 -0.187782 0.300528 0.935105 -0.308714 0.000000 0.000000 0.000000 1.000000
0.977899 -0.029337 0.207012 0.144780 0.087393 0.956819 -0.277235 -0.252195 -0.189939 0.289199 0.938236 -0.304313 0.000000 0.000000 0.000000 1.000000
0.977280 -0.033501 0.209287 0.146799 0.088598 0.961592 -0.259792 -0.254247 -0.192546 0.272432 0.942713 -0.297229 0.000000 0.000000 0.000000 1.000000
0.976360 -0.038939 0.212614 0.149784 0.090409 0.967032 -0.238066 -0.256417 -0.196334 0.251661 0.947692 -0.288128 0.000000 0.000000 0.000000 1.000000
0.975682 -0.042511 0.215029 0.152104 0.090027 0.972169 -0.216294 -0.258226 -0.199850 0.230393 0.952355 -0.278553 0.000000 0.000000 0.000000 1.000000
0.975531 -0.044455 0.215321 0.153618 0.088248 0.976165 -0.198279 -0.259486 -0.201374 0.212429 0.956202 -0.270244 0.000000 0.000000 0.000000 1.000000
0.975625 -0.046372 0.214489 0.155036 0.086419 0.979625 -0.181292 -0.260522 -0.201712 0.195409 0.959754 -0.262164 0.000000 0.000000 0.000000 1.000000
0.975477 -0.048618 0.214664 0.156343 0.086380 0.981615 -0.170206 -0.260908 -0.202442 0.184575 0.961743 -0.256718 0.000000 0.000000 0.000000 1.000000
0.974999 -0.049505 0.216625 0.156828 0.086172 0.982814 -0.163249 -0.261018 -0.204820 0.177835 0.962509 -0.253005 0.000000 0.000000 0.000000 1.000000
0.974870 -0.049899 0.217115 0.157052 0.086549 0.982869 -0.162721 -0.260627 -0.205276 0.177423 0.962488 -0.252055 0.000000 0.000000 0.000000 1.000000
0.974995 -0.049029 0.216749 0.156666 0.086473 0.982191 -0.166804 -0.259926 -0.204711 0.181376 0.961871 -0.253009 0.000000 0.000000 0.000000 1.000000
0.975294 -0.046620 0.215937 0.155470 0.085384 0.981067 -0.173830 -0.259126 -0.203745 0.187973 0.960809 -0.255219 0.000000 0.000000 0.000000 1.000000
0.976165 -0.042075 0.212911 0.153290 0.083607 0.978215 -0.190012 -0.257619 -0.200278 0.203284 0.958418 -0.261226 0.000000 0.000000 0.000000 1.000000
0.977460 -0.035165 0.208172 0.150008 0.080552 0.973558 -0.213769 -0.255426 -0.195150 0.225719 0.954446 -0.270377 0.000000 0.000000 0.000000 1.000000
0.978410 -0.026339 0.204989 0.145564 0.075926 0.968299 -0.237975 -0.253297 -0.192223 0.248401 0.949393 -0.280015 0.000000 0.000000 0.000000 1.000000
0.979650 -0.015808 0.200092 0.140209 0.071033 0.959683 -0.271961 -0.249957 -0.187726 0.280639 0.941276 -0.294039 0.000000 0.000000 0.000000 1.000000
0.980433 -0.009326 0.196631 0.136491 0.071975 0.946698 -0.313979 -0.245164 -0.183222 0.321988 0.928845 -0.312300 0.000000 0.000000 0.000000 1.000000
0.980630 -0.005426 0.195795 0.133976 0.075523 0.932796 -0.352404 -0.240035 -0.180724 0.360365 0.915137 -0.329313 0.000000 0.000000 0.000000 1.000000
0.980657 -0.001839 0.195723 0.131468 0.078954 0.918710 -0.386960 -0.234732 -0.179101 0.394928 0.901085 -0.344760 0.000000 0.000000 0.000000 1.000000
0.980759 0.000350 0.195223 0.129693 0.081127 0.908834 -0.409193 -0.231205 -0.177569 0.417158 0.891319 -0.355083 0.000000 0.000000 0.000000 1.000000
0.980692 0.000247 0.195559 0.129092 0.082811 0.905390 -0.416428 -0.230223 -0.177160 0.424582 0.887888 -0.359171 0.000000 0.000000 0.000000 1.000000
0.980298 -0.003923 0.197487 0.130549 0.086290 0.907860 -0.410297 -0.232378 -0.177681 0.419254 0.890312 -0.358082 0.000000 0.000000 0.000000 1.000000
0.979573 -0.007657 0.200943 0.132222 0.088271 0.914226 -0.395473 -0.235523 -0.180679 0.405132 0.896227 -0.352993 0.000000 0.000000 0.000000 1.000000
0.979001 -0.011618 0.203526 0.134245 0.088567 0.923469 -0.373312 -0.239606 -0.183613 0.383498 0.905105 -0.344636 0.000000 0.000000 0.000000 1.000000
0.978273 -0.015860 0.206715 0.136445 0.088526 0.933560 -0.347317 -0.243920 -0.187473 0.358070 0.914680 -0.334584 0.000000 0.000000 0.000000 1.000000
0.977728 -0.020152 0.208906 0.138479 0.088599 0.941969 -0.323797 -0.247589 -0.190258 0.335095 0.922775 -0.325528 0.000000 0.000000 0.000000 1.000000
0.976947 -0.024024 0.212125 0.139914 0.088277 0.950176 -0.298953 -0.251603 -0.194374 0.310787 0.930392 -0.315925 0.000000 0.000000 0.000000 1.000000
0.976251 -0.027864 0.214842 0.141002 0.088191 0.956920 -0.276633 -0.254741 -0.197879 0.289010 0.936652 -0.307312 0.000000 0.000000 0.000000 1.000000
0.976046 -0.030717 0.215383 0.141607 0.087363 0.961998 -0.258704 -0.257257 -0.199252 0.271323 0.941638 -0.300384 0.000000 0.000000 0.000000 1.000000
0.975915 -0.033424 0.215577 0.141959 0.087412 0.965308 -0.246047 -0.258987 -0.199875 0.258965 0.944980 -0.295699 0.000000 0.000000 0.000000 1.000000
0.976049 -0.035998 0.214550 0.141873 0.087533 0.967845 -0.235825 -0.260339 -0.199162 0.248957 0.947816 -0.291871 0.000000 0.000000 0.000000 1.000000
0.976269 -0.038506 0.213110 0.141820 0.087632 0.970141 -0.226158 -0.261543 -0.198038 0.239466 0.950493 -0.288214 0.000000 0.000000 0.000000 1.000000
0.976696 -0.041260 0.210626 0.141975 0.088104 0.971929 -0.218154 -0.262577 -0.195713 0.231627 0.952914 -0.285269 0.000000 0.000000 0.000000 1.000000
0.977438 -0.044556 0.206470 0.142326 0.089331 0.972975 -0.212930 -0.263420 -0.191403 0.226570 0.955003 -0.283632 0.000000 0.000000 0.000000 1.000000
0.978582 -0.048739 0.200005 0.143023 0.091712 0.973042 -0.211608 -0.264046 -0.184300 0.225419 0.956671 -0.283885 0.000000 0.000000 0.000000 1.000000
0.980158 -0.054123 0.190685 0.144197 0.095531 0.971888 -0.215193 -0.264426 -0.173678 0.229139 0.957774 -0.286541 0.000000 0.000000 0.000000 1.000000
0.982022 -0.060501 0.178810 0.145718 0.100400 0.969556 -0.223343 -0.264545 -0.159854 0.237280 0.958199 -0.291381 0.000000 0.000000 0.000000 1.000000
0.983981 -0.067651 0.164941 0.147530 0.105854 0.966161 -0.235219 -0.264325 -0.143447 0.248911 0.957845 -0.297935 0.000000 0.000000 0.000000 1.000000
0.985863 -0.075693 0.149480 0.149695 0.111756 0.961761 -0.250053 -0.263815 -0.124837 0.263223 0.956624 -0.305793 0.000000 0.000000 0.000000 1.000000
0.987510 -0.084713 0.132847 0.152253 0.117975 0.956429 -0.267069 -0.263083 -0.104435 0.279406 0.954477 -0.314519 0.000000 0.000000 0.000000 1.000000
0.988775 -0.094834 0.115460 0.155153 0.124476 0.950268 -0.285476 -0.262227 -0.082645 0.296643 0.951406 -0.323745 0.000000 0.000000 0.000000 1.000000
0.989567 -0.105798 0.097799 0.158453 0.130966 0.943448 -0.304556 -0.261193 -0.060047 0.314187 0.947460 -0.332998 0.000000 0.000000 0.000000 1.000000
0.989832 -0.117446 0.080242 0.162200 0.137312 0.936183 -0.323584 -0.259932 -0.037117 0.331312 0.942791 -0.341943 0.000000 0.000000 0.000000 1.000000
0.989441 -0.131206 0.061575 0.167159 0.144456 0.927304 -0.345312 -0.258147 -0.011792 0.350560 0.936466 -0.351721 0.000000 0.000000 0.000000 1.000000
0.988464 -0.143575 0.048221 0.171369 0.151202 0.917003 -0.369112 -0.256272 0.008776 0.372145 0.928133 -0.362533 0.000000 0.000000 0.000000 1.000000
0.986921 -0.157351 0.035045 0.176306 0.158187 0.903400 -0.398555 -0.251963 0.031053 0.398886 0.916475 -0.375048 0.000000 0.000000 0.000000 1.000000
0.984821 -0.172315 0.020846 0.182024 0.164565 0.888773 -0.427786 -0.246643 0.055187 0.424724 0.903639 -0.386774 0.000000 0.000000 0.000000 1.000000
0.982564 -0.185850 0.005250 0.186976 0.167735 0.873903 -0.456243 -0.241166 0.080205 0.449169 0.889840 -0.398034 0.000000 0.000000 0.000000 1.000000
0.979430 -0.201577 -0.009187 0.193154 0.171689 0.856398 -0.486934 -0.234075 0.106022 0.475341 0.873390 -0.409215 0.000000 0.000000 0.000000 1.000000
0.975826 -0.217078 -0.025300 0.199364 0.173148 0.838555 -0.516571 -0.226556 0.133351 0.499703 0.855871 -0.419361 0.000000 0.000000 0.000000 1.000000
0.972368 -0.230139 -0.039203 0.204628 0.171973 0.819683 -0.546393 -0.218422 0.157880 0.524553 0.836611 -0.429430 0.000000 0.000000 0.000000 1.000000
0.969011 -0.242225 -0.048415 0.209584 0.171129 0.799641 -0.575577 -0.209696 0.178134 0.549456 0.816313 -0.439268 0.000000 0.000000 0.000000 1.000000
0.965482 -0.253155 -0.061302 0.213959 0.166145 0.779801 -0.603578 -0.200897 0.200602 0.572559 0.794944 -0.448246 0.000000 0.000000 0.000000 1.000000
0.961835 -0.263295 -0.074488 0.218081 0.159691 0.761188 -0.628563 -0.192471 0.222197 0.592679 0.774183 -0.455850 0.000000 0.000000 0.000000 1.000000
0.958175 -0.273512 -0.084216 0.222478 0.155917 0.745678 -0.647807 -0.185213 0.239981 0.607582 0.757135 -0.461152 0.000000 0.000000 0.000000 1.000000
0.954817 -0.283048 -0.090601 0.226903 0.154075 0.732130 -0.663511 -0.178842 0.254137 0.619572 0.742661 -0.465115 0.000000 0.000000 0.000000 1.000000
0.951020 -0.292850 -0.098992 0.231692 0.151101 0.719743 -0.677597 -0.173221 0.269684 0.629451 0.728740 -0.468300 0.000000 0.000000 0.000000 1.000000
0.946845 -0.302683 -0.108936 0.236552 0.147567 0.709585 -0.688995 -0.168542 0.285846 0.636296 0.716533 -0.470345 0.000000 0.000000 0.000000 1.000000
0.945356 -0.305990 -0.112570 0.238531 0.144288 0.702252 -0.697153 -0.164871 0.292375 0.642816 0.708029 -0.472127 0.000000 0.000000 0.000000 1.000000
0.944864 -0.307092 -0.113695 0.239551 0.141862 0.696793 -0.703104 -0.161949 0.295139 0.648208 0.701939 -0.473440 0.000000 0.000000 0.000000 1.000000
0.944313 -0.308422 -0.114672 0.240618 0.140319 0.692664 -0.707480 -0.159678 0.297631 0.651992 0.697368 -0.474183 0.000000 0.000000 0.000000 1.000000
0.943904 -0.309422 -0.115342 0.241367 0.138772 0.688629 -0.711711 -0.157590 0.299647 0.655780 0.692939 -0.475110 0.000000 0.000000 0.000000 1.000000
0.943762 -0.309790 -0.115516 0.241793 0.137445 0.685373 -0.715103 -0.155934 0.300703 0.659010 0.689408 -0.475984 0.000000 0.000000 0.000000 1.000000
0.943645 -0.309986 -0.115941 0.242104 0.136152 0.682907 -0.717705 -0.154630 0.301655 0.661474 0.686627 -0.476629 0.000000 0.000000 0.000000 1.000000
0.943539 -0.310250 -0.116095 0.242390 0.135203 0.680625 -0.720048 -0.153463 0.302413 0.663698 0.684143 -0.477262 0.000000 0.000000 0.000000 1.000000
0.943510 -0.310466 -0.115761 0.242677 0.134596 0.678355 -0.722301 -0.152389 0.302777 0.665917 0.681822 -0.477953 0.000000 0.000000 0.000000 1.000000
0.943623 -0.310434 -0.114922 0.242744 0.134383 0.676525 -0.724055 -0.151458 0.302519 0.667791 0.680101 -0.478508 0.000000 0.000000 0.000000 1.000000
0.944391 -0.309403 -0.111337 0.242367 0.135892 0.675554 -0.724679 -0.150954 0.299432 0.669251 0.680032 -0.478777 0.000000 0.000000 0.000000 1.000000
0.944810 -0.308558 -0.110116 0.242151 0.135828 0.674785 -0.725407 -0.150530 0.298134 0.670415 0.679455 -0.479054 0.000000 0.000000 0.000000 1.000000
0.945057 -0.307894 -0.109860 0.242023 0.135160 0.674002 -0.726259 -0.150029 0.297657 0.671508 0.678585 -0.479370 0.000000 0.000000 0.000000 1.000000
0.945329 -0.307170 -0.109541 0.241891 0.134616 0.673487 -0.726838 -0.149640 0.297038 0.672356 0.678017 -0.479582 0.000000 0.000000 0.000000 1.000000
0.945676 -0.306151 -0.109397 0.241600 0.133727 0.673009 -0.727445 -0.149254 0.296333 0.673298 0.677389 -0.479863 0.000000 0.000000 0.000000 1.000000
0.946036 -0.305080 -0.109282 0.241255 0.132678 0.672304 -0.728288 -0.148828 0.295657 0.674487 0.676501 -0.480290 0.000000 0.000000 0.000000 1.000000
0.946374 -0.304296 -0.108541 0.241033 0.132588 0.672179 -0.728420 -0.148689 0.294614 0.674966 0.676478 -0.480351 0.000000 0.000000 0.000000 1.000000
0.946778 -0.303237 -0.107979 0.240657 0.132185 0.672136 -0.728533 -0.148551 0.293495 0.675486 0.676447 -0.480450 0.000000 0.000000 0.000000 1.000000
0.947196 -0.302114 -0.107456 0.240238 0.131786 0.672281 -0.728472 -0.148497 0.292322 0.675844 0.676596 -0.480492 0.000000 0.000000 0.000000 1.000000
0.947560 -0.301259 -0.106644 0.239985 0.131804 0.672402 -0.728357 -0.148406 0.291131 0.676106 0.676848 -0.480498 0.000000 0.000000 0.000000 1.000000
0.947881 -0.300433 -0.106120 0.239634 0.131567 0.672394 -0.728407 -0.148339 0.290192 0.676481 0.676877 -0.480591 0.000000 0.000000 0.000000 1.000000
0.948243 -0.299440 -0.105690 0.239195 0.131196 0.672536 -0.728343 -0.148332 0.289176 0.676780 0.677013 -0.480674 0.000000 0.000000 0.000000 1.000000
0.948551 -0.298624 -0.105239 0.238891 0.131073 0.672906 -0.728023 -0.148416 0.288221 0.676772 0.677427 -0.480646 0.000000 0.000000 0.000000 1.000000
0.948857 -0.297855 -0.104653 0.238611 0.131039 0.673157 -0.727797 -0.148444 0.287226 0.676862 0.677761 -0.480657 0.000000 0.000000 0.000000 1.000000
0.949057 -0.297336 -0.104313 0.238416 0.131011 0.673417 -0.727562 -0.148508 0.286576 0.676832 0.678065 -0.480644 0.000000 0.000000 0.000000 1.000000
0.949221 -0.297030 -0.103699 0.238287 0.131413 0.673811 -0.727124 -0.148634 0.285851 0.676574 0.678629 -0.480553 0.000000 0.000000 0.000000 1.000000
0.949384 -0.296659 -0.103262 0.238126 0.131608 0.674156 -0.726769 -0.148763 0.285217 0.676393 0.679076 -0.480501 0.000000 0.000000 0.000000 1.000000
0.949550 -0.296297 -0.102779 0.237947 0.131814 0.674425 -0.726482 -0.148881 0.284571 0.676283 0.679456 -0.480511 0.000000 0.000000 0.000000 1.000000
0.949672 -0.296108 -0.102197 0.237829 0.132295 0.674859 -0.725991 -0.149063 0.283940 0.675933 0.680068 -0.480418 0.000000 0.000000 0.000000 1.000000
0.949781 -0.295907 -0.101762 0.237729 0.132674 0.675336 -0.725478 -0.149276 0.283398 0.675544 0.680681 -0.480315 0.000000 0.000000 0.000000 1.000000
0.949850 -0.295705 -0.101701 0.237555 0.132687 0.675629 -0.725203 -0.149429 0.283158 0.675340 0.680983 -0.480328 0.000000 0.000000 0.000000 1.000000
