<?xml version="1.0" encoding="utf-8"?>
<COLLADA xmlns="http://www.collada.org/2005/11/COLLADASchema" version="1.4.1">
  <asset><contributor><author>Mixamo</author><authoring_tool>COLLADA Mixamo exporter</authoring_tool><comments></comments></contributor><created>2020-05-07T00:52:40Z</created><modified>2020-05-07T00:52:40Z</modified><revision></revision><title></title><unit meter="0.010000"/><up_axis>Y_UP</up_axis></asset>
  <library_geometries>
    <geometry id="rigging_body-lib" name="rigging_bodyMesh">
      <mesh>
        <source id="rigging_body-lib-Position" name="position">
          <float_array id="rigging_body-lib-Position-array" count="0"></float_array>
          <technique_common>
            <accessor count="0" source="#rigging_body-lib-Position-array" stride="3">
              <param name="X" type="float"/>
              <param name="Y" type="float"/>
              <param name="Z" type="float"/>
            </accessor>
          </technique_common>
        </source>
        <vertices id="rigging_body-lib-Vertex">
          <input semantic="POSITION" source="#rigging_body-lib-Position"/>
        </vertices>
      </mesh>
    </geometry>
    <geometry id="rigging_Cylinder001-lib" name="rigging_Cylinder001Mesh">
      <mesh>
        <source id="rigging_Cylinder001-lib-Position" name="position">
          <float_array id="rigging_Cylinder001-lib-Position-array" count="0"></float_array>
          <technique_common>
            <accessor count="0" source="#rigging_Cylinder001-lib-Position-array" stride="3">
              <param name="X" type="float"/>
              <param name="Y" type="float"/>
              <param name="Z" type="float"/>
            </accessor>
          </technique_common>
        </source>
        <vertices id="rigging_Cylinder001-lib-Vertex">
          <input semantic="POSITION" source="#rigging_Cylinder001-lib-Position"/>
        </vertices>
      </mesh>
    </geometry>
    <geometry id="rigging_eyebrowns-lib" name="rigging_eyebrownsMesh">
      <mesh>
        <source id="rigging_eyebrowns-lib-Position" name="position">
          <float_array id="rigging_eyebrowns-lib-Position-array" count="0"></float_array>
          <technique_common>
            <accessor count="0" source="#rigging_eyebrowns-lib-Position-array" stride="3">
              <param name="X" type="float"/>
              <param name="Y" type="float"/>
              <param name="Z" type="float"/>
            </accessor>
          </technique_common>
        </source>
        <vertices id="rigging_eyebrowns-lib-Vertex">
          <input semantic="POSITION" source="#rigging_eyebrowns-lib-Position"/>
        </vertices>
      </mesh>
    </geometry>
    <geometry id="rigging_eyebrowns001-lib" name="rigging_eyebrowns001Mesh">
      <mesh>
        <source id="rigging_eyebrowns001-lib-Position" name="position">
          <float_array id="rigging_eyebrowns001-lib-Position-array" count="0"></float_array>
          <technique_common>
            <accessor count="0" source="#rigging_eyebrowns001-lib-Position-array" stride="3">
              <param name="X" type="float"/>
              <param name="Y" type="float"/>
              <param name="Z" type="float"/>
            </accessor>
          </technique_common>
        </source>
        <vertices id="rigging_eyebrowns001-lib-Vertex">
          <input semantic="POSITION" source="#rigging_eyebrowns001-lib-Position"/>
        </vertices>
      </mesh>
    </geometry>
    <geometry id="rigging_hear-lib" name="rigging_hearMesh">
      <mesh>
        <source id="rigging_hear-lib-Position" name="position">
          <float_array id="rigging_hear-lib-Position-array" count="0"></float_array>
          <technique_common>
            <accessor count="0" source="#rigging_hear-lib-Position-array" stride="3">
              <param name="X" type="float"/>
              <param name="Y" type="float"/>
              <param name="Z" type="float"/>
            </accessor>
          </technique_common>
        </source>
        <vertices id="rigging_hear-lib-Vertex">
          <input semantic="POSITION" source="#rigging_hear-lib-Position"/>
        </vertices>
      </mesh>
    </geometry>
    <geometry id="rigging_Tube001-lib" name="rigging_Tube001Mesh">
      <mesh>
        <source id="rigging_Tube001-lib-Position" name="position">
          <float_array id="rigging_Tube001-lib-Position-array" count="0"></float_array>
          <technique_common>
            <accessor count="0" source="#rigging_Tube001-lib-Position-array" stride="3">
              <param name="X" type="float"/>
              <param name="Y" type="float"/>
              <param name="Z" type="float"/>
            </accessor>
          </technique_common>
        </source>
        <vertices id="rigging_Tube001-lib-Vertex">
          <input semantic="POSITION" source="#rigging_Tube001-lib-Position"/>
        </vertices>
      </mesh>
    </geometry>
  </library_geometries>
  <library_controllers>
    <controller id="rigging_bodyController">
      <skin source="#rigging_body-lib">
        <bind_shape_matrix>1.000000 -0.000000 0.000000 0.000000 0.000000 1.000000 -0.000000 0.000000 0.000000 0.000000 1.000000 0.000000 0.000000 0.000000 0.000000 1.000000
</bind_shape_matrix>
        <source id="rigging_bodyController-Joints">
          <Name_array id="rigging_bodyController-Joints-array" count="1">
 rigging_body</Name_array>
          <technique_common>
            <accessor source="#rigging_bodyController-Joints-array" count="1">
              <param type="name"/>
            </accessor>
          </technique_common>
        </source>
        <source id="rigging_bodyController-Matrices">
          <float_array id="rigging_bodyController-Matrices-array" count="32">

1.000000 0.000000 0.000000 -0.000000 -0.000000 1.000000 0.000000 -0.000000 0.000000 -0.000000 1.000000 -0.000000 0.000000 0.000000 0.000000 1.000000
1.000000 0.000000 0.000000 -0.000000 -0.000000 1.000000 0.000000 -0.000000 0.000000 -0.000000 1.000000 -0.000000 0.000000 0.000000 0.000000 1.000000</float_array>
          <technique_common>
            <accessor source="#rigging_bodyController-Matrices-array" count="2" stride="16">
              <param type="float4x4"/>
            </accessor>
          </technique_common>
        </source>
        <source id="rigging_bodyController-Weights">
          <float_array id="rigging_bodyController-Weights-array" count="1">

1.000000</float_array>
          <technique_common>
            <accessor source="#rigging_bodyController-Weights-array" count="1">
              <param type="float"/>
            </accessor>
          </technique_common>
        </source>
        <joints>
          <input semantic="JOINT" source="#rigging_bodyController-Joints"/>
          <input semantic="INV_BIND_MATRIX" source="#rigging_bodyController-Matrices"/>
        </joints>
        <vertex_weights count="0">
          <input semantic="JOINT" offset="0" source="#rigging_bodyController-Joints"/>
          <input semantic="WEIGHT" offset="1" source="#rigging_bodyController-Weights"/>
          <vcount></vcount>
          <v></v>
        </vertex_weights>
      </skin>
    </controller>
    <controller id="rigging_Cylinder001Controller">
      <skin source="#rigging_Cylinder001-lib">
        <bind_shape_matrix>1.000000 -0.000000 0.000000 0.000000 0.000000 1.000000 -0.000000 0.000000 0.000000 0.000000 1.000000 0.000000 0.000000 0.000000 0.000000 1.000000
</bind_shape_matrix>
        <source id="rigging_Cylinder001Controller-Joints">
          <Name_array id="rigging_Cylinder001Controller-Joints-array" count="1">
 rigging_Cylinder001</Name_array>
          <technique_common>
            <accessor source="#rigging_Cylinder001Controller-Joints-array" count="1">
              <param type="name"/>
            </accessor>
          </technique_common>
        </source>
        <source id="rigging_Cylinder001Controller-Matrices">
          <float_array id="rigging_Cylinder001Controller-Matrices-array" count="32">

1.000000 0.000000 0.000000 -0.000000 -0.000000 1.000000 0.000000 -0.000000 0.000000 -0.000000 1.000000 -0.000000 0.000000 0.000000 0.000000 1.000000
1.000000 0.000000 0.000000 -0.000000 -0.000000 1.000000 0.000000 -0.000000 0.000000 -0.000000 1.000000 -0.000000 0.000000 0.000000 0.000000 1.000000</float_array>
          <technique_common>
            <accessor source="#rigging_Cylinder001Controller-Matrices-array" count="2" stride="16">
              <param type="float4x4"/>
            </accessor>
          </technique_common>
        </source>
        <source id="rigging_Cylinder001Controller-Weights">
          <float_array id="rigging_Cylinder001Controller-Weights-array" count="1">

1.000000</float_array>
          <technique_common>
            <accessor source="#rigging_Cylinder001Controller-Weights-array" count="1">
              <param type="float"/>
            </accessor>
          </technique_common>
        </source>
        <joints>
          <input semantic="JOINT" source="#rigging_Cylinder001Controller-Joints"/>
          <input semantic="INV_BIND_MATRIX" source="#rigging_Cylinder001Controller-Matrices"/>
        </joints>
        <vertex_weights count="0">
          <input semantic="JOINT" offset="0" source="#rigging_Cylinder001Controller-Joints"/>
          <input semantic="WEIGHT" offset="1" source="#rigging_Cylinder001Controller-Weights"/>
          <vcount></vcount>
          <v></v>
        </vertex_weights>
      </skin>
    </controller>
    <controller id="rigging_eyebrownsController">
      <skin source="#rigging_eyebrowns-lib">
        <bind_shape_matrix>1.000000 -0.000000 0.000000 0.000000 0.000000 1.000000 -0.000000 0.000000 0.000000 0.000000 1.000000 0.000000 0.000000 0.000000 0.000000 1.000000
</bind_shape_matrix>
        <source id="rigging_eyebrownsController-Joints">
          <Name_array id="rigging_eyebrownsController-Joints-array" count="1">
 rigging_eyebrowns</Name_array>
          <technique_common>
            <accessor source="#rigging_eyebrownsController-Joints-array" count="1">
              <param type="name"/>
            </accessor>
          </technique_common>
        </source>
        <source id="rigging_eyebrownsController-Matrices">
          <float_array id="rigging_eyebrownsController-Matrices-array" count="32">

1.000000 0.000000 0.000000 -0.000000 -0.000000 1.000000 0.000000 -0.000000 0.000000 -0.000000 1.000000 -0.000000 0.000000 0.000000 0.000000 1.000000
1.000000 0.000000 0.000000 -0.000000 -0.000000 1.000000 0.000000 -0.000000 0.000000 -0.000000 1.000000 -0.000000 0.000000 0.000000 0.000000 1.000000</float_array>
          <technique_common>
            <accessor source="#rigging_eyebrownsController-Matrices-array" count="2" stride="16">
              <param type="float4x4"/>
            </accessor>
          </technique_common>
        </source>
        <source id="rigging_eyebrownsController-Weights">
          <float_array id="rigging_eyebrownsController-Weights-array" count="1">

1.000000</float_array>
          <technique_common>
            <accessor source="#rigging_eyebrownsController-Weights-array" count="1">
              <param type="float"/>
            </accessor>
          </technique_common>
        </source>
        <joints>
          <input semantic="JOINT" source="#rigging_eyebrownsController-Joints"/>
          <input semantic="INV_BIND_MATRIX" source="#rigging_eyebrownsController-Matrices"/>
        </joints>
        <vertex_weights count="0">
          <input semantic="JOINT" offset="0" source="#rigging_eyebrownsController-Joints"/>
          <input semantic="WEIGHT" offset="1" source="#rigging_eyebrownsController-Weights"/>
          <vcount></vcount>
          <v></v>
        </vertex_weights>
      </skin>
    </controller>
    <controller id="rigging_eyebrowns001Controller">
      <skin source="#rigging_eyebrowns001-lib">
        <bind_shape_matrix>1.000000 -0.000000 0.000000 0.000000 0.000000 1.000000 -0.000000 0.000000 0.000000 0.000000 1.000000 0.000000 0.000000 0.000000 0.000000 1.000000
</bind_shape_matrix>
        <source id="rigging_eyebrowns001Controller-Joints">
          <Name_array id="rigging_eyebrowns001Controller-Joints-array" count="1">
 rigging_eyebrowns001</Name_array>
          <technique_common>
            <accessor source="#rigging_eyebrowns001Controller-Joints-array" count="1">
              <param type="name"/>
            </accessor>
          </technique_common>
        </source>
        <source id="rigging_eyebrowns001Controller-Matrices">
          <float_array id="rigging_eyebrowns001Controller-Matrices-array" count="32">

1.000000 0.000000 0.000000 -0.000000 -0.000000 1.000000 0.000000 -0.000000 0.000000 -0.000000 1.000000 -0.000000 0.000000 0.000000 0.000000 1.000000
1.000000 0.000000 0.000000 -0.000000 -0.000000 1.000000 0.000000 -0.000000 0.000000 -0.000000 1.000000 -0.000000 0.000000 0.000000 0.000000 1.000000</float_array>
          <technique_common>
            <accessor source="#rigging_eyebrowns001Controller-Matrices-array" count="2" stride="16">
              <param type="float4x4"/>
            </accessor>
          </technique_common>
        </source>
        <source id="rigging_eyebrowns001Controller-Weights">
          <float_array id="rigging_eyebrowns001Controller-Weights-array" count="1">

1.000000</float_array>
          <technique_common>
            <accessor source="#rigging_eyebrowns001Controller-Weights-array" count="1">
              <param type="float"/>
            </accessor>
          </technique_common>
        </source>
        <joints>
          <input semantic="JOINT" source="#rigging_eyebrowns001Controller-Joints"/>
          <input semantic="INV_BIND_MATRIX" source="#rigging_eyebrowns001Controller-Matrices"/>
        </joints>
        <vertex_weights count="0">
          <input semantic="JOINT" offset="0" source="#rigging_eyebrowns001Controller-Joints"/>
          <input semantic="WEIGHT" offset="1" source="#rigging_eyebrowns001Controller-Weights"/>
          <vcount></vcount>
          <v></v>
        </vertex_weights>
      </skin>
    </controller>
    <controller id="rigging_hearController">
      <skin source="#rigging_hear-lib">
        <bind_shape_matrix>1.000000 -0.000000 0.000000 0.000000 0.000000 1.000000 -0.000000 0.000000 0.000000 0.000000 1.000000 0.000000 0.000000 0.000000 0.000000 1.000000
</bind_shape_matrix>
        <source id="rigging_hearController-Joints">
          <Name_array id="rigging_hearController-Joints-array" count="1">
 rigging_hear</Name_array>
          <technique_common>
            <accessor source="#rigging_hearController-Joints-array" count="1">
              <param type="name"/>
            </accessor>
          </technique_common>
        </source>
        <source id="rigging_hearController-Matrices">
          <float_array id="rigging_hearController-Matrices-array" count="32">

1.000000 0.000000 0.000000 -0.000000 -0.000000 1.000000 0.000000 -0.000000 0.000000 -0.000000 1.000000 -0.000000 0.000000 0.000000 0.000000 1.000000
1.000000 0.000000 0.000000 -0.000000 -0.000000 1.000000 0.000000 -0.000000 0.000000 -0.000000 1.000000 -0.000000 0.000000 0.000000 0.000000 1.000000</float_array>
          <technique_common>
            <accessor source="#rigging_hearController-Matrices-array" count="2" stride="16">
              <param type="float4x4"/>
            </accessor>
          </technique_common>
        </source>
        <source id="rigging_hearController-Weights">
          <float_array id="rigging_hearController-Weights-array" count="1">

1.000000</float_array>
          <technique_common>
            <accessor source="#rigging_hearController-Weights-array" count="1">
              <param type="float"/>
            </accessor>
          </technique_common>
        </source>
        <joints>
          <input semantic="JOINT" source="#rigging_hearController-Joints"/>
          <input semantic="INV_BIND_MATRIX" source="#rigging_hearController-Matrices"/>
        </joints>
        <vertex_weights count="0">
          <input semantic="JOINT" offset="0" source="#rigging_hearController-Joints"/>
          <input semantic="WEIGHT" offset="1" source="#rigging_hearController-Weights"/>
          <vcount></vcount>
          <v></v>
        </vertex_weights>
      </skin>
    </controller>
    <controller id="rigging_Tube001Controller">
      <skin source="#rigging_Tube001-lib">
        <bind_shape_matrix>1.000000 -0.000000 0.000000 0.000000 0.000000 1.000000 -0.000000 0.000000 0.000000 0.000000 1.000000 0.000000 0.000000 0.000000 0.000000 1.000000
</bind_shape_matrix>
        <source id="rigging_Tube001Controller-Joints">
          <Name_array id="rigging_Tube001Controller-Joints-array" count="1">
 rigging_Tube001</Name_array>
          <technique_common>
            <accessor source="#rigging_Tube001Controller-Joints-array" count="1">
              <param type="name"/>
            </accessor>
          </technique_common>
        </source>
        <source id="rigging_Tube001Controller-Matrices">
          <float_array id="rigging_Tube001Controller-Matrices-array" count="32">

1.000000 0.000000 0.000000 -0.000000 -0.000000 1.000000 0.000000 -0.000000 0.000000 -0.000000 1.000000 -0.000000 0.000000 0.000000 0.000000 1.000000
1.000000 0.000000 0.000000 -0.000000 -0.000000 1.000000 0.000000 -0.000000 0.000000 -0.000000 1.000000 -0.000000 0.000000 0.000000 0.000000 1.000000</float_array>
          <technique_common>
            <accessor source="#rigging_Tube001Controller-Matrices-array" count="2" stride="16">
              <param type="float4x4"/>
            </accessor>
          </technique_common>
        </source>
        <source id="rigging_Tube001Controller-Weights">
          <float_array id="rigging_Tube001Controller-Weights-array" count="1">

1.000000</float_array>
          <technique_common>
            <accessor source="#rigging_Tube001Controller-Weights-array" count="1">
              <param type="float"/>
            </accessor>
          </technique_common>
        </source>
        <joints>
          <input semantic="JOINT" source="#rigging_Tube001Controller-Joints"/>
          <input semantic="INV_BIND_MATRIX" source="#rigging_Tube001Controller-Matrices"/>
        </joints>
        <vertex_weights count="0">
          <input semantic="JOINT" offset="0" source="#rigging_Tube001Controller-Joints"/>
          <input semantic="WEIGHT" offset="1" source="#rigging_Tube001Controller-Weights"/>
          <vcount></vcount>
          <v></v>
        </vertex_weights>
      </skin>
    </controller>
  </library_controllers>
  <library_animations>
    <animation id="rigging_Yennefer-anim" name="rigging_Yennefer"><source id="rigging_Yennefer-Matrix-animation-input"><float_array id="rigging_Yennefer-Matrix-animation-input-array" count="109">

0.000000 0.033333 0.066667 0.100000 0.133333 0.166667 0.200000 0.233333 0.266667 0.300000 0.333333 0.366667 0.400000 0.433333 0.466667 0.500000
0.533333 0.566667 0.600000 0.633333 0.666667 0.700000 0.733333 0.766667 0.800000 0.833333 0.866667 0.900000 0.933333 0.966667 1.000000 1.033333
1.066667 1.100000 1.133333 1.166667 1.200000 1.233333 1.266667 1.300000 1.333333 1.366667 1.400000 1.433333 1.466667 1.500000 1.533333 1.566667
1.600000 1.633333 1.666667 1.700000 1.733333 1.766667 1.800000 1.833333 1.866667 1.900000 1.933333 1.966667 2.000000 2.033333 2.066667 2.100000
2.133333 2.166667 2.200000 2.233333 2.266667 2.300000 2.333333 2.366667 2.400000 2.433333 2.466667 2.500000 2.533333 2.566667 2.600000 2.633333
2.666667 2.700000 2.733333 2.766667 2.800000 2.833333 2.866667 2.900000 2.933333 2.966667 3.000000 3.033333 3.066667 3.100000 3.133333 3.166667
3.200000 3.233333 3.266667 3.300000 3.333333 3.366667 3.400000 3.433333 3.466667 3.500000 3.533333 3.566667 3.600000</float_array><technique_common><accessor source="#rigging_Yennefer-Matrix-animation-input-array" count="109"><param name="TIME" type="float"/></accessor></technique_common></source><source id="rigging_Yennefer-Matrix-animation-output-transform"><float_array id="rigging_Yennefer-Matrix-animation-output-transform-array" count="1744">

0.817962 0.068321 -0.571201 -0.035883 -0.062403 0.997601 0.029960 -0.058378 0.571878 0.011139 0.820263 -0.036356 0.000000 0.000000 0.000000 1.000000
0.818674 0.068371 -0.570174 -0.035651 -0.062967 0.997588 0.029213 -0.058580 0.570796 0.011986 0.821005 -0.036978 0.000000 0.000000 0.000000 1.000000
0.818888 0.067087 -0.570018 -0.035005 -0.063169 0.997647 0.026667 -0.058809 0.570466 0.014170 0.821199 -0.038206 0.000000 0.000000 0.000000 1.000000
0.819580 0.064443 -0.569330 -0.034027 -0.063138 0.997761 0.022047 -0.059144 0.569476 0.017877 0.821814 -0.040102 0.000000 0.000000 0.000000 1.000000
0.821894 0.060596 -0.566408 -0.032849 -0.062879 0.997901 0.015517 -0.059629 0.566159 0.022862 0.823979 -0.042510 0.000000 0.000000 0.000000 1.000000
0.828542 0.054921 -0.557227 -0.031532 -0.061757 0.998070 0.006545 -0.060177 0.556511 0.028990 0.830334 -0.045093 0.000000 0.000000 0.000000 1.000000
0.841612 0.049122 -0.537844 -0.031103 -0.060917 0.998134 -0.004160 -0.060568 0.536636 0.036265 0.843034 -0.047730 0.000000 0.000000 0.000000 1.000000
0.863688 0.046559 -0.501871 -0.033399 -0.062755 0.997910 -0.015419 -0.060743 0.500105 0.044812 0.864805 -0.050397 0.000000 0.000000 0.000000 1.000000
0.894686 0.048296 -0.444078 -0.039054 -0.067372 0.997355 -0.027267 -0.061001 0.441586 0.054314 0.895573 -0.052887 0.000000 0.000000 0.000000 1.000000
0.929694 0.053124 -0.364482 -0.047298 -0.072617 0.996559 -0.039974 -0.061881 0.361104 0.063631 0.930352 -0.054672 0.000000 0.000000 0.000000 1.000000
0.961276 0.059847 -0.269010 -0.057008 -0.077142 0.995547 -0.054177 -0.063941 0.264570 0.072831 0.961612 -0.055904 0.000000 0.000000 0.000000 1.000000
0.983760 0.067488 -0.166317 -0.066998 -0.080222 0.994240 -0.071073 -0.067556 0.160563 0.083261 0.983508 -0.057316 0.000000 0.000000 0.000000 1.000000
0.994954 0.076018 -0.065474 -0.076658 -0.081642 0.992769 -0.088000 -0.072542 0.058311 0.092901 0.993966 -0.057796 0.000000 0.000000 0.000000 1.000000
0.996211 0.083597 0.023969 -0.084743 -0.080921 0.992026 -0.096620 -0.080301 -0.031855 0.094314 0.995033 -0.054405 0.000000 0.000000 0.000000 1.000000
0.991389 0.091415 0.093761 -0.091670 -0.082806 0.992316 -0.091933 -0.089882 -0.101445 0.083378 0.991341 -0.045041 0.000000 0.000000 0.000000 1.000000
0.985409 0.101681 0.136492 -0.098441 -0.091778 0.992798 -0.076995 -0.099430 -0.143338 0.063345 0.987645 -0.031208 0.000000 0.000000 0.000000 1.000000
0.982676 0.113831 0.146254 -0.104931 -0.106222 0.992600 -0.058844 -0.106862 -0.151870 0.042289 0.987495 -0.017042 0.000000 0.000000 0.000000 1.000000
0.985266 0.125557 0.116132 -0.109988 -0.121429 0.991712 -0.041990 -0.110675 -0.120442 0.027270 0.992346 -0.006062 0.000000 0.000000 0.000000 1.000000
0.989699 0.138727 0.035360 -0.114052 -0.137758 0.990055 -0.028520 -0.109428 -0.038965 0.023355 0.998968 -0.000820 0.000000 0.000000 0.000000 1.000000
0.981785 0.159149 -0.103775 -0.119483 -0.161540 0.986752 -0.015004 -0.101689 0.100013 0.031495 0.994488 -0.001410 0.000000 0.000000 0.000000 1.000000
0.936543 0.187022 -0.296496 -0.126084 -0.192994 0.981156 0.009278 -0.088840 0.292644 0.048533 0.954989 -0.006149 0.000000 0.000000 0.000000 1.000000
0.829248 0.218681 -0.514322 -0.132539 -0.222559 0.973365 0.055024 -0.073613 0.512655 0.068839 0.855830 -0.011833 0.000000 0.000000 0.000000 1.000000
0.664706 0.251810 -0.703390 -0.138787 -0.241077 0.963418 0.117081 -0.058613 0.707141 0.091747 0.701095 -0.016498 0.000000 0.000000 0.000000 1.000000
0.491439 0.283299 -0.823547 -0.145616 -0.254612 0.951037 0.175220 -0.044380 0.832863 0.123575 0.539507 -0.024398 0.000000 0.000000 0.000000 1.000000
0.351882 0.305521 -0.884780 -0.149970 -0.274941 0.937274 0.214302 -0.030147 0.894755 0.167853 0.413810 -0.038033 0.000000 0.000000 0.000000 1.000000
0.239923 0.304458 -0.921815 -0.145376 -0.282728 0.930302 0.233675 -0.023125 0.928710 0.204559 0.309280 -0.049704 0.000000 0.000000 0.000000 1.000000
0.139872 0.275849 -0.950970 -0.129557 -0.255606 0.937918 0.234467 -0.028145 0.956609 0.210278 0.201697 -0.047694 0.000000 0.000000 0.000000 1.000000
0.067090 0.232408 -0.970302 -0.105255 -0.209896 0.954018 0.213995 -0.036178 0.975419 0.189305 0.112786 -0.031522 0.000000 0.000000 0.000000 1.000000
0.044377 0.190256 -0.980731 -0.080369 -0.164272 0.969725 0.180688 -0.043787 0.985416 0.153089 0.074287 -0.009866 0.000000 0.000000 0.000000 1.000000
0.069105 0.154821 -0.985523 -0.058457 -0.124551 0.981494 0.145454 -0.050612 0.989804 0.112696 0.087110 0.010479 0.000000 0.000000 0.000000 1.000000
0.121442 0.123500 -0.984886 -0.037470 -0.091719 0.989381 0.112755 -0.055607 0.988352 0.076640 0.131479 0.026820 0.000000 0.000000 0.000000 1.000000
0.185614 0.093028 -0.978209 -0.016190 -0.065429 0.994469 0.082159 -0.059129 0.980442 0.048753 0.190674 0.038527 0.000000 0.000000 0.000000 1.000000
0.251451 0.062998 -0.965818 0.002636 -0.043256 0.997614 0.053810 -0.063927 0.966903 0.028247 0.253576 0.044286 0.000000 0.000000 0.000000 1.000000
0.313396 0.038142 -0.948856 0.015380 -0.025598 0.999169 0.031710 -0.071294 0.949278 0.014351 0.314112 0.043052 0.000000 0.000000 0.000000 1.000000
0.382548 0.027181 -0.923536 0.018900 -0.018647 0.999591 0.021696 -0.078377 0.923747 0.008921 0.382898 0.037495 0.000000 0.000000 0.000000 1.000000
0.485151 0.035521 -0.873709 0.009800 -0.021924 0.999355 0.028455 -0.084489 0.874156 0.005350 0.485616 0.030901 0.000000 0.000000 0.000000 1.000000
0.630765 0.062244 -0.773474 -0.010861 -0.046220 0.998022 0.042622 -0.085253 0.774596 0.008865 0.632394 0.024115 0.000000 0.000000 0.000000 1.000000
0.786805 0.095084 -0.609834 -0.037136 -0.088108 0.995246 0.041500 -0.080465 0.610881 0.021079 0.791442 0.016421 0.000000 0.000000 0.000000 1.000000
0.907017 0.118324 -0.404128 -0.059441 -0.123015 0.992300 0.014442 -0.074093 0.402725 0.036615 0.914588 0.009083 0.000000 0.000000 0.000000 1.000000
0.972600 0.120634 -0.198738 -0.070720 -0.127658 0.991555 -0.022870 -0.070953 0.194300 0.047614 0.979786 0.003622 0.000000 0.000000 0.000000 1.000000
0.994257 0.100108 -0.037844 -0.068952 -0.102183 0.993096 -0.057602 -0.069907 0.031816 0.061138 0.997622 -0.003051 0.000000 0.000000 0.000000 1.000000
0.995612 0.068621 0.063626 -0.059565 -0.062605 0.993775 -0.092151 -0.067811 -0.069554 0.087763 0.993710 -0.015451 0.000000 0.000000 0.000000 1.000000
0.991670 0.046425 0.120151 -0.052084 -0.031933 0.992279 -0.119840 -0.064825 -0.124787 0.115005 0.985496 -0.028279 0.000000 0.000000 0.000000 1.000000
0.989762 0.040939 0.136728 -0.050038 -0.023724 0.991843 -0.125240 -0.063990 -0.140740 0.120714 0.982660 -0.032547 0.000000 0.000000 0.000000 1.000000
0.993279 0.037154 0.109622 -0.046771 -0.025241 0.993817 -0.108124 -0.066573 -0.112962 0.104631 0.988075 -0.029085 0.000000 0.000000 0.000000 1.000000
0.998929 0.021208 0.041129 -0.036104 -0.017738 0.996393 -0.082979 -0.071218 -0.042741 0.082160 0.995702 -0.024472 0.000000 0.000000 0.000000 1.000000
0.997531 -0.001291 -0.070214 -0.020837 -0.002927 0.998198 -0.059932 -0.076292 0.070165 0.059989 0.995730 -0.020904 0.000000 0.000000 0.000000 1.000000
0.973627 -0.015804 -0.227599 -0.007438 0.006721 0.999152 -0.040629 -0.079723 0.228048 0.038028 0.972907 -0.016436 0.000000 0.000000 0.000000 1.000000
0.908538 -0.022513 -0.417196 0.004128 0.011002 0.999490 -0.029976 -0.081020 0.417658 0.022645 0.908322 -0.012403 0.000000 0.000000 0.000000 1.000000
0.798346 -0.028180 -0.601540 0.016171 0.011795 0.999445 -0.031167 -0.082119 0.602084 0.017787 0.798235 -0.010350 0.000000 0.000000 0.000000 1.000000
0.670617 -0.020837 -0.741511 0.022078 -0.003736 0.999498 -0.031465 -0.084540 0.741794 0.023871 0.670202 -0.011740 0.000000 0.000000 0.000000 1.000000
0.569013 0.013748 -0.822214 0.013962 -0.046500 0.998798 -0.015480 -0.087827 0.821013 0.047041 0.568969 -0.021020 0.000000 0.000000 0.000000 1.000000
0.519167 0.061892 -0.852429 -0.003098 -0.103240 0.994613 0.009338 -0.088914 0.848414 0.083157 0.522760 -0.035764 0.000000 0.000000 0.000000 1.000000
0.524162 0.099482 -0.845788 -0.018841 -0.145481 0.989015 0.026169 -0.087294 0.839100 0.109329 0.532877 -0.044207 0.000000 0.000000 0.000000 1.000000
0.583033 0.120303 -0.803492 -0.030501 -0.161042 0.986466 0.030843 -0.084640 0.796328 0.111413 0.594516 -0.039725 0.000000 0.000000 0.000000 1.000000
0.689318 0.127999 -0.713062 -0.039198 -0.160865 0.986740 0.021617 -0.081592 0.706373 0.099806 0.700768 -0.028298 0.000000 0.000000 0.000000 1.000000
0.813916 0.120892 -0.568265 -0.043040 -0.151575 0.988422 -0.006823 -0.079492 0.560861 0.091688 0.822817 -0.018865 0.000000 0.000000 0.000000 1.000000
0.914354 0.093923 -0.393872 -0.038019 -0.121758 0.991483 -0.046226 -0.081606 0.386176 0.090224 0.918002 -0.013858 0.000000 0.000000 0.000000 1.000000
0.970524 0.045797 -0.236612 -0.022098 -0.066793 0.994433 -0.081493 -0.086905 0.231562 0.094895 0.968181 -0.012855 0.000000 0.000000 0.000000 1.000000
0.992681 -0.012297 -0.120142 -0.000010 -0.001028 0.993907 -0.110218 -0.091523 0.120765 0.109535 0.986619 -0.016573 0.000000 0.000000 0.000000 1.000000
0.997669 -0.054674 -0.040829 0.016540 0.049139 0.990804 -0.126064 -0.095328 0.047346 0.123764 0.991182 -0.020600 0.000000 0.000000 0.000000 1.000000
0.997931 -0.063616 -0.009330 0.019510 0.062093 0.991196 -0.116940 -0.100630 0.016687 0.116118 0.993095 -0.016400 0.000000 0.000000 0.000000 1.000000
0.997616 -0.050465 -0.047070 0.014373 0.046083 0.994880 -0.089940 -0.106836 0.051368 0.087557 0.994834 -0.005176 0.000000 0.000000 0.000000 1.000000
0.986908 -0.038968 -0.156505 0.012420 0.028667 0.997304 -0.067547 -0.110823 0.158715 0.062176 0.985365 0.003410 0.000000 0.000000 0.000000 1.000000
0.947888 -0.037771 -0.316356 0.017655 0.019280 0.997928 -0.061380 -0.112686 0.318019 0.052082 0.946653 0.005013 0.000000 0.000000 0.000000 1.000000
0.873449 -0.035693 -0.485605 0.024080 0.006306 0.998055 -0.062017 -0.115364 0.486874 0.051106 0.871976 0.002752 0.000000 0.000000 0.000000 1.000000
0.784560 -0.020708 -0.619707 0.024481 -0.020865 0.997994 -0.059765 -0.120069 0.619701 0.059820 0.782555 -0.003726 0.000000 0.000000 0.000000 1.000000
0.716390 -0.000028 -0.697700 0.020315 -0.057289 0.996621 -0.058863 -0.125977 0.695344 0.082139 0.713967 -0.016710 0.000000 0.000000 0.000000 1.000000
0.687117 0.011995 -0.726447 0.017120 -0.084648 0.994376 -0.063646 -0.131852 0.721598 0.105225 0.684269 -0.030168 0.000000 0.000000 0.000000 1.000000
0.696074 0.015808 -0.717796 0.014809 -0.091537 0.993553 -0.066886 -0.137444 0.712111 0.112263 0.693034 -0.036615 0.000000 0.000000 0.000000 1.000000
0.743506 0.023071 -0.668331 0.008505 -0.088058 0.994080 -0.063648 -0.141448 0.662906 0.106175 0.741136 -0.036665 0.000000 0.000000 0.000000 1.000000
0.823865 0.037952 -0.565514 -0.003465 -0.088118 0.994200 -0.061653 -0.142920 0.559895 0.100626 0.822431 -0.035694 0.000000 0.000000 0.000000 1.000000
0.907843 0.050989 -0.416200 -0.015582 -0.087262 0.993821 -0.068588 -0.143304 0.410131 0.098586 0.906683 -0.034515 0.000000 0.000000 0.000000 1.000000
0.964365 0.047712 -0.260236 -0.019306 -0.070968 0.994208 -0.080708 -0.145256 0.254878 0.096301 0.962166 -0.032116 0.000000 0.000000 0.000000 1.000000
0.990321 0.022060 -0.137034 -0.011616 -0.034865 0.995171 -0.091754 -0.149598 0.134349 0.095644 0.986308 -0.031644 0.000000 0.000000 0.000000 1.000000
0.998865 -0.014940 -0.045218 0.001542 0.010312 0.994843 -0.100897 -0.153846 0.046493 0.100316 0.993869 -0.034465 0.000000 0.000000 0.000000 1.000000
0.998683 -0.040019 0.032119 0.009491 0.043084 0.993929 -0.101240 -0.156504 -0.027872 0.102490 0.994343 -0.035923 0.000000 0.000000 0.000000 1.000000
0.995552 -0.046001 0.082220 0.009690 0.053078 0.994875 -0.086060 -0.158573 -0.077840 0.090041 0.992891 -0.031270 0.000000 0.000000 0.000000 1.000000
0.994456 -0.046676 0.094225 0.008503 0.053109 0.996341 -0.066966 -0.158968 -0.090754 0.071599 0.993296 -0.025300 0.000000 0.000000 0.000000 1.000000
0.994938 -0.051130 0.086516 0.009395 0.056435 0.996600 -0.060028 -0.156268 -0.083152 0.064606 0.994440 -0.024810 0.000000 0.000000 0.000000 1.000000
0.995644 -0.058152 0.072879 0.011547 0.062952 0.995872 -0.065385 -0.150602 -0.068776 0.069688 0.995195 -0.029241 0.000000 0.000000 0.000000 1.000000
0.997025 -0.063130 0.044225 0.013202 0.066268 0.995090 -0.073514 -0.143053 -0.039367 0.076226 0.996313 -0.034153 0.000000 0.000000 0.000000 1.000000
0.997960 -0.063530 -0.006331 0.013369 0.062846 0.994978 -0.077907 -0.134688 0.011248 0.077350 0.996941 -0.036808 0.000000 0.000000 0.000000 1.000000
0.995743 -0.059689 -0.070242 0.011894 0.054261 0.995569 -0.076805 -0.126251 0.074516 0.072666 0.994569 -0.037121 0.000000 0.000000 0.000000 1.000000
0.988809 -0.051766 -0.139921 0.008512 0.042140 0.996592 -0.070911 -0.118284 0.143115 0.064221 0.987620 -0.036136 0.000000 0.000000 0.000000 1.000000
0.975953 -0.039341 -0.214401 0.003174 0.026737 0.997757 -0.061370 -0.110608 0.216335 0.054162 0.974816 -0.034749 0.000000 0.000000 0.000000 1.000000
0.956655 -0.023323 -0.290287 -0.003595 0.009157 0.998704 -0.050062 -0.103024 0.291078 0.045234 0.955629 -0.034016 0.000000 0.000000 0.000000 1.000000
0.932984 -0.005831 -0.359870 -0.010857 -0.009209 0.999155 -0.040065 -0.095659 0.359800 0.040694 0.932142 -0.035285 0.000000 0.000000 0.000000 1.000000
0.908091 0.009910 -0.418655 -0.017257 -0.026995 0.999026 -0.034905 -0.088524 0.417901 0.042999 0.907474 -0.039427 0.000000 0.000000 0.000000 1.000000
0.883851 0.021808 -0.467260 -0.021933 -0.043207 0.998448 -0.035129 -0.081564 0.465768 0.051238 0.883422 -0.045759 0.000000 0.000000 0.000000 1.000000
0.861375 0.029535 -0.507111 -0.024801 -0.056089 0.997734 -0.037163 -0.075090 0.504864 0.060454 0.861079 -0.051882 0.000000 0.000000 0.000000 1.000000
0.841324 0.034113 -0.539454 -0.026344 -0.064292 0.997237 -0.037207 -0.069572 0.536695 0.065985 0.841193 -0.055603 0.000000 0.000000 0.000000 1.000000
0.823504 0.037302 -0.566082 -0.027329 -0.068710 0.997048 -0.034255 -0.065370 0.563134 0.067104 0.823637 -0.056651 0.000000 0.000000 0.000000 1.000000
0.808833 0.039513 -0.586710 -0.027984 -0.069904 0.997126 -0.029216 -0.062442 0.583869 0.064644 0.809270 -0.055756 0.000000 0.000000 0.000000 1.000000
0.799316 0.040424 -0.599550 -0.028141 -0.067895 0.997421 -0.023268 -0.060693 0.597063 0.059305 0.799999 -0.053481 0.000000 0.000000 0.000000 1.000000
0.794532 0.041324 -0.605814 -0.028324 -0.064678 0.997765 -0.016766 -0.059931 0.603767 0.052504 0.795430 -0.050691 0.000000 0.000000 0.000000 1.000000
0.792239 0.043618 -0.608650 -0.029102 -0.062485 0.997998 -0.009814 -0.059782 0.607003 0.045806 0.793378 -0.048284 0.000000 0.000000 0.000000 1.000000
0.791832 0.046220 -0.608987 -0.029975 -0.060869 0.998140 -0.003389 -0.059912 0.607698 0.039752 0.793173 -0.046513 0.000000 0.000000 0.000000 1.000000
0.793306 0.047703 -0.606951 -0.030333 -0.058794 0.998269 0.001612 -0.060093 0.605977 0.034406 0.794737 -0.045128 0.000000 0.000000 0.000000 1.000000
0.795031 0.048637 -0.604615 -0.030447 -0.056950 0.998362 0.005425 -0.060067 0.603889 0.030120 0.796499 -0.043961 0.000000 0.000000 0.000000 1.000000
0.795541 0.049999 -0.603833 -0.030742 -0.056188 0.998383 0.008641 -0.059633 0.603289 0.027054 0.797064 -0.042968 0.000000 0.000000 0.000000 1.000000
0.795657 0.051797 -0.603529 -0.031255 -0.056119 0.998356 0.011699 -0.058917 0.603142 0.024561 0.797255 -0.041974 0.000000 0.000000 0.000000 1.000000
0.797145 0.053840 -0.601383 -0.031848 -0.056305 0.998305 0.014741 -0.058145 0.601157 0.022110 0.798825 -0.040773 0.000000 0.000000 0.000000 1.000000
0.800516 0.056032 -0.596686 -0.032460 -0.056738 0.998234 0.017619 -0.057599 0.596619 0.019751 0.802281 -0.039560 0.000000 0.000000 0.000000 1.000000
0.805054 0.058425 -0.590318 -0.033127 -0.057437 0.998139 0.020458 -0.057377 0.590415 0.017437 0.806912 -0.038500 0.000000 0.000000 0.000000 1.000000
0.809772 0.061582 -0.583504 -0.034085 -0.058558 0.997994 0.024062 -0.057495 0.583815 0.014685 0.811754 -0.037377 0.000000 0.000000 0.000000 1.000000
0.813561 0.064801 -0.577858 -0.035074 -0.060081 0.997820 0.027309 -0.057779 0.578368 0.012501 0.815681 -0.036555 0.000000 0.000000 0.000000 1.000000
0.816303 0.067135 -0.573710 -0.035711 -0.061451 0.997680 0.029312 -0.058082 0.574346 0.011328 0.818534 -0.036218 0.000000 0.000000 0.000000 1.000000
0.817962 0.068321 -0.571201 -0.035883 -0.062403 0.997601 0.029960 -0.058378 0.571878 0.011138 0.820263 -0.036356 0.000000 0.000000 0.000000 1.000000</float_array><technique_common><accessor source="#rigging_Yennefer-Matrix-animation-output-transform-array" count="109" stride="16"><param type="float4x4"/></accessor></technique_common></source><source id="rigging_Yennefer-Interpolations"><Name_array id="rigging_Yennefer-Interpolations-array" count="109">
 LINEAR LINEAR LINEAR LINEAR LINEAR LINEAR LINEAR LINEAR LINEAR LINEAR LINEAR
LINEAR LINEAR LINEAR LINEAR LINEAR LINEAR LINEAR LINEAR LINEAR LINEAR LINEAR LINEAR
LINEAR LINEAR LINEAR LINEAR LINEAR LINEAR LINEAR LINEAR LINEAR LINEAR LINEAR LINEAR
LINEAR LINEAR LINEAR LINEAR LINEAR LINEAR LINEAR LINEAR LINEAR LINEAR LINEAR LINEAR
LINEAR LINEAR LINEAR LINEAR LINEAR LINEAR LINEAR LINEAR LINEAR LINEAR LINEAR LINEAR
LINEAR LINEAR LINEAR LINEAR LINEAR LINEAR LINEAR LINEAR LINEAR LINEAR LINEAR LINEAR
LINEAR LINEAR LINEAR LINEAR LINEAR LINEAR LINEAR LINEAR LINEAR LINEAR LINEAR LINEAR
LINEAR LINEAR LINEAR LINEAR LINEAR LINEAR LINEAR LINEAR LINEAR LINEAR LINEAR LINEAR
LINEAR LINEAR LINEAR LINEAR LINEAR LINEAR LINEAR LINEAR LINEAR LINEAR LINEAR LINEAR
LINEAR LINEAR</Name_array><technique_common><accessor source="#rigging_Yennefer-Interpolations-array" count="109"><param type="name"/></accessor></technique_common></source><sampler id="rigging_Yennefer-Matrix-animation-transform"><input semantic="INPUT" source="#rigging_Yennefer-Matrix-animation-input"/><input semantic="OUTPUT" source="#rigging_Yennefer-Matrix-animation-output-transform"/><input semantic="INTERPOLATION" source="#rigging_Yennefer-Interpolations"/></sampler><channel source="#rigging_Yennefer-Matrix-animation-transform" target="rigging_Yennefer/matrix"/></animation>
    <animation id="rigging_meshes-anim" name="rigging_meshes"><source id="rigging_meshes-Matrix-animation-input"><float_array id="rigging_meshes-Matrix-animation-input-array" count="109">

0.000000 0.033333 0.066667 0.100000 0.133333 0.166667 0.200000 0.233333 0.266667 0.300000 0.333333 0.366667 0.400000 0.433333 0.466667 0.500000
0.533333 0.566667 0.600000 0.633333 0.666667 0.700000 0.733333 0.766667 0.800000 0.833333 0.866667 0.900000 0.933333 0.966667 1.000000 1.033333
1.066667 1.100000 1.133333 1.166667 1.200000 1.233333 1.266667 1.300000 1.333333 1.366667 1.400000 1.433333 1.466667 1.500000 1.533333 1.566667
1.600000 1.633333 1.666667 1.700000 1.733333 1.766667 1.800000 1.833333 1.866667 1.900000 1.933333 1.966667 2.000000 2.033333 2.066667 2.100000
2.133333 2.166667 2.200000 2.233333 2.266667 2.300000 2.333333 2.366667 2.400000 2.433333 2.466667 2.500000 2.533333 2.566667 2.600000 2.633333
2.666667 2.700000 2.733333 2.766667 2.800000 2.833333 2.866667 2.900000 2.933333 2.966667 3.000000 3.033333 3.066667 3.100000 3.133333 3.166667
3.200000 3.233333 3.266667 3.300000 3.333333 3.366667 3.400000 3.433333 3.466667 3.500000 3.533333 3.566667 3.600000</float_array><technique_common><accessor source="#rigging_meshes-Matrix-animation-input-array" count="109"><param name="TIME" type="float"/></accessor></technique_common></source><source id="rigging_meshes-Matrix-animation-output-transform"><float_array id="rigging_meshes-Matrix-animation-output-transform-array" count="1744">

1.000000 -0.000000 0.000000 0.000000 0.000000 1.000000 0.000000 0.000000 -0.000000 0.000000 1.000000 0.000000 0.000000 0.000000 0.000000 1.000000
1.000000 0.000000 -0.000000 0.000000 0.000000 1.000000 -0.000000 0.000000 0.000000 0.000000 1.000000 0.000000 0.000000 0.000000 0.000000 1.000000
