<?xml version="1.0" encoding="utf-8"?>
<COLLADA xmlns="http://www.collada.org/2005/11/COLLADASchema" version="1.4.1">
  <asset><contributor><author>Mixamo</author><authoring_tool>COLLADA Mixamo exporter</authoring_tool><comments></comments></contributor><created>2020-05-27T12:17:03Z</created><modified>2020-05-27T12:17:03Z</modified><revision></revision><title></title><unit meter="0.010000"/><up_axis>Y_UP</up_axis></asset>
  <library_geometries>
    <geometry id="rigging_body-lib" name="rigging_bodyMesh">
      <mesh>
        <source id="rigging_body-lib-Position" name="position">
          <float_array id="rigging_body-lib-Position-array" count="0"></float_array>
          <technique_common>
            <accessor count="0" source="#rigging_body-lib-Position-array" stride="3">
              <param name="X" type="float"/>
              <param name="Y" type="float"/>
              <param name="Z" type="float"/>
            </accessor>
          </technique_common>
        </source>
        <vertices id="rigging_body-lib-Vertex">
          <input semantic="POSITION" source="#rigging_body-lib-Position"/>
        </vertices>
      </mesh>
    </geometry>
    <geometry id="rigging_Cylinder001-lib" name="rigging_Cylinder001Mesh">
      <mesh>
        <source id="rigging_Cylinder001-lib-Position" name="position">
          <float_array id="rigging_Cylinder001-lib-Position-array" count="0"></float_array>
          <technique_common>
            <accessor count="0" source="#rigging_Cylinder001-lib-Position-array" stride="3">
              <param name="X" type="float"/>
              <param name="Y" type="float"/>
              <param name="Z" type="float"/>
            </accessor>
          </technique_common>
        </source>
        <vertices id="rigging_Cylinder001-lib-Vertex">
          <input semantic="POSITION" source="#rigging_Cylinder001-lib-Position"/>
        </vertices>
      </mesh>
    </geometry>
    <geometry id="rigging_eyebrowns-lib" name="rigging_eyebrownsMesh">
      <mesh>
        <source id="rigging_eyebrowns-lib-Position" name="position">
          <float_array id="rigging_eyebrowns-lib-Position-array" count="0"></float_array>
          <technique_common>
            <accessor count="0" source="#rigging_eyebrowns-lib-Position-array" stride="3">
              <param name="X" type="float"/>
              <param name="Y" type="float"/>
              <param name="Z" type="float"/>
            </accessor>
          </technique_common>
        </source>
        <vertices id="rigging_eyebrowns-lib-Vertex">
          <input semantic="POSITION" source="#rigging_eyebrowns-lib-Position"/>
        </vertices>
      </mesh>
    </geometry>
    <geometry id="rigging_eyebrowns001-lib" name="rigging_eyebrowns001Mesh">
      <mesh>
        <source id="rigging_eyebrowns001-lib-Position" name="position">
          <float_array id="rigging_eyebrowns001-lib-Position-array" count="0"></float_array>
          <technique_common>
            <accessor count="0" source="#rigging_eyebrowns001-lib-Position-array" stride="3">
              <param name="X" type="float"/>
              <param name="Y" type="float"/>
              <param name="Z" type="float"/>
            </accessor>
          </technique_common>
        </source>
        <vertices id="rigging_eyebrowns001-lib-Vertex">
          <input semantic="POSITION" source="#rigging_eyebrowns001-lib-Position"/>
        </vertices>
      </mesh>
    </geometry>
    <geometry id="rigging_hear-lib" name="rigging_hearMesh">
      <mesh>
        <source id="rigging_hear-lib-Position" name="position">
          <float_array id="rigging_hear-lib-Position-array" count="0"></float_array>
          <technique_common>
            <accessor count="0" source="#rigging_hear-lib-Position-array" stride="3">
              <param name="X" type="float"/>
              <param name="Y" type="float"/>
              <param name="Z" type="float"/>
            </accessor>
          </technique_common>
        </source>
        <vertices id="rigging_hear-lib-Vertex">
          <input semantic="POSITION" source="#rigging_hear-lib-Position"/>
        </vertices>
      </mesh>
    </geometry>
    <geometry id="rigging_Tube001-lib" name="rigging_Tube001Mesh">
      <mesh>
        <source id="rigging_Tube001-lib-Position" name="position">
          <float_array id="rigging_Tube001-lib-Position-array" count="0"></float_array>
          <technique_common>
            <accessor count="0" source="#rigging_Tube001-lib-Position-array" stride="3">
              <param name="X" type="float"/>
              <param name="Y" type="float"/>
              <param name="Z" type="float"/>
            </accessor>
          </technique_common>
        </source>
        <vertices id="rigging_Tube001-lib-Vertex">
          <input semantic="POSITION" source="#rigging_Tube001-lib-Position"/>
        </vertices>
      </mesh>
    </geometry>
  </library_geometries>
  <library_controllers>
    <controller id="rigging_bodyController">
      <skin source="#rigging_body-lib">
        <bind_shape_matrix>1.000000 -0.000000 0.000000 0.000000 0.000000 1.000000 -0.000000 0.000000 0.000000 0.000000 1.000000 0.000000 0.000000 0.000000 0.000000 1.000000
</bind_shape_matrix>
        <source id="rigging_bodyController-Joints">
          <Name_array id="rigging_bodyController-Joints-array" count="1">
 rigging_body</Name_array>
          <technique_common>
            <accessor source="#rigging_bodyController-Joints-array" count="1">
              <param type="name"/>
            </accessor>
          </technique_common>
        </source>
        <source id="rigging_bodyController-Matrices">
          <float_array id="rigging_bodyController-Matrices-array" count="32">

1.000000 0.000000 0.000000 -0.000000 -0.000000 1.000000 0.000000 -0.000000 0.000000 -0.000000 1.000000 -0.000000 0.000000 0.000000 0.000000 1.000000
1.000000 0.000000 0.000000 -0.000000 -0.000000 1.000000 0.000000 -0.000000 0.000000 -0.000000 1.000000 -0.000000 0.000000 0.000000 0.000000 1.000000</float_array>
          <technique_common>
            <accessor source="#rigging_bodyController-Matrices-array" count="2" stride="16">
              <param type="float4x4"/>
            </accessor>
          </technique_common>
        </source>
        <source id="rigging_bodyController-Weights">
          <float_array id="rigging_bodyController-Weights-array" count="1">

1.000000</float_array>
          <technique_common>
            <accessor source="#rigging_bodyController-Weights-array" count="1">
              <param type="float"/>
            </accessor>
          </technique_common>
        </source>
        <joints>
          <input semantic="JOINT" source="#rigging_bodyController-Joints"/>
          <input semantic="INV_BIND_MATRIX" source="#rigging_bodyController-Matrices"/>
        </joints>
        <vertex_weights count="0">
          <input semantic="JOINT" offset="0" source="#rigging_bodyController-Joints"/>
          <input semantic="WEIGHT" offset="1" source="#rigging_bodyController-Weights"/>
          <vcount></vcount>
          <v></v>
        </vertex_weights>
      </skin>
    </controller>
    <controller id="rigging_Cylinder001Controller">
      <skin source="#rigging_Cylinder001-lib">
        <bind_shape_matrix>1.000000 -0.000000 0.000000 0.000000 0.000000 1.000000 -0.000000 0.000000 0.000000 0.000000 1.000000 0.000000 0.000000 0.000000 0.000000 1.000000
</bind_shape_matrix>
        <source id="rigging_Cylinder001Controller-Joints">
          <Name_array id="rigging_Cylinder001Controller-Joints-array" count="1">
 rigging_Cylinder001</Name_array>
          <technique_common>
            <accessor source="#rigging_Cylinder001Controller-Joints-array" count="1">
              <param type="name"/>
            </accessor>
          </technique_common>
        </source>
        <source id="rigging_Cylinder001Controller-Matrices">
          <float_array id="rigging_Cylinder001Controller-Matrices-array" count="32">

1.000000 0.000000 0.000000 -0.000000 -0.000000 1.000000 0.000000 -0.000000 0.000000 -0.000000 1.000000 -0.000000 0.000000 0.000000 0.000000 1.000000
1.000000 0.000000 0.000000 -0.000000 -0.000000 1.000000 0.000000 -0.000000 0.000000 -0.000000 1.000000 -0.000000 0.000000 0.000000 0.000000 1.000000</float_array>
          <technique_common>
            <accessor source="#rigging_Cylinder001Controller-Matrices-array" count="2" stride="16">
              <param type="float4x4"/>
            </accessor>
          </technique_common>
        </source>
        <source id="rigging_Cylinder001Controller-Weights">
          <float_array id="rigging_Cylinder001Controller-Weights-array" count="1">

1.000000</float_array>
          <technique_common>
            <accessor source="#rigging_Cylinder001Controller-Weights-array" count="1">
              <param type="float"/>
            </accessor>
          </technique_common>
        </source>
        <joints>
          <input semantic="JOINT" source="#rigging_Cylinder001Controller-Joints"/>
          <input semantic="INV_BIND_MATRIX" source="#rigging_Cylinder001Controller-Matrices"/>
        </joints>
        <vertex_weights count="0">
          <input semantic="JOINT" offset="0" source="#rigging_Cylinder001Controller-Joints"/>
          <input semantic="WEIGHT" offset="1" source="#rigging_Cylinder001Controller-Weights"/>
          <vcount></vcount>
          <v></v>
        </vertex_weights>
      </skin>
    </controller>
    <controller id="rigging_eyebrownsController">
      <skin source="#rigging_eyebrowns-lib">
        <bind_shape_matrix>1.000000 -0.000000 0.000000 0.000000 0.000000 1.000000 -0.000000 0.000000 0.000000 0.000000 1.000000 0.000000 0.000000 0.000000 0.000000 1.000000
</bind_shape_matrix>
        <source id="rigging_eyebrownsController-Joints">
          <Name_array id="rigging_eyebrownsController-Joints-array" count="1">
 rigging_eyebrowns</Name_array>
          <technique_common>
            <accessor source="#rigging_eyebrownsController-Joints-array" count="1">
              <param type="name"/>
            </accessor>
          </technique_common>
        </source>
        <source id="rigging_eyebrownsController-Matrices">
          <float_array id="rigging_eyebrownsController-Matrices-array" count="32">

1.000000 0.000000 0.000000 -0.000000 -0.000000 1.000000 0.000000 -0.000000 0.000000 -0.000000 1.000000 -0.000000 0.000000 0.000000 0.000000 1.000000
1.000000 0.000000 0.000000 -0.000000 -0.000000 1.000000 0.000000 -0.000000 0.000000 -0.000000 1.000000 -0.000000 0.000000 0.000000 0.000000 1.000000</float_array>
          <technique_common>
            <accessor source="#rigging_eyebrownsController-Matrices-array" count="2" stride="16">
              <param type="float4x4"/>
            </accessor>
          </technique_common>
        </source>
        <source id="rigging_eyebrownsController-Weights">
          <float_array id="rigging_eyebrownsController-Weights-array" count="1">

1.000000</float_array>
          <technique_common>
            <accessor source="#rigging_eyebrownsController-Weights-array" count="1">
              <param type="float"/>
            </accessor>
          </technique_common>
        </source>
        <joints>
          <input semantic="JOINT" source="#rigging_eyebrownsController-Joints"/>
          <input semantic="INV_BIND_MATRIX" source="#rigging_eyebrownsController-Matrices"/>
        </joints>
        <vertex_weights count="0">
          <input semantic="JOINT" offset="0" source="#rigging_eyebrownsController-Joints"/>
          <input semantic="WEIGHT" offset="1" source="#rigging_eyebrownsController-Weights"/>
          <vcount></vcount>
          <v></v>
        </vertex_weights>
      </skin>
    </controller>
    <controller id="rigging_eyebrowns001Controller">
      <skin source="#rigging_eyebrowns001-lib">
        <bind_shape_matrix>1.000000 -0.000000 0.000000 0.000000 0.000000 1.000000 -0.000000 0.000000 0.000000 0.000000 1.000000 0.000000 0.000000 0.000000 0.000000 1.000000
</bind_shape_matrix>
        <source id="rigging_eyebrowns001Controller-Joints">
          <Name_array id="rigging_eyebrowns001Controller-Joints-array" count="1">
 rigging_eyebrowns001</Name_array>
          <technique_common>
            <accessor source="#rigging_eyebrowns001Controller-Joints-array" count="1">
              <param type="name"/>
            </accessor>
          </technique_common>
        </source>
        <source id="rigging_eyebrowns001Controller-Matrices">
          <float_array id="rigging_eyebrowns001Controller-Matrices-array" count="32">

1.000000 0.000000 0.000000 -0.000000 -0.000000 1.000000 0.000000 -0.000000 0.000000 -0.000000 1.000000 -0.000000 0.000000 0.000000 0.000000 1.000000
1.000000 0.000000 0.000000 -0.000000 -0.000000 1.000000 0.000000 -0.000000 0.000000 -0.000000 1.000000 -0.000000 0.000000 0.000000 0.000000 1.000000</float_array>
          <technique_common>
            <accessor source="#rigging_eyebrowns001Controller-Matrices-array" count="2" stride="16">
              <param type="float4x4"/>
            </accessor>
          </technique_common>
        </source>
        <source id="rigging_eyebrowns001Controller-Weights">
          <float_array id="rigging_eyebrowns001Controller-Weights-array" count="1">

1.000000</float_array>
          <technique_common>
            <accessor source="#rigging_eyebrowns001Controller-Weights-array" count="1">
              <param type="float"/>
            </accessor>
          </technique_common>
        </source>
        <joints>
          <input semantic="JOINT" source="#rigging_eyebrowns001Controller-Joints"/>
          <input semantic="INV_BIND_MATRIX" source="#rigging_eyebrowns001Controller-Matrices"/>
        </joints>
        <vertex_weights count="0">
          <input semantic="JOINT" offset="0" source="#rigging_eyebrowns001Controller-Joints"/>
          <input semantic="WEIGHT" offset="1" source="#rigging_eyebrowns001Controller-Weights"/>
          <vcount></vcount>
          <v></v>
        </vertex_weights>
      </skin>
    </controller>
    <controller id="rigging_hearController">
      <skin source="#rigging_hear-lib">
        <bind_shape_matrix>1.000000 -0.000000 0.000000 0.000000 0.000000 1.000000 -0.000000 0.000000 0.000000 0.000000 1.000000 0.000000 0.000000 0.000000 0.000000 1.000000
</bind_shape_matrix>
        <source id="rigging_hearController-Joints">
          <Name_array id="rigging_hearController-Joints-array" count="1">
 rigging_hear</Name_array>
          <technique_common>
            <accessor source="#rigging_hearController-Joints-array" count="1">
              <param type="name"/>
            </accessor>
          </technique_common>
        </source>
        <source id="rigging_hearController-Matrices">
          <float_array id="rigging_hearController-Matrices-array" count="32">

1.000000 0.000000 0.000000 -0.000000 -0.000000 1.000000 0.000000 -0.000000 0.000000 -0.000000 1.000000 -0.000000 0.000000 0.000000 0.000000 1.000000
1.000000 0.000000 0.000000 -0.000000 -0.000000 1.000000 0.000000 -0.000000 0.000000 -0.000000 1.000000 -0.000000 0.000000 0.000000 0.000000 1.000000</float_array>
          <technique_common>
            <accessor source="#rigging_hearController-Matrices-array" count="2" stride="16">
              <param type="float4x4"/>
            </accessor>
          </technique_common>
        </source>
        <source id="rigging_hearController-Weights">
          <float_array id="rigging_hearController-Weights-array" count="1">

1.000000</float_array>
          <technique_common>
            <accessor source="#rigging_hearController-Weights-array" count="1">
              <param type="float"/>
            </accessor>
          </technique_common>
        </source>
        <joints>
          <input semantic="JOINT" source="#rigging_hearController-Joints"/>
          <input semantic="INV_BIND_MATRIX" source="#rigging_hearController-Matrices"/>
        </joints>
        <vertex_weights count="0">
          <input semantic="JOINT" offset="0" source="#rigging_hearController-Joints"/>
          <input semantic="WEIGHT" offset="1" source="#rigging_hearController-Weights"/>
          <vcount></vcount>
          <v></v>
        </vertex_weights>
      </skin>
    </controller>
    <controller id="rigging_Tube001Controller">
      <skin source="#rigging_Tube001-lib">
        <bind_shape_matrix>1.000000 -0.000000 0.000000 0.000000 0.000000 1.000000 -0.000000 0.000000 0.000000 0.000000 1.000000 0.000000 0.000000 0.000000 0.000000 1.000000
</bind_shape_matrix>
        <source id="rigging_Tube001Controller-Joints">
          <Name_array id="rigging_Tube001Controller-Joints-array" count="1">
 rigging_Tube001</Name_array>
          <technique_common>
            <accessor source="#rigging_Tube001Controller-Joints-array" count="1">
              <param type="name"/>
            </accessor>
          </technique_common>
        </source>
        <source id="rigging_Tube001Controller-Matrices">
          <float_array id="rigging_Tube001Controller-Matrices-array" count="32">

1.000000 0.000000 0.000000 -0.000000 -0.000000 1.000000 0.000000 -0.000000 0.000000 -0.000000 1.000000 -0.000000 0.000000 0.000000 0.000000 1.000000
1.000000 0.000000 0.000000 -0.000000 -0.000000 1.000000 0.000000 -0.000000 0.000000 -0.000000 1.000000 -0.000000 0.000000 0.000000 0.000000 1.000000</float_array>
          <technique_common>
            <accessor source="#rigging_Tube001Controller-Matrices-array" count="2" stride="16">
              <param type="float4x4"/>
            </accessor>
          </technique_common>
        </source>
        <source id="rigging_Tube001Controller-Weights">
          <float_array id="rigging_Tube001Controller-Weights-array" count="1">

1.000000</float_array>
          <technique_common>
            <accessor source="#rigging_Tube001Controller-Weights-array" count="1">
              <param type="float"/>
            </accessor>
          </technique_common>
        </source>
        <joints>
          <input semantic="JOINT" source="#rigging_Tube001Controller-Joints"/>
          <input semantic="INV_BIND_MATRIX" source="#rigging_Tube001Controller-Matrices"/>
        </joints>
        <vertex_weights count="0">
          <input semantic="JOINT" offset="0" source="#rigging_Tube001Controller-Joints"/>
          <input semantic="WEIGHT" offset="1" source="#rigging_Tube001Controller-Weights"/>
          <vcount></vcount>
          <v></v>
        </vertex_weights>
      </skin>
    </controller>
  </library_controllers>
  <library_animations>
    <animation id="rigging_Yennefer-anim" name="rigging_Yennefer"><source id="rigging_Yennefer-Matrix-animation-input"><float_array id="rigging_Yennefer-Matrix-animation-input-array" count="70">

0.000000 0.033333 0.066667 0.100000 0.133333 0.166667 0.200000 0.233333 0.266667 0.300000 0.333333 0.366667 0.400000 0.433333 0.466667 0.500000
0.533333 0.566667 0.600000 0.633333 0.666667 0.700000 0.733333 0.766667 0.800000 0.833333 0.866667 0.900000 0.933333 0.966667 1.000000 1.033333
1.066667 1.100000 1.133333 1.166667 1.200000 1.233333 1.266667 1.300000 1.333333 1.366667 1.400000 1.433333 1.466667 1.500000 1.533333 1.566667
1.600000 1.633333 1.666667 1.700000 1.733333 1.766667 1.800000 1.833333 1.866667 1.900000 1.933333 1.966667 2.000000 2.033333 2.066667 2.100000
2.133333 2.166667 2.200000 2.233333 2.266667 2.300000</float_array><technique_common><accessor source="#rigging_Yennefer-Matrix-animation-input-array" count="70"><param name="TIME" type="float"/></accessor></technique_common></source><source id="rigging_Yennefer-Matrix-animation-output-transform"><float_array id="rigging_Yennefer-Matrix-animation-output-transform-array" count="1120">

0.522520 0.046141 0.851378 -0.046475 -0.050685 0.998450 -0.023005 -0.071715 -0.851119 -0.031132 0.524049 0.025220 0.000000 0.000000 0.000000 1.000000
0.524767 0.045356 0.850037 -0.045987 -0.045556 0.998645 -0.025161 -0.070845 -0.850026 -0.025520 0.526122 0.022709 0.000000 0.000000 0.000000 1.000000
0.528341 0.044320 0.847875 -0.045389 -0.039598 0.998836 -0.027536 -0.069968 -0.848108 -0.019025 0.529481 0.019761 0.000000 0.000000 0.000000 1.000000
0.538438 0.041622 0.841636 -0.044031 -0.030041 0.999093 -0.030190 -0.069339 -0.842129 -0.009028 0.539200 0.015336 0.000000 0.000000 0.000000 1.000000
0.558284 0.035737 0.828880 -0.040244 -0.022069 0.999358 -0.028223 -0.071554 -0.829356 -0.002536 0.558715 0.012370 0.000000 0.000000 0.000000 1.000000
0.594501 0.054070 0.802275 -0.046220 -0.029939 0.998533 -0.045112 -0.074901 -0.803537 0.002799 0.595248 0.009665 0.000000 0.000000 0.000000 1.000000
0.624644 0.084224 0.776355 -0.058133 -0.051195 0.996445 -0.066910 -0.081539 -0.779230 0.002049 0.626735 0.009755 0.000000 0.000000 0.000000 1.000000
0.656283 0.094363 0.748591 -0.061071 -0.067938 0.995509 -0.065928 -0.094134 -0.751450 -0.007590 0.659746 0.013209 0.000000 0.000000 0.000000 1.000000
0.690484 0.102676 0.716024 -0.062939 -0.081447 0.994615 -0.064083 -0.110261 -0.718748 -0.014069 0.695128 0.015350 0.000000 0.000000 0.000000 1.000000
0.732174 0.113431 0.671607 -0.064553 -0.088222 0.993523 -0.071622 -0.127726 -0.675380 -0.006811 0.737438 0.011054 0.000000 0.000000 0.000000 1.000000
0.783718 0.128318 0.607717 -0.066093 -0.090037 0.991563 -0.093255 -0.144365 -0.614556 0.018369 0.788659 -0.001418 0.000000 0.000000 0.000000 1.000000
0.832900 0.143621 0.534463 -0.067836 -0.102887 0.989088 -0.105450 -0.159064 -0.543776 0.032840 0.838588 -0.009039 0.000000 0.000000 0.000000 1.000000
0.866199 0.157545 0.474213 -0.070603 -0.120346 0.986837 -0.108027 -0.171440 -0.484990 0.036503 0.873757 -0.011626 0.000000 0.000000 0.000000 1.000000
0.881834 0.166218 0.441294 -0.073106 -0.126276 0.984877 -0.118627 -0.181439 -0.454338 0.048884 0.889487 -0.017179 0.000000 0.000000 0.000000 1.000000
0.892833 0.171523 0.416447 -0.074421 -0.127638 0.983096 -0.131263 -0.190115 -0.431923 0.064041 0.899634 -0.024056 0.000000 0.000000 0.000000 1.000000
0.904265 0.179261 0.387519 -0.076486 -0.134314 0.980949 -0.140356 -0.196543 -0.405296 0.074870 0.911114 -0.030032 0.000000 0.000000 0.000000 1.000000
0.918890 0.183228 0.349383 -0.076108 -0.142394 0.979943 -0.139414 -0.201231 -0.367919 0.078356 0.926550 -0.033617 0.000000 0.000000 0.000000 1.000000
0.935906 0.182317 0.301398 -0.072274 -0.148520 0.980103 -0.131683 -0.203732 -0.319409 0.078479 0.944362 -0.036003 0.000000 0.000000 0.000000 1.000000
0.954944 0.180725 0.235414 -0.066306 -0.155120 0.980179 -0.123238 -0.203459 -0.253020 0.081168 0.964050 -0.039045 0.000000 0.000000 0.000000 1.000000
0.973702 0.176932 0.143527 -0.056818 -0.163134 0.981225 -0.102881 -0.201074 -0.159036 0.076761 0.984284 -0.038297 0.000000 0.000000 0.000000 1.000000
0.986312 0.163413 0.022026 -0.040457 -0.161582 0.984484 -0.068422 -0.197702 -0.032865 0.063926 0.997413 -0.032661 0.000000 0.000000 0.000000 1.000000
0.981358 0.143424 -0.127932 -0.018872 -0.145897 0.989248 -0.010127 -0.193257 0.125105 0.028603 0.991731 -0.015820 0.000000 0.000000 0.000000 1.000000
0.944356 0.135355 -0.299784 -0.001055 -0.121226 0.990473 0.065328 -0.186667 0.305770 -0.025352 0.951768 0.012294 0.000000 0.000000 0.000000 1.000000
0.874357 0.148851 -0.461892 0.006548 -0.090914 0.985188 0.145392 -0.177193 0.476692 -0.085132 0.874938 0.045970 0.000000 0.000000 0.000000 1.000000
0.790474 0.175273 -0.586882 0.004960 -0.063787 0.976528 0.205727 -0.163235 0.609166 -0.125186 0.783100 0.072506 0.000000 0.000000 0.000000 1.000000
0.722893 0.184887 -0.665765 0.005927 -0.042561 0.973621 0.224167 -0.149098 0.689648 -0.133713 0.711692 0.084690 0.000000 0.000000 0.000000 1.000000
0.701477 0.178250 -0.690042 0.009514 -0.029436 0.974638 0.221843 -0.135392 0.712084 -0.135305 0.688933 0.090119 0.000000 0.000000 0.000000 1.000000
0.709484 0.164597 -0.685230 0.013227 -0.030313 0.978570 0.203673 -0.123368 0.704070 -0.123731 0.699269 0.087486 0.000000 0.000000 0.000000 1.000000
0.702907 0.141193 -0.697127 0.022872 -0.033064 0.985527 0.166266 -0.113208 0.710513 -0.093820 0.697402 0.077891 0.000000 0.000000 0.000000 1.000000
0.675341 0.125121 -0.726814 0.032224 -0.031414 0.989490 0.141151 -0.103670 0.736836 -0.072493 0.672174 0.072998 0.000000 0.000000 0.000000 1.000000
0.647265 0.115774 -0.753422 0.039430 -0.018516 0.990495 0.136297 -0.095715 0.762040 -0.074270 0.643256 0.077509 0.000000 0.000000 0.000000 1.000000
0.616842 0.107076 -0.779769 0.046652 0.011182 0.989411 0.144709 -0.090343 0.787007 -0.097982 0.609113 0.090926 0.000000 0.000000 0.000000 1.000000
0.592880 0.103898 -0.798560 0.050826 0.042493 0.986224 0.159863 -0.086109 0.804169 -0.128712 0.580297 0.106476 0.000000 0.000000 0.000000 1.000000
0.583969 0.102376 -0.805295 0.052989 0.059120 0.984018 0.167969 -0.083574 0.809621 -0.145697 0.568583 0.114631 0.000000 0.000000 0.000000 1.000000
0.581113 0.097952 -0.807906 0.056178 0.065718 0.983840 0.166552 -0.082229 0.811165 -0.149880 0.565285 0.116193 0.000000 0.000000 0.000000 1.000000
0.580398 0.093191 -0.808983 0.059545 0.068086 0.984399 0.162245 -0.081869 0.811482 -0.149247 0.564998 0.114675 0.000000 0.000000 0.000000 1.000000
0.578517 0.087973 -0.810912 0.063109 0.064004 0.986206 0.152651 -0.082214 0.813155 -0.140212 0.564906 0.109146 0.000000 0.000000 0.000000 1.000000
0.583706 0.087676 -0.807217 0.063909 0.049520 0.988458 0.143170 -0.082752 0.810453 -0.123543 0.572628 0.099323 0.000000 0.000000 0.000000 1.000000
0.600931 0.091599 -0.794035 0.061591 0.031514 0.989924 0.138047 -0.083344 0.798679 -0.107980 0.591989 0.088975 0.000000 0.000000 0.000000 1.000000
0.633065 0.091662 -0.768652 0.059335 0.023038 0.990294 0.137067 -0.084164 0.773756 -0.104481 0.624809 0.082517 0.000000 0.000000 0.000000 1.000000
0.679801 0.089813 -0.727877 0.056431 0.021515 0.989604 0.142202 -0.084970 0.733081 -0.112329 0.670801 0.080120 0.000000 0.000000 0.000000 1.000000
0.736413 0.086897 -0.670929 0.052553 0.017432 0.988950 0.147219 -0.085595 0.676308 -0.120109 0.726761 0.077867 0.000000 0.000000 0.000000 1.000000
0.795169 0.079532 -0.601149 0.049669 0.011478 0.989210 0.146055 -0.086994 0.606279 -0.123039 0.785677 0.073971 0.000000 0.000000 0.000000 1.000000
0.850275 0.071684 -0.521434 0.046519 0.004624 0.989627 0.143589 -0.088397 0.526318 -0.124501 0.841123 0.069399 0.000000 0.000000 0.000000 1.000000
0.899221 0.065454 -0.432570 0.042222 -0.004577 0.990098 0.140301 -0.089433 0.437470 -0.124182 0.890617 0.064522 0.000000 0.000000 0.000000 1.000000
0.941355 0.061508 -0.331765 0.036094 -0.017713 0.990897 0.133450 -0.090032 0.336953 -0.119747 0.933875 0.058000 0.000000 0.000000 0.000000 1.000000
0.972563 0.057961 -0.225305 0.029252 -0.030241 0.991747 0.124592 -0.089777 0.230667 -0.114360 0.966289 0.051597 0.000000 0.000000 0.000000 1.000000
0.990884 0.059602 -0.120820 0.019914 -0.046177 0.992744 0.111023 -0.088663 0.126561 -0.104432 0.986446 0.044069 0.000000 0.000000 0.000000 1.000000
0.997507 0.068177 -0.018223 0.007771 -0.066290 0.993787 0.089405 -0.087160 0.024205 -0.087974 0.995829 0.034624 0.000000 0.000000 0.000000 1.000000
0.994083 0.072772 0.080639 -0.002078 -0.078397 0.994536 0.068929 -0.085429 -0.075183 -0.074843 0.994357 0.027391 0.000000 0.000000 0.000000 1.000000
0.982479 0.070465 0.172537 -0.008169 -0.079546 0.995756 0.046284 -0.083362 -0.168544 -0.059198 0.983915 0.020283 0.000000 0.000000 0.000000 1.000000
0.963721 0.069354 0.257745 -0.013991 -0.077992 0.996679 0.023428 -0.081368 -0.255264 -0.042680 0.965929 0.013672 0.000000 0.000000 0.000000 1.000000
0.937976 0.069224 0.339720 -0.019588 -0.075312 0.997149 0.004753 -0.079878 -0.338422 -0.030043 0.940515 0.009271 0.000000 0.000000 0.000000 1.000000
0.907625 0.069381 0.414008 -0.024424 -0.072490 0.997335 -0.008218 -0.078474 -0.413475 -0.022553 0.910236 0.007568 0.000000 0.000000 0.000000 1.000000
0.871138 0.067881 0.486324 -0.028111 -0.068014 0.997533 -0.017404 -0.077241 -0.486306 -0.017915 0.873605 0.007948 0.000000 0.000000 0.000000 1.000000
0.826915 0.062502 0.558842 -0.030206 -0.057752 0.997988 -0.026162 -0.075895 -0.559353 -0.010640 0.828861 0.007972 0.000000 0.000000 0.000000 1.000000
0.779314 0.060829 0.623674 -0.033417 -0.049484 0.998143 -0.035520 -0.074268 -0.624677 -0.003181 0.780877 0.008000 0.000000 0.000000 0.000000 1.000000
0.733172 0.068770 0.676557 -0.040004 -0.052173 0.997630 -0.044867 -0.071942 -0.678038 -0.002403 0.735023 0.010486 0.000000 0.000000 0.000000 1.000000
0.696153 0.072069 0.714267 -0.043775 -0.054047 0.997386 -0.047959 -0.069867 -0.715856 -0.005217 0.698228 0.013547 0.000000 0.000000 0.000000 1.000000
0.672238 0.070009 0.737017 -0.044638 -0.050580 0.997536 -0.048622 -0.068190 -0.738605 -0.004593 0.674123 0.014008 0.000000 0.000000 0.000000 1.000000
0.649964 0.071597 0.756585 -0.046824 -0.049801 0.997425 -0.051605 -0.066583 -0.758331 -0.004137 0.651856 0.014075 0.000000 0.000000 0.000000 1.000000
0.625055 0.070466 0.777394 -0.047894 -0.049856 0.997487 -0.050330 -0.065728 -0.778987 -0.007298 0.626997 0.015625 0.000000 0.000000 0.000000 1.000000
0.602717 0.064160 0.795371 -0.046586 -0.048685 0.997862 -0.043602 -0.065918 -0.796468 -0.012443 0.604552 0.017883 0.000000 0.000000 0.000000 1.000000
0.584762 0.059011 0.809055 -0.045750 -0.049394 0.998090 -0.037098 -0.066537 -0.809699 -0.018269 0.586560 0.020306 0.000000 0.000000 0.000000 1.000000
0.565509 0.055522 0.822871 -0.045760 -0.049845 0.998208 -0.033097 -0.067140 -0.823235 -0.022299 0.567263 0.022364 0.000000 0.000000 0.000000 1.000000
0.547546 0.053294 0.835077 -0.046083 -0.047869 0.998330 -0.032326 -0.067933 -0.835405 -0.022275 0.549183 0.022511 0.000000 0.000000 0.000000 1.000000
0.535640 0.050993 0.842906 -0.046224 -0.048420 0.998387 -0.029630 -0.069012 -0.843057 -0.024943 0.537245 0.023369 0.000000 0.000000 0.000000 1.000000
0.528288 0.048145 0.847699 -0.046151 -0.049825 0.998428 -0.025655 -0.070323 -0.847602 -0.028683 0.529856 0.024490 0.000000 0.000000 0.000000 1.000000
0.525520 0.047364 0.849462 -0.046383 -0.050105 0.998439 -0.024673 -0.070939 -0.849305 -0.029596 0.527072 0.024683 0.000000 0.000000 0.000000 1.000000
0.522520 0.046141 0.851378 -0.046475 -0.050685 0.998450 -0.023005 -0.071715 -0.851119 -0.031132 0.524049 0.025220 0.000000 0.000000 0.000000 1.000000</float_array><technique_common><accessor source="#rigging_Yennefer-Matrix-animation-output-transform-array" count="70" stride="16"><param type="float4x4"/></accessor></technique_common></source><source id="rigging_Yennefer-Interpolations"><Name_array id="rigging_Yennefer-Interpolations-array" count="70">
 LINEAR LINEAR LINEAR LINEAR LINEAR LINEAR LINEAR LINEAR LINEAR LINEAR LINEAR
LINEAR LINEAR LINEAR LINEAR LINEAR LINEAR LINEAR LINEAR LINEAR LINEAR LINEAR LINEAR
LINEAR LINEAR LINEAR LINEAR LINEAR LINEAR LINEAR LINEAR LINEAR LINEAR LINEAR LINEAR
LINEAR LINEAR LINEAR LINEAR LINEAR LINEAR LINEAR LINEAR LINEAR LINEAR LINEAR LINEAR
LINEAR LINEAR LINEAR LINEAR LINEAR LINEAR LINEAR LINEAR LINEAR LINEAR LINEAR LINEAR
LINEAR LINEAR LINEAR LINEAR LINEAR LINEAR LINEAR LINEAR LINEAR LINEAR LINEAR</Name_array><technique_common><accessor source="#rigging_Yennefer-Interpolations-array" count="70"><param type="name"/></accessor></technique_common></source><sampler id="rigging_Yennefer-Matrix-animation-transform"><input semantic="INPUT" source="#rigging_Yennefer-Matrix-animation-input"/><input semantic="OUTPUT" source="#rigging_Yennefer-Matrix-animation-output-transform"/><input semantic="INTERPOLATION" source="#rigging_Yennefer-Interpolations"/></sampler><channel source="#rigging_Yennefer-Matrix-animation-transform" target="rigging_Yennefer/matrix"/></animation>
    <animation id="rigging_meshes-anim" name="rigging_meshes"><source id="rigging_meshes-Matrix-animation-input"><float_array id="rigging_meshes-Matrix-animation-input-array" count="70">

0.000000 0.033333 0.066667 0.100000 0.133333 0.166667 0.200000 0.233333 0.266667 0.300000 0.333333 0.366667 0.400000 0.433333 0.466667 0.500000
0.533333 0.566667 0.600000 0.633333 0.666667 0.700000 0.733333 0.766667 0.800000 0.833333 0.866667 0.900000 0.933333 0.966667 1.000000 1.033333
1.066667 1.100000 1.133333 1.166667 1.200000 1.233333 1.266667 1.300000 1.333333 1.366667 1.400000 1.433333 1.466667 1.500000 1.533333 1.566667
1.600000 1.633333 1.666667 1.700000 1.733333 1.766667 1.800000 1.833333 1.866667 1.900000 1.933333 1.966667 2.000000 2.033333 2.066667 2.100000
2.133333 2.166667 2.200000 2.233333 2.266667 2.300000</float_array><technique_common><accessor source="#rigging_meshes-Matrix-animation-input-array" count="70"><param name="TIME" type="float"/></accessor></technique_common></source><source id="rigging_meshes-Matrix-animation-output-transform"><float_array id="rigging_meshes-Matrix-animation-output-transform-array" count="1120">

1.000000 0.000000 -0.000000 0.000000 0.000000 1.000000 0.000000 0.000000 0.000000 0.000000 1.000000 0.000000 0.000000 0.000000 0.000000 1.000000
1.000000 0.000000 0.000000 0.000000 0.000000 1.000000 0.000000 0.000000 -0.000000 0.000000 1.000000 0.000000 0.000000 0.000000 0.000000 1.000000
1.000000 0.000000 -0.000000 0.000000 -0.000000 1.000000 -0.000000 0.000000 0.000000 0.000000 1.000000 0.000000 0.000000 0.000000 0.000000 1.000000
1.000000 -0.000000 -0.000000 0.000000 -0.000000 1.000000 -0.000000 0.000000 -0.000000 0.000000 1.000000 0.000000 0.000000 0.000000 0.000000 1.000000
1.000000 -0.000000 -0.000000 0.000000 0.000000 1.000000 -0.000000 0.000000 -0.000000 -0.000000 1.000000 0.000000 0.000000 0.000000 0.000000 1.000000
1.000000 0.000000 0.000000 0.000000 -0.000000 1.000000 0.000000 0.000000 0.000000 -0.000000 1.000000 0.000000 0.000000 0.000000 0.000000 1.000000
1.000000 0.000000 0.000000 0.000000 0.000000 1.000000 -0.000000 0.000000 0.000000 -0.000000 1.000000 0.000000 0.000000 0.000000 0.000000 1.000000
1.000000 0.000000 0.000000 0.000000 -0.000000 1.000000 -0.000000 0.000000 0.000000 -0.000000 1.000000 0.000000 0.000000 0.000000 0.000000 1.000000
1.000000 -0.000000 -0.000000 0.000000 -0.000000 1.000000 -0.000000 0.000000 0.000000 0.000000 1.000000 0.000000 0.000000 0.000000 0.000000 1.000000
1.000000 0.000000 0.000000 0.000000 0.000000 1.000000 0.000000 0.000000 -0.000000 0.000000 1.000000 0.000000 0.000000 0.000000 0.000000 1.000000
1.000000 -0.000000 -0.000000 0.000000 0.000000 1.000000 0.000000 0.000000 0.000000 -0.000000 1.000000 0.000000 0.000000 0.000000 0.000000 1.000000
1.000000 -0.000000 0.000000 0.000000 0.000000 1.000000 -0.000000 0.000000 0.000000 0.000000 1.000000 0.000000 0.000000 0.000000 0.000000 1.000000
1.000000 0.000000 0.000000 0.000000 -0.000000 1.000000 0.000000 0.000000 0.000000 0.000000 1.000000 0.000000 0.000000 0.000000 0.000000 1.000000
1.000000 -0.000000 -0.000000 0.000000 -0.000000 1.000000 0.000000 0.000000 -0.000000 0.000000 1.000000 0.000000 0.000000 0.000000 0.000000 1.000000
1.000000 0.000000 0.000000 0.000000 0.000000 1.000000 0.000000 0.000000 0.000000 0.000000 1.000000 0.000000 0.000000 0.000000 0.000000 1.000000
1.000000 -0.000000 0.000000 0.000000 -0.000000 1.000000 0.000000 0.000000 -0.000000 0.000000 1.000000 0.000000 0.000000 0.000000 0.000000 1.000000
1.000000 0.000000 0.000000 0.000000 0.000000 1.000000 0.000000 0.000000 0.000000 -0.000000 1.000000 0.000000 0.000000 0.000000 0.000000 1.000000
1.000000 -0.000000 -0.000000 0.000000 0.000000 1.000000 0.000000 0.000000 -0.000000 0.000000 1.000000 0.000000 0.000000 0.000000 0.000000 1.000000
1.000000 0.000000 -0.000000 0.000000 -0.000000 1.000000 0.000000 0.000000 0.000000 -0.000000 1.000000 0.000000 0.000000 0.000000 0.000000 1.000000
1.000000 -0.000000 0.000000 0.000000 0.000000 1.000000 0.000000 0.000000 0.000000 0.000000 1.000000 0.000000 0.000000 0.000000 0.000000 1.000000
1.000000 0.000000 0.000000 0.000000 0.000000 1.000000 0.000000 0.000000 0.000000 0.000000 1.000000 0.000000 0.000000 0.000000 0.000000 1.000000
1.000000 0.000000 -0.000000 0.000000 0.000000 1.000000 0.000000 0.000000 0.000000 0.000000 1.000000 0.000000 0.000000 0.000000 0.000000 1.000000
1.000000 0.000000 0.000000 0.000000 0.000000 1.000000 -0.000000 0.000000 0.000000 0.000000 1.000000 0.000000 0.000000 0.000000 0.000000 1.000000
1.000000 0.000000 0.000000 0.000000 0.000000 1.000000 -0.000000 0.000000 0.000000 0.000000 1.000000 0.000000 0.000000 0.000000 0.000000 1.000000
1.000000 -0.000000 0.000000 0.000000 0.000000 1.000000 -0.000000 0.000000 -0.000000 0.000000 1.000000 0.000000 0.000000 0.000000 0.000000 1.000000
1.000000 0.000000 -0.000000 0.000000 0.000000 1.000000 -0.000000 0.000000 0.000000 0.000000 1.000000 0.000000 0.000000 0.000000 0.000000 1.000000
1.000000 -0.000000 0.000000 0.000000 0.000000 1.000000 0.000000 0.000000 0.000000 0.000000 1.000000 0.000000 0.000000 0.000000 0.000000 1.000000
1.000000 0.000000 -0.000000 0.000000 -0.000000 1.000000 0.000000 0.000000 -0.000000 -0.000000 1.000000 0.000000 0.000000 0.000000 0.000000 1.000000
1.000000 0.000000 0.000000 0.000000 0.000000 1.000000 -0.000000 0.000000 0.000000 -0.000000 1.000000 0.000000 0.000000 0.000000 0.000000 1.000000
1.000000 0.000000 0.000000 0.000000 0.000000 1.000000 0.000000 0.000000 0.000000 -0.000000 1.000000 0.000000 0.000000 0.000000 0.000000 1.000000
1.000000 -0.000000 0.000000 0.000000 0.000000 1.000000 0.000000 0.000000 0.000000 -0.000000 1.000000 0.000000 0.000000 0.000000 0.000000 1.000000
1.000000 0.000000 0.000000 0.000000 0.000000 1.000000 -0.000000 0.000000 0.000000 0.000000 1.000000 0.000000 0.000000 0.000000 0.000000 1.000000
1.000000 -0.000000 0.000000 0.000000 0.000000 1.000000 -0.000000 0.000000 0.000000 0.000000 1.000000 0.000000 0.000000 0.000000 0.000000 1.000000
1.000000 0.000000 -0.000000 0.000000 -0.000000 1.000000 0.000000 0.000000 -0.000000 -0.000000 1.000000 0.000000 0.000000 0.000000 0.000000 1.000000
1.000000 -0.000000 0.000000 0.000000 0.000000 1.000000 -0.000000 0.000000 0.000000 -0.000000 1.000000 0.000000 0.000000 0.000000 0.000000 1.000000
1.000000 0.000000 0.000000 0.000000 -0.000000 1.000000 -0.000000 0.000000 0.000000 0.000000 1.000000 0.000000 0.000000 0.000000 0.000000 1.000000
1.000000 0.000000 0.000000 0.000000 -0.000000 1.000000 -0.000000 0.000000 0.000000 0.000000 1.000000 0.000000 0.000000 0.000000 0.000000 1.000000
1.000000 -0.000000 0.000000 0.000000 0.000000 1.000000 0.000000 0.000000 0.000000 -0.000000 1.000000 0.000000 0.000000 0.000000 0.000000 1.000000
1.000000 -0.000000 -0.000000 0.000000 -0.000000 1.000000 0.000000 0.000000 -0.000000 0.000000 1.000000 0.000000 0.000000 0.000000 0.000000 1.000000
1.000000 0.000000 0.000000 0.000000 -0.000000 1.000000 0.000000 0.000000 0.000000 -0.000000 1.000000 0.000000 0.000000 0.000000 0.000000 1.000000
1.000000 0.000000 -0.000000 0.000000 0.000000 1.000000 0.000000 0.000000 0.000000 0.000000 1.000000 0.000000 0.000000 0.000000 0.000000 1.000000
1.000000 0.000000 0.000000 0.000000 0.000000 1.000000 -0.000000 0.000000 0.000000 0.000000 1.000000 0.000000 0.000000 0.000000 0.000000 1.000000
1.000000 0.000000 0.000000 0.000000 0.000000 1.000000 0.000000 0.000000 0.000000 -0.000000 1.000000 0.000000 0.000000 0.000000 0.000000 1.000000
1.000000 0.000000 0.000000 0.000000 0.000000 1.000000 0.000000 0.000000 -0.000000 -0.000000 1.000000 0.000000 0.000000 0.000000 0.000000 1.000000
1.000000 0.000000 0.000000 0.000000 0.000000 1.000000 0.000000 0.000000 0.000000 0.000000 1.000000 0.000000 0.000000 0.000000 0.000000 1.000000
1.000000 0.000000 0.000000 0.000000 0.000000 1.000000 0.000000 0.000000 0.000000 0.000000 1.000000 0.000000 0.000000 0.000000 0.000000 1.000000
1.000000 -0.000000 0.000000 0.000000 0.000000 1.000000 0.000000 0.000000 0.000000 0.000000 1.000000 0.000000 0.000000 0.000000 0.000000 1.000000
1.000000 -0.000000 -0.000000 0.000000 -0.000000 1.000000 0.000000 0.000000 -0.000000 0.000000 1.000000 0.000000 0.000000 0.000000 0.000000 1.000000
1.000000 0.000000 -0.000000 0.000000 0.000000 1.000000 -0.000000 0.000000 -0.000000 0.000000 1.000000 0.000000 0.000000 0.000000 0.000000 1.000000
