<?xml version="1.0" encoding="utf-8"?>
<COLLADA xmlns="http://www.collada.org/2005/11/COLLADASchema" version="1.4.1">
  <asset><contributor><author>Mixamo</author><authoring_tool>COLLADA Mixamo exporter</authoring_tool><comments></comments></contributor><created>2020-05-07T01:11:41Z</created><modified>2020-05-07T01:11:41Z</modified><revision></revision><title></title><unit meter="0.010000"/><up_axis>Y_UP</up_axis></asset>
  <library_geometries>
    <geometry id="rigging_body-lib" name="rigging_bodyMesh">
      <mesh>
        <source id="rigging_body-lib-Position" name="position">
          <float_array id="rigging_body-lib-Position-array" count="0"></float_array>
          <technique_common>
            <accessor count="0" source="#rigging_body-lib-Position-array" stride="3">
              <param name="X" type="float"/>
              <param name="Y" type="float"/>
              <param name="Z" type="float"/>
            </accessor>
          </technique_common>
        </source>
        <vertices id="rigging_body-lib-Vertex">
          <input semantic="POSITION" source="#rigging_body-lib-Position"/>
        </vertices>
      </mesh>
    </geometry>
    <geometry id="rigging_Cylinder001-lib" name="rigging_Cylinder001Mesh">
      <mesh>
        <source id="rigging_Cylinder001-lib-Position" name="position">
          <float_array id="rigging_Cylinder001-lib-Position-array" count="0"></float_array>
          <technique_common>
            <accessor count="0" source="#rigging_Cylinder001-lib-Position-array" stride="3">
              <param name="X" type="float"/>
              <param name="Y" type="float"/>
              <param name="Z" type="float"/>
            </accessor>
          </technique_common>
        </source>
        <vertices id="rigging_Cylinder001-lib-Vertex">
          <input semantic="POSITION" source="#rigging_Cylinder001-lib-Position"/>
        </vertices>
      </mesh>
    </geometry>
    <geometry id="rigging_eyebrowns-lib" name="rigging_eyebrownsMesh">
      <mesh>
        <source id="rigging_eyebrowns-lib-Position" name="position">
          <float_array id="rigging_eyebrowns-lib-Position-array" count="0"></float_array>
          <technique_common>
            <accessor count="0" source="#rigging_eyebrowns-lib-Position-array" stride="3">
              <param name="X" type="float"/>
              <param name="Y" type="float"/>
              <param name="Z" type="float"/>
            </accessor>
          </technique_common>
        </source>
        <vertices id="rigging_eyebrowns-lib-Vertex">
          <input semantic="POSITION" source="#rigging_eyebrowns-lib-Position"/>
        </vertices>
      </mesh>
    </geometry>
    <geometry id="rigging_eyebrowns001-lib" name="rigging_eyebrowns001Mesh">
      <mesh>
        <source id="rigging_eyebrowns001-lib-Position" name="position">
          <float_array id="rigging_eyebrowns001-lib-Position-array" count="0"></float_array>
          <technique_common>
            <accessor count="0" source="#rigging_eyebrowns001-lib-Position-array" stride="3">
              <param name="X" type="float"/>
              <param name="Y" type="float"/>
              <param name="Z" type="float"/>
            </accessor>
          </technique_common>
        </source>
        <vertices id="rigging_eyebrowns001-lib-Vertex">
          <input semantic="POSITION" source="#rigging_eyebrowns001-lib-Position"/>
        </vertices>
      </mesh>
    </geometry>
    <geometry id="rigging_hear-lib" name="rigging_hearMesh">
      <mesh>
        <source id="rigging_hear-lib-Position" name="position">
          <float_array id="rigging_hear-lib-Position-array" count="0"></float_array>
          <technique_common>
            <accessor count="0" source="#rigging_hear-lib-Position-array" stride="3">
              <param name="X" type="float"/>
              <param name="Y" type="float"/>
              <param name="Z" type="float"/>
            </accessor>
          </technique_common>
        </source>
        <vertices id="rigging_hear-lib-Vertex">
          <input semantic="POSITION" source="#rigging_hear-lib-Position"/>
        </vertices>
      </mesh>
    </geometry>
    <geometry id="rigging_Tube001-lib" name="rigging_Tube001Mesh">
      <mesh>
        <source id="rigging_Tube001-lib-Position" name="position">
          <float_array id="rigging_Tube001-lib-Position-array" count="0"></float_array>
          <technique_common>
            <accessor count="0" source="#rigging_Tube001-lib-Position-array" stride="3">
              <param name="X" type="float"/>
              <param name="Y" type="float"/>
              <param name="Z" type="float"/>
            </accessor>
          </technique_common>
        </source>
        <vertices id="rigging_Tube001-lib-Vertex">
          <input semantic="POSITION" source="#rigging_Tube001-lib-Position"/>
        </vertices>
      </mesh>
    </geometry>
  </library_geometries>
  <library_controllers>
    <controller id="rigging_bodyController">
      <skin source="#rigging_body-lib">
        <bind_shape_matrix>1.000000 -0.000000 0.000000 0.000000 0.000000 1.000000 -0.000000 0.000000 0.000000 0.000000 1.000000 0.000000 0.000000 0.000000 0.000000 1.000000
</bind_shape_matrix>
        <source id="rigging_bodyController-Joints">
          <Name_array id="rigging_bodyController-Joints-array" count="1">
 rigging_body</Name_array>
          <technique_common>
            <accessor source="#rigging_bodyController-Joints-array" count="1">
              <param type="name"/>
            </accessor>
          </technique_common>
        </source>
        <source id="rigging_bodyController-Matrices">
          <float_array id="rigging_bodyController-Matrices-array" count="32">

1.000000 0.000000 0.000000 -0.000000 -0.000000 1.000000 0.000000 -0.000000 0.000000 -0.000000 1.000000 -0.000000 0.000000 0.000000 0.000000 1.000000
1.000000 0.000000 0.000000 -0.000000 -0.000000 1.000000 0.000000 -0.000000 0.000000 -0.000000 1.000000 -0.000000 0.000000 0.000000 0.000000 1.000000</float_array>
          <technique_common>
            <accessor source="#rigging_bodyController-Matrices-array" count="2" stride="16">
              <param type="float4x4"/>
            </accessor>
          </technique_common>
        </source>
        <source id="rigging_bodyController-Weights">
          <float_array id="rigging_bodyController-Weights-array" count="1">

1.000000</float_array>
          <technique_common>
            <accessor source="#rigging_bodyController-Weights-array" count="1">
              <param type="float"/>
            </accessor>
          </technique_common>
        </source>
        <joints>
          <input semantic="JOINT" source="#rigging_bodyController-Joints"/>
          <input semantic="INV_BIND_MATRIX" source="#rigging_bodyController-Matrices"/>
        </joints>
        <vertex_weights count="0">
          <input semantic="JOINT" offset="0" source="#rigging_bodyController-Joints"/>
          <input semantic="WEIGHT" offset="1" source="#rigging_bodyController-Weights"/>
          <vcount></vcount>
          <v></v>
        </vertex_weights>
      </skin>
    </controller>
    <controller id="rigging_Cylinder001Controller">
      <skin source="#rigging_Cylinder001-lib">
        <bind_shape_matrix>1.000000 -0.000000 0.000000 0.000000 0.000000 1.000000 -0.000000 0.000000 0.000000 0.000000 1.000000 0.000000 0.000000 0.000000 0.000000 1.000000
</bind_shape_matrix>
        <source id="rigging_Cylinder001Controller-Joints">
          <Name_array id="rigging_Cylinder001Controller-Joints-array" count="1">
 rigging_Cylinder001</Name_array>
          <technique_common>
            <accessor source="#rigging_Cylinder001Controller-Joints-array" count="1">
              <param type="name"/>
            </accessor>
          </technique_common>
        </source>
        <source id="rigging_Cylinder001Controller-Matrices">
          <float_array id="rigging_Cylinder001Controller-Matrices-array" count="32">

1.000000 0.000000 0.000000 -0.000000 -0.000000 1.000000 0.000000 -0.000000 0.000000 -0.000000 1.000000 -0.000000 0.000000 0.000000 0.000000 1.000000
1.000000 0.000000 0.000000 -0.000000 -0.000000 1.000000 0.000000 -0.000000 0.000000 -0.000000 1.000000 -0.000000 0.000000 0.000000 0.000000 1.000000</float_array>
          <technique_common>
            <accessor source="#rigging_Cylinder001Controller-Matrices-array" count="2" stride="16">
              <param type="float4x4"/>
            </accessor>
          </technique_common>
        </source>
        <source id="rigging_Cylinder001Controller-Weights">
          <float_array id="rigging_Cylinder001Controller-Weights-array" count="1">

1.000000</float_array>
          <technique_common>
            <accessor source="#rigging_Cylinder001Controller-Weights-array" count="1">
              <param type="float"/>
            </accessor>
          </technique_common>
        </source>
        <joints>
          <input semantic="JOINT" source="#rigging_Cylinder001Controller-Joints"/>
          <input semantic="INV_BIND_MATRIX" source="#rigging_Cylinder001Controller-Matrices"/>
        </joints>
        <vertex_weights count="0">
          <input semantic="JOINT" offset="0" source="#rigging_Cylinder001Controller-Joints"/>
          <input semantic="WEIGHT" offset="1" source="#rigging_Cylinder001Controller-Weights"/>
          <vcount></vcount>
          <v></v>
        </vertex_weights>
      </skin>
    </controller>
    <controller id="rigging_eyebrownsController">
      <skin source="#rigging_eyebrowns-lib">
        <bind_shape_matrix>1.000000 -0.000000 0.000000 0.000000 0.000000 1.000000 -0.000000 0.000000 0.000000 0.000000 1.000000 0.000000 0.000000 0.000000 0.000000 1.000000
</bind_shape_matrix>
        <source id="rigging_eyebrownsController-Joints">
          <Name_array id="rigging_eyebrownsController-Joints-array" count="1">
 rigging_eyebrowns</Name_array>
          <technique_common>
            <accessor source="#rigging_eyebrownsController-Joints-array" count="1">
              <param type="name"/>
            </accessor>
          </technique_common>
        </source>
        <source id="rigging_eyebrownsController-Matrices">
          <float_array id="rigging_eyebrownsController-Matrices-array" count="32">

1.000000 0.000000 0.000000 -0.000000 -0.000000 1.000000 0.000000 -0.000000 0.000000 -0.000000 1.000000 -0.000000 0.000000 0.000000 0.000000 1.000000
1.000000 0.000000 0.000000 -0.000000 -0.000000 1.000000 0.000000 -0.000000 0.000000 -0.000000 1.000000 -0.000000 0.000000 0.000000 0.000000 1.000000</float_array>
          <technique_common>
            <accessor source="#rigging_eyebrownsController-Matrices-array" count="2" stride="16">
              <param type="float4x4"/>
            </accessor>
          </technique_common>
        </source>
        <source id="rigging_eyebrownsController-Weights">
          <float_array id="rigging_eyebrownsController-Weights-array" count="1">

1.000000</float_array>
          <technique_common>
            <accessor source="#rigging_eyebrownsController-Weights-array" count="1">
              <param type="float"/>
            </accessor>
          </technique_common>
        </source>
        <joints>
          <input semantic="JOINT" source="#rigging_eyebrownsController-Joints"/>
          <input semantic="INV_BIND_MATRIX" source="#rigging_eyebrownsController-Matrices"/>
        </joints>
        <vertex_weights count="0">
          <input semantic="JOINT" offset="0" source="#rigging_eyebrownsController-Joints"/>
          <input semantic="WEIGHT" offset="1" source="#rigging_eyebrownsController-Weights"/>
          <vcount></vcount>
          <v></v>
        </vertex_weights>
      </skin>
    </controller>
    <controller id="rigging_eyebrowns001Controller">
      <skin source="#rigging_eyebrowns001-lib">
        <bind_shape_matrix>1.000000 -0.000000 0.000000 0.000000 0.000000 1.000000 -0.000000 0.000000 0.000000 0.000000 1.000000 0.000000 0.000000 0.000000 0.000000 1.000000
</bind_shape_matrix>
        <source id="rigging_eyebrowns001Controller-Joints">
          <Name_array id="rigging_eyebrowns001Controller-Joints-array" count="1">
 rigging_eyebrowns001</Name_array>
          <technique_common>
            <accessor source="#rigging_eyebrowns001Controller-Joints-array" count="1">
              <param type="name"/>
            </accessor>
          </technique_common>
        </source>
        <source id="rigging_eyebrowns001Controller-Matrices">
          <float_array id="rigging_eyebrowns001Controller-Matrices-array" count="32">

1.000000 0.000000 0.000000 -0.000000 -0.000000 1.000000 0.000000 -0.000000 0.000000 -0.000000 1.000000 -0.000000 0.000000 0.000000 0.000000 1.000000
1.000000 0.000000 0.000000 -0.000000 -0.000000 1.000000 0.000000 -0.000000 0.000000 -0.000000 1.000000 -0.000000 0.000000 0.000000 0.000000 1.000000</float_array>
          <technique_common>
            <accessor source="#rigging_eyebrowns001Controller-Matrices-array" count="2" stride="16">
              <param type="float4x4"/>
            </accessor>
          </technique_common>
        </source>
        <source id="rigging_eyebrowns001Controller-Weights">
          <float_array id="rigging_eyebrowns001Controller-Weights-array" count="1">

1.000000</float_array>
          <technique_common>
            <accessor source="#rigging_eyebrowns001Controller-Weights-array" count="1">
              <param type="float"/>
            </accessor>
          </technique_common>
        </source>
        <joints>
          <input semantic="JOINT" source="#rigging_eyebrowns001Controller-Joints"/>
          <input semantic="INV_BIND_MATRIX" source="#rigging_eyebrowns001Controller-Matrices"/>
        </joints>
        <vertex_weights count="0">
          <input semantic="JOINT" offset="0" source="#rigging_eyebrowns001Controller-Joints"/>
          <input semantic="WEIGHT" offset="1" source="#rigging_eyebrowns001Controller-Weights"/>
          <vcount></vcount>
          <v></v>
        </vertex_weights>
      </skin>
    </controller>
    <controller id="rigging_hearController">
      <skin source="#rigging_hear-lib">
        <bind_shape_matrix>1.000000 -0.000000 0.000000 0.000000 0.000000 1.000000 -0.000000 0.000000 0.000000 0.000000 1.000000 0.000000 0.000000 0.000000 0.000000 1.000000
</bind_shape_matrix>
        <source id="rigging_hearController-Joints">
          <Name_array id="rigging_hearController-Joints-array" count="1">
 rigging_hear</Name_array>
          <technique_common>
            <accessor source="#rigging_hearController-Joints-array" count="1">
              <param type="name"/>
            </accessor>
          </technique_common>
        </source>
        <source id="rigging_hearController-Matrices">
          <float_array id="rigging_hearController-Matrices-array" count="32">

1.000000 0.000000 0.000000 -0.000000 -0.000000 1.000000 0.000000 -0.000000 0.000000 -0.000000 1.000000 -0.000000 0.000000 0.000000 0.000000 1.000000
1.000000 0.000000 0.000000 -0.000000 -0.000000 1.000000 0.000000 -0.000000 0.000000 -0.000000 1.000000 -0.000000 0.000000 0.000000 0.000000 1.000000</float_array>
          <technique_common>
            <accessor source="#rigging_hearController-Matrices-array" count="2" stride="16">
              <param type="float4x4"/>
            </accessor>
          </technique_common>
        </source>
        <source id="rigging_hearController-Weights">
          <float_array id="rigging_hearController-Weights-array" count="1">

1.000000</float_array>
          <technique_common>
            <accessor source="#rigging_hearController-Weights-array" count="1">
              <param type="float"/>
            </accessor>
          </technique_common>
        </source>
        <joints>
          <input semantic="JOINT" source="#rigging_hearController-Joints"/>
          <input semantic="INV_BIND_MATRIX" source="#rigging_hearController-Matrices"/>
        </joints>
        <vertex_weights count="0">
          <input semantic="JOINT" offset="0" source="#rigging_hearController-Joints"/>
          <input semantic="WEIGHT" offset="1" source="#rigging_hearController-Weights"/>
          <vcount></vcount>
          <v></v>
        </vertex_weights>
      </skin>
    </controller>
    <controller id="rigging_Tube001Controller">
      <skin source="#rigging_Tube001-lib">
        <bind_shape_matrix>1.000000 -0.000000 0.000000 0.000000 0.000000 1.000000 -0.000000 0.000000 0.000000 0.000000 1.000000 0.000000 0.000000 0.000000 0.000000 1.000000
</bind_shape_matrix>
        <source id="rigging_Tube001Controller-Joints">
          <Name_array id="rigging_Tube001Controller-Joints-array" count="1">
 rigging_Tube001</Name_array>
          <technique_common>
            <accessor source="#rigging_Tube001Controller-Joints-array" count="1">
              <param type="name"/>
            </accessor>
          </technique_common>
        </source>
        <source id="rigging_Tube001Controller-Matrices">
          <float_array id="rigging_Tube001Controller-Matrices-array" count="32">

1.000000 0.000000 0.000000 -0.000000 -0.000000 1.000000 0.000000 -0.000000 0.000000 -0.000000 1.000000 -0.000000 0.000000 0.000000 0.000000 1.000000
1.000000 0.000000 0.000000 -0.000000 -0.000000 1.000000 0.000000 -0.000000 0.000000 -0.000000 1.000000 -0.000000 0.000000 0.000000 0.000000 1.000000</float_array>
          <technique_common>
            <accessor source="#rigging_Tube001Controller-Matrices-array" count="2" stride="16">
              <param type="float4x4"/>
            </accessor>
          </technique_common>
        </source>
        <source id="rigging_Tube001Controller-Weights">
          <float_array id="rigging_Tube001Controller-Weights-array" count="1">

1.000000</float_array>
          <technique_common>
            <accessor source="#rigging_Tube001Controller-Weights-array" count="1">
              <param type="float"/>
            </accessor>
          </technique_common>
        </source>
        <joints>
          <input semantic="JOINT" source="#rigging_Tube001Controller-Joints"/>
          <input semantic="INV_BIND_MATRIX" source="#rigging_Tube001Controller-Matrices"/>
        </joints>
        <vertex_weights count="0">
          <input semantic="JOINT" offset="0" source="#rigging_Tube001Controller-Joints"/>
          <input semantic="WEIGHT" offset="1" source="#rigging_Tube001Controller-Weights"/>
          <vcount></vcount>
          <v></v>
        </vertex_weights>
      </skin>
    </controller>
  </library_controllers>
  <library_animations>
    <animation id="rigging_Yennefer-anim" name="rigging_Yennefer"><source id="rigging_Yennefer-Matrix-animation-input"><float_array id="rigging_Yennefer-Matrix-animation-input-array" count="71">

0.000000 0.033333 0.066667 0.100000 0.133333 0.166667 0.200000 0.233333 0.266667 0.300000 0.333333 0.366667 0.400000 0.433333 0.466667 0.500000
0.533333 0.566667 0.600000 0.633333 0.666667 0.700000 0.733333 0.766667 0.800000 0.833333 0.866667 0.900000 0.933333 0.966667 1.000000 1.033333
1.066667 1.100000 1.133333 1.166667 1.200000 1.233333 1.266667 1.300000 1.333333 1.366667 1.400000 1.433333 1.466667 1.500000 1.533333 1.566667
1.600000 1.633333 1.666667 1.700000 1.733333 1.766667 1.800000 1.833333 1.866667 1.900000 1.933333 1.966667 2.000000 2.033333 2.066667 2.100000
2.133333 2.166667 2.200000 2.233333 2.266667 2.300000 2.333333</float_array><technique_common><accessor source="#rigging_Yennefer-Matrix-animation-input-array" count="71"><param name="TIME" type="float"/></accessor></technique_common></source><source id="rigging_Yennefer-Matrix-animation-output-transform"><float_array id="rigging_Yennefer-Matrix-animation-output-transform-array" count="1136">

0.874297 -0.022158 -0.484885 0.004447 0.001647 0.999087 -0.042684 -0.010858 0.485389 0.036520 0.873535 -0.050218 0.000000 0.000000 0.000000 1.000000
0.873932 -0.023896 -0.485460 0.004299 0.001865 0.998948 -0.045814 -0.011847 0.486045 0.039133 0.873057 -0.050972 0.000000 0.000000 0.000000 1.000000
0.876092 -0.026615 -0.481409 0.003761 0.002192 0.998685 -0.051224 -0.013951 0.482139 0.043822 0.874998 -0.052435 0.000000 0.000000 0.000000 1.000000
0.884292 -0.031120 -0.465896 0.003002 0.004839 0.998334 -0.057501 -0.017334 0.466909 0.048593 0.882969 -0.053400 0.000000 0.000000 0.000000 1.000000
0.909475 -0.037156 -0.414096 0.001586 0.012987 0.998052 -0.061028 -0.020583 0.415557 0.050126 0.908185 -0.051504 0.000000 0.000000 0.000000 1.000000
0.951704 -0.036540 -0.304833 -0.003282 0.019077 0.998012 -0.060071 -0.022679 0.306422 0.051354 0.950509 -0.047381 0.000000 0.000000 0.000000 1.000000
0.987660 -0.032203 -0.153265 -0.008912 0.023831 0.998138 -0.056148 -0.022671 0.154788 0.051803 0.986589 -0.040284 0.000000 0.000000 0.000000 1.000000
0.999185 -0.025314 0.031456 -0.013848 0.026957 0.998233 -0.052962 -0.020358 -0.030060 0.053766 0.998101 -0.030996 0.000000 0.000000 0.000000 1.000000
0.973336 -0.016615 0.228780 -0.016360 0.025720 0.998989 -0.036875 -0.016822 -0.227936 0.041776 0.972779 -0.013687 0.000000 0.000000 0.000000 1.000000
0.924375 -0.007795 0.381405 -0.014668 0.013336 0.999840 -0.011887 -0.012386 -0.381251 0.016074 0.924332 0.009288 0.000000 0.000000 0.000000 1.000000
0.875799 0.002506 0.482670 -0.010792 -0.013219 0.999736 0.018796 -0.007880 -0.482496 -0.022842 0.875600 0.037135 0.000000 0.000000 0.000000 1.000000
0.837481 0.007943 0.546409 -0.004593 -0.035121 0.998610 0.039313 -0.005216 -0.545336 -0.052114 0.836596 0.058450 0.000000 0.000000 0.000000 1.000000
0.816911 0.003712 0.576752 0.003754 -0.048096 0.996935 0.061706 -0.005489 -0.574756 -0.078148 0.814585 0.074729 0.000000 0.000000 0.000000 1.000000
0.809246 -0.000659 0.587470 0.010248 -0.054939 0.995532 0.076795 -0.007589 -0.584896 -0.094421 0.805594 0.084333 0.000000 0.000000 0.000000 1.000000
0.813222 -0.002079 0.581950 0.014090 -0.056623 0.994966 0.082680 -0.009462 -0.579193 -0.100189 0.809010 0.088042 0.000000 0.000000 0.000000 1.000000
0.826922 -0.002868 0.562310 0.017006 -0.051354 0.995423 0.080599 -0.010445 -0.559967 -0.095526 0.822989 0.086619 0.000000 0.000000 0.000000 1.000000
0.854190 -0.006636 0.519918 0.021661 -0.036331 0.996713 0.072411 -0.011441 -0.518690 -0.080742 0.851141 0.080378 0.000000 0.000000 0.000000 1.000000
0.922186 -0.010404 0.386607 0.028852 -0.012052 0.998380 0.055613 -0.012269 -0.386559 -0.055945 0.920566 0.067902 0.000000 0.000000 0.000000 1.000000
0.995461 -0.016458 0.093742 0.040288 0.014657 0.999695 0.019867 -0.014109 -0.094040 -0.018403 0.995398 0.046476 0.000000 0.000000 0.000000 1.000000
0.936437 -0.058912 -0.345853 0.071366 0.039275 0.997207 -0.063522 -0.017142 0.348630 0.045901 0.936136 0.012701 0.000000 0.000000 0.000000 1.000000
0.656396 -0.159229 -0.737421 0.127211 0.041866 0.983655 -0.175131 -0.017676 0.753254 0.084082 0.652334 -0.005430 0.000000 0.000000 0.000000 1.000000
0.328349 -0.251870 -0.910356 0.173292 0.044150 0.966831 -0.251571 -0.021771 0.943524 0.042411 0.328578 0.013384 0.000000 0.000000 0.000000 1.000000
0.086202 -0.295829 -0.951343 0.193454 0.056641 0.954809 -0.291774 -0.031348 0.994666 -0.028734 0.099063 0.044103 0.000000 0.000000 0.000000 1.000000
-0.089840 -0.275194 -0.957182 0.184561 0.061886 0.957669 -0.281142 -0.052561 0.994032 -0.084494 -0.069007 0.068394 0.000000 0.000000 0.000000 1.000000
-0.179032 -0.237983 -0.954626 0.169366 0.007258 0.969957 -0.243167 -0.074816 0.983817 -0.050464 -0.171926 0.053373 0.000000 0.000000 0.000000 1.000000
-0.206846 -0.308640 -0.928416 0.199725 -0.097455 0.950718 -0.294342 -0.077069 0.973508 0.029596 -0.226731 0.019118 0.000000 0.000000 0.000000 1.000000
-0.252348 -0.411946 -0.875569 0.241937 -0.169693 0.909670 -0.379084 -0.069647 0.952641 0.052916 -0.299458 0.010228 0.000000 0.000000 0.000000 1.000000
-0.339766 -0.475431 -0.811495 0.266332 -0.198680 0.879635 -0.432167 -0.065958 0.919285 0.014392 -0.393329 0.027968 0.000000 0.000000 0.000000 1.000000
-0.388160 -0.535751 -0.749868 0.288597 -0.216639 0.843910 -0.490799 -0.055542 0.895768 -0.028058 -0.443636 0.046916 0.000000 0.000000 0.000000 1.000000
-0.389291 -0.582685 -0.713393 0.303957 -0.238395 0.811836 -0.533001 -0.043384 0.889730 -0.037423 -0.454950 0.051141 0.000000 0.000000 0.000000 1.000000
-0.393819 -0.617782 -0.680626 0.314073 -0.247147 0.784364 -0.568940 -0.030481 0.885339 -0.055844 -0.461580 0.057575 0.000000 0.000000 0.000000 1.000000
-0.390563 -0.638430 -0.663225 0.317954 -0.247492 0.766741 -0.592331 -0.021207 0.886684 -0.067200 -0.457467 0.059518 0.000000 0.000000 0.000000 1.000000
-0.369472 -0.649137 -0.664915 0.318047 -0.235055 0.757562 -0.608973 -0.015990 0.899022 -0.068707 -0.432481 0.055276 0.000000 0.000000 0.000000 1.000000
-0.329640 -0.649101 -0.685569 0.313708 -0.214651 0.758667 -0.615101 -0.015433 0.919382 -0.055604 -0.389417 0.043510 0.000000 0.000000 0.000000 1.000000
-0.280401 -0.634374 -0.720378 0.303557 -0.199481 0.772612 -0.602726 -0.020325 0.938927 -0.025303 -0.343186 0.024165 0.000000 0.000000 0.000000 1.000000
-0.237406 -0.612134 -0.754274 0.290463 -0.183538 0.790754 -0.583971 -0.025288 0.953914 -0.000200 -0.300080 0.007403 0.000000 0.000000 0.000000 1.000000
-0.181027 -0.588013 -0.788334 0.276709 -0.164260 0.808395 -0.565257 -0.027270 0.969664 0.027165 -0.242929 -0.010395 0.000000 0.000000 0.000000 1.000000
-0.104785 -0.561271 -0.820972 0.262565 -0.142827 0.825452 -0.546104 -0.028027 0.984185 0.060034 -0.166659 -0.030316 0.000000 0.000000 0.000000 1.000000
-0.016413 -0.536689 -0.843620 0.250269 -0.130087 0.837709 -0.530398 -0.026405 0.991367 0.101039 -0.083565 -0.053684 0.000000 0.000000 0.000000 1.000000
0.078667 -0.511157 -0.855880 0.239196 -0.122283 0.847109 -0.517159 -0.024142 0.989373 0.145342 0.004134 -0.078473 0.000000 0.000000 0.000000 1.000000
0.177977 -0.479741 -0.859170 0.226646 -0.109802 0.857975 -0.501819 -0.024318 0.977889 0.183651 0.100023 -0.100375 0.000000 0.000000 0.000000 1.000000
0.268566 -0.442035 -0.855849 0.211584 -0.101081 0.870653 -0.481401 -0.026281 0.957943 0.215798 0.189146 -0.119018 0.000000 0.000000 0.000000 1.000000
0.359851 -0.400406 -0.842723 0.194524 -0.089330 0.884295 -0.458303 -0.029010 0.928723 0.240202 0.282446 -0.133928 0.000000 0.000000 0.000000 1.000000
0.448865 -0.358313 -0.818616 0.176544 -0.078392 0.896767 -0.435504 -0.031070 0.890155 0.259655 0.374438 -0.145687 0.000000 0.000000 0.000000 1.000000
0.527217 -0.315985 -0.788794 0.157721 -0.070728 0.908747 -0.411310 -0.032905 0.846782 0.272639 0.456758 -0.153291 0.000000 0.000000 0.000000 1.000000
0.600356 -0.274486 -0.751153 0.138395 -0.068567 0.918129 -0.390304 -0.033174 0.796788 0.285826 0.532384 -0.160071 0.000000 0.000000 0.000000 1.000000
0.666067 -0.241490 -0.705717 0.122674 -0.067258 0.922840 -0.379266 -0.030547 0.742853 0.300081 0.598432 -0.167001 0.000000 0.000000 0.000000 1.000000
0.714418 -0.211169 -0.667095 0.108345 -0.071607 0.926305 -0.369908 -0.026350 0.696046 0.312038 0.646647 -0.172770 0.000000 0.000000 0.000000 1.000000
0.756005 -0.188080 -0.626963 0.097603 -0.073835 0.927214 -0.367183 -0.020385 0.650389 0.323884 0.687091 -0.178252 0.000000 0.000000 0.000000 1.000000
0.795115 -0.163843 -0.583907 0.086612 -0.075107 0.928799 -0.362894 -0.014318 0.601790 0.332398 0.726196 -0.181646 0.000000 0.000000 0.000000 1.000000
0.829824 -0.142411 -0.539547 0.076852 -0.074611 0.929890 -0.360192 -0.008201 0.553015 0.339152 0.761020 -0.184189 0.000000 0.000000 0.000000 1.000000
0.858220 -0.118857 -0.499330 0.066325 -0.075435 0.933050 -0.351749 -0.003118 0.507708 0.339545 0.791797 -0.183561 0.000000 0.000000 0.000000 1.000000
0.882841 -0.101091 -0.458664 0.058452 -0.069927 0.937386 -0.341200 0.000511 0.464438 0.333298 0.820494 -0.179668 0.000000 0.000000 0.000000 1.000000
0.902387 -0.084677 -0.422525 0.051228 -0.060941 0.945573 -0.319652 0.001351 0.426595 0.314199 0.848113 -0.170120 0.000000 0.000000 0.000000 1.000000
0.916412 -0.073428 -0.393443 0.046332 -0.050126 0.954230 -0.294842 0.000730 0.397085 0.289918 0.870788 -0.158255 0.000000 0.000000 0.000000 1.000000
0.925050 -0.062598 -0.374653 0.041471 -0.044347 0.961784 -0.270193 -0.000000 0.377249 0.266556 0.886922 -0.146590 0.000000 0.000000 0.000000 1.000000
0.930440 -0.055822 -0.362168 0.037629 -0.037328 0.968750 -0.245215 -0.000515 0.364539 0.241677 0.899280 -0.134732 0.000000 0.000000 0.000000 1.000000
0.934491 -0.050008 -0.352456 0.033737 -0.031341 0.974682 -0.221390 -0.000431 0.354603 0.217933 0.909264 -0.123722 0.000000 0.000000 0.000000 1.000000
0.937342 -0.047054 -0.345218 0.030595 -0.024998 0.979202 -0.201341 0.000210 0.347512 0.197355 0.916671 -0.114811 0.000000 0.000000 0.000000 1.000000
0.937102 -0.046672 -0.345922 0.028465 -0.018171 0.983154 -0.181871 0.000452 0.348583 0.176718 0.920468 -0.106164 0.000000 0.000000 0.000000 1.000000
0.932205 -0.050662 -0.358368 0.028130 -0.010467 0.985967 -0.166612 -0.000401 0.361779 0.159067 0.918593 -0.099599 0.000000 0.000000 0.000000 1.000000
0.924612 -0.053763 -0.377098 0.027576 -0.004106 0.988525 -0.151003 -0.001494 0.380889 0.141168 0.913781 -0.093005 0.000000 0.000000 0.000000 1.000000
0.915085 -0.054318 -0.399586 0.026379 0.000056 0.990904 -0.134572 -0.002638 0.403261 0.123122 0.906764 -0.086184 0.000000 0.000000 0.000000 1.000000
0.904840 -0.054711 -0.422222 0.025107 0.003517 0.992636 -0.121087 -0.003934 0.425737 0.108079 0.898369 -0.080676 0.000000 0.000000 0.000000 1.000000
0.895587 -0.052071 -0.441828 0.022909 0.004123 0.994056 -0.108796 -0.005465 0.444866 0.095615 0.890478 -0.075985 0.000000 0.000000 0.000000 1.000000
0.886975 -0.047377 -0.459381 0.020039 0.003735 0.995427 -0.095449 -0.006885 0.461802 0.082945 0.883096 -0.070936 0.000000 0.000000 0.000000 1.000000
0.881311 -0.041216 -0.470737 0.016554 0.003923 0.996793 -0.079930 -0.008191 0.472521 0.068596 0.878646 -0.064787 0.000000 0.000000 0.000000 1.000000
0.879545 -0.035172 -0.474515 0.013004 0.004228 0.997803 -0.066121 -0.009236 0.475798 0.056150 0.877761 -0.059148 0.000000 0.000000 0.000000 1.000000
0.877994 -0.029953 -0.477734 0.009825 0.004137 0.998478 -0.054998 -0.010004 0.478654 0.046312 0.876782 -0.054551 0.000000 0.000000 0.000000 1.000000
0.876189 -0.025637 -0.481286 0.006992 0.003200 0.998872 -0.047382 -0.010430 0.481958 0.039975 0.875282 -0.051637 0.000000 0.000000 0.000000 1.000000
0.874297 -0.022160 -0.484886 0.004447 0.001650 0.999087 -0.042684 -0.010858 0.485389 0.036519 0.873535 -0.050218 0.000000 0.000000 0.000000 1.000000</float_array><technique_common><accessor source="#rigging_Yennefer-Matrix-animation-output-transform-array" count="71" stride="16"><param type="float4x4"/></accessor></technique_common></source><source id="rigging_Yennefer-Interpolations"><Name_array id="rigging_Yennefer-Interpolations-array" count="71">
 LINEAR LINEAR LINEAR LINEAR LINEAR LINEAR LINEAR LINEAR LINEAR LINEAR LINEAR
LINEAR LINEAR LINEAR LINEAR LINEAR LINEAR LINEAR LINEAR LINEAR LINEAR LINEAR LINEAR
LINEAR LINEAR LINEAR LINEAR LINEAR LINEAR LINEAR LINEAR LINEAR LINEAR LINEAR LINEAR
LINEAR LINEAR LINEAR LINEAR LINEAR LINEAR LINEAR LINEAR LINEAR LINEAR LINEAR LINEAR
LINEAR LINEAR LINEAR LINEAR LINEAR LINEAR LINEAR LINEAR LINEAR LINEAR LINEAR LINEAR
LINEAR LINEAR LINEAR LINEAR LINEAR LINEAR LINEAR LINEAR LINEAR LINEAR LINEAR LINEAR</Name_array><technique_common><accessor source="#rigging_Yennefer-Interpolations-array" count="71"><param type="name"/></accessor></technique_common></source><sampler id="rigging_Yennefer-Matrix-animation-transform"><input semantic="INPUT" source="#rigging_Yennefer-Matrix-animation-input"/><input semantic="OUTPUT" source="#rigging_Yennefer-Matrix-animation-output-transform"/><input semantic="INTERPOLATION" source="#rigging_Yennefer-Interpolations"/></sampler><channel source="#rigging_Yennefer-Matrix-animation-transform" target="rigging_Yennefer/matrix"/></animation>
    <animation id="rigging_meshes-anim" name="rigging_meshes"><source id="rigging_meshes-Matrix-animation-input"><float_array id="rigging_meshes-Matrix-animation-input-array" count="71">

0.000000 0.033333 0.066667 0.100000 0.133333 0.166667 0.200000 0.233333 0.266667 0.300000 0.333333 0.366667 0.400000 0.433333 0.466667 0.500000
0.533333 0.566667 0.600000 0.633333 0.666667 0.700000 0.733333 0.766667 0.800000 0.833333 0.866667 0.900000 0.933333 0.966667 1.000000 1.033333
1.066667 1.100000 1.133333 1.166667 1.200000 1.233333 1.266667 1.300000 1.333333 1.366667 1.400000 1.433333 1.466667 1.500000 1.533333 1.566667
1.600000 1.633333 1.666667 1.700000 1.733333 1.766667 1.800000 1.833333 1.866667 1.900000 1.933333 1.966667 2.000000 2.033333 2.066667 2.100000
2.133333 2.166667 2.200000 2.233333 2.266667 2.300000 2.333333</float_array><technique_common><accessor source="#rigging_meshes-Matrix-animation-input-array" count="71"><param name="TIME" type="float"/></accessor></technique_common></source><source id="rigging_meshes-Matrix-animation-output-transform"><float_array id="rigging_meshes-Matrix-animation-output-transform-array" count="1136">

1.000000 0.000000 0.000000 0.000000 0.000000 1.000000 0.000000 0.000000 0.000000 0.000000 1.000000 0.000000 0.000000 0.000000 0.000000 1.000000
1.000000 0.000000 0.000000 0.000000 0.000000 1.000000 0.000000 0.000000 0.000000 0.000000 1.000000 0.000000 0.000000 0.000000 0.000000 1.000000
1.000000 0.000000 0.000000 0.000000 0.000000 1.000000 0.000000 0.000000 0.000000 0.000000 1.000000 0.000000 0.000000 0.000000 0.000000 1.000000
1.000000 0.000000 0.000000 0.000000 -0.000000 1.000000 -0.000000 0.000000 0.000000 0.000000 1.000000 0.000000 0.000000 0.000000 0.000000 1.000000
1.000000 -0.000000 -0.000000 0.000000 -0.000000 1.000000 -0.000000 0.000000 0.000000 -0.000000 1.000000 0.000000 0.000000 0.000000 0.000000 1.000000
1.000000 0.000000 0.000000 0.000000 0.000000 1.000000 0.000000 0.000000 -0.000000 0.000000 1.000000 0.000000 0.000000 0.000000 0.000000 1.000000
1.000000 0.000000 -0.000000 0.000000 0.000000 1.000000 0.000000 0.000000 0.000000 -0.000000 1.000000 0.000000 0.000000 0.000000 0.000000 1.000000
1.000000 0.000000 0.000000 0.000000 -0.000000 1.000000 0.000000 0.000000 -0.000000 0.000000 1.000000 0.000000 0.000000 0.000000 0.000000 1.000000
1.000000 -0.000000 0.000000 0.000000 -0.000000 1.000000 0.000000 0.000000 0.000000 0.000000 1.000000 0.000000 0.000000 0.000000 0.000000 1.000000
1.000000 -0.000000 0.000000 0.000000 0.000000 1.000000 0.000000 0.000000 0.000000 0.000000 1.000000 0.000000 0.000000 0.000000 0.000000 1.000000
1.000000 0.000000 0.000000 0.000000 0.000000 1.000000 0.000000 0.000000 0.000000 0.000000 1.000000 0.000000 0.000000 0.000000 0.000000 1.000000
1.000000 0.000000 -0.000000 0.000000 -0.000000 1.000000 0.000000 0.000000 0.000000 0.000000 1.000000 0.000000 0.000000 0.000000 0.000000 1.000000
1.000000 0.000000 0.000000 0.000000 0.000000 1.000000 0.000000 0.000000 0.000000 0.000000 1.000000 0.000000 0.000000 0.000000 0.000000 1.000000
1.000000 -0.000000 0.000000 0.000000 0.000000 1.000000 0.000000 0.000000 0.000000 -0.000000 1.000000 0.000000 0.000000 0.000000 0.000000 1.000000
1.000000 0.000000 -0.000000 0.000000 -0.000000 1.000000 0.000000 0.000000 0.000000 0.000000 1.000000 0.000000 0.000000 0.000000 0.000000 1.000000
1.000000 0.000000 0.000000 0.000000 0.000000 1.000000 0.000000 0.000000 -0.000000 -0.000000 1.000000 0.000000 0.000000 0.000000 0.000000 1.000000
1.000000 0.000000 -0.000000 0.000000 0.000000 1.000000 -0.000000 0.000000 0.000000 0.000000 1.000000 0.000000 0.000000 0.000000 0.000000 1.000000
1.000000 -0.000000 0.000000 0.000000 0.000000 1.000000 0.000000 0.000000 0.000000 -0.000000 1.000000 0.000000 0.000000 0.000000 0.000000 1.000000
1.000000 0.000000 -0.000000 0.000000 0.000000 1.000000 0.000000 0.000000 -0.000000 0.000000 1.000000 0.000000 0.000000 0.000000 0.000000 1.000000
1.000000 -0.000000 -0.000000 0.000000 0.000000 1.000000 0.000000 0.000000 0.000000 -0.000000 1.000000 0.000000 0.000000 0.000000 0.000000 1.000000
1.000000 0.000000 -0.000000 0.000000 0.000000 1.000000 0.000000 0.000000 -0.000000 0.000000 1.000000 0.000000 0.000000 0.000000 0.000000 1.000000
1.000000 0.000000 0.000000 0.000000 0.000000 1.000000 -0.000000 0.000000 -0.000000 -0.000000 1.000000 0.000000 0.000000 0.000000 0.000000 1.000000
1.000000 -0.000000 0.000000 0.000000 0.000000 1.000000 0.000000 0.000000 0.000000 -0.000000 1.000000 0.000000 0.000000 0.000000 0.000000 1.000000
1.000000 0.000000 0.000000 0.000000 0.000000 1.000000 -0.000000 0.000000 -0.000000 0.000000 1.000000 0.000000 0.000000 0.000000 0.000000 1.000000
1.000000 -0.000000 0.000000 0.000000 -0.000000 1.000000 0.000000 0.000000 0.000000 -0.000000 1.000000 0.000000 0.000000 0.000000 0.000000 1.000000
1.000000 -0.000000 0.000000 0.000000 -0.000000 1.000000 0.000000 0.000000 -0.000000 -0.000000 1.000000 0.000000 0.000000 0.000000 0.000000 1.000000
1.000000 -0.000000 -0.000000 0.000000 0.000000 1.000000 0.000000 0.000000 -0.000000 0.000000 1.000000 0.000000 0.000000 0.000000 0.000000 1.000000
1.000000 0.000000 0.000000 0.000000 -0.000000 1.000000 0.000000 0.000000 -0.000000 0.000000 1.000000 0.000000 0.000000 0.000000 0.000000 1.000000
1.000000 -0.000000 -0.000000 0.000000 0.000000 1.000000 -0.000000 0.000000 0.000000 0.000000 1.000000 0.000000 0.000000 0.000000 0.000000 1.000000
1.000000 0.000000 0.000000 0.000000 0.000000 1.000000 0.000000 0.000000 0.000000 0.000000 1.000000 0.000000 0.000000 0.000000 0.000000 1.000000
1.000000 -0.000000 -0.000000 0.000000 0.000000 1.000000 -0.000000 0.000000 -0.000000 -0.000000 1.000000 0.000000 0.000000 0.000000 0.000000 1.000000
1.000000 -0.000000 -0.000000 0.000000 0.000000 1.000000 -0.000000 0.000000 0.000000 -0.000000 1.000000 0.000000 0.000000 0.000000 0.000000 1.000000
1.000000 -0.000000 -0.000000 0.000000 0.000000 1.000000 0.000000 0.000000 -0.000000 0.000000 1.000000 0.000000 0.000000 0.000000 0.000000 1.000000
1.000000 -0.000000 0.000000 0.000000 -0.000000 1.000000 -0.000000 0.000000 0.000000 0.000000 1.000000 0.000000 0.000000 0.000000 0.000000 1.000000
1.000000 -0.000000 0.000000 0.000000 0.000000 1.000000 -0.000000 0.000000 -0.000000 -0.000000 1.000000 0.000000 0.000000 0.000000 0.000000 1.000000
1.000000 0.000000 0.000000 0.000000 -0.000000 1.000000 -0.000000 0.000000 0.000000 -0.000000 1.000000 0.000000 0.000000 0.000000 0.000000 1.000000
1.000000 0.000000 -0.000000 0.000000 -0.000000 1.000000 0.000000 0.000000 -0.000000 0.000000 1.000000 0.000000 0.000000 0.000000 0.000000 1.000000
1.000000 -0.000000 0.000000 0.000000 0.000000 1.000000 0.000000 0.000000 0.000000 -0.000000 1.000000 0.000000 0.000000 0.000000 0.000000 1.000000
1.000000 0.000000 -0.000000 0.000000 0.000000 1.000000 0.000000 0.000000 0.000000 -0.000000 1.000000 0.000000 0.000000 0.000000 0.000000 1.000000
1.000000 0.000000 -0.000000 0.000000 0.000000 1.000000 -0.000000 0.000000 -0.000000 0.000000 1.000000 0.000000 0.000000 0.000000 0.000000 1.000000
1.000000 -0.000000 -0.000000 0.000000 -0.000000 1.000000 -0.000000 0.000000 0.000000 -0.000000 1.000000 0.000000 0.000000 0.000000 0.000000 1.000000
1.000000 -0.000000 -0.000000 0.000000 -0.000000 1.000000 -0.000000 0.000000 0.000000 -0.000000 1.000000 0.000000 0.000000 0.000000 0.000000 1.000000
1.000000 0.000000 0.000000 0.000000 -0.000000 1.000000 0.000000 0.000000 0.000000 -0.000000 1.000000 0.000000 0.000000 0.000000 0.000000 1.000000
1.000000 -0.000000 -0.000000 0.000000 -0.000000 1.000000 0.000000 0.000000 0.000000 0.000000 1.000000 0.000000 0.000000 0.000000 0.000000 1.000000
1.000000 0.000000 0.000000 0.000000 -0.000000 1.000000 -0.000000 0.000000 0.000000 0.000000 1.000000 0.000000 0.000000 0.000000 0.000000 1.000000
1.000000 0.000000 0.000000 0.000000 0.000000 1.000000 0.000000 0.000000 0.000000 0.000000 1.000000 0.000000 0.000000 0.000000 0.000000 1.000000
1.000000 0.000000 -0.000000 0.000000 -0.000000 1.000000 0.000000 0.000000 -0.000000 0.000000 1.000000 0.000000 0.000000 0.000000 0.000000 1.000000
1.000000 -0.000000 0.000000 0.000000 0.000000 1.000000 0.000000 0.000000 0.000000 -0.000000 1.000000 0.000000 0.000000 0.000000 0.000000 1.000000
