<?xml version="1.0" encoding="utf-8"?>
<COLLADA xmlns="http://www.collada.org/2005/11/COLLADASchema" version="1.4.1">
  <asset><contributor><author>Mixamo</author><authoring_tool>COLLADA Mixamo exporter</authoring_tool><comments></comments></contributor><created>2020-05-03T22:29:30Z</created><modified>2020-05-03T22:29:30Z</modified><revision></revision><title></title><unit meter="0.010000"/><up_axis>Y_UP</up_axis></asset>
  <library_geometries>
    <geometry id="rigging_body-lib" name="rigging_bodyMesh">
      <mesh>
        <source id="rigging_body-lib-Position" name="position">
          <float_array id="rigging_body-lib-Position-array" count="0"></float_array>
          <technique_common>
            <accessor count="0" source="#rigging_body-lib-Position-array" stride="3">
              <param name="X" type="float"/>
              <param name="Y" type="float"/>
              <param name="Z" type="float"/>
            </accessor>
          </technique_common>
        </source>
        <vertices id="rigging_body-lib-Vertex">
          <input semantic="POSITION" source="#rigging_body-lib-Position"/>
        </vertices>
      </mesh>
    </geometry>
    <geometry id="rigging_Cylinder001-lib" name="rigging_Cylinder001Mesh">
      <mesh>
        <source id="rigging_Cylinder001-lib-Position" name="position">
          <float_array id="rigging_Cylinder001-lib-Position-array" count="0"></float_array>
          <technique_common>
            <accessor count="0" source="#rigging_Cylinder001-lib-Position-array" stride="3">
              <param name="X" type="float"/>
              <param name="Y" type="float"/>
              <param name="Z" type="float"/>
            </accessor>
          </technique_common>
        </source>
        <vertices id="rigging_Cylinder001-lib-Vertex">
          <input semantic="POSITION" source="#rigging_Cylinder001-lib-Position"/>
        </vertices>
      </mesh>
    </geometry>
    <geometry id="rigging_eyebrowns-lib" name="rigging_eyebrownsMesh">
      <mesh>
        <source id="rigging_eyebrowns-lib-Position" name="position">
          <float_array id="rigging_eyebrowns-lib-Position-array" count="0"></float_array>
          <technique_common>
            <accessor count="0" source="#rigging_eyebrowns-lib-Position-array" stride="3">
              <param name="X" type="float"/>
              <param name="Y" type="float"/>
              <param name="Z" type="float"/>
            </accessor>
          </technique_common>
        </source>
        <vertices id="rigging_eyebrowns-lib-Vertex">
          <input semantic="POSITION" source="#rigging_eyebrowns-lib-Position"/>
        </vertices>
      </mesh>
    </geometry>
    <geometry id="rigging_eyebrowns001-lib" name="rigging_eyebrowns001Mesh">
      <mesh>
        <source id="rigging_eyebrowns001-lib-Position" name="position">
          <float_array id="rigging_eyebrowns001-lib-Position-array" count="0"></float_array>
          <technique_common>
            <accessor count="0" source="#rigging_eyebrowns001-lib-Position-array" stride="3">
              <param name="X" type="float"/>
              <param name="Y" type="float"/>
              <param name="Z" type="float"/>
            </accessor>
          </technique_common>
        </source>
        <vertices id="rigging_eyebrowns001-lib-Vertex">
          <input semantic="POSITION" source="#rigging_eyebrowns001-lib-Position"/>
        </vertices>
      </mesh>
    </geometry>
    <geometry id="rigging_hear-lib" name="rigging_hearMesh">
      <mesh>
        <source id="rigging_hear-lib-Position" name="position">
          <float_array id="rigging_hear-lib-Position-array" count="0"></float_array>
          <technique_common>
            <accessor count="0" source="#rigging_hear-lib-Position-array" stride="3">
              <param name="X" type="float"/>
              <param name="Y" type="float"/>
              <param name="Z" type="float"/>
            </accessor>
          </technique_common>
        </source>
        <vertices id="rigging_hear-lib-Vertex">
          <input semantic="POSITION" source="#rigging_hear-lib-Position"/>
        </vertices>
      </mesh>
    </geometry>
    <geometry id="rigging_Tube001-lib" name="rigging_Tube001Mesh">
      <mesh>
        <source id="rigging_Tube001-lib-Position" name="position">
          <float_array id="rigging_Tube001-lib-Position-array" count="0"></float_array>
          <technique_common>
            <accessor count="0" source="#rigging_Tube001-lib-Position-array" stride="3">
              <param name="X" type="float"/>
              <param name="Y" type="float"/>
              <param name="Z" type="float"/>
            </accessor>
          </technique_common>
        </source>
        <vertices id="rigging_Tube001-lib-Vertex">
          <input semantic="POSITION" source="#rigging_Tube001-lib-Position"/>
        </vertices>
      </mesh>
    </geometry>
  </library_geometries>
  <library_controllers>
    <controller id="rigging_bodyController">
      <skin source="#rigging_body-lib">
        <bind_shape_matrix>1.000000 -0.000000 0.000000 0.000000 0.000000 1.000000 -0.000000 0.000000 0.000000 0.000000 1.000000 0.000000 0.000000 0.000000 0.000000 1.000000
</bind_shape_matrix>
        <source id="rigging_bodyController-Joints">
          <Name_array id="rigging_bodyController-Joints-array" count="1">
 rigging_body</Name_array>
          <technique_common>
            <accessor source="#rigging_bodyController-Joints-array" count="1">
              <param type="name"/>
            </accessor>
          </technique_common>
        </source>
        <source id="rigging_bodyController-Matrices">
          <float_array id="rigging_bodyController-Matrices-array" count="32">

1.000000 0.000000 0.000000 -0.000000 -0.000000 1.000000 0.000000 -0.000000 0.000000 -0.000000 1.000000 -0.000000 0.000000 0.000000 0.000000 1.000000
1.000000 0.000000 0.000000 -0.000000 -0.000000 1.000000 0.000000 -0.000000 0.000000 -0.000000 1.000000 -0.000000 0.000000 0.000000 0.000000 1.000000</float_array>
          <technique_common>
            <accessor source="#rigging_bodyController-Matrices-array" count="2" stride="16">
              <param type="float4x4"/>
            </accessor>
          </technique_common>
        </source>
        <source id="rigging_bodyController-Weights">
          <float_array id="rigging_bodyController-Weights-array" count="1">

1.000000</float_array>
          <technique_common>
            <accessor source="#rigging_bodyController-Weights-array" count="1">
              <param type="float"/>
            </accessor>
          </technique_common>
        </source>
        <joints>
          <input semantic="JOINT" source="#rigging_bodyController-Joints"/>
          <input semantic="INV_BIND_MATRIX" source="#rigging_bodyController-Matrices"/>
        </joints>
        <vertex_weights count="0">
          <input semantic="JOINT" offset="0" source="#rigging_bodyController-Joints"/>
          <input semantic="WEIGHT" offset="1" source="#rigging_bodyController-Weights"/>
          <vcount></vcount>
          <v></v>
        </vertex_weights>
      </skin>
    </controller>
    <controller id="rigging_Cylinder001Controller">
      <skin source="#rigging_Cylinder001-lib">
        <bind_shape_matrix>1.000000 -0.000000 0.000000 0.000000 0.000000 1.000000 -0.000000 0.000000 0.000000 0.000000 1.000000 0.000000 0.000000 0.000000 0.000000 1.000000
</bind_shape_matrix>
        <source id="rigging_Cylinder001Controller-Joints">
          <Name_array id="rigging_Cylinder001Controller-Joints-array" count="1">
 rigging_Cylinder001</Name_array>
          <technique_common>
            <accessor source="#rigging_Cylinder001Controller-Joints-array" count="1">
              <param type="name"/>
            </accessor>
          </technique_common>
        </source>
        <source id="rigging_Cylinder001Controller-Matrices">
          <float_array id="rigging_Cylinder001Controller-Matrices-array" count="32">

1.000000 0.000000 0.000000 -0.000000 -0.000000 1.000000 0.000000 -0.000000 0.000000 -0.000000 1.000000 -0.000000 0.000000 0.000000 0.000000 1.000000
1.000000 0.000000 0.000000 -0.000000 -0.000000 1.000000 0.000000 -0.000000 0.000000 -0.000000 1.000000 -0.000000 0.000000 0.000000 0.000000 1.000000</float_array>
          <technique_common>
            <accessor source="#rigging_Cylinder001Controller-Matrices-array" count="2" stride="16">
              <param type="float4x4"/>
            </accessor>
          </technique_common>
        </source>
        <source id="rigging_Cylinder001Controller-Weights">
          <float_array id="rigging_Cylinder001Controller-Weights-array" count="1">

1.000000</float_array>
          <technique_common>
            <accessor source="#rigging_Cylinder001Controller-Weights-array" count="1">
              <param type="float"/>
            </accessor>
          </technique_common>
        </source>
        <joints>
          <input semantic="JOINT" source="#rigging_Cylinder001Controller-Joints"/>
          <input semantic="INV_BIND_MATRIX" source="#rigging_Cylinder001Controller-Matrices"/>
        </joints>
        <vertex_weights count="0">
          <input semantic="JOINT" offset="0" source="#rigging_Cylinder001Controller-Joints"/>
          <input semantic="WEIGHT" offset="1" source="#rigging_Cylinder001Controller-Weights"/>
          <vcount></vcount>
          <v></v>
        </vertex_weights>
      </skin>
    </controller>
    <controller id="rigging_eyebrownsController">
      <skin source="#rigging_eyebrowns-lib">
        <bind_shape_matrix>1.000000 -0.000000 0.000000 0.000000 0.000000 1.000000 -0.000000 0.000000 0.000000 0.000000 1.000000 0.000000 0.000000 0.000000 0.000000 1.000000
</bind_shape_matrix>
        <source id="rigging_eyebrownsController-Joints">
          <Name_array id="rigging_eyebrownsController-Joints-array" count="1">
 rigging_eyebrowns</Name_array>
          <technique_common>
            <accessor source="#rigging_eyebrownsController-Joints-array" count="1">
              <param type="name"/>
            </accessor>
          </technique_common>
        </source>
        <source id="rigging_eyebrownsController-Matrices">
          <float_array id="rigging_eyebrownsController-Matrices-array" count="32">

1.000000 0.000000 0.000000 -0.000000 -0.000000 1.000000 0.000000 -0.000000 0.000000 -0.000000 1.000000 -0.000000 0.000000 0.000000 0.000000 1.000000
1.000000 0.000000 0.000000 -0.000000 -0.000000 1.000000 0.000000 -0.000000 0.000000 -0.000000 1.000000 -0.000000 0.000000 0.000000 0.000000 1.000000</float_array>
          <technique_common>
            <accessor source="#rigging_eyebrownsController-Matrices-array" count="2" stride="16">
              <param type="float4x4"/>
            </accessor>
          </technique_common>
        </source>
        <source id="rigging_eyebrownsController-Weights">
          <float_array id="rigging_eyebrownsController-Weights-array" count="1">

1.000000</float_array>
          <technique_common>
            <accessor source="#rigging_eyebrownsController-Weights-array" count="1">
              <param type="float"/>
            </accessor>
          </technique_common>
        </source>
        <joints>
          <input semantic="JOINT" source="#rigging_eyebrownsController-Joints"/>
          <input semantic="INV_BIND_MATRIX" source="#rigging_eyebrownsController-Matrices"/>
        </joints>
        <vertex_weights count="0">
          <input semantic="JOINT" offset="0" source="#rigging_eyebrownsController-Joints"/>
          <input semantic="WEIGHT" offset="1" source="#rigging_eyebrownsController-Weights"/>
          <vcount></vcount>
          <v></v>
        </vertex_weights>
      </skin>
    </controller>
    <controller id="rigging_eyebrowns001Controller">
      <skin source="#rigging_eyebrowns001-lib">
        <bind_shape_matrix>1.000000 -0.000000 0.000000 0.000000 0.000000 1.000000 -0.000000 0.000000 0.000000 0.000000 1.000000 0.000000 0.000000 0.000000 0.000000 1.000000
</bind_shape_matrix>
        <source id="rigging_eyebrowns001Controller-Joints">
          <Name_array id="rigging_eyebrowns001Controller-Joints-array" count="1">
 rigging_eyebrowns001</Name_array>
          <technique_common>
            <accessor source="#rigging_eyebrowns001Controller-Joints-array" count="1">
              <param type="name"/>
            </accessor>
          </technique_common>
        </source>
        <source id="rigging_eyebrowns001Controller-Matrices">
          <float_array id="rigging_eyebrowns001Controller-Matrices-array" count="32">

1.000000 0.000000 0.000000 -0.000000 -0.000000 1.000000 0.000000 -0.000000 0.000000 -0.000000 1.000000 -0.000000 0.000000 0.000000 0.000000 1.000000
1.000000 0.000000 0.000000 -0.000000 -0.000000 1.000000 0.000000 -0.000000 0.000000 -0.000000 1.000000 -0.000000 0.000000 0.000000 0.000000 1.000000</float_array>
          <technique_common>
            <accessor source="#rigging_eyebrowns001Controller-Matrices-array" count="2" stride="16">
              <param type="float4x4"/>
            </accessor>
          </technique_common>
        </source>
        <source id="rigging_eyebrowns001Controller-Weights">
          <float_array id="rigging_eyebrowns001Controller-Weights-array" count="1">

1.000000</float_array>
          <technique_common>
            <accessor source="#rigging_eyebrowns001Controller-Weights-array" count="1">
              <param type="float"/>
            </accessor>
          </technique_common>
        </source>
        <joints>
          <input semantic="JOINT" source="#rigging_eyebrowns001Controller-Joints"/>
          <input semantic="INV_BIND_MATRIX" source="#rigging_eyebrowns001Controller-Matrices"/>
        </joints>
        <vertex_weights count="0">
          <input semantic="JOINT" offset="0" source="#rigging_eyebrowns001Controller-Joints"/>
          <input semantic="WEIGHT" offset="1" source="#rigging_eyebrowns001Controller-Weights"/>
          <vcount></vcount>
          <v></v>
        </vertex_weights>
      </skin>
    </controller>
    <controller id="rigging_hearController">
      <skin source="#rigging_hear-lib">
        <bind_shape_matrix>1.000000 -0.000000 0.000000 0.000000 0.000000 1.000000 -0.000000 0.000000 0.000000 0.000000 1.000000 0.000000 0.000000 0.000000 0.000000 1.000000
</bind_shape_matrix>
        <source id="rigging_hearController-Joints">
          <Name_array id="rigging_hearController-Joints-array" count="1">
 rigging_hear</Name_array>
          <technique_common>
            <accessor source="#rigging_hearController-Joints-array" count="1">
              <param type="name"/>
            </accessor>
          </technique_common>
        </source>
        <source id="rigging_hearController-Matrices">
          <float_array id="rigging_hearController-Matrices-array" count="32">

1.000000 0.000000 0.000000 -0.000000 -0.000000 1.000000 0.000000 -0.000000 0.000000 -0.000000 1.000000 -0.000000 0.000000 0.000000 0.000000 1.000000
1.000000 0.000000 0.000000 -0.000000 -0.000000 1.000000 0.000000 -0.000000 0.000000 -0.000000 1.000000 -0.000000 0.000000 0.000000 0.000000 1.000000</float_array>
          <technique_common>
            <accessor source="#rigging_hearController-Matrices-array" count="2" stride="16">
              <param type="float4x4"/>
            </accessor>
          </technique_common>
        </source>
        <source id="rigging_hearController-Weights">
          <float_array id="rigging_hearController-Weights-array" count="1">

1.000000</float_array>
          <technique_common>
            <accessor source="#rigging_hearController-Weights-array" count="1">
              <param type="float"/>
            </accessor>
          </technique_common>
        </source>
        <joints>
          <input semantic="JOINT" source="#rigging_hearController-Joints"/>
          <input semantic="INV_BIND_MATRIX" source="#rigging_hearController-Matrices"/>
        </joints>
        <vertex_weights count="0">
          <input semantic="JOINT" offset="0" source="#rigging_hearController-Joints"/>
          <input semantic="WEIGHT" offset="1" source="#rigging_hearController-Weights"/>
          <vcount></vcount>
          <v></v>
        </vertex_weights>
      </skin>
    </controller>
    <controller id="rigging_Tube001Controller">
      <skin source="#rigging_Tube001-lib">
        <bind_shape_matrix>1.000000 -0.000000 0.000000 0.000000 0.000000 1.000000 -0.000000 0.000000 0.000000 0.000000 1.000000 0.000000 0.000000 0.000000 0.000000 1.000000
</bind_shape_matrix>
        <source id="rigging_Tube001Controller-Joints">
          <Name_array id="rigging_Tube001Controller-Joints-array" count="1">
 rigging_Tube001</Name_array>
          <technique_common>
            <accessor source="#rigging_Tube001Controller-Joints-array" count="1">
              <param type="name"/>
            </accessor>
          </technique_common>
        </source>
        <source id="rigging_Tube001Controller-Matrices">
          <float_array id="rigging_Tube001Controller-Matrices-array" count="32">

1.000000 0.000000 0.000000 -0.000000 -0.000000 1.000000 0.000000 -0.000000 0.000000 -0.000000 1.000000 -0.000000 0.000000 0.000000 0.000000 1.000000
1.000000 0.000000 0.000000 -0.000000 -0.000000 1.000000 0.000000 -0.000000 0.000000 -0.000000 1.000000 -0.000000 0.000000 0.000000 0.000000 1.000000</float_array>
          <technique_common>
            <accessor source="#rigging_Tube001Controller-Matrices-array" count="2" stride="16">
              <param type="float4x4"/>
            </accessor>
          </technique_common>
        </source>
        <source id="rigging_Tube001Controller-Weights">
          <float_array id="rigging_Tube001Controller-Weights-array" count="1">

1.000000</float_array>
          <technique_common>
            <accessor source="#rigging_Tube001Controller-Weights-array" count="1">
              <param type="float"/>
            </accessor>
          </technique_common>
        </source>
        <joints>
          <input semantic="JOINT" source="#rigging_Tube001Controller-Joints"/>
          <input semantic="INV_BIND_MATRIX" source="#rigging_Tube001Controller-Matrices"/>
        </joints>
        <vertex_weights count="0">
          <input semantic="JOINT" offset="0" source="#rigging_Tube001Controller-Joints"/>
          <input semantic="WEIGHT" offset="1" source="#rigging_Tube001Controller-Weights"/>
          <vcount></vcount>
          <v></v>
        </vertex_weights>
      </skin>
    </controller>
  </library_controllers>
  <library_animations>
    <animation id="rigging_Yennefer-anim" name="rigging_Yennefer"><source id="rigging_Yennefer-Matrix-animation-input"><float_array id="rigging_Yennefer-Matrix-animation-input-array" count="122">

0.000000 0.033333 0.066667 0.100000 0.133333 0.166667 0.200000 0.233333 0.266667 0.300000 0.333333 0.366667 0.400000 0.433333 0.466667 0.500000
0.533333 0.566667 0.600000 0.633333 0.666667 0.700000 0.733333 0.766667 0.800000 0.833333 0.866667 0.900000 0.933333 0.966667 1.000000 1.033333
1.066667 1.100000 1.133333 1.166667 1.200000 1.233333 1.266667 1.300000 1.333333 1.366667 1.400000 1.433333 1.466667 1.500000 1.533333 1.566667
1.600000 1.633333 1.666667 1.700000 1.733333 1.766667 1.800000 1.833333 1.866667 1.900000 1.933333 1.966667 2.000000 2.033333 2.066667 2.100000
2.133333 2.166667 2.200000 2.233333 2.266667 2.300000 2.333333 2.366667 2.400000 2.433333 2.466667 2.500000 2.533333 2.566667 2.600000 2.633333
2.666667 2.700000 2.733333 2.766667 2.800000 2.833333 2.866667 2.900000 2.933333 2.966667 3.000000 3.033333 3.066667 3.100000 3.133333 3.166667
3.200000 3.233333 3.266667 3.300000 3.333333 3.366667 3.400000 3.433333 3.466667 3.500000 3.533333 3.566667 3.600000 3.633333 3.666667 3.700000
3.733333 3.766667 3.800000 3.833333 3.866667 3.900000 3.933333 3.966667 4.000000 4.033333</float_array><technique_common><accessor source="#rigging_Yennefer-Matrix-animation-input-array" count="122"><param name="TIME" type="float"/></accessor></technique_common></source><source id="rigging_Yennefer-Matrix-animation-output-transform"><float_array id="rigging_Yennefer-Matrix-animation-output-transform-array" count="1952">

0.989295 0.026420 0.143520 -0.036574 -0.001919 0.985745 -0.168233 -0.047665 -0.145919 0.166156 0.975243 -0.085093 0.000000 0.000000 0.000000 1.000000
0.974362 0.016606 0.224371 -0.036533 0.013409 0.991213 -0.131591 -0.057242 -0.224584 0.131226 0.965578 -0.062473 0.000000 0.000000 0.000000 1.000000
0.953971 0.002209 0.299890 -0.034201 0.026362 0.995484 -0.091195 -0.065267 -0.298737 0.094904 0.949605 -0.038932 0.000000 0.000000 0.000000 1.000000
0.926434 -0.013518 0.376214 -0.031651 0.035520 0.998036 -0.051607 -0.072358 -0.374777 0.061174 0.925094 -0.017216 0.000000 0.000000 0.000000 1.000000
0.885985 -0.028871 0.462815 -0.031171 0.042394 0.998923 -0.018841 -0.078770 -0.461773 0.036313 0.886255 0.001234 0.000000 0.000000 0.000000 1.000000
0.824216 -0.041577 0.564746 -0.031867 0.048578 0.998816 0.002637 -0.082141 -0.564187 0.025261 0.825260 0.015375 0.000000 0.000000 0.000000 1.000000
0.736148 -0.050427 0.674940 -0.032674 0.054483 0.998399 0.015170 -0.082642 -0.674624 0.025605 0.737717 0.024823 0.000000 0.000000 0.000000 1.000000
0.628947 -0.060130 0.775120 -0.032335 0.061682 0.997721 0.027348 -0.082299 -0.774998 0.030611 0.631222 0.033327 0.000000 0.000000 0.000000 1.000000
0.518637 -0.073450 0.851834 -0.029331 0.069954 0.996608 0.043342 -0.081593 -0.852128 0.037110 0.522016 0.041284 0.000000 0.000000 0.000000 1.000000
0.413435 -0.084760 0.906580 -0.026675 0.077044 0.995344 0.057923 -0.079273 -0.907268 0.045899 0.418040 0.048037 0.000000 0.000000 0.000000 1.000000
0.301416 -0.083296 0.949847 -0.029879 0.078254 0.994977 0.062421 -0.073481 -0.950276 0.055514 0.306421 0.055672 0.000000 0.000000 0.000000 1.000000
0.147495 -0.062109 0.987111 -0.041887 0.072696 0.996008 0.051806 -0.063710 -0.986388 0.064118 0.151422 0.067679 0.000000 0.000000 0.000000 1.000000
-0.093160 -0.024933 0.995339 -0.058123 0.070865 0.996985 0.031607 -0.052115 -0.993126 0.073479 -0.091113 0.083917 0.000000 0.000000 0.000000 1.000000
-0.422851 0.012154 0.906118 -0.067522 0.082548 0.996270 0.025158 -0.042009 -0.902432 0.085436 -0.422277 0.101464 0.000000 0.000000 0.000000 1.000000
-0.754859 0.035157 0.654945 -0.062774 0.090095 0.994655 0.050447 -0.034795 -0.649670 0.097088 -0.753991 0.114921 0.000000 0.000000 0.000000 1.000000
-0.965624 0.050369 0.255017 -0.050373 0.072751 0.994208 0.079106 -0.029346 -0.249556 0.094940 -0.963695 0.126603 0.000000 0.000000 0.000000 1.000000
-0.974069 0.071307 -0.214721 -0.042632 0.055548 0.995361 0.078560 -0.024860 0.219327 0.064595 -0.973511 0.141553 0.000000 0.000000 0.000000 1.000000
-0.753729 0.095212 -0.650252 -0.041247 0.068795 0.995444 0.066012 -0.021287 0.653575 0.005021 -0.756845 0.160623 0.000000 0.000000 0.000000 1.000000
-0.335266 0.099912 -0.936811 -0.040056 0.095545 0.992840 0.071694 -0.020508 0.937266 -0.065471 -0.342411 0.178381 0.000000 0.000000 0.000000 1.000000
0.178408 0.077060 -0.980934 -0.038293 0.105089 0.989734 0.096865 -0.021885 0.978329 -0.120366 0.168478 0.188578 0.000000 0.000000 0.000000 1.000000
0.642146 0.033471 -0.765851 -0.037253 0.091949 0.988470 0.120297 -0.023537 0.761048 -0.147668 0.631665 0.190949 0.000000 0.000000 0.000000 1.000000
0.936057 -0.019245 -0.351321 -0.037468 0.068279 0.989457 0.127720 -0.024535 0.345159 -0.143541 0.927503 0.187875 0.000000 0.000000 0.000000 1.000000
0.984685 -0.065958 0.161387 -0.040407 0.046261 0.991340 0.122904 -0.024719 -0.168096 -0.113556 0.979208 0.184450 0.000000 0.000000 0.000000 1.000000
0.767718 -0.090818 0.634319 -0.047491 0.027098 0.993621 0.109464 -0.024884 -0.640214 -0.066849 0.765282 0.183433 0.000000 0.000000 0.000000 1.000000
0.350323 -0.085806 0.932690 -0.058154 0.014491 0.996172 0.086204 -0.024133 -0.936517 -0.016683 0.350226 0.185897 0.000000 0.000000 0.000000 1.000000
-0.143901 -0.057079 0.987945 -0.068234 0.016088 0.998068 0.060007 -0.023163 -0.989461 0.024529 -0.142705 0.191482 0.000000 0.000000 0.000000 1.000000
-0.592496 -0.019490 0.805337 -0.073182 0.027527 0.998634 0.044420 -0.022261 -0.805103 0.048487 -0.591150 0.199366 0.000000 0.000000 0.000000 1.000000
-0.900290 0.014100 0.435063 -0.070490 0.035840 0.998483 0.041805 -0.021229 -0.433813 0.053229 -0.899429 0.206800 0.000000 0.000000 0.000000 1.000000
-0.998538 0.037533 -0.038910 -0.061933 0.035934 0.998513 0.040998 -0.020640 0.040391 0.039539 -0.998401 0.212258 0.000000 0.000000 0.000000 1.000000
-0.863781 0.048030 -0.501573 -0.051767 0.035010 0.998762 0.035348 -0.020278 0.502649 0.012973 -0.864393 0.214299 0.000000 0.000000 0.000000 1.000000
-0.534068 0.042468 -0.844374 -0.042112 0.037532 0.998944 0.026503 -0.019734 0.844608 -0.017537 -0.535098 0.212039 0.000000 0.000000 0.000000 1.000000
-0.087886 0.020068 -0.995928 -0.034281 0.045149 0.998850 0.016143 -0.019457 0.995107 -0.043546 -0.088691 0.205789 0.000000 0.000000 0.000000 1.000000
0.371290 -0.018371 -0.928335 -0.028360 0.061185 0.998115 0.004719 -0.019177 0.926499 -0.058552 0.371714 0.196645 0.000000 0.000000 0.000000 1.000000
0.742850 -0.066262 -0.666171 -0.024981 0.085769 0.996309 -0.003458 -0.019260 0.663941 -0.054568 0.745791 0.184235 0.000000 0.000000 0.000000 1.000000
0.956847 -0.111387 -0.268396 -0.026360 0.114747 0.993390 -0.003189 -0.018827 0.266977 -0.027746 0.963303 0.169607 0.000000 0.000000 0.000000 1.000000
0.971978 -0.141089 0.188021 -0.035079 0.142114 0.989817 0.008086 -0.017980 -0.187247 0.018861 0.982132 0.155290 0.000000 0.000000 0.000000 1.000000
0.784214 -0.145812 0.603115 -0.052169 0.161055 0.986517 0.029090 -0.016649 -0.599224 0.074322 0.797124 0.144493 0.000000 0.000000 0.000000 1.000000
0.448654 -0.123452 0.885138 -0.075607 0.165954 0.984696 0.053220 -0.015297 -0.878162 0.123015 0.462275 0.141064 0.000000 0.000000 0.000000 1.000000
0.051152 -0.084760 0.995088 -0.099329 0.159243 0.984336 0.075658 -0.014709 -0.985913 0.154590 0.063848 0.146284 0.000000 0.000000 0.000000 1.000000
-0.335568 -0.043247 0.941023 -0.118338 0.144975 0.984674 0.096951 -0.015079 -0.930793 0.168958 -0.324155 0.158238 0.000000 0.000000 0.000000 1.000000
-0.659892 -0.004527 0.751347 -0.131852 0.123258 0.985783 0.114194 -0.016229 -0.741182 0.167965 -0.649952 0.174878 0.000000 0.000000 0.000000 1.000000
-0.882403 0.032366 0.469379 -0.141943 0.100972 0.987414 0.121734 -0.017079 -0.459531 0.154813 -0.874565 0.192771 0.000000 0.000000 0.000000 1.000000
-0.985828 0.065812 0.154312 -0.150603 0.084405 0.989514 0.117210 -0.018142 -0.144980 0.128573 -0.981045 0.212368 0.000000 0.000000 0.000000 1.000000
-0.985367 0.085955 -0.147185 -0.154509 0.071268 0.992195 0.102319 -0.020611 0.154831 0.090332 -0.983803 0.234146 0.000000 0.000000 0.000000 1.000000
-0.902334 0.089603 -0.421622 -0.152873 0.060620 0.994813 0.081682 -0.023385 0.426754 0.048146 -0.903085 0.254965 0.000000 0.000000 0.000000 1.000000
-0.738371 0.080845 -0.669531 -0.148047 0.053760 0.996685 0.061061 -0.025986 0.672249 0.009091 -0.740270 0.271059 0.000000 0.000000 0.000000 1.000000
-0.482404 0.068460 -0.873269 -0.145326 0.053484 0.997383 0.048644 -0.028134 0.874314 -0.023240 -0.484804 0.279900 0.000000 0.000000 0.000000 1.000000
-0.144338 0.056208 -0.987931 -0.148036 0.054506 0.997321 0.048779 -0.029858 0.988026 -0.046807 -0.147015 0.282160 0.000000 0.000000 0.000000 1.000000
0.223158 0.043441 -0.973814 -0.156089 0.050809 0.997130 0.056125 -0.031553 0.973457 -0.062003 0.220311 0.281235 0.000000 0.000000 0.000000 1.000000
0.554571 0.027646 -0.831677 -0.167879 0.044007 0.997075 0.062488 -0.033932 0.830972 -0.071254 0.551732 0.280185 0.000000 0.000000 0.000000 1.000000
0.804673 0.009738 -0.593639 -0.182164 0.035335 0.997308 0.064256 -0.035556 0.592666 -0.072681 0.802162 0.280444 0.000000 0.000000 0.000000 1.000000
0.951139 -0.008943 -0.308633 -0.196558 0.029630 0.997611 0.062406 -0.036894 0.307337 -0.068502 0.949132 0.281852 0.000000 0.000000 0.000000 1.000000
0.999302 -0.025656 -0.027163 -0.211802 0.027149 0.998055 0.056120 -0.037133 0.025671 -0.056819 0.998054 0.283536 0.000000 0.000000 0.000000 1.000000
0.974629 -0.037525 0.220657 -0.227109 0.028521 0.998631 0.043851 -0.036382 -0.222000 -0.036445 0.974365 0.284405 0.000000 0.000000 0.000000 1.000000
0.901798 -0.042161 0.430097 -0.243703 0.033564 0.999057 0.027559 -0.035997 -0.430853 -0.010417 0.902362 0.285577 0.000000 0.000000 0.000000 1.000000
0.796428 -0.039278 0.603456 -0.260098 0.039215 0.999143 0.013278 -0.036048 -0.603460 0.013089 0.797285 0.291209 0.000000 0.000000 0.000000 1.000000
0.670619 -0.030058 0.741193 -0.275925 0.040092 0.999187 0.004246 -0.036506 -0.740718 0.026869 0.671279 0.302693 0.000000 0.000000 0.000000 1.000000
0.534336 -0.018543 0.845069 -0.291666 0.035963 0.999353 -0.000812 -0.036418 -0.844507 0.030825 0.534657 0.318758 0.000000 0.000000 0.000000 1.000000
0.397395 -0.010842 0.917584 -0.305833 0.032667 0.999464 -0.002338 -0.035740 -0.917066 0.030904 0.397536 0.335601 0.000000 0.000000 0.000000 1.000000
0.273065 -0.007367 0.961967 -0.317208 0.029638 0.999560 -0.000758 -0.035056 -0.961539 0.028718 0.273164 0.351457 0.000000 0.000000 0.000000 1.000000
0.176329 -0.003916 0.984323 -0.328210 0.020894 0.999782 0.000235 -0.035551 -0.984109 0.020525 0.176373 0.366820 0.000000 0.000000 0.000000 1.000000
0.112085 0.002748 0.993695 -0.340420 0.005978 0.999976 -0.003440 -0.037205 -0.993681 0.006326 0.112066 0.381917 0.000000 0.000000 0.000000 1.000000
0.071160 0.013569 0.997373 -0.354999 -0.011803 0.999849 -0.012760 -0.039754 -0.997395 -0.010864 0.071310 0.394912 0.000000 0.000000 0.000000 1.000000
0.039528 0.025649 0.998889 -0.370102 -0.028146 0.999302 -0.024546 -0.042375 -0.998822 -0.027145 0.040222 0.406295 0.000000 0.000000 0.000000 1.000000
0.007165 0.033932 0.999398 -0.382821 -0.046290 0.998364 -0.033565 -0.044794 -0.998902 -0.046022 0.008724 0.417812 0.000000 0.000000 0.000000 1.000000
-0.030204 0.033885 0.998969 -0.390853 -0.071728 0.996775 -0.035979 -0.046727 -0.996967 -0.072741 -0.027676 0.431253 0.000000 0.000000 0.000000 1.000000
-0.069124 0.029709 0.997166 -0.396462 -0.099014 0.994417 -0.036491 -0.047666 -0.992682 -0.101256 -0.065797 0.443322 0.000000 0.000000 0.000000 1.000000
-0.100957 0.036353 0.994226 -0.407136 -0.112427 0.992514 -0.047706 -0.048803 -0.988518 -0.116594 -0.096114 0.446174 0.000000 0.000000 0.000000 1.000000
-0.118393 0.060540 0.991120 -0.425662 -0.095780 0.992789 -0.072083 -0.050017 -0.988337 -0.103464 -0.111740 0.434255 0.000000 0.000000 0.000000 1.000000
-0.122413 0.089985 0.988392 -0.445889 -0.055786 0.993683 -0.097375 -0.050942 -0.990910 -0.067059 -0.116620 0.410398 0.000000 0.000000 0.000000 1.000000
-0.118269 0.110487 0.986816 -0.460320 -0.012122 0.993556 -0.112694 -0.052162 -0.992908 -0.025291 -0.116168 0.382866 0.000000 0.000000 0.000000 1.000000
-0.107571 0.125054 0.986301 -0.470142 0.018021 0.992140 -0.123829 -0.051181 -0.994034 0.004454 -0.108979 0.358755 0.000000 0.000000 0.000000 1.000000
-0.089565 0.144169 0.985491 -0.479879 0.027411 0.989450 -0.142257 -0.047761 -0.995604 0.014272 -0.092572 0.342394 0.000000 0.000000 0.000000 1.000000
-0.064826 0.167249 0.983781 -0.489581 0.023105 0.985842 -0.166077 -0.044135 -0.997629 0.011964 -0.067772 0.331260 0.000000 0.000000 0.000000 1.000000
-0.036164 0.185559 0.981967 -0.496194 0.018545 0.982566 -0.184989 -0.042997 -0.999174 0.011521 -0.038974 0.320829 0.000000 0.000000 0.000000 1.000000
-0.005473 0.195459 0.980697 -0.498697 0.018684 0.980560 -0.195328 -0.044523 -0.999810 0.017255 -0.009018 0.309410 0.000000 0.000000 0.000000 1.000000
0.029286 0.198344 0.979695 -0.497768 0.019696 0.979810 -0.198956 -0.046962 -0.999377 0.025123 0.024788 0.298105 0.000000 0.000000 0.000000 1.000000
0.072136 0.194462 0.978254 -0.493256 0.015544 0.980471 -0.196049 -0.048148 -0.997274 0.029348 0.067704 0.288665 0.000000 0.000000 0.000000 1.000000
0.124098 0.181890 0.975457 -0.483256 0.006775 0.982877 -0.184136 -0.049138 -0.992247 0.029459 0.120741 0.281184 0.000000 0.000000 0.000000 1.000000
0.182924 0.160610 0.969919 -0.466468 0.000920 0.986537 -0.163536 -0.052672 -0.983127 0.030807 0.180313 0.273182 0.000000 0.000000 0.000000 1.000000
0.246784 0.138232 0.959161 -0.447852 -0.003745 0.989903 -0.141699 -0.055426 -0.969063 0.031377 0.244810 0.265261 0.000000 0.000000 0.000000 1.000000
0.314084 0.120729 0.941688 -0.430425 -0.008143 0.992188 -0.124488 -0.056605 -0.949360 0.031431 0.312613 0.256973 0.000000 0.000000 0.000000 1.000000
0.384949 0.107374 0.916670 -0.412664 -0.010992 0.993672 -0.111778 -0.055219 -0.922872 0.032953 0.383694 0.247051 0.000000 0.000000 0.000000 1.000000
0.458360 0.095252 0.883648 -0.392716 -0.012042 0.994815 -0.100989 -0.051625 -0.888685 0.035649 0.457130 0.235677 0.000000 0.000000 0.000000 1.000000
0.530585 0.083119 0.843547 -0.371638 -0.011724 0.995805 -0.090748 -0.047314 -0.847551 0.038259 0.529333 0.224076 0.000000 0.000000 0.000000 1.000000
0.598979 0.071061 0.797605 -0.350043 -0.010344 0.996658 -0.081027 -0.043576 -0.800698 0.040283 0.597713 0.212537 0.000000 0.000000 0.000000 1.000000
0.663388 0.055215 0.746236 -0.325641 -0.003180 0.997473 -0.070977 -0.040102 -0.748269 0.044712 0.661887 0.200700 0.000000 0.000000 0.000000 1.000000
0.723549 0.035020 0.689385 -0.298753 0.009848 0.998087 -0.061038 -0.038102 -0.690203 0.050953 0.721819 0.188892 0.000000 0.000000 0.000000 1.000000
0.778924 0.010809 0.627026 -0.270053 0.027791 0.998274 -0.051732 -0.037684 -0.626503 0.057721 0.777279 0.178092 0.000000 0.000000 0.000000 1.000000
0.827853 -0.011982 0.560818 -0.242705 0.044553 0.998018 -0.044445 -0.038446 -0.559174 0.061780 0.826745 0.169150 0.000000 0.000000 0.000000 1.000000
0.869041 -0.029926 0.493834 -0.219061 0.056993 0.997579 -0.039843 -0.038343 -0.491446 0.062770 0.868643 0.161962 0.000000 0.000000 0.000000 1.000000
0.902546 -0.039313 0.428794 -0.201474 0.061864 0.997331 -0.038777 -0.035772 -0.426125 0.061525 0.902570 0.154742 0.000000 0.000000 0.000000 1.000000
0.929921 -0.042023 0.365352 -0.188512 0.060699 0.997363 -0.039777 -0.030741 -0.362717 0.059166 0.930019 0.145780 0.000000 0.000000 0.000000 1.000000
0.952479 -0.046892 0.300974 -0.174284 0.061124 0.997405 -0.038038 -0.026876 -0.298409 0.054627 0.952873 0.135958 0.000000 0.000000 0.000000 1.000000
0.969964 -0.055981 0.236721 -0.158911 0.065149 0.997391 -0.031078 -0.023973 -0.234363 0.045567 0.971081 0.129234 0.000000 0.000000 0.000000 1.000000
0.981286 -0.070381 0.179231 -0.142189 0.075180 0.996967 -0.020116 -0.023576 -0.177272 0.033214 0.983601 0.123422 0.000000 0.000000 0.000000 1.000000
0.987174 -0.082914 0.136427 -0.127312 0.084980 0.996339 -0.009374 -0.024273 -0.135151 0.020848 0.990606 0.116835 0.000000 0.000000 0.000000 1.000000
0.990049 -0.089555 0.108552 -0.115538 0.090104 0.995932 -0.000155 -0.025342 -0.108097 0.009935 0.994091 0.108634 0.000000 0.000000 0.000000 1.000000
0.991535 -0.093657 0.089926 -0.105344 0.093423 0.995603 0.006814 -0.026677 -0.090169 0.001644 0.995925 0.098848 0.000000 0.000000 0.000000 1.000000
0.992066 -0.098770 0.077780 -0.094798 0.098515 0.995110 0.007122 -0.027186 -0.078103 0.000597 0.996945 0.086652 0.000000 0.000000 0.000000 1.000000
0.991732 -0.105538 0.073006 -0.084808 0.105912 0.994375 -0.001273 -0.025978 -0.072461 0.008995 0.997331 0.071253 0.000000 0.000000 0.000000 1.000000
0.990658 -0.114015 0.074818 -0.075399 0.115232 0.993264 -0.012144 -0.025478 -0.072929 0.020652 0.997123 0.055671 0.000000 0.000000 0.000000 1.000000
0.989511 -0.120362 0.079876 -0.067122 0.122284 0.992301 -0.019611 -0.026391 -0.076901 0.029173 0.996612 0.042648 0.000000 0.000000 0.000000 1.000000
0.989216 -0.119011 0.085371 -0.061721 0.121712 0.992194 -0.027142 -0.026350 -0.081474 0.037240 0.995979 0.030554 0.000000 0.000000 0.000000 1.000000
0.989532 -0.112528 0.090351 -0.058290 0.116491 0.992392 -0.039841 -0.025775 -0.085180 0.049949 0.995113 0.016484 0.000000 0.000000 0.000000 1.000000
0.990307 -0.101485 0.094825 -0.056751 0.107067 0.992688 -0.055745 -0.026632 -0.088475 0.065357 0.993932 0.001399 0.000000 0.000000 0.000000 1.000000
0.990921 -0.088956 0.100804 -0.056356 0.095858 0.993216 -0.065822 -0.029573 -0.094265 0.074887 0.992727 -0.010973 0.000000 0.000000 0.000000 1.000000
0.990886 -0.074723 0.112079 -0.057277 0.082457 0.994405 -0.066033 -0.032862 -0.106518 0.074673 0.991503 -0.019130 0.000000 0.000000 0.000000 1.000000
0.989954 -0.060474 0.127806 -0.059160 0.068703 0.995771 -0.060995 -0.035029 -0.123576 0.069163 0.989922 -0.025442 0.000000 0.000000 0.000000 1.000000
0.988709 -0.048797 0.141681 -0.061116 0.057519 0.996651 -0.058130 -0.035901 -0.138370 0.065622 0.988204 -0.034342 0.000000 0.000000 0.000000 1.000000
0.987857 -0.041212 0.149804 -0.062244 0.050690 0.996910 -0.060016 -0.036032 -0.146867 0.066881 0.986893 -0.047245 0.000000 0.000000 0.000000 1.000000
0.987445 -0.039614 0.152914 -0.060942 0.049944 0.996679 -0.064314 -0.035358 -0.149859 0.071143 0.986144 -0.060721 0.000000 0.000000 0.000000 1.000000
0.987297 -0.037900 0.154298 -0.058843 0.049249 0.996302 -0.070407 -0.036296 -0.151059 0.077112 0.985513 -0.072286 0.000000 0.000000 0.000000 1.000000
0.987133 -0.033727 0.156302 -0.056134 0.046431 0.995844 -0.078352 -0.041925 -0.153010 0.084601 0.984597 -0.080518 0.000000 0.000000 0.000000 1.000000
0.987055 -0.030750 0.157406 -0.051876 0.044945 0.995156 -0.087429 -0.046201 -0.153955 0.093371 0.983656 -0.084557 0.000000 0.000000 0.000000 1.000000
0.987231 -0.026748 0.157034 -0.047781 0.042516 0.994285 -0.097926 -0.048970 -0.153517 0.103352 0.982726 -0.086532 0.000000 0.000000 0.000000 1.000000
0.987581 -0.021957 0.155571 -0.044015 0.039299 0.993232 -0.109292 -0.050954 -0.152118 0.114049 0.981760 -0.087142 0.000000 0.000000 0.000000 1.000000
0.988055 -0.015812 0.153286 -0.040719 0.034685 0.992017 -0.121244 -0.052035 -0.150145 0.125112 0.980716 -0.086837 0.000000 0.000000 0.000000 1.000000
0.988508 -0.007084 0.151005 -0.038690 0.027522 0.990641 -0.133693 -0.051917 -0.148645 0.136312 0.979451 -0.085304 0.000000 0.000000 0.000000 1.000000
0.988859 0.005024 0.148771 -0.038179 0.017003 0.989077 -0.146416 -0.050346 -0.147881 0.147315 0.977972 -0.083812 0.000000 0.000000 0.000000 1.000000
0.989187 0.015697 0.145814 -0.037311 0.007601 0.987431 -0.157866 -0.049111 -0.146459 0.157268 0.976635 -0.084229 0.000000 0.000000 0.000000 1.000000
0.989295 0.026420 0.143519 -0.036574 -0.001919 0.985745 -0.168233 -0.047665 -0.145918 0.166156 0.975244 -0.085093 0.000000 0.000000 0.000000 1.000000</float_array><technique_common><accessor source="#rigging_Yennefer-Matrix-animation-output-transform-array" count="122" stride="16"><param type="float4x4"/></accessor></technique_common></source><source id="rigging_Yennefer-Interpolations"><Name_array id="rigging_Yennefer-Interpolations-array" count="122">
 LINEAR LINEAR LINEAR LINEAR LINEAR LINEAR LINEAR LINEAR LINEAR LINEAR LINEAR
LINEAR LINEAR LINEAR LINEAR LINEAR LINEAR LINEAR LINEAR LINEAR LINEAR LINEAR LINEAR
LINEAR LINEAR LINEAR LINEAR LINEAR LINEAR LINEAR LINEAR LINEAR LINEAR LINEAR LINEAR
LINEAR LINEAR LINEAR LINEAR LINEAR LINEAR LINEAR LINEAR LINEAR LINEAR LINEAR LINEAR
LINEAR LINEAR LINEAR LINEAR LINEAR LINEAR LINEAR LINEAR LINEAR LINEAR LINEAR LINEAR
LINEAR LINEAR LINEAR LINEAR LINEAR LINEAR LINEAR LINEAR LINEAR LINEAR LINEAR LINEAR
LINEAR LINEAR LINEAR LINEAR LINEAR LINEAR LINEAR LINEAR LINEAR LINEAR LINEAR LINEAR
LINEAR LINEAR LINEAR LINEAR LINEAR LINEAR LINEAR LINEAR LINEAR LINEAR LINEAR LINEAR
LINEAR LINEAR LINEAR LINEAR LINEAR LINEAR LINEAR LINEAR LINEAR LINEAR LINEAR LINEAR
LINEAR LINEAR LINEAR LINEAR LINEAR LINEAR LINEAR LINEAR LINEAR LINEAR LINEAR LINEAR
