<?xml version="1.0" encoding="utf-8"?>
<COLLADA xmlns="http://www.collada.org/2005/11/COLLADASchema" version="1.4.1">
  <asset><contributor><author>Mixamo</author><authoring_tool>COLLADA Mixamo exporter</authoring_tool><comments></comments></contributor><created>2020-05-03T22:17:26Z</created><modified>2020-05-03T22:17:26Z</modified><revision></revision><title></title><unit meter="0.010000"/><up_axis>Y_UP</up_axis></asset>
  <library_geometries>
    <geometry id="rigging_body-lib" name="rigging_bodyMesh">
      <mesh>
        <source id="rigging_body-lib-Position" name="position">
          <float_array id="rigging_body-lib-Position-array" count="0"></float_array>
          <technique_common>
            <accessor count="0" source="#rigging_body-lib-Position-array" stride="3">
              <param name="X" type="float"/>
              <param name="Y" type="float"/>
              <param name="Z" type="float"/>
            </accessor>
          </technique_common>
        </source>
        <vertices id="rigging_body-lib-Vertex">
          <input semantic="POSITION" source="#rigging_body-lib-Position"/>
        </vertices>
      </mesh>
    </geometry>
    <geometry id="rigging_Cylinder001-lib" name="rigging_Cylinder001Mesh">
      <mesh>
        <source id="rigging_Cylinder001-lib-Position" name="position">
          <float_array id="rigging_Cylinder001-lib-Position-array" count="0"></float_array>
          <technique_common>
            <accessor count="0" source="#rigging_Cylinder001-lib-Position-array" stride="3">
              <param name="X" type="float"/>
              <param name="Y" type="float"/>
              <param name="Z" type="float"/>
            </accessor>
          </technique_common>
        </source>
        <vertices id="rigging_Cylinder001-lib-Vertex">
          <input semantic="POSITION" source="#rigging_Cylinder001-lib-Position"/>
        </vertices>
      </mesh>
    </geometry>
    <geometry id="rigging_eyebrowns-lib" name="rigging_eyebrownsMesh">
      <mesh>
        <source id="rigging_eyebrowns-lib-Position" name="position">
          <float_array id="rigging_eyebrowns-lib-Position-array" count="0"></float_array>
          <technique_common>
            <accessor count="0" source="#rigging_eyebrowns-lib-Position-array" stride="3">
              <param name="X" type="float"/>
              <param name="Y" type="float"/>
              <param name="Z" type="float"/>
            </accessor>
          </technique_common>
        </source>
        <vertices id="rigging_eyebrowns-lib-Vertex">
          <input semantic="POSITION" source="#rigging_eyebrowns-lib-Position"/>
        </vertices>
      </mesh>
    </geometry>
    <geometry id="rigging_eyebrowns001-lib" name="rigging_eyebrowns001Mesh">
      <mesh>
        <source id="rigging_eyebrowns001-lib-Position" name="position">
          <float_array id="rigging_eyebrowns001-lib-Position-array" count="0"></float_array>
          <technique_common>
            <accessor count="0" source="#rigging_eyebrowns001-lib-Position-array" stride="3">
              <param name="X" type="float"/>
              <param name="Y" type="float"/>
              <param name="Z" type="float"/>
            </accessor>
          </technique_common>
        </source>
        <vertices id="rigging_eyebrowns001-lib-Vertex">
          <input semantic="POSITION" source="#rigging_eyebrowns001-lib-Position"/>
        </vertices>
      </mesh>
    </geometry>
    <geometry id="rigging_hear-lib" name="rigging_hearMesh">
      <mesh>
        <source id="rigging_hear-lib-Position" name="position">
          <float_array id="rigging_hear-lib-Position-array" count="0"></float_array>
          <technique_common>
            <accessor count="0" source="#rigging_hear-lib-Position-array" stride="3">
              <param name="X" type="float"/>
              <param name="Y" type="float"/>
              <param name="Z" type="float"/>
            </accessor>
          </technique_common>
        </source>
        <vertices id="rigging_hear-lib-Vertex">
          <input semantic="POSITION" source="#rigging_hear-lib-Position"/>
        </vertices>
      </mesh>
    </geometry>
    <geometry id="rigging_Tube001-lib" name="rigging_Tube001Mesh">
      <mesh>
        <source id="rigging_Tube001-lib-Position" name="position">
          <float_array id="rigging_Tube001-lib-Position-array" count="0"></float_array>
          <technique_common>
            <accessor count="0" source="#rigging_Tube001-lib-Position-array" stride="3">
              <param name="X" type="float"/>
              <param name="Y" type="float"/>
              <param name="Z" type="float"/>
            </accessor>
          </technique_common>
        </source>
        <vertices id="rigging_Tube001-lib-Vertex">
          <input semantic="POSITION" source="#rigging_Tube001-lib-Position"/>
        </vertices>
      </mesh>
    </geometry>
  </library_geometries>
  <library_controllers>
    <controller id="rigging_bodyController">
      <skin source="#rigging_body-lib">
        <bind_shape_matrix>1.000000 -0.000000 0.000000 0.000000 0.000000 1.000000 -0.000000 0.000000 0.000000 0.000000 1.000000 0.000000 0.000000 0.000000 0.000000 1.000000
</bind_shape_matrix>
        <source id="rigging_bodyController-Joints">
          <Name_array id="rigging_bodyController-Joints-array" count="1">
 rigging_body</Name_array>
          <technique_common>
            <accessor source="#rigging_bodyController-Joints-array" count="1">
              <param type="name"/>
            </accessor>
          </technique_common>
        </source>
        <source id="rigging_bodyController-Matrices">
          <float_array id="rigging_bodyController-Matrices-array" count="32">

1.000000 0.000000 0.000000 -0.000000 -0.000000 1.000000 0.000000 -0.000000 0.000000 -0.000000 1.000000 -0.000000 0.000000 0.000000 0.000000 1.000000
1.000000 0.000000 0.000000 -0.000000 -0.000000 1.000000 0.000000 -0.000000 0.000000 -0.000000 1.000000 -0.000000 0.000000 0.000000 0.000000 1.000000</float_array>
          <technique_common>
            <accessor source="#rigging_bodyController-Matrices-array" count="2" stride="16">
              <param type="float4x4"/>
            </accessor>
          </technique_common>
        </source>
        <source id="rigging_bodyController-Weights">
          <float_array id="rigging_bodyController-Weights-array" count="1">

1.000000</float_array>
          <technique_common>
            <accessor source="#rigging_bodyController-Weights-array" count="1">
              <param type="float"/>
            </accessor>
          </technique_common>
        </source>
        <joints>
          <input semantic="JOINT" source="#rigging_bodyController-Joints"/>
          <input semantic="INV_BIND_MATRIX" source="#rigging_bodyController-Matrices"/>
        </joints>
        <vertex_weights count="0">
          <input semantic="JOINT" offset="0" source="#rigging_bodyController-Joints"/>
          <input semantic="WEIGHT" offset="1" source="#rigging_bodyController-Weights"/>
          <vcount></vcount>
          <v></v>
        </vertex_weights>
      </skin>
    </controller>
    <controller id="rigging_Cylinder001Controller">
      <skin source="#rigging_Cylinder001-lib">
        <bind_shape_matrix>1.000000 -0.000000 0.000000 0.000000 0.000000 1.000000 -0.000000 0.000000 0.000000 0.000000 1.000000 0.000000 0.000000 0.000000 0.000000 1.000000
</bind_shape_matrix>
        <source id="rigging_Cylinder001Controller-Joints">
          <Name_array id="rigging_Cylinder001Controller-Joints-array" count="1">
 rigging_Cylinder001</Name_array>
          <technique_common>
            <accessor source="#rigging_Cylinder001Controller-Joints-array" count="1">
              <param type="name"/>
            </accessor>
          </technique_common>
        </source>
        <source id="rigging_Cylinder001Controller-Matrices">
          <float_array id="rigging_Cylinder001Controller-Matrices-array" count="32">

1.000000 0.000000 0.000000 -0.000000 -0.000000 1.000000 0.000000 -0.000000 0.000000 -0.000000 1.000000 -0.000000 0.000000 0.000000 0.000000 1.000000
1.000000 0.000000 0.000000 -0.000000 -0.000000 1.000000 0.000000 -0.000000 0.000000 -0.000000 1.000000 -0.000000 0.000000 0.000000 0.000000 1.000000</float_array>
          <technique_common>
            <accessor source="#rigging_Cylinder001Controller-Matrices-array" count="2" stride="16">
              <param type="float4x4"/>
            </accessor>
          </technique_common>
        </source>
        <source id="rigging_Cylinder001Controller-Weights">
          <float_array id="rigging_Cylinder001Controller-Weights-array" count="1">

1.000000</float_array>
          <technique_common>
            <accessor source="#rigging_Cylinder001Controller-Weights-array" count="1">
              <param type="float"/>
            </accessor>
          </technique_common>
        </source>
        <joints>
          <input semantic="JOINT" source="#rigging_Cylinder001Controller-Joints"/>
          <input semantic="INV_BIND_MATRIX" source="#rigging_Cylinder001Controller-Matrices"/>
        </joints>
        <vertex_weights count="0">
          <input semantic="JOINT" offset="0" source="#rigging_Cylinder001Controller-Joints"/>
          <input semantic="WEIGHT" offset="1" source="#rigging_Cylinder001Controller-Weights"/>
          <vcount></vcount>
          <v></v>
        </vertex_weights>
      </skin>
    </controller>
    <controller id="rigging_eyebrownsController">
      <skin source="#rigging_eyebrowns-lib">
        <bind_shape_matrix>1.000000 -0.000000 0.000000 0.000000 0.000000 1.000000 -0.000000 0.000000 0.000000 0.000000 1.000000 0.000000 0.000000 0.000000 0.000000 1.000000
</bind_shape_matrix>
        <source id="rigging_eyebrownsController-Joints">
          <Name_array id="rigging_eyebrownsController-Joints-array" count="1">
 rigging_eyebrowns</Name_array>
          <technique_common>
            <accessor source="#rigging_eyebrownsController-Joints-array" count="1">
              <param type="name"/>
            </accessor>
          </technique_common>
        </source>
        <source id="rigging_eyebrownsController-Matrices">
          <float_array id="rigging_eyebrownsController-Matrices-array" count="32">

1.000000 0.000000 0.000000 -0.000000 -0.000000 1.000000 0.000000 -0.000000 0.000000 -0.000000 1.000000 -0.000000 0.000000 0.000000 0.000000 1.000000
1.000000 0.000000 0.000000 -0.000000 -0.000000 1.000000 0.000000 -0.000000 0.000000 -0.000000 1.000000 -0.000000 0.000000 0.000000 0.000000 1.000000</float_array>
          <technique_common>
            <accessor source="#rigging_eyebrownsController-Matrices-array" count="2" stride="16">
              <param type="float4x4"/>
            </accessor>
          </technique_common>
        </source>
        <source id="rigging_eyebrownsController-Weights">
          <float_array id="rigging_eyebrownsController-Weights-array" count="1">

1.000000</float_array>
          <technique_common>
            <accessor source="#rigging_eyebrownsController-Weights-array" count="1">
              <param type="float"/>
            </accessor>
          </technique_common>
        </source>
        <joints>
          <input semantic="JOINT" source="#rigging_eyebrownsController-Joints"/>
          <input semantic="INV_BIND_MATRIX" source="#rigging_eyebrownsController-Matrices"/>
        </joints>
        <vertex_weights count="0">
          <input semantic="JOINT" offset="0" source="#rigging_eyebrownsController-Joints"/>
          <input semantic="WEIGHT" offset="1" source="#rigging_eyebrownsController-Weights"/>
          <vcount></vcount>
          <v></v>
        </vertex_weights>
      </skin>
    </controller>
    <controller id="rigging_eyebrowns001Controller">
      <skin source="#rigging_eyebrowns001-lib">
        <bind_shape_matrix>1.000000 -0.000000 0.000000 0.000000 0.000000 1.000000 -0.000000 0.000000 0.000000 0.000000 1.000000 0.000000 0.000000 0.000000 0.000000 1.000000
</bind_shape_matrix>
        <source id="rigging_eyebrowns001Controller-Joints">
          <Name_array id="rigging_eyebrowns001Controller-Joints-array" count="1">
 rigging_eyebrowns001</Name_array>
          <technique_common>
            <accessor source="#rigging_eyebrowns001Controller-Joints-array" count="1">
              <param type="name"/>
            </accessor>
          </technique_common>
        </source>
        <source id="rigging_eyebrowns001Controller-Matrices">
          <float_array id="rigging_eyebrowns001Controller-Matrices-array" count="32">

1.000000 0.000000 0.000000 -0.000000 -0.000000 1.000000 0.000000 -0.000000 0.000000 -0.000000 1.000000 -0.000000 0.000000 0.000000 0.000000 1.000000
1.000000 0.000000 0.000000 -0.000000 -0.000000 1.000000 0.000000 -0.000000 0.000000 -0.000000 1.000000 -0.000000 0.000000 0.000000 0.000000 1.000000</float_array>
          <technique_common>
            <accessor source="#rigging_eyebrowns001Controller-Matrices-array" count="2" stride="16">
              <param type="float4x4"/>
            </accessor>
          </technique_common>
        </source>
        <source id="rigging_eyebrowns001Controller-Weights">
          <float_array id="rigging_eyebrowns001Controller-Weights-array" count="1">

1.000000</float_array>
          <technique_common>
            <accessor source="#rigging_eyebrowns001Controller-Weights-array" count="1">
              <param type="float"/>
            </accessor>
          </technique_common>
        </source>
        <joints>
          <input semantic="JOINT" source="#rigging_eyebrowns001Controller-Joints"/>
          <input semantic="INV_BIND_MATRIX" source="#rigging_eyebrowns001Controller-Matrices"/>
        </joints>
        <vertex_weights count="0">
          <input semantic="JOINT" offset="0" source="#rigging_eyebrowns001Controller-Joints"/>
          <input semantic="WEIGHT" offset="1" source="#rigging_eyebrowns001Controller-Weights"/>
          <vcount></vcount>
          <v></v>
        </vertex_weights>
      </skin>
    </controller>
    <controller id="rigging_hearController">
      <skin source="#rigging_hear-lib">
        <bind_shape_matrix>1.000000 -0.000000 0.000000 0.000000 0.000000 1.000000 -0.000000 0.000000 0.000000 0.000000 1.000000 0.000000 0.000000 0.000000 0.000000 1.000000
</bind_shape_matrix>
        <source id="rigging_hearController-Joints">
          <Name_array id="rigging_hearController-Joints-array" count="1">
 rigging_hear</Name_array>
          <technique_common>
            <accessor source="#rigging_hearController-Joints-array" count="1">
              <param type="name"/>
            </accessor>
          </technique_common>
        </source>
        <source id="rigging_hearController-Matrices">
          <float_array id="rigging_hearController-Matrices-array" count="32">

1.000000 0.000000 0.000000 -0.000000 -0.000000 1.000000 0.000000 -0.000000 0.000000 -0.000000 1.000000 -0.000000 0.000000 0.000000 0.000000 1.000000
1.000000 0.000000 0.000000 -0.000000 -0.000000 1.000000 0.000000 -0.000000 0.000000 -0.000000 1.000000 -0.000000 0.000000 0.000000 0.000000 1.000000</float_array>
          <technique_common>
            <accessor source="#rigging_hearController-Matrices-array" count="2" stride="16">
              <param type="float4x4"/>
            </accessor>
          </technique_common>
        </source>
        <source id="rigging_hearController-Weights">
          <float_array id="rigging_hearController-Weights-array" count="1">

1.000000</float_array>
          <technique_common>
            <accessor source="#rigging_hearController-Weights-array" count="1">
              <param type="float"/>
            </accessor>
          </technique_common>
        </source>
        <joints>
          <input semantic="JOINT" source="#rigging_hearController-Joints"/>
          <input semantic="INV_BIND_MATRIX" source="#rigging_hearController-Matrices"/>
        </joints>
        <vertex_weights count="0">
          <input semantic="JOINT" offset="0" source="#rigging_hearController-Joints"/>
          <input semantic="WEIGHT" offset="1" source="#rigging_hearController-Weights"/>
          <vcount></vcount>
          <v></v>
        </vertex_weights>
      </skin>
    </controller>
    <controller id="rigging_Tube001Controller">
      <skin source="#rigging_Tube001-lib">
        <bind_shape_matrix>1.000000 -0.000000 0.000000 0.000000 0.000000 1.000000 -0.000000 0.000000 0.000000 0.000000 1.000000 0.000000 0.000000 0.000000 0.000000 1.000000
</bind_shape_matrix>
        <source id="rigging_Tube001Controller-Joints">
          <Name_array id="rigging_Tube001Controller-Joints-array" count="1">
 rigging_Tube001</Name_array>
          <technique_common>
            <accessor source="#rigging_Tube001Controller-Joints-array" count="1">
              <param type="name"/>
            </accessor>
          </technique_common>
        </source>
        <source id="rigging_Tube001Controller-Matrices">
          <float_array id="rigging_Tube001Controller-Matrices-array" count="32">

1.000000 0.000000 0.000000 -0.000000 -0.000000 1.000000 0.000000 -0.000000 0.000000 -0.000000 1.000000 -0.000000 0.000000 0.000000 0.000000 1.000000
1.000000 0.000000 0.000000 -0.000000 -0.000000 1.000000 0.000000 -0.000000 0.000000 -0.000000 1.000000 -0.000000 0.000000 0.000000 0.000000 1.000000</float_array>
          <technique_common>
            <accessor source="#rigging_Tube001Controller-Matrices-array" count="2" stride="16">
              <param type="float4x4"/>
            </accessor>
          </technique_common>
        </source>
        <source id="rigging_Tube001Controller-Weights">
          <float_array id="rigging_Tube001Controller-Weights-array" count="1">

1.000000</float_array>
          <technique_common>
            <accessor source="#rigging_Tube001Controller-Weights-array" count="1">
              <param type="float"/>
            </accessor>
          </technique_common>
        </source>
        <joints>
          <input semantic="JOINT" source="#rigging_Tube001Controller-Joints"/>
          <input semantic="INV_BIND_MATRIX" source="#rigging_Tube001Controller-Matrices"/>
        </joints>
        <vertex_weights count="0">
          <input semantic="JOINT" offset="0" source="#rigging_Tube001Controller-Joints"/>
          <input semantic="WEIGHT" offset="1" source="#rigging_Tube001Controller-Weights"/>
          <vcount></vcount>
          <v></v>
        </vertex_weights>
      </skin>
    </controller>
  </library_controllers>
  <library_animations>
    <animation id="rigging_Yennefer-anim" name="rigging_Yennefer"><source id="rigging_Yennefer-Matrix-animation-input"><float_array id="rigging_Yennefer-Matrix-animation-input-array" count="70">

0.000000 0.033333 0.066667 0.100000 0.133333 0.166667 0.200000 0.233333 0.266667 0.300000 0.333333 0.366667 0.400000 0.433333 0.466667 0.500000
0.533333 0.566667 0.600000 0.633333 0.666667 0.700000 0.733333 0.766667 0.800000 0.833333 0.866667 0.900000 0.933333 0.966667 1.000000 1.033333
1.066667 1.100000 1.133333 1.166667 1.200000 1.233333 1.266667 1.300000 1.333333 1.366667 1.400000 1.433333 1.466667 1.500000 1.533333 1.566667
1.600000 1.633333 1.666667 1.700000 1.733333 1.766667 1.800000 1.833333 1.866667 1.900000 1.933333 1.966667 2.000000 2.033333 2.066667 2.100000
2.133333 2.166667 2.200000 2.233333 2.266667 2.300000</float_array><technique_common><accessor source="#rigging_Yennefer-Matrix-animation-input-array" count="70"><param name="TIME" type="float"/></accessor></technique_common></source><source id="rigging_Yennefer-Matrix-animation-output-transform"><float_array id="rigging_Yennefer-Matrix-animation-output-transform-array" count="1120">

0.522400 -0.064674 -0.850244 0.031270 0.084072 0.996168 -0.024119 -0.071610 0.848546 -0.058882 0.525836 -0.004538 0.000000 0.000000 0.000000 1.000000
0.524734 -0.063816 -0.848871 0.030717 0.078864 0.996542 -0.026168 -0.070598 0.847606 -0.053214 0.527952 -0.006945 0.000000 0.000000 0.000000 1.000000
0.528417 -0.062745 -0.846663 0.030029 0.072850 0.996938 -0.028414 -0.069542 0.845854 -0.046665 0.531370 -0.009762 0.000000 0.000000 0.000000 1.000000
0.538749 -0.060294 -0.840306 0.028488 0.063414 0.997508 -0.030916 -0.068460 0.840076 -0.036631 0.541230 -0.013994 0.000000 0.000000 0.000000 1.000000
0.558837 -0.055272 -0.827433 0.024394 0.056022 0.998013 -0.028830 -0.070036 0.827383 -0.030243 0.560824 -0.016747 0.000000 0.000000 0.000000 1.000000
0.595007 -0.076175 -0.800103 0.030107 0.066074 0.996765 -0.045762 -0.072975 0.801000 -0.025638 0.598115 -0.018865 0.000000 0.000000 0.000000 1.000000
0.624796 -0.109731 -0.773039 0.042103 0.090677 0.993573 -0.067747 -0.079505 0.775505 -0.027768 0.630731 -0.018478 0.000000 0.000000 0.000000 1.000000
0.656238 -0.122647 -0.744519 0.044465 0.109369 0.991742 -0.066972 -0.091709 0.746585 -0.037478 0.664233 -0.015465 0.000000 0.000000 0.000000 1.000000
0.690436 -0.133540 -0.710961 0.045254 0.124128 0.990107 -0.065428 -0.107066 0.712665 -0.043076 0.700181 -0.014286 0.000000 0.000000 0.000000 1.000000
0.732631 -0.146907 -0.664583 0.045392 0.131862 0.988565 -0.073159 -0.123330 0.667731 -0.034035 0.743624 -0.019844 0.000000 0.000000 0.000000 1.000000
0.785068 -0.164294 -0.597223 0.045094 0.134342 0.986394 -0.094756 -0.138571 0.604666 -0.005842 0.796458 -0.033602 0.000000 0.000000 0.000000 1.000000
0.834801 -0.181163 -0.519891 0.044976 0.146821 0.983368 -0.106914 -0.152317 0.530614 0.012921 0.847515 -0.042504 0.000000 0.000000 0.000000 1.000000
0.868361 -0.195381 -0.455823 0.046273 0.163270 0.980514 -0.109247 -0.164217 0.468286 0.020444 0.883341 -0.046245 0.000000 0.000000 0.000000 1.000000
0.884483 -0.203832 -0.419692 0.047660 0.168792 0.978387 -0.119451 -0.173933 0.434969 0.034812 0.899772 -0.052868 0.000000 0.000000 0.000000 1.000000
0.896134 -0.208509 -0.391749 0.047748 0.169729 0.976668 -0.131576 -0.182361 0.410044 0.051419 0.910615 -0.060630 0.000000 0.000000 0.000000 1.000000
0.907942 -0.215366 -0.359526 0.048662 0.175688 0.974435 -0.140034 -0.188651 0.380494 0.063978 0.922568 -0.067232 0.000000 0.000000 0.000000 1.000000
0.922722 -0.218185 -0.317772 0.047156 0.182518 0.973416 -0.138375 -0.193259 0.339515 0.069682 0.938016 -0.070804 0.000000 0.000000 0.000000 1.000000
0.939422 -0.216130 -0.266034 0.042172 0.187224 0.973689 -0.129912 -0.195691 0.287112 0.072234 0.955170 -0.072411 0.000000 0.000000 0.000000 1.000000
0.956997 -0.213661 -0.196229 0.035049 0.192662 0.973812 -0.120715 -0.195398 0.216882 0.077718 0.973099 -0.073890 0.000000 0.000000 0.000000 1.000000
0.972698 -0.208991 -0.100902 0.024336 0.199125 0.974893 -0.099659 -0.193001 0.119196 0.076846 0.989892 -0.070428 0.000000 0.000000 0.000000 1.000000
0.980650 -0.194388 0.023227 0.006806 0.195510 0.978546 -0.064992 -0.189439 -0.010095 0.068275 0.997615 -0.060811 0.000000 0.000000 0.000000 1.000000
0.969540 -0.172889 0.173495 -0.015513 0.176829 0.984214 -0.007398 -0.184538 -0.169478 0.037852 0.984807 -0.038619 0.000000 0.000000 0.000000 1.000000
0.925381 -0.162443 0.342465 -0.033233 0.148625 0.986662 0.066404 -0.177186 -0.348684 -0.010550 0.937181 -0.004246 0.000000 0.000000 0.000000 1.000000
0.849786 -0.171319 0.498511 -0.040249 0.113982 0.983059 0.143541 -0.167041 -0.514656 -0.065158 0.854917 0.035992 0.000000 0.000000 0.000000 1.000000
0.763637 -0.192924 0.616149 -0.037236 0.084098 0.975905 0.201339 -0.152306 -0.640146 -0.101933 0.761461 0.068598 0.000000 0.000000 0.000000 1.000000
0.696380 -0.198957 0.689544 -0.036583 0.061684 0.973842 0.218692 -0.137078 -0.715017 -0.109759 0.690437 0.085781 0.000000 0.000000 0.000000 1.000000
0.676359 -0.190403 0.711537 -0.039344 0.047260 0.975239 0.216045 -0.122392 -0.735054 -0.112496 0.668610 0.094500 0.000000 0.000000 0.000000 1.000000
0.685566 -0.175403 0.706564 -0.043049 0.046696 0.979138 0.197760 -0.109829 -0.726512 -0.102584 0.679454 0.093799 0.000000 0.000000 0.000000 1.000000
0.679731 -0.150446 0.717866 -0.052452 0.048970 0.985862 0.160242 -0.099139 -0.731825 -0.073767 0.677489 0.086069 0.000000 0.000000 0.000000 1.000000
0.652799 -0.132364 0.745877 -0.061096 0.046659 0.989772 0.134809 -0.089196 -0.756093 -0.053201 0.652299 0.083673 0.000000 0.000000 0.000000 1.000000
0.625103 -0.121069 0.771096 -0.067588 0.032023 0.991043 0.129643 -0.080478 -0.779885 -0.056347 0.623381 0.091012 0.000000 0.000000 0.000000 1.000000
0.594990 -0.110911 0.796044 -0.073909 0.000476 0.990481 0.137646 -0.073642 -0.803733 -0.081519 0.589379 0.107227 0.000000 0.000000 0.000000 1.000000
0.571911 -0.107408 0.813254 -0.077247 -0.031022 0.987850 0.152284 -0.068648 -0.819729 -0.112322 0.561630 0.123722 0.000000 0.000000 0.000000 1.000000
0.563926 -0.106277 0.818958 -0.079044 -0.046484 0.986027 0.159966 -0.066311 -0.824516 -0.128278 0.551106 0.131184 0.000000 0.000000 0.000000 1.000000
0.561607 -0.102141 0.821076 -0.082119 -0.052074 0.986020 0.158278 -0.065254 -0.825764 -0.131647 0.548437 0.132114 0.000000 0.000000 0.000000 1.000000
0.561165 -0.097598 0.821930 -0.085454 -0.053716 0.986636 0.153830 -0.065173 -0.825959 -0.130475 0.548423 0.130136 0.000000 0.000000 0.000000 1.000000
0.559418 -0.092347 0.823726 -0.088972 -0.049182 0.988325 0.144202 -0.065768 -0.827425 -0.121182 0.548345 0.124553 0.000000 0.000000 0.000000 1.000000
0.564741 -0.091988 0.820125 -0.089915 -0.034555 0.990261 0.134865 -0.066866 -0.824544 -0.104504 0.556062 0.114673 0.000000 0.000000 0.000000 1.000000
0.581870 -0.096051 0.807590 -0.088104 -0.016697 0.991381 0.129940 -0.068168 -0.813110 -0.089093 0.575251 0.103820 0.000000 0.000000 0.000000 1.000000
0.613858 -0.096802 0.783459 -0.086685 -0.008528 0.991582 0.129199 -0.069448 -0.789371 -0.085991 0.607865 0.096327 0.000000 0.000000 0.000000 1.000000
0.660982 -0.096329 0.744193 -0.084850 -0.007329 0.990850 0.134767 -0.070768 -0.750366 -0.094532 0.654228 0.092318 0.000000 0.000000 0.000000 1.000000
0.718627 -0.095556 0.688799 -0.082164 -0.002919 0.990091 0.140398 -0.072130 -0.695390 -0.102904 0.711227 0.087434 0.000000 0.000000 0.000000 1.000000
0.778913 -0.090897 0.620509 -0.080332 0.004100 0.990157 0.139901 -0.074169 -0.627118 -0.106427 0.771619 0.080277 0.000000 0.000000 0.000000 1.000000
0.836116 -0.085952 0.541777 -0.077919 0.012305 0.990338 0.138125 -0.076120 -0.548414 -0.108822 0.829096 0.072372 0.000000 0.000000 0.000000 1.000000
0.887617 -0.082503 0.453133 -0.074073 0.022823 0.990496 0.135636 -0.077897 -0.460016 -0.110051 0.881064 0.064233 0.000000 0.000000 0.000000 1.000000
0.932630 -0.081061 0.351612 -0.068178 0.037221 0.990853 0.129707 -0.079688 -0.358910 -0.107882 0.927117 0.054433 0.000000 0.000000 0.000000 1.000000
0.966574 -0.080201 0.243520 -0.061111 0.051552 0.991211 0.121829 -0.080868 -0.251150 -0.105203 0.962214 0.044739 0.000000 0.000000 0.000000 1.000000
0.986965 -0.084853 0.136747 -0.050976 0.070157 0.991571 0.108929 -0.081493 -0.144837 -0.097915 0.984599 0.033926 0.000000 0.000000 0.000000 1.000000
0.994807 -0.096622 0.031997 -0.037552 0.093502 0.991746 0.087733 -0.081735 -0.040209 -0.084285 0.995630 0.021377 0.000000 0.000000 0.000000 1.000000
0.992262 -0.103460 -0.068639 -0.026373 0.108092 0.991840 0.067604 -0.081161 0.061085 -0.074500 0.995348 0.011631 0.000000 0.000000 0.000000 1.000000
0.981462 -0.102490 -0.161951 -0.018940 0.111131 0.992777 0.045203 -0.079661 0.156149 -0.062363 0.985763 0.002505 0.000000 0.000000 0.000000 1.000000
0.963332 -0.101872 -0.248222 -0.011821 0.110855 0.993583 0.022446 -0.077857 0.244343 -0.049139 0.968443 -0.005808 0.000000 0.000000 0.000000 1.000000
0.938113 -0.101302 -0.331182 -0.005100 0.108690 0.994068 0.003812 -0.076338 0.328831 -0.039572 0.943559 -0.011786 0.000000 0.000000 0.000000 1.000000
0.908124 -0.100339 -0.406500 0.000690 0.105761 0.994349 -0.009172 -0.074884 0.405124 -0.034662 0.913605 -0.014899 0.000000 0.000000 0.000000 1.000000
0.871922 -0.097757 -0.479786 0.005457 0.101365 0.994678 -0.018455 -0.073660 0.479037 -0.032542 0.877191 -0.015972 0.000000 0.000000 0.000000 1.000000
0.828021 -0.091435 -0.553191 0.008838 0.091709 0.995413 -0.027256 -0.072384 0.553146 -0.028164 0.832608 -0.017372 0.000000 0.000000 0.000000 1.000000
0.780580 -0.088902 -0.618701 0.013418 0.084345 0.995762 -0.036670 -0.070964 0.619339 -0.023561 0.784770 -0.018558 0.000000 0.000000 0.000000 1.000000
0.734244 -0.096001 -0.672063 0.021331 0.087831 0.995064 -0.046183 -0.069105 0.673180 -0.025119 0.739052 -0.017008 0.000000 0.000000 0.000000 1.000000
0.697067 -0.098356 -0.710228 0.026087 0.090016 0.994714 -0.049405 -0.067426 0.711333 -0.029493 0.702236 -0.014513 0.000000 0.000000 0.000000 1.000000
0.673160 -0.095476 -0.733308 0.027483 0.086613 0.994985 -0.050037 -0.065999 0.734408 -0.029830 0.678053 -0.014265 0.000000 0.000000 0.000000 1.000000
0.650711 -0.096124 -0.753217 0.030047 0.085673 0.994915 -0.052955 -0.064755 0.754477 -0.030072 0.655638 -0.014334 0.000000 0.000000 0.000000 1.000000
0.625511 -0.093627 -0.774577 0.031423 0.085012 0.995042 -0.051625 -0.064247 0.775570 -0.033556 0.630369 -0.012995 0.000000 0.000000 0.000000 1.000000
0.602912 -0.085882 -0.793172 0.030323 0.082801 0.995556 -0.044857 -0.064661 0.793499 -0.038630 0.607344 -0.010975 0.000000 0.000000 0.000000 1.000000
0.584699 -0.079555 -0.807340 0.029631 0.082557 0.995849 -0.038340 -0.065544 0.807039 -0.044235 0.588839 -0.008770 0.000000 0.000000 0.000000 1.000000
0.565235 -0.075134 -0.821501 0.029884 0.082510 0.995999 -0.034323 -0.066476 0.820793 -0.048382 0.569173 -0.006892 0.000000 0.000000 0.000000 1.000000
0.547220 -0.072248 -0.833865 0.030446 0.080540 0.996190 -0.033458 -0.067498 0.833105 -0.048850 0.550954 -0.006884 0.000000 0.000000 0.000000 1.000000
0.535370 -0.069646 -0.841741 0.030785 0.081240 0.996220 -0.030756 -0.068685 0.840701 -0.051917 0.539005 -0.006203 0.000000 0.000000 0.000000 1.000000
0.528082 -0.066655 -0.846573 0.030818 0.082824 0.996205 -0.026772 -0.070126 0.845145 -0.055979 0.531598 -0.005200 0.000000 0.000000 0.000000 1.000000
0.525357 -0.065884 -0.848327 0.031110 0.083299 0.996191 -0.025782 -0.070789 0.846795 -0.057120 0.528844 -0.005032 0.000000 0.000000 0.000000 1.000000
0.522400 -0.064674 -0.850244 0.031270 0.084072 0.996168 -0.024119 -0.071610 0.848546 -0.058882 0.525836 -0.004538 0.000000 0.000000 0.000000 1.000000</float_array><technique_common><accessor source="#rigging_Yennefer-Matrix-animation-output-transform-array" count="70" stride="16"><param type="float4x4"/></accessor></technique_common></source><source id="rigging_Yennefer-Interpolations"><Name_array id="rigging_Yennefer-Interpolations-array" count="70">
 LINEAR LINEAR LINEAR LINEAR LINEAR LINEAR LINEAR LINEAR LINEAR LINEAR LINEAR
LINEAR LINEAR LINEAR LINEAR LINEAR LINEAR LINEAR LINEAR LINEAR LINEAR LINEAR LINEAR
LINEAR LINEAR LINEAR LINEAR LINEAR LINEAR LINEAR LINEAR LINEAR LINEAR LINEAR LINEAR
LINEAR LINEAR LINEAR LINEAR LINEAR LINEAR LINEAR LINEAR LINEAR LINEAR LINEAR LINEAR
LINEAR LINEAR LINEAR LINEAR LINEAR LINEAR LINEAR LINEAR LINEAR LINEAR LINEAR LINEAR
LINEAR LINEAR LINEAR LINEAR LINEAR LINEAR LINEAR LINEAR LINEAR LINEAR LINEAR</Name_array><technique_common><accessor source="#rigging_Yennefer-Interpolations-array" count="70"><param type="name"/></accessor></technique_common></source><sampler id="rigging_Yennefer-Matrix-animation-transform"><input semantic="INPUT" source="#rigging_Yennefer-Matrix-animation-input"/><input semantic="OUTPUT" source="#rigging_Yennefer-Matrix-animation-output-transform"/><input semantic="INTERPOLATION" source="#rigging_Yennefer-Interpolations"/></sampler><channel source="#rigging_Yennefer-Matrix-animation-transform" target="rigging_Yennefer/matrix"/></animation>
    <animation id="rigging_meshes-anim" name="rigging_meshes"><source id="rigging_meshes-Matrix-animation-input"><float_array id="rigging_meshes-Matrix-animation-input-array" count="70">

0.000000 0.033333 0.066667 0.100000 0.133333 0.166667 0.200000 0.233333 0.266667 0.300000 0.333333 0.366667 0.400000 0.433333 0.466667 0.500000
0.533333 0.566667 0.600000 0.633333 0.666667 0.700000 0.733333 0.766667 0.800000 0.833333 0.866667 0.900000 0.933333 0.966667 1.000000 1.033333
1.066667 1.100000 1.133333 1.166667 1.200000 1.233333 1.266667 1.300000 1.333333 1.366667 1.400000 1.433333 1.466667 1.500000 1.533333 1.566667
1.600000 1.633333 1.666667 1.700000 1.733333 1.766667 1.800000 1.833333 1.866667 1.900000 1.933333 1.966667 2.000000 2.033333 2.066667 2.100000
2.133333 2.166667 2.200000 2.233333 2.266667 2.300000</float_array><technique_common><accessor source="#rigging_meshes-Matrix-animation-input-array" count="70"><param name="TIME" type="float"/></accessor></technique_common></source><source id="rigging_meshes-Matrix-animation-output-transform"><float_array id="rigging_meshes-Matrix-animation-output-transform-array" count="1120">

1.000000 -0.000000 0.000000 0.000000 0.000000 1.000000 0.000000 0.000000 0.000000 0.000000 1.000000 0.000000 0.000000 0.000000 0.000000 1.000000
1.000000 -0.000000 0.000000 0.000000 -0.000000 1.000000 0.000000 0.000000 0.000000 0.000000 1.000000 0.000000 0.000000 0.000000 0.000000 1.000000
1.000000 0.000000 0.000000 0.000000 -0.000000 1.000000 -0.000000 0.000000 0.000000 -0.000000 1.000000 0.000000 0.000000 0.000000 0.000000 1.000000
1.000000 0.000000 0.000000 0.000000 0.000000 1.000000 0.000000 0.000000 0.000000 0.000000 1.000000 0.000000 0.000000 0.000000 0.000000 1.000000
1.000000 0.000000 0.000000 0.000000 -0.000000 1.000000 0.000000 0.000000 0.000000 -0.000000 1.000000 0.000000 0.000000 0.000000 0.000000 1.000000
1.000000 0.000000 0.000000 0.000000 0.000000 1.000000 -0.000000 0.000000 0.000000 0.000000 1.000000 0.000000 0.000000 0.000000 0.000000 1.000000
1.000000 -0.000000 0.000000 0.000000 0.000000 1.000000 0.000000 0.000000 -0.000000 -0.000000 1.000000 0.000000 0.000000 0.000000 0.000000 1.000000
1.000000 0.000000 0.000000 0.000000 -0.000000 1.000000 0.000000 0.000000 0.000000 0.000000 1.000000 0.000000 0.000000 0.000000 0.000000 1.000000
1.000000 0.000000 0.000000 0.000000 0.000000 1.000000 0.000000 0.000000 0.000000 -0.000000 1.000000 0.000000 0.000000 0.000000 0.000000 1.000000
1.000000 -0.000000 0.000000 0.000000 0.000000 1.000000 0.000000 0.000000 -0.000000 0.000000 1.000000 0.000000 0.000000 0.000000 0.000000 1.000000
1.000000 0.000000 0.000000 0.000000 0.000000 1.000000 0.000000 0.000000 0.000000 -0.000000 1.000000 0.000000 0.000000 0.000000 0.000000 1.000000
1.000000 -0.000000 -0.000000 0.000000 -0.000000 1.000000 0.000000 0.000000 0.000000 0.000000 1.000000 0.000000 0.000000 0.000000 0.000000 1.000000
1.000000 -0.000000 0.000000 0.000000 0.000000 1.000000 0.000000 0.000000 0.000000 -0.000000 1.000000 0.000000 0.000000 0.000000 0.000000 1.000000
1.000000 0.000000 -0.000000 0.000000 -0.000000 1.000000 -0.000000 0.000000 0.000000 -0.000000 1.000000 0.000000 0.000000 0.000000 0.000000 1.000000
1.000000 0.000000 -0.000000 0.000000 0.000000 1.000000 -0.000000 0.000000 0.000000 -0.000000 1.000000 0.000000 0.000000 0.000000 0.000000 1.000000
1.000000 -0.000000 0.000000 0.000000 0.000000 1.000000 -0.000000 0.000000 0.000000 -0.000000 1.000000 0.000000 0.000000 0.000000 0.000000 1.000000
1.000000 -0.000000 0.000000 0.000000 0.000000 1.000000 0.000000 0.000000 0.000000 -0.000000 1.000000 0.000000 0.000000 0.000000 0.000000 1.000000
1.000000 -0.000000 0.000000 0.000000 0.000000 1.000000 -0.000000 0.000000 0.000000 0.000000 1.000000 0.000000 0.000000 0.000000 0.000000 1.000000
1.000000 0.000000 0.000000 0.000000 -0.000000 1.000000 0.000000 0.000000 -0.000000 0.000000 1.000000 0.000000 0.000000 0.000000 0.000000 1.000000
1.000000 -0.000000 -0.000000 0.000000 0.000000 1.000000 -0.000000 0.000000 0.000000 0.000000 1.000000 0.000000 0.000000 0.000000 0.000000 1.000000
1.000000 -0.000000 0.000000 0.000000 0.000000 1.000000 0.000000 0.000000 0.000000 0.000000 1.000000 0.000000 0.000000 0.000000 0.000000 1.000000
1.000000 0.000000 0.000000 0.000000 0.000000 1.000000 -0.000000 0.000000 0.000000 -0.000000 1.000000 0.000000 0.000000 0.000000 0.000000 1.000000
1.000000 0.000000 -0.000000 0.000000 -0.000000 1.000000 -0.000000 0.000000 0.000000 0.000000 1.000000 0.000000 0.000000 0.000000 0.000000 1.000000
1.000000 -0.000000 -0.000000 0.000000 0.000000 1.000000 0.000000 0.000000 -0.000000 0.000000 1.000000 0.000000 0.000000 0.000000 0.000000 1.000000
1.000000 0.000000 0.000000 0.000000 -0.000000 1.000000 -0.000000 0.000000 0.000000 -0.000000 1.000000 0.000000 0.000000 0.000000 0.000000 1.000000
1.000000 0.000000 0.000000 0.000000 0.000000 1.000000 0.000000 0.000000 0.000000 0.000000 1.000000 0.000000 0.000000 0.000000 0.000000 1.000000
1.000000 0.000000 -0.000000 0.000000 -0.000000 1.000000 0.000000 0.000000 -0.000000 0.000000 1.000000 0.000000 0.000000 0.000000 0.000000 1.000000
1.000000 0.000000 -0.000000 0.000000 0.000000 1.000000 0.000000 0.000000 0.000000 0.000000 1.000000 0.000000 0.000000 0.000000 0.000000 1.000000
1.000000 -0.000000 -0.000000 0.000000 -0.000000 1.000000 0.000000 0.000000 -0.000000 -0.000000 1.000000 0.000000 0.000000 0.000000 0.000000 1.000000
1.000000 0.000000 -0.000000 0.000000 -0.000000 1.000000 0.000000 0.000000 0.000000 0.000000 1.000000 0.000000 0.000000 0.000000 0.000000 1.000000
1.000000 0.000000 -0.000000 0.000000 0.000000 1.000000 0.000000 0.000000 -0.000000 -0.000000 1.000000 0.000000 0.000000 0.000000 0.000000 1.000000
1.000000 -0.000000 -0.000000 0.000000 0.000000 1.000000 0.000000 0.000000 -0.000000 -0.000000 1.000000 0.000000 0.000000 0.000000 0.000000 1.000000
1.000000 -0.000000 0.000000 0.000000 -0.000000 1.000000 0.000000 0.000000 0.000000 -0.000000 1.000000 0.000000 0.000000 0.000000 0.000000 1.000000
1.000000 0.000000 0.000000 0.000000 -0.000000 1.000000 -0.000000 0.000000 0.000000 -0.000000 1.000000 0.000000 0.000000 0.000000 0.000000 1.000000
1.000000 0.000000 -0.000000 0.000000 -0.000000 1.000000 0.000000 0.000000 -0.000000 -0.000000 1.000000 0.000000 0.000000 0.000000 0.000000 1.000000
1.000000 -0.000000 -0.000000 0.000000 0.000000 1.000000 -0.000000 0.000000 0.000000 0.000000 1.000000 0.000000 0.000000 0.000000 0.000000 1.000000
1.000000 0.000000 -0.000000 0.000000 0.000000 1.000000 -0.000000 0.000000 -0.000000 -0.000000 1.000000 0.000000 0.000000 0.000000 0.000000 1.000000
1.000000 0.000000 0.000000 0.000000 0.000000 1.000000 0.000000 0.000000 -0.000000 0.000000 1.000000 0.000000 0.000000 0.000000 0.000000 1.000000
1.000000 -0.000000 0.000000 0.000000 0.000000 1.000000 -0.000000 0.000000 -0.000000 0.000000 1.000000 0.000000 0.000000 0.000000 0.000000 1.000000
1.000000 0.000000 -0.000000 0.000000 0.000000 1.000000 0.000000 0.000000 0.000000 -0.000000 1.000000 0.000000 0.000000 0.000000 0.000000 1.000000
1.000000 0.000000 -0.000000 0.000000 0.000000 1.000000 -0.000000 0.000000 -0.000000 -0.000000 1.000000 0.000000 0.000000 0.000000 0.000000 1.000000
1.000000 -0.000000 0.000000 0.000000 0.000000 1.000000 0.000000 0.000000 0.000000 -0.000000 1.000000 0.000000 0.000000 0.000000 0.000000 1.000000
1.000000 0.000000 0.000000 0.000000 -0.000000 1.000000 -0.000000 0.000000 -0.000000 -0.000000 1.000000 0.000000 0.000000 0.000000 0.000000 1.000000
1.000000 -0.000000 -0.000000 0.000000 0.000000 1.000000 -0.000000 0.000000 0.000000 -0.000000 1.000000 0.000000 0.000000 0.000000 0.000000 1.000000
1.000000 -0.000000 0.000000 0.000000 -0.000000 1.000000 -0.000000 0.000000 0.000000 0.000000 1.000000 0.000000 0.000000 0.000000 0.000000 1.000000
1.000000 -0.000000 0.000000 0.000000 0.000000 1.000000 0.000000 0.000000 0.000000 -0.000000 1.000000 0.000000 0.000000 0.000000 0.000000 1.000000
1.000000 0.000000 0.000000 0.000000 -0.000000 1.000000 0.000000 0.000000 0.000000 0.000000 1.000000 0.000000 0.000000 0.000000 0.000000 1.000000
1.000000 -0.000000 0.000000 0.000000 -0.000000 1.000000 0.000000 0.000000 0.000000 0.000000 1.000000 0.000000 0.000000 0.000000 0.000000 1.000000
1.000000 -0.000000 0.000000 0.000000 -0.000000 1.000000 -0.000000 0.000000 0.000000 0.000000 1.000000 0.000000 0.000000 0.000000 0.000000 1.000000
