<?xml version="1.0" encoding="utf-8"?>
<COLLADA xmlns="http://www.collada.org/2005/11/COLLADASchema" version="1.4.1">
  <asset><contributor><author>Mixamo</author><authoring_tool>COLLADA Mixamo exporter</authoring_tool><comments></comments></contributor><created>2020-05-24T11:07:09Z</created><modified>2020-05-24T11:07:09Z</modified><revision></revision><title></title><unit meter="0.010000"/><up_axis>Y_UP</up_axis></asset>
  <library_animations>
    <animation id="mixamorig_Hips-anim" name="mixamorig_Hips"><source id="mixamorig_Hips-Matrix-animation-input"><float_array id="mixamorig_Hips-Matrix-animation-input-array" count="134">

0.000000 0.033333 0.066667 0.100000 0.133333 0.166667 0.200000 0.233333 0.266667 0.300000 0.333333 0.366667 0.400000 0.433333 0.466667 0.500000
0.533333 0.566667 0.600000 0.633333 0.666667 0.700000 0.733333 0.766667 0.800000 0.833333 0.866667 0.900000 0.933333 0.966667 1.000000 1.033333
1.066667 1.100000 1.133333 1.166667 1.200000 1.233333 1.266667 1.300000 1.333333 1.366667 1.400000 1.433333 1.466667 1.500000 1.533333 1.566667
1.600000 1.633333 1.666667 1.700000 1.733333 1.766667 1.800000 1.833333 1.866667 1.900000 1.933333 1.966667 2.000000 2.033333 2.066667 2.100000
2.133333 2.166667 2.200000 2.233333 2.266667 2.300000 2.333333 2.366667 2.400000 2.433333 2.466667 2.500000 2.533333 2.566667 2.600000 2.633333
2.666667 2.700000 2.733333 2.766667 2.800000 2.833333 2.866667 2.900000 2.933333 2.966667 3.000000 3.033333 3.066667 3.100000 3.133333 3.166667
3.200000 3.233333 3.266667 3.300000 3.333333 3.366667 3.400000 3.433333 3.466667 3.500000 3.533333 3.566667 3.600000 3.633333 3.666667 3.700000
3.733333 3.766667 3.800000 3.833333 3.866667 3.900000 3.933333 3.966667 4.000000 4.033333 4.066667 4.100000 4.133333 4.166667 4.200000 4.233333
4.266667 4.300000 4.333333 4.366667 4.400000 4.433333</float_array><technique_common><accessor source="#mixamorig_Hips-Matrix-animation-input-array" count="134"><param name="TIME" type="float"/></accessor></technique_common></source><source id="mixamorig_Hips-Matrix-animation-output-transform"><float_array id="mixamorig_Hips-Matrix-animation-output-transform-array" count="2144">

0.989912 0.043808 0.134744 1.045711 -0.048510 0.998316 0.031813 57.610130 -0.133123 -0.038029 0.990370 -1.534858 0.000000 0.000000 0.000000 1.000000
0.990093 0.044021 0.133334 1.064841 -0.048763 0.998281 0.032512 57.602051 -0.131673 -0.038691 0.990538 -1.559969 0.000000 0.000000 0.000000 1.000000
0.990143 0.044225 0.132892 1.082679 -0.049063 0.998238 0.033359 57.595512 -0.131183 -0.039550 0.990569 -1.582503 0.000000 0.000000 0.000000 1.000000
0.990121 0.044295 0.133036 1.101247 -0.049262 0.998197 0.034279 57.589600 -0.131277 -0.040494 0.990518 -1.597493 0.000000 0.000000 0.000000 1.000000
0.990071 0.044228 0.133428 1.122566 -0.049377 0.998148 0.035534 57.581436 -0.131609 -0.041769 0.990421 -1.604525 0.000000 0.000000 0.000000 1.000000
0.989991 0.044060 0.134079 1.146578 -0.049482 0.998075 0.037377 57.569237 -0.132174 -0.043638 0.990266 -1.606439 0.000000 0.000000 0.000000 1.000000
0.989857 0.043814 0.135145 1.171646 -0.049600 0.997978 0.039741 57.554211 -0.133131 -0.046041 0.990028 -1.605717 0.000000 0.000000 0.000000 1.000000
0.989666 0.043610 0.136596 1.195507 -0.049805 0.997864 0.042264 57.539070 -0.134461 -0.048631 0.989725 -1.604298 0.000000 0.000000 0.000000 1.000000
0.989455 0.043627 0.138111 1.216601 -0.050214 0.997744 0.044570 57.524982 -0.135855 -0.051035 0.989413 -1.603216 0.000000 0.000000 0.000000 1.000000
0.989278 0.043955 0.139275 1.233850 -0.050867 0.997624 0.046465 57.512371 -0.136901 -0.053051 0.989163 -1.600752 0.000000 0.000000 0.000000 1.000000
0.989179 0.044573 0.139776 1.246121 -0.051716 0.997513 0.047894 57.503548 -0.137293 -0.054604 0.989024 -1.592911 0.000000 0.000000 0.000000 1.000000
0.989189 0.045421 0.139432 1.253711 -0.052692 0.997412 0.048908 57.499893 -0.136849 -0.055726 0.989023 -1.577320 0.000000 0.000000 0.000000 1.000000
0.989335 0.046376 0.138081 1.259018 -0.053685 0.997321 0.049685 57.499500 -0.135407 -0.056568 0.989174 -1.555633 0.000000 0.000000 0.000000 1.000000
0.989649 0.047213 0.135520 1.264465 -0.054475 0.997243 0.050386 57.500183 -0.132767 -0.057247 0.989493 -1.530505 0.000000 0.000000 0.000000 1.000000
0.990144 0.047811 0.131643 1.270408 -0.054937 0.997185 0.051038 57.501751 -0.128832 -0.057767 0.989982 -1.501547 0.000000 0.000000 0.000000 1.000000
0.990765 0.048286 0.126701 1.276151 -0.055209 0.997135 0.051712 57.503670 -0.123841 -0.058229 0.990592 -1.467626 0.000000 0.000000 0.000000 1.000000
0.991422 0.048738 0.121272 1.281661 -0.055449 0.997076 0.052589 57.504116 -0.118355 -0.058862 0.991225 -1.430818 0.000000 0.000000 0.000000 1.000000
0.992039 0.049140 0.115947 1.286404 -0.055662 0.997005 0.053696 57.502560 -0.112961 -0.059723 0.991803 -1.393965 0.000000 0.000000 0.000000 1.000000
0.992559 0.049517 0.111238 1.288793 -0.055884 0.996929 0.054865 57.501022 -0.108180 -0.060673 0.992278 -1.358030 0.000000 0.000000 0.000000 1.000000
0.992933 0.049964 0.107648 1.287828 -0.056228 0.996848 0.055962 57.500923 -0.104513 -0.061619 0.992613 -1.324124 0.000000 0.000000 0.000000 1.000000
0.993152 0.050475 0.105364 1.284788 -0.056704 0.996763 0.056990 57.500977 -0.102147 -0.062575 0.992799 -1.293832 0.000000 0.000000 0.000000 1.000000
0.993269 0.050941 0.104023 1.282145 -0.057184 0.996681 0.057938 57.499352 -0.100727 -0.063496 0.992886 -1.267534 0.000000 0.000000 0.000000 1.000000
0.993352 0.051235 0.103085 1.281475 -0.057498 0.996617 0.058724 57.496376 -0.099727 -0.064261 0.992938 -1.244201 0.000000 0.000000 0.000000 1.000000
0.993430 0.051304 0.102298 1.283135 -0.057573 0.996578 0.059302 57.493614 -0.098906 -0.064802 0.992985 -1.222194 0.000000 0.000000 0.000000 1.000000
0.993497 0.051187 0.101704 1.287237 -0.057454 0.996563 0.059680 57.491173 -0.098300 -0.065136 0.993023 -1.200113 0.000000 0.000000 0.000000 1.000000
0.993548 0.050943 0.101323 1.294023 -0.057209 0.996562 0.059930 57.488304 -0.097922 -0.065340 0.993047 -1.177312 0.000000 0.000000 0.000000 1.000000
0.993590 0.050616 0.101081 1.302982 -0.056892 0.996564 0.060201 57.484814 -0.097686 -0.065566 0.993055 -1.153994 0.000000 0.000000 0.000000 1.000000
0.993618 0.050270 0.100974 1.312477 -0.056582 0.996554 0.060649 57.480595 -0.097577 -0.065975 0.993039 -1.131358 0.000000 0.000000 0.000000 1.000000
0.993620 0.049987 0.101093 1.321014 -0.056373 0.996525 0.061322 57.475430 -0.097676 -0.066629 0.992985 -1.110814 0.000000 0.000000 0.000000 1.000000
0.993581 0.049823 0.101561 1.327538 -0.056318 0.996478 0.062121 57.469845 -0.098109 -0.067442 0.992888 -1.092791 0.000000 0.000000 0.000000 1.000000
0.993488 0.049772 0.102487 1.330915 -0.056406 0.996426 0.062879 57.465237 -0.098991 -0.068251 0.992745 -1.076811 0.000000 0.000000 0.000000 1.000000
0.993346 0.049805 0.103845 1.330594 -0.056594 0.996376 0.063497 57.462673 -0.100307 -0.068951 0.992564 -1.062723 0.000000 0.000000 0.000000 1.000000
0.993173 0.049892 0.105441 1.327541 -0.056843 0.996331 0.063980 57.461662 -0.101862 -0.069537 0.992365 -1.051409 0.000000 0.000000 0.000000 1.000000
0.992997 0.050016 0.107031 1.323540 -0.057121 0.996289 0.064381 57.460899 -0.103414 -0.070044 0.992169 -1.043769 0.000000 0.000000 0.000000 1.000000
0.992837 0.050146 0.108446 1.319557 -0.057388 0.996252 0.064721 57.460205 -0.104794 -0.070480 0.991993 -1.038990 0.000000 0.000000 0.000000 1.000000
0.992706 0.050255 0.109588 1.315463 -0.057605 0.996223 0.064968 57.460556 -0.105909 -0.070807 0.991852 -1.034403 0.000000 0.000000 0.000000 1.000000
0.992610 0.050339 0.110417 1.311354 -0.057765 0.996204 0.065117 57.462414 -0.106720 -0.071014 0.991750 -1.027436 0.000000 0.000000 0.000000 1.000000
0.992544 0.050414 0.110969 1.308160 -0.057892 0.996190 0.065226 57.464966 -0.107258 -0.071164 0.991681 -1.017725 0.000000 0.000000 0.000000 1.000000
0.992502 0.050488 0.111312 1.306726 -0.058005 0.996174 0.065363 57.466675 -0.107586 -0.071330 0.991634 -1.006662 0.000000 0.000000 0.000000 1.000000
0.992480 0.050560 0.111476 1.307265 -0.058110 0.996155 0.065558 57.466728 -0.107733 -0.071543 0.991602 -0.995404 0.000000 0.000000 0.000000 1.000000
0.992475 0.050652 0.111478 1.310082 -0.058231 0.996131 0.065812 57.465183 -0.107714 -0.071809 0.991585 -0.983866 0.000000 0.000000 0.000000 1.000000
0.992482 0.050789 0.111357 1.316025 -0.058394 0.996101 0.066130 57.462234 -0.107564 -0.072135 0.991578 -0.971332 0.000000 0.000000 0.000000 1.000000
0.992498 0.050952 0.111141 1.326024 -0.058589 0.996060 0.066572 57.457294 -0.107311 -0.072584 0.991572 -0.957559 0.000000 0.000000 0.000000 1.000000
0.992525 0.051083 0.110834 1.340239 -0.058773 0.996003 0.067261 57.450001 -0.106955 -0.073272 0.991560 -0.942658 0.000000 0.000000 0.000000 1.000000
0.992565 0.051179 0.110436 1.357462 -0.058948 0.995924 0.068268 57.440865 -0.106492 -0.074271 0.991536 -0.926573 0.000000 0.000000 0.000000 1.000000
0.992608 0.051300 0.109993 1.375388 -0.059166 0.995827 0.069484 57.431389 -0.105970 -0.075478 0.991501 -0.909557 0.000000 0.000000 0.000000 1.000000
0.992624 0.051451 0.109773 1.391666 -0.059423 0.995731 0.070634 57.422935 -0.105670 -0.076636 0.991444 -0.892330 0.000000 0.000000 0.000000 1.000000
0.992570 0.051546 0.110219 1.404036 -0.059656 0.995648 0.071591 57.415596 -0.106049 -0.077634 0.991326 -0.875589 0.000000 0.000000 0.000000 1.000000
0.992423 0.051568 0.111520 1.410465 -0.059885 0.995565 0.072556 57.409302 -0.107284 -0.078684 0.991110 -0.860357 0.000000 0.000000 0.000000 1.000000
0.992204 0.051578 0.113452 1.410609 -0.060174 0.995464 0.073691 57.404453 -0.109137 -0.079943 0.990807 -0.849687 0.000000 0.000000 0.000000 1.000000
0.991936 0.051608 0.115758 1.406250 -0.060517 0.995359 0.074819 57.400875 -0.111360 -0.081221 0.990456 -0.848106 0.000000 0.000000 0.000000 1.000000
0.991648 0.051730 0.118148 1.399605 -0.060937 0.995268 0.075692 57.398052 -0.113673 -0.082259 0.990107 -0.856731 0.000000 0.000000 0.000000 1.000000
0.991393 0.052060 0.120120 1.392535 -0.061507 0.995185 0.076319 57.396538 -0.115568 -0.083050 0.989822 -0.871272 0.000000 0.000000 0.000000 1.000000
0.991229 0.052589 0.121241 1.386590 -0.062192 0.995102 0.076838 57.397217 -0.116606 -0.083705 0.989645 -0.886323 0.000000 0.000000 0.000000 1.000000
0.991156 0.053175 0.121584 1.382192 -0.062854 0.995032 0.077209 57.400703 -0.116875 -0.084168 0.989574 -0.899883 0.000000 0.000000 0.000000 1.000000
0.991121 0.053717 0.121626 1.378486 -0.063410 0.994991 0.077275 57.407425 -0.116866 -0.084302 0.989563 -0.912740 0.000000 0.000000 0.000000 1.000000
0.991089 0.054195 0.121675 1.374999 -0.063867 0.994980 0.077046 57.416317 -0.116888 -0.084131 0.989575 -0.925864 0.000000 0.000000 0.000000 1.000000
0.991075 0.054586 0.121613 1.372573 -0.064215 0.994983 0.076713 57.424660 -0.116816 -0.083838 0.989609 -0.939086 0.000000 0.000000 0.000000 1.000000
0.991104 0.054844 0.121263 1.371859 -0.064408 0.994994 0.076412 57.430721 -0.116465 -0.083543 0.989675 -0.951657 0.000000 0.000000 0.000000 1.000000
0.991168 0.054988 0.120675 1.372553 -0.064471 0.995011 0.076133 57.434391 -0.115886 -0.083241 0.989768 -0.963289 0.000000 0.000000 0.000000 1.000000
0.991248 0.055103 0.119963 1.374666 -0.064497 0.995029 0.075882 57.435898 -0.115185 -0.082956 0.989874 -0.973901 0.000000 0.000000 0.000000 1.000000
0.991336 0.055251 0.119161 1.378529 -0.064564 0.995034 0.075758 57.435463 -0.114383 -0.082796 0.989980 -0.982990 0.000000 0.000000 0.000000 1.000000
0.991420 0.055457 0.118371 1.383790 -0.064716 0.995016 0.075863 57.432995 -0.113574 -0.082872 0.990067 -0.989941 0.000000 0.000000 0.000000 1.000000
0.991476 0.055712 0.117780 1.389478 -0.064965 0.994971 0.076237 57.428223 -0.112940 -0.083239 0.990109 -0.994663 0.000000 0.000000 0.000000 1.000000
0.991502 0.055965 0.117438 1.394845 -0.065260 0.994905 0.076851 57.421562 -0.112539 -0.083862 0.990102 -0.997445 0.000000 0.000000 0.000000 1.000000
0.991514 0.056175 0.117240 1.399152 -0.065534 0.994831 0.077567 57.414768 -0.112277 -0.084592 0.990070 -0.998662 0.000000 0.000000 0.000000 1.000000
0.991514 0.056348 0.117155 1.401716 -0.065771 0.994767 0.078185 57.409645 -0.112137 -0.085227 0.990031 -0.998803 0.000000 0.000000 0.000000 1.000000
0.991495 0.056475 0.117251 1.403480 -0.065962 0.994716 0.078671 57.406387 -0.112189 -0.085736 0.989981 -0.998006 0.000000 0.000000 0.000000 1.000000
0.991477 0.056478 0.117403 1.407501 -0.066041 0.994666 0.079232 57.403900 -0.112302 -0.086310 0.989919 -0.995113 0.000000 0.000000 0.000000 1.000000
0.991495 0.056340 0.117315 1.414878 -0.065968 0.994620 0.079869 57.401955 -0.112184 -0.086929 0.989878 -0.989346 0.000000 0.000000 0.000000 1.000000
0.991541 0.056204 0.116995 1.421677 -0.065826 0.994613 0.080069 57.402084 -0.111865 -0.087093 0.989900 -0.983291 0.000000 0.000000 0.000000 1.000000
0.991577 0.056159 0.116711 1.424407 -0.065691 0.994668 0.079497 57.405033 -0.111624 -0.086494 0.989979 -0.979326 0.000000 0.000000 0.000000 1.000000
0.991596 0.056133 0.116564 1.424476 -0.065537 0.994760 0.078470 57.409122 -0.111548 -0.085450 0.990078 -0.975857 0.000000 0.000000 0.000000 1.000000
0.991609 0.056075 0.116475 1.424663 -0.065356 0.994851 0.077455 57.412392 -0.111532 -0.084417 0.990169 -0.970767 0.000000 0.000000 0.000000 1.000000
0.991626 0.056006 0.116371 1.426083 -0.065184 0.994927 0.076626 57.413704 -0.111489 -0.083570 0.990246 -0.964356 0.000000 0.000000 0.000000 1.000000
0.991647 0.055916 0.116231 1.428330 -0.065012 0.994987 0.075994 57.412643 -0.111399 -0.082916 0.990311 -0.957421 0.000000 0.000000 0.000000 1.000000
0.991673 0.055796 0.116065 1.430174 -0.064829 0.995031 0.075566 57.409721 -0.111272 -0.082461 0.990363 -0.949033 0.000000 0.000000 0.000000 1.000000
0.991698 0.055691 0.115899 1.430036 -0.064680 0.995061 0.075298 57.406380 -0.111133 -0.082169 0.990403 -0.937479 0.000000 0.000000 0.000000 1.000000
0.991718 0.055639 0.115761 1.426881 -0.064590 0.995085 0.075057 57.403957 -0.111016 -0.081913 0.990437 -0.922056 0.000000 0.000000 0.000000 1.000000
0.991728 0.055639 0.115669 1.420827 -0.064545 0.995113 0.074730 57.403107 -0.110946 -0.081578 0.990473 -0.903316 0.000000 0.000000 0.000000 1.000000
0.991734 0.055663 0.115612 1.412430 -0.064523 0.995142 0.074356 57.403702 -0.110911 -0.081201 0.990508 -0.882037 0.000000 0.000000 0.000000 1.000000
0.991740 0.055665 0.115558 1.401642 -0.064485 0.995168 0.074038 57.405544 -0.110879 -0.080878 0.990538 -0.858761 0.000000 0.000000 0.000000 1.000000
0.991745 0.055612 0.115541 1.388004 -0.064398 0.995195 0.073751 57.408592 -0.110885 -0.080582 0.990561 -0.834018 0.000000 0.000000 0.000000 1.000000
0.991734 0.055546 0.115668 1.371465 -0.064299 0.995230 0.073373 57.412884 -0.111041 -0.080204 0.990574 -0.808054 0.000000 0.000000 0.000000 1.000000
0.991697 0.055515 0.115998 1.352599 -0.064242 0.995268 0.072897 57.418236 -0.111402 -0.079744 0.990571 -0.780982 0.000000 0.000000 0.000000 1.000000
0.991647 0.055499 0.116427 1.332084 -0.064212 0.995301 0.072472 57.423946 -0.111858 -0.079342 0.990552 -0.753232 0.000000 0.000000 0.000000 1.000000
0.991611 0.055425 0.116773 1.310418 -0.064136 0.995325 0.072210 57.429100 -0.112225 -0.079094 0.990530 -0.725581 0.000000 0.000000 0.000000 1.000000
0.991602 0.055213 0.116945 1.288531 -0.063919 0.995350 0.072054 57.433678 -0.112423 -0.078924 0.990521 -0.698881 0.000000 0.000000 0.000000 1.000000
0.991621 0.054819 0.116975 1.267800 -0.063501 0.995393 0.071838 57.438229 -0.112498 -0.078664 0.990533 -0.673635 0.000000 0.000000 0.000000 1.000000
0.991661 0.054248 0.116898 1.248994 -0.062881 0.995459 0.071472 57.442749 -0.112490 -0.078226 0.990569 -0.650024 0.000000 0.000000 0.000000 1.000000
0.991724 0.053483 0.116720 1.232163 -0.062046 0.995544 0.071008 57.446579 -0.112402 -0.077663 0.990623 -0.628159 0.000000 0.000000 0.000000 1.000000
0.991812 0.052492 0.116417 1.216960 -0.060973 0.995644 0.070532 57.449558 -0.112208 -0.077052 0.990693 -0.607954 0.000000 0.000000 0.000000 1.000000
0.991931 0.051322 0.115927 1.202706 -0.059706 0.995755 0.070044 57.452217 -0.111840 -0.076401 0.990785 -0.589386 0.000000 0.000000 0.000000 1.000000
0.992075 0.050096 0.115230 1.188594 -0.058354 0.995877 0.069449 57.455048 -0.111276 -0.075623 0.990908 -0.573350 0.000000 0.000000 0.000000 1.000000
0.992231 0.048951 0.114372 1.173530 -0.057044 0.996012 0.068595 57.458153 -0.110558 -0.074586 0.991067 -0.560914 0.000000 0.000000 0.000000 1.000000
0.992396 0.048014 0.113338 1.155929 -0.055894 0.996159 0.067399 57.461704 -0.109667 -0.073222 0.991268 -0.551208 0.000000 0.000000 0.000000 1.000000
0.992576 0.047350 0.112033 1.134849 -0.054968 0.996310 0.065923 57.466217 -0.108499 -0.071592 0.991515 -0.541753 0.000000 0.000000 0.000000 1.000000
0.992770 0.046911 0.110485 1.110940 -0.054242 0.996455 0.064311 57.472145 -0.107076 -0.069839 0.991795 -0.531718 0.000000 0.000000 0.000000 1.000000
0.992945 0.046626 0.109021 1.085562 -0.053679 0.996589 0.062681 57.479801 -0.105727 -0.068091 0.992061 -0.522637 0.000000 0.000000 0.000000 1.000000
0.993049 0.046493 0.108126 1.059951 -0.053309 0.996711 0.061029 57.489307 -0.104933 -0.066369 0.992262 -0.516812 0.000000 0.000000 0.000000 1.000000
0.993051 0.046513 0.108104 1.035119 -0.053142 0.996826 0.059275 57.499779 -0.105004 -0.064608 0.992371 -0.515927 0.000000 0.000000 0.000000 1.000000
0.992960 0.046555 0.108920 1.011643 -0.053050 0.996934 0.057519 57.509541 -0.105908 -0.062893 0.992385 -0.519934 0.000000 0.000000 0.000000 1.000000
0.992806 0.046463 0.110354 0.990287 -0.052892 0.997025 0.056060 57.517429 -0.107421 -0.061493 0.992310 -0.528086 0.000000 0.000000 0.000000 1.000000
0.992607 0.046264 0.112212 0.972717 -0.052688 0.997096 0.054978 57.522888 -0.109342 -0.060484 0.992162 -0.540462 0.000000 0.000000 0.000000 1.000000
0.992370 0.046083 0.114362 0.960834 -0.052524 0.997161 0.053960 57.525528 -0.111551 -0.059555 0.991973 -0.558196 0.000000 0.000000 0.000000 1.000000
0.992113 0.045911 0.116636 0.955049 -0.052346 0.997236 0.052725 57.525200 -0.113893 -0.058415 0.991774 -0.581213 0.000000 0.000000 0.000000 1.000000
0.991868 0.045673 0.118792 0.953627 -0.052068 0.997325 0.051298 57.523399 -0.116132 -0.057066 0.991593 -0.606810 0.000000 0.000000 0.000000 1.000000
0.991659 0.045409 0.120622 0.954303 -0.051731 0.997419 0.049801 57.522610 -0.118050 -0.055625 0.991449 -0.631835 0.000000 0.000000 0.000000 1.000000
0.991495 0.045232 0.122033 0.955901 -0.051450 0.997507 0.048293 57.523640 -0.119544 -0.054161 0.991350 -0.654805 0.000000 0.000000 0.000000 1.000000
0.991371 0.045203 0.123047 0.958000 -0.051295 0.997586 0.046800 57.525383 -0.120634 -0.052708 0.991297 -0.675727 0.000000 0.000000 0.000000 1.000000
0.991285 0.045321 0.123697 0.960402 -0.051274 0.997653 0.045376 57.527111 -0.121350 -0.051324 0.991282 -0.694539 0.000000 0.000000 0.000000 1.000000
0.991252 0.045607 0.123852 0.963002 -0.051415 0.997703 0.044113 57.529106 -0.121556 -0.050095 0.991320 -0.709512 0.000000 0.000000 0.000000 1.000000
0.991301 0.046069 0.123288 0.965559 -0.051716 0.997736 0.043003 57.532047 -0.121027 -0.049005 0.991439 -0.718544 0.000000 0.000000 0.000000 1.000000
0.991429 0.046623 0.122042 0.968113 -0.052076 0.997765 0.041876 57.536064 -0.119817 -0.047872 0.991641 -0.723257 0.000000 0.000000 0.000000 1.000000
0.991591 0.047137 0.120524 0.971776 -0.052373 0.997800 0.040650 57.539494 -0.118342 -0.046620 0.991878 -0.729003 0.000000 0.000000 0.000000 1.000000
0.991717 0.047528 0.119325 0.978568 -0.052583 0.997832 0.039578 57.539650 -0.117186 -0.045525 0.992066 -0.739837 0.000000 0.000000 0.000000 1.000000
0.991735 0.047787 0.119073 0.989100 -0.052764 0.997845 0.038995 57.535423 -0.116953 -0.044956 0.992119 -0.757116 0.000000 0.000000 0.000000 1.000000
0.991589 0.047888 0.120244 1.001913 -0.052896 0.997846 0.038807 57.528240 -0.118127 -0.044841 0.991986 -0.781907 0.000000 0.000000 0.000000 1.000000
0.991262 0.047784 0.122949 1.015304 -0.052888 0.997854 0.038592 57.519917 -0.120841 -0.044758 0.991662 -0.814582 0.000000 0.000000 0.000000 1.000000
0.990774 0.047566 0.126900 1.026789 -0.052809 0.997871 0.038280 57.511448 -0.124809 -0.044628 0.991177 -0.853665 0.000000 0.000000 0.000000 1.000000
0.990180 0.047336 0.131544 1.033727 -0.052777 0.997876 0.038188 57.504196 -0.129457 -0.044756 0.990575 -0.898225 0.000000 0.000000 0.000000 1.000000
0.989569 0.047010 0.136176 1.035671 -0.052683 0.997874 0.038355 57.501022 -0.134084 -0.045129 0.989942 -0.948599 0.000000 0.000000 0.000000 1.000000
0.989050 0.046517 0.140060 1.034125 -0.052369 0.997890 0.038388 57.504581 -0.137978 -0.045303 0.989399 -1.002111 0.000000 0.000000 0.000000 1.000000
0.988698 0.045991 0.142691 1.031018 -0.051912 0.997927 0.038051 57.513828 -0.140646 -0.045028 0.989036 -1.053566 0.000000 0.000000 0.000000 1.000000
0.988533 0.045580 0.143965 1.027205 -0.051490 0.997965 0.037600 57.525524 -0.141958 -0.044581 0.988868 -1.101207 0.000000 0.000000 0.000000 1.000000
0.988539 0.045281 0.144013 1.022686 -0.051154 0.997993 0.037336 57.538551 -0.142034 -0.044275 0.988871 -1.147526 0.000000 0.000000 0.000000 1.000000
0.988681 0.045097 0.143096 1.018252 -0.050899 0.998013 0.037151 57.552223 -0.141136 -0.044014 0.989011 -1.194727 0.000000 0.000000 0.000000 1.000000
0.988896 0.045048 0.141618 1.015510 -0.050721 0.998038 0.036704 57.565323 -0.139687 -0.043479 0.989241 -1.242381 0.000000 0.000000 0.000000 1.000000
0.989124 0.045074 0.140008 1.015214 -0.050561 0.998076 0.035883 57.576920 -0.138122 -0.042571 0.989500 -1.289655 0.000000 0.000000 0.000000 1.000000
0.989335 0.045032 0.138519 1.017054 -0.050318 0.998124 0.034892 57.586525 -0.136688 -0.041490 0.989745 -1.337128 0.000000 0.000000 0.000000 1.000000
0.989525 0.044833 0.137223 1.021055 -0.049936 0.998174 0.033972 57.593616 -0.135450 -0.040468 0.989957 -1.385747 0.000000 0.000000 0.000000 1.000000
0.989685 0.044511 0.136169 1.027685 -0.049462 0.998224 0.033193 57.598278 -0.134450 -0.039586 0.990129 -1.435552 0.000000 0.000000 0.000000 1.000000
0.989809 0.044155 0.135386 1.036262 -0.048977 0.998271 0.032491 57.603065 -0.133718 -0.038791 0.990260 -1.485661 0.000000 0.000000 0.000000 1.000000
0.989912 0.043808 0.134744 1.045711 -0.048510 0.998316 0.031813 57.610130 -0.133123 -0.038029 0.990370 -1.534859 0.000000 0.000000 0.000000 1.000000</float_array><technique_common><accessor source="#mixamorig_Hips-Matrix-animation-output-transform-array" count="134" stride="16"><param type="float4x4"/></accessor></technique_common></source><source id="mixamorig_Hips-Interpolations"><Name_array id="mixamorig_Hips-Interpolations-array" count="134">
 LINEAR LINEAR LINEAR LINEAR LINEAR LINEAR LINEAR LINEAR LINEAR LINEAR LINEAR
LINEAR LINEAR LINEAR LINEAR LINEAR LINEAR LINEAR LINEAR LINEAR LINEAR LINEAR LINEAR
LINEAR LINEAR LINEAR LINEAR LINEAR LINEAR LINEAR LINEAR LINEAR LINEAR LINEAR LINEAR
LINEAR LINEAR LINEAR LINEAR LINEAR LINEAR LINEAR LINEAR LINEAR LINEAR LINEAR LINEAR
LINEAR LINEAR LINEAR LINEAR LINEAR LINEAR LINEAR LINEAR LINEAR LINEAR LINEAR LINEAR
LINEAR LINEAR LINEAR LINEAR LINEAR LINEAR LINEAR LINEAR LINEAR LINEAR LINEAR LINEAR
LINEAR LINEAR LINEAR LINEAR LINEAR LINEAR LINEAR LINEAR LINEAR LINEAR LINEAR LINEAR
LINEAR LINEAR LINEAR LINEAR LINEAR LINEAR LINEAR LINEAR LINEAR LINEAR LINEAR LINEAR
LINEAR LINEAR LINEAR LINEAR LINEAR LINEAR LINEAR LINEAR LINEAR LINEAR LINEAR LINEAR
LINEAR LINEAR LINEAR LINEAR LINEAR LINEAR LINEAR LINEAR LINEAR LINEAR LINEAR LINEAR
LINEAR LINEAR LINEAR LINEAR LINEAR LINEAR LINEAR LINEAR LINEAR LINEAR LINEAR LINEAR
LINEAR LINEAR LINEAR</Name_array><technique_common><accessor source="#mixamorig_Hips-Interpolations-array" count="134"><param type="name"/></accessor></technique_common></source><sampler id="mixamorig_Hips-Matrix-animation-transform"><input semantic="INPUT" source="#mixamorig_Hips-Matrix-animation-input"/><input semantic="OUTPUT" source="#mixamorig_Hips-Matrix-animation-output-transform"/><input semantic="INTERPOLATION" source="#mixamorig_Hips-Interpolations"/></sampler><channel source="#mixamorig_Hips-Matrix-animation-transform" target="mixamorig_Hips/matrix"/></animation>
    <animation id="mixamorig_Spine-anim" name="mixamorig_Spine"><source id="mixamorig_Spine-Matrix-animation-input"><float_array id="mixamorig_Spine-Matrix-animation-input-array" count="134">

0.000000 0.033333 0.066667 0.100000 0.133333 0.166667 0.200000 0.233333 0.266667 0.300000 0.333333 0.366667 0.400000 0.433333 0.466667 0.500000
0.533333 0.566667 0.600000 0.633333 0.666667 0.700000 0.733333 0.766667 0.800000 0.833333 0.866667 0.900000 0.933333 0.966667 1.000000 1.033333
1.066667 1.100000 1.133333 1.166667 1.200000 1.233333 1.266667 1.300000 1.333333 1.366667 1.400000 1.433333 1.466667 1.500000 1.533333 1.566667
1.600000 1.633333 1.666667 1.700000 1.733333 1.766667 1.800000 1.833333 1.866667 1.900000 1.933333 1.966667 2.000000 2.033333 2.066667 2.100000
2.133333 2.166667 2.200000 2.233333 2.266667 2.300000 2.333333 2.366667 2.400000 2.433333 2.466667 2.500000 2.533333 2.566667 2.600000 2.633333
2.666667 2.700000 2.733333 2.766667 2.800000 2.833333 2.866667 2.900000 2.933333 2.966667 3.000000 3.033333 3.066667 3.100000 3.133333 3.166667
3.200000 3.233333 3.266667 3.300000 3.333333 3.366667 3.400000 3.433333 3.466667 3.500000 3.533333 3.566667 3.600000 3.633333 3.666667 3.700000
3.733333 3.766667 3.800000 3.833333 3.866667 3.900000 3.933333 3.966667 4.000000 4.033333 4.066667 4.100000 4.133333 4.166667 4.200000 4.233333
4.266667 4.300000 4.333333 4.366667 4.400000 4.433333</float_array><technique_common><accessor source="#mixamorig_Spine-Matrix-animation-input-array" count="134"><param name="TIME" type="float"/></accessor></technique_common></source><source id="mixamorig_Spine-Matrix-animation-output-transform"><float_array id="mixamorig_Spine-Matrix-animation-output-transform-array" count="2144">

0.999577 -0.025718 -0.013580 0.000000 0.026963 0.994494 0.101263 16.216101 0.010901 -0.101586 0.994767 -2.336500 0.000000 0.000000 0.000000 1.000000
0.999568 -0.025508 -0.014578 0.000000 0.026857 0.994483 0.101402 16.216101 0.011911 -0.101749 0.994739 -2.336500 0.000000 0.000000 0.000000 1.000000
0.999552 -0.025268 -0.016024 -0.000000 0.026772 0.994434 0.101902 16.216101 0.013360 -0.102285 0.994665 -2.336500 0.000000 0.000000 0.000000 1.000000
0.999535 -0.025062 -0.017386 0.000000 0.026723 0.994317 0.103053 16.216101 0.014704 -0.103469 0.994524 -2.336500 0.000000 0.000000 0.000000 1.000000
0.999522 -0.024952 -0.018239 0.000000 0.026727 0.994152 0.104628 16.216101 0.015522 -0.105065 0.994344 -2.336500 0.000000 0.000000 0.000000 1.000000
0.999517 -0.024920 -0.018577 0.000000 0.026757 0.993982 0.106226 16.216101 0.015818 -0.106672 0.994168 -2.336500 0.000000 0.000000 0.000000 1.000000
0.999518 -0.024874 -0.018583 -0.000000 0.026733 0.993833 0.107617 16.216101 0.015792 -0.108062 0.994019 -2.336500 0.000000 0.000000 0.000000 1.000000
0.999525 -0.024732 -0.018393 0.000000 0.026589 0.993715 0.108733 16.216101 0.015588 -0.109171 0.993901 -2.336500 0.000000 0.000000 0.000000 1.000000
0.999538 -0.024444 -0.018059 0.000000 0.026280 0.993628 0.109602 16.216101 0.015265 -0.110026 0.993811 -2.336500 0.000000 0.000000 0.000000 1.000000
0.999557 -0.023998 -0.017617 0.000000 0.025800 0.993554 0.110389 16.216101 0.014855 -0.110794 0.993732 -2.336500 0.000000 0.000000 0.000000 1.000000
0.999578 -0.023435 -0.017155 -0.000000 0.025203 0.993462 0.111346 16.216101 0.014433 -0.111731 0.993634 -2.336500 0.000000 0.000000 0.000000 1.000000
0.999599 -0.022778 -0.016841 -0.000000 0.024532 0.993341 0.112570 16.216101 0.014165 -0.112938 0.993501 -2.336500 0.000000 0.000000 0.000000 1.000000
0.999616 -0.021994 -0.016867 0.000000 0.023774 0.993209 0.113890 16.216101 0.014247 -0.114248 0.993350 -2.336500 0.000000 0.000000 0.000000 1.000000
0.999627 -0.021182 -0.017227 0.000000 0.023027 0.993088 0.115092 16.216101 0.014670 -0.115446 0.993205 -2.336500 0.000000 0.000000 0.000000 1.000000
0.999630 -0.020711 -0.017656 0.000000 0.022624 0.992976 0.116132 16.216101 0.015127 -0.116489 0.993077 -2.336500 0.000000 0.000000 0.000000 1.000000
0.999622 -0.020822 -0.017947 0.000000 0.022783 0.992865 0.117047 16.216101 0.015382 -0.117411 0.992964 -2.336500 0.000000 0.000000 0.000000 1.000000
0.999610 -0.021223 -0.018153 -0.000000 0.023217 0.992761 0.117840 16.216101 0.015521 -0.118216 0.992867 -2.336500 0.000000 0.000000 0.000000 1.000000
0.999600 -0.021510 -0.018345 -0.000000 0.023536 0.992670 0.118546 16.216101 0.015660 -0.118931 0.992779 -2.336500 0.000000 0.000000 0.000000 1.000000
0.999596 -0.021653 -0.018423 -0.000000 0.023699 0.992584 0.119232 16.216101 0.015704 -0.119621 0.992695 -2.336500 0.000000 0.000000 0.000000 1.000000
0.999595 -0.021832 -0.018265 0.000000 0.023869 0.992495 0.119936 16.216101 0.015509 -0.120324 0.992614 -2.336500 0.000000 0.000000 0.000000 1.000000
0.999595 -0.022088 -0.017955 0.000000 0.024096 0.992402 0.120654 16.216101 0.015154 -0.121038 0.992532 -2.336500 0.000000 0.000000 0.000000 1.000000
0.999593 -0.022297 -0.017806 0.000000 0.024297 0.992307 0.121397 16.216101 0.014963 -0.121780 0.992444 -2.336500 0.000000 0.000000 0.000000 1.000000
0.999586 -0.022371 -0.018077 0.000000 0.024415 0.992207 0.122186 16.216101 0.015203 -0.122577 0.992343 -2.336500 0.000000 0.000000 0.000000 1.000000
0.999575 -0.022373 -0.018668 0.000000 0.024503 0.992106 0.122985 16.216101 0.015769 -0.123390 0.992233 -2.336500 0.000000 0.000000 0.000000 1.000000
0.999563 -0.022438 -0.019259 -0.000000 0.024653 0.992008 0.123747 16.216101 0.016329 -0.124168 0.992127 -2.336500 0.000000 0.000000 0.000000 1.000000
0.999551 -0.022585 -0.019708 -0.000000 0.024867 0.991910 0.124480 16.216101 0.016737 -0.124915 0.992026 -2.336500 0.000000 0.000000 0.000000 1.000000
0.999539 -0.022739 -0.020104 0.000000 0.025081 0.991818 0.125169 16.216101 0.017094 -0.125616 0.991932 -2.336500 0.000000 0.000000 0.000000 1.000000
0.999528 -0.022892 -0.020485 -0.000000 0.025290 0.991745 0.125711 16.216101 0.017438 -0.126170 0.991855 -2.336500 0.000000 0.000000 0.000000 1.000000
0.999518 -0.023059 -0.020762 -0.000000 0.025496 0.991700 0.126018 16.216101 0.017684 -0.126487 0.991811 -2.336500 0.000000 0.000000 0.000000 1.000000
0.999513 -0.023199 -0.020877 0.000000 0.025652 0.991680 0.126145 16.216101 0.017777 -0.126619 0.991792 -2.336500 0.000000 0.000000 0.000000 1.000000
0.999512 -0.023243 -0.020862 0.000000 0.025695 0.991666 0.126245 16.216101 0.017754 -0.126719 0.991780 -2.336500 0.000000 0.000000 0.000000 1.000000
0.999515 -0.023151 -0.020814 0.000000 0.025601 0.991647 0.126419 16.216101 0.017713 -0.126891 0.991759 -2.336500 0.000000 0.000000 0.000000 1.000000
0.999520 -0.022946 -0.020831 0.000000 0.025405 0.991622 0.126649 16.216101 0.017751 -0.127117 0.991729 -2.336500 0.000000 0.000000 0.000000 1.000000
0.999523 -0.022716 -0.020911 0.000000 0.025190 0.991601 0.126860 16.216101 0.017854 -0.127326 0.991700 -2.336500 0.000000 0.000000 0.000000 1.000000
0.999527 -0.022528 -0.020926 0.000000 0.025009 0.991583 0.127038 16.216101 0.017888 -0.127501 0.991677 -2.336500 0.000000 0.000000 0.000000 1.000000
0.999533 -0.022385 -0.020798 0.000000 0.024855 0.991557 0.127268 16.216101 0.017774 -0.127725 0.991650 -2.336500 0.000000 0.000000 0.000000 1.000000
0.999539 -0.022282 -0.020609 0.000000 0.024735 0.991516 0.127608 16.216101 0.017590 -0.128059 0.991611 -2.336500 0.000000 0.000000 0.000000 1.000000
0.999543 -0.022220 -0.020481 -0.000000 0.024663 0.991467 0.128000 16.216101 0.017463 -0.128447 0.991563 -2.336500 0.000000 0.000000 0.000000 1.000000
0.999545 -0.022177 -0.020442 0.000000 0.024622 0.991421 0.128369 16.216101 0.017419 -0.128814 0.991516 -2.336500 0.000000 0.000000 0.000000 1.000000
0.999546 -0.022138 -0.020419 -0.000000 0.024586 0.991377 0.128714 16.216101 0.017394 -0.129158 0.991472 -2.336500 0.000000 0.000000 0.000000 1.000000
0.999549 -0.022090 -0.020346 -0.000000 0.024536 0.991332 0.129070 16.216101 0.017319 -0.129511 0.991427 -2.336500 0.000000 0.000000 0.000000 1.000000
0.999553 -0.022008 -0.020241 0.000000 0.024448 0.991286 0.129436 16.216101 0.017216 -0.129873 0.991381 -2.336500 0.000000 0.000000 0.000000 1.000000
0.999556 -0.021895 -0.020211 0.000000 0.024337 0.991246 0.129764 16.216101 0.017193 -0.130199 0.991339 -2.336500 0.000000 0.000000 0.000000 1.000000
0.999556 -0.021764 -0.020361 -0.000000 0.024231 0.991219 0.129990 16.216101 0.017354 -0.130426 0.991306 -2.336500 0.000000 0.000000 0.000000 1.000000
0.999552 -0.021494 -0.020852 0.000000 0.024028 0.991214 0.130068 16.216101 0.017873 -0.130511 0.991286 -2.336500 0.000000 0.000000 0.000000 1.000000
0.999543 -0.020809 -0.021944 -0.000000 0.023491 0.991235 0.130004 16.216101 0.019047 -0.130460 0.991271 -2.336500 0.000000 0.000000 0.000000 1.000000
0.999528 -0.019690 -0.023597 0.000000 0.022594 0.991267 0.129921 16.216101 0.020833 -0.130393 0.991243 -2.336500 0.000000 0.000000 0.000000 1.000000
0.999510 -0.018595 -0.025180 0.000000 0.021716 0.991281 0.129963 16.216101 0.022543 -0.130446 0.991199 -2.336500 0.000000 0.000000 0.000000 1.000000
0.999498 -0.017913 -0.026137 -0.000000 0.021167 0.991279 0.130071 16.216101 0.023579 -0.130558 0.991160 -2.336500 0.000000 0.000000 0.000000 1.000000
0.999492 -0.017451 -0.026658 0.000000 0.020777 0.991287 0.130074 16.216101 0.024155 -0.130562 0.991146 -2.336500 0.000000 0.000000 0.000000 1.000000
0.999489 -0.016818 -0.027190 0.000000 0.020216 0.991312 0.129965 16.216101 0.024768 -0.130448 0.991146 -2.336500 0.000000 0.000000 0.000000 1.000000
0.999487 -0.015890 -0.027819 -0.000000 0.019375 0.991342 0.129868 16.216101 0.025514 -0.130341 0.991141 -2.336500 0.000000 0.000000 0.000000 1.000000
0.999488 -0.014796 -0.028365 0.000000 0.018360 0.991365 0.129839 16.216101 0.026199 -0.130293 0.991129 -2.336500 0.000000 0.000000 0.000000 1.000000
0.999493 -0.013655 -0.028759 0.000000 0.017281 0.991383 0.129852 16.216101 0.026738 -0.130283 0.991116 -2.336500 0.000000 0.000000 0.000000 1.000000
0.999500 -0.012496 -0.029044 -0.000000 0.016171 0.991386 0.129971 16.216101 0.027170 -0.130376 0.991092 -2.336500 0.000000 0.000000 0.000000 1.000000
0.999508 -0.011374 -0.029218 0.000000 0.015091 0.991358 0.130315 16.216101 0.027483 -0.130692 0.991042 -2.336500 0.000000 0.000000 0.000000 1.000000
0.999516 -0.010416 -0.029306 -0.000000 0.014168 0.991297 0.130880 16.216101 0.027687 -0.131232 0.990965 -2.336500 0.000000 0.000000 0.000000 1.000000
0.999520 -0.009730 -0.029424 0.000000 0.013522 0.991220 0.131532 16.216101 0.027886 -0.131866 0.990875 -2.336500 0.000000 0.000000 0.000000 1.000000
0.999518 -0.009382 -0.029588 0.000000 0.013214 0.991145 0.132124 16.216101 0.028086 -0.132451 0.990792 -2.336500 0.000000 0.000000 0.000000 1.000000
0.999518 -0.009369 -0.029592 0.000000 0.013215 0.991086 0.132570 16.216101 0.028086 -0.132897 0.990732 -2.336500 0.000000 0.000000 0.000000 1.000000
0.999526 -0.009560 -0.029253 0.000000 0.013367 0.991045 0.132859 16.216101 0.027721 -0.133187 0.990703 -2.336500 0.000000 0.000000 0.000000 1.000000
0.999541 -0.009775 -0.028668 0.000000 0.013506 0.991022 0.133015 16.216101 0.027110 -0.133342 0.990699 -2.336500 0.000000 0.000000 0.000000 1.000000
0.999556 -0.009949 -0.028089 0.000000 0.013602 0.991020 0.133022 16.216101 0.026513 -0.133345 0.990715 -2.336500 0.000000 0.000000 0.000000 1.000000
0.999566 -0.010109 -0.027661 -0.000000 0.013699 0.991043 0.132842 16.216101 0.026070 -0.133163 0.990751 -2.336500 0.000000 0.000000 0.000000 1.000000
0.999572 -0.010231 -0.027398 0.000000 0.013776 0.991086 0.132512 16.216101 0.025798 -0.132832 0.990803 -2.336500 0.000000 0.000000 0.000000 1.000000
0.999576 -0.010250 -0.027263 -0.000000 0.013768 0.991132 0.132163 16.216101 0.025666 -0.132483 0.990853 -2.336500 0.000000 0.000000 0.000000 1.000000
0.999577 -0.010171 -0.027252 0.000000 0.013682 0.991167 0.131909 16.216101 0.025669 -0.132226 0.990887 -2.336500 0.000000 0.000000 0.000000 1.000000
0.999575 -0.010010 -0.027374 0.000000 0.013532 0.991200 0.131678 16.216101 0.025815 -0.131992 0.990915 -2.336500 0.000000 0.000000 0.000000 1.000000
0.999574 -0.009735 -0.027528 0.000000 0.013269 0.991259 0.131261 16.216101 0.026010 -0.131570 0.990966 -2.336500 0.000000 0.000000 0.000000 1.000000
0.999576 -0.009392 -0.027557 -0.000000 0.012917 0.991342 0.130668 16.216101 0.026091 -0.130969 0.991043 -2.336500 0.000000 0.000000 0.000000 1.000000
0.999581 -0.009160 -0.027465 0.000000 0.012664 0.991397 0.130272 16.216101 0.026036 -0.130565 0.991098 -2.336500 0.000000 0.000000 0.000000 1.000000
0.999584 -0.009150 -0.027357 -0.000000 0.012641 0.991395 0.130294 16.216101 0.025929 -0.130585 0.991098 -2.336500 0.000000 0.000000 0.000000 1.000000
0.999586 -0.009327 -0.027221 0.000000 0.012805 0.991365 0.130508 16.216101 0.025769 -0.130802 0.991074 -2.336500 0.000000 0.000000 0.000000 1.000000
0.999588 -0.009607 -0.027045 0.000000 0.013062 0.991346 0.130621 16.216101 0.025556 -0.130920 0.991063 -2.336500 0.000000 0.000000 0.000000 1.000000
0.999589 -0.009914 -0.026913 0.000000 0.013347 0.991349 0.130569 16.216101 0.025386 -0.130874 0.991074 -2.336500 0.000000 0.000000 0.000000 1.000000
0.999586 -0.010194 -0.026896 0.000000 0.013619 0.991367 0.130404 16.216101 0.025334 -0.130716 0.991096 -2.336500 0.000000 0.000000 0.000000 1.000000
0.999582 -0.010455 -0.026960 0.000000 0.013879 0.991396 0.130159 16.216101 0.025367 -0.130479 0.991126 -2.336500 0.000000 0.000000 0.000000 1.000000
0.999577 -0.010740 -0.027019 -0.000000 0.014164 0.991427 0.129889 16.216101 0.025393 -0.130216 0.991160 -2.336500 0.000000 0.000000 0.000000 1.000000
0.999574 -0.011039 -0.027022 0.000000 0.014455 0.991449 0.129692 16.216101 0.025360 -0.130028 0.991186 -2.336500 0.000000 0.000000 0.000000 1.000000
0.999573 -0.011299 -0.026954 -0.000000 0.014703 0.991453 0.129637 16.216101 0.025258 -0.129978 0.991195 -2.336500 0.000000 0.000000 0.000000 1.000000
0.999574 -0.011568 -0.026787 0.000000 0.014949 0.991439 0.129708 16.216101 0.025057 -0.130054 0.991190 -2.336500 0.000000 0.000000 0.000000 1.000000
0.999577 -0.012018 -0.026482 0.000000 0.015361 0.991408 0.129897 16.216101 0.024693 -0.130249 0.991174 -2.336500 0.000000 0.000000 0.000000 1.000000
0.999580 -0.012728 -0.026046 0.000000 0.016016 0.991357 0.130210 16.216101 0.024163 -0.130572 0.991144 -2.336500 0.000000 0.000000 0.000000 1.000000
0.999582 -0.013507 -0.025553 0.000000 0.016733 0.991300 0.130551 16.216101 0.023567 -0.130924 0.991112 -2.336500 0.000000 0.000000 0.000000 1.000000
0.999585 -0.014148 -0.025088 0.000000 0.017312 0.991261 0.130771 16.216101 0.023019 -0.131152 0.991095 -2.336500 0.000000 0.000000 0.000000 1.000000
0.999587 -0.014705 -0.024670 0.000000 0.017810 0.991250 0.130793 16.216101 0.022531 -0.131179 0.991103 -2.336500 0.000000 0.000000 0.000000 1.000000
0.999588 -0.015356 -0.024245 -0.000000 0.018396 0.991263 0.130609 16.216101 0.022027 -0.131001 0.991137 -2.336500 0.000000 0.000000 0.000000 1.000000
0.999587 -0.016199 -0.023750 -0.000000 0.019160 0.991295 0.130260 16.216101 0.021434 -0.130661 0.991195 -2.336500 0.000000 0.000000 0.000000 1.000000
0.999582 -0.017253 -0.023180 0.000000 0.020122 0.991333 0.129825 16.216101 0.020740 -0.130237 0.991266 -2.336500 0.000000 0.000000 0.000000 1.000000
0.999574 -0.018528 -0.022551 0.000000 0.021294 0.991372 0.129335 16.216101 0.019960 -0.129760 0.991345 -2.336500 0.000000 0.000000 0.000000 1.000000
0.999559 -0.020014 -0.021920 0.000000 0.022675 0.991418 0.128746 16.216101 0.019155 -0.129186 0.991435 -2.336500 0.000000 0.000000 0.000000 1.000000
0.999535 -0.021645 -0.021481 0.000000 0.024221 0.991476 0.128015 16.216101 0.018527 -0.128476 0.991540 -2.336500 0.000000 0.000000 0.000000 1.000000
0.999499 -0.023274 -0.021455 0.000000 0.025818 0.991553 0.127110 16.216101 0.018315 -0.127601 0.991657 -2.336500 0.000000 0.000000 0.000000 1.000000
0.999455 -0.024771 -0.021839 0.000000 0.027331 0.991655 0.125991 16.216101 0.018536 -0.126519 0.991791 -2.336500 0.000000 0.000000 0.000000 1.000000
0.999407 -0.026115 -0.022455 -0.000000 0.028717 0.991783 0.124669 16.216101 0.019015 -0.125240 0.991944 -2.336500 0.000000 0.000000 0.000000 1.000000
