<?xml version="1.0" encoding="utf-8"?>
<COLLADA xmlns="http://www.collada.org/2005/11/COLLADASchema" version="1.4.1">
  <asset><contributor><author>Mixamo</author><authoring_tool>COLLADA Mixamo exporter</authoring_tool><comments></comments></contributor><created>2020-05-03T23:44:07Z</created><modified>2020-05-03T23:44:07Z</modified><revision></revision><title></title><unit meter="0.010000"/><up_axis>Y_UP</up_axis></asset>
  <library_geometries>
    <geometry id="rigging_body-lib" name="rigging_bodyMesh">
      <mesh>
        <source id="rigging_body-lib-Position" name="position">
          <float_array id="rigging_body-lib-Position-array" count="0"></float_array>
          <technique_common>
            <accessor count="0" source="#rigging_body-lib-Position-array" stride="3">
              <param name="X" type="float"/>
              <param name="Y" type="float"/>
              <param name="Z" type="float"/>
            </accessor>
          </technique_common>
        </source>
        <vertices id="rigging_body-lib-Vertex">
          <input semantic="POSITION" source="#rigging_body-lib-Position"/>
        </vertices>
      </mesh>
    </geometry>
    <geometry id="rigging_Cylinder001-lib" name="rigging_Cylinder001Mesh">
      <mesh>
        <source id="rigging_Cylinder001-lib-Position" name="position">
          <float_array id="rigging_Cylinder001-lib-Position-array" count="0"></float_array>
          <technique_common>
            <accessor count="0" source="#rigging_Cylinder001-lib-Position-array" stride="3">
              <param name="X" type="float"/>
              <param name="Y" type="float"/>
              <param name="Z" type="float"/>
            </accessor>
          </technique_common>
        </source>
        <vertices id="rigging_Cylinder001-lib-Vertex">
          <input semantic="POSITION" source="#rigging_Cylinder001-lib-Position"/>
        </vertices>
      </mesh>
    </geometry>
    <geometry id="rigging_eyebrowns-lib" name="rigging_eyebrownsMesh">
      <mesh>
        <source id="rigging_eyebrowns-lib-Position" name="position">
          <float_array id="rigging_eyebrowns-lib-Position-array" count="0"></float_array>
          <technique_common>
            <accessor count="0" source="#rigging_eyebrowns-lib-Position-array" stride="3">
              <param name="X" type="float"/>
              <param name="Y" type="float"/>
              <param name="Z" type="float"/>
            </accessor>
          </technique_common>
        </source>
        <vertices id="rigging_eyebrowns-lib-Vertex">
          <input semantic="POSITION" source="#rigging_eyebrowns-lib-Position"/>
        </vertices>
      </mesh>
    </geometry>
    <geometry id="rigging_eyebrowns001-lib" name="rigging_eyebrowns001Mesh">
      <mesh>
        <source id="rigging_eyebrowns001-lib-Position" name="position">
          <float_array id="rigging_eyebrowns001-lib-Position-array" count="0"></float_array>
          <technique_common>
            <accessor count="0" source="#rigging_eyebrowns001-lib-Position-array" stride="3">
              <param name="X" type="float"/>
              <param name="Y" type="float"/>
              <param name="Z" type="float"/>
            </accessor>
          </technique_common>
        </source>
        <vertices id="rigging_eyebrowns001-lib-Vertex">
          <input semantic="POSITION" source="#rigging_eyebrowns001-lib-Position"/>
        </vertices>
      </mesh>
    </geometry>
    <geometry id="rigging_hear-lib" name="rigging_hearMesh">
      <mesh>
        <source id="rigging_hear-lib-Position" name="position">
          <float_array id="rigging_hear-lib-Position-array" count="0"></float_array>
          <technique_common>
            <accessor count="0" source="#rigging_hear-lib-Position-array" stride="3">
              <param name="X" type="float"/>
              <param name="Y" type="float"/>
              <param name="Z" type="float"/>
            </accessor>
          </technique_common>
        </source>
        <vertices id="rigging_hear-lib-Vertex">
          <input semantic="POSITION" source="#rigging_hear-lib-Position"/>
        </vertices>
      </mesh>
    </geometry>
    <geometry id="rigging_Tube001-lib" name="rigging_Tube001Mesh">
      <mesh>
        <source id="rigging_Tube001-lib-Position" name="position">
          <float_array id="rigging_Tube001-lib-Position-array" count="0"></float_array>
          <technique_common>
            <accessor count="0" source="#rigging_Tube001-lib-Position-array" stride="3">
              <param name="X" type="float"/>
              <param name="Y" type="float"/>
              <param name="Z" type="float"/>
            </accessor>
          </technique_common>
        </source>
        <vertices id="rigging_Tube001-lib-Vertex">
          <input semantic="POSITION" source="#rigging_Tube001-lib-Position"/>
        </vertices>
      </mesh>
    </geometry>
  </library_geometries>
  <library_controllers>
    <controller id="rigging_bodyController">
      <skin source="#rigging_body-lib">
        <bind_shape_matrix>1.000000 -0.000000 0.000000 0.000000 0.000000 1.000000 -0.000000 0.000000 0.000000 0.000000 1.000000 0.000000 0.000000 0.000000 0.000000 1.000000
</bind_shape_matrix>
        <source id="rigging_bodyController-Joints">
          <Name_array id="rigging_bodyController-Joints-array" count="1">
 rigging_body</Name_array>
          <technique_common>
            <accessor source="#rigging_bodyController-Joints-array" count="1">
              <param type="name"/>
            </accessor>
          </technique_common>
        </source>
        <source id="rigging_bodyController-Matrices">
          <float_array id="rigging_bodyController-Matrices-array" count="32">

1.000000 0.000000 0.000000 -0.000000 -0.000000 1.000000 0.000000 -0.000000 0.000000 -0.000000 1.000000 -0.000000 0.000000 0.000000 0.000000 1.000000
1.000000 0.000000 0.000000 -0.000000 -0.000000 1.000000 0.000000 -0.000000 0.000000 -0.000000 1.000000 -0.000000 0.000000 0.000000 0.000000 1.000000</float_array>
          <technique_common>
            <accessor source="#rigging_bodyController-Matrices-array" count="2" stride="16">
              <param type="float4x4"/>
            </accessor>
          </technique_common>
        </source>
        <source id="rigging_bodyController-Weights">
          <float_array id="rigging_bodyController-Weights-array" count="1">

1.000000</float_array>
          <technique_common>
            <accessor source="#rigging_bodyController-Weights-array" count="1">
              <param type="float"/>
            </accessor>
          </technique_common>
        </source>
        <joints>
          <input semantic="JOINT" source="#rigging_bodyController-Joints"/>
          <input semantic="INV_BIND_MATRIX" source="#rigging_bodyController-Matrices"/>
        </joints>
        <vertex_weights count="0">
          <input semantic="JOINT" offset="0" source="#rigging_bodyController-Joints"/>
          <input semantic="WEIGHT" offset="1" source="#rigging_bodyController-Weights"/>
          <vcount></vcount>
          <v></v>
        </vertex_weights>
      </skin>
    </controller>
    <controller id="rigging_Cylinder001Controller">
      <skin source="#rigging_Cylinder001-lib">
        <bind_shape_matrix>1.000000 -0.000000 0.000000 0.000000 0.000000 1.000000 -0.000000 0.000000 0.000000 0.000000 1.000000 0.000000 0.000000 0.000000 0.000000 1.000000
</bind_shape_matrix>
        <source id="rigging_Cylinder001Controller-Joints">
          <Name_array id="rigging_Cylinder001Controller-Joints-array" count="1">
 rigging_Cylinder001</Name_array>
          <technique_common>
            <accessor source="#rigging_Cylinder001Controller-Joints-array" count="1">
              <param type="name"/>
            </accessor>
          </technique_common>
        </source>
        <source id="rigging_Cylinder001Controller-Matrices">
          <float_array id="rigging_Cylinder001Controller-Matrices-array" count="32">

1.000000 0.000000 0.000000 -0.000000 -0.000000 1.000000 0.000000 -0.000000 0.000000 -0.000000 1.000000 -0.000000 0.000000 0.000000 0.000000 1.000000
1.000000 0.000000 0.000000 -0.000000 -0.000000 1.000000 0.000000 -0.000000 0.000000 -0.000000 1.000000 -0.000000 0.000000 0.000000 0.000000 1.000000</float_array>
          <technique_common>
            <accessor source="#rigging_Cylinder001Controller-Matrices-array" count="2" stride="16">
              <param type="float4x4"/>
            </accessor>
          </technique_common>
        </source>
        <source id="rigging_Cylinder001Controller-Weights">
          <float_array id="rigging_Cylinder001Controller-Weights-array" count="1">

1.000000</float_array>
          <technique_common>
            <accessor source="#rigging_Cylinder001Controller-Weights-array" count="1">
              <param type="float"/>
            </accessor>
          </technique_common>
        </source>
        <joints>
          <input semantic="JOINT" source="#rigging_Cylinder001Controller-Joints"/>
          <input semantic="INV_BIND_MATRIX" source="#rigging_Cylinder001Controller-Matrices"/>
        </joints>
        <vertex_weights count="0">
          <input semantic="JOINT" offset="0" source="#rigging_Cylinder001Controller-Joints"/>
          <input semantic="WEIGHT" offset="1" source="#rigging_Cylinder001Controller-Weights"/>
          <vcount></vcount>
          <v></v>
        </vertex_weights>
      </skin>
    </controller>
    <controller id="rigging_eyebrownsController">
      <skin source="#rigging_eyebrowns-lib">
        <bind_shape_matrix>1.000000 -0.000000 0.000000 0.000000 0.000000 1.000000 -0.000000 0.000000 0.000000 0.000000 1.000000 0.000000 0.000000 0.000000 0.000000 1.000000
</bind_shape_matrix>
        <source id="rigging_eyebrownsController-Joints">
          <Name_array id="rigging_eyebrownsController-Joints-array" count="1">
 rigging_eyebrowns</Name_array>
          <technique_common>
            <accessor source="#rigging_eyebrownsController-Joints-array" count="1">
              <param type="name"/>
            </accessor>
          </technique_common>
        </source>
        <source id="rigging_eyebrownsController-Matrices">
          <float_array id="rigging_eyebrownsController-Matrices-array" count="32">

1.000000 0.000000 0.000000 -0.000000 -0.000000 1.000000 0.000000 -0.000000 0.000000 -0.000000 1.000000 -0.000000 0.000000 0.000000 0.000000 1.000000
1.000000 0.000000 0.000000 -0.000000 -0.000000 1.000000 0.000000 -0.000000 0.000000 -0.000000 1.000000 -0.000000 0.000000 0.000000 0.000000 1.000000</float_array>
          <technique_common>
            <accessor source="#rigging_eyebrownsController-Matrices-array" count="2" stride="16">
              <param type="float4x4"/>
            </accessor>
          </technique_common>
        </source>
        <source id="rigging_eyebrownsController-Weights">
          <float_array id="rigging_eyebrownsController-Weights-array" count="1">

1.000000</float_array>
          <technique_common>
            <accessor source="#rigging_eyebrownsController-Weights-array" count="1">
              <param type="float"/>
            </accessor>
          </technique_common>
        </source>
        <joints>
          <input semantic="JOINT" source="#rigging_eyebrownsController-Joints"/>
          <input semantic="INV_BIND_MATRIX" source="#rigging_eyebrownsController-Matrices"/>
        </joints>
        <vertex_weights count="0">
          <input semantic="JOINT" offset="0" source="#rigging_eyebrownsController-Joints"/>
          <input semantic="WEIGHT" offset="1" source="#rigging_eyebrownsController-Weights"/>
          <vcount></vcount>
          <v></v>
        </vertex_weights>
      </skin>
    </controller>
    <controller id="rigging_eyebrowns001Controller">
      <skin source="#rigging_eyebrowns001-lib">
        <bind_shape_matrix>1.000000 -0.000000 0.000000 0.000000 0.000000 1.000000 -0.000000 0.000000 0.000000 0.000000 1.000000 0.000000 0.000000 0.000000 0.000000 1.000000
</bind_shape_matrix>
        <source id="rigging_eyebrowns001Controller-Joints">
          <Name_array id="rigging_eyebrowns001Controller-Joints-array" count="1">
 rigging_eyebrowns001</Name_array>
          <technique_common>
            <accessor source="#rigging_eyebrowns001Controller-Joints-array" count="1">
              <param type="name"/>
            </accessor>
          </technique_common>
        </source>
        <source id="rigging_eyebrowns001Controller-Matrices">
          <float_array id="rigging_eyebrowns001Controller-Matrices-array" count="32">

1.000000 0.000000 0.000000 -0.000000 -0.000000 1.000000 0.000000 -0.000000 0.000000 -0.000000 1.000000 -0.000000 0.000000 0.000000 0.000000 1.000000
1.000000 0.000000 0.000000 -0.000000 -0.000000 1.000000 0.000000 -0.000000 0.000000 -0.000000 1.000000 -0.000000 0.000000 0.000000 0.000000 1.000000</float_array>
          <technique_common>
            <accessor source="#rigging_eyebrowns001Controller-Matrices-array" count="2" stride="16">
              <param type="float4x4"/>
            </accessor>
          </technique_common>
        </source>
        <source id="rigging_eyebrowns001Controller-Weights">
          <float_array id="rigging_eyebrowns001Controller-Weights-array" count="1">

1.000000</float_array>
          <technique_common>
            <accessor source="#rigging_eyebrowns001Controller-Weights-array" count="1">
              <param type="float"/>
            </accessor>
          </technique_common>
        </source>
        <joints>
          <input semantic="JOINT" source="#rigging_eyebrowns001Controller-Joints"/>
          <input semantic="INV_BIND_MATRIX" source="#rigging_eyebrowns001Controller-Matrices"/>
        </joints>
        <vertex_weights count="0">
          <input semantic="JOINT" offset="0" source="#rigging_eyebrowns001Controller-Joints"/>
          <input semantic="WEIGHT" offset="1" source="#rigging_eyebrowns001Controller-Weights"/>
          <vcount></vcount>
          <v></v>
        </vertex_weights>
      </skin>
    </controller>
    <controller id="rigging_hearController">
      <skin source="#rigging_hear-lib">
        <bind_shape_matrix>1.000000 -0.000000 0.000000 0.000000 0.000000 1.000000 -0.000000 0.000000 0.000000 0.000000 1.000000 0.000000 0.000000 0.000000 0.000000 1.000000
</bind_shape_matrix>
        <source id="rigging_hearController-Joints">
          <Name_array id="rigging_hearController-Joints-array" count="1">
 rigging_hear</Name_array>
          <technique_common>
            <accessor source="#rigging_hearController-Joints-array" count="1">
              <param type="name"/>
            </accessor>
          </technique_common>
        </source>
        <source id="rigging_hearController-Matrices">
          <float_array id="rigging_hearController-Matrices-array" count="32">

1.000000 0.000000 0.000000 -0.000000 -0.000000 1.000000 0.000000 -0.000000 0.000000 -0.000000 1.000000 -0.000000 0.000000 0.000000 0.000000 1.000000
1.000000 0.000000 0.000000 -0.000000 -0.000000 1.000000 0.000000 -0.000000 0.000000 -0.000000 1.000000 -0.000000 0.000000 0.000000 0.000000 1.000000</float_array>
          <technique_common>
            <accessor source="#rigging_hearController-Matrices-array" count="2" stride="16">
              <param type="float4x4"/>
            </accessor>
          </technique_common>
        </source>
        <source id="rigging_hearController-Weights">
          <float_array id="rigging_hearController-Weights-array" count="1">

1.000000</float_array>
          <technique_common>
            <accessor source="#rigging_hearController-Weights-array" count="1">
              <param type="float"/>
            </accessor>
          </technique_common>
        </source>
        <joints>
          <input semantic="JOINT" source="#rigging_hearController-Joints"/>
          <input semantic="INV_BIND_MATRIX" source="#rigging_hearController-Matrices"/>
        </joints>
        <vertex_weights count="0">
          <input semantic="JOINT" offset="0" source="#rigging_hearController-Joints"/>
          <input semantic="WEIGHT" offset="1" source="#rigging_hearController-Weights"/>
          <vcount></vcount>
          <v></v>
        </vertex_weights>
      </skin>
    </controller>
    <controller id="rigging_Tube001Controller">
      <skin source="#rigging_Tube001-lib">
        <bind_shape_matrix>1.000000 -0.000000 0.000000 0.000000 0.000000 1.000000 -0.000000 0.000000 0.000000 0.000000 1.000000 0.000000 0.000000 0.000000 0.000000 1.000000
</bind_shape_matrix>
        <source id="rigging_Tube001Controller-Joints">
          <Name_array id="rigging_Tube001Controller-Joints-array" count="1">
 rigging_Tube001</Name_array>
          <technique_common>
            <accessor source="#rigging_Tube001Controller-Joints-array" count="1">
              <param type="name"/>
            </accessor>
          </technique_common>
        </source>
        <source id="rigging_Tube001Controller-Matrices">
          <float_array id="rigging_Tube001Controller-Matrices-array" count="32">

1.000000 0.000000 0.000000 -0.000000 -0.000000 1.000000 0.000000 -0.000000 0.000000 -0.000000 1.000000 -0.000000 0.000000 0.000000 0.000000 1.000000
1.000000 0.000000 0.000000 -0.000000 -0.000000 1.000000 0.000000 -0.000000 0.000000 -0.000000 1.000000 -0.000000 0.000000 0.000000 0.000000 1.000000</float_array>
          <technique_common>
            <accessor source="#rigging_Tube001Controller-Matrices-array" count="2" stride="16">
              <param type="float4x4"/>
            </accessor>
          </technique_common>
        </source>
        <source id="rigging_Tube001Controller-Weights">
          <float_array id="rigging_Tube001Controller-Weights-array" count="1">

1.000000</float_array>
          <technique_common>
            <accessor source="#rigging_Tube001Controller-Weights-array" count="1">
              <param type="float"/>
            </accessor>
          </technique_common>
        </source>
        <joints>
          <input semantic="JOINT" source="#rigging_Tube001Controller-Joints"/>
          <input semantic="INV_BIND_MATRIX" source="#rigging_Tube001Controller-Matrices"/>
        </joints>
        <vertex_weights count="0">
          <input semantic="JOINT" offset="0" source="#rigging_Tube001Controller-Joints"/>
          <input semantic="WEIGHT" offset="1" source="#rigging_Tube001Controller-Weights"/>
          <vcount></vcount>
          <v></v>
        </vertex_weights>
      </skin>
    </controller>
  </library_controllers>
  <library_animations>
    <animation id="rigging_Yennefer-anim" name="rigging_Yennefer"><source id="rigging_Yennefer-Matrix-animation-input"><float_array id="rigging_Yennefer-Matrix-animation-input-array" count="86">

0.000000 0.033333 0.066667 0.100000 0.133333 0.166667 0.200000 0.233333 0.266667 0.300000 0.333333 0.366667 0.400000 0.433333 0.466667 0.500000
0.533333 0.566667 0.600000 0.633333 0.666667 0.700000 0.733333 0.766667 0.800000 0.833333 0.866667 0.900000 0.933333 0.966667 1.000000 1.033333
1.066667 1.100000 1.133333 1.166667 1.200000 1.233333 1.266667 1.300000 1.333333 1.366667 1.400000 1.433333 1.466667 1.500000 1.533333 1.566667
1.600000 1.633333 1.666667 1.700000 1.733333 1.766667 1.800000 1.833333 1.866667 1.900000 1.933333 1.966667 2.000000 2.033333 2.066667 2.100000
2.133333 2.166667 2.200000 2.233333 2.266667 2.300000 2.333333 2.366667 2.400000 2.433333 2.466667 2.500000 2.533333 2.566667 2.600000 2.633333
2.666667 2.700000 2.733333 2.766667 2.800000 2.833333</float_array><technique_common><accessor source="#rigging_Yennefer-Matrix-animation-input-array" count="86"><param name="TIME" type="float"/></accessor></technique_common></source><source id="rigging_Yennefer-Matrix-animation-output-transform"><float_array id="rigging_Yennefer-Matrix-animation-output-transform-array" count="1376">

0.961382 0.021198 0.274399 -0.027716 -0.023077 0.999727 0.003618 -0.011736 -0.274247 -0.009811 0.961609 -0.011713 0.000000 0.000000 0.000000 1.000000
0.961004 0.021314 0.275712 -0.027619 -0.023104 0.999728 0.003244 -0.011803 -0.275568 -0.009488 0.961235 -0.011705 0.000000 0.000000 0.000000 1.000000
0.960615 0.021462 0.277053 -0.027530 -0.023154 0.999728 0.002836 -0.011877 -0.276917 -0.009139 0.960851 -0.011707 0.000000 0.000000 0.000000 1.000000
0.960228 0.021601 0.278379 -0.027434 -0.023198 0.999728 0.002443 -0.011946 -0.278251 -0.008804 0.960468 -0.011701 0.000000 0.000000 0.000000 1.000000
0.959856 0.021723 0.279652 -0.027339 -0.023239 0.999728 0.002108 -0.012012 -0.279530 -0.008522 0.960099 -0.011682 0.000000 0.000000 0.000000 1.000000
0.959511 0.021725 0.280832 -0.027187 -0.023190 0.999729 0.001897 -0.012074 -0.280715 -0.008333 0.959755 -0.011630 0.000000 0.000000 0.000000 1.000000
0.959242 0.021449 0.281772 -0.026919 -0.022948 0.999735 0.002019 -0.012128 -0.281654 -0.008403 0.959479 -0.011486 0.000000 0.000000 0.000000 1.000000
0.959009 0.021128 0.282588 -0.026645 -0.022720 0.999739 0.002360 -0.012161 -0.282464 -0.008684 0.959238 -0.011274 0.000000 0.000000 0.000000 1.000000
0.958790 0.020805 0.283353 -0.026376 -0.022518 0.999743 0.002787 -0.012198 -0.283222 -0.009053 0.959012 -0.011031 0.000000 0.000000 0.000000 1.000000
0.958602 0.020487 0.284012 -0.026119 -0.022337 0.999745 0.003276 -0.012224 -0.283872 -0.009485 0.958815 -0.010775 0.000000 0.000000 0.000000 1.000000
0.958466 0.020205 0.284489 -0.025887 -0.022183 0.999747 0.003731 -0.012237 -0.284342 -0.009887 0.958672 -0.010554 0.000000 0.000000 0.000000 1.000000
0.958379 0.019946 0.284801 -0.025670 -0.022035 0.999749 0.004130 -0.012238 -0.284647 -0.010234 0.958578 -0.010371 0.000000 0.000000 0.000000 1.000000
0.958393 0.019780 0.284765 -0.025510 -0.021933 0.999750 0.004371 -0.012221 -0.284608 -0.010435 0.958587 -0.010284 0.000000 0.000000 0.000000 1.000000
0.958580 0.019746 0.284137 -0.025433 -0.021890 0.999751 0.004371 -0.012184 -0.283980 -0.010410 0.958774 -0.010343 0.000000 0.000000 0.000000 1.000000
0.958914 0.019818 0.283003 -0.025422 -0.021874 0.999752 0.004109 -0.012132 -0.282851 -0.010130 0.959110 -0.010550 0.000000 0.000000 0.000000 1.000000
0.959309 0.019901 0.281655 -0.025434 -0.021818 0.999755 0.003671 -0.012067 -0.281513 -0.009667 0.959509 -0.010846 0.000000 0.000000 0.000000 1.000000
0.959737 0.019820 0.280200 -0.025412 -0.021589 0.999762 0.003228 -0.011967 -0.280070 -0.009147 0.959936 -0.011182 0.000000 0.000000 0.000000 1.000000
0.960189 0.019522 0.278667 -0.025344 -0.021141 0.999773 0.002807 -0.011832 -0.278549 -0.008587 0.960384 -0.011545 0.000000 0.000000 0.000000 1.000000
0.960661 0.019245 0.277056 -0.025330 -0.020674 0.999784 0.002237 -0.011660 -0.276954 -0.007877 0.960851 -0.011989 0.000000 0.000000 0.000000 1.000000
0.961214 0.019269 0.275130 -0.025508 -0.020467 0.999789 0.001484 -0.011449 -0.275044 -0.007058 0.961406 -0.012501 0.000000 0.000000 0.000000 1.000000
0.961830 0.019436 0.272958 -0.025766 -0.020416 0.999791 0.000751 -0.011237 -0.272886 -0.006295 0.962026 -0.012991 0.000000 0.000000 0.000000 1.000000
0.962512 0.019745 0.270520 -0.026110 -0.020535 0.999789 0.000091 -0.011040 -0.270462 -0.005643 0.962714 -0.013441 0.000000 0.000000 0.000000 1.000000
0.963219 0.019719 0.267992 -0.026289 -0.020424 0.999791 -0.000158 -0.010916 -0.267940 -0.005321 0.963421 -0.013736 0.000000 0.000000 0.000000 1.000000
0.963870 0.019249 0.265676 -0.026270 -0.019925 0.999801 -0.000153 -0.010876 -0.265626 -0.005146 0.964062 -0.013932 0.000000 0.000000 0.000000 1.000000
0.964472 0.018672 0.263525 -0.026238 -0.019298 0.999814 -0.000213 -0.010897 -0.263480 -0.004881 0.964652 -0.014146 0.000000 0.000000 0.000000 1.000000
0.965106 0.017876 0.261248 -0.026131 -0.018477 0.999829 -0.000152 -0.010966 -0.261206 -0.004680 0.965272 -0.014341 0.000000 0.000000 0.000000 1.000000
0.965750 0.017191 0.258906 -0.026075 -0.017719 0.999843 -0.000295 -0.011054 -0.258870 -0.004303 0.965902 -0.014616 0.000000 0.000000 0.000000 1.000000
0.966407 0.016810 0.256465 -0.026187 -0.017136 0.999853 -0.000963 -0.011135 -0.256443 -0.003464 0.966553 -0.015106 0.000000 0.000000 0.000000 1.000000
0.966934 0.016378 0.254499 -0.026262 -0.016534 0.999862 -0.001530 -0.011227 -0.254489 -0.002729 0.967072 -0.015570 0.000000 0.000000 0.000000 1.000000
0.967311 0.015818 0.253099 -0.026312 -0.015942 0.999872 -0.001561 -0.011344 -0.253092 -0.002525 0.967439 -0.015819 0.000000 0.000000 0.000000 1.000000
0.967496 0.015847 0.252389 -0.026572 -0.015770 0.999873 -0.002330 -0.011460 -0.252394 -0.001726 0.967623 -0.016325 0.000000 0.000000 0.000000 1.000000
0.967626 0.016030 0.251878 -0.026864 -0.015681 0.999871 -0.003393 -0.011588 -0.251900 -0.000666 0.967753 -0.016941 0.000000 0.000000 0.000000 1.000000
0.967720 0.016110 0.251512 -0.027100 -0.015645 0.999870 -0.003850 -0.011698 -0.251541 -0.000209 0.967847 -0.017275 0.000000 0.000000 0.000000 1.000000
0.967788 0.015887 0.251265 -0.027191 -0.015662 0.999873 -0.002894 -0.011804 -0.251279 -0.001135 0.967914 -0.016977 0.000000 0.000000 0.000000 1.000000
0.967688 0.015632 0.251665 -0.027238 -0.015713 0.999875 -0.001690 -0.011880 -0.251660 -0.002319 0.967813 -0.016499 0.000000 0.000000 0.000000 1.000000
0.967468 0.015384 0.252524 -0.027272 -0.015764 0.999876 -0.000519 -0.011941 -0.252501 -0.003479 0.967590 -0.015988 0.000000 0.000000 0.000000 1.000000
0.967191 0.015155 0.253597 -0.027292 -0.015809 0.999875 0.000541 -0.011984 -0.253557 -0.004532 0.967310 -0.015497 0.000000 0.000000 0.000000 1.000000
0.966895 0.014917 0.254739 -0.027301 -0.015834 0.999873 0.001547 -0.012021 -0.254684 -0.005529 0.967008 -0.015019 0.000000 0.000000 0.000000 1.000000
0.966590 0.014693 0.255905 -0.027308 -0.015864 0.999871 0.002513 -0.012061 -0.255835 -0.006488 0.966699 -0.014555 0.000000 0.000000 0.000000 1.000000
0.966288 0.014487 0.257057 -0.027318 -0.015898 0.999868 0.003411 -0.012104 -0.256974 -0.007383 0.966390 -0.014117 0.000000 0.000000 0.000000 1.000000
0.965995 0.014298 0.258167 -0.027329 -0.015926 0.999864 0.004215 -0.012140 -0.258071 -0.008184 0.966091 -0.013720 0.000000 0.000000 0.000000 1.000000
0.965733 0.014183 0.259152 -0.027354 -0.015951 0.999862 0.004719 -0.012171 -0.259049 -0.008691 0.965825 -0.013446 0.000000 0.000000 0.000000 1.000000
0.965488 0.014107 0.260065 -0.027383 -0.015979 0.999859 0.005083 -0.012204 -0.259957 -0.009063 0.965578 -0.013231 0.000000 0.000000 0.000000 1.000000
0.965258 0.014041 0.260919 -0.027416 -0.016006 0.999857 0.005409 -0.012235 -0.260806 -0.009397 0.965345 -0.013030 0.000000 0.000000 0.000000 1.000000
0.965049 0.013985 0.261697 -0.027449 -0.016037 0.999855 0.005707 -0.012268 -0.261580 -0.009704 0.965133 -0.012841 0.000000 0.000000 0.000000 1.000000
0.964892 0.013980 0.262274 -0.027496 -0.016097 0.999853 0.005923 -0.012300 -0.262152 -0.009937 0.964975 -0.012686 0.000000 0.000000 0.000000 1.000000
0.964772 0.014000 0.262714 -0.027549 -0.016165 0.999851 0.006082 -0.012331 -0.262590 -0.010114 0.964855 -0.012553 0.000000 0.000000 0.000000 1.000000
0.964684 0.014035 0.263037 -0.027606 -0.016237 0.999849 0.006198 -0.012360 -0.262910 -0.010250 0.964766 -0.012436 0.000000 0.000000 0.000000 1.000000
0.964623 0.014074 0.263257 -0.027665 -0.016307 0.999847 0.006298 -0.012392 -0.263129 -0.010368 0.964705 -0.012324 0.000000 0.000000 0.000000 1.000000
0.964584 0.014099 0.263399 -0.027720 -0.016368 0.999845 0.006422 -0.012416 -0.263268 -0.010506 0.964666 -0.012198 0.000000 0.000000 0.000000 1.000000
0.964577 0.014112 0.263425 -0.027770 -0.016419 0.999844 0.006558 -0.012449 -0.263292 -0.010651 0.964657 -0.012066 0.000000 0.000000 0.000000 1.000000
0.964578 0.014131 0.263420 -0.027823 -0.016474 0.999842 0.006689 -0.012480 -0.263284 -0.010791 0.964658 -0.011935 0.000000 0.000000 0.000000 1.000000
0.964570 0.014161 0.263448 -0.027880 -0.016537 0.999840 0.006800 -0.012514 -0.263310 -0.010916 0.964650 -0.011805 0.000000 0.000000 0.000000 1.000000
0.964528 0.014204 0.263599 -0.027936 -0.016600 0.999839 0.006865 -0.012546 -0.263459 -0.010997 0.964608 -0.011708 0.000000 0.000000 0.000000 1.000000
0.964444 0.014269 0.263903 -0.027992 -0.016677 0.999837 0.006889 -0.012574 -0.263762 -0.011045 0.964525 -0.011637 0.000000 0.000000 0.000000 1.000000
0.964343 0.014345 0.264265 -0.028051 -0.016762 0.999836 0.006894 -0.012602 -0.264123 -0.011077 0.964425 -0.011578 0.000000 0.000000 0.000000 1.000000
0.964230 0.014429 0.264673 -0.028113 -0.016854 0.999834 0.006893 -0.012627 -0.264529 -0.011107 0.964314 -0.011520 0.000000 0.000000 0.000000 1.000000
0.964095 0.014536 0.265159 -0.028184 -0.016972 0.999832 0.006897 -0.012655 -0.265015 -0.011150 0.964180 -0.011450 0.000000 0.000000 0.000000 1.000000
0.963903 0.014707 0.265847 -0.028285 -0.017164 0.999829 0.006919 -0.012681 -0.265700 -0.011232 0.963990 -0.011359 0.000000 0.000000 0.000000 1.000000
0.963538 0.015036 0.267149 -0.028466 -0.017545 0.999822 0.007007 -0.012703 -0.266996 -0.011439 0.963630 -0.011184 0.000000 0.000000 0.000000 1.000000
0.963131 0.015405 0.268593 -0.028665 -0.017978 0.999813 0.007123 -0.012723 -0.268433 -0.011689 0.963227 -0.010975 0.000000 0.000000 0.000000 1.000000
0.962727 0.015771 0.270016 -0.028863 -0.018417 0.999804 0.007269 -0.012737 -0.269849 -0.011971 0.962828 -0.010743 0.000000 0.000000 0.000000 1.000000
0.962401 0.016067 0.271157 -0.029011 -0.018792 0.999796 0.007456 -0.012757 -0.270982 -0.012272 0.962506 -0.010510 0.000000 0.000000 0.000000 1.000000
0.962129 0.016327 0.272105 -0.029130 -0.019131 0.999788 0.007656 -0.012776 -0.271923 -0.012571 0.962237 -0.010286 0.000000 0.000000 0.000000 1.000000
0.961990 0.016498 0.272587 -0.029191 -0.019372 0.999781 0.007854 -0.012813 -0.272398 -0.012836 0.962099 -0.010100 0.000000 0.000000 0.000000 1.000000
0.961950 0.016666 0.272716 -0.029234 -0.019587 0.999776 0.007995 -0.012841 -0.272521 -0.013032 0.962061 -0.009962 0.000000 0.000000 0.000000 1.000000
0.961905 0.016911 0.272859 -0.029306 -0.019853 0.999771 0.008023 -0.012872 -0.272661 -0.013135 0.962020 -0.009871 0.000000 0.000000 0.000000 1.000000
0.961807 0.017338 0.273178 -0.029443 -0.020261 0.999764 0.007884 -0.012898 -0.272977 -0.013118 0.961931 -0.009827 0.000000 0.000000 0.000000 1.000000
0.961724 0.017776 0.273443 -0.029574 -0.020668 0.999757 0.007701 -0.012924 -0.273240 -0.013058 0.961857 -0.009806 0.000000 0.000000 0.000000 1.000000
0.961599 0.017968 0.273868 -0.029578 -0.020832 0.999754 0.007554 -0.012940 -0.273665 -0.012969 0.961738 -0.009806 0.000000 0.000000 0.000000 1.000000
0.961429 0.018072 0.274459 -0.029520 -0.020929 0.999753 0.007483 -0.012964 -0.274256 -0.012939 0.961570 -0.009788 0.000000 0.000000 0.000000 1.000000
0.961247 0.018131 0.275092 -0.029404 -0.021037 0.999750 0.007615 -0.012984 -0.274885 -0.013107 0.961388 -0.009690 0.000000 0.000000 0.000000 1.000000
0.961155 0.018271 0.275405 -0.029266 -0.021241 0.999744 0.007805 -0.012992 -0.275192 -0.013352 0.961296 -0.009576 0.000000 0.000000 0.000000 1.000000
0.961117 0.018419 0.275526 -0.029092 -0.021368 0.999742 0.007706 -0.012963 -0.275313 -0.013294 0.961263 -0.009632 0.000000 0.000000 0.000000 1.000000
0.961065 0.018576 0.275697 -0.028891 -0.021451 0.999742 0.007415 -0.012919 -0.275488 -0.013041 0.961216 -0.009791 0.000000 0.000000 0.000000 1.000000
0.960957 0.018693 0.276066 -0.028684 -0.021498 0.999743 0.007138 -0.012813 -0.275862 -0.012794 0.961112 -0.009952 0.000000 0.000000 0.000000 1.000000
0.960804 0.018792 0.276592 -0.028477 -0.021528 0.999745 0.006856 -0.012665 -0.276392 -0.012542 0.960963 -0.010117 0.000000 0.000000 0.000000 1.000000
0.960633 0.018912 0.277174 -0.028279 -0.021573 0.999746 0.006555 -0.012510 -0.276980 -0.012276 0.960797 -0.010296 0.000000 0.000000 0.000000 1.000000
0.960454 0.019065 0.277787 -0.028098 -0.021644 0.999746 0.006221 -0.012348 -0.277598 -0.011988 0.960623 -0.010487 0.000000 0.000000 0.000000 1.000000
0.960271 0.019273 0.278402 -0.027947 -0.021759 0.999746 0.005841 -0.012187 -0.278219 -0.011667 0.960447 -0.010693 0.000000 0.000000 0.000000 1.000000
0.960137 0.019641 0.278840 -0.027876 -0.022006 0.999743 0.005357 -0.012041 -0.278663 -0.011279 0.960323 -0.010927 0.000000 0.000000 0.000000 1.000000
0.960121 0.020024 0.278866 -0.027830 -0.022274 0.999740 0.004903 -0.011924 -0.278696 -0.010919 0.960317 -0.011137 0.000000 0.000000 0.000000 1.000000
0.960227 0.020396 0.278474 -0.027804 -0.022538 0.999736 0.004491 -0.011828 -0.278309 -0.010588 0.960433 -0.011324 0.000000 0.000000 0.000000 1.000000
0.960585 0.020746 0.277210 -0.027811 -0.022794 0.999731 0.004168 -0.011793 -0.277049 -0.010323 0.960800 -0.011460 0.000000 0.000000 0.000000 1.000000
0.960982 0.021087 0.275807 -0.027818 -0.023045 0.999727 0.003862 -0.011761 -0.275650 -0.010067 0.961205 -0.011588 0.000000 0.000000 0.000000 1.000000
0.961378 0.021406 0.274399 -0.027822 -0.023277 0.999723 0.003561 -0.011731 -0.274246 -0.009811 0.961609 -0.011715 0.000000 0.000000 0.000000 1.000000</float_array><technique_common><accessor source="#rigging_Yennefer-Matrix-animation-output-transform-array" count="86" stride="16"><param type="float4x4"/></accessor></technique_common></source><source id="rigging_Yennefer-Interpolations"><Name_array id="rigging_Yennefer-Interpolations-array" count="86">
 LINEAR LINEAR LINEAR LINEAR LINEAR LINEAR LINEAR LINEAR LINEAR LINEAR LINEAR
LINEAR LINEAR LINEAR LINEAR LINEAR LINEAR LINEAR LINEAR LINEAR LINEAR LINEAR LINEAR
LINEAR LINEAR LINEAR LINEAR LINEAR LINEAR LINEAR LINEAR LINEAR LINEAR LINEAR LINEAR
LINEAR LINEAR LINEAR LINEAR LINEAR LINEAR LINEAR LINEAR LINEAR LINEAR LINEAR LINEAR
LINEAR LINEAR LINEAR LINEAR LINEAR LINEAR LINEAR LINEAR LINEAR LINEAR LINEAR LINEAR
LINEAR LINEAR LINEAR LINEAR LINEAR LINEAR LINEAR LINEAR LINEAR LINEAR LINEAR LINEAR
LINEAR LINEAR LINEAR LINEAR LINEAR LINEAR LINEAR LINEAR LINEAR LINEAR LINEAR LINEAR
LINEAR LINEAR LINEAR</Name_array><technique_common><accessor source="#rigging_Yennefer-Interpolations-array" count="86"><param type="name"/></accessor></technique_common></source><sampler id="rigging_Yennefer-Matrix-animation-transform"><input semantic="INPUT" source="#rigging_Yennefer-Matrix-animation-input"/><input semantic="OUTPUT" source="#rigging_Yennefer-Matrix-animation-output-transform"/><input semantic="INTERPOLATION" source="#rigging_Yennefer-Interpolations"/></sampler><channel source="#rigging_Yennefer-Matrix-animation-transform" target="rigging_Yennefer/matrix"/></animation>
    <animation id="rigging_meshes-anim" name="rigging_meshes"><source id="rigging_meshes-Matrix-animation-input"><float_array id="rigging_meshes-Matrix-animation-input-array" count="86">

0.000000 0.033333 0.066667 0.100000 0.133333 0.166667 0.200000 0.233333 0.266667 0.300000 0.333333 0.366667 0.400000 0.433333 0.466667 0.500000
0.533333 0.566667 0.600000 0.633333 0.666667 0.700000 0.733333 0.766667 0.800000 0.833333 0.866667 0.900000 0.933333 0.966667 1.000000 1.033333
1.066667 1.100000 1.133333 1.166667 1.200000 1.233333 1.266667 1.300000 1.333333 1.366667 1.400000 1.433333 1.466667 1.500000 1.533333 1.566667
1.600000 1.633333 1.666667 1.700000 1.733333 1.766667 1.800000 1.833333 1.866667 1.900000 1.933333 1.966667 2.000000 2.033333 2.066667 2.100000
2.133333 2.166667 2.200000 2.233333 2.266667 2.300000 2.333333 2.366667 2.400000 2.433333 2.466667 2.500000 2.533333 2.566667 2.600000 2.633333
2.666667 2.700000 2.733333 2.766667 2.800000 2.833333</float_array><technique_common><accessor source="#rigging_meshes-Matrix-animation-input-array" count="86"><param name="TIME" type="float"/></accessor></technique_common></source><source id="rigging_meshes-Matrix-animation-output-transform"><float_array id="rigging_meshes-Matrix-animation-output-transform-array" count="1376">

1.000000 -0.000000 0.000000 0.000000 -0.000000 1.000000 0.000000 0.000000 0.000000 0.000000 1.000000 0.000000 0.000000 0.000000 0.000000 1.000000
1.000000 -0.000000 0.000000 0.000000 -0.000000 1.000000 -0.000000 0.000000 0.000000 0.000000 1.000000 0.000000 0.000000 0.000000 0.000000 1.000000
1.000000 -0.000000 0.000000 0.000000 -0.000000 1.000000 0.000000 0.000000 -0.000000 -0.000000 1.000000 0.000000 0.000000 0.000000 0.000000 1.000000
1.000000 0.000000 0.000000 0.000000 0.000000 1.000000 0.000000 0.000000 0.000000 0.000000 1.000000 0.000000 0.000000 0.000000 0.000000 1.000000
1.000000 -0.000000 0.000000 0.000000 -0.000000 1.000000 0.000000 0.000000 0.000000 0.000000 1.000000 0.000000 0.000000 0.000000 0.000000 1.000000
1.000000 -0.000000 0.000000 0.000000 -0.000000 1.000000 -0.000000 0.000000 0.000000 0.000000 1.000000 0.000000 0.000000 0.000000 0.000000 1.000000
1.000000 -0.000000 -0.000000 0.000000 0.000000 1.000000 0.000000 0.000000 0.000000 0.000000 1.000000 0.000000 0.000000 0.000000 0.000000 1.000000
1.000000 -0.000000 0.000000 0.000000 0.000000 1.000000 -0.000000 0.000000 0.000000 0.000000 1.000000 0.000000 0.000000 0.000000 0.000000 1.000000
1.000000 -0.000000 -0.000000 0.000000 0.000000 1.000000 -0.000000 0.000000 -0.000000 -0.000000 1.000000 0.000000 0.000000 0.000000 0.000000 1.000000
1.000000 -0.000000 -0.000000 0.000000 0.000000 1.000000 -0.000000 0.000000 0.000000 0.000000 1.000000 0.000000 0.000000 0.000000 0.000000 1.000000
1.000000 -0.000000 0.000000 0.000000 0.000000 1.000000 0.000000 0.000000 0.000000 0.000000 1.000000 0.000000 0.000000 0.000000 0.000000 1.000000
1.000000 0.000000 -0.000000 0.000000 -0.000000 1.000000 0.000000 0.000000 0.000000 0.000000 1.000000 0.000000 0.000000 0.000000 0.000000 1.000000
1.000000 -0.000000 0.000000 0.000000 -0.000000 1.000000 0.000000 0.000000 0.000000 0.000000 1.000000 0.000000 0.000000 0.000000 0.000000 1.000000
1.000000 -0.000000 0.000000 0.000000 -0.000000 1.000000 0.000000 0.000000 0.000000 0.000000 1.000000 0.000000 0.000000 0.000000 0.000000 1.000000
1.000000 -0.000000 -0.000000 0.000000 -0.000000 1.000000 -0.000000 0.000000 -0.000000 -0.000000 1.000000 0.000000 0.000000 0.000000 0.000000 1.000000
1.000000 -0.000000 0.000000 0.000000 0.000000 1.000000 -0.000000 0.000000 0.000000 -0.000000 1.000000 0.000000 0.000000 0.000000 0.000000 1.000000
1.000000 0.000000 0.000000 0.000000 -0.000000 1.000000 0.000000 0.000000 0.000000 0.000000 1.000000 0.000000 0.000000 0.000000 0.000000 1.000000
1.000000 -0.000000 0.000000 0.000000 0.000000 1.000000 -0.000000 0.000000 0.000000 0.000000 1.000000 0.000000 0.000000 0.000000 0.000000 1.000000
1.000000 -0.000000 0.000000 0.000000 -0.000000 1.000000 0.000000 0.000000 0.000000 0.000000 1.000000 0.000000 0.000000 0.000000 0.000000 1.000000
1.000000 -0.000000 -0.000000 0.000000 0.000000 1.000000 0.000000 0.000000 0.000000 0.000000 1.000000 0.000000 0.000000 0.000000 0.000000 1.000000
1.000000 0.000000 -0.000000 0.000000 0.000000 1.000000 -0.000000 0.000000 0.000000 0.000000 1.000000 0.000000 0.000000 0.000000 0.000000 1.000000
1.000000 -0.000000 0.000000 0.000000 -0.000000 1.000000 0.000000 0.000000 0.000000 0.000000 1.000000 0.000000 0.000000 0.000000 0.000000 1.000000
1.000000 -0.000000 -0.000000 0.000000 0.000000 1.000000 -0.000000 0.000000 -0.000000 -0.000000 1.000000 0.000000 0.000000 0.000000 0.000000 1.000000
1.000000 0.000000 -0.000000 0.000000 -0.000000 1.000000 -0.000000 0.000000 -0.000000 0.000000 1.000000 0.000000 0.000000 0.000000 0.000000 1.000000
1.000000 0.000000 0.000000 0.000000 -0.000000 1.000000 0.000000 0.000000 0.000000 -0.000000 1.000000 0.000000 0.000000 0.000000 0.000000 1.000000
1.000000 0.000000 0.000000 0.000000 0.000000 1.000000 0.000000 0.000000 0.000000 0.000000 1.000000 0.000000 0.000000 0.000000 0.000000 1.000000
1.000000 0.000000 -0.000000 0.000000 0.000000 1.000000 0.000000 0.000000 0.000000 0.000000 1.000000 0.000000 0.000000 0.000000 0.000000 1.000000
1.000000 -0.000000 0.000000 0.000000 -0.000000 1.000000 -0.000000 0.000000 -0.000000 -0.000000 1.000000 0.000000 0.000000 0.000000 0.000000 1.000000
1.000000 0.000000 0.000000 0.000000 0.000000 1.000000 0.000000 0.000000 0.000000 0.000000 1.000000 0.000000 0.000000 0.000000 0.000000 1.000000
