<?xml version="1.0" encoding="utf-8"?>
<COLLADA xmlns="http://www.collada.org/2005/11/COLLADASchema" version="1.4.1">
  <asset><contributor><author>Mixamo</author><authoring_tool>COLLADA Mixamo exporter</authoring_tool><comments></comments></contributor><created>2020-05-24T11:23:33Z</created><modified>2020-05-24T11:23:33Z</modified><revision></revision><title></title><unit meter="0.010000"/><up_axis>Y_UP</up_axis></asset>
  <library_geometries>
    <geometry id="rigging_body-lib" name="rigging_bodyMesh">
      <mesh>
        <source id="rigging_body-lib-Position" name="position">
          <float_array id="rigging_body-lib-Position-array" count="0"></float_array>
          <technique_common>
            <accessor count="0" source="#rigging_body-lib-Position-array" stride="3">
              <param name="X" type="float"/>
              <param name="Y" type="float"/>
              <param name="Z" type="float"/>
            </accessor>
          </technique_common>
        </source>
        <vertices id="rigging_body-lib-Vertex">
          <input semantic="POSITION" source="#rigging_body-lib-Position"/>
        </vertices>
      </mesh>
    </geometry>
    <geometry id="rigging_Cylinder001-lib" name="rigging_Cylinder001Mesh">
      <mesh>
        <source id="rigging_Cylinder001-lib-Position" name="position">
          <float_array id="rigging_Cylinder001-lib-Position-array" count="0"></float_array>
          <technique_common>
            <accessor count="0" source="#rigging_Cylinder001-lib-Position-array" stride="3">
              <param name="X" type="float"/>
              <param name="Y" type="float"/>
              <param name="Z" type="float"/>
            </accessor>
          </technique_common>
        </source>
        <vertices id="rigging_Cylinder001-lib-Vertex">
          <input semantic="POSITION" source="#rigging_Cylinder001-lib-Position"/>
        </vertices>
      </mesh>
    </geometry>
    <geometry id="rigging_eyebrowns-lib" name="rigging_eyebrownsMesh">
      <mesh>
        <source id="rigging_eyebrowns-lib-Position" name="position">
          <float_array id="rigging_eyebrowns-lib-Position-array" count="0"></float_array>
          <technique_common>
            <accessor count="0" source="#rigging_eyebrowns-lib-Position-array" stride="3">
              <param name="X" type="float"/>
              <param name="Y" type="float"/>
              <param name="Z" type="float"/>
            </accessor>
          </technique_common>
        </source>
        <vertices id="rigging_eyebrowns-lib-Vertex">
          <input semantic="POSITION" source="#rigging_eyebrowns-lib-Position"/>
        </vertices>
      </mesh>
    </geometry>
    <geometry id="rigging_eyebrowns001-lib" name="rigging_eyebrowns001Mesh">
      <mesh>
        <source id="rigging_eyebrowns001-lib-Position" name="position">
          <float_array id="rigging_eyebrowns001-lib-Position-array" count="0"></float_array>
          <technique_common>
            <accessor count="0" source="#rigging_eyebrowns001-lib-Position-array" stride="3">
              <param name="X" type="float"/>
              <param name="Y" type="float"/>
              <param name="Z" type="float"/>
            </accessor>
          </technique_common>
        </source>
        <vertices id="rigging_eyebrowns001-lib-Vertex">
          <input semantic="POSITION" source="#rigging_eyebrowns001-lib-Position"/>
        </vertices>
      </mesh>
    </geometry>
    <geometry id="rigging_hear-lib" name="rigging_hearMesh">
      <mesh>
        <source id="rigging_hear-lib-Position" name="position">
          <float_array id="rigging_hear-lib-Position-array" count="0"></float_array>
          <technique_common>
            <accessor count="0" source="#rigging_hear-lib-Position-array" stride="3">
              <param name="X" type="float"/>
              <param name="Y" type="float"/>
              <param name="Z" type="float"/>
            </accessor>
          </technique_common>
        </source>
        <vertices id="rigging_hear-lib-Vertex">
          <input semantic="POSITION" source="#rigging_hear-lib-Position"/>
        </vertices>
      </mesh>
    </geometry>
    <geometry id="rigging_Tube001-lib" name="rigging_Tube001Mesh">
      <mesh>
        <source id="rigging_Tube001-lib-Position" name="position">
          <float_array id="rigging_Tube001-lib-Position-array" count="0"></float_array>
          <technique_common>
            <accessor count="0" source="#rigging_Tube001-lib-Position-array" stride="3">
              <param name="X" type="float"/>
              <param name="Y" type="float"/>
              <param name="Z" type="float"/>
            </accessor>
          </technique_common>
        </source>
        <vertices id="rigging_Tube001-lib-Vertex">
          <input semantic="POSITION" source="#rigging_Tube001-lib-Position"/>
        </vertices>
      </mesh>
    </geometry>
  </library_geometries>
  <library_controllers>
    <controller id="rigging_bodyController">
      <skin source="#rigging_body-lib">
        <bind_shape_matrix>1.000000 -0.000000 0.000000 0.000000 0.000000 1.000000 -0.000000 0.000000 0.000000 0.000000 1.000000 0.000000 0.000000 0.000000 0.000000 1.000000
</bind_shape_matrix>
        <source id="rigging_bodyController-Joints">
          <Name_array id="rigging_bodyController-Joints-array" count="1">
 rigging_body</Name_array>
          <technique_common>
            <accessor source="#rigging_bodyController-Joints-array" count="1">
              <param type="name"/>
            </accessor>
          </technique_common>
        </source>
        <source id="rigging_bodyController-Matrices">
          <float_array id="rigging_bodyController-Matrices-array" count="32">

1.000000 0.000000 0.000000 -0.000000 -0.000000 1.000000 0.000000 -0.000000 0.000000 -0.000000 1.000000 -0.000000 0.000000 0.000000 0.000000 1.000000
1.000000 0.000000 0.000000 -0.000000 -0.000000 1.000000 0.000000 -0.000000 0.000000 -0.000000 1.000000 -0.000000 0.000000 0.000000 0.000000 1.000000</float_array>
          <technique_common>
            <accessor source="#rigging_bodyController-Matrices-array" count="2" stride="16">
              <param type="float4x4"/>
            </accessor>
          </technique_common>
        </source>
        <source id="rigging_bodyController-Weights">
          <float_array id="rigging_bodyController-Weights-array" count="1">

1.000000</float_array>
          <technique_common>
            <accessor source="#rigging_bodyController-Weights-array" count="1">
              <param type="float"/>
            </accessor>
          </technique_common>
        </source>
        <joints>
          <input semantic="JOINT" source="#rigging_bodyController-Joints"/>
          <input semantic="INV_BIND_MATRIX" source="#rigging_bodyController-Matrices"/>
        </joints>
        <vertex_weights count="0">
          <input semantic="JOINT" offset="0" source="#rigging_bodyController-Joints"/>
          <input semantic="WEIGHT" offset="1" source="#rigging_bodyController-Weights"/>
          <vcount></vcount>
          <v></v>
        </vertex_weights>
      </skin>
    </controller>
    <controller id="rigging_Cylinder001Controller">
      <skin source="#rigging_Cylinder001-lib">
        <bind_shape_matrix>1.000000 -0.000000 0.000000 0.000000 0.000000 1.000000 -0.000000 0.000000 0.000000 0.000000 1.000000 0.000000 0.000000 0.000000 0.000000 1.000000
</bind_shape_matrix>
        <source id="rigging_Cylinder001Controller-Joints">
          <Name_array id="rigging_Cylinder001Controller-Joints-array" count="1">
 rigging_Cylinder001</Name_array>
          <technique_common>
            <accessor source="#rigging_Cylinder001Controller-Joints-array" count="1">
              <param type="name"/>
            </accessor>
          </technique_common>
        </source>
        <source id="rigging_Cylinder001Controller-Matrices">
          <float_array id="rigging_Cylinder001Controller-Matrices-array" count="32">

1.000000 0.000000 0.000000 -0.000000 -0.000000 1.000000 0.000000 -0.000000 0.000000 -0.000000 1.000000 -0.000000 0.000000 0.000000 0.000000 1.000000
1.000000 0.000000 0.000000 -0.000000 -0.000000 1.000000 0.000000 -0.000000 0.000000 -0.000000 1.000000 -0.000000 0.000000 0.000000 0.000000 1.000000</float_array>
          <technique_common>
            <accessor source="#rigging_Cylinder001Controller-Matrices-array" count="2" stride="16">
              <param type="float4x4"/>
            </accessor>
          </technique_common>
        </source>
        <source id="rigging_Cylinder001Controller-Weights">
          <float_array id="rigging_Cylinder001Controller-Weights-array" count="1">

1.000000</float_array>
          <technique_common>
            <accessor source="#rigging_Cylinder001Controller-Weights-array" count="1">
              <param type="float"/>
            </accessor>
          </technique_common>
        </source>
        <joints>
          <input semantic="JOINT" source="#rigging_Cylinder001Controller-Joints"/>
          <input semantic="INV_BIND_MATRIX" source="#rigging_Cylinder001Controller-Matrices"/>
        </joints>
        <vertex_weights count="0">
          <input semantic="JOINT" offset="0" source="#rigging_Cylinder001Controller-Joints"/>
          <input semantic="WEIGHT" offset="1" source="#rigging_Cylinder001Controller-Weights"/>
          <vcount></vcount>
          <v></v>
        </vertex_weights>
      </skin>
    </controller>
    <controller id="rigging_eyebrownsController">
      <skin source="#rigging_eyebrowns-lib">
        <bind_shape_matrix>1.000000 -0.000000 0.000000 0.000000 0.000000 1.000000 -0.000000 0.000000 0.000000 0.000000 1.000000 0.000000 0.000000 0.000000 0.000000 1.000000
</bind_shape_matrix>
        <source id="rigging_eyebrownsController-Joints">
          <Name_array id="rigging_eyebrownsController-Joints-array" count="1">
 rigging_eyebrowns</Name_array>
          <technique_common>
            <accessor source="#rigging_eyebrownsController-Joints-array" count="1">
              <param type="name"/>
            </accessor>
          </technique_common>
        </source>
        <source id="rigging_eyebrownsController-Matrices">
          <float_array id="rigging_eyebrownsController-Matrices-array" count="32">

1.000000 0.000000 0.000000 -0.000000 -0.000000 1.000000 0.000000 -0.000000 0.000000 -0.000000 1.000000 -0.000000 0.000000 0.000000 0.000000 1.000000
1.000000 0.000000 0.000000 -0.000000 -0.000000 1.000000 0.000000 -0.000000 0.000000 -0.000000 1.000000 -0.000000 0.000000 0.000000 0.000000 1.000000</float_array>
          <technique_common>
            <accessor source="#rigging_eyebrownsController-Matrices-array" count="2" stride="16">
              <param type="float4x4"/>
            </accessor>
          </technique_common>
        </source>
        <source id="rigging_eyebrownsController-Weights">
          <float_array id="rigging_eyebrownsController-Weights-array" count="1">

1.000000</float_array>
          <technique_common>
            <accessor source="#rigging_eyebrownsController-Weights-array" count="1">
              <param type="float"/>
            </accessor>
          </technique_common>
        </source>
        <joints>
          <input semantic="JOINT" source="#rigging_eyebrownsController-Joints"/>
          <input semantic="INV_BIND_MATRIX" source="#rigging_eyebrownsController-Matrices"/>
        </joints>
        <vertex_weights count="0">
          <input semantic="JOINT" offset="0" source="#rigging_eyebrownsController-Joints"/>
          <input semantic="WEIGHT" offset="1" source="#rigging_eyebrownsController-Weights"/>
          <vcount></vcount>
          <v></v>
        </vertex_weights>
      </skin>
    </controller>
    <controller id="rigging_eyebrowns001Controller">
      <skin source="#rigging_eyebrowns001-lib">
        <bind_shape_matrix>1.000000 -0.000000 0.000000 0.000000 0.000000 1.000000 -0.000000 0.000000 0.000000 0.000000 1.000000 0.000000 0.000000 0.000000 0.000000 1.000000
</bind_shape_matrix>
        <source id="rigging_eyebrowns001Controller-Joints">
          <Name_array id="rigging_eyebrowns001Controller-Joints-array" count="1">
 rigging_eyebrowns001</Name_array>
          <technique_common>
            <accessor source="#rigging_eyebrowns001Controller-Joints-array" count="1">
              <param type="name"/>
            </accessor>
          </technique_common>
        </source>
        <source id="rigging_eyebrowns001Controller-Matrices">
          <float_array id="rigging_eyebrowns001Controller-Matrices-array" count="32">

1.000000 0.000000 0.000000 -0.000000 -0.000000 1.000000 0.000000 -0.000000 0.000000 -0.000000 1.000000 -0.000000 0.000000 0.000000 0.000000 1.000000
1.000000 0.000000 0.000000 -0.000000 -0.000000 1.000000 0.000000 -0.000000 0.000000 -0.000000 1.000000 -0.000000 0.000000 0.000000 0.000000 1.000000</float_array>
          <technique_common>
            <accessor source="#rigging_eyebrowns001Controller-Matrices-array" count="2" stride="16">
              <param type="float4x4"/>
            </accessor>
          </technique_common>
        </source>
        <source id="rigging_eyebrowns001Controller-Weights">
          <float_array id="rigging_eyebrowns001Controller-Weights-array" count="1">

1.000000</float_array>
          <technique_common>
            <accessor source="#rigging_eyebrowns001Controller-Weights-array" count="1">
              <param type="float"/>
            </accessor>
          </technique_common>
        </source>
        <joints>
          <input semantic="JOINT" source="#rigging_eyebrowns001Controller-Joints"/>
          <input semantic="INV_BIND_MATRIX" source="#rigging_eyebrowns001Controller-Matrices"/>
        </joints>
        <vertex_weights count="0">
          <input semantic="JOINT" offset="0" source="#rigging_eyebrowns001Controller-Joints"/>
          <input semantic="WEIGHT" offset="1" source="#rigging_eyebrowns001Controller-Weights"/>
          <vcount></vcount>
          <v></v>
        </vertex_weights>
      </skin>
    </controller>
    <controller id="rigging_hearController">
      <skin source="#rigging_hear-lib">
        <bind_shape_matrix>1.000000 -0.000000 0.000000 0.000000 0.000000 1.000000 -0.000000 0.000000 0.000000 0.000000 1.000000 0.000000 0.000000 0.000000 0.000000 1.000000
</bind_shape_matrix>
        <source id="rigging_hearController-Joints">
          <Name_array id="rigging_hearController-Joints-array" count="1">
 rigging_hear</Name_array>
          <technique_common>
            <accessor source="#rigging_hearController-Joints-array" count="1">
              <param type="name"/>
            </accessor>
          </technique_common>
        </source>
        <source id="rigging_hearController-Matrices">
          <float_array id="rigging_hearController-Matrices-array" count="32">

1.000000 0.000000 0.000000 -0.000000 -0.000000 1.000000 0.000000 -0.000000 0.000000 -0.000000 1.000000 -0.000000 0.000000 0.000000 0.000000 1.000000
1.000000 0.000000 0.000000 -0.000000 -0.000000 1.000000 0.000000 -0.000000 0.000000 -0.000000 1.000000 -0.000000 0.000000 0.000000 0.000000 1.000000</float_array>
          <technique_common>
            <accessor source="#rigging_hearController-Matrices-array" count="2" stride="16">
              <param type="float4x4"/>
            </accessor>
          </technique_common>
        </source>
        <source id="rigging_hearController-Weights">
          <float_array id="rigging_hearController-Weights-array" count="1">

1.000000</float_array>
          <technique_common>
            <accessor source="#rigging_hearController-Weights-array" count="1">
              <param type="float"/>
            </accessor>
          </technique_common>
        </source>
        <joints>
          <input semantic="JOINT" source="#rigging_hearController-Joints"/>
          <input semantic="INV_BIND_MATRIX" source="#rigging_hearController-Matrices"/>
        </joints>
        <vertex_weights count="0">
          <input semantic="JOINT" offset="0" source="#rigging_hearController-Joints"/>
          <input semantic="WEIGHT" offset="1" source="#rigging_hearController-Weights"/>
          <vcount></vcount>
          <v></v>
        </vertex_weights>
      </skin>
    </controller>
    <controller id="rigging_Tube001Controller">
      <skin source="#rigging_Tube001-lib">
        <bind_shape_matrix>1.000000 -0.000000 0.000000 0.000000 0.000000 1.000000 -0.000000 0.000000 0.000000 0.000000 1.000000 0.000000 0.000000 0.000000 0.000000 1.000000
</bind_shape_matrix>
        <source id="rigging_Tube001Controller-Joints">
          <Name_array id="rigging_Tube001Controller-Joints-array" count="1">
 rigging_Tube001</Name_array>
          <technique_common>
            <accessor source="#rigging_Tube001Controller-Joints-array" count="1">
              <param type="name"/>
            </accessor>
          </technique_common>
        </source>
        <source id="rigging_Tube001Controller-Matrices">
          <float_array id="rigging_Tube001Controller-Matrices-array" count="32">

1.000000 0.000000 0.000000 -0.000000 -0.000000 1.000000 0.000000 -0.000000 0.000000 -0.000000 1.000000 -0.000000 0.000000 0.000000 0.000000 1.000000
1.000000 0.000000 0.000000 -0.000000 -0.000000 1.000000 0.000000 -0.000000 0.000000 -0.000000 1.000000 -0.000000 0.000000 0.000000 0.000000 1.000000</float_array>
          <technique_common>
            <accessor source="#rigging_Tube001Controller-Matrices-array" count="2" stride="16">
              <param type="float4x4"/>
            </accessor>
          </technique_common>
        </source>
        <source id="rigging_Tube001Controller-Weights">
          <float_array id="rigging_Tube001Controller-Weights-array" count="1">

1.000000</float_array>
          <technique_common>
            <accessor source="#rigging_Tube001Controller-Weights-array" count="1">
              <param type="float"/>
            </accessor>
          </technique_common>
        </source>
        <joints>
          <input semantic="JOINT" source="#rigging_Tube001Controller-Joints"/>
          <input semantic="INV_BIND_MATRIX" source="#rigging_Tube001Controller-Matrices"/>
        </joints>
        <vertex_weights count="0">
          <input semantic="JOINT" offset="0" source="#rigging_Tube001Controller-Joints"/>
          <input semantic="WEIGHT" offset="1" source="#rigging_Tube001Controller-Weights"/>
          <vcount></vcount>
          <v></v>
        </vertex_weights>
      </skin>
    </controller>
  </library_controllers>
  <library_animations>
    <animation id="rigging_Yennefer-anim" name="rigging_Yennefer"><source id="rigging_Yennefer-Matrix-animation-input"><float_array id="rigging_Yennefer-Matrix-animation-input-array" count="134">

0.000000 0.033333 0.066667 0.100000 0.133333 0.166667 0.200000 0.233333 0.266667 0.300000 0.333333 0.366667 0.400000 0.433333 0.466667 0.500000
0.533333 0.566667 0.600000 0.633333 0.666667 0.700000 0.733333 0.766667 0.800000 0.833333 0.866667 0.900000 0.933333 0.966667 1.000000 1.033333
1.066667 1.100000 1.133333 1.166667 1.200000 1.233333 1.266667 1.300000 1.333333 1.366667 1.400000 1.433333 1.466667 1.500000 1.533333 1.566667
1.600000 1.633333 1.666667 1.700000 1.733333 1.766667 1.800000 1.833333 1.866667 1.900000 1.933333 1.966667 2.000000 2.033333 2.066667 2.100000
2.133333 2.166667 2.200000 2.233333 2.266667 2.300000 2.333333 2.366667 2.400000 2.433333 2.466667 2.500000 2.533333 2.566667 2.600000 2.633333
2.666667 2.700000 2.733333 2.766667 2.800000 2.833333 2.866667 2.900000 2.933333 2.966667 3.000000 3.033333 3.066667 3.100000 3.133333 3.166667
3.200000 3.233333 3.266667 3.300000 3.333333 3.366667 3.400000 3.433333 3.466667 3.500000 3.533333 3.566667 3.600000 3.633333 3.666667 3.700000
3.733333 3.766667 3.800000 3.833333 3.866667 3.900000 3.933333 3.966667 4.000000 4.033333 4.066667 4.100000 4.133333 4.166667 4.200000 4.233333
4.266667 4.300000 4.333333 4.366667 4.400000 4.433333</float_array><technique_common><accessor source="#rigging_Yennefer-Matrix-animation-input-array" count="134"><param name="TIME" type="float"/></accessor></technique_common></source><source id="rigging_Yennefer-Matrix-animation-output-transform"><float_array id="rigging_Yennefer-Matrix-animation-output-transform-array" count="2144">

0.990044 0.042597 0.134161 -0.028134 -0.047756 0.998229 0.035470 -0.021164 -0.132413 -0.041524 0.990324 -0.003834 0.000000 0.000000 0.000000 1.000000
0.990226 0.042777 0.132750 -0.028069 -0.047969 0.998194 0.036160 -0.021199 -0.130963 -0.042174 0.990490 -0.003755 0.000000 0.000000 0.000000 1.000000
0.990280 0.042919 0.132304 -0.028009 -0.048203 0.998152 0.036994 -0.021214 -0.130472 -0.043012 0.990519 -0.003556 0.000000 0.000000 0.000000 1.000000
0.990260 0.042933 0.132445 -0.027893 -0.048343 0.998112 0.037899 -0.021226 -0.130567 -0.043933 0.990466 -0.003254 0.000000 0.000000 0.000000 1.000000
0.990212 0.042836 0.132837 -0.027709 -0.048426 0.998060 0.039137 -0.021254 -0.130902 -0.045187 0.990365 -0.002742 0.000000 0.000000 0.000000 1.000000
0.990132 0.042658 0.133490 -0.027472 -0.048518 0.997982 0.040958 -0.021302 -0.131474 -0.047031 0.990203 -0.001927 0.000000 0.000000 0.000000 1.000000
0.989997 0.042410 0.134562 -0.027203 -0.048632 0.997878 0.043292 -0.021357 -0.132440 -0.049403 0.989959 -0.000851 0.000000 0.000000 0.000000 1.000000
0.989807 0.042202 0.136017 -0.026965 -0.048832 0.997757 0.045781 -0.021403 -0.133780 -0.051957 0.989648 0.000319 0.000000 0.000000 0.000000 1.000000
0.989598 0.042200 0.137534 -0.026838 -0.049222 0.997631 0.048056 -0.021435 -0.135180 -0.054326 0.989331 0.001405 0.000000 0.000000 0.000000 1.000000
0.989423 0.042496 0.138696 -0.026867 -0.049842 0.997508 0.049928 -0.021455 -0.136229 -0.056312 0.989076 0.002325 0.000000 0.000000 0.000000 1.000000
0.989327 0.043089 0.139196 -0.027054 -0.050663 0.997395 0.051337 -0.021449 -0.136621 -0.057841 0.988933 0.003069 0.000000 0.000000 0.000000 1.000000
0.989337 0.043944 0.138854 -0.027378 -0.051642 0.997294 0.052333 -0.021410 -0.136178 -0.058945 0.988929 0.003663 0.000000 0.000000 0.000000 1.000000
0.989480 0.044953 0.137510 -0.027771 -0.052682 0.997199 0.053092 -0.021354 -0.134738 -0.059778 0.989076 0.004163 0.000000 0.000000 0.000000 1.000000
0.989788 0.045891 0.134961 -0.028115 -0.053563 0.997115 0.053776 -0.021305 -0.132104 -0.060456 0.989391 0.004595 0.000000 0.000000 0.000000 1.000000
0.990271 0.046633 0.131102 -0.028351 -0.054156 0.997049 0.054412 -0.021270 -0.128178 -0.060983 0.989875 0.004964 0.000000 0.000000 0.000000 1.000000
0.990879 0.047283 0.126183 -0.028535 -0.054587 0.996989 0.055069 -0.021242 -0.123199 -0.061455 0.990477 0.005324 0.000000 0.000000 0.000000 1.000000
0.991521 0.047931 0.120780 -0.028712 -0.055004 0.996919 0.055926 -0.021223 -0.117727 -0.062095 0.991103 0.005771 0.000000 0.000000 0.000000 1.000000
0.992123 0.048530 0.115483 -0.028876 -0.055396 0.996836 0.057009 -0.021213 -0.112351 -0.062957 0.991672 0.006319 0.000000 0.000000 0.000000 1.000000
0.992629 0.049092 0.110803 -0.029047 -0.055787 0.996748 0.058150 -0.021202 -0.107588 -0.063902 0.992140 0.006908 0.000000 0.000000 0.000000 1.000000
0.992991 0.049695 0.107239 -0.029273 -0.056274 0.996658 0.059219 -0.021173 -0.103937 -0.064839 0.992468 0.007500 0.000000 0.000000 0.000000 1.000000
0.993201 0.050325 0.104975 -0.029543 -0.056860 0.996564 0.060220 -0.021134 -0.101584 -0.065779 0.992650 0.008092 0.000000 0.000000 0.000000 1.000000
0.993312 0.050872 0.103649 -0.029787 -0.057414 0.996476 0.061141 -0.021103 -0.100174 -0.066683 0.992733 0.008656 0.000000 0.000000 0.000000 1.000000
0.993390 0.051221 0.102722 -0.029936 -0.057778 0.996408 0.061905 -0.021090 -0.099183 -0.067431 0.992782 0.009138 0.000000 0.000000 0.000000 1.000000
0.993464 0.051348 0.101947 -0.029970 -0.057908 0.996365 0.062471 -0.021095 -0.098369 -0.067966 0.992826 0.009520 0.000000 0.000000 0.000000 1.000000
0.993526 0.051306 0.101365 -0.029909 -0.057864 0.996344 0.062851 -0.021117 -0.097769 -0.068310 0.992862 0.009821 0.000000 0.000000 0.000000 1.000000
0.993572 0.051138 0.100995 -0.029774 -0.057695 0.996338 0.063109 -0.021151 -0.097398 -0.068530 0.992883 0.010077 0.000000 0.000000 0.000000 1.000000
0.993609 0.050865 0.100762 -0.029582 -0.057432 0.996336 0.063380 -0.021187 -0.097169 -0.068762 0.992890 0.010345 0.000000 0.000000 0.000000 1.000000
0.993635 0.050554 0.100664 -0.029374 -0.057156 0.996323 0.063818 -0.021219 -0.097067 -0.069166 0.992872 0.010686 0.000000 0.000000 0.000000 1.000000
0.993635 0.050299 0.100791 -0.029203 -0.056973 0.996292 0.064476 -0.021244 -0.097174 -0.069808 0.992816 0.011123 0.000000 0.000000 0.000000 1.000000
0.993594 0.050159 0.101267 -0.029100 -0.056944 0.996242 0.065260 -0.021262 -0.097613 -0.070609 0.992717 0.011618 0.000000 0.000000 0.000000 1.000000
0.993500 0.050133 0.102199 -0.029075 -0.057059 0.996186 0.066008 -0.021269 -0.098500 -0.071410 0.992572 0.012106 0.000000 0.000000 0.000000 1.000000
0.993357 0.050178 0.103561 -0.029112 -0.057263 0.996134 0.066616 -0.021260 -0.099818 -0.072104 0.992390 0.012541 0.000000 0.000000 0.000000 1.000000
0.993185 0.050255 0.105157 -0.029188 -0.057505 0.996089 0.067088 -0.021237 -0.101374 -0.072678 0.992190 0.012907 0.000000 0.000000 0.000000 1.000000
0.993011 0.050346 0.106744 -0.029280 -0.057753 0.996048 0.067473 -0.021210 -0.102925 -0.073166 0.991994 0.013208 0.000000 0.000000 0.000000 1.000000
0.992853 0.050441 0.108156 -0.029372 -0.057987 0.996013 0.067796 -0.021183 -0.104305 -0.073583 0.991820 0.013454 0.000000 0.000000 0.000000 1.000000
0.992724 0.050533 0.109297 -0.029458 -0.058189 0.995985 0.068032 -0.021157 -0.105421 -0.073897 0.991678 0.013647 0.000000 0.000000 0.000000 1.000000
0.992627 0.050627 0.110128 -0.029537 -0.058361 0.995965 0.068175 -0.021130 -0.106232 -0.074099 0.991577 0.013803 0.000000 0.000000 0.000000 1.000000
0.992560 0.050729 0.110684 -0.029608 -0.058516 0.995949 0.068281 -0.021104 -0.106772 -0.074250 0.991507 0.013950 0.000000 0.000000 0.000000 1.000000
0.992516 0.050829 0.111032 -0.029664 -0.058657 0.995931 0.068413 -0.021082 -0.107103 -0.074413 0.991459 0.014109 0.000000 0.000000 0.000000 1.000000
0.992493 0.050918 0.111200 -0.029701 -0.058780 0.995911 0.068601 -0.021070 -0.107252 -0.074622 0.991427 0.014286 0.000000 0.000000 0.000000 1.000000
0.992487 0.051021 0.111206 -0.029727 -0.058910 0.995886 0.068848 -0.021065 -0.107236 -0.074882 0.991410 0.014485 0.000000 0.000000 0.000000 1.000000
0.992493 0.051163 0.111087 -0.029748 -0.059077 0.995855 0.069157 -0.021066 -0.107089 -0.075200 0.991401 0.014715 0.000000 0.000000 0.000000 1.000000
0.992508 0.051331 0.110874 -0.029750 -0.059276 0.995813 0.069590 -0.021077 -0.106838 -0.075641 0.991395 0.015006 0.000000 0.000000 0.000000 1.000000
0.992534 0.051474 0.110573 -0.029710 -0.059469 0.995754 0.070269 -0.021098 -0.106487 -0.076320 0.991381 0.015410 0.000000 0.000000 0.000000 1.000000
0.992572 0.051588 0.110182 -0.029635 -0.059660 0.995672 0.071261 -0.021124 -0.106029 -0.077306 0.991353 0.015956 0.000000 0.000000 0.000000 1.000000
0.992612 0.051729 0.109749 -0.029568 -0.059894 0.995572 0.072456 -0.021143 -0.105515 -0.078494 0.991315 0.016598 0.000000 0.000000 0.000000 1.000000
0.992628 0.051890 0.109535 -0.029524 -0.060158 0.995473 0.073583 -0.021152 -0.105221 -0.079630 0.991256 0.017223 0.000000 0.000000 0.000000 1.000000
0.992573 0.051978 0.109985 -0.029484 -0.060383 0.995390 0.074521 -0.021159 -0.105605 -0.080609 0.991136 0.017787 0.000000 0.000000 0.000000 1.000000
0.992428 0.051983 0.111287 -0.029459 -0.060596 0.995305 0.075469 -0.021158 -0.106841 -0.081641 0.990919 0.018380 0.000000 0.000000 0.000000 1.000000
0.992210 0.051976 0.113220 -0.029481 -0.060873 0.995203 0.076587 -0.021140 -0.108696 -0.082882 0.990614 0.019043 0.000000 0.000000 0.000000 1.000000
0.991944 0.051982 0.115524 -0.029545 -0.061196 0.995097 0.077701 -0.021112 -0.110919 -0.084145 0.990261 0.019658 0.000000 0.000000 0.000000 1.000000
0.991659 0.052059 0.117907 -0.029658 -0.061576 0.995005 0.078567 -0.021081 -0.113228 -0.085172 0.989912 0.020094 0.000000 0.000000 0.000000 1.000000
0.991409 0.052339 0.119870 -0.029859 -0.062099 0.994924 0.079189 -0.021041 -0.115117 -0.085953 0.989626 0.020371 0.000000 0.000000 0.000000 1.000000
0.991247 0.052837 0.120986 -0.030137 -0.062756 0.994841 0.079705 -0.020987 -0.116150 -0.086600 0.989449 0.020569 0.000000 0.000000 0.000000 1.000000
0.991174 0.053422 0.121329 -0.030431 -0.063417 0.994770 0.080072 -0.020919 -0.116417 -0.087060 0.989377 0.020678 0.000000 0.000000 0.000000 1.000000
0.991139 0.053972 0.121371 -0.030700 -0.063981 0.994728 0.080136 -0.020841 -0.116406 -0.087191 0.989367 0.020642 0.000000 0.000000 0.000000 1.000000
0.991107 0.054452 0.121419 -0.030936 -0.064440 0.994717 0.079905 -0.020760 -0.116426 -0.087019 0.989380 0.020470 0.000000 0.000000 0.000000 1.000000
0.991093 0.054846 0.121356 -0.031125 -0.064790 0.994721 0.079573 -0.020691 -0.116351 -0.086727 0.989414 0.020242 0.000000 0.000000 0.000000 1.000000
0.991121 0.055112 0.121006 -0.031242 -0.064992 0.994732 0.079275 -0.020647 -0.115999 -0.086436 0.989481 0.020015 0.000000 0.000000 0.000000 1.000000
0.991184 0.055268 0.120419 -0.031298 -0.065064 0.994749 0.079001 -0.020627 -0.115420 -0.086140 0.989575 0.019788 0.000000 0.000000 0.000000 1.000000
0.991263 0.055389 0.119707 -0.031327 -0.065095 0.994766 0.078756 -0.020623 -0.114719 -0.085860 0.989681 0.019573 0.000000 0.000000 0.000000 1.000000
0.991351 0.055545 0.118905 -0.031358 -0.065168 0.994771 0.078637 -0.020627 -0.113916 -0.085706 0.989787 0.019424 0.000000 0.000000 0.000000 1.000000
0.991433 0.055756 0.118116 -0.031406 -0.065324 0.994752 0.078744 -0.020635 -0.113106 -0.085785 0.989873 0.019394 0.000000 0.000000 0.000000 1.000000
0.991489 0.056006 0.117526 -0.031471 -0.065566 0.994707 0.079116 -0.020644 -0.112472 -0.086148 0.989913 0.019509 0.000000 0.000000 0.000000 1.000000
0.991516 0.056250 0.117184 -0.031541 -0.065850 0.994640 0.079725 -0.020655 -0.112071 -0.086765 0.989905 0.019756 0.000000 0.000000 0.000000 1.000000
0.991528 0.056454 0.116986 -0.031601 -0.066117 0.994565 0.080434 -0.020667 -0.111810 -0.087487 0.989871 0.020063 0.000000 0.000000 0.000000 1.000000
0.991528 0.056624 0.116902 -0.031659 -0.066349 0.994500 0.081045 -0.020673 -0.111670 -0.088115 0.989831 0.020338 0.000000 0.000000 0.000000 1.000000
0.991509 0.056751 0.117000 -0.031705 -0.066539 0.994448 0.081525 -0.020671 -0.111723 -0.088618 0.989780 0.020569 0.000000 0.000000 0.000000 1.000000
0.991489 0.056774 0.117156 -0.031688 -0.066639 0.994395 0.082080 -0.020665 -0.111840 -0.089189 0.989716 0.020845 0.000000 0.000000 0.000000 1.000000
0.991503 0.056690 0.117081 -0.031594 -0.066620 0.994344 0.082712 -0.020660 -0.111729 -0.089809 0.989672 0.021160 0.000000 0.000000 0.000000 1.000000
0.991545 0.056605 0.116770 -0.031500 -0.066529 0.994334 0.082911 -0.020660 -0.111415 -0.089979 0.989692 0.021273 0.000000 0.000000 0.000000 1.000000
0.991580 0.056563 0.116486 -0.031457 -0.066397 0.994390 0.082342 -0.020664 -0.111175 -0.089383 0.989773 0.021033 0.000000 0.000000 0.000000 1.000000
0.991602 0.056500 0.116330 -0.031428 -0.066205 0.994487 0.081320 -0.020674 -0.111094 -0.088339 0.989876 0.020593 0.000000 0.000000 0.000000 1.000000
0.991619 0.056404 0.116233 -0.031384 -0.065986 0.994583 0.080309 -0.020691 -0.111073 -0.087306 0.989970 0.020172 0.000000 0.000000 0.000000 1.000000
0.991637 0.056318 0.116125 -0.031334 -0.065799 0.994662 0.079490 -0.020715 -0.111028 -0.086467 0.990049 0.019845 0.000000 0.000000 0.000000 1.000000
0.991659 0.056221 0.115983 -0.031272 -0.065619 0.994723 0.078871 -0.020748 -0.110937 -0.085823 0.990115 0.019608 0.000000 0.000000 0.000000 1.000000
0.991686 0.056085 0.115813 -0.031198 -0.065421 0.994769 0.078450 -0.020789 -0.110807 -0.085375 0.990168 0.019467 0.000000 0.000000 0.000000 1.000000
0.991713 0.055960 0.115644 -0.031144 -0.065252 0.994801 0.078184 -0.020828 -0.110667 -0.085082 0.990209 0.019420 0.000000 0.000000 0.000000 1.000000
0.991733 0.055899 0.115504 -0.031139 -0.065151 0.994827 0.077944 -0.020859 -0.110549 -0.084825 0.990244 0.019416 0.000000 0.000000 0.000000 1.000000
0.991744 0.055901 0.115412 -0.031182 -0.065109 0.994855 0.077618 -0.020880 -0.110479 -0.084492 0.990281 0.019403 0.000000 0.000000 0.000000 1.000000
0.991748 0.055939 0.115356 -0.031256 -0.065101 0.994884 0.077246 -0.020891 -0.110445 -0.084118 0.990316 0.019391 0.000000 0.000000 0.000000 1.000000
0.991752 0.055970 0.115307 -0.031343 -0.065093 0.994910 0.076928 -0.020893 -0.110414 -0.083799 0.990347 0.019417 0.000000 0.000000 0.000000 1.000000
0.991754 0.055960 0.115296 -0.031432 -0.065049 0.994935 0.076640 -0.020890 -0.110424 -0.083507 0.990370 0.019467 0.000000 0.000000 0.000000 1.000000
0.991739 0.055937 0.115429 -0.031536 -0.064995 0.994967 0.076260 -0.020882 -0.110583 -0.083133 0.990384 0.019491 0.000000 0.000000 0.000000 1.000000
0.991700 0.055944 0.115764 -0.031672 -0.064977 0.995005 0.075783 -0.020866 -0.110946 -0.082676 0.990382 0.019491 0.000000 0.000000 0.000000 1.000000
0.991648 0.055967 0.116200 -0.031829 -0.064989 0.995037 0.075355 -0.020845 -0.111405 -0.082277 0.990363 0.019524 0.000000 0.000000 0.000000 1.000000
0.991608 0.055945 0.116553 -0.031973 -0.064966 0.995058 0.075092 -0.020827 -0.111776 -0.082033 0.990342 0.019622 0.000000 0.000000 0.000000 1.000000
0.991595 0.055792 0.116734 -0.032058 -0.064809 0.995080 0.074932 -0.020816 -0.111979 -0.081868 0.990332 0.019745 0.000000 0.000000 0.000000 1.000000
0.991609 0.055459 0.116774 -0.032054 -0.064454 0.995120 0.074714 -0.020817 -0.112061 -0.081614 0.990344 0.019816 0.000000 0.000000 0.000000 1.000000
0.991645 0.054952 0.116707 -0.031957 -0.063898 0.995183 0.074348 -0.020833 -0.112060 -0.081184 0.990380 0.019796 0.000000 0.000000 0.000000 1.000000
0.991703 0.054255 0.116540 -0.031759 -0.063133 0.995266 0.073889 -0.020869 -0.111979 -0.080634 0.990434 0.019708 0.000000 0.000000 0.000000 1.000000
0.991787 0.053343 0.116248 -0.031452 -0.062141 0.995363 0.073421 -0.020923 -0.111793 -0.080042 0.990503 0.019587 0.000000 0.000000 0.000000 1.000000
0.991900 0.052257 0.115771 -0.031060 -0.060958 0.995471 0.072944 -0.020990 -0.111435 -0.079411 0.990594 0.019434 0.000000 0.000000 0.000000 1.000000
0.992040 0.051108 0.115086 -0.030636 -0.059686 0.995591 0.072362 -0.021064 -0.110880 -0.078655 0.990716 0.019203 0.000000 0.000000 0.000000 1.000000
0.992193 0.050028 0.114235 -0.030248 -0.058441 0.995725 0.071526 -0.021141 -0.110168 -0.077644 0.990876 0.018830 0.000000 0.000000 0.000000 1.000000
0.992356 0.049142 0.113205 -0.029963 -0.057342 0.995873 0.070354 -0.021215 -0.109281 -0.076308 0.991078 0.018289 0.000000 0.000000 0.000000 1.000000
0.992534 0.048525 0.111902 -0.029818 -0.056465 0.996024 0.068905 -0.021281 -0.108113 -0.074709 0.991327 0.017625 0.000000 0.000000 0.000000 1.000000
0.992726 0.048144 0.110355 -0.029793 -0.055795 0.996170 0.067322 -0.021331 -0.106691 -0.072989 0.991610 0.016906 0.000000 0.000000 0.000000 1.000000
0.992898 0.047918 0.108894 -0.029848 -0.055290 0.996305 0.065721 -0.021360 -0.105342 -0.071275 0.991879 0.016184 0.000000 0.000000 0.000000 1.000000
0.993000 0.047823 0.107997 -0.029971 -0.054959 0.996429 0.064093 -0.021363 -0.104546 -0.069580 0.992083 0.015457 0.000000 0.000000 0.000000 1.000000
0.993003 0.047838 0.107965 -0.030149 -0.054789 0.996549 0.062361 -0.021344 -0.104609 -0.067840 0.992197 0.014693 0.000000 0.000000 0.000000 1.000000
0.992916 0.047841 0.108766 -0.030324 -0.054663 0.996662 0.060629 -0.021322 -0.105502 -0.066145 0.992217 0.013928 0.000000 0.000000 0.000000 1.000000
0.992766 0.047703 0.110185 -0.030430 -0.054465 0.996760 0.059193 -0.021310 -0.107004 -0.064766 0.992147 0.013285 0.000000 0.000000 0.000000 1.000000
0.992572 0.047449 0.112027 -0.030463 -0.054214 0.996836 0.058131 -0.021306 -0.108914 -0.063773 0.992003 0.012790 0.000000 0.000000 0.000000 1.000000
0.992342 0.047177 0.114157 -0.030455 -0.053966 0.996907 0.057130 -0.021314 -0.111108 -0.062853 0.991819 0.012295 0.000000 0.000000 0.000000 1.000000
0.992096 0.046867 0.116403 -0.030392 -0.053659 0.996993 0.055915 -0.021341 -0.113433 -0.061719 0.991627 0.011670 0.000000 0.000000 0.000000 1.000000
0.991862 0.046475 0.118531 -0.030261 -0.053235 0.997093 0.054512 -0.021385 -0.115653 -0.060378 0.991453 0.010933 0.000000 0.000000 0.000000 1.000000
0.991664 0.046070 0.120334 -0.030104 -0.052764 0.997197 0.053041 -0.021427 -0.117553 -0.058948 0.991315 0.010154 0.000000 0.000000 0.000000 1.000000
0.991508 0.045771 0.121721 -0.029981 -0.052367 0.997296 0.051559 -0.021454 -0.119032 -0.057496 0.991224 0.009372 0.000000 0.000000 0.000000 1.000000
0.991393 0.045629 0.122714 -0.029919 -0.052105 0.997385 0.050088 -0.021467 -0.120108 -0.056051 0.991177 0.008601 0.000000 0.000000 0.000000 1.000000
0.991313 0.045648 0.123347 -0.029922 -0.051988 0.997460 0.048683 -0.021472 -0.120811 -0.054673 0.991169 0.007868 0.000000 0.000000 0.000000 1.000000
0.991286 0.045863 0.123488 -0.030003 -0.052060 0.997517 0.047438 -0.021467 -0.121005 -0.053453 0.991212 0.007222 0.000000 0.000000 0.000000 1.000000
0.991337 0.046291 0.122915 -0.030168 -0.052328 0.997554 0.046345 -0.021450 -0.120469 -0.052375 0.991334 0.006669 0.000000 0.000000 0.000000 1.000000
0.991466 0.046833 0.121665 -0.030373 -0.052673 0.997587 0.045235 -0.021426 -0.119253 -0.051257 0.991540 0.006116 0.000000 0.000000 0.000000 1.000000
0.991628 0.047331 0.120140 -0.030549 -0.052952 0.997626 0.044028 -0.021409 -0.117771 -0.050021 0.991780 0.005498 0.000000 0.000000 0.000000 1.000000
0.991756 0.047689 0.118934 -0.030646 -0.053127 0.997662 0.042977 -0.021416 -0.116607 -0.048942 0.991972 0.004920 0.000000 0.000000 0.000000 1.000000
0.991778 0.047888 0.118672 -0.030660 -0.053248 0.997680 0.042410 -0.021444 -0.116365 -0.048381 0.992027 0.004542 0.000000 0.000000 0.000000 1.000000
0.991639 0.047884 0.119829 -0.030588 -0.053280 0.997686 0.042233 -0.021482 -0.117529 -0.048264 0.991896 0.004334 0.000000 0.000000 0.000000 1.000000
0.991323 0.047626 0.122514 -0.030419 -0.053126 0.997703 0.042030 -0.021531 -0.120230 -0.048174 0.991576 0.004110 0.000000 0.000000 0.000000 1.000000
0.990850 0.047216 0.126439 -0.030212 -0.052869 0.997729 0.041732 -0.021584 -0.124181 -0.048035 0.991096 0.003842 0.000000 0.000000 0.000000 1.000000
0.990271 0.046779 0.131057 -0.030034 -0.052644 0.997744 0.041652 -0.021621 -0.128813 -0.048146 0.990500 0.003658 0.000000 0.000000 0.000000 1.000000
0.989675 0.046243 0.135664 -0.029849 -0.052353 0.997753 0.041820 -0.021627 -0.133425 -0.048491 0.989872 0.003535 0.000000 0.000000 0.000000 1.000000
0.989170 0.045555 0.139526 -0.029611 -0.051855 0.997777 0.041851 -0.021599 -0.137309 -0.048633 0.989334 0.003285 0.000000 0.000000 0.000000 1.000000
0.988828 0.044894 0.142142 -0.029376 -0.051271 0.997821 0.041521 -0.021555 -0.139968 -0.048345 0.988975 0.002834 0.000000 0.000000 0.000000 1.000000
0.988666 0.044430 0.143407 -0.029209 -0.050803 0.997863 0.041088 -0.021505 -0.141275 -0.047908 0.988810 0.002318 0.000000 0.000000 0.000000 1.000000
0.988673 0.044125 0.143453 -0.029103 -0.050463 0.997891 0.040840 -0.021441 -0.141348 -0.047617 0.988814 0.001853 0.000000 0.000000 0.000000 1.000000
0.988814 0.043950 0.142534 -0.029043 -0.050216 0.997910 0.040666 -0.021366 -0.140449 -0.047369 0.988954 0.001383 0.000000 0.000000 0.000000 1.000000
0.989027 0.043916 0.141056 -0.029027 -0.050050 0.997936 0.040233 -0.021295 -0.138998 -0.046852 0.989184 0.000779 0.000000 0.000000 0.000000 1.000000
0.989254 0.043951 0.139444 -0.029022 -0.049897 0.997976 0.039432 -0.021239 -0.137428 -0.045966 0.989445 0.000012 0.000000 0.000000 0.000000 1.000000
0.989465 0.043908 0.137952 -0.028969 -0.049650 0.998026 0.038464 -0.021200 -0.135991 -0.044908 0.989692 -0.000830 0.000000 0.000000 0.000000 1.000000
0.989655 0.043700 0.136653 -0.028830 -0.049259 0.998079 0.037566 -0.021184 -0.134748 -0.043909 0.989906 -0.001649 0.000000 0.000000 0.000000 1.000000
