<?xml version="1.0" encoding="utf-8"?>
<COLLADA xmlns="http://www.collada.org/2005/11/COLLADASchema" version="1.4.1">
  <asset><contributor><author>Mixamo</author><authoring_tool>COLLADA Mixamo exporter</authoring_tool><comments></comments></contributor><created>2020-05-23T11:56:46Z</created><modified>2020-05-23T11:56:46Z</modified><revision></revision><title></title><unit meter="0.010000"/><up_axis>Y_UP</up_axis></asset>
  <library_animations>
    <animation id="mixamorig_Hips-anim" name="mixamorig_Hips"><source id="mixamorig_Hips-Matrix-animation-input"><float_array id="mixamorig_Hips-Matrix-animation-input-array" count="28">

0.000000 0.033333 0.066667 0.100000 0.133333 0.166667 0.200000 0.233333 0.266667 0.300000 0.333333 0.366667 0.400000 0.433333 0.466667 0.500000
0.533333 0.566667 0.600000 0.633333 0.666667 0.700000 0.733333 0.766667 0.800000 0.833333 0.866667 0.900000</float_array><technique_common><accessor source="#mixamorig_Hips-Matrix-animation-input-array" count="28"><param name="TIME" type="float"/></accessor></technique_common></source><source id="mixamorig_Hips-Matrix-animation-output-transform"><float_array id="mixamorig_Hips-Matrix-animation-output-transform-array" count="448">

0.977795 0.165548 -0.128497 0.121310 -0.186199 0.967656 -0.170211 47.212624 0.096163 0.190358 0.976994 -3.393907 0.000000 0.000000 0.000000 1.000000
0.931034 0.006404 -0.364877 1.763796 -0.051287 0.992219 -0.113451 50.549026 0.361311 0.124340 0.924118 15.135891 0.000000 0.000000 0.000000 1.000000
0.883391 -0.183544 -0.431199 0.699265 0.151500 0.982555 -0.107860 56.824982 0.443474 0.029956 0.895787 26.985605 0.000000 0.000000 0.000000 1.000000
0.871517 -0.302684 -0.385798 -0.449214 0.283607 0.952954 -0.106987 62.220650 0.400031 -0.016174 0.916359 35.014416 0.000000 0.000000 0.000000 1.000000
0.887216 -0.328899 -0.323532 -0.750234 0.322496 0.943604 -0.074881 66.262695 0.329914 -0.037902 0.943250 43.466492 0.000000 0.000000 0.000000 1.000000
0.915218 -0.285874 -0.283993 -0.446506 0.291284 0.956337 -0.023955 68.907890 0.278441 -0.060798 0.958527 52.710876 0.000000 0.000000 0.000000 1.000000
0.938297 -0.232544 -0.255974 0.295202 0.249247 0.967829 0.034398 70.957977 0.239740 -0.096077 0.966071 62.413662 0.000000 0.000000 0.000000 1.000000
0.950625 -0.204096 -0.233787 0.865943 0.222927 0.973174 0.056884 73.014549 0.215906 -0.106193 0.970622 72.411186 0.000000 0.000000 0.000000 1.000000
0.954375 -0.191424 -0.229184 1.063353 0.209319 0.976227 0.056266 74.696533 0.212965 -0.101671 0.971755 82.102005 0.000000 0.000000 0.000000 1.000000
0.953844 -0.179036 -0.241095 1.002060 0.201554 0.976826 0.072021 75.574051 0.222614 -0.117290 0.967825 91.755371 0.000000 0.000000 0.000000 1.000000
0.957544 -0.155393 -0.242822 0.863050 0.187822 0.975265 0.116539 75.557556 0.218707 -0.157199 0.963045 101.349419 0.000000 0.000000 0.000000 1.000000
0.972926 -0.118837 -0.198225 0.642385 0.153879 0.973015 0.171940 75.171776 0.172443 -0.197787 0.964958 110.911560 0.000000 0.000000 0.000000 1.000000
0.991690 -0.076508 -0.103424 0.435978 0.097381 0.971776 0.214867 74.380745 0.084066 -0.223153 0.971152 120.562057 0.000000 0.000000 0.000000 1.000000
0.999293 -0.031263 0.020886 0.327547 0.025531 0.972033 0.233451 73.010689 -0.027600 -0.232752 0.972144 130.543701 0.000000 0.000000 0.000000 1.000000
0.990169 0.014007 0.139171 0.229979 -0.045989 0.972258 0.229347 71.000908 -0.132098 -0.233493 0.963344 141.122406 0.000000 0.000000 0.000000 1.000000
0.972659 0.051106 0.226545 0.170714 -0.100242 0.972324 0.211040 68.601700 -0.209490 -0.227979 0.950862 152.246719 0.000000 0.000000 0.000000 1.000000
0.957264 0.085669 0.276238 0.381506 -0.142012 0.971282 0.190901 65.440659 -0.251950 -0.221972 0.941939 163.926804 0.000000 0.000000 0.000000 1.000000
0.946008 0.101256 0.307921 0.579741 -0.163637 0.969205 0.184022 61.742706 -0.279806 -0.224474 0.933445 175.049667 0.000000 0.000000 0.000000 1.000000
0.936006 0.078175 0.343193 0.422466 -0.155906 0.966241 0.205114 58.230042 -0.315572 -0.245494 0.916595 185.174484 0.000000 0.000000 0.000000 1.000000
0.928632 0.029123 0.369858 -0.087173 -0.129357 0.959770 0.249214 54.059990 -0.347721 -0.279272 0.895040 194.871826 0.000000 0.000000 0.000000 1.000000
0.929059 -0.001479 0.369929 -0.379933 -0.106569 0.956529 0.271468 50.174423 -0.354250 -0.291633 0.888514 204.876999 0.000000 0.000000 0.000000 1.000000
0.935512 -0.013111 0.353052 -0.121973 -0.069966 0.972643 0.221516 48.674969 -0.346298 -0.231933 0.909002 215.427811 0.000000 0.000000 0.000000 1.000000
0.939643 0.000656 0.342155 -0.029049 -0.037485 0.994176 0.101039 47.519066 -0.340096 -0.107767 0.934195 226.294418 0.000000 0.000000 0.000000 1.000000
0.940078 0.021961 0.340251 -0.089339 -0.016363 0.999680 -0.019313 46.231224 -0.340566 0.012588 0.940136 236.124268 0.000000 0.000000 0.000000 1.000000
0.950180 0.040372 0.309075 -0.151505 -0.017707 0.996966 -0.075792 45.939468 -0.311197 0.066544 0.948013 245.281174 0.000000 0.000000 0.000000 1.000000
0.975569 0.101830 0.194668 -0.021085 -0.084971 0.992025 -0.093097 46.573002 -0.202595 0.074282 0.976441 254.458130 0.000000 0.000000 0.000000 1.000000
0.986832 0.158327 0.033088 0.404186 -0.152982 0.980044 -0.126927 46.837452 -0.052524 0.120194 0.991360 265.290131 0.000000 0.000000 0.000000 1.000000
0.977574 0.167204 -0.128027 0.512948 -0.187751 0.967351 -0.170239 47.124397 0.095383 0.190459 0.977050 278.695862 0.000000 0.000000 0.000000 1.000000</float_array><technique_common><accessor source="#mixamorig_Hips-Matrix-animation-output-transform-array" count="28" stride="16"><param type="float4x4"/></accessor></technique_common></source><source id="mixamorig_Hips-Interpolations"><Name_array id="mixamorig_Hips-Interpolations-array" count="28">
 LINEAR LINEAR LINEAR LINEAR LINEAR LINEAR LINEAR LINEAR LINEAR LINEAR LINEAR
LINEAR LINEAR LINEAR LINEAR LINEAR LINEAR LINEAR LINEAR LINEAR LINEAR LINEAR LINEAR
LINEAR LINEAR LINEAR LINEAR LINEAR</Name_array><technique_common><accessor source="#mixamorig_Hips-Interpolations-array" count="28"><param type="name"/></accessor></technique_common></source><sampler id="mixamorig_Hips-Matrix-animation-transform"><input semantic="INPUT" source="#mixamorig_Hips-Matrix-animation-input"/><input semantic="OUTPUT" source="#mixamorig_Hips-Matrix-animation-output-transform"/><input semantic="INTERPOLATION" source="#mixamorig_Hips-Interpolations"/></sampler><channel source="#mixamorig_Hips-Matrix-animation-transform" target="mixamorig_Hips/matrix"/></animation>
    <animation id="mixamorig_Spine-anim" name="mixamorig_Spine"><source id="mixamorig_Spine-Matrix-animation-input"><float_array id="mixamorig_Spine-Matrix-animation-input-array" count="28">

0.000000 0.033333 0.066667 0.100000 0.133333 0.166667 0.200000 0.233333 0.266667 0.300000 0.333333 0.366667 0.400000 0.433333 0.466667 0.500000
0.533333 0.566667 0.600000 0.633333 0.666667 0.700000 0.733333 0.766667 0.800000 0.833333 0.866667 0.900000</float_array><technique_common><accessor source="#mixamorig_Spine-Matrix-animation-input-array" count="28"><param name="TIME" type="float"/></accessor></technique_common></source><source id="mixamorig_Spine-Matrix-animation-output-transform"><float_array id="mixamorig_Spine-Matrix-animation-output-transform-array" count="448">

0.940627 -0.338345 0.027269 -0.000000 0.334685 0.937850 0.091782 16.216101 -0.056628 -0.077206 0.995406 -2.336500 0.000000 0.000000 0.000000 1.000000
0.910300 -0.182156 0.371716 0.000000 0.166414 0.983253 0.074302 16.216101 -0.379025 -0.005779 0.925368 -2.336500 0.000000 0.000000 0.000000 1.000000
0.806006 0.071787 0.587538 0.000000 -0.056960 0.997418 -0.043728 16.216101 -0.589160 0.001779 0.808015 -2.336500 0.000000 0.000000 0.000000 1.000000
0.742448 0.270780 0.612739 0.000000 -0.193023 0.962346 -0.191395 16.216101 -0.641493 0.023828 0.766759 -2.336500 0.000000 0.000000 0.000000 1.000000
0.754504 0.350849 0.554642 0.000000 -0.217053 0.930953 -0.293625 16.216101 -0.619363 0.101154 0.778561 -2.336500 0.000000 0.000000 0.000000 1.000000
0.795011 0.326925 0.510957 0.000000 -0.167157 0.927796 -0.333547 16.216101 -0.583108 0.179763 0.792256 -2.336500 0.000000 0.000000 0.000000 1.000000
0.815416 0.303090 0.493187 0.000000 -0.125374 0.924219 -0.360693 16.216101 -0.565135 0.232282 0.791623 -2.336500 0.000000 0.000000 0.000000 1.000000
0.810792 0.295432 0.505308 0.000000 -0.113135 0.926099 -0.359919 16.216101 -0.574297 0.234652 0.784297 -2.336500 0.000000 0.000000 0.000000 1.000000
0.808025 0.271615 0.522801 -0.000000 -0.084702 0.931723 -0.353153 16.216101 -0.583027 0.241074 0.775862 -2.336500 0.000000 0.000000 0.000000 1.000000
0.820189 0.241479 0.518631 0.000000 -0.034269 0.925661 -0.376800 16.216101 -0.571066 0.291274 0.767492 -2.336500 0.000000 0.000000 0.000000 1.000000
0.853929 0.210079 0.476100 0.000000 0.020992 0.900243 -0.434882 16.216101 -0.519965 0.381353 0.764334 -2.336500 0.000000 0.000000 0.000000 1.000000
0.904423 0.161332 0.394956 0.000000 0.062955 0.865144 -0.497556 16.216101 -0.421966 0.474866 0.772300 -2.336500 0.000000 0.000000 0.000000 1.000000
0.951839 0.086383 0.294177 0.000000 0.091872 0.835039 -0.542467 16.216101 -0.292509 0.543368 0.786886 -2.336500 0.000000 0.000000 0.000000 1.000000
0.981083 -0.007667 0.193438 0.000000 0.116104 0.822868 -0.556244 16.216101 -0.154909 0.568180 0.808192 -2.336500 0.000000 0.000000 0.000000 1.000000
0.990443 -0.093717 0.101193 0.000000 0.133571 0.834610 -0.534401 16.216101 -0.034375 0.542810 0.839152 -2.336500 0.000000 0.000000 0.000000 1.000000
0.988916 -0.148367 0.005648 0.000000 0.132666 0.865897 -0.482309 16.216101 0.066668 0.477712 0.875983 -2.336500 0.000000 0.000000 0.000000 1.000000
0.979734 -0.175844 -0.095923 0.000000 0.122132 0.903988 -0.409744 16.216101 0.158764 0.389725 0.907143 -2.336500 0.000000 0.000000 0.000000 1.000000
0.963856 -0.168859 -0.206076 0.000000 0.088492 0.932489 -0.350190 16.216101 0.251297 0.319297 0.913728 -2.336500 0.000000 0.000000 0.000000 1.000000
0.942613 -0.112689 -0.314297 0.000000 0.001198 0.942459 -0.334319 16.216101 0.333886 0.314757 0.888509 -2.336500 0.000000 0.000000 0.000000 1.000000
0.916548 -0.010310 -0.399793 -0.000000 -0.133521 0.934419 -0.330201 16.216101 0.376978 0.356026 0.855063 -2.336500 0.000000 0.000000 0.000000 1.000000
0.893304 0.066569 -0.444495 0.000000 -0.212830 0.933715 -0.287889 16.216101 0.395867 0.351775 0.848259 -2.336500 0.000000 0.000000 0.000000 1.000000
0.883763 0.102105 -0.456659 0.000000 -0.196368 0.966740 -0.163872 16.216101 0.424739 0.234498 0.874419 -2.336500 0.000000 0.000000 0.000000 1.000000
0.886816 0.088865 -0.453497 0.000000 -0.090267 0.995744 0.018603 16.216101 0.453220 0.024438 0.891064 -2.336500 0.000000 0.000000 0.000000 1.000000
0.893820 0.057084 -0.444778 0.000000 0.014908 0.987533 0.156701 16.216101 0.448178 -0.146694 0.881826 -2.336500 0.000000 0.000000 0.000000 1.000000
0.913390 -0.012380 -0.406897 0.000000 0.083415 0.984021 0.157307 16.216101 0.398447 -0.177624 0.899827 -2.336500 0.000000 0.000000 0.000000 1.000000
0.939616 -0.165146 -0.299747 -0.000000 0.189478 0.980410 0.053799 16.216101 0.284990 -0.107345 0.952501 -2.336500 0.000000 0.000000 0.000000 1.000000
0.945392 -0.290288 -0.148214 0.000000 0.298863 0.953507 0.038802 16.216101 0.130060 -0.080978 0.988194 -2.336500 0.000000 0.000000 0.000000 1.000000
0.940088 -0.339889 0.026647 0.000000 0.336273 0.937283 0.091765 16.216101 -0.056166 -0.077307 0.995424 -2.336500 0.000000 0.000000 0.000000 1.000000</float_array><technique_common><accessor source="#mixamorig_Spine-Matrix-animation-output-transform-array" count="28" stride="16"><param type="float4x4"/></accessor></technique_common></source><source id="mixamorig_Spine-Interpolations"><Name_array id="mixamorig_Spine-Interpolations-array" count="28">
 LINEAR LINEAR LINEAR LINEAR LINEAR LINEAR LINEAR LINEAR LINEAR LINEAR LINEAR
LINEAR LINEAR LINEAR LINEAR LINEAR LINEAR LINEAR LINEAR LINEAR LINEAR LINEAR LINEAR
LINEAR LINEAR LINEAR LINEAR LINEAR</Name_array><technique_common><accessor source="#mixamorig_Spine-Interpolations-array" count="28"><param type="name"/></accessor></technique_common></source><sampler id="mixamorig_Spine-Matrix-animation-transform"><input semantic="INPUT" source="#mixamorig_Spine-Matrix-animation-input"/><input semantic="OUTPUT" source="#mixamorig_Spine-Matrix-animation-output-transform"/><input semantic="INTERPOLATION" source="#mixamorig_Spine-Interpolations"/></sampler><channel source="#mixamorig_Spine-Matrix-animation-transform" target="mixamorig_Spine/matrix"/></animation>
    <animation id="mixamorig_Spine1-anim" name="mixamorig_Spine1"><source id="mixamorig_Spine1-Matrix-animation-input"><float_array id="mixamorig_Spine1-Matrix-animation-input-array" count="28">

0.000000 0.033333 0.066667 0.100000 0.133333 0.166667 0.200000 0.233333 0.266667 0.300000 0.333333 0.366667 0.400000 0.433333 0.466667 0.500000
0.533333 0.566667 0.600000 0.633333 0.666667 0.700000 0.733333 0.766667 0.800000 0.833333 0.866667 0.900000</float_array><technique_common><accessor source="#mixamorig_Spine1-Matrix-animation-input-array" count="28"><param name="TIME" type="float"/></accessor></technique_common></source><source id="mixamorig_Spine1-Matrix-animation-output-transform"><float_array id="mixamorig_Spine1-Matrix-animation-output-transform-array" count="448">

0.996909 0.075453 0.021909 0.000000 -0.074129 0.995676 -0.055990 9.477100 -0.026039 0.054193 0.998191 -1.486900 0.000000 0.000000 0.000000 1.000000
0.992059 0.109562 0.061770 0.000000 -0.106875 0.993242 -0.045262 9.477100 -0.066312 0.038301 0.997064 -1.486900 0.000000 0.000000 0.000000 1.000000
0.987903 0.127499 0.088272 -0.000000 -0.121684 0.990209 -0.068412 9.477100 -0.096130 0.056843 0.993744 -1.486900 0.000000 0.000000 0.000000 1.000000
0.990067 0.105241 0.093224 0.000000 -0.097935 0.991991 -0.079759 9.477100 -0.100872 0.069837 0.992445 -1.486900 0.000000 0.000000 0.000000 1.000000
0.993091 0.076986 0.088568 -0.000000 -0.071177 0.995212 -0.066977 9.477100 -0.093300 0.060210 0.993816 -1.486900 0.000000 0.000000 0.000000 1.000000
0.995253 0.055445 0.079988 0.000000 -0.050668 0.996877 -0.060568 9.477100 -0.083097 0.056228 0.994954 -1.486900 0.000000 0.000000 0.000000 1.000000
0.996591 0.039785 0.072275 0.000000 -0.035304 0.997436 -0.062251 9.477100 -0.074567 0.059487 0.995440 -1.486900 0.000000 0.000000 0.000000 1.000000
0.997155 0.030809 0.068791 0.000000 -0.026415 0.997607 -0.063898 9.477100 -0.070595 0.061900 0.995583 -1.486900 0.000000 0.000000 0.000000 1.000000
0.997105 0.030115 0.069823 0.000000 -0.026028 0.997934 -0.058732 9.477100 -0.071448 0.056745 0.995829 -1.486900 0.000000 0.000000 0.000000 1.000000
0.997105 0.028232 0.070597 0.000000 -0.024509 0.998290 -0.053061 9.477100 -0.071974 0.051177 0.996093 -1.486900 0.000000 0.000000 0.000000 1.000000
0.997600 0.021001 0.065981 0.000000 -0.018081 0.998844 -0.044546 9.477100 -0.066840 0.043246 0.996826 -1.486900 0.000000 0.000000 0.000000 1.000000
0.998535 0.006465 0.053723 0.000000 -0.004754 0.999479 -0.031918 9.477100 -0.053902 0.031615 0.998046 -1.486900 0.000000 0.000000 0.000000 1.000000
0.999290 -0.011986 0.035719 0.000000 0.012633 0.999759 -0.017952 9.477100 -0.035495 0.018390 0.999201 -1.486900 0.000000 0.000000 0.000000 1.000000
0.999387 -0.031265 0.015762 0.000000 0.031433 0.999451 -0.010519 9.477100 -0.015424 0.011008 0.999820 -1.486900 0.000000 0.000000 0.000000 1.000000
0.998780 -0.049317 -0.002482 -0.000000 0.049268 0.998642 -0.016907 9.477100 0.003312 0.016764 0.999854 -1.486900 0.000000 0.000000 0.000000 1.000000
0.997818 -0.063638 -0.017601 0.000000 0.062947 0.997318 -0.037355 9.477100 0.019931 0.036166 0.999147 -1.486900 0.000000 0.000000 0.000000 1.000000
0.997105 -0.069656 -0.030499 0.000000 0.067626 0.995710 -0.063156 9.477100 0.034767 0.060910 0.997538 -1.486900 0.000000 0.000000 0.000000 1.000000
0.996980 -0.064465 -0.043308 0.000000 0.060919 0.995033 -0.078729 9.477100 0.048168 0.075853 0.995955 -1.486900 0.000000 0.000000 0.000000 1.000000
0.996904 -0.053796 -0.057354 -0.000000 0.049515 0.996057 -0.073615 9.477100 0.061088 0.070547 0.995636 -1.486900 0.000000 0.000000 0.000000 1.000000
0.996730 -0.040740 -0.069783 0.000000 0.036323 0.997325 -0.063434 9.477100 0.072180 0.060692 0.995543 -1.486900 0.000000 0.000000 0.000000 1.000000
0.996628 -0.031084 -0.075931 0.000000 0.026264 0.997625 -0.063670 9.477100 0.077730 0.061461 0.995078 -1.486900 0.000000 0.000000 0.000000 1.000000
0.996901 -0.023330 -0.075132 0.000000 0.017919 0.997251 -0.071897 9.477100 0.076603 0.070328 0.994578 -1.486900 0.000000 0.000000 0.000000 1.000000
0.997272 -0.023976 -0.069806 0.000000 0.017905 0.996106 -0.086325 9.477100 0.071604 0.084840 0.993818 -1.486900 0.000000 0.000000 0.000000 1.000000
0.997611 -0.030156 -0.062157 0.000000 0.024201 0.995238 -0.094426 9.477100 0.064708 0.092697 0.993590 -1.486900 0.000000 0.000000 0.000000 1.000000
0.998393 -0.023531 -0.051545 0.000000 0.019098 0.996210 -0.084863 9.477100 0.053346 0.083742 0.995058 -1.486900 0.000000 0.000000 0.000000 1.000000
0.999444 0.002165 -0.033280 0.000000 -0.004426 0.997675 -0.068004 9.477100 0.033055 0.068113 0.997130 -1.486900 0.000000 0.000000 0.000000 1.000000
0.999225 0.038736 -0.006999 0.000000 -0.039085 0.997454 -0.059647 9.477100 0.004671 0.059875 0.998195 -1.486900 0.000000 0.000000 0.000000 1.000000
0.996909 0.075453 0.021909 0.000000 -0.074129 0.995676 -0.055990 9.477100 -0.026039 0.054193 0.998191 -1.486900 0.000000 0.000000 0.000000 1.000000</float_array><technique_common><accessor source="#mixamorig_Spine1-Matrix-animation-output-transform-array" count="28" stride="16"><param type="float4x4"/></accessor></technique_common></source><source id="mixamorig_Spine1-Interpolations"><Name_array id="mixamorig_Spine1-Interpolations-array" count="28">
 LINEAR LINEAR LINEAR LINEAR LINEAR LINEAR LINEAR LINEAR LINEAR LINEAR LINEAR
LINEAR LINEAR LINEAR LINEAR LINEAR LINEAR LINEAR LINEAR LINEAR LINEAR LINEAR LINEAR
LINEAR LINEAR LINEAR LINEAR LINEAR</Name_array><technique_common><accessor source="#mixamorig_Spine1-Interpolations-array" count="28"><param type="name"/></accessor></technique_common></source><sampler id="mixamorig_Spine1-Matrix-animation-transform"><input semantic="INPUT" source="#mixamorig_Spine1-Matrix-animation-input"/><input semantic="OUTPUT" source="#mixamorig_Spine1-Matrix-animation-output-transform"/><input semantic="INTERPOLATION" source="#mixamorig_Spine1-Interpolations"/></sampler><channel source="#mixamorig_Spine1-Matrix-animation-transform" target="mixamorig_Spine1/matrix"/></animation>
    <animation id="mixamorig_Spine2-anim" name="mixamorig_Spine2"><source id="mixamorig_Spine2-Matrix-animation-input"><float_array id="mixamorig_Spine2-Matrix-animation-input-array" count="28">

0.000000 0.033333 0.066667 0.100000 0.133333 0.166667 0.200000 0.233333 0.266667 0.300000 0.333333 0.366667 0.400000 0.433333 0.466667 0.500000
0.533333 0.566667 0.600000 0.633333 0.666667 0.700000 0.733333 0.766667 0.800000 0.833333 0.866667 0.900000</float_array><technique_common><accessor source="#mixamorig_Spine2-Matrix-animation-input-array" count="28"><param name="TIME" type="float"/></accessor></technique_common></source><source id="mixamorig_Spine2-Matrix-animation-output-transform"><float_array id="mixamorig_Spine2-Matrix-animation-output-transform-array" count="448">

0.996945 0.074913 0.022121 0.000000 -0.073553 0.995665 -0.056923 12.786900 -0.026289 0.055122 0.998133 -1.438600 0.000000 0.000000 0.000000 1.000000
0.992093 0.111619 0.057387 0.000000 -0.108884 0.992858 -0.048764 12.786900 -0.062420 0.042130 0.997160 -1.438600 0.000000 0.000000 0.000000 1.000000
0.988161 0.128828 0.083311 0.000000 -0.122766 0.989657 -0.074219 12.786900 -0.092011 0.063112 0.993756 -1.438600 0.000000 0.000000 0.000000 1.000000
0.990375 0.104070 0.091248 0.000000 -0.096449 0.991762 -0.084302 12.786900 -0.099269 0.074690 0.992254 -1.438600 0.000000 0.000000 0.000000 1.000000
0.993241 0.075911 0.087800 0.000000 -0.069903 0.995123 -0.069591 12.786900 -0.092655 0.062983 0.993704 -1.438600 0.000000 0.000000 0.000000 1.000000
0.995321 0.055156 0.079338 -0.000000 -0.050308 0.996816 -0.061866 12.786900 -0.082498 0.057585 0.994926 -1.438600 0.000000 0.000000 0.000000 1.000000
0.996626 0.039766 0.071795 0.000000 -0.035267 0.997398 -0.062881 12.786900 -0.074109 0.060137 0.995435 -1.438600 0.000000 0.000000 0.000000 1.000000
0.997177 0.030734 0.068509 0.000000 -0.026331 0.997585 -0.064272 12.786900 -0.070319 0.062286 0.995578 -1.438600 0.000000 0.000000 0.000000 1.000000
0.997140 0.030374 0.069198 0.000000 -0.026276 0.997890 -0.059377 12.786900 -0.070855 0.057389 0.995834 -1.438600 0.000000 0.000000 0.000000 1.000000
0.997152 0.029126 0.069566 -0.000000 -0.025391 0.998219 -0.053988 12.786900 -0.071015 0.052068 0.996115 -1.438600 0.000000 0.000000 0.000000 1.000000
0.997638 0.022819 0.064788 0.000000 -0.019892 0.998767 -0.045480 12.786900 -0.065745 0.044084 0.996862 -1.438600 0.000000 0.000000 0.000000 1.000000
0.998548 0.008900 0.053131 0.000000 -0.007182 0.999448 -0.032424 12.786900 -0.053390 0.031996 0.998061 -1.438600 0.000000 0.000000 0.000000 1.000000
0.999289 -0.009782 0.036402 -0.000000 0.010441 0.999784 -0.017967 12.786900 -0.036218 0.018334 0.999176 -1.438600 0.000000 0.000000 0.000000 1.000000
0.999384 -0.030131 0.017971 0.000000 0.030319 0.999487 -0.010275 12.786900 -0.017653 0.010814 0.999786 -1.438600 0.000000 0.000000 0.000000 1.000000
0.998776 -0.049459 0.001044 0.000000 0.049470 0.998636 -0.016726 12.786900 -0.000215 0.016758 0.999860 -1.438600 0.000000 0.000000 0.000000 1.000000
0.997823 -0.064574 -0.013403 -0.000000 0.064032 0.997239 -0.037600 12.786900 0.015794 0.036660 0.999203 -1.438600 0.000000 0.000000 0.000000 1.000000
0.997152 -0.070654 -0.026367 -0.000000 0.068845 0.995563 -0.064149 12.786900 0.030782 0.062151 0.997592 -1.438600 0.000000 0.000000 0.000000 1.000000
0.997086 -0.065254 -0.039522 0.000000 0.061912 0.994823 -0.080581 12.786900 0.044575 0.077899 0.995964 -1.438600 0.000000 0.000000 0.000000 1.000000
0.997048 -0.055238 -0.053328 0.000000 0.051075 0.995760 -0.076511 12.786900 0.057329 0.073561 0.995642 -1.438600 0.000000 0.000000 0.000000 1.000000
0.996908 -0.043547 -0.065413 0.000000 0.039114 0.996947 -0.067579 12.786900 0.068156 0.064812 0.995567 -1.438600 0.000000 0.000000 0.000000 1.000000
0.996845 -0.034449 -0.071504 0.000000 0.029520 0.997188 -0.068878 12.786900 0.073676 0.066550 0.995059 -1.438600 0.000000 0.000000 0.000000 1.000000
0.997108 -0.025841 -0.071463 0.000000 0.020314 0.996823 -0.077015 12.786900 0.073226 0.075341 0.994466 -1.438600 0.000000 0.000000 0.000000 1.000000
0.997409 -0.024533 -0.067621 0.000000 0.018330 0.995694 -0.090870 12.786900 0.069559 0.089395 0.993564 -1.438600 0.000000 0.000000 0.000000 1.000000
0.997668 -0.029581 -0.061505 0.000000 0.023419 0.994851 -0.098603 12.786900 0.064105 0.096933 0.993224 -1.438600 0.000000 0.000000 0.000000 1.000000
0.998417 -0.023905 -0.050913 0.000000 0.019354 0.995925 -0.088085 12.786900 0.052812 0.086960 0.994811 -1.438600 0.000000 0.000000 0.000000 1.000000
0.999503 0.000451 -0.031508 0.000000 -0.002643 0.997574 -0.069559 12.786900 0.031400 0.069608 0.997080 -1.438600 0.000000 0.000000 0.000000 1.000000
0.999294 0.037201 -0.005331 0.000000 -0.037455 0.997474 -0.060363 12.786900 0.003072 0.060520 0.998162 -1.438600 0.000000 0.000000 0.000000 1.000000
0.996945 0.074913 0.022121 0.000000 -0.073553 0.995665 -0.056924 12.786900 -0.026289 0.055123 0.998133 -1.438600 0.000000 0.000000 0.000000 1.000000</float_array><technique_common><accessor source="#mixamorig_Spine2-Matrix-animation-output-transform-array" count="28" stride="16"><param type="float4x4"/></accessor></technique_common></source><source id="mixamorig_Spine2-Interpolations"><Name_array id="mixamorig_Spine2-Interpolations-array" count="28">
 LINEAR LINEAR LINEAR LINEAR LINEAR LINEAR LINEAR LINEAR LINEAR LINEAR LINEAR
LINEAR LINEAR LINEAR LINEAR LINEAR LINEAR LINEAR LINEAR LINEAR LINEAR LINEAR LINEAR
LINEAR LINEAR LINEAR LINEAR LINEAR</Name_array><technique_common><accessor source="#mixamorig_Spine2-Interpolations-array" count="28"><param type="name"/></accessor></technique_common></source><sampler id="mixamorig_Spine2-Matrix-animation-transform"><input semantic="INPUT" source="#mixamorig_Spine2-Matrix-animation-input"/><input semantic="OUTPUT" source="#mixamorig_Spine2-Matrix-animation-output-transform"/><input semantic="INTERPOLATION" source="#mixamorig_Spine2-Interpolations"/></sampler><channel source="#mixamorig_Spine2-Matrix-animation-transform" target="mixamorig_Spine2/matrix"/></animation>
    <animation id="mixamorig_Neck-anim" name="mixamorig_Neck"><source id="mixamorig_Neck-Matrix-animation-input"><float_array id="mixamorig_Neck-Matrix-animation-input-array" count="28">

0.000000 0.033333 0.066667 0.100000 0.133333 0.166667 0.200000 0.233333 0.266667 0.300000 0.333333 0.366667 0.400000 0.433333 0.466667 0.500000
0.533333 0.566667 0.600000 0.633333 0.666667 0.700000 0.733333 0.766667 0.800000 0.833333 0.866667 0.900000</float_array><technique_common><accessor source="#mixamorig_Neck-Matrix-animation-input-array" count="28"><param name="TIME" type="float"/></accessor></technique_common></source><source id="mixamorig_Neck-Matrix-animation-output-transform"><float_array id="mixamorig_Neck-Matrix-animation-output-transform-array" count="448">

0.999976 0.005700 0.004041 -0.000000 -0.003587 0.915138 -0.403125 15.556500 -0.005996 0.403101 0.915136 7.134300 0.000000 0.000000 0.000000 1.000000
0.997689 0.064827 -0.020337 0.000000 -0.067781 0.929078 -0.363619 15.556500 -0.004677 0.364158 0.931326 7.134300 0.000000 0.000000 0.000000 1.000000
0.990642 0.132375 -0.033251 0.000000 -0.136364 0.949575 -0.282335 15.556500 -0.005800 0.284227 0.958740 7.134300 0.000000 0.000000 0.000000 1.000000
0.981499 0.190165 -0.022291 0.000000 -0.191213 0.967543 -0.165223 15.556500 -0.009852 0.166428 0.986004 7.134300 0.000000 0.000000 0.000000 1.000000
0.978861 0.204303 -0.009535 0.000000 -0.204431 0.975928 -0.075972 15.556500 -0.006216 0.076316 0.997064 7.134300 0.000000 0.000000 0.000000 1.000000
0.984139 0.176683 -0.015897 -0.000000 -0.177338 0.982162 -0.062525 15.556500 0.004566 0.064352 0.997917 7.134300 0.000000 0.000000 0.000000 1.000000
0.989970 0.138538 -0.027679 -0.000000 -0.140366 0.986729 -0.081632 15.556500 0.016002 0.084699 0.996278 7.134300 0.000000 0.000000 0.000000 1.000000
0.992923 0.112206 -0.038902 0.000000 -0.116170 0.985708 -0.121998 15.556500 0.024657 0.125654 0.991768 7.134300 0.000000 0.000000 0.000000 1.000000
0.993826 0.100827 -0.046308 -0.000000 -0.106906 0.981882 -0.156460 15.556500 0.029694 0.160445 0.986598 7.134300 0.000000 0.000000 0.000000 1.000000
0.994131 0.096268 -0.049357 0.000000 -0.103307 0.980195 -0.168952 15.556500 0.032115 0.173059 0.984388 7.134300 0.000000 0.000000 0.000000 1.000000
0.994875 0.088421 -0.049051 0.000000 -0.095571 0.980697 -0.170585 15.556500 0.033021 0.174399 0.984121 7.134300 0.000000 0.000000 0.000000 1.000000
0.996337 0.071604 -0.046748 0.000000 -0.078877 0.980686 -0.178980 15.556500 0.033029 0.182012 0.982741 7.134300 0.000000 0.000000 0.000000 1.000000
0.997817 0.049720 -0.043468 0.000000 -0.057314 0.978947 -0.195902 15.556500 0.032813 0.197966 0.979660 7.134300 0.000000 0.000000 0.000000 1.000000
0.998775 0.028761 -0.040270 -0.000000 -0.036735 0.976159 -0.213925 15.556500 0.033157 0.215142 0.976020 7.134300 0.000000 0.000000 0.000000 1.000000
0.999201 0.014663 -0.037192 0.000000 -0.023009 0.971712 -0.235045 15.556500 0.032694 0.235713 0.971273 7.134300 0.000000 0.000000 0.000000 1.000000
0.999397 0.013840 -0.031852 0.000000 -0.021622 0.965680 -0.258831 15.556500 0.027177 0.259364 0.965397 7.134300 0.000000 0.000000 0.000000 1.000000
0.999386 0.027054 -0.022243 0.000000 -0.032293 0.957618 -0.286225 15.556500 0.013557 0.286767 0.957904 7.134300 0.000000 0.000000 0.000000 1.000000
0.999274 0.036847 -0.009672 -0.000000 -0.038025 0.949265 -0.312171 15.556500 -0.002322 0.312312 0.949977 7.134300 0.000000 0.000000 0.000000 1.000000
0.999901 0.013154 0.004916 0.000000 -0.010805 0.944273 -0.328985 15.556500 -0.008970 0.328899 0.944322 7.134300 0.000000 0.000000 0.000000 1.000000
0.999023 -0.036938 0.024261 0.000000 0.043049 0.937516 -0.345269 15.556500 -0.009992 0.345976 0.938190 7.134300 0.000000 0.000000 0.000000 1.000000
0.996797 -0.065645 0.045679 0.000000 0.077909 0.926019 -0.369349 15.556500 -0.018054 0.371725 0.928167 7.134300 0.000000 0.000000 0.000000 1.000000
0.996787 -0.054432 0.058762 0.000000 0.073211 0.916750 -0.392694 15.556500 -0.032495 0.395735 0.917790 7.134300 0.000000 0.000000 0.000000 1.000000
0.997706 -0.033845 0.058629 0.000000 0.054683 0.913464 -0.403230 15.556500 -0.039908 0.405511 0.913219 7.134300 0.000000 0.000000 0.000000 1.000000
0.998257 -0.027723 0.052097 -0.000000 0.046727 0.910518 -0.410820 15.556500 -0.036046 0.412538 0.910227 7.134300 0.000000 0.000000 0.000000 1.000000
0.998735 -0.026576 0.042694 0.000000 0.041966 0.908235 -0.416352 15.556500 -0.027711 0.417616 0.908201 7.134300 0.000000 0.000000 0.000000 1.000000
0.999191 -0.025032 0.031481 -0.000000 0.035929 0.907320 -0.418903 15.556500 -0.018077 0.419696 0.907485 7.134300 0.000000 0.000000 0.000000 1.000000
0.999653 -0.017697 0.019511 0.000000 0.024229 0.908340 -0.417530 15.556500 -0.010334 0.417858 0.908453 7.134300 0.000000 0.000000 0.000000 1.000000
0.999976 0.005699 0.004041 0.000000 -0.003587 0.915138 -0.403125 15.556500 -0.005996 0.403101 0.915136 7.134300 0.000000 0.000000 0.000000 1.000000</float_array><technique_common><accessor source="#mixamorig_Neck-Matrix-animation-output-transform-array" count="28" stride="16"><param type="float4x4"/></accessor></technique_common></source><source id="mixamorig_Neck-Interpolations"><Name_array id="mixamorig_Neck-Interpolations-array" count="28">
 LINEAR LINEAR LINEAR LINEAR LINEAR LINEAR LINEAR LINEAR LINEAR LINEAR LINEAR
LINEAR LINEAR LINEAR LINEAR LINEAR LINEAR LINEAR LINEAR LINEAR LINEAR LINEAR LINEAR
LINEAR LINEAR LINEAR LINEAR LINEAR</Name_array><technique_common><accessor source="#mixamorig_Neck-Interpolations-array" count="28"><param type="name"/></accessor></technique_common></source><sampler id="mixamorig_Neck-Matrix-animation-transform"><input semantic="INPUT" source="#mixamorig_Neck-Matrix-animation-input"/><input semantic="OUTPUT" source="#mixamorig_Neck-Matrix-animation-output-transform"/><input semantic="INTERPOLATION" source="#mixamorig_Neck-Interpolations"/></sampler><channel source="#mixamorig_Neck-Matrix-animation-transform" target="mixamorig_Neck/matrix"/></animation>
    <animation id="mixamorig_Head-anim" name="mixamorig_Head"><source id="mixamorig_Head-Matrix-animation-input"><float_array id="mixamorig_Head-Matrix-animation-input-array" count="28">

0.000000 0.033333 0.066667 0.100000 0.133333 0.166667 0.200000 0.233333 0.266667 0.300000 0.333333 0.366667 0.400000 0.433333 0.466667 0.500000
0.533333 0.566667 0.600000 0.633333 0.666667 0.700000 0.733333 0.766667 0.800000 0.833333 0.866667 0.900000</float_array><technique_common><accessor source="#mixamorig_Head-Matrix-animation-input-array" count="28"><param name="TIME" type="float"/></accessor></technique_common></source><source id="mixamorig_Head-Matrix-animation-output-transform"><float_array id="mixamorig_Head-Matrix-animation-output-transform-array" count="448">

0.999739 0.022195 0.005336 -0.000000 -0.022138 0.999699 -0.010548 7.137700 -0.005568 0.010427 0.999930 4.237100 0.000000 0.000000 0.000000 1.000000
0.996532 0.082930 -0.006844 0.000000 -0.083002 0.996489 -0.010950 7.137700 0.005912 0.011480 0.999917 4.237100 0.000000 0.000000 0.000000 1.000000
0.989054 0.146962 -0.013219 0.000000 -0.146933 0.989141 0.003119 7.137700 0.013534 -0.001143 0.999908 4.237100 0.000000 0.000000 0.000000 1.000000
0.980495 0.196328 -0.009251 0.000000 -0.195891 0.979985 0.035452 7.137700 0.016026 -0.032948 0.999329 4.237100 0.000000 0.000000 0.000000 1.000000
0.978697 0.205187 -0.007044 0.000000 -0.204307 0.976738 0.065128 7.137700 0.020243 -0.062301 0.997852 4.237100 0.000000 0.000000 0.000000 1.000000
0.984118 0.176838 -0.015465 0.000000 -0.175373 0.982045 0.069516 7.137700 0.027480 -0.065700 0.997461 4.237100 0.000000 0.000000 0.000000 1.000000
0.989959 0.138647 -0.027522 0.000000 -0.137146 0.989264 0.050469 7.137700 0.034223 -0.046188 0.998346 4.237100 0.000000 0.000000 0.000000 1.000000
0.992922 0.112229 -0.038873 0.000000 -0.111926 0.993667 0.009905 7.137700 0.039739 -0.005484 0.999195 4.237100 0.000000 0.000000 0.000000 1.000000
0.993830 0.100747 -0.046388 0.000000 -0.101975 0.994475 -0.024908 7.137700 0.043623 0.029485 0.998613 4.237100 0.000000 0.000000 0.000000 1.000000
0.994137 0.096079 -0.049609 0.000000 -0.097987 0.994479 -0.037559 7.137700 0.045726 0.042200 0.998062 4.237100 0.000000 0.000000 0.000000 1.000000
0.994880 0.088086 -0.049539 0.000000 -0.090063 0.995164 -0.039196 7.137700 0.045847 0.043457 0.998003 4.237100 0.000000 0.000000 0.000000 1.000000
0.996343 0.071091 -0.047397 -0.000000 -0.073347 0.996166 -0.047690 7.137700 0.043825 0.050992 0.997737 4.237100 0.000000 0.000000 0.000000 1.000000
0.997824 0.049089 -0.044021 -0.000000 -0.051888 0.996544 -0.064866 7.137700 0.040684 0.067009 0.996923 4.237100 0.000000 0.000000 0.000000 1.000000
0.998784 0.028276 -0.040377 0.000000 -0.031526 0.996110 -0.082287 7.137700 0.037893 0.083460 0.995790 4.237100 0.000000 0.000000 0.000000 1.000000
0.999221 0.015075 -0.036483 0.000000 -0.018546 0.995135 -0.096757 7.137700 0.034847 0.097358 0.994639 4.237100 0.000000 0.000000 0.000000 1.000000
0.999420 0.015706 -0.030215 0.000000 -0.018883 0.993981 -0.107909 7.137700 0.028338 0.108417 0.993701 4.237100 0.000000 0.000000 0.000000 1.000000
0.999353 0.030441 -0.019165 0.000000 -0.032491 0.992505 -0.117802 7.137700 0.015435 0.118348 0.992852 4.237100 0.000000 0.000000 0.000000 1.000000
0.999134 0.041309 -0.004891 0.000000 -0.041597 0.991609 -0.122398 7.137700 -0.000206 0.122496 0.992469 4.237100 0.000000 0.000000 0.000000 1.000000
0.999798 0.018105 0.008733 -0.000000 -0.016984 0.993255 -0.114697 7.137700 -0.010751 0.114525 0.993362 4.237100 0.000000 0.000000 0.000000 1.000000
0.999216 -0.032361 0.022799 0.000000 0.034581 0.993881 -0.104900 7.137700 -0.019265 0.105606 0.994221 4.237100 0.000000 0.000000 0.000000 1.000000
0.997289 -0.062597 0.038691 -0.000000 0.066290 0.992472 -0.102983 7.137700 -0.031954 0.105269 0.993930 4.237100 0.000000 0.000000 0.000000 1.000000
0.997308 -0.053064 0.050604 0.000000 0.057944 0.993255 -0.100435 7.137700 -0.044933 0.103097 0.993656 4.237100 0.000000 0.000000 0.000000 1.000000
0.998126 -0.032205 0.052032 0.000000 0.036609 0.995621 -0.086019 7.137700 -0.049034 0.087763 0.994934 4.237100 0.000000 0.000000 0.000000 1.000000
0.998659 -0.023696 0.046035 0.000000 0.026876 0.997205 -0.069716 7.137700 -0.044254 0.070860 0.996504 4.237100 0.000000 0.000000 0.000000 1.000000
0.999131 -0.019322 0.036931 -0.000000 0.021261 0.998375 -0.052867 7.137700 -0.035849 0.053606 0.997918 4.237100 0.000000 0.000000 0.000000 1.000000
0.999549 -0.014283 0.026398 -0.000000 0.015241 0.999220 -0.036434 7.137700 -0.025857 0.036819 0.998987 4.237100 0.000000 0.000000 0.000000 1.000000
0.999863 -0.003759 0.016107 0.000000 0.004104 0.999763 -0.021393 7.137700 -0.016023 0.021456 0.999641 4.237100 0.000000 0.000000 0.000000 1.000000
0.999739 0.022195 0.005336 -0.000000 -0.022138 0.999699 -0.010548 7.137700 -0.005568 0.010427 0.999930 4.237100 0.000000 0.000000 0.000000 1.000000</float_array><technique_common><accessor source="#mixamorig_Head-Matrix-animation-output-transform-array" count="28" stride="16"><param type="float4x4"/></accessor></technique_common></source><source id="mixamorig_Head-Interpolations"><Name_array id="mixamorig_Head-Interpolations-array" count="28">
 LINEAR LINEAR LINEAR LINEAR LINEAR LINEAR LINEAR LINEAR LINEAR LINEAR LINEAR
LINEAR LINEAR LINEAR LINEAR LINEAR LINEAR LINEAR LINEAR LINEAR LINEAR LINEAR LINEAR
LINEAR LINEAR LINEAR LINEAR LINEAR</Name_array><technique_common><accessor source="#mixamorig_Head-Interpolations-array" count="28"><param type="name"/></accessor></technique_common></source><sampler id="mixamorig_Head-Matrix-animation-transform"><input semantic="INPUT" source="#mixamorig_Head-Matrix-animation-input"/><input semantic="OUTPUT" source="#mixamorig_Head-Matrix-animation-output-transform"/><input semantic="INTERPOLATION" source="#mixamorig_Head-Interpolations"/></sampler><channel source="#mixamorig_Head-Matrix-animation-transform" target="mixamorig_Head/matrix"/></animation>
    <animation id="mixamorig_LeftShoulder-anim" name="mixamorig_LeftShoulder"><source id="mixamorig_LeftShoulder-Matrix-animation-input"><float_array id="mixamorig_LeftShoulder-Matrix-animation-input-array" count="28">

0.000000 0.033333 0.066667 0.100000 0.133333 0.166667 0.200000 0.233333 0.266667 0.300000 0.333333 0.366667 0.400000 0.433333 0.466667 0.500000
0.533333 0.566667 0.600000 0.633333 0.666667 0.700000 0.733333 0.766667 0.800000 0.833333 0.866667 0.900000</float_array><technique_common><accessor source="#mixamorig_LeftShoulder-Matrix-animation-input-array" count="28"><param name="TIME" type="float"/></accessor></technique_common></source><source id="mixamorig_LeftShoulder-Matrix-animation-output-transform"><float_array id="mixamorig_LeftShoulder-Matrix-animation-output-transform-array" count="448">

0.147746 0.977927 -0.147749 10.522300 0.038002 -0.154891 -0.987200 3.499300 -0.988295 0.140240 -0.060048 -2.292600 0.000000 0.000000 0.000000 1.000000
0.068700 0.986313 -0.149889 10.522300 0.031419 -0.152309 -0.987833 3.499300 -0.997142 0.063155 -0.041452 -2.292600 0.000000 0.000000 0.000000 1.000000
-0.032028 0.982701 -0.182411 10.522300 0.018835 -0.181878 -0.983141 3.499300 -0.999310 -0.034923 -0.012684 -2.292600 0.000000 0.000000 0.000000 1.000000
-0.110684 0.969626 -0.218116 10.522300 0.007637 -0.218628 -0.975778 3.499300 -0.993826 -0.109669 0.016793 -2.292600 0.000000 0.000000 0.000000 1.000000
-0.150714 0.957511 -0.245881 10.522300 0.003808 -0.248157 -0.968712 3.499300 -0.988570 -0.146934 0.033755 -2.292600 0.000000 0.000000 0.000000 1.000000
-0.161984 0.954625 -0.249905 10.522300 0.003098 -0.252756 -0.967525 3.499300 -0.986789 -0.157497 0.037985 -2.292600 0.000000 0.000000 0.000000 1.000000
-0.159251 0.954545 -0.251959 10.522300 0.003478 -0.254672 -0.967021 3.499300 -0.987232 -0.154876 0.037237 -2.292600 0.000000 0.000000 0.000000 1.000000
-0.133775 0.958986 -0.249900 10.522300 0.005069 -0.251501 -0.967844 3.499300 -0.990999 -0.130740 0.028783 -2.292600 0.000000 0.000000 0.000000 1.000000
-0.103612 0.963939 -0.245124 10.522300 0.006924 -0.245746 -0.969310 3.499300 -0.994594 -0.102130 0.018788 -2.292600 0.000000 0.000000 0.000000 1.000000
-0.082715 0.966946 -0.241193 10.522300 0.008287 -0.241347 -0.970403 3.499300 -0.996539 -0.082265 0.011949 -2.292600 0.000000 0.000000 0.000000 1.000000
-0.069511 0.969234 -0.236121 10.522300 0.009082 -0.236068 -0.971694 3.499300 -0.997540 -0.069688 0.007607 -2.292600 0.000000 0.000000 0.000000 1.000000
-0.057569 0.972499 -0.225679 10.522300 0.009633 -0.225502 -0.974195 3.499300 -0.998295 -0.058258 0.003614 -2.292600 0.000000 0.000000 0.000000 1.000000
-0.045238 0.976848 -0.209097 10.522300 0.010150 -0.208851 -0.977895 3.499300 -0.998925 -0.046361 -0.000467 -2.292600 0.000000 0.000000 0.000000 1.000000
-0.038323 0.982524 -0.182145 10.522300 0.010027 -0.181892 -0.983267 3.499300 -0.999215 -0.039508 -0.002881 -2.292600 0.000000 0.000000 0.000000 1.000000
-0.032186 0.991076 -0.129357 10.522300 0.009557 -0.129113 -0.991584 3.499300 -0.999436 -0.033151 -0.005316 -2.292600 0.000000 0.000000 0.000000 1.000000
-0.015619 0.997023 -0.075502 10.522300 0.011665 -0.075325 -0.997091 3.499300 -0.999810 -0.016454 -0.010454 -2.292600 0.000000 0.000000 0.000000 1.000000
0.013426 0.997891 -0.063514 10.522300 0.017256 -0.063742 -0.997817 3.499300 -0.999761 0.012301 -0.018075 -2.292600 0.000000 0.000000 0.000000 1.000000
