<?xml version="1.0" encoding="utf-8"?>
<COLLADA xmlns="http://www.collada.org/2005/11/COLLADASchema" version="1.4.1">
  <asset><contributor><author>Mixamo</author><authoring_tool>COLLADA Mixamo exporter</authoring_tool><comments></comments></contributor><created>2020-05-03T22:11:48Z</created><modified>2020-05-03T22:11:48Z</modified><revision></revision><title></title><unit meter="0.010000"/><up_axis>Y_UP</up_axis></asset>
  <library_geometries>
    <geometry id="rigging_body-lib" name="rigging_bodyMesh">
      <mesh>
        <source id="rigging_body-lib-Position" name="position">
          <float_array id="rigging_body-lib-Position-array" count="0"></float_array>
          <technique_common>
            <accessor count="0" source="#rigging_body-lib-Position-array" stride="3">
              <param name="X" type="float"/>
              <param name="Y" type="float"/>
              <param name="Z" type="float"/>
            </accessor>
          </technique_common>
        </source>
        <vertices id="rigging_body-lib-Vertex">
          <input semantic="POSITION" source="#rigging_body-lib-Position"/>
        </vertices>
      </mesh>
    </geometry>
    <geometry id="rigging_Cylinder001-lib" name="rigging_Cylinder001Mesh">
      <mesh>
        <source id="rigging_Cylinder001-lib-Position" name="position">
          <float_array id="rigging_Cylinder001-lib-Position-array" count="0"></float_array>
          <technique_common>
            <accessor count="0" source="#rigging_Cylinder001-lib-Position-array" stride="3">
              <param name="X" type="float"/>
              <param name="Y" type="float"/>
              <param name="Z" type="float"/>
            </accessor>
          </technique_common>
        </source>
        <vertices id="rigging_Cylinder001-lib-Vertex">
          <input semantic="POSITION" source="#rigging_Cylinder001-lib-Position"/>
        </vertices>
      </mesh>
    </geometry>
    <geometry id="rigging_eyebrowns-lib" name="rigging_eyebrownsMesh">
      <mesh>
        <source id="rigging_eyebrowns-lib-Position" name="position">
          <float_array id="rigging_eyebrowns-lib-Position-array" count="0"></float_array>
          <technique_common>
            <accessor count="0" source="#rigging_eyebrowns-lib-Position-array" stride="3">
              <param name="X" type="float"/>
              <param name="Y" type="float"/>
              <param name="Z" type="float"/>
            </accessor>
          </technique_common>
        </source>
        <vertices id="rigging_eyebrowns-lib-Vertex">
          <input semantic="POSITION" source="#rigging_eyebrowns-lib-Position"/>
        </vertices>
      </mesh>
    </geometry>
    <geometry id="rigging_eyebrowns001-lib" name="rigging_eyebrowns001Mesh">
      <mesh>
        <source id="rigging_eyebrowns001-lib-Position" name="position">
          <float_array id="rigging_eyebrowns001-lib-Position-array" count="0"></float_array>
          <technique_common>
            <accessor count="0" source="#rigging_eyebrowns001-lib-Position-array" stride="3">
              <param name="X" type="float"/>
              <param name="Y" type="float"/>
              <param name="Z" type="float"/>
            </accessor>
          </technique_common>
        </source>
        <vertices id="rigging_eyebrowns001-lib-Vertex">
          <input semantic="POSITION" source="#rigging_eyebrowns001-lib-Position"/>
        </vertices>
      </mesh>
    </geometry>
    <geometry id="rigging_hear-lib" name="rigging_hearMesh">
      <mesh>
        <source id="rigging_hear-lib-Position" name="position">
          <float_array id="rigging_hear-lib-Position-array" count="0"></float_array>
          <technique_common>
            <accessor count="0" source="#rigging_hear-lib-Position-array" stride="3">
              <param name="X" type="float"/>
              <param name="Y" type="float"/>
              <param name="Z" type="float"/>
            </accessor>
          </technique_common>
        </source>
        <vertices id="rigging_hear-lib-Vertex">
          <input semantic="POSITION" source="#rigging_hear-lib-Position"/>
        </vertices>
      </mesh>
    </geometry>
    <geometry id="rigging_Tube001-lib" name="rigging_Tube001Mesh">
      <mesh>
        <source id="rigging_Tube001-lib-Position" name="position">
          <float_array id="rigging_Tube001-lib-Position-array" count="0"></float_array>
          <technique_common>
            <accessor count="0" source="#rigging_Tube001-lib-Position-array" stride="3">
              <param name="X" type="float"/>
              <param name="Y" type="float"/>
              <param name="Z" type="float"/>
            </accessor>
          </technique_common>
        </source>
        <vertices id="rigging_Tube001-lib-Vertex">
          <input semantic="POSITION" source="#rigging_Tube001-lib-Position"/>
        </vertices>
      </mesh>
    </geometry>
  </library_geometries>
  <library_controllers>
    <controller id="rigging_bodyController">
      <skin source="#rigging_body-lib">
        <bind_shape_matrix>1.000000 -0.000000 0.000000 0.000000 0.000000 1.000000 -0.000000 0.000000 0.000000 0.000000 1.000000 0.000000 0.000000 0.000000 0.000000 1.000000
</bind_shape_matrix>
        <source id="rigging_bodyController-Joints">
          <Name_array id="rigging_bodyController-Joints-array" count="1">
 rigging_body</Name_array>
          <technique_common>
            <accessor source="#rigging_bodyController-Joints-array" count="1">
              <param type="name"/>
            </accessor>
          </technique_common>
        </source>
        <source id="rigging_bodyController-Matrices">
          <float_array id="rigging_bodyController-Matrices-array" count="32">

1.000000 0.000000 0.000000 -0.000000 -0.000000 1.000000 0.000000 -0.000000 0.000000 -0.000000 1.000000 -0.000000 0.000000 0.000000 0.000000 1.000000
1.000000 0.000000 0.000000 -0.000000 -0.000000 1.000000 0.000000 -0.000000 0.000000 -0.000000 1.000000 -0.000000 0.000000 0.000000 0.000000 1.000000</float_array>
          <technique_common>
            <accessor source="#rigging_bodyController-Matrices-array" count="2" stride="16">
              <param type="float4x4"/>
            </accessor>
          </technique_common>
        </source>
        <source id="rigging_bodyController-Weights">
          <float_array id="rigging_bodyController-Weights-array" count="1">

1.000000</float_array>
          <technique_common>
            <accessor source="#rigging_bodyController-Weights-array" count="1">
              <param type="float"/>
            </accessor>
          </technique_common>
        </source>
        <joints>
          <input semantic="JOINT" source="#rigging_bodyController-Joints"/>
          <input semantic="INV_BIND_MATRIX" source="#rigging_bodyController-Matrices"/>
        </joints>
        <vertex_weights count="0">
          <input semantic="JOINT" offset="0" source="#rigging_bodyController-Joints"/>
          <input semantic="WEIGHT" offset="1" source="#rigging_bodyController-Weights"/>
          <vcount></vcount>
          <v></v>
        </vertex_weights>
      </skin>
    </controller>
    <controller id="rigging_Cylinder001Controller">
      <skin source="#rigging_Cylinder001-lib">
        <bind_shape_matrix>1.000000 -0.000000 0.000000 0.000000 0.000000 1.000000 -0.000000 0.000000 0.000000 0.000000 1.000000 0.000000 0.000000 0.000000 0.000000 1.000000
</bind_shape_matrix>
        <source id="rigging_Cylinder001Controller-Joints">
          <Name_array id="rigging_Cylinder001Controller-Joints-array" count="1">
 rigging_Cylinder001</Name_array>
          <technique_common>
            <accessor source="#rigging_Cylinder001Controller-Joints-array" count="1">
              <param type="name"/>
            </accessor>
          </technique_common>
        </source>
        <source id="rigging_Cylinder001Controller-Matrices">
          <float_array id="rigging_Cylinder001Controller-Matrices-array" count="32">

1.000000 0.000000 0.000000 -0.000000 -0.000000 1.000000 0.000000 -0.000000 0.000000 -0.000000 1.000000 -0.000000 0.000000 0.000000 0.000000 1.000000
1.000000 0.000000 0.000000 -0.000000 -0.000000 1.000000 0.000000 -0.000000 0.000000 -0.000000 1.000000 -0.000000 0.000000 0.000000 0.000000 1.000000</float_array>
          <technique_common>
            <accessor source="#rigging_Cylinder001Controller-Matrices-array" count="2" stride="16">
              <param type="float4x4"/>
            </accessor>
          </technique_common>
        </source>
        <source id="rigging_Cylinder001Controller-Weights">
          <float_array id="rigging_Cylinder001Controller-Weights-array" count="1">

1.000000</float_array>
          <technique_common>
            <accessor source="#rigging_Cylinder001Controller-Weights-array" count="1">
              <param type="float"/>
            </accessor>
          </technique_common>
        </source>
        <joints>
          <input semantic="JOINT" source="#rigging_Cylinder001Controller-Joints"/>
          <input semantic="INV_BIND_MATRIX" source="#rigging_Cylinder001Controller-Matrices"/>
        </joints>
        <vertex_weights count="0">
          <input semantic="JOINT" offset="0" source="#rigging_Cylinder001Controller-Joints"/>
          <input semantic="WEIGHT" offset="1" source="#rigging_Cylinder001Controller-Weights"/>
          <vcount></vcount>
          <v></v>
        </vertex_weights>
      </skin>
    </controller>
    <controller id="rigging_eyebrownsController">
      <skin source="#rigging_eyebrowns-lib">
        <bind_shape_matrix>1.000000 -0.000000 0.000000 0.000000 0.000000 1.000000 -0.000000 0.000000 0.000000 0.000000 1.000000 0.000000 0.000000 0.000000 0.000000 1.000000
</bind_shape_matrix>
        <source id="rigging_eyebrownsController-Joints">
          <Name_array id="rigging_eyebrownsController-Joints-array" count="1">
 rigging_eyebrowns</Name_array>
          <technique_common>
            <accessor source="#rigging_eyebrownsController-Joints-array" count="1">
              <param type="name"/>
            </accessor>
          </technique_common>
        </source>
        <source id="rigging_eyebrownsController-Matrices">
          <float_array id="rigging_eyebrownsController-Matrices-array" count="32">

1.000000 0.000000 0.000000 -0.000000 -0.000000 1.000000 0.000000 -0.000000 0.000000 -0.000000 1.000000 -0.000000 0.000000 0.000000 0.000000 1.000000
1.000000 0.000000 0.000000 -0.000000 -0.000000 1.000000 0.000000 -0.000000 0.000000 -0.000000 1.000000 -0.000000 0.000000 0.000000 0.000000 1.000000</float_array>
          <technique_common>
            <accessor source="#rigging_eyebrownsController-Matrices-array" count="2" stride="16">
              <param type="float4x4"/>
            </accessor>
          </technique_common>
        </source>
        <source id="rigging_eyebrownsController-Weights">
          <float_array id="rigging_eyebrownsController-Weights-array" count="1">

1.000000</float_array>
          <technique_common>
            <accessor source="#rigging_eyebrownsController-Weights-array" count="1">
              <param type="float"/>
            </accessor>
          </technique_common>
        </source>
        <joints>
          <input semantic="JOINT" source="#rigging_eyebrownsController-Joints"/>
          <input semantic="INV_BIND_MATRIX" source="#rigging_eyebrownsController-Matrices"/>
        </joints>
        <vertex_weights count="0">
          <input semantic="JOINT" offset="0" source="#rigging_eyebrownsController-Joints"/>
          <input semantic="WEIGHT" offset="1" source="#rigging_eyebrownsController-Weights"/>
          <vcount></vcount>
          <v></v>
        </vertex_weights>
      </skin>
    </controller>
    <controller id="rigging_eyebrowns001Controller">
      <skin source="#rigging_eyebrowns001-lib">
        <bind_shape_matrix>1.000000 -0.000000 0.000000 0.000000 0.000000 1.000000 -0.000000 0.000000 0.000000 0.000000 1.000000 0.000000 0.000000 0.000000 0.000000 1.000000
</bind_shape_matrix>
        <source id="rigging_eyebrowns001Controller-Joints">
          <Name_array id="rigging_eyebrowns001Controller-Joints-array" count="1">
 rigging_eyebrowns001</Name_array>
          <technique_common>
            <accessor source="#rigging_eyebrowns001Controller-Joints-array" count="1">
              <param type="name"/>
            </accessor>
          </technique_common>
        </source>
        <source id="rigging_eyebrowns001Controller-Matrices">
          <float_array id="rigging_eyebrowns001Controller-Matrices-array" count="32">

1.000000 0.000000 0.000000 -0.000000 -0.000000 1.000000 0.000000 -0.000000 0.000000 -0.000000 1.000000 -0.000000 0.000000 0.000000 0.000000 1.000000
1.000000 0.000000 0.000000 -0.000000 -0.000000 1.000000 0.000000 -0.000000 0.000000 -0.000000 1.000000 -0.000000 0.000000 0.000000 0.000000 1.000000</float_array>
          <technique_common>
            <accessor source="#rigging_eyebrowns001Controller-Matrices-array" count="2" stride="16">
              <param type="float4x4"/>
            </accessor>
          </technique_common>
        </source>
        <source id="rigging_eyebrowns001Controller-Weights">
          <float_array id="rigging_eyebrowns001Controller-Weights-array" count="1">

1.000000</float_array>
          <technique_common>
            <accessor source="#rigging_eyebrowns001Controller-Weights-array" count="1">
              <param type="float"/>
            </accessor>
          </technique_common>
        </source>
        <joints>
          <input semantic="JOINT" source="#rigging_eyebrowns001Controller-Joints"/>
          <input semantic="INV_BIND_MATRIX" source="#rigging_eyebrowns001Controller-Matrices"/>
        </joints>
        <vertex_weights count="0">
          <input semantic="JOINT" offset="0" source="#rigging_eyebrowns001Controller-Joints"/>
          <input semantic="WEIGHT" offset="1" source="#rigging_eyebrowns001Controller-Weights"/>
          <vcount></vcount>
          <v></v>
        </vertex_weights>
      </skin>
    </controller>
    <controller id="rigging_hearController">
      <skin source="#rigging_hear-lib">
        <bind_shape_matrix>1.000000 -0.000000 0.000000 0.000000 0.000000 1.000000 -0.000000 0.000000 0.000000 0.000000 1.000000 0.000000 0.000000 0.000000 0.000000 1.000000
</bind_shape_matrix>
        <source id="rigging_hearController-Joints">
          <Name_array id="rigging_hearController-Joints-array" count="1">
 rigging_hear</Name_array>
          <technique_common>
            <accessor source="#rigging_hearController-Joints-array" count="1">
              <param type="name"/>
            </accessor>
          </technique_common>
        </source>
        <source id="rigging_hearController-Matrices">
          <float_array id="rigging_hearController-Matrices-array" count="32">

1.000000 0.000000 0.000000 -0.000000 -0.000000 1.000000 0.000000 -0.000000 0.000000 -0.000000 1.000000 -0.000000 0.000000 0.000000 0.000000 1.000000
1.000000 0.000000 0.000000 -0.000000 -0.000000 1.000000 0.000000 -0.000000 0.000000 -0.000000 1.000000 -0.000000 0.000000 0.000000 0.000000 1.000000</float_array>
          <technique_common>
            <accessor source="#rigging_hearController-Matrices-array" count="2" stride="16">
              <param type="float4x4"/>
            </accessor>
          </technique_common>
        </source>
        <source id="rigging_hearController-Weights">
          <float_array id="rigging_hearController-Weights-array" count="1">

1.000000</float_array>
          <technique_common>
            <accessor source="#rigging_hearController-Weights-array" count="1">
              <param type="float"/>
            </accessor>
          </technique_common>
        </source>
        <joints>
          <input semantic="JOINT" source="#rigging_hearController-Joints"/>
          <input semantic="INV_BIND_MATRIX" source="#rigging_hearController-Matrices"/>
        </joints>
        <vertex_weights count="0">
          <input semantic="JOINT" offset="0" source="#rigging_hearController-Joints"/>
          <input semantic="WEIGHT" offset="1" source="#rigging_hearController-Weights"/>
          <vcount></vcount>
          <v></v>
        </vertex_weights>
      </skin>
    </controller>
    <controller id="rigging_Tube001Controller">
      <skin source="#rigging_Tube001-lib">
        <bind_shape_matrix>1.000000 -0.000000 0.000000 0.000000 0.000000 1.000000 -0.000000 0.000000 0.000000 0.000000 1.000000 0.000000 0.000000 0.000000 0.000000 1.000000
</bind_shape_matrix>
        <source id="rigging_Tube001Controller-Joints">
          <Name_array id="rigging_Tube001Controller-Joints-array" count="1">
 rigging_Tube001</Name_array>
          <technique_common>
            <accessor source="#rigging_Tube001Controller-Joints-array" count="1">
              <param type="name"/>
            </accessor>
          </technique_common>
        </source>
        <source id="rigging_Tube001Controller-Matrices">
          <float_array id="rigging_Tube001Controller-Matrices-array" count="32">

1.000000 0.000000 0.000000 -0.000000 -0.000000 1.000000 0.000000 -0.000000 0.000000 -0.000000 1.000000 -0.000000 0.000000 0.000000 0.000000 1.000000
1.000000 0.000000 0.000000 -0.000000 -0.000000 1.000000 0.000000 -0.000000 0.000000 -0.000000 1.000000 -0.000000 0.000000 0.000000 0.000000 1.000000</float_array>
          <technique_common>
            <accessor source="#rigging_Tube001Controller-Matrices-array" count="2" stride="16">
              <param type="float4x4"/>
            </accessor>
          </technique_common>
        </source>
        <source id="rigging_Tube001Controller-Weights">
          <float_array id="rigging_Tube001Controller-Weights-array" count="1">

1.000000</float_array>
          <technique_common>
            <accessor source="#rigging_Tube001Controller-Weights-array" count="1">
              <param type="float"/>
            </accessor>
          </technique_common>
        </source>
        <joints>
          <input semantic="JOINT" source="#rigging_Tube001Controller-Joints"/>
          <input semantic="INV_BIND_MATRIX" source="#rigging_Tube001Controller-Matrices"/>
        </joints>
        <vertex_weights count="0">
          <input semantic="JOINT" offset="0" source="#rigging_Tube001Controller-Joints"/>
          <input semantic="WEIGHT" offset="1" source="#rigging_Tube001Controller-Weights"/>
          <vcount></vcount>
          <v></v>
        </vertex_weights>
      </skin>
    </controller>
  </library_controllers>
  <library_animations>
    <animation id="rigging_Yennefer-anim" name="rigging_Yennefer"><source id="rigging_Yennefer-Matrix-animation-input"><float_array id="rigging_Yennefer-Matrix-animation-input-array" count="70">

0.000000 0.033333 0.066667 0.100000 0.133333 0.166667 0.200000 0.233333 0.266667 0.300000 0.333333 0.366667 0.400000 0.433333 0.466667 0.500000
0.533333 0.566667 0.600000 0.633333 0.666667 0.700000 0.733333 0.766667 0.800000 0.833333 0.866667 0.900000 0.933333 0.966667 1.000000 1.033333
1.066667 1.100000 1.133333 1.166667 1.200000 1.233333 1.266667 1.300000 1.333333 1.366667 1.400000 1.433333 1.466667 1.500000 1.533333 1.566667
1.600000 1.633333 1.666667 1.700000 1.733333 1.766667 1.800000 1.833333 1.866667 1.900000 1.933333 1.966667 2.000000 2.033333 2.066667 2.100000
2.133333 2.166667 2.200000 2.233333 2.266667 2.300000</float_array><technique_common><accessor source="#rigging_Yennefer-Matrix-animation-input-array" count="70"><param name="TIME" type="float"/></accessor></technique_common></source><source id="rigging_Yennefer-Matrix-animation-output-transform"><float_array id="rigging_Yennefer-Matrix-animation-output-transform-array" count="1120">

0.522400 -0.064674 -0.850244 0.031270 0.084071 0.996168 -0.024119 -0.071611 0.848546 -0.058881 0.525835 -0.004539 0.000000 0.000000 0.000000 1.000000
0.523041 -0.064604 -0.849855 0.031328 0.082951 0.996248 -0.024680 -0.071770 0.848261 -0.057588 0.526438 -0.005300 0.000000 0.000000 0.000000 1.000000
0.522397 -0.065545 -0.850180 0.031958 0.082556 0.996245 -0.026079 -0.071955 0.848697 -0.056564 0.525846 -0.005898 0.000000 0.000000 0.000000 1.000000
0.512663 -0.073991 -0.855396 0.036553 0.088101 0.995554 -0.033313 -0.072176 0.854058 -0.058283 0.516902 -0.005016 0.000000 0.000000 0.000000 1.000000
0.485855 -0.087896 -0.869609 0.044317 0.102853 0.993768 -0.042980 -0.072149 0.867967 -0.068560 0.491867 0.000722 0.000000 0.000000 0.000000 1.000000
0.441842 -0.095374 -0.892009 0.049710 0.119101 0.991767 -0.047046 -0.072272 0.889152 -0.085452 0.449563 0.010749 0.000000 0.000000 0.000000 1.000000
0.384626 -0.095404 -0.918129 0.051786 0.134893 0.989776 -0.046339 -0.072547 0.913163 -0.106026 0.393563 0.023783 0.000000 0.000000 0.000000 1.000000
0.320681 -0.093437 -0.942567 0.052509 0.153938 0.987034 -0.045472 -0.072797 0.934594 -0.130515 0.330907 0.039688 0.000000 0.000000 0.000000 1.000000
0.261430 -0.090273 -0.960992 0.052190 0.171878 0.984058 -0.045681 -0.073321 0.949796 -0.153231 0.272779 0.055261 0.000000 0.000000 0.000000 1.000000
0.217624 -0.089964 -0.971878 0.052729 0.183025 0.981841 -0.049903 -0.074113 0.958719 -0.167018 0.230137 0.066681 0.000000 0.000000 0.000000 1.000000
0.192304 -0.097031 -0.976527 0.056168 0.187504 0.980399 -0.060491 -0.075536 0.963256 -0.171470 0.206728 0.073359 0.000000 0.000000 0.000000 1.000000
0.185562 -0.109258 -0.976539 0.061628 0.185729 0.979786 -0.074329 -0.077698 0.964920 -0.167580 0.202104 0.075445 0.000000 0.000000 0.000000 1.000000
0.197540 -0.121332 -0.972757 0.066779 0.176282 0.980531 -0.086503 -0.080529 0.964315 -0.154392 0.215082 0.072431 0.000000 0.000000 0.000000 1.000000
0.228110 -0.131206 -0.964754 0.070828 0.160598 0.982376 -0.095630 -0.083370 0.960299 -0.133124 0.245162 0.065061 0.000000 0.000000 0.000000 1.000000
0.275439 -0.141424 -0.950859 0.074998 0.144134 0.984014 -0.104603 -0.085300 0.950452 -0.108239 0.291419 0.055908 0.000000 0.000000 0.000000 1.000000
0.336951 -0.148813 -0.929687 0.077458 0.128849 0.985428 -0.111036 -0.086673 0.932664 -0.082375 0.351216 0.046126 0.000000 0.000000 0.000000 1.000000
0.419852 -0.148760 -0.895318 0.074929 0.113599 0.987332 -0.110777 -0.088730 0.900455 -0.055198 0.431432 0.034798 0.000000 0.000000 0.000000 1.000000
0.533759 -0.140085 -0.833953 0.065199 0.098063 0.989784 -0.103497 -0.091494 0.839931 -0.026537 0.542043 0.021551 0.000000 0.000000 0.000000 1.000000
0.674378 -0.116552 -0.729130 0.045477 0.077571 0.993182 -0.087015 -0.093936 0.734301 0.002122 0.678821 0.006915 0.000000 0.000000 0.000000 1.000000
0.821096 -0.079815 -0.565182 0.017458 0.051091 0.996478 -0.066496 -0.095539 0.568498 0.025724 0.822282 -0.005095 0.000000 0.000000 0.000000 1.000000
0.940515 -0.045991 -0.336624 -0.009835 0.029117 0.998061 -0.055009 -0.094917 0.338501 0.041935 0.940031 -0.008779 0.000000 0.000000 0.000000 1.000000
0.996796 -0.025325 -0.075877 -0.029629 0.021488 0.998469 -0.050967 -0.094307 0.077052 0.049173 0.995814 -0.002624 0.000000 0.000000 0.000000 1.000000
0.988207 -0.012812 0.152587 -0.043544 0.020309 0.998657 -0.047671 -0.094487 -0.151771 0.050208 0.987140 0.007158 0.000000 0.000000 0.000000 1.000000
0.951004 -0.005404 0.309132 -0.052606 0.022251 0.998451 -0.050999 -0.094886 -0.308377 0.055379 0.949651 0.010467 0.000000 0.000000 0.000000 1.000000
0.913344 -0.003083 0.407178 -0.057613 0.034364 0.996988 -0.069534 -0.098566 -0.405737 0.077500 0.910698 0.004659 0.000000 0.000000 0.000000 1.000000
0.876098 0.005334 0.482104 -0.064299 0.046459 0.994352 -0.095428 -0.100160 -0.479890 0.106002 0.870901 -0.004653 0.000000 0.000000 0.000000 1.000000
0.839632 0.018188 0.542851 -0.072140 0.050681 0.992456 -0.111640 -0.100370 -0.540786 0.121248 0.832376 -0.007394 0.000000 0.000000 0.000000 1.000000
0.812727 0.025379 0.582092 -0.077130 0.050309 0.992263 -0.113504 -0.102467 -0.580469 0.121532 0.805162 -0.005015 0.000000 0.000000 0.000000 1.000000
0.789115 0.031634 0.613430 -0.081382 0.047274 0.992583 -0.111999 -0.105506 -0.612423 0.117380 0.781767 -0.001297 0.000000 0.000000 0.000000 1.000000
0.757001 0.039717 0.652206 -0.086094 0.048827 0.991922 -0.117077 -0.108002 -0.651587 0.120472 0.748946 -0.000918 0.000000 0.000000 0.000000 1.000000
0.723288 0.045863 0.689021 -0.089682 0.057812 0.990268 -0.126601 -0.109304 -0.688122 0.131403 0.713598 -0.004445 0.000000 0.000000 0.000000 1.000000
0.697543 0.054384 0.714476 -0.093994 0.066512 0.987896 -0.140132 -0.109534 -0.713449 0.145269 0.685483 -0.010359 0.000000 0.000000 0.000000 1.000000
0.679043 0.066066 0.731119 -0.099353 0.074566 0.984583 -0.158225 -0.108848 -0.730301 0.161959 0.663648 -0.018449 0.000000 0.000000 0.000000 1.000000
0.669739 0.074197 0.738881 -0.102904 0.082596 0.981379 -0.173415 -0.107320 -0.737989 0.177171 0.651139 -0.025746 0.000000 0.000000 0.000000 1.000000
0.678128 0.076012 0.731002 -0.102815 0.084408 0.980001 -0.180206 -0.105468 -0.730080 0.183905 0.658150 -0.029271 0.000000 0.000000 0.000000 1.000000
0.706020 0.073873 0.704329 -0.100062 0.078756 0.980186 -0.181751 -0.103422 -0.703799 0.183790 0.686213 -0.030229 0.000000 0.000000 0.000000 1.000000
0.743777 0.067793 0.664981 -0.094865 0.070452 0.981352 -0.178846 -0.101530 -0.664705 0.179870 0.725130 -0.029863 0.000000 0.000000 0.000000 1.000000
0.783783 0.059549 0.618174 -0.088238 0.061482 0.983062 -0.172651 -0.099851 -0.617985 0.173328 0.766846 -0.028746 0.000000 0.000000 0.000000 1.000000
0.826662 0.051877 0.560303 -0.081461 0.052704 0.984225 -0.168886 -0.097427 -0.560226 0.169142 0.810887 -0.029264 0.000000 0.000000 0.000000 1.000000
0.872558 0.042336 0.486673 -0.073512 0.045155 0.984983 -0.166644 -0.094277 -0.486419 0.167382 0.857543 -0.031816 0.000000 0.000000 0.000000 1.000000
0.917405 0.030196 0.396809 -0.063780 0.037018 0.986319 -0.160639 -0.090980 -0.396230 0.162059 0.903736 -0.033040 0.000000 0.000000 0.000000 1.000000
0.956008 0.016470 0.292877 -0.052741 0.029801 0.987804 -0.152826 -0.087669 -0.291822 0.154831 0.943858 -0.033735 0.000000 0.000000 0.000000 1.000000
0.984060 -0.002196 0.177823 -0.039133 0.028856 0.988644 -0.147481 -0.084011 -0.175480 0.150262 0.972948 -0.035544 0.000000 0.000000 0.000000 1.000000
0.998130 -0.027028 0.054828 -0.022704 0.034507 0.989492 -0.140407 -0.080454 -0.050457 0.142036 0.988575 -0.035599 0.000000 0.000000 0.000000 1.000000
0.995901 -0.051356 -0.074455 -0.006375 0.041483 0.990833 -0.128564 -0.078313 0.080375 0.124948 0.988902 -0.032647 0.000000 0.000000 0.000000 1.000000
0.975885 -0.069593 -0.206896 0.007484 0.045879 0.992038 -0.117288 -0.076823 0.213411 0.104967 0.971307 -0.028408 0.000000 0.000000 0.000000 1.000000
0.938166 -0.085283 -0.335516 0.020249 0.051072 0.992672 -0.109514 -0.075402 0.342397 0.085607 0.935647 -0.023653 0.000000 0.000000 0.000000 1.000000
0.886684 -0.098999 -0.451654 0.031685 0.058795 0.993021 -0.102238 -0.074098 0.458623 0.064097 0.886316 -0.017133 0.000000 0.000000 0.000000 1.000000
0.829041 -0.104171 -0.549400 0.038541 0.064545 0.993755 -0.091026 -0.073071 0.555451 0.040004 0.830587 -0.008662 0.000000 0.000000 0.000000 1.000000
0.771712 -0.099248 -0.628180 0.039916 0.065021 0.994885 -0.077307 -0.072212 0.632640 0.018814 0.774218 -0.000795 0.000000 0.000000 0.000000 1.000000
0.718555 -0.087666 -0.689923 0.037221 0.060042 0.996139 -0.064042 -0.071861 0.692873 0.004594 0.721045 0.003668 0.000000 0.000000 0.000000 1.000000
0.673925 -0.073006 -0.735184 0.032271 0.050608 0.997330 -0.052647 -0.072548 0.737064 -0.001726 0.675820 0.003676 0.000000 0.000000 0.000000 1.000000
0.640134 -0.063676 -0.765620 0.029229 0.044411 0.997960 -0.045867 -0.074221 0.766979 -0.004641 0.641656 0.001808 0.000000 0.000000 0.000000 1.000000
0.614279 -0.062664 -0.786597 0.029711 0.047621 0.997969 -0.042314 -0.076361 0.787651 -0.011466 0.616015 0.001637 0.000000 0.000000 0.000000 1.000000
0.590373 -0.063029 -0.804666 0.030599 0.053818 0.997802 -0.038672 -0.077990 0.805334 -0.020475 0.592467 0.002271 0.000000 0.000000 0.000000 1.000000
0.566529 -0.060993 -0.821782 0.030291 0.056486 0.997786 -0.035115 -0.078797 0.822104 -0.026525 0.568719 0.001540 0.000000 0.000000 0.000000 1.000000
0.548674 -0.058049 -0.834019 0.029362 0.058082 0.997823 -0.031239 -0.078758 0.834017 -0.031301 0.550851 0.000498 0.000000 0.000000 0.000000 1.000000
0.537528 -0.054429 -0.841488 0.027783 0.061118 0.997805 -0.025499 -0.078059 0.841028 -0.037723 0.539674 0.000466 0.000000 0.000000 0.000000 1.000000
0.531933 -0.053230 -0.845112 0.027198 0.063895 0.997700 -0.022624 -0.077326 0.844372 -0.041964 0.534111 0.000272 0.000000 0.000000 0.000000 1.000000
0.528863 -0.053344 -0.847029 0.027233 0.066306 0.997569 -0.021425 -0.076724 0.846113 -0.044832 0.531114 0.000119 0.000000 0.000000 0.000000 1.000000
0.526676 -0.053996 -0.848349 0.027425 0.068678 0.997421 -0.020847 -0.076132 0.847287 -0.047284 0.529026 -0.000187 0.000000 0.000000 0.000000 1.000000
0.525122 -0.055039 -0.849245 0.027708 0.071023 0.997260 -0.020715 -0.075544 0.848058 -0.049438 0.527592 -0.000632 0.000000 0.000000 0.000000 1.000000
0.524084 -0.056370 -0.849799 0.028106 0.073315 0.997089 -0.020926 -0.074933 0.848505 -0.051336 0.526691 -0.001173 0.000000 0.000000 0.000000 1.000000
0.523441 -0.057884 -0.850094 0.028582 0.075521 0.996915 -0.021379 -0.074312 0.848709 -0.053009 0.526198 -0.001767 0.000000 0.000000 0.000000 1.000000
0.523109 -0.059477 -0.850188 0.029086 0.077617 0.996741 -0.021972 -0.073703 0.848724 -0.054495 0.526021 -0.002389 0.000000 0.000000 0.000000 1.000000
0.522873 -0.061031 -0.850223 0.029624 0.079547 0.996575 -0.022617 -0.073124 0.848691 -0.055807 0.525937 -0.003005 0.000000 0.000000 0.000000 1.000000
0.522661 -0.062439 -0.850251 0.030208 0.081272 0.996422 -0.023214 -0.072562 0.848658 -0.056968 0.525865 -0.003587 0.000000 0.000000 0.000000 1.000000
0.522471 -0.063600 -0.850282 0.030730 0.082777 0.996287 -0.023657 -0.072046 0.848629 -0.058023 0.525796 -0.004088 0.000000 0.000000 0.000000 1.000000
0.522331 -0.064396 -0.850308 0.031089 0.083878 0.996189 -0.023919 -0.071661 0.848608 -0.058828 0.525742 -0.004454 0.000000 0.000000 0.000000 1.000000
0.522312 -0.064634 -0.850302 0.031252 0.084060 0.996170 -0.024086 -0.071612 0.848602 -0.058896 0.525744 -0.004532 0.000000 0.000000 0.000000 1.000000</float_array><technique_common><accessor source="#rigging_Yennefer-Matrix-animation-output-transform-array" count="70" stride="16"><param type="float4x4"/></accessor></technique_common></source><source id="rigging_Yennefer-Interpolations"><Name_array id="rigging_Yennefer-Interpolations-array" count="70">
 LINEAR LINEAR LINEAR LINEAR LINEAR LINEAR LINEAR LINEAR LINEAR LINEAR LINEAR
LINEAR LINEAR LINEAR LINEAR LINEAR LINEAR LINEAR LINEAR LINEAR LINEAR LINEAR LINEAR
LINEAR LINEAR LINEAR LINEAR LINEAR LINEAR LINEAR LINEAR LINEAR LINEAR LINEAR LINEAR
LINEAR LINEAR LINEAR LINEAR LINEAR LINEAR LINEAR LINEAR LINEAR LINEAR LINEAR LINEAR
LINEAR LINEAR LINEAR LINEAR LINEAR LINEAR LINEAR LINEAR LINEAR LINEAR LINEAR LINEAR
LINEAR LINEAR LINEAR LINEAR LINEAR LINEAR LINEAR LINEAR LINEAR LINEAR LINEAR</Name_array><technique_common><accessor source="#rigging_Yennefer-Interpolations-array" count="70"><param type="name"/></accessor></technique_common></source><sampler id="rigging_Yennefer-Matrix-animation-transform"><input semantic="INPUT" source="#rigging_Yennefer-Matrix-animation-input"/><input semantic="OUTPUT" source="#rigging_Yennefer-Matrix-animation-output-transform"/><input semantic="INTERPOLATION" source="#rigging_Yennefer-Interpolations"/></sampler><channel source="#rigging_Yennefer-Matrix-animation-transform" target="rigging_Yennefer/matrix"/></animation>
    <animation id="rigging_meshes-anim" name="rigging_meshes"><source id="rigging_meshes-Matrix-animation-input"><float_array id="rigging_meshes-Matrix-animation-input-array" count="70">

0.000000 0.033333 0.066667 0.100000 0.133333 0.166667 0.200000 0.233333 0.266667 0.300000 0.333333 0.366667 0.400000 0.433333 0.466667 0.500000
0.533333 0.566667 0.600000 0.633333 0.666667 0.700000 0.733333 0.766667 0.800000 0.833333 0.866667 0.900000 0.933333 0.966667 1.000000 1.033333
1.066667 1.100000 1.133333 1.166667 1.200000 1.233333 1.266667 1.300000 1.333333 1.366667 1.400000 1.433333 1.466667 1.500000 1.533333 1.566667
1.600000 1.633333 1.666667 1.700000 1.733333 1.766667 1.800000 1.833333 1.866667 1.900000 1.933333 1.966667 2.000000 2.033333 2.066667 2.100000
2.133333 2.166667 2.200000 2.233333 2.266667 2.300000</float_array><technique_common><accessor source="#rigging_meshes-Matrix-animation-input-array" count="70"><param name="TIME" type="float"/></accessor></technique_common></source><source id="rigging_meshes-Matrix-animation-output-transform"><float_array id="rigging_meshes-Matrix-animation-output-transform-array" count="1120">

1.000000 0.000000 -0.000000 0.000000 0.000000 1.000000 0.000000 0.000000 0.000000 0.000000 1.000000 0.000000 0.000000 0.000000 0.000000 1.000000
1.000000 0.000000 0.000000 0.000000 0.000000 1.000000 0.000000 0.000000 0.000000 0.000000 1.000000 0.000000 0.000000 0.000000 0.000000 1.000000
1.000000 0.000000 -0.000000 0.000000 0.000000 1.000000 0.000000 0.000000 0.000000 0.000000 1.000000 0.000000 0.000000 0.000000 0.000000 1.000000
1.000000 0.000000 -0.000000 0.000000 -0.000000 1.000000 0.000000 0.000000 -0.000000 -0.000000 1.000000 0.000000 0.000000 0.000000 0.000000 1.000000
1.000000 0.000000 0.000000 0.000000 0.000000 1.000000 -0.000000 0.000000 -0.000000 0.000000 1.000000 0.000000 0.000000 0.000000 0.000000 1.000000
1.000000 -0.000000 0.000000 0.000000 0.000000 1.000000 0.000000 0.000000 0.000000 0.000000 1.000000 0.000000 0.000000 0.000000 0.000000 1.000000
1.000000 -0.000000 0.000000 0.000000 0.000000 1.000000 -0.000000 0.000000 0.000000 0.000000 1.000000 0.000000 0.000000 0.000000 0.000000 1.000000
1.000000 0.000000 0.000000 0.000000 -0.000000 1.000000 -0.000000 0.000000 -0.000000 0.000000 1.000000 0.000000 0.000000 0.000000 0.000000 1.000000
1.000000 0.000000 0.000000 0.000000 -0.000000 1.000000 0.000000 0.000000 0.000000 -0.000000 1.000000 0.000000 0.000000 0.000000 0.000000 1.000000
1.000000 0.000000 -0.000000 0.000000 0.000000 1.000000 -0.000000 0.000000 -0.000000 0.000000 1.000000 0.000000 0.000000 0.000000 0.000000 1.000000
1.000000 0.000000 0.000000 0.000000 0.000000 1.000000 0.000000 0.000000 0.000000 0.000000 1.000000 0.000000 0.000000 0.000000 0.000000 1.000000
1.000000 0.000000 0.000000 0.000000 0.000000 1.000000 0.000000 0.000000 -0.000000 0.000000 1.000000 0.000000 0.000000 0.000000 0.000000 1.000000
1.000000 0.000000 -0.000000 0.000000 0.000000 1.000000 0.000000 0.000000 0.000000 -0.000000 1.000000 0.000000 0.000000 0.000000 0.000000 1.000000
1.000000 0.000000 0.000000 0.000000 0.000000 1.000000 -0.000000 0.000000 0.000000 0.000000 1.000000 0.000000 0.000000 0.000000 0.000000 1.000000
1.000000 0.000000 0.000000 0.000000 -0.000000 1.000000 -0.000000 0.000000 0.000000 0.000000 1.000000 0.000000 0.000000 0.000000 0.000000 1.000000
1.000000 -0.000000 0.000000 0.000000 0.000000 1.000000 0.000000 0.000000 0.000000 -0.000000 1.000000 0.000000 0.000000 0.000000 0.000000 1.000000
1.000000 0.000000 0.000000 0.000000 -0.000000 1.000000 0.000000 0.000000 -0.000000 0.000000 1.000000 0.000000 0.000000 0.000000 0.000000 1.000000
1.000000 0.000000 -0.000000 0.000000 0.000000 1.000000 0.000000 0.000000 -0.000000 0.000000 1.000000 0.000000 0.000000 0.000000 0.000000 1.000000
1.000000 -0.000000 -0.000000 0.000000 0.000000 1.000000 -0.000000 0.000000 0.000000 0.000000 1.000000 0.000000 0.000000 0.000000 0.000000 1.000000
1.000000 -0.000000 0.000000 0.000000 0.000000 1.000000 0.000000 0.000000 -0.000000 -0.000000 1.000000 0.000000 0.000000 0.000000 0.000000 1.000000
1.000000 0.000000 0.000000 0.000000 -0.000000 1.000000 0.000000 0.000000 -0.000000 0.000000 1.000000 0.000000 0.000000 0.000000 0.000000 1.000000
1.000000 0.000000 0.000000 0.000000 -0.000000 1.000000 0.000000 0.000000 0.000000 0.000000 1.000000 0.000000 0.000000 0.000000 0.000000 1.000000
1.000000 -0.000000 0.000000 0.000000 0.000000 1.000000 0.000000 0.000000 0.000000 0.000000 1.000000 0.000000 0.000000 0.000000 0.000000 1.000000
1.000000 0.000000 0.000000 0.000000 0.000000 1.000000 -0.000000 0.000000 0.000000 0.000000 1.000000 0.000000 0.000000 0.000000 0.000000 1.000000
1.000000 -0.000000 0.000000 0.000000 -0.000000 1.000000 -0.000000 0.000000 0.000000 0.000000 1.000000 0.000000 0.000000 0.000000 0.000000 1.000000
1.000000 -0.000000 0.000000 0.000000 -0.000000 1.000000 0.000000 0.000000 0.000000 0.000000 1.000000 0.000000 0.000000 0.000000 0.000000 1.000000
1.000000 0.000000 0.000000 0.000000 0.000000 1.000000 0.000000 0.000000 0.000000 0.000000 1.000000 0.000000 0.000000 0.000000 0.000000 1.000000
1.000000 0.000000 0.000000 0.000000 0.000000 1.000000 0.000000 0.000000 -0.000000 0.000000 1.000000 0.000000 0.000000 0.000000 0.000000 1.000000
1.000000 0.000000 0.000000 0.000000 0.000000 1.000000 -0.000000 0.000000 0.000000 -0.000000 1.000000 0.000000 0.000000 0.000000 0.000000 1.000000
1.000000 -0.000000 0.000000 0.000000 -0.000000 1.000000 0.000000 0.000000 0.000000 0.000000 1.000000 0.000000 0.000000 0.000000 0.000000 1.000000
1.000000 0.000000 -0.000000 0.000000 0.000000 1.000000 -0.000000 0.000000 -0.000000 -0.000000 1.000000 0.000000 0.000000 0.000000 0.000000 1.000000
1.000000 -0.000000 0.000000 0.000000 0.000000 1.000000 0.000000 0.000000 0.000000 0.000000 1.000000 0.000000 0.000000 0.000000 0.000000 1.000000
1.000000 0.000000 0.000000 0.000000 -0.000000 1.000000 0.000000 0.000000 0.000000 0.000000 1.000000 0.000000 0.000000 0.000000 0.000000 1.000000
1.000000 0.000000 0.000000 0.000000 0.000000 1.000000 0.000000 0.000000 0.000000 -0.000000 1.000000 0.000000 0.000000 0.000000 0.000000 1.000000
1.000000 0.000000 0.000000 0.000000 0.000000 1.000000 0.000000 0.000000 0.000000 0.000000 1.000000 0.000000 0.000000 0.000000 0.000000 1.000000
1.000000 0.000000 -0.000000 0.000000 0.000000 1.000000 0.000000 0.000000 0.000000 0.000000 1.000000 0.000000 0.000000 0.000000 0.000000 1.000000
1.000000 0.000000 0.000000 0.000000 -0.000000 1.000000 0.000000 0.000000 0.000000 -0.000000 1.000000 0.000000 0.000000 0.000000 0.000000 1.000000
1.000000 -0.000000 0.000000 0.000000 -0.000000 1.000000 0.000000 0.000000 0.000000 -0.000000 1.000000 0.000000 0.000000 0.000000 0.000000 1.000000
1.000000 0.000000 0.000000 0.000000 0.000000 1.000000 -0.000000 0.000000 0.000000 0.000000 1.000000 0.000000 0.000000 0.000000 0.000000 1.000000
1.000000 0.000000 0.000000 0.000000 -0.000000 1.000000 0.000000 0.000000 0.000000 0.000000 1.000000 0.000000 0.000000 0.000000 0.000000 1.000000
1.000000 0.000000 0.000000 0.000000 0.000000 1.000000 0.000000 0.000000 0.000000 -0.000000 1.000000 0.000000 0.000000 0.000000 0.000000 1.000000
1.000000 0.000000 -0.000000 0.000000 0.000000 1.000000 0.000000 0.000000 -0.000000 0.000000 1.000000 0.000000 0.000000 0.000000 0.000000 1.000000
1.000000 -0.000000 -0.000000 0.000000 0.000000 1.000000 0.000000 0.000000 0.000000 -0.000000 1.000000 0.000000 0.000000 0.000000 0.000000 1.000000
1.000000 0.000000 -0.000000 0.000000 0.000000 1.000000 -0.000000 0.000000 -0.000000 0.000000 1.000000 0.000000 0.000000 0.000000 0.000000 1.000000
1.000000 -0.000000 -0.000000 0.000000 -0.000000 1.000000 0.000000 0.000000 0.000000 0.000000 1.000000 0.000000 0.000000 0.000000 0.000000 1.000000
1.000000 -0.000000 0.000000 0.000000 -0.000000 1.000000 0.000000 0.000000 0.000000 0.000000 1.000000 0.000000 0.000000 0.000000 0.000000 1.000000
1.000000 0.000000 0.000000 0.000000 0.000000 1.000000 0.000000 0.000000 -0.000000 0.000000 1.000000 0.000000 0.000000 0.000000 0.000000 1.000000
1.000000 -0.000000 -0.000000 0.000000 -0.000000 1.000000 -0.000000 0.000000 0.000000 0.000000 1.000000 0.000000 0.000000 0.000000 0.000000 1.000000
1.000000 0.000000 0.000000 0.000000 0.000000 1.000000 0.000000 0.000000 -0.000000 0.000000 1.000000 0.000000 0.000000 0.000000 0.000000 1.000000
