<?xml version="1.0" encoding="utf-8"?>
<COLLADA xmlns="http://www.collada.org/2005/11/COLLADASchema" version="1.4.1">
  <asset><contributor><author>Mixamo</author><authoring_tool>COLLADA Mixamo exporter</authoring_tool><comments></comments></contributor><created>2020-05-03T22:27:23Z</created><modified>2020-05-03T22:27:23Z</modified><revision></revision><title></title><unit meter="0.010000"/><up_axis>Y_UP</up_axis></asset>
  <library_geometries>
    <geometry id="rigging_body-lib" name="rigging_bodyMesh">
      <mesh>
        <source id="rigging_body-lib-Position" name="position">
          <float_array id="rigging_body-lib-Position-array" count="0"></float_array>
          <technique_common>
            <accessor count="0" source="#rigging_body-lib-Position-array" stride="3">
              <param name="X" type="float"/>
              <param name="Y" type="float"/>
              <param name="Z" type="float"/>
            </accessor>
          </technique_common>
        </source>
        <vertices id="rigging_body-lib-Vertex">
          <input semantic="POSITION" source="#rigging_body-lib-Position"/>
        </vertices>
      </mesh>
    </geometry>
    <geometry id="rigging_Cylinder001-lib" name="rigging_Cylinder001Mesh">
      <mesh>
        <source id="rigging_Cylinder001-lib-Position" name="position">
          <float_array id="rigging_Cylinder001-lib-Position-array" count="0"></float_array>
          <technique_common>
            <accessor count="0" source="#rigging_Cylinder001-lib-Position-array" stride="3">
              <param name="X" type="float"/>
              <param name="Y" type="float"/>
              <param name="Z" type="float"/>
            </accessor>
          </technique_common>
        </source>
        <vertices id="rigging_Cylinder001-lib-Vertex">
          <input semantic="POSITION" source="#rigging_Cylinder001-lib-Position"/>
        </vertices>
      </mesh>
    </geometry>
    <geometry id="rigging_eyebrowns-lib" name="rigging_eyebrownsMesh">
      <mesh>
        <source id="rigging_eyebrowns-lib-Position" name="position">
          <float_array id="rigging_eyebrowns-lib-Position-array" count="0"></float_array>
          <technique_common>
            <accessor count="0" source="#rigging_eyebrowns-lib-Position-array" stride="3">
              <param name="X" type="float"/>
              <param name="Y" type="float"/>
              <param name="Z" type="float"/>
            </accessor>
          </technique_common>
        </source>
        <vertices id="rigging_eyebrowns-lib-Vertex">
          <input semantic="POSITION" source="#rigging_eyebrowns-lib-Position"/>
        </vertices>
      </mesh>
    </geometry>
    <geometry id="rigging_eyebrowns001-lib" name="rigging_eyebrowns001Mesh">
      <mesh>
        <source id="rigging_eyebrowns001-lib-Position" name="position">
          <float_array id="rigging_eyebrowns001-lib-Position-array" count="0"></float_array>
          <technique_common>
            <accessor count="0" source="#rigging_eyebrowns001-lib-Position-array" stride="3">
              <param name="X" type="float"/>
              <param name="Y" type="float"/>
              <param name="Z" type="float"/>
            </accessor>
          </technique_common>
        </source>
        <vertices id="rigging_eyebrowns001-lib-Vertex">
          <input semantic="POSITION" source="#rigging_eyebrowns001-lib-Position"/>
        </vertices>
      </mesh>
    </geometry>
    <geometry id="rigging_hear-lib" name="rigging_hearMesh">
      <mesh>
        <source id="rigging_hear-lib-Position" name="position">
          <float_array id="rigging_hear-lib-Position-array" count="0"></float_array>
          <technique_common>
            <accessor count="0" source="#rigging_hear-lib-Position-array" stride="3">
              <param name="X" type="float"/>
              <param name="Y" type="float"/>
              <param name="Z" type="float"/>
            </accessor>
          </technique_common>
        </source>
        <vertices id="rigging_hear-lib-Vertex">
          <input semantic="POSITION" source="#rigging_hear-lib-Position"/>
        </vertices>
      </mesh>
    </geometry>
    <geometry id="rigging_Tube001-lib" name="rigging_Tube001Mesh">
      <mesh>
        <source id="rigging_Tube001-lib-Position" name="position">
          <float_array id="rigging_Tube001-lib-Position-array" count="0"></float_array>
          <technique_common>
            <accessor count="0" source="#rigging_Tube001-lib-Position-array" stride="3">
              <param name="X" type="float"/>
              <param name="Y" type="float"/>
              <param name="Z" type="float"/>
            </accessor>
          </technique_common>
        </source>
        <vertices id="rigging_Tube001-lib-Vertex">
          <input semantic="POSITION" source="#rigging_Tube001-lib-Position"/>
        </vertices>
      </mesh>
    </geometry>
  </library_geometries>
  <library_controllers>
    <controller id="rigging_bodyController">
      <skin source="#rigging_body-lib">
        <bind_shape_matrix>1.000000 -0.000000 0.000000 0.000000 0.000000 1.000000 -0.000000 0.000000 0.000000 0.000000 1.000000 0.000000 0.000000 0.000000 0.000000 1.000000
</bind_shape_matrix>
        <source id="rigging_bodyController-Joints">
          <Name_array id="rigging_bodyController-Joints-array" count="1">
 rigging_body</Name_array>
          <technique_common>
            <accessor source="#rigging_bodyController-Joints-array" count="1">
              <param type="name"/>
            </accessor>
          </technique_common>
        </source>
        <source id="rigging_bodyController-Matrices">
          <float_array id="rigging_bodyController-Matrices-array" count="32">

1.000000 0.000000 0.000000 -0.000000 -0.000000 1.000000 0.000000 -0.000000 0.000000 -0.000000 1.000000 -0.000000 0.000000 0.000000 0.000000 1.000000
1.000000 0.000000 0.000000 -0.000000 -0.000000 1.000000 0.000000 -0.000000 0.000000 -0.000000 1.000000 -0.000000 0.000000 0.000000 0.000000 1.000000</float_array>
          <technique_common>
            <accessor source="#rigging_bodyController-Matrices-array" count="2" stride="16">
              <param type="float4x4"/>
            </accessor>
          </technique_common>
        </source>
        <source id="rigging_bodyController-Weights">
          <float_array id="rigging_bodyController-Weights-array" count="1">

1.000000</float_array>
          <technique_common>
            <accessor source="#rigging_bodyController-Weights-array" count="1">
              <param type="float"/>
            </accessor>
          </technique_common>
        </source>
        <joints>
          <input semantic="JOINT" source="#rigging_bodyController-Joints"/>
          <input semantic="INV_BIND_MATRIX" source="#rigging_bodyController-Matrices"/>
        </joints>
        <vertex_weights count="0">
          <input semantic="JOINT" offset="0" source="#rigging_bodyController-Joints"/>
          <input semantic="WEIGHT" offset="1" source="#rigging_bodyController-Weights"/>
          <vcount></vcount>
          <v></v>
        </vertex_weights>
      </skin>
    </controller>
    <controller id="rigging_Cylinder001Controller">
      <skin source="#rigging_Cylinder001-lib">
        <bind_shape_matrix>1.000000 -0.000000 0.000000 0.000000 0.000000 1.000000 -0.000000 0.000000 0.000000 0.000000 1.000000 0.000000 0.000000 0.000000 0.000000 1.000000
</bind_shape_matrix>
        <source id="rigging_Cylinder001Controller-Joints">
          <Name_array id="rigging_Cylinder001Controller-Joints-array" count="1">
 rigging_Cylinder001</Name_array>
          <technique_common>
            <accessor source="#rigging_Cylinder001Controller-Joints-array" count="1">
              <param type="name"/>
            </accessor>
          </technique_common>
        </source>
        <source id="rigging_Cylinder001Controller-Matrices">
          <float_array id="rigging_Cylinder001Controller-Matrices-array" count="32">

1.000000 0.000000 0.000000 -0.000000 -0.000000 1.000000 0.000000 -0.000000 0.000000 -0.000000 1.000000 -0.000000 0.000000 0.000000 0.000000 1.000000
1.000000 0.000000 0.000000 -0.000000 -0.000000 1.000000 0.000000 -0.000000 0.000000 -0.000000 1.000000 -0.000000 0.000000 0.000000 0.000000 1.000000</float_array>
          <technique_common>
            <accessor source="#rigging_Cylinder001Controller-Matrices-array" count="2" stride="16">
              <param type="float4x4"/>
            </accessor>
          </technique_common>
        </source>
        <source id="rigging_Cylinder001Controller-Weights">
          <float_array id="rigging_Cylinder001Controller-Weights-array" count="1">

1.000000</float_array>
          <technique_common>
            <accessor source="#rigging_Cylinder001Controller-Weights-array" count="1">
              <param type="float"/>
            </accessor>
          </technique_common>
        </source>
        <joints>
          <input semantic="JOINT" source="#rigging_Cylinder001Controller-Joints"/>
          <input semantic="INV_BIND_MATRIX" source="#rigging_Cylinder001Controller-Matrices"/>
        </joints>
        <vertex_weights count="0">
          <input semantic="JOINT" offset="0" source="#rigging_Cylinder001Controller-Joints"/>
          <input semantic="WEIGHT" offset="1" source="#rigging_Cylinder001Controller-Weights"/>
          <vcount></vcount>
          <v></v>
        </vertex_weights>
      </skin>
    </controller>
    <controller id="rigging_eyebrownsController">
      <skin source="#rigging_eyebrowns-lib">
        <bind_shape_matrix>1.000000 -0.000000 0.000000 0.000000 0.000000 1.000000 -0.000000 0.000000 0.000000 0.000000 1.000000 0.000000 0.000000 0.000000 0.000000 1.000000
</bind_shape_matrix>
        <source id="rigging_eyebrownsController-Joints">
          <Name_array id="rigging_eyebrownsController-Joints-array" count="1">
 rigging_eyebrowns</Name_array>
          <technique_common>
            <accessor source="#rigging_eyebrownsController-Joints-array" count="1">
              <param type="name"/>
            </accessor>
          </technique_common>
        </source>
        <source id="rigging_eyebrownsController-Matrices">
          <float_array id="rigging_eyebrownsController-Matrices-array" count="32">

1.000000 0.000000 0.000000 -0.000000 -0.000000 1.000000 0.000000 -0.000000 0.000000 -0.000000 1.000000 -0.000000 0.000000 0.000000 0.000000 1.000000
1.000000 0.000000 0.000000 -0.000000 -0.000000 1.000000 0.000000 -0.000000 0.000000 -0.000000 1.000000 -0.000000 0.000000 0.000000 0.000000 1.000000</float_array>
          <technique_common>
            <accessor source="#rigging_eyebrownsController-Matrices-array" count="2" stride="16">
              <param type="float4x4"/>
            </accessor>
          </technique_common>
        </source>
        <source id="rigging_eyebrownsController-Weights">
          <float_array id="rigging_eyebrownsController-Weights-array" count="1">

1.000000</float_array>
          <technique_common>
            <accessor source="#rigging_eyebrownsController-Weights-array" count="1">
              <param type="float"/>
            </accessor>
          </technique_common>
        </source>
        <joints>
          <input semantic="JOINT" source="#rigging_eyebrownsController-Joints"/>
          <input semantic="INV_BIND_MATRIX" source="#rigging_eyebrownsController-Matrices"/>
        </joints>
        <vertex_weights count="0">
          <input semantic="JOINT" offset="0" source="#rigging_eyebrownsController-Joints"/>
          <input semantic="WEIGHT" offset="1" source="#rigging_eyebrownsController-Weights"/>
          <vcount></vcount>
          <v></v>
        </vertex_weights>
      </skin>
    </controller>
    <controller id="rigging_eyebrowns001Controller">
      <skin source="#rigging_eyebrowns001-lib">
        <bind_shape_matrix>1.000000 -0.000000 0.000000 0.000000 0.000000 1.000000 -0.000000 0.000000 0.000000 0.000000 1.000000 0.000000 0.000000 0.000000 0.000000 1.000000
</bind_shape_matrix>
        <source id="rigging_eyebrowns001Controller-Joints">
          <Name_array id="rigging_eyebrowns001Controller-Joints-array" count="1">
 rigging_eyebrowns001</Name_array>
          <technique_common>
            <accessor source="#rigging_eyebrowns001Controller-Joints-array" count="1">
              <param type="name"/>
            </accessor>
          </technique_common>
        </source>
        <source id="rigging_eyebrowns001Controller-Matrices">
          <float_array id="rigging_eyebrowns001Controller-Matrices-array" count="32">

1.000000 0.000000 0.000000 -0.000000 -0.000000 1.000000 0.000000 -0.000000 0.000000 -0.000000 1.000000 -0.000000 0.000000 0.000000 0.000000 1.000000
1.000000 0.000000 0.000000 -0.000000 -0.000000 1.000000 0.000000 -0.000000 0.000000 -0.000000 1.000000 -0.000000 0.000000 0.000000 0.000000 1.000000</float_array>
          <technique_common>
            <accessor source="#rigging_eyebrowns001Controller-Matrices-array" count="2" stride="16">
              <param type="float4x4"/>
            </accessor>
          </technique_common>
        </source>
        <source id="rigging_eyebrowns001Controller-Weights">
          <float_array id="rigging_eyebrowns001Controller-Weights-array" count="1">

1.000000</float_array>
          <technique_common>
            <accessor source="#rigging_eyebrowns001Controller-Weights-array" count="1">
              <param type="float"/>
            </accessor>
          </technique_common>
        </source>
        <joints>
          <input semantic="JOINT" source="#rigging_eyebrowns001Controller-Joints"/>
          <input semantic="INV_BIND_MATRIX" source="#rigging_eyebrowns001Controller-Matrices"/>
        </joints>
        <vertex_weights count="0">
          <input semantic="JOINT" offset="0" source="#rigging_eyebrowns001Controller-Joints"/>
          <input semantic="WEIGHT" offset="1" source="#rigging_eyebrowns001Controller-Weights"/>
          <vcount></vcount>
          <v></v>
        </vertex_weights>
      </skin>
    </controller>
    <controller id="rigging_hearController">
      <skin source="#rigging_hear-lib">
        <bind_shape_matrix>1.000000 -0.000000 0.000000 0.000000 0.000000 1.000000 -0.000000 0.000000 0.000000 0.000000 1.000000 0.000000 0.000000 0.000000 0.000000 1.000000
</bind_shape_matrix>
        <source id="rigging_hearController-Joints">
          <Name_array id="rigging_hearController-Joints-array" count="1">
 rigging_hear</Name_array>
          <technique_common>
            <accessor source="#rigging_hearController-Joints-array" count="1">
              <param type="name"/>
            </accessor>
          </technique_common>
        </source>
        <source id="rigging_hearController-Matrices">
          <float_array id="rigging_hearController-Matrices-array" count="32">

1.000000 0.000000 0.000000 -0.000000 -0.000000 1.000000 0.000000 -0.000000 0.000000 -0.000000 1.000000 -0.000000 0.000000 0.000000 0.000000 1.000000
1.000000 0.000000 0.000000 -0.000000 -0.000000 1.000000 0.000000 -0.000000 0.000000 -0.000000 1.000000 -0.000000 0.000000 0.000000 0.000000 1.000000</float_array>
          <technique_common>
            <accessor source="#rigging_hearController-Matrices-array" count="2" stride="16">
              <param type="float4x4"/>
            </accessor>
          </technique_common>
        </source>
        <source id="rigging_hearController-Weights">
          <float_array id="rigging_hearController-Weights-array" count="1">

1.000000</float_array>
          <technique_common>
            <accessor source="#rigging_hearController-Weights-array" count="1">
              <param type="float"/>
            </accessor>
          </technique_common>
        </source>
        <joints>
          <input semantic="JOINT" source="#rigging_hearController-Joints"/>
          <input semantic="INV_BIND_MATRIX" source="#rigging_hearController-Matrices"/>
        </joints>
        <vertex_weights count="0">
          <input semantic="JOINT" offset="0" source="#rigging_hearController-Joints"/>
          <input semantic="WEIGHT" offset="1" source="#rigging_hearController-Weights"/>
          <vcount></vcount>
          <v></v>
        </vertex_weights>
      </skin>
    </controller>
    <controller id="rigging_Tube001Controller">
      <skin source="#rigging_Tube001-lib">
        <bind_shape_matrix>1.000000 -0.000000 0.000000 0.000000 0.000000 1.000000 -0.000000 0.000000 0.000000 0.000000 1.000000 0.000000 0.000000 0.000000 0.000000 1.000000
</bind_shape_matrix>
        <source id="rigging_Tube001Controller-Joints">
          <Name_array id="rigging_Tube001Controller-Joints-array" count="1">
 rigging_Tube001</Name_array>
          <technique_common>
            <accessor source="#rigging_Tube001Controller-Joints-array" count="1">
              <param type="name"/>
            </accessor>
          </technique_common>
        </source>
        <source id="rigging_Tube001Controller-Matrices">
          <float_array id="rigging_Tube001Controller-Matrices-array" count="32">

1.000000 0.000000 0.000000 -0.000000 -0.000000 1.000000 0.000000 -0.000000 0.000000 -0.000000 1.000000 -0.000000 0.000000 0.000000 0.000000 1.000000
1.000000 0.000000 0.000000 -0.000000 -0.000000 1.000000 0.000000 -0.000000 0.000000 -0.000000 1.000000 -0.000000 0.000000 0.000000 0.000000 1.000000</float_array>
          <technique_common>
            <accessor source="#rigging_Tube001Controller-Matrices-array" count="2" stride="16">
              <param type="float4x4"/>
            </accessor>
          </technique_common>
        </source>
        <source id="rigging_Tube001Controller-Weights">
          <float_array id="rigging_Tube001Controller-Weights-array" count="1">

1.000000</float_array>
          <technique_common>
            <accessor source="#rigging_Tube001Controller-Weights-array" count="1">
              <param type="float"/>
            </accessor>
          </technique_common>
        </source>
        <joints>
          <input semantic="JOINT" source="#rigging_Tube001Controller-Joints"/>
          <input semantic="INV_BIND_MATRIX" source="#rigging_Tube001Controller-Matrices"/>
        </joints>
        <vertex_weights count="0">
          <input semantic="JOINT" offset="0" source="#rigging_Tube001Controller-Joints"/>
          <input semantic="WEIGHT" offset="1" source="#rigging_Tube001Controller-Weights"/>
          <vcount></vcount>
          <v></v>
        </vertex_weights>
      </skin>
    </controller>
  </library_controllers>
  <library_animations>
    <animation id="rigging_Yennefer-anim" name="rigging_Yennefer"><source id="rigging_Yennefer-Matrix-animation-input"><float_array id="rigging_Yennefer-Matrix-animation-input-array" count="99">

0.000000 0.033333 0.066667 0.100000 0.133333 0.166667 0.200000 0.233333 0.266667 0.300000 0.333333 0.366667 0.400000 0.433333 0.466667 0.500000
0.533333 0.566667 0.600000 0.633333 0.666667 0.700000 0.733333 0.766667 0.800000 0.833333 0.866667 0.900000 0.933333 0.966667 1.000000 1.033333
1.066667 1.100000 1.133333 1.166667 1.200000 1.233333 1.266667 1.300000 1.333333 1.366667 1.400000 1.433333 1.466667 1.500000 1.533333 1.566667
1.600000 1.633333 1.666667 1.700000 1.733333 1.766667 1.800000 1.833333 1.866667 1.900000 1.933333 1.966667 2.000000 2.033333 2.066667 2.100000
2.133333 2.166667 2.200000 2.233333 2.266667 2.300000 2.333333 2.366667 2.400000 2.433333 2.466667 2.500000 2.533333 2.566667 2.600000 2.633333
2.666667 2.700000 2.733333 2.766667 2.800000 2.833333 2.866667 2.900000 2.933333 2.966667 3.000000 3.033333 3.066667 3.100000 3.133333 3.166667
3.200000 3.233333 3.266667</float_array><technique_common><accessor source="#rigging_Yennefer-Matrix-animation-input-array" count="99"><param name="TIME" type="float"/></accessor></technique_common></source><source id="rigging_Yennefer-Matrix-animation-output-transform"><float_array id="rigging_Yennefer-Matrix-animation-output-transform-array" count="1584">

0.522400 -0.064674 -0.850244 0.031270 0.084072 0.996168 -0.024119 -0.071610 0.848546 -0.058882 0.525836 -0.004538 0.000000 0.000000 0.000000 1.000000
0.524436 -0.053397 -0.849774 0.025584 0.080822 0.996647 -0.012747 -0.073004 0.847605 -0.061995 0.526993 -0.001966 0.000000 0.000000 0.000000 1.000000
0.529728 -0.037495 -0.847338 0.016377 0.075706 0.997125 0.003206 -0.075392 0.844782 -0.065847 0.531044 0.002556 0.000000 0.000000 0.000000 1.000000
0.537947 -0.020081 -0.842740 0.005581 0.068491 0.997452 0.019952 -0.076805 0.840192 -0.068453 0.537952 0.006951 0.000000 0.000000 0.000000 1.000000
0.550780 -0.003369 -0.834644 -0.005900 0.057566 0.997764 0.033960 -0.074948 0.832663 -0.066751 0.549742 0.008856 0.000000 0.000000 0.000000 1.000000
0.572072 0.015332 -0.820060 -0.019562 0.044481 0.997774 0.049685 -0.070074 0.818996 -0.064901 0.570116 0.010729 0.000000 0.000000 0.000000 1.000000
0.597313 0.032021 -0.801369 -0.032929 0.031472 0.997497 0.063316 -0.063407 0.801391 -0.063040 0.594810 0.012717 0.000000 0.000000 0.000000 1.000000
0.621862 0.046113 -0.781768 -0.045494 0.017790 0.997175 0.072970 -0.055597 0.782924 -0.059285 0.619286 0.013694 0.000000 0.000000 0.000000 1.000000
0.642800 0.058970 -0.763761 -0.057520 0.002072 0.996895 0.078715 -0.047072 0.766032 -0.052181 0.640682 0.013104 0.000000 0.000000 0.000000 1.000000
0.666374 0.068568 -0.742458 -0.068231 -0.010898 0.996552 0.082253 -0.039650 0.745538 -0.046720 0.664824 0.012909 0.000000 0.000000 0.000000 1.000000
0.696591 0.073336 -0.713710 -0.076497 -0.019927 0.996356 0.082929 -0.033167 0.717191 -0.043545 0.695515 0.014084 0.000000 0.000000 0.000000 1.000000
0.731403 0.074796 -0.677832 -0.082672 -0.025472 0.996270 0.082449 -0.028874 0.681470 -0.043038 0.730579 0.015875 0.000000 0.000000 0.000000 1.000000
0.766782 0.074573 -0.637561 -0.087230 -0.025538 0.995986 0.085783 -0.027815 0.641400 -0.049495 0.765609 0.019879 0.000000 0.000000 0.000000 1.000000
0.801139 0.058229 -0.595638 -0.083752 -0.012457 0.996662 0.080678 -0.030462 0.598348 -0.057214 0.799191 0.023496 0.000000 0.000000 0.000000 1.000000
0.835181 0.048503 -0.547832 -0.082089 0.001344 0.995921 0.090223 -0.035230 0.549974 -0.076088 0.831709 0.031871 0.000000 0.000000 0.000000 1.000000
0.867195 0.044494 -0.495978 -0.082730 0.004277 0.995298 0.096767 -0.042126 0.497951 -0.086037 0.862927 0.035821 0.000000 0.000000 0.000000 1.000000
0.899075 0.043621 -0.435616 -0.085138 0.004539 0.994041 0.108908 -0.051168 0.437771 -0.099894 0.893520 0.040810 0.000000 0.000000 0.000000 1.000000
0.929899 0.037403 -0.365908 -0.085397 0.006709 0.992926 0.118547 -0.061363 0.367753 -0.112691 0.923070 0.044881 0.000000 0.000000 0.000000 1.000000
0.954817 0.028801 -0.295797 -0.084038 0.009843 0.991683 0.128331 -0.071425 0.297033 -0.125444 0.946591 0.049073 0.000000 0.000000 0.000000 1.000000
0.968478 0.022928 -0.248041 -0.082752 0.013397 0.989520 0.143773 -0.081109 0.248738 -0.142564 0.958021 0.055096 0.000000 0.000000 0.000000 1.000000
0.972164 0.019553 -0.233483 -0.081680 0.020645 0.985488 0.168487 -0.090091 0.233389 -0.168617 0.957652 0.064477 0.000000 0.000000 0.000000 1.000000
0.970439 0.015830 -0.240825 -0.079769 0.028815 0.983109 0.180737 -0.098299 0.239619 -0.182334 0.953592 0.067769 0.000000 0.000000 0.000000 1.000000
0.970072 0.004877 -0.242769 -0.075242 0.039756 0.983116 0.178610 -0.105788 0.239541 -0.182916 0.953500 0.065450 0.000000 0.000000 0.000000 1.000000
0.972421 -0.003271 -0.233210 -0.072475 0.046293 0.982714 0.179246 -0.112201 0.228592 -0.185099 0.955764 0.064065 0.000000 0.000000 0.000000 1.000000
0.977321 -0.003032 -0.211744 -0.073824 0.043299 0.981634 0.185795 -0.116995 0.207291 -0.190749 0.959502 0.064705 0.000000 0.000000 0.000000 1.000000
0.982633 0.000651 -0.185556 -0.076809 0.036944 0.979287 0.199077 -0.120183 0.181842 -0.202475 0.962256 0.068477 0.000000 0.000000 0.000000 1.000000
0.985866 0.003024 -0.167507 -0.078996 0.032580 0.977289 0.209392 -0.122794 0.164336 -0.211890 0.963378 0.071369 0.000000 0.000000 0.000000 1.000000
0.986579 0.003596 -0.163247 -0.079861 0.032622 0.975262 0.218632 -0.125068 0.159995 -0.221023 0.962055 0.073973 0.000000 0.000000 0.000000 1.000000
0.987704 0.002895 -0.156307 -0.079985 0.032957 0.973504 0.226283 -0.127592 0.152821 -0.228652 0.961438 0.075907 0.000000 0.000000 0.000000 1.000000
0.989681 0.000040 -0.143285 -0.079188 0.033196 0.972730 0.229554 -0.130751 0.139387 -0.231942 0.962691 0.075639 0.000000 0.000000 0.000000 1.000000
0.991886 -0.003853 -0.127076 -0.077940 0.033123 0.972852 0.229046 -0.134340 0.122744 -0.231396 0.965085 0.073491 0.000000 0.000000 0.000000 1.000000
0.993461 -0.008483 -0.113859 -0.076134 0.034304 0.973338 0.226794 -0.138180 0.108899 -0.229217 0.967265 0.070501 0.000000 0.000000 0.000000 1.000000
0.994546 -0.012003 -0.103607 -0.074588 0.035432 0.973160 0.227384 -0.141542 0.098097 -0.229815 0.968278 0.068813 0.000000 0.000000 0.000000 1.000000
0.995541 -0.015503 -0.093043 -0.072977 0.036429 0.973063 0.227644 -0.145197 0.087008 -0.230019 0.969289 0.067211 0.000000 0.000000 0.000000 1.000000
0.996257 -0.018347 -0.084475 -0.071406 0.037283 0.972851 0.228409 -0.148680 0.077991 -0.230704 0.969893 0.066037 0.000000 0.000000 0.000000 1.000000
0.996867 -0.020988 -0.076264 -0.069870 0.037848 0.973184 0.226891 -0.152268 0.069457 -0.229067 0.970930 0.063900 0.000000 0.000000 0.000000 1.000000
0.997274 -0.024027 -0.069770 -0.068116 0.039125 0.973830 0.223883 -0.155868 0.062565 -0.226002 0.972116 0.061138 0.000000 0.000000 0.000000 1.000000
0.997723 -0.024997 -0.062647 -0.067232 0.038383 0.974159 0.222578 -0.159092 0.055465 -0.224476 0.972900 0.059234 0.000000 0.000000 0.000000 1.000000
0.998283 -0.026230 -0.052382 -0.066436 0.037225 0.974454 0.221483 -0.162083 0.045234 -0.223052 0.973756 0.057638 0.000000 0.000000 0.000000 1.000000
0.998568 -0.027469 -0.045897 -0.065523 0.036889 0.975018 0.219042 -0.165083 0.038734 -0.220422 0.974635 0.055414 0.000000 0.000000 0.000000 1.000000
0.998786 -0.028598 -0.040111 -0.064639 0.036569 0.975986 0.214740 -0.168086 0.033006 -0.215946 0.975847 0.052299 0.000000 0.000000 0.000000 1.000000
0.999039 -0.029266 -0.032619 -0.064090 0.035433 0.977430 0.208269 -0.170908 0.025787 -0.209224 0.977528 0.048133 0.000000 0.000000 0.000000 1.000000
0.999196 -0.029378 -0.027267 -0.063752 0.034260 0.979073 0.200604 -0.173292 0.020803 -0.201377 0.979293 0.043475 0.000000 0.000000 0.000000 1.000000
0.999290 -0.028714 -0.024385 -0.063804 0.032897 0.980551 0.193490 -0.174910 0.018355 -0.194154 0.980799 0.039036 0.000000 0.000000 0.000000 1.000000
0.999357 -0.027785 -0.022674 -0.063932 0.031514 0.982154 0.185418 -0.175546 0.017117 -0.186013 0.982398 0.033778 0.000000 0.000000 0.000000 1.000000
0.999417 -0.026802 -0.021130 -0.064119 0.029800 0.987075 0.157466 -0.175195 0.016637 -0.158004 0.987298 0.019417 0.000000 0.000000 0.000000 1.000000
0.999597 -0.023761 -0.015562 -0.065742 0.025670 0.990256 0.136872 -0.170671 0.012158 -0.137216 0.990467 0.009092 0.000000 0.000000 0.000000 1.000000
0.999817 -0.018966 -0.002672 -0.069182 0.019152 0.991504 0.128655 -0.162261 0.000209 -0.128682 0.991686 0.005150 0.000000 0.000000 0.000000 1.000000
0.999541 -0.018053 0.024349 -0.071632 0.015219 0.993602 0.111906 -0.151134 -0.026213 -0.111484 0.993420 -0.001523 0.000000 0.000000 0.000000 1.000000
0.997462 -0.023372 0.067260 -0.071942 0.018655 0.997378 0.069921 -0.137553 -0.068718 -0.068489 0.995282 -0.018391 0.000000 0.000000 0.000000 1.000000
0.992154 -0.030719 0.121192 -0.071488 0.030677 0.999527 0.002209 -0.119780 -0.121202 0.001526 0.992627 -0.045833 0.000000 0.000000 0.000000 1.000000
0.983696 -0.037999 0.175781 -0.070917 0.053467 0.995021 -0.084114 -0.085989 -0.171710 0.092141 0.980829 -0.077788 0.000000 0.000000 0.000000 1.000000
0.979909 -0.035211 0.196313 -0.073176 0.062451 0.988965 -0.134344 -0.051875 -0.189416 0.143905 0.971294 -0.087242 0.000000 0.000000 0.000000 1.000000
0.986651 -0.012193 0.162391 -0.081565 0.036155 0.988707 -0.145435 -0.033164 -0.158784 0.149365 0.975950 -0.077897 0.000000 0.000000 0.000000 1.000000
0.996019 0.033732 0.082509 -0.096922 -0.021688 0.989523 -0.142737 -0.023175 -0.086460 0.140379 0.986316 -0.066061 0.000000 0.000000 0.000000 1.000000
0.997642 0.065732 0.019755 -0.106174 -0.063008 0.991227 -0.116184 -0.020213 -0.027219 0.114666 0.993031 -0.047932 0.000000 0.000000 0.000000 1.000000
0.996852 0.079149 0.004596 -0.109368 -0.078373 0.992517 -0.093640 -0.021769 -0.011973 0.092985 0.995595 -0.032011 0.000000 0.000000 0.000000 1.000000
0.996456 0.076502 0.034972 -0.107032 -0.074237 0.995310 -0.062028 -0.027880 -0.039554 0.059212 0.997461 -0.012706 0.000000 0.000000 0.000000 1.000000
0.995388 0.063940 0.071516 -0.101122 -0.060874 0.997163 -0.044267 -0.032512 -0.074144 0.039710 0.996457 -0.001949 0.000000 0.000000 0.000000 1.000000
0.992989 0.048391 0.107848 -0.094028 -0.044902 0.998394 -0.034547 -0.035863 -0.109346 0.029462 0.993567 0.004217 0.000000 0.000000 0.000000 1.000000
0.990641 0.039501 0.130655 -0.089391 -0.035835 0.998898 -0.030298 -0.036919 -0.131708 0.025332 0.990965 0.007009 0.000000 0.000000 0.000000 1.000000
0.991244 0.039101 0.126122 -0.087321 -0.035644 0.998928 -0.029548 -0.036289 -0.127142 0.024794 0.991575 0.007049 0.000000 0.000000 0.000000 1.000000
0.993901 0.041130 0.102315 -0.086021 -0.038168 0.998798 -0.030742 -0.034800 -0.103457 0.026649 0.994277 0.005387 0.000000 0.000000 0.000000 1.000000
0.996708 0.042688 0.068920 -0.084344 -0.040703 0.998722 -0.029955 -0.033048 -0.070110 0.027051 0.997172 0.003858 0.000000 0.000000 0.000000 1.000000
0.998707 0.039004 0.032589 -0.080471 -0.038339 0.999048 -0.020798 -0.031900 -0.033369 0.019522 0.999252 0.005606 0.000000 0.000000 0.000000 1.000000
0.999384 0.035093 -0.000057 -0.076950 -0.035093 0.999381 -0.002627 -0.031276 -0.000035 0.002628 0.999997 0.011377 0.000000 0.000000 0.000000 1.000000
0.999001 0.034405 -0.028534 -0.075143 -0.033987 0.999310 0.014981 -0.030647 0.029030 -0.013996 0.999481 0.016777 0.000000 0.000000 0.000000 1.000000
0.997972 0.035233 -0.053022 -0.074149 -0.033744 0.999017 0.028730 -0.029957 0.053983 -0.026882 0.998180 0.020457 0.000000 0.000000 0.000000 1.000000
0.996578 0.037686 -0.073572 -0.074173 -0.034920 0.998647 0.038529 -0.029147 0.074924 -0.035828 0.996545 0.022484 0.000000 0.000000 0.000000 1.000000
0.994938 0.041229 -0.091648 -0.074713 -0.036972 0.998179 0.047671 -0.028183 0.093447 -0.044041 0.994650 0.024277 0.000000 0.000000 0.000000 1.000000
0.992512 0.047539 -0.112513 -0.076524 -0.041207 0.997468 0.057956 -0.027027 0.114983 -0.052886 0.991959 0.026146 0.000000 0.000000 0.000000 1.000000
0.988711 0.057778 -0.138249 -0.079845 -0.049125 0.996662 0.065201 -0.025918 0.141555 -0.057673 0.988249 0.026064 0.000000 0.000000 0.000000 1.000000
0.982882 0.065312 -0.172274 -0.081548 -0.054560 0.996298 0.066431 -0.025163 0.175975 -0.055894 0.982807 0.022914 0.000000 0.000000 0.000000 1.000000
0.973074 0.064631 -0.221246 -0.078820 -0.051279 0.996529 0.065576 -0.024810 0.224716 -0.052464 0.973011 0.019227 0.000000 0.000000 0.000000 1.000000
0.957076 0.065278 -0.282390 -0.075818 -0.049077 0.996737 0.064077 -0.024884 0.285651 -0.047468 0.957157 0.014856 0.000000 0.000000 0.000000 1.000000
0.932384 0.065016 -0.355574 -0.071897 -0.047149 0.997162 0.058695 -0.025741 0.358381 -0.037961 0.932803 0.008426 0.000000 0.000000 0.000000 1.000000
0.895163 0.057972 -0.441953 -0.063960 -0.040155 0.997963 0.049571 -0.027149 0.443926 -0.026627 0.895668 0.001135 0.000000 0.000000 0.000000 1.000000
0.846610 0.047590 -0.530082 -0.054034 -0.029738 0.998668 0.042164 -0.029379 0.531382 -0.019933 0.846898 -0.003762 0.000000 0.000000 0.000000 1.000000
0.792109 0.037454 -0.609229 -0.044278 -0.018658 0.999135 0.037166 -0.031594 0.610094 -0.018073 0.792123 -0.006096 0.000000 0.000000 0.000000 1.000000
0.740074 0.029756 -0.671867 -0.036342 -0.010108 0.999400 0.033128 -0.033683 0.672450 -0.017726 0.739931 -0.007554 0.000000 0.000000 0.000000 1.000000
0.703071 0.029417 -0.710511 -0.032611 -0.008361 0.999417 0.033105 -0.036071 0.711071 -0.017335 0.702907 -0.009157 0.000000 0.000000 0.000000 1.000000
0.681992 0.029112 -0.730780 -0.029603 -0.007432 0.999432 0.032878 -0.039622 0.731322 -0.016991 0.681821 -0.010624 0.000000 0.000000 0.000000 1.000000
0.660259 0.020413 -0.750761 -0.023153 0.003170 0.999546 0.029965 -0.045010 0.751031 -0.022165 0.659894 -0.009705 0.000000 0.000000 0.000000 1.000000
0.627532 0.004786 -0.778576 -0.013150 0.018245 0.999616 0.020851 -0.050946 0.778377 -0.027290 0.627204 -0.008841 0.000000 0.000000 0.000000 1.000000
0.590967 -0.002166 -0.806693 -0.006572 0.026489 0.999509 0.016721 -0.055729 0.806261 -0.031250 0.590734 -0.008771 0.000000 0.000000 0.000000 1.000000
0.568870 -0.007999 -0.822389 -0.001492 0.033315 0.999356 0.013324 -0.060265 0.821753 -0.034978 0.568770 -0.009011 0.000000 0.000000 0.000000 1.000000
0.561916 -0.015358 -0.827052 0.003287 0.038068 0.999248 0.007309 -0.063545 0.826318 -0.035591 0.562079 -0.010840 0.000000 0.000000 0.000000 1.000000
0.559519 -0.017401 -0.828635 0.005329 0.039923 0.999185 0.005975 -0.066052 0.827856 -0.036425 0.559757 -0.012052 0.000000 0.000000 0.000000 1.000000
0.553562 -0.023022 -0.832490 0.008802 0.043981 0.999031 0.001618 -0.067943 0.831646 -0.037509 0.554038 -0.012703 0.000000 0.000000 0.000000 1.000000
0.548177 -0.031977 -0.835751 0.013581 0.049566 0.998755 -0.005704 -0.068946 0.834893 -0.038298 0.549079 -0.013248 0.000000 0.000000 0.000000 1.000000
0.543149 -0.037313 -0.838807 0.016875 0.054835 0.998456 -0.008907 -0.069766 0.837844 -0.041158 0.544357 -0.012488 0.000000 0.000000 0.000000 1.000000
0.538186 -0.046145 -0.841562 0.021554 0.062919 0.997914 -0.014481 -0.070252 0.840474 -0.045156 0.539966 -0.010978 0.000000 0.000000 0.000000 1.000000
0.531809 -0.053141 -0.845195 0.025305 0.069454 0.997404 -0.019010 -0.070570 0.844011 -0.048593 0.534119 -0.009398 0.000000 0.000000 0.000000 1.000000
0.527213 -0.058354 -0.847727 0.028040 0.075639 0.996902 -0.021581 -0.070889 0.846360 -0.052744 0.529994 -0.007406 0.000000 0.000000 0.000000 1.000000
0.523744 -0.062805 -0.849557 0.030321 0.081488 0.996399 -0.023423 -0.071283 0.847969 -0.056961 0.526976 -0.005419 0.000000 0.000000 0.000000 1.000000
0.522383 -0.064666 -0.850255 0.031264 0.084050 0.996169 -0.024125 -0.071467 0.848558 -0.058861 0.525817 -0.004521 0.000000 0.000000 0.000000 1.000000
0.522384 -0.064669 -0.850255 0.031262 0.084061 0.996169 -0.024122 -0.071555 0.848557 -0.058872 0.525819 -0.004522 0.000000 0.000000 0.000000 1.000000
0.522384 -0.064669 -0.850255 0.031262 0.084061 0.996169 -0.024122 -0.071555 0.848557 -0.058872 0.525819 -0.004522 0.000000 0.000000 0.000000 1.000000
0.522400 -0.064674 -0.850244 0.031270 0.084072 0.996168 -0.024119 -0.071610 0.848546 -0.058882 0.525836 -0.004538 0.000000 0.000000 0.000000 1.000000</float_array><technique_common><accessor source="#rigging_Yennefer-Matrix-animation-output-transform-array" count="99" stride="16"><param type="float4x4"/></accessor></technique_common></source><source id="rigging_Yennefer-Interpolations"><Name_array id="rigging_Yennefer-Interpolations-array" count="99">
 LINEAR LINEAR LINEAR LINEAR LINEAR LINEAR LINEAR LINEAR LINEAR LINEAR LINEAR
LINEAR LINEAR LINEAR LINEAR LINEAR LINEAR LINEAR LINEAR LINEAR LINEAR LINEAR LINEAR
LINEAR LINEAR LINEAR LINEAR LINEAR LINEAR LINEAR LINEAR LINEAR LINEAR LINEAR LINEAR
LINEAR LINEAR LINEAR LINEAR LINEAR LINEAR LINEAR LINEAR LINEAR LINEAR LINEAR LINEAR
LINEAR LINEAR LINEAR LINEAR LINEAR LINEAR LINEAR LINEAR LINEAR LINEAR LINEAR LINEAR
LINEAR LINEAR LINEAR LINEAR LINEAR LINEAR LINEAR LINEAR LINEAR LINEAR LINEAR LINEAR
LINEAR LINEAR LINEAR LINEAR LINEAR LINEAR LINEAR LINEAR LINEAR LINEAR LINEAR LINEAR
LINEAR LINEAR LINEAR LINEAR LINEAR LINEAR LINEAR LINEAR LINEAR LINEAR LINEAR LINEAR
LINEAR LINEAR LINEAR LINEAR</Name_array><technique_common><accessor source="#rigging_Yennefer-Interpolations-array" count="99"><param type="name"/></accessor></technique_common></source><sampler id="rigging_Yennefer-Matrix-animation-transform"><input semantic="INPUT" source="#rigging_Yennefer-Matrix-animation-input"/><input semantic="OUTPUT" source="#rigging_Yennefer-Matrix-animation-output-transform"/><input semantic="INTERPOLATION" source="#rigging_Yennefer-Interpolations"/></sampler><channel source="#rigging_Yennefer-Matrix-animation-transform" target="rigging_Yennefer/matrix"/></animation>
    <animation id="rigging_meshes-anim" name="rigging_meshes"><source id="rigging_meshes-Matrix-animation-input"><float_array id="rigging_meshes-Matrix-animation-input-array" count="99">

0.000000 0.033333 0.066667 0.100000 0.133333 0.166667 0.200000 0.233333 0.266667 0.300000 0.333333 0.366667 0.400000 0.433333 0.466667 0.500000
0.533333 0.566667 0.600000 0.633333 0.666667 0.700000 0.733333 0.766667 0.800000 0.833333 0.866667 0.900000 0.933333 0.966667 1.000000 1.033333
1.066667 1.100000 1.133333 1.166667 1.200000 1.233333 1.266667 1.300000 1.333333 1.366667 1.400000 1.433333 1.466667 1.500000 1.533333 1.566667
1.600000 1.633333 1.666667 1.700000 1.733333 1.766667 1.800000 1.833333 1.866667 1.900000 1.933333 1.966667 2.000000 2.033333 2.066667 2.100000
2.133333 2.166667 2.200000 2.233333 2.266667 2.300000 2.333333 2.366667 2.400000 2.433333 2.466667 2.500000 2.533333 2.566667 2.600000 2.633333
2.666667 2.700000 2.733333 2.766667 2.800000 2.833333 2.866667 2.900000 2.933333 2.966667 3.000000 3.033333 3.066667 3.100000 3.133333 3.166667
3.200000 3.233333 3.266667</float_array><technique_common><accessor source="#rigging_meshes-Matrix-animation-input-array" count="99"><param name="TIME" type="float"/></accessor></technique_common></source><source id="rigging_meshes-Matrix-animation-output-transform"><float_array id="rigging_meshes-Matrix-animation-output-transform-array" count="1584">

1.000000 -0.000000 0.000000 0.000000 0.000000 1.000000 0.000000 0.000000 0.000000 0.000000 1.000000 0.000000 0.000000 0.000000 0.000000 1.000000
1.000000 0.000000 0.000000 0.000000 0.000000 1.000000 0.000000 0.000000 0.000000 0.000000 1.000000 0.000000 0.000000 0.000000 0.000000 1.000000
1.000000 -0.000000 0.000000 0.000000 0.000000 1.000000 -0.000000 0.000000 -0.000000 -0.000000 1.000000 0.000000 0.000000 0.000000 0.000000 1.000000
1.000000 0.000000 0.000000 0.000000 0.000000 1.000000 0.000000 0.000000 0.000000 0.000000 1.000000 0.000000 0.000000 0.000000 0.000000 1.000000
1.000000 -0.000000 -0.000000 0.000000 0.000000 1.000000 0.000000 0.000000 -0.000000 0.000000 1.000000 0.000000 0.000000 0.000000 0.000000 1.000000
1.000000 0.000000 0.000000 0.000000 0.000000 1.000000 0.000000 0.000000 -0.000000 0.000000 1.000000 0.000000 0.000000 0.000000 0.000000 1.000000
1.000000 0.000000 -0.000000 0.000000 0.000000 1.000000 -0.000000 0.000000 0.000000 0.000000 1.000000 0.000000 0.000000 0.000000 0.000000 1.000000
1.000000 0.000000 -0.000000 0.000000 0.000000 1.000000 -0.000000 0.000000 0.000000 0.000000 1.000000 0.000000 0.000000 0.000000 0.000000 1.000000
1.000000 -0.000000 0.000000 0.000000 0.000000 1.000000 0.000000 0.000000 0.000000 -0.000000 1.000000 0.000000 0.000000 0.000000 0.000000 1.000000
1.000000 -0.000000 0.000000 0.000000 0.000000 1.000000 -0.000000 0.000000 0.000000 0.000000 1.000000 0.000000 0.000000 0.000000 0.000000 1.000000
1.000000 -0.000000 0.000000 0.000000 -0.000000 1.000000 0.000000 0.000000 -0.000000 -0.000000 1.000000 0.000000 0.000000 0.000000 0.000000 1.000000
1.000000 0.000000 -0.000000 0.000000 0.000000 1.000000 0.000000 0.000000 -0.000000 -0.000000 1.000000 0.000000 0.000000 0.000000 0.000000 1.000000
1.000000 -0.000000 0.000000 0.000000 0.000000 1.000000 -0.000000 0.000000 0.000000 0.000000 1.000000 0.000000 0.000000 0.000000 0.000000 1.000000
1.000000 0.000000 -0.000000 0.000000 -0.000000 1.000000 -0.000000 0.000000 0.000000 0.000000 1.000000 0.000000 0.000000 0.000000 0.000000 1.000000
1.000000 0.000000 0.000000 0.000000 0.000000 1.000000 0.000000 0.000000 0.000000 -0.000000 1.000000 0.000000 0.000000 0.000000 0.000000 1.000000
