<?xml version="1.0" encoding="utf-8"?>
<COLLADA xmlns="http://www.collada.org/2005/11/COLLADASchema" version="1.4.1">
  <asset><contributor><author>Mixamo</author><authoring_tool>COLLADA Mixamo exporter</authoring_tool><comments></comments></contributor><created>2020-05-03T22:26:53Z</created><modified>2020-05-03T22:26:53Z</modified><revision></revision><title></title><unit meter="0.010000"/><up_axis>Y_UP</up_axis></asset>
  <library_geometries>
    <geometry id="rigging_body-lib" name="rigging_bodyMesh">
      <mesh>
        <source id="rigging_body-lib-Position" name="position">
          <float_array id="rigging_body-lib-Position-array" count="0"></float_array>
          <technique_common>
            <accessor count="0" source="#rigging_body-lib-Position-array" stride="3">
              <param name="X" type="float"/>
              <param name="Y" type="float"/>
              <param name="Z" type="float"/>
            </accessor>
          </technique_common>
        </source>
        <vertices id="rigging_body-lib-Vertex">
          <input semantic="POSITION" source="#rigging_body-lib-Position"/>
        </vertices>
      </mesh>
    </geometry>
    <geometry id="rigging_Cylinder001-lib" name="rigging_Cylinder001Mesh">
      <mesh>
        <source id="rigging_Cylinder001-lib-Position" name="position">
          <float_array id="rigging_Cylinder001-lib-Position-array" count="0"></float_array>
          <technique_common>
            <accessor count="0" source="#rigging_Cylinder001-lib-Position-array" stride="3">
              <param name="X" type="float"/>
              <param name="Y" type="float"/>
              <param name="Z" type="float"/>
            </accessor>
          </technique_common>
        </source>
        <vertices id="rigging_Cylinder001-lib-Vertex">
          <input semantic="POSITION" source="#rigging_Cylinder001-lib-Position"/>
        </vertices>
      </mesh>
    </geometry>
    <geometry id="rigging_eyebrowns-lib" name="rigging_eyebrownsMesh">
      <mesh>
        <source id="rigging_eyebrowns-lib-Position" name="position">
          <float_array id="rigging_eyebrowns-lib-Position-array" count="0"></float_array>
          <technique_common>
            <accessor count="0" source="#rigging_eyebrowns-lib-Position-array" stride="3">
              <param name="X" type="float"/>
              <param name="Y" type="float"/>
              <param name="Z" type="float"/>
            </accessor>
          </technique_common>
        </source>
        <vertices id="rigging_eyebrowns-lib-Vertex">
          <input semantic="POSITION" source="#rigging_eyebrowns-lib-Position"/>
        </vertices>
      </mesh>
    </geometry>
    <geometry id="rigging_eyebrowns001-lib" name="rigging_eyebrowns001Mesh">
      <mesh>
        <source id="rigging_eyebrowns001-lib-Position" name="position">
          <float_array id="rigging_eyebrowns001-lib-Position-array" count="0"></float_array>
          <technique_common>
            <accessor count="0" source="#rigging_eyebrowns001-lib-Position-array" stride="3">
              <param name="X" type="float"/>
              <param name="Y" type="float"/>
              <param name="Z" type="float"/>
            </accessor>
          </technique_common>
        </source>
        <vertices id="rigging_eyebrowns001-lib-Vertex">
          <input semantic="POSITION" source="#rigging_eyebrowns001-lib-Position"/>
        </vertices>
      </mesh>
    </geometry>
    <geometry id="rigging_hear-lib" name="rigging_hearMesh">
      <mesh>
        <source id="rigging_hear-lib-Position" name="position">
          <float_array id="rigging_hear-lib-Position-array" count="0"></float_array>
          <technique_common>
            <accessor count="0" source="#rigging_hear-lib-Position-array" stride="3">
              <param name="X" type="float"/>
              <param name="Y" type="float"/>
              <param name="Z" type="float"/>
            </accessor>
          </technique_common>
        </source>
        <vertices id="rigging_hear-lib-Vertex">
          <input semantic="POSITION" source="#rigging_hear-lib-Position"/>
        </vertices>
      </mesh>
    </geometry>
    <geometry id="rigging_Tube001-lib" name="rigging_Tube001Mesh">
      <mesh>
        <source id="rigging_Tube001-lib-Position" name="position">
          <float_array id="rigging_Tube001-lib-Position-array" count="0"></float_array>
          <technique_common>
            <accessor count="0" source="#rigging_Tube001-lib-Position-array" stride="3">
              <param name="X" type="float"/>
              <param name="Y" type="float"/>
              <param name="Z" type="float"/>
            </accessor>
          </technique_common>
        </source>
        <vertices id="rigging_Tube001-lib-Vertex">
          <input semantic="POSITION" source="#rigging_Tube001-lib-Position"/>
        </vertices>
      </mesh>
    </geometry>
  </library_geometries>
  <library_controllers>
    <controller id="rigging_bodyController">
      <skin source="#rigging_body-lib">
        <bind_shape_matrix>1.000000 -0.000000 0.000000 0.000000 0.000000 1.000000 -0.000000 0.000000 0.000000 0.000000 1.000000 0.000000 0.000000 0.000000 0.000000 1.000000
</bind_shape_matrix>
        <source id="rigging_bodyController-Joints">
          <Name_array id="rigging_bodyController-Joints-array" count="1">
 rigging_body</Name_array>
          <technique_common>
            <accessor source="#rigging_bodyController-Joints-array" count="1">
              <param type="name"/>
            </accessor>
          </technique_common>
        </source>
        <source id="rigging_bodyController-Matrices">
          <float_array id="rigging_bodyController-Matrices-array" count="32">

1.000000 0.000000 0.000000 -0.000000 -0.000000 1.000000 0.000000 -0.000000 0.000000 -0.000000 1.000000 -0.000000 0.000000 0.000000 0.000000 1.000000
1.000000 0.000000 0.000000 -0.000000 -0.000000 1.000000 0.000000 -0.000000 0.000000 -0.000000 1.000000 -0.000000 0.000000 0.000000 0.000000 1.000000</float_array>
          <technique_common>
            <accessor source="#rigging_bodyController-Matrices-array" count="2" stride="16">
              <param type="float4x4"/>
            </accessor>
          </technique_common>
        </source>
        <source id="rigging_bodyController-Weights">
          <float_array id="rigging_bodyController-Weights-array" count="1">

1.000000</float_array>
          <technique_common>
            <accessor source="#rigging_bodyController-Weights-array" count="1">
              <param type="float"/>
            </accessor>
          </technique_common>
        </source>
        <joints>
          <input semantic="JOINT" source="#rigging_bodyController-Joints"/>
          <input semantic="INV_BIND_MATRIX" source="#rigging_bodyController-Matrices"/>
        </joints>
        <vertex_weights count="0">
          <input semantic="JOINT" offset="0" source="#rigging_bodyController-Joints"/>
          <input semantic="WEIGHT" offset="1" source="#rigging_bodyController-Weights"/>
          <vcount></vcount>
          <v></v>
        </vertex_weights>
      </skin>
    </controller>
    <controller id="rigging_Cylinder001Controller">
      <skin source="#rigging_Cylinder001-lib">
        <bind_shape_matrix>1.000000 -0.000000 0.000000 0.000000 0.000000 1.000000 -0.000000 0.000000 0.000000 0.000000 1.000000 0.000000 0.000000 0.000000 0.000000 1.000000
</bind_shape_matrix>
        <source id="rigging_Cylinder001Controller-Joints">
          <Name_array id="rigging_Cylinder001Controller-Joints-array" count="1">
 rigging_Cylinder001</Name_array>
          <technique_common>
            <accessor source="#rigging_Cylinder001Controller-Joints-array" count="1">
              <param type="name"/>
            </accessor>
          </technique_common>
        </source>
        <source id="rigging_Cylinder001Controller-Matrices">
          <float_array id="rigging_Cylinder001Controller-Matrices-array" count="32">

1.000000 0.000000 0.000000 -0.000000 -0.000000 1.000000 0.000000 -0.000000 0.000000 -0.000000 1.000000 -0.000000 0.000000 0.000000 0.000000 1.000000
1.000000 0.000000 0.000000 -0.000000 -0.000000 1.000000 0.000000 -0.000000 0.000000 -0.000000 1.000000 -0.000000 0.000000 0.000000 0.000000 1.000000</float_array>
          <technique_common>
            <accessor source="#rigging_Cylinder001Controller-Matrices-array" count="2" stride="16">
              <param type="float4x4"/>
            </accessor>
          </technique_common>
        </source>
        <source id="rigging_Cylinder001Controller-Weights">
          <float_array id="rigging_Cylinder001Controller-Weights-array" count="1">

1.000000</float_array>
          <technique_common>
            <accessor source="#rigging_Cylinder001Controller-Weights-array" count="1">
              <param type="float"/>
            </accessor>
          </technique_common>
        </source>
        <joints>
          <input semantic="JOINT" source="#rigging_Cylinder001Controller-Joints"/>
          <input semantic="INV_BIND_MATRIX" source="#rigging_Cylinder001Controller-Matrices"/>
        </joints>
        <vertex_weights count="0">
          <input semantic="JOINT" offset="0" source="#rigging_Cylinder001Controller-Joints"/>
          <input semantic="WEIGHT" offset="1" source="#rigging_Cylinder001Controller-Weights"/>
          <vcount></vcount>
          <v></v>
        </vertex_weights>
      </skin>
    </controller>
    <controller id="rigging_eyebrownsController">
      <skin source="#rigging_eyebrowns-lib">
        <bind_shape_matrix>1.000000 -0.000000 0.000000 0.000000 0.000000 1.000000 -0.000000 0.000000 0.000000 0.000000 1.000000 0.000000 0.000000 0.000000 0.000000 1.000000
</bind_shape_matrix>
        <source id="rigging_eyebrownsController-Joints">
          <Name_array id="rigging_eyebrownsController-Joints-array" count="1">
 rigging_eyebrowns</Name_array>
          <technique_common>
            <accessor source="#rigging_eyebrownsController-Joints-array" count="1">
              <param type="name"/>
            </accessor>
          </technique_common>
        </source>
        <source id="rigging_eyebrownsController-Matrices">
          <float_array id="rigging_eyebrownsController-Matrices-array" count="32">

1.000000 0.000000 0.000000 -0.000000 -0.000000 1.000000 0.000000 -0.000000 0.000000 -0.000000 1.000000 -0.000000 0.000000 0.000000 0.000000 1.000000
1.000000 0.000000 0.000000 -0.000000 -0.000000 1.000000 0.000000 -0.000000 0.000000 -0.000000 1.000000 -0.000000 0.000000 0.000000 0.000000 1.000000</float_array>
          <technique_common>
            <accessor source="#rigging_eyebrownsController-Matrices-array" count="2" stride="16">
              <param type="float4x4"/>
            </accessor>
          </technique_common>
        </source>
        <source id="rigging_eyebrownsController-Weights">
          <float_array id="rigging_eyebrownsController-Weights-array" count="1">

1.000000</float_array>
          <technique_common>
            <accessor source="#rigging_eyebrownsController-Weights-array" count="1">
              <param type="float"/>
            </accessor>
          </technique_common>
        </source>
        <joints>
          <input semantic="JOINT" source="#rigging_eyebrownsController-Joints"/>
          <input semantic="INV_BIND_MATRIX" source="#rigging_eyebrownsController-Matrices"/>
        </joints>
        <vertex_weights count="0">
          <input semantic="JOINT" offset="0" source="#rigging_eyebrownsController-Joints"/>
          <input semantic="WEIGHT" offset="1" source="#rigging_eyebrownsController-Weights"/>
          <vcount></vcount>
          <v></v>
        </vertex_weights>
      </skin>
    </controller>
    <controller id="rigging_eyebrowns001Controller">
      <skin source="#rigging_eyebrowns001-lib">
        <bind_shape_matrix>1.000000 -0.000000 0.000000 0.000000 0.000000 1.000000 -0.000000 0.000000 0.000000 0.000000 1.000000 0.000000 0.000000 0.000000 0.000000 1.000000
</bind_shape_matrix>
        <source id="rigging_eyebrowns001Controller-Joints">
          <Name_array id="rigging_eyebrowns001Controller-Joints-array" count="1">
 rigging_eyebrowns001</Name_array>
          <technique_common>
            <accessor source="#rigging_eyebrowns001Controller-Joints-array" count="1">
              <param type="name"/>
            </accessor>
          </technique_common>
        </source>
        <source id="rigging_eyebrowns001Controller-Matrices">
          <float_array id="rigging_eyebrowns001Controller-Matrices-array" count="32">

1.000000 0.000000 0.000000 -0.000000 -0.000000 1.000000 0.000000 -0.000000 0.000000 -0.000000 1.000000 -0.000000 0.000000 0.000000 0.000000 1.000000
1.000000 0.000000 0.000000 -0.000000 -0.000000 1.000000 0.000000 -0.000000 0.000000 -0.000000 1.000000 -0.000000 0.000000 0.000000 0.000000 1.000000</float_array>
          <technique_common>
            <accessor source="#rigging_eyebrowns001Controller-Matrices-array" count="2" stride="16">
              <param type="float4x4"/>
            </accessor>
          </technique_common>
        </source>
        <source id="rigging_eyebrowns001Controller-Weights">
          <float_array id="rigging_eyebrowns001Controller-Weights-array" count="1">

1.000000</float_array>
          <technique_common>
            <accessor source="#rigging_eyebrowns001Controller-Weights-array" count="1">
              <param type="float"/>
            </accessor>
          </technique_common>
        </source>
        <joints>
          <input semantic="JOINT" source="#rigging_eyebrowns001Controller-Joints"/>
          <input semantic="INV_BIND_MATRIX" source="#rigging_eyebrowns001Controller-Matrices"/>
        </joints>
        <vertex_weights count="0">
          <input semantic="JOINT" offset="0" source="#rigging_eyebrowns001Controller-Joints"/>
          <input semantic="WEIGHT" offset="1" source="#rigging_eyebrowns001Controller-Weights"/>
          <vcount></vcount>
          <v></v>
        </vertex_weights>
      </skin>
    </controller>
    <controller id="rigging_hearController">
      <skin source="#rigging_hear-lib">
        <bind_shape_matrix>1.000000 -0.000000 0.000000 0.000000 0.000000 1.000000 -0.000000 0.000000 0.000000 0.000000 1.000000 0.000000 0.000000 0.000000 0.000000 1.000000
</bind_shape_matrix>
        <source id="rigging_hearController-Joints">
          <Name_array id="rigging_hearController-Joints-array" count="1">
 rigging_hear</Name_array>
          <technique_common>
            <accessor source="#rigging_hearController-Joints-array" count="1">
              <param type="name"/>
            </accessor>
          </technique_common>
        </source>
        <source id="rigging_hearController-Matrices">
          <float_array id="rigging_hearController-Matrices-array" count="32">

1.000000 0.000000 0.000000 -0.000000 -0.000000 1.000000 0.000000 -0.000000 0.000000 -0.000000 1.000000 -0.000000 0.000000 0.000000 0.000000 1.000000
1.000000 0.000000 0.000000 -0.000000 -0.000000 1.000000 0.000000 -0.000000 0.000000 -0.000000 1.000000 -0.000000 0.000000 0.000000 0.000000 1.000000</float_array>
          <technique_common>
            <accessor source="#rigging_hearController-Matrices-array" count="2" stride="16">
              <param type="float4x4"/>
            </accessor>
          </technique_common>
        </source>
        <source id="rigging_hearController-Weights">
          <float_array id="rigging_hearController-Weights-array" count="1">

1.000000</float_array>
          <technique_common>
            <accessor source="#rigging_hearController-Weights-array" count="1">
              <param type="float"/>
            </accessor>
          </technique_common>
        </source>
        <joints>
          <input semantic="JOINT" source="#rigging_hearController-Joints"/>
          <input semantic="INV_BIND_MATRIX" source="#rigging_hearController-Matrices"/>
        </joints>
        <vertex_weights count="0">
          <input semantic="JOINT" offset="0" source="#rigging_hearController-Joints"/>
          <input semantic="WEIGHT" offset="1" source="#rigging_hearController-Weights"/>
          <vcount></vcount>
          <v></v>
        </vertex_weights>
      </skin>
    </controller>
    <controller id="rigging_Tube001Controller">
      <skin source="#rigging_Tube001-lib">
        <bind_shape_matrix>1.000000 -0.000000 0.000000 0.000000 0.000000 1.000000 -0.000000 0.000000 0.000000 0.000000 1.000000 0.000000 0.000000 0.000000 0.000000 1.000000
</bind_shape_matrix>
        <source id="rigging_Tube001Controller-Joints">
          <Name_array id="rigging_Tube001Controller-Joints-array" count="1">
 rigging_Tube001</Name_array>
          <technique_common>
            <accessor source="#rigging_Tube001Controller-Joints-array" count="1">
              <param type="name"/>
            </accessor>
          </technique_common>
        </source>
        <source id="rigging_Tube001Controller-Matrices">
          <float_array id="rigging_Tube001Controller-Matrices-array" count="32">

1.000000 0.000000 0.000000 -0.000000 -0.000000 1.000000 0.000000 -0.000000 0.000000 -0.000000 1.000000 -0.000000 0.000000 0.000000 0.000000 1.000000
1.000000 0.000000 0.000000 -0.000000 -0.000000 1.000000 0.000000 -0.000000 0.000000 -0.000000 1.000000 -0.000000 0.000000 0.000000 0.000000 1.000000</float_array>
          <technique_common>
            <accessor source="#rigging_Tube001Controller-Matrices-array" count="2" stride="16">
              <param type="float4x4"/>
            </accessor>
          </technique_common>
        </source>
        <source id="rigging_Tube001Controller-Weights">
          <float_array id="rigging_Tube001Controller-Weights-array" count="1">

1.000000</float_array>
          <technique_common>
            <accessor source="#rigging_Tube001Controller-Weights-array" count="1">
              <param type="float"/>
            </accessor>
          </technique_common>
        </source>
        <joints>
          <input semantic="JOINT" source="#rigging_Tube001Controller-Joints"/>
          <input semantic="INV_BIND_MATRIX" source="#rigging_Tube001Controller-Matrices"/>
        </joints>
        <vertex_weights count="0">
          <input semantic="JOINT" offset="0" source="#rigging_Tube001Controller-Joints"/>
          <input semantic="WEIGHT" offset="1" source="#rigging_Tube001Controller-Weights"/>
          <vcount></vcount>
          <v></v>
        </vertex_weights>
      </skin>
    </controller>
  </library_controllers>
  <library_animations>
    <animation id="rigging_Yennefer-anim" name="rigging_Yennefer"><source id="rigging_Yennefer-Matrix-animation-input"><float_array id="rigging_Yennefer-Matrix-animation-input-array" count="84">

0.000000 0.033333 0.066667 0.100000 0.133333 0.166667 0.200000 0.233333 0.266667 0.300000 0.333333 0.366667 0.400000 0.433333 0.466667 0.500000
0.533333 0.566667 0.600000 0.633333 0.666667 0.700000 0.733333 0.766667 0.800000 0.833333 0.866667 0.900000 0.933333 0.966667 1.000000 1.033333
1.066667 1.100000 1.133333 1.166667 1.200000 1.233333 1.266667 1.300000 1.333333 1.366667 1.400000 1.433333 1.466667 1.500000 1.533333 1.566667
1.600000 1.633333 1.666667 1.700000 1.733333 1.766667 1.800000 1.833333 1.866667 1.900000 1.933333 1.966667 2.000000 2.033333 2.066667 2.100000
2.133333 2.166667 2.200000 2.233333 2.266667 2.300000 2.333333 2.366667 2.400000 2.433333 2.466667 2.500000 2.533333 2.566667 2.600000 2.633333
2.666667 2.700000 2.733333 2.766667</float_array><technique_common><accessor source="#rigging_Yennefer-Matrix-animation-input-array" count="84"><param name="TIME" type="float"/></accessor></technique_common></source><source id="rigging_Yennefer-Matrix-animation-output-transform"><float_array id="rigging_Yennefer-Matrix-animation-output-transform-array" count="1344">

0.989059 0.035688 -0.143136 -0.030063 0.003458 0.964419 0.264357 -0.097518 0.147478 -0.261960 0.953744 0.088723 0.000000 0.000000 0.000000 1.000000
0.986911 0.037798 -0.156777 -0.031059 0.004918 0.964640 0.263526 -0.097494 0.161194 -0.260847 0.951827 0.088036 0.000000 0.000000 0.000000 1.000000
0.984572 0.039772 -0.170399 -0.032214 0.006490 0.964856 0.262699 -0.097466 0.174859 -0.259752 0.949712 0.087268 0.000000 0.000000 0.000000 1.000000
0.981568 0.041894 -0.186464 -0.033240 0.008739 0.964818 0.262775 -0.097080 0.190913 -0.259561 0.946668 0.086847 0.000000 0.000000 0.000000 1.000000
0.976999 0.044284 -0.208594 -0.034101 0.012995 0.964017 0.265524 -0.095798 0.212847 -0.262127 0.941268 0.087514 0.000000 0.000000 0.000000 1.000000
0.973852 0.046630 -0.222347 -0.035022 0.015452 0.962847 0.269606 -0.093914 0.226658 -0.265992 0.936950 0.089027 0.000000 0.000000 0.000000 1.000000
0.972945 0.048697 -0.225848 -0.036037 0.014693 0.962513 0.270837 -0.092420 0.230571 -0.266827 0.935757 0.089367 0.000000 0.000000 0.000000 1.000000
0.972921 0.050512 -0.225551 -0.037027 0.012347 0.963078 0.268940 -0.091587 0.230808 -0.264443 0.936375 0.088349 0.000000 0.000000 0.000000 1.000000
0.973209 0.052205 -0.223916 -0.037997 0.009969 0.963384 0.267940 -0.091001 0.229705 -0.262994 0.937054 0.087768 0.000000 0.000000 0.000000 1.000000
0.973139 0.053882 -0.223825 -0.038932 0.008944 0.962642 0.270628 -0.090220 0.230045 -0.265361 0.936303 0.088870 0.000000 0.000000 0.000000 1.000000
0.972170 0.055417 -0.227626 -0.039744 0.009218 0.961819 0.273532 -0.089741 0.234093 -0.268018 0.934541 0.090068 0.000000 0.000000 0.000000 1.000000
0.971010 0.056720 -0.232213 -0.040492 0.009976 0.960980 0.276439 -0.090068 0.238831 -0.270742 0.932555 0.091258 0.000000 0.000000 0.000000 1.000000
0.970614 0.057729 -0.233615 -0.041274 0.010131 0.960135 0.279353 -0.091053 0.240429 -0.273510 0.931336 0.092483 0.000000 0.000000 0.000000 1.000000
0.971022 0.058038 -0.231837 -0.041968 0.010030 0.959314 0.282164 -0.092856 0.238781 -0.276313 0.930932 0.093731 0.000000 0.000000 0.000000 1.000000
0.971471 0.056784 -0.230261 -0.042163 0.011431 0.958572 0.284621 -0.095388 0.236884 -0.279133 0.930575 0.094976 0.000000 0.000000 0.000000 1.000000
0.972965 0.054929 -0.224325 -0.042360 0.012090 0.957859 0.286985 -0.097717 0.230635 -0.281939 0.931299 0.096309 0.000000 0.000000 0.000000 1.000000
0.974731 0.052481 -0.217132 -0.042377 0.012894 0.957172 0.289232 -0.099453 0.223012 -0.284723 0.932308 0.097663 0.000000 0.000000 0.000000 1.000000
0.976529 0.049609 -0.209597 -0.042225 0.013707 0.956827 0.290335 -0.100500 0.214951 -0.286393 0.933689 0.098513 0.000000 0.000000 0.000000 1.000000
0.978977 0.046050 -0.198704 -0.041928 0.013605 0.957270 0.288876 -0.101767 0.203516 -0.285506 0.936519 0.098144 0.000000 0.000000 0.000000 1.000000
0.981220 0.041091 -0.188464 -0.040792 0.014921 0.957950 0.286547 -0.103872 0.192314 -0.283978 0.939347 0.097173 0.000000 0.000000 0.000000 1.000000
0.983371 0.034137 -0.178370 -0.038565 0.018152 0.958781 0.283566 -0.105898 0.180698 -0.282089 0.942218 0.096088 0.000000 0.000000 0.000000 1.000000
0.985321 0.025214 -0.168842 -0.035316 0.023338 0.959852 0.279535 -0.107770 0.169111 -0.279372 0.945173 0.094892 0.000000 0.000000 0.000000 1.000000
0.986544 0.009647 -0.163211 -0.029013 0.035444 0.961897 0.271105 -0.109830 0.159607 -0.273242 0.948612 0.092012 0.000000 0.000000 0.000000 1.000000
0.986660 -0.014250 -0.162169 -0.019036 0.056187 0.964755 0.257080 -0.112089 0.152790 -0.262762 0.952686 0.086883 0.000000 0.000000 0.000000 1.000000
0.986543 -0.033353 -0.160063 -0.011469 0.072728 0.966307 0.246903 -0.113474 0.146435 -0.255222 0.955729 0.082938 0.000000 0.000000 0.000000 1.000000
0.986865 -0.038926 -0.156784 -0.009625 0.076885 0.966741 0.243927 -0.113600 0.142075 -0.252777 0.957036 0.081575 0.000000 0.000000 0.000000 1.000000
0.987253 -0.034323 -0.155417 -0.011479 0.072064 0.967042 0.244206 -0.112971 0.141913 -0.252293 0.957188 0.081644 0.000000 0.000000 0.000000 1.000000
0.986904 -0.025632 -0.159257 -0.014277 0.065562 0.965806 0.250840 -0.111792 0.147382 -0.257996 0.954838 0.084402 0.000000 0.000000 0.000000 1.000000
0.985817 -0.022170 -0.166354 -0.014392 0.065159 0.964038 0.257653 -0.110759 0.154660 -0.264838 0.951810 0.087718 0.000000 0.000000 0.000000 1.000000
0.984955 -0.023786 -0.171164 -0.012489 0.068496 0.963090 0.260320 -0.110480 0.158654 -0.268128 0.950230 0.089612 0.000000 0.000000 0.000000 1.000000
0.984970 -0.026522 -0.170679 -0.010581 0.070722 0.963441 0.258417 -0.111308 0.157585 -0.266604 0.950836 0.089496 0.000000 0.000000 0.000000 1.000000
0.985768 -0.029734 -0.165463 -0.008967 0.071910 0.964226 0.255140 -0.112295 0.151957 -0.263408 0.952641 0.088732 0.000000 0.000000 0.000000 1.000000
0.986374 -0.032821 -0.161211 -0.007918 0.073770 0.964100 0.255087 -0.112145 0.147051 -0.263504 0.953384 0.089407 0.000000 0.000000 0.000000 1.000000
0.986576 -0.035457 -0.159405 -0.007371 0.076355 0.963027 0.258359 -0.111038 0.144350 -0.267063 0.952807 0.091482 0.000000 0.000000 0.000000 1.000000
0.986792 -0.037533 -0.157586 -0.007135 0.077992 0.962699 0.259092 -0.110113 0.141984 -0.267960 0.952910 0.092249 0.000000 0.000000 0.000000 1.000000
0.987004 -0.037917 -0.156160 -0.007565 0.077851 0.962938 0.258245 -0.109944 0.140581 -0.267046 0.953375 0.091970 0.000000 0.000000 0.000000 1.000000
0.987399 -0.035312 -0.154259 -0.009219 0.074657 0.963437 0.257325 -0.110636 0.139532 -0.265599 0.953933 0.091133 0.000000 0.000000 0.000000 1.000000
0.988122 -0.031850 -0.150336 -0.011163 0.070183 0.963833 0.257100 -0.111541 0.136710 -0.264597 0.954620 0.089616 0.000000 0.000000 0.000000 1.000000
0.988464 -0.028289 -0.148788 -0.013142 0.066412 0.963875 0.257943 -0.111542 0.136116 -0.264849 0.954635 0.088871 0.000000 0.000000 0.000000 1.000000
0.987851 -0.026106 -0.153196 -0.014281 0.065671 0.963572 0.259260 -0.110879 0.140847 -0.266170 0.953580 0.088856 0.000000 0.000000 0.000000 1.000000
0.986422 -0.024872 -0.162337 -0.014667 0.066956 0.963492 0.259231 -0.110220 0.149963 -0.266580 0.952075 0.088259 0.000000 0.000000 0.000000 1.000000
0.985192 -0.023398 -0.169850 -0.015085 0.067180 0.964112 0.256855 -0.109966 0.157745 -0.264462 0.951408 0.086321 0.000000 0.000000 0.000000 1.000000
0.984822 -0.019205 -0.172503 -0.016650 0.063331 0.965099 0.254114 -0.109935 0.161603 -0.261181 0.951666 0.083965 0.000000 0.000000 0.000000 1.000000
0.984373 -0.013648 -0.175568 -0.018559 0.058732 0.965352 0.254255 -0.109374 0.166015 -0.260594 0.951068 0.083172 0.000000 0.000000 0.000000 1.000000
0.983341 -0.007381 -0.181621 -0.020713 0.054651 0.964950 0.256681 -0.108089 0.173360 -0.262330 0.949278 0.083918 0.000000 0.000000 0.000000 1.000000
0.981688 -0.000647 -0.190493 -0.023026 0.051332 0.963902 0.261261 -0.106414 0.183448 -0.266255 0.946285 0.085914 0.000000 0.000000 0.000000 1.000000
0.979785 0.006687 -0.199944 -0.025469 0.047695 0.962814 0.265922 -0.105079 0.194287 -0.270083 0.943031 0.088030 0.000000 0.000000 0.000000 1.000000
0.977719 0.014879 -0.209388 -0.028250 0.043460 0.961525 0.271259 -0.103995 0.205368 -0.274315 0.939455 0.090412 0.000000 0.000000 0.000000 1.000000
0.975283 0.024883 -0.219552 -0.031759 0.037839 0.960152 0.276906 -0.103211 0.217693 -0.278369 0.935479 0.092708 0.000000 0.000000 0.000000 1.000000
0.972701 0.033468 -0.229636 -0.034672 0.033837 0.958516 0.283022 -0.102509 0.229582 -0.283066 0.931217 0.095105 0.000000 0.000000 0.000000 1.000000
0.970988 0.038566 -0.235996 -0.036219 0.032105 0.956949 0.288475 -0.101732 0.236962 -0.287682 0.927948 0.097448 0.000000 0.000000 0.000000 1.000000
0.971164 0.043062 -0.234490 -0.037692 0.028437 0.955609 0.293263 -0.100791 0.236709 -0.291475 0.926828 0.099403 0.000000 0.000000 0.000000 1.000000
0.972513 0.044579 -0.228541 -0.038022 0.025579 0.955108 0.295151 -0.100172 0.231439 -0.292884 0.927715 0.100019 0.000000 0.000000 0.000000 1.000000
0.974036 0.044148 -0.222046 -0.037544 0.023967 0.955183 0.295044 -0.099769 0.225120 -0.292705 0.929325 0.099464 0.000000 0.000000 0.000000 1.000000
0.974850 0.045674 -0.218131 -0.037889 0.020943 0.955668 0.293701 -0.099364 0.221875 -0.290883 0.930676 0.097823 0.000000 0.000000 0.000000 1.000000
0.975065 0.048398 -0.216578 -0.038806 0.017102 0.956639 0.290774 -0.098504 0.221260 -0.287227 0.931957 0.095422 0.000000 0.000000 0.000000 1.000000
0.974828 0.049022 -0.217500 -0.038669 0.015737 0.957967 0.286446 -0.096931 0.222400 -0.282658 0.933082 0.092953 0.000000 0.000000 0.000000 1.000000
0.973976 0.047856 -0.221540 -0.037355 0.017514 0.958641 0.284080 -0.094694 0.225972 -0.280567 0.932855 0.091834 0.000000 0.000000 0.000000 1.000000
0.973203 0.047672 -0.224951 -0.036202 0.018653 0.958684 0.283862 -0.092375 0.229190 -0.280451 0.932105 0.091656 0.000000 0.000000 0.000000 1.000000
0.972902 0.049905 -0.225768 -0.036190 0.016243 0.959266 0.282038 -0.090918 0.230647 -0.278062 0.932461 0.090460 0.000000 0.000000 0.000000 1.000000
0.972703 0.053265 -0.225856 -0.036583 0.012526 0.959827 0.280312 -0.090465 0.231713 -0.275489 0.932960 0.089312 0.000000 0.000000 0.000000 1.000000
0.972664 0.058430 -0.224745 -0.037631 0.007424 0.959507 0.281585 -0.089600 0.232098 -0.275557 0.932845 0.089812 0.000000 0.000000 0.000000 1.000000
0.972862 0.066735 -0.221555 -0.040113 -0.000087 0.957611 0.288064 -0.087673 0.231387 -0.280227 0.931629 0.092764 0.000000 0.000000 0.000000 1.000000
0.973179 0.070239 -0.219064 -0.040530 -0.002613 0.955563 0.294774 -0.085728 0.230034 -0.286295 0.930118 0.096365 0.000000 0.000000 0.000000 1.000000
0.973989 0.064868 -0.217110 -0.037395 0.003321 0.953958 0.299921 -0.084440 0.226569 -0.292841 0.928930 0.099741 0.000000 0.000000 0.000000 1.000000
0.975235 0.057139 -0.213663 -0.033683 0.010514 0.952983 0.302841 -0.084631 0.220921 -0.297588 0.928782 0.101747 0.000000 0.000000 0.000000 1.000000
0.977141 0.050575 -0.206488 -0.030984 0.014717 0.952868 0.303027 -0.086372 0.212082 -0.299139 0.930342 0.102304 0.000000 0.000000 0.000000 1.000000
0.979878 0.048064 -0.193724 -0.030510 0.012954 0.953214 0.302018 -0.088003 0.199176 -0.298451 0.933411 0.101938 0.000000 0.000000 0.000000 1.000000
0.982869 0.047805 -0.178000 -0.031357 0.008005 0.953792 0.300360 -0.088791 0.184134 -0.296639 0.937070 0.101176 0.000000 0.000000 0.000000 1.000000
0.985116 0.048121 -0.165016 -0.032439 0.004138 0.953097 0.302637 -0.088370 0.171840 -0.298816 0.938712 0.102130 0.000000 0.000000 0.000000 1.000000
0.986310 0.048621 -0.157570 -0.033514 0.001057 0.953661 0.300882 -0.087944 0.164897 -0.296929 0.940554 0.101333 0.000000 0.000000 0.000000 1.000000
0.986309 0.049079 -0.157433 -0.034295 -0.000577 0.955707 0.294321 -0.088178 0.164905 -0.290200 0.942651 0.098389 0.000000 0.000000 0.000000 1.000000
0.985588 0.049320 -0.161815 -0.034740 -0.001049 0.958318 0.285700 -0.089254 0.169161 -0.281413 0.944559 0.094502 0.000000 0.000000 0.000000 1.000000
0.985315 0.049141 -0.163524 -0.034928 -0.001948 0.960864 0.277014 -0.090796 0.170737 -0.272627 0.946849 0.090660 0.000000 0.000000 0.000000 1.000000
0.986229 0.047881 -0.158305 -0.034730 -0.003661 0.963260 0.268545 -0.092290 0.165347 -0.264267 0.950170 0.087214 0.000000 0.000000 0.000000 1.000000
0.987234 0.042692 -0.153448 -0.032726 -0.000381 0.964039 0.265760 -0.093358 0.159276 -0.262309 0.951749 0.086648 0.000000 0.000000 0.000000 1.000000
0.987814 0.037602 -0.151027 -0.030703 0.003918 0.964061 0.265652 -0.094184 0.155588 -0.263006 0.952166 0.087258 0.000000 0.000000 0.000000 1.000000
0.988492 0.033679 -0.147476 -0.029249 0.006900 0.963847 0.266366 -0.094893 0.151116 -0.264318 0.952523 0.088196 0.000000 0.000000 0.000000 1.000000
0.989349 0.031422 -0.142130 -0.028550 0.007813 0.963552 0.267407 -0.095499 0.145352 -0.265669 0.953044 0.089206 0.000000 0.000000 0.000000 1.000000
0.990372 0.030137 -0.135114 -0.028282 0.007261 0.963366 0.268093 -0.096053 0.138244 -0.266493 0.953871 0.090041 0.000000 0.000000 0.000000 1.000000
0.991051 0.029826 -0.130106 -0.028243 0.006238 0.963302 0.268348 -0.096534 0.133335 -0.266758 0.954496 0.090634 0.000000 0.000000 0.000000 1.000000
0.990664 0.031336 -0.132675 -0.028689 0.005320 0.963594 0.267315 -0.096993 0.136222 -0.265526 0.954432 0.090266 0.000000 0.000000 0.000000 1.000000
0.989879 0.033508 -0.137902 -0.029360 0.004402 0.964008 0.265836 -0.097348 0.141846 -0.263752 0.954104 0.089575 0.000000 0.000000 0.000000 1.000000
0.989059 0.035688 -0.143137 -0.030063 0.003458 0.964419 0.264357 -0.097518 0.147478 -0.261960 0.953744 0.088722 0.000000 0.000000 0.000000 1.000000</float_array><technique_common><accessor source="#rigging_Yennefer-Matrix-animation-output-transform-array" count="84" stride="16"><param type="float4x4"/></accessor></technique_common></source><source id="rigging_Yennefer-Interpolations"><Name_array id="rigging_Yennefer-Interpolations-array" count="84">
 LINEAR LINEAR LINEAR LINEAR LINEAR LINEAR LINEAR LINEAR LINEAR LINEAR LINEAR
LINEAR LINEAR LINEAR LINEAR LINEAR LINEAR LINEAR LINEAR LINEAR LINEAR LINEAR LINEAR
LINEAR LINEAR LINEAR LINEAR LINEAR LINEAR LINEAR LINEAR LINEAR LINEAR LINEAR LINEAR
LINEAR LINEAR LINEAR LINEAR LINEAR LINEAR LINEAR LINEAR LINEAR LINEAR LINEAR LINEAR
LINEAR LINEAR LINEAR LINEAR LINEAR LINEAR LINEAR LINEAR LINEAR LINEAR LINEAR LINEAR
LINEAR LINEAR LINEAR LINEAR LINEAR LINEAR LINEAR LINEAR LINEAR LINEAR LINEAR LINEAR
LINEAR LINEAR LINEAR LINEAR LINEAR LINEAR LINEAR LINEAR LINEAR LINEAR LINEAR LINEAR
LINEAR</Name_array><technique_common><accessor source="#rigging_Yennefer-Interpolations-array" count="84"><param type="name"/></accessor></technique_common></source><sampler id="rigging_Yennefer-Matrix-animation-transform"><input semantic="INPUT" source="#rigging_Yennefer-Matrix-animation-input"/><input semantic="OUTPUT" source="#rigging_Yennefer-Matrix-animation-output-transform"/><input semantic="INTERPOLATION" source="#rigging_Yennefer-Interpolations"/></sampler><channel source="#rigging_Yennefer-Matrix-animation-transform" target="rigging_Yennefer/matrix"/></animation>
    <animation id="rigging_meshes-anim" name="rigging_meshes"><source id="rigging_meshes-Matrix-animation-input"><float_array id="rigging_meshes-Matrix-animation-input-array" count="84">

0.000000 0.033333 0.066667 0.100000 0.133333 0.166667 0.200000 0.233333 0.266667 0.300000 0.333333 0.366667 0.400000 0.433333 0.466667 0.500000
0.533333 0.566667 0.600000 0.633333 0.666667 0.700000 0.733333 0.766667 0.800000 0.833333 0.866667 0.900000 0.933333 0.966667 1.000000 1.033333
1.066667 1.100000 1.133333 1.166667 1.200000 1.233333 1.266667 1.300000 1.333333 1.366667 1.400000 1.433333 1.466667 1.500000 1.533333 1.566667
1.600000 1.633333 1.666667 1.700000 1.733333 1.766667 1.800000 1.833333 1.866667 1.900000 1.933333 1.966667 2.000000 2.033333 2.066667 2.100000
2.133333 2.166667 2.200000 2.233333 2.266667 2.300000 2.333333 2.366667 2.400000 2.433333 2.466667 2.500000 2.533333 2.566667 2.600000 2.633333
2.666667 2.700000 2.733333 2.766667</float_array><technique_common><accessor source="#rigging_meshes-Matrix-animation-input-array" count="84"><param name="TIME" type="float"/></accessor></technique_common></source><source id="rigging_meshes-Matrix-animation-output-transform"><float_array id="rigging_meshes-Matrix-animation-output-transform-array" count="1344">

1.000000 -0.000000 0.000000 0.000000 -0.000000 1.000000 -0.000000 0.000000 -0.000000 0.000000 1.000000 0.000000 0.000000 0.000000 0.000000 1.000000
1.000000 0.000000 0.000000 0.000000 -0.000000 1.000000 0.000000 0.000000 0.000000 0.000000 1.000000 0.000000 0.000000 0.000000 0.000000 1.000000
1.000000 0.000000 0.000000 0.000000 0.000000 1.000000 0.000000 0.000000 0.000000 0.000000 1.000000 0.000000 0.000000 0.000000 0.000000 1.000000
1.000000 0.000000 -0.000000 0.000000 0.000000 1.000000 0.000000 0.000000 -0.000000 0.000000 1.000000 0.000000 0.000000 0.000000 0.000000 1.000000
1.000000 0.000000 -0.000000 0.000000 0.000000 1.000000 0.000000 0.000000 0.000000 -0.000000 1.000000 0.000000 0.000000 0.000000 0.000000 1.000000
1.000000 0.000000 -0.000000 0.000000 0.000000 1.000000 0.000000 0.000000 0.000000 0.000000 1.000000 0.000000 0.000000 0.000000 0.000000 1.000000
1.000000 0.000000 -0.000000 0.000000 0.000000 1.000000 0.000000 0.000000 0.000000 -0.000000 1.000000 0.000000 0.000000 0.000000 0.000000 1.000000
1.000000 -0.000000 0.000000 0.000000 -0.000000 1.000000 0.000000 0.000000 0.000000 0.000000 1.000000 0.000000 0.000000 0.000000 0.000000 1.000000
1.000000 0.000000 -0.000000 0.000000 -0.000000 1.000000 -0.000000 0.000000 0.000000 0.000000 1.000000 0.000000 0.000000 0.000000 0.000000 1.000000
1.000000 0.000000 0.000000 0.000000 0.000000 1.000000 -0.000000 0.000000 0.000000 0.000000 1.000000 0.000000 0.000000 0.000000 0.000000 1.000000
1.000000 0.000000 0.000000 0.000000 -0.000000 1.000000 0.000000 0.000000 -0.000000 -0.000000 1.000000 0.000000 0.000000 0.000000 0.000000 1.000000
1.000000 0.000000 0.000000 0.000000 0.000000 1.000000 0.000000 0.000000 0.000000 0.000000 1.000000 0.000000 0.000000 0.000000 0.000000 1.000000
1.000000 0.000000 0.000000 0.000000 0.000000 1.000000 0.000000 0.000000 0.000000 0.000000 1.000000 0.000000 0.000000 0.000000 0.000000 1.000000
1.000000 0.000000 0.000000 0.000000 -0.000000 1.000000 0.000000 0.000000 0.000000 0.000000 1.000000 0.000000 0.000000 0.000000 0.000000 1.000000
1.000000 0.000000 0.000000 0.000000 0.000000 1.000000 0.000000 0.000000 -0.000000 0.000000 1.000000 0.000000 0.000000 0.000000 0.000000 1.000000
1.000000 0.000000 0.000000 0.000000 -0.000000 1.000000 0.000000 0.000000 0.000000 0.000000 1.000000 0.000000 0.000000 0.000000 0.000000 1.000000
1.000000 0.000000 0.000000 0.000000 -0.000000 1.000000 0.000000 0.000000 0.000000 -0.000000 1.000000 0.000000 0.000000 0.000000 0.000000 1.000000
1.000000 -0.000000 0.000000 0.000000 0.000000 1.000000 0.000000 0.000000 0.000000 0.000000 1.000000 0.000000 0.000000 0.000000 0.000000 1.000000
1.000000 -0.000000 0.000000 0.000000 -0.000000 1.000000 0.000000 0.000000 -0.000000 0.000000 1.000000 0.000000 0.000000 0.000000 0.000000 1.000000
1.000000 0.000000 0.000000 0.000000 0.000000 1.000000 0.000000 0.000000 0.000000 -0.000000 1.000000 0.000000 0.000000 0.000000 0.000000 1.000000
1.000000 0.000000 -0.000000 0.000000 0.000000 1.000000 0.000000 0.000000 0.000000 0.000000 1.000000 0.000000 0.000000 0.000000 0.000000 1.000000
1.000000 0.000000 0.000000 0.000000 0.000000 1.000000 0.000000 0.000000 0.000000 0.000000 1.000000 0.000000 0.000000 0.000000 0.000000 1.000000
1.000000 0.000000 0.000000 0.000000 0.000000 1.000000 0.000000 0.000000 0.000000 -0.000000 1.000000 0.000000 0.000000 0.000000 0.000000 1.000000
1.000000 0.000000 -0.000000 0.000000 0.000000 1.000000 0.000000 0.000000 0.000000 0.000000 1.000000 0.000000 0.000000 0.000000 0.000000 1.000000
1.000000 -0.000000 0.000000 0.000000 -0.000000 1.000000 0.000000 0.000000 0.000000 0.000000 1.000000 0.000000 0.000000 0.000000 0.000000 1.000000
1.000000 0.000000 -0.000000 0.000000 -0.000000 1.000000 -0.000000 0.000000 -0.000000 0.000000 1.000000 0.000000 0.000000 0.000000 0.000000 1.000000
1.000000 0.000000 0.000000 0.000000 -0.000000 1.000000 -0.000000 0.000000 0.000000 0.000000 1.000000 0.000000 0.000000 0.000000 0.000000 1.000000
1.000000 -0.000000 0.000000 0.000000 -0.000000 1.000000 0.000000 0.000000 0.000000 0.000000 1.000000 0.000000 0.000000 0.000000 0.000000 1.000000
1.000000 -0.000000 -0.000000 0.000000 0.000000 1.000000 0.000000 0.000000 0.000000 0.000000 1.000000 0.000000 0.000000 0.000000 0.000000 1.000000
1.000000 0.000000 0.000000 0.000000 0.000000 1.000000 -0.000000 0.000000 -0.000000 0.000000 1.000000 0.000000 0.000000 0.000000 0.000000 1.000000
1.000000 -0.000000 -0.000000 0.000000 0.000000 1.000000 0.000000 0.000000 -0.000000 0.000000 1.000000 0.000000 0.000000 0.000000 0.000000 1.000000
1.000000 -0.000000 0.000000 0.000000 0.000000 1.000000 0.000000 0.000000 -0.000000 0.000000 1.000000 0.000000 0.000000 0.000000 0.000000 1.000000
1.000000 -0.000000 0.000000 0.000000 -0.000000 1.000000 0.000000 0.000000 -0.000000 0.000000 1.000000 0.000000 0.000000 0.000000 0.000000 1.000000
