<?xml version="1.0" encoding="utf-8"?>
<COLLADA xmlns="http://www.collada.org/2005/11/COLLADASchema" version="1.4.1">
  <asset><contributor><author>Mixamo</author><authoring_tool>COLLADA Mixamo exporter</authoring_tool><comments></comments></contributor><created>2020-05-07T02:01:40Z</created><modified>2020-05-07T02:01:40Z</modified><revision></revision><title></title><unit meter="0.010000"/><up_axis>Y_UP</up_axis></asset>
  <library_geometries>
    <geometry id="rigging_body-lib" name="rigging_bodyMesh">
      <mesh>
        <source id="rigging_body-lib-Position" name="position">
          <float_array id="rigging_body-lib-Position-array" count="0"></float_array>
          <technique_common>
            <accessor count="0" source="#rigging_body-lib-Position-array" stride="3">
              <param name="X" type="float"/>
              <param name="Y" type="float"/>
              <param name="Z" type="float"/>
            </accessor>
          </technique_common>
        </source>
        <vertices id="rigging_body-lib-Vertex">
          <input semantic="POSITION" source="#rigging_body-lib-Position"/>
        </vertices>
      </mesh>
    </geometry>
    <geometry id="rigging_Cylinder001-lib" name="rigging_Cylinder001Mesh">
      <mesh>
        <source id="rigging_Cylinder001-lib-Position" name="position">
          <float_array id="rigging_Cylinder001-lib-Position-array" count="0"></float_array>
          <technique_common>
            <accessor count="0" source="#rigging_Cylinder001-lib-Position-array" stride="3">
              <param name="X" type="float"/>
              <param name="Y" type="float"/>
              <param name="Z" type="float"/>
            </accessor>
          </technique_common>
        </source>
        <vertices id="rigging_Cylinder001-lib-Vertex">
          <input semantic="POSITION" source="#rigging_Cylinder001-lib-Position"/>
        </vertices>
      </mesh>
    </geometry>
    <geometry id="rigging_eyebrowns-lib" name="rigging_eyebrownsMesh">
      <mesh>
        <source id="rigging_eyebrowns-lib-Position" name="position">
          <float_array id="rigging_eyebrowns-lib-Position-array" count="0"></float_array>
          <technique_common>
            <accessor count="0" source="#rigging_eyebrowns-lib-Position-array" stride="3">
              <param name="X" type="float"/>
              <param name="Y" type="float"/>
              <param name="Z" type="float"/>
            </accessor>
          </technique_common>
        </source>
        <vertices id="rigging_eyebrowns-lib-Vertex">
          <input semantic="POSITION" source="#rigging_eyebrowns-lib-Position"/>
        </vertices>
      </mesh>
    </geometry>
    <geometry id="rigging_eyebrowns001-lib" name="rigging_eyebrowns001Mesh">
      <mesh>
        <source id="rigging_eyebrowns001-lib-Position" name="position">
          <float_array id="rigging_eyebrowns001-lib-Position-array" count="0"></float_array>
          <technique_common>
            <accessor count="0" source="#rigging_eyebrowns001-lib-Position-array" stride="3">
              <param name="X" type="float"/>
              <param name="Y" type="float"/>
              <param name="Z" type="float"/>
            </accessor>
          </technique_common>
        </source>
        <vertices id="rigging_eyebrowns001-lib-Vertex">
          <input semantic="POSITION" source="#rigging_eyebrowns001-lib-Position"/>
        </vertices>
      </mesh>
    </geometry>
    <geometry id="rigging_hear-lib" name="rigging_hearMesh">
      <mesh>
        <source id="rigging_hear-lib-Position" name="position">
          <float_array id="rigging_hear-lib-Position-array" count="0"></float_array>
          <technique_common>
            <accessor count="0" source="#rigging_hear-lib-Position-array" stride="3">
              <param name="X" type="float"/>
              <param name="Y" type="float"/>
              <param name="Z" type="float"/>
            </accessor>
          </technique_common>
        </source>
        <vertices id="rigging_hear-lib-Vertex">
          <input semantic="POSITION" source="#rigging_hear-lib-Position"/>
        </vertices>
      </mesh>
    </geometry>
    <geometry id="rigging_Tube001-lib" name="rigging_Tube001Mesh">
      <mesh>
        <source id="rigging_Tube001-lib-Position" name="position">
          <float_array id="rigging_Tube001-lib-Position-array" count="0"></float_array>
          <technique_common>
            <accessor count="0" source="#rigging_Tube001-lib-Position-array" stride="3">
              <param name="X" type="float"/>
              <param name="Y" type="float"/>
              <param name="Z" type="float"/>
            </accessor>
          </technique_common>
        </source>
        <vertices id="rigging_Tube001-lib-Vertex">
          <input semantic="POSITION" source="#rigging_Tube001-lib-Position"/>
        </vertices>
      </mesh>
    </geometry>
  </library_geometries>
  <library_controllers>
    <controller id="rigging_bodyController">
      <skin source="#rigging_body-lib">
        <bind_shape_matrix>1.000000 -0.000000 0.000000 0.000000 0.000000 1.000000 -0.000000 0.000000 0.000000 0.000000 1.000000 0.000000 0.000000 0.000000 0.000000 1.000000
</bind_shape_matrix>
        <source id="rigging_bodyController-Joints">
          <Name_array id="rigging_bodyController-Joints-array" count="1">
 rigging_body</Name_array>
          <technique_common>
            <accessor source="#rigging_bodyController-Joints-array" count="1">
              <param type="name"/>
            </accessor>
          </technique_common>
        </source>
        <source id="rigging_bodyController-Matrices">
          <float_array id="rigging_bodyController-Matrices-array" count="32">

1.000000 0.000000 0.000000 -0.000000 -0.000000 1.000000 0.000000 -0.000000 0.000000 -0.000000 1.000000 -0.000000 0.000000 0.000000 0.000000 1.000000
1.000000 0.000000 0.000000 -0.000000 -0.000000 1.000000 0.000000 -0.000000 0.000000 -0.000000 1.000000 -0.000000 0.000000 0.000000 0.000000 1.000000</float_array>
          <technique_common>
            <accessor source="#rigging_bodyController-Matrices-array" count="2" stride="16">
              <param type="float4x4"/>
            </accessor>
          </technique_common>
        </source>
        <source id="rigging_bodyController-Weights">
          <float_array id="rigging_bodyController-Weights-array" count="1">

1.000000</float_array>
          <technique_common>
            <accessor source="#rigging_bodyController-Weights-array" count="1">
              <param type="float"/>
            </accessor>
          </technique_common>
        </source>
        <joints>
          <input semantic="JOINT" source="#rigging_bodyController-Joints"/>
          <input semantic="INV_BIND_MATRIX" source="#rigging_bodyController-Matrices"/>
        </joints>
        <vertex_weights count="0">
          <input semantic="JOINT" offset="0" source="#rigging_bodyController-Joints"/>
          <input semantic="WEIGHT" offset="1" source="#rigging_bodyController-Weights"/>
          <vcount></vcount>
          <v></v>
        </vertex_weights>
      </skin>
    </controller>
    <controller id="rigging_Cylinder001Controller">
      <skin source="#rigging_Cylinder001-lib">
        <bind_shape_matrix>1.000000 -0.000000 0.000000 0.000000 0.000000 1.000000 -0.000000 0.000000 0.000000 0.000000 1.000000 0.000000 0.000000 0.000000 0.000000 1.000000
</bind_shape_matrix>
        <source id="rigging_Cylinder001Controller-Joints">
          <Name_array id="rigging_Cylinder001Controller-Joints-array" count="1">
 rigging_Cylinder001</Name_array>
          <technique_common>
            <accessor source="#rigging_Cylinder001Controller-Joints-array" count="1">
              <param type="name"/>
            </accessor>
          </technique_common>
        </source>
        <source id="rigging_Cylinder001Controller-Matrices">
          <float_array id="rigging_Cylinder001Controller-Matrices-array" count="32">

1.000000 0.000000 0.000000 -0.000000 -0.000000 1.000000 0.000000 -0.000000 0.000000 -0.000000 1.000000 -0.000000 0.000000 0.000000 0.000000 1.000000
1.000000 0.000000 0.000000 -0.000000 -0.000000 1.000000 0.000000 -0.000000 0.000000 -0.000000 1.000000 -0.000000 0.000000 0.000000 0.000000 1.000000</float_array>
          <technique_common>
            <accessor source="#rigging_Cylinder001Controller-Matrices-array" count="2" stride="16">
              <param type="float4x4"/>
            </accessor>
          </technique_common>
        </source>
        <source id="rigging_Cylinder001Controller-Weights">
          <float_array id="rigging_Cylinder001Controller-Weights-array" count="1">

1.000000</float_array>
          <technique_common>
            <accessor source="#rigging_Cylinder001Controller-Weights-array" count="1">
              <param type="float"/>
            </accessor>
          </technique_common>
        </source>
        <joints>
          <input semantic="JOINT" source="#rigging_Cylinder001Controller-Joints"/>
          <input semantic="INV_BIND_MATRIX" source="#rigging_Cylinder001Controller-Matrices"/>
        </joints>
        <vertex_weights count="0">
          <input semantic="JOINT" offset="0" source="#rigging_Cylinder001Controller-Joints"/>
          <input semantic="WEIGHT" offset="1" source="#rigging_Cylinder001Controller-Weights"/>
          <vcount></vcount>
          <v></v>
        </vertex_weights>
      </skin>
    </controller>
    <controller id="rigging_eyebrownsController">
      <skin source="#rigging_eyebrowns-lib">
        <bind_shape_matrix>1.000000 -0.000000 0.000000 0.000000 0.000000 1.000000 -0.000000 0.000000 0.000000 0.000000 1.000000 0.000000 0.000000 0.000000 0.000000 1.000000
</bind_shape_matrix>
        <source id="rigging_eyebrownsController-Joints">
          <Name_array id="rigging_eyebrownsController-Joints-array" count="1">
 rigging_eyebrowns</Name_array>
          <technique_common>
            <accessor source="#rigging_eyebrownsController-Joints-array" count="1">
              <param type="name"/>
            </accessor>
          </technique_common>
        </source>
        <source id="rigging_eyebrownsController-Matrices">
          <float_array id="rigging_eyebrownsController-Matrices-array" count="32">

1.000000 0.000000 0.000000 -0.000000 -0.000000 1.000000 0.000000 -0.000000 0.000000 -0.000000 1.000000 -0.000000 0.000000 0.000000 0.000000 1.000000
1.000000 0.000000 0.000000 -0.000000 -0.000000 1.000000 0.000000 -0.000000 0.000000 -0.000000 1.000000 -0.000000 0.000000 0.000000 0.000000 1.000000</float_array>
          <technique_common>
            <accessor source="#rigging_eyebrownsController-Matrices-array" count="2" stride="16">
              <param type="float4x4"/>
            </accessor>
          </technique_common>
        </source>
        <source id="rigging_eyebrownsController-Weights">
          <float_array id="rigging_eyebrownsController-Weights-array" count="1">

1.000000</float_array>
          <technique_common>
            <accessor source="#rigging_eyebrownsController-Weights-array" count="1">
              <param type="float"/>
            </accessor>
          </technique_common>
        </source>
        <joints>
          <input semantic="JOINT" source="#rigging_eyebrownsController-Joints"/>
          <input semantic="INV_BIND_MATRIX" source="#rigging_eyebrownsController-Matrices"/>
        </joints>
        <vertex_weights count="0">
          <input semantic="JOINT" offset="0" source="#rigging_eyebrownsController-Joints"/>
          <input semantic="WEIGHT" offset="1" source="#rigging_eyebrownsController-Weights"/>
          <vcount></vcount>
          <v></v>
        </vertex_weights>
      </skin>
    </controller>
    <controller id="rigging_eyebrowns001Controller">
      <skin source="#rigging_eyebrowns001-lib">
        <bind_shape_matrix>1.000000 -0.000000 0.000000 0.000000 0.000000 1.000000 -0.000000 0.000000 0.000000 0.000000 1.000000 0.000000 0.000000 0.000000 0.000000 1.000000
</bind_shape_matrix>
        <source id="rigging_eyebrowns001Controller-Joints">
          <Name_array id="rigging_eyebrowns001Controller-Joints-array" count="1">
 rigging_eyebrowns001</Name_array>
          <technique_common>
            <accessor source="#rigging_eyebrowns001Controller-Joints-array" count="1">
              <param type="name"/>
            </accessor>
          </technique_common>
        </source>
        <source id="rigging_eyebrowns001Controller-Matrices">
          <float_array id="rigging_eyebrowns001Controller-Matrices-array" count="32">

1.000000 0.000000 0.000000 -0.000000 -0.000000 1.000000 0.000000 -0.000000 0.000000 -0.000000 1.000000 -0.000000 0.000000 0.000000 0.000000 1.000000
1.000000 0.000000 0.000000 -0.000000 -0.000000 1.000000 0.000000 -0.000000 0.000000 -0.000000 1.000000 -0.000000 0.000000 0.000000 0.000000 1.000000</float_array>
          <technique_common>
            <accessor source="#rigging_eyebrowns001Controller-Matrices-array" count="2" stride="16">
              <param type="float4x4"/>
            </accessor>
          </technique_common>
        </source>
        <source id="rigging_eyebrowns001Controller-Weights">
          <float_array id="rigging_eyebrowns001Controller-Weights-array" count="1">

1.000000</float_array>
          <technique_common>
            <accessor source="#rigging_eyebrowns001Controller-Weights-array" count="1">
              <param type="float"/>
            </accessor>
          </technique_common>
        </source>
        <joints>
          <input semantic="JOINT" source="#rigging_eyebrowns001Controller-Joints"/>
          <input semantic="INV_BIND_MATRIX" source="#rigging_eyebrowns001Controller-Matrices"/>
        </joints>
        <vertex_weights count="0">
          <input semantic="JOINT" offset="0" source="#rigging_eyebrowns001Controller-Joints"/>
          <input semantic="WEIGHT" offset="1" source="#rigging_eyebrowns001Controller-Weights"/>
          <vcount></vcount>
          <v></v>
        </vertex_weights>
      </skin>
    </controller>
    <controller id="rigging_hearController">
      <skin source="#rigging_hear-lib">
        <bind_shape_matrix>1.000000 -0.000000 0.000000 0.000000 0.000000 1.000000 -0.000000 0.000000 0.000000 0.000000 1.000000 0.000000 0.000000 0.000000 0.000000 1.000000
</bind_shape_matrix>
        <source id="rigging_hearController-Joints">
          <Name_array id="rigging_hearController-Joints-array" count="1">
 rigging_hear</Name_array>
          <technique_common>
            <accessor source="#rigging_hearController-Joints-array" count="1">
              <param type="name"/>
            </accessor>
          </technique_common>
        </source>
        <source id="rigging_hearController-Matrices">
          <float_array id="rigging_hearController-Matrices-array" count="32">

1.000000 0.000000 0.000000 -0.000000 -0.000000 1.000000 0.000000 -0.000000 0.000000 -0.000000 1.000000 -0.000000 0.000000 0.000000 0.000000 1.000000
1.000000 0.000000 0.000000 -0.000000 -0.000000 1.000000 0.000000 -0.000000 0.000000 -0.000000 1.000000 -0.000000 0.000000 0.000000 0.000000 1.000000</float_array>
          <technique_common>
            <accessor source="#rigging_hearController-Matrices-array" count="2" stride="16">
              <param type="float4x4"/>
            </accessor>
          </technique_common>
        </source>
        <source id="rigging_hearController-Weights">
          <float_array id="rigging_hearController-Weights-array" count="1">

1.000000</float_array>
          <technique_common>
            <accessor source="#rigging_hearController-Weights-array" count="1">
              <param type="float"/>
            </accessor>
          </technique_common>
        </source>
        <joints>
          <input semantic="JOINT" source="#rigging_hearController-Joints"/>
          <input semantic="INV_BIND_MATRIX" source="#rigging_hearController-Matrices"/>
        </joints>
        <vertex_weights count="0">
          <input semantic="JOINT" offset="0" source="#rigging_hearController-Joints"/>
          <input semantic="WEIGHT" offset="1" source="#rigging_hearController-Weights"/>
          <vcount></vcount>
          <v></v>
        </vertex_weights>
      </skin>
    </controller>
    <controller id="rigging_Tube001Controller">
      <skin source="#rigging_Tube001-lib">
        <bind_shape_matrix>1.000000 -0.000000 0.000000 0.000000 0.000000 1.000000 -0.000000 0.000000 0.000000 0.000000 1.000000 0.000000 0.000000 0.000000 0.000000 1.000000
</bind_shape_matrix>
        <source id="rigging_Tube001Controller-Joints">
          <Name_array id="rigging_Tube001Controller-Joints-array" count="1">
 rigging_Tube001</Name_array>
          <technique_common>
            <accessor source="#rigging_Tube001Controller-Joints-array" count="1">
              <param type="name"/>
            </accessor>
          </technique_common>
        </source>
        <source id="rigging_Tube001Controller-Matrices">
          <float_array id="rigging_Tube001Controller-Matrices-array" count="32">

1.000000 0.000000 0.000000 -0.000000 -0.000000 1.000000 0.000000 -0.000000 0.000000 -0.000000 1.000000 -0.000000 0.000000 0.000000 0.000000 1.000000
1.000000 0.000000 0.000000 -0.000000 -0.000000 1.000000 0.000000 -0.000000 0.000000 -0.000000 1.000000 -0.000000 0.000000 0.000000 0.000000 1.000000</float_array>
          <technique_common>
            <accessor source="#rigging_Tube001Controller-Matrices-array" count="2" stride="16">
              <param type="float4x4"/>
            </accessor>
          </technique_common>
        </source>
        <source id="rigging_Tube001Controller-Weights">
          <float_array id="rigging_Tube001Controller-Weights-array" count="1">

1.000000</float_array>
          <technique_common>
            <accessor source="#rigging_Tube001Controller-Weights-array" count="1">
              <param type="float"/>
            </accessor>
          </technique_common>
        </source>
        <joints>
          <input semantic="JOINT" source="#rigging_Tube001Controller-Joints"/>
          <input semantic="INV_BIND_MATRIX" source="#rigging_Tube001Controller-Matrices"/>
        </joints>
        <vertex_weights count="0">
          <input semantic="JOINT" offset="0" source="#rigging_Tube001Controller-Joints"/>
          <input semantic="WEIGHT" offset="1" source="#rigging_Tube001Controller-Weights"/>
          <vcount></vcount>
          <v></v>
        </vertex_weights>
      </skin>
    </controller>
  </library_controllers>
  <library_animations>
    <animation id="rigging_Yennefer-anim" name="rigging_Yennefer"><source id="rigging_Yennefer-Matrix-animation-input"><float_array id="rigging_Yennefer-Matrix-animation-input-array" count="102">

0.000000 0.033333 0.066667 0.100000 0.133333 0.166667 0.200000 0.233333 0.266667 0.300000 0.333333 0.366667 0.400000 0.433333 0.466667 0.500000
0.533333 0.566667 0.600000 0.633333 0.666667 0.700000 0.733333 0.766667 0.800000 0.833333 0.866667 0.900000 0.933333 0.966667 1.000000 1.033333
1.066667 1.100000 1.133333 1.166667 1.200000 1.233333 1.266667 1.300000 1.333333 1.366667 1.400000 1.433333 1.466667 1.500000 1.533333 1.566667
1.600000 1.633333 1.666667 1.700000 1.733333 1.766667 1.800000 1.833333 1.866667 1.900000 1.933333 1.966667 2.000000 2.033333 2.066667 2.100000
2.133333 2.166667 2.200000 2.233333 2.266667 2.300000 2.333333 2.366667 2.400000 2.433333 2.466667 2.500000 2.533333 2.566667 2.600000 2.633333
2.666667 2.700000 2.733333 2.766667 2.800000 2.833333 2.866667 2.900000 2.933333 2.966667 3.000000 3.033333 3.066667 3.100000 3.133333 3.166667
3.200000 3.233333 3.266667 3.300000 3.333333 3.366667</float_array><technique_common><accessor source="#rigging_Yennefer-Matrix-animation-input-array" count="102"><param name="TIME" type="float"/></accessor></technique_common></source><source id="rigging_Yennefer-Matrix-animation-output-transform"><float_array id="rigging_Yennefer-Matrix-animation-output-transform-array" count="1632">

0.105948 -0.095137 -0.989810 0.067507 0.035071 0.995151 -0.091896 -0.074016 0.993753 -0.024977 0.108770 0.015781 0.000000 0.000000 0.000000 1.000000
0.101866 -0.109156 -0.988791 0.073365 0.049380 0.993291 -0.104566 -0.074186 0.993572 -0.038175 0.106572 0.021230 0.000000 0.000000 0.000000 1.000000
0.096621 -0.116642 -0.988463 0.076160 0.059368 0.992017 -0.111258 -0.074072 0.993549 -0.047933 0.102774 0.025412 0.000000 0.000000 0.000000 1.000000
0.090280 -0.117007 -0.989019 0.075746 0.065567 0.991618 -0.111329 -0.074115 0.993756 -0.054796 0.097195 0.028637 0.000000 0.000000 0.000000 1.000000
0.082926 -0.110888 -0.990367 0.072562 0.068852 0.992053 -0.105312 -0.074531 0.994174 -0.059455 0.089902 0.031287 0.000000 0.000000 0.000000 1.000000
0.075014 -0.101490 -0.992004 0.068058 0.070798 0.992839 -0.096221 -0.075226 0.994666 -0.063014 0.081662 0.033755 0.000000 0.000000 0.000000 1.000000
0.067377 -0.092566 -0.993424 0.063866 0.072906 0.993482 -0.087627 -0.075962 0.995060 -0.066523 0.073687 0.036282 0.000000 0.000000 0.000000 1.000000
0.060864 -0.086022 -0.994432 0.060768 0.075800 0.993801 -0.081328 -0.076556 0.995264 -0.070428 0.067007 0.038857 0.000000 0.000000 0.000000 1.000000
0.055901 -0.081713 -0.995087 0.058662 0.079172 0.993870 -0.077165 -0.076948 0.995292 -0.074470 0.062028 0.041288 0.000000 0.000000 0.000000 1.000000
0.052328 -0.078728 -0.995522 0.057156 0.082317 0.993835 -0.074268 -0.077165 0.995232 -0.078062 0.058486 0.043355 0.000000 0.000000 0.000000 1.000000
0.049553 -0.076586 -0.995831 0.056077 0.084780 0.993780 -0.072209 -0.077258 0.995167 -0.080849 0.055738 0.044964 0.000000 0.000000 0.000000 1.000000
0.046959 -0.075467 -0.996042 0.055549 0.086618 0.993694 -0.071205 -0.077261 0.995134 -0.082931 0.053199 0.046185 0.000000 0.000000 0.000000 1.000000
0.044329 -0.075797 -0.996137 0.055794 0.088159 0.993524 -0.071675 -0.077189 0.995120 -0.084641 0.050725 0.047155 0.000000 0.000000 0.000000 1.000000
0.041990 -0.077850 -0.996080 0.056935 0.089681 0.993229 -0.073847 -0.077048 0.995085 -0.086228 0.048687 0.047962 0.000000 0.000000 0.000000 1.000000
0.040478 -0.081650 -0.995839 0.058953 0.091373 0.992782 -0.077686 -0.076848 0.994994 -0.087849 0.047646 0.048661 0.000000 0.000000 0.000000 1.000000
0.039833 -0.087067 -0.995406 0.061791 0.093558 0.992145 -0.083038 -0.076591 0.994817 -0.089820 0.047666 0.049387 0.000000 0.000000 0.000000 1.000000
0.039044 -0.093956 -0.994810 0.065491 0.096696 0.991252 -0.089825 -0.076273 0.994548 -0.092687 0.047788 0.050373 0.000000 0.000000 0.000000 1.000000
0.036219 -0.102169 -0.994107 0.070171 0.100766 0.990064 -0.098083 -0.075894 0.994251 -0.096619 0.046154 0.051661 0.000000 0.000000 0.000000 1.000000
0.029466 -0.111330 -0.993347 0.075787 0.104421 0.988683 -0.107710 -0.075504 0.994097 -0.100552 0.040758 0.052708 0.000000 0.000000 0.000000 1.000000
0.017882 -0.120650 -0.992534 0.081902 0.105112 0.987419 -0.118135 -0.075227 0.994300 -0.102215 0.030338 0.052443 0.000000 0.000000 0.000000 1.000000
0.001689 -0.129250 -0.991611 0.087840 0.100930 0.986570 -0.128421 -0.075160 0.994892 -0.099866 0.014711 0.050074 0.000000 0.000000 0.000000 1.000000
-0.018858 -0.136850 -0.990412 0.093176 0.093095 0.986045 -0.138019 -0.075232 0.995479 -0.094805 -0.005855 0.046233 0.000000 0.000000 0.000000 1.000000
-0.044647 -0.144006 -0.988569 0.098048 0.086542 0.985278 -0.147435 -0.075226 0.995247 -0.092135 -0.031528 0.043300 0.000000 0.000000 0.000000 1.000000
-0.077435 -0.151345 -0.985443 0.102855 0.086912 0.983624 -0.157895 -0.074949 0.993202 -0.097873 -0.063013 0.044041 0.000000 0.000000 0.000000 1.000000
-0.118863 -0.158458 -0.980185 0.107623 0.095724 0.980756 -0.170159 -0.074362 0.988286 -0.114053 -0.101408 0.049517 0.000000 0.000000 0.000000 1.000000
-0.170455 -0.163726 -0.971668 0.111714 0.108405 0.976998 -0.183641 -0.073574 0.979384 -0.136636 -0.148785 0.058172 0.000000 0.000000 0.000000 1.000000
-0.233969 -0.165293 -0.958090 0.114209 0.117483 0.973415 -0.196626 -0.072940 0.965120 -0.158564 -0.208329 0.067152 0.000000 0.000000 0.000000 1.000000
-0.309828 -0.162117 -0.936870 0.114503 0.118088 0.971166 -0.207105 -0.072902 0.943431 -0.174800 -0.281750 0.074458 0.000000 0.000000 0.000000 1.000000
-0.393961 -0.154445 -0.906058 0.112660 0.111053 0.970561 -0.213726 -0.073566 0.912394 -0.184820 -0.365211 0.079941 0.000000 0.000000 0.000000 1.000000
-0.476803 -0.143690 -0.867186 0.109295 0.101882 0.970866 -0.216887 -0.074590 0.873086 -0.191763 -0.448273 0.084820 0.000000 0.000000 0.000000 1.000000
-0.547110 -0.131829 -0.826615 0.105094 0.097030 0.970876 -0.219057 -0.075475 0.831418 -0.200054 -0.518384 0.090649 0.000000 0.000000 0.000000 1.000000
-0.598236 -0.120918 -0.792144 0.100641 0.099610 0.969660 -0.223241 -0.075670 0.795105 -0.212456 -0.568041 0.098210 0.000000 0.000000 0.000000 1.000000
-0.631199 -0.112846 -0.767368 0.096535 0.107345 0.967129 -0.230519 -0.074690 0.768157 -0.227876 -0.598337 0.106738 0.000000 0.000000 0.000000 1.000000
-0.651493 -0.109072 -0.750773 0.093424 0.114293 0.964206 -0.239258 -0.072989 0.749996 -0.241683 -0.615708 0.114243 0.000000 0.000000 0.000000 1.000000
-0.664632 -0.109511 -0.739102 0.091614 0.115885 0.962122 -0.246764 -0.071451 0.738130 -0.249658 -0.626766 0.118994 0.000000 0.000000 0.000000 1.000000
-0.673680 -0.112976 -0.730337 0.091124 0.111811 0.961289 -0.251839 -0.070481 0.730516 -0.251318 -0.634969 0.120950 0.000000 0.000000 0.000000 1.000000
-0.679690 -0.117791 -0.723980 0.091614 0.105506 0.961058 -0.255415 -0.069698 0.725872 -0.249987 -0.640793 0.121594 0.000000 0.000000 0.000000 1.000000
-0.682764 -0.121959 -0.720388 0.092288 0.101238 0.960668 -0.258588 -0.068428 0.723591 -0.249486 -0.643562 0.122476 0.000000 0.000000 0.000000 1.000000
-0.682260 -0.123158 -0.720662 0.091979 0.101299 0.960278 -0.260008 -0.066382 0.724058 -0.250396 -0.642683 0.123760 0.000000 0.000000 0.000000 1.000000
-0.676766 -0.118788 -0.726552 0.089286 0.105545 0.961047 -0.255440 -0.063976 0.728594 -0.249557 -0.637866 0.124179 0.000000 0.000000 0.000000 1.000000
-0.665218 -0.107514 -0.738868 0.083564 0.111925 0.964038 -0.241047 -0.061752 0.738213 -0.243047 -0.629261 0.122233 0.000000 0.000000 0.000000 1.000000
-0.648765 -0.090284 -0.755614 0.075423 0.118905 0.968715 -0.217837 -0.059901 0.751642 -0.231172 -0.617733 0.118217 0.000000 0.000000 0.000000 1.000000
-0.629834 -0.071690 -0.773414 0.067270 0.125724 0.973192 -0.192592 -0.058375 0.766487 -0.218538 -0.603936 0.114160 0.000000 0.000000 0.000000 1.000000
-0.609366 -0.057845 -0.790776 0.062212 0.132366 0.975918 -0.173387 -0.057336 0.781763 -0.210328 -0.587034 0.112266 0.000000 0.000000 0.000000 1.000000
-0.584758 -0.052553 -0.809504 0.062039 0.139352 0.976558 -0.164061 -0.057110 0.799149 -0.208742 -0.563727 0.113310 0.000000 0.000000 0.000000 1.000000
-0.550677 -0.056331 -0.832815 0.066606 0.147140 0.975546 -0.163278 -0.057860 0.821648 -0.212453 -0.528922 0.116363 0.000000 0.000000 0.000000 1.000000
-0.502203 -0.068881 -0.862002 0.075142 0.155255 0.973443 -0.168238 -0.059486 0.850699 -0.218320 -0.478172 0.119748 0.000000 0.000000 0.000000 1.000000
-0.437453 -0.091785 -0.894545 0.087865 0.161052 0.970696 -0.178357 -0.061789 0.884702 -0.222091 -0.409851 0.121727 0.000000 0.000000 0.000000 1.000000
-0.357768 -0.127128 -0.925116 0.105591 0.161269 0.967393 -0.195305 -0.064293 0.919779 -0.219067 -0.325601 0.120740 0.000000 0.000000 0.000000 1.000000
-0.266418 -0.173975 -0.948026 0.128066 0.153620 0.963338 -0.219956 -0.066431 0.951537 -0.204236 -0.229925 0.115372 0.000000 0.000000 0.000000 1.000000
-0.166639 -0.224645 -0.960087 0.152090 0.141210 0.958227 -0.248719 -0.067742 0.975854 -0.177020 -0.127955 0.106125 0.000000 0.000000 0.000000 1.000000
-0.060245 -0.267863 -0.961572 0.172517 0.130636 0.952920 -0.273638 -0.068141 0.989598 -0.142101 -0.022416 0.095355 0.000000 0.000000 0.000000 1.000000
0.054898 -0.294210 -0.954163 0.184647 0.130291 0.949544 -0.285290 -0.068357 0.989955 -0.108657 0.090461 0.087014 0.000000 0.000000 0.000000 1.000000
0.181898 -0.301260 -0.936032 0.186882 0.145513 0.949679 -0.277375 -0.069824 0.972491 -0.085750 0.216582 0.084396 0.000000 0.000000 0.000000 1.000000
0.314850 -0.293231 -0.902710 0.181396 0.170135 0.953112 -0.250263 -0.072883 0.933769 -0.074787 0.349976 0.087606 0.000000 0.000000 0.000000 1.000000
0.437561 -0.277375 -0.855339 0.171216 0.193221 0.958016 -0.211827 -0.076863 0.878184 -0.072582 0.472785 0.094517 0.000000 0.000000 0.000000 1.000000
0.535219 -0.261766 -0.803131 0.160927 0.207344 0.962397 -0.175499 -0.080598 0.818871 -0.072594 0.569369 0.101353 0.000000 0.000000 0.000000 1.000000
0.606252 -0.255979 -0.752950 0.155274 0.213729 0.964393 -0.155774 -0.083233 0.766014 -0.066489 0.639376 0.103182 0.000000 0.000000 0.000000 1.000000
0.659521 -0.269620 -0.701668 0.158252 0.218035 0.961944 -0.164694 -0.083925 0.719370 -0.044369 0.693209 0.095336 0.000000 0.000000 0.000000 1.000000
0.702720 -0.305519 -0.642528 0.170874 0.223716 0.952183 -0.208085 -0.081130 0.675378 0.002482 0.737468 0.074969 0.000000 0.000000 0.000000 1.000000
0.735873 -0.354070 -0.577170 0.188733 0.229275 0.932331 -0.279628 -0.073208 0.637121 0.073440 0.767257 0.043160 0.000000 0.000000 0.000000 1.000000
0.756271 -0.398261 -0.519078 0.204453 0.230049 0.904592 -0.358875 -0.060766 0.612480 0.151994 0.775736 0.007876 0.000000 0.000000 0.000000 1.000000
0.764869 -0.426389 -0.482875 0.213592 0.223447 0.878659 -0.421936 -0.048012 0.604191 0.214829 0.767334 -0.019840 0.000000 0.000000 0.000000 1.000000
0.766428 -0.435864 -0.471816 0.215242 0.210089 0.864240 -0.457112 -0.039434 0.607001 0.251220 0.753948 -0.035262 0.000000 0.000000 0.000000 1.000000
0.766047 -0.430254 -0.477550 0.210689 0.191751 0.862075 -0.469104 -0.035656 0.613518 0.267785 0.742891 -0.041587 0.000000 0.000000 0.000000 1.000000
0.766252 -0.416763 -0.489046 0.203017 0.170578 0.865746 -0.470519 -0.034240 0.619484 0.277115 0.734470 -0.044547 0.000000 0.000000 0.000000 1.000000
0.766789 -0.402309 -0.500183 0.195263 0.148718 0.869364 -0.471263 -0.032980 0.624434 0.286973 0.726449 -0.047732 0.000000 0.000000 0.000000 1.000000
0.766197 -0.390688 -0.510201 0.189137 0.128418 0.871032 -0.474142 -0.031319 0.629643 0.297768 0.717554 -0.051405 0.000000 0.000000 0.000000 1.000000
0.763701 -0.382542 -0.520021 0.184928 0.111631 0.871641 -0.477264 -0.029692 0.635845 0.306436 0.708377 -0.054231 0.000000 0.000000 0.000000 1.000000
0.760013 -0.376853 -0.529492 0.182085 0.099370 0.872521 -0.478364 -0.028560 0.642266 0.310947 0.700575 -0.055352 0.000000 0.000000 0.000000 1.000000
0.756679 -0.372589 -0.537229 0.180013 0.091732 0.874094 -0.477017 -0.028006 0.647320 0.311667 0.695587 -0.055002 0.000000 0.000000 0.000000 1.000000
0.754760 -0.369228 -0.542225 0.178399 0.087755 0.875960 -0.474334 -0.027861 0.650105 0.310425 0.693541 -0.054069 0.000000 0.000000 0.000000 1.000000
0.754014 -0.366564 -0.545063 0.177155 0.085594 0.877559 -0.471766 -0.027891 0.651258 0.309064 0.693067 -0.053466 0.000000 0.000000 0.000000 1.000000
0.753168 -0.363854 -0.548040 0.175997 0.082518 0.878782 -0.470036 -0.027955 0.652632 0.308793 0.691895 -0.053860 0.000000 0.000000 0.000000 1.000000
0.750630 -0.360012 -0.554027 0.174510 0.076297 0.880136 -0.468550 -0.028145 0.656303 0.309437 0.688124 -0.055310 0.000000 0.000000 0.000000 1.000000
0.745162 -0.354089 -0.565115 0.172342 0.066408 0.882583 -0.465442 -0.028775 0.663569 0.309302 0.681182 -0.057155 0.000000 0.000000 0.000000 1.000000
0.736096 -0.345639 -0.581976 0.169263 0.054036 0.887059 -0.458483 -0.030199 0.674716 0.306041 0.671638 -0.058409 0.000000 0.000000 0.000000 1.000000
0.722864 -0.334765 -0.604483 0.165195 0.040480 0.893820 -0.446594 -0.032459 0.689803 0.298358 0.659662 -0.058518 0.000000 0.000000 0.000000 1.000000
0.704037 -0.322099 -0.632917 0.160399 0.025427 0.902089 -0.430800 -0.035078 0.709708 0.287206 0.643294 -0.057852 0.000000 0.000000 0.000000 1.000000
0.676771 -0.309038 -0.668189 0.155584 0.007449 0.910454 -0.413542 -0.037471 0.736156 0.274896 0.618471 -0.057355 0.000000 0.000000 0.000000 1.000000
0.638035 -0.296219 -0.710751 0.151143 -0.016168 0.917686 -0.396977 -0.039096 0.769838 0.264777 0.580726 -0.058275 0.000000 0.000000 0.000000 1.000000
0.586746 -0.283926 -0.758364 0.147056 -0.046888 0.923033 -0.381854 -0.039545 0.808412 0.259609 0.528273 -0.061557 0.000000 0.000000 0.000000 1.000000
0.525971 -0.272398 -0.805701 0.143102 -0.083350 0.926254 -0.367568 -0.038722 0.846409 0.260485 0.464478 -0.067710 0.000000 0.000000 0.000000 1.000000
0.463374 -0.261235 -0.846783 0.138720 -0.121813 0.927713 -0.352860 -0.036901 0.877751 0.266655 0.398056 -0.076702 0.000000 0.000000 0.000000 1.000000
0.408250 -0.249067 -0.878236 0.133196 -0.157205 0.928505 -0.336401 -0.034766 0.899232 0.275399 0.339907 -0.087609 0.000000 0.000000 0.000000 1.000000
0.366434 -0.234385 -0.900439 0.126160 -0.184218 0.930318 -0.317130 -0.033285 0.912025 0.282085 0.297722 -0.098280 0.000000 0.000000 0.000000 1.000000
0.337153 -0.216817 -0.916143 0.117803 -0.199134 0.934678 -0.294487 -0.033321 0.920149 0.281723 0.271953 -0.105863 0.000000 0.000000 0.000000 1.000000
0.314712 -0.197810 -0.928347 0.109005 -0.200688 0.942066 -0.268767 -0.035367 0.927729 0.270892 0.256781 -0.108076 0.000000 0.000000 0.000000 1.000000
0.292797 -0.179377 -0.939199 0.100751 -0.190317 0.951659 -0.241089 -0.039283 0.937043 0.249336 0.244504 -0.104313 0.000000 0.000000 0.000000 1.000000
0.267489 -0.162566 -0.949748 0.093490 -0.171247 0.961954 -0.212885 -0.044419 0.948222 0.219586 0.229473 -0.095558 0.000000 0.000000 0.000000 1.000000
0.237827 -0.147051 -0.960112 0.087047 -0.147473 0.971547 -0.185333 -0.049825 0.960047 0.185668 0.209374 -0.083681 0.000000 0.000000 0.000000 1.000000
0.205649 -0.132067 -0.969674 0.081007 -0.122847 0.979531 -0.159463 -0.054688 0.970885 0.151915 0.185216 -0.070645 0.000000 0.000000 0.000000 1.000000
0.174455 -0.117526 -0.977626 0.075194 -0.100271 0.985570 -0.136374 -0.058660 0.979546 0.121818 0.160153 -0.058071 0.000000 0.000000 0.000000 1.000000
0.147809 -0.104529 -0.983477 0.069968 -0.080892 0.989790 -0.117357 -0.061816 0.985702 0.096902 0.137845 -0.046834 0.000000 0.000000 0.000000 1.000000
0.128084 -0.094493 -0.987251 0.065883 -0.064242 0.992570 -0.103337 -0.064378 0.989680 0.076659 0.121062 -0.037030 0.000000 0.000000 0.000000 1.000000
0.116035 -0.087833 -0.989354 0.063128 -0.049419 0.994338 -0.094071 -0.066410 0.992015 0.059809 0.111038 -0.028370 0.000000 0.000000 0.000000 1.000000
0.110768 -0.083680 -0.990317 0.061399 -0.035986 0.995458 -0.088140 -0.067832 0.993195 0.045401 0.107253 -0.020547 0.000000 0.000000 0.000000 1.000000
0.109942 -0.081006 -0.990632 0.060343 -0.023276 0.996190 -0.084044 -0.068813 0.993665 0.032297 0.107637 -0.013163 0.000000 0.000000 0.000000 1.000000
0.110663 -0.079839 -0.990646 0.059994 -0.010038 0.996628 -0.081442 -0.069809 0.993807 0.018957 0.109488 -0.005757 0.000000 0.000000 0.000000 1.000000
0.110736 -0.081104 -0.990535 0.060854 0.003953 0.996693 -0.081166 -0.070995 0.993842 0.005073 0.110691 0.001610 0.000000 0.000000 0.000000 1.000000
0.109193 -0.086030 -0.990291 0.063433 0.019469 0.996242 -0.084400 -0.072504 0.993830 -0.010064 0.110458 0.009026 0.000000 0.000000 0.000000 1.000000
0.105947 -0.095134 -0.989810 0.067506 0.035063 0.995151 -0.091894 -0.074012 0.993753 -0.024970 0.108769 0.015767 0.000000 0.000000 0.000000 1.000000</float_array><technique_common><accessor source="#rigging_Yennefer-Matrix-animation-output-transform-array" count="102" stride="16"><param type="float4x4"/></accessor></technique_common></source><source id="rigging_Yennefer-Interpolations"><Name_array id="rigging_Yennefer-Interpolations-array" count="102">
 LINEAR LINEAR LINEAR LINEAR LINEAR LINEAR LINEAR LINEAR LINEAR LINEAR LINEAR
LINEAR LINEAR LINEAR LINEAR LINEAR LINEAR LINEAR LINEAR LINEAR LINEAR LINEAR LINEAR
LINEAR LINEAR LINEAR LINEAR LINEAR LINEAR LINEAR LINEAR LINEAR LINEAR LINEAR LINEAR
LINEAR LINEAR LINEAR LINEAR LINEAR LINEAR LINEAR LINEAR LINEAR LINEAR LINEAR LINEAR
LINEAR LINEAR LINEAR LINEAR LINEAR LINEAR LINEAR LINEAR LINEAR LINEAR LINEAR LINEAR
LINEAR LINEAR LINEAR LINEAR LINEAR LINEAR LINEAR LINEAR LINEAR LINEAR LINEAR LINEAR
LINEAR LINEAR LINEAR LINEAR LINEAR LINEAR LINEAR LINEAR LINEAR LINEAR LINEAR LINEAR
LINEAR LINEAR LINEAR LINEAR LINEAR LINEAR LINEAR LINEAR LINEAR LINEAR LINEAR LINEAR
LINEAR LINEAR LINEAR LINEAR LINEAR LINEAR LINEAR</Name_array><technique_common><accessor source="#rigging_Yennefer-Interpolations-array" count="102"><param type="name"/></accessor></technique_common></source><sampler id="rigging_Yennefer-Matrix-animation-transform"><input semantic="INPUT" source="#rigging_Yennefer-Matrix-animation-input"/><input semantic="OUTPUT" source="#rigging_Yennefer-Matrix-animation-output-transform"/><input semantic="INTERPOLATION" source="#rigging_Yennefer-Interpolations"/></sampler><channel source="#rigging_Yennefer-Matrix-animation-transform" target="rigging_Yennefer/matrix"/></animation>
    <animation id="rigging_meshes-anim" name="rigging_meshes"><source id="rigging_meshes-Matrix-animation-input"><float_array id="rigging_meshes-Matrix-animation-input-array" count="102">

0.000000 0.033333 0.066667 0.100000 0.133333 0.166667 0.200000 0.233333 0.266667 0.300000 0.333333 0.366667 0.400000 0.433333 0.466667 0.500000
0.533333 0.566667 0.600000 0.633333 0.666667 0.700000 0.733333 0.766667 0.800000 0.833333 0.866667 0.900000 0.933333 0.966667 1.000000 1.033333
1.066667 1.100000 1.133333 1.166667 1.200000 1.233333 1.266667 1.300000 1.333333 1.366667 1.400000 1.433333 1.466667 1.500000 1.533333 1.566667
1.600000 1.633333 1.666667 1.700000 1.733333 1.766667 1.800000 1.833333 1.866667 1.900000 1.933333 1.966667 2.000000 2.033333 2.066667 2.100000
2.133333 2.166667 2.200000 2.233333 2.266667 2.300000 2.333333 2.366667 2.400000 2.433333 2.466667 2.500000 2.533333 2.566667 2.600000 2.633333
2.666667 2.700000 2.733333 2.766667 2.800000 2.833333 2.866667 2.900000 2.933333 2.966667 3.000000 3.033333 3.066667 3.100000 3.133333 3.166667
3.200000 3.233333 3.266667 3.300000 3.333333 3.366667</float_array><technique_common><accessor source="#rigging_meshes-Matrix-animation-input-array" count="102"><param name="TIME" type="float"/></accessor></technique_common></source><source id="rigging_meshes-Matrix-animation-output-transform"><float_array id="rigging_meshes-Matrix-animation-output-transform-array" count="1632">

1.000000 -0.000000 0.000000 0.000000 -0.000000 1.000000 -0.000000 0.000000 -0.000000 0.000000 1.000000 0.000000 0.000000 0.000000 0.000000 1.000000
1.000000 -0.000000 0.000000 0.000000 -0.000000 1.000000 -0.000000 0.000000 0.000000 0.000000 1.000000 0.000000 0.000000 0.000000 0.000000 1.000000
1.000000 0.000000 0.000000 0.000000 0.000000 1.000000 0.000000 0.000000 -0.000000 0.000000 1.000000 0.000000 0.000000 0.000000 0.000000 1.000000
1.000000 0.000000 -0.000000 0.000000 0.000000 1.000000 0.000000 0.000000 0.000000 0.000000 1.000000 0.000000 0.000000 0.000000 0.000000 1.000000
1.000000 -0.000000 -0.000000 0.000000 0.000000 1.000000 0.000000 0.000000 0.000000 -0.000000 1.000000 0.000000 0.000000 0.000000 0.000000 1.000000
1.000000 -0.000000 0.000000 0.000000 0.000000 1.000000 0.000000 0.000000 0.000000 -0.000000 1.000000 0.000000 0.000000 0.000000 0.000000 1.000000
1.000000 0.000000 0.000000 0.000000 0.000000 1.000000 0.000000 0.000000 0.000000 -0.000000 1.000000 0.000000 0.000000 0.000000 0.000000 1.000000
1.000000 -0.000000 0.000000 0.000000 0.000000 1.000000 -0.000000 0.000000 0.000000 -0.000000 1.000000 0.000000 0.000000 0.000000 0.000000 1.000000
1.000000 0.000000 -0.000000 0.000000 0.000000 1.000000 -0.000000 0.000000 0.000000 -0.000000 1.000000 0.000000 0.000000 0.000000 0.000000 1.000000
1.000000 0.000000 0.000000 0.000000 0.000000 1.000000 0.000000 0.000000 0.000000 -0.000000 1.000000 0.000000 0.000000 0.000000 0.000000 1.000000
