<?xml version="1.0" encoding="utf-8"?>
<COLLADA xmlns="http://www.collada.org/2005/11/COLLADASchema" version="1.4.1">
  <asset><contributor><author>Mixamo</author><authoring_tool>COLLADA Mixamo exporter</authoring_tool><comments></comments></contributor><created>2020-05-03T22:14:34Z</created><modified>2020-05-03T22:14:34Z</modified><revision></revision><title></title><unit meter="0.010000"/><up_axis>Y_UP</up_axis></asset>
  <library_geometries>
    <geometry id="rigging_body-lib" name="rigging_bodyMesh">
      <mesh>
        <source id="rigging_body-lib-Position" name="position">
          <float_array id="rigging_body-lib-Position-array" count="0"></float_array>
          <technique_common>
            <accessor count="0" source="#rigging_body-lib-Position-array" stride="3">
              <param name="X" type="float"/>
              <param name="Y" type="float"/>
              <param name="Z" type="float"/>
            </accessor>
          </technique_common>
        </source>
        <vertices id="rigging_body-lib-Vertex">
          <input semantic="POSITION" source="#rigging_body-lib-Position"/>
        </vertices>
      </mesh>
    </geometry>
    <geometry id="rigging_Cylinder001-lib" name="rigging_Cylinder001Mesh">
      <mesh>
        <source id="rigging_Cylinder001-lib-Position" name="position">
          <float_array id="rigging_Cylinder001-lib-Position-array" count="0"></float_array>
          <technique_common>
            <accessor count="0" source="#rigging_Cylinder001-lib-Position-array" stride="3">
              <param name="X" type="float"/>
              <param name="Y" type="float"/>
              <param name="Z" type="float"/>
            </accessor>
          </technique_common>
        </source>
        <vertices id="rigging_Cylinder001-lib-Vertex">
          <input semantic="POSITION" source="#rigging_Cylinder001-lib-Position"/>
        </vertices>
      </mesh>
    </geometry>
    <geometry id="rigging_eyebrowns-lib" name="rigging_eyebrownsMesh">
      <mesh>
        <source id="rigging_eyebrowns-lib-Position" name="position">
          <float_array id="rigging_eyebrowns-lib-Position-array" count="0"></float_array>
          <technique_common>
            <accessor count="0" source="#rigging_eyebrowns-lib-Position-array" stride="3">
              <param name="X" type="float"/>
              <param name="Y" type="float"/>
              <param name="Z" type="float"/>
            </accessor>
          </technique_common>
        </source>
        <vertices id="rigging_eyebrowns-lib-Vertex">
          <input semantic="POSITION" source="#rigging_eyebrowns-lib-Position"/>
        </vertices>
      </mesh>
    </geometry>
    <geometry id="rigging_eyebrowns001-lib" name="rigging_eyebrowns001Mesh">
      <mesh>
        <source id="rigging_eyebrowns001-lib-Position" name="position">
          <float_array id="rigging_eyebrowns001-lib-Position-array" count="0"></float_array>
          <technique_common>
            <accessor count="0" source="#rigging_eyebrowns001-lib-Position-array" stride="3">
              <param name="X" type="float"/>
              <param name="Y" type="float"/>
              <param name="Z" type="float"/>
            </accessor>
          </technique_common>
        </source>
        <vertices id="rigging_eyebrowns001-lib-Vertex">
          <input semantic="POSITION" source="#rigging_eyebrowns001-lib-Position"/>
        </vertices>
      </mesh>
    </geometry>
    <geometry id="rigging_hear-lib" name="rigging_hearMesh">
      <mesh>
        <source id="rigging_hear-lib-Position" name="position">
          <float_array id="rigging_hear-lib-Position-array" count="0"></float_array>
          <technique_common>
            <accessor count="0" source="#rigging_hear-lib-Position-array" stride="3">
              <param name="X" type="float"/>
              <param name="Y" type="float"/>
              <param name="Z" type="float"/>
            </accessor>
          </technique_common>
        </source>
        <vertices id="rigging_hear-lib-Vertex">
          <input semantic="POSITION" source="#rigging_hear-lib-Position"/>
        </vertices>
      </mesh>
    </geometry>
    <geometry id="rigging_Tube001-lib" name="rigging_Tube001Mesh">
      <mesh>
        <source id="rigging_Tube001-lib-Position" name="position">
          <float_array id="rigging_Tube001-lib-Position-array" count="0"></float_array>
          <technique_common>
            <accessor count="0" source="#rigging_Tube001-lib-Position-array" stride="3">
              <param name="X" type="float"/>
              <param name="Y" type="float"/>
              <param name="Z" type="float"/>
            </accessor>
          </technique_common>
        </source>
        <vertices id="rigging_Tube001-lib-Vertex">
          <input semantic="POSITION" source="#rigging_Tube001-lib-Position"/>
        </vertices>
      </mesh>
    </geometry>
  </library_geometries>
  <library_controllers>
    <controller id="rigging_bodyController">
      <skin source="#rigging_body-lib">
        <bind_shape_matrix>1.000000 -0.000000 0.000000 0.000000 0.000000 1.000000 -0.000000 0.000000 0.000000 0.000000 1.000000 0.000000 0.000000 0.000000 0.000000 1.000000
</bind_shape_matrix>
        <source id="rigging_bodyController-Joints">
          <Name_array id="rigging_bodyController-Joints-array" count="1">
 rigging_body</Name_array>
          <technique_common>
            <accessor source="#rigging_bodyController-Joints-array" count="1">
              <param type="name"/>
            </accessor>
          </technique_common>
        </source>
        <source id="rigging_bodyController-Matrices">
          <float_array id="rigging_bodyController-Matrices-array" count="32">

1.000000 0.000000 0.000000 -0.000000 -0.000000 1.000000 0.000000 -0.000000 0.000000 -0.000000 1.000000 -0.000000 0.000000 0.000000 0.000000 1.000000
1.000000 0.000000 0.000000 -0.000000 -0.000000 1.000000 0.000000 -0.000000 0.000000 -0.000000 1.000000 -0.000000 0.000000 0.000000 0.000000 1.000000</float_array>
          <technique_common>
            <accessor source="#rigging_bodyController-Matrices-array" count="2" stride="16">
              <param type="float4x4"/>
            </accessor>
          </technique_common>
        </source>
        <source id="rigging_bodyController-Weights">
          <float_array id="rigging_bodyController-Weights-array" count="1">

1.000000</float_array>
          <technique_common>
            <accessor source="#rigging_bodyController-Weights-array" count="1">
              <param type="float"/>
            </accessor>
          </technique_common>
        </source>
        <joints>
          <input semantic="JOINT" source="#rigging_bodyController-Joints"/>
          <input semantic="INV_BIND_MATRIX" source="#rigging_bodyController-Matrices"/>
        </joints>
        <vertex_weights count="0">
          <input semantic="JOINT" offset="0" source="#rigging_bodyController-Joints"/>
          <input semantic="WEIGHT" offset="1" source="#rigging_bodyController-Weights"/>
          <vcount></vcount>
          <v></v>
        </vertex_weights>
      </skin>
    </controller>
    <controller id="rigging_Cylinder001Controller">
      <skin source="#rigging_Cylinder001-lib">
        <bind_shape_matrix>1.000000 -0.000000 0.000000 0.000000 0.000000 1.000000 -0.000000 0.000000 0.000000 0.000000 1.000000 0.000000 0.000000 0.000000 0.000000 1.000000
</bind_shape_matrix>
        <source id="rigging_Cylinder001Controller-Joints">
          <Name_array id="rigging_Cylinder001Controller-Joints-array" count="1">
 rigging_Cylinder001</Name_array>
          <technique_common>
            <accessor source="#rigging_Cylinder001Controller-Joints-array" count="1">
              <param type="name"/>
            </accessor>
          </technique_common>
        </source>
        <source id="rigging_Cylinder001Controller-Matrices">
          <float_array id="rigging_Cylinder001Controller-Matrices-array" count="32">

1.000000 0.000000 0.000000 -0.000000 -0.000000 1.000000 0.000000 -0.000000 0.000000 -0.000000 1.000000 -0.000000 0.000000 0.000000 0.000000 1.000000
1.000000 0.000000 0.000000 -0.000000 -0.000000 1.000000 0.000000 -0.000000 0.000000 -0.000000 1.000000 -0.000000 0.000000 0.000000 0.000000 1.000000</float_array>
          <technique_common>
            <accessor source="#rigging_Cylinder001Controller-Matrices-array" count="2" stride="16">
              <param type="float4x4"/>
            </accessor>
          </technique_common>
        </source>
        <source id="rigging_Cylinder001Controller-Weights">
          <float_array id="rigging_Cylinder001Controller-Weights-array" count="1">

1.000000</float_array>
          <technique_common>
            <accessor source="#rigging_Cylinder001Controller-Weights-array" count="1">
              <param type="float"/>
            </accessor>
          </technique_common>
        </source>
        <joints>
          <input semantic="JOINT" source="#rigging_Cylinder001Controller-Joints"/>
          <input semantic="INV_BIND_MATRIX" source="#rigging_Cylinder001Controller-Matrices"/>
        </joints>
        <vertex_weights count="0">
          <input semantic="JOINT" offset="0" source="#rigging_Cylinder001Controller-Joints"/>
          <input semantic="WEIGHT" offset="1" source="#rigging_Cylinder001Controller-Weights"/>
          <vcount></vcount>
          <v></v>
        </vertex_weights>
      </skin>
    </controller>
    <controller id="rigging_eyebrownsController">
      <skin source="#rigging_eyebrowns-lib">
        <bind_shape_matrix>1.000000 -0.000000 0.000000 0.000000 0.000000 1.000000 -0.000000 0.000000 0.000000 0.000000 1.000000 0.000000 0.000000 0.000000 0.000000 1.000000
</bind_shape_matrix>
        <source id="rigging_eyebrownsController-Joints">
          <Name_array id="rigging_eyebrownsController-Joints-array" count="1">
 rigging_eyebrowns</Name_array>
          <technique_common>
            <accessor source="#rigging_eyebrownsController-Joints-array" count="1">
              <param type="name"/>
            </accessor>
          </technique_common>
        </source>
        <source id="rigging_eyebrownsController-Matrices">
          <float_array id="rigging_eyebrownsController-Matrices-array" count="32">

1.000000 0.000000 0.000000 -0.000000 -0.000000 1.000000 0.000000 -0.000000 0.000000 -0.000000 1.000000 -0.000000 0.000000 0.000000 0.000000 1.000000
1.000000 0.000000 0.000000 -0.000000 -0.000000 1.000000 0.000000 -0.000000 0.000000 -0.000000 1.000000 -0.000000 0.000000 0.000000 0.000000 1.000000</float_array>
          <technique_common>
            <accessor source="#rigging_eyebrownsController-Matrices-array" count="2" stride="16">
              <param type="float4x4"/>
            </accessor>
          </technique_common>
        </source>
        <source id="rigging_eyebrownsController-Weights">
          <float_array id="rigging_eyebrownsController-Weights-array" count="1">

1.000000</float_array>
          <technique_common>
            <accessor source="#rigging_eyebrownsController-Weights-array" count="1">
              <param type="float"/>
            </accessor>
          </technique_common>
        </source>
        <joints>
          <input semantic="JOINT" source="#rigging_eyebrownsController-Joints"/>
          <input semantic="INV_BIND_MATRIX" source="#rigging_eyebrownsController-Matrices"/>
        </joints>
        <vertex_weights count="0">
          <input semantic="JOINT" offset="0" source="#rigging_eyebrownsController-Joints"/>
          <input semantic="WEIGHT" offset="1" source="#rigging_eyebrownsController-Weights"/>
          <vcount></vcount>
          <v></v>
        </vertex_weights>
      </skin>
    </controller>
    <controller id="rigging_eyebrowns001Controller">
      <skin source="#rigging_eyebrowns001-lib">
        <bind_shape_matrix>1.000000 -0.000000 0.000000 0.000000 0.000000 1.000000 -0.000000 0.000000 0.000000 0.000000 1.000000 0.000000 0.000000 0.000000 0.000000 1.000000
</bind_shape_matrix>
        <source id="rigging_eyebrowns001Controller-Joints">
          <Name_array id="rigging_eyebrowns001Controller-Joints-array" count="1">
 rigging_eyebrowns001</Name_array>
          <technique_common>
            <accessor source="#rigging_eyebrowns001Controller-Joints-array" count="1">
              <param type="name"/>
            </accessor>
          </technique_common>
        </source>
        <source id="rigging_eyebrowns001Controller-Matrices">
          <float_array id="rigging_eyebrowns001Controller-Matrices-array" count="32">

1.000000 0.000000 0.000000 -0.000000 -0.000000 1.000000 0.000000 -0.000000 0.000000 -0.000000 1.000000 -0.000000 0.000000 0.000000 0.000000 1.000000
1.000000 0.000000 0.000000 -0.000000 -0.000000 1.000000 0.000000 -0.000000 0.000000 -0.000000 1.000000 -0.000000 0.000000 0.000000 0.000000 1.000000</float_array>
          <technique_common>
            <accessor source="#rigging_eyebrowns001Controller-Matrices-array" count="2" stride="16">
              <param type="float4x4"/>
            </accessor>
          </technique_common>
        </source>
        <source id="rigging_eyebrowns001Controller-Weights">
          <float_array id="rigging_eyebrowns001Controller-Weights-array" count="1">

1.000000</float_array>
          <technique_common>
            <accessor source="#rigging_eyebrowns001Controller-Weights-array" count="1">
              <param type="float"/>
            </accessor>
          </technique_common>
        </source>
        <joints>
          <input semantic="JOINT" source="#rigging_eyebrowns001Controller-Joints"/>
          <input semantic="INV_BIND_MATRIX" source="#rigging_eyebrowns001Controller-Matrices"/>
        </joints>
        <vertex_weights count="0">
          <input semantic="JOINT" offset="0" source="#rigging_eyebrowns001Controller-Joints"/>
          <input semantic="WEIGHT" offset="1" source="#rigging_eyebrowns001Controller-Weights"/>
          <vcount></vcount>
          <v></v>
        </vertex_weights>
      </skin>
    </controller>
    <controller id="rigging_hearController">
      <skin source="#rigging_hear-lib">
        <bind_shape_matrix>1.000000 -0.000000 0.000000 0.000000 0.000000 1.000000 -0.000000 0.000000 0.000000 0.000000 1.000000 0.000000 0.000000 0.000000 0.000000 1.000000
</bind_shape_matrix>
        <source id="rigging_hearController-Joints">
          <Name_array id="rigging_hearController-Joints-array" count="1">
 rigging_hear</Name_array>
          <technique_common>
            <accessor source="#rigging_hearController-Joints-array" count="1">
              <param type="name"/>
            </accessor>
          </technique_common>
        </source>
        <source id="rigging_hearController-Matrices">
          <float_array id="rigging_hearController-Matrices-array" count="32">

1.000000 0.000000 0.000000 -0.000000 -0.000000 1.000000 0.000000 -0.000000 0.000000 -0.000000 1.000000 -0.000000 0.000000 0.000000 0.000000 1.000000
1.000000 0.000000 0.000000 -0.000000 -0.000000 1.000000 0.000000 -0.000000 0.000000 -0.000000 1.000000 -0.000000 0.000000 0.000000 0.000000 1.000000</float_array>
          <technique_common>
            <accessor source="#rigging_hearController-Matrices-array" count="2" stride="16">
              <param type="float4x4"/>
            </accessor>
          </technique_common>
        </source>
        <source id="rigging_hearController-Weights">
          <float_array id="rigging_hearController-Weights-array" count="1">

1.000000</float_array>
          <technique_common>
            <accessor source="#rigging_hearController-Weights-array" count="1">
              <param type="float"/>
            </accessor>
          </technique_common>
        </source>
        <joints>
          <input semantic="JOINT" source="#rigging_hearController-Joints"/>
          <input semantic="INV_BIND_MATRIX" source="#rigging_hearController-Matrices"/>
        </joints>
        <vertex_weights count="0">
          <input semantic="JOINT" offset="0" source="#rigging_hearController-Joints"/>
          <input semantic="WEIGHT" offset="1" source="#rigging_hearController-Weights"/>
          <vcount></vcount>
          <v></v>
        </vertex_weights>
      </skin>
    </controller>
    <controller id="rigging_Tube001Controller">
      <skin source="#rigging_Tube001-lib">
        <bind_shape_matrix>1.000000 -0.000000 0.000000 0.000000 0.000000 1.000000 -0.000000 0.000000 0.000000 0.000000 1.000000 0.000000 0.000000 0.000000 0.000000 1.000000
</bind_shape_matrix>
        <source id="rigging_Tube001Controller-Joints">
          <Name_array id="rigging_Tube001Controller-Joints-array" count="1">
 rigging_Tube001</Name_array>
          <technique_common>
            <accessor source="#rigging_Tube001Controller-Joints-array" count="1">
              <param type="name"/>
            </accessor>
          </technique_common>
        </source>
        <source id="rigging_Tube001Controller-Matrices">
          <float_array id="rigging_Tube001Controller-Matrices-array" count="32">

1.000000 0.000000 0.000000 -0.000000 -0.000000 1.000000 0.000000 -0.000000 0.000000 -0.000000 1.000000 -0.000000 0.000000 0.000000 0.000000 1.000000
1.000000 0.000000 0.000000 -0.000000 -0.000000 1.000000 0.000000 -0.000000 0.000000 -0.000000 1.000000 -0.000000 0.000000 0.000000 0.000000 1.000000</float_array>
          <technique_common>
            <accessor source="#rigging_Tube001Controller-Matrices-array" count="2" stride="16">
              <param type="float4x4"/>
            </accessor>
          </technique_common>
        </source>
        <source id="rigging_Tube001Controller-Weights">
          <float_array id="rigging_Tube001Controller-Weights-array" count="1">

1.000000</float_array>
          <technique_common>
            <accessor source="#rigging_Tube001Controller-Weights-array" count="1">
              <param type="float"/>
            </accessor>
          </technique_common>
        </source>
        <joints>
          <input semantic="JOINT" source="#rigging_Tube001Controller-Joints"/>
          <input semantic="INV_BIND_MATRIX" source="#rigging_Tube001Controller-Matrices"/>
        </joints>
        <vertex_weights count="0">
          <input semantic="JOINT" offset="0" source="#rigging_Tube001Controller-Joints"/>
          <input semantic="WEIGHT" offset="1" source="#rigging_Tube001Controller-Weights"/>
          <vcount></vcount>
          <v></v>
        </vertex_weights>
      </skin>
    </controller>
  </library_controllers>
  <library_animations>
    <animation id="rigging_Yennefer-anim" name="rigging_Yennefer"><source id="rigging_Yennefer-Matrix-animation-input"><float_array id="rigging_Yennefer-Matrix-animation-input-array" count="70">

0.000000 0.033333 0.066667 0.100000 0.133333 0.166667 0.200000 0.233333 0.266667 0.300000 0.333333 0.366667 0.400000 0.433333 0.466667 0.500000
0.533333 0.566667 0.600000 0.633333 0.666667 0.700000 0.733333 0.766667 0.800000 0.833333 0.866667 0.900000 0.933333 0.966667 1.000000 1.033333
1.066667 1.100000 1.133333 1.166667 1.200000 1.233333 1.266667 1.300000 1.333333 1.366667 1.400000 1.433333 1.466667 1.500000 1.533333 1.566667
1.600000 1.633333 1.666667 1.700000 1.733333 1.766667 1.800000 1.833333 1.866667 1.900000 1.933333 1.966667 2.000000 2.033333 2.066667 2.100000
2.133333 2.166667 2.200000 2.233333 2.266667 2.300000</float_array><technique_common><accessor source="#rigging_Yennefer-Matrix-animation-input-array" count="70"><param name="TIME" type="float"/></accessor></technique_common></source><source id="rigging_Yennefer-Matrix-animation-output-transform"><float_array id="rigging_Yennefer-Matrix-animation-output-transform-array" count="1120">

0.522521 0.046142 0.851377 -0.046475 -0.050686 0.998450 -0.023005 -0.071715 -0.851119 -0.031132 0.524049 0.025220 0.000000 0.000000 0.000000 1.000000
0.523112 0.046015 0.851021 -0.046547 -0.049435 0.998498 -0.023602 -0.071896 -0.850829 -0.029724 0.524601 0.024435 0.000000 0.000000 0.000000 1.000000
0.522425 0.046886 0.851395 -0.047151 -0.048828 0.998494 -0.025025 -0.072084 -0.851286 -0.028498 0.523927 0.023819 0.000000 0.000000 0.000000 1.000000
0.512725 0.055190 0.856777 -0.051454 -0.053646 0.998041 -0.032187 -0.072141 -0.856875 -0.029459 0.514682 0.024715 0.000000 0.000000 0.000000 1.000000
0.486147 0.069305 0.871124 -0.058546 -0.067590 0.996846 -0.041588 -0.071680 -0.871259 -0.038662 0.489299 0.030620 0.000000 0.000000 0.000000 1.000000
0.442369 0.077807 0.893451 -0.063053 -0.083574 0.995471 -0.045312 -0.071237 -0.892930 -0.054624 0.446868 0.041032 0.000000 0.000000 0.000000 1.000000
0.385245 0.079534 0.919381 -0.064096 -0.099681 0.994036 -0.044223 -0.070899 -0.917415 -0.074608 0.390876 0.054631 0.000000 0.000000 0.000000 1.000000
0.321207 0.079365 0.943678 -0.063602 -0.119176 0.991948 -0.042859 -0.070553 -0.939480 -0.098697 0.328079 0.071178 0.000000 0.000000 0.000000 1.000000
0.261673 0.077706 0.962023 -0.062088 -0.137342 0.989608 -0.042577 -0.070671 -0.955335 -0.120985 0.269626 0.087269 0.000000 0.000000 0.000000 1.000000
0.217498 0.078387 0.972908 -0.061712 -0.148085 0.987881 -0.046488 -0.071474 -0.964762 -0.133962 0.226470 0.098877 0.000000 0.000000 0.000000 1.000000
0.191859 0.085897 0.977656 -0.064645 -0.151471 0.986818 -0.056977 -0.073263 -0.969663 -0.137154 0.202341 0.105491 0.000000 0.000000 0.000000 1.000000
0.184948 0.098053 0.977844 -0.070022 -0.148206 0.986413 -0.070881 -0.076033 -0.971509 -0.131813 0.196968 0.107389 0.000000 0.000000 0.000000 1.000000
0.196957 0.109559 0.974271 -0.075482 -0.137245 0.987033 -0.083249 -0.079654 -0.970758 -0.117317 0.209440 0.104144 0.000000 0.000000 0.000000 1.000000
0.227778 0.118339 0.966495 -0.080160 -0.120297 0.988403 -0.092670 -0.083435 -0.966253 -0.095158 0.239372 0.096490 0.000000 0.000000 0.000000 1.000000
0.275631 0.126811 0.952862 -0.085136 -0.102902 0.989457 -0.101915 -0.086394 -0.955740 -0.069961 0.285774 0.086944 0.000000 0.000000 0.000000 1.000000
0.337820 0.131935 0.931918 -0.088572 -0.087311 0.990250 -0.108543 -0.088835 -0.937152 -0.044699 0.346046 0.076833 0.000000 0.000000 0.000000 1.000000
0.421327 0.128974 0.897691 -0.087363 -0.072394 0.991460 -0.108468 -0.092110 -0.904015 -0.019287 0.427066 0.065240 0.000000 0.000000 0.000000 1.000000
0.535168 0.116384 0.836690 -0.079775 -0.057241 0.993183 -0.101540 -0.096084 -0.842804 0.006448 0.538182 0.051543 0.000000 0.000000 0.000000 1.000000
0.674336 0.088991 0.733042 -0.063468 -0.038322 0.995591 -0.085611 -0.100129 -0.737429 0.029639 0.674774 0.036069 0.000000 0.000000 0.000000 1.000000
0.818630 0.049163 0.572213 -0.039507 -0.014346 0.997769 -0.065202 -0.104059 -0.574141 0.045168 0.817509 0.021960 0.000000 0.000000 0.000000 1.000000
0.936713 0.014280 0.349807 -0.015892 0.004414 0.998607 -0.052586 -0.106500 -0.350070 0.050802 0.935345 0.014403 0.000000 0.000000 0.000000 1.000000
0.995171 -0.002879 0.098115 0.000929 0.007627 0.998816 -0.048053 -0.108930 -0.097860 0.048569 0.994014 0.014260 0.000000 0.000000 0.000000 1.000000
0.992217 -0.011446 -0.123995 0.013618 0.005966 0.998993 -0.044472 -0.111147 0.124379 0.043386 0.991286 0.017431 0.000000 0.000000 0.000000 1.000000
0.960354 -0.016336 -0.278303 0.022679 0.003251 0.998870 -0.047414 -0.112425 0.278763 0.044629 0.959322 0.016349 0.000000 0.000000 0.000000 1.000000
0.926673 -0.017626 -0.375454 0.028052 -0.007874 0.997770 -0.066276 -0.116305 0.375785 0.064373 0.924468 0.008330 0.000000 0.000000 0.000000 1.000000
0.892493 -0.025009 -0.450367 0.035107 -0.018894 0.995513 -0.092724 -0.117868 0.450665 0.091265 0.888016 -0.002618 0.000000 0.000000 0.000000 1.000000
0.858214 -0.036568 -0.511987 0.043373 -0.022778 0.993763 -0.109159 -0.118200 0.512786 0.105344 0.852029 -0.007019 0.000000 0.000000 0.000000 1.000000
0.832627 -0.042815 -0.552176 0.048678 -0.022437 0.993581 -0.110872 -0.120403 0.553379 0.104704 0.826322 -0.005611 0.000000 0.000000 0.000000 1.000000
0.810013 -0.048339 -0.584416 0.053235 -0.019455 0.993833 -0.109168 -0.123518 0.586089 0.099797 0.804077 -0.002592 0.000000 0.000000 0.000000 1.000000
0.779068 -0.055396 -0.624488 0.058408 -0.020966 0.993229 -0.114262 -0.125874 0.626589 0.102111 0.772631 -0.003088 0.000000 0.000000 0.000000 1.000000
0.746330 -0.060421 -0.662828 0.062484 -0.029877 0.991826 -0.124052 -0.126774 0.664905 0.112387 0.738424 -0.007404 0.000000 0.000000 0.000000 1.000000
0.721000 -0.068279 -0.689563 0.067220 -0.038214 0.989701 -0.137954 -0.126587 0.691881 0.125816 0.710965 -0.013762 0.000000 0.000000 0.000000 1.000000
0.702540 -0.079718 -0.707165 0.072938 -0.045618 0.986618 -0.156540 -0.125463 0.710181 0.142235 0.689502 -0.022047 0.000000 0.000000 0.000000 1.000000
0.693189 -0.087743 -0.715395 0.076658 -0.053160 0.983635 -0.172152 -0.123569 0.718793 0.157364 0.677180 -0.029394 0.000000 0.000000 0.000000 1.000000
0.701427 -0.089771 -0.707065 0.076417 -0.054691 0.982332 -0.178975 -0.121717 0.710640 0.164208 0.684125 -0.032637 0.000000 0.000000 0.000000 1.000000
0.728861 -0.088393 -0.678932 0.073200 -0.048693 0.982428 -0.180180 -0.120059 0.682928 0.164386 0.711749 -0.032823 0.000000 0.000000 0.000000 1.000000
0.765758 -0.083395 -0.637699 0.067402 -0.040095 0.983438 -0.176756 -0.118677 0.641878 0.160921 0.749732 -0.031315 0.000000 0.000000 0.000000 1.000000
0.804416 -0.076394 -0.589134 0.060221 -0.030929 0.984967 -0.169953 -0.117496 0.593261 0.154934 0.789960 -0.028840 0.000000 0.000000 0.000000 1.000000
0.845217 -0.070377 -0.529770 0.053024 -0.021712 0.985951 -0.165619 -0.115493 0.533983 0.151486 0.831814 -0.027627 0.000000 0.000000 0.000000 1.000000
0.888185 -0.063061 -0.455138 0.044830 -0.013413 0.986557 -0.162866 -0.112590 0.459290 0.150759 0.875399 -0.027929 0.000000 0.000000 0.000000 1.000000
0.929252 -0.052973 -0.365629 0.034894 -0.005136 0.987719 -0.156155 -0.109201 0.369410 0.146985 0.917568 -0.026718 0.000000 0.000000 0.000000 1.000000
0.963869 -0.041448 -0.263133 0.023913 0.002198 0.989024 -0.147737 -0.105543 0.266368 0.141821 0.953381 -0.024706 0.000000 0.000000 0.000000 1.000000
0.988261 -0.025256 -0.150672 0.010774 0.003639 0.989852 -0.142055 -0.101183 0.152731 0.139840 0.978324 -0.023619 0.000000 0.000000 0.000000 1.000000
0.999500 -0.003144 -0.031475 -0.004750 -0.001127 0.990881 -0.134737 -0.096526 0.031612 0.134705 0.990381 -0.020676 0.000000 0.000000 0.000000 1.000000
0.995369 0.019564 0.094120 -0.020088 -0.007808 0.992291 -0.123684 -0.092966 -0.095814 0.122376 0.987848 -0.015344 0.000000 0.000000 0.000000 1.000000
0.974156 0.037041 0.222819 -0.032793 -0.011780 0.993451 -0.113650 -0.089878 -0.225569 0.108088 0.968213 -0.008991 0.000000 0.000000 0.000000 1.000000
0.936073 0.052732 0.347831 -0.044192 -0.016226 0.994122 -0.107044 -0.086723 -0.351431 0.094557 0.931427 -0.002257 0.000000 0.000000 0.000000 1.000000
0.884935 0.067312 0.460824 -0.054143 -0.023213 0.994645 -0.100711 -0.083599 -0.465135 0.078426 0.881759 0.005956 0.000000 0.000000 0.000000 1.000000
0.827893 0.074174 0.555960 -0.059566 -0.028713 0.995522 -0.090060 -0.080927 -0.560151 0.058597 0.826316 0.015758 0.000000 0.000000 0.000000 1.000000
0.771111 0.071320 0.632693 -0.059623 -0.029435 0.996637 -0.076471 -0.078820 -0.636020 0.040344 0.770617 0.024661 0.000000 0.000000 0.000000 1.000000
0.718302 0.061880 0.692975 -0.055822 -0.025046 0.997691 -0.063129 -0.077659 -0.695281 0.027989 0.718193 0.030061 0.000000 0.000000 0.000000 1.000000
0.673737 0.049238 0.737329 -0.050112 -0.016383 0.998528 -0.051711 -0.077971 -0.738789 0.022760 0.673552 0.030947 0.000000 0.000000 0.000000 1.000000
0.639870 0.041301 0.767372 -0.046495 -0.010673 0.998936 -0.044864 -0.079524 -0.768409 0.020517 0.639630 0.029932 0.000000 0.000000 0.000000 1.000000
0.614068 0.040968 0.788189 -0.046424 -0.013846 0.999057 -0.041141 -0.081301 -0.789132 0.014350 0.614056 0.030472 0.000000 0.000000 0.000000 1.000000
0.590294 0.041837 0.806104 -0.046825 -0.019728 0.999105 -0.037408 -0.082286 -0.806948 0.006179 0.590591 0.031601 0.000000 0.000000 0.000000 1.000000
0.566500 0.040398 0.823071 -0.046104 -0.022016 0.999183 -0.033889 -0.082414 -0.823768 0.001077 0.566926 0.031185 0.000000 0.000000 0.000000 1.000000
0.548647 0.038054 0.835187 -0.044901 -0.023560 0.999271 -0.030054 -0.081802 -0.835722 -0.003188 0.549144 0.030340 0.000000 0.000000 0.000000 1.000000
0.537531 0.034988 0.842518 -0.043196 -0.026942 0.999341 -0.024312 -0.080581 -0.842814 -0.009631 0.538119 0.030454 0.000000 0.000000 0.000000 1.000000
0.531950 0.034075 0.846090 -0.042542 -0.029917 0.999323 -0.021437 -0.079480 -0.846247 -0.013909 0.532609 0.030306 0.000000 0.000000 0.000000 1.000000
0.528898 0.034329 0.847991 -0.042524 -0.032428 0.999269 -0.020227 -0.078639 -0.848066 -0.016801 0.529625 0.030151 0.000000 0.000000 0.000000 1.000000
0.526734 0.035064 0.849306 -0.042667 -0.034856 0.999199 -0.019636 -0.077832 -0.849315 -0.019260 0.527535 0.029819 0.000000 0.000000 0.000000 1.000000
0.525198 0.036165 0.850212 -0.042918 -0.037246 0.999116 -0.019492 -0.077023 -0.850165 -0.021430 0.526080 0.029355 0.000000 0.000000 0.000000 1.000000
0.524175 0.037560 0.850782 -0.043306 -0.039603 0.999021 -0.019704 -0.076179 -0.850689 -0.023365 0.525149 0.028794 0.000000 0.000000 0.000000 1.000000
0.523547 0.039151 0.851097 -0.043791 -0.041903 0.998918 -0.020175 -0.075320 -0.850966 -0.025101 0.524621 0.028178 0.000000 0.000000 0.000000 1.000000
0.523230 0.040819 0.851213 -0.044307 -0.044091 0.998811 -0.020794 -0.074481 -0.851050 -0.026650 0.524408 0.027527 0.000000 0.000000 0.000000 1.000000
0.523005 0.042441 0.851272 -0.044857 -0.046104 0.998706 -0.021467 -0.073683 -0.851082 -0.028019 0.524285 0.026877 0.000000 0.000000 0.000000 1.000000
0.522792 0.043872 0.851331 -0.045429 -0.047852 0.998610 -0.022076 -0.072949 -0.851116 -0.029197 0.524165 0.026252 0.000000 0.000000 0.000000 1.000000
0.522598 0.045055 0.851388 -0.045942 -0.049382 0.998526 -0.022530 -0.072282 -0.851148 -0.030269 0.524053 0.025712 0.000000 0.000000 0.000000 1.000000
0.522456 0.045878 0.851431 -0.046302 -0.050516 0.998463 -0.022803 -0.071779 -0.851168 -0.031097 0.523971 0.025317 0.000000 0.000000 0.000000 1.000000
0.522430 0.046104 0.851435 -0.046454 -0.050674 0.998451 -0.022972 -0.071717 -0.851175 -0.031144 0.523957 0.025228 0.000000 0.000000 0.000000 1.000000</float_array><technique_common><accessor source="#rigging_Yennefer-Matrix-animation-output-transform-array" count="70" stride="16"><param type="float4x4"/></accessor></technique_common></source><source id="rigging_Yennefer-Interpolations"><Name_array id="rigging_Yennefer-Interpolations-array" count="70">
 LINEAR LINEAR LINEAR LINEAR LINEAR LINEAR LINEAR LINEAR LINEAR LINEAR LINEAR
LINEAR LINEAR LINEAR LINEAR LINEAR LINEAR LINEAR LINEAR LINEAR LINEAR LINEAR LINEAR
LINEAR LINEAR LINEAR LINEAR LINEAR LINEAR LINEAR LINEAR LINEAR LINEAR LINEAR LINEAR
LINEAR LINEAR LINEAR LINEAR LINEAR LINEAR LINEAR LINEAR LINEAR LINEAR LINEAR LINEAR
LINEAR LINEAR LINEAR LINEAR LINEAR LINEAR LINEAR LINEAR LINEAR LINEAR LINEAR LINEAR
LINEAR LINEAR LINEAR LINEAR LINEAR LINEAR LINEAR LINEAR LINEAR LINEAR LINEAR</Name_array><technique_common><accessor source="#rigging_Yennefer-Interpolations-array" count="70"><param type="name"/></accessor></technique_common></source><sampler id="rigging_Yennefer-Matrix-animation-transform"><input semantic="INPUT" source="#rigging_Yennefer-Matrix-animation-input"/><input semantic="OUTPUT" source="#rigging_Yennefer-Matrix-animation-output-transform"/><input semantic="INTERPOLATION" source="#rigging_Yennefer-Interpolations"/></sampler><channel source="#rigging_Yennefer-Matrix-animation-transform" target="rigging_Yennefer/matrix"/></animation>
    <animation id="rigging_meshes-anim" name="rigging_meshes"><source id="rigging_meshes-Matrix-animation-input"><float_array id="rigging_meshes-Matrix-animation-input-array" count="70">

0.000000 0.033333 0.066667 0.100000 0.133333 0.166667 0.200000 0.233333 0.266667 0.300000 0.333333 0.366667 0.400000 0.433333 0.466667 0.500000
0.533333 0.566667 0.600000 0.633333 0.666667 0.700000 0.733333 0.766667 0.800000 0.833333 0.866667 0.900000 0.933333 0.966667 1.000000 1.033333
1.066667 1.100000 1.133333 1.166667 1.200000 1.233333 1.266667 1.300000 1.333333 1.366667 1.400000 1.433333 1.466667 1.500000 1.533333 1.566667
1.600000 1.633333 1.666667 1.700000 1.733333 1.766667 1.800000 1.833333 1.866667 1.900000 1.933333 1.966667 2.000000 2.033333 2.066667 2.100000
2.133333 2.166667 2.200000 2.233333 2.266667 2.300000</float_array><technique_common><accessor source="#rigging_meshes-Matrix-animation-input-array" count="70"><param name="TIME" type="float"/></accessor></technique_common></source><source id="rigging_meshes-Matrix-animation-output-transform"><float_array id="rigging_meshes-Matrix-animation-output-transform-array" count="1120">

1.000000 0.000000 -0.000000 0.000000 -0.000000 1.000000 0.000000 0.000000 0.000000 0.000000 1.000000 0.000000 0.000000 0.000000 0.000000 1.000000
1.000000 -0.000000 0.000000 0.000000 0.000000 1.000000 -0.000000 0.000000 0.000000 -0.000000 1.000000 0.000000 0.000000 0.000000 0.000000 1.000000
1.000000 0.000000 0.000000 0.000000 0.000000 1.000000 -0.000000 0.000000 0.000000 0.000000 1.000000 0.000000 0.000000 0.000000 0.000000 1.000000
1.000000 -0.000000 -0.000000 0.000000 0.000000 1.000000 -0.000000 0.000000 0.000000 0.000000 1.000000 0.000000 0.000000 0.000000 0.000000 1.000000
1.000000 -0.000000 0.000000 0.000000 0.000000 1.000000 0.000000 0.000000 0.000000 0.000000 1.000000 0.000000 0.000000 0.000000 0.000000 1.000000
1.000000 -0.000000 -0.000000 0.000000 0.000000 1.000000 0.000000 0.000000 0.000000 0.000000 1.000000 0.000000 0.000000 0.000000 0.000000 1.000000
1.000000 0.000000 -0.000000 0.000000 0.000000 1.000000 0.000000 0.000000 0.000000 0.000000 1.000000 0.000000 0.000000 0.000000 0.000000 1.000000
1.000000 -0.000000 0.000000 0.000000 -0.000000 1.000000 -0.000000 0.000000 0.000000 0.000000 1.000000 0.000000 0.000000 0.000000 0.000000 1.000000
1.000000 0.000000 0.000000 0.000000 0.000000 1.000000 0.000000 0.000000 0.000000 -0.000000 1.000000 0.000000 0.000000 0.000000 0.000000 1.000000
1.000000 -0.000000 0.000000 0.000000 -0.000000 1.000000 0.000000 0.000000 0.000000 0.000000 1.000000 0.000000 0.000000 0.000000 0.000000 1.000000
1.000000 -0.000000 0.000000 0.000000 0.000000 1.000000 -0.000000 0.000000 -0.000000 -0.000000 1.000000 0.000000 0.000000 0.000000 0.000000 1.000000
1.000000 0.000000 -0.000000 0.000000 0.000000 1.000000 0.000000 0.000000 -0.000000 -0.000000 1.000000 0.000000 0.000000 0.000000 0.000000 1.000000
1.000000 0.000000 -0.000000 0.000000 0.000000 1.000000 0.000000 0.000000 0.000000 0.000000 1.000000 0.000000 0.000000 0.000000 0.000000 1.000000
1.000000 -0.000000 0.000000 0.000000 -0.000000 1.000000 -0.000000 0.000000 -0.000000 -0.000000 1.000000 0.000000 0.000000 0.000000 0.000000 1.000000
1.000000 0.000000 0.000000 0.000000 -0.000000 1.000000 -0.000000 0.000000 -0.000000 -0.000000 1.000000 0.000000 0.000000 0.000000 0.000000 1.000000
1.000000 0.000000 0.000000 0.000000 -0.000000 1.000000 0.000000 0.000000 0.000000 -0.000000 1.000000 0.000000 0.000000 0.000000 0.000000 1.000000
1.000000 0.000000 -0.000000 0.000000 0.000000 1.000000 0.000000 0.000000 0.000000 0.000000 1.000000 0.000000 0.000000 0.000000 0.000000 1.000000
1.000000 0.000000 0.000000 0.000000 0.000000 1.000000 0.000000 0.000000 0.000000 -0.000000 1.000000 0.000000 0.000000 0.000000 0.000000 1.000000
1.000000 0.000000 0.000000 0.000000 -0.000000 1.000000 -0.000000 0.000000 0.000000 0.000000 1.000000 0.000000 0.000000 0.000000 0.000000 1.000000
1.000000 0.000000 0.000000 0.000000 0.000000 1.000000 0.000000 0.000000 -0.000000 0.000000 1.000000 0.000000 0.000000 0.000000 0.000000 1.000000
1.000000 0.000000 -0.000000 0.000000 -0.000000 1.000000 0.000000 0.000000 -0.000000 -0.000000 1.000000 0.000000 0.000000 0.000000 0.000000 1.000000
1.000000 0.000000 0.000000 0.000000 -0.000000 1.000000 0.000000 0.000000 0.000000 0.000000 1.000000 0.000000 0.000000 0.000000 0.000000 1.000000
1.000000 0.000000 0.000000 0.000000 0.000000 1.000000 -0.000000 0.000000 -0.000000 0.000000 1.000000 0.000000 0.000000 0.000000 0.000000 1.000000
1.000000 -0.000000 0.000000 0.000000 -0.000000 1.000000 -0.000000 0.000000 0.000000 0.000000 1.000000 0.000000 0.000000 0.000000 0.000000 1.000000
1.000000 0.000000 0.000000 0.000000 -0.000000 1.000000 0.000000 0.000000 -0.000000 0.000000 1.000000 0.000000 0.000000 0.000000 0.000000 1.000000
1.000000 -0.000000 0.000000 0.000000 0.000000 1.000000 0.000000 0.000000 0.000000 -0.000000 1.000000 0.000000 0.000000 0.000000 0.000000 1.000000
1.000000 -0.000000 -0.000000 0.000000 0.000000 1.000000 0.000000 0.000000 -0.000000 0.000000 1.000000 0.000000 0.000000 0.000000 0.000000 1.000000
1.000000 -0.000000 -0.000000 0.000000 0.000000 1.000000 0.000000 0.000000 0.000000 0.000000 1.000000 0.000000 0.000000 0.000000 0.000000 1.000000
1.000000 -0.000000 -0.000000 0.000000 0.000000 1.000000 0.000000 0.000000 -0.000000 0.000000 1.000000 0.000000 0.000000 0.000000 0.000000 1.000000
1.000000 -0.000000 -0.000000 0.000000 0.000000 1.000000 -0.000000 0.000000 0.000000 0.000000 1.000000 0.000000 0.000000 0.000000 0.000000 1.000000
1.000000 0.000000 -0.000000 0.000000 -0.000000 1.000000 -0.000000 0.000000 -0.000000 0.000000 1.000000 0.000000 0.000000 0.000000 0.000000 1.000000
1.000000 -0.000000 0.000000 0.000000 0.000000 1.000000 -0.000000 0.000000 0.000000 0.000000 1.000000 0.000000 0.000000 0.000000 0.000000 1.000000
1.000000 0.000000 0.000000 0.000000 0.000000 1.000000 -0.000000 0.000000 -0.000000 -0.000000 1.000000 0.000000 0.000000 0.000000 0.000000 1.000000
1.000000 -0.000000 0.000000 0.000000 -0.000000 1.000000 0.000000 0.000000 0.000000 0.000000 1.000000 0.000000 0.000000 0.000000 0.000000 1.000000
1.000000 -0.000000 0.000000 0.000000 -0.000000 1.000000 0.000000 0.000000 -0.000000 -0.000000 1.000000 0.000000 0.000000 0.000000 0.000000 1.000000
1.000000 0.000000 0.000000 0.000000 0.000000 1.000000 0.000000 0.000000 0.000000 0.000000 1.000000 0.000000 0.000000 0.000000 0.000000 1.000000
1.000000 -0.000000 0.000000 0.000000 -0.000000 1.000000 0.000000 0.000000 0.000000 -0.000000 1.000000 0.000000 0.000000 0.000000 0.000000 1.000000
1.000000 0.000000 -0.000000 0.000000 0.000000 1.000000 0.000000 0.000000 0.000000 0.000000 1.000000 0.000000 0.000000 0.000000 0.000000 1.000000
1.000000 -0.000000 -0.000000 0.000000 0.000000 1.000000 0.000000 0.000000 -0.000000 0.000000 1.000000 0.000000 0.000000 0.000000 0.000000 1.000000
1.000000 -0.000000 0.000000 0.000000 -0.000000 1.000000 -0.000000 0.000000 0.000000 0.000000 1.000000 0.000000 0.000000 0.000000 0.000000 1.000000
1.000000 -0.000000 0.000000 0.000000 0.000000 1.000000 0.000000 0.000000 0.000000 -0.000000 1.000000 0.000000 0.000000 0.000000 0.000000 1.000000
1.000000 0.000000 0.000000 0.000000 -0.000000 1.000000 0.000000 0.000000 -0.000000 0.000000 1.000000 0.000000 0.000000 0.000000 0.000000 1.000000
1.000000 -0.000000 -0.000000 0.000000 0.000000 1.000000 0.000000 0.000000 0.000000 0.000000 1.000000 0.000000 0.000000 0.000000 0.000000 1.000000
1.000000 0.000000 0.000000 0.000000 0.000000 1.000000 0.000000 0.000000 0.000000 0.000000 1.000000 0.000000 0.000000 0.000000 0.000000 1.000000
1.000000 -0.000000 0.000000 0.000000 0.000000 1.000000 -0.000000 0.000000 0.000000 0.000000 1.000000 0.000000 0.000000 0.000000 0.000000 1.000000
1.000000 0.000000 0.000000 0.000000 0.000000 1.000000 -0.000000 0.000000 0.000000 -0.000000 1.000000 0.000000 0.000000 0.000000 0.000000 1.000000
1.000000 -0.000000 -0.000000 0.000000 0.000000 1.000000 -0.000000 0.000000 0.000000 0.000000 1.000000 0.000000 0.000000 0.000000 0.000000 1.000000
1.000000 0.000000 0.000000 0.000000 0.000000 1.000000 -0.000000 0.000000 -0.000000 0.000000 1.000000 0.000000 0.000000 0.000000 0.000000 1.000000
1.000000 0.000000 0.000000 0.000000 -0.000000 1.000000 0.000000 0.000000 0.000000 0.000000 1.000000 0.000000 0.000000 0.000000 0.000000 1.000000
