<?xml version="1.0" encoding="utf-8"?>
<COLLADA xmlns="http://www.collada.org/2005/11/COLLADASchema" version="1.4.1">
  <asset><contributor><author>Mixamo</author><authoring_tool>COLLADA Mixamo exporter</authoring_tool><comments></comments></contributor><created>2020-05-03T22:28:34Z</created><modified>2020-05-03T22:28:34Z</modified><revision></revision><title></title><unit meter="0.010000"/><up_axis>Y_UP</up_axis></asset>
  <library_geometries>
    <geometry id="rigging_body-lib" name="rigging_bodyMesh">
      <mesh>
        <source id="rigging_body-lib-Position" name="position">
          <float_array id="rigging_body-lib-Position-array" count="0"></float_array>
          <technique_common>
            <accessor count="0" source="#rigging_body-lib-Position-array" stride="3">
              <param name="X" type="float"/>
              <param name="Y" type="float"/>
              <param name="Z" type="float"/>
            </accessor>
          </technique_common>
        </source>
        <vertices id="rigging_body-lib-Vertex">
          <input semantic="POSITION" source="#rigging_body-lib-Position"/>
        </vertices>
      </mesh>
    </geometry>
    <geometry id="rigging_Cylinder001-lib" name="rigging_Cylinder001Mesh">
      <mesh>
        <source id="rigging_Cylinder001-lib-Position" name="position">
          <float_array id="rigging_Cylinder001-lib-Position-array" count="0"></float_array>
          <technique_common>
            <accessor count="0" source="#rigging_Cylinder001-lib-Position-array" stride="3">
              <param name="X" type="float"/>
              <param name="Y" type="float"/>
              <param name="Z" type="float"/>
            </accessor>
          </technique_common>
        </source>
        <vertices id="rigging_Cylinder001-lib-Vertex">
          <input semantic="POSITION" source="#rigging_Cylinder001-lib-Position"/>
        </vertices>
      </mesh>
    </geometry>
    <geometry id="rigging_eyebrowns-lib" name="rigging_eyebrownsMesh">
      <mesh>
        <source id="rigging_eyebrowns-lib-Position" name="position">
          <float_array id="rigging_eyebrowns-lib-Position-array" count="0"></float_array>
          <technique_common>
            <accessor count="0" source="#rigging_eyebrowns-lib-Position-array" stride="3">
              <param name="X" type="float"/>
              <param name="Y" type="float"/>
              <param name="Z" type="float"/>
            </accessor>
          </technique_common>
        </source>
        <vertices id="rigging_eyebrowns-lib-Vertex">
          <input semantic="POSITION" source="#rigging_eyebrowns-lib-Position"/>
        </vertices>
      </mesh>
    </geometry>
    <geometry id="rigging_eyebrowns001-lib" name="rigging_eyebrowns001Mesh">
      <mesh>
        <source id="rigging_eyebrowns001-lib-Position" name="position">
          <float_array id="rigging_eyebrowns001-lib-Position-array" count="0"></float_array>
          <technique_common>
            <accessor count="0" source="#rigging_eyebrowns001-lib-Position-array" stride="3">
              <param name="X" type="float"/>
              <param name="Y" type="float"/>
              <param name="Z" type="float"/>
            </accessor>
          </technique_common>
        </source>
        <vertices id="rigging_eyebrowns001-lib-Vertex">
          <input semantic="POSITION" source="#rigging_eyebrowns001-lib-Position"/>
        </vertices>
      </mesh>
    </geometry>
    <geometry id="rigging_hear-lib" name="rigging_hearMesh">
      <mesh>
        <source id="rigging_hear-lib-Position" name="position">
          <float_array id="rigging_hear-lib-Position-array" count="0"></float_array>
          <technique_common>
            <accessor count="0" source="#rigging_hear-lib-Position-array" stride="3">
              <param name="X" type="float"/>
              <param name="Y" type="float"/>
              <param name="Z" type="float"/>
            </accessor>
          </technique_common>
        </source>
        <vertices id="rigging_hear-lib-Vertex">
          <input semantic="POSITION" source="#rigging_hear-lib-Position"/>
        </vertices>
      </mesh>
    </geometry>
    <geometry id="rigging_Tube001-lib" name="rigging_Tube001Mesh">
      <mesh>
        <source id="rigging_Tube001-lib-Position" name="position">
          <float_array id="rigging_Tube001-lib-Position-array" count="0"></float_array>
          <technique_common>
            <accessor count="0" source="#rigging_Tube001-lib-Position-array" stride="3">
              <param name="X" type="float"/>
              <param name="Y" type="float"/>
              <param name="Z" type="float"/>
            </accessor>
          </technique_common>
        </source>
        <vertices id="rigging_Tube001-lib-Vertex">
          <input semantic="POSITION" source="#rigging_Tube001-lib-Position"/>
        </vertices>
      </mesh>
    </geometry>
  </library_geometries>
  <library_controllers>
    <controller id="rigging_bodyController">
      <skin source="#rigging_body-lib">
        <bind_shape_matrix>1.000000 -0.000000 0.000000 0.000000 0.000000 1.000000 -0.000000 0.000000 0.000000 0.000000 1.000000 0.000000 0.000000 0.000000 0.000000 1.000000
</bind_shape_matrix>
        <source id="rigging_bodyController-Joints">
          <Name_array id="rigging_bodyController-Joints-array" count="1">
 rigging_body</Name_array>
          <technique_common>
            <accessor source="#rigging_bodyController-Joints-array" count="1">
              <param type="name"/>
            </accessor>
          </technique_common>
        </source>
        <source id="rigging_bodyController-Matrices">
          <float_array id="rigging_bodyController-Matrices-array" count="32">

1.000000 0.000000 0.000000 -0.000000 -0.000000 1.000000 0.000000 -0.000000 0.000000 -0.000000 1.000000 -0.000000 0.000000 0.000000 0.000000 1.000000
1.000000 0.000000 0.000000 -0.000000 -0.000000 1.000000 0.000000 -0.000000 0.000000 -0.000000 1.000000 -0.000000 0.000000 0.000000 0.000000 1.000000</float_array>
          <technique_common>
            <accessor source="#rigging_bodyController-Matrices-array" count="2" stride="16">
              <param type="float4x4"/>
            </accessor>
          </technique_common>
        </source>
        <source id="rigging_bodyController-Weights">
          <float_array id="rigging_bodyController-Weights-array" count="1">

1.000000</float_array>
          <technique_common>
            <accessor source="#rigging_bodyController-Weights-array" count="1">
              <param type="float"/>
            </accessor>
          </technique_common>
        </source>
        <joints>
          <input semantic="JOINT" source="#rigging_bodyController-Joints"/>
          <input semantic="INV_BIND_MATRIX" source="#rigging_bodyController-Matrices"/>
        </joints>
        <vertex_weights count="0">
          <input semantic="JOINT" offset="0" source="#rigging_bodyController-Joints"/>
          <input semantic="WEIGHT" offset="1" source="#rigging_bodyController-Weights"/>
          <vcount></vcount>
          <v></v>
        </vertex_weights>
      </skin>
    </controller>
    <controller id="rigging_Cylinder001Controller">
      <skin source="#rigging_Cylinder001-lib">
        <bind_shape_matrix>1.000000 -0.000000 0.000000 0.000000 0.000000 1.000000 -0.000000 0.000000 0.000000 0.000000 1.000000 0.000000 0.000000 0.000000 0.000000 1.000000
</bind_shape_matrix>
        <source id="rigging_Cylinder001Controller-Joints">
          <Name_array id="rigging_Cylinder001Controller-Joints-array" count="1">
 rigging_Cylinder001</Name_array>
          <technique_common>
            <accessor source="#rigging_Cylinder001Controller-Joints-array" count="1">
              <param type="name"/>
            </accessor>
          </technique_common>
        </source>
        <source id="rigging_Cylinder001Controller-Matrices">
          <float_array id="rigging_Cylinder001Controller-Matrices-array" count="32">

1.000000 0.000000 0.000000 -0.000000 -0.000000 1.000000 0.000000 -0.000000 0.000000 -0.000000 1.000000 -0.000000 0.000000 0.000000 0.000000 1.000000
1.000000 0.000000 0.000000 -0.000000 -0.000000 1.000000 0.000000 -0.000000 0.000000 -0.000000 1.000000 -0.000000 0.000000 0.000000 0.000000 1.000000</float_array>
          <technique_common>
            <accessor source="#rigging_Cylinder001Controller-Matrices-array" count="2" stride="16">
              <param type="float4x4"/>
            </accessor>
          </technique_common>
        </source>
        <source id="rigging_Cylinder001Controller-Weights">
          <float_array id="rigging_Cylinder001Controller-Weights-array" count="1">

1.000000</float_array>
          <technique_common>
            <accessor source="#rigging_Cylinder001Controller-Weights-array" count="1">
              <param type="float"/>
            </accessor>
          </technique_common>
        </source>
        <joints>
          <input semantic="JOINT" source="#rigging_Cylinder001Controller-Joints"/>
          <input semantic="INV_BIND_MATRIX" source="#rigging_Cylinder001Controller-Matrices"/>
        </joints>
        <vertex_weights count="0">
          <input semantic="JOINT" offset="0" source="#rigging_Cylinder001Controller-Joints"/>
          <input semantic="WEIGHT" offset="1" source="#rigging_Cylinder001Controller-Weights"/>
          <vcount></vcount>
          <v></v>
        </vertex_weights>
      </skin>
    </controller>
    <controller id="rigging_eyebrownsController">
      <skin source="#rigging_eyebrowns-lib">
        <bind_shape_matrix>1.000000 -0.000000 0.000000 0.000000 0.000000 1.000000 -0.000000 0.000000 0.000000 0.000000 1.000000 0.000000 0.000000 0.000000 0.000000 1.000000
</bind_shape_matrix>
        <source id="rigging_eyebrownsController-Joints">
          <Name_array id="rigging_eyebrownsController-Joints-array" count="1">
 rigging_eyebrowns</Name_array>
          <technique_common>
            <accessor source="#rigging_eyebrownsController-Joints-array" count="1">
              <param type="name"/>
            </accessor>
          </technique_common>
        </source>
        <source id="rigging_eyebrownsController-Matrices">
          <float_array id="rigging_eyebrownsController-Matrices-array" count="32">

1.000000 0.000000 0.000000 -0.000000 -0.000000 1.000000 0.000000 -0.000000 0.000000 -0.000000 1.000000 -0.000000 0.000000 0.000000 0.000000 1.000000
1.000000 0.000000 0.000000 -0.000000 -0.000000 1.000000 0.000000 -0.000000 0.000000 -0.000000 1.000000 -0.000000 0.000000 0.000000 0.000000 1.000000</float_array>
          <technique_common>
            <accessor source="#rigging_eyebrownsController-Matrices-array" count="2" stride="16">
              <param type="float4x4"/>
            </accessor>
          </technique_common>
        </source>
        <source id="rigging_eyebrownsController-Weights">
          <float_array id="rigging_eyebrownsController-Weights-array" count="1">

1.000000</float_array>
          <technique_common>
            <accessor source="#rigging_eyebrownsController-Weights-array" count="1">
              <param type="float"/>
            </accessor>
          </technique_common>
        </source>
        <joints>
          <input semantic="JOINT" source="#rigging_eyebrownsController-Joints"/>
          <input semantic="INV_BIND_MATRIX" source="#rigging_eyebrownsController-Matrices"/>
        </joints>
        <vertex_weights count="0">
          <input semantic="JOINT" offset="0" source="#rigging_eyebrownsController-Joints"/>
          <input semantic="WEIGHT" offset="1" source="#rigging_eyebrownsController-Weights"/>
          <vcount></vcount>
          <v></v>
        </vertex_weights>
      </skin>
    </controller>
    <controller id="rigging_eyebrowns001Controller">
      <skin source="#rigging_eyebrowns001-lib">
        <bind_shape_matrix>1.000000 -0.000000 0.000000 0.000000 0.000000 1.000000 -0.000000 0.000000 0.000000 0.000000 1.000000 0.000000 0.000000 0.000000 0.000000 1.000000
</bind_shape_matrix>
        <source id="rigging_eyebrowns001Controller-Joints">
          <Name_array id="rigging_eyebrowns001Controller-Joints-array" count="1">
 rigging_eyebrowns001</Name_array>
          <technique_common>
            <accessor source="#rigging_eyebrowns001Controller-Joints-array" count="1">
              <param type="name"/>
            </accessor>
          </technique_common>
        </source>
        <source id="rigging_eyebrowns001Controller-Matrices">
          <float_array id="rigging_eyebrowns001Controller-Matrices-array" count="32">

1.000000 0.000000 0.000000 -0.000000 -0.000000 1.000000 0.000000 -0.000000 0.000000 -0.000000 1.000000 -0.000000 0.000000 0.000000 0.000000 1.000000
1.000000 0.000000 0.000000 -0.000000 -0.000000 1.000000 0.000000 -0.000000 0.000000 -0.000000 1.000000 -0.000000 0.000000 0.000000 0.000000 1.000000</float_array>
          <technique_common>
            <accessor source="#rigging_eyebrowns001Controller-Matrices-array" count="2" stride="16">
              <param type="float4x4"/>
            </accessor>
          </technique_common>
        </source>
        <source id="rigging_eyebrowns001Controller-Weights">
          <float_array id="rigging_eyebrowns001Controller-Weights-array" count="1">

1.000000</float_array>
          <technique_common>
            <accessor source="#rigging_eyebrowns001Controller-Weights-array" count="1">
              <param type="float"/>
            </accessor>
          </technique_common>
        </source>
        <joints>
          <input semantic="JOINT" source="#rigging_eyebrowns001Controller-Joints"/>
          <input semantic="INV_BIND_MATRIX" source="#rigging_eyebrowns001Controller-Matrices"/>
        </joints>
        <vertex_weights count="0">
          <input semantic="JOINT" offset="0" source="#rigging_eyebrowns001Controller-Joints"/>
          <input semantic="WEIGHT" offset="1" source="#rigging_eyebrowns001Controller-Weights"/>
          <vcount></vcount>
          <v></v>
        </vertex_weights>
      </skin>
    </controller>
    <controller id="rigging_hearController">
      <skin source="#rigging_hear-lib">
        <bind_shape_matrix>1.000000 -0.000000 0.000000 0.000000 0.000000 1.000000 -0.000000 0.000000 0.000000 0.000000 1.000000 0.000000 0.000000 0.000000 0.000000 1.000000
</bind_shape_matrix>
        <source id="rigging_hearController-Joints">
          <Name_array id="rigging_hearController-Joints-array" count="1">
 rigging_hear</Name_array>
          <technique_common>
            <accessor source="#rigging_hearController-Joints-array" count="1">
              <param type="name"/>
            </accessor>
          </technique_common>
        </source>
        <source id="rigging_hearController-Matrices">
          <float_array id="rigging_hearController-Matrices-array" count="32">

1.000000 0.000000 0.000000 -0.000000 -0.000000 1.000000 0.000000 -0.000000 0.000000 -0.000000 1.000000 -0.000000 0.000000 0.000000 0.000000 1.000000
1.000000 0.000000 0.000000 -0.000000 -0.000000 1.000000 0.000000 -0.000000 0.000000 -0.000000 1.000000 -0.000000 0.000000 0.000000 0.000000 1.000000</float_array>
          <technique_common>
            <accessor source="#rigging_hearController-Matrices-array" count="2" stride="16">
              <param type="float4x4"/>
            </accessor>
          </technique_common>
        </source>
        <source id="rigging_hearController-Weights">
          <float_array id="rigging_hearController-Weights-array" count="1">

1.000000</float_array>
          <technique_common>
            <accessor source="#rigging_hearController-Weights-array" count="1">
              <param type="float"/>
            </accessor>
          </technique_common>
        </source>
        <joints>
          <input semantic="JOINT" source="#rigging_hearController-Joints"/>
          <input semantic="INV_BIND_MATRIX" source="#rigging_hearController-Matrices"/>
        </joints>
        <vertex_weights count="0">
          <input semantic="JOINT" offset="0" source="#rigging_hearController-Joints"/>
          <input semantic="WEIGHT" offset="1" source="#rigging_hearController-Weights"/>
          <vcount></vcount>
          <v></v>
        </vertex_weights>
      </skin>
    </controller>
    <controller id="rigging_Tube001Controller">
      <skin source="#rigging_Tube001-lib">
        <bind_shape_matrix>1.000000 -0.000000 0.000000 0.000000 0.000000 1.000000 -0.000000 0.000000 0.000000 0.000000 1.000000 0.000000 0.000000 0.000000 0.000000 1.000000
</bind_shape_matrix>
        <source id="rigging_Tube001Controller-Joints">
          <Name_array id="rigging_Tube001Controller-Joints-array" count="1">
 rigging_Tube001</Name_array>
          <technique_common>
            <accessor source="#rigging_Tube001Controller-Joints-array" count="1">
              <param type="name"/>
            </accessor>
          </technique_common>
        </source>
        <source id="rigging_Tube001Controller-Matrices">
          <float_array id="rigging_Tube001Controller-Matrices-array" count="32">

1.000000 0.000000 0.000000 -0.000000 -0.000000 1.000000 0.000000 -0.000000 0.000000 -0.000000 1.000000 -0.000000 0.000000 0.000000 0.000000 1.000000
1.000000 0.000000 0.000000 -0.000000 -0.000000 1.000000 0.000000 -0.000000 0.000000 -0.000000 1.000000 -0.000000 0.000000 0.000000 0.000000 1.000000</float_array>
          <technique_common>
            <accessor source="#rigging_Tube001Controller-Matrices-array" count="2" stride="16">
              <param type="float4x4"/>
            </accessor>
          </technique_common>
        </source>
        <source id="rigging_Tube001Controller-Weights">
          <float_array id="rigging_Tube001Controller-Weights-array" count="1">

1.000000</float_array>
          <technique_common>
            <accessor source="#rigging_Tube001Controller-Weights-array" count="1">
              <param type="float"/>
            </accessor>
          </technique_common>
        </source>
        <joints>
          <input semantic="JOINT" source="#rigging_Tube001Controller-Joints"/>
          <input semantic="INV_BIND_MATRIX" source="#rigging_Tube001Controller-Matrices"/>
        </joints>
        <vertex_weights count="0">
          <input semantic="JOINT" offset="0" source="#rigging_Tube001Controller-Joints"/>
          <input semantic="WEIGHT" offset="1" source="#rigging_Tube001Controller-Weights"/>
          <vcount></vcount>
          <v></v>
        </vertex_weights>
      </skin>
    </controller>
  </library_controllers>
  <library_animations>
    <animation id="rigging_Yennefer-anim" name="rigging_Yennefer"><source id="rigging_Yennefer-Matrix-animation-input"><float_array id="rigging_Yennefer-Matrix-animation-input-array" count="101">

0.000000 0.033333 0.066667 0.100000 0.133333 0.166667 0.200000 0.233333 0.266667 0.300000 0.333333 0.366667 0.400000 0.433333 0.466667 0.500000
0.533333 0.566667 0.600000 0.633333 0.666667 0.700000 0.733333 0.766667 0.800000 0.833333 0.866667 0.900000 0.933333 0.966667 1.000000 1.033333
1.066667 1.100000 1.133333 1.166667 1.200000 1.233333 1.266667 1.300000 1.333333 1.366667 1.400000 1.433333 1.466667 1.500000 1.533333 1.566667
1.600000 1.633333 1.666667 1.700000 1.733333 1.766667 1.800000 1.833333 1.866667 1.900000 1.933333 1.966667 2.000000 2.033333 2.066667 2.100000
2.133333 2.166667 2.200000 2.233333 2.266667 2.300000 2.333333 2.366667 2.400000 2.433333 2.466667 2.500000 2.533333 2.566667 2.600000 2.633333
2.666667 2.700000 2.733333 2.766667 2.800000 2.833333 2.866667 2.900000 2.933333 2.966667 3.000000 3.033333 3.066667 3.100000 3.133333 3.166667
3.200000 3.233333 3.266667 3.300000 3.333333</float_array><technique_common><accessor source="#rigging_Yennefer-Matrix-animation-input-array" count="101"><param name="TIME" type="float"/></accessor></technique_common></source><source id="rigging_Yennefer-Matrix-animation-output-transform"><float_array id="rigging_Yennefer-Matrix-animation-output-transform-array" count="1616">

0.522400 -0.064674 -0.850244 0.031270 0.084072 0.996168 -0.024119 -0.071612 0.848546 -0.058882 0.525836 -0.004539 0.000000 0.000000 0.000000 1.000000
0.557101 -0.072785 -0.827249 0.033873 0.072313 0.996620 -0.038988 -0.074555 0.827290 -0.038101 0.560481 -0.015617 0.000000 0.000000 0.000000 1.000000
0.604954 -0.079728 -0.792259 0.034426 0.059744 0.996715 -0.054684 -0.078720 0.794016 -0.014251 0.607730 -0.029344 0.000000 0.000000 0.000000 1.000000
0.654786 -0.083724 -0.751163 0.031742 0.052638 0.996484 -0.065182 -0.084513 0.753979 0.003141 0.656890 -0.041173 0.000000 0.000000 0.000000 1.000000
0.700292 -0.073906 -0.710020 0.021414 0.048249 0.997252 -0.056216 -0.092087 0.712224 0.005110 0.701934 -0.046378 0.000000 0.000000 0.000000 1.000000
0.739830 -0.044252 -0.671337 0.001905 0.045375 0.998845 -0.015836 -0.099849 0.671262 -0.018746 0.740983 -0.039491 0.000000 0.000000 0.000000 1.000000
0.768139 -0.008514 -0.640227 -0.019375 0.046833 0.997980 0.042919 -0.104645 0.638568 -0.062951 0.766986 -0.022681 0.000000 0.000000 0.000000 1.000000
0.781769 0.022741 -0.623153 -0.037233 0.053218 0.993255 0.103012 -0.104191 0.621293 -0.113695 0.775286 -0.001849 0.000000 0.000000 0.000000 1.000000
0.784311 0.056948 -0.617749 -0.055855 0.060128 0.984111 0.167062 -0.097544 0.617447 -0.168172 0.768425 0.021932 0.000000 0.000000 0.000000 1.000000
0.784702 0.091488 -0.613085 -0.074639 0.062441 0.972351 0.225020 -0.085757 0.616720 -0.214855 0.757293 0.043443 0.000000 0.000000 0.000000 1.000000
0.786692 0.110468 -0.607382 -0.086751 0.064193 0.963889 0.258452 -0.072919 0.613999 -0.242312 0.751192 0.056714 0.000000 0.000000 0.000000 1.000000
0.790363 0.113249 -0.602081 -0.091800 0.068939 0.960083 0.271086 -0.061384 0.608748 -0.255764 0.751006 0.063814 0.000000 0.000000 0.000000 1.000000
0.800751 0.116832 -0.587493 -0.097063 0.069715 0.955951 0.285127 -0.049607 0.594926 -0.269273 0.757334 0.071838 0.000000 0.000000 0.000000 1.000000
0.817137 0.126584 -0.562374 -0.104779 0.063323 0.949975 0.305839 -0.037531 0.572955 -0.285523 0.768244 0.082247 0.000000 0.000000 0.000000 1.000000
0.832838 0.123131 -0.539648 -0.105712 0.059718 0.949265 0.308756 -0.030760 0.550286 -0.289370 0.783231 0.087537 0.000000 0.000000 0.000000 1.000000
0.844964 0.103002 -0.524811 -0.098154 0.064562 0.954459 0.291274 -0.029107 0.530913 -0.279999 0.799833 0.086603 0.000000 0.000000 0.000000 1.000000
0.852203 0.087088 -0.515913 -0.091311 0.066128 0.960215 0.271320 -0.029443 0.519016 -0.265336 0.812539 0.083627 0.000000 0.000000 0.000000 1.000000
0.855469 0.078311 -0.511899 -0.086574 0.060962 0.966398 0.249717 -0.030981 0.514254 -0.244831 0.821949 0.078659 0.000000 0.000000 0.000000 1.000000
0.856264 0.069266 -0.511874 -0.081072 0.054789 0.973199 0.223343 -0.033296 0.513625 -0.219285 0.829520 0.072313 0.000000 0.000000 0.000000 1.000000
0.857842 0.060616 -0.510326 -0.075366 0.047201 0.979529 0.195691 -0.035900 0.511742 -0.191960 0.837420 0.066021 0.000000 0.000000 0.000000 1.000000
0.863364 0.051497 -0.501947 -0.068872 0.038798 0.985058 0.167794 -0.039089 0.503088 -0.164342 0.848466 0.059720 0.000000 0.000000 0.000000 1.000000
0.878269 0.041319 -0.476378 -0.062036 0.028161 0.990061 0.137792 -0.042688 0.477337 -0.134434 0.868376 0.052586 0.000000 0.000000 0.000000 1.000000
0.906541 0.032465 -0.420868 -0.057406 0.011665 0.994731 0.101856 -0.046634 0.421957 -0.097246 0.901385 0.042547 0.000000 0.000000 0.000000 1.000000
0.941657 0.027291 -0.335467 -0.056491 -0.007392 0.998144 0.060452 -0.050225 0.336494 -0.054445 0.940110 0.029869 0.000000 0.000000 0.000000 1.000000
0.972685 0.018038 -0.231427 -0.055602 -0.016696 0.999831 0.007755 -0.053703 0.231527 -0.003680 0.972821 0.013053 0.000000 0.000000 0.000000 1.000000
0.992699 -0.009347 -0.120257 -0.048697 0.001869 0.998065 -0.062146 -0.057839 0.120605 0.061467 0.990796 -0.011235 0.000000 0.000000 0.000000 1.000000
0.998723 -0.037047 -0.034349 -0.042095 0.032596 0.991977 -0.122143 -0.062001 0.038598 0.120867 0.991918 -0.034431 0.000000 0.000000 0.000000 1.000000
0.998959 -0.045515 -0.002901 -0.041736 0.044686 0.989515 -0.137345 -0.069458 0.009122 0.137072 0.990519 -0.037794 0.000000 0.000000 0.000000 1.000000
0.998691 -0.043940 0.026166 -0.044768 0.046772 0.991690 -0.119843 -0.083566 -0.020682 0.120910 0.992448 -0.024287 0.000000 0.000000 0.000000 1.000000
0.994597 -0.041307 0.095244 -0.049296 0.053191 0.990626 -0.125823 -0.098854 -0.089154 0.130209 0.987470 -0.020138 0.000000 0.000000 0.000000 1.000000
0.988070 -0.028160 0.151408 -0.056729 0.050546 0.987977 -0.146105 -0.108019 -0.145474 0.152015 0.977614 -0.019517 0.000000 0.000000 0.000000 1.000000
0.987656 -0.025079 0.154616 -0.056193 0.044733 0.991150 -0.124981 -0.115062 -0.150114 0.130354 0.980038 -0.001044 0.000000 0.000000 0.000000 1.000000
0.992546 -0.024605 0.119361 -0.052793 0.036506 0.994460 -0.098570 -0.121818 -0.116274 0.102193 0.987946 0.015524 0.000000 0.000000 0.000000 1.000000
0.996624 -0.029982 0.076429 -0.046702 0.037827 0.993924 -0.103364 -0.124881 -0.072865 0.105906 0.991703 0.015669 0.000000 0.000000 0.000000 1.000000
0.997619 -0.035128 0.059343 -0.041198 0.041439 0.993209 -0.108715 -0.126019 -0.055121 0.110916 0.992300 0.014650 0.000000 0.000000 0.000000 1.000000
0.997492 -0.037273 0.060174 -0.038025 0.043902 0.992636 -0.112900 -0.126167 -0.055523 0.115259 0.991783 0.013001 0.000000 0.000000 0.000000 1.000000
0.997681 -0.040711 0.054550 -0.035044 0.046979 0.991777 -0.119042 -0.125084 -0.049255 0.121328 0.991390 0.010358 0.000000 0.000000 0.000000 1.000000
0.997907 -0.042903 0.048377 -0.033161 0.048796 0.990564 -0.128072 -0.123370 -0.042426 0.130165 0.990584 0.006732 0.000000 0.000000 0.000000 1.000000
0.998067 -0.043016 0.044860 -0.032645 0.048769 0.989476 -0.136229 -0.121556 -0.038528 0.138154 0.989661 0.003479 0.000000 0.000000 0.000000 1.000000
0.998400 -0.041298 0.038615 -0.033170 0.046384 0.988816 -0.141746 -0.119659 -0.032330 0.143311 0.989150 0.001702 0.000000 0.000000 0.000000 1.000000
0.998512 -0.040739 0.036240 -0.033407 0.045622 0.988213 -0.146128 -0.117874 -0.029860 0.147564 0.988602 0.000882 0.000000 0.000000 0.000000 1.000000
0.998357 -0.040223 0.040802 -0.033549 0.045819 0.988065 -0.147062 -0.116730 -0.034399 0.148690 0.988285 0.001730 0.000000 0.000000 0.000000 1.000000
0.998220 -0.039400 0.044774 -0.033574 0.045594 0.988080 -0.147035 -0.116051 -0.038447 0.148815 0.988117 0.002925 0.000000 0.000000 0.000000 1.000000
0.998286 -0.039184 0.043470 -0.033201 0.045260 0.987804 -0.148982 -0.115436 -0.037102 0.150694 0.987884 0.003089 0.000000 0.000000 0.000000 1.000000
0.998415 -0.039515 0.040077 -0.032707 0.045184 0.987323 -0.152159 -0.115042 -0.033556 0.153729 0.987543 0.002417 0.000000 0.000000 0.000000 1.000000
0.998495 -0.039147 0.038402 -0.032723 0.044680 0.986775 -0.155815 -0.114795 -0.031795 0.157296 0.987039 0.001181 0.000000 0.000000 0.000000 1.000000
0.998439 -0.037799 0.041131 -0.033321 0.043845 0.986506 -0.157748 -0.114604 -0.034613 0.159305 0.986622 0.000626 0.000000 0.000000 0.000000 1.000000
0.998464 -0.036543 0.041648 -0.034020 0.042677 0.986603 -0.157460 -0.114566 -0.035336 0.158996 0.986647 0.000841 0.000000 0.000000 0.000000 1.000000
0.998578 -0.036550 0.038809 -0.034025 0.042213 0.986716 -0.156872 -0.114549 -0.032560 0.158287 0.986856 0.000960 0.000000 0.000000 0.000000 1.000000
0.998630 -0.036071 0.037921 -0.034248 0.041575 0.986857 -0.156159 -0.114645 -0.031790 0.157522 0.987004 0.000955 0.000000 0.000000 0.000000 1.000000
0.998753 -0.036638 0.033908 -0.034264 0.041458 0.987120 -0.154518 -0.114892 -0.027810 0.155731 0.987408 0.001078 0.000000 0.000000 0.000000 1.000000
0.998940 -0.036499 0.028041 -0.034538 0.040354 0.987527 -0.152190 -0.115190 -0.022136 0.153160 0.987953 0.001606 0.000000 0.000000 0.000000 1.000000
0.998987 -0.035149 0.028083 -0.035459 0.038979 0.987895 -0.150149 -0.115730 -0.022465 0.151091 0.988265 0.002217 0.000000 0.000000 0.000000 1.000000
0.998825 -0.037393 0.030840 -0.035027 0.041545 0.988211 -0.147356 -0.116650 -0.024967 0.148465 0.988603 0.003079 0.000000 0.000000 0.000000 1.000000
0.998791 -0.040306 0.028149 -0.034133 0.043956 0.988588 -0.144091 -0.117639 -0.022020 0.145154 0.989164 0.003972 0.000000 0.000000 0.000000 1.000000
0.998754 -0.040055 0.029775 -0.034558 0.043895 0.988878 -0.142106 -0.118474 -0.023751 0.143236 0.989404 0.004560 0.000000 0.000000 0.000000 1.000000
0.998399 -0.039520 0.040467 -0.035286 0.044761 0.989408 -0.138090 -0.119611 -0.034581 0.139680 0.989593 0.006149 0.000000 0.000000 0.000000 1.000000
0.998162 -0.040653 0.044945 -0.035081 0.046276 0.990153 -0.132123 -0.120995 -0.039131 0.133960 0.990214 0.008318 0.000000 0.000000 0.000000 1.000000
0.998244 -0.041392 0.042383 -0.034621 0.046616 0.990316 -0.130771 -0.121944 -0.036560 0.132517 0.990506 0.008352 0.000000 0.000000 0.000000 1.000000
0.998110 -0.041001 0.045780 -0.034757 0.046749 0.990077 -0.132525 -0.122522 -0.039892 0.134415 0.990122 0.006933 0.000000 0.000000 0.000000 1.000000
0.997868 -0.041148 0.050664 -0.034768 0.047575 0.989973 -0.133006 -0.122968 -0.044683 0.135133 0.989819 0.005778 0.000000 0.000000 0.000000 1.000000
0.998053 -0.039126 0.048566 -0.035400 0.045308 0.990008 -0.133530 -0.123063 -0.042856 0.135471 0.989854 0.004522 0.000000 0.000000 0.000000 1.000000
0.998360 -0.036107 0.044423 -0.036225 0.041791 0.990031 -0.134510 -0.122853 -0.039123 0.136145 0.989916 0.003217 0.000000 0.000000 0.000000 1.000000
0.998548 -0.034857 0.041073 -0.036223 0.040124 0.989989 -0.135319 -0.122655 -0.035945 0.136771 0.989950 0.002055 0.000000 0.000000 0.000000 1.000000
0.998748 -0.033126 0.037492 -0.036347 0.037910 0.990107 -0.135095 -0.122552 -0.032646 0.136348 0.990123 0.001513 0.000000 0.000000 0.000000 1.000000
0.998878 -0.031248 0.035598 -0.036381 0.035796 0.990162 -0.135273 -0.122542 -0.031021 0.136395 0.990169 0.001042 0.000000 0.000000 0.000000 1.000000
0.998945 -0.031703 0.033220 -0.035201 0.035946 0.990045 -0.136081 -0.122725 -0.028575 0.137132 0.990141 0.000434 0.000000 0.000000 0.000000 1.000000
0.999005 -0.033571 0.029348 -0.033317 0.037286 0.989883 -0.136900 -0.122971 -0.024456 0.137858 0.990150 -0.000064 0.000000 0.000000 0.000000 1.000000
0.999119 -0.035590 0.022262 -0.031285 0.038341 0.989588 -0.138726 -0.123004 -0.017093 0.139457 0.990081 -0.000735 0.000000 0.000000 0.000000 1.000000
0.999204 -0.037752 0.012912 -0.029151 0.039168 0.989787 -0.137068 -0.123034 -0.007605 0.137464 0.990478 0.000556 0.000000 0.000000 0.000000 1.000000
0.999236 -0.037943 0.009404 -0.028138 0.038858 0.990346 -0.133060 -0.123152 -0.004264 0.133324 0.991063 0.002970 0.000000 0.000000 0.000000 1.000000
0.999293 -0.036156 0.010341 -0.028426 0.037216 0.990306 -0.133823 -0.123170 -0.005402 0.134113 0.990951 0.002809 0.000000 0.000000 0.000000 1.000000
0.999342 -0.034956 0.009724 -0.028800 0.035968 0.989664 -0.138820 -0.123149 -0.004771 0.139078 0.990270 0.000309 0.000000 0.000000 0.000000 1.000000
0.999340 -0.035073 0.009410 -0.028729 0.036061 0.988996 -0.143477 -0.123246 -0.004275 0.143722 0.989609 -0.002139 0.000000 0.000000 0.000000 1.000000
0.999303 -0.035991 0.009947 -0.028320 0.037053 0.988758 -0.144858 -0.123431 -0.004621 0.145126 0.989402 -0.003033 0.000000 0.000000 0.000000 1.000000
0.999316 -0.036055 0.008208 -0.028187 0.036861 0.988929 -0.143736 -0.123281 -0.002934 0.143940 0.989582 -0.002820 0.000000 0.000000 0.000000 1.000000
0.999330 -0.036590 0.000462 -0.027550 0.036293 0.989456 -0.140213 -0.122548 0.004673 0.140136 0.990121 -0.001558 0.000000 0.000000 0.000000 1.000000
0.998947 -0.039543 -0.023286 -0.024960 0.036227 0.991014 -0.128760 -0.121358 0.028168 0.127781 0.991402 0.003491 0.000000 0.000000 0.000000 1.000000
0.996645 -0.040973 -0.070855 -0.021518 0.033791 0.994439 -0.099744 -0.119951 0.074548 0.097015 0.992487 0.015838 0.000000 0.000000 0.000000 1.000000
0.990763 -0.035630 -0.130840 -0.019935 0.028629 0.998075 -0.055008 -0.118300 0.132548 0.050755 0.989876 0.033675 0.000000 0.000000 0.000000 1.000000
0.979669 -0.028870 -0.198535 -0.018204 0.028511 0.999583 -0.004668 -0.115518 0.198587 -0.001088 0.980083 0.054022 0.000000 0.000000 0.000000 1.000000
0.957045 -0.018482 -0.289350 -0.016735 0.034382 0.998159 0.049962 -0.110147 0.287894 -0.057764 0.955919 0.077331 0.000000 0.000000 0.000000 1.000000
0.916733 -0.003892 -0.399482 -0.016699 0.046892 0.994089 0.097922 -0.102430 0.396740 -0.108501 0.911496 0.097507 0.000000 0.000000 0.000000 1.000000
0.862390 0.005939 -0.506210 -0.015643 0.066418 0.989961 0.124766 -0.094407 0.501869 -0.141219 0.853337 0.108076 0.000000 0.000000 0.000000 1.000000
0.801776 0.006149 -0.597592 -0.012380 0.088461 0.987711 0.128850 -0.088431 0.591041 -0.156173 0.791379 0.108101 0.000000 0.000000 0.000000 1.000000
0.741123 0.000606 -0.671369 -0.008273 0.109190 0.986577 0.121425 -0.084725 0.662431 -0.163298 0.731108 0.102123 0.000000 0.000000 0.000000 1.000000
0.685436 -0.002920 -0.728127 -0.005553 0.121241 0.986490 0.110176 -0.082802 0.717968 -0.163798 0.676530 0.092016 0.000000 0.000000 0.000000 1.000000
0.633897 -0.008601 -0.773370 -0.001398 0.124650 0.988002 0.091182 -0.081852 0.763307 -0.154200 0.627364 0.077178 0.000000 0.000000 0.000000 1.000000
0.588281 -0.013217 -0.808549 0.002409 0.121253 0.990004 0.072038 -0.081126 0.799514 -0.140417 0.584003 0.061163 0.000000 0.000000 0.000000 1.000000
0.553374 -0.014724 -0.832803 0.004510 0.113533 0.991845 0.057904 -0.080055 0.825159 -0.126593 0.550533 0.046605 0.000000 0.000000 0.000000 1.000000
0.531118 -0.016572 -0.847136 0.006279 0.103601 0.993577 0.045517 -0.077993 0.840940 -0.111939 0.529423 0.033354 0.000000 0.000000 0.000000 1.000000
0.524878 -0.019444 -0.850955 0.007783 0.092258 0.995149 0.034167 -0.075624 0.846163 -0.096441 0.524126 0.021166 0.000000 0.000000 0.000000 1.000000
0.531231 -0.032647 -0.846598 0.013725 0.086906 0.996086 0.016121 -0.073527 0.842758 -0.082138 0.531989 0.010828 0.000000 0.000000 0.000000 1.000000
0.535814 -0.048061 -0.842967 0.020910 0.086058 0.996288 -0.002102 -0.072198 0.839939 -0.071418 0.537961 0.003239 0.000000 0.000000 0.000000 1.000000
0.534795 -0.057476 -0.843025 0.025675 0.086498 0.996167 -0.013044 -0.071046 0.840543 -0.065944 0.537716 -0.001186 0.000000 0.000000 0.000000 1.000000
0.531946 -0.063189 -0.844418 0.028956 0.088140 0.995927 -0.019002 -0.070648 0.842179 -0.064319 0.535348 -0.003454 0.000000 0.000000 0.000000 1.000000
0.527673 -0.067028 -0.846799 0.031477 0.088986 0.995759 -0.023368 -0.070965 0.844774 -0.063023 0.531400 -0.005055 0.000000 0.000000 0.000000 1.000000
0.520514 -0.068396 -0.851110 0.032774 0.087412 0.995818 -0.026566 -0.071387 0.849367 -0.060569 0.524316 -0.006271 0.000000 0.000000 0.000000 1.000000
0.514606 -0.069570 -0.854600 0.033676 0.086543 0.995827 -0.028955 -0.071682 0.853048 -0.059059 0.518480 -0.006541 0.000000 0.000000 0.000000 1.000000
0.515471 -0.068060 -0.854200 0.032969 0.085548 0.995948 -0.027730 -0.071833 0.852626 -0.058781 0.519205 -0.005935 0.000000 0.000000 0.000000 1.000000
0.521735 -0.064924 -0.850633 0.031397 0.084195 0.996151 -0.024389 -0.071647 0.848942 -0.058895 0.525193 -0.004671 0.000000 0.000000 0.000000 1.000000</float_array><technique_common><accessor source="#rigging_Yennefer-Matrix-animation-output-transform-array" count="101" stride="16"><param type="float4x4"/></accessor></technique_common></source><source id="rigging_Yennefer-Interpolations"><Name_array id="rigging_Yennefer-Interpolations-array" count="101">
 LINEAR LINEAR LINEAR LINEAR LINEAR LINEAR LINEAR LINEAR LINEAR LINEAR LINEAR
LINEAR LINEAR LINEAR LINEAR LINEAR LINEAR LINEAR LINEAR LINEAR LINEAR LINEAR LINEAR
LINEAR LINEAR LINEAR LINEAR LINEAR LINEAR LINEAR LINEAR LINEAR LINEAR LINEAR LINEAR
LINEAR LINEAR LINEAR LINEAR LINEAR LINEAR LINEAR LINEAR LINEAR LINEAR LINEAR LINEAR
LINEAR LINEAR LINEAR LINEAR LINEAR LINEAR LINEAR LINEAR LINEAR LINEAR LINEAR LINEAR
LINEAR LINEAR LINEAR LINEAR LINEAR LINEAR LINEAR LINEAR LINEAR LINEAR LINEAR LINEAR
LINEAR LINEAR LINEAR LINEAR LINEAR LINEAR LINEAR LINEAR LINEAR LINEAR LINEAR LINEAR
LINEAR LINEAR LINEAR LINEAR LINEAR LINEAR LINEAR LINEAR LINEAR LINEAR LINEAR LINEAR
LINEAR LINEAR LINEAR LINEAR LINEAR LINEAR</Name_array><technique_common><accessor source="#rigging_Yennefer-Interpolations-array" count="101"><param type="name"/></accessor></technique_common></source><sampler id="rigging_Yennefer-Matrix-animation-transform"><input semantic="INPUT" source="#rigging_Yennefer-Matrix-animation-input"/><input semantic="OUTPUT" source="#rigging_Yennefer-Matrix-animation-output-transform"/><input semantic="INTERPOLATION" source="#rigging_Yennefer-Interpolations"/></sampler><channel source="#rigging_Yennefer-Matrix-animation-transform" target="rigging_Yennefer/matrix"/></animation>
    <animation id="rigging_meshes-anim" name="rigging_meshes"><source id="rigging_meshes-Matrix-animation-input"><float_array id="rigging_meshes-Matrix-animation-input-array" count="101">

0.000000 0.033333 0.066667 0.100000 0.133333 0.166667 0.200000 0.233333 0.266667 0.300000 0.333333 0.366667 0.400000 0.433333 0.466667 0.500000
0.533333 0.566667 0.600000 0.633333 0.666667 0.700000 0.733333 0.766667 0.800000 0.833333 0.866667 0.900000 0.933333 0.966667 1.000000 1.033333
1.066667 1.100000 1.133333 1.166667 1.200000 1.233333 1.266667 1.300000 1.333333 1.366667 1.400000 1.433333 1.466667 1.500000 1.533333 1.566667
1.600000 1.633333 1.666667 1.700000 1.733333 1.766667 1.800000 1.833333 1.866667 1.900000 1.933333 1.966667 2.000000 2.033333 2.066667 2.100000
2.133333 2.166667 2.200000 2.233333 2.266667 2.300000 2.333333 2.366667 2.400000 2.433333 2.466667 2.500000 2.533333 2.566667 2.600000 2.633333
2.666667 2.700000 2.733333 2.766667 2.800000 2.833333 2.866667 2.900000 2.933333 2.966667 3.000000 3.033333 3.066667 3.100000 3.133333 3.166667
3.200000 3.233333 3.266667 3.300000 3.333333</float_array><technique_common><accessor source="#rigging_meshes-Matrix-animation-input-array" count="101"><param name="TIME" type="float"/></accessor></technique_common></source><source id="rigging_meshes-Matrix-animation-output-transform"><float_array id="rigging_meshes-Matrix-animation-output-transform-array" count="1616">

1.000000 0.000000 0.000000 0.000000 -0.000000 1.000000 0.000000 0.000000 0.000000 -0.000000 1.000000 0.000000 0.000000 0.000000 0.000000 1.000000
1.000000 0.000000 0.000000 0.000000 0.000000 1.000000 0.000000 0.000000 0.000000 -0.000000 1.000000 0.000000 0.000000 0.000000 0.000000 1.000000
1.000000 -0.000000 0.000000 0.000000 0.000000 1.000000 -0.000000 0.000000 -0.000000 0.000000 1.000000 0.000000 0.000000 0.000000 0.000000 1.000000
1.000000 -0.000000 0.000000 0.000000 0.000000 1.000000 -0.000000 0.000000 -0.000000 0.000000 1.000000 0.000000 0.000000 0.000000 0.000000 1.000000
1.000000 -0.000000 0.000000 0.000000 0.000000 1.000000 0.000000 0.000000 0.000000 0.000000 1.000000 0.000000 0.000000 0.000000 0.000000 1.000000
1.000000 0.000000 0.000000 0.000000 -0.000000 1.000000 -0.000000 0.000000 0.000000 0.000000 1.000000 0.000000 0.000000 0.000000 0.000000 1.000000
1.000000 0.000000 0.000000 0.000000 -0.000000 1.000000 0.000000 0.000000 -0.000000 0.000000 1.000000 0.000000 0.000000 0.000000 0.000000 1.000000
1.000000 0.000000 0.000000 0.000000 0.000000 1.000000 0.000000 0.000000 -0.000000 0.000000 1.000000 0.000000 0.000000 0.000000 0.000000 1.000000
1.000000 0.000000 0.000000 0.000000 0.000000 1.000000 0.000000 0.000000 0.000000 0.000000 1.000000 0.000000 0.000000 0.000000 0.000000 1.000000
1.000000 0.000000 -0.000000 0.000000 -0.000000 1.000000 -0.000000 0.000000 0.000000 -0.000000 1.000000 0.000000 0.000000 0.000000 0.000000 1.000000
1.000000 0.000000 0.000000 0.000000 -0.000000 1.000000 0.000000 0.000000 -0.000000 0.000000 1.000000 0.000000 0.000000 0.000000 0.000000 1.000000
1.000000 0.000000 -0.000000 0.000000 0.000000 1.000000 -0.000000 0.000000 0.000000 -0.000000 1.000000 0.000000 0.000000 0.000000 0.000000 1.000000
