<?xml version="1.0" encoding="utf-8"?>
<COLLADA xmlns="http://www.collada.org/2005/11/COLLADASchema" version="1.4.1">
  <asset><contributor><author>Mixamo</author><authoring_tool>COLLADA Mixamo exporter</authoring_tool><comments></comments></contributor><created>2020-05-03T22:16:48Z</created><modified>2020-05-03T22:16:48Z</modified><revision></revision><title></title><unit meter="0.010000"/><up_axis>Y_UP</up_axis></asset>
  <library_geometries>
    <geometry id="rigging_body-lib" name="rigging_bodyMesh">
      <mesh>
        <source id="rigging_body-lib-Position" name="position">
          <float_array id="rigging_body-lib-Position-array" count="0"></float_array>
          <technique_common>
            <accessor count="0" source="#rigging_body-lib-Position-array" stride="3">
              <param name="X" type="float"/>
              <param name="Y" type="float"/>
              <param name="Z" type="float"/>
            </accessor>
          </technique_common>
        </source>
        <vertices id="rigging_body-lib-Vertex">
          <input semantic="POSITION" source="#rigging_body-lib-Position"/>
        </vertices>
      </mesh>
    </geometry>
    <geometry id="rigging_Cylinder001-lib" name="rigging_Cylinder001Mesh">
      <mesh>
        <source id="rigging_Cylinder001-lib-Position" name="position">
          <float_array id="rigging_Cylinder001-lib-Position-array" count="0"></float_array>
          <technique_common>
            <accessor count="0" source="#rigging_Cylinder001-lib-Position-array" stride="3">
              <param name="X" type="float"/>
              <param name="Y" type="float"/>
              <param name="Z" type="float"/>
            </accessor>
          </technique_common>
        </source>
        <vertices id="rigging_Cylinder001-lib-Vertex">
          <input semantic="POSITION" source="#rigging_Cylinder001-lib-Position"/>
        </vertices>
      </mesh>
    </geometry>
    <geometry id="rigging_eyebrowns-lib" name="rigging_eyebrownsMesh">
      <mesh>
        <source id="rigging_eyebrowns-lib-Position" name="position">
          <float_array id="rigging_eyebrowns-lib-Position-array" count="0"></float_array>
          <technique_common>
            <accessor count="0" source="#rigging_eyebrowns-lib-Position-array" stride="3">
              <param name="X" type="float"/>
              <param name="Y" type="float"/>
              <param name="Z" type="float"/>
            </accessor>
          </technique_common>
        </source>
        <vertices id="rigging_eyebrowns-lib-Vertex">
          <input semantic="POSITION" source="#rigging_eyebrowns-lib-Position"/>
        </vertices>
      </mesh>
    </geometry>
    <geometry id="rigging_eyebrowns001-lib" name="rigging_eyebrowns001Mesh">
      <mesh>
        <source id="rigging_eyebrowns001-lib-Position" name="position">
          <float_array id="rigging_eyebrowns001-lib-Position-array" count="0"></float_array>
          <technique_common>
            <accessor count="0" source="#rigging_eyebrowns001-lib-Position-array" stride="3">
              <param name="X" type="float"/>
              <param name="Y" type="float"/>
              <param name="Z" type="float"/>
            </accessor>
          </technique_common>
        </source>
        <vertices id="rigging_eyebrowns001-lib-Vertex">
          <input semantic="POSITION" source="#rigging_eyebrowns001-lib-Position"/>
        </vertices>
      </mesh>
    </geometry>
    <geometry id="rigging_hear-lib" name="rigging_hearMesh">
      <mesh>
        <source id="rigging_hear-lib-Position" name="position">
          <float_array id="rigging_hear-lib-Position-array" count="0"></float_array>
          <technique_common>
            <accessor count="0" source="#rigging_hear-lib-Position-array" stride="3">
              <param name="X" type="float"/>
              <param name="Y" type="float"/>
              <param name="Z" type="float"/>
            </accessor>
          </technique_common>
        </source>
        <vertices id="rigging_hear-lib-Vertex">
          <input semantic="POSITION" source="#rigging_hear-lib-Position"/>
        </vertices>
      </mesh>
    </geometry>
    <geometry id="rigging_Tube001-lib" name="rigging_Tube001Mesh">
      <mesh>
        <source id="rigging_Tube001-lib-Position" name="position">
          <float_array id="rigging_Tube001-lib-Position-array" count="0"></float_array>
          <technique_common>
            <accessor count="0" source="#rigging_Tube001-lib-Position-array" stride="3">
              <param name="X" type="float"/>
              <param name="Y" type="float"/>
              <param name="Z" type="float"/>
            </accessor>
          </technique_common>
        </source>
        <vertices id="rigging_Tube001-lib-Vertex">
          <input semantic="POSITION" source="#rigging_Tube001-lib-Position"/>
        </vertices>
      </mesh>
    </geometry>
  </library_geometries>
  <library_controllers>
    <controller id="rigging_bodyController">
      <skin source="#rigging_body-lib">
        <bind_shape_matrix>1.000000 -0.000000 0.000000 0.000000 0.000000 1.000000 -0.000000 0.000000 0.000000 0.000000 1.000000 0.000000 0.000000 0.000000 0.000000 1.000000
</bind_shape_matrix>
        <source id="rigging_bodyController-Joints">
          <Name_array id="rigging_bodyController-Joints-array" count="1">
 rigging_body</Name_array>
          <technique_common>
            <accessor source="#rigging_bodyController-Joints-array" count="1">
              <param type="name"/>
            </accessor>
          </technique_common>
        </source>
        <source id="rigging_bodyController-Matrices">
          <float_array id="rigging_bodyController-Matrices-array" count="32">

1.000000 0.000000 0.000000 -0.000000 -0.000000 1.000000 0.000000 -0.000000 0.000000 -0.000000 1.000000 -0.000000 0.000000 0.000000 0.000000 1.000000
1.000000 0.000000 0.000000 -0.000000 -0.000000 1.000000 0.000000 -0.000000 0.000000 -0.000000 1.000000 -0.000000 0.000000 0.000000 0.000000 1.000000</float_array>
          <technique_common>
            <accessor source="#rigging_bodyController-Matrices-array" count="2" stride="16">
              <param type="float4x4"/>
            </accessor>
          </technique_common>
        </source>
        <source id="rigging_bodyController-Weights">
          <float_array id="rigging_bodyController-Weights-array" count="1">

1.000000</float_array>
          <technique_common>
            <accessor source="#rigging_bodyController-Weights-array" count="1">
              <param type="float"/>
            </accessor>
          </technique_common>
        </source>
        <joints>
          <input semantic="JOINT" source="#rigging_bodyController-Joints"/>
          <input semantic="INV_BIND_MATRIX" source="#rigging_bodyController-Matrices"/>
        </joints>
        <vertex_weights count="0">
          <input semantic="JOINT" offset="0" source="#rigging_bodyController-Joints"/>
          <input semantic="WEIGHT" offset="1" source="#rigging_bodyController-Weights"/>
          <vcount></vcount>
          <v></v>
        </vertex_weights>
      </skin>
    </controller>
    <controller id="rigging_Cylinder001Controller">
      <skin source="#rigging_Cylinder001-lib">
        <bind_shape_matrix>1.000000 -0.000000 0.000000 0.000000 0.000000 1.000000 -0.000000 0.000000 0.000000 0.000000 1.000000 0.000000 0.000000 0.000000 0.000000 1.000000
</bind_shape_matrix>
        <source id="rigging_Cylinder001Controller-Joints">
          <Name_array id="rigging_Cylinder001Controller-Joints-array" count="1">
 rigging_Cylinder001</Name_array>
          <technique_common>
            <accessor source="#rigging_Cylinder001Controller-Joints-array" count="1">
              <param type="name"/>
            </accessor>
          </technique_common>
        </source>
        <source id="rigging_Cylinder001Controller-Matrices">
          <float_array id="rigging_Cylinder001Controller-Matrices-array" count="32">

1.000000 0.000000 0.000000 -0.000000 -0.000000 1.000000 0.000000 -0.000000 0.000000 -0.000000 1.000000 -0.000000 0.000000 0.000000 0.000000 1.000000
1.000000 0.000000 0.000000 -0.000000 -0.000000 1.000000 0.000000 -0.000000 0.000000 -0.000000 1.000000 -0.000000 0.000000 0.000000 0.000000 1.000000</float_array>
          <technique_common>
            <accessor source="#rigging_Cylinder001Controller-Matrices-array" count="2" stride="16">
              <param type="float4x4"/>
            </accessor>
          </technique_common>
        </source>
        <source id="rigging_Cylinder001Controller-Weights">
          <float_array id="rigging_Cylinder001Controller-Weights-array" count="1">

1.000000</float_array>
          <technique_common>
            <accessor source="#rigging_Cylinder001Controller-Weights-array" count="1">
              <param type="float"/>
            </accessor>
          </technique_common>
        </source>
        <joints>
          <input semantic="JOINT" source="#rigging_Cylinder001Controller-Joints"/>
          <input semantic="INV_BIND_MATRIX" source="#rigging_Cylinder001Controller-Matrices"/>
        </joints>
        <vertex_weights count="0">
          <input semantic="JOINT" offset="0" source="#rigging_Cylinder001Controller-Joints"/>
          <input semantic="WEIGHT" offset="1" source="#rigging_Cylinder001Controller-Weights"/>
          <vcount></vcount>
          <v></v>
        </vertex_weights>
      </skin>
    </controller>
    <controller id="rigging_eyebrownsController">
      <skin source="#rigging_eyebrowns-lib">
        <bind_shape_matrix>1.000000 -0.000000 0.000000 0.000000 0.000000 1.000000 -0.000000 0.000000 0.000000 0.000000 1.000000 0.000000 0.000000 0.000000 0.000000 1.000000
</bind_shape_matrix>
        <source id="rigging_eyebrownsController-Joints">
          <Name_array id="rigging_eyebrownsController-Joints-array" count="1">
 rigging_eyebrowns</Name_array>
          <technique_common>
            <accessor source="#rigging_eyebrownsController-Joints-array" count="1">
              <param type="name"/>
            </accessor>
          </technique_common>
        </source>
        <source id="rigging_eyebrownsController-Matrices">
          <float_array id="rigging_eyebrownsController-Matrices-array" count="32">

1.000000 0.000000 0.000000 -0.000000 -0.000000 1.000000 0.000000 -0.000000 0.000000 -0.000000 1.000000 -0.000000 0.000000 0.000000 0.000000 1.000000
1.000000 0.000000 0.000000 -0.000000 -0.000000 1.000000 0.000000 -0.000000 0.000000 -0.000000 1.000000 -0.000000 0.000000 0.000000 0.000000 1.000000</float_array>
          <technique_common>
            <accessor source="#rigging_eyebrownsController-Matrices-array" count="2" stride="16">
              <param type="float4x4"/>
            </accessor>
          </technique_common>
        </source>
        <source id="rigging_eyebrownsController-Weights">
          <float_array id="rigging_eyebrownsController-Weights-array" count="1">

1.000000</float_array>
          <technique_common>
            <accessor source="#rigging_eyebrownsController-Weights-array" count="1">
              <param type="float"/>
            </accessor>
          </technique_common>
        </source>
        <joints>
          <input semantic="JOINT" source="#rigging_eyebrownsController-Joints"/>
          <input semantic="INV_BIND_MATRIX" source="#rigging_eyebrownsController-Matrices"/>
        </joints>
        <vertex_weights count="0">
          <input semantic="JOINT" offset="0" source="#rigging_eyebrownsController-Joints"/>
          <input semantic="WEIGHT" offset="1" source="#rigging_eyebrownsController-Weights"/>
          <vcount></vcount>
          <v></v>
        </vertex_weights>
      </skin>
    </controller>
    <controller id="rigging_eyebrowns001Controller">
      <skin source="#rigging_eyebrowns001-lib">
        <bind_shape_matrix>1.000000 -0.000000 0.000000 0.000000 0.000000 1.000000 -0.000000 0.000000 0.000000 0.000000 1.000000 0.000000 0.000000 0.000000 0.000000 1.000000
</bind_shape_matrix>
        <source id="rigging_eyebrowns001Controller-Joints">
          <Name_array id="rigging_eyebrowns001Controller-Joints-array" count="1">
 rigging_eyebrowns001</Name_array>
          <technique_common>
            <accessor source="#rigging_eyebrowns001Controller-Joints-array" count="1">
              <param type="name"/>
            </accessor>
          </technique_common>
        </source>
        <source id="rigging_eyebrowns001Controller-Matrices">
          <float_array id="rigging_eyebrowns001Controller-Matrices-array" count="32">

1.000000 0.000000 0.000000 -0.000000 -0.000000 1.000000 0.000000 -0.000000 0.000000 -0.000000 1.000000 -0.000000 0.000000 0.000000 0.000000 1.000000
1.000000 0.000000 0.000000 -0.000000 -0.000000 1.000000 0.000000 -0.000000 0.000000 -0.000000 1.000000 -0.000000 0.000000 0.000000 0.000000 1.000000</float_array>
          <technique_common>
            <accessor source="#rigging_eyebrowns001Controller-Matrices-array" count="2" stride="16">
              <param type="float4x4"/>
            </accessor>
          </technique_common>
        </source>
        <source id="rigging_eyebrowns001Controller-Weights">
          <float_array id="rigging_eyebrowns001Controller-Weights-array" count="1">

1.000000</float_array>
          <technique_common>
            <accessor source="#rigging_eyebrowns001Controller-Weights-array" count="1">
              <param type="float"/>
            </accessor>
          </technique_common>
        </source>
        <joints>
          <input semantic="JOINT" source="#rigging_eyebrowns001Controller-Joints"/>
          <input semantic="INV_BIND_MATRIX" source="#rigging_eyebrowns001Controller-Matrices"/>
        </joints>
        <vertex_weights count="0">
          <input semantic="JOINT" offset="0" source="#rigging_eyebrowns001Controller-Joints"/>
          <input semantic="WEIGHT" offset="1" source="#rigging_eyebrowns001Controller-Weights"/>
          <vcount></vcount>
          <v></v>
        </vertex_weights>
      </skin>
    </controller>
    <controller id="rigging_hearController">
      <skin source="#rigging_hear-lib">
        <bind_shape_matrix>1.000000 -0.000000 0.000000 0.000000 0.000000 1.000000 -0.000000 0.000000 0.000000 0.000000 1.000000 0.000000 0.000000 0.000000 0.000000 1.000000
</bind_shape_matrix>
        <source id="rigging_hearController-Joints">
          <Name_array id="rigging_hearController-Joints-array" count="1">
 rigging_hear</Name_array>
          <technique_common>
            <accessor source="#rigging_hearController-Joints-array" count="1">
              <param type="name"/>
            </accessor>
          </technique_common>
        </source>
        <source id="rigging_hearController-Matrices">
          <float_array id="rigging_hearController-Matrices-array" count="32">

1.000000 0.000000 0.000000 -0.000000 -0.000000 1.000000 0.000000 -0.000000 0.000000 -0.000000 1.000000 -0.000000 0.000000 0.000000 0.000000 1.000000
1.000000 0.000000 0.000000 -0.000000 -0.000000 1.000000 0.000000 -0.000000 0.000000 -0.000000 1.000000 -0.000000 0.000000 0.000000 0.000000 1.000000</float_array>
          <technique_common>
            <accessor source="#rigging_hearController-Matrices-array" count="2" stride="16">
              <param type="float4x4"/>
            </accessor>
          </technique_common>
        </source>
        <source id="rigging_hearController-Weights">
          <float_array id="rigging_hearController-Weights-array" count="1">

1.000000</float_array>
          <technique_common>
            <accessor source="#rigging_hearController-Weights-array" count="1">
              <param type="float"/>
            </accessor>
          </technique_common>
        </source>
        <joints>
          <input semantic="JOINT" source="#rigging_hearController-Joints"/>
          <input semantic="INV_BIND_MATRIX" source="#rigging_hearController-Matrices"/>
        </joints>
        <vertex_weights count="0">
          <input semantic="JOINT" offset="0" source="#rigging_hearController-Joints"/>
          <input semantic="WEIGHT" offset="1" source="#rigging_hearController-Weights"/>
          <vcount></vcount>
          <v></v>
        </vertex_weights>
      </skin>
    </controller>
    <controller id="rigging_Tube001Controller">
      <skin source="#rigging_Tube001-lib">
        <bind_shape_matrix>1.000000 -0.000000 0.000000 0.000000 0.000000 1.000000 -0.000000 0.000000 0.000000 0.000000 1.000000 0.000000 0.000000 0.000000 0.000000 1.000000
</bind_shape_matrix>
        <source id="rigging_Tube001Controller-Joints">
          <Name_array id="rigging_Tube001Controller-Joints-array" count="1">
 rigging_Tube001</Name_array>
          <technique_common>
            <accessor source="#rigging_Tube001Controller-Joints-array" count="1">
              <param type="name"/>
            </accessor>
          </technique_common>
        </source>
        <source id="rigging_Tube001Controller-Matrices">
          <float_array id="rigging_Tube001Controller-Matrices-array" count="32">

1.000000 0.000000 0.000000 -0.000000 -0.000000 1.000000 0.000000 -0.000000 0.000000 -0.000000 1.000000 -0.000000 0.000000 0.000000 0.000000 1.000000
1.000000 0.000000 0.000000 -0.000000 -0.000000 1.000000 0.000000 -0.000000 0.000000 -0.000000 1.000000 -0.000000 0.000000 0.000000 0.000000 1.000000</float_array>
          <technique_common>
            <accessor source="#rigging_Tube001Controller-Matrices-array" count="2" stride="16">
              <param type="float4x4"/>
            </accessor>
          </technique_common>
        </source>
        <source id="rigging_Tube001Controller-Weights">
          <float_array id="rigging_Tube001Controller-Weights-array" count="1">

1.000000</float_array>
          <technique_common>
            <accessor source="#rigging_Tube001Controller-Weights-array" count="1">
              <param type="float"/>
            </accessor>
          </technique_common>
        </source>
        <joints>
          <input semantic="JOINT" source="#rigging_Tube001Controller-Joints"/>
          <input semantic="INV_BIND_MATRIX" source="#rigging_Tube001Controller-Matrices"/>
        </joints>
        <vertex_weights count="0">
          <input semantic="JOINT" offset="0" source="#rigging_Tube001Controller-Joints"/>
          <input semantic="WEIGHT" offset="1" source="#rigging_Tube001Controller-Weights"/>
          <vcount></vcount>
          <v></v>
        </vertex_weights>
      </skin>
    </controller>
  </library_controllers>
  <library_animations>
    <animation id="rigging_Yennefer-anim" name="rigging_Yennefer"><source id="rigging_Yennefer-Matrix-animation-input"><float_array id="rigging_Yennefer-Matrix-animation-input-array" count="90">

0.000000 0.033333 0.066667 0.100000 0.133333 0.166667 0.200000 0.233333 0.266667 0.300000 0.333333 0.366667 0.400000 0.433333 0.466667 0.500000
0.533333 0.566667 0.600000 0.633333 0.666667 0.700000 0.733333 0.766667 0.800000 0.833333 0.866667 0.900000 0.933333 0.966667 1.000000 1.033333
1.066667 1.100000 1.133333 1.166667 1.200000 1.233333 1.266667 1.300000 1.333333 1.366667 1.400000 1.433333 1.466667 1.500000 1.533333 1.566667
1.600000 1.633333 1.666667 1.700000 1.733333 1.766667 1.800000 1.833333 1.866667 1.900000 1.933333 1.966667 2.000000 2.033333 2.066667 2.100000
2.133333 2.166667 2.200000 2.233333 2.266667 2.300000 2.333333 2.366667 2.400000 2.433333 2.466667 2.500000 2.533333 2.566667 2.600000 2.633333
2.666667 2.700000 2.733333 2.766667 2.800000 2.833333 2.866667 2.900000 2.933333 2.966667</float_array><technique_common><accessor source="#rigging_Yennefer-Matrix-animation-input-array" count="90"><param name="TIME" type="float"/></accessor></technique_common></source><source id="rigging_Yennefer-Matrix-animation-output-transform"><float_array id="rigging_Yennefer-Matrix-animation-output-transform-array" count="1440">

0.522400 -0.064674 -0.850244 0.031270 0.084072 0.996168 -0.024119 -0.071610 0.848546 -0.058882 0.525836 -0.004538 0.000000 0.000000 0.000000 1.000000
0.489817 -0.081394 -0.868017 0.040235 0.104375 0.993946 -0.034304 -0.071814 0.865555 -0.073797 0.495347 0.003864 0.000000 0.000000 0.000000 1.000000
0.414666 -0.103654 -0.904051 0.053770 0.125556 0.990506 -0.055977 -0.072416 0.901270 -0.090297 0.423744 0.015534 0.000000 0.000000 0.000000 1.000000
0.331943 -0.126504 -0.934778 0.067171 0.145722 0.985948 -0.081682 -0.072319 0.931976 -0.109104 0.345713 0.028758 0.000000 0.000000 0.000000 1.000000
0.246410 -0.151552 -0.957243 0.079457 0.165609 0.979755 -0.112486 -0.071132 0.954912 -0.130810 0.266520 0.043491 0.000000 0.000000 0.000000 1.000000
0.147469 -0.170509 -0.974259 0.088164 0.182274 0.972842 -0.142671 -0.070707 0.972126 -0.156543 0.174543 0.060408 0.000000 0.000000 0.000000 1.000000
0.038968 -0.184870 -0.981990 0.093829 0.195889 0.965081 -0.173913 -0.070397 0.979852 -0.185584 0.073822 0.080243 0.000000 0.000000 0.000000 1.000000
-0.080149 -0.194187 -0.977685 0.096195 0.209236 0.955710 -0.206975 -0.069784 0.974575 -0.221156 -0.035968 0.103628 0.000000 0.000000 0.000000 1.000000
-0.204558 -0.189716 -0.960294 0.091096 0.213572 0.948752 -0.232930 -0.070311 0.955271 -0.252740 -0.153557 0.125459 0.000000 0.000000 0.000000 1.000000
-0.320949 -0.171947 -0.931357 0.078679 0.203702 0.947834 -0.245185 -0.073296 0.924931 -0.268411 -0.269180 0.139892 0.000000 0.000000 0.000000 1.000000
-0.427590 -0.159783 -0.889739 0.067349 0.183530 0.948411 -0.258520 -0.076347 0.885146 -0.273834 -0.376206 0.148931 0.000000 0.000000 0.000000 1.000000
-0.531315 -0.154053 -0.833049 0.057991 0.157651 0.948172 -0.275892 -0.078901 0.832376 -0.277916 -0.479492 0.156240 0.000000 0.000000 0.000000 1.000000
-0.629378 -0.155448 -0.761393 0.050740 0.125434 0.946619 -0.296950 -0.080687 0.766909 -0.282399 -0.576282 0.162060 0.000000 0.000000 0.000000 1.000000
-0.712097 -0.158032 -0.684064 0.044177 0.089447 0.945977 -0.311652 -0.082647 0.696360 -0.283114 -0.659492 0.164536 0.000000 0.000000 0.000000 1.000000
-0.769304 -0.159480 -0.618657 0.038272 0.057517 0.947122 -0.315676 -0.084902 0.636288 -0.278434 -0.719452 0.162650 0.000000 0.000000 0.000000 1.000000
-0.801892 -0.156599 -0.576582 0.031818 0.035511 0.950842 -0.307634 -0.088415 0.596413 -0.267164 -0.756911 0.155735 0.000000 0.000000 0.000000 1.000000
-0.800673 -0.144441 -0.581429 0.023956 0.026176 0.961140 -0.274817 -0.094600 0.598529 -0.235258 -0.765778 0.138058 0.000000 0.000000 0.000000 1.000000
-0.763663 -0.135870 -0.631156 0.019997 0.027196 0.969967 -0.241711 -0.098414 0.645042 -0.201750 -0.737033 0.117368 0.000000 0.000000 0.000000 1.000000
-0.689437 -0.126359 -0.713239 0.017464 0.029607 0.978928 -0.202049 -0.101356 0.723740 -0.160417 -0.671168 0.091475 0.000000 0.000000 0.000000 1.000000
-0.586846 -0.107250 -0.802564 0.011484 0.029520 0.987696 -0.153576 -0.103532 0.809160 -0.113817 -0.576459 0.062269 0.000000 0.000000 0.000000 1.000000
-0.476054 -0.077930 -0.875956 0.001358 0.027584 0.994253 -0.103446 -0.103511 0.878983 -0.073409 -0.471169 0.035500 0.000000 0.000000 0.000000 1.000000
-0.380571 -0.045255 -0.923644 -0.010474 0.022732 0.998042 -0.058266 -0.101173 0.924472 -0.043171 -0.378798 0.013864 0.000000 0.000000 0.000000 1.000000
-0.302809 -0.019334 -0.952855 -0.019475 0.009883 0.999677 -0.023424 -0.096586 0.953000 -0.016510 -0.302520 -0.005612 0.000000 0.000000 0.000000 1.000000
-0.212692 0.007960 -0.977087 -0.029660 -0.008459 0.999914 0.009987 -0.088555 0.977083 0.010390 -0.212606 -0.025127 0.000000 0.000000 0.000000 1.000000
-0.105520 0.038220 -0.993682 -0.041993 -0.021737 0.998934 0.040731 -0.077896 0.994180 0.025898 -0.104577 -0.039773 0.000000 0.000000 0.000000 1.000000
0.001570 0.077248 -0.997011 -0.058899 -0.038187 0.996289 0.077132 -0.065393 0.999269 0.037952 0.004514 -0.052207 0.000000 0.000000 0.000000 1.000000
0.099494 0.112971 -0.988604 -0.074614 -0.050394 0.992831 0.108382 -0.052691 0.993761 0.039036 0.104474 -0.058511 0.000000 0.000000 0.000000 1.000000
0.214401 0.132307 -0.967743 -0.083362 -0.059350 0.990717 0.122299 -0.041541 0.974941 0.031215 0.220263 -0.060853 0.000000 0.000000 0.000000 1.000000
0.344226 0.139502 -0.928465 -0.086891 -0.073523 0.989868 0.121469 -0.032745 0.936004 0.026451 0.350995 -0.064431 0.000000 0.000000 0.000000 1.000000
0.473423 0.130593 -0.871100 -0.083081 -0.084110 0.991132 0.102876 -0.025750 0.876810 0.024565 0.480209 -0.069036 0.000000 0.000000 0.000000 1.000000
0.592660 0.111060 -0.797760 -0.075114 -0.086804 0.993487 0.073821 -0.022902 0.800762 0.025497 0.598440 -0.074585 0.000000 0.000000 0.000000 1.000000
0.683147 0.072167 -0.726706 -0.060093 -0.084941 0.996203 0.019081 -0.026470 0.725324 0.048692 0.686683 -0.090057 0.000000 0.000000 0.000000 1.000000
0.762771 0.035053 -0.645718 -0.046966 -0.080039 0.995969 -0.040481 -0.033783 0.641697 0.082561 0.762502 -0.109700 0.000000 0.000000 0.000000 1.000000
0.848043 0.016225 -0.529679 -0.042490 -0.075700 0.992989 -0.090783 -0.043503 0.524493 0.117085 0.843326 -0.128545 0.000000 0.000000 0.000000 1.000000
0.932182 0.006968 -0.361923 -0.042241 -0.062324 0.987974 -0.141503 -0.060104 0.356584 0.154463 0.921406 -0.148479 0.000000 0.000000 0.000000 1.000000
0.979087 -0.002463 -0.203427 -0.039679 -0.034760 0.983198 -0.179202 -0.086096 0.200451 0.182525 0.962551 -0.162705 0.000000 0.000000 0.000000 1.000000
0.996116 -0.014169 -0.086898 -0.034525 -0.003352 0.980149 -0.198232 -0.114312 0.087982 0.197753 0.976296 -0.169953 0.000000 0.000000 0.000000 1.000000
0.999606 -0.028047 -0.000661 -0.027832 0.027312 0.978246 -0.205643 -0.142840 0.006414 0.205544 0.978627 -0.173019 0.000000 0.000000 0.000000 1.000000
0.997269 -0.043860 0.059425 -0.020556 0.055206 0.977146 -0.205274 -0.169316 -0.049063 0.207994 0.976899 -0.173587 0.000000 0.000000 0.000000 1.000000
0.993361 -0.060122 0.098078 -0.013340 0.078920 0.976459 -0.200748 -0.191925 -0.083699 0.207156 0.974721 -0.172655 0.000000 0.000000 0.000000 1.000000
0.990084 -0.074400 0.119157 -0.006864 0.096860 0.975915 -0.195467 -0.209339 -0.101744 0.205070 0.973445 -0.170731 0.000000 0.000000 0.000000 1.000000
0.988096 -0.084577 0.128502 -0.002286 0.108470 0.975361 -0.192106 -0.219644 -0.109088 0.203758 0.972925 -0.168982 0.000000 0.000000 0.000000 1.000000
0.987684 -0.087658 0.129602 -0.000903 0.111847 0.974792 -0.193057 -0.220782 -0.109412 0.205175 0.972591 -0.168785 0.000000 0.000000 0.000000 1.000000
0.988884 -0.087381 0.120305 -0.000067 0.110268 0.973752 -0.199117 -0.215497 -0.099748 0.210169 0.972563 -0.170573 0.000000 0.000000 0.000000 1.000000
0.989695 -0.089640 0.111666 0.001365 0.111426 0.971896 -0.207372 -0.208491 -0.089939 0.217678 0.971868 -0.173749 0.000000 0.000000 0.000000 1.000000
0.990614 -0.089716 0.103124 0.001790 0.110238 0.970441 -0.214690 -0.200136 -0.080815 0.224043 0.971223 -0.176452 0.000000 0.000000 0.000000 1.000000
0.991916 -0.087276 0.092120 0.001247 0.105754 0.969759 -0.219965 -0.190482 -0.070136 0.227928 0.971149 -0.178214 0.000000 0.000000 0.000000 1.000000
0.993440 -0.082795 0.078880 -0.000268 0.098811 0.968714 -0.227660 -0.179253 -0.057563 0.233960 0.970541 -0.180947 0.000000 0.000000 0.000000 1.000000
0.994559 -0.076464 0.070744 -0.002686 0.090960 0.968452 -0.232008 -0.167094 -0.050772 0.237180 0.970138 -0.181972 0.000000 0.000000 0.000000 1.000000
0.995423 -0.072540 0.062213 -0.004041 0.085090 0.969107 -0.231499 -0.154046 -0.043498 0.235734 0.970844 -0.180608 0.000000 0.000000 0.000000 1.000000
0.996253 -0.069568 0.051378 -0.004840 0.079442 0.970946 -0.225729 -0.140632 -0.034182 0.228965 0.972834 -0.176383 0.000000 0.000000 0.000000 1.000000
0.996955 -0.068019 0.038142 -0.004339 0.075008 0.970211 -0.230359 -0.125338 -0.021337 0.232518 0.972358 -0.175994 0.000000 0.000000 0.000000 1.000000
0.997652 -0.067234 0.013035 -0.002685 0.068449 0.972673 -0.221861 -0.110076 0.002238 0.222233 0.974991 -0.169039 0.000000 0.000000 0.000000 1.000000
0.997497 -0.064479 -0.029017 -0.001078 0.056946 0.975855 -0.210867 -0.094380 0.041913 0.208687 0.977084 -0.159948 0.000000 0.000000 0.000000 1.000000
0.993696 -0.063752 -0.092217 0.003200 0.045386 0.980915 -0.189067 -0.078904 0.102510 0.183690 0.977624 -0.145112 0.000000 0.000000 0.000000 1.000000
0.981263 -0.064019 -0.181727 0.009476 0.033223 0.985278 -0.167703 -0.063797 0.189788 0.158524 0.968943 -0.130228 0.000000 0.000000 0.000000 1.000000
0.955934 -0.065728 -0.286128 0.016500 0.023731 0.988726 -0.147841 -0.052820 0.292620 0.134536 0.946717 -0.115790 0.000000 0.000000 0.000000 1.000000
0.914304 -0.070091 -0.398919 0.023893 0.019976 0.991518 -0.128426 -0.045234 0.404537 0.109452 0.907948 -0.101103 0.000000 0.000000 0.000000 1.000000
0.853832 -0.071607 -0.515600 0.030112 0.018648 0.994065 -0.107175 -0.039460 0.520215 0.081895 0.850100 -0.084818 0.000000 0.000000 0.000000 1.000000
0.777996 -0.066750 -0.624714 0.033519 0.015361 0.996064 -0.087298 -0.034867 0.628082 0.058321 0.775959 -0.068442 0.000000 0.000000 0.000000 1.000000
0.687332 -0.059251 -0.723922 0.035472 0.015010 0.997613 -0.067400 -0.031256 0.726188 0.035460 0.686581 -0.050567 0.000000 0.000000 0.000000 1.000000
0.584445 -0.051822 -0.809777 0.036870 0.022429 0.998609 -0.047719 -0.028366 0.811123 0.009727 0.584795 -0.030164 0.000000 0.000000 0.000000 1.000000
0.485099 -0.039113 -0.873584 0.033439 0.039665 0.998955 -0.022700 -0.027815 0.873559 -0.023638 0.486144 -0.007408 0.000000 0.000000 0.000000 1.000000
0.404334 -0.018481 -0.914425 0.024560 0.055057 0.998475 0.004165 -0.029182 0.912953 -0.052029 0.404735 0.011426 0.000000 0.000000 0.000000 1.000000
0.347871 -0.005269 -0.937528 0.017516 0.071730 0.997203 0.021011 -0.031890 0.934794 -0.074558 0.347276 0.025209 0.000000 0.000000 0.000000 1.000000
0.302196 -0.003172 -0.953241 0.014954 0.089716 0.995650 0.025129 -0.035177 0.949015 -0.093115 0.301166 0.035706 0.000000 0.000000 0.000000 1.000000
0.259252 0.002251 -0.965807 0.011536 0.100305 0.994527 0.029243 -0.039230 0.960587 -0.104456 0.257607 0.041923 0.000000 0.000000 0.000000 1.000000
0.227525 0.013737 -0.973675 0.006009 0.103108 0.993940 0.038117 -0.043751 0.968298 -0.109066 0.224730 0.044042 0.000000 0.000000 0.000000 1.000000
0.220806 0.019251 -0.975128 0.002908 0.100804 0.994000 0.042450 -0.047700 0.970095 -0.107670 0.217540 0.042286 0.000000 0.000000 0.000000 1.000000
0.238962 0.011905 -0.970956 0.005388 0.098415 0.994479 0.036415 -0.051266 0.966029 -0.104258 0.236471 0.038381 0.000000 0.000000 0.000000 1.000000
0.273444 0.003608 -0.961881 0.008301 0.095500 0.994950 0.030881 -0.054273 0.957135 -0.100304 0.271719 0.033903 0.000000 0.000000 0.000000 1.000000
0.315542 -0.003361 -0.948906 0.010295 0.094138 0.995171 0.027780 -0.056850 0.944231 -0.098094 0.314334 0.030070 0.000000 0.000000 0.000000 1.000000
0.351627 -0.010133 -0.936086 0.012485 0.094987 0.995167 0.024908 -0.058789 0.931309 -0.097674 0.350890 0.027091 0.000000 0.000000 0.000000 1.000000
0.371671 -0.014086 -0.928258 0.013934 0.097417 0.994956 0.023907 -0.060474 0.923239 -0.099313 0.371169 0.025779 0.000000 0.000000 0.000000 1.000000
0.388836 -0.016536 -0.921158 0.014710 0.097833 0.994927 0.023437 -0.061914 0.916098 -0.099232 0.388482 0.024230 0.000000 0.000000 0.000000 1.000000
0.409965 -0.019251 -0.911898 0.015536 0.096550 0.995076 0.022399 -0.062991 0.906977 -0.097227 0.409805 0.022029 0.000000 0.000000 0.000000 1.000000
0.426961 -0.025137 -0.903921 0.017901 0.096495 0.995172 0.017904 -0.063937 0.899107 -0.094868 0.427325 0.019850 0.000000 0.000000 0.000000 1.000000
0.438266 -0.028751 -0.898386 0.019485 0.095624 0.995308 0.014797 -0.064989 0.893744 -0.092392 0.438958 0.017835 0.000000 0.000000 0.000000 1.000000
0.446223 -0.032749 -0.894323 0.021347 0.095082 0.995409 0.010991 -0.066163 0.889857 -0.089938 0.447288 0.016025 0.000000 0.000000 0.000000 1.000000
0.453127 -0.038303 -0.890623 0.023794 0.094406 0.995520 0.005217 -0.067243 0.886433 -0.086445 0.454713 0.013777 0.000000 0.000000 0.000000 1.000000
0.458439 -0.043101 -0.887680 0.025908 0.092126 0.995747 -0.000770 -0.068290 0.883938 -0.081425 0.460460 0.010917 0.000000 0.000000 0.000000 1.000000
0.462472 -0.047348 -0.885369 0.027758 0.089349 0.995979 -0.006591 -0.069298 0.882121 -0.076059 0.464842 0.007996 0.000000 0.000000 0.000000 1.000000
0.467642 -0.051645 -0.882408 0.029469 0.086593 0.996166 -0.012412 -0.070130 0.879666 -0.070606 0.470321 0.005058 0.000000 0.000000 0.000000 1.000000
0.474675 -0.055309 -0.878422 0.030718 0.085840 0.996175 -0.016337 -0.070612 0.875965 -0.067648 0.477607 0.003222 0.000000 0.000000 0.000000 1.000000
0.484165 -0.058057 -0.873048 0.031280 0.085333 0.996173 -0.018922 -0.070913 0.870806 -0.065338 0.487266 0.001446 0.000000 0.000000 0.000000 1.000000
0.494699 -0.060371 -0.866965 0.031531 0.084901 0.996170 -0.020923 -0.071142 0.864907 -0.063256 0.497929 -0.000326 0.000000 0.000000 0.000000 1.000000
0.505011 -0.062218 -0.860868 0.031562 0.084558 0.996167 -0.022393 -0.071308 0.858961 -0.061484 0.508336 -0.001953 0.000000 0.000000 0.000000 1.000000
0.513869 -0.063567 -0.855510 0.031466 0.084300 0.996166 -0.023383 -0.071422 0.853717 -0.060104 0.517258 -0.003292 0.000000 0.000000 0.000000 1.000000
0.520063 -0.064393 -0.851697 0.031338 0.084134 0.996167 -0.023942 -0.071523 0.849974 -0.059205 0.523487 -0.004203 0.000000 0.000000 0.000000 1.000000
0.522400 -0.064674 -0.850244 0.031270 0.084071 0.996168 -0.024119 -0.071611 0.848546 -0.058881 0.525835 -0.004539 0.000000 0.000000 0.000000 1.000000</float_array><technique_common><accessor source="#rigging_Yennefer-Matrix-animation-output-transform-array" count="90" stride="16"><param type="float4x4"/></accessor></technique_common></source><source id="rigging_Yennefer-Interpolations"><Name_array id="rigging_Yennefer-Interpolations-array" count="90">
 LINEAR LINEAR LINEAR LINEAR LINEAR LINEAR LINEAR LINEAR LINEAR LINEAR LINEAR
LINEAR LINEAR LINEAR LINEAR LINEAR LINEAR LINEAR LINEAR LINEAR LINEAR LINEAR LINEAR
LINEAR LINEAR LINEAR LINEAR LINEAR LINEAR LINEAR LINEAR LINEAR LINEAR LINEAR LINEAR
LINEAR LINEAR LINEAR LINEAR LINEAR LINEAR LINEAR LINEAR LINEAR LINEAR LINEAR LINEAR
LINEAR LINEAR LINEAR LINEAR LINEAR LINEAR LINEAR LINEAR LINEAR LINEAR LINEAR LINEAR
LINEAR LINEAR LINEAR LINEAR LINEAR LINEAR LINEAR LINEAR LINEAR LINEAR LINEAR LINEAR
LINEAR LINEAR LINEAR LINEAR LINEAR LINEAR LINEAR LINEAR LINEAR LINEAR LINEAR LINEAR
LINEAR LINEAR LINEAR LINEAR LINEAR LINEAR LINEAR</Name_array><technique_common><accessor source="#rigging_Yennefer-Interpolations-array" count="90"><param type="name"/></accessor></technique_common></source><sampler id="rigging_Yennefer-Matrix-animation-transform"><input semantic="INPUT" source="#rigging_Yennefer-Matrix-animation-input"/><input semantic="OUTPUT" source="#rigging_Yennefer-Matrix-animation-output-transform"/><input semantic="INTERPOLATION" source="#rigging_Yennefer-Interpolations"/></sampler><channel source="#rigging_Yennefer-Matrix-animation-transform" target="rigging_Yennefer/matrix"/></animation>
    <animation id="rigging_meshes-anim" name="rigging_meshes"><source id="rigging_meshes-Matrix-animation-input"><float_array id="rigging_meshes-Matrix-animation-input-array" count="90">

0.000000 0.033333 0.066667 0.100000 0.133333 0.166667 0.200000 0.233333 0.266667 0.300000 0.333333 0.366667 0.400000 0.433333 0.466667 0.500000
0.533333 0.566667 0.600000 0.633333 0.666667 0.700000 0.733333 0.766667 0.800000 0.833333 0.866667 0.900000 0.933333 0.966667 1.000000 1.033333
1.066667 1.100000 1.133333 1.166667 1.200000 1.233333 1.266667 1.300000 1.333333 1.366667 1.400000 1.433333 1.466667 1.500000 1.533333 1.566667
1.600000 1.633333 1.666667 1.700000 1.733333 1.766667 1.800000 1.833333 1.866667 1.900000 1.933333 1.966667 2.000000 2.033333 2.066667 2.100000
2.133333 2.166667 2.200000 2.233333 2.266667 2.300000 2.333333 2.366667 2.400000 2.433333 2.466667 2.500000 2.533333 2.566667 2.600000 2.633333
2.666667 2.700000 2.733333 2.766667 2.800000 2.833333 2.866667 2.900000 2.933333 2.966667</float_array><technique_common><accessor source="#rigging_meshes-Matrix-animation-input-array" count="90"><param name="TIME" type="float"/></accessor></technique_common></source><source id="rigging_meshes-Matrix-animation-output-transform"><float_array id="rigging_meshes-Matrix-animation-output-transform-array" count="1440">

1.000000 -0.000000 0.000000 0.000000 0.000000 1.000000 0.000000 0.000000 0.000000 0.000000 1.000000 0.000000 0.000000 0.000000 0.000000 1.000000
1.000000 0.000000 -0.000000 0.000000 0.000000 1.000000 0.000000 0.000000 0.000000 0.000000 1.000000 0.000000 0.000000 0.000000 0.000000 1.000000
1.000000 0.000000 0.000000 0.000000 0.000000 1.000000 -0.000000 0.000000 -0.000000 0.000000 1.000000 0.000000 0.000000 0.000000 0.000000 1.000000
1.000000 -0.000000 0.000000 0.000000 -0.000000 1.000000 0.000000 0.000000 -0.000000 0.000000 1.000000 0.000000 0.000000 0.000000 0.000000 1.000000
1.000000 0.000000 0.000000 0.000000 -0.000000 1.000000 -0.000000 0.000000 0.000000 -0.000000 1.000000 0.000000 0.000000 0.000000 0.000000 1.000000
1.000000 0.000000 0.000000 0.000000 0.000000 1.000000 0.000000 0.000000 0.000000 -0.000000 1.000000 0.000000 0.000000 0.000000 0.000000 1.000000
1.000000 -0.000000 0.000000 0.000000 -0.000000 1.000000 0.000000 0.000000 0.000000 0.000000 1.000000 0.000000 0.000000 0.000000 0.000000 1.000000
1.000000 0.000000 -0.000000 0.000000 -0.000000 1.000000 0.000000 0.000000 0.000000 0.000000 1.000000 0.000000 0.000000 0.000000 0.000000 1.000000
1.000000 -0.000000 0.000000 0.000000 -0.000000 1.000000 0.000000 0.000000 0.000000 0.000000 1.000000 0.000000 0.000000 0.000000 0.000000 1.000000
1.000000 0.000000 0.000000 0.000000 0.000000 1.000000 0.000000 0.000000 0.000000 0.000000 1.000000 0.000000 0.000000 0.000000 0.000000 1.000000
1.000000 0.000000 -0.000000 0.000000 -0.000000 1.000000 0.000000 0.000000 0.000000 -0.000000 1.000000 0.000000 0.000000 0.000000 0.000000 1.000000
1.000000 -0.000000 -0.000000 0.000000 0.000000 1.000000 0.000000 0.000000 -0.000000 0.000000 1.000000 0.000000 0.000000 0.000000 0.000000 1.000000
1.000000 0.000000 -0.000000 0.000000 0.000000 1.000000 -0.000000 0.000000 0.000000 -0.000000 1.000000 0.000000 0.000000 0.000000 0.000000 1.000000
1.000000 -0.000000 0.000000 0.000000 -0.000000 1.000000 0.000000 0.000000 0.000000 -0.000000 1.000000 0.000000 0.000000 0.000000 0.000000 1.000000
1.000000 -0.000000 -0.000000 0.000000 -0.000000 1.000000 -0.000000 0.000000 0.000000 0.000000 1.000000 0.000000 0.000000 0.000000 0.000000 1.000000
1.000000 -0.000000 -0.000000 0.000000 0.000000 1.000000 0.000000 0.000000 -0.000000 0.000000 1.000000 0.000000 0.000000 0.000000 0.000000 1.000000
1.000000 0.000000 0.000000 0.000000 0.000000 1.000000 -0.000000 0.000000 0.000000 0.000000 1.000000 0.000000 0.000000 0.000000 0.000000 1.000000
1.000000 -0.000000 0.000000 0.000000 0.000000 1.000000 0.000000 0.000000 -0.000000 0.000000 1.000000 0.000000 0.000000 0.000000 0.000000 1.000000
1.000000 -0.000000 -0.000000 0.000000 0.000000 1.000000 0.000000 0.000000 0.000000 -0.000000 1.000000 0.000000 0.000000 0.000000 0.000000 1.000000
1.000000 -0.000000 -0.000000 0.000000 -0.000000 1.000000 0.000000 0.000000 -0.000000 0.000000 1.000000 0.000000 0.000000 0.000000 0.000000 1.000000
1.000000 0.000000 0.000000 0.000000 0.000000 1.000000 0.000000 0.000000 0.000000 0.000000 1.000000 0.000000 0.000000 0.000000 0.000000 1.000000
1.000000 0.000000 0.000000 0.000000 0.000000 1.000000 0.000000 0.000000 0.000000 0.000000 1.000000 0.000000 0.000000 0.000000 0.000000 1.000000
1.000000 0.000000 0.000000 0.000000 0.000000 1.000000 -0.000000 0.000000 0.000000 -0.000000 1.000000 0.000000 0.000000 0.000000 0.000000 1.000000
1.000000 0.000000 0.000000 0.000000 -0.000000 1.000000 0.000000 0.000000 -0.000000 0.000000 1.000000 0.000000 0.000000 0.000000 0.000000 1.000000
1.000000 0.000000 -0.000000 0.000000 0.000000 1.000000 0.000000 0.000000 0.000000 0.000000 1.000000 0.000000 0.000000 0.000000 0.000000 1.000000
