<?xml version="1.0" encoding="utf-8"?>
<COLLADA xmlns="http://www.collada.org/2005/11/COLLADASchema" version="1.4.1">
  <asset><contributor><author>Mixamo</author><authoring_tool>COLLADA Mixamo exporter</authoring_tool><comments></comments></contributor><created>2020-05-23T12:05:39Z</created><modified>2020-05-23T12:05:39Z</modified><revision></revision><title></title><unit meter="0.010000"/><up_axis>Y_UP</up_axis></asset>
  <library_animations>
    <animation id="mixamorig_Hips-anim" name="mixamorig_Hips"><source id="mixamorig_Hips-Matrix-animation-input"><float_array id="mixamorig_Hips-Matrix-animation-input-array" count="80">

0.000000 0.033333 0.066667 0.100000 0.133333 0.166667 0.200000 0.233333 0.266667 0.300000 0.333333 0.366667 0.400000 0.433333 0.466667 0.500000
0.533333 0.566667 0.600000 0.633333 0.666667 0.700000 0.733333 0.766667 0.800000 0.833333 0.866667 0.900000 0.933333 0.966667 1.000000 1.033333
1.066667 1.100000 1.133333 1.166667 1.200000 1.233333 1.266667 1.300000 1.333333 1.366667 1.400000 1.433333 1.466667 1.500000 1.533333 1.566667
1.600000 1.633333 1.666667 1.700000 1.733333 1.766667 1.800000 1.833333 1.866667 1.900000 1.933333 1.966667 2.000000 2.033333 2.066667 2.100000
2.133333 2.166667 2.200000 2.233333 2.266667 2.300000 2.333333 2.366667 2.400000 2.433333 2.466667 2.500000 2.533333 2.566667 2.600000 2.633333</float_array><technique_common><accessor source="#mixamorig_Hips-Matrix-animation-input-array" count="80"><param name="TIME" type="float"/></accessor></technique_common></source><source id="mixamorig_Hips-Matrix-animation-output-transform"><float_array id="mixamorig_Hips-Matrix-animation-output-transform-array" count="1280">

0.522267 -0.054664 -0.851028 0.736158 0.059766 0.997836 -0.027417 50.134079 0.850685 -0.036543 0.524403 -0.198998 0.000000 0.000000 0.000000 1.000000
0.509203 -0.062701 -0.858360 0.639686 0.068149 0.997149 -0.032412 50.311520 0.857944 -0.041992 0.512024 -0.342397 0.000000 0.000000 0.000000 1.000000
0.477497 -0.072667 -0.875623 0.530247 0.078705 0.996105 -0.039746 50.243340 0.875101 -0.049938 0.481357 -0.577010 0.000000 0.000000 0.000000 1.000000
0.438542 -0.081999 -0.894962 0.417260 0.089982 0.994831 -0.047057 50.149628 0.894195 -0.059894 0.443653 -0.816833 0.000000 0.000000 0.000000 1.000000
0.388822 -0.089309 -0.916974 0.280732 0.103420 0.993231 -0.052883 50.044270 0.915490 -0.074271 0.395426 -1.029842 0.000000 0.000000 0.000000 1.000000
0.316930 -0.091501 -0.944025 0.056793 0.122797 0.990917 -0.054820 49.967705 0.940466 -0.098549 0.325287 -1.194350 0.000000 0.000000 0.000000 1.000000
0.236139 -0.088855 -0.967648 -0.269629 0.138459 0.988726 -0.057002 49.946995 0.961804 -0.120519 0.245779 -1.347096 0.000000 0.000000 0.000000 1.000000
0.157796 -0.082976 -0.983979 -0.735906 0.150014 0.986912 -0.059166 50.009140 0.976010 -0.138274 0.168178 -1.523263 0.000000 0.000000 0.000000 1.000000
0.088435 -0.071552 -0.993509 -1.367915 0.160475 0.985411 -0.056685 50.158920 0.983070 -0.154420 0.098627 -1.746318 0.000000 0.000000 0.000000 1.000000
0.020569 -0.056611 -0.998184 -2.096885 0.167792 0.984430 -0.052373 50.340961 0.985608 -0.166410 0.029747 -1.947603 0.000000 0.000000 0.000000 1.000000
-0.054560 -0.038160 -0.997781 -2.860354 0.171006 0.984149 -0.046990 50.477737 0.983758 -0.173190 -0.047170 -2.086849 0.000000 0.000000 0.000000 1.000000
-0.135580 -0.020245 -0.990560 -3.669086 0.174013 0.983763 -0.043924 50.427917 0.975365 -0.178326 -0.129855 -2.159808 0.000000 0.000000 0.000000 1.000000
-0.215760 -0.011714 -0.976376 -4.473771 0.179950 0.982324 -0.051551 50.275955 0.959722 -0.186822 -0.209838 -2.126798 0.000000 0.000000 0.000000 1.000000
-0.293306 -0.012084 -0.955942 -5.267403 0.186794 0.979923 -0.069700 50.058552 0.937592 -0.199008 -0.285160 -1.979602 0.000000 0.000000 0.000000 1.000000
-0.367311 -0.016801 -0.929946 -6.069198 0.191013 0.977162 -0.093101 49.834229 0.910273 -0.211829 -0.355714 -1.758898 0.000000 0.000000 0.000000 1.000000
-0.431339 -0.023548 -0.901882 -6.818217 0.193192 0.974060 -0.117829 49.580929 0.881262 -0.225061 -0.415601 -1.475150 0.000000 0.000000 0.000000 1.000000
-0.483410 -0.029516 -0.874896 -7.457666 0.195069 0.970670 -0.140529 49.261810 0.853383 -0.238598 -0.463474 -1.136366 0.000000 0.000000 0.000000 1.000000
-0.526913 -0.035724 -0.849168 -8.002932 0.194988 0.967386 -0.161688 48.999077 0.827250 -0.250773 -0.502763 -0.769990 0.000000 0.000000 0.000000 1.000000
-0.561483 -0.043835 -0.826326 -8.415960 0.192654 0.964230 -0.182058 48.730782 0.804749 -0.261418 -0.532954 -0.356247 0.000000 0.000000 0.000000 1.000000
-0.583188 -0.051539 -0.810701 -8.655563 0.191256 0.961220 -0.198690 48.389542 0.789502 -0.270925 -0.550715 0.112742 0.000000 0.000000 0.000000 1.000000
-0.592760 -0.058875 -0.803224 -8.733031 0.191708 0.958344 -0.211721 48.030319 0.782230 -0.279484 -0.556781 0.634043 0.000000 0.000000 0.000000 1.000000
-0.596181 -0.067899 -0.799974 -8.689057 0.191787 0.955525 -0.224030 47.676331 0.779607 -0.286987 -0.556644 1.204685 0.000000 0.000000 0.000000 1.000000
-0.595660 -0.076464 -0.799589 -8.538387 0.191161 0.953362 -0.233577 47.304470 0.780158 -0.291983 -0.553262 1.782346 0.000000 0.000000 0.000000 1.000000
-0.587986 -0.084542 -0.804441 -8.258330 0.189597 0.952411 -0.238674 46.927612 0.786337 -0.292857 -0.543975 2.332803 0.000000 0.000000 0.000000 1.000000
-0.568792 -0.097244 -0.816712 -7.846920 0.185367 0.952282 -0.242484 46.524841 0.801320 -0.289315 -0.523625 2.837941 0.000000 0.000000 0.000000 1.000000
-0.533638 -0.115109 -0.837843 -7.279921 0.178599 0.953012 -0.244685 45.991829 0.826640 -0.280211 -0.488005 3.274502 0.000000 0.000000 0.000000 1.000000
-0.481330 -0.133467 -0.866319 -6.586572 0.171178 0.954997 -0.242237 45.435638 0.859662 -0.264891 -0.436822 3.599127 0.000000 0.000000 0.000000 1.000000
-0.415645 -0.150112 -0.897054 -5.837423 0.163837 0.957796 -0.236189 44.878426 0.894649 -0.245141 -0.373509 3.825731 0.000000 0.000000 0.000000 1.000000
-0.339990 -0.164542 -0.925923 -5.090639 0.156034 0.961058 -0.228080 44.323055 0.927394 -0.222021 -0.301076 3.951352 0.000000 0.000000 0.000000 1.000000
-0.254328 -0.176334 -0.950907 -4.356235 0.143112 0.965551 -0.217326 43.735966 0.956471 -0.191358 -0.220331 3.978565 0.000000 0.000000 0.000000 1.000000
-0.152358 -0.180683 -0.971669 -3.683336 0.123793 0.971915 -0.200139 43.190655 0.980542 -0.150778 -0.125712 3.889338 0.000000 0.000000 0.000000 1.000000
-0.019961 -0.169386 -0.985348 -3.114840 0.105361 0.979700 -0.170550 42.973862 0.994234 -0.107221 -0.001709 3.731305 0.000000 0.000000 0.000000 1.000000
0.151925 -0.139509 -0.978497 -2.680988 0.086938 0.988038 -0.127371 43.203663 0.984561 -0.065718 0.162236 3.535823 0.000000 0.000000 0.000000 1.000000
0.352174 -0.095605 -0.931039 -2.426979 0.054464 0.995177 -0.081590 43.665154 0.934349 -0.021974 0.355682 3.316075 0.000000 0.000000 0.000000 1.000000
0.551174 -0.045125 -0.833169 -2.384457 0.003911 0.998665 -0.051501 44.263187 0.834381 0.025128 0.550615 3.150413 0.000000 0.000000 0.000000 1.000000
0.724324 -0.001885 -0.689457 -2.627722 -0.046251 0.997611 -0.051317 44.955070 0.687907 0.069058 0.722506 3.058309 0.000000 0.000000 0.000000 1.000000
0.863143 0.017706 -0.504649 -3.244768 -0.069554 0.994028 -0.084086 45.674160 0.500147 0.107679 0.859220 3.054383 0.000000 0.000000 0.000000 1.000000
0.954471 0.014026 -0.297973 -4.106955 -0.060087 0.987460 -0.145989 46.372173 0.292189 0.157247 0.943345 3.251498 0.000000 0.000000 0.000000 1.000000
0.992947 0.011263 -0.118021 -4.994016 -0.036834 0.975521 -0.216800 47.097176 0.112690 0.219618 0.969056 3.742452 0.000000 0.000000 0.000000 1.000000
0.999849 0.017396 -0.000307 -5.719209 -0.016844 0.963382 -0.267604 47.834190 -0.004360 0.267568 0.963529 4.455216 0.000000 0.000000 0.000000 1.000000
0.997637 0.028074 0.062707 -6.259465 -0.007205 0.950427 -0.310866 48.428501 -0.068325 0.309679 0.948383 5.293738 0.000000 0.000000 0.000000 1.000000
0.992876 0.047422 0.109312 -6.682422 -0.004529 0.931749 -0.363075 48.846325 -0.119069 0.359993 0.925326 6.344698 0.000000 0.000000 0.000000 1.000000
0.982943 0.070015 0.170064 -6.991513 0.002137 0.920290 -0.391231 48.772270 -0.183901 0.384921 0.904443 7.354081 0.000000 0.000000 0.000000 1.000000
0.969256 0.089327 0.229266 -7.120030 0.007930 0.919950 -0.391956 48.347950 -0.245925 0.381724 0.890959 8.191001 0.000000 0.000000 0.000000 1.000000
0.960177 0.104973 0.258922 -7.093544 0.007921 0.916134 -0.400794 47.791260 -0.279280 0.386884 0.878820 8.791827 0.000000 0.000000 0.000000 1.000000
0.957177 0.113650 0.266263 -6.980581 0.008142 0.908791 -0.417173 47.390381 -0.289389 0.401476 0.868948 9.293452 0.000000 0.000000 0.000000 1.000000
0.956503 0.116194 0.267584 -6.757254 0.008377 0.905936 -0.423332 47.087608 -0.291603 0.407160 0.865557 9.708735 0.000000 0.000000 0.000000 1.000000
0.958252 0.116554 0.261092 -6.405013 0.004832 0.906412 -0.422367 46.831955 -0.285886 0.405995 0.868008 9.989562 0.000000 0.000000 0.000000 1.000000
0.963623 0.112688 0.242345 -5.972959 0.000204 0.906455 -0.422302 46.680069 -0.267263 0.406990 0.873458 10.144894 0.000000 0.000000 0.000000 1.000000
0.971283 0.103990 0.213999 -5.510398 -0.003806 0.906105 -0.423036 46.628288 -0.237897 0.410073 0.880480 10.153076 0.000000 0.000000 0.000000 1.000000
0.978783 0.095086 0.181499 -5.020375 -0.009427 0.905761 -0.423685 46.636681 -0.204681 0.412984 0.887440 10.016619 0.000000 0.000000 0.000000 1.000000
0.984985 0.085763 0.149830 -4.515157 -0.014395 0.905658 -0.423765 46.689625 -0.172039 0.415246 0.893294 9.784525 0.000000 0.000000 0.000000 1.000000
0.990388 0.072860 0.117575 -4.021953 -0.016755 0.906955 -0.420895 46.771824 -0.137301 0.414879 0.899457 9.469065 0.000000 0.000000 0.000000 1.000000
0.995395 0.056509 0.077432 -3.520827 -0.019596 0.910660 -0.412691 46.850819 -0.093835 0.409273 0.907574 9.069135 0.000000 0.000000 0.000000 1.000000
0.999005 0.037687 0.023835 -2.992925 -0.025064 0.916658 -0.398886 46.876839 -0.036881 0.397892 0.916691 8.616905 0.000000 0.000000 0.000000 1.000000
0.999073 0.017047 -0.039537 -2.475094 -0.030877 0.923656 -0.381977 46.842403 0.030007 0.382844 0.923326 8.139316 0.000000 0.000000 0.000000 1.000000
0.994307 -0.002988 -0.106513 -1.961488 -0.036037 0.931272 -0.362538 46.737389 0.100276 0.364312 0.925862 7.650192 0.000000 0.000000 0.000000 1.000000
0.984805 -0.019678 -0.172546 -1.444148 -0.040763 0.939610 -0.339810 46.590298 0.168813 0.341680 0.924531 7.195080 0.000000 0.000000 0.000000 1.000000
0.972578 -0.033239 -0.230188 -0.950197 -0.042468 0.947714 -0.316283 46.470875 0.228666 0.317386 0.920314 6.807341 0.000000 0.000000 0.000000 1.000000
0.958974 -0.045105 -0.279885 -0.491523 -0.041052 0.954762 -0.294523 46.404655 0.280508 0.293929 0.913740 6.433615 0.000000 0.000000 0.000000 1.000000
0.943338 -0.056928 -0.326912 -0.147389 -0.037782 0.960341 -0.276256 46.350533 0.329674 0.272954 0.903776 5.974780 0.000000 0.000000 0.000000 1.000000
0.926023 -0.068221 -0.371252 0.040982 -0.033491 0.964803 -0.260831 46.314507 0.375979 0.253969 0.891145 5.342016 0.000000 0.000000 0.000000 1.000000
0.908682 -0.074884 -0.410719 0.153619 -0.029657 0.969719 -0.242417 46.423119 0.416435 0.232461 0.878945 4.603604 0.000000 0.000000 0.000000 1.000000
0.892637 -0.075420 -0.444422 0.247552 -0.027541 0.974937 -0.220768 46.767044 0.449934 0.209306 0.868188 3.877059 0.000000 0.000000 0.000000 1.000000
0.875318 -0.074640 -0.477753 0.284149 -0.026408 0.979161 -0.201360 47.255314 0.482826 0.188870 0.855106 3.157885 0.000000 0.000000 0.000000 1.000000
0.852527 -0.072533 -0.517626 0.286878 -0.025018 0.983527 -0.179022 47.838081 0.522085 0.165571 0.836668 2.471864 0.000000 0.000000 0.000000 1.000000
0.825635 -0.066312 -0.560295 0.297783 -0.022433 0.988426 -0.150039 48.508282 0.563759 0.136447 0.814591 1.898079 0.000000 0.000000 0.000000 1.000000
0.798494 -0.060393 -0.598966 0.313413 -0.018883 0.991953 -0.125192 49.219715 0.601707 0.111275 0.790928 1.435484 0.000000 0.000000 0.000000 1.000000
0.770168 -0.056341 -0.635348 0.343673 -0.014893 0.994231 -0.106219 49.936172 0.637668 0.091268 0.764886 1.050395 0.000000 0.000000 0.000000 1.000000
0.739273 -0.052284 -0.671373 0.373016 -0.008348 0.996193 -0.086772 50.635143 0.673354 0.069753 0.736022 0.723741 0.000000 0.000000 0.000000 1.000000
0.706835 -0.051293 -0.705516 0.375716 0.002508 0.997543 -0.070011 51.296719 0.707374 0.047717 0.705227 0.432832 0.000000 0.000000 0.000000 1.000000
0.673451 -0.053785 -0.737273 0.356839 0.014245 0.998109 -0.059801 51.893951 0.739095 0.029770 0.672943 0.179659 0.000000 0.000000 0.000000 1.000000
0.644734 -0.055421 -0.762395 0.361569 0.022250 0.998306 -0.053754 52.181919 0.764083 0.017693 0.644875 0.016203 0.000000 0.000000 0.000000 1.000000
0.619544 -0.056471 -0.782928 0.420047 0.029926 0.998383 -0.048330 52.102097 0.784391 0.006512 0.620232 -0.038492 0.000000 0.000000 0.000000 1.000000
0.594803 -0.056882 -0.801856 0.496171 0.037360 0.998372 -0.043109 51.823727 0.803003 -0.004315 0.595960 -0.005921 0.000000 0.000000 0.000000 1.000000
0.573583 -0.056750 -0.817179 0.561777 0.043709 0.998296 -0.038648 51.451736 0.817980 -0.013551 0.575086 0.042222 0.000000 0.000000 0.000000 1.000000
0.554882 -0.056639 -0.829999 0.613061 0.049921 0.998149 -0.034739 51.084385 0.830430 -0.022159 0.556682 0.020431 0.000000 0.000000 0.000000 1.000000
0.538362 -0.056368 -0.840827 0.663399 0.055554 0.997964 -0.031332 50.731529 0.840881 -0.029843 0.540397 -0.035432 0.000000 0.000000 0.000000 1.000000
0.526601 -0.055740 -0.848283 0.706899 0.059251 0.997828 -0.028785 50.405571 0.848045 -0.035104 0.528760 -0.105855 0.000000 0.000000 0.000000 1.000000
0.522267 -0.054664 -0.851028 0.736156 0.059766 0.997836 -0.027417 50.134068 0.850685 -0.036543 0.524404 -0.198998 0.000000 0.000000 0.000000 1.000000</float_array><technique_common><accessor source="#mixamorig_Hips-Matrix-animation-output-transform-array" count="80" stride="16"><param type="float4x4"/></accessor></technique_common></source><source id="mixamorig_Hips-Interpolations"><Name_array id="mixamorig_Hips-Interpolations-array" count="80">
 LINEAR LINEAR LINEAR LINEAR LINEAR LINEAR LINEAR LINEAR LINEAR LINEAR LINEAR
LINEAR LINEAR LINEAR LINEAR LINEAR LINEAR LINEAR LINEAR LINEAR LINEAR LINEAR LINEAR
LINEAR LINEAR LINEAR LINEAR LINEAR LINEAR LINEAR LINEAR LINEAR LINEAR LINEAR LINEAR
LINEAR LINEAR LINEAR LINEAR LINEAR LINEAR LINEAR LINEAR LINEAR LINEAR LINEAR LINEAR
LINEAR LINEAR LINEAR LINEAR LINEAR LINEAR LINEAR LINEAR LINEAR LINEAR LINEAR LINEAR
LINEAR LINEAR LINEAR LINEAR LINEAR LINEAR LINEAR LINEAR LINEAR LINEAR LINEAR LINEAR
LINEAR LINEAR LINEAR LINEAR LINEAR LINEAR LINEAR LINEAR LINEAR</Name_array><technique_common><accessor source="#mixamorig_Hips-Interpolations-array" count="80"><param type="name"/></accessor></technique_common></source><sampler id="mixamorig_Hips-Matrix-animation-transform"><input semantic="INPUT" source="#mixamorig_Hips-Matrix-animation-input"/><input semantic="OUTPUT" source="#mixamorig_Hips-Matrix-animation-output-transform"/><input semantic="INTERPOLATION" source="#mixamorig_Hips-Interpolations"/></sampler><channel source="#mixamorig_Hips-Matrix-animation-transform" target="mixamorig_Hips/matrix"/></animation>
    <animation id="mixamorig_Spine-anim" name="mixamorig_Spine"><source id="mixamorig_Spine-Matrix-animation-input"><float_array id="mixamorig_Spine-Matrix-animation-input-array" count="80">

0.000000 0.033333 0.066667 0.100000 0.133333 0.166667 0.200000 0.233333 0.266667 0.300000 0.333333 0.366667 0.400000 0.433333 0.466667 0.500000
0.533333 0.566667 0.600000 0.633333 0.666667 0.700000 0.733333 0.766667 0.800000 0.833333 0.866667 0.900000 0.933333 0.966667 1.000000 1.033333
1.066667 1.100000 1.133333 1.166667 1.200000 1.233333 1.266667 1.300000 1.333333 1.366667 1.400000 1.433333 1.466667 1.500000 1.533333 1.566667
1.600000 1.633333 1.666667 1.700000 1.733333 1.766667 1.800000 1.833333 1.866667 1.900000 1.933333 1.966667 2.000000 2.033333 2.066667 2.100000
2.133333 2.166667 2.200000 2.233333 2.266667 2.300000 2.333333 2.366667 2.400000 2.433333 2.466667 2.500000 2.533333 2.566667 2.600000 2.633333</float_array><technique_common><accessor source="#mixamorig_Spine-Matrix-animation-input-array" count="80"><param name="TIME" type="float"/></accessor></technique_common></source><source id="mixamorig_Spine-Matrix-animation-output-transform"><float_array id="mixamorig_Spine-Matrix-animation-output-transform-array" count="1280">

0.999226 0.038020 0.010113 -0.000000 -0.037307 0.997304 -0.063190 16.216101 -0.012488 0.062764 0.997950 -2.336500 0.000000 0.000000 0.000000 1.000000
0.999224 0.037972 0.010424 -0.000000 -0.037235 0.997282 -0.063578 16.216101 -0.012810 0.063140 0.997922 -2.336500 0.000000 0.000000 0.000000 1.000000
0.999166 0.039269 0.011184 -0.000000 -0.038474 0.997199 -0.064140 16.216101 -0.013672 0.063656 0.997878 -2.336500 0.000000 0.000000 0.000000 1.000000
0.999097 0.040813 0.011818 0.000000 -0.039969 0.997117 -0.064503 16.216101 -0.014416 0.063972 0.997848 -2.336500 0.000000 0.000000 0.000000 1.000000
0.999020 0.042675 0.011722 0.000000 -0.041846 0.997096 -0.063633 16.216101 -0.014404 0.063080 0.997905 -2.336500 0.000000 0.000000 0.000000 1.000000
0.998918 0.045485 0.009682 0.000000 -0.044804 0.997090 -0.061685 16.216101 -0.012460 0.061185 0.998049 -2.336500 0.000000 0.000000 0.000000 1.000000
0.998855 0.047436 0.006162 -0.000000 -0.046992 0.997159 -0.058865 16.216101 -0.008936 0.058508 0.998247 -2.336500 0.000000 0.000000 0.000000 1.000000
0.998848 0.047963 0.001369 0.000000 -0.047812 0.997294 -0.055840 16.216101 -0.004043 0.055710 0.998439 -2.336500 0.000000 0.000000 0.000000 1.000000
0.998837 0.047947 -0.005103 -0.000000 -0.048153 0.997375 -0.054085 16.216101 0.002496 0.054268 0.998523 -2.336500 0.000000 0.000000 0.000000 1.000000
0.998760 0.047890 -0.013572 -0.000000 -0.048560 0.997341 -0.054334 16.216101 0.010934 0.054926 0.998431 -2.336500 0.000000 0.000000 0.000000 1.000000
0.998630 0.046976 -0.023041 0.000000 -0.048239 0.997165 -0.057749 16.216101 0.020263 0.058781 0.998065 -2.336500 0.000000 0.000000 0.000000 1.000000
0.998491 0.044686 -0.031905 -0.000000 -0.046641 0.996896 -0.063431 16.216101 0.028972 0.064824 0.997476 -2.336500 0.000000 0.000000 0.000000 1.000000
0.998336 0.041382 -0.040167 0.000000 -0.044049 0.996715 -0.067957 16.216101 0.037223 0.069613 0.996879 -2.336500 0.000000 0.000000 0.000000 1.000000
0.998187 0.036756 -0.047663 0.000000 -0.040082 0.996684 -0.070816 16.216101 0.044902 0.072598 0.996350 -2.336500 0.000000 0.000000 0.000000 1.000000
0.998084 0.030529 -0.053818 0.000000 -0.034418 0.996746 -0.072888 16.216101 0.051418 0.074600 0.995887 -2.336500 0.000000 0.000000 0.000000 1.000000
0.997980 0.022637 -0.059356 -0.000000 -0.027025 0.996878 -0.074193 16.216101 0.057491 0.075647 0.995476 -2.336500 0.000000 0.000000 0.000000 1.000000
0.997834 0.013709 -0.064345 0.000000 -0.018481 0.997075 -0.074157 16.216101 0.063140 0.075186 0.995169 -2.336500 0.000000 0.000000 0.000000 1.000000
0.997726 0.003961 -0.067284 -0.000000 -0.008812 0.997369 -0.071959 16.216101 0.066822 0.072388 0.995136 -2.336500 0.000000 0.000000 0.000000 1.000000
0.997621 -0.007206 -0.068553 0.000000 0.002579 0.997726 -0.067347 16.216101 0.068882 0.067010 0.995372 -2.336500 0.000000 0.000000 0.000000 1.000000
0.997368 -0.019508 -0.069825 0.000000 0.015208 0.997985 -0.061597 16.216101 0.070886 0.060373 0.995656 -2.336500 0.000000 0.000000 0.000000 1.000000
0.996960 -0.032061 -0.071011 -0.000000 0.028199 0.998103 -0.054732 16.216101 0.072631 0.052563 0.995973 -2.336500 0.000000 0.000000 0.000000 1.000000
0.996450 -0.044855 -0.071241 0.000000 0.041594 0.998046 -0.046623 16.216101 0.073194 0.043494 0.996369 -2.336500 0.000000 0.000000 0.000000 1.000000
0.995799 -0.057664 -0.071122 -0.000000 0.055047 0.997752 -0.038220 16.216101 0.073166 0.034144 0.996735 -2.336500 0.000000 0.000000 0.000000 1.000000
0.994999 -0.070095 -0.071163 0.000000 0.068057 0.997210 -0.030665 16.216101 0.073114 0.025668 0.996993 -2.336500 0.000000 0.000000 0.000000 1.000000
0.994081 -0.082265 -0.070964 -0.000000 0.080798 0.996458 -0.023305 16.216101 0.072630 0.017433 0.997207 -2.336500 0.000000 0.000000 0.000000 1.000000
0.993081 -0.093739 -0.070736 0.000000 0.092802 0.995549 -0.016424 16.216101 0.071961 0.009746 0.997360 -2.336500 0.000000 0.000000 0.000000 1.000000
0.992157 -0.103129 -0.070637 0.000000 0.102620 0.994662 -0.010815 16.216101 0.071376 0.003482 0.997443 -2.336500 0.000000 0.000000 0.000000 1.000000
0.991502 -0.109908 -0.069606 0.000000 0.109739 0.993941 -0.006264 16.216101 0.069873 -0.001428 0.997555 -2.336500 0.000000 0.000000 0.000000 1.000000
0.991048 -0.115013 -0.067794 0.000000 0.115148 0.993346 -0.001921 16.216101 0.067564 -0.005902 0.997697 -2.336500 0.000000 0.000000 0.000000 1.000000
0.990629 -0.119187 -0.066697 0.000000 0.119464 0.992838 0.000175 16.216101 0.066199 -0.008141 0.997773 -2.336500 0.000000 0.000000 0.000000 1.000000
0.990406 -0.121930 -0.065025 -0.000000 0.122129 0.992514 -0.000920 16.216101 0.064650 -0.007030 0.997883 -2.336500 0.000000 0.000000 0.000000 1.000000
0.990526 -0.122407 -0.062246 0.000000 0.122458 0.992469 -0.003022 16.216101 0.062148 -0.004629 0.998056 -2.336500 0.000000 0.000000 0.000000 1.000000
0.990772 -0.121048 -0.060979 0.000000 0.120941 0.992645 -0.005455 16.216101 0.061191 -0.001970 0.998124 -2.336500 0.000000 0.000000 0.000000 1.000000
0.990877 -0.119307 -0.062687 -0.000000 0.119007 0.992857 -0.008498 16.216101 0.063253 0.000961 0.997997 -2.336500 0.000000 0.000000 0.000000 1.000000
0.991438 -0.114181 -0.063358 0.000000 0.113646 0.993449 -0.012003 16.216101 0.064313 0.004700 0.997919 -2.336500 0.000000 0.000000 0.000000 1.000000
0.993271 -0.102680 -0.053558 0.000000 0.101871 0.994641 -0.017632 16.216101 0.055081 0.012057 0.998409 -2.336500 0.000000 0.000000 0.000000 1.000000
0.995641 -0.087566 -0.032115 0.000000 0.086788 0.995916 -0.024872 16.216101 0.034162 0.021976 0.999175 -2.336500 0.000000 0.000000 0.000000 1.000000
0.997291 -0.072536 -0.012205 -0.000000 0.072139 0.996934 -0.030306 16.216101 0.014366 0.029343 0.999466 -2.336500 0.000000 0.000000 0.000000 1.000000
0.998296 -0.058300 -0.002292 -0.000000 0.058193 0.997761 -0.032977 16.216101 0.004210 0.032787 0.999453 -2.336500 0.000000 0.000000 0.000000 1.000000
0.998847 -0.047863 -0.003809 0.000000 0.047697 0.998223 -0.035714 16.216101 0.005512 0.035491 0.999355 -2.336500 0.000000 0.000000 0.000000 1.000000
0.998950 -0.044476 -0.010988 0.000000 0.044009 0.998245 -0.039638 16.216101 0.012732 0.039112 0.999154 -2.336500 0.000000 0.000000 0.000000 1.000000
0.999006 -0.042401 -0.013767 -0.000000 0.041772 0.998194 -0.043177 16.216101 0.015572 0.042559 0.998973 -2.336500 0.000000 0.000000 0.000000 1.000000
0.999214 -0.037253 -0.013576 0.000000 0.036686 0.998532 -0.039848 16.216101 0.015041 0.039319 0.999114 -2.336500 0.000000 0.000000 0.000000 1.000000
0.999284 -0.034677 -0.015155 0.000000 0.034051 0.998629 -0.039751 16.216101 0.016513 0.039207 0.999095 -2.336500 0.000000 0.000000 0.000000 1.000000
0.999178 -0.036131 -0.018405 0.000000 0.035404 0.998635 -0.038405 16.216101 0.019768 0.037722 0.999093 -2.336500 0.000000 0.000000 0.000000 1.000000
0.999040 -0.037957 -0.021848 0.000000 0.037152 0.998655 -0.036154 16.216101 0.023191 0.035308 0.999107 -2.336500 0.000000 0.000000 0.000000 1.000000
0.998926 -0.039006 -0.025018 0.000000 0.038112 0.998650 -0.035283 16.216101 0.026360 0.034291 0.999064 -2.336500 0.000000 0.000000 0.000000 1.000000
0.998853 -0.039443 -0.027154 0.000000 0.038474 0.998635 -0.035334 16.216101 0.028511 0.034249 0.999007 -2.336500 0.000000 0.000000 0.000000 1.000000
0.998886 -0.038638 -0.027082 0.000000 0.037679 0.998674 -0.035090 16.216101 0.028402 0.034031 0.999017 -2.336500 0.000000 0.000000 0.000000 1.000000
0.999003 -0.036904 -0.025126 -0.000000 0.036025 0.998752 -0.034584 16.216101 0.026371 0.033645 0.999086 -2.336500 0.000000 0.000000 0.000000 1.000000
0.999155 -0.034559 -0.022250 -0.000000 0.033795 0.998856 -0.033832 16.216101 0.023394 0.033051 0.999180 -2.336500 0.000000 0.000000 0.000000 1.000000
0.999314 -0.031427 -0.019596 -0.000000 0.030770 0.998982 -0.032984 16.216101 0.020612 0.032359 0.999264 -2.336500 0.000000 0.000000 0.000000 1.000000
0.999467 -0.027838 -0.017025 -0.000000 0.027268 0.999089 -0.032824 16.216101 0.017923 0.032342 0.999316 -2.336500 0.000000 0.000000 0.000000 1.000000
0.999628 -0.023727 -0.013416 -0.000000 0.023261 0.999156 -0.033849 16.216101 0.014208 0.033524 0.999337 -2.336500 0.000000 0.000000 0.000000 1.000000
0.999788 -0.018708 -0.008601 -0.000000 0.018387 0.999183 -0.035988 16.216101 0.009267 0.035822 0.999315 -2.336500 0.000000 0.000000 0.000000 1.000000
0.999913 -0.012096 -0.005287 0.000000 0.011890 0.999234 -0.037295 16.216101 0.005734 0.037229 0.999290 -2.336500 0.000000 0.000000 0.000000 1.000000
0.999977 -0.005285 -0.004240 0.000000 0.005125 0.999308 -0.036845 16.216101 0.004431 0.036823 0.999312 -2.336500 0.000000 0.000000 0.000000 1.000000
0.999994 -0.000210 -0.003411 0.000000 0.000086 0.999333 -0.036510 16.216101 0.003416 0.036510 0.999327 -2.336500 0.000000 0.000000 0.000000 1.000000
0.999990 0.003422 -0.003012 0.000000 -0.003531 0.999309 -0.037004 16.216101 0.002883 0.037014 0.999311 -2.336500 0.000000 0.000000 0.000000 1.000000
0.999981 0.005627 -0.002516 -0.000000 -0.005716 0.999299 -0.037002 16.216101 0.002306 0.037016 0.999312 -2.336500 0.000000 0.000000 0.000000 1.000000
0.999977 0.006791 0.000002 0.000000 -0.006786 0.999313 -0.036440 16.216101 -0.000250 0.036440 0.999336 -2.336500 0.000000 0.000000 0.000000 1.000000
0.999956 0.008392 0.004137 0.000000 -0.008235 0.999297 -0.036580 16.216101 -0.004441 0.036544 0.999322 -2.336500 0.000000 0.000000 0.000000 1.000000
0.999927 0.009819 0.007108 -0.000000 -0.009541 0.999225 -0.038196 16.216101 -0.007478 0.038125 0.999245 -2.336500 0.000000 0.000000 0.000000 1.000000
0.999921 0.010318 0.007189 0.000000 -0.010019 0.999134 -0.040373 16.216101 -0.007599 0.040297 0.999159 -2.336500 0.000000 0.000000 0.000000 1.000000
0.999917 0.010980 0.006793 0.000000 -0.010683 0.999050 -0.042249 16.216101 -0.007250 0.042173 0.999084 -2.336500 0.000000 0.000000 0.000000 1.000000
0.999898 0.011658 0.008214 -0.000000 -0.011278 0.998928 -0.044890 16.216101 -0.008729 0.044793 0.998958 -2.336500 0.000000 0.000000 0.000000 1.000000
0.999882 0.012041 0.009586 -0.000000 -0.011566 0.998774 -0.048128 16.216101 -0.010153 0.048012 0.998795 -2.336500 0.000000 0.000000 0.000000 1.000000
0.999875 0.012685 0.009410 -0.000000 -0.012198 0.998667 -0.050151 16.216101 -0.010034 0.050030 0.998697 -2.336500 0.000000 0.000000 0.000000 1.000000
0.999867 0.013596 0.009020 0.000000 -0.013113 0.998582 -0.051597 16.216101 -0.009708 0.051472 0.998627 -2.336500 0.000000 0.000000 0.000000 1.000000
0.999848 0.015156 0.008586 0.000000 -0.014669 0.998424 -0.054169 16.216101 -0.009393 0.054034 0.998495 -2.336500 0.000000 0.000000 0.000000 1.000000
0.999809 0.017944 0.007718 -0.000000 -0.017482 0.998265 -0.056220 16.216101 -0.008713 0.056074 0.998389 -2.336500 0.000000 0.000000 0.000000 1.000000
0.999748 0.021172 0.007436 0.000000 -0.020712 0.998146 -0.057238 16.216101 -0.008634 0.057069 0.998333 -2.336500 0.000000 0.000000 0.000000 1.000000
0.999685 0.023781 0.007980 0.000000 -0.023278 0.998038 -0.058124 16.216101 -0.009346 0.057920 0.998277 -2.336500 0.000000 0.000000 0.000000 1.000000
0.999623 0.026157 0.008358 0.000000 -0.025615 0.997904 -0.059426 16.216101 -0.009895 0.059190 0.998198 -2.336500 0.000000 0.000000 0.000000 1.000000
0.999572 0.027911 0.008766 -0.000000 -0.027329 0.997779 -0.060741 16.216101 -0.010441 0.060475 0.998115 -2.336500 0.000000 0.000000 0.000000 1.000000
0.999526 0.029353 0.009237 0.000000 -0.028728 0.997676 -0.061787 16.216101 -0.011029 0.061493 0.998047 -2.336500 0.000000 0.000000 0.000000 1.000000
0.999468 0.031189 0.009585 0.000000 -0.030528 0.997568 -0.062659 16.216101 -0.011516 0.062333 0.997989 -2.336500 0.000000 0.000000 0.000000 1.000000
0.999399 0.033232 0.009872 -0.000000 -0.032542 0.997460 -0.063355 16.216101 -0.011953 0.062995 0.997942 -2.336500 0.000000 0.000000 0.000000 1.000000
0.999326 0.035268 0.010229 0.000000 -0.034548 0.997375 -0.063630 16.216101 -0.012446 0.063233 0.997921 -2.336500 0.000000 0.000000 0.000000 1.000000
0.999226 0.038020 0.010113 -0.000000 -0.037308 0.997304 -0.063190 16.216101 -0.012488 0.062764 0.997950 -2.336500 0.000000 0.000000 0.000000 1.000000</float_array><technique_common><accessor source="#mixamorig_Spine-Matrix-animation-output-transform-array" count="80" stride="16"><param type="float4x4"/></accessor></technique_common></source><source id="mixamorig_Spine-Interpolations"><Name_array id="mixamorig_Spine-Interpolations-array" count="80">
 LINEAR LINEAR LINEAR LINEAR LINEAR LINEAR LINEAR LINEAR LINEAR LINEAR LINEAR
LINEAR LINEAR LINEAR LINEAR LINEAR LINEAR LINEAR LINEAR LINEAR LINEAR LINEAR LINEAR
LINEAR LINEAR LINEAR LINEAR LINEAR LINEAR LINEAR LINEAR LINEAR LINEAR LINEAR LINEAR
LINEAR LINEAR LINEAR LINEAR LINEAR LINEAR LINEAR LINEAR LINEAR LINEAR LINEAR LINEAR
LINEAR LINEAR LINEAR LINEAR LINEAR LINEAR LINEAR LINEAR LINEAR LINEAR LINEAR LINEAR
LINEAR LINEAR LINEAR LINEAR LINEAR LINEAR LINEAR LINEAR LINEAR LINEAR LINEAR LINEAR
LINEAR LINEAR LINEAR LINEAR LINEAR LINEAR LINEAR LINEAR LINEAR</Name_array><technique_common><accessor source="#mixamorig_Spine-Interpolations-array" count="80"><param type="name"/></accessor></technique_common></source><sampler id="mixamorig_Spine-Matrix-animation-transform"><input semantic="INPUT" source="#mixamorig_Spine-Matrix-animation-input"/><input semantic="OUTPUT" source="#mixamorig_Spine-Matrix-animation-output-transform"/><input semantic="INTERPOLATION" source="#mixamorig_Spine-Interpolations"/></sampler><channel source="#mixamorig_Spine-Matrix-animation-transform" target="mixamorig_Spine/matrix"/></animation>
    <animation id="mixamorig_Spine1-anim" name="mixamorig_Spine1"><source id="mixamorig_Spine1-Matrix-animation-input"><float_array id="mixamorig_Spine1-Matrix-animation-input-array" count="80">

0.000000 0.033333 0.066667 0.100000 0.133333 0.166667 0.200000 0.233333 0.266667 0.300000 0.333333 0.366667 0.400000 0.433333 0.466667 0.500000
0.533333 0.566667 0.600000 0.633333 0.666667 0.700000 0.733333 0.766667 0.800000 0.833333 0.866667 0.900000 0.933333 0.966667 1.000000 1.033333
1.066667 1.100000 1.133333 1.166667 1.200000 1.233333 1.266667 1.300000 1.333333 1.366667 1.400000 1.433333 1.466667 1.500000 1.533333 1.566667
1.600000 1.633333 1.666667 1.700000 1.733333 1.766667 1.800000 1.833333 1.866667 1.900000 1.933333 1.966667 2.000000 2.033333 2.066667 2.100000
2.133333 2.166667 2.200000 2.233333 2.266667 2.300000 2.333333 2.366667 2.400000 2.433333 2.466667 2.500000 2.533333 2.566667 2.600000 2.633333</float_array><technique_common><accessor source="#mixamorig_Spine1-Matrix-animation-input-array" count="80"><param name="TIME" type="float"/></accessor></technique_common></source><source id="mixamorig_Spine1-Matrix-animation-output-transform"><float_array id="mixamorig_Spine1-Matrix-animation-output-transform-array" count="1280">

0.995240 0.096531 0.013354 0.000000 -0.093529 0.984662 -0.147283 9.477100 -0.027366 0.145333 0.989004 -1.486900 0.000000 0.000000 0.000000 1.000000
0.995295 0.095859 0.014102 -0.000000 -0.092733 0.984617 -0.148085 9.477100 -0.028080 0.146081 0.988874 -1.486900 0.000000 0.000000 0.000000 1.000000
0.995064 0.097992 0.015667 0.000000 -0.094578 0.984263 -0.149272 9.477100 -0.030048 0.147053 0.988672 -1.486900 0.000000 0.000000 0.000000 1.000000
0.994754 0.100879 0.016980 0.000000 -0.097215 0.983887 -0.150053 9.477100 -0.031843 0.147615 0.988532 -1.486900 0.000000 0.000000 0.000000 1.000000
0.994352 0.104761 0.016978 -0.000000 -0.101112 0.983754 -0.148341 9.477100 -0.032243 0.145786 0.988791 -1.486900 0.000000 0.000000 0.000000 1.000000
0.993768 0.110663 0.013384 0.000000 -0.107593 0.983658 -0.144362 9.477100 -0.029141 0.142022 0.989434 -1.486900 0.000000 0.000000 0.000000 1.000000
0.993378 0.114665 0.007181 0.000000 -0.112574 0.983938 -0.138537 9.477100 -0.022951 0.136811 0.990331 -1.486900 0.000000 0.000000 0.000000 1.000000
0.993301 0.115549 -0.001294 -0.000000 -0.114705 0.984564 -0.132199 9.477100 -0.014001 0.131462 0.991222 -1.486900 0.000000 0.000000 0.000000 1.000000
0.993388 0.114072 -0.012989 -0.000000 -0.114794 0.985069 -0.128303 9.477100 -0.001840 0.128946 0.991650 -1.486900 0.000000 0.000000 0.000000 1.000000
0.993269 0.112196 -0.028788 0.000000 -0.114985 0.985054 -0.128242 9.477100 0.013970 0.130689 0.991325 -1.486900 0.000000 0.000000 0.000000 1.000000
0.992935 0.109125 -0.046602 -0.000000 -0.114483 0.984294 -0.134385 9.477100 0.031206 0.138771 0.989833 -1.486900 0.000000 0.000000 0.000000 1.000000
0.992567 0.104207 -0.062861 -0.000000 -0.112392 0.983019 -0.145055 9.477100 0.046678 0.151042 0.987425 -1.486900 0.000000 0.000000 0.000000 1.000000
0.992183 0.097800 -0.077513 0.000000 -0.108801 0.982144 -0.153480 9.477100 0.061118 0.160713 0.985107 -1.486900 0.000000 0.000000 0.000000 1.000000
0.991932 0.089096 -0.090183 0.000000 -0.102633 0.981974 -0.158724 9.477100 0.074416 0.166699 0.983196 -1.486900 0.000000 0.000000 0.000000 1.000000
0.992021 0.076984 -0.099837 0.000000 -0.092602 0.982327 -0.162662 9.477100 0.085550 0.170610 0.981618 -1.486900 0.000000 0.000000 0.000000 1.000000
0.992208 0.061871 -0.108144 0.000000 -0.079310 0.983060 -0.165235 9.477100 0.096088 0.172524 0.980307 -1.486900 0.000000 0.000000 0.000000 1.000000
0.992289 0.045353 -0.115348 0.000000 -0.064188 0.984164 -0.165231 9.477100 0.106028 0.171361 0.979486 -1.486900 0.000000 0.000000 0.000000 1.000000
0.992553 0.027368 -0.118702 0.000000 -0.046458 0.985832 -0.161171 9.477100 0.112610 0.165486 0.979762 -1.486900 0.000000 0.000000 0.000000 1.000000
0.992878 0.007002 -0.118929 0.000000 -0.025234 0.987981 -0.152499 9.477100 0.116432 0.154414 0.981122 -1.486900 0.000000 0.000000 0.000000 1.000000
0.992717 -0.014913 -0.119546 0.000000 -0.002174 0.989930 -0.141540 9.477100 0.120453 0.140769 0.982688 -1.486900 0.000000 0.000000 0.000000 1.000000
0.992015 -0.036830 -0.120626 0.000000 0.021210 0.991508 -0.128307 9.477100 0.124327 0.124724 0.984371 -1.486900 0.000000 0.000000 0.000000 1.000000
0.991007 -0.058695 -0.120251 0.000000 0.045131 0.992618 -0.112571 9.477100 0.125970 0.106132 0.986340 -1.486900 0.000000 0.000000 0.000000 1.000000
0.989620 -0.080305 -0.119174 0.000000 0.068992 0.992968 -0.096196 9.477100 0.126061 0.086976 0.988202 -1.486900 0.000000 0.000000 0.000000 1.000000
0.987747 -0.101065 -0.118921 -0.000000 0.091741 0.992447 -0.081439 9.477100 0.126253 0.069531 0.989558 -1.486900 0.000000 0.000000 0.000000 1.000000
0.985465 -0.121142 -0.119093 0.000000 0.113752 0.991245 -0.067030 9.477100 0.126170 0.052508 0.990618 -1.486900 0.000000 0.000000 0.000000 1.000000
0.982869 -0.140071 -0.119788 0.000000 0.134483 0.989467 -0.053568 9.477100 0.126030 0.036541 0.991353 -1.486900 0.000000 0.000000 0.000000 1.000000
0.980303 -0.155628 -0.121594 0.000000 0.151488 0.987539 -0.042643 9.477100 0.126716 0.023383 0.991663 -1.486900 0.000000 0.000000 0.000000 1.000000
0.978325 -0.167147 -0.122236 0.000000 0.164207 0.985846 -0.033817 9.477100 0.126158 0.013012 0.991925 -1.486900 0.000000 0.000000 0.000000 1.000000
0.976610 -0.177254 -0.121715 0.000000 0.175440 0.984159 -0.025544 9.477100 0.124314 0.003593 0.992236 -1.486900 0.000000 0.000000 0.000000 1.000000
0.974639 -0.187265 -0.122514 0.000000 0.185983 0.982308 -0.021926 9.477100 0.124452 -0.001416 0.992225 -1.486900 0.000000 0.000000 0.000000 1.000000
0.972812 -0.196873 -0.121977 0.000000 0.195300 0.980429 -0.024844 9.477100 0.124481 0.000346 0.992222 -1.486900 0.000000 0.000000 0.000000 1.000000
0.971668 -0.204058 -0.119254 -0.000000 0.201929 0.978947 -0.029808 9.477100 0.122826 0.004883 0.992416 -1.486900 0.000000 0.000000 0.000000 1.000000
0.970631 -0.209131 -0.118910 0.000000 0.206328 0.977837 -0.035555 9.477100 0.123711 0.009976 0.992268 -1.486900 0.000000 0.000000 0.000000 1.000000
0.968808 -0.214905 -0.123395 0.000000 0.211156 0.976513 -0.042851 9.477100 0.129706 0.015459 0.991432 -1.486900 0.000000 0.000000 0.000000 1.000000
0.968133 -0.216050 -0.126656 0.000000 0.211147 0.976118 -0.051101 9.477100 0.134671 0.022730 0.990630 -1.486900 0.000000 0.000000 0.000000 1.000000
0.973228 -0.201088 -0.111315 -0.000000 0.195171 0.978818 -0.061837 9.477100 0.121392 0.038456 0.991859 -1.486900 0.000000 0.000000 0.000000 1.000000
0.982406 -0.171120 -0.074811 0.000000 0.165658 0.983403 -0.074003 9.477100 0.086232 0.060308 0.994448 -1.486900 0.000000 0.000000 0.000000 1.000000
0.990012 -0.134141 -0.043380 -0.000000 0.130240 0.988014 -0.082863 9.477100 0.053976 0.076386 0.995616 -1.486900 0.000000 0.000000 0.000000 1.000000
0.994642 -0.098548 -0.031239 0.000000 0.095504 0.991593 -0.087303 9.477100 0.039580 0.083852 0.995692 -1.486900 0.000000 0.000000 0.000000 1.000000
0.996559 -0.073592 -0.038146 0.000000 0.069811 0.993269 -0.092426 9.477100 0.044691 0.089445 0.994989 -1.486900 0.000000 0.000000 0.000000 1.000000
0.996392 -0.065614 -0.053824 -0.000000 0.059993 0.993166 -0.100108 9.477100 0.060025 0.096517 0.993520 -1.486900 0.000000 0.000000 0.000000 1.000000
0.996188 -0.062246 -0.061110 0.000000 0.055808 0.993224 -0.101935 9.477100 0.067041 0.098136 0.992912 -1.486900 0.000000 0.000000 0.000000 1.000000
0.996607 -0.052761 -0.063180 -0.000000 0.046449 0.994150 -0.097510 9.477100 0.067955 0.094245 0.993227 -1.486900 0.000000 0.000000 0.000000 1.000000
0.996380 -0.049705 -0.068971 0.000000 0.042906 0.994380 -0.096786 9.477100 0.073394 0.093476 0.992913 -1.486900 0.000000 0.000000 0.000000 1.000000
0.995415 -0.056752 -0.076990 0.000000 0.049269 0.994177 -0.095838 9.477100 0.081980 0.091606 0.992415 -1.486900 0.000000 0.000000 0.000000 1.000000
0.994428 -0.063736 -0.083972 -0.000000 0.055929 0.994164 -0.092250 9.477100 0.089362 0.087040 0.992189 -1.486900 0.000000 0.000000 0.000000 1.000000
0.993678 -0.067158 -0.089967 -0.000000 0.058985 0.994138 -0.090614 9.477100 0.095525 0.084735 0.991814 -1.486900 0.000000 0.000000 0.000000 1.000000
0.993216 -0.068817 -0.093737 -0.000000 0.060232 0.993980 -0.091523 9.477100 0.099471 0.085256 0.991381 -1.486900 0.000000 0.000000 0.000000 1.000000
0.993383 -0.067536 -0.092891 0.000000 0.059015 0.994045 -0.091609 9.477100 0.098525 0.085521 0.991453 -1.486900 0.000000 0.000000 0.000000 1.000000
0.994066 -0.063768 -0.088125 0.000000 0.055740 0.994314 -0.090733 9.477100 0.093409 0.085283 0.991969 -1.486900 0.000000 0.000000 0.000000 1.000000
0.994958 -0.058512 -0.081452 0.000000 0.051190 0.994693 -0.089250 9.477100 0.086242 0.084630 0.992673 -1.486900 0.000000 0.000000 0.000000 1.000000
0.995825 -0.051573 -0.075317 0.000000 0.044908 0.995138 -0.087657 9.477100 0.079471 0.083909 0.993299 -1.486900 0.000000 0.000000 0.000000 1.000000
0.996624 -0.044018 -0.069300 0.000000 0.037863 0.995422 -0.087753 9.477100 0.072845 0.084833 0.993729 -1.486900 0.000000 0.000000 0.000000 1.000000
0.997495 -0.036189 -0.060778 0.000000 0.030614 0.995446 -0.090279 9.477100 0.063768 0.088192 0.994060 -1.486900 0.000000 0.000000 0.000000 1.000000
0.998403 -0.027436 -0.049377 0.000000 0.022696 0.995302 -0.094125 9.477100 0.051727 0.092854 0.994335 -1.486900 0.000000 0.000000 0.000000 1.000000
0.999044 -0.016186 -0.040620 0.000000 0.012233 0.995331 -0.095745 9.477100 0.041980 0.095157 0.994577 -1.486900 0.000000 0.000000 0.000000 1.000000
0.999331 -0.004154 -0.036333 0.000000 0.000697 0.995510 -0.094657 9.477100 0.036563 0.094568 0.994847 -1.486900 0.000000 0.000000 0.000000 1.000000
0.999451 0.006094 -0.032567 -0.000000 -0.009133 0.995530 -0.094001 9.477100 0.031849 0.094247 0.995039 -1.486900 0.000000 0.000000 0.000000 1.000000
0.999424 0.015628 -0.030109 0.000000 -0.018421 0.995322 -0.094838 9.477100 0.028486 0.095338 0.995037 -1.486900 0.000000 0.000000 0.000000 1.000000
0.999298 0.024565 -0.028270 0.000000 -0.027139 0.995145 -0.094604 9.477100 0.025809 0.095305 0.995114 -1.486900 0.000000 0.000000 0.000000 1.000000
