<?xml version="1.0" encoding="utf-8"?>
<COLLADA xmlns="http://www.collada.org/2005/11/COLLADASchema" version="1.4.1">
  <asset><contributor><author>Mixamo</author><authoring_tool>COLLADA Mixamo exporter</authoring_tool><comments></comments></contributor><created>2020-05-07T22:08:46Z</created><modified>2020-05-07T22:08:46Z</modified><revision></revision><title></title><unit meter="0.010000"/><up_axis>Y_UP</up_axis></asset>
  <library_geometries>
    <geometry id="rigging_body-lib" name="rigging_bodyMesh">
      <mesh>
        <source id="rigging_body-lib-Position" name="position">
          <float_array id="rigging_body-lib-Position-array" count="0"></float_array>
          <technique_common>
            <accessor count="0" source="#rigging_body-lib-Position-array" stride="3">
              <param name="X" type="float"/>
              <param name="Y" type="float"/>
              <param name="Z" type="float"/>
            </accessor>
          </technique_common>
        </source>
        <vertices id="rigging_body-lib-Vertex">
          <input semantic="POSITION" source="#rigging_body-lib-Position"/>
        </vertices>
      </mesh>
    </geometry>
    <geometry id="rigging_Cylinder001-lib" name="rigging_Cylinder001Mesh">
      <mesh>
        <source id="rigging_Cylinder001-lib-Position" name="position">
          <float_array id="rigging_Cylinder001-lib-Position-array" count="0"></float_array>
          <technique_common>
            <accessor count="0" source="#rigging_Cylinder001-lib-Position-array" stride="3">
              <param name="X" type="float"/>
              <param name="Y" type="float"/>
              <param name="Z" type="float"/>
            </accessor>
          </technique_common>
        </source>
        <vertices id="rigging_Cylinder001-lib-Vertex">
          <input semantic="POSITION" source="#rigging_Cylinder001-lib-Position"/>
        </vertices>
      </mesh>
    </geometry>
    <geometry id="rigging_eyebrowns-lib" name="rigging_eyebrownsMesh">
      <mesh>
        <source id="rigging_eyebrowns-lib-Position" name="position">
          <float_array id="rigging_eyebrowns-lib-Position-array" count="0"></float_array>
          <technique_common>
            <accessor count="0" source="#rigging_eyebrowns-lib-Position-array" stride="3">
              <param name="X" type="float"/>
              <param name="Y" type="float"/>
              <param name="Z" type="float"/>
            </accessor>
          </technique_common>
        </source>
        <vertices id="rigging_eyebrowns-lib-Vertex">
          <input semantic="POSITION" source="#rigging_eyebrowns-lib-Position"/>
        </vertices>
      </mesh>
    </geometry>
    <geometry id="rigging_eyebrowns001-lib" name="rigging_eyebrowns001Mesh">
      <mesh>
        <source id="rigging_eyebrowns001-lib-Position" name="position">
          <float_array id="rigging_eyebrowns001-lib-Position-array" count="0"></float_array>
          <technique_common>
            <accessor count="0" source="#rigging_eyebrowns001-lib-Position-array" stride="3">
              <param name="X" type="float"/>
              <param name="Y" type="float"/>
              <param name="Z" type="float"/>
            </accessor>
          </technique_common>
        </source>
        <vertices id="rigging_eyebrowns001-lib-Vertex">
          <input semantic="POSITION" source="#rigging_eyebrowns001-lib-Position"/>
        </vertices>
      </mesh>
    </geometry>
    <geometry id="rigging_hear-lib" name="rigging_hearMesh">
      <mesh>
        <source id="rigging_hear-lib-Position" name="position">
          <float_array id="rigging_hear-lib-Position-array" count="0"></float_array>
          <technique_common>
            <accessor count="0" source="#rigging_hear-lib-Position-array" stride="3">
              <param name="X" type="float"/>
              <param name="Y" type="float"/>
              <param name="Z" type="float"/>
            </accessor>
          </technique_common>
        </source>
        <vertices id="rigging_hear-lib-Vertex">
          <input semantic="POSITION" source="#rigging_hear-lib-Position"/>
        </vertices>
      </mesh>
    </geometry>
    <geometry id="rigging_Tube001-lib" name="rigging_Tube001Mesh">
      <mesh>
        <source id="rigging_Tube001-lib-Position" name="position">
          <float_array id="rigging_Tube001-lib-Position-array" count="0"></float_array>
          <technique_common>
            <accessor count="0" source="#rigging_Tube001-lib-Position-array" stride="3">
              <param name="X" type="float"/>
              <param name="Y" type="float"/>
              <param name="Z" type="float"/>
            </accessor>
          </technique_common>
        </source>
        <vertices id="rigging_Tube001-lib-Vertex">
          <input semantic="POSITION" source="#rigging_Tube001-lib-Position"/>
        </vertices>
      </mesh>
    </geometry>
  </library_geometries>
  <library_controllers>
    <controller id="rigging_bodyController">
      <skin source="#rigging_body-lib">
        <bind_shape_matrix>1.000000 -0.000000 0.000000 0.000000 0.000000 1.000000 -0.000000 0.000000 0.000000 0.000000 1.000000 0.000000 0.000000 0.000000 0.000000 1.000000
</bind_shape_matrix>
        <source id="rigging_bodyController-Joints">
          <Name_array id="rigging_bodyController-Joints-array" count="1">
 rigging_body</Name_array>
          <technique_common>
            <accessor source="#rigging_bodyController-Joints-array" count="1">
              <param type="name"/>
            </accessor>
          </technique_common>
        </source>
        <source id="rigging_bodyController-Matrices">
          <float_array id="rigging_bodyController-Matrices-array" count="32">

1.000000 0.000000 0.000000 -0.000000 -0.000000 1.000000 0.000000 -0.000000 0.000000 -0.000000 1.000000 -0.000000 0.000000 0.000000 0.000000 1.000000
1.000000 0.000000 0.000000 -0.000000 -0.000000 1.000000 0.000000 -0.000000 0.000000 -0.000000 1.000000 -0.000000 0.000000 0.000000 0.000000 1.000000</float_array>
          <technique_common>
            <accessor source="#rigging_bodyController-Matrices-array" count="2" stride="16">
              <param type="float4x4"/>
            </accessor>
          </technique_common>
        </source>
        <source id="rigging_bodyController-Weights">
          <float_array id="rigging_bodyController-Weights-array" count="1">

1.000000</float_array>
          <technique_common>
            <accessor source="#rigging_bodyController-Weights-array" count="1">
              <param type="float"/>
            </accessor>
          </technique_common>
        </source>
        <joints>
          <input semantic="JOINT" source="#rigging_bodyController-Joints"/>
          <input semantic="INV_BIND_MATRIX" source="#rigging_bodyController-Matrices"/>
        </joints>
        <vertex_weights count="0">
          <input semantic="JOINT" offset="0" source="#rigging_bodyController-Joints"/>
          <input semantic="WEIGHT" offset="1" source="#rigging_bodyController-Weights"/>
          <vcount></vcount>
          <v></v>
        </vertex_weights>
      </skin>
    </controller>
    <controller id="rigging_Cylinder001Controller">
      <skin source="#rigging_Cylinder001-lib">
        <bind_shape_matrix>1.000000 -0.000000 0.000000 0.000000 0.000000 1.000000 -0.000000 0.000000 0.000000 0.000000 1.000000 0.000000 0.000000 0.000000 0.000000 1.000000
</bind_shape_matrix>
        <source id="rigging_Cylinder001Controller-Joints">
          <Name_array id="rigging_Cylinder001Controller-Joints-array" count="1">
 rigging_Cylinder001</Name_array>
          <technique_common>
            <accessor source="#rigging_Cylinder001Controller-Joints-array" count="1">
              <param type="name"/>
            </accessor>
          </technique_common>
        </source>
        <source id="rigging_Cylinder001Controller-Matrices">
          <float_array id="rigging_Cylinder001Controller-Matrices-array" count="32">

1.000000 0.000000 0.000000 -0.000000 -0.000000 1.000000 0.000000 -0.000000 0.000000 -0.000000 1.000000 -0.000000 0.000000 0.000000 0.000000 1.000000
1.000000 0.000000 0.000000 -0.000000 -0.000000 1.000000 0.000000 -0.000000 0.000000 -0.000000 1.000000 -0.000000 0.000000 0.000000 0.000000 1.000000</float_array>
          <technique_common>
            <accessor source="#rigging_Cylinder001Controller-Matrices-array" count="2" stride="16">
              <param type="float4x4"/>
            </accessor>
          </technique_common>
        </source>
        <source id="rigging_Cylinder001Controller-Weights">
          <float_array id="rigging_Cylinder001Controller-Weights-array" count="1">

1.000000</float_array>
          <technique_common>
            <accessor source="#rigging_Cylinder001Controller-Weights-array" count="1">
              <param type="float"/>
            </accessor>
          </technique_common>
        </source>
        <joints>
          <input semantic="JOINT" source="#rigging_Cylinder001Controller-Joints"/>
          <input semantic="INV_BIND_MATRIX" source="#rigging_Cylinder001Controller-Matrices"/>
        </joints>
        <vertex_weights count="0">
          <input semantic="JOINT" offset="0" source="#rigging_Cylinder001Controller-Joints"/>
          <input semantic="WEIGHT" offset="1" source="#rigging_Cylinder001Controller-Weights"/>
          <vcount></vcount>
          <v></v>
        </vertex_weights>
      </skin>
    </controller>
    <controller id="rigging_eyebrownsController">
      <skin source="#rigging_eyebrowns-lib">
        <bind_shape_matrix>1.000000 -0.000000 0.000000 0.000000 0.000000 1.000000 -0.000000 0.000000 0.000000 0.000000 1.000000 0.000000 0.000000 0.000000 0.000000 1.000000
</bind_shape_matrix>
        <source id="rigging_eyebrownsController-Joints">
          <Name_array id="rigging_eyebrownsController-Joints-array" count="1">
 rigging_eyebrowns</Name_array>
          <technique_common>
            <accessor source="#rigging_eyebrownsController-Joints-array" count="1">
              <param type="name"/>
            </accessor>
          </technique_common>
        </source>
        <source id="rigging_eyebrownsController-Matrices">
          <float_array id="rigging_eyebrownsController-Matrices-array" count="32">

1.000000 0.000000 0.000000 -0.000000 -0.000000 1.000000 0.000000 -0.000000 0.000000 -0.000000 1.000000 -0.000000 0.000000 0.000000 0.000000 1.000000
1.000000 0.000000 0.000000 -0.000000 -0.000000 1.000000 0.000000 -0.000000 0.000000 -0.000000 1.000000 -0.000000 0.000000 0.000000 0.000000 1.000000</float_array>
          <technique_common>
            <accessor source="#rigging_eyebrownsController-Matrices-array" count="2" stride="16">
              <param type="float4x4"/>
            </accessor>
          </technique_common>
        </source>
        <source id="rigging_eyebrownsController-Weights">
          <float_array id="rigging_eyebrownsController-Weights-array" count="1">

1.000000</float_array>
          <technique_common>
            <accessor source="#rigging_eyebrownsController-Weights-array" count="1">
              <param type="float"/>
            </accessor>
          </technique_common>
        </source>
        <joints>
          <input semantic="JOINT" source="#rigging_eyebrownsController-Joints"/>
          <input semantic="INV_BIND_MATRIX" source="#rigging_eyebrownsController-Matrices"/>
        </joints>
        <vertex_weights count="0">
          <input semantic="JOINT" offset="0" source="#rigging_eyebrownsController-Joints"/>
          <input semantic="WEIGHT" offset="1" source="#rigging_eyebrownsController-Weights"/>
          <vcount></vcount>
          <v></v>
        </vertex_weights>
      </skin>
    </controller>
    <controller id="rigging_eyebrowns001Controller">
      <skin source="#rigging_eyebrowns001-lib">
        <bind_shape_matrix>1.000000 -0.000000 0.000000 0.000000 0.000000 1.000000 -0.000000 0.000000 0.000000 0.000000 1.000000 0.000000 0.000000 0.000000 0.000000 1.000000
</bind_shape_matrix>
        <source id="rigging_eyebrowns001Controller-Joints">
          <Name_array id="rigging_eyebrowns001Controller-Joints-array" count="1">
 rigging_eyebrowns001</Name_array>
          <technique_common>
            <accessor source="#rigging_eyebrowns001Controller-Joints-array" count="1">
              <param type="name"/>
            </accessor>
          </technique_common>
        </source>
        <source id="rigging_eyebrowns001Controller-Matrices">
          <float_array id="rigging_eyebrowns001Controller-Matrices-array" count="32">

1.000000 0.000000 0.000000 -0.000000 -0.000000 1.000000 0.000000 -0.000000 0.000000 -0.000000 1.000000 -0.000000 0.000000 0.000000 0.000000 1.000000
1.000000 0.000000 0.000000 -0.000000 -0.000000 1.000000 0.000000 -0.000000 0.000000 -0.000000 1.000000 -0.000000 0.000000 0.000000 0.000000 1.000000</float_array>
          <technique_common>
            <accessor source="#rigging_eyebrowns001Controller-Matrices-array" count="2" stride="16">
              <param type="float4x4"/>
            </accessor>
          </technique_common>
        </source>
        <source id="rigging_eyebrowns001Controller-Weights">
          <float_array id="rigging_eyebrowns001Controller-Weights-array" count="1">

1.000000</float_array>
          <technique_common>
            <accessor source="#rigging_eyebrowns001Controller-Weights-array" count="1">
              <param type="float"/>
            </accessor>
          </technique_common>
        </source>
        <joints>
          <input semantic="JOINT" source="#rigging_eyebrowns001Controller-Joints"/>
          <input semantic="INV_BIND_MATRIX" source="#rigging_eyebrowns001Controller-Matrices"/>
        </joints>
        <vertex_weights count="0">
          <input semantic="JOINT" offset="0" source="#rigging_eyebrowns001Controller-Joints"/>
          <input semantic="WEIGHT" offset="1" source="#rigging_eyebrowns001Controller-Weights"/>
          <vcount></vcount>
          <v></v>
        </vertex_weights>
      </skin>
    </controller>
    <controller id="rigging_hearController">
      <skin source="#rigging_hear-lib">
        <bind_shape_matrix>1.000000 -0.000000 0.000000 0.000000 0.000000 1.000000 -0.000000 0.000000 0.000000 0.000000 1.000000 0.000000 0.000000 0.000000 0.000000 1.000000
</bind_shape_matrix>
        <source id="rigging_hearController-Joints">
          <Name_array id="rigging_hearController-Joints-array" count="1">
 rigging_hear</Name_array>
          <technique_common>
            <accessor source="#rigging_hearController-Joints-array" count="1">
              <param type="name"/>
            </accessor>
          </technique_common>
        </source>
        <source id="rigging_hearController-Matrices">
          <float_array id="rigging_hearController-Matrices-array" count="32">

1.000000 0.000000 0.000000 -0.000000 -0.000000 1.000000 0.000000 -0.000000 0.000000 -0.000000 1.000000 -0.000000 0.000000 0.000000 0.000000 1.000000
1.000000 0.000000 0.000000 -0.000000 -0.000000 1.000000 0.000000 -0.000000 0.000000 -0.000000 1.000000 -0.000000 0.000000 0.000000 0.000000 1.000000</float_array>
          <technique_common>
            <accessor source="#rigging_hearController-Matrices-array" count="2" stride="16">
              <param type="float4x4"/>
            </accessor>
          </technique_common>
        </source>
        <source id="rigging_hearController-Weights">
          <float_array id="rigging_hearController-Weights-array" count="1">

1.000000</float_array>
          <technique_common>
            <accessor source="#rigging_hearController-Weights-array" count="1">
              <param type="float"/>
            </accessor>
          </technique_common>
        </source>
        <joints>
          <input semantic="JOINT" source="#rigging_hearController-Joints"/>
          <input semantic="INV_BIND_MATRIX" source="#rigging_hearController-Matrices"/>
        </joints>
        <vertex_weights count="0">
          <input semantic="JOINT" offset="0" source="#rigging_hearController-Joints"/>
          <input semantic="WEIGHT" offset="1" source="#rigging_hearController-Weights"/>
          <vcount></vcount>
          <v></v>
        </vertex_weights>
      </skin>
    </controller>
    <controller id="rigging_Tube001Controller">
      <skin source="#rigging_Tube001-lib">
        <bind_shape_matrix>1.000000 -0.000000 0.000000 0.000000 0.000000 1.000000 -0.000000 0.000000 0.000000 0.000000 1.000000 0.000000 0.000000 0.000000 0.000000 1.000000
</bind_shape_matrix>
        <source id="rigging_Tube001Controller-Joints">
          <Name_array id="rigging_Tube001Controller-Joints-array" count="1">
 rigging_Tube001</Name_array>
          <technique_common>
            <accessor source="#rigging_Tube001Controller-Joints-array" count="1">
              <param type="name"/>
            </accessor>
          </technique_common>
        </source>
        <source id="rigging_Tube001Controller-Matrices">
          <float_array id="rigging_Tube001Controller-Matrices-array" count="32">

1.000000 0.000000 0.000000 -0.000000 -0.000000 1.000000 0.000000 -0.000000 0.000000 -0.000000 1.000000 -0.000000 0.000000 0.000000 0.000000 1.000000
1.000000 0.000000 0.000000 -0.000000 -0.000000 1.000000 0.000000 -0.000000 0.000000 -0.000000 1.000000 -0.000000 0.000000 0.000000 0.000000 1.000000</float_array>
          <technique_common>
            <accessor source="#rigging_Tube001Controller-Matrices-array" count="2" stride="16">
              <param type="float4x4"/>
            </accessor>
          </technique_common>
        </source>
        <source id="rigging_Tube001Controller-Weights">
          <float_array id="rigging_Tube001Controller-Weights-array" count="1">

1.000000</float_array>
          <technique_common>
            <accessor source="#rigging_Tube001Controller-Weights-array" count="1">
              <param type="float"/>
            </accessor>
          </technique_common>
        </source>
        <joints>
          <input semantic="JOINT" source="#rigging_Tube001Controller-Joints"/>
          <input semantic="INV_BIND_MATRIX" source="#rigging_Tube001Controller-Matrices"/>
        </joints>
        <vertex_weights count="0">
          <input semantic="JOINT" offset="0" source="#rigging_Tube001Controller-Joints"/>
          <input semantic="WEIGHT" offset="1" source="#rigging_Tube001Controller-Weights"/>
          <vcount></vcount>
          <v></v>
        </vertex_weights>
      </skin>
    </controller>
  </library_controllers>
  <library_animations>
    <animation id="rigging_Yennefer-anim" name="rigging_Yennefer"><source id="rigging_Yennefer-Matrix-animation-input"><float_array id="rigging_Yennefer-Matrix-animation-input-array" count="249">

0.000000 0.033333 0.066667 0.100000 0.133333 0.166667 0.200000 0.233333 0.266667 0.300000 0.333333 0.366667 0.400000 0.433333 0.466667 0.500000
0.533333 0.566667 0.600000 0.633333 0.666667 0.700000 0.733333 0.766667 0.800000 0.833333 0.866667 0.900000 0.933333 0.966667 1.000000 1.033333
1.066667 1.100000 1.133333 1.166667 1.200000 1.233333 1.266667 1.300000 1.333333 1.366667 1.400000 1.433333 1.466667 1.500000 1.533333 1.566667
1.600000 1.633333 1.666667 1.700000 1.733333 1.766667 1.800000 1.833333 1.866667 1.900000 1.933333 1.966667 2.000000 2.033333 2.066667 2.100000
2.133333 2.166667 2.200000 2.233333 2.266667 2.300000 2.333333 2.366667 2.400000 2.433333 2.466667 2.500000 2.533333 2.566667 2.600000 2.633333
2.666667 2.700000 2.733333 2.766667 2.800000 2.833333 2.866667 2.900000 2.933333 2.966667 3.000000 3.033333 3.066667 3.100000 3.133333 3.166667
3.200000 3.233333 3.266667 3.300000 3.333333 3.366667 3.400000 3.433333 3.466667 3.500000 3.533333 3.566667 3.600000 3.633333 3.666667 3.700000
3.733333 3.766667 3.800000 3.833333 3.866667 3.900000 3.933333 3.966667 4.000000 4.033333 4.066667 4.100000 4.133333 4.166667 4.200000 4.233333
4.266667 4.300000 4.333333 4.366667 4.400000 4.433333 4.466667 4.500000 4.533333 4.566667 4.600000 4.633333 4.666667 4.700000 4.733333 4.766667
4.800000 4.833333 4.866667 4.900000 4.933333 4.966667 5.000000 5.033333 5.066667 5.100000 5.133333 5.166667 5.200000 5.233333 5.266667 5.300000
5.333333 5.366667 5.400000 5.433333 5.466667 5.500000 5.533333 5.566667 5.600000 5.633333 5.666667 5.700000 5.733333 5.766667 5.800000 5.833333
5.866667 5.900000 5.933333 5.966667 6.000000 6.033333 6.066667 6.100000 6.133333 6.166667 6.200000 6.233333 6.266667 6.300000 6.333333 6.366667
6.400000 6.433333 6.466667 6.500000 6.533333 6.566667 6.600000 6.633333 6.666667 6.700000 6.733333 6.766667 6.800000 6.833333 6.866667 6.900000
6.933333 6.966667 7.000000 7.033333 7.066667 7.100000 7.133333 7.166667 7.200000 7.233333 7.266667 7.300000 7.333333 7.366667 7.400000 7.433333
7.466667 7.500000 7.533333 7.566667 7.600000 7.633333 7.666667 7.700000 7.733333 7.766667 7.800000 7.833333 7.866667 7.900000 7.933333 7.966667
8.000000 8.033333 8.066667 8.100000 8.133333 8.166667 8.200000 8.233333 8.266667</float_array><technique_common><accessor source="#rigging_Yennefer-Matrix-animation-input-array" count="249"><param name="TIME" type="float"/></accessor></technique_common></source><source id="rigging_Yennefer-Matrix-animation-output-transform"><float_array id="rigging_Yennefer-Matrix-animation-output-transform-array" count="3984">

0.984518 -0.118021 0.129596 0.035864 -0.132306 -0.015393 0.991089 0.037178 -0.114975 -0.992892 -0.030769 0.095993 0.000000 0.000000 0.000000 1.000000
0.984742 -0.118048 0.127862 0.036138 -0.130966 -0.018891 0.991207 0.038981 -0.114594 -0.992828 -0.034063 0.095975 0.000000 0.000000 0.000000 1.000000
0.984895 -0.118585 0.126169 0.036539 -0.129605 -0.021701 0.991328 0.040452 -0.114819 -0.992707 -0.036742 0.095976 0.000000 0.000000 0.000000 1.000000
0.985070 -0.118986 0.124416 0.036778 -0.128088 -0.023704 0.991479 0.041506 -0.115023 -0.992613 -0.038591 0.095930 0.000000 0.000000 0.000000 1.000000
0.985308 -0.118932 0.122572 0.036724 -0.126389 -0.025068 0.991664 0.042197 -0.114868 -0.992586 -0.039732 0.095827 0.000000 0.000000 0.000000 1.000000
0.985642 -0.118306 0.120474 0.036253 -0.124368 -0.026072 0.991894 0.042610 -0.114206 -0.992635 -0.040411 0.095749 0.000000 0.000000 0.000000 1.000000
0.985992 -0.117587 0.118292 0.035580 -0.122000 -0.024828 0.992219 0.041851 -0.113735 -0.992752 -0.038826 0.095656 0.000000 0.000000 0.000000 1.000000
0.986300 -0.116687 0.116607 0.034695 -0.119975 -0.022242 0.992528 0.040360 -0.113222 -0.992920 -0.035937 0.095521 0.000000 0.000000 0.000000 1.000000
0.986512 -0.115915 0.115580 0.033843 -0.118537 -0.018925 0.992769 0.038451 -0.112890 -0.993079 -0.032410 0.095420 0.000000 0.000000 0.000000 1.000000
0.986576 -0.115600 0.115344 0.033241 -0.117889 -0.015405 0.992907 0.036410 -0.113004 -0.993176 -0.028826 0.095364 0.000000 0.000000 0.000000 1.000000
0.986468 -0.115981 0.115886 0.033069 -0.118082 -0.012220 0.992929 0.034532 -0.113745 -0.993176 -0.025750 0.095348 0.000000 0.000000 0.000000 1.000000
0.986205 -0.117057 0.117038 0.033396 -0.119004 -0.009924 0.992844 0.033121 -0.115058 -0.993076 -0.023717 0.095327 0.000000 0.000000 0.000000 1.000000
0.985874 -0.118407 0.118459 0.034011 -0.120321 -0.008674 0.992697 0.032284 -0.116515 -0.992927 -0.022798 0.095308 0.000000 0.000000 0.000000 1.000000
0.985557 -0.119639 0.119847 0.034662 -0.121659 -0.007937 0.992540 0.031759 -0.117795 -0.992786 -0.022378 0.095302 0.000000 0.000000 0.000000 1.000000
0.985306 -0.120437 0.121105 0.035132 -0.122865 -0.007267 0.992397 0.031317 -0.118641 -0.992694 -0.021958 0.095303 0.000000 0.000000 0.000000 1.000000
0.985157 -0.120599 0.122152 0.035273 -0.123818 -0.006393 0.992284 0.030812 -0.118888 -0.992681 -0.021231 0.095321 0.000000 0.000000 0.000000 1.000000
0.985121 -0.120215 0.122825 0.035102 -0.124345 -0.005198 0.992225 0.030171 -0.118642 -0.992734 -0.020068 0.095375 0.000000 0.000000 0.000000 1.000000
0.985182 -0.119468 0.123058 0.034686 -0.124398 -0.003796 0.992225 0.029447 -0.118072 -0.992831 -0.018601 0.095457 0.000000 0.000000 0.000000 1.000000
0.985301 -0.118668 0.122885 0.034154 -0.124043 -0.002393 0.992274 0.028730 -0.117457 -0.992931 -0.017078 0.095525 0.000000 0.000000 0.000000 1.000000
0.985466 -0.117876 0.122316 0.033573 -0.123312 -0.001165 0.992367 0.028099 -0.116833 -0.993028 -0.015684 0.095583 0.000000 0.000000 0.000000 1.000000
0.985664 -0.117094 0.121470 0.032981 -0.122334 -0.000194 0.992489 0.027593 -0.116191 -0.993121 -0.014515 0.095624 0.000000 0.000000 0.000000 1.000000
0.985867 -0.116339 0.120546 0.032399 -0.121311 0.000508 0.992614 0.027224 -0.115541 -0.993209 -0.013613 0.095668 0.000000 0.000000 0.000000 1.000000
0.986048 -0.115624 0.119751 0.031867 -0.120445 0.000993 0.992719 0.026968 -0.114902 -0.993293 -0.012948 0.095708 0.000000 0.000000 0.000000 1.000000
0.986178 -0.115026 0.119255 0.031443 -0.119892 0.001388 0.992786 0.026770 -0.114362 -0.993362 -0.012422 0.095741 0.000000 0.000000 0.000000 1.000000
0.986225 -0.114715 0.119169 0.031220 -0.119747 0.001870 0.992803 0.026554 -0.114112 -0.993397 -0.011892 0.095765 0.000000 0.000000 0.000000 1.000000
0.986196 -0.114741 0.119378 0.031201 -0.119894 0.002421 0.992784 0.026321 -0.114202 -0.993393 -0.011369 0.095781 0.000000 0.000000 0.000000 1.000000
0.986110 -0.114986 0.119859 0.031332 -0.120303 0.003098 0.992732 0.026043 -0.114521 -0.993362 -0.010778 0.095781 0.000000 0.000000 0.000000 1.000000
0.985980 -0.115374 0.120548 0.031563 -0.120911 0.003874 0.992656 0.025728 -0.114994 -0.993315 -0.010130 0.095765 0.000000 0.000000 0.000000 1.000000
0.985836 -0.115790 0.121323 0.031820 -0.121606 0.004641 0.992568 0.025416 -0.115493 -0.993263 -0.009506 0.095741 0.000000 0.000000 0.000000 1.000000
0.985709 -0.116111 0.122051 0.032034 -0.122269 0.005272 0.992483 0.025161 -0.115881 -0.993222 -0.009001 0.095712 0.000000 0.000000 0.000000 1.000000
0.985623 -0.116252 0.122609 0.032160 -0.122787 0.005657 0.992417 0.025008 -0.116064 -0.993204 -0.008699 0.095678 0.000000 0.000000 0.000000 1.000000
0.985607 -0.116135 0.122845 0.032163 -0.123014 0.005742 0.992388 0.024978 -0.115956 -0.993217 -0.008627 0.095638 0.000000 0.000000 0.000000 1.000000
0.985647 -0.115865 0.122782 0.032099 -0.122965 0.005595 0.992395 0.025045 -0.115670 -0.993249 -0.008733 0.095569 0.000000 0.000000 0.000000 1.000000
0.985719 -0.115488 0.122559 0.032001 -0.122775 0.005261 0.992421 0.025191 -0.115258 -0.993295 -0.008993 0.095483 0.000000 0.000000 0.000000 1.000000
0.985803 -0.115106 0.122239 0.031925 -0.122506 0.004781 0.992456 0.025398 -0.114822 -0.993342 -0.009388 0.095382 0.000000 0.000000 0.000000 1.000000
0.985887 -0.114723 0.121922 0.031871 -0.122265 0.004072 0.992489 0.025706 -0.114358 -0.993389 -0.010012 0.095280 0.000000 0.000000 0.000000 1.000000
0.985951 -0.114322 0.121784 0.031823 -0.122236 0.003074 0.992496 0.026146 -0.113838 -0.993439 -0.010943 0.095188 0.000000 0.000000 0.000000 1.000000
0.985981 -0.113847 0.121983 0.031730 -0.122589 0.001696 0.992456 0.026771 -0.113195 -0.993497 -0.012284 0.095124 0.000000 0.000000 0.000000 1.000000
0.985968 -0.113243 0.122655 0.031547 -0.123470 -0.000187 0.992348 0.027653 -0.112353 -0.993567 -0.014166 0.095072 0.000000 0.000000 0.000000 1.000000
0.985892 -0.112592 0.123853 0.031312 -0.124947 -0.002689 0.992160 0.028858 -0.111376 -0.993638 -0.016719 0.094994 0.000000 0.000000 0.000000 1.000000
0.985734 -0.112064 0.125581 0.031108 -0.127025 -0.005808 0.991882 0.030394 -0.110425 -0.993684 -0.019960 0.094860 0.000000 0.000000 0.000000 1.000000
0.985477 -0.111816 0.127795 0.031033 -0.129656 -0.009499 0.991514 0.032237 -0.109653 -0.993684 -0.023859 0.094654 0.000000 0.000000 0.000000 1.000000
0.985118 -0.111934 0.130437 0.031150 -0.132782 -0.013729 0.991050 0.034357 -0.109142 -0.993621 -0.028388 0.094375 0.000000 0.000000 0.000000 1.000000
0.984677 -0.112295 0.133424 0.031408 -0.136330 -0.018577 0.990489 0.036763 -0.108748 -0.993501 -0.033602 0.094035 0.000000 0.000000 0.000000 1.000000
0.984206 -0.112519 0.136668 0.031610 -0.140222 -0.024270 0.989823 0.039529 -0.108056 -0.993353 -0.039664 0.093676 0.000000 0.000000 0.000000 1.000000
0.983776 -0.112099 0.140064 0.031489 -0.144354 -0.031068 0.989038 0.042745 -0.106519 -0.993211 -0.046746 0.093305 0.000000 0.000000 0.000000 1.000000
0.983482 -0.110520 0.143348 0.030757 -0.148423 -0.039097 0.988151 0.046434 -0.103606 -0.993105 -0.054855 0.092887 0.000000 0.000000 0.000000 1.000000
0.983336 -0.107774 0.146407 0.029364 -0.152249 -0.048089 0.987172 0.050458 -0.099351 -0.993012 -0.063696 0.092373 0.000000 0.000000 0.000000 1.000000
0.983281 -0.104304 0.149259 0.027500 -0.155767 -0.057272 0.986132 0.054472 -0.094309 -0.992895 -0.072561 0.091746 0.000000 0.000000 0.000000 1.000000
0.983221 -0.100911 0.151963 0.025594 -0.158972 -0.065447 0.985112 0.057964 -0.089464 -0.992740 -0.080390 0.091110 0.000000 0.000000 0.000000 1.000000
0.983073 -0.098358 0.154572 0.024085 -0.161803 -0.070318 0.984315 0.059970 -0.085946 -0.992664 -0.085042 0.090729 0.000000 0.000000 0.000000 1.000000
0.982815 -0.097108 0.156988 0.023189 -0.164164 -0.070909 0.983881 0.060146 -0.084411 -0.992745 -0.085632 0.090989 0.000000 0.000000 0.000000 1.000000
0.982476 -0.096812 0.159273 0.022741 -0.166169 -0.067869 0.983759 0.058836 -0.084430 -0.992986 -0.082767 0.091838 0.000000 0.000000 0.000000 1.000000
0.981875 -0.097065 0.162786 0.022597 -0.168845 -0.057822 0.983945 0.054574 -0.086093 -0.993597 -0.073163 0.093598 0.000000 0.000000 0.000000 1.000000
0.981238 -0.097604 0.166268 0.022743 -0.170814 -0.040170 0.984484 0.047397 -0.089411 -0.994414 -0.056089 0.096725 0.000000 0.000000 0.000000 1.000000
0.980887 -0.096247 0.169109 0.021891 -0.171478 -0.016837 0.985044 0.038165 -0.091960 -0.995215 -0.033019 0.100878 0.000000 0.000000 0.000000 1.000000
0.981244 -0.091372 0.169738 0.019692 -0.169382 0.011701 0.985481 0.027083 -0.092031 -0.995748 -0.003995 0.106562 0.000000 0.000000 0.000000 1.000000
0.982265 -0.084943 0.167151 0.016309 -0.163842 0.044582 0.985479 0.014456 -0.091162 -0.995388 0.029874 0.112261 0.000000 0.000000 0.000000 1.000000
0.984038 -0.078514 0.159701 0.012238 -0.153390 0.080762 0.984860 0.000638 -0.090223 -0.993636 0.067430 0.117529 0.000000 0.000000 0.000000 1.000000
0.986312 -0.073911 0.147400 0.008551 -0.137998 0.119302 0.983221 -0.014099 -0.090256 -0.990103 0.107469 0.121644 0.000000 0.000000 0.000000 1.000000
0.988724 -0.072827 0.130850 0.006400 -0.118078 0.158281 0.980308 -0.029007 -0.092104 -0.984705 0.147897 0.124360 0.000000 0.000000 0.000000 1.000000
0.990769 -0.076299 0.112049 0.006510 -0.095380 0.194995 0.976156 -0.043104 -0.096329 -0.977832 0.185918 0.125070 0.000000 0.000000 0.000000 1.000000
0.992065 -0.083257 0.094204 0.008798 -0.073200 0.226689 0.971213 -0.055366 -0.102215 -0.970402 0.218796 0.123882 0.000000 0.000000 0.000000 1.000000
0.992499 -0.092184 0.080300 0.012270 -0.054852 0.251226 0.966373 -0.065028 -0.109257 -0.963529 0.244285 0.121770 0.000000 0.000000 0.000000 1.000000
0.992452 -0.100353 0.070487 0.015607 -0.041200 0.268521 0.962392 -0.072038 -0.115506 -0.958032 0.262360 0.119428 0.000000 0.000000 0.000000 1.000000
0.992312 -0.106665 0.062761 0.018036 -0.030464 0.280989 0.959227 -0.077162 -0.119951 -0.953765 0.275579 0.117448 0.000000 0.000000 0.000000 1.000000
0.992432 -0.110283 0.054008 0.018945 -0.019753 0.290714 0.956606 -0.081191 -0.121198 -0.950433 0.286335 0.115899 0.000000 0.000000 0.000000 1.000000
0.992819 -0.112118 0.041701 0.018577 -0.006252 0.299496 0.954077 -0.084897 -0.119459 -0.947487 0.296644 0.114792 0.000000 0.000000 0.000000 1.000000
0.993313 -0.112791 0.024641 0.017558 0.011484 0.308900 0.951025 -0.088748 -0.114878 -0.944383 0.308130 0.113741 0.000000 0.000000 0.000000 1.000000
0.993444 -0.114246 0.004004 0.016781 0.033007 0.320199 0.946775 -0.093187 -0.109447 -0.940436 0.321871 0.112529 0.000000 0.000000 0.000000 1.000000
0.993137 -0.115710 -0.017035 0.016578 0.055051 0.333975 0.940973 -0.098431 -0.103191 -0.935453 0.338053 0.111274 0.000000 0.000000 0.000000 1.000000
0.992664 -0.116195 -0.033424 0.016470 0.072584 0.351622 0.933324 -0.105119 -0.096695 -0.928903 0.357477 0.109693 0.000000 0.000000 0.000000 1.000000
0.992483 -0.115014 -0.041814 0.016170 0.082105 0.372419 0.924426 -0.112964 -0.090749 -0.920910 0.379063 0.107807 0.000000 0.000000 0.000000 1.000000
0.992744 -0.112207 -0.043236 0.015610 0.084127 0.391174 0.916464 -0.119728 -0.085921 -0.913451 0.397775 0.106556 0.000000 0.000000 0.000000 1.000000
0.993689 -0.105880 -0.037023 0.013901 0.077737 0.412144 0.907796 -0.127310 -0.080859 -0.904946 0.417774 0.105058 0.000000 0.000000 0.000000 1.000000
0.995003 -0.096605 -0.025219 0.010852 0.065226 0.437714 0.896745 -0.136768 -0.075591 -0.893909 0.441829 0.102535 0.000000 0.000000 0.000000 1.000000
0.996268 -0.085412 -0.012426 0.006902 0.050904 0.465197 0.883742 -0.147100 -0.069702 -0.881077 0.467809 0.100005 0.000000 0.000000 0.000000 1.000000
0.997365 -0.072517 -0.002193 0.001847 0.037730 0.492641 0.869415 -0.157651 -0.061967 -0.867206 0.494078 0.096626 0.000000 0.000000 0.000000 1.000000
0.998292 -0.058214 0.004827 -0.004261 0.026166 0.519520 0.854058 -0.168299 -0.052226 -0.852473 0.520156 0.092419 0.000000 0.000000 0.000000 1.000000
0.999046 -0.042659 0.009395 -0.011219 0.015412 0.545479 0.837983 -0.178891 -0.040872 -0.837038 0.545616 0.087657 0.000000 0.000000 0.000000 1.000000
0.999581 -0.025721 0.013307 -0.018988 0.003719 0.569701 0.821843 -0.188986 -0.028719 -0.821449 0.569558 0.082707 0.000000 0.000000 0.000000 1.000000
0.999799 -0.008437 0.018211 -0.027024 -0.009681 0.592091 0.805813 -0.198359 -0.017581 -0.805827 0.591890 0.077667 0.000000 0.000000 0.000000 1.000000
0.999663 0.007623 0.024806 -0.034495 -0.024272 0.612820 0.789850 -0.206981 -0.009180 -0.790186 0.612798 0.072502 0.000000 0.000000 0.000000 1.000000
0.999228 0.021264 0.033037 -0.040772 -0.039033 0.633142 0.773051 -0.215256 -0.004479 -0.773744 0.633483 0.066755 0.000000 0.000000 0.000000 1.000000
0.998588 0.031496 0.042786 -0.045394 -0.052965 0.653359 0.755193 -0.223289 -0.004169 -0.756393 0.654104 0.060389 0.000000 0.000000 0.000000 1.000000
0.997817 0.038764 0.053470 -0.048640 -0.065616 0.673817 0.735979 -0.231257 -0.007500 -0.737881 0.674890 0.053286 0.000000 0.000000 0.000000 1.000000
0.996973 0.042475 0.065123 -0.050359 -0.076323 0.694413 0.715518 -0.239160 -0.014830 -0.718322 0.695553 0.045541 0.000000 0.000000 0.000000 1.000000
0.996041 0.043637 0.077443 -0.051002 -0.085311 0.714010 0.694919 -0.246563 -0.024971 -0.698774 0.714906 0.037727 0.000000 0.000000 0.000000 1.000000
0.995036 0.041917 0.090256 -0.050436 -0.092070 0.731972 0.675086 -0.253289 -0.037768 -0.680045 0.732197 0.030285 0.000000 0.000000 0.000000 1.000000
0.993915 0.039078 0.102986 -0.049347 -0.097488 0.747311 0.657285 -0.259018 -0.051277 -0.663325 0.746573 0.023737 0.000000 0.000000 0.000000 1.000000
0.992745 0.035265 0.114948 -0.047757 -0.101331 0.759987 0.641991 -0.263811 -0.064719 -0.648981 0.758047 0.018211 0.000000 0.000000 0.000000 1.000000
0.991615 0.031415 0.125348 -0.046039 -0.103911 0.770484 0.628933 -0.267891 -0.076820 -0.636685 0.767288 0.013488 0.000000 0.000000 0.000000 1.000000
0.990636 0.027866 0.133656 -0.044365 -0.105235 0.779535 0.617455 -0.271523 -0.086983 -0.625738 0.775168 0.009220 0.000000 0.000000 0.000000 1.000000
0.989895 0.024812 0.139614 -0.042859 -0.105327 0.787869 0.606769 -0.274932 -0.094942 -0.615343 0.782521 0.005049 0.000000 0.000000 0.000000 1.000000
0.989441 0.021997 0.143259 -0.041458 -0.104037 0.795967 0.596333 -0.278247 -0.100912 -0.604941 0.789850 0.000747 0.000000 0.000000 0.000000 1.000000
0.989251 0.019194 0.144962 -0.040096 -0.101433 0.804140 0.585722 -0.281552 -0.105327 -0.594130 0.797443 -0.003845 0.000000 0.000000 0.000000 1.000000
0.989277 0.016371 0.145132 -0.038759 -0.097786 0.812353 0.574910 -0.284824 -0.108487 -0.582937 0.805243 -0.008713 0.000000 0.000000 0.000000 1.000000
0.989436 0.013450 0.144348 -0.037408 -0.093448 0.820405 0.564096 -0.288009 -0.110837 -0.571625 0.812994 -0.013733 0.000000 0.000000 0.000000 1.000000
0.989689 0.010532 0.142845 -0.036062 -0.088660 0.828317 0.553200 -0.291126 -0.112495 -0.560161 0.820710 -0.018906 0.000000 0.000000 0.000000 1.000000
0.989998 0.007326 0.140889 -0.034597 -0.083390 0.835909 0.542496 -0.294131 -0.113796 -0.548819 0.828159 -0.024073 0.000000 0.000000 0.000000 1.000000
0.990306 0.003566 0.138854 -0.032909 -0.077637 0.843142 0.532056 -0.297026 -0.115177 -0.537679 0.835246 -0.029152 0.000000 0.000000 0.000000 1.000000
0.990556 -0.000813 0.137108 -0.030991 -0.071515 0.850120 0.521710 -0.299857 -0.116983 -0.526588 0.842034 -0.034169 0.000000 0.000000 0.000000 1.000000
0.990722 -0.005565 0.135791 -0.028961 -0.065201 0.857207 0.510828 -0.302744 -0.119244 -0.514943 0.848890 -0.039373 0.000000 0.000000 0.000000 1.000000
0.990794 -0.010717 0.134956 -0.026797 -0.058611 0.864638 0.498966 -0.305749 -0.122035 -0.502282 0.856049 -0.045029 0.000000 0.000000 0.000000 1.000000
0.990777 -0.016292 0.134519 -0.024474 -0.051545 0.872800 0.485349 -0.308995 -0.125316 -0.487806 0.863910 -0.051543 0.000000 0.000000 0.000000 1.000000
0.990680 -0.021980 0.134424 -0.022097 -0.044158 0.881767 0.469614 -0.312475 -0.128853 -0.471173 0.872578 -0.059111 0.000000 0.000000 0.000000 1.000000
0.990528 -0.027437 0.134540 -0.019790 -0.036636 0.891501 0.451535 -0.316142 -0.132331 -0.452188 0.882051 -0.067828 0.000000 0.000000 0.000000 1.000000
0.990358 -0.032527 0.134661 -0.017579 -0.028994 0.901850 0.431076 -0.319909 -0.135466 -0.430823 0.892211 -0.077678 0.000000 0.000000 0.000000 1.000000
0.990224 -0.037015 0.134483 -0.015547 -0.021378 0.912480 0.408561 -0.323658 -0.137836 -0.407442 0.902769 -0.088483 0.000000 0.000000 0.000000 1.000000
0.990158 -0.040658 0.133920 -0.013837 -0.014051 0.923161 0.384158 -0.327303 -0.139249 -0.382259 0.913503 -0.100103 0.000000 0.000000 0.000000 1.000000
0.990171 -0.043607 0.132889 -0.012424 -0.006977 0.933567 0.358334 -0.330751 -0.139687 -0.355739 0.924087 -0.112302 0.000000 0.000000 0.000000 1.000000
0.990253 -0.046273 0.131368 -0.011172 0.000111 0.943459 0.331491 -0.333936 -0.139279 -0.328245 0.934268 -0.124902 0.000000 0.000000 0.000000 1.000000
0.990362 -0.049241 0.129456 -0.009859 0.007600 0.952580 0.304192 -0.336802 -0.138296 -0.300276 0.943773 -0.137672 0.000000 0.000000 0.000000 1.000000
0.990443 -0.052877 0.127388 -0.008322 0.015577 0.960569 0.277605 -0.339251 -0.137043 -0.272968 0.952212 -0.150114 0.000000 0.000000 0.000000 1.000000
0.990441 -0.057339 0.125454 -0.006535 0.023939 0.967158 0.253045 -0.341231 -0.135843 -0.247623 0.959286 -0.161583 0.000000 0.000000 0.000000 1.000000
0.990350 -0.062472 0.123709 -0.004510 0.032351 0.972187 0.231959 -0.342734 -0.134759 -0.225718 0.964827 -0.171415 0.000000 0.000000 0.000000 1.000000
0.990199 -0.067600 0.122213 -0.002496 0.040131 0.975869 0.214639 -0.343842 -0.133773 -0.207631 0.969017 -0.179447 0.000000 0.000000 0.000000 1.000000
0.989992 -0.072311 0.121190 -0.000657 0.046917 0.978546 0.200617 -0.344650 -0.133097 -0.192924 0.972145 -0.185874 0.000000 0.000000 0.000000 1.000000
0.989695 -0.076927 0.120776 0.001133 0.053171 0.980565 0.188851 -0.345236 -0.132956 -0.180483 0.974550 -0.191188 0.000000 0.000000 0.000000 1.000000
0.989265 -0.081712 0.121152 0.002957 0.059283 0.982177 0.178362 -0.345623 -0.133567 -0.169265 0.976478 -0.195832 0.000000 0.000000 0.000000 1.000000
0.988682 -0.086924 0.122281 0.004888 0.065699 0.983595 0.168001 -0.345812 -0.134879 -0.158066 0.978173 -0.200328 0.000000 0.000000 0.000000 1.000000
0.987901 -0.093272 0.123900 0.007199 0.073302 0.984882 0.156956 -0.345791 -0.136667 -0.145975 0.979803 -0.205103 0.000000 0.000000 0.000000 1.000000
0.986901 -0.101260 0.125586 0.010107 0.082794 0.986046 0.144422 -0.345543 -0.138458 -0.132133 0.981514 -0.210573 0.000000 0.000000 0.000000 1.000000
0.985689 -0.111021 0.126852 0.013700 0.094401 0.986974 0.130269 -0.345041 -0.139662 -0.116430 0.983330 -0.216828 0.000000 0.000000 0.000000 1.000000
