<?xml version="1.0" encoding="utf-8"?>
<COLLADA xmlns="http://www.collada.org/2005/11/COLLADASchema" version="1.4.1">
  <asset><contributor><author>Mixamo</author><authoring_tool>COLLADA Mixamo exporter</authoring_tool><comments></comments></contributor><created>2020-03-30T14:14:45Z</created><modified>2020-03-30T14:14:45Z</modified><revision></revision><title></title><unit meter="0.010000"/><up_axis>Y_UP</up_axis></asset>
  <library_animations>
    <animation id="mixamorig_Hips-anim" name="mixamorig_Hips"><source id="mixamorig_Hips-Matrix-animation-input"><float_array id="mixamorig_Hips-Matrix-animation-input-array" count="22">

0.000000 0.033333 0.066667 0.100000 0.133333 0.166667 0.200000 0.233333 0.266667 0.300000 0.333333 0.366667 0.400000 0.433333 0.466667 0.500000
0.533333 0.566667 0.600000 0.633333 0.666667 0.700000</float_array><technique_common><accessor source="#mixamorig_Hips-Matrix-animation-input-array" count="22"><param name="TIME" type="float"/></accessor></technique_common></source><source id="mixamorig_Hips-Matrix-animation-output-transform"><float_array id="mixamorig_Hips-Matrix-animation-output-transform-array" count="352">

0.994264 0.105711 -0.016253 1.029809 -0.106848 0.974996 -0.194852 48.789520 -0.004751 0.195471 0.980698 -3.288592 0.000000 0.000000 0.000000 1.000000
0.998471 0.044603 -0.032653 1.196999 -0.049361 0.985318 -0.163435 49.118412 0.024884 0.164797 0.986014 -2.295507 0.000000 0.000000 0.000000 1.000000
0.998583 -0.036263 -0.038941 1.070357 0.028963 0.984333 -0.173922 50.731186 0.044637 0.172547 0.983989 -0.895413 0.000000 0.000000 0.000000 1.000000
0.988830 -0.147717 -0.019846 0.560153 0.141691 0.972982 -0.182288 52.257812 0.046237 0.177440 0.983045 0.017731 0.000000 0.000000 0.000000 1.000000
0.983585 -0.180187 0.009699 0.104894 0.178744 0.965520 -0.189264 53.431702 0.024738 0.187891 0.981878 -0.314832 0.000000 0.000000 0.000000 1.000000
0.990002 -0.140708 0.009820 -0.051555 0.139900 0.970681 -0.195462 54.003887 0.017970 0.194882 0.980662 -1.237627 0.000000 0.000000 0.000000 1.000000
0.994437 -0.105308 0.002345 -0.118713 0.104362 0.981998 -0.157444 54.291473 0.014277 0.156813 0.987525 -2.985597 0.000000 0.000000 0.000000 1.000000
0.997672 -0.056150 0.038709 -0.122659 0.060926 0.988849 -0.135888 53.304359 -0.030647 0.137930 0.989968 -4.086269 0.000000 0.000000 0.000000 1.000000
0.997238 -0.039517 0.062883 -0.500652 0.048168 0.988606 -0.142614 50.961540 -0.056530 0.145249 0.987779 -4.008710 0.000000 0.000000 0.000000 1.000000
0.996395 -0.045293 0.071738 -0.899347 0.057267 0.982938 -0.174798 49.289742 -0.062597 0.178276 0.981987 -3.199279 0.000000 0.000000 0.000000 1.000000
0.996319 -0.051055 0.068867 -1.504036 0.063001 0.980849 -0.184297 48.095520 -0.058139 0.187957 0.980455 -2.327626 0.000000 0.000000 0.000000 1.000000
0.997087 -0.000268 0.076275 -1.893353 0.014254 0.983032 -0.182879 48.348595 -0.074932 0.183434 0.980172 -1.591321 0.000000 0.000000 0.000000 1.000000
0.994453 0.049917 0.092581 -1.686224 -0.031710 0.981540 -0.188609 49.939739 -0.100287 0.184627 0.977679 -0.743071 0.000000 0.000000 0.000000 1.000000
0.995294 0.081534 0.052359 -1.247820 -0.070397 0.979741 -0.187487 52.289181 -0.066585 0.182918 0.980871 0.027993 0.000000 0.000000 0.000000 1.000000
0.993306 0.112998 0.023954 -0.628199 -0.106784 0.977382 -0.182544 53.713150 -0.044040 0.178764 0.982906 -0.389477 0.000000 0.000000 0.000000 1.000000
0.997126 0.065185 0.038611 -0.591454 -0.057867 0.984223 -0.167202 54.573200 -0.048901 0.164487 0.985166 -1.781581 0.000000 0.000000 0.000000 1.000000
0.998223 -0.037678 0.046160 -0.953785 0.043753 0.989382 -0.138596 54.580315 -0.040447 0.140369 0.989273 -3.020438 0.000000 0.000000 0.000000 1.000000
0.999128 -0.027456 0.031445 -1.008231 0.030942 0.992724 -0.116372 54.370300 -0.028022 0.117243 0.992708 -4.748740 0.000000 0.000000 0.000000 1.000000
0.999923 0.012394 0.000828 -0.641996 -0.012221 0.993507 -0.113111 53.176197 -0.002224 0.113092 0.993582 -5.658920 0.000000 0.000000 0.000000 1.000000
0.997666 0.068138 -0.004520 0.065560 -0.068158 0.989504 -0.127422 50.773922 -0.004210 0.127433 0.991838 -5.314806 0.000000 0.000000 0.000000 1.000000
0.994197 0.107517 -0.003459 0.597568 -0.106534 0.979629 -0.170231 49.366760 -0.014914 0.169611 0.985398 -4.451403 0.000000 0.000000 0.000000 1.000000
0.994264 0.105711 -0.016253 1.029809 -0.106848 0.974996 -0.194852 48.789520 -0.004751 0.195471 0.980698 -3.288592 0.000000 0.000000 0.000000 1.000000</float_array><technique_common><accessor source="#mixamorig_Hips-Matrix-animation-output-transform-array" count="22" stride="16"><param type="float4x4"/></accessor></technique_common></source><source id="mixamorig_Hips-Interpolations"><Name_array id="mixamorig_Hips-Interpolations-array" count="22">
 LINEAR LINEAR LINEAR LINEAR LINEAR LINEAR LINEAR LINEAR LINEAR LINEAR LINEAR
LINEAR LINEAR LINEAR LINEAR LINEAR LINEAR LINEAR LINEAR LINEAR LINEAR LINEAR</Name_array><technique_common><accessor source="#mixamorig_Hips-Interpolations-array" count="22"><param type="name"/></accessor></technique_common></source><sampler id="mixamorig_Hips-Matrix-animation-transform"><input semantic="INPUT" source="#mixamorig_Hips-Matrix-animation-input"/><input semantic="OUTPUT" source="#mixamorig_Hips-Matrix-animation-output-transform"/><input semantic="INTERPOLATION" source="#mixamorig_Hips-Interpolations"/></sampler><channel source="#mixamorig_Hips-Matrix-animation-transform" target="mixamorig_Hips/matrix"/></animation>
    <animation id="mixamorig_Spine-anim" name="mixamorig_Spine"><source id="mixamorig_Spine-Matrix-animation-input"><float_array id="mixamorig_Spine-Matrix-animation-input-array" count="22">

0.000000 0.033333 0.066667 0.100000 0.133333 0.166667 0.200000 0.233333 0.266667 0.300000 0.333333 0.366667 0.400000 0.433333 0.466667 0.500000
0.533333 0.566667 0.600000 0.633333 0.666667 0.700000</float_array><technique_common><accessor source="#mixamorig_Spine-Matrix-animation-input-array" count="22"><param name="TIME" type="float"/></accessor></technique_common></source><source id="mixamorig_Spine-Matrix-animation-output-transform"><float_array id="mixamorig_Spine-Matrix-animation-output-transform-array" count="352">

0.989378 -0.145152 0.007830 0.000000 0.145357 0.988396 -0.044096 16.216101 -0.001339 0.044766 0.998997 -2.336500 0.000000 0.000000 0.000000 1.000000
0.990697 -0.077868 0.111606 -0.000000 0.083944 0.995174 -0.050811 16.216101 -0.107110 0.059707 0.992453 -2.336500 0.000000 0.000000 0.000000 1.000000
0.982963 0.015651 0.183135 0.000000 -0.009469 0.999357 -0.034586 16.216101 -0.183559 0.032262 0.982479 -2.336500 0.000000 0.000000 0.000000 1.000000
0.960253 0.150175 0.235291 0.000000 -0.144854 0.988651 -0.039841 16.216101 -0.238603 0.004175 0.971108 -2.336500 0.000000 0.000000 0.000000 1.000000
0.939348 0.186096 0.288086 0.000000 -0.186465 0.982106 -0.026416 16.216101 -0.287847 -0.028904 0.957240 -2.336500 0.000000 0.000000 0.000000 1.000000
0.934763 0.144406 0.324600 0.000000 -0.153272 0.988182 0.001766 16.216101 -0.320509 -0.051403 0.945850 -2.336500 0.000000 0.000000 0.000000 1.000000
0.947865 0.107497 0.299995 0.000000 -0.112955 0.993600 0.000857 16.216101 -0.297982 -0.034698 0.953941 -2.336500 0.000000 0.000000 0.000000 1.000000
0.977550 0.050879 0.204468 -0.000000 -0.054315 0.998461 0.011222 16.216101 -0.203582 -0.022076 0.978809 -2.336500 0.000000 0.000000 0.000000 1.000000
0.993139 0.035311 0.111484 0.000000 -0.037450 0.999151 0.017151 16.216101 -0.110784 -0.021208 0.993618 -2.336500 0.000000 0.000000 0.000000 1.000000
0.998564 0.048983 0.021688 0.000000 -0.049109 0.998779 0.005318 16.216101 -0.021401 -0.006375 0.999751 -2.336500 0.000000 0.000000 0.000000 1.000000
0.995402 0.075889 -0.058442 0.000000 -0.076810 0.996952 -0.013680 16.216101 0.057226 0.018106 0.998197 -2.336500 0.000000 0.000000 0.000000 1.000000
0.989910 0.031662 -0.138116 -0.000000 -0.035630 0.999018 -0.026353 16.216101 0.137146 0.031008 0.990065 -2.336500 0.000000 0.000000 0.000000 1.000000
0.974218 -0.017263 -0.224947 0.000000 0.009269 0.999289 -0.036542 16.216101 0.225418 0.033515 0.973685 -2.336500 0.000000 0.000000 0.000000 1.000000
0.957929 -0.050758 -0.282480 0.000000 0.042587 0.998480 -0.034994 16.216101 0.283827 0.021491 0.958635 -2.336500 0.000000 0.000000 0.000000 1.000000
0.928976 -0.098944 -0.356670 0.000000 0.089657 0.995065 -0.042520 16.216101 0.359117 0.007522 0.933262 -2.336500 0.000000 0.000000 0.000000 1.000000
0.905906 -0.038361 -0.421739 -0.000000 0.033792 0.999261 -0.018306 16.216101 0.422129 0.002332 0.906533 -2.336500 0.000000 0.000000 0.000000 1.000000
0.895207 0.089997 -0.436469 -0.000000 -0.084275 0.995912 0.032500 16.216101 0.437609 0.007689 0.899132 -2.336500 0.000000 0.000000 0.000000 1.000000
0.912295 0.071992 -0.403156 0.000000 -0.077990 0.996953 0.001545 16.216101 0.402038 0.030033 0.915130 -2.336500 0.000000 0.000000 0.000000 1.000000
0.941441 0.017349 -0.336731 0.000000 -0.030755 0.998931 -0.034518 16.216101 0.335773 0.042853 0.940968 -2.336500 0.000000 0.000000 0.000000 1.000000
0.968233 -0.077200 -0.237835 0.000000 0.065337 0.996212 -0.057374 16.216101 0.241364 0.040012 0.969610 -2.336500 0.000000 0.000000 0.000000 1.000000
0.982057 -0.142627 -0.123373 -0.000000 0.136904 0.989126 -0.053728 16.216101 0.129695 0.035874 0.990905 -2.336500 0.000000 0.000000 0.000000 1.000000
0.989378 -0.145152 0.007830 0.000000 0.145357 0.988396 -0.044096 16.216101 -0.001339 0.044766 0.998997 -2.336500 0.000000 0.000000 0.000000 1.000000</float_array><technique_common><accessor source="#mixamorig_Spine-Matrix-animation-output-transform-array" count="22" stride="16"><param type="float4x4"/></accessor></technique_common></source><source id="mixamorig_Spine-Interpolations"><Name_array id="mixamorig_Spine-Interpolations-array" count="22">
 LINEAR LINEAR LINEAR LINEAR LINEAR LINEAR LINEAR LINEAR LINEAR LINEAR LINEAR
LINEAR LINEAR LINEAR LINEAR LINEAR LINEAR LINEAR LINEAR LINEAR LINEAR LINEAR</Name_array><technique_common><accessor source="#mixamorig_Spine-Interpolations-array" count="22"><param type="name"/></accessor></technique_common></source><sampler id="mixamorig_Spine-Matrix-animation-transform"><input semantic="INPUT" source="#mixamorig_Spine-Matrix-animation-input"/><input semantic="OUTPUT" source="#mixamorig_Spine-Matrix-animation-output-transform"/><input semantic="INTERPOLATION" source="#mixamorig_Spine-Interpolations"/></sampler><channel source="#mixamorig_Spine-Matrix-animation-transform" target="mixamorig_Spine/matrix"/></animation>
    <animation id="mixamorig_Spine1-anim" name="mixamorig_Spine1"><source id="mixamorig_Spine1-Matrix-animation-input"><float_array id="mixamorig_Spine1-Matrix-animation-input-array" count="22">

0.000000 0.033333 0.066667 0.100000 0.133333 0.166667 0.200000 0.233333 0.266667 0.300000 0.333333 0.366667 0.400000 0.433333 0.466667 0.500000
0.533333 0.566667 0.600000 0.633333 0.666667 0.700000</float_array><technique_common><accessor source="#mixamorig_Spine1-Matrix-animation-input-array" count="22"><param name="TIME" type="float"/></accessor></technique_common></source><source id="mixamorig_Spine1-Matrix-animation-output-transform"><float_array id="mixamorig_Spine1-Matrix-animation-output-transform-array" count="352">

0.999960 -0.008689 -0.001986 0.000000 0.008613 0.999336 -0.035412 9.477100 0.002292 0.035394 0.999371 -1.486900 0.000000 0.000000 0.000000 1.000000
0.998894 -0.009401 0.046072 0.000000 0.011364 0.999030 -0.042541 9.477100 -0.045627 0.043018 0.998032 -1.486900 0.000000 0.000000 0.000000 1.000000
0.997285 -0.007485 0.073258 0.000000 0.009784 0.999469 -0.031077 9.477100 -0.072986 0.031709 0.996829 -1.486900 0.000000 0.000000 0.000000 1.000000
0.996321 -0.002762 0.085656 0.000000 0.004560 0.999773 -0.020795 9.477100 -0.085579 0.021109 0.996108 -1.486900 0.000000 0.000000 0.000000 1.000000
0.995111 0.000465 0.098759 0.000000 0.000326 0.999968 -0.007996 9.477100 -0.098760 0.007990 0.995079 -1.486900 0.000000 0.000000 0.000000 1.000000
0.994503 -0.006316 0.104513 -0.000000 0.005986 0.999976 0.003473 9.477100 -0.104533 -0.002828 0.994517 -1.486900 0.000000 0.000000 0.000000 1.000000
0.995413 -0.006541 0.095443 -0.000000 0.006748 0.999976 -0.001846 9.477100 -0.095429 0.002481 0.995433 -1.486900 0.000000 0.000000 0.000000 1.000000
0.997214 0.001468 0.074573 0.000000 -0.001086 0.999986 -0.005164 9.477100 -0.074579 0.005068 0.997202 -1.486900 0.000000 0.000000 0.000000 1.000000
0.998581 0.011814 0.051930 0.000000 -0.011607 0.999923 -0.004295 9.477100 -0.051977 0.003686 0.998641 -1.486900 0.000000 0.000000 0.000000 1.000000
0.999557 0.021830 0.020244 -0.000000 -0.021711 0.999746 -0.006053 9.477100 -0.020371 0.005610 0.999777 -1.486900 0.000000 0.000000 0.000000 1.000000
0.999545 0.026181 -0.014946 0.000000 -0.026323 0.999610 -0.009360 9.477100 0.014695 0.009749 0.999844 -1.486900 0.000000 0.000000 0.000000 1.000000
0.998369 0.022532 -0.052462 -0.000000 -0.023276 0.999636 -0.013606 9.477100 0.052136 0.014805 0.998530 -1.486900 0.000000 0.000000 0.000000 1.000000
0.995126 0.017793 -0.096997 -0.000000 -0.019464 0.999678 -0.016303 9.477100 0.096676 0.018111 0.995151 -1.486900 0.000000 0.000000 0.000000 1.000000
0.991928 0.013247 -0.126106 -0.000000 -0.014847 0.999821 -0.011759 9.477100 0.125928 0.013536 0.991947 -1.486900 0.000000 0.000000 0.000000 1.000000
0.989353 0.014484 -0.144816 -0.000000 -0.015642 0.999854 -0.006863 9.477100 0.144696 0.009056 0.989435 -1.486900 0.000000 0.000000 0.000000 1.000000
0.988340 0.018032 -0.151189 -0.000000 -0.019128 0.999800 -0.005794 9.477100 0.151054 0.008619 0.988488 -1.486900 0.000000 0.000000 0.000000 1.000000
0.987483 0.025103 -0.155716 0.000000 -0.026311 0.999638 -0.005704 9.477100 0.155516 0.009729 0.987785 -1.486900 0.000000 0.000000 0.000000 1.000000
0.988254 0.032591 -0.149305 0.000000 -0.035145 0.999277 -0.014495 9.477100 0.148724 0.019572 0.988685 -1.486900 0.000000 0.000000 0.000000 1.000000
0.991430 0.020303 -0.129054 0.000000 -0.023899 0.999366 -0.026376 9.477100 0.128437 0.029234 0.991287 -1.486900 0.000000 0.000000 0.000000 1.000000
0.995155 0.007295 -0.098046 0.000000 -0.010282 0.999497 -0.029996 9.477100 0.097777 0.030859 0.994730 -1.486900 0.000000 0.000000 0.000000 1.000000
0.998329 0.000937 -0.057780 0.000000 -0.002724 0.999520 -0.030860 9.477100 0.057723 0.030966 0.997852 -1.486900 0.000000 0.000000 0.000000 1.000000
0.999960 -0.008689 -0.001986 0.000000 0.008613 0.999336 -0.035412 9.477100 0.002292 0.035394 0.999371 -1.486900 0.000000 0.000000 0.000000 1.000000</float_array><technique_common><accessor source="#mixamorig_Spine1-Matrix-animation-output-transform-array" count="22" stride="16"><param type="float4x4"/></accessor></technique_common></source><source id="mixamorig_Spine1-Interpolations"><Name_array id="mixamorig_Spine1-Interpolations-array" count="22">
 LINEAR LINEAR LINEAR LINEAR LINEAR LINEAR LINEAR LINEAR LINEAR LINEAR LINEAR
LINEAR LINEAR LINEAR LINEAR LINEAR LINEAR LINEAR LINEAR LINEAR LINEAR LINEAR</Name_array><technique_common><accessor source="#mixamorig_Spine1-Interpolations-array" count="22"><param type="name"/></accessor></technique_common></source><sampler id="mixamorig_Spine1-Matrix-animation-transform"><input semantic="INPUT" source="#mixamorig_Spine1-Matrix-animation-input"/><input semantic="OUTPUT" source="#mixamorig_Spine1-Matrix-animation-output-transform"/><input semantic="INTERPOLATION" source="#mixamorig_Spine1-Interpolations"/></sampler><channel source="#mixamorig_Spine1-Matrix-animation-transform" target="mixamorig_Spine1/matrix"/></animation>
    <animation id="mixamorig_Spine2-anim" name="mixamorig_Spine2"><source id="mixamorig_Spine2-Matrix-animation-input"><float_array id="mixamorig_Spine2-Matrix-animation-input-array" count="22">

0.000000 0.033333 0.066667 0.100000 0.133333 0.166667 0.200000 0.233333 0.266667 0.300000 0.333333 0.366667 0.400000 0.433333 0.466667 0.500000
0.533333 0.566667 0.600000 0.633333 0.666667 0.700000</float_array><technique_common><accessor source="#mixamorig_Spine2-Matrix-animation-input-array" count="22"><param name="TIME" type="float"/></accessor></technique_common></source><source id="mixamorig_Spine2-Matrix-animation-output-transform"><float_array id="mixamorig_Spine2-Matrix-animation-output-transform-array" count="352">

0.999994 -0.003106 -0.001339 0.000000 0.002978 0.996210 -0.086934 12.786900 0.001604 0.086929 0.996213 -1.438600 0.000000 0.000000 0.000000 1.000000
0.998873 -0.003490 0.047342 0.000000 0.007925 0.995558 -0.093818 12.786900 -0.046804 0.094088 0.994463 -1.438600 0.000000 0.000000 0.000000 1.000000
0.997187 -0.001427 0.074941 0.000000 0.007531 0.996667 -0.081224 12.786900 -0.074575 0.081560 0.993874 -1.438600 0.000000 0.000000 0.000000 1.000000
0.996159 0.003682 0.087482 -0.000000 0.002408 0.997586 -0.069405 12.786900 -0.087527 0.069349 0.993745 -1.438600 0.000000 0.000000 0.000000 1.000000
0.994934 0.007578 0.100247 -0.000000 -0.001991 0.998444 -0.055724 12.786900 -0.100514 0.055242 0.993401 -1.438600 0.000000 0.000000 0.000000 1.000000
0.994388 0.000957 0.105786 -0.000000 0.003775 0.999001 -0.044519 12.786900 -0.105723 0.044668 0.993392 -1.438600 0.000000 0.000000 0.000000 1.000000
0.995305 0.000999 0.096779 0.000000 0.003959 0.998689 -0.051029 12.786900 -0.096703 0.051173 0.993997 -1.438600 0.000000 0.000000 0.000000 1.000000
0.997089 0.008938 0.075720 0.000000 -0.004718 0.998435 -0.055730 12.786900 -0.076099 0.055211 0.995571 -1.438600 0.000000 0.000000 0.000000 1.000000
0.998431 0.018783 0.052747 0.000000 -0.015854 0.998338 -0.055415 12.786900 -0.053700 0.054492 0.997069 -1.438600 0.000000 0.000000 0.000000 1.000000
0.999396 0.027892 0.020738 0.000000 -0.026664 0.998001 -0.057292 12.786900 -0.022295 0.056704 0.998142 -1.438600 0.000000 0.000000 0.000000 1.000000
0.999401 0.031119 -0.015128 -0.000000 -0.031983 0.997644 -0.060689 12.786900 0.013204 0.061136 0.998042 -1.438600 0.000000 0.000000 0.000000 1.000000
0.998278 0.025799 -0.052681 0.000000 -0.029195 0.997474 -0.064749 12.786900 0.050877 0.066175 0.996510 -1.438600 0.000000 0.000000 0.000000 1.000000
0.995094 0.020194 -0.096856 0.000000 -0.026746 0.997406 -0.066827 12.786900 0.095255 0.069090 0.993052 -1.438600 0.000000 0.000000 0.000000 1.000000
0.991917 0.015112 -0.125989 0.000000 -0.022966 0.997866 -0.061124 12.786900 0.124796 0.063523 0.990147 -1.438600 0.000000 0.000000 0.000000 1.000000
0.989318 0.016703 -0.144810 0.000000 -0.024799 0.998217 -0.054287 12.786900 0.143645 0.057298 0.987969 -1.438600 0.000000 0.000000 0.000000 1.000000
0.988359 0.020699 -0.150722 0.000000 -0.029029 0.998158 -0.053278 12.786900 0.149341 0.057033 0.987140 -1.438600 0.000000 0.000000 0.000000 1.000000
0.987502 0.028396 -0.155029 0.000000 -0.037185 0.997843 -0.054093 12.786900 0.153159 0.059181 0.986428 -1.438600 0.000000 0.000000 0.000000 1.000000
0.988177 0.036643 -0.148877 0.000000 -0.046376 0.996971 -0.062439 12.786900 0.146138 0.068606 0.986882 -1.438600 0.000000 0.000000 0.000000 1.000000
0.991366 0.024812 -0.128753 0.000000 -0.034643 0.996605 -0.074688 12.786900 0.126463 0.078503 0.988860 -1.438600 0.000000 0.000000 0.000000 1.000000
0.995136 0.012121 -0.097761 0.000000 -0.019913 0.996666 -0.079121 12.786900 0.096476 0.080683 0.992060 -1.438600 0.000000 0.000000 0.000000 1.000000
0.998328 0.006381 -0.057443 -0.000000 -0.011042 0.996636 -0.081203 12.786900 0.056732 0.081702 0.995041 -1.438600 0.000000 0.000000 0.000000 1.000000
0.999994 -0.003106 -0.001339 0.000000 0.002978 0.996210 -0.086934 12.786900 0.001604 0.086929 0.996213 -1.438600 0.000000 0.000000 0.000000 1.000000</float_array><technique_common><accessor source="#mixamorig_Spine2-Matrix-animation-output-transform-array" count="22" stride="16"><param type="float4x4"/></accessor></technique_common></source><source id="mixamorig_Spine2-Interpolations"><Name_array id="mixamorig_Spine2-Interpolations-array" count="22">
 LINEAR LINEAR LINEAR LINEAR LINEAR LINEAR LINEAR LINEAR LINEAR LINEAR LINEAR
LINEAR LINEAR LINEAR LINEAR LINEAR LINEAR LINEAR LINEAR LINEAR LINEAR LINEAR</Name_array><technique_common><accessor source="#mixamorig_Spine2-Interpolations-array" count="22"><param type="name"/></accessor></technique_common></source><sampler id="mixamorig_Spine2-Matrix-animation-transform"><input semantic="INPUT" source="#mixamorig_Spine2-Matrix-animation-input"/><input semantic="OUTPUT" source="#mixamorig_Spine2-Matrix-animation-output-transform"/><input semantic="INTERPOLATION" source="#mixamorig_Spine2-Interpolations"/></sampler><channel source="#mixamorig_Spine2-Matrix-animation-transform" target="mixamorig_Spine2/matrix"/></animation>
    <animation id="mixamorig_Neck-anim" name="mixamorig_Neck"><source id="mixamorig_Neck-Matrix-animation-input"><float_array id="mixamorig_Neck-Matrix-animation-input-array" count="22">

0.000000 0.033333 0.066667 0.100000 0.133333 0.166667 0.200000 0.233333 0.266667 0.300000 0.333333 0.366667 0.400000 0.433333 0.466667 0.500000
0.533333 0.566667 0.600000 0.633333 0.666667 0.700000</float_array><technique_common><accessor source="#mixamorig_Neck-Matrix-animation-input-array" count="22"><param name="TIME" type="float"/></accessor></technique_common></source><source id="mixamorig_Neck-Matrix-animation-output-transform"><float_array id="mixamorig_Neck-Matrix-animation-output-transform-array" count="352">

0.999970 0.004850 -0.005963 0.000000 -0.005230 0.997845 -0.065407 15.556500 0.005633 0.065437 0.997841 7.134300 0.000000 0.000000 0.000000 1.000000
0.999451 0.001539 -0.033081 0.000000 -0.003926 0.997382 -0.072212 15.556500 0.032884 0.072303 0.996840 7.134300 0.000000 0.000000 0.000000 1.000000
0.998808 0.024033 -0.042475 0.000000 -0.027577 0.996006 -0.084917 15.556500 0.040264 0.085987 0.995482 7.134300 0.000000 0.000000 0.000000 1.000000
0.998440 0.001062 -0.055820 0.000000 -0.005840 0.996321 -0.085505 15.556500 0.055524 0.085698 0.994773 7.134300 0.000000 0.000000 0.000000 1.000000
0.997804 0.000383 -0.066231 0.000000 -0.006720 0.995409 -0.095477 15.556500 0.065891 0.095713 0.993226 7.134300 0.000000 0.000000 0.000000 1.000000
0.997510 0.027251 -0.065054 0.000000 -0.034416 0.993147 -0.111691 15.556500 0.061565 0.113652 0.991611 7.134300 0.000000 0.000000 0.000000 1.000000
0.997994 0.017706 -0.060787 0.000000 -0.024301 0.993686 -0.109531 15.556500 0.058464 0.110788 0.992123 7.134300 0.000000 0.000000 0.000000 1.000000
0.998711 0.015572 -0.048306 0.000000 -0.020725 0.993927 -0.108075 15.556500 0.046329 0.108937 0.992968 7.134300 0.000000 0.000000 0.000000 1.000000
0.999365 0.012953 -0.033180 0.000000 -0.016297 0.994590 -0.102590 15.556500 0.031672 0.103065 0.994170 7.134300 0.000000 0.000000 0.000000 1.000000
0.999843 0.001727 -0.017623 -0.000000 -0.003128 0.996810 -0.079745 15.556500 0.017429 0.079787 0.996660 7.134300 0.000000 0.000000 0.000000 1.000000
0.999684 -0.025064 -0.001698 0.000000 0.024886 0.997291 -0.069221 15.556500 0.003429 0.069157 0.997600 7.134300 0.000000 0.000000 0.000000 1.000000
0.999763 -0.007244 0.020518 -0.000000 0.008906 0.996585 -0.082096 15.556500 -0.019853 0.082259 0.996413 7.134300 0.000000 0.000000 0.000000 1.000000
0.998745 -0.035298 0.035540 0.000000 0.038377 0.995197 -0.090056 15.556500 -0.032190 0.091307 0.995302 7.134300 0.000000 0.000000 0.000000 1.000000
0.997978 -0.027544 0.057276 -0.000000 0.032470 0.995684 -0.086942 15.556500 -0.054634 0.088626 0.994565 7.134300 0.000000 0.000000 0.000000 1.000000
0.996738 0.001946 0.080686 -0.000000 0.004248 0.997058 -0.076528 15.556500 -0.080597 0.076621 0.993797 7.134300 0.000000 0.000000 0.000000 1.000000
0.996210 -0.012509 0.086080 -0.000000 0.020101 0.995926 -0.087909 15.556500 -0.084630 0.089306 0.992402 7.134300 0.000000 0.000000 0.000000 1.000000
0.995533 -0.045314 0.082830 0.000000 0.054372 0.992377 -0.110592 15.556500 -0.077187 0.114602 0.990408 7.134300 0.000000 0.000000 0.000000 1.000000
0.995363 -0.055968 0.078237 -0.000000 0.064295 0.992036 -0.108312 15.556500 -0.071552 0.112840 0.991034 7.134300 0.000000 0.000000 0.000000 1.000000
0.996859 -0.033754 0.071638 0.000000 0.039955 0.995410 -0.086967 15.556500 -0.068374 0.089556 0.993632 7.134300 0.000000 0.000000 0.000000 1.000000
0.998311 -0.000334 0.058088 -0.000000 0.004337 0.997622 -0.068789 15.556500 -0.057926 0.068925 0.995939 7.134300 0.000000 0.000000 0.000000 1.000000
0.999499 0.008562 0.030467 0.000000 -0.006522 0.997769 -0.066448 15.556500 -0.030968 0.066216 0.997325 7.134300 0.000000 0.000000 0.000000 1.000000
0.999970 0.004850 -0.005963 0.000000 -0.005230 0.997845 -0.065407 15.556500 0.005633 0.065437 0.997841 7.134300 0.000000 0.000000 0.000000 1.000000</float_array><technique_common><accessor source="#mixamorig_Neck-Matrix-animation-output-transform-array" count="22" stride="16"><param type="float4x4"/></accessor></technique_common></source><source id="mixamorig_Neck-Interpolations"><Name_array id="mixamorig_Neck-Interpolations-array" count="22">
 LINEAR LINEAR LINEAR LINEAR LINEAR LINEAR LINEAR LINEAR LINEAR LINEAR LINEAR
LINEAR LINEAR LINEAR LINEAR LINEAR LINEAR LINEAR LINEAR LINEAR LINEAR LINEAR</Name_array><technique_common><accessor source="#mixamorig_Neck-Interpolations-array" count="22"><param type="name"/></accessor></technique_common></source><sampler id="mixamorig_Neck-Matrix-animation-transform"><input semantic="INPUT" source="#mixamorig_Neck-Matrix-animation-input"/><input semantic="OUTPUT" source="#mixamorig_Neck-Matrix-animation-output-transform"/><input semantic="INTERPOLATION" source="#mixamorig_Neck-Interpolations"/></sampler><channel source="#mixamorig_Neck-Matrix-animation-transform" target="mixamorig_Neck/matrix"/></animation>
    <animation id="mixamorig_Head-anim" name="mixamorig_Head"><source id="mixamorig_Head-Matrix-animation-input"><float_array id="mixamorig_Head-Matrix-animation-input-array" count="22">

0.000000 0.033333 0.066667 0.100000 0.133333 0.166667 0.200000 0.233333 0.266667 0.300000 0.333333 0.366667 0.400000 0.433333 0.466667 0.500000
0.533333 0.566667 0.600000 0.633333 0.666667 0.700000</float_array><technique_common><accessor source="#mixamorig_Head-Matrix-animation-input-array" count="22"><param name="TIME" type="float"/></accessor></technique_common></source><source id="mixamorig_Head-Matrix-animation-output-transform"><float_array id="mixamorig_Head-Matrix-animation-output-transform-array" count="352">

0.999934 0.004092 0.010733 0.000000 -0.004517 0.999196 0.039837 7.137700 -0.010561 -0.039883 0.999149 4.237100 0.000000 0.000000 0.000000 1.000000
0.999872 0.003981 -0.015497 0.000000 -0.003491 0.999497 0.031534 7.137700 0.015615 -0.031476 0.999383 4.237100 0.000000 0.000000 0.000000 1.000000
0.999480 0.016725 -0.027567 -0.000000 -0.016162 0.999659 0.020525 7.137700 0.027901 -0.020069 0.999409 4.237100 0.000000 0.000000 0.000000 1.000000
0.999237 -0.000900 -0.039038 0.000000 0.001577 0.999849 0.017333 7.137700 0.039016 -0.017381 0.999087 4.237100 0.000000 0.000000 0.000000 1.000000
0.998795 -0.000697 -0.049067 -0.000000 0.000938 0.999988 0.004888 7.137700 0.049063 -0.004928 0.998784 4.237100 0.000000 0.000000 0.000000 1.000000
0.998561 0.018987 -0.050158 0.000000 -0.019371 0.999787 -0.007185 7.137700 0.050011 0.008146 0.998715 4.237100 0.000000 0.000000 0.000000 1.000000
0.998911 0.011366 -0.045241 0.000000 -0.011653 0.999914 -0.006072 7.137700 0.045169 0.006593 0.998958 4.237100 0.000000 0.000000 0.000000 1.000000
0.999421 0.009002 -0.032824 0.000000 -0.009140 0.999950 -0.004054 7.137700 0.032786 0.004352 0.999453 4.237100 0.000000 0.000000 0.000000 1.000000
0.999822 0.006577 -0.017659 0.000000 -0.006551 0.999977 0.001564 7.137700 0.017669 -0.001448 0.999843 4.237100 0.000000 0.000000 0.000000 1.000000
0.999999 -0.000039 -0.001008 0.000000 0.000063 0.999717 0.023775 7.137700 0.001007 -0.023776 0.999717 4.237100 0.000000 0.000000 0.000000 1.000000
0.999677 -0.018788 0.017102 0.000000 0.018181 0.999222 0.034995 7.137700 -0.017746 -0.034673 0.999241 4.237100 0.000000 0.000000 0.000000 1.000000
0.999258 -0.009907 0.037216 -0.000000 0.009104 0.999724 0.021678 7.137700 -0.037421 -0.021323 0.999072 4.237100 0.000000 0.000000 0.000000 1.000000
0.998044 -0.030287 0.054696 0.000000 0.029466 0.999442 0.015744 7.137700 -0.055143 -0.014101 0.998379 4.237100 0.000000 0.000000 0.000000 1.000000
0.996816 -0.026196 0.075309 -0.000000 0.024932 0.999533 0.017687 7.137700 -0.075737 -0.015753 0.997003 4.237100 0.000000 0.000000 0.000000 1.000000
0.995410 -0.005710 0.095531 0.000000 0.003648 0.999757 0.021753 7.137700 -0.095632 -0.021305 0.995189 4.237100 0.000000 0.000000 0.000000 1.000000
0.994662 -0.016863 0.101797 -0.000000 0.015766 0.999809 0.011565 7.137700 -0.101972 -0.009899 0.994738 4.237100 0.000000 0.000000 0.000000 1.000000
0.994036 -0.040535 0.101240 0.000000 0.041012 0.999155 -0.002638 7.137700 -0.101047 0.006775 0.994859 4.237100 0.000000 0.000000 0.000000 1.000000
0.994086 -0.047561 0.097630 -0.000000 0.047546 0.998866 0.002482 7.137700 -0.097637 0.002175 0.995220 4.237100 0.000000 0.000000 0.000000 1.000000
0.995519 -0.031048 0.089320 -0.000000 0.029437 0.999380 0.019293 7.137700 -0.089864 -0.016577 0.995816 4.237100 0.000000 0.000000 0.000000 1.000000
0.997299 -0.005362 0.073253 0.000000 0.002848 0.999405 0.034371 7.137700 -0.073394 -0.034069 0.996721 4.237100 0.000000 0.000000 0.000000 1.000000
0.998965 0.001926 0.045451 0.000000 -0.003656 0.999271 0.037997 7.137700 -0.045345 -0.038124 0.998244 4.237100 0.000000 0.000000 0.000000 1.000000
0.999934 0.004092 0.010733 0.000000 -0.004517 0.999196 0.039837 7.137700 -0.010561 -0.039883 0.999149 4.237100 0.000000 0.000000 0.000000 1.000000</float_array><technique_common><accessor source="#mixamorig_Head-Matrix-animation-output-transform-array" count="22" stride="16"><param type="float4x4"/></accessor></technique_common></source><source id="mixamorig_Head-Interpolations"><Name_array id="mixamorig_Head-Interpolations-array" count="22">
 LINEAR LINEAR LINEAR LINEAR LINEAR LINEAR LINEAR LINEAR LINEAR LINEAR LINEAR
LINEAR LINEAR LINEAR LINEAR LINEAR LINEAR LINEAR LINEAR LINEAR LINEAR LINEAR</Name_array><technique_common><accessor source="#mixamorig_Head-Interpolations-array" count="22"><param type="name"/></accessor></technique_common></source><sampler id="mixamorig_Head-Matrix-animation-transform"><input semantic="INPUT" source="#mixamorig_Head-Matrix-animation-input"/><input semantic="OUTPUT" source="#mixamorig_Head-Matrix-animation-output-transform"/><input semantic="INTERPOLATION" source="#mixamorig_Head-Interpolations"/></sampler><channel source="#mixamorig_Head-Matrix-animation-transform" target="mixamorig_Head/matrix"/></animation>
    <animation id="mixamorig_LeftShoulder-anim" name="mixamorig_LeftShoulder"><source id="mixamorig_LeftShoulder-Matrix-animation-input"><float_array id="mixamorig_LeftShoulder-Matrix-animation-input-array" count="22">

0.000000 0.033333 0.066667 0.100000 0.133333 0.166667 0.200000 0.233333 0.266667 0.300000 0.333333 0.366667 0.400000 0.433333 0.466667 0.500000
0.533333 0.566667 0.600000 0.633333 0.666667 0.700000</float_array><technique_common><accessor source="#mixamorig_LeftShoulder-Matrix-animation-input-array" count="22"><param name="TIME" type="float"/></accessor></technique_common></source><source id="mixamorig_LeftShoulder-Matrix-animation-output-transform"><float_array id="mixamorig_LeftShoulder-Matrix-animation-output-transform-array" count="352">

0.111030 0.893373 -0.435382 10.522300 0.013369 -0.439394 -0.898195 3.499300 -0.993727 0.093906 -0.060729 -2.292600 0.000000 0.000000 0.000000 1.000000
0.112653 0.902610 -0.415458 10.522300 0.014386 -0.419557 -0.907615 3.499300 -0.993530 0.096269 -0.060249 -2.292600 0.000000 0.000000 0.000000 1.000000
0.071606 0.922986 -0.378112 10.522300 0.016090 -0.380105 -0.924804 3.499300 -0.997303 0.060137 -0.042068 -2.292600 0.000000 0.000000 0.000000 1.000000
0.034612 0.942928 -0.331192 10.522300 0.016222 -0.331877 -0.943183 3.499300 -0.999269 0.027272 -0.026783 -2.292600 0.000000 0.000000 0.000000 1.000000
0.045878 0.962413 -0.267687 10.522300 0.017678 -0.268709 -0.963059 3.499300 -0.998791 0.039451 -0.029342 -2.292600 0.000000 0.000000 0.000000 1.000000
0.054609 0.970224 -0.235974 10.522300 0.016956 -0.237193 -0.971314 3.499300 -0.998364 0.049041 -0.029404 -2.292600 0.000000 0.000000 0.000000 1.000000
0.048219 0.972295 -0.228731 10.522300 0.015334 -0.229691 -0.973143 3.499300 -0.998719 0.043417 -0.025985 -2.292600 0.000000 0.000000 0.000000 1.000000
0.068523 0.964907 -0.253494 10.522300 0.019613 -0.255345 -0.966651 3.499300 -0.997457 0.061266 -0.036422 -2.292600 0.000000 0.000000 0.000000 1.000000
0.116725 0.932582 -0.341564 10.522300 0.018378 -0.345884 -0.938097 3.499300 -0.992994 0.103222 -0.057512 -2.292600 0.000000 0.000000 0.000000 1.000000
0.174607 0.875273 -0.451009 10.522300 0.009963 -0.459593 -0.888074 3.499300 -0.984588 0.150571 -0.088968 -2.292600 0.000000 0.000000 0.000000 1.000000
0.187243 0.856531 -0.480930 10.522300 0.006414 -0.490645 -0.871336 3.499300 -0.982293 0.160067 -0.097363 -2.292600 0.000000 0.000000 0.000000 1.000000
0.199585 0.858477 -0.472422 10.522300 0.006600 -0.483289 -0.875436 3.499300 -0.979858 0.171606 -0.102123 -2.292600 0.000000 0.000000 0.000000 1.000000
0.230289 0.883211 -0.408540 10.522300 0.012297 -0.422431 -0.906312 3.499300 -0.973045 0.203690 -0.108142 -2.292600 0.000000 0.000000 0.000000 1.000000
0.207472 0.908162 -0.363589 10.522300 0.017687 -0.375098 -0.926817 3.499300 -0.978081 0.185858 -0.093885 -2.292600 0.000000 0.000000 0.000000 1.000000
0.166782 0.924625 -0.342420 10.522300 0.019355 -0.350288 -0.936442 3.499300 -0.985804 0.149554 -0.076318 -2.292600 0.000000 0.000000 0.000000 1.000000
0.144959 0.936307 -0.319868 10.522300 0.020530 -0.326059 -0.945126 3.499300 -0.989225 0.130437 -0.066487 -2.292600 0.000000 0.000000 0.000000 1.000000
0.136251 0.943790 -0.301158 10.522300 0.021452 -0.306733 -0.951554 3.499300 -0.990442 0.123190 -0.062039 -2.292600 0.000000 0.000000 0.000000 1.000000
0.137829 0.943078 -0.302667 10.522300 0.021434 -0.308352 -0.951031 3.499300 -0.990224 0.124593 -0.062714 -2.292600 0.000000 0.000000 0.000000 1.000000
0.131598 0.931585 -0.338868 10.522300 0.018953 -0.344143 -0.938726 3.499300 -0.991122 0.117111 -0.062945 -2.292600 0.000000 0.000000 0.000000 1.000000
0.130160 0.910118 -0.393375 10.522300 0.015540 -0.398574 -0.917004 3.499300 -0.991371 0.113244 -0.066022 -2.292600 0.000000 0.000000 0.000000 1.000000
0.109183 0.904488 -0.412286 10.522300 0.014652 -0.416185 -0.909162 3.499300 -0.993914 0.093224 -0.058693 -2.292600 0.000000 0.000000 0.000000 1.000000
0.111029 0.893373 -0.435382 10.522300 0.013369 -0.439394 -0.898195 3.499300 -0.993727 0.093905 -0.060729 -2.292600 0.000000 0.000000 0.000000 1.000000</float_array><technique_common><accessor source="#mixamorig_LeftShoulder-Matrix-animation-output-transform-array" count="22" stride="16"><param type="float4x4"/></accessor></technique_common></source><source id="mixamorig_LeftShoulder-Interpolations"><Name_array id="mixamorig_LeftShoulder-Interpolations-array" count="22">
 LINEAR LINEAR LINEAR LINEAR LINEAR LINEAR LINEAR LINEAR LINEAR LINEAR LINEAR
LINEAR LINEAR LINEAR LINEAR LINEAR LINEAR LINEAR LINEAR LINEAR LINEAR LINEAR</Name_array><technique_common><accessor source="#mixamorig_LeftShoulder-Interpolations-array" count="22"><param type="name"/></accessor></technique_common></source><sampler id="mixamorig_LeftShoulder-Matrix-animation-transform"><input semantic="INPUT" source="#mixamorig_LeftShoulder-Matrix-animation-input"/><input semantic="OUTPUT" source="#mixamorig_LeftShoulder-Matrix-animation-output-transform"/><input semantic="INTERPOLATION" source="#mixamorig_LeftShoulder-Interpolations"/></sampler><channel source="#mixamorig_LeftShoulder-Matrix-animation-transform" target="mixamorig_LeftShoulder/matrix"/></animation>
    <animation id="mixamorig_LeftArm-anim" name="mixamorig_LeftArm"><source id="mixamorig_LeftArm-Matrix-animation-input"><float_array id="mixamorig_LeftArm-Matrix-animation-input-array" count="22">

0.000000 0.033333 0.066667 0.100000 0.133333 0.166667 0.200000 0.233333 0.266667 0.300000 0.333333 0.366667 0.400000 0.433333 0.466667 0.500000
0.533333 0.566667 0.600000 0.633333 0.666667 0.700000</float_array><technique_common><accessor source="#mixamorig_LeftArm-Matrix-animation-input-array" count="22"><param name="TIME" type="float"/></accessor></technique_common></source><source id="mixamorig_LeftArm-Matrix-animation-output-transform"><float_array id="mixamorig_LeftArm-Matrix-animation-output-transform-array" count="352">

0.913847 0.340763 0.220827 -0.866200 0.013241 0.518533 -0.854955 11.530100 -0.405843 0.784222 0.469347 -3.295200 0.000000 0.000000 0.000000 1.000000
0.877004 0.424955 0.224228 -0.866200 -0.041304 0.531623 -0.845974 11.530100 -0.478705 0.732660 0.483788 -3.295200 0.000000 0.000000 0.000000 1.000000
0.791831 0.538744 0.287678 -0.866200 -0.064344 0.541999 -0.837912 11.530100 -0.607342 0.644974 0.463836 -3.295200 0.000000 0.000000 0.000000 1.000000
0.704013 0.614120 0.356683 -0.866200 -0.078053 0.566104 -0.820630 11.530100 -0.705885 0.549894 0.446479 -3.295200 0.000000 0.000000 0.000000 1.000000
0.614328 0.677140 0.405070 -0.866200 -0.067382 0.556510 -0.828104 11.530100 -0.786168 0.481433 0.387507 -3.295200 0.000000 0.000000 0.000000 1.000000
0.552520 0.726477 0.408598 -0.866200 -0.076613 0.532410 -0.843013 11.530100 -0.829971 0.434478 0.349825 -3.295200 0.000000 0.000000 0.000000 1.000000
0.545955 0.759853 0.352925 -0.866200 -0.108803 0.481981 -0.869400 11.530100 -0.830720 0.436254 0.345814 -3.295200 0.000000 0.000000 0.000000 1.000000
0.598620 0.757566 0.260284 -0.866200 -0.146547 0.423024 -0.894189 11.530100 -0.787514 0.497136 0.364250 -3.295200 0.000000 0.000000 0.000000 1.000000
0.713960 0.678594 0.172544 -0.866200 -0.201360 0.435005 -0.877624 11.530100 -0.670608 0.591845 0.447218 -3.295200 0.000000 0.000000 0.000000 1.000000
0.886966 0.457117 0.065841 -0.866200 -0.215600 0.535912 -0.816281 11.530100 -0.408421 0.709818 0.573891 -3.295200 0.000000 0.000000 0.000000 1.000000
0.997790 0.060263 0.027990 -0.866200 -0.011091 0.566374 -0.824073 11.530100 -0.065514 0.821942 0.565791 -3.295200 0.000000 0.000000 0.000000 1.000000
0.975064 -0.221806 0.007204 -0.866200 0.118649 0.493605 -0.861555 11.530100 0.187542 0.840926 0.507613 -3.295200 0.000000 0.000000 0.000000 1.000000
0.957624 -0.287467 -0.017860 -0.866200 0.125110 0.471022 -0.873204 11.530100 0.259430 0.833967 0.487027 -3.295200 0.000000 0.000000 0.000000 1.000000
0.964646 -0.259668 0.045072 -0.866200 0.175635 0.505883 -0.844532 11.530100 0.196497 0.822591 0.533604 -3.295200 0.000000 0.000000 0.000000 1.000000
0.980307 -0.163392 0.110911 -0.866200 0.188664 0.608963 -0.770435 11.530100 0.058342 0.776188 0.627797 -3.295200 0.000000 0.000000 0.000000 1.000000
0.980157 -0.091463 0.175860 -0.866200 0.187778 0.712619 -0.675954 11.530100 -0.063496 0.695564 0.715653 -3.295200 0.000000 0.000000 0.000000 1.000000
0.978349 0.005694 0.206885 -0.866200 0.133814 0.745170 -0.653311 11.530100 -0.157885 0.666850 0.728274 -3.295200 0.000000 0.000000 0.000000 1.000000
0.975239 0.099341 0.197588 -0.866200 0.072002 0.702134 -0.708395 11.530100 -0.209106 0.705081 0.677595 -3.295200 0.000000 0.000000 0.000000 1.000000
0.962132 0.194967 0.190498 -0.866200 0.029874 0.619233 -0.784639 11.530100 -0.270941 0.760617 0.589960 -3.295200 0.000000 0.000000 0.000000 1.000000
0.939074 0.275373 0.205695 -0.866200 0.028444 0.534131 -0.844923 11.530100 -0.342537 0.799296 0.493755 -3.295200 0.000000 0.000000 0.000000 1.000000
0.923019 0.311660 0.225619 -0.866200 0.048706 0.487033 -0.872024 11.530100 -0.381659 0.815884 0.434361 -3.295200 0.000000 0.000000 0.000000 1.000000
