<?xml version="1.0" encoding="utf-8"?>
<COLLADA xmlns="http://www.collada.org/2005/11/COLLADASchema" version="1.4.1">
  <asset><contributor><author>Mixamo</author><authoring_tool>COLLADA Mixamo exporter</authoring_tool><comments></comments></contributor><created>2020-05-01T10:55:46Z</created><modified>2020-05-01T10:55:46Z</modified><revision></revision><title></title><unit meter="0.010000"/><up_axis>Y_UP</up_axis></asset>
  <library_animations>
    <animation id="mixamorig_Hips-anim" name="mixamorig_Hips"><source id="mixamorig_Hips-Matrix-animation-input"><float_array id="mixamorig_Hips-Matrix-animation-input-array" count="46">

0.000000 0.033333 0.066667 0.100000 0.133333 0.166667 0.200000 0.233333 0.266667 0.300000 0.333333 0.366667 0.400000 0.433333 0.466667 0.500000
0.533333 0.566667 0.600000 0.633333 0.666667 0.700000 0.733333 0.766667 0.800000 0.833333 0.866667 0.900000 0.933333 0.966667 1.000000 1.033333
1.066667 1.100000 1.133333 1.166667 1.200000 1.233333 1.266667 1.300000 1.333333 1.366667 1.400000 1.433333 1.466667 1.500000</float_array><technique_common><accessor source="#mixamorig_Hips-Matrix-animation-input-array" count="46"><param name="TIME" type="float"/></accessor></technique_common></source><source id="mixamorig_Hips-Matrix-animation-output-transform"><float_array id="mixamorig_Hips-Matrix-animation-output-transform-array" count="736">

0.522267 -0.054664 -0.851028 0.736158 0.059766 0.997836 -0.027417 50.134068 0.850685 -0.036544 0.524404 -0.199006 0.000000 0.000000 0.000000 1.000000
0.486074 -0.070205 -0.871093 0.558155 0.076049 0.996385 -0.037867 50.270054 0.870603 -0.047840 0.489655 -0.514989 0.000000 0.000000 0.000000 1.000000
0.413629 -0.086006 -0.906374 0.351109 0.096492 0.994062 -0.050292 50.083424 0.905318 -0.066656 0.419472 -0.933444 0.000000 0.000000 0.000000 1.000000
0.295696 -0.091018 -0.950936 -0.017423 0.127333 0.990323 -0.055194 49.957359 0.946758 -0.104765 0.304425 -1.235689 0.000000 0.000000 0.000000 1.000000
0.156217 -0.082756 -0.984250 -0.748212 0.150251 0.986878 -0.059130 50.011810 0.976228 -0.138648 0.166601 -1.528156 0.000000 0.000000 0.000000 1.000000
0.035901 -0.060112 -0.997546 -1.930919 0.166414 0.984612 -0.053343 50.298389 0.985402 -0.164091 0.045352 -1.906850 0.000000 0.000000 0.000000 1.000000
-0.097483 -0.027952 -0.994845 -3.288884 0.172356 0.984027 -0.044537 50.464981 0.980199 -0.175810 -0.091108 -2.137100 0.000000 0.000000 0.000000 1.000000
-0.238360 -0.011404 -0.971110 -4.703540 0.182082 0.981675 -0.056220 50.218513 0.953955 -0.190222 -0.231916 -2.095116 0.000000 0.000000 0.000000 1.000000
-0.370320 -0.017105 -0.928747 -6.104376 0.191134 0.977033 -0.094205 49.824295 0.909027 -0.212401 -0.358546 -1.747997 0.000000 0.000000 0.000000 1.000000
-0.473556 -0.028413 -0.880305 -7.337778 0.194758 0.971360 -0.136121 49.322845 0.858961 -0.235908 -0.454460 -1.206704 0.000000 0.000000 0.000000 1.000000
-0.547353 -0.040101 -0.835940 -8.252565 0.193805 0.965626 -0.173221 48.860760 0.814152 -0.256822 -0.520767 -0.547374 0.000000 0.000000 0.000000 1.000000
-0.586900 -0.053735 -0.807874 -8.694982 0.191339 0.960328 -0.202879 48.277115 0.786726 -0.273648 -0.553335 0.268671 0.000000 0.000000 0.000000 1.000000
-0.596228 -0.068500 -0.799887 -8.682529 0.191753 0.955364 -0.224746 47.651501 0.779579 -0.287381 -0.556479 1.242727 0.000000 0.000000 0.000000 1.000000
-0.589765 -0.083027 -0.803296 -8.316934 0.189949 0.952533 -0.237908 46.994518 0.784918 -0.292895 -0.546000 2.238393 0.000000 0.000000 0.000000 1.000000
-0.550381 -0.107296 -0.827990 -7.534739 0.181578 0.952588 -0.244141 46.224392 0.814929 -0.284715 -0.504804 3.107049 0.000000 0.000000 0.000000 1.000000
-0.460425 -0.139231 -0.876712 -6.339813 0.168724 0.955894 -0.240415 45.249466 0.871516 -0.258616 -0.416626 3.683466 0.000000 0.000000 0.000000 1.000000
-0.332677 -0.165723 -0.928365 -5.024867 0.155067 0.961425 -0.227193 44.271431 0.930204 -0.219541 -0.294146 3.958010 0.000000 0.000000 0.000000 1.000000
-0.169169 -0.180573 -0.968904 -3.784071 0.126991 0.970885 -0.203115 43.266838 0.977372 -0.157402 -0.141313 3.908376 0.000000 0.000000 0.000000 1.000000
0.079378 -0.153305 -0.984986 -2.835301 0.095082 0.984763 -0.145608 43.072559 0.992300 -0.082096 0.092745 3.619154 0.000000 0.000000 0.000000 1.000000
0.425070 -0.077904 -0.901802 -2.378770 0.037598 0.996949 -0.068402 43.869179 0.904379 -0.004830 0.426702 3.259347 0.000000 0.000000 0.000000 1.000000
0.741736 0.000907 -0.670692 -2.675396 -0.049961 0.997295 -0.053905 45.038822 0.668829 0.073492 0.739775 3.058553 0.000000 0.000000 0.000000 1.000000
0.945281 0.014640 -0.325929 -3.983998 -0.062570 0.988584 -0.137064 46.284977 0.320202 0.149957 0.935406 3.211177 0.000000 0.000000 0.000000 1.000000
0.999153 0.014558 -0.038480 -5.466746 -0.023756 0.967766 -0.250728 47.564667 0.033589 0.251429 0.967293 4.166451 0.000000 0.000000 0.000000 1.000000
0.996205 0.034593 0.079866 -6.429615 -0.006244 0.943660 -0.330857 48.633656 -0.086812 0.329103 0.940295 5.691644 0.000000 0.000000 0.000000 1.000000
0.981219 0.072716 0.178667 -7.021762 0.003119 0.920124 -0.391615 48.729721 -0.192872 0.384817 0.902616 7.477913 0.000000 0.000000 0.000000 1.000000
0.960992 0.103360 0.256537 -7.101194 0.007999 0.916770 -0.399335 47.849224 -0.276461 0.385810 0.880182 8.731923 0.000000 0.000000 0.000000 1.000000
0.956607 0.115589 0.267473 -6.850858 0.008533 0.906445 -0.422238 47.191734 -0.291256 0.406198 0.866125 9.576382 0.000000 0.000000 0.000000 1.000000
0.960064 0.115612 0.254776 -6.237053 0.002865 0.906519 -0.422156 46.757904 -0.279765 0.406026 0.869985 10.066887 0.000000 0.000000 0.000000 1.000000
0.972525 0.102561 0.208991 -5.436084 -0.004620 0.906053 -0.423140 46.626640 -0.232754 0.410548 0.881632 10.140928 0.000000 0.000000 0.000000 1.000000
0.984480 0.086647 0.152614 -4.559769 -0.014012 0.905650 -0.423795 46.683228 -0.174935 0.415079 0.892808 9.808480 0.000000 0.000000 0.000000 1.000000
0.993832 0.062181 0.091821 -3.690121 -0.018457 0.909205 -0.415940 46.826855 -0.109347 0.411680 0.904744 9.210248 0.000000 0.000000 0.000000 1.000000
0.999575 0.029062 -0.002291 -2.772335 -0.027634 0.919564 -0.391968 46.869827 -0.009285 0.391865 0.919976 8.417727 0.000000 0.000000 0.000000 1.000000
0.992939 -0.006176 -0.118466 -1.868127 -0.036985 0.932748 -0.358628 46.712994 0.112714 0.360477 0.925933 7.566916 0.000000 0.000000 0.000000 1.000000
0.973466 -0.032402 -0.226527 -0.981573 -0.042434 0.947194 -0.317840 46.477669 0.224864 0.319019 0.920686 6.832250 0.000000 0.000000 0.000000 1.000000
0.948450 -0.053242 -0.312424 -0.238753 -0.038942 0.958740 -0.281605 46.366875 0.314527 0.279254 0.907243 6.132834 0.000000 0.000000 0.000000 1.000000
0.918231 -0.071948 -0.389455 0.093743 -0.031653 0.966883 -0.253251 46.336338 0.394779 0.244871 0.885544 5.018127 0.000000 0.000000 0.000000 1.000000
0.889411 -0.075206 -0.450879 0.260905 -0.027379 0.975837 -0.216776 46.860634 0.456288 0.205148 0.865861 3.734613 0.000000 0.000000 0.000000 1.000000
0.853627 -0.072683 -0.515788 0.286613 -0.025099 0.983327 -0.180105 47.809944 0.520279 0.166688 0.837571 2.499889 0.000000 0.000000 0.000000 1.000000
0.806373 -0.061937 -0.588156 0.307814 -0.019967 0.991083 -0.131742 49.012039 0.591071 0.117977 0.797945 1.559556 0.000000 0.000000 0.000000 1.000000
0.756013 -0.054357 -0.652296 0.360564 -0.012332 0.995186 -0.097223 50.264313 0.654440 0.081546 0.751703 0.894705 0.000000 0.000000 0.000000 1.000000
0.699482 -0.051805 -0.712770 0.372819 0.005226 0.997713 -0.067387 51.435947 0.714631 0.043411 0.698153 0.372932 0.000000 0.000000 0.000000 1.000000
0.645290 -0.055395 -0.761926 0.360779 0.022090 0.998303 -0.053872 52.181572 0.763618 0.017932 0.645419 0.018300 0.000000 0.000000 0.000000 1.000000
0.601354 -0.056854 -0.796958 0.475473 0.035452 0.998381 -0.044472 51.913746 0.798196 -0.001510 0.602396 -0.023203 0.000000 0.000000 0.000000 1.000000
0.564328 -0.056702 -0.823601 0.587113 0.046739 0.998233 -0.036700 51.271843 0.824227 -0.017783 0.565981 0.037238 0.000000 0.000000 0.000000 1.000000
0.535119 -0.056244 -0.842902 0.674941 0.056616 0.997926 -0.030645 50.648842 0.842877 -0.031323 0.537194 -0.051259 0.000000 0.000000 0.000000 1.000000
0.522266 -0.054664 -0.851029 0.736157 0.059766 0.997836 -0.027417 50.134060 0.850686 -0.036543 0.524403 -0.198999 0.000000 0.000000 0.000000 1.000000</float_array><technique_common><accessor source="#mixamorig_Hips-Matrix-animation-output-transform-array" count="46" stride="16"><param type="float4x4"/></accessor></technique_common></source><source id="mixamorig_Hips-Interpolations"><Name_array id="mixamorig_Hips-Interpolations-array" count="46">
 LINEAR LINEAR LINEAR LINEAR LINEAR LINEAR LINEAR LINEAR LINEAR LINEAR LINEAR
LINEAR LINEAR LINEAR LINEAR LINEAR LINEAR LINEAR LINEAR LINEAR LINEAR LINEAR LINEAR
LINEAR LINEAR LINEAR LINEAR LINEAR LINEAR LINEAR LINEAR LINEAR LINEAR LINEAR LINEAR
LINEAR LINEAR LINEAR LINEAR LINEAR LINEAR LINEAR LINEAR LINEAR LINEAR LINEAR</Name_array><technique_common><accessor source="#mixamorig_Hips-Interpolations-array" count="46"><param type="name"/></accessor></technique_common></source><sampler id="mixamorig_Hips-Matrix-animation-transform"><input semantic="INPUT" source="#mixamorig_Hips-Matrix-animation-input"/><input semantic="OUTPUT" source="#mixamorig_Hips-Matrix-animation-output-transform"/><input semantic="INTERPOLATION" source="#mixamorig_Hips-Interpolations"/></sampler><channel source="#mixamorig_Hips-Matrix-animation-transform" target="mixamorig_Hips/matrix"/></animation>
    <animation id="mixamorig_Spine-anim" name="mixamorig_Spine"><source id="mixamorig_Spine-Matrix-animation-input"><float_array id="mixamorig_Spine-Matrix-animation-input-array" count="46">

0.000000 0.033333 0.066667 0.100000 0.133333 0.166667 0.200000 0.233333 0.266667 0.300000 0.333333 0.366667 0.400000 0.433333 0.466667 0.500000
0.533333 0.566667 0.600000 0.633333 0.666667 0.700000 0.733333 0.766667 0.800000 0.833333 0.866667 0.900000 0.933333 0.966667 1.000000 1.033333
1.066667 1.100000 1.133333 1.166667 1.200000 1.233333 1.266667 1.300000 1.333333 1.366667 1.400000 1.433333 1.466667 1.500000</float_array><technique_common><accessor source="#mixamorig_Spine-Matrix-animation-input-array" count="46"><param name="TIME" type="float"/></accessor></technique_common></source><source id="mixamorig_Spine-Matrix-animation-output-transform"><float_array id="mixamorig_Spine-Matrix-animation-output-transform-array" count="736">

0.999226 0.038020 0.010113 0.000000 -0.037308 0.997304 -0.063190 16.216101 -0.012489 0.062764 0.997950 -2.336500 0.000000 0.000000 0.000000 1.000000
0.999183 0.038904 0.010989 0.000000 -0.038123 0.997220 -0.064023 16.216101 -0.013449 0.063552 0.997888 -2.336500 0.000000 0.000000 0.000000 1.000000
0.999056 0.041793 0.011891 0.000000 -0.040947 0.997100 -0.064141 16.216101 -0.014537 0.063594 0.997870 -2.336500 0.000000 0.000000 0.000000 1.000000
0.998898 0.046093 0.008830 -0.000000 -0.045471 0.997101 -0.061007 16.216101 -0.011616 0.060538 0.998098 -2.336500 0.000000 0.000000 0.000000 1.000000
0.998848 0.047962 0.001235 0.000000 -0.047818 0.997297 -0.055794 16.216101 -0.003907 0.055671 0.998442 -2.336500 0.000000 0.000000 0.000000 1.000000
0.998784 0.047913 -0.011590 -0.000000 -0.048472 0.997359 -0.054087 16.216101 0.008968 0.054583 0.998469 -2.336500 0.000000 0.000000 0.000000 1.000000
0.998558 0.045885 -0.027876 0.000000 -0.047509 0.997025 -0.060696 16.216101 0.025008 0.061933 0.997767 -2.336500 0.000000 0.000000 0.000000 1.000000
0.998292 0.040172 -0.042406 0.000000 -0.043034 0.996696 -0.068880 16.216101 0.039499 0.070587 0.996723 -2.336500 0.000000 0.000000 0.000000 1.000000
0.998081 0.030193 -0.054064 0.000000 -0.034105 0.996752 -0.072958 16.216101 0.051685 0.074661 0.995869 -2.336500 0.000000 0.000000 0.000000 1.000000
0.997867 0.015524 -0.063409 -0.000000 -0.020229 0.997034 -0.074250 16.216101 0.062068 0.075374 0.995222 -2.336500 0.000000 0.000000 0.000000 1.000000
0.997679 -0.002061 -0.068067 -0.000000 -0.002687 0.997572 -0.069596 16.216101 0.068045 0.069618 0.995250 -2.336500 0.000000 0.000000 0.000000 1.000000
0.997254 -0.023412 -0.070254 0.000000 0.019240 0.998043 -0.059493 16.216101 0.071509 0.057978 0.995753 -2.336500 0.000000 0.000000 0.000000 1.000000
0.996412 -0.045713 -0.071233 -0.000000 0.042495 0.998035 -0.046049 16.216101 0.073198 0.042857 0.996396 -2.336500 0.000000 0.000000 0.000000 1.000000
0.995150 -0.067922 -0.071160 -0.000000 0.065788 0.997323 -0.031911 16.216101 0.073137 0.027075 0.996954 -2.336500 0.000000 0.000000 0.000000 1.000000
0.993506 -0.089086 -0.070781 0.000000 0.087936 0.995941 -0.019202 16.216101 0.072205 0.012853 0.997307 -2.336500 0.000000 0.000000 0.000000 1.000000
0.991912 -0.105599 -0.070422 0.000000 0.105210 0.994407 -0.009218 16.216101 0.071001 0.001734 0.997475 -2.336500 0.000000 0.000000 0.000000 1.000000
0.991009 -0.115411 -0.067682 0.000000 0.115564 0.993299 -0.001661 16.216101 0.067420 -0.006175 0.997706 -2.336500 0.000000 0.000000 0.000000 1.000000
0.990428 -0.121589 -0.065340 0.000000 0.121807 0.992554 -0.000647 16.216101 0.064932 -0.007318 0.997863 -2.336500 0.000000 0.000000 0.000000 1.000000
0.990681 -0.121688 -0.061179 0.000000 0.121647 0.992564 -0.004413 16.216101 0.061261 -0.003070 0.998117 -2.336500 0.000000 0.000000 0.000000 1.000000
0.990956 -0.118249 -0.063438 0.000000 0.117873 0.992982 -0.009648 16.216101 0.064133 0.002083 0.997939 -2.336500 0.000000 0.000000 0.000000 1.000000
0.993554 -0.101046 -0.051379 0.000000 0.100219 0.994795 -0.018419 16.216101 0.052973 0.013151 0.998509 -2.336500 0.000000 0.000000 0.000000 1.000000
0.997112 -0.074527 -0.014635 0.000000 0.074069 0.996812 -0.029667 16.216101 0.016799 0.028497 0.999453 -2.336500 0.000000 0.000000 0.000000 1.000000
0.998684 -0.051229 -0.002228 0.000000 0.051121 0.998093 -0.034604 16.216101 0.003996 0.034444 0.999399 -2.336500 0.000000 0.000000 0.000000 1.000000
0.998954 -0.043979 -0.012510 -0.000000 0.043410 0.998148 -0.042615 16.216101 0.014361 0.042027 0.999013 -2.336500 0.000000 0.000000 0.000000 1.000000
0.999231 -0.036744 -0.013711 0.000000 0.036173 0.998554 -0.039761 16.216101 0.015153 0.039235 0.999115 -2.336500 0.000000 0.000000 0.000000 1.000000
0.999193 -0.035910 -0.018022 0.000000 0.035193 0.998634 -0.038625 16.216101 0.019385 0.037960 0.999091 -2.336500 0.000000 0.000000 0.000000 1.000000
0.998963 -0.038740 -0.023913 0.000000 0.037876 0.998649 -0.035573 16.216101 0.025259 0.034630 0.999081 -2.336500 0.000000 0.000000 0.000000 1.000000
0.998856 -0.039241 -0.027345 0.000000 0.038267 0.998645 -0.035280 16.216101 0.028692 0.034193 0.999003 -2.336500 0.000000 0.000000 0.000000 1.000000
0.999026 -0.036562 -0.024692 0.000000 0.035700 0.998768 -0.034473 16.216101 0.025922 0.033558 0.999101 -2.336500 0.000000 0.000000 0.000000 1.000000
0.999300 -0.031724 -0.019823 0.000000 0.031057 0.998971 -0.033057 16.216101 0.020851 0.032419 0.999257 -2.336500 0.000000 0.000000 0.000000 1.000000
0.999575 -0.025155 -0.014748 0.000000 0.024651 0.999138 -0.033402 16.216101 0.015576 0.033024 0.999333 -2.336500 0.000000 0.000000 0.000000 1.000000
0.999847 -0.016057 -0.006903 -0.000000 0.015793 0.999200 -0.036740 16.216101 0.007488 0.036625 0.999301 -2.336500 0.000000 0.000000 0.000000 1.000000
0.999982 -0.004289 -0.004104 0.000000 0.004135 0.999317 -0.036731 16.216101 0.004259 0.036714 0.999317 -2.336500 0.000000 0.000000 0.000000 1.000000
0.999990 0.003200 -0.003024 -0.000000 -0.003309 0.999311 -0.036972 16.216101 0.002904 0.036981 0.999312 -2.336500 0.000000 0.000000 0.000000 1.000000
0.999979 0.006452 -0.000972 -0.000000 -0.006484 0.999309 -0.036590 16.216101 0.000736 0.036595 0.999330 -2.336500 0.000000 0.000000 0.000000 1.000000
0.999942 0.009129 0.005756 0.000000 -0.008909 0.999270 -0.037138 16.216101 -0.006091 0.037085 0.999294 -2.336500 0.000000 0.000000 0.000000 1.000000
0.999922 0.010358 0.007029 0.000000 -0.010063 0.999118 -0.040761 16.216101 -0.007445 0.040688 0.999144 -2.336500 0.000000 0.000000 0.000000 1.000000
0.999899 0.011634 0.008134 -0.000000 -0.011258 0.998934 -0.044758 16.216101 -0.008646 0.044662 0.998965 -2.336500 0.000000 0.000000 0.000000 1.000000
0.999877 0.012470 0.009533 0.000000 -0.011982 0.998693 -0.049692 16.216101 -0.010140 0.049572 0.998719 -2.336500 0.000000 0.000000 0.000000 1.000000
0.999860 0.014192 0.008875 0.000000 -0.013706 0.998518 -0.052667 16.216101 -0.009609 0.052538 0.998573 -2.336500 0.000000 0.000000 0.000000 1.000000
0.999797 0.018677 0.007584 0.000000 -0.018220 0.998237 -0.056494 16.216101 -0.008626 0.056344 0.998374 -2.336500 0.000000 0.000000 0.000000 1.000000
0.999687 0.023724 0.007970 -0.000000 -0.023222 0.998041 -0.058097 16.216101 -0.009332 0.057894 0.998279 -2.336500 0.000000 0.000000 0.000000 1.000000
0.999584 0.027527 0.008647 0.000000 -0.026955 0.997811 -0.060392 16.216101 -0.010290 0.060134 0.998137 -2.336500 0.000000 0.000000 0.000000 1.000000
0.999499 0.030220 0.009423 -0.000000 -0.029576 0.997624 -0.062219 16.216101 -0.011281 0.061909 0.998018 -2.336500 0.000000 0.000000 0.000000 1.000000
0.999381 0.033736 0.009952 0.000000 -0.033039 0.997438 -0.063455 16.216101 -0.012067 0.063087 0.997935 -2.336500 0.000000 0.000000 0.000000 1.000000
0.999226 0.038020 0.010113 -0.000000 -0.037308 0.997304 -0.063190 16.216101 -0.012488 0.062764 0.997950 -2.336500 0.000000 0.000000 0.000000 1.000000</float_array><technique_common><accessor source="#mixamorig_Spine-Matrix-animation-output-transform-array" count="46" stride="16"><param type="float4x4"/></accessor></technique_common></source><source id="mixamorig_Spine-Interpolations"><Name_array id="mixamorig_Spine-Interpolations-array" count="46">
 LINEAR LINEAR LINEAR LINEAR LINEAR LINEAR LINEAR LINEAR LINEAR LINEAR LINEAR
LINEAR LINEAR LINEAR LINEAR LINEAR LINEAR LINEAR LINEAR LINEAR LINEAR LINEAR LINEAR
LINEAR LINEAR LINEAR LINEAR LINEAR LINEAR LINEAR LINEAR LINEAR LINEAR LINEAR LINEAR
LINEAR LINEAR LINEAR LINEAR LINEAR LINEAR LINEAR LINEAR LINEAR LINEAR LINEAR</Name_array><technique_common><accessor source="#mixamorig_Spine-Interpolations-array" count="46"><param type="name"/></accessor></technique_common></source><sampler id="mixamorig_Spine-Matrix-animation-transform"><input semantic="INPUT" source="#mixamorig_Spine-Matrix-animation-input"/><input semantic="OUTPUT" source="#mixamorig_Spine-Matrix-animation-output-transform"/><input semantic="INTERPOLATION" source="#mixamorig_Spine-Interpolations"/></sampler><channel source="#mixamorig_Spine-Matrix-animation-transform" target="mixamorig_Spine/matrix"/></animation>
    <animation id="mixamorig_Spine1-anim" name="mixamorig_Spine1"><source id="mixamorig_Spine1-Matrix-animation-input"><float_array id="mixamorig_Spine1-Matrix-animation-input-array" count="46">

0.000000 0.033333 0.066667 0.100000 0.133333 0.166667 0.200000 0.233333 0.266667 0.300000 0.333333 0.366667 0.400000 0.433333 0.466667 0.500000
0.533333 0.566667 0.600000 0.633333 0.666667 0.700000 0.733333 0.766667 0.800000 0.833333 0.866667 0.900000 0.933333 0.966667 1.000000 1.033333
1.066667 1.100000 1.133333 1.166667 1.200000 1.233333 1.266667 1.300000 1.333333 1.366667 1.400000 1.433333 1.466667 1.500000</float_array><technique_common><accessor source="#mixamorig_Spine1-Matrix-animation-input-array" count="46"><param name="TIME" type="float"/></accessor></technique_common></source><source id="mixamorig_Spine1-Matrix-animation-output-transform"><float_array id="mixamorig_Spine1-Matrix-animation-output-transform-array" count="736">

0.995240 0.096531 0.013353 -0.000000 -0.093529 0.984662 -0.147283 9.477100 -0.027366 0.145333 0.989004 -1.486900 0.000000 0.000000 0.000000 1.000000
0.995132 0.097362 0.015267 0.000000 -0.094021 0.984354 -0.149022 9.477100 -0.029537 0.146861 0.988716 -1.486900 0.000000 0.000000 0.000000 1.000000
0.994545 0.102882 0.017212 -0.000000 -0.099186 0.983797 -0.149351 9.477100 -0.032298 0.146829 0.988634 -1.486900 0.000000 0.000000 0.000000 1.000000
0.993647 0.111911 0.011877 0.000000 -0.109082 0.983698 -0.142963 9.477100 -0.027682 0.140759 0.989657 -1.486900 0.000000 0.000000 0.000000 1.000000
0.993304 0.115523 -0.001532 0.000000 -0.114712 0.984577 -0.132099 9.477100 -0.013752 0.131390 0.991235 -1.486900 0.000000 0.000000 0.000000 1.000000
0.993320 0.112635 -0.025066 0.000000 -0.114931 0.985108 -0.127880 9.477100 0.010289 0.129907 0.991473 -1.486900 0.000000 0.000000 0.000000 1.000000
0.992741 0.106681 -0.055535 0.000000 -0.113529 0.983635 -0.139903 9.477100 0.039701 0.145193 0.988607 -1.486900 0.000000 0.000000 0.000000 1.000000
0.992098 0.095495 -0.081381 -0.000000 -0.107256 0.982047 -0.155175 9.477100 0.065102 0.162677 0.984529 -1.486900 0.000000 0.000000 0.000000 1.000000
0.992034 0.076336 -0.100211 0.000000 -0.092037 0.982357 -0.162799 9.477100 0.086015 0.170725 0.981557 -1.486900 0.000000 0.000000 0.000000 1.000000
0.992282 0.048709 -0.114032 0.000000 -0.067306 0.983929 -0.165391 9.477100 0.104143 0.171789 0.979614 -1.486900 0.000000 0.000000 0.000000 1.000000
0.992764 0.016330 -0.118962 0.000000 -0.035018 0.987018 -0.156745 9.477100 0.114859 0.159777 0.980448 -1.486900 0.000000 0.000000 0.000000 1.000000
0.992542 -0.021758 -0.119946 0.000000 0.005097 0.990490 -0.137489 9.477100 0.121797 0.135852 0.983214 -1.486900 0.000000 0.000000 0.000000 1.000000
0.990930 -0.060146 -0.120170 0.000000 0.046736 0.992670 -0.111455 9.477100 0.125993 0.104828 0.986477 -1.486900 0.000000 0.000000 0.000000 1.000000
0.988110 -0.097443 -0.118929 0.000000 0.087791 0.992602 -0.083874 9.477100 0.126222 0.072436 0.989354 -1.486900 0.000000 0.000000 0.000000 1.000000
0.983993 -0.132320 -0.119368 0.000000 0.126009 0.990274 -0.058992 9.477100 0.126013 0.043006 0.991096 -1.486900 0.000000 0.000000 0.000000 1.000000
0.979588 -0.159754 -0.122009 0.000000 0.156032 0.986960 -0.039539 9.477100 0.126735 0.019694 0.991741 -1.486900 0.000000 0.000000 0.000000 1.000000
0.976443 -0.178136 -0.121762 -0.000000 0.176389 0.984001 -0.025068 9.477100 0.124279 0.003000 0.992243 -1.486900 0.000000 0.000000 0.000000 1.000000
0.973071 -0.195447 -0.122199 0.000000 0.193945 0.980714 -0.024183 9.477100 0.124569 -0.000168 0.992211 -1.486900 0.000000 0.000000 0.000000 1.000000
0.971099 -0.207131 -0.118592 0.000000 0.204622 0.978282 -0.033093 9.477100 0.122871 0.007870 0.992391 -1.486900 0.000000 0.000000 0.000000 1.000000
0.968244 -0.216322 -0.125331 0.000000 0.212188 0.976164 -0.045606 9.477100 0.132209 0.017564 0.991066 -1.486900 0.000000 0.000000 0.000000 1.000000
0.974269 -0.198080 -0.107539 0.000000 0.192137 0.979333 -0.063165 9.477100 0.117828 0.040878 0.992192 -1.486900 0.000000 0.000000 0.000000 1.000000
0.989150 -0.139195 -0.046982 0.000000 0.135071 0.987454 -0.081797 9.477100 0.057778 0.074564 0.995541 -1.486900 0.000000 0.000000 0.000000 1.000000
0.996092 -0.081584 -0.033842 0.000000 0.078248 0.992835 -0.090315 9.477100 0.040968 0.087314 0.995338 -1.486900 0.000000 0.000000 0.000000 1.000000
0.996234 -0.064811 -0.057599 0.000000 0.058735 0.993094 -0.101559 9.477100 0.063783 0.097794 0.993161 -1.486900 0.000000 0.000000 0.000000 1.000000
0.996609 -0.051949 -0.063817 -0.000000 0.045593 0.994210 -0.097305 9.477100 0.068502 0.094066 0.993206 -1.486900 0.000000 0.000000 0.000000 1.000000
0.995537 -0.055816 -0.076091 0.000000 0.048401 0.994200 -0.096037 9.477100 0.081010 0.091926 0.992465 -1.486900 0.000000 0.000000 0.000000 1.000000
0.993924 -0.066267 -0.087884 0.000000 0.058228 0.994140 -0.091074 9.477100 0.093404 0.085404 0.991959 -1.486900 0.000000 0.000000 0.000000 1.000000
0.993219 -0.068617 -0.093847 0.000000 0.060004 0.993977 -0.091706 9.477100 0.099574 0.085453 0.991354 -1.486900 0.000000 0.000000 0.000000 1.000000
0.994205 -0.063003 -0.087106 0.000000 0.055082 0.994370 -0.090518 9.477100 0.092318 0.085195 0.992078 -1.486900 0.000000 0.000000 0.000000 1.000000
0.995752 -0.052226 -0.075838 -0.000000 0.045505 0.995099 -0.087787 9.477100 0.080051 0.083963 0.993248 -1.486900 0.000000 0.000000 0.000000 1.000000
0.997199 -0.038840 -0.063923 0.000000 0.033051 0.995460 -0.089254 9.477100 0.067100 0.086892 0.993955 -1.486900 0.000000 0.000000 0.000000 1.000000
0.998719 -0.022935 -0.045099 0.000000 0.018559 0.995289 -0.095157 9.477100 0.047069 0.094198 0.994440 -1.486900 0.000000 0.000000 0.000000 1.000000
0.999361 -0.002249 -0.035671 0.000000 -0.001131 0.995529 -0.094449 9.477100 0.035724 0.094429 0.994890 -1.486900 0.000000 0.000000 0.000000 1.000000
0.999431 0.014983 -0.030232 -0.000000 -0.017789 0.995339 -0.094786 9.477100 0.028671 0.095270 0.995039 -1.486900 0.000000 0.000000 0.000000 1.000000
0.999256 0.029648 -0.024656 0.000000 -0.031835 0.995094 -0.093676 9.477100 0.021757 0.094391 0.995297 -1.486900 0.000000 0.000000 0.000000 1.000000
0.999172 0.039513 -0.009739 0.000000 -0.040260 0.994676 -0.094858 9.477100 0.005939 0.095172 0.995443 -1.486900 0.000000 0.000000 0.000000 1.000000
0.999007 0.044302 -0.004803 0.000000 -0.044561 0.993776 -0.102093 9.477100 0.000250 0.102206 0.994763 -1.486900 0.000000 0.000000 0.000000 1.000000
0.998911 0.046652 0.000680 -0.000000 -0.046294 0.992834 -0.110166 9.477100 -0.005814 0.110015 0.993913 -1.486900 0.000000 0.000000 0.000000 1.000000
0.998882 0.046688 0.007455 -0.000000 -0.045456 0.991713 -0.120165 9.477100 -0.013003 0.119692 0.992726 -1.486900 0.000000 0.000000 0.000000 1.000000
0.998818 0.047747 0.009139 0.000000 -0.046215 0.990932 -0.126169 9.477100 -0.015080 0.125598 0.991967 -1.486900 0.000000 0.000000 0.000000 1.000000
0.998475 0.054534 0.008640 0.000000 -0.052890 0.989592 -0.133826 9.477100 -0.015848 0.133165 0.990967 -1.486900 0.000000 0.000000 0.000000 1.000000
0.997937 0.063351 0.010364 0.000000 -0.061338 0.988656 -0.137102 9.477100 -0.018932 0.136184 0.990503 -1.486900 0.000000 0.000000 0.000000 1.000000
0.997318 0.072287 0.011434 -0.000000 -0.069946 0.987439 -0.141678 9.477100 -0.021532 0.140498 0.989847 -1.486900 0.000000 0.000000 0.000000 1.000000
0.996686 0.080419 0.012210 0.000000 -0.077804 0.986327 -0.145279 9.477100 -0.023726 0.143848 0.989315 -1.486900 0.000000 0.000000 0.000000 1.000000
0.996035 0.087979 0.013218 0.000000 -0.085074 0.985356 -0.147772 9.477100 -0.026025 0.146062 0.988933 -1.486900 0.000000 0.000000 0.000000 1.000000
0.995240 0.096531 0.013353 0.000000 -0.093529 0.984662 -0.147283 9.477100 -0.027366 0.145333 0.989004 -1.486900 0.000000 0.000000 0.000000 1.000000</float_array><technique_common><accessor source="#mixamorig_Spine1-Matrix-animation-output-transform-array" count="46" stride="16"><param type="float4x4"/></accessor></technique_common></source><source id="mixamorig_Spine1-Interpolations"><Name_array id="mixamorig_Spine1-Interpolations-array" count="46">
 LINEAR LINEAR LINEAR LINEAR LINEAR LINEAR LINEAR LINEAR LINEAR LINEAR LINEAR
LINEAR LINEAR LINEAR LINEAR LINEAR LINEAR LINEAR LINEAR LINEAR LINEAR LINEAR LINEAR
LINEAR LINEAR LINEAR LINEAR LINEAR LINEAR LINEAR LINEAR LINEAR LINEAR LINEAR LINEAR
LINEAR LINEAR LINEAR LINEAR LINEAR LINEAR LINEAR LINEAR LINEAR LINEAR LINEAR</Name_array><technique_common><accessor source="#mixamorig_Spine1-Interpolations-array" count="46"><param type="name"/></accessor></technique_common></source><sampler id="mixamorig_Spine1-Matrix-animation-transform"><input semantic="INPUT" source="#mixamorig_Spine1-Matrix-animation-input"/><input semantic="OUTPUT" source="#mixamorig_Spine1-Matrix-animation-output-transform"/><input semantic="INTERPOLATION" source="#mixamorig_Spine1-Interpolations"/></sampler><channel source="#mixamorig_Spine1-Matrix-animation-transform" target="mixamorig_Spine1/matrix"/></animation>
    <animation id="mixamorig_Spine2-anim" name="mixamorig_Spine2"><source id="mixamorig_Spine2-Matrix-animation-input"><float_array id="mixamorig_Spine2-Matrix-animation-input-array" count="46">

0.000000 0.033333 0.066667 0.100000 0.133333 0.166667 0.200000 0.233333 0.266667 0.300000 0.333333 0.366667 0.400000 0.433333 0.466667 0.500000
0.533333 0.566667 0.600000 0.633333 0.666667 0.700000 0.733333 0.766667 0.800000 0.833333 0.866667 0.900000 0.933333 0.966667 1.000000 1.033333
1.066667 1.100000 1.133333 1.166667 1.200000 1.233333 1.266667 1.300000 1.333333 1.366667 1.400000 1.433333 1.466667 1.500000</float_array><technique_common><accessor source="#mixamorig_Spine2-Matrix-animation-input-array" count="46"><param name="TIME" type="float"/></accessor></technique_common></source><source id="mixamorig_Spine2-Matrix-animation-output-transform"><float_array id="mixamorig_Spine2-Matrix-animation-output-transform-array" count="736">

0.995241 0.096523 0.013355 0.000000 -0.093510 0.984606 -0.147670 12.786900 -0.027404 0.145719 0.988946 -1.438600 0.000000 0.000000 0.000000 1.000000
0.995133 0.097354 0.015269 -0.000000 -0.094001 0.984297 -0.149409 12.786900 -0.029575 0.147247 0.988658 -1.438600 0.000000 0.000000 0.000000 1.000000
0.994546 0.102873 0.017213 0.000000 -0.099164 0.983740 -0.149738 12.786900 -0.032337 0.147215 0.988576 -1.438600 0.000000 0.000000 0.000000 1.000000
0.993648 0.111903 0.011876 0.000000 -0.109063 0.983644 -0.143351 12.786900 -0.027723 0.141145 0.989601 -1.438600 0.000000 0.000000 0.000000 1.000000
0.993305 0.115515 -0.001531 -0.000000 -0.114698 0.984526 -0.132487 12.786900 -0.013796 0.131776 0.991184 -1.438600 0.000000 0.000000 0.000000 1.000000
0.993321 0.112627 -0.025064 -0.000000 -0.114927 0.985058 -0.128269 12.786900 0.010243 0.130293 0.991423 -1.438600 0.000000 0.000000 0.000000 1.000000
0.992742 0.106673 -0.055533 0.000000 -0.113536 0.983579 -0.140292 12.786900 0.039656 0.145578 0.988552 -1.438600 0.000000 0.000000 0.000000 1.000000
0.992099 0.095487 -0.081380 0.000000 -0.107274 0.981984 -0.155562 12.786900 0.065060 0.163062 0.984468 -1.438600 0.000000 0.000000 0.000000 1.000000
0.992034 0.076328 -0.100208 0.000000 -0.092062 0.982291 -0.163185 12.786900 0.085978 0.171111 0.981493 -1.438600 0.000000 0.000000 0.000000 1.000000
0.992283 0.048701 -0.114031 -0.000000 -0.067338 0.983862 -0.165776 12.786900 0.104117 0.172175 0.979549 -1.438600 0.000000 0.000000 0.000000 1.000000
0.992765 0.016321 -0.118962 -0.000000 -0.035055 0.986955 -0.157131 12.786900 0.114845 0.160164 0.980387 -1.438600 0.000000 0.000000 0.000000 1.000000
0.992542 -0.021766 -0.119945 -0.000000 0.005058 0.990437 -0.137876 12.786900 0.121799 0.136241 0.983160 -1.438600 0.000000 0.000000 0.000000 1.000000
0.990929 -0.060154 -0.120168 0.000000 0.046694 0.992628 -0.111843 12.786900 0.126010 0.105217 0.986433 -1.438600 0.000000 0.000000 0.000000 1.000000
0.988109 -0.097452 -0.118928 0.000000 0.087750 0.992572 -0.084263 12.786900 0.126256 0.072825 0.989321 -1.438600 0.000000 0.000000 0.000000 1.000000
0.983992 -0.132329 -0.119368 0.000000 0.125968 0.990256 -0.059381 12.786900 0.126063 0.043394 0.991073 -1.438600 0.000000 0.000000 0.000000 1.000000
0.979587 -0.159763 -0.122008 0.000000 0.155991 0.986951 -0.039929 12.786900 0.126795 0.020081 0.991726 -1.438600 0.000000 0.000000 0.000000 1.000000
0.976442 -0.178145 -0.121762 -0.000000 0.176349 0.983998 -0.025458 12.786900 0.124349 0.003386 0.992233 -1.438600 0.000000 0.000000 0.000000 1.000000
0.973070 -0.195455 -0.122198 0.000000 0.193904 0.980713 -0.024573 12.786900 0.124644 0.000216 0.992201 -1.438600 0.000000 0.000000 0.000000 1.000000
0.971097 -0.207139 -0.118593 0.000000 0.204582 0.978277 -0.033483 12.786900 0.122952 0.008253 0.992378 -1.438600 0.000000 0.000000 0.000000 1.000000
0.968243 -0.216330 -0.125331 0.000000 0.212144 0.976155 -0.045996 12.786900 0.132293 0.017947 0.991048 -1.438600 0.000000 0.000000 0.000000 1.000000
0.974267 -0.198088 -0.107539 0.000000 0.192099 0.979315 -0.063556 12.786900 0.117904 0.041262 0.992167 -1.438600 0.000000 0.000000 0.000000 1.000000
0.989149 -0.139203 -0.046982 0.000000 0.135057 0.987423 -0.082188 12.786900 0.057831 0.074951 0.995509 -1.438600 0.000000 0.000000 0.000000 1.000000
0.996091 -0.081592 -0.033841 0.000000 0.078241 0.992799 -0.090706 12.786900 0.040999 0.087704 0.995303 -1.438600 0.000000 0.000000 0.000000 1.000000
0.996233 -0.064820 -0.057598 0.000000 0.058719 0.993055 -0.101949 12.786900 0.063806 0.098182 0.993121 -1.438600 0.000000 0.000000 0.000000 1.000000
0.996608 -0.051957 -0.063816 -0.000000 0.045574 0.994172 -0.097696 12.786900 0.068520 0.094456 0.993168 -1.438600 0.000000 0.000000 0.000000 1.000000
0.995537 -0.055825 -0.076090 -0.000000 0.048378 0.994164 -0.096427 12.786900 0.081029 0.092315 0.992427 -1.438600 0.000000 0.000000 0.000000 1.000000
0.993924 -0.066275 -0.087883 0.000000 0.058200 0.994106 -0.091465 12.786900 0.093427 0.085794 0.991923 -1.438600 0.000000 0.000000 0.000000 1.000000
0.993219 -0.068625 -0.093846 0.000000 0.059973 0.993942 -0.092097 12.786900 0.099598 0.085844 0.991318 -1.438600 0.000000 0.000000 0.000000 1.000000
0.994204 -0.063011 -0.087105 0.000000 0.055055 0.994336 -0.090908 12.786900 0.092340 0.085586 0.992043 -1.438600 0.000000 0.000000 0.000000 1.000000
0.995751 -0.052234 -0.075837 0.000000 0.045482 0.995066 -0.088177 12.786900 0.080069 0.084353 0.993214 -1.438600 0.000000 0.000000 0.000000 1.000000
0.997198 -0.038849 -0.063923 0.000000 0.033033 0.995426 -0.089644 12.786900 0.067113 0.087281 0.993920 -1.438600 0.000000 0.000000 0.000000 1.000000
0.998719 -0.022943 -0.045098 -0.000000 0.018549 0.995252 -0.095547 12.786900 0.047076 0.094588 0.994403 -1.438600 0.000000 0.000000 0.000000 1.000000
0.999361 -0.002257 -0.035671 0.000000 -0.001136 0.995492 -0.094839 12.786900 0.035724 0.094819 0.994853 -1.438600 0.000000 0.000000 0.000000 1.000000
0.999431 0.014975 -0.030231 0.000000 -0.017792 0.995301 -0.095176 12.786900 0.028664 0.095659 0.995001 -1.438600 0.000000 0.000000 0.000000 1.000000
0.999257 0.029639 -0.024655 -0.000000 -0.031836 0.995057 -0.094067 12.786900 0.021745 0.094781 0.995261 -1.438600 0.000000 0.000000 0.000000 1.000000
0.999172 0.039505 -0.009738 0.000000 -0.040254 0.994639 -0.095249 12.786900 0.005923 0.095562 0.995406 -1.438600 0.000000 0.000000 0.000000 1.000000
0.999007 0.044294 -0.004802 -0.000000 -0.044553 0.993736 -0.102483 12.786900 0.000233 0.102596 0.994723 -1.438600 0.000000 0.000000 0.000000 1.000000
0.998911 0.046644 0.000680 0.000000 -0.046283 0.992792 -0.110556 12.786900 -0.005832 0.110404 0.993870 -1.438600 0.000000 0.000000 0.000000 1.000000
0.998882 0.046680 0.007455 0.000000 -0.045443 0.991666 -0.120554 12.786900 -0.013021 0.120081 0.992679 -1.438600 0.000000 0.000000 0.000000 1.000000
0.998818 0.047738 0.009139 0.000000 -0.046201 0.990883 -0.126558 12.786900 -0.015098 0.125986 0.991917 -1.438600 0.000000 0.000000 0.000000 1.000000
0.998475 0.054525 0.008641 0.000000 -0.052876 0.989541 -0.134214 12.786900 -0.015869 0.133552 0.990915 -1.438600 0.000000 0.000000 0.000000 1.000000
0.997938 0.063343 0.010365 0.000000 -0.061322 0.988603 -0.137491 12.786900 -0.018956 0.136572 0.990449 -1.438600 0.000000 0.000000 0.000000 1.000000
0.997319 0.072278 0.011435 0.000000 -0.069930 0.987384 -0.142066 12.786900 -0.021559 0.140886 0.989791 -1.438600 0.000000 0.000000 0.000000 1.000000
0.996687 0.080411 0.012210 -0.000000 -0.077786 0.986271 -0.145667 12.786900 -0.023756 0.144235 0.989258 -1.438600 0.000000 0.000000 0.000000 1.000000
0.996035 0.087970 0.013219 0.000000 -0.085056 0.985299 -0.148160 12.786900 -0.026058 0.146448 0.988875 -1.438600 0.000000 0.000000 0.000000 1.000000
0.995241 0.096523 0.013355 0.000000 -0.093510 0.984606 -0.147670 12.786900 -0.027403 0.145719 0.988946 -1.438600 0.000000 0.000000 0.000000 1.000000</float_array><technique_common><accessor source="#mixamorig_Spine2-Matrix-animation-output-transform-array" count="46" stride="16"><param type="float4x4"/></accessor></technique_common></source><source id="mixamorig_Spine2-Interpolations"><Name_array id="mixamorig_Spine2-Interpolations-array" count="46">
 LINEAR LINEAR LINEAR LINEAR LINEAR LINEAR LINEAR LINEAR LINEAR LINEAR LINEAR
LINEAR LINEAR LINEAR LINEAR LINEAR LINEAR LINEAR LINEAR LINEAR LINEAR LINEAR LINEAR
LINEAR LINEAR LINEAR LINEAR LINEAR LINEAR LINEAR LINEAR LINEAR LINEAR LINEAR LINEAR
LINEAR LINEAR LINEAR LINEAR LINEAR LINEAR LINEAR LINEAR LINEAR LINEAR LINEAR</Name_array><technique_common><accessor source="#mixamorig_Spine2-Interpolations-array" count="46"><param type="name"/></accessor></technique_common></source><sampler id="mixamorig_Spine2-Matrix-animation-transform"><input semantic="INPUT" source="#mixamorig_Spine2-Matrix-animation-input"/><input semantic="OUTPUT" source="#mixamorig_Spine2-Matrix-animation-output-transform"/><input semantic="INTERPOLATION" source="#mixamorig_Spine2-Interpolations"/></sampler><channel source="#mixamorig_Spine2-Matrix-animation-transform" target="mixamorig_Spine2/matrix"/></animation>
    <animation id="mixamorig_Neck-anim" name="mixamorig_Neck"><source id="mixamorig_Neck-Matrix-animation-input"><float_array id="mixamorig_Neck-Matrix-animation-input-array" count="46">

0.000000 0.033333 0.066667 0.100000 0.133333 0.166667 0.200000 0.233333 0.266667 0.300000 0.333333 0.366667 0.400000 0.433333 0.466667 0.500000
0.533333 0.566667 0.600000 0.633333 0.666667 0.700000 0.733333 0.766667 0.800000 0.833333 0.866667 0.900000 0.933333 0.966667 1.000000 1.033333
1.066667 1.100000 1.133333 1.166667 1.200000 1.233333 1.266667 1.300000 1.333333 1.366667 1.400000 1.433333 1.466667 1.500000</float_array><technique_common><accessor source="#mixamorig_Neck-Matrix-animation-input-array" count="46"><param name="TIME" type="float"/></accessor></technique_common></source><source id="mixamorig_Neck-Matrix-animation-output-transform"><float_array id="mixamorig_Neck-Matrix-animation-output-transform-array" count="736">

0.986992 -0.048974 0.153130 0.000000 0.052734 0.998396 -0.020590 15.556500 -0.151876 0.028398 0.987992 7.134300 0.000000 0.000000 0.000000 1.000000
0.987116 -0.044691 0.153638 -0.000000 0.048275 0.998640 -0.019675 15.556500 -0.152549 0.026838 0.987931 7.134300 0.000000 0.000000 0.000000 1.000000
0.987358 -0.038668 0.153720 0.000000 0.041888 0.998964 -0.017763 15.556500 -0.152874 0.023977 0.987955 7.134300 0.000000 0.000000 0.000000 1.000000
0.987685 -0.040589 0.151100 0.000000 0.043068 0.998985 -0.013173 15.556500 -0.150412 0.019519 0.988431 7.134300 0.000000 0.000000 0.000000 1.000000
0.988456 -0.051707 0.142408 -0.000000 0.053567 0.998521 -0.009258 15.556500 -0.141719 0.016780 0.989765 7.134300 0.000000 0.000000 0.000000 1.000000
0.989429 -0.076738 0.123049 0.000000 0.078333 0.996894 -0.008170 15.556500 -0.122040 0.017722 0.992367 7.134300 0.000000 0.000000 0.000000 1.000000
0.988389 -0.102702 0.111981 0.000000 0.102789 0.994691 0.005008 15.556500 -0.111900 0.006561 0.993698 7.134300 0.000000 0.000000 0.000000 1.000000
0.988118 -0.112021 0.105237 -0.000000 0.110198 0.993644 0.022999 15.556500 -0.107145 -0.011129 0.994181 7.134300 0.000000 0.000000 0.000000 1.000000
0.987808 -0.118476 0.100986 -0.000000 0.114897 0.992548 0.040577 15.556500 -0.105040 -0.028479 0.994060 7.134300 0.000000 0.000000 0.000000 1.000000
0.987650 -0.123621 0.096261 0.000000 0.119520 0.991705 0.047287 15.556500 -0.101308 -0.035198 0.994232 7.134300 0.000000 0.000000 0.000000 1.000000
0.987163 -0.131424 0.090761 -0.000000 0.128467 0.990997 0.037704 15.556500 -0.094899 -0.025560 0.995159 7.134300 0.000000 0.000000 0.000000 1.000000
0.986692 -0.137468 0.086838 0.000000 0.136040 0.990455 0.022188 15.556500 -0.089059 -0.010079 0.995975 7.134300 0.000000 0.000000 0.000000 1.000000
0.985518 -0.147112 0.084333 -0.000000 0.146736 0.989118 0.010672 15.556500 -0.084985 0.001857 0.996380 7.134300 0.000000 0.000000 0.000000 1.000000
0.984495 -0.153180 0.085469 -0.000000 0.153222 0.988173 0.006113 15.556500 -0.085394 0.007077 0.996322 7.134300 0.000000 0.000000 0.000000 1.000000
0.984448 -0.149951 0.091530 0.000000 0.149646 0.988687 0.010222 15.556500 -0.092027 0.003634 0.995750 7.134300 0.000000 0.000000 0.000000 1.000000
0.985050 -0.141025 0.098934 -0.000000 0.139863 0.989996 0.018619 15.556500 -0.100570 -0.004503 0.994920 7.134300 0.000000 0.000000 0.000000 1.000000
0.986127 -0.124908 0.109326 0.000000 0.123392 0.992145 0.020555 15.556500 -0.111035 -0.006780 0.993793 7.134300 0.000000 0.000000 0.000000 1.000000
