<?xml version="1.0" encoding="utf-8"?>
<COLLADA xmlns="http://www.collada.org/2005/11/COLLADASchema" version="1.4.1">
  <asset><contributor><author>Mixamo</author><authoring_tool>COLLADA Mixamo exporter</authoring_tool><comments></comments></contributor><created>2020-03-30T16:15:26Z</created><modified>2020-03-30T16:15:26Z</modified><revision></revision><title></title><unit meter="0.010000"/><up_axis>Y_UP</up_axis></asset>
  <library_animations>
    <animation id="mixamorig_Hips-anim" name="mixamorig_Hips"><source id="mixamorig_Hips-Matrix-animation-input"><float_array id="mixamorig_Hips-Matrix-animation-input-array" count="82">

0.000000 0.033333 0.066667 0.100000 0.133333 0.166667 0.200000 0.233333 0.266667 0.300000 0.333333 0.366667 0.400000 0.433333 0.466667 0.500000
0.533333 0.566667 0.600000 0.633333 0.666667 0.700000 0.733333 0.766667 0.800000 0.833333 0.866667 0.900000 0.933333 0.966667 1.000000 1.033333
1.066667 1.100000 1.133333 1.166667 1.200000 1.233333 1.266667 1.300000 1.333333 1.366667 1.400000 1.433333 1.466667 1.500000 1.533333 1.566667
1.600000 1.633333 1.666667 1.700000 1.733333 1.766667 1.800000 1.833333 1.866667 1.900000 1.933333 1.966667 2.000000 2.033333 2.066667 2.100000
2.133333 2.166667 2.200000 2.233333 2.266667 2.300000 2.333333 2.366667 2.400000 2.433333 2.466667 2.500000 2.533333 2.566667 2.600000 2.633333
2.666667 2.700000</float_array><technique_common><accessor source="#mixamorig_Hips-Matrix-animation-input-array" count="82"><param name="TIME" type="float"/></accessor></technique_common></source><source id="mixamorig_Hips-Matrix-animation-output-transform"><float_array id="mixamorig_Hips-Matrix-animation-output-transform-array" count="1312">

0.522267 -0.054664 -0.851028 0.736146 0.059766 0.997836 -0.027417 50.133816 0.850685 -0.036544 0.524404 -0.199016 0.000000 0.000000 0.000000 1.000000
0.529271 -0.071867 -0.845403 0.702433 0.044104 0.997389 -0.057176 50.005592 0.847306 -0.007025 0.531059 -0.081145 0.000000 0.000000 0.000000 1.000000
0.547046 -0.090588 -0.832186 0.670181 0.023933 0.995414 -0.092623 49.623669 0.836760 0.030752 0.546705 0.074407 0.000000 0.000000 0.000000 1.000000
0.574446 -0.106947 -0.811526 0.593725 0.000621 0.991485 -0.130223 49.109840 0.818542 0.074302 0.569621 0.251089 0.000000 0.000000 0.000000 1.000000
0.609803 -0.116995 -0.783871 0.436102 -0.024953 0.985720 -0.166533 48.591099 0.792161 0.121112 0.598175 0.444610 0.000000 0.000000 0.000000 1.000000
0.662602 -0.109591 -0.740910 0.039302 -0.056024 0.979213 -0.194942 48.130245 0.746873 0.170678 0.642689 0.667685 0.000000 0.000000 0.000000 1.000000
0.727859 -0.085940 -0.680320 -0.638550 -0.081565 0.974222 -0.210330 47.609924 0.680858 0.208581 0.702087 0.917888 0.000000 0.000000 0.000000 1.000000
0.790769 -0.053340 -0.609787 -1.505405 -0.100676 0.971296 -0.215519 47.011829 0.603779 0.231817 0.762700 1.202463 0.000000 0.000000 0.000000 1.000000
0.842910 -0.010395 -0.537954 -2.500545 -0.120766 0.970649 -0.207983 46.429638 0.524326 0.240277 0.816914 1.532220 0.000000 0.000000 0.000000 1.000000
0.885120 0.030539 -0.464360 -3.589655 -0.135353 0.971599 -0.194099 45.961617 0.445245 0.234654 0.864115 1.922658 0.000000 0.000000 0.000000 1.000000
0.917756 0.057186 -0.393006 -4.675949 -0.140216 0.972507 -0.185927 45.678436 0.371568 0.225742 0.900543 2.378957 0.000000 0.000000 0.000000 1.000000
0.940293 0.075692 -0.331843 -5.671142 -0.141247 0.973822 -0.178104 45.579311 0.309675 0.214341 0.926369 2.813797 0.000000 0.000000 0.000000 1.000000
0.956992 0.087539 -0.276591 -6.506353 -0.138041 0.975948 -0.168734 45.655128 0.255168 0.199658 0.946058 3.146090 0.000000 0.000000 0.000000 1.000000
0.971864 0.093983 -0.215979 -7.191997 -0.131518 0.977219 -0.166570 45.871014 0.195404 0.190288 0.962085 3.379142 0.000000 0.000000 0.000000 1.000000
0.982922 0.100477 -0.154169 -7.731384 -0.126069 0.977968 -0.166391 46.181118 0.134054 0.182985 0.973933 3.527798 0.000000 0.000000 0.000000 1.000000
0.988769 0.106359 -0.104993 -8.116864 -0.122148 0.979908 -0.157674 46.545021 0.086113 0.168727 0.981894 3.631385 0.000000 0.000000 0.000000 1.000000
0.991708 0.107809 -0.069947 -8.366003 -0.117049 0.982439 -0.145302 46.956852 0.053054 0.152284 0.986912 3.681471 0.000000 0.000000 0.000000 1.000000
0.993649 0.104103 -0.042721 -8.477350 -0.108898 0.985254 -0.131971 47.429314 0.028352 0.135785 0.990333 3.658755 0.000000 0.000000 0.000000 1.000000
0.995077 0.096323 -0.023307 -8.496129 -0.098339 0.988852 -0.111807 48.016151 0.012277 0.113549 0.993457 3.441351 0.000000 0.000000 0.000000 1.000000
0.996155 0.086382 -0.014600 -8.455003 -0.087330 0.992354 -0.087218 48.688915 0.006954 0.088158 0.996082 3.031433 0.000000 0.000000 0.000000 1.000000
0.996971 0.076538 -0.013810 -8.333285 -0.077178 0.995551 -0.054053 49.381931 0.009612 0.054955 0.998443 2.460087 0.000000 0.000000 0.000000 1.000000
0.997418 0.069752 -0.017104 -8.138040 -0.069816 0.997555 -0.003148 50.092205 0.016842 0.004334 0.999849 1.754822 0.000000 0.000000 0.000000 1.000000
0.997464 0.065261 -0.028395 -7.875464 -0.063356 0.995970 0.063478 50.800785 0.032423 -0.061518 0.997579 0.970002 0.000000 0.000000 0.000000 1.000000
0.996872 0.061130 -0.050099 -7.557868 -0.053776 0.989127 0.136879 51.474182 0.057922 -0.133757 0.989320 0.144063 0.000000 0.000000 0.000000 1.000000
0.995319 0.059675 -0.076017 -7.203547 -0.042823 0.977478 0.206645 52.000332 0.086636 -0.202422 0.975459 -0.674859 0.000000 0.000000 0.000000 1.000000
0.992934 0.058876 -0.103028 -6.780324 -0.029776 0.964073 0.263963 52.314743 0.114867 -0.259031 0.959014 -1.395014 0.000000 0.000000 0.000000 1.000000
0.990840 0.057020 -0.122410 -6.318303 -0.017361 0.952747 0.303268 52.432301 0.133918 -0.298365 0.945010 -1.897792 0.000000 0.000000 0.000000 1.000000
0.990023 0.052723 -0.130667 -5.913212 -0.007677 0.946163 0.323599 52.214024 0.140694 -0.319368 0.937128 -2.365084 0.000000 0.000000 0.000000 1.000000
0.989683 0.042857 -0.136718 -5.535227 0.003481 0.946743 0.321970 51.602291 0.143235 -0.319124 0.936826 -2.992990 0.000000 0.000000 0.000000 1.000000
0.990614 0.031381 -0.133036 -5.097171 0.010417 0.953126 0.302394 50.623165 0.136290 -0.300942 0.943853 -3.775586 0.000000 0.000000 0.000000 1.000000
0.992050 0.016999 -0.124690 -4.667880 0.016700 0.964289 0.264325 49.608673 0.124731 -0.264306 0.956339 -4.761499 0.000000 0.000000 0.000000 1.000000
0.993929 0.001465 -0.110010 -4.211401 0.021134 0.978747 0.203980 48.576401 0.107971 -0.205066 0.972774 -5.474772 0.000000 0.000000 0.000000 1.000000
0.995836 -0.011473 -0.090442 -3.802725 0.023003 0.991573 0.127492 47.701195 0.088218 -0.129042 0.987707 -5.522117 0.000000 0.000000 0.000000 1.000000
0.997536 -0.018029 -0.067807 -3.799120 0.019572 0.999563 0.022162 46.933361 0.067378 -0.023434 0.997452 -4.981369 0.000000 0.000000 0.000000 1.000000
0.998906 -0.015081 -0.044266 -4.208936 0.010288 0.994251 -0.106577 46.154636 0.045619 0.106005 0.993319 -3.996526 0.000000 0.000000 0.000000 1.000000
0.999748 -0.004462 -0.022000 -4.789345 -0.000847 0.971852 -0.235589 45.342793 0.022432 0.235548 0.971604 -2.644457 0.000000 0.000000 0.000000 1.000000
0.999946 0.010126 -0.002473 -5.296089 -0.010361 0.939673 -0.341918 44.622944 -0.001139 0.341925 0.939726 -0.991001 0.000000 0.000000 0.000000 1.000000
0.999613 0.023960 0.014111 -5.496013 -0.016147 0.913309 -0.406946 44.164299 -0.022638 0.406561 0.913343 0.970722 0.000000 0.000000 0.000000 1.000000
0.999078 0.035013 0.024862 -5.467218 -0.020687 0.899782 -0.435850 43.998512 -0.037631 0.434934 0.899676 2.964730 0.000000 0.000000 0.000000 1.000000
0.998701 0.044001 0.025710 -5.450906 -0.027949 0.894763 -0.445665 44.029419 -0.042615 0.444367 0.894830 4.542006 0.000000 0.000000 0.000000 1.000000
0.998725 0.046510 0.019611 -5.458109 -0.032970 0.895298 -0.444246 44.090172 -0.038220 0.443033 0.895690 5.218071 0.000000 0.000000 0.000000 1.000000
0.998887 0.046503 0.007907 -5.455023 -0.038291 0.897275 -0.439807 44.115719 -0.027547 0.439015 0.898057 5.608341 0.000000 0.000000 0.000000 1.000000
0.998877 0.047307 -0.002697 -5.416158 -0.043803 0.900192 -0.433286 44.067368 -0.018070 0.432917 0.901253 5.851186 0.000000 0.000000 0.000000 1.000000
0.998747 0.048412 -0.012642 -5.335253 -0.049190 0.903760 -0.425203 43.974857 -0.009160 0.425293 0.905010 5.914895 0.000000 0.000000 0.000000 1.000000
0.998530 0.049042 -0.023098 -5.223880 -0.054207 0.907637 -0.416241 43.840294 0.000551 0.416881 0.908961 5.798075 0.000000 0.000000 0.000000 1.000000
0.998212 0.048324 -0.035191 -5.081779 -0.058478 0.911513 -0.407092 43.703384 0.012405 0.408422 0.912709 5.541443 0.000000 0.000000 0.000000 1.000000
0.997700 0.045716 -0.050049 -4.891569 -0.061919 0.915097 -0.398451 43.589470 0.027585 0.400633 0.915823 5.193885 0.000000 0.000000 0.000000 1.000000
0.996822 0.039999 -0.068895 -4.653092 -0.063827 0.918496 -0.390245 43.399422 0.047670 0.393402 0.918130 4.744610 0.000000 0.000000 0.000000 1.000000
0.994515 0.021435 -0.102375 -4.317848 -0.059232 0.922127 -0.382326 43.144806 0.086208 0.386293 0.918339 4.350637 0.000000 0.000000 0.000000 1.000000
0.988001 -0.009016 -0.154187 -3.756490 -0.049068 0.928253 -0.368699 42.993080 0.146449 0.371840 0.916672 4.123036 0.000000 0.000000 0.000000 1.000000
0.973956 -0.038821 -0.223389 -3.001969 -0.041254 0.938448 -0.342949 43.022869 0.222953 0.343233 0.912405 4.093301 0.000000 0.000000 0.000000 1.000000
0.948801 -0.069081 -0.308229 -2.198477 -0.033197 0.948581 -0.314788 43.226864 0.314126 0.308904 0.897721 4.268948 0.000000 0.000000 0.000000 1.000000
0.907115 -0.100859 -0.408619 -1.481508 -0.022852 0.957628 -0.287100 43.437683 0.420262 0.269771 0.866374 4.449909 0.000000 0.000000 0.000000 1.000000
0.850033 -0.123985 -0.511929 -0.888940 -0.014722 0.965930 -0.258385 43.600643 0.526523 0.227173 0.819247 4.556415 0.000000 0.000000 0.000000 1.000000
0.787264 -0.139663 -0.600591 -0.494351 -0.005674 0.972329 -0.233546 43.651783 0.616590 0.187270 0.764687 4.451730 0.000000 0.000000 0.000000 1.000000
0.727068 -0.149824 -0.670018 -0.228947 0.004871 0.977000 -0.213183 43.770935 0.686548 0.151735 0.711076 4.260657 0.000000 0.000000 0.000000 1.000000
0.672828 -0.148556 -0.724730 0.009676 0.013155 0.981879 -0.189054 44.052410 0.739682 0.117667 0.662589 4.146557 0.000000 0.000000 0.000000 1.000000
0.626518 -0.136042 -0.767442 0.219568 0.018629 0.986982 -0.159751 44.460812 0.779184 0.085790 0.620896 4.067766 0.000000 0.000000 0.000000 1.000000
0.589307 -0.119102 -0.799082 0.387485 0.024466 0.991251 -0.129701 44.920570 0.807539 0.056883 0.587065 3.999826 0.000000 0.000000 0.000000 1.000000
0.563498 -0.103534 -0.819604 0.495958 0.031957 0.994105 -0.103606 45.455070 0.825499 0.032189 0.563485 3.935980 0.000000 0.000000 0.000000 1.000000
0.552040 -0.089489 -0.829002 0.535667 0.040145 0.995924 -0.080775 46.047398 0.832851 0.011311 0.553382 3.880612 0.000000 0.000000 0.000000 1.000000
0.551186 -0.074223 -0.831074 0.533973 0.046980 0.997216 -0.057903 46.615040 0.833058 -0.007129 0.553139 3.849477 0.000000 0.000000 0.000000 1.000000
0.554150 -0.059762 -0.830269 0.536080 0.053473 0.997915 -0.036139 47.119068 0.830697 -0.024370 0.556190 3.807142 0.000000 0.000000 0.000000 1.000000
0.557548 -0.050439 -0.828611 0.537864 0.060255 0.997978 -0.020205 47.557907 0.827955 -0.038663 0.559460 3.710916 0.000000 0.000000 0.000000 1.000000
0.559538 -0.046146 -0.827519 0.528557 0.065869 0.997767 -0.011102 47.899342 0.826183 -0.048296 0.561328 3.555913 0.000000 0.000000 0.000000 1.000000
0.559675 -0.042767 -0.827608 0.510736 0.071167 0.997459 -0.003417 48.168819 0.825651 -0.056986 0.561296 3.306439 0.000000 0.000000 0.000000 1.000000
0.558624 -0.038998 -0.828504 0.482593 0.076455 0.997062 0.004618 48.362381 0.825890 -0.065923 0.559964 2.916697 0.000000 0.000000 0.000000 1.000000
0.555884 -0.037264 -0.830424 0.452089 0.080186 0.996740 0.008950 48.519608 0.827383 -0.071564 0.557060 2.472023 0.000000 0.000000 0.000000 1.000000
0.550722 -0.037759 -0.833834 0.430820 0.082594 0.996539 0.009424 48.668533 0.830592 -0.074060 0.551935 2.070853 0.000000 0.000000 0.000000 1.000000
0.543738 -0.038664 -0.838364 0.423118 0.084001 0.996429 0.008526 48.810379 0.835041 -0.075059 0.545044 1.703754 0.000000 0.000000 0.000000 1.000000
0.536339 -0.038406 -0.843129 0.420803 0.083549 0.996473 0.007757 48.961399 0.839857 -0.074603 0.537656 1.370645 0.000000 0.000000 0.000000 1.000000
0.528368 -0.038260 -0.848153 0.426052 0.082120 0.996603 0.006202 49.135025 0.845035 -0.072927 0.529715 1.075881 0.000000 0.000000 0.000000 1.000000
0.519801 -0.040349 -0.853334 0.443708 0.080692 0.996737 0.002023 49.318993 0.850468 -0.069908 0.521360 0.813284 0.000000 0.000000 0.000000 1.000000
0.513123 -0.042849 -0.857245 0.465863 0.077945 0.996953 -0.003176 49.502888 0.854768 -0.065189 0.514899 0.575459 0.000000 0.000000 0.000000 1.000000
0.510326 -0.044855 -0.858811 0.488427 0.073473 0.997262 -0.008426 49.679695 0.856837 -0.058800 0.512224 0.366966 0.000000 0.000000 0.000000 1.000000
0.510428 -0.047324 -0.858618 0.514181 0.069257 0.997503 -0.013808 49.836349 0.857127 -0.052417 0.512431 0.191426 0.000000 0.000000 0.000000 1.000000
0.511616 -0.049559 -0.857784 0.548103 0.066335 0.997634 -0.018075 49.954700 0.856650 -0.047654 0.513693 0.065478 0.000000 0.000000 0.000000 1.000000
0.513980 -0.051234 -0.856271 0.594027 0.064166 0.997714 -0.021182 50.027695 0.855399 -0.044056 0.516093 -0.024139 0.000000 0.000000 0.000000 1.000000
0.516781 -0.052645 -0.854497 0.644093 0.062349 0.997771 -0.023765 50.080902 0.853844 -0.040996 0.518912 -0.097337 0.000000 0.000000 0.000000 1.000000
0.519305 -0.053659 -0.852903 0.687230 0.061048 0.997806 -0.025605 50.112694 0.852406 -0.038771 0.521442 -0.148726 0.000000 0.000000 0.000000 1.000000
0.521356 -0.054369 -0.851605 0.721246 0.060142 0.997828 -0.026885 50.128727 0.851217 -0.037200 0.523493 -0.184280 0.000000 0.000000 0.000000 1.000000
0.522267 -0.054664 -0.851028 0.736158 0.059766 0.997836 -0.027417 50.134075 0.850685 -0.036543 0.524404 -0.198997 0.000000 0.000000 0.000000 1.000000</float_array><technique_common><accessor source="#mixamorig_Hips-Matrix-animation-output-transform-array" count="82" stride="16"><param type="float4x4"/></accessor></technique_common></source><source id="mixamorig_Hips-Interpolations"><Name_array id="mixamorig_Hips-Interpolations-array" count="82">
 LINEAR LINEAR LINEAR LINEAR LINEAR LINEAR LINEAR LINEAR LINEAR LINEAR LINEAR
LINEAR LINEAR LINEAR LINEAR LINEAR LINEAR LINEAR LINEAR LINEAR LINEAR LINEAR LINEAR
LINEAR LINEAR LINEAR LINEAR LINEAR LINEAR LINEAR LINEAR LINEAR LINEAR LINEAR LINEAR
LINEAR LINEAR LINEAR LINEAR LINEAR LINEAR LINEAR LINEAR LINEAR LINEAR LINEAR LINEAR
LINEAR LINEAR LINEAR LINEAR LINEAR LINEAR LINEAR LINEAR LINEAR LINEAR LINEAR LINEAR
LINEAR LINEAR LINEAR LINEAR LINEAR LINEAR LINEAR LINEAR LINEAR LINEAR LINEAR LINEAR
LINEAR LINEAR LINEAR LINEAR LINEAR LINEAR LINEAR LINEAR LINEAR LINEAR LINEAR</Name_array><technique_common><accessor source="#mixamorig_Hips-Interpolations-array" count="82"><param type="name"/></accessor></technique_common></source><sampler id="mixamorig_Hips-Matrix-animation-transform"><input semantic="INPUT" source="#mixamorig_Hips-Matrix-animation-input"/><input semantic="OUTPUT" source="#mixamorig_Hips-Matrix-animation-output-transform"/><input semantic="INTERPOLATION" source="#mixamorig_Hips-Interpolations"/></sampler><channel source="#mixamorig_Hips-Matrix-animation-transform" target="mixamorig_Hips/matrix"/></animation>
    <animation id="mixamorig_Spine-anim" name="mixamorig_Spine"><source id="mixamorig_Spine-Matrix-animation-input"><float_array id="mixamorig_Spine-Matrix-animation-input-array" count="82">

0.000000 0.033333 0.066667 0.100000 0.133333 0.166667 0.200000 0.233333 0.266667 0.300000 0.333333 0.366667 0.400000 0.433333 0.466667 0.500000
0.533333 0.566667 0.600000 0.633333 0.666667 0.700000 0.733333 0.766667 0.800000 0.833333 0.866667 0.900000 0.933333 0.966667 1.000000 1.033333
1.066667 1.100000 1.133333 1.166667 1.200000 1.233333 1.266667 1.300000 1.333333 1.366667 1.400000 1.433333 1.466667 1.500000 1.533333 1.566667
1.600000 1.633333 1.666667 1.700000 1.733333 1.766667 1.800000 1.833333 1.866667 1.900000 1.933333 1.966667 2.000000 2.033333 2.066667 2.100000
2.133333 2.166667 2.200000 2.233333 2.266667 2.300000 2.333333 2.366667 2.400000 2.433333 2.466667 2.500000 2.533333 2.566667 2.600000 2.633333
2.666667 2.700000</float_array><technique_common><accessor source="#mixamorig_Spine-Matrix-animation-input-array" count="82"><param name="TIME" type="float"/></accessor></technique_common></source><source id="mixamorig_Spine-Matrix-animation-output-transform"><float_array id="mixamorig_Spine-Matrix-animation-output-transform-array" count="1312">

0.999226 0.038020 0.010112 0.000000 -0.037308 0.997304 -0.063190 16.216101 -0.012488 0.062764 0.997950 -2.336500 0.000000 0.000000 0.000000 1.000000
0.999271 0.036946 0.009603 0.000000 -0.036278 0.997398 -0.062292 16.216101 -0.011880 0.061898 0.998012 -2.336500 0.000000 0.000000 0.000000 1.000000
0.999385 0.034132 0.008002 -0.000000 -0.033590 0.997624 -0.060152 16.216101 -0.010036 0.059846 0.998157 -2.336500 0.000000 0.000000 0.000000 1.000000
0.999512 0.030667 0.005950 -0.000000 -0.030279 0.997917 -0.056970 16.216101 -0.007684 0.056762 0.998358 -2.336500 0.000000 0.000000 0.000000 1.000000
0.999619 0.027306 0.004125 0.000000 -0.027049 0.998225 -0.053058 16.216101 -0.005567 0.052926 0.998583 -2.336500 0.000000 0.000000 0.000000 1.000000
0.999678 0.025154 0.003310 0.000000 -0.024964 0.998520 -0.048321 16.216101 -0.004520 0.048223 0.998826 -2.336500 0.000000 0.000000 0.000000 1.000000
0.999594 0.028335 0.003062 0.000000 -0.028174 0.998646 -0.043721 16.216101 -0.004297 0.043617 0.999039 -2.336500 0.000000 0.000000 0.000000 1.000000
0.999334 0.036299 0.003695 0.000000 -0.036126 0.998574 -0.039304 16.216101 -0.005116 0.039144 0.999220 -2.336500 0.000000 0.000000 0.000000 1.000000
0.998983 0.044674 0.006139 -0.000000 -0.044424 0.998360 -0.036114 16.216101 -0.007742 0.035804 0.999329 -2.336500 0.000000 0.000000 0.000000 1.000000
0.998525 0.053357 0.009996 0.000000 -0.052995 0.998031 -0.033555 16.216101 -0.011767 0.032975 0.999387 -2.336500 0.000000 0.000000 0.000000 1.000000
0.997952 0.062099 0.015347 0.000000 -0.061624 0.997659 -0.029656 16.216101 -0.017153 0.028649 0.999442 -2.336500 0.000000 0.000000 0.000000 1.000000
0.997376 0.068871 0.022312 0.000000 -0.068279 0.997320 -0.026275 16.216101 -0.024061 0.024683 0.999406 -2.336500 0.000000 0.000000 0.000000 1.000000
0.996848 0.072978 0.031105 0.000000 -0.072228 0.997085 -0.024571 16.216101 -0.032808 0.022247 0.999214 -2.336500 0.000000 0.000000 0.000000 1.000000
0.996494 0.074622 0.037842 -0.000000 -0.073824 0.997027 -0.022061 16.216101 -0.039376 0.019190 0.999040 -2.336500 0.000000 0.000000 0.000000 1.000000
0.996341 0.074118 0.042552 0.000000 -0.073365 0.997124 -0.018993 16.216101 -0.043838 0.015802 0.998914 -2.336500 0.000000 0.000000 0.000000 1.000000
0.996289 0.070814 0.048930 -0.000000 -0.070047 0.997395 -0.017219 16.216101 -0.050022 0.013728 0.998654 -2.336500 0.000000 0.000000 0.000000 1.000000
0.996249 0.066707 0.055111 0.000000 -0.065978 0.997709 -0.014936 16.216101 -0.055981 0.011244 0.998369 -2.336500 0.000000 0.000000 0.000000 1.000000
0.996274 0.062791 0.059116 0.000000 -0.062239 0.997999 -0.011136 16.216101 -0.059696 0.007415 0.998189 -2.336500 0.000000 0.000000 0.000000 1.000000
0.996501 0.058109 0.060076 0.000000 -0.057866 0.998308 -0.005779 16.216101 -0.060310 0.002283 0.998177 -2.336500 0.000000 0.000000 0.000000 1.000000
0.996856 0.051820 0.059941 0.000000 -0.051915 0.998651 0.000032 16.216101 -0.059858 -0.003143 0.998202 -2.336500 0.000000 0.000000 0.000000 1.000000
0.996960 0.042519 0.065287 0.000000 -0.042685 0.999088 0.001147 16.216101 -0.065178 -0.003931 0.997866 -2.336500 0.000000 0.000000 0.000000 1.000000
0.997222 0.033059 0.066749 0.000000 -0.033321 0.999441 0.002822 16.216101 -0.066618 -0.005039 0.997766 -2.336500 0.000000 0.000000 0.000000 1.000000
0.997779 0.024431 0.061971 -0.000000 -0.024827 0.999676 0.005628 16.216101 -0.061813 -0.007154 0.998062 -2.336500 0.000000 0.000000 0.000000 1.000000
0.998224 0.015017 0.057645 0.000000 -0.015353 0.999868 0.005382 16.216101 -0.057556 -0.006257 0.998323 -2.336500 0.000000 0.000000 0.000000 1.000000
0.998580 0.006971 0.052822 -0.000000 -0.007191 0.999966 0.003971 16.216101 -0.052792 -0.004345 0.998596 -2.336500 0.000000 0.000000 0.000000 1.000000
0.998806 0.001028 0.048841 0.000000 -0.001187 0.999994 0.003223 16.216101 -0.048837 -0.003277 0.998801 -2.336500 0.000000 0.000000 0.000000 1.000000
0.999000 -0.003890 0.044546 0.000000 0.003757 0.999988 0.003059 16.216101 -0.044557 -0.002888 0.999003 -2.336500 0.000000 0.000000 0.000000 1.000000
0.999196 -0.008100 0.039265 -0.000000 0.008006 0.999965 0.002551 16.216101 -0.039284 -0.002235 0.999226 -2.336500 0.000000 0.000000 0.000000 1.000000
0.999380 -0.009300 0.033946 -0.000000 0.009269 0.999956 0.001073 16.216101 -0.033954 -0.000758 0.999423 -2.336500 0.000000 0.000000 0.000000 1.000000
0.999579 -0.003840 0.028742 0.000000 0.003917 0.999989 -0.002613 16.216101 -0.028732 0.002724 0.999583 -2.336500 0.000000 0.000000 0.000000 1.000000
0.999617 -0.000761 0.027667 -0.000000 0.000932 0.999980 -0.006185 16.216101 -0.027662 0.006208 0.999598 -2.336500 0.000000 0.000000 0.000000 1.000000
0.999610 0.000294 0.027935 0.000000 -0.000010 0.999948 -0.010172 16.216101 -0.027936 0.010168 0.999558 -2.336500 0.000000 0.000000 0.000000 1.000000
0.999583 -0.000798 0.028882 0.000000 0.001201 0.999902 -0.013945 16.216101 -0.028868 0.013974 0.999486 -2.336500 0.000000 0.000000 0.000000 1.000000
0.999523 -0.004521 0.030547 0.000000 0.005234 0.999715 -0.023287 16.216101 -0.030433 0.023436 0.999262 -2.336500 0.000000 0.000000 0.000000 1.000000
0.999394 -0.010462 0.033202 0.000000 0.011756 0.999169 -0.039018 16.216101 -0.032766 0.039385 0.998687 -2.336500 0.000000 0.000000 0.000000 1.000000
0.999221 -0.015738 0.036198 -0.000000 0.017703 0.998350 -0.054624 16.216101 -0.035278 0.055223 0.997851 -2.336500 0.000000 0.000000 0.000000 1.000000
0.999067 -0.019570 0.038493 -0.000000 0.022003 0.997717 -0.063844 16.216101 -0.037155 0.064631 0.997217 -2.336500 0.000000 0.000000 0.000000 1.000000
0.998931 -0.023376 0.039871 0.000000 0.026051 0.997348 -0.067957 16.216101 -0.038177 0.068923 0.996891 -2.336500 0.000000 0.000000 0.000000 1.000000
0.998799 -0.027884 0.040279 0.000000 0.030730 0.996942 -0.071849 16.216101 -0.038153 0.073001 0.996602 -2.336500 0.000000 0.000000 0.000000 1.000000
0.998704 -0.031973 0.039587 0.000000 0.034890 0.996549 -0.075322 16.216101 -0.037042 0.076605 0.996373 -2.336500 0.000000 0.000000 0.000000 1.000000
0.998673 -0.033738 0.038910 0.000000 0.036646 0.996387 -0.076620 16.216101 -0.036184 0.077944 0.996301 -2.336500 0.000000 0.000000 0.000000 1.000000
0.998639 -0.034156 0.039410 0.000000 0.037127 0.996316 -0.077305 16.216101 -0.036624 0.078663 0.996228 -2.336500 0.000000 0.000000 0.000000 1.000000
0.998570 -0.033934 0.041317 0.000000 0.037081 0.996267 -0.077951 16.216101 -0.038518 0.079372 0.996101 -2.336500 0.000000 0.000000 0.000000 1.000000
0.998531 -0.032991 0.042978 0.000000 0.036274 0.996295 -0.077982 16.216101 -0.040246 0.079427 0.996028 -2.336500 0.000000 0.000000 0.000000 1.000000
0.998555 -0.030843 0.044004 -0.000000 0.034203 0.996384 -0.077773 16.216101 -0.041446 0.079166 0.996000 -2.336500 0.000000 0.000000 0.000000 1.000000
0.998608 -0.027580 0.044958 0.000000 0.031027 0.996480 -0.077875 16.216101 -0.042652 0.079161 0.995949 -2.336500 0.000000 0.000000 0.000000 1.000000
0.998606 -0.024408 0.046799 0.000000 0.028015 0.996557 -0.078032 16.216101 -0.044733 0.079234 0.995852 -2.336500 0.000000 0.000000 0.000000 1.000000
0.998530 -0.020375 0.050228 0.000000 0.024215 0.996731 -0.077075 16.216101 -0.048494 0.078178 0.995759 -2.336500 0.000000 0.000000 0.000000 1.000000
0.998428 -0.013522 0.054396 0.000000 0.017566 0.997060 -0.074578 16.216101 -0.053228 0.075417 0.995730 -2.336500 0.000000 0.000000 0.000000 1.000000
0.998267 -0.006971 0.058438 0.000000 0.011210 0.997303 -0.072529 16.216101 -0.057775 0.073059 0.995653 -2.336500 0.000000 0.000000 0.000000 1.000000
0.998157 -0.001860 0.060653 0.000000 0.006210 0.997413 -0.071615 16.216101 -0.060363 0.071860 0.995586 -2.336500 0.000000 0.000000 0.000000 1.000000
0.998157 0.002965 0.060608 -0.000000 0.001204 0.997642 -0.068627 16.216101 -0.060668 0.068573 0.995800 -2.336500 0.000000 0.000000 0.000000 1.000000
0.998139 0.008521 0.060389 -0.000000 -0.004616 0.997907 -0.064504 16.216101 -0.060812 0.064105 0.996089 -2.336500 0.000000 0.000000 0.000000 1.000000
0.998071 0.013161 0.060669 -0.000000 -0.009426 0.998067 -0.061436 16.216101 -0.061360 0.060746 0.996265 -2.336500 0.000000 0.000000 0.000000 1.000000
0.998081 0.018780 0.059012 0.000000 -0.015319 0.998165 -0.058575 16.216101 -0.060004 0.057559 0.996537 -2.336500 0.000000 0.000000 0.000000 1.000000
0.998247 0.023509 0.054310 0.000000 -0.020479 0.998238 -0.055682 16.216101 -0.055524 0.054473 0.996970 -2.336500 0.000000 0.000000 0.000000 1.000000
0.998519 0.026094 0.047731 -0.000000 -0.023482 0.998239 -0.054475 16.216101 -0.049069 0.053273 0.997374 -2.336500 0.000000 0.000000 0.000000 1.000000
0.998792 0.026524 0.041358 -0.000000 -0.024245 0.998210 -0.054665 16.216101 -0.042734 0.053596 0.997648 -2.336500 0.000000 0.000000 0.000000 1.000000
0.999023 0.026279 0.035531 0.000000 -0.024320 0.998220 -0.054460 16.216101 -0.036898 0.053542 0.997884 -2.336500 0.000000 0.000000 0.000000 1.000000
0.999208 0.026816 0.029410 0.000000 -0.025210 0.998240 -0.053687 16.216101 -0.030798 0.052903 0.998125 -2.336500 0.000000 0.000000 0.000000 1.000000
0.999347 0.027222 0.023741 0.000000 -0.025949 0.998291 -0.052367 16.216101 -0.025126 0.051716 0.998346 -2.336500 0.000000 0.000000 0.000000 1.000000
0.999456 0.026387 0.019797 0.000000 -0.025343 0.998365 -0.051234 16.216101 -0.021117 0.050704 0.998490 -2.336500 0.000000 0.000000 0.000000 1.000000
0.999523 0.025755 0.017030 -0.000000 -0.024861 0.998399 -0.050802 16.216101 -0.018311 0.050354 0.998564 -2.336500 0.000000 0.000000 0.000000 1.000000
0.999551 0.025956 0.014946 0.000000 -0.025178 0.998428 -0.050085 16.216101 -0.016222 0.049686 0.998633 -2.336500 0.000000 0.000000 0.000000 1.000000
0.999567 0.026045 0.013675 0.000000 -0.025348 0.998482 -0.048896 16.216101 -0.014928 0.048528 0.998710 -2.336500 0.000000 0.000000 0.000000 1.000000
0.999580 0.026411 0.011949 0.000000 -0.025804 0.998492 -0.048449 16.216101 -0.013211 0.048120 0.998754 -2.336500 0.000000 0.000000 0.000000 1.000000
0.999566 0.028032 0.009095 0.000000 -0.027551 0.998407 -0.049247 16.216101 -0.010461 0.048975 0.998745 -2.336500 0.000000 0.000000 0.000000 1.000000
0.999525 0.030095 0.006645 0.000000 -0.029725 0.998300 -0.050129 16.216101 -0.008142 0.049908 0.998721 -2.336500 0.000000 0.000000 0.000000 1.000000
0.999474 0.031968 0.005513 -0.000000 -0.031647 0.998208 -0.050783 16.216101 -0.007126 0.050582 0.998695 -2.336500 0.000000 0.000000 0.000000 1.000000
0.999416 0.033761 0.005262 0.000000 -0.033444 0.998098 -0.051783 16.216101 -0.007000 0.051577 0.998644 -2.336500 0.000000 0.000000 0.000000 1.000000
0.999365 0.035196 0.005560 0.000000 -0.034852 0.997981 -0.053103 16.216101 -0.007417 0.052875 0.998574 -2.336500 0.000000 0.000000 0.000000 1.000000
0.999316 0.036403 0.006527 0.000000 -0.035996 0.997877 -0.054272 16.216101 -0.008488 0.054000 0.998505 -2.336500 0.000000 0.000000 0.000000 1.000000
0.999273 0.037306 0.007794 0.000000 -0.036822 0.997806 -0.055027 16.216101 -0.009830 0.054700 0.998454 -2.336500 0.000000 0.000000 0.000000 1.000000
0.999255 0.037636 0.008595 0.000000 -0.037100 0.997756 -0.055744 16.216101 -0.010674 0.055383 0.998408 -2.336500 0.000000 0.000000 0.000000 1.000000
0.999251 0.037638 0.008946 -0.000000 -0.037073 0.997705 -0.056660 16.216101 -0.011058 0.056286 0.998353 -2.336500 0.000000 0.000000 0.000000 1.000000
0.999246 0.037733 0.009188 -0.000000 -0.037144 0.997652 -0.057548 16.216101 -0.011338 0.057164 0.998300 -2.336500 0.000000 0.000000 0.000000 1.000000
0.999238 0.037855 0.009487 -0.000000 -0.037238 0.997593 -0.058486 16.216101 -0.011678 0.058088 0.998243 -2.336500 0.000000 0.000000 0.000000 1.000000
0.999235 0.037928 0.009538 -0.000000 -0.037294 0.997522 -0.059661 16.216101 -0.011777 0.059260 0.998173 -2.336500 0.000000 0.000000 0.000000 1.000000
0.999230 0.038052 0.009590 0.000000 -0.037399 0.997442 -0.060914 16.216101 -0.011883 0.060509 0.998097 -2.336500 0.000000 0.000000 0.000000 1.000000
0.999225 0.038143 0.009705 -0.000000 -0.037471 0.997374 -0.061980 16.216101 -0.012044 0.061568 0.998030 -2.336500 0.000000 0.000000 0.000000 1.000000
0.999225 0.038075 0.009968 0.000000 -0.037376 0.997325 -0.062821 16.216101 -0.012333 0.062400 0.997975 -2.336500 0.000000 0.000000 0.000000 1.000000
0.999226 0.038020 0.010112 0.000000 -0.037308 0.997304 -0.063190 16.216101 -0.012488 0.062764 0.997950 -2.336500 0.000000 0.000000 0.000000 1.000000</float_array><technique_common><accessor source="#mixamorig_Spine-Matrix-animation-output-transform-array" count="82" stride="16"><param type="float4x4"/></accessor></technique_common></source><source id="mixamorig_Spine-Interpolations"><Name_array id="mixamorig_Spine-Interpolations-array" count="82">
 LINEAR LINEAR LINEAR LINEAR LINEAR LINEAR LINEAR LINEAR LINEAR LINEAR LINEAR
LINEAR LINEAR LINEAR LINEAR LINEAR LINEAR LINEAR LINEAR LINEAR LINEAR LINEAR LINEAR
LINEAR LINEAR LINEAR LINEAR LINEAR LINEAR LINEAR LINEAR LINEAR LINEAR LINEAR LINEAR
LINEAR LINEAR LINEAR LINEAR LINEAR LINEAR LINEAR LINEAR LINEAR LINEAR LINEAR LINEAR
LINEAR LINEAR LINEAR LINEAR LINEAR LINEAR LINEAR LINEAR LINEAR LINEAR LINEAR LINEAR
LINEAR LINEAR LINEAR LINEAR LINEAR LINEAR LINEAR LINEAR LINEAR LINEAR LINEAR LINEAR
LINEAR LINEAR LINEAR LINEAR LINEAR LINEAR LINEAR LINEAR LINEAR LINEAR LINEAR</Name_array><technique_common><accessor source="#mixamorig_Spine-Interpolations-array" count="82"><param type="name"/></accessor></technique_common></source><sampler id="mixamorig_Spine-Matrix-animation-transform"><input semantic="INPUT" source="#mixamorig_Spine-Matrix-animation-input"/><input semantic="OUTPUT" source="#mixamorig_Spine-Matrix-animation-output-transform"/><input semantic="INTERPOLATION" source="#mixamorig_Spine-Interpolations"/></sampler><channel source="#mixamorig_Spine-Matrix-animation-transform" target="mixamorig_Spine/matrix"/></animation>
    <animation id="mixamorig_Spine1-anim" name="mixamorig_Spine1"><source id="mixamorig_Spine1-Matrix-animation-input"><float_array id="mixamorig_Spine1-Matrix-animation-input-array" count="82">

0.000000 0.033333 0.066667 0.100000 0.133333 0.166667 0.200000 0.233333 0.266667 0.300000 0.333333 0.366667 0.400000 0.433333 0.466667 0.500000
0.533333 0.566667 0.600000 0.633333 0.666667 0.700000 0.733333 0.766667 0.800000 0.833333 0.866667 0.900000 0.933333 0.966667 1.000000 1.033333
1.066667 1.100000 1.133333 1.166667 1.200000 1.233333 1.266667 1.300000 1.333333 1.366667 1.400000 1.433333 1.466667 1.500000 1.533333 1.566667
1.600000 1.633333 1.666667 1.700000 1.733333 1.766667 1.800000 1.833333 1.866667 1.900000 1.933333 1.966667 2.000000 2.033333 2.066667 2.100000
2.133333 2.166667 2.200000 2.233333 2.266667 2.300000 2.333333 2.366667 2.400000 2.433333 2.466667 2.500000 2.533333 2.566667 2.600000 2.633333
2.666667 2.700000</float_array><technique_common><accessor source="#mixamorig_Spine1-Matrix-animation-input-array" count="82"><param name="TIME" type="float"/></accessor></technique_common></source><source id="mixamorig_Spine1-Matrix-animation-output-transform"><float_array id="mixamorig_Spine1-Matrix-animation-output-transform-array" count="1312">

0.995240 0.096532 0.013353 0.000000 -0.093529 0.984662 -0.147283 9.477100 -0.027366 0.145333 0.989004 -1.486900 0.000000 0.000000 0.000000 1.000000
0.995495 0.094076 0.011787 0.000000 -0.091375 0.985137 -0.145449 9.477100 -0.025295 0.143717 0.989296 -1.486900 0.000000 0.000000 0.000000 1.000000
0.996081 0.088087 0.007927 0.000000 -0.086095 0.986248 -0.141077 9.477100 -0.020245 0.139842 0.989967 -1.486900 0.000000 0.000000 0.000000 1.000000
0.996771 0.080234 0.003148 0.000000 -0.079081 0.987736 -0.134627 9.477100 -0.013911 0.133943 0.990891 -1.486900 0.000000 0.000000 0.000000 1.000000
0.997391 0.072173 -0.001191 -0.000000 -0.071741 0.989334 -0.126770 9.477100 -0.007971 0.126525 0.991931 -1.486900 0.000000 0.000000 0.000000 1.000000
0.997808 0.066071 -0.003640 0.000000 -0.066041 0.990892 -0.117352 9.477100 -0.004147 0.117335 0.993084 -1.486900 0.000000 0.000000 0.000000 1.000000
0.997555 0.069650 -0.005677 0.000000 -0.069855 0.991667 -0.108243 9.477100 -0.001910 0.108375 0.994108 -1.486900 0.000000 0.000000 0.000000 1.000000
0.996638 0.081659 -0.006735 0.000000 -0.081924 0.991656 -0.099537 9.477100 -0.001450 0.099754 0.995011 -1.486900 0.000000 0.000000 0.000000 1.000000
0.995591 0.093685 -0.004609 0.000000 -0.093705 0.991211 -0.093379 9.477100 -0.004180 0.093399 0.995620 -1.486900 0.000000 0.000000 0.000000 1.000000
0.994297 0.106643 -0.000351 0.000000 -0.106255 0.990391 -0.088516 9.477100 -0.009092 0.088049 0.996075 -1.486900 0.000000 0.000000 0.000000 1.000000
0.992517 0.121927 0.006609 0.000000 -0.120997 0.989342 -0.081009 9.477100 -0.016415 0.079603 0.996691 -1.486900 0.000000 0.000000 0.000000 1.000000
0.990692 0.134984 0.017575 -0.000000 -0.133328 0.988256 -0.074652 9.477100 -0.027445 0.071614 0.997055 -1.486900 0.000000 0.000000 0.000000 1.000000
0.989091 0.143627 0.032729 0.000000 -0.141006 0.987402 -0.071802 9.477100 -0.042629 0.066404 0.996882 -1.486900 0.000000 0.000000 0.000000 1.000000
0.988153 0.147138 0.043638 0.000000 -0.144041 0.987287 -0.067202 9.477100 -0.052972 0.060120 0.996785 -1.486900 0.000000 0.000000 0.000000 1.000000
0.988007 0.145869 0.050639 -0.000000 -0.142706 0.987865 -0.061303 9.477100 -0.058966 0.053341 0.996834 -1.486900 0.000000 0.000000 0.000000 1.000000
0.988090 0.141000 0.061623 0.000000 -0.137480 0.988801 -0.058068 9.477100 -0.069121 0.048904 0.996409 -1.486900 0.000000 0.000000 0.000000 1.000000
0.987927 0.136386 0.073481 0.000000 -0.132623 0.989701 -0.053875 9.477100 -0.080072 0.043479 0.995840 -1.486900 0.000000 0.000000 0.000000 1.000000
0.987712 0.133135 0.081855 0.000000 -0.129646 0.990466 -0.046576 9.477100 -0.087275 0.035391 0.995555 -1.486900 0.000000 0.000000 0.000000 1.000000
0.988065 0.128349 0.085167 0.000000 -0.125682 0.991417 -0.035995 9.477100 -0.089056 0.024862 0.995716 -1.486900 0.000000 0.000000 0.000000 1.000000
0.988973 0.119645 0.087275 0.000000 -0.117951 0.992721 -0.024337 9.477100 -0.089552 0.013774 0.995887 -1.486900 0.000000 0.000000 0.000000 1.000000
0.989511 0.103783 0.100484 0.000000 -0.102050 0.994530 -0.022250 9.477100 -0.102244 0.011762 0.994690 -1.486900 0.000000 0.000000 0.000000 1.000000
0.990553 0.086275 0.106586 -0.000000 -0.084761 0.996226 -0.018668 9.477100 -0.107795 0.009457 0.994128 -1.486900 0.000000 0.000000 0.000000 1.000000
0.992428 0.069860 0.101025 -0.000000 -0.068948 0.997542 -0.012490 9.477100 -0.101649 0.005430 0.994806 -1.486900 0.000000 0.000000 0.000000 1.000000
0.994013 0.050920 0.096671 0.000000 -0.049956 0.998675 -0.012372 9.477100 -0.097173 0.007469 0.995239 -1.486900 0.000000 0.000000 0.000000 1.000000
0.995332 0.033504 0.090507 0.000000 -0.032311 0.999371 -0.014613 9.477100 -0.090940 0.011621 0.995789 -1.486900 0.000000 0.000000 0.000000 1.000000
0.996196 0.019746 0.084869 0.000000 -0.018480 0.999706 -0.015686 9.477100 -0.085154 0.014058 0.996269 -1.486900 0.000000 0.000000 0.000000 1.000000
0.996950 0.008856 0.077540 0.000000 -0.007661 0.999847 -0.015702 9.477100 -0.077668 0.015060 0.996866 -1.486900 0.000000 0.000000 0.000000 1.000000
0.997763 0.000302 0.066853 0.000000 0.000801 0.999864 -0.016465 9.477100 -0.066849 0.016481 0.997627 -1.486900 0.000000 0.000000 0.000000 1.000000
0.998506 -0.001882 0.054614 -0.000000 0.002941 0.999809 -0.019309 9.477100 -0.054567 0.019441 0.998321 -1.486900 0.000000 0.000000 0.000000 1.000000
0.999114 0.009679 0.040965 0.000000 -0.008590 0.999607 -0.026692 9.477100 -0.041207 0.026317 0.998804 -1.486900 0.000000 0.000000 0.000000 1.000000
0.999251 0.016415 0.035050 0.000000 -0.015229 0.999311 -0.033843 9.477100 -0.035581 0.033284 0.998812 -1.486900 0.000000 0.000000 0.000000 1.000000
0.999315 0.019818 0.031241 0.000000 -0.018505 0.998955 -0.041794 9.477100 -0.032036 0.041187 0.998638 -1.486900 0.000000 0.000000 0.000000 1.000000
0.999416 0.018776 0.028536 -0.000000 -0.017354 0.998634 -0.049294 9.477100 -0.029422 0.048771 0.998377 -1.486900 0.000000 0.000000 0.000000 1.000000
0.999582 0.011399 0.026565 0.000000 -0.009573 0.997646 -0.067900 9.477100 -0.027276 0.067617 0.997338 -1.486900 0.000000 0.000000 0.000000 1.000000
0.999681 -0.001396 0.025211 0.000000 0.003891 0.995060 -0.099203 9.477100 -0.024948 0.099269 0.994748 -1.486900 0.000000 0.000000 0.000000 1.000000
0.999585 -0.015720 0.024152 0.000000 0.018736 0.991309 -0.130210 9.477100 -0.021895 0.130609 0.991192 -1.486900 0.000000 0.000000 0.000000 1.000000
0.999329 -0.028627 0.022846 0.000000 0.031709 0.988407 -0.148482 9.477100 -0.018331 0.149107 0.988651 -1.486900 0.000000 0.000000 0.000000 1.000000
0.999019 -0.038773 0.021386 0.000000 0.041650 0.986784 -0.156598 9.477100 -0.015031 0.157335 0.987431 -1.486900 0.000000 0.000000 0.000000 1.000000
0.998711 -0.046649 0.020007 0.000000 0.049308 0.985184 -0.164262 9.477100 -0.012048 0.165036 0.986214 -1.486900 0.000000 0.000000 0.000000 1.000000
0.998421 -0.052944 0.018772 -0.000000 0.055380 0.983699 -0.171082 9.477100 -0.009408 0.171852 0.985078 -1.486900 0.000000 0.000000 0.000000 1.000000
0.998325 -0.054969 0.018058 0.000000 0.057274 0.983144 -0.173628 9.477100 -0.008209 0.174372 0.984646 -1.486900 0.000000 0.000000 0.000000 1.000000
0.998305 -0.054665 0.019981 0.000000 0.057324 0.982906 -0.174958 9.477100 -0.010076 0.175806 0.984373 -1.486900 0.000000 0.000000 0.000000 1.000000
0.998282 -0.053383 0.024141 0.000000 0.056812 0.982713 -0.176201 9.477100 -0.014318 0.177270 0.984058 -1.486900 0.000000 0.000000 0.000000 1.000000
0.998321 -0.050986 0.027488 0.000000 0.055047 0.982804 -0.176256 9.477100 -0.018028 0.177473 0.983961 -1.486900 0.000000 0.000000 0.000000 1.000000
0.998486 -0.046569 0.029262 0.000000 0.051005 0.983092 -0.175864 9.477100 -0.020578 0.177090 0.983979 -1.486900 0.000000 0.000000 0.000000 1.000000
0.998706 -0.040473 0.030809 -0.000000 0.045283 0.983328 -0.176112 9.477100 -0.023168 0.177279 0.983888 -1.486900 0.000000 0.000000 0.000000 1.000000
0.998814 -0.034545 0.034302 0.000000 0.040075 0.983492 -0.176456 9.477100 -0.027640 0.177621 0.983711 -1.486900 0.000000 0.000000 0.000000 1.000000
0.998776 -0.027589 0.041054 -0.000000 0.034359 0.984038 -0.174611 9.477100 -0.035581 0.175807 0.983781 -1.486900 0.000000 0.000000 0.000000 1.000000
0.998626 -0.014625 0.050329 0.000000 0.022986 0.985210 -0.169804 9.477100 -0.047101 0.170727 0.984192 -1.486900 0.000000 0.000000 0.000000 1.000000
0.998194 0.001195 0.060061 0.000000 0.008808 0.986086 -0.166001 9.477100 -0.059424 0.166230 0.984295 -1.486900 0.000000 0.000000 0.000000 1.000000
0.997553 0.016082 0.068042 -0.000000 -0.004680 0.986364 -0.164512 9.477100 -0.069760 0.163791 0.984025 -1.486900 0.000000 0.000000 0.000000 1.000000
0.996716 0.032976 0.073957 -0.000000 -0.020855 0.987050 -0.159049 9.477100 -0.078244 0.156985 0.984497 -1.486900 0.000000 0.000000 0.000000 1.000000
0.995447 0.050045 0.081124 0.000000 -0.037322 0.987770 -0.151384 9.477100 -0.087708 0.147667 0.985140 -1.486900 0.000000 0.000000 0.000000 1.000000
0.994022 0.063052 0.089128 0.000000 -0.049604 0.988074 -0.145774 9.477100 -0.097256 0.140481 0.985295 -1.486900 0.000000 0.000000 0.000000 1.000000
0.993048 0.073520 0.091927 0.000000 -0.060174 0.988272 -0.140349 9.477100 -0.101168 0.133842 0.985825 -1.486900 0.000000 0.000000 0.000000 1.000000
0.992819 0.081884 0.087207 -0.000000 -0.069700 0.988444 -0.134609 9.477100 -0.097222 0.127564 0.987054 -1.486900 0.000000 0.000000 0.000000 1.000000
