<?xml version="1.0" encoding="utf-8"?>
<COLLADA xmlns="http://www.collada.org/2005/11/COLLADASchema" version="1.4.1">
  <asset><contributor><author>Mixamo</author><authoring_tool>COLLADA Mixamo exporter</authoring_tool><comments></comments></contributor><created>2020-04-01T21:24:08Z</created><modified>2020-04-01T21:24:08Z</modified><revision></revision><title></title><unit meter="0.010000"/><up_axis>Y_UP</up_axis></asset>
  <library_animations>
    <animation id="mixamorig_Hips-anim" name="mixamorig_Hips"><source id="mixamorig_Hips-Matrix-animation-input"><float_array id="mixamorig_Hips-Matrix-animation-input-array" count="104">

0.000000 0.033333 0.066667 0.100000 0.133333 0.166667 0.200000 0.233333 0.266667 0.300000 0.333333 0.366667 0.400000 0.433333 0.466667 0.500000
0.533333 0.566667 0.600000 0.633333 0.666667 0.700000 0.733333 0.766667 0.800000 0.833333 0.866667 0.900000 0.933333 0.966667 1.000000 1.033333
1.066667 1.100000 1.133333 1.166667 1.200000 1.233333 1.266667 1.300000 1.333333 1.366667 1.400000 1.433333 1.466667 1.500000 1.533333 1.566667
1.600000 1.633333 1.666667 1.700000 1.733333 1.766667 1.800000 1.833333 1.866667 1.900000 1.933333 1.966667 2.000000 2.033333 2.066667 2.100000
2.133333 2.166667 2.200000 2.233333 2.266667 2.300000 2.333333 2.366667 2.400000 2.433333 2.466667 2.500000 2.533333 2.566667 2.600000 2.633333
2.666667 2.700000 2.733333 2.766667 2.800000 2.833333 2.866667 2.900000 2.933333 2.966667 3.000000 3.033333 3.066667 3.100000 3.133333 3.166667
3.200000 3.233333 3.266667 3.300000 3.333333 3.366667 3.400000 3.433333</float_array><technique_common><accessor source="#mixamorig_Hips-Matrix-animation-input-array" count="104"><param name="TIME" type="float"/></accessor></technique_common></source><source id="mixamorig_Hips-Matrix-animation-output-transform"><float_array id="mixamorig_Hips-Matrix-animation-output-transform-array" count="1664">

0.463931 0.022970 -0.885574 1.080663 0.030238 0.998671 0.041744 48.614250 0.885355 -0.046144 0.462619 -0.437273 0.000000 0.000000 0.000000 1.000000
0.470828 0.022688 -0.881933 1.002355 0.026716 0.998844 0.039958 48.624115 0.881821 -0.042375 0.469677 -0.654956 0.000000 0.000000 0.000000 1.000000
0.479885 0.022353 -0.877047 0.920805 0.019922 0.999140 0.036365 48.638836 0.877105 -0.034924 0.479027 -0.897763 0.000000 0.000000 0.000000 1.000000
0.492946 0.021841 -0.869785 0.832774 0.011542 0.999433 0.031638 48.629128 0.869983 -0.025635 0.492415 -1.164987 0.000000 0.000000 0.000000 1.000000
0.511779 0.020090 -0.858882 0.744082 0.003865 0.999663 0.025685 48.518871 0.859109 -0.016464 0.511528 -1.404316 0.000000 0.000000 0.000000 1.000000
0.537431 0.016169 -0.843153 0.660132 -0.003994 0.999854 0.016628 48.278931 0.843298 -0.005568 0.537417 -1.544510 0.000000 0.000000 0.000000 1.000000
0.569788 0.011531 -0.821711 0.538065 -0.016075 0.999867 0.002884 48.063305 0.821635 0.011566 0.569897 -1.600707 0.000000 0.000000 0.000000 1.000000
0.607266 0.012304 -0.794403 0.343536 -0.036677 0.999248 -0.012561 48.010406 0.793651 0.036764 0.607261 -1.495927 0.000000 0.000000 0.000000 1.000000
0.648349 0.023631 -0.760976 0.074995 -0.063018 0.997754 -0.022707 48.152061 0.758731 0.062677 0.648382 -1.079983 0.000000 0.000000 0.000000 1.000000
0.694110 0.040896 -0.718706 -0.242302 -0.084536 0.996108 -0.024962 48.419613 0.714888 0.078083 0.694866 -0.176519 0.000000 0.000000 0.000000 1.000000
0.745650 0.051103 -0.664376 -0.538766 -0.089586 0.995691 -0.023957 48.750469 0.660288 0.077382 0.747015 1.291572 0.000000 0.000000 0.000000 1.000000
0.795682 0.045787 -0.603981 -0.741993 -0.072514 0.997168 -0.019935 48.978039 0.601358 0.059659 0.796749 3.205163 0.000000 0.000000 0.000000 1.000000
0.833150 0.025814 -0.552444 -0.906842 -0.031728 0.999496 -0.001146 48.778599 0.552136 0.018483 0.833549 5.052864 0.000000 0.000000 0.000000 1.000000
0.859787 0.001957 -0.510649 -1.234777 0.024003 0.998732 0.044241 48.149696 0.510088 -0.050295 0.858650 6.719482 0.000000 0.000000 0.000000 1.000000
0.890302 -0.014680 -0.455133 -1.579245 0.074738 0.990637 0.114246 47.715900 0.449195 -0.135729 0.883064 8.823152 0.000000 0.000000 0.000000 1.000000
0.929478 -0.033162 -0.367384 -1.830547 0.112568 0.973943 0.196883 47.707428 0.351282 -0.224354 0.908992 11.380680 0.000000 0.000000 0.000000 1.000000
0.965058 -0.057148 -0.255730 -1.961646 0.130862 0.950625 0.281402 48.165363 0.227022 -0.305034 0.924887 14.253798 0.000000 0.000000 0.000000 1.000000
0.985942 -0.080298 -0.146526 -2.091008 0.128321 0.925542 0.356237 48.967415 0.107011 -0.370032 0.922835 17.100246 0.000000 0.000000 0.000000 1.000000
0.992905 -0.102944 -0.059511 -2.354130 0.118323 0.904962 0.408709 49.693275 0.011781 -0.412851 0.910723 19.595627 0.000000 0.000000 0.000000 1.000000
0.992942 -0.118106 0.010827 -2.599954 0.101631 0.894367 0.435636 50.222969 -0.061134 -0.431460 0.900058 21.690268 0.000000 0.000000 0.000000 1.000000
0.989639 -0.121065 0.077187 -2.778672 0.074522 0.892631 0.444586 50.600334 -0.122724 -0.434227 0.892405 23.238258 0.000000 0.000000 0.000000 1.000000
0.983522 -0.116713 0.138066 -3.000778 0.043632 0.894358 0.445220 50.752117 -0.175443 -0.431859 0.884713 24.154827 0.000000 0.000000 0.000000 1.000000
0.977047 -0.112709 0.180765 -3.328270 0.021657 0.896724 0.442060 50.652878 -0.211921 -0.427998 0.878583 24.476025 0.000000 0.000000 0.000000 1.000000
0.974151 -0.110833 0.196841 -3.702674 0.014240 0.899763 0.436147 50.387833 -0.225450 -0.422070 0.878083 24.316242 0.000000 0.000000 0.000000 1.000000
0.976441 -0.106194 0.187843 -4.055515 0.015826 0.903418 0.428469 50.094959 -0.215202 -0.415402 0.883815 23.836903 0.000000 0.000000 0.000000 1.000000
0.983061 -0.093514 0.157628 -4.379287 0.018974 0.907345 0.419959 50.033478 -0.182295 -0.409854 0.893750 23.175953 0.000000 0.000000 0.000000 1.000000
0.991502 -0.073395 0.107407 -4.675996 0.022675 0.910510 0.412866 50.231506 -0.128097 -0.406922 0.904437 22.538548 0.000000 0.000000 0.000000 1.000000
0.997673 -0.052486 0.043513 -5.010413 0.030034 0.911309 0.410626 50.579727 -0.061206 -0.408364 0.910765 22.133280 0.000000 0.000000 0.000000 1.000000
0.999175 -0.037487 -0.015643 -5.431478 0.040599 0.909329 0.414093 50.902943 -0.001298 -0.414386 0.910100 22.199219 0.000000 0.000000 0.000000 1.000000
0.998365 -0.030518 -0.048340 -6.047207 0.048074 0.905770 0.421033 51.161102 0.030935 -0.422668 0.905756 22.680674 0.000000 0.000000 0.000000 1.000000
0.998349 -0.031120 -0.048282 -6.902657 0.048819 0.902613 0.427675 51.339573 0.030271 -0.429326 0.902642 23.468170 0.000000 0.000000 0.000000 1.000000
0.998966 -0.034508 -0.029590 -7.932447 0.043896 0.901429 0.430695 51.391048 0.011811 -0.431549 0.902012 24.519089 0.000000 0.000000 0.000000 1.000000
0.999274 -0.035637 -0.013454 -9.057686 0.037960 0.902227 0.429588 51.357445 -0.003170 -0.429787 0.902925 25.817020 0.000000 0.000000 0.000000 1.000000
0.999389 -0.033439 -0.010155 -10.261513 0.034589 0.904995 0.424013 51.397495 -0.004988 -0.424106 0.905599 27.301445 0.000000 0.000000 0.000000 1.000000
0.999442 -0.029677 -0.015339 -11.552135 0.033356 0.911776 0.409330 51.683979 0.001838 -0.409613 0.912257 28.861378 0.000000 0.000000 0.000000 1.000000
0.999438 -0.026193 -0.020929 -12.923855 0.032179 0.924649 0.379458 52.273941 0.009413 -0.379918 0.924972 30.391813 0.000000 0.000000 0.000000 1.000000
0.999443 -0.022999 -0.024174 -14.376361 0.029757 0.942125 0.333940 52.999809 0.015094 -0.334473 0.942284 31.798908 0.000000 0.000000 0.000000 1.000000
0.999521 -0.018773 -0.024603 -15.950992 0.024877 0.960284 0.277915 53.506924 0.018409 -0.278394 0.960291 32.889317 0.000000 0.000000 0.000000 1.000000
0.999839 -0.010041 -0.014891 -17.580006 0.013024 0.976256 0.216226 53.458031 0.012366 -0.216385 0.976230 33.359447 0.000000 0.000000 0.000000 1.000000
0.999916 0.002015 0.012791 -19.150023 -0.003983 0.987794 0.155717 52.665348 -0.012321 -0.155755 0.987719 33.080906 0.000000 0.000000 0.000000 1.000000
0.998604 0.009835 0.051897 -20.603876 -0.015840 0.993053 0.116601 51.327721 -0.050390 -0.117260 0.991822 32.234024 0.000000 0.000000 0.000000 1.000000
0.996806 0.006900 0.079562 -22.002750 -0.016867 0.991976 0.125293 50.076469 -0.078059 -0.126234 0.988924 31.149986 0.000000 0.000000 0.000000 1.000000
0.996976 -0.002592 0.077663 -23.311361 -0.011596 0.983291 0.181671 49.489082 -0.076836 -0.182023 0.980288 30.288790 0.000000 0.000000 0.000000 1.000000
0.998324 -0.007939 0.057318 -24.428513 -0.006396 0.969333 0.245667 49.634136 -0.057511 -0.245622 0.967658 29.931780 0.000000 0.000000 0.000000 1.000000
0.998816 -0.010986 0.047383 -25.337515 -0.002388 0.961908 0.273364 50.276833 -0.048581 -0.273154 0.960743 30.036978 0.000000 0.000000 0.000000 1.000000
0.998118 -0.017910 0.058655 -26.057095 0.002231 0.966378 0.257115 51.102680 -0.061288 -0.256500 0.964599 30.461206 0.000000 0.000000 0.000000 1.000000
0.996836 -0.024911 0.075476 -26.551258 0.007413 0.974615 0.223764 51.880379 -0.079134 -0.222497 0.971717 30.965771 0.000000 0.000000 0.000000 1.000000
0.996539 -0.026119 0.078919 -26.839211 0.009561 0.979069 0.203302 52.489002 -0.082578 -0.201844 0.975930 31.336824 0.000000 0.000000 0.000000 1.000000
0.997496 -0.021146 0.067487 -26.914112 0.007476 0.980435 0.196700 52.837902 -0.070326 -0.195703 0.978138 31.575392 0.000000 0.000000 0.000000 1.000000
0.998580 -0.013856 0.051434 -26.818264 0.004063 0.982576 0.185817 52.978630 -0.053113 -0.185344 0.981237 31.790771 0.000000 0.000000 0.000000 1.000000
0.999237 -0.007316 0.038373 -26.646294 0.000756 0.985743 0.168258 53.034775 -0.039057 -0.168100 0.984996 31.999418 0.000000 0.000000 0.000000 1.000000
0.999546 -0.003293 0.029952 -26.457993 -0.001460 0.987551 0.157292 53.021645 -0.030097 -0.157264 0.987098 32.150742 0.000000 0.000000 0.000000 1.000000
0.999670 -0.003514 0.025453 -26.295481 -0.000513 0.987679 0.156492 52.972950 -0.025690 -0.156453 0.987351 32.251659 0.000000 0.000000 0.000000 1.000000
0.999686 -0.006555 0.024182 -26.170782 0.002663 0.987501 0.157593 52.908466 -0.024912 -0.157479 0.987208 32.330700 0.000000 0.000000 0.000000 1.000000
0.999631 -0.008942 0.025643 -26.086798 0.004829 0.987712 0.156212 52.825230 -0.026725 -0.156030 0.987391 32.382721 0.000000 0.000000 0.000000 1.000000
0.999526 -0.009680 0.029213 -26.055332 0.005034 0.987883 0.155116 52.739708 -0.030360 -0.154896 0.987464 32.391079 0.000000 0.000000 0.000000 1.000000
0.999371 -0.009995 0.034024 -26.083227 0.004542 0.987634 0.156713 52.686062 -0.035170 -0.156460 0.987058 32.357273 0.000000 0.000000 0.000000 1.000000
0.999172 -0.010778 0.039231 -26.161102 0.004370 0.987123 0.159903 52.697952 -0.040449 -0.159599 0.986353 32.298977 0.000000 0.000000 0.000000 1.000000
0.998920 -0.012253 0.044824 -26.274904 0.004806 0.986681 0.162593 52.797165 -0.046220 -0.162202 0.985674 32.233269 0.000000 0.000000 0.000000 1.000000
0.998560 -0.014286 0.051707 -26.409349 0.005628 0.986466 0.163871 52.978733 -0.053349 -0.163344 0.985126 32.167973 0.000000 0.000000 0.000000 1.000000
0.998060 -0.016153 0.060129 -26.537842 0.006074 0.986414 0.164166 53.192497 -0.061964 -0.163483 0.984598 32.097130 0.000000 0.000000 0.000000 1.000000
0.997498 -0.016347 0.068775 -26.609341 0.004787 0.986281 0.165005 53.319729 -0.070529 -0.164263 0.983892 32.000790 0.000000 0.000000 0.000000 1.000000
0.997062 -0.013617 0.075382 -26.542585 0.000674 0.985593 0.169133 53.134144 -0.076599 -0.168585 0.982706 31.854555 0.000000 0.000000 0.000000 1.000000
0.996969 -0.009925 0.077168 -26.310671 -0.004130 0.983681 0.179876 52.517513 -0.077694 -0.179650 0.980658 31.664871 0.000000 0.000000 0.000000 1.000000
0.997307 -0.009152 0.072763 -25.899952 -0.005520 0.980002 0.198913 51.574303 -0.073128 -0.198779 0.977312 31.459175 0.000000 0.000000 0.000000 1.000000
0.997837 -0.013782 0.064273 -25.321568 -0.000972 0.974572 0.224071 50.350445 -0.065727 -0.223649 0.972451 31.247198 0.000000 0.000000 0.000000 1.000000
0.998163 -0.023115 0.055995 -24.574703 0.008407 0.968253 0.249832 49.064838 -0.059992 -0.248902 0.966669 31.063686 0.000000 0.000000 0.000000 1.000000
0.998221 -0.030657 0.051132 -23.556028 0.015767 0.962875 0.269486 47.922947 -0.057495 -0.268200 0.961646 30.919598 0.000000 0.000000 0.000000 1.000000
0.998488 -0.030273 0.045876 -22.152416 0.016421 0.960833 0.276642 47.153152 -0.052454 -0.275471 0.959877 30.721149 0.000000 0.000000 0.000000 1.000000
0.999397 -0.020037 0.028351 -20.313826 0.011729 0.963488 0.267495 46.989254 -0.032675 -0.267002 0.963142 30.288795 0.000000 0.000000 0.000000 1.000000
0.999895 -0.001656 -0.014387 -18.060001 0.005100 0.970073 0.242761 47.483177 0.013554 -0.242809 0.969979 29.553326 0.000000 0.000000 0.000000 1.000000
0.995920 0.020060 -0.087984 -15.596657 -0.001312 0.978095 0.208153 48.420837 0.090232 -0.207189 0.974131 28.460754 0.000000 0.000000 0.000000 1.000000
0.981555 0.043682 -0.186124 -13.112976 -0.010719 0.984590 0.174550 49.439869 0.190881 -0.169336 0.966897 27.034946 0.000000 0.000000 0.000000 1.000000
0.953425 0.066720 -0.294159 -10.859920 -0.022513 0.988250 0.151181 50.222946 0.300789 -0.137517 0.943724 25.472712 0.000000 0.000000 0.000000 1.000000
0.916087 0.082121 -0.392481 -9.067563 -0.030154 0.990141 0.136789 50.609718 0.399845 -0.113476 0.909531 23.888184 0.000000 0.000000 0.000000 1.000000
0.879775 0.086677 -0.467422 -7.565162 -0.031911 0.991788 0.123851 50.733418 0.474318 -0.094046 0.875316 22.340263 0.000000 0.000000 0.000000 1.000000
0.849105 0.084091 -0.521489 -6.238056 -0.030572 0.993416 0.110411 50.692760 0.527339 -0.077808 0.846085 20.831167 0.000000 0.000000 0.000000 1.000000
0.818514 0.080296 -0.568848 -5.048679 -0.028985 0.994695 0.098700 50.549156 0.573755 -0.064299 0.816499 19.350908 0.000000 0.000000 0.000000 1.000000
0.780818 0.078527 -0.619804 -3.956056 -0.029808 0.995622 0.088590 50.434067 0.624047 -0.050697 0.779741 17.905048 0.000000 0.000000 0.000000 1.000000
0.734914 0.077993 -0.673661 -2.976610 -0.033261 0.996315 0.079062 50.381851 0.677344 -0.035697 0.734800 16.502220 0.000000 0.000000 0.000000 1.000000
0.684151 0.078777 -0.725074 -2.118986 -0.039694 0.996698 0.070834 50.371338 0.728260 -0.019680 0.685019 15.158327 0.000000 0.000000 0.000000 1.000000
0.632845 0.080592 -0.770073 -1.388126 -0.048081 0.996739 0.064801 50.383293 0.772784 -0.003983 0.634656 13.892397 0.000000 0.000000 0.000000 1.000000
0.585449 0.081396 -0.806613 -0.806011 -0.055249 0.996640 0.060471 50.406559 0.808824 0.009162 0.587979 12.707643 0.000000 0.000000 0.000000 1.000000
0.545902 0.078970 -0.834119 -0.398923 -0.057930 0.996723 0.056451 50.422314 0.835844 0.017504 0.548688 11.577435 0.000000 0.000000 0.000000 1.000000
0.516317 0.072470 -0.853326 -0.175877 -0.055328 0.997154 0.051208 50.379601 0.854609 0.020773 0.518857 10.360606 0.000000 0.000000 0.000000 1.000000
0.496945 0.062654 -0.865518 -0.111091 -0.049489 0.997813 0.043816 50.255985 0.866370 0.021060 0.498959 8.995205 0.000000 0.000000 0.000000 1.000000
0.486862 0.051485 -0.871961 -0.144645 -0.043048 0.998463 0.034918 50.062027 0.872418 0.020535 0.488329 7.557087 0.000000 0.000000 0.000000 1.000000
0.483497 0.041561 -0.874359 -0.199624 -0.037360 0.998942 0.026824 49.799156 0.874548 0.019697 0.484538 6.094829 0.000000 0.000000 0.000000 1.000000
0.482318 0.035277 -0.875286 -0.219268 -0.032223 0.999227 0.022516 49.445049 0.875403 0.017345 0.483082 4.629816 0.000000 0.000000 0.000000 1.000000
0.479225 0.033787 -0.877042 -0.173448 -0.027375 0.999348 0.023540 49.047600 0.877265 0.012728 0.479837 3.270852 0.000000 0.000000 0.000000 1.000000
0.472737 0.035611 -0.880484 -0.072723 -0.022089 0.999348 0.028558 48.696632 0.880927 0.005949 0.473216 2.120261 0.000000 0.000000 0.000000 1.000000
0.463666 0.038185 -0.885187 0.050496 -0.016085 0.999269 0.034681 48.482483 0.885864 -0.001842 0.463941 1.220902 0.000000 0.000000 0.000000 1.000000
0.454059 0.038950 -0.890120 0.166192 -0.009392 0.999198 0.038932 48.429996 0.890922 -0.009318 0.454060 0.557714 0.000000 0.000000 0.000000 1.000000
0.447241 0.036513 -0.893668 0.255117 -0.002656 0.999216 0.039496 48.511902 0.894410 -0.015291 0.446987 0.093297 0.000000 0.000000 0.000000 1.000000
0.445866 0.032219 -0.894520 0.350057 0.003130 0.999290 0.037553 48.654602 0.895094 -0.019544 0.445448 -0.213225 0.000000 0.000000 0.000000 1.000000
0.448628 0.028369 -0.893268 0.469396 0.008217 0.999323 0.035864 48.776314 0.893681 -0.023430 0.448091 -0.405030 0.000000 0.000000 0.000000 1.000000
0.451199 0.025559 -0.892057 0.601328 0.013400 0.999283 0.035409 48.852486 0.892323 -0.027930 0.450533 -0.513478 0.000000 0.000000 0.000000 1.000000
0.451389 0.023324 -0.892022 0.726528 0.018405 0.999202 0.035440 48.887836 0.892137 -0.032415 0.450600 -0.566307 0.000000 0.000000 0.000000 1.000000
0.451054 0.021736 -0.892232 0.839577 0.022227 0.999120 0.035576 48.888577 0.892220 -0.035878 0.450174 -0.580131 0.000000 0.000000 0.000000 1.000000
0.452665 0.021185 -0.891429 0.940138 0.024662 0.999038 0.036265 48.857662 0.891339 -0.038401 0.451707 -0.567706 0.000000 0.000000 0.000000 1.000000
0.456267 0.021672 -0.889579 1.020748 0.026320 0.998937 0.037836 48.801659 0.889453 -0.040678 0.455212 -0.541795 0.000000 0.000000 0.000000 1.000000
0.460085 0.022574 -0.887588 1.071817 0.027700 0.998825 0.039761 48.732960 0.887443 -0.042879 0.458919 -0.509723 0.000000 0.000000 0.000000 1.000000
0.462686 0.023085 -0.886222 1.090790 0.028964 0.998734 0.041138 48.665760 0.886049 -0.044703 0.461431 -0.473775 0.000000 0.000000 0.000000 1.000000
0.463931 0.022970 -0.885574 1.080661 0.030238 0.998671 0.041744 48.614265 0.885355 -0.046144 0.462619 -0.437278 0.000000 0.000000 0.000000 1.000000</float_array><technique_common><accessor source="#mixamorig_Hips-Matrix-animation-output-transform-array" count="104" stride="16"><param type="float4x4"/></accessor></technique_common></source><source id="mixamorig_Hips-Interpolations"><Name_array id="mixamorig_Hips-Interpolations-array" count="104">
 LINEAR LINEAR LINEAR LINEAR LINEAR LINEAR LINEAR LINEAR LINEAR LINEAR LINEAR
LINEAR LINEAR LINEAR LINEAR LINEAR LINEAR LINEAR LINEAR LINEAR LINEAR LINEAR LINEAR
LINEAR LINEAR LINEAR LINEAR LINEAR LINEAR LINEAR LINEAR LINEAR LINEAR LINEAR LINEAR
LINEAR LINEAR LINEAR LINEAR LINEAR LINEAR LINEAR LINEAR LINEAR LINEAR LINEAR LINEAR
LINEAR LINEAR LINEAR LINEAR LINEAR LINEAR LINEAR LINEAR LINEAR LINEAR LINEAR LINEAR
LINEAR LINEAR LINEAR LINEAR LINEAR LINEAR LINEAR LINEAR LINEAR LINEAR LINEAR LINEAR
LINEAR LINEAR LINEAR LINEAR LINEAR LINEAR LINEAR LINEAR LINEAR LINEAR LINEAR LINEAR
LINEAR LINEAR LINEAR LINEAR LINEAR LINEAR LINEAR LINEAR LINEAR LINEAR LINEAR LINEAR
LINEAR LINEAR LINEAR LINEAR LINEAR LINEAR LINEAR LINEAR LINEAR</Name_array><technique_common><accessor source="#mixamorig_Hips-Interpolations-array" count="104"><param type="name"/></accessor></technique_common></source><sampler id="mixamorig_Hips-Matrix-animation-transform"><input semantic="INPUT" source="#mixamorig_Hips-Matrix-animation-input"/><input semantic="OUTPUT" source="#mixamorig_Hips-Matrix-animation-output-transform"/><input semantic="INTERPOLATION" source="#mixamorig_Hips-Interpolations"/></sampler><channel source="#mixamorig_Hips-Matrix-animation-transform" target="mixamorig_Hips/matrix"/></animation>
    <animation id="mixamorig_Spine-anim" name="mixamorig_Spine"><source id="mixamorig_Spine-Matrix-animation-input"><float_array id="mixamorig_Spine-Matrix-animation-input-array" count="104">

0.000000 0.033333 0.066667 0.100000 0.133333 0.166667 0.200000 0.233333 0.266667 0.300000 0.333333 0.366667 0.400000 0.433333 0.466667 0.500000
0.533333 0.566667 0.600000 0.633333 0.666667 0.700000 0.733333 0.766667 0.800000 0.833333 0.866667 0.900000 0.933333 0.966667 1.000000 1.033333
1.066667 1.100000 1.133333 1.166667 1.200000 1.233333 1.266667 1.300000 1.333333 1.366667 1.400000 1.433333 1.466667 1.500000 1.533333 1.566667
1.600000 1.633333 1.666667 1.700000 1.733333 1.766667 1.800000 1.833333 1.866667 1.900000 1.933333 1.966667 2.000000 2.033333 2.066667 2.100000
2.133333 2.166667 2.200000 2.233333 2.266667 2.300000 2.333333 2.366667 2.400000 2.433333 2.466667 2.500000 2.533333 2.566667 2.600000 2.633333
2.666667 2.700000 2.733333 2.766667 2.800000 2.833333 2.866667 2.900000 2.933333 2.966667 3.000000 3.033333 3.066667 3.100000 3.133333 3.166667
3.200000 3.233333 3.266667 3.300000 3.333333 3.366667 3.400000 3.433333</float_array><technique_common><accessor source="#mixamorig_Spine-Matrix-animation-input-array" count="104"><param name="TIME" type="float"/></accessor></technique_common></source><source id="mixamorig_Spine-Matrix-animation-output-transform"><float_array id="mixamorig_Spine-Matrix-animation-output-transform-array" count="1664">

0.998981 0.029258 -0.034370 -0.000000 -0.033906 0.989066 -0.143524 16.216101 0.029795 0.144543 0.989050 -2.336500 0.000000 0.000000 0.000000 1.000000
0.999003 0.029647 -0.033373 -0.000000 -0.034233 0.988614 -0.146531 16.216101 0.028648 0.147527 0.988643 -2.336500 0.000000 0.000000 0.000000 1.000000
0.999125 0.026239 -0.032554 -0.000000 -0.030810 0.988362 -0.148965 16.216101 0.028267 0.149838 0.988306 -2.336500 0.000000 0.000000 0.000000 1.000000
0.999240 0.021818 -0.032312 0.000000 -0.026483 0.988054 -0.151815 16.216101 0.028614 0.152555 0.987881 -2.336500 0.000000 0.000000 0.000000 1.000000
0.999293 0.019821 -0.031937 -0.000000 -0.024552 0.987564 -0.155286 16.216101 0.028462 0.155961 0.987353 -2.336500 0.000000 0.000000 0.000000 1.000000
0.999344 0.018976 -0.030843 0.000000 -0.023592 0.987325 -0.156951 16.216101 0.027474 0.157575 0.987125 -2.336500 0.000000 0.000000 0.000000 1.000000
0.999491 0.013325 -0.028995 0.000000 -0.017619 0.988029 -0.153261 16.216101 0.026606 0.153694 0.987760 -2.336500 0.000000 0.000000 0.000000 1.000000
0.999674 -0.002628 -0.025395 0.000000 -0.001047 0.989633 -0.143616 16.216101 0.025509 0.143595 0.989308 -2.336500 0.000000 0.000000 0.000000 1.000000
0.999488 -0.025075 -0.019852 0.000000 0.022284 0.991249 -0.130112 16.216101 0.022941 0.129603 0.991301 -2.336500 0.000000 0.000000 0.000000 1.000000
0.998947 -0.043002 -0.015965 0.000000 0.040955 0.992894 -0.111735 16.216101 0.020657 0.110964 0.993610 -2.336500 0.000000 0.000000 0.000000 1.000000
0.998662 -0.049120 -0.016178 0.000000 0.047569 0.995216 -0.085331 16.216101 0.020292 0.084447 0.996221 -2.336500 0.000000 0.000000 0.000000 1.000000
0.998948 -0.044326 -0.011745 -0.000000 0.043606 0.997495 -0.055700 16.216101 0.014184 0.055129 0.998378 -2.336500 0.000000 0.000000 0.000000 1.000000
0.999581 -0.027716 0.008293 0.000000 0.028020 0.998839 -0.039174 16.216101 -0.007198 0.039390 0.999198 -2.336500 0.000000 0.000000 0.000000 1.000000
0.999468 -0.001769 0.032571 -0.000000 0.003401 0.998737 -0.050121 16.216101 -0.032441 0.050205 0.998212 -2.336500 0.000000 0.000000 0.000000 1.000000
0.999321 0.019482 0.031270 0.000000 -0.016969 0.996754 -0.078701 16.216101 -0.032702 0.078117 0.996408 -2.336500 0.000000 0.000000 0.000000 1.000000
0.999422 0.033485 -0.005810 0.000000 -0.033898 0.994422 -0.099874 16.216101 0.002433 0.100013 0.994983 -2.336500 0.000000 0.000000 0.000000 1.000000
0.997328 0.044972 -0.057577 -0.000000 -0.050883 0.993095 -0.105704 16.216101 0.052425 0.108351 0.992729 -2.336500 0.000000 0.000000 0.000000 1.000000
0.994047 0.053737 -0.094775 -0.000000 -0.063096 0.993115 -0.098697 16.216101 0.088818 0.104090 0.990594 -2.336500 0.000000 0.000000 0.000000 1.000000
0.992763 0.060063 -0.103988 0.000000 -0.068230 0.994705 -0.076849 16.216101 0.098822 0.083388 0.991605 -2.336500 0.000000 0.000000 0.000000 1.000000
0.993868 0.055044 -0.095904 -0.000000 -0.059488 0.997254 -0.044109 16.216101 0.093212 0.049543 0.994413 -2.336500 0.000000 0.000000 0.000000 1.000000
0.995524 0.036485 -0.087187 0.000000 -0.038046 0.999143 -0.016310 16.216101 0.086517 0.019554 0.996058 -2.336500 0.000000 0.000000 0.000000 1.000000
0.996449 0.014272 -0.082978 0.000000 -0.015265 0.999819 -0.011346 16.216101 0.082801 0.012572 0.996487 -2.336500 0.000000 0.000000 0.000000 1.000000
0.996721 -0.001371 -0.080904 0.000000 -0.001362 0.999431 -0.033707 16.216101 0.080904 0.033707 0.996152 -2.336500 0.000000 0.000000 0.000000 1.000000
0.996580 -0.006748 -0.082354 0.000000 0.000623 0.997245 -0.074176 16.216101 0.082627 0.073872 0.993839 -2.336500 0.000000 0.000000 0.000000 1.000000
0.995883 -0.004434 -0.090541 0.000000 -0.006494 0.992747 -0.120048 16.216101 0.090416 0.120141 0.988631 -2.336500 0.000000 0.000000 0.000000 1.000000
0.995037 0.000747 -0.099501 0.000000 -0.016947 0.986635 -0.162062 16.216101 0.098050 0.162944 0.981751 -2.336500 0.000000 0.000000 0.000000 1.000000
0.995341 0.006472 -0.096204 0.000000 -0.025199 0.980529 -0.194751 16.216101 0.093070 0.196268 0.976123 -2.336500 0.000000 0.000000 0.000000 1.000000
0.996863 0.013470 -0.077998 0.000000 -0.030006 0.976174 -0.214905 16.216101 0.073244 0.216571 0.973515 -2.336500 0.000000 0.000000 0.000000 1.000000
0.997990 0.022161 -0.059374 0.000000 -0.034775 0.974719 -0.220713 16.216101 0.052982 0.222334 0.973530 -2.336500 0.000000 0.000000 0.000000 1.000000
0.997961 0.031741 -0.055369 0.000000 -0.042993 0.975519 -0.215671 16.216101 0.047168 0.217611 0.974895 -2.336500 0.000000 0.000000 0.000000 1.000000
0.997085 0.042068 -0.063652 0.000000 -0.054381 0.977010 -0.206143 16.216101 0.053516 0.209003 0.976449 -2.336500 0.000000 0.000000 0.000000 1.000000
0.996323 0.049412 -0.069994 0.000000 -0.062307 0.978609 -0.196067 16.216101 0.058809 0.199707 0.978089 -2.336500 0.000000 0.000000 0.000000 1.000000
0.996508 0.050866 -0.066217 0.000000 -0.062312 0.980904 -0.184241 16.216101 0.055581 0.187724 0.980648 -2.336500 0.000000 0.000000 0.000000 1.000000
0.997175 0.048095 -0.057699 -0.000000 -0.057011 0.984737 -0.164448 16.216101 0.048910 0.167273 0.984697 -2.336500 0.000000 0.000000 0.000000 1.000000
0.997569 0.043887 -0.054138 0.000000 -0.050524 0.990481 -0.128041 16.216101 0.048004 0.130465 0.990290 -2.336500 0.000000 0.000000 0.000000 1.000000
0.997517 0.040498 -0.057617 0.000000 -0.044567 0.996467 -0.071188 16.216101 0.054530 0.073579 0.995797 -2.336500 0.000000 0.000000 0.000000 1.000000
0.997315 0.039647 -0.061574 0.000000 -0.040077 0.999180 -0.005759 16.216101 0.061295 0.008211 0.998086 -2.336500 0.000000 0.000000 0.000000 1.000000
0.997490 0.040091 -0.058365 0.000000 -0.037743 0.998454 0.040803 16.216101 0.059910 -0.038498 0.997461 -2.336500 0.000000 0.000000 0.000000 1.000000
0.998283 0.034259 -0.047513 0.000000 -0.032183 0.998522 0.043788 16.216101 0.048943 -0.042184 0.997910 -2.336500 0.000000 0.000000 0.000000 1.000000
0.999406 0.015160 -0.030937 0.000000 -0.015152 0.999885 0.000515 16.216101 0.030941 -0.000046 0.999521 -2.336500 0.000000 0.000000 0.000000 1.000000
0.999897 -0.011432 -0.008667 0.000000 0.010686 0.996601 -0.081679 16.216101 0.009572 0.081578 0.996621 -2.336500 0.000000 0.000000 0.000000 1.000000
0.999503 -0.028776 0.012839 -0.000000 0.030709 0.980851 -0.192324 16.216101 -0.007059 0.192623 0.981247 -2.336500 0.000000 0.000000 0.000000 1.000000
0.999411 -0.027472 0.020586 -0.000000 0.032435 0.952077 -0.304133 16.216101 -0.011244 0.304622 0.952407 -2.336500 0.000000 0.000000 0.000000 1.000000
0.999885 -0.012457 0.008687 0.000000 0.014829 0.924295 -0.381390 16.216101 -0.003278 0.381475 0.924373 -2.336500 0.000000 0.000000 0.000000 1.000000
0.999868 0.000633 -0.016247 0.000000 -0.007254 0.911661 -0.410878 16.216101 0.014552 0.410942 0.911546 -2.336500 0.000000 0.000000 0.000000 1.000000
0.999164 0.004525 -0.040628 -0.000000 -0.020332 0.917217 -0.397870 16.216101 0.035464 0.398363 0.916542 -2.336500 0.000000 0.000000 0.000000 1.000000
0.998545 0.007036 -0.053471 -0.000000 -0.025948 0.931840 -0.361940 16.216101 0.047280 0.362801 0.930666 -2.336500 0.000000 0.000000 0.000000 1.000000
0.998501 0.011811 -0.053448 0.000000 -0.029186 0.940942 -0.337307 16.216101 0.046307 0.338362 0.939876 -2.336500 0.000000 0.000000 0.000000 1.000000
0.998731 0.013389 -0.048542 0.000000 -0.028739 0.943140 -0.331151 16.216101 0.041348 0.332126 0.942328 -2.336500 0.000000 0.000000 0.000000 1.000000
0.998912 0.009898 -0.045567 0.000000 -0.023996 0.946994 -0.320354 16.216101 0.039981 0.321099 0.946201 -2.336500 0.000000 0.000000 0.000000 1.000000
0.999008 0.003881 -0.044365 -0.000000 -0.016929 0.954506 -0.297712 16.216101 0.041191 0.298168 0.953624 -2.336500 0.000000 0.000000 0.000000 1.000000
0.999065 -0.001000 -0.043226 0.000000 -0.011130 0.960091 -0.279466 16.216101 0.041781 0.279686 0.959182 -2.336500 0.000000 0.000000 0.000000 1.000000
0.999095 -0.001362 -0.042517 0.000000 -0.010231 0.962455 -0.271250 16.216101 0.041290 0.271439 0.961570 -2.336500 0.000000 0.000000 0.000000 1.000000
0.999095 0.001032 -0.042514 -0.000000 -0.012246 0.964343 -0.264373 16.216101 0.040726 0.264654 0.963483 -2.336500 0.000000 0.000000 0.000000 1.000000
0.999102 0.001977 -0.042316 0.000000 -0.012732 0.966738 -0.255452 16.216101 0.040404 0.255761 0.965895 -2.336500 0.000000 0.000000 0.000000 1.000000
0.999135 0.000733 -0.041588 0.000000 -0.011075 0.968443 -0.248989 16.216101 0.040093 0.249234 0.967613 -2.336500 0.000000 0.000000 0.000000 1.000000
0.999167 -0.000981 -0.040787 0.000000 -0.009169 0.968740 -0.247907 16.216101 0.039755 0.248075 0.967925 -2.336500 0.000000 0.000000 0.000000 1.000000
0.999190 -0.002254 -0.040174 0.000000 -0.007881 0.968134 -0.250308 16.216101 0.039458 0.250421 0.967333 -2.336500 0.000000 0.000000 0.000000 1.000000
0.999198 -0.002850 -0.039941 -0.000000 -0.007354 0.967435 -0.253011 16.216101 0.039361 0.253102 0.966639 -2.336500 0.000000 0.000000 0.000000 1.000000
0.999172 -0.002631 -0.040607 0.000000 -0.007785 0.967117 -0.254214 16.216101 0.039940 0.254319 0.966295 -2.336500 0.000000 0.000000 0.000000 1.000000
0.999097 -0.001914 -0.042442 0.000000 -0.008930 0.967205 -0.253841 16.216101 0.041536 0.253991 0.966314 -2.336500 0.000000 0.000000 0.000000 1.000000
0.998999 -0.001638 -0.044708 0.000000 -0.009768 0.967233 -0.253701 16.216101 0.043659 0.253884 0.966249 -2.336500 0.000000 0.000000 0.000000 1.000000
0.998964 -0.003215 -0.045396 -0.000000 -0.008578 0.966322 -0.257191 16.216101 0.044694 0.257314 0.965294 -2.336500 0.000000 0.000000 0.000000 1.000000
0.999119 -0.004971 -0.041661 0.000000 -0.006377 0.963429 -0.267886 16.216101 0.041469 0.267916 0.962549 -2.336500 0.000000 0.000000 0.000000 1.000000
0.999493 -0.001450 -0.031809 0.000000 -0.007760 0.957752 -0.287491 16.216101 0.030882 0.287592 0.957255 -2.336500 0.000000 0.000000 0.000000 1.000000
0.999816 0.010011 -0.016342 0.000000 -0.014631 0.949492 -0.313449 16.216101 0.012379 0.313631 0.949464 -2.336500 0.000000 0.000000 0.000000 1.000000
0.999653 0.025962 0.004377 0.000000 -0.022931 0.940221 -0.339793 16.216101 -0.012937 0.339575 0.940490 -2.336500 0.000000 0.000000 0.000000 1.000000
0.998922 0.035022 0.030465 0.000000 -0.021768 0.933117 -0.358914 16.216101 -0.040997 0.357864 0.932873 -2.336500 0.000000 0.000000 0.000000 1.000000
0.997829 0.029959 0.058655 0.000000 -0.006588 0.931490 -0.363707 16.216101 -0.065533 0.362531 0.929665 -2.336500 0.000000 0.000000 0.000000 1.000000
0.996643 0.014212 0.080627 0.000000 0.015119 0.935931 -0.351858 16.216101 -0.080462 0.351895 0.932575 -2.336500 0.000000 0.000000 0.000000 1.000000
0.995998 -0.004842 0.089246 0.000000 0.034280 0.942860 -0.331422 16.216101 -0.082542 0.333155 0.939252 -2.336500 0.000000 0.000000 0.000000 1.000000
0.996049 -0.021095 0.086268 0.000000 0.047449 0.947522 -0.316150 16.216101 -0.075071 0.318994 0.944779 -2.336500 0.000000 0.000000 0.000000 1.000000
0.996272 -0.032541 0.079890 0.000000 0.056338 0.946778 -0.316919 16.216101 -0.065325 0.320238 0.945082 -2.336500 0.000000 0.000000 0.000000 1.000000
0.996651 -0.034737 0.074024 -0.000000 0.057556 0.941057 -0.333316 16.216101 -0.058082 0.336461 0.939905 -2.336500 0.000000 0.000000 0.000000 1.000000
0.997682 -0.026338 0.062739 -0.000000 0.046753 0.935268 -0.350839 16.216101 -0.049438 0.352959 0.934332 -2.336500 0.000000 0.000000 0.000000 1.000000
0.998945 -0.015786 0.043130 0.000000 0.030062 0.934692 -0.354184 16.216101 -0.034722 0.355107 0.934181 -2.336500 0.000000 0.000000 0.000000 1.000000
0.999673 -0.009605 0.023699 -0.000000 0.017117 0.939881 -0.341073 16.216101 -0.018998 0.341367 0.939738 -2.336500 0.000000 0.000000 0.000000 1.000000
0.999850 -0.006766 0.015952 0.000000 0.011512 0.947449 -0.319701 16.216101 -0.012951 0.319836 0.947384 -2.336500 0.000000 0.000000 0.000000 1.000000
0.999734 -0.005199 0.022490 -0.000000 0.011642 0.954882 -0.296758 16.216101 -0.019933 0.296941 0.954688 -2.336500 0.000000 0.000000 0.000000 1.000000
0.999331 -0.003415 0.036421 0.000000 0.013281 0.961561 -0.274269 16.216101 -0.034085 0.274569 0.960963 -2.336500 0.000000 0.000000 0.000000 1.000000
0.998709 -0.001967 0.050750 -0.000000 0.014786 0.967225 -0.253490 16.216101 -0.048588 0.253913 0.966006 -2.336500 0.000000 0.000000 0.000000 1.000000
0.998081 -0.000418 0.061915 -0.000000 0.015036 0.971681 -0.235817 16.216101 -0.060063 0.236296 0.969823 -2.336500 0.000000 0.000000 0.000000 1.000000
0.997645 0.003481 0.068506 -0.000000 0.011821 0.975046 -0.221690 16.216101 -0.067568 0.221977 0.972708 -2.336500 0.000000 0.000000 0.000000 1.000000
0.997462 0.011087 0.070330 0.000000 0.003973 0.977594 -0.210461 16.216101 -0.071087 0.210207 0.975069 -2.336500 0.000000 0.000000 0.000000 1.000000
0.997456 0.021412 0.067991 0.000000 -0.007367 0.979676 -0.200451 16.216101 -0.070901 0.199440 0.977342 -2.336500 0.000000 0.000000 0.000000 1.000000
0.997533 0.032634 0.062152 0.000000 -0.020372 0.981848 -0.188571 16.216101 -0.067177 0.186840 0.980091 -2.336500 0.000000 0.000000 0.000000 1.000000
0.997667 0.043289 0.052785 0.000000 -0.033448 0.984032 -0.174820 16.216101 -0.059510 0.172647 0.983184 -2.336500 0.000000 0.000000 0.000000 1.000000
0.997902 0.051084 0.039780 0.000000 -0.043929 0.985546 -0.163615 16.216101 -0.047563 0.161524 0.985722 -2.336500 0.000000 0.000000 0.000000 1.000000
0.998240 0.054011 0.024508 0.000000 -0.049450 0.986050 -0.158932 16.216101 -0.032750 0.157440 0.986985 -2.336500 0.000000 0.000000 0.000000 1.000000
0.998599 0.052057 0.009485 0.000000 -0.049861 0.985754 -0.160635 16.216101 -0.017712 0.159937 0.986968 -2.336500 0.000000 0.000000 0.000000 1.000000
0.998848 0.047898 -0.003074 0.000000 -0.047748 0.985123 -0.165085 16.216101 -0.004879 0.165041 0.986275 -2.336500 0.000000 0.000000 0.000000 1.000000
0.998944 0.044257 -0.012336 -0.000000 -0.045705 0.984622 -0.168612 16.216101 0.004684 0.168998 0.985605 -2.336500 0.000000 0.000000 0.000000 1.000000
0.998917 0.042581 -0.018779 -0.000000 -0.045142 0.984652 -0.168592 16.216101 0.011312 0.169257 0.985507 -2.336500 0.000000 0.000000 0.000000 1.000000
0.998851 0.041760 -0.023511 -0.000000 -0.045063 0.985394 -0.164221 16.216101 0.016309 0.165092 0.986143 -2.336500 0.000000 0.000000 0.000000 1.000000
0.998837 0.039365 -0.027847 -0.000000 -0.043287 0.986459 -0.158191 16.216101 0.021243 0.159213 0.987016 -2.336500 0.000000 0.000000 0.000000 1.000000
0.998860 0.035594 -0.031794 -0.000000 -0.040081 0.987263 -0.153968 16.216101 0.025908 0.155067 0.987564 -2.336500 0.000000 0.000000 0.000000 1.000000
0.998888 0.033056 -0.033631 -0.000000 -0.037796 0.987688 -0.151801 16.216101 0.028199 0.152903 0.987839 -2.336500 0.000000 0.000000 0.000000 1.000000
0.998933 0.032652 -0.032674 -0.000000 -0.037199 0.987995 -0.149940 16.216101 0.027386 0.150996 0.988155 -2.336500 0.000000 0.000000 0.000000 1.000000
0.999002 0.032497 -0.030645 0.000000 -0.036682 0.988347 -0.147732 16.216101 0.025487 0.148709 0.988552 -2.336500 0.000000 0.000000 0.000000 1.000000
0.999076 0.031184 -0.029591 0.000000 -0.035182 0.988662 -0.145975 16.216101 0.024704 0.146881 0.988846 -2.336500 0.000000 0.000000 0.000000 1.000000
0.999113 0.029451 -0.030111 -0.000000 -0.033528 0.988810 -0.145367 16.216101 0.025493 0.146248 0.988919 -2.336500 0.000000 0.000000 0.000000 1.000000
0.999088 0.028609 -0.031689 -0.000000 -0.032926 0.988827 -0.145387 16.216101 0.027176 0.146298 0.988867 -2.336500 0.000000 0.000000 0.000000 1.000000
0.999026 0.028825 -0.033421 0.000000 -0.033379 0.988885 -0.144885 16.216101 0.028874 0.145860 0.988884 -2.336500 0.000000 0.000000 0.000000 1.000000
0.998981 0.029259 -0.034371 -0.000000 -0.033906 0.989066 -0.143524 16.216101 0.029795 0.144543 0.989050 -2.336500 0.000000 0.000000 0.000000 1.000000</float_array><technique_common><accessor source="#mixamorig_Spine-Matrix-animation-output-transform-array" count="104" stride="16"><param type="float4x4"/></accessor></technique_common></source><source id="mixamorig_Spine-Interpolations"><Name_array id="mixamorig_Spine-Interpolations-array" count="104">
 LINEAR LINEAR LINEAR LINEAR LINEAR LINEAR LINEAR LINEAR LINEAR LINEAR LINEAR
LINEAR LINEAR LINEAR LINEAR LINEAR LINEAR LINEAR LINEAR LINEAR LINEAR LINEAR LINEAR
LINEAR LINEAR LINEAR LINEAR LINEAR LINEAR LINEAR LINEAR LINEAR LINEAR LINEAR LINEAR
LINEAR LINEAR LINEAR LINEAR LINEAR LINEAR LINEAR LINEAR LINEAR LINEAR LINEAR LINEAR
LINEAR LINEAR LINEAR LINEAR LINEAR LINEAR LINEAR LINEAR LINEAR LINEAR LINEAR LINEAR
LINEAR LINEAR LINEAR LINEAR LINEAR LINEAR LINEAR LINEAR LINEAR LINEAR LINEAR LINEAR
LINEAR LINEAR LINEAR LINEAR LINEAR LINEAR LINEAR LINEAR LINEAR LINEAR LINEAR LINEAR
LINEAR LINEAR LINEAR LINEAR LINEAR LINEAR LINEAR LINEAR LINEAR LINEAR LINEAR LINEAR
LINEAR LINEAR LINEAR LINEAR LINEAR LINEAR LINEAR LINEAR LINEAR</Name_array><technique_common><accessor source="#mixamorig_Spine-Interpolations-array" count="104"><param type="name"/></accessor></technique_common></source><sampler id="mixamorig_Spine-Matrix-animation-transform"><input semantic="INPUT" source="#mixamorig_Spine-Matrix-animation-input"/><input semantic="OUTPUT" source="#mixamorig_Spine-Matrix-animation-output-transform"/><input semantic="INTERPOLATION" source="#mixamorig_Spine-Interpolations"/></sampler><channel source="#mixamorig_Spine-Matrix-animation-transform" target="mixamorig_Spine/matrix"/></animation>
    <animation id="mixamorig_Spine1-anim" name="mixamorig_Spine1"><source id="mixamorig_Spine1-Matrix-animation-input"><float_array id="mixamorig_Spine1-Matrix-animation-input-array" count="104">

0.000000 0.033333 0.066667 0.100000 0.133333 0.166667 0.200000 0.233333 0.266667 0.300000 0.333333 0.366667 0.400000 0.433333 0.466667 0.500000
0.533333 0.566667 0.600000 0.633333 0.666667 0.700000 0.733333 0.766667 0.800000 0.833333 0.866667 0.900000 0.933333 0.966667 1.000000 1.033333
1.066667 1.100000 1.133333 1.166667 1.200000 1.233333 1.266667 1.300000 1.333333 1.366667 1.400000 1.433333 1.466667 1.500000 1.533333 1.566667
1.600000 1.633333 1.666667 1.700000 1.733333 1.766667 1.800000 1.833333 1.866667 1.900000 1.933333 1.966667 2.000000 2.033333 2.066667 2.100000
2.133333 2.166667 2.200000 2.233333 2.266667 2.300000 2.333333 2.366667 2.400000 2.433333 2.466667 2.500000 2.533333 2.566667 2.600000 2.633333
2.666667 2.700000 2.733333 2.766667 2.800000 2.833333 2.866667 2.900000 2.933333 2.966667 3.000000 3.033333 3.066667 3.100000 3.133333 3.166667
3.200000 3.233333 3.266667 3.300000 3.333333 3.366667 3.400000 3.433333</float_array><technique_common><accessor source="#mixamorig_Spine1-Matrix-animation-input-array" count="104"><param name="TIME" type="float"/></accessor></technique_common></source><source id="mixamorig_Spine1-Matrix-animation-output-transform"><float_array id="mixamorig_Spine1-Matrix-animation-output-transform-array" count="1664">

0.999973 0.004807 -0.005556 0.000000 -0.005083 0.998693 -0.050859 9.477100 0.005304 0.050886 0.998690 -1.486900 0.000000 0.000000 0.000000 1.000000
0.999974 0.004752 -0.005398 0.000000 -0.005023 0.998665 -0.051410 9.477100 0.005146 0.051436 0.998663 -1.486900 0.000000 0.000000 0.000000 1.000000
0.999978 0.003901 -0.005310 0.000000 -0.004171 0.998647 -0.051836 9.477100 0.005100 0.051857 0.998641 -1.486900 0.000000 0.000000 0.000000 1.000000
0.999982 0.002829 -0.005323 0.000000 -0.003104 0.998624 -0.052349 9.477100 0.005167 0.052365 0.998615 -1.486900 0.000000 0.000000 0.000000 1.000000
0.999983 0.002345 -0.005287 0.000000 -0.002622 0.998590 -0.053028 9.477100 0.005155 0.053041 0.998579 -1.486900 0.000000 0.000000 0.000000 1.000000
