<?xml version="1.0" encoding="utf-8"?>
<COLLADA xmlns="http://www.collada.org/2005/11/COLLADASchema" version="1.4.1">
  <asset><contributor><author>Mixamo</author><authoring_tool>COLLADA Mixamo exporter</authoring_tool><comments></comments></contributor><created>2020-05-01T09:35:00Z</created><modified>2020-05-01T09:35:00Z</modified><revision></revision><title></title><unit meter="0.010000"/><up_axis>Y_UP</up_axis></asset>
  <library_animations>
    <animation id="mixamorig_Hips-anim" name="mixamorig_Hips"><source id="mixamorig_Hips-Matrix-animation-input"><float_array id="mixamorig_Hips-Matrix-animation-input-array" count="99">

0.000000 0.033333 0.066667 0.100000 0.133333 0.166667 0.200000 0.233333 0.266667 0.300000 0.333333 0.366667 0.400000 0.433333 0.466667 0.500000
0.533333 0.566667 0.600000 0.633333 0.666667 0.700000 0.733333 0.766667 0.800000 0.833333 0.866667 0.900000 0.933333 0.966667 1.000000 1.033333
1.066667 1.100000 1.133333 1.166667 1.200000 1.233333 1.266667 1.300000 1.333333 1.366667 1.400000 1.433333 1.466667 1.500000 1.533333 1.566667
1.600000 1.633333 1.666667 1.700000 1.733333 1.766667 1.800000 1.833333 1.866667 1.900000 1.933333 1.966667 2.000000 2.033333 2.066667 2.100000
2.133333 2.166667 2.200000 2.233333 2.266667 2.300000 2.333333 2.366667 2.400000 2.433333 2.466667 2.500000 2.533333 2.566667 2.600000 2.633333
2.666667 2.700000 2.733333 2.766667 2.800000 2.833333 2.866667 2.900000 2.933333 2.966667 3.000000 3.033333 3.066667 3.100000 3.133333 3.166667
3.200000 3.233333 3.266667</float_array><technique_common><accessor source="#mixamorig_Hips-Matrix-animation-input-array" count="99"><param name="TIME" type="float"/></accessor></technique_common></source><source id="mixamorig_Hips-Matrix-animation-output-transform"><float_array id="mixamorig_Hips-Matrix-animation-output-transform-array" count="1584">

0.522267 -0.054664 -0.851028 0.736158 0.059766 0.997836 -0.027417 50.134079 0.850685 -0.036543 0.524403 -0.198998 0.000000 0.000000 0.000000 1.000000
0.524346 -0.043538 -0.850391 0.644423 0.057009 0.998246 -0.015956 49.940552 0.849595 -0.040113 0.525908 -0.042059 0.000000 0.000000 0.000000 1.000000
0.529788 -0.027587 -0.847681 0.370301 0.052284 0.998632 0.000177 49.587227 0.846517 -0.044414 0.530506 0.350814 0.000000 0.000000 0.000000 1.000000
0.538198 -0.010105 -0.842758 -0.018998 0.045609 0.998812 0.017150 49.373058 0.841583 -0.047667 0.538020 0.796544 0.000000 0.000000 0.000000 1.000000
0.551215 0.006485 -0.834338 -0.541808 0.035778 0.998866 0.031401 49.648048 0.833596 -0.047160 0.550358 1.133737 0.000000 0.000000 0.000000 1.000000
0.572667 0.024851 -0.819411 -1.228599 0.024600 0.998569 0.047477 50.358006 0.819419 -0.047346 0.571236 1.442546 0.000000 0.000000 0.000000 1.000000
0.597984 0.040974 -0.800460 -1.990858 0.013963 0.998008 0.061518 51.313938 0.801386 -0.047964 0.596221 1.748441 0.000000 0.000000 0.000000 1.000000
0.622510 0.054158 -0.780736 -2.807053 0.003060 0.997427 0.071629 52.426483 0.782606 -0.046979 0.620742 2.017327 0.000000 0.000000 0.000000 1.000000
0.643371 0.065942 -0.762709 -3.638548 -0.009863 0.996915 0.077871 53.636490 0.765491 -0.042577 0.642037 2.273936 0.000000 0.000000 0.000000 1.000000
0.666823 0.074570 -0.741476 -4.462422 -0.020473 0.996438 0.081800 54.653912 0.744935 -0.039366 0.665975 2.490806 0.000000 0.000000 0.000000 1.000000
0.696874 0.079245 -0.712802 -5.192910 -0.028338 0.996143 0.083040 55.501671 0.716634 -0.037669 0.696432 2.780371 0.000000 0.000000 0.000000 1.000000
0.731504 0.081802 -0.676912 -5.773023 -0.034678 0.995956 0.082883 56.040562 0.680955 -0.037155 0.731382 3.056837 0.000000 0.000000 0.000000 1.000000
0.766590 0.082683 -0.636791 -6.200963 -0.035801 0.995636 0.086177 56.059338 0.641138 -0.043265 0.766205 3.219036 0.000000 0.000000 0.000000 1.000000
0.800718 0.068143 -0.595153 -6.483134 -0.024724 0.996422 0.080823 55.625027 0.598531 -0.050002 0.799537 3.278962 0.000000 0.000000 0.000000 1.000000
0.834587 0.061329 -0.547452 -6.591763 -0.013850 0.995805 0.090443 54.849808 0.550702 -0.067900 0.831935 3.337993 0.000000 0.000000 0.000000 1.000000
0.866329 0.060116 -0.495842 -6.673814 -0.013540 0.995192 0.096999 53.733437 0.499290 -0.077319 0.862978 3.317165 0.000000 0.000000 0.000000 1.000000
0.897871 0.060629 -0.436064 -6.820784 -0.014202 0.993946 0.108952 52.290726 0.440030 -0.091631 0.893296 3.134574 0.000000 0.000000 0.000000 1.000000
0.928395 0.055561 -0.367418 -6.998032 -0.012634 0.992906 0.118225 50.715736 0.371380 -0.105117 0.922511 2.864676 0.000000 0.000000 0.000000 1.000000
0.953153 0.048160 -0.298631 -7.117799 -0.010097 0.991760 0.127712 49.162537 0.302321 -0.118713 0.945785 2.604989 0.000000 0.000000 0.000000 1.000000
0.966715 0.043251 -0.252174 -7.147748 -0.006989 0.989705 0.142952 47.615463 0.255761 -0.136431 0.957065 2.370634 0.000000 0.000000 0.000000 1.000000
0.970320 0.040566 -0.238400 -7.136446 -0.000045 0.985860 0.167569 46.086754 0.241826 -0.162585 0.956601 2.111787 0.000000 0.000000 0.000000 1.000000
0.968498 0.037515 -0.246177 -7.083563 0.007570 0.983695 0.179686 44.780964 0.248904 -0.175889 0.952423 1.808064 0.000000 0.000000 0.000000 1.000000
0.968154 0.027328 -0.248859 -7.102265 0.017815 0.983985 0.177361 43.725563 0.249720 -0.176146 0.952162 1.518236 0.000000 0.000000 0.000000 1.000000
0.970479 0.019587 -0.240390 -7.171805 0.024184 0.983771 0.177790 42.784424 0.239971 -0.178355 0.954255 1.218349 0.000000 0.000000 0.000000 1.000000
0.975246 0.019939 -0.220222 -7.276341 0.021502 0.982656 0.184190 42.010300 0.220075 -0.184365 0.957902 0.950296 0.000000 0.000000 0.000000 1.000000
0.980462 0.023550 -0.195294 -7.393851 0.015780 0.980191 0.197423 41.388641 0.196075 -0.196648 0.960669 0.718973 0.000000 0.000000 0.000000 1.000000
0.983652 0.025977 -0.178195 -7.499479 0.011796 0.978121 0.207702 40.883873 0.179692 -0.206408 0.961825 0.527614 0.000000 0.000000 0.000000 1.000000
0.984313 0.026646 -0.174405 -7.563795 0.012008 0.976118 0.216907 40.442726 0.176019 -0.215599 0.960486 0.342254 0.000000 0.000000 0.000000 1.000000
0.985421 0.026097 -0.168119 -7.600616 0.012500 0.974389 0.224522 39.974552 0.169672 -0.223350 0.959857 0.151983 0.000000 0.000000 0.000000 1.000000
0.987455 0.023560 -0.156132 -7.629864 0.012778 0.973639 0.227737 39.472050 0.157382 -0.226875 0.961124 -0.077470 0.000000 0.000000 0.000000 1.000000
0.989781 0.020109 -0.141169 -7.653836 0.012611 0.973782 0.227134 38.966129 0.142036 -0.226593 0.963577 -0.327191 0.000000 0.000000 0.000000 1.000000
0.991490 0.015967 -0.129197 -7.651845 0.013603 0.974309 0.224803 38.452705 0.129467 -0.224648 0.965801 -0.581170 0.000000 0.000000 0.000000 1.000000
0.992686 0.012838 -0.120043 -7.627046 0.014653 0.974167 0.225355 37.969894 0.119834 -0.225465 0.966853 -0.825512 0.000000 0.000000 0.000000 1.000000
0.993805 0.009697 -0.110712 -7.592459 0.015625 0.974100 0.225578 37.445992 0.110032 -0.225910 0.967914 -1.035062 0.000000 0.000000 0.000000 1.000000
0.994624 0.007195 -0.103304 -7.529397 0.016462 0.973913 0.226322 36.940689 0.102238 -0.226806 0.968559 -1.212088 0.000000 0.000000 0.000000 1.000000
0.995339 0.004820 -0.096316 -7.461477 0.017032 0.974265 0.224761 36.449596 0.094921 -0.225354 0.969642 -1.381816 0.000000 0.000000 0.000000 1.000000
0.995846 0.001999 -0.091035 -7.390604 0.018309 0.974945 0.221690 35.976711 0.089197 -0.222436 0.970859 -1.548071 0.000000 0.000000 0.000000 1.000000
0.996369 0.001140 -0.085133 -7.313750 0.017712 0.975257 0.220362 35.531197 0.083278 -0.221069 0.971696 -1.697543 0.000000 0.000000 0.000000 1.000000
0.997083 -0.000063 -0.076319 -7.262669 0.016843 0.975523 0.219250 35.106430 0.074437 -0.219896 0.972679 -1.824811 0.000000 0.000000 0.000000 1.000000
0.997462 -0.001336 -0.071181 -7.200082 0.016777 0.976079 0.216767 34.699951 0.069189 -0.217411 0.973625 -1.957618 0.000000 0.000000 0.000000 1.000000
0.997764 -0.002483 -0.066786 -7.139566 0.016650 0.977036 0.212422 34.319424 0.064725 -0.213059 0.974893 -2.094324 0.000000 0.000000 0.000000 1.000000
0.998149 -0.003193 -0.060736 -7.091810 0.015660 0.978445 0.205913 33.995819 0.058770 -0.206482 0.976684 -2.240500 0.000000 0.000000 0.000000 1.000000
0.998389 -0.003394 -0.056636 -7.044403 0.014575 0.980052 0.198208 33.748466 0.054833 -0.198714 0.978522 -2.384018 0.000000 0.000000 0.000000 1.000000
0.998501 -0.002865 -0.054664 -7.006791 0.013277 0.981487 0.191067 33.606941 0.053105 -0.191507 0.980054 -2.537665 0.000000 0.000000 0.000000 1.000000
0.998558 -0.002080 -0.053635 -6.967061 0.011877 0.983042 0.182994 33.622902 0.052345 -0.183367 0.981650 -2.748649 0.000000 0.000000 0.000000 1.000000
0.998624 -0.001255 -0.052420 -6.931542 0.009373 0.987885 0.154906 33.981537 0.051591 -0.155184 0.986538 -2.983388 0.000000 0.000000 0.000000 1.000000
0.998950 0.001658 -0.045782 -6.969118 0.004508 0.990938 0.134244 34.830551 0.045590 -0.134309 0.989890 -3.164691 0.000000 0.000000 0.000000 1.000000
0.999509 0.006233 -0.030719 -7.143806 -0.002312 0.992021 0.126055 36.118546 0.031260 -0.125922 0.991548 -3.296412 0.000000 0.000000 0.000000 1.000000
0.999974 0.006977 -0.001538 -7.403269 -0.006767 0.993988 0.109282 37.859531 0.002291 -0.109269 0.994010 -3.330853 0.000000 0.000000 0.000000 1.000000
0.999070 0.001393 0.043105 -7.737779 -0.004284 0.997741 0.067045 40.060787 -0.042914 -0.067167 0.996818 -3.251594 0.000000 0.000000 0.000000 1.000000
0.995068 -0.006331 0.098997 -8.098259 0.006476 0.999978 -0.001139 42.796326 -0.098987 0.001774 0.995087 -3.047904 0.000000 0.000000 0.000000 1.000000
0.987333 -0.015289 0.157925 -8.516937 0.029473 0.995696 -0.087867 47.540497 -0.155901 0.091409 0.983534 -2.402649 0.000000 0.000000 0.000000 1.000000
0.982860 -0.016254 0.183637 -8.787377 0.042090 0.989581 -0.137685 52.331711 -0.179486 0.143054 0.973304 -1.008909 0.000000 0.000000 0.000000 1.000000
0.988228 0.002352 0.152972 -8.687569 0.020665 0.988667 -0.148698 54.975334 -0.151588 0.150109 0.976979 0.391133 0.000000 0.000000 0.000000 1.000000
0.996070 0.047468 0.074776 -8.132888 -0.036118 0.988562 -0.146428 56.092678 -0.080871 0.143152 0.986391 1.555690 0.000000 0.000000 0.000000 1.000000
0.996941 0.076939 0.013782 -7.578218 -0.074732 0.989911 -0.120378 56.388306 -0.022904 0.118980 0.992632 2.515180 0.000000 0.000000 0.000000 1.000000
0.996027 0.089047 -0.000508 -7.229073 -0.088668 0.991238 -0.097907 56.166538 -0.008215 0.097563 0.995195 3.363319 0.000000 0.000000 0.000000 1.000000
0.995767 0.086983 0.029688 -6.995513 -0.084885 0.994213 -0.065842 55.438416 -0.035244 0.063043 0.997388 3.920919 0.000000 0.000000 0.000000 1.000000
0.995009 0.074962 0.065858 -6.877217 -0.071898 0.996270 -0.047722 54.922901 -0.069190 0.042749 0.996687 4.151761 0.000000 0.000000 0.000000 1.000000
0.992984 0.060280 0.101726 -6.781749 -0.056703 0.997679 -0.037699 54.551945 -0.103763 0.031666 0.994098 4.319352 0.000000 0.000000 0.000000 1.000000
0.990882 0.051973 0.124307 -6.648972 -0.048192 0.998285 -0.033238 54.457664 -0.125822 0.026945 0.991687 4.415684 0.000000 0.000000 0.000000 1.000000
0.991449 0.051663 0.119836 -6.403312 -0.048107 0.998317 -0.032383 54.559990 -0.121307 0.026341 0.992265 4.405252 0.000000 0.000000 0.000000 1.000000
0.993913 0.053510 0.096304 -6.147139 -0.050486 0.998160 -0.033568 54.774971 -0.097923 0.028502 0.994786 4.345229 0.000000 0.000000 0.000000 1.000000
0.996495 0.054696 0.063299 -5.884095 -0.052702 0.998073 -0.032753 55.040482 -0.064968 0.029302 0.997457 4.234032 0.000000 0.000000 0.000000 1.000000
0.998351 0.050418 0.027432 -5.645763 -0.049780 0.998485 -0.023462 55.276356 -0.028574 0.022058 0.999348 4.096000 0.000000 0.000000 0.000000 1.000000
0.998942 0.045743 -0.004737 -5.465677 -0.045767 0.998939 -0.005103 55.455750 0.004498 0.005314 0.999976 3.931268 0.000000 0.000000 0.000000 1.000000
0.998475 0.044397 -0.032814 -5.317600 -0.044001 0.998951 0.012686 55.602257 0.033343 -0.011223 0.999381 3.724497 0.000000 0.000000 0.000000 1.000000
0.997376 0.044650 -0.056989 -5.182244 -0.043191 0.998713 0.026582 55.735546 0.058103 -0.024051 0.998021 3.498992 0.000000 0.000000 0.000000 1.000000
0.995920 0.046553 -0.077305 -5.080467 -0.043835 0.998372 0.036496 55.864761 0.078878 -0.032958 0.996339 3.274418 0.000000 0.000000 0.000000 1.000000
0.994227 0.049487 -0.095202 -4.979687 -0.045288 0.997925 0.045778 55.999443 0.097270 -0.041203 0.994405 3.053492 0.000000 0.000000 0.000000 1.000000
0.991732 0.055135 -0.115878 -4.892033 -0.048870 0.997221 0.056229 56.140446 0.118656 -0.050101 0.991671 2.811275 0.000000 0.000000 0.000000 1.000000
0.987818 0.064959 -0.141408 -4.781873 -0.056418 0.996380 0.063597 56.240738 0.145027 -0.054844 0.987906 2.566466 0.000000 0.000000 0.000000 1.000000
0.981882 0.072341 -0.175140 -4.630554 -0.061810 0.995978 0.064860 56.328140 0.179127 -0.052859 0.982405 2.321968 0.000000 0.000000 0.000000 1.000000
0.972047 0.071291 -0.223701 -4.411606 -0.058338 0.996244 0.063996 56.439159 0.227423 -0.049157 0.972555 2.125440 0.000000 0.000000 0.000000 1.000000
0.956037 0.071687 -0.284348 -4.110679 -0.056160 0.996470 0.062401 56.489574 0.287818 -0.043689 0.956688 1.958207 0.000000 0.000000 0.000000 1.000000
0.931372 0.071544 -0.356970 -3.778361 -0.054810 0.996881 0.056789 56.437717 0.359920 -0.033326 0.932388 1.813048 0.000000 0.000000 0.000000 1.000000
0.894297 0.064551 -0.442793 -3.365869 -0.048606 0.997698 0.047278 56.343876 0.444826 -0.020758 0.895377 1.669511 0.000000 0.000000 0.000000 1.000000
0.845978 0.054390 -0.530436 -2.917127 -0.039435 0.998442 0.039485 56.134029 0.531757 -0.012486 0.846805 1.560012 0.000000 0.000000 0.000000 1.000000
0.791774 0.044508 -0.609191 -2.480282 -0.029797 0.998969 0.034258 55.921860 0.610087 -0.008972 0.792283 1.469790 0.000000 0.000000 0.000000 1.000000
0.740032 0.037246 -0.671539 -2.109620 -0.022873 0.999282 0.030217 55.712257 0.672182 -0.007001 0.740352 1.371903 0.000000 0.000000 0.000000 1.000000
0.703112 0.037561 -0.710087 -1.786179 -0.022628 0.999280 0.030452 55.366329 0.710719 -0.005343 0.703455 1.238269 0.000000 0.000000 0.000000 1.000000
0.681956 0.037989 -0.730406 -1.481491 -0.022912 0.999270 0.030580 54.827927 0.731034 -0.004119 0.682329 1.125287 0.000000 0.000000 0.000000 1.000000
0.660217 0.029782 -0.750485 -1.198867 -0.013512 0.999523 0.027777 54.093681 0.750954 -0.008198 0.660304 1.013260 0.000000 0.000000 0.000000 1.000000
0.627584 0.014138 -0.778421 -0.883516 0.000458 0.999828 0.018528 53.305656 0.778549 -0.011985 0.627469 0.881422 0.000000 0.000000 0.000000 1.000000
0.591088 0.006700 -0.806579 -0.519315 0.008026 0.999867 0.014188 52.669106 0.806567 -0.014860 0.590956 0.684615 0.000000 0.000000 0.000000 1.000000
0.568933 0.000938 -0.822383 -0.231792 0.013661 0.999851 0.010591 52.014977 0.822270 -0.017260 0.568835 0.475257 0.000000 0.000000 0.000000 1.000000
0.561863 -0.006143 -0.827208 -0.029815 0.017344 0.999840 0.004356 51.520180 0.827049 -0.016794 0.561880 0.230175 0.000000 0.000000 0.000000 1.000000
0.559349 -0.007998 -0.828894 0.129809 0.018547 0.999824 0.002868 51.134060 0.828725 -0.016977 0.559399 0.044020 0.000000 0.000000 0.000000 1.000000
0.553321 -0.013516 -0.832858 0.256473 0.021992 0.999757 -0.001614 50.835281 0.832677 -0.017423 0.553484 -0.086373 0.000000 0.000000 0.000000 1.000000
0.547905 -0.022348 -0.836242 0.358525 0.026988 0.999595 -0.009031 50.661800 0.836105 -0.017621 0.548286 -0.190504 0.000000 0.000000 0.000000 1.000000
0.542866 -0.027616 -0.839365 0.473623 0.031872 0.999417 -0.012269 50.518616 0.839214 -0.020092 0.543430 -0.248089 0.000000 0.000000 0.000000 1.000000
0.537927 -0.036385 -0.842206 0.565810 0.039620 0.999055 -0.017856 50.414726 0.842060 -0.023763 0.538860 -0.275902 0.000000 0.000000 0.000000 1.000000
0.531582 -0.043368 -0.845896 0.637733 0.045866 0.998697 -0.022379 50.340931 0.845764 -0.026901 0.532878 -0.261977 0.000000 0.000000 0.000000 1.000000
0.527027 -0.048513 -0.848463 0.685137 0.051778 0.998348 -0.024920 50.271523 0.848270 -0.030798 0.528668 -0.233975 0.000000 0.000000 0.000000 1.000000
0.523597 -0.052870 -0.850324 0.720662 0.057359 0.997996 -0.026732 50.191929 0.850033 -0.034777 0.525580 -0.209715 0.000000 0.000000 0.000000 1.000000
0.522253 -0.054665 -0.851037 0.735055 0.059769 0.997836 -0.027417 50.156013 0.850694 -0.036547 0.524390 -0.197189 0.000000 0.000000 0.000000 1.000000
0.522252 -0.054660 -0.851038 0.735039 0.059759 0.997836 -0.027416 50.142719 0.850695 -0.036539 0.524388 -0.196827 0.000000 0.000000 0.000000 1.000000
0.522252 -0.054660 -0.851038 0.735039 0.059759 0.997836 -0.027416 50.142719 0.850695 -0.036539 0.524388 -0.196827 0.000000 0.000000 0.000000 1.000000
0.522267 -0.054664 -0.851028 0.736158 0.059766 0.997836 -0.027417 50.134079 0.850685 -0.036543 0.524403 -0.198998 0.000000 0.000000 0.000000 1.000000</float_array><technique_common><accessor source="#mixamorig_Hips-Matrix-animation-output-transform-array" count="99" stride="16"><param type="float4x4"/></accessor></technique_common></source><source id="mixamorig_Hips-Interpolations"><Name_array id="mixamorig_Hips-Interpolations-array" count="99">
 LINEAR LINEAR LINEAR LINEAR LINEAR LINEAR LINEAR LINEAR LINEAR LINEAR LINEAR
LINEAR LINEAR LINEAR LINEAR LINEAR LINEAR LINEAR LINEAR LINEAR LINEAR LINEAR LINEAR
LINEAR LINEAR LINEAR LINEAR LINEAR LINEAR LINEAR LINEAR LINEAR LINEAR LINEAR LINEAR
LINEAR LINEAR LINEAR LINEAR LINEAR LINEAR LINEAR LINEAR LINEAR LINEAR LINEAR LINEAR
LINEAR LINEAR LINEAR LINEAR LINEAR LINEAR LINEAR LINEAR LINEAR LINEAR LINEAR LINEAR
LINEAR LINEAR LINEAR LINEAR LINEAR LINEAR LINEAR LINEAR LINEAR LINEAR LINEAR LINEAR
LINEAR LINEAR LINEAR LINEAR LINEAR LINEAR LINEAR LINEAR LINEAR LINEAR LINEAR LINEAR
LINEAR LINEAR LINEAR LINEAR LINEAR LINEAR LINEAR LINEAR LINEAR LINEAR LINEAR LINEAR
LINEAR LINEAR LINEAR LINEAR</Name_array><technique_common><accessor source="#mixamorig_Hips-Interpolations-array" count="99"><param type="name"/></accessor></technique_common></source><sampler id="mixamorig_Hips-Matrix-animation-transform"><input semantic="INPUT" source="#mixamorig_Hips-Matrix-animation-input"/><input semantic="OUTPUT" source="#mixamorig_Hips-Matrix-animation-output-transform"/><input semantic="INTERPOLATION" source="#mixamorig_Hips-Interpolations"/></sampler><channel source="#mixamorig_Hips-Matrix-animation-transform" target="mixamorig_Hips/matrix"/></animation>
    <animation id="mixamorig_Spine-anim" name="mixamorig_Spine"><source id="mixamorig_Spine-Matrix-animation-input"><float_array id="mixamorig_Spine-Matrix-animation-input-array" count="99">

0.000000 0.033333 0.066667 0.100000 0.133333 0.166667 0.200000 0.233333 0.266667 0.300000 0.333333 0.366667 0.400000 0.433333 0.466667 0.500000
0.533333 0.566667 0.600000 0.633333 0.666667 0.700000 0.733333 0.766667 0.800000 0.833333 0.866667 0.900000 0.933333 0.966667 1.000000 1.033333
1.066667 1.100000 1.133333 1.166667 1.200000 1.233333 1.266667 1.300000 1.333333 1.366667 1.400000 1.433333 1.466667 1.500000 1.533333 1.566667
1.600000 1.633333 1.666667 1.700000 1.733333 1.766667 1.800000 1.833333 1.866667 1.900000 1.933333 1.966667 2.000000 2.033333 2.066667 2.100000
2.133333 2.166667 2.200000 2.233333 2.266667 2.300000 2.333333 2.366667 2.400000 2.433333 2.466667 2.500000 2.533333 2.566667 2.600000 2.633333
2.666667 2.700000 2.733333 2.766667 2.800000 2.833333 2.866667 2.900000 2.933333 2.966667 3.000000 3.033333 3.066667 3.100000 3.133333 3.166667
3.200000 3.233333 3.266667</float_array><technique_common><accessor source="#mixamorig_Spine-Matrix-animation-input-array" count="99"><param name="TIME" type="float"/></accessor></technique_common></source><source id="mixamorig_Spine-Matrix-animation-output-transform"><float_array id="mixamorig_Spine-Matrix-animation-output-transform-array" count="1584">

0.999226 0.038020 0.010113 -0.000000 -0.037307 0.997304 -0.063190 16.216101 -0.012488 0.062764 0.997950 -2.336500 0.000000 0.000000 0.000000 1.000000
0.999284 0.036746 0.009028 -0.000000 -0.036113 0.997402 -0.062333 16.216101 -0.011295 0.061963 0.998015 -2.336500 0.000000 0.000000 0.000000 1.000000
0.999436 0.032940 0.006592 -0.000000 -0.032489 0.997689 -0.059672 16.216101 -0.008542 0.059424 0.998196 -2.336500 0.000000 0.000000 0.000000 1.000000
0.999597 0.028147 0.003631 0.000000 -0.027904 0.998081 -0.055281 16.216101 -0.005180 0.055158 0.998464 -2.336500 0.000000 0.000000 0.000000 1.000000
0.999724 0.023489 0.000743 -0.000000 -0.023426 0.998563 -0.048209 16.216101 -0.001874 0.048178 0.998837 -2.336500 0.000000 0.000000 0.000000 1.000000
0.999825 0.018567 -0.002225 0.000000 -0.018642 0.998999 -0.040661 16.216101 0.001468 0.040695 0.999171 -2.336500 0.000000 0.000000 0.000000 1.000000
0.999887 0.014397 -0.004306 -0.000000 -0.014533 0.999331 -0.033573 16.216101 0.003820 0.033632 0.999427 -2.336500 0.000000 0.000000 0.000000 1.000000
0.999932 0.010845 -0.004381 0.000000 -0.010961 0.999564 -0.027417 16.216101 0.004082 0.027463 0.999614 -2.336500 0.000000 0.000000 0.000000 1.000000
0.999975 0.006583 -0.002495 0.000000 -0.006637 0.999736 -0.021979 16.216101 0.002349 0.021995 0.999755 -2.336500 0.000000 0.000000 0.000000 1.000000
0.999996 0.002865 -0.000691 0.000000 -0.002876 0.999848 -0.017181 16.216101 0.000642 0.017183 0.999852 -2.336500 0.000000 0.000000 0.000000 1.000000
0.999998 -0.001910 0.000019 0.000000 0.001910 0.999917 -0.012704 16.216101 0.000005 0.012704 0.999919 -2.336500 0.000000 0.000000 0.000000 1.000000
0.999980 -0.006274 0.000431 0.000000 0.006279 0.999924 -0.010621 16.216101 -0.000365 0.010624 0.999944 -2.336500 0.000000 0.000000 0.000000 1.000000
0.999960 -0.008360 0.003166 -0.000000 0.008397 0.999892 -0.012043 16.216101 -0.003065 0.012069 0.999922 -2.336500 0.000000 0.000000 0.000000 1.000000
0.999957 -0.005874 0.007218 -0.000000 0.005950 0.999927 -0.010548 16.216101 -0.007156 0.010591 0.999918 -2.336500 0.000000 0.000000 0.000000 1.000000
0.999923 -0.005039 0.011303 -0.000000 0.005200 0.999885 -0.014266 16.216101 -0.011230 0.014324 0.999834 -2.336500 0.000000 0.000000 0.000000 1.000000
0.999866 -0.008131 0.014212 0.000000 0.008331 0.999866 -0.014125 16.216101 -0.014096 0.014241 0.999799 -2.336500 0.000000 0.000000 0.000000 1.000000
0.999856 -0.007749 0.015101 0.000000 0.007948 0.999882 -0.013162 16.216101 -0.014998 0.013280 0.999799 -2.336500 0.000000 0.000000 0.000000 1.000000
0.999895 -0.002662 0.014273 0.000000 0.002773 0.999966 -0.007801 16.216101 -0.014252 0.007840 0.999868 -2.336500 0.000000 0.000000 0.000000 1.000000
0.999946 0.000945 0.010352 -0.000000 -0.000939 0.999999 -0.000505 16.216101 -0.010352 0.000495 0.999946 -2.336500 0.000000 0.000000 0.000000 1.000000
0.999955 0.003904 0.008695 0.000000 -0.003930 0.999988 0.003020 16.216101 -0.008683 -0.003054 0.999958 -2.336500 0.000000 0.000000 0.000000 1.000000
0.999901 0.006920 0.012211 0.000000 -0.006930 0.999976 0.000749 16.216101 -0.012206 -0.000833 0.999925 -2.336500 0.000000 0.000000 0.000000 1.000000
0.999795 0.010441 0.017323 0.000000 -0.010440 0.999945 -0.000150 16.216101 -0.017323 -0.000031 0.999850 -2.336500 0.000000 0.000000 0.000000 1.000000
0.999663 0.015953 0.020479 -0.000000 -0.015969 0.999872 0.000599 16.216101 -0.020467 -0.000925 0.999790 -2.336500 0.000000 0.000000 0.000000 1.000000
0.999540 0.020274 0.022544 -0.000000 -0.020260 0.999794 -0.000830 16.216101 -0.022556 0.000373 0.999746 -2.336500 0.000000 0.000000 0.000000 1.000000
0.999456 0.021428 0.025055 0.000000 -0.021315 0.999761 -0.004789 16.216101 -0.025151 0.004253 0.999675 -2.336500 0.000000 0.000000 0.000000 1.000000
0.999443 0.021021 0.025935 -0.000000 -0.020760 0.999732 -0.010287 16.216101 -0.026144 0.009743 0.999611 -2.336500 0.000000 0.000000 0.000000 1.000000
0.999439 0.020727 0.026292 0.000000 -0.020367 0.999696 -0.013898 16.216101 -0.026572 0.013354 0.999558 -2.336500 0.000000 0.000000 0.000000 1.000000
0.999396 0.020716 0.027909 -0.000000 -0.020206 0.999625 -0.018458 16.216101 -0.028281 0.017883 0.999440 -2.336500 0.000000 0.000000 0.000000 1.000000
0.999352 0.020506 0.029577 0.000000 -0.019814 0.999528 -0.023494 16.216101 -0.030044 0.022893 0.999286 -2.336500 0.000000 0.000000 0.000000 1.000000
0.999347 0.019980 0.030122 -0.000000 -0.019144 0.999431 -0.027763 16.216101 -0.030659 0.027168 0.999161 -2.336500 0.000000 0.000000 0.000000 1.000000
0.999347 0.019714 0.030268 0.000000 -0.018745 0.999313 -0.031969 16.216101 -0.030878 0.031381 0.999030 -2.336500 0.000000 0.000000 0.000000 1.000000
0.999338 0.019871 0.030470 -0.000000 -0.018770 0.999176 -0.035988 16.216101 -0.031160 0.035392 0.998888 -2.336500 0.000000 0.000000 0.000000 1.000000
0.999336 0.019403 0.030835 -0.000000 -0.018134 0.998997 -0.040938 16.216101 -0.031599 0.040352 0.998686 -2.336500 0.000000 0.000000 0.000000 1.000000
0.999330 0.018661 0.031479 0.000000 -0.017239 0.998845 -0.044839 16.216101 -0.032279 0.044266 0.998498 -2.336500 0.000000 0.000000 0.000000 1.000000
0.999347 0.017588 0.031551 0.000000 -0.016043 0.998691 -0.048566 16.216101 -0.032364 0.048028 0.998322 -2.336500 0.000000 0.000000 0.000000 1.000000
0.999336 0.016643 0.032415 0.000000 -0.014967 0.998573 -0.051265 16.216101 -0.033222 0.050746 0.998159 -2.336500 0.000000 0.000000 0.000000 1.000000
0.999307 0.016066 0.033579 0.000000 -0.014266 0.998482 -0.053199 16.216101 -0.034382 0.052683 0.998019 -2.336500 0.000000 0.000000 0.000000 1.000000
0.999299 0.014636 0.034464 0.000000 -0.012711 0.998382 -0.055426 16.216101 -0.035220 0.054949 0.997868 -2.336500 0.000000 0.000000 0.000000 1.000000
0.999298 0.013492 0.034937 -0.000000 -0.011484 0.998305 -0.057056 16.216101 -0.035647 0.056615 0.997760 -2.336500 0.000000 0.000000 0.000000 1.000000
0.999275 0.012719 0.035887 0.000000 -0.010589 0.998206 -0.058931 16.216101 -0.036572 0.058508 0.997617 -2.336500 0.000000 0.000000 0.000000 1.000000
0.999233 0.011795 0.037335 0.000000 -0.009518 0.998118 -0.060579 16.216101 -0.037980 0.060177 0.997465 -2.336500 0.000000 0.000000 0.000000 1.000000
0.999200 0.011131 0.038424 0.000000 -0.008771 0.998096 -0.061060 16.216101 -0.039030 0.060675 0.997394 -2.336500 0.000000 0.000000 0.000000 1.000000
0.999152 0.010642 0.039765 0.000000 -0.008178 0.998066 -0.061615 16.216101 -0.040344 0.061238 0.997308 -2.336500 0.000000 0.000000 0.000000 1.000000
0.999092 0.010129 0.041388 0.000000 -0.007499 0.997972 -0.063207 16.216101 -0.041944 0.062839 0.997142 -2.336500 0.000000 0.000000 0.000000 1.000000
0.999035 0.010062 0.042764 -0.000000 -0.007260 0.997848 -0.065169 16.216101 -0.043327 0.064796 0.996957 -2.336500 0.000000 0.000000 0.000000 1.000000
0.998966 0.010047 0.044330 0.000000 -0.007358 0.998147 -0.060401 16.216101 -0.044854 0.060012 0.997189 -2.336500 0.000000 0.000000 0.000000 1.000000
0.998904 0.010305 0.045663 0.000000 -0.007671 0.998316 -0.057495 16.216101 -0.046178 0.057082 0.997301 -2.336500 0.000000 0.000000 0.000000 1.000000
0.998981 0.012212 0.043438 0.000000 -0.009755 0.998364 -0.056335 16.216101 -0.044055 0.055853 0.997467 -2.336500 0.000000 0.000000 0.000000 1.000000
0.999070 0.015655 0.040170 0.000000 -0.013672 0.998697 -0.049167 16.216101 -0.040888 0.048572 0.997982 -2.336500 0.000000 0.000000 0.000000 1.000000
0.999139 0.022338 0.034970 0.000000 -0.021261 0.999297 -0.030887 16.216101 -0.035635 0.030117 0.998911 -2.336500 0.000000 0.000000 0.000000 1.000000
0.999211 0.028761 0.027373 -0.000000 -0.028619 0.999575 -0.005540 16.216101 -0.027521 0.004753 0.999610 -2.336500 0.000000 0.000000 0.000000 1.000000
0.999254 0.034896 0.016554 0.000000 -0.035243 0.999156 0.021120 16.216101 -0.015803 -0.021687 0.999640 -2.336500 0.000000 0.000000 0.000000 1.000000
0.999268 0.035443 0.014367 0.000000 -0.036008 0.998502 0.041202 16.216101 -0.012885 -0.041690 0.999048 -2.336500 0.000000 0.000000 0.000000 1.000000
0.999382 0.029192 0.019592 0.000000 -0.030140 0.998296 0.049957 16.216101 -0.018101 -0.050517 0.998559 -2.336500 0.000000 0.000000 0.000000 1.000000
0.999515 0.013455 0.028092 0.000000 -0.014850 0.998637 0.050041 16.216101 -0.027381 -0.050434 0.998352 -2.336500 0.000000 0.000000 0.000000 1.000000
0.999332 0.003961 0.036332 -0.000000 -0.005473 0.999119 0.041614 16.216101 -0.036135 -0.041785 0.998473 -2.336500 0.000000 0.000000 0.000000 1.000000
0.999123 -0.001030 0.041870 0.000000 -0.000522 0.999313 0.037045 16.216101 -0.041880 -0.037035 0.998436 -2.336500 0.000000 0.000000 0.000000 1.000000
0.999203 -0.003212 0.039780 -0.000000 0.002060 0.999578 0.028959 16.216101 -0.039856 -0.028854 0.998789 -2.336500 0.000000 0.000000 0.000000 1.000000
0.999375 -0.001689 0.035308 -0.000000 0.000839 0.999710 0.024067 16.216101 -0.035339 -0.024023 0.999087 -2.336500 0.000000 0.000000 0.000000 1.000000
0.999528 0.001083 0.030693 0.000000 -0.001747 0.999765 0.021622 16.216101 -0.030663 -0.021666 0.999295 -2.336500 0.000000 0.000000 0.000000 1.000000
0.999601 0.001301 0.028206 0.000000 -0.001890 0.999780 0.020876 16.216101 -0.028173 -0.020921 0.999384 -2.336500 0.000000 0.000000 0.000000 1.000000
0.999588 -0.001818 0.028636 0.000000 0.001209 0.999773 0.021278 16.216101 -0.028668 -0.021234 0.999363 -2.336500 0.000000 0.000000 0.000000 1.000000
0.999516 -0.005007 0.030716 0.000000 0.004340 0.999754 0.021741 16.216101 -0.030817 -0.021597 0.999292 -2.336500 0.000000 0.000000 0.000000 1.000000
0.999392 -0.008408 0.033849 -0.000000 0.007694 0.999746 0.021190 16.216101 -0.034019 -0.020917 0.999202 -2.336500 0.000000 0.000000 0.000000 1.000000
0.999274 -0.008851 0.037054 0.000000 0.008192 0.999806 0.017890 16.216101 -0.037205 -0.017573 0.999153 -2.336500 0.000000 0.000000 0.000000 1.000000
0.999165 -0.008908 0.039872 0.000000 0.008420 0.999888 0.012411 16.216101 -0.039978 -0.012065 0.999128 -2.336500 0.000000 0.000000 0.000000 1.000000
0.999079 -0.010192 0.041690 0.000000 0.009860 0.999918 0.008147 16.216101 -0.041770 -0.007728 0.999097 -2.336500 0.000000 0.000000 0.000000 1.000000
0.999018 -0.011395 0.042812 0.000000 0.011142 0.999919 0.006156 16.216101 -0.042879 -0.005673 0.999064 -2.336500 0.000000 0.000000 0.000000 1.000000
0.998988 -0.012293 0.043254 0.000000 0.012018 0.999906 0.006606 16.216101 -0.043331 -0.006080 0.999042 -2.336500 0.000000 0.000000 0.000000 1.000000
0.998968 -0.013474 0.043378 0.000000 0.013159 0.999885 0.007541 16.216101 -0.043475 -0.006962 0.999030 -2.336500 0.000000 0.000000 0.000000 1.000000
0.998999 -0.014294 0.042376 0.000000 0.014018 0.999879 0.006795 16.216101 -0.042468 -0.006194 0.999079 -2.336500 0.000000 0.000000 0.000000 1.000000
0.999008 -0.015278 0.041827 0.000000 0.015053 0.999871 0.005680 16.216101 -0.041909 -0.005045 0.999109 -2.336500 0.000000 0.000000 0.000000 1.000000
0.999013 -0.014746 0.041897 -0.000000 0.014567 0.999883 0.004571 16.216101 -0.041959 -0.003956 0.999111 -2.336500 0.000000 0.000000 0.000000 1.000000
0.999091 -0.010628 0.041273 -0.000000 0.010534 0.999941 0.002484 16.216101 -0.041297 -0.002047 0.999145 -2.336500 0.000000 0.000000 0.000000 1.000000
0.999166 -0.007439 0.040148 -0.000000 0.007477 0.999972 -0.000809 16.216101 -0.040141 0.001108 0.999193 -2.336500 0.000000 0.000000 0.000000 1.000000
0.999207 -0.004732 0.039541 0.000000 0.004845 0.999984 -0.002761 16.216101 -0.039527 0.002951 0.999214 -2.336500 0.000000 0.000000 0.000000 1.000000
0.999179 -0.000163 0.040523 0.000000 0.000337 0.999991 -0.004273 16.216101 -0.040522 0.004283 0.999169 -2.336500 0.000000 0.000000 0.000000 1.000000
0.999125 0.005992 0.041387 -0.000000 -0.005686 0.999956 -0.007512 16.216101 -0.041431 0.007270 0.999115 -2.336500 0.000000 0.000000 0.000000 1.000000
0.999068 0.012271 0.041374 0.000000 -0.011810 0.999866 -0.011360 16.216101 -0.041508 0.010860 0.999079 -2.336500 0.000000 0.000000 0.000000 1.000000
0.999065 0.017675 0.039449 0.000000 -0.017073 0.999733 -0.015549 16.216101 -0.039713 0.014861 0.999101 -2.336500 0.000000 0.000000 0.000000 1.000000
0.999122 0.020575 0.036488 -0.000000 -0.019774 0.999559 -0.022174 16.216101 -0.036928 0.021433 0.999088 -2.336500 0.000000 0.000000 0.000000 1.000000
0.999199 0.022011 0.033411 0.000000 -0.021068 0.999377 -0.028331 16.216101 -0.034014 0.027605 0.999040 -2.336500 0.000000 0.000000 0.000000 1.000000
0.999167 0.026213 0.031273 -0.000000 -0.025193 0.999152 -0.032556 16.216101 -0.032100 0.031741 0.998981 -2.336500 0.000000 0.000000 0.000000 1.000000
0.999029 0.031779 0.030521 -0.000000 -0.030702 0.998912 -0.035113 16.216101 -0.031604 0.034141 0.998917 -2.336500 0.000000 0.000000 0.000000 1.000000
0.998954 0.035426 0.028921 -0.000000 -0.034222 0.998569 -0.041107 16.216101 -0.030336 0.040074 0.998736 -2.336500 0.000000 0.000000 0.000000 1.000000
0.998944 0.038484 0.025087 0.000000 -0.037285 0.998217 -0.046604 16.216101 -0.026836 0.045619 0.998598 -2.336500 0.000000 0.000000 0.000000 1.000000
0.998957 0.040653 0.020804 -0.000000 -0.039556 0.997930 -0.050702 16.216101 -0.022822 0.049826 0.998497 -2.336500 0.000000 0.000000 0.000000 1.000000
0.999007 0.041042 0.017353 -0.000000 -0.040021 0.997652 -0.055582 16.216101 -0.019593 0.054832 0.998303 -2.336500 0.000000 0.000000 0.000000 1.000000
0.999023 0.041392 0.015482 0.000000 -0.040417 0.997456 -0.058720 16.216101 -0.017873 0.058037 0.998154 -2.336500 0.000000 0.000000 0.000000 1.000000
0.999033 0.041526 0.014475 0.000000 -0.040582 0.997355 -0.060296 16.216101 -0.016941 0.059651 0.998076 -2.336500 0.000000 0.000000 0.000000 1.000000
0.999061 0.041119 0.013669 -0.000000 -0.040185 0.997220 -0.062746 16.216101 -0.016211 0.062138 0.997936 -2.336500 0.000000 0.000000 0.000000 1.000000
0.999069 0.041176 0.012843 -0.000000 -0.040286 0.997187 -0.063200 16.216101 -0.015409 0.062624 0.997918 -2.336500 0.000000 0.000000 0.000000 1.000000
0.999107 0.040375 0.012444 0.000000 -0.039508 0.997205 -0.063420 16.216101 -0.014970 0.062872 0.997909 -2.336500 0.000000 0.000000 0.000000 1.000000
0.999157 0.039372 0.011588 0.000000 -0.038561 0.997238 -0.063477 16.216101 -0.014056 0.062977 0.997916 -2.336500 0.000000 0.000000 0.000000 1.000000
0.999204 0.038459 0.010588 0.000000 -0.037713 0.997273 -0.063441 16.216101 -0.012999 0.062991 0.997929 -2.336500 0.000000 0.000000 0.000000 1.000000
0.999226 0.038024 0.010108 0.000000 -0.037309 0.997289 -0.063425 16.216101 -0.012493 0.062999 0.997935 -2.336500 0.000000 0.000000 0.000000 1.000000
0.999226 0.038014 0.010112 0.000000 -0.037298 0.997289 -0.063425 16.216101 -0.012495 0.062999 0.997935 -2.336500 0.000000 0.000000 0.000000 1.000000
0.999226 0.038014 0.010112 0.000000 -0.037298 0.997289 -0.063425 16.216101 -0.012495 0.062999 0.997935 -2.336500 0.000000 0.000000 0.000000 1.000000
0.999226 0.038020 0.010113 -0.000000 -0.037307 0.997304 -0.063190 16.216101 -0.012488 0.062764 0.997950 -2.336500 0.000000 0.000000 0.000000 1.000000</float_array><technique_common><accessor source="#mixamorig_Spine-Matrix-animation-output-transform-array" count="99" stride="16"><param type="float4x4"/></accessor></technique_common></source><source id="mixamorig_Spine-Interpolations"><Name_array id="mixamorig_Spine-Interpolations-array" count="99">
 LINEAR LINEAR LINEAR LINEAR LINEAR LINEAR LINEAR LINEAR LINEAR LINEAR LINEAR
LINEAR LINEAR LINEAR LINEAR LINEAR LINEAR LINEAR LINEAR LINEAR LINEAR LINEAR LINEAR
LINEAR LINEAR LINEAR LINEAR LINEAR LINEAR LINEAR LINEAR LINEAR LINEAR LINEAR LINEAR
LINEAR LINEAR LINEAR LINEAR LINEAR LINEAR LINEAR LINEAR LINEAR LINEAR LINEAR LINEAR
LINEAR LINEAR LINEAR LINEAR LINEAR LINEAR LINEAR LINEAR LINEAR LINEAR LINEAR LINEAR
LINEAR LINEAR LINEAR LINEAR LINEAR LINEAR LINEAR LINEAR LINEAR LINEAR LINEAR LINEAR
LINEAR LINEAR LINEAR LINEAR LINEAR LINEAR LINEAR LINEAR LINEAR LINEAR LINEAR LINEAR
LINEAR LINEAR LINEAR LINEAR LINEAR LINEAR LINEAR LINEAR LINEAR LINEAR LINEAR LINEAR
LINEAR LINEAR LINEAR LINEAR</Name_array><technique_common><accessor source="#mixamorig_Spine-Interpolations-array" count="99"><param type="name"/></accessor></technique_common></source><sampler id="mixamorig_Spine-Matrix-animation-transform"><input semantic="INPUT" source="#mixamorig_Spine-Matrix-animation-input"/><input semantic="OUTPUT" source="#mixamorig_Spine-Matrix-animation-output-transform"/><input semantic="INTERPOLATION" source="#mixamorig_Spine-Interpolations"/></sampler><channel source="#mixamorig_Spine-Matrix-animation-transform" target="mixamorig_Spine/matrix"/></animation>
    <animation id="mixamorig_Spine1-anim" name="mixamorig_Spine1"><source id="mixamorig_Spine1-Matrix-animation-input"><float_array id="mixamorig_Spine1-Matrix-animation-input-array" count="99">

0.000000 0.033333 0.066667 0.100000 0.133333 0.166667 0.200000 0.233333 0.266667 0.300000 0.333333 0.366667 0.400000 0.433333 0.466667 0.500000
0.533333 0.566667 0.600000 0.633333 0.666667 0.700000 0.733333 0.766667 0.800000 0.833333 0.866667 0.900000 0.933333 0.966667 1.000000 1.033333
1.066667 1.100000 1.133333 1.166667 1.200000 1.233333 1.266667 1.300000 1.333333 1.366667 1.400000 1.433333 1.466667 1.500000 1.533333 1.566667
1.600000 1.633333 1.666667 1.700000 1.733333 1.766667 1.800000 1.833333 1.866667 1.900000 1.933333 1.966667 2.000000 2.033333 2.066667 2.100000
2.133333 2.166667 2.200000 2.233333 2.266667 2.300000 2.333333 2.366667 2.400000 2.433333 2.466667 2.500000 2.533333 2.566667 2.600000 2.633333
2.666667 2.700000 2.733333 2.766667 2.800000 2.833333 2.866667 2.900000 2.933333 2.966667 3.000000 3.033333 3.066667 3.100000 3.133333 3.166667
3.200000 3.233333 3.266667</float_array><technique_common><accessor source="#mixamorig_Spine1-Matrix-animation-input-array" count="99"><param name="TIME" type="float"/></accessor></technique_common></source><source id="mixamorig_Spine1-Matrix-animation-output-transform"><float_array id="mixamorig_Spine1-Matrix-animation-output-transform-array" count="1584">

0.995240 0.096531 0.013354 0.000000 -0.093529 0.984662 -0.147283 9.477100 -0.027366 0.145333 0.989004 -1.486900 0.000000 0.000000 0.000000 1.000000
0.995552 0.093485 0.011664 0.000000 -0.090806 0.985178 -0.145528 9.477100 -0.025096 0.143822 0.989285 -1.486900 0.000000 0.000000 0.000000 1.000000
0.996265 0.086014 0.007644 0.000000 -0.084101 0.986560 -0.140091 9.477100 -0.019591 0.138925 0.990109 -1.486900 0.000000 0.000000 0.000000 1.000000
0.997058 0.076595 0.002819 -0.000000 -0.075565 0.988470 -0.131211 9.477100 -0.012836 0.130612 0.991350 -1.486900 0.000000 0.000000 0.000000 1.000000
0.997773 0.066687 -0.001699 0.000000 -0.066427 0.990904 -0.117031 9.477100 -0.006121 0.116884 0.993127 -1.486900 0.000000 0.000000 0.000000 1.000000
0.998427 0.055710 -0.006314 0.000000 -0.056064 0.993209 -0.101943 9.477100 0.000591 0.102137 0.994770 -1.486900 0.000000 0.000000 0.000000 1.000000
0.998895 0.046050 -0.009340 -0.000000 -0.046693 0.995043 -0.087807 9.477100 0.005251 0.088146 0.996094 -1.486900 0.000000 0.000000 0.000000 1.000000
0.999260 0.037488 -0.008552 -0.000000 -0.038028 0.996412 -0.075616 9.477100 0.005687 0.075885 0.997100 -1.486900 0.000000 0.000000 0.000000 1.000000
0.999603 0.027913 -0.003863 -0.000000 -0.028105 0.997496 -0.064893 9.477100 0.002042 0.064976 0.997885 -1.486900 0.000000 0.000000 0.000000 1.000000
0.999812 0.019362 0.000406 0.000000 -0.019310 0.998277 -0.055406 9.477100 -0.001479 0.055388 0.998464 -1.486900 0.000000 0.000000 0.000000 1.000000
0.999925 0.011969 0.002765 0.000000 -0.011828 0.998852 -0.046415 9.477100 -0.003317 0.046379 0.998918 -1.486900 0.000000 0.000000 0.000000 1.000000
0.999966 0.007075 0.004341 0.000000 -0.006886 0.999088 -0.042136 9.477100 -0.004635 0.042105 0.999102 -1.486900 0.000000 0.000000 0.000000 1.000000
0.999944 0.004559 0.009523 -0.000000 -0.004126 0.998979 -0.044986 9.477100 -0.009718 0.044945 0.998942 -1.486900 0.000000 0.000000 0.000000 1.000000
0.999799 0.011249 0.016601 0.000000 -0.010542 0.999059 -0.042069 9.477100 -0.017059 0.041886 0.998977 -1.486900 0.000000 0.000000 0.000000 1.000000
0.999525 0.018755 0.024458 0.000000 -0.017526 0.998619 -0.049534 9.477100 -0.025353 0.049082 0.998473 -1.486900 0.000000 0.000000 0.000000 1.000000
0.999400 0.017442 0.029915 0.000000 -0.015955 0.998659 -0.049246 9.477100 -0.030733 0.048739 0.998339 -1.486900 0.000000 0.000000 0.000000 1.000000
0.999362 0.018613 0.030495 0.000000 -0.017157 0.998731 -0.047345 9.477100 -0.031337 0.046792 0.998413 -1.486900 0.000000 0.000000 0.000000 1.000000
