<?xml version="1.0" encoding="utf-8"?>
<COLLADA xmlns="http://www.collada.org/2005/11/COLLADASchema" version="1.4.1">
  <asset><contributor><author>Mixamo</author><authoring_tool>COLLADA Mixamo exporter</authoring_tool><comments></comments></contributor><created>2020-03-30T18:38:04Z</created><modified>2020-03-30T18:38:04Z</modified><revision></revision><title></title><unit meter="0.010000"/><up_axis>Y_UP</up_axis></asset>
  <library_animations>
    <animation id="mixamorig_Hips-anim" name="mixamorig_Hips"><source id="mixamorig_Hips-Matrix-animation-input"><float_array id="mixamorig_Hips-Matrix-animation-input-array" count="22">

0.000000 0.033333 0.066667 0.100000 0.133333 0.166667 0.200000 0.233333 0.266667 0.300000 0.333333 0.366667 0.400000 0.433333 0.466667 0.500000
0.533333 0.566667 0.600000 0.633333 0.666667 0.700000</float_array><technique_common><accessor source="#mixamorig_Hips-Matrix-animation-input-array" count="22"><param name="TIME" type="float"/></accessor></technique_common></source><source id="mixamorig_Hips-Matrix-animation-output-transform"><float_array id="mixamorig_Hips-Matrix-animation-output-transform-array" count="352">

0.728684 0.045189 -0.683357 -0.818594 0.010634 0.996954 0.077266 48.910919 0.684767 -0.063569 0.725984 0.609338 0.000000 0.000000 0.000000 1.000000
0.728724 0.044350 -0.683370 -0.832348 0.011297 0.996986 0.076750 48.929710 0.684714 -0.063650 0.726027 0.580162 0.000000 0.000000 0.000000 1.000000
0.728921 0.042277 -0.683291 -0.857964 0.012754 0.997080 0.075297 48.945774 0.684479 -0.063601 0.726253 0.551247 0.000000 0.000000 0.000000 1.000000
0.729238 0.039290 -0.683131 -0.892305 0.014782 0.997213 0.073133 48.959293 0.684100 -0.063430 0.726625 0.526119 0.000000 0.000000 0.000000 1.000000
0.729640 0.035714 -0.682898 -0.931729 0.017152 0.997365 0.070485 48.969849 0.683617 -0.063141 0.727105 0.508373 0.000000 0.000000 0.000000 1.000000
0.730088 0.031888 -0.682608 -0.971970 0.019616 0.997521 0.067579 48.976200 0.683071 -0.062729 0.727653 0.502139 0.000000 0.000000 0.000000 1.000000
0.730547 0.028163 -0.682282 -1.008597 0.021911 0.997668 0.064643 48.976376 0.682511 -0.062174 0.728226 0.511721 0.000000 0.000000 0.000000 1.000000
0.730976 0.024829 -0.681951 -1.039126 0.023855 0.997797 0.061898 48.970108 0.681986 -0.061514 0.728774 0.535334 0.000000 0.000000 0.000000 1.000000
0.731339 0.022159 -0.681654 -1.061094 0.025284 0.997904 0.059566 48.961060 0.681545 -0.060798 0.729246 0.568804 0.000000 0.000000 0.000000 1.000000
0.731609 0.020396 -0.681420 -1.072807 0.026072 0.997984 0.057864 48.951942 0.681226 -0.060100 0.729602 0.608179 0.000000 0.000000 0.000000 1.000000
0.731756 0.019780 -0.681279 -1.073196 0.026099 0.998032 0.057009 48.944908 0.681067 -0.059498 0.729800 0.649446 0.000000 0.000000 0.000000 1.000000
0.731766 0.020420 -0.681250 -1.062323 0.025316 0.998047 0.057110 48.941887 0.681085 -0.059037 0.729820 0.689311 0.000000 0.000000 0.000000 1.000000
0.731658 0.022072 -0.681314 -1.042801 0.023894 0.998031 0.057993 48.943386 0.681253 -0.058710 0.729690 0.725954 0.000000 0.000000 0.000000 1.000000
0.731448 0.024515 -0.681456 -1.016763 0.021991 0.997986 0.059507 48.948635 0.681542 -0.058512 0.729436 0.757650 0.000000 0.000000 0.000000 1.000000
0.731149 0.027536 -0.681662 -0.985972 0.019764 0.997911 0.061510 48.956364 0.681931 -0.058446 0.729078 0.782513 0.000000 0.000000 0.000000 1.000000
0.730780 0.030909 -0.681913 -0.952265 0.017388 0.997807 0.063862 48.965176 0.682392 -0.058526 0.728640 0.798286 0.000000 0.000000 0.000000 1.000000
0.730362 0.034396 -0.682194 -0.917860 0.015054 0.997678 0.066419 48.973522 0.682894 -0.058779 0.728148 0.802389 0.000000 0.000000 0.000000 1.000000
0.729924 0.037749 -0.682485 -0.885642 0.012963 0.997530 0.069038 48.979439 0.683405 -0.059240 0.727632 0.792088 0.000000 0.000000 0.000000 1.000000
0.729530 0.040586 -0.682744 -0.861894 0.011494 0.997369 0.071570 48.975723 0.683853 -0.060060 0.727144 0.765089 0.000000 0.000000 0.000000 1.000000
0.729201 0.042744 -0.682963 -0.845674 0.010736 0.997210 0.073874 48.960091 0.684215 -0.061201 0.726708 0.722926 0.000000 0.000000 0.000000 1.000000
0.728919 0.044268 -0.683167 -0.831531 0.010505 0.997066 0.075817 48.936455 0.684519 -0.062441 0.726316 0.668837 0.000000 0.000000 0.000000 1.000000
0.728684 0.045189 -0.683357 -0.818594 0.010634 0.996954 0.077266 48.910919 0.684767 -0.063569 0.725984 0.609338 0.000000 0.000000 0.000000 1.000000</float_array><technique_common><accessor source="#mixamorig_Hips-Matrix-animation-output-transform-array" count="22" stride="16"><param type="float4x4"/></accessor></technique_common></source><source id="mixamorig_Hips-Interpolations"><Name_array id="mixamorig_Hips-Interpolations-array" count="22">
 LINEAR LINEAR LINEAR LINEAR LINEAR LINEAR LINEAR LINEAR LINEAR LINEAR LINEAR
LINEAR LINEAR LINEAR LINEAR LINEAR LINEAR LINEAR LINEAR LINEAR LINEAR LINEAR</Name_array><technique_common><accessor source="#mixamorig_Hips-Interpolations-array" count="22"><param type="name"/></accessor></technique_common></source><sampler id="mixamorig_Hips-Matrix-animation-transform"><input semantic="INPUT" source="#mixamorig_Hips-Matrix-animation-input"/><input semantic="OUTPUT" source="#mixamorig_Hips-Matrix-animation-output-transform"/><input semantic="INTERPOLATION" source="#mixamorig_Hips-Interpolations"/></sampler><channel source="#mixamorig_Hips-Matrix-animation-transform" target="mixamorig_Hips/matrix"/></animation>
    <animation id="mixamorig_Spine-anim" name="mixamorig_Spine"><source id="mixamorig_Spine-Matrix-animation-input"><float_array id="mixamorig_Spine-Matrix-animation-input-array" count="22">

0.000000 0.033333 0.066667 0.100000 0.133333 0.166667 0.200000 0.233333 0.266667 0.300000 0.333333 0.366667 0.400000 0.433333 0.466667 0.500000
0.533333 0.566667 0.600000 0.633333 0.666667 0.700000</float_array><technique_common><accessor source="#mixamorig_Spine-Matrix-animation-input-array" count="22"><param name="TIME" type="float"/></accessor></technique_common></source><source id="mixamorig_Spine-Matrix-animation-output-transform"><float_array id="mixamorig_Spine-Matrix-animation-output-transform-array" count="352">

0.997685 0.067981 0.001668 0.000000 -0.067238 0.989854 -0.125171 16.216101 -0.010161 0.124769 0.992134 -2.336500 0.000000 0.000000 0.000000 1.000000
0.997653 0.068441 0.002116 0.000000 -0.067638 0.989814 -0.125275 16.216101 -0.010669 0.124837 0.992120 -2.336500 0.000000 0.000000 0.000000 1.000000
0.997610 0.069064 0.002341 0.000000 -0.068226 0.989752 -0.125441 16.216101 -0.010980 0.124982 0.992098 -2.336500 0.000000 0.000000 0.000000 1.000000
0.997561 0.069756 0.002319 -0.000000 -0.068912 0.989678 -0.125649 16.216101 -0.011060 0.125183 0.992072 -2.336500 0.000000 0.000000 0.000000 1.000000
0.997515 0.070420 0.002036 0.000000 -0.069604 0.989602 -0.125873 16.216101 -0.010879 0.125418 0.992044 -2.336500 0.000000 0.000000 0.000000 1.000000
0.997479 0.070940 0.001478 0.000000 -0.070188 0.989533 -0.126088 16.216101 -0.010408 0.125666 0.992018 -2.336500 0.000000 0.000000 0.000000 1.000000
0.997463 0.071190 0.000649 -0.000000 -0.070538 0.989485 -0.126270 16.216101 -0.009632 0.125904 0.991996 -2.336500 0.000000 0.000000 0.000000 1.000000
0.997466 0.071150 -0.000348 0.000000 -0.070623 0.989461 -0.126410 16.216101 -0.008650 0.126114 0.991978 -2.336500 0.000000 0.000000 0.000000 1.000000
0.997487 0.070830 -0.001381 0.000000 -0.070435 0.989462 -0.126505 16.216101 -0.007594 0.126284 0.991965 -2.336500 0.000000 0.000000 0.000000 1.000000
0.997525 0.070272 -0.002349 0.000000 -0.070004 0.989487 -0.126550 16.216101 -0.006569 0.126401 0.991957 -2.336500 0.000000 0.000000 0.000000 1.000000
0.997575 0.069527 -0.003149 0.000000 -0.069366 0.989533 -0.126542 16.216101 -0.005682 0.126453 0.991956 -2.336500 0.000000 0.000000 0.000000 1.000000
0.997635 0.068635 -0.003710 -0.000000 -0.068552 0.989597 -0.126482 16.216101 -0.005010 0.126438 0.991962 -2.336500 0.000000 0.000000 0.000000 1.000000
0.997700 0.067660 -0.004043 -0.000000 -0.067628 0.989673 -0.126387 16.216101 -0.004550 0.126370 0.991973 -2.336500 0.000000 0.000000 0.000000 1.000000
0.997767 0.066662 -0.004150 0.000000 -0.066652 0.989754 -0.126268 16.216101 -0.004310 0.126263 0.991987 -2.336500 0.000000 0.000000 0.000000 1.000000
0.997831 0.065706 -0.004027 -0.000000 -0.065689 0.989836 -0.126134 16.216101 -0.004302 0.126125 0.992005 -2.336500 0.000000 0.000000 0.000000 1.000000
0.997886 0.064879 -0.003678 0.000000 -0.064825 0.989911 -0.125993 16.216101 -0.004533 0.125965 0.992024 -2.336500 0.000000 0.000000 0.000000 1.000000
0.997927 0.064278 -0.003112 0.000000 -0.064158 0.989972 -0.125851 16.216101 -0.005008 0.125790 0.992044 -2.336500 0.000000 0.000000 0.000000 1.000000
0.997946 0.064018 -0.002339 0.000000 -0.063803 0.990013 -0.125715 16.216101 -0.005732 0.125606 0.992064 -2.336500 0.000000 0.000000 0.000000 1.000000
0.997924 0.064386 -0.001414 -0.000000 -0.064053 0.990015 -0.125567 16.216101 -0.006685 0.125397 0.992084 -2.336500 0.000000 0.000000 0.000000 1.000000
0.997861 0.065365 -0.000402 -0.000000 -0.064899 0.989980 -0.125410 16.216101 -0.007800 0.125168 0.992105 -2.336500 0.000000 0.000000 0.000000 1.000000
0.997776 0.066657 0.000654 -0.000000 -0.066050 0.989922 -0.125270 16.216101 -0.008998 0.124948 0.992122 -2.336500 0.000000 0.000000 0.000000 1.000000
0.997685 0.067981 0.001668 0.000000 -0.067238 0.989854 -0.125171 16.216101 -0.010161 0.124769 0.992134 -2.336500 0.000000 0.000000 0.000000 1.000000</float_array><technique_common><accessor source="#mixamorig_Spine-Matrix-animation-output-transform-array" count="22" stride="16"><param type="float4x4"/></accessor></technique_common></source><source id="mixamorig_Spine-Interpolations"><Name_array id="mixamorig_Spine-Interpolations-array" count="22">
 LINEAR LINEAR LINEAR LINEAR LINEAR LINEAR LINEAR LINEAR LINEAR LINEAR LINEAR
LINEAR LINEAR LINEAR LINEAR LINEAR LINEAR LINEAR LINEAR LINEAR LINEAR LINEAR</Name_array><technique_common><accessor source="#mixamorig_Spine-Interpolations-array" count="22"><param type="name"/></accessor></technique_common></source><sampler id="mixamorig_Spine-Matrix-animation-transform"><input semantic="INPUT" source="#mixamorig_Spine-Matrix-animation-input"/><input semantic="OUTPUT" source="#mixamorig_Spine-Matrix-animation-output-transform"/><input semantic="INTERPOLATION" source="#mixamorig_Spine-Interpolations"/></sampler><channel source="#mixamorig_Spine-Matrix-animation-transform" target="mixamorig_Spine/matrix"/></animation>
    <animation id="mixamorig_Spine1-anim" name="mixamorig_Spine1"><source id="mixamorig_Spine1-Matrix-animation-input"><float_array id="mixamorig_Spine1-Matrix-animation-input-array" count="22">

0.000000 0.033333 0.066667 0.100000 0.133333 0.166667 0.200000 0.233333 0.266667 0.300000 0.333333 0.366667 0.400000 0.433333 0.466667 0.500000
0.533333 0.566667 0.600000 0.633333 0.666667 0.700000</float_array><technique_common><accessor source="#mixamorig_Spine1-Matrix-animation-input-array" count="22"><param name="TIME" type="float"/></accessor></technique_common></source><source id="mixamorig_Spine1-Matrix-animation-output-transform"><float_array id="mixamorig_Spine1-Matrix-animation-output-transform-array" count="352">

0.992710 0.119665 -0.014365 0.000000 -0.111131 0.862688 -0.493375 9.477100 -0.046648 0.491375 0.869698 -1.486900 0.000000 0.000000 0.000000 1.000000
0.992629 0.120414 -0.013711 -0.000000 -0.111450 0.862532 -0.493576 9.477100 -0.047607 0.491466 0.869595 -1.486900 0.000000 0.000000 0.000000 1.000000
0.992459 0.121815 -0.013655 0.000000 -0.112624 0.862218 -0.493859 9.477100 -0.048386 0.491672 0.869435 -1.486900 0.000000 0.000000 0.000000 1.000000
0.992223 0.123660 -0.014184 0.000000 -0.114468 0.861788 -0.494184 9.477100 -0.048888 0.491965 0.869241 -1.486900 0.000000 0.000000 0.000000 1.000000
0.991946 0.125738 -0.015282 0.000000 -0.116795 0.861289 -0.494511 9.477100 -0.049017 0.492313 0.869037 -1.486900 0.000000 0.000000 0.000000 1.000000
0.991650 0.127843 -0.016936 -0.000000 -0.119419 0.860767 -0.494792 9.477100 -0.048678 0.492683 0.868846 -1.486900 0.000000 0.000000 0.000000 1.000000
0.991359 0.129774 -0.019110 -0.000000 -0.122156 0.860273 -0.494984 9.477100 -0.047796 0.493041 0.868692 -1.486900 0.000000 0.000000 0.000000 1.000000
0.991093 0.131408 -0.021586 0.000000 -0.124789 0.859841 -0.495077 9.477100 -0.046496 0.493361 0.868581 -1.486900 0.000000 0.000000 0.000000 1.000000
0.990871 0.132647 -0.024088 -0.000000 -0.127095 0.859502 -0.495079 9.477100 -0.044967 0.493621 0.868514 -1.486900 0.000000 0.000000 0.000000 1.000000
0.990714 0.133380 -0.026355 -0.000000 -0.128854 0.859285 -0.495001 9.477100 -0.043377 0.493800 0.868493 -1.486900 0.000000 0.000000 0.000000 1.000000
0.990649 0.133502 -0.028131 0.000000 -0.129843 0.859220 -0.494856 9.477100 -0.041893 0.493881 0.868519 -1.486900 0.000000 0.000000 0.000000 1.000000
0.990687 0.132977 -0.029251 -0.000000 -0.129949 0.859314 -0.494664 9.477100 -0.040644 0.493859 0.868592 -1.486900 0.000000 0.000000 0.000000 1.000000
0.990809 0.131950 -0.029773 0.000000 -0.129324 0.859531 -0.494451 9.477100 -0.039652 0.493757 0.868695 -1.486900 0.000000 0.000000 0.000000 1.000000
0.990996 0.130546 -0.029736 0.000000 -0.128098 0.859840 -0.494233 9.477100 -0.038952 0.493593 0.868820 -1.486900 0.000000 0.000000 0.000000 1.000000
0.991230 0.128887 -0.029171 -0.000000 -0.126390 0.860211 -0.494027 9.477100 -0.038580 0.493381 0.868957 -1.486900 0.000000 0.000000 0.000000 1.000000
0.991493 0.127092 -0.028109 -0.000000 -0.124317 0.860618 -0.493843 9.477100 -0.038572 0.493136 0.869097 -1.486900 0.000000 0.000000 0.000000 1.000000
0.991765 0.125282 -0.026578 0.000000 -0.121999 0.861036 -0.493693 9.477100 -0.038966 0.492870 0.869230 -1.486900 0.000000 0.000000 0.000000 1.000000
0.992030 0.123580 -0.024605 0.000000 -0.119554 0.861441 -0.493584 9.477100 -0.039801 0.492592 0.869350 -1.486900 0.000000 0.000000 0.000000 1.000000
0.992268 0.122117 -0.022181 -0.000000 -0.117096 0.861827 -0.493500 9.477100 -0.041148 0.492281 0.869463 -1.486900 0.000000 0.000000 0.000000 1.000000
0.992466 0.120960 -0.019479 0.000000 -0.114766 0.862182 -0.493428 9.477100 -0.042890 0.491946 0.869569 -1.486900 0.000000 0.000000 0.000000 1.000000
0.992616 0.120134 -0.016780 -0.000000 -0.112724 0.862479 -0.493380 9.477100 -0.044799 0.491628 0.869652 -1.486900 0.000000 0.000000 0.000000 1.000000
0.992710 0.119665 -0.014365 0.000000 -0.111131 0.862688 -0.493375 9.477100 -0.046648 0.491375 0.869698 -1.486900 0.000000 0.000000 0.000000 1.000000</float_array><technique_common><accessor source="#mixamorig_Spine1-Matrix-animation-output-transform-array" count="22" stride="16"><param type="float4x4"/></accessor></technique_common></source><source id="mixamorig_Spine1-Interpolations"><Name_array id="mixamorig_Spine1-Interpolations-array" count="22">
 LINEAR LINEAR LINEAR LINEAR LINEAR LINEAR LINEAR LINEAR LINEAR LINEAR LINEAR
LINEAR LINEAR LINEAR LINEAR LINEAR LINEAR LINEAR LINEAR LINEAR LINEAR LINEAR</Name_array><technique_common><accessor source="#mixamorig_Spine1-Interpolations-array" count="22"><param type="name"/></accessor></technique_common></source><sampler id="mixamorig_Spine1-Matrix-animation-transform"><input semantic="INPUT" source="#mixamorig_Spine1-Matrix-animation-input"/><input semantic="OUTPUT" source="#mixamorig_Spine1-Matrix-animation-output-transform"/><input semantic="INTERPOLATION" source="#mixamorig_Spine1-Interpolations"/></sampler><channel source="#mixamorig_Spine1-Matrix-animation-transform" target="mixamorig_Spine1/matrix"/></animation>
    <animation id="mixamorig_Spine2-anim" name="mixamorig_Spine2"><source id="mixamorig_Spine2-Matrix-animation-input"><float_array id="mixamorig_Spine2-Matrix-animation-input-array" count="22">

0.000000 0.033333 0.066667 0.100000 0.133333 0.166667 0.200000 0.233333 0.266667 0.300000 0.333333 0.366667 0.400000 0.433333 0.466667 0.500000
0.533333 0.566667 0.600000 0.633333 0.666667 0.700000</float_array><technique_common><accessor source="#mixamorig_Spine2-Matrix-animation-input-array" count="22"><param name="TIME" type="float"/></accessor></technique_common></source><source id="mixamorig_Spine2-Matrix-animation-output-transform"><float_array id="mixamorig_Spine2-Matrix-animation-output-transform-array" count="352">

0.992710 0.119665 -0.014364 0.000000 -0.111131 0.862688 -0.493375 12.786900 -0.046648 0.491374 0.869698 -1.438600 0.000000 0.000000 0.000000 1.000000
0.992629 0.120414 -0.013711 0.000000 -0.111450 0.862532 -0.493576 12.786900 -0.047608 0.491466 0.869595 -1.438600 0.000000 0.000000 0.000000 1.000000
0.992459 0.121816 -0.013655 -0.000000 -0.112624 0.862218 -0.493859 12.786900 -0.048386 0.491672 0.869435 -1.438600 0.000000 0.000000 0.000000 1.000000
0.992223 0.123660 -0.014183 0.000000 -0.114468 0.861788 -0.494184 12.786900 -0.048888 0.491965 0.869241 -1.438600 0.000000 0.000000 0.000000 1.000000
0.991946 0.125738 -0.015282 0.000000 -0.116795 0.861288 -0.494511 12.786900 -0.049017 0.492313 0.869037 -1.438600 0.000000 0.000000 0.000000 1.000000
0.991650 0.127843 -0.016936 0.000000 -0.119420 0.860767 -0.494792 12.786900 -0.048678 0.492683 0.868846 -1.438600 0.000000 0.000000 0.000000 1.000000
0.991359 0.129774 -0.019110 0.000000 -0.122156 0.860273 -0.494984 12.786900 -0.047796 0.493041 0.868692 -1.438600 0.000000 0.000000 0.000000 1.000000
0.991093 0.131408 -0.021587 0.000000 -0.124789 0.859841 -0.495077 12.786900 -0.046496 0.493361 0.868581 -1.438600 0.000000 0.000000 0.000000 1.000000
0.990871 0.132647 -0.024088 0.000000 -0.127096 0.859502 -0.495079 12.786900 -0.044967 0.493621 0.868514 -1.438600 0.000000 0.000000 0.000000 1.000000
0.990714 0.133380 -0.026355 0.000000 -0.128854 0.859285 -0.495001 12.786900 -0.043377 0.493801 0.868493 -1.438600 0.000000 0.000000 0.000000 1.000000
0.990649 0.133502 -0.028131 0.000000 -0.129843 0.859220 -0.494856 12.786900 -0.041893 0.493881 0.868520 -1.438600 0.000000 0.000000 0.000000 1.000000
0.990687 0.132977 -0.029251 0.000000 -0.129949 0.859314 -0.494665 12.786900 -0.040643 0.493859 0.868591 -1.438600 0.000000 0.000000 0.000000 1.000000
0.990809 0.131949 -0.029773 0.000000 -0.129324 0.859531 -0.494451 12.786900 -0.039652 0.493757 0.868696 -1.438600 0.000000 0.000000 0.000000 1.000000
0.990996 0.130546 -0.029736 0.000000 -0.128098 0.859839 -0.494234 12.786900 -0.038952 0.493593 0.868820 -1.438600 0.000000 0.000000 0.000000 1.000000
0.991230 0.128887 -0.029171 -0.000000 -0.126390 0.860211 -0.494026 12.786900 -0.038580 0.493381 0.868957 -1.438600 0.000000 0.000000 0.000000 1.000000
0.991493 0.127092 -0.028109 0.000000 -0.124317 0.860619 -0.493843 12.786900 -0.038572 0.493136 0.869097 -1.438600 0.000000 0.000000 0.000000 1.000000
0.991765 0.125282 -0.026579 -0.000000 -0.121999 0.861036 -0.493693 12.786900 -0.038966 0.492870 0.869230 -1.438600 0.000000 0.000000 0.000000 1.000000
0.992030 0.123580 -0.024605 -0.000000 -0.119554 0.861442 -0.493584 12.786900 -0.039801 0.492592 0.869350 -1.438600 0.000000 0.000000 0.000000 1.000000
0.992268 0.122117 -0.022181 -0.000000 -0.117096 0.861827 -0.493500 12.786900 -0.041148 0.492281 0.869463 -1.438600 0.000000 0.000000 0.000000 1.000000
0.992466 0.120960 -0.019479 0.000000 -0.114766 0.862182 -0.493428 12.786900 -0.042890 0.491946 0.869569 -1.438600 0.000000 0.000000 0.000000 1.000000
0.992616 0.120134 -0.016780 -0.000000 -0.112724 0.862479 -0.493380 12.786900 -0.044800 0.491628 0.869652 -1.438600 0.000000 0.000000 0.000000 1.000000
0.992710 0.119665 -0.014364 0.000000 -0.111131 0.862688 -0.493375 12.786900 -0.046648 0.491374 0.869698 -1.438600 0.000000 0.000000 0.000000 1.000000</float_array><technique_common><accessor source="#mixamorig_Spine2-Matrix-animation-output-transform-array" count="22" stride="16"><param type="float4x4"/></accessor></technique_common></source><source id="mixamorig_Spine2-Interpolations"><Name_array id="mixamorig_Spine2-Interpolations-array" count="22">
 LINEAR LINEAR LINEAR LINEAR LINEAR LINEAR LINEAR LINEAR LINEAR LINEAR LINEAR
LINEAR LINEAR LINEAR LINEAR LINEAR LINEAR LINEAR LINEAR LINEAR LINEAR LINEAR</Name_array><technique_common><accessor source="#mixamorig_Spine2-Interpolations-array" count="22"><param type="name"/></accessor></technique_common></source><sampler id="mixamorig_Spine2-Matrix-animation-transform"><input semantic="INPUT" source="#mixamorig_Spine2-Matrix-animation-input"/><input semantic="OUTPUT" source="#mixamorig_Spine2-Matrix-animation-output-transform"/><input semantic="INTERPOLATION" source="#mixamorig_Spine2-Interpolations"/></sampler><channel source="#mixamorig_Spine2-Matrix-animation-transform" target="mixamorig_Spine2/matrix"/></animation>
    <animation id="mixamorig_Neck-anim" name="mixamorig_Neck"><source id="mixamorig_Neck-Matrix-animation-input"><float_array id="mixamorig_Neck-Matrix-animation-input-array" count="22">

0.000000 0.033333 0.066667 0.100000 0.133333 0.166667 0.200000 0.233333 0.266667 0.300000 0.333333 0.366667 0.400000 0.433333 0.466667 0.500000
0.533333 0.566667 0.600000 0.633333 0.666667 0.700000</float_array><technique_common><accessor source="#mixamorig_Neck-Matrix-animation-input-array" count="22"><param name="TIME" type="float"/></accessor></technique_common></source><source id="mixamorig_Neck-Matrix-animation-output-transform"><float_array id="mixamorig_Neck-Matrix-animation-output-transform-array" count="352">

0.998947 0.037592 0.026298 0.000000 -0.033497 0.989324 -0.141829 15.556500 -0.031349 0.140799 0.989542 7.134300 0.000000 0.000000 0.000000 1.000000
0.999036 0.035686 0.025546 0.000000 -0.031715 0.989385 -0.141818 15.556500 -0.030336 0.140871 0.989563 7.134300 0.000000 0.000000 0.000000 1.000000
0.999134 0.033499 0.024666 0.000000 -0.029672 0.989444 -0.141844 15.556500 -0.029157 0.140989 0.989582 7.134300 0.000000 0.000000 0.000000 1.000000
0.999226 0.031325 0.023778 -0.000000 -0.027643 0.989495 -0.141900 15.556500 -0.027973 0.141133 0.989595 7.134300 0.000000 0.000000 0.000000 1.000000
0.999301 0.029457 0.022998 0.000000 -0.025901 0.989531 -0.141979 15.556500 -0.026940 0.141284 0.989602 7.134300 0.000000 0.000000 0.000000 1.000000
0.999350 0.028199 0.022451 0.000000 -0.024730 0.989546 -0.142080 15.556500 -0.026223 0.141432 0.989601 7.134300 0.000000 0.000000 0.000000 1.000000
0.999366 0.027811 0.022242 -0.000000 -0.024373 0.989539 -0.142194 15.556500 -0.025964 0.141562 0.989589 7.134300 0.000000 0.000000 0.000000 1.000000
0.999352 0.028228 0.022352 0.000000 -0.024767 0.989513 -0.142307 15.556500 -0.026135 0.141661 0.989570 7.134300 0.000000 0.000000 0.000000 1.000000
0.999313 0.029278 0.022720 0.000000 -0.025753 0.989475 -0.142397 15.556500 -0.026650 0.141714 0.989549 7.134300 0.000000 0.000000 0.000000 1.000000
0.999254 0.030820 0.023292 0.000000 -0.027197 0.989430 -0.142441 15.556500 -0.027436 0.141701 0.989529 7.134300 0.000000 0.000000 0.000000 1.000000
0.999176 0.032719 0.024024 -0.000000 -0.028974 0.989382 -0.142422 15.556500 -0.028429 0.141609 0.989514 7.134300 0.000000 0.000000 0.000000 1.000000
0.999084 0.034835 0.024863 0.000000 -0.030953 0.989335 -0.142330 15.556500 -0.029556 0.141430 0.989507 7.134300 0.000000 0.000000 0.000000 1.000000
0.998983 0.037014 0.025742 0.000000 -0.032991 0.989290 -0.142183 15.556500 -0.030729 0.141189 0.989506 7.134300 0.000000 0.000000 0.000000 1.000000
0.998881 0.039108 0.026602 0.000000 -0.034949 0.989250 -0.141999 15.556500 -0.031869 0.140910 0.989509 7.134300 0.000000 0.000000 0.000000 1.000000
0.998785 0.040966 0.027377 -0.000000 -0.036686 0.989216 -0.141796 15.556500 -0.032890 0.140619 0.989517 7.134300 0.000000 0.000000 0.000000 1.000000
0.998706 0.042440 0.028007 0.000000 -0.038065 0.989193 -0.141590 15.556500 -0.033714 0.140341 0.989529 7.134300 0.000000 0.000000 0.000000 1.000000
0.998654 0.043383 0.028431 0.000000 -0.038946 0.989186 -0.141403 15.556500 -0.034258 0.140106 0.989544 7.134300 0.000000 0.000000 0.000000 1.000000
0.998638 0.043641 0.028583 -0.000000 -0.039185 0.989197 -0.141256 15.556500 -0.034439 0.139944 0.989560 7.134300 0.000000 0.000000 0.000000 1.000000
0.998671 0.043014 0.028376 -0.000000 -0.038594 0.989222 -0.141248 15.556500 -0.034146 0.139965 0.989567 7.134300 0.000000 0.000000 0.000000 1.000000
0.998746 0.041608 0.027849 -0.000000 -0.037270 0.989252 -0.141393 15.556500 -0.033433 0.140178 0.989562 7.134300 0.000000 0.000000 0.000000 1.000000
0.998843 0.039705 0.027118 0.000000 -0.035481 0.989286 -0.141613 15.556500 -0.032450 0.140487 0.989551 7.134300 0.000000 0.000000 0.000000 1.000000
0.998947 0.037592 0.026298 0.000000 -0.033497 0.989324 -0.141829 15.556500 -0.031349 0.140799 0.989542 7.134300 0.000000 0.000000 0.000000 1.000000</float_array><technique_common><accessor source="#mixamorig_Neck-Matrix-animation-output-transform-array" count="22" stride="16"><param type="float4x4"/></accessor></technique_common></source><source id="mixamorig_Neck-Interpolations"><Name_array id="mixamorig_Neck-Interpolations-array" count="22">
 LINEAR LINEAR LINEAR LINEAR LINEAR LINEAR LINEAR LINEAR LINEAR LINEAR LINEAR
LINEAR LINEAR LINEAR LINEAR LINEAR LINEAR LINEAR LINEAR LINEAR LINEAR LINEAR</Name_array><technique_common><accessor source="#mixamorig_Neck-Interpolations-array" count="22"><param type="name"/></accessor></technique_common></source><sampler id="mixamorig_Neck-Matrix-animation-transform"><input semantic="INPUT" source="#mixamorig_Neck-Matrix-animation-input"/><input semantic="OUTPUT" source="#mixamorig_Neck-Matrix-animation-output-transform"/><input semantic="INTERPOLATION" source="#mixamorig_Neck-Interpolations"/></sampler><channel source="#mixamorig_Neck-Matrix-animation-transform" target="mixamorig_Neck/matrix"/></animation>
    <animation id="mixamorig_Head-anim" name="mixamorig_Head"><source id="mixamorig_Head-Matrix-animation-input"><float_array id="mixamorig_Head-Matrix-animation-input-array" count="22">

0.000000 0.033333 0.066667 0.100000 0.133333 0.166667 0.200000 0.233333 0.266667 0.300000 0.333333 0.366667 0.400000 0.433333 0.466667 0.500000
0.533333 0.566667 0.600000 0.633333 0.666667 0.700000</float_array><technique_common><accessor source="#mixamorig_Head-Matrix-animation-input-array" count="22"><param name="TIME" type="float"/></accessor></technique_common></source><source id="mixamorig_Head-Matrix-animation-output-transform"><float_array id="mixamorig_Head-Matrix-animation-output-transform-array" count="352">

0.998947 0.037592 0.026298 -0.000000 -0.037344 0.999254 -0.009857 7.137700 -0.026649 0.008864 0.999606 4.237100 0.000000 0.000000 0.000000 1.000000
0.999036 0.035686 0.025546 0.000000 -0.035445 0.999323 -0.009842 7.137700 -0.025880 0.008927 0.999625 4.237100 0.000000 0.000000 0.000000 1.000000
0.999134 0.033499 0.024666 0.000000 -0.033264 0.999398 -0.009866 7.137700 -0.024982 0.009037 0.999647 4.237100 0.000000 0.000000 0.000000 1.000000
0.999226 0.031324 0.023778 0.000000 -0.031096 0.999467 -0.009919 7.137700 -0.024076 0.009172 0.999668 4.237100 0.000000 0.000000 0.000000 1.000000
0.999301 0.029457 0.022998 -0.000000 -0.029233 0.999523 -0.009998 7.137700 -0.023282 0.009318 0.999686 4.237100 0.000000 0.000000 0.000000 1.000000
0.999350 0.028199 0.022451 -0.000000 -0.027978 0.999558 -0.010097 7.137700 -0.022726 0.009463 0.999697 4.237100 0.000000 0.000000 0.000000 1.000000
0.999366 0.027811 0.022242 -0.000000 -0.027589 0.999567 -0.010213 7.137700 -0.022516 0.009593 0.999700 4.237100 0.000000 0.000000 0.000000 1.000000
0.999352 0.028228 0.022352 0.000000 -0.028003 0.999554 -0.010327 7.137700 -0.022634 0.009695 0.999697 4.237100 0.000000 0.000000 0.000000 1.000000
0.999313 0.029278 0.022720 0.000000 -0.029048 0.999524 -0.010418 7.137700 -0.023014 0.009751 0.999688 4.237100 0.000000 0.000000 0.000000 1.000000
0.999254 0.030820 0.023292 -0.000000 -0.030583 0.999477 -0.010465 7.137700 -0.023603 0.009745 0.999674 4.237100 0.000000 0.000000 0.000000 1.000000
0.999176 0.032719 0.024024 0.000000 -0.032476 0.999418 -0.010448 7.137700 -0.024352 0.009659 0.999657 4.237100 0.000000 0.000000 0.000000 1.000000
0.999084 0.034835 0.024863 -0.000000 -0.034587 0.999348 -0.010357 7.137700 -0.025207 0.009488 0.999637 4.237100 0.000000 0.000000 0.000000 1.000000
0.998983 0.037014 0.025743 0.000000 -0.036762 0.999272 -0.010211 7.137700 -0.026102 0.009255 0.999616 4.237100 0.000000 0.000000 0.000000 1.000000
0.998881 0.039108 0.026602 0.000000 -0.038853 0.999195 -0.010029 7.137700 -0.026973 0.008984 0.999596 4.237100 0.000000 0.000000 0.000000 1.000000
0.998785 0.040966 0.027377 -0.000000 -0.040710 0.999123 -0.009826 7.137700 -0.027755 0.008700 0.999577 4.237100 0.000000 0.000000 0.000000 1.000000
0.998706 0.042440 0.028007 0.000000 -0.042185 0.999063 -0.009621 7.137700 -0.028389 0.008427 0.999561 4.237100 0.000000 0.000000 0.000000 1.000000
0.998654 0.043383 0.028431 -0.000000 -0.043131 0.999025 -0.009435 7.137700 -0.028812 0.008196 0.999551 4.237100 0.000000 0.000000 0.000000 1.000000
0.998638 0.043641 0.028583 -0.000000 -0.043392 0.999015 -0.009286 7.137700 -0.028960 0.008033 0.999548 4.237100 0.000000 0.000000 0.000000 1.000000
0.998671 0.043014 0.028376 0.000000 -0.042767 0.999042 -0.009278 7.137700 -0.028748 0.008052 0.999554 4.237100 0.000000 0.000000 0.000000 1.000000
0.998746 0.041607 0.027849 -0.000000 -0.041359 0.999100 -0.009422 7.137700 -0.028216 0.008258 0.999568 4.237100 0.000000 0.000000 0.000000 1.000000
0.998843 0.039706 0.027118 0.000000 -0.039457 0.999175 -0.009641 7.137700 -0.027478 0.008560 0.999586 4.237100 0.000000 0.000000 0.000000 1.000000
0.998947 0.037592 0.026298 -0.000000 -0.037344 0.999254 -0.009857 7.137700 -0.026649 0.008864 0.999606 4.237100 0.000000 0.000000 0.000000 1.000000</float_array><technique_common><accessor source="#mixamorig_Head-Matrix-animation-output-transform-array" count="22" stride="16"><param type="float4x4"/></accessor></technique_common></source><source id="mixamorig_Head-Interpolations"><Name_array id="mixamorig_Head-Interpolations-array" count="22">
 LINEAR LINEAR LINEAR LINEAR LINEAR LINEAR LINEAR LINEAR LINEAR LINEAR LINEAR
LINEAR LINEAR LINEAR LINEAR LINEAR LINEAR LINEAR LINEAR LINEAR LINEAR LINEAR</Name_array><technique_common><accessor source="#mixamorig_Head-Interpolations-array" count="22"><param type="name"/></accessor></technique_common></source><sampler id="mixamorig_Head-Matrix-animation-transform"><input semantic="INPUT" source="#mixamorig_Head-Matrix-animation-input"/><input semantic="OUTPUT" source="#mixamorig_Head-Matrix-animation-output-transform"/><input semantic="INTERPOLATION" source="#mixamorig_Head-Interpolations"/></sampler><channel source="#mixamorig_Head-Matrix-animation-transform" target="mixamorig_Head/matrix"/></animation>
    <animation id="mixamorig_LeftShoulder-anim" name="mixamorig_LeftShoulder"><source id="mixamorig_LeftShoulder-Matrix-animation-input"><float_array id="mixamorig_LeftShoulder-Matrix-animation-input-array" count="22">

0.000000 0.033333 0.066667 0.100000 0.133333 0.166667 0.200000 0.233333 0.266667 0.300000 0.333333 0.366667 0.400000 0.433333 0.466667 0.500000
0.533333 0.566667 0.600000 0.633333 0.666667 0.700000</float_array><technique_common><accessor source="#mixamorig_LeftShoulder-Matrix-animation-input-array" count="22"><param name="TIME" type="float"/></accessor></technique_common></source><source id="mixamorig_LeftShoulder-Matrix-animation-output-transform"><float_array id="mixamorig_LeftShoulder-Matrix-animation-output-transform-array" count="352">

0.034273 0.974316 -0.222563 10.522300 -0.056321 -0.220457 -0.973769 3.499300 -0.997824 0.045909 0.047319 -2.292600 0.000000 0.000000 0.000000 1.000000
0.034557 0.974294 -0.222614 10.522300 -0.056232 -0.220498 -0.973765 3.499300 -0.997820 0.046168 0.047167 -2.292600 0.000000 0.000000 0.000000 1.000000
0.035373 0.974244 -0.222704 10.522300 -0.055967 -0.220563 -0.973766 3.499300 -0.997806 0.046909 0.046723 -2.292600 0.000000 0.000000 0.000000 1.000000
0.036605 0.974184 -0.222768 10.522300 -0.055557 -0.220589 -0.973783 3.499300 -0.997784 0.048022 0.046048 -2.292600 0.000000 0.000000 0.000000 1.000000
0.038134 0.974131 -0.222742 10.522300 -0.055033 -0.220518 -0.973829 3.499300 -0.997756 0.049394 0.045200 -2.292600 0.000000 0.000000 0.000000 1.000000
0.039841 0.974105 -0.222559 10.522300 -0.054425 -0.220289 -0.973915 3.499300 -0.997723 0.050915 0.044239 -2.292600 0.000000 0.000000 0.000000 1.000000
0.041609 0.974123 -0.222154 10.522300 -0.053764 -0.219841 -0.974053 3.499300 -0.997686 0.052474 0.043225 -2.292600 0.000000 0.000000 0.000000 1.000000
0.043306 0.974188 -0.221545 10.522300 -0.053098 -0.219195 -0.974235 3.499300 -0.997650 0.053954 0.042235 -2.292600 0.000000 0.000000 0.000000 1.000000
0.044783 0.974279 -0.220851 10.522300 -0.052495 -0.218473 -0.974430 3.499300 -0.997617 0.055232 0.041360 -2.292600 0.000000 0.000000 0.000000 1.000000
0.045891 0.974374 -0.220203 10.522300 -0.052023 -0.217805 -0.974605 3.499300 -0.997591 0.056181 0.040695 -2.292600 0.000000 0.000000 0.000000 1.000000
0.046478 0.974451 -0.219737 10.522300 -0.051755 -0.217330 -0.974725 3.499300 -0.997578 0.056676 0.040332 -2.292600 0.000000 0.000000 0.000000 1.000000
0.046462 0.974489 -0.219573 10.522300 -0.051736 -0.217168 -0.974762 3.499300 -0.997579 0.056650 0.040326 -2.292600 0.000000 0.000000 0.000000 1.000000
0.045947 0.974489 -0.219684 10.522300 -0.051928 -0.217289 -0.974725 3.499300 -0.997593 0.056193 0.040619 -2.292600 0.000000 0.000000 0.000000 1.000000
0.045045 0.974480 -0.219906 10.522300 -0.052267 -0.217529 -0.974653 3.499300 -0.997617 0.055397 0.041134 -2.292600 0.000000 0.000000 0.000000 1.000000
0.043846 0.974468 -0.220205 10.522300 -0.052717 -0.217853 -0.974557 3.499300 -0.997646 0.054339 0.041819 -2.292600 0.000000 0.000000 0.000000 1.000000
0.042435 0.974451 -0.220554 10.522300 -0.053248 -0.218233 -0.974443 3.499300 -0.997679 0.053095 0.042627 -2.292600 0.000000 0.000000 0.000000 1.000000
0.040896 0.974430 -0.220940 10.522300 -0.053827 -0.218655 -0.974316 3.499300 -0.997712 0.051738 0.043508 -2.292600 0.000000 0.000000 0.000000 1.000000
0.039316 0.974407 -0.221326 10.522300 -0.054422 -0.219080 -0.974188 3.499300 -0.997744 0.050346 0.044416 -2.292600 0.000000 0.000000 0.000000 1.000000
0.037778 0.974382 -0.221704 10.522300 -0.055001 -0.219498 -0.974061 3.499300 -0.997771 0.048992 0.045299 -2.292600 0.000000 0.000000 0.000000 1.000000
0.036369 0.974356 -0.222052 10.522300 -0.055532 -0.219885 -0.973944 3.499300 -0.997794 0.047752 0.046111 -2.292600 0.000000 0.000000 0.000000 1.000000
0.035172 0.974334 -0.222343 10.522300 -0.055983 -0.220210 -0.973845 3.499300 -0.997812 0.046699 0.046801 -2.292600 0.000000 0.000000 0.000000 1.000000
0.034273 0.974316 -0.222563 10.522300 -0.056321 -0.220457 -0.973769 3.499300 -0.997824 0.045909 0.047319 -2.292600 0.000000 0.000000 0.000000 1.000000</float_array><technique_common><accessor source="#mixamorig_LeftShoulder-Matrix-animation-output-transform-array" count="22" stride="16"><param type="float4x4"/></accessor></technique_common></source><source id="mixamorig_LeftShoulder-Interpolations"><Name_array id="mixamorig_LeftShoulder-Interpolations-array" count="22">
 LINEAR LINEAR LINEAR LINEAR LINEAR LINEAR LINEAR LINEAR LINEAR LINEAR LINEAR
LINEAR LINEAR LINEAR LINEAR LINEAR LINEAR LINEAR LINEAR LINEAR LINEAR LINEAR</Name_array><technique_common><accessor source="#mixamorig_LeftShoulder-Interpolations-array" count="22"><param type="name"/></accessor></technique_common></source><sampler id="mixamorig_LeftShoulder-Matrix-animation-transform"><input semantic="INPUT" source="#mixamorig_LeftShoulder-Matrix-animation-input"/><input semantic="OUTPUT" source="#mixamorig_LeftShoulder-Matrix-animation-output-transform"/><input semantic="INTERPOLATION" source="#mixamorig_LeftShoulder-Interpolations"/></sampler><channel source="#mixamorig_LeftShoulder-Matrix-animation-transform" target="mixamorig_LeftShoulder/matrix"/></animation>
    <animation id="mixamorig_LeftArm-anim" name="mixamorig_LeftArm"><source id="mixamorig_LeftArm-Matrix-animation-input"><float_array id="mixamorig_LeftArm-Matrix-animation-input-array" count="22">

0.000000 0.033333 0.066667 0.100000 0.133333 0.166667 0.200000 0.233333 0.266667 0.300000 0.333333 0.366667 0.400000 0.433333 0.466667 0.500000
0.533333 0.566667 0.600000 0.633333 0.666667 0.700000</float_array><technique_common><accessor source="#mixamorig_LeftArm-Matrix-animation-input-array" count="22"><param name="TIME" type="float"/></accessor></technique_common></source><source id="mixamorig_LeftArm-Matrix-animation-output-transform"><float_array id="mixamorig_LeftArm-Matrix-animation-output-transform-array" count="352">

0.943183 0.154534 -0.294150 -0.866200 -0.132980 0.986835 0.092044 11.530100 0.304502 -0.047698 0.951317 -3.295200 0.000000 0.000000 0.000000 1.000000
0.943587 0.151040 -0.294669 -0.866200 -0.131341 0.987630 0.085655 11.530100 0.303961 -0.042121 0.951753 -3.295200 0.000000 0.000000 0.000000 1.000000
0.944537 0.144705 -0.294804 -0.866200 -0.127390 0.988842 0.077223 11.530100 0.302690 -0.035385 0.952432 -3.295200 0.000000 0.000000 0.000000 1.000000
0.945833 0.136276 -0.294668 -0.866200 -0.121545 0.990265 0.067832 11.530100 0.301043 -0.028342 0.953189 -3.295200 0.000000 0.000000 0.000000 1.000000
0.947270 0.126503 -0.294408 -0.866200 -0.114238 0.991726 0.058567 11.530100 0.299381 -0.021846 0.953883 -3.295200 0.000000 0.000000 0.000000 1.000000
0.948651 0.116145 -0.294231 -0.866200 -0.105920 0.993091 0.050510 11.530100 0.298065 -0.016751 0.954399 -3.295200 0.000000 0.000000 0.000000 1.000000
0.949818 0.105848 -0.294349 -0.866200 -0.096949 0.994285 0.044706 11.530100 0.297399 -0.013926 0.954652 -3.295200 0.000000 0.000000 0.000000 1.000000
0.950825 0.095610 -0.294604 -0.866200 -0.087211 0.995323 0.041549 11.530100 0.297198 -0.013813 0.954716 -3.295200 0.000000 0.000000 0.000000 1.000000
0.951642 0.086074 -0.294905 -0.866200 -0.077507 0.996163 0.040640 11.530100 0.297271 -0.015818 0.954662 -3.295200 0.000000 0.000000 0.000000 1.000000
0.952226 0.078169 -0.295221 -0.866200 -0.068956 0.996756 0.041505 11.530100 0.297508 -0.019165 0.954527 -3.295200 0.000000 0.000000 0.000000 1.000000
0.952569 0.072829 -0.295479 -0.866200 -0.062685 0.997077 0.043673 11.530100 0.297796 -0.023080 0.954351 -3.295200 0.000000 0.000000 0.000000 1.000000
0.952683 0.070994 -0.295560 -0.866200 -0.059824 0.997117 0.046678 11.530100 0.298022 -0.026787 0.954183 -3.295200 0.000000 0.000000 0.000000 1.000000
0.952558 0.073677 -0.295306 -0.866200 -0.061366 0.996824 0.050756 11.530100 0.298107 -0.030226 0.954054 -3.295200 0.000000 0.000000 0.000000 1.000000
0.952176 0.080865 -0.294654 -0.866200 -0.067038 0.996135 0.056746 11.530100 0.298104 -0.034279 0.953918 -3.295200 0.000000 0.000000 0.000000 1.000000
0.951533 0.091203 -0.293711 -0.866200 -0.075630 0.995082 0.063972 11.530100 0.298101 -0.038658 0.953751 -3.295200 0.000000 0.000000 0.000000 1.000000
0.950636 0.103243 -0.292630 -0.866200 -0.085886 0.993730 0.071589 11.530100 0.298186 -0.042922 0.953542 -3.295200 0.000000 0.000000 0.000000 1.000000
0.949533 0.115537 -0.291614 -0.866200 -0.096540 0.992208 0.078764 11.530100 0.298442 -0.046637 0.953288 -3.295200 0.000000 0.000000 0.000000 1.000000
0.948322 0.126679 -0.290926 -0.866200 -0.106362 0.990715 0.084687 11.530100 0.298952 -0.049367 0.952990 -3.295200 0.000000 0.000000 0.000000 1.000000
0.946992 0.136174 -0.290969 -0.866200 -0.114982 0.989389 0.088815 11.530100 0.299976 -0.050651 0.952601 -3.295200 0.000000 0.000000 0.000000 1.000000
0.945577 0.144144 -0.291730 -0.866200 -0.122494 0.988264 0.091265 11.530100 0.301461 -0.050563 0.952137 -3.295200 0.000000 0.000000 0.000000 1.000000
0.944249 0.150345 -0.292900 -0.866200 -0.128594 0.987396 0.092268 11.530100 0.303080 -0.049459 0.951681 -3.295200 0.000000 0.000000 0.000000 1.000000
