<?xml version="1.0" encoding="utf-8"?>
<COLLADA xmlns="http://www.collada.org/2005/11/COLLADASchema" version="1.4.1">
  <asset><contributor><author>Mixamo</author><authoring_tool>COLLADA Mixamo exporter</authoring_tool><comments></comments></contributor><created>2020-03-30T14:16:22Z</created><modified>2020-03-30T14:16:22Z</modified><revision></revision><title></title><unit meter="0.010000"/><up_axis>Y_UP</up_axis></asset>
  <library_animations>
    <animation id="mixamorig_Hips-anim" name="mixamorig_Hips"><source id="mixamorig_Hips-Matrix-animation-input"><float_array id="mixamorig_Hips-Matrix-animation-input-array" count="31">

0.000000 0.033333 0.066667 0.100000 0.133333 0.166667 0.200000 0.233333 0.266667 0.300000 0.333333 0.366667 0.400000 0.433333 0.466667 0.500000
0.533333 0.566667 0.600000 0.633333 0.666667 0.700000 0.733333 0.766667 0.800000 0.833333 0.866667 0.900000 0.933333 0.966667 1.000000</float_array><technique_common><accessor source="#mixamorig_Hips-Matrix-animation-input-array" count="31"><param name="TIME" type="float"/></accessor></technique_common></source><source id="mixamorig_Hips-Matrix-animation-output-transform"><float_array id="mixamorig_Hips-Matrix-animation-output-transform-array" count="496">

0.948948 -0.063569 0.308960 -0.731830 0.172537 0.924571 -0.339705 46.434692 -0.264061 0.375669 0.888338 -2.385545 0.000000 0.000000 0.000000 1.000000
0.969865 0.061030 0.235876 -1.166381 -0.008166 0.975719 -0.218874 53.204662 -0.243507 0.210352 0.946814 -0.279088 0.000000 0.000000 0.000000 1.000000
0.969230 0.190745 0.155598 -1.180588 -0.176606 0.979163 -0.100247 60.855869 -0.171477 0.069683 0.982721 1.607927 0.000000 0.000000 0.000000 1.000000
0.957136 0.266628 0.113137 -1.220750 -0.267903 0.963437 -0.004062 68.484558 -0.110083 -0.026422 0.993571 2.213053 0.000000 0.000000 0.000000 1.000000
0.966056 0.236760 0.103344 -1.738576 -0.244206 0.967446 0.066416 77.258987 -0.084255 -0.089398 0.992426 2.509538 0.000000 0.000000 0.000000 1.000000
0.985398 0.135324 0.103339 -2.411154 -0.148421 0.980098 0.131827 86.200455 -0.083443 -0.145240 0.985871 2.667195 0.000000 0.000000 0.000000 1.000000
0.993707 0.041404 0.104076 -2.843152 -0.060818 0.979719 0.190926 93.921753 -0.094060 -0.196054 0.976072 2.483403 0.000000 0.000000 0.000000 1.000000
0.995942 0.011523 0.089257 -2.792377 -0.031110 0.974710 0.221298 100.197495 -0.084449 -0.223177 0.971113 2.197639 0.000000 0.000000 0.000000 1.000000
0.997860 0.045116 0.047331 -2.070495 -0.054107 0.976155 0.210225 105.282295 -0.036718 -0.212336 0.976507 1.969982 0.000000 0.000000 0.000000 1.000000
0.994917 0.100590 -0.004575 -1.012678 -0.098258 0.979778 0.174302 109.469986 0.022015 -0.172967 0.984682 1.670336 0.000000 0.000000 0.000000 1.000000
0.990047 0.135815 -0.036887 -0.167498 -0.129448 0.981655 0.139986 112.650482 0.055222 -0.133818 0.989466 1.320678 0.000000 0.000000 0.000000 1.000000
0.989979 0.134364 -0.043460 0.146917 -0.128213 0.984189 0.122205 114.164658 0.059193 -0.115408 0.991553 1.133394 0.000000 0.000000 0.000000 1.000000
0.993908 0.100980 -0.044159 0.060366 -0.095107 0.988288 0.119334 113.652527 0.055692 -0.114408 0.991872 1.638070 0.000000 0.000000 0.000000 1.000000
0.998177 0.040743 -0.044532 -0.167000 -0.035395 0.992745 0.114913 110.452881 0.048891 -0.113127 0.992377 3.098229 0.000000 0.000000 0.000000 1.000000
0.998760 -0.040381 -0.029128 -0.472906 0.043043 0.994309 0.097451 104.766045 0.025027 -0.098584 0.994814 4.843690 0.000000 0.000000 0.000000 1.000000
0.992603 -0.121226 0.006560 -0.906892 0.120365 0.989727 0.077154 96.911446 -0.015845 -0.075793 0.996998 6.085918 0.000000 0.000000 0.000000 1.000000
0.982458 -0.178400 0.054317 -1.372255 0.174226 0.981937 0.073792 87.669075 -0.066501 -0.063034 0.995793 7.143298 0.000000 0.000000 0.000000 1.000000
0.976939 -0.190207 0.097014 -1.833748 0.181357 0.978996 0.093151 78.324722 -0.112694 -0.073409 0.990914 7.770885 0.000000 0.000000 0.000000 1.000000
0.980774 -0.153567 0.120413 -2.139010 0.139150 0.982949 0.120204 69.665047 -0.136819 -0.101138 0.985420 7.721528 0.000000 0.000000 0.000000 1.000000
0.988869 -0.087289 0.120496 -2.257160 0.070992 0.988505 0.133485 62.645851 -0.130763 -0.123445 0.983698 7.052748 0.000000 0.000000 0.000000 1.000000
0.993980 -0.033493 0.104320 -2.249200 0.021172 0.992901 0.117045 55.156075 -0.107500 -0.114131 0.987632 5.785865 0.000000 0.000000 0.000000 1.000000
0.996092 -0.002755 0.088274 -1.932042 -0.002749 0.998062 0.062172 49.512096 -0.088274 -0.062171 0.994154 4.221613 0.000000 0.000000 0.000000 1.000000
0.994361 -0.019565 0.104226 -1.405347 0.023014 0.999223 -0.031986 46.891163 -0.103520 0.034205 0.994039 2.973320 0.000000 0.000000 0.000000 1.000000
0.983886 -0.077932 0.160919 -1.041625 0.101269 0.984625 -0.142330 46.763626 -0.147352 0.156333 0.976651 2.416308 0.000000 0.000000 0.000000 1.000000
0.957595 -0.149085 0.246545 -1.314620 0.207495 0.950537 -0.231138 48.225422 -0.199891 0.272493 0.941165 1.775476 0.000000 0.000000 0.000000 1.000000
0.923423 -0.187032 0.335124 -1.879391 0.287575 0.915460 -0.281486 48.746777 -0.254146 0.356304 0.899143 1.058686 0.000000 0.000000 0.000000 1.000000
0.893685 -0.173372 0.413847 -2.170698 0.315052 0.899190 -0.303644 47.924667 -0.319483 0.401745 0.858214 0.433765 0.000000 0.000000 0.000000 1.000000
0.871695 -0.134994 0.471089 -2.193989 0.309302 0.897198 -0.315228 47.166924 -0.380106 0.420491 0.823836 -0.487195 0.000000 0.000000 0.000000 1.000000
0.871395 -0.097009 0.480895 -1.941297 0.281163 0.902045 -0.327510 46.861458 -0.402018 0.420600 0.813313 -1.362173 0.000000 0.000000 0.000000 1.000000
0.901637 -0.071697 0.426509 -1.424484 0.232788 0.911578 -0.338874 46.750336 -0.364500 0.404828 0.838603 -2.010072 0.000000 0.000000 0.000000 1.000000
0.948948 -0.063569 0.308960 -0.731828 0.172537 0.924571 -0.339705 46.434692 -0.264061 0.375669 0.888338 -2.385547 0.000000 0.000000 0.000000 1.000000</float_array><technique_common><accessor source="#mixamorig_Hips-Matrix-animation-output-transform-array" count="31" stride="16"><param type="float4x4"/></accessor></technique_common></source><source id="mixamorig_Hips-Interpolations"><Name_array id="mixamorig_Hips-Interpolations-array" count="31">
 LINEAR LINEAR LINEAR LINEAR LINEAR LINEAR LINEAR LINEAR LINEAR LINEAR LINEAR
LINEAR LINEAR LINEAR LINEAR LINEAR LINEAR LINEAR LINEAR LINEAR LINEAR LINEAR LINEAR
LINEAR LINEAR LINEAR LINEAR LINEAR LINEAR LINEAR LINEAR</Name_array><technique_common><accessor source="#mixamorig_Hips-Interpolations-array" count="31"><param type="name"/></accessor></technique_common></source><sampler id="mixamorig_Hips-Matrix-animation-transform"><input semantic="INPUT" source="#mixamorig_Hips-Matrix-animation-input"/><input semantic="OUTPUT" source="#mixamorig_Hips-Matrix-animation-output-transform"/><input semantic="INTERPOLATION" source="#mixamorig_Hips-Interpolations"/></sampler><channel source="#mixamorig_Hips-Matrix-animation-transform" target="mixamorig_Hips/matrix"/></animation>
    <animation id="mixamorig_Spine-anim" name="mixamorig_Spine"><source id="mixamorig_Spine-Matrix-animation-input"><float_array id="mixamorig_Spine-Matrix-animation-input-array" count="31">

0.000000 0.033333 0.066667 0.100000 0.133333 0.166667 0.200000 0.233333 0.266667 0.300000 0.333333 0.366667 0.400000 0.433333 0.466667 0.500000
0.533333 0.566667 0.600000 0.633333 0.666667 0.700000 0.733333 0.766667 0.800000 0.833333 0.866667 0.900000 0.933333 0.966667 1.000000</float_array><technique_common><accessor source="#mixamorig_Spine-Matrix-animation-input-array" count="31"><param name="TIME" type="float"/></accessor></technique_common></source><source id="mixamorig_Spine-Matrix-animation-output-transform"><float_array id="mixamorig_Spine-Matrix-animation-output-transform-array" count="496">

0.977217 0.050281 -0.206200 -0.000000 -0.076433 0.989719 -0.120893 16.216101 0.198002 0.133899 0.971013 -2.336500 0.000000 0.000000 0.000000 1.000000
0.979207 0.028440 -0.200863 0.000000 -0.044016 0.996322 -0.073514 16.216101 0.198033 0.080826 0.976857 -2.336500 0.000000 0.000000 0.000000 1.000000
0.976280 -0.032831 -0.214010 0.000000 0.027069 0.999189 -0.029802 16.216101 0.214815 0.023302 0.976377 -2.336500 0.000000 0.000000 0.000000 1.000000
0.960839 -0.082507 -0.264539 0.000000 0.082735 0.996518 -0.010300 16.216101 0.264468 -0.011990 0.964320 -2.336500 0.000000 0.000000 0.000000 1.000000
0.946653 -0.059848 -0.316649 0.000000 0.056671 0.998207 -0.019242 16.216101 0.317233 0.000271 0.948348 -2.336500 0.000000 0.000000 0.000000 1.000000
0.942468 0.013642 -0.334018 0.000000 -0.031553 0.998336 -0.048257 16.216101 0.332804 0.056020 0.941330 -2.336500 0.000000 0.000000 0.000000 1.000000
0.942701 0.070652 -0.326074 0.000000 -0.105310 0.990370 -0.089871 16.216101 0.316584 0.119061 0.941063 -2.336500 0.000000 0.000000 0.000000 1.000000
0.949130 0.062593 -0.308600 -0.000000 -0.108634 0.984963 -0.134335 16.216101 0.295552 0.161026 0.941658 -2.336500 0.000000 0.000000 0.000000 1.000000
0.959563 -0.001527 -0.281488 0.000000 -0.048879 0.983890 -0.171962 16.216101 0.277216 0.178768 0.944030 -2.336500 0.000000 0.000000 0.000000 1.000000
0.966416 -0.073815 -0.246152 0.000000 0.022870 0.978762 -0.203718 16.216101 0.255961 0.191247 0.947580 -2.336500 0.000000 0.000000 0.000000 1.000000
0.970462 -0.111795 -0.213788 -0.000000 0.060573 0.970678 -0.232628 16.216101 0.233526 0.212807 0.948777 -2.336500 0.000000 0.000000 0.000000 1.000000
0.976144 -0.103385 -0.190933 0.000000 0.052449 0.965597 -0.254698 16.216101 0.210696 0.238607 0.947984 -2.336500 0.000000 0.000000 0.000000 1.000000
0.983408 -0.058001 -0.171886 0.000000 0.011275 0.965220 -0.261198 16.216101 0.181057 0.254926 0.949858 -2.336500 0.000000 0.000000 0.000000 1.000000
0.986947 0.009161 -0.160784 -0.000000 -0.049089 0.967983 -0.246168 16.216101 0.153381 0.250847 0.955798 -2.336500 0.000000 0.000000 0.000000 1.000000
0.983375 0.080496 -0.162770 0.000000 -0.113977 0.971425 -0.208188 16.216101 0.141361 0.223279 0.964450 -2.336500 0.000000 0.000000 0.000000 1.000000
0.978314 0.134940 -0.157140 -0.000000 -0.159882 0.974290 -0.158734 16.216101 0.131680 0.180416 0.974736 -2.336500 0.000000 0.000000 0.000000 1.000000
0.979540 0.158873 -0.123534 0.000000 -0.173556 0.977621 -0.118895 16.216101 0.101881 0.137902 0.985192 -2.336500 0.000000 0.000000 0.000000 1.000000
0.988286 0.140782 -0.058907 0.000000 -0.146331 0.983764 -0.103902 16.216101 0.043323 0.111305 0.992841 -2.336500 0.000000 0.000000 0.000000 1.000000
0.996637 0.079587 0.019491 0.000000 -0.076913 0.990681 -0.112408 16.216101 -0.028256 0.110531 0.993471 -2.336500 0.000000 0.000000 0.000000 1.000000
0.996014 -0.009867 0.088648 -0.000000 0.021430 0.991224 -0.130446 16.216101 -0.086583 0.131826 0.987484 -2.336500 0.000000 0.000000 0.000000 1.000000
0.986583 -0.087866 0.137599 -0.000000 0.107385 0.984090 -0.141546 16.216101 -0.122973 0.154423 0.980322 -2.336500 0.000000 0.000000 0.000000 1.000000
0.974212 -0.138159 0.178393 0.000000 0.162919 0.977700 -0.132514 16.216101 -0.156107 0.158161 0.974995 -2.336500 0.000000 0.000000 0.000000 1.000000
0.971050 -0.124596 0.203807 0.000000 0.148093 0.983450 -0.104373 16.216101 -0.187430 0.131534 0.973432 -2.336500 0.000000 0.000000 0.000000 1.000000
0.979743 -0.040121 0.196201 0.000000 0.054840 0.996027 -0.070167 16.216101 -0.192606 0.079505 0.978050 -2.336500 0.000000 0.000000 0.000000 1.000000
0.987469 0.085187 0.132848 -0.000000 -0.080955 0.996033 -0.036950 16.216101 -0.135468 0.025733 0.990447 -2.336500 0.000000 0.000000 0.000000 1.000000
0.983126 0.181558 0.022359 0.000000 -0.181535 0.983380 -0.003069 16.216101 -0.022544 -0.001041 0.999745 -2.336500 0.000000 0.000000 0.000000 1.000000
0.973099 0.202326 -0.110194 -0.000000 -0.202081 0.979276 0.013509 16.216101 0.110643 0.009122 0.993818 -2.336500 0.000000 0.000000 0.000000 1.000000
0.959271 0.165253 -0.229108 -0.000000 -0.171209 0.985215 -0.006222 16.216101 0.224693 0.045194 0.973381 -2.336500 0.000000 0.000000 0.000000 1.000000
0.951023 0.108824 -0.289330 -0.000000 -0.127820 0.990658 -0.047532 16.216101 0.281455 0.082186 0.956048 -2.336500 0.000000 0.000000 0.000000 1.000000
0.958900 0.065335 -0.276119 -0.000000 -0.092969 0.991756 -0.088191 16.216101 0.268081 0.110236 0.957069 -2.336500 0.000000 0.000000 0.000000 1.000000
0.977217 0.050281 -0.206201 -0.000000 -0.076433 0.989719 -0.120893 16.216101 0.198002 0.133899 0.971013 -2.336500 0.000000 0.000000 0.000000 1.000000</float_array><technique_common><accessor source="#mixamorig_Spine-Matrix-animation-output-transform-array" count="31" stride="16"><param type="float4x4"/></accessor></technique_common></source><source id="mixamorig_Spine-Interpolations"><Name_array id="mixamorig_Spine-Interpolations-array" count="31">
 LINEAR LINEAR LINEAR LINEAR LINEAR LINEAR LINEAR LINEAR LINEAR LINEAR LINEAR
LINEAR LINEAR LINEAR LINEAR LINEAR LINEAR LINEAR LINEAR LINEAR LINEAR LINEAR LINEAR
LINEAR LINEAR LINEAR LINEAR LINEAR LINEAR LINEAR LINEAR</Name_array><technique_common><accessor source="#mixamorig_Spine-Interpolations-array" count="31"><param type="name"/></accessor></technique_common></source><sampler id="mixamorig_Spine-Matrix-animation-transform"><input semantic="INPUT" source="#mixamorig_Spine-Matrix-animation-input"/><input semantic="OUTPUT" source="#mixamorig_Spine-Matrix-animation-output-transform"/><input semantic="INTERPOLATION" source="#mixamorig_Spine-Interpolations"/></sampler><channel source="#mixamorig_Spine-Matrix-animation-transform" target="mixamorig_Spine/matrix"/></animation>
    <animation id="mixamorig_Spine1-anim" name="mixamorig_Spine1"><source id="mixamorig_Spine1-Matrix-animation-input"><float_array id="mixamorig_Spine1-Matrix-animation-input-array" count="31">

0.000000 0.033333 0.066667 0.100000 0.133333 0.166667 0.200000 0.233333 0.266667 0.300000 0.333333 0.366667 0.400000 0.433333 0.466667 0.500000
0.533333 0.566667 0.600000 0.633333 0.666667 0.700000 0.733333 0.766667 0.800000 0.833333 0.866667 0.900000 0.933333 0.966667 1.000000</float_array><technique_common><accessor source="#mixamorig_Spine1-Matrix-animation-input-array" count="31"><param name="TIME" type="float"/></accessor></technique_common></source><source id="mixamorig_Spine1-Matrix-animation-output-transform"><float_array id="mixamorig_Spine1-Matrix-animation-output-transform-array" count="496">

0.998511 0.019432 -0.050973 0.000000 -0.020446 0.999602 -0.019452 9.477100 0.050575 0.020465 0.998511 -1.486900 0.000000 0.000000 0.000000 1.000000
0.999386 -0.015639 -0.031357 0.000000 0.015443 0.999860 -0.006504 9.477100 0.031455 0.006015 0.999487 -1.486900 0.000000 0.000000 0.000000 1.000000
0.996810 -0.077461 -0.019238 -0.000000 0.077985 0.996557 0.028156 9.477100 0.016990 -0.029567 0.999418 -1.486900 0.000000 0.000000 0.000000 1.000000
0.990382 -0.137712 -0.013396 0.000000 0.138281 0.988464 0.061784 9.477100 0.004733 -0.063042 0.998000 -1.486900 0.000000 0.000000 0.000000 1.000000
0.985796 -0.167729 -0.008558 0.000000 0.167915 0.983327 0.069807 9.477100 -0.003293 -0.070252 0.997524 -1.486900 0.000000 0.000000 0.000000 1.000000
0.986728 -0.162381 -0.000676 0.000000 0.162262 0.985826 0.042644 9.477100 -0.006259 -0.042188 0.999090 -1.486900 0.000000 0.000000 0.000000 1.000000
0.990113 -0.140056 0.007748 0.000000 0.140139 0.990064 -0.011544 9.477100 -0.006054 0.012516 0.999903 -1.486900 0.000000 0.000000 0.000000 1.000000
0.992939 -0.118120 0.010937 0.000000 0.118613 0.989932 -0.077232 9.477100 -0.001704 0.077984 0.996953 -1.486900 0.000000 0.000000 0.000000 1.000000
0.995114 -0.098485 0.007045 -0.000000 0.098484 0.984941 -0.142098 9.477100 0.007056 0.142097 0.989828 -1.486900 0.000000 0.000000 0.000000 1.000000
0.997046 -0.076812 -0.000058 -0.000000 0.075253 0.976956 -0.199733 9.477100 0.015398 0.199138 0.979850 -1.486900 0.000000 0.000000 0.000000 1.000000
0.998493 -0.054660 -0.004802 -0.000000 0.051806 0.967951 -0.245736 9.477100 0.018080 0.245117 0.969325 -1.486900 0.000000 0.000000 0.000000 1.000000
0.999310 -0.036944 -0.003930 0.000000 0.034456 0.961156 -0.273847 9.477100 0.013894 0.273523 0.961765 -1.486900 0.000000 0.000000 0.000000 1.000000
0.999720 -0.023574 0.002177 -0.000000 0.023257 0.960761 -0.276401 9.477100 0.004424 0.276374 0.961040 -1.486900 0.000000 0.000000 0.000000 1.000000
0.999883 -0.011644 0.009916 0.000000 0.013798 0.966426 -0.256575 9.477100 -0.006595 0.256682 0.966473 -1.486900 0.000000 0.000000 0.000000 1.000000
0.999898 0.000606 0.014305 0.000000 0.002571 0.975267 -0.221016 9.477100 -0.014085 0.221030 0.975165 -1.486900 0.000000 0.000000 0.000000 1.000000
0.999854 0.011239 0.012907 -0.000000 -0.008756 0.983905 -0.178475 9.477100 -0.014705 0.178336 0.983860 -1.486900 0.000000 0.000000 0.000000 1.000000
0.999823 0.016958 0.008109 0.000000 -0.015619 0.989512 -0.143601 9.477100 -0.010459 0.143449 0.989602 -1.486900 0.000000 0.000000 0.000000 1.000000
0.999840 0.017338 0.004419 0.000000 -0.016625 0.991526 -0.128838 9.477100 -0.006615 0.128744 0.991656 -1.486900 0.000000 0.000000 0.000000 1.000000
0.999891 0.014347 0.003558 -0.000000 -0.013735 0.990738 -0.135091 9.477100 -0.005464 0.135027 0.990827 -1.486900 0.000000 0.000000 0.000000 1.000000
0.999942 0.010146 0.003641 0.000000 -0.009494 0.988905 -0.148249 9.477100 -0.005105 0.148206 0.988943 -1.486900 0.000000 0.000000 0.000000 1.000000
0.999976 0.006233 0.003100 0.000000 -0.005705 0.988959 -0.148076 9.477100 -0.003989 0.148055 0.988971 -1.486900 0.000000 0.000000 0.000000 1.000000
0.999990 0.003274 0.003127 0.000000 -0.002860 0.992245 -0.124263 9.477100 -0.003510 0.124252 0.992244 -1.486900 0.000000 0.000000 0.000000 1.000000
0.999984 0.002403 0.005066 0.000000 -0.001997 0.996893 -0.078739 9.477100 -0.005240 0.078728 0.996882 -1.486900 0.000000 0.000000 0.000000 1.000000
0.999967 0.004987 0.006361 0.000000 -0.004845 0.999743 -0.022133 9.477100 -0.006470 0.022102 0.999735 -1.486900 0.000000 0.000000 0.000000 1.000000
0.999933 0.011425 0.002101 0.000000 -0.011489 0.999378 0.033343 9.477100 -0.001719 -0.033365 0.999442 -1.486900 0.000000 0.000000 0.000000 1.000000
0.999763 0.019616 -0.009400 0.000000 -0.018834 0.996845 0.077111 9.477100 0.010883 -0.076916 0.996978 -1.486900 0.000000 0.000000 0.000000 1.000000
0.999377 0.025307 -0.024586 0.000000 -0.022763 0.994853 0.098740 9.477100 0.026958 -0.098118 0.994810 -1.486900 0.000000 0.000000 0.000000 1.000000
0.998953 0.025216 -0.038160 -0.000000 -0.021704 0.995723 0.089807 9.477100 0.040261 -0.088885 0.995228 -1.486900 0.000000 0.000000 0.000000 1.000000
0.998661 0.022230 -0.046714 -0.000000 -0.019441 0.998050 0.059314 9.477100 0.047941 -0.058326 0.997146 -1.486900 0.000000 0.000000 0.000000 1.000000
0.998533 0.019742 -0.050420 -0.000000 -0.018784 0.999635 0.019400 9.477100 0.050785 -0.018424 0.998540 -1.486900 0.000000 0.000000 0.000000 1.000000
0.998511 0.019432 -0.050973 0.000000 -0.020446 0.999602 -0.019452 9.477100 0.050575 0.020465 0.998511 -1.486900 0.000000 0.000000 0.000000 1.000000</float_array><technique_common><accessor source="#mixamorig_Spine1-Matrix-animation-output-transform-array" count="31" stride="16"><param type="float4x4"/></accessor></technique_common></source><source id="mixamorig_Spine1-Interpolations"><Name_array id="mixamorig_Spine1-Interpolations-array" count="31">
 LINEAR LINEAR LINEAR LINEAR LINEAR LINEAR LINEAR LINEAR LINEAR LINEAR LINEAR
LINEAR LINEAR LINEAR LINEAR LINEAR LINEAR LINEAR LINEAR LINEAR LINEAR LINEAR LINEAR
LINEAR LINEAR LINEAR LINEAR LINEAR LINEAR LINEAR LINEAR</Name_array><technique_common><accessor source="#mixamorig_Spine1-Interpolations-array" count="31"><param type="name"/></accessor></technique_common></source><sampler id="mixamorig_Spine1-Matrix-animation-transform"><input semantic="INPUT" source="#mixamorig_Spine1-Matrix-animation-input"/><input semantic="OUTPUT" source="#mixamorig_Spine1-Matrix-animation-output-transform"/><input semantic="INTERPOLATION" source="#mixamorig_Spine1-Interpolations"/></sampler><channel source="#mixamorig_Spine1-Matrix-animation-transform" target="mixamorig_Spine1/matrix"/></animation>
    <animation id="mixamorig_Spine2-anim" name="mixamorig_Spine2"><source id="mixamorig_Spine2-Matrix-animation-input"><float_array id="mixamorig_Spine2-Matrix-animation-input-array" count="31">

0.000000 0.033333 0.066667 0.100000 0.133333 0.166667 0.200000 0.233333 0.266667 0.300000 0.333333 0.366667 0.400000 0.433333 0.466667 0.500000
0.533333 0.566667 0.600000 0.633333 0.666667 0.700000 0.733333 0.766667 0.800000 0.833333 0.866667 0.900000 0.933333 0.966667 1.000000</float_array><technique_common><accessor source="#mixamorig_Spine2-Matrix-animation-input-array" count="31"><param name="TIME" type="float"/></accessor></technique_common></source><source id="mixamorig_Spine2-Matrix-animation-output-transform"><float_array id="mixamorig_Spine2-Matrix-animation-output-transform-array" count="496">

0.998552 0.018986 -0.050329 -0.000000 -0.020018 0.999598 -0.020078 12.786900 0.049928 0.021057 0.998531 -1.438600 0.000000 0.000000 0.000000 1.000000
0.999421 -0.015455 -0.030321 0.000000 0.014633 0.999524 -0.027148 12.786900 0.030726 0.026689 0.999171 -1.438600 0.000000 0.000000 0.000000 1.000000
0.996830 -0.077892 -0.016205 0.000000 0.077560 0.996783 -0.020196 12.786900 0.017726 0.018875 0.999665 -1.438600 0.000000 0.000000 0.000000 1.000000
0.990242 -0.139133 -0.007981 -0.000000 0.138991 0.990161 -0.016187 12.786900 0.010155 0.014920 0.999837 -1.438600 0.000000 0.000000 0.000000 1.000000
0.985565 -0.169289 -0.001901 0.000000 0.169136 0.985042 -0.032951 12.786900 0.007451 0.032154 0.999455 -1.438600 0.000000 0.000000 0.000000 1.000000
0.986688 -0.162528 0.005623 0.000000 0.162472 0.983662 -0.077543 12.786900 0.007072 0.077424 0.996973 -1.438600 0.000000 0.000000 0.000000 1.000000
0.990384 -0.137722 0.013138 -0.000000 0.138174 0.979912 -0.143804 12.786900 0.006931 0.144237 0.989519 -1.438600 0.000000 0.000000 0.000000 1.000000
0.993393 -0.113648 0.015935 0.000000 0.114376 0.969153 -0.218314 12.786900 0.009368 0.218694 0.975749 -1.438600 0.000000 0.000000 0.000000 1.000000
0.995548 -0.093463 0.012239 -0.000000 0.092999 0.952728 -0.289240 12.786900 0.015373 0.289090 0.957178 -1.438600 0.000000 0.000000 0.000000 1.000000
0.997328 -0.072843 0.005493 -0.000000 0.070139 0.933867 -0.350674 12.786900 0.020414 0.350122 0.936482 -1.438600 0.000000 0.000000 0.000000 1.000000
0.998646 -0.052019 0.000941 0.000000 0.048065 0.915521 -0.399389 12.786900 0.019915 0.398893 0.916781 -1.438600 0.000000 0.000000 0.000000 1.000000
0.999409 -0.034343 0.001426 0.000000 0.031627 0.902563 -0.429394 12.786900 0.013460 0.429185 0.903116 -1.438600 0.000000 0.000000 0.000000 1.000000
0.999795 -0.019363 0.005931 0.000000 0.020028 0.902064 -0.431138 12.786900 0.002998 0.431168 0.902267 -1.438600 0.000000 0.000000 0.000000 1.000000
0.999922 -0.005829 0.011083 0.000000 0.009821 0.914143 -0.405274 12.786900 -0.007768 0.405351 0.914128 -1.438600 0.000000 0.000000 0.000000 1.000000
0.999899 0.006077 0.012867 0.000000 -0.001096 0.934435 -0.356132 12.786900 -0.014187 0.356082 0.934347 -1.438600 0.000000 0.000000 0.000000 1.000000
0.999851 0.013963 0.010102 0.000000 -0.010402 0.956291 -0.292231 12.786900 -0.013741 0.292083 0.956294 -1.438600 0.000000 0.000000 0.000000 1.000000
0.999860 0.015685 0.005906 0.000000 -0.013892 0.972743 -0.231470 12.786900 -0.009376 0.231355 0.972824 -1.438600 0.000000 0.000000 0.000000 1.000000
0.999912 0.012546 0.004296 0.000000 -0.011486 0.981283 -0.192228 12.786900 -0.006628 0.192162 0.981341 -1.438600 0.000000 0.000000 0.000000 1.000000
0.999955 0.007520 0.005725 0.000000 -0.006311 0.982183 -0.187821 12.786900 -0.007035 0.187777 0.982187 -1.438600 0.000000 0.000000 0.000000 1.000000
0.999970 0.002703 0.007312 -0.000000 -0.001135 0.978452 -0.206470 12.786900 -0.007713 0.206455 0.978426 -1.438600 0.000000 0.000000 0.000000 1.000000
0.999974 -0.001020 0.007118 -0.000000 0.002586 0.974667 -0.223646 12.786900 -0.006709 0.223659 0.974644 -1.438600 0.000000 0.000000 0.000000 1.000000
0.999971 -0.003495 0.006717 -0.000000 0.004904 0.974807 -0.222997 12.786900 -0.005768 0.223024 0.974796 -1.438600 0.000000 0.000000 0.000000 1.000000
0.999962 -0.003637 0.007911 0.000000 0.005148 0.979697 -0.200418 12.786900 -0.007021 0.200452 0.979678 -1.438600 0.000000 0.000000 0.000000 1.000000
0.999967 -0.000407 0.008094 -0.000000 0.001717 0.986720 -0.162421 12.786900 -0.007920 0.162430 0.986688 -1.438600 0.000000 0.000000 0.000000 1.000000
0.999981 0.005782 0.001969 0.000000 -0.005506 0.992858 -0.119179 12.786900 -0.002644 0.119166 0.992871 -1.438600 0.000000 0.000000 0.000000 1.000000
0.999849 0.012584 -0.011949 0.000000 -0.013499 0.996712 -0.079897 12.786900 0.010904 0.080046 0.996731 -1.438600 0.000000 0.000000 0.000000 1.000000
0.999444 0.016722 -0.028849 0.000000 -0.018248 0.998404 -0.053452 12.786900 0.027909 0.053948 0.998154 -1.438600 0.000000 0.000000 0.000000 1.000000
0.998980 0.016648 -0.041974 0.000000 -0.018185 0.999168 -0.036504 12.786900 0.041331 0.037230 0.998452 -1.438600 0.000000 0.000000 0.000000 1.000000
0.998676 0.016410 -0.048758 0.000000 -0.017187 0.999731 -0.015547 12.786900 0.048489 0.016365 0.998690 -1.438600 0.000000 0.000000 0.000000 1.000000
0.998562 0.017439 -0.050687 0.000000 -0.017682 0.999834 -0.004355 12.786900 0.050602 0.005245 0.998705 -1.438600 0.000000 0.000000 0.000000 1.000000
0.998552 0.018986 -0.050329 -0.000000 -0.020018 0.999598 -0.020078 12.786900 0.049927 0.021056 0.998531 -1.438600 0.000000 0.000000 0.000000 1.000000</float_array><technique_common><accessor source="#mixamorig_Spine2-Matrix-animation-output-transform-array" count="31" stride="16"><param type="float4x4"/></accessor></technique_common></source><source id="mixamorig_Spine2-Interpolations"><Name_array id="mixamorig_Spine2-Interpolations-array" count="31">
 LINEAR LINEAR LINEAR LINEAR LINEAR LINEAR LINEAR LINEAR LINEAR LINEAR LINEAR
LINEAR LINEAR LINEAR LINEAR LINEAR LINEAR LINEAR LINEAR LINEAR LINEAR LINEAR LINEAR
LINEAR LINEAR LINEAR LINEAR LINEAR LINEAR LINEAR LINEAR</Name_array><technique_common><accessor source="#mixamorig_Spine2-Interpolations-array" count="31"><param type="name"/></accessor></technique_common></source><sampler id="mixamorig_Spine2-Matrix-animation-transform"><input semantic="INPUT" source="#mixamorig_Spine2-Matrix-animation-input"/><input semantic="OUTPUT" source="#mixamorig_Spine2-Matrix-animation-output-transform"/><input semantic="INTERPOLATION" source="#mixamorig_Spine2-Interpolations"/></sampler><channel source="#mixamorig_Spine2-Matrix-animation-transform" target="mixamorig_Spine2/matrix"/></animation>
    <animation id="mixamorig_Neck-anim" name="mixamorig_Neck"><source id="mixamorig_Neck-Matrix-animation-input"><float_array id="mixamorig_Neck-Matrix-animation-input-array" count="31">

0.000000 0.033333 0.066667 0.100000 0.133333 0.166667 0.200000 0.233333 0.266667 0.300000 0.333333 0.366667 0.400000 0.433333 0.466667 0.500000
0.533333 0.566667 0.600000 0.633333 0.666667 0.700000 0.733333 0.766667 0.800000 0.833333 0.866667 0.900000 0.933333 0.966667 1.000000</float_array><technique_common><accessor source="#mixamorig_Neck-Matrix-animation-input-array" count="31"><param name="TIME" type="float"/></accessor></technique_common></source><source id="mixamorig_Neck-Matrix-animation-output-transform"><float_array id="mixamorig_Neck-Matrix-animation-output-transform-array" count="496">

0.999269 0.023759 0.029938 0.000000 -0.023668 0.999714 -0.003379 15.556500 -0.030010 0.002668 0.999546 7.134300 0.000000 0.000000 0.000000 1.000000
0.999148 0.027136 0.031111 0.000000 -0.027534 0.999543 0.012452 15.556500 -0.030759 -0.013298 0.999438 7.134300 0.000000 0.000000 0.000000 1.000000
0.997666 0.061026 0.030636 0.000000 -0.061139 0.998125 0.002775 15.556500 -0.030409 -0.004642 0.999527 7.134300 0.000000 0.000000 0.000000 1.000000
0.993967 0.106475 0.026332 0.000000 -0.105648 0.993919 -0.031029 15.556500 -0.029476 0.028060 0.999172 7.134300 0.000000 0.000000 0.000000 1.000000
0.990502 0.136466 0.016826 0.000000 -0.134881 0.988104 -0.073874 15.556500 -0.026707 0.070903 0.997126 7.134300 0.000000 0.000000 0.000000 1.000000
0.990624 0.136553 0.004152 0.000000 -0.135339 0.985061 -0.106478 15.556500 -0.018629 0.104918 0.994306 7.134300 0.000000 0.000000 0.000000 1.000000
0.993204 0.116237 -0.005878 0.000000 -0.116082 0.985699 -0.122158 15.556500 -0.008405 0.122010 0.992493 7.134300 0.000000 0.000000 0.000000 1.000000
0.995412 0.095377 -0.007628 0.000000 -0.095565 0.987111 -0.128375 15.556500 -0.004715 0.128515 0.991696 7.134300 0.000000 0.000000 0.000000 1.000000
0.996419 0.084553 -0.000902 -0.000000 -0.083902 0.987308 -0.134846 15.556500 -0.010511 0.134439 0.990866 7.134300 0.000000 0.000000 0.000000 1.000000
0.996744 0.080179 0.008575 0.000000 -0.078123 0.986546 -0.143607 15.556500 -0.019974 0.142469 0.989598 7.134300 0.000000 0.000000 0.000000 1.000000
0.997130 0.074362 0.014208 0.000000 -0.071388 0.986022 -0.150546 15.556500 -0.025204 0.149099 0.988501 7.134300 0.000000 0.000000 0.000000 1.000000
0.997808 0.064737 0.013742 -0.000000 -0.061872 0.986222 -0.153424 15.556500 -0.023485 0.152237 0.988065 7.134300 0.000000 0.000000 0.000000 1.000000
0.998433 0.055097 0.009813 0.000000 -0.052900 0.986369 -0.155816 15.556500 -0.018265 0.155052 0.987737 7.134300 0.000000 0.000000 0.000000 1.000000
0.998770 0.049129 0.006638 0.000000 -0.047316 0.984632 -0.168112 15.556500 -0.014795 0.167591 0.985746 7.134300 0.000000 0.000000 0.000000 1.000000
0.998895 0.046670 0.005501 0.000000 -0.044652 0.979090 -0.198467 15.556500 -0.014649 0.198003 0.980092 7.134300 0.000000 0.000000 0.000000 1.000000
0.999006 0.044390 0.004017 0.000000 -0.042013 0.967931 -0.247679 15.556500 -0.014882 0.247264 0.968834 7.134300 0.000000 0.000000 0.000000 1.000000
0.999198 0.040046 -0.000714 -0.000000 -0.038319 0.950622 -0.307978 15.556500 -0.011654 0.307758 0.951393 7.134300 0.000000 0.000000 0.000000 1.000000
0.999269 0.037124 -0.009083 0.000000 -0.037890 0.931185 -0.362572 15.556500 -0.005002 0.362651 0.931912 7.134300 0.000000 0.000000 0.000000 1.000000
0.998889 0.043437 -0.018298 -0.000000 -0.047133 0.918476 -0.392657 15.556500 -0.000250 0.393083 0.919503 7.134300 0.000000 0.000000 0.000000 1.000000
0.997707 0.063128 -0.024424 -0.000000 -0.067659 0.919459 -0.387321 15.556500 -0.001994 0.388085 0.921621 7.134300 0.000000 0.000000 0.000000 1.000000
0.995647 0.089649 -0.025502 0.000000 -0.092909 0.932819 -0.348161 15.556500 -0.007423 0.349015 0.937088 7.134300 0.000000 0.000000 0.000000 1.000000
0.993822 0.108516 -0.023263 -0.000000 -0.110636 0.952183 -0.284794 15.556500 -0.008754 0.285609 0.958306 7.134300 0.000000 0.000000 0.000000 1.000000
0.993779 0.109256 -0.021598 0.000000 -0.111365 0.972868 -0.202797 15.556500 -0.001145 0.203940 0.978983 7.134300 0.000000 0.000000 0.000000 1.000000
0.995328 0.093910 -0.022417 -0.000000 -0.095715 0.990212 -0.101579 15.556500 0.012658 0.103250 0.994575 7.134300 0.000000 0.000000 0.000000 1.000000
0.996968 0.074119 -0.023670 0.000000 -0.073829 0.997187 0.012919 15.556500 0.024561 -0.011132 0.999636 7.134300 0.000000 0.000000 0.000000 1.000000
0.997928 0.060572 -0.021717 0.000000 -0.057672 0.991617 0.115625 15.556500 0.028538 -0.114133 0.993055 7.134300 0.000000 0.000000 0.000000 1.000000
0.998350 0.055445 -0.014913 0.000000 -0.052080 0.983840 0.171308 15.556500 0.024170 -0.170249 0.985105 7.134300 0.000000 0.000000 0.000000 1.000000
0.998556 0.053542 -0.004409 0.000000 -0.052126 0.985464 0.161693 15.556500 0.013003 -0.161229 0.986831 7.134300 0.000000 0.000000 0.000000 1.000000
0.998767 0.049098 0.007308 0.000000 -0.049596 0.993165 0.105662 15.556500 -0.002070 -0.105894 0.994375 7.134300 0.000000 0.000000 0.000000 1.000000
0.999056 0.039125 0.018860 0.000000 -0.039866 0.998378 0.040634 15.556500 -0.017239 -0.041347 0.998996 7.134300 0.000000 0.000000 0.000000 1.000000
0.999269 0.023759 0.029938 0.000000 -0.023668 0.999714 -0.003379 15.556500 -0.030010 0.002668 0.999546 7.134300 0.000000 0.000000 0.000000 1.000000</float_array><technique_common><accessor source="#mixamorig_Neck-Matrix-animation-output-transform-array" count="31" stride="16"><param type="float4x4"/></accessor></technique_common></source><source id="mixamorig_Neck-Interpolations"><Name_array id="mixamorig_Neck-Interpolations-array" count="31">
 LINEAR LINEAR LINEAR LINEAR LINEAR LINEAR LINEAR LINEAR LINEAR LINEAR LINEAR
LINEAR LINEAR LINEAR LINEAR LINEAR LINEAR LINEAR LINEAR LINEAR LINEAR LINEAR LINEAR
LINEAR LINEAR LINEAR LINEAR LINEAR LINEAR LINEAR LINEAR</Name_array><technique_common><accessor source="#mixamorig_Neck-Interpolations-array" count="31"><param type="name"/></accessor></technique_common></source><sampler id="mixamorig_Neck-Matrix-animation-transform"><input semantic="INPUT" source="#mixamorig_Neck-Matrix-animation-input"/><input semantic="OUTPUT" source="#mixamorig_Neck-Matrix-animation-output-transform"/><input semantic="INTERPOLATION" source="#mixamorig_Neck-Interpolations"/></sampler><channel source="#mixamorig_Neck-Matrix-animation-transform" target="mixamorig_Neck/matrix"/></animation>
    <animation id="mixamorig_Head-anim" name="mixamorig_Head"><source id="mixamorig_Head-Matrix-animation-input"><float_array id="mixamorig_Head-Matrix-animation-input-array" count="31">

0.000000 0.033333 0.066667 0.100000 0.133333 0.166667 0.200000 0.233333 0.266667 0.300000 0.333333 0.366667 0.400000 0.433333 0.466667 0.500000
0.533333 0.566667 0.600000 0.633333 0.666667 0.700000 0.733333 0.766667 0.800000 0.833333 0.866667 0.900000 0.933333 0.966667 1.000000</float_array><technique_common><accessor source="#mixamorig_Head-Matrix-animation-input-array" count="31"><param name="TIME" type="float"/></accessor></technique_common></source><source id="mixamorig_Head-Matrix-animation-output-transform"><float_array id="mixamorig_Head-Matrix-animation-output-transform-array" count="496">

0.999297 0.020331 0.031501 -0.000000 -0.024218 0.991428 0.128391 7.137700 -0.028621 -0.129064 0.991223 4.237100 0.000000 0.000000 0.000000 1.000000
0.999085 0.017571 0.038989 0.000000 -0.018792 0.999337 0.031197 7.137700 -0.038415 -0.031901 0.998753 4.237100 0.000000 0.000000 0.000000 1.000000
0.998349 0.043563 0.037430 0.000000 -0.038685 0.991726 -0.122405 7.137700 -0.042453 0.120755 0.991774 4.237100 0.000000 0.000000 0.000000 1.000000
0.996393 0.080612 0.026507 0.000000 -0.069970 0.957204 -0.280828 7.137700 -0.048010 0.277960 0.959392 4.237100 0.000000 0.000000 0.000000 1.000000
0.994553 0.103689 0.010630 -0.000000 -0.091746 0.919244 -0.382849 7.137700 -0.049469 0.379789 0.923750 4.237100 0.000000 0.000000 0.000000 1.000000
0.994957 0.100258 -0.003113 0.000000 -0.092922 0.909579 -0.405008 7.137700 -0.037774 0.403254 0.914308 4.237100 0.000000 0.000000 0.000000 1.000000
0.996670 0.080924 -0.010043 0.000000 -0.078969 0.927124 -0.366340 7.137700 -0.020335 0.365913 0.930427 4.237100 0.000000 0.000000 0.000000 1.000000
0.997820 0.065237 -0.009969 -0.000000 -0.065228 0.951980 -0.299131 7.137700 -0.010024 0.299129 0.954160 4.237100 0.000000 0.000000 0.000000 1.000000
0.998066 0.061889 -0.005904 -0.000000 -0.061628 0.972394 -0.225059 7.137700 -0.008188 0.224988 0.974327 4.237100 0.000000 0.000000 0.000000 1.000000
0.997903 0.064705 -0.001861 0.000000 -0.064232 0.986228 -0.152412 7.137700 -0.008026 0.152212 0.988315 4.237100 0.000000 0.000000 0.000000 1.000000
0.997957 0.063882 -0.001022 0.000000 -0.063723 0.994053 -0.088305 7.137700 -0.004625 0.088189 0.996093 4.237100 0.000000 0.000000 0.000000 1.000000
0.998386 0.056651 -0.003968 -0.000000 -0.056771 0.997434 -0.043609 7.137700 0.001487 0.043763 0.999041 4.237100 0.000000 0.000000 0.000000 1.000000
0.998829 0.047703 -0.008025 0.000000 -0.047893 0.998529 -0.025421 7.137700 0.006800 0.025775 0.999645 4.237100 0.000000 0.000000 0.000000 1.000000
0.999079 0.042095 -0.008305 0.000000 -0.042371 0.998439 -0.036393 7.137700 0.006761 0.036711 0.999303 4.237100 0.000000 0.000000 0.000000 1.000000
0.999162 0.040809 -0.003246 0.000000 -0.040937 0.996506 -0.072794 7.137700 0.000264 0.072866 0.997342 4.237100 0.000000 0.000000 0.000000 1.000000
0.999156 0.040917 0.003564 0.000000 -0.040120 0.990894 -0.128526 7.137700 -0.008790 0.128274 0.991700 4.237100 0.000000 0.000000 0.000000 1.000000
0.999189 0.039598 0.007330 0.000000 -0.037412 0.980112 -0.194884 7.137700 -0.014901 0.194452 0.980799 4.237100 0.000000 0.000000 0.000000 1.000000
0.999214 0.039171 0.006000 0.000000 -0.036361 0.966462 -0.254224 7.137700 -0.015757 0.253807 0.967127 4.237100 0.000000 0.000000 0.000000 1.000000
0.998913 0.046585 0.001304 0.000000 -0.044265 0.957181 -0.286087 7.137700 -0.014575 0.285718 0.958203 4.237100 0.000000 0.000000 0.000000 1.000000
0.997817 0.065937 -0.003733 0.000000 -0.064311 0.957239 -0.282061 7.137700 -0.015024 0.281686 0.959389 4.237100 0.000000 0.000000 0.000000 1.000000
0.995811 0.091111 -0.007764 0.000000 -0.090109 0.963318 -0.252783 7.137700 -0.015552 0.252423 0.967492 4.237100 0.000000 0.000000 0.000000 1.000000
0.994096 0.107863 -0.011746 0.000000 -0.107817 0.969883 -0.218411 7.137700 -0.012166 0.218388 0.975786 4.237100 0.000000 0.000000 0.000000 1.000000
0.994244 0.105715 -0.017425 0.000000 -0.107103 0.976278 -0.188174 7.137700 -0.002881 0.188957 0.981981 4.237100 0.000000 0.000000 0.000000 1.000000
0.995902 0.087136 -0.024220 0.000000 -0.089858 0.983672 -0.155930 7.137700 0.010237 0.157467 0.987471 4.237100 0.000000 0.000000 0.000000 1.000000
0.997467 0.065049 -0.028774 0.000000 -0.067908 0.991256 -0.113138 7.137700 0.021163 0.114806 0.993163 4.237100 0.000000 0.000000 0.000000 1.000000
0.998287 0.051497 -0.027768 0.000000 -0.053110 0.996732 -0.060871 7.137700 0.024543 0.062242 0.997759 4.237100 0.000000 0.000000 0.000000 1.000000
0.998605 0.048702 -0.020400 0.000000 -0.048879 0.998771 -0.008244 7.137700 0.019974 0.009229 0.999758 4.237100 0.000000 0.000000 0.000000 1.000000
0.998722 0.049868 -0.008172 0.000000 -0.049539 0.998106 0.036463 7.137700 0.009975 -0.036011 0.999302 4.237100 0.000000 0.000000 0.000000 1.000000
0.998866 0.047282 0.005596 0.000000 -0.047567 0.996088 0.074466 7.137700 -0.002053 -0.074648 0.997208 4.237100 0.000000 0.000000 0.000000 1.000000
0.999126 0.037215 0.019048 0.000000 -0.039024 0.993640 0.105628 7.137700 -0.014996 -0.106279 0.994223 4.237100 0.000000 0.000000 0.000000 1.000000
0.999297 0.020331 0.031501 -0.000000 -0.024218 0.991428 0.128391 7.137700 -0.028621 -0.129064 0.991223 4.237100 0.000000 0.000000 0.000000 1.000000</float_array><technique_common><accessor source="#mixamorig_Head-Matrix-animation-output-transform-array" count="31" stride="16"><param type="float4x4"/></accessor></technique_common></source><source id="mixamorig_Head-Interpolations"><Name_array id="mixamorig_Head-Interpolations-array" count="31">
 LINEAR LINEAR LINEAR LINEAR LINEAR LINEAR LINEAR LINEAR LINEAR LINEAR LINEAR
LINEAR LINEAR LINEAR LINEAR LINEAR LINEAR LINEAR LINEAR LINEAR LINEAR LINEAR LINEAR
LINEAR LINEAR LINEAR LINEAR LINEAR LINEAR LINEAR LINEAR</Name_array><technique_common><accessor source="#mixamorig_Head-Interpolations-array" count="31"><param type="name"/></accessor></technique_common></source><sampler id="mixamorig_Head-Matrix-animation-transform"><input semantic="INPUT" source="#mixamorig_Head-Matrix-animation-input"/><input semantic="OUTPUT" source="#mixamorig_Head-Matrix-animation-output-transform"/><input semantic="INTERPOLATION" source="#mixamorig_Head-Interpolations"/></sampler><channel source="#mixamorig_Head-Matrix-animation-transform" target="mixamorig_Head/matrix"/></animation>
    <animation id="mixamorig_LeftShoulder-anim" name="mixamorig_LeftShoulder"><source id="mixamorig_LeftShoulder-Matrix-animation-input"><float_array id="mixamorig_LeftShoulder-Matrix-animation-input-array" count="31">

0.000000 0.033333 0.066667 0.100000 0.133333 0.166667 0.200000 0.233333 0.266667 0.300000 0.333333 0.366667 0.400000 0.433333 0.466667 0.500000
