<?xml version="1.0" encoding="utf-8"?>
<COLLADA xmlns="http://www.collada.org/2005/11/COLLADASchema" version="1.4.1">
  <asset><contributor><author>Mixamo</author><authoring_tool>COLLADA Mixamo exporter</authoring_tool><comments></comments></contributor><created>2020-03-29T21:51:55Z</created><modified>2020-03-29T21:51:55Z</modified><revision></revision><title></title><unit meter="0.010000"/><up_axis>Y_UP</up_axis></asset>
  <library_animations>
    <animation id="mixamorig_Hips-anim" name="mixamorig_Hips"><source id="mixamorig_Hips-Matrix-animation-input"><float_array id="mixamorig_Hips-Matrix-animation-input-array" count="81">

0.000000 0.033333 0.066667 0.100000 0.133333 0.166667 0.200000 0.233333 0.266667 0.300000 0.333333 0.366667 0.400000 0.433333 0.466667 0.500000
0.533333 0.566667 0.600000 0.633333 0.666667 0.700000 0.733333 0.766667 0.800000 0.833333 0.866667 0.900000 0.933333 0.966667 1.000000 1.033333
1.066667 1.100000 1.133333 1.166667 1.200000 1.233333 1.266667 1.300000 1.333333 1.366667 1.400000 1.433333 1.466667 1.500000 1.533333 1.566667
1.600000 1.633333 1.666667 1.700000 1.733333 1.766667 1.800000 1.833333 1.866667 1.900000 1.933333 1.966667 2.000000 2.033333 2.066667 2.100000
2.133333 2.166667 2.200000 2.233333 2.266667 2.300000 2.333333 2.366667 2.400000 2.433333 2.466667 2.500000 2.533333 2.566667 2.600000 2.633333
2.666667</float_array><technique_common><accessor source="#mixamorig_Hips-Matrix-animation-input-array" count="81"><param name="TIME" type="float"/></accessor></technique_common></source><source id="mixamorig_Hips-Matrix-animation-output-transform"><float_array id="mixamorig_Hips-Matrix-animation-output-transform-array" count="1296">

0.539085 0.056786 -0.840335 0.670233 -0.000276 0.997736 0.067245 47.821079 0.842251 -0.036019 0.537881 -0.228894 0.000000 0.000000 0.000000 1.000000
0.545389 0.056079 -0.836305 0.544601 -0.002072 0.997847 0.065559 47.993477 0.838180 -0.034022 0.544331 -0.214606 0.000000 0.000000 0.000000 1.000000
0.551741 0.055412 -0.832173 0.403462 -0.004293 0.997966 0.063605 48.178764 0.834005 -0.031521 0.550856 -0.173350 0.000000 0.000000 0.000000 1.000000
0.557078 0.055220 -0.828622 0.254755 -0.008177 0.998103 0.061016 48.354244 0.830420 -0.027215 0.556473 -0.084691 0.000000 0.000000 0.000000 1.000000
0.562425 0.055520 -0.824982 0.110919 -0.014403 0.998250 0.057361 48.511890 0.826723 -0.020379 0.562241 0.070301 0.000000 0.000000 0.000000 1.000000
0.569686 0.055818 -0.819965 -0.024053 -0.022002 0.998369 0.052676 48.684032 0.821568 -0.011968 0.569985 0.292892 0.000000 0.000000 0.000000 1.000000
0.578988 0.056039 -0.813408 -0.152543 -0.030246 0.998425 0.047257 48.908108 0.814775 -0.002759 0.579771 0.606558 0.000000 0.000000 0.000000 1.000000
0.588467 0.057501 -0.806474 -0.255688 -0.040516 0.998312 0.041615 49.164501 0.807505 0.008186 0.589804 1.092212 0.000000 0.000000 0.000000 1.000000
0.596341 0.060919 -0.800416 -0.315841 -0.052270 0.997947 0.037010 49.470261 0.801028 0.019768 0.598301 1.806222 0.000000 0.000000 0.000000 1.000000
0.602480 0.066121 -0.795391 -0.300504 -0.062998 0.997393 0.035194 49.790970 0.795644 0.028904 0.605074 2.822067 0.000000 0.000000 0.000000 1.000000
0.608636 0.071180 -0.790251 -0.213449 -0.068318 0.996970 0.037183 50.103699 0.790503 0.031358 0.611655 4.144390 0.000000 0.000000 0.000000 1.000000
0.616964 0.075327 -0.783378 -0.080890 -0.067136 0.996818 0.042976 50.411640 0.784123 0.026078 0.620058 5.701168 0.000000 0.000000 0.000000 1.000000
0.627480 0.079837 -0.774529 0.061231 -0.062416 0.996686 0.052170 50.690590 0.776127 0.015607 0.630384 7.310353 0.000000 0.000000 0.000000 1.000000
0.637836 0.087255 -0.765214 0.237936 -0.058835 0.996179 0.064549 50.957146 0.767922 0.003849 0.640532 8.859104 0.000000 0.000000 0.000000 1.000000
0.646466 0.096635 -0.756798 0.437401 -0.055359 0.995273 0.079797 51.167488 0.760932 -0.009690 0.648759 10.254688 0.000000 0.000000 0.000000 1.000000
0.655856 0.103696 -0.747730 0.548762 -0.047208 0.994216 0.096472 51.215359 0.753409 -0.027973 0.656957 11.422575 0.000000 0.000000 0.000000 1.000000
0.684256 0.107958 -0.721207 0.308262 -0.030620 0.992362 0.119496 50.921516 0.728599 -0.059683 0.682336 12.901426 0.000000 0.000000 0.000000 1.000000
0.731353 0.115026 -0.672229 -0.223052 -0.033963 0.990594 0.132553 50.858112 0.681153 -0.074112 0.728381 14.485059 0.000000 0.000000 0.000000 1.000000
0.789590 0.116583 -0.602458 -0.799820 -0.041175 0.989640 0.137543 51.361862 0.612252 -0.083797 0.786210 16.168224 0.000000 0.000000 0.000000 1.000000
0.857501 0.111907 -0.502165 -1.558338 -0.048409 0.989277 0.137797 52.109734 0.512201 -0.093852 0.853723 17.680874 0.000000 0.000000 0.000000 1.000000
0.927375 0.100961 -0.360254 -2.736326 -0.054181 0.988992 0.137690 52.593613 0.370190 -0.108171 0.922637 19.013868 0.000000 0.000000 0.000000 1.000000
0.982017 0.083292 -0.169426 -4.222549 -0.060036 0.988606 0.138034 52.920994 0.178993 -0.125380 0.975829 20.363785 0.000000 0.000000 0.000000 1.000000
0.997549 0.050913 0.047992 -6.030203 -0.056932 0.989372 0.133795 53.382362 -0.040670 -0.136199 0.989846 21.826633 0.000000 0.000000 0.000000 1.000000
0.969158 0.005818 0.246373 -8.133204 -0.037693 0.991458 0.124859 53.944122 -0.243543 -0.130294 0.961099 23.379917 0.000000 0.000000 0.000000 1.000000
0.919604 -0.031984 0.391542 -10.217609 -0.013373 0.993554 0.112568 54.576138 -0.392618 -0.108754 0.913249 24.855055 0.000000 0.000000 0.000000 1.000000
0.876935 -0.046520 0.478352 -11.986788 0.001644 0.995589 0.093807 55.209534 -0.480606 -0.081476 0.873143 26.074965 0.000000 0.000000 0.000000 1.000000
0.841686 -0.051696 0.537488 -13.415027 0.012539 0.997009 0.076259 55.785725 -0.539822 -0.057447 0.839816 27.027983 0.000000 0.000000 0.000000 1.000000
0.800996 -0.056400 0.596007 -14.533293 0.020458 0.997550 0.066904 56.436981 -0.598320 -0.041396 0.800187 27.893959 0.000000 0.000000 0.000000 1.000000
0.756070 -0.056676 0.652032 -15.342904 0.025808 0.998050 0.056826 57.037720 -0.653982 -0.026137 0.756059 28.759378 0.000000 0.000000 0.000000 1.000000
0.715720 -0.054116 0.696287 -15.860032 0.031644 0.998482 0.045076 57.407784 -0.697670 -0.010228 0.716347 29.489878 0.000000 0.000000 0.000000 1.000000
0.689819 -0.051080 0.722177 -16.045353 0.030798 0.998675 0.041219 57.375633 -0.723326 -0.006192 0.690479 29.932062 0.000000 0.000000 0.000000 1.000000
0.676390 -0.053595 0.734591 -16.105625 0.028946 0.998513 0.046197 57.213902 -0.735974 -0.009984 0.676936 30.178896 0.000000 0.000000 0.000000 1.000000
0.672541 -0.054832 0.738026 -16.085487 0.027322 0.998411 0.049280 57.133907 -0.739555 -0.012978 0.672971 30.281080 0.000000 0.000000 0.000000 1.000000
0.673174 -0.054154 0.737498 -16.036137 0.025244 0.998417 0.050272 57.106613 -0.739053 -0.015224 0.673475 30.353371 0.000000 0.000000 0.000000 1.000000
0.677442 -0.052555 0.733697 -15.979153 0.023081 0.998472 0.050210 57.108616 -0.735214 -0.017080 0.677619 30.401012 0.000000 0.000000 0.000000 1.000000
0.682183 -0.051342 0.729377 -15.934212 0.020829 0.998491 0.050804 57.108845 -0.730885 -0.019465 0.682223 30.440260 0.000000 0.000000 0.000000 1.000000
0.684706 -0.050991 0.727033 -15.916724 0.018593 0.998447 0.052516 57.107601 -0.728582 -0.022440 0.684591 30.483488 0.000000 0.000000 0.000000 1.000000
0.684875 -0.051382 0.726847 -15.919121 0.016874 0.998362 0.054675 57.110462 -0.728465 -0.025181 0.684620 30.520752 0.000000 0.000000 0.000000 1.000000
0.684561 -0.052085 0.727093 -15.920552 0.015974 0.998276 0.056471 57.102547 -0.728781 -0.027044 0.684213 30.531813 0.000000 0.000000 0.000000 1.000000
0.685762 -0.053323 0.725870 -15.937786 0.016382 0.998191 0.057851 57.094326 -0.727642 -0.027780 0.685395 30.513849 0.000000 0.000000 0.000000 1.000000
0.689074 -0.055745 0.722544 -15.969562 0.017697 0.998034 0.060121 57.053310 -0.724475 -0.028641 0.688706 30.462183 0.000000 0.000000 0.000000 1.000000
0.694286 -0.060051 0.717190 -16.000427 0.019362 0.997711 0.064796 56.941734 -0.719439 -0.031101 0.693859 30.358915 0.000000 0.000000 0.000000 1.000000
0.702903 -0.064948 0.708315 -15.997288 0.020067 0.997237 0.071527 56.732597 -0.711003 -0.036063 0.702264 30.173805 0.000000 0.000000 0.000000 1.000000
0.718988 -0.067521 0.691735 -15.911717 0.017921 0.996740 0.078665 56.411942 -0.694792 -0.044163 0.717854 29.886644 0.000000 0.000000 0.000000 1.000000
0.745798 -0.066056 0.662889 -15.685582 0.011839 0.996229 0.085953 55.973957 -0.666066 -0.056256 0.743768 29.502096 0.000000 0.000000 0.000000 1.000000
0.782096 -0.061450 0.620121 -15.284470 0.003353 0.995527 0.094420 55.420170 -0.623149 -0.071766 0.778803 29.035789 0.000000 0.000000 0.000000 1.000000
0.823081 -0.055911 0.565165 -14.728565 -0.003671 0.994598 0.103741 54.758045 -0.567912 -0.087462 0.818429 28.495358 0.000000 0.000000 0.000000 1.000000
0.864123 -0.049813 0.500810 -14.004027 -0.007703 0.993664 0.112125 54.033138 -0.503222 -0.100748 0.858264 27.881041 0.000000 0.000000 0.000000 1.000000
0.902667 -0.046288 0.427843 -13.110857 -0.005993 0.992750 0.120047 53.248959 -0.430297 -0.110927 0.895846 27.213102 0.000000 0.000000 0.000000 1.000000
0.937687 -0.047099 0.344273 -12.027112 0.002155 0.991540 0.129782 52.431519 -0.347473 -0.120953 0.929856 26.519970 0.000000 0.000000 0.000000 1.000000
0.968112 -0.048282 0.245821 -10.745526 0.013491 0.989876 0.141292 51.702309 -0.250154 -0.133470 0.958962 25.793444 0.000000 0.000000 0.000000 1.000000
0.990816 -0.040910 0.128882 -9.297790 0.021426 0.988593 0.149082 51.235668 -0.133511 -0.144951 0.980390 24.969763 0.000000 0.000000 0.000000 1.000000
0.999777 -0.020637 -0.004545 -7.771155 0.021077 0.989357 0.143973 51.197941 0.001525 -0.144036 0.989571 23.967691 0.000000 0.000000 0.000000 1.000000
0.989479 0.008597 -0.144424 -6.108791 0.009072 0.992581 0.121243 51.459793 0.144395 -0.121277 0.982060 22.743368 0.000000 0.000000 0.000000 1.000000
0.959489 0.036691 -0.279346 -4.370798 -0.012457 0.996039 0.088041 51.865173 0.281470 -0.080994 0.956146 21.341856 0.000000 0.000000 0.000000 1.000000
0.913169 0.056642 -0.403625 -2.678596 -0.035948 0.997630 0.058672 52.244663 0.405992 -0.039067 0.913041 19.912308 0.000000 0.000000 0.000000 1.000000
0.826413 0.066720 -0.559098 -0.507329 -0.054318 0.997770 0.038779 52.572063 0.560438 -0.001678 0.828194 18.206133 0.000000 0.000000 0.000000 1.000000
0.742783 0.066745 -0.666197 1.029277 -0.053168 0.997757 0.040683 52.307388 0.667417 0.005201 0.744666 17.035631 0.000000 0.000000 0.000000 1.000000
0.683079 0.071072 -0.726878 1.944784 -0.055022 0.997433 0.045819 51.506073 0.728269 0.008696 0.685237 15.954948 0.000000 0.000000 0.000000 1.000000
0.644578 0.074053 -0.760943 2.675472 -0.064562 0.997015 0.042339 51.006920 0.761807 0.021837 0.647435 14.683209 0.000000 0.000000 0.000000 1.000000
0.610921 0.068884 -0.788689 3.148975 -0.067657 0.997106 0.034680 50.759312 0.788796 0.032174 0.613813 13.310448 0.000000 0.000000 0.000000 1.000000
0.569856 0.063364 -0.819298 3.267378 -0.065680 0.997345 0.031451 50.468056 0.819116 0.035889 0.572505 11.794575 0.000000 0.000000 0.000000 1.000000
0.530925 0.062068 -0.845142 3.134290 -0.065009 0.997358 0.032408 50.266850 0.844921 0.037736 0.533558 10.190070 0.000000 0.000000 0.000000 1.000000
0.508542 0.059769 -0.858960 2.794616 -0.064719 0.997419 0.031087 50.174328 0.858602 0.039782 0.511097 8.590795 0.000000 0.000000 0.000000 1.000000
0.500381 0.050497 -0.864332 2.315439 -0.060323 0.997905 0.023378 50.057495 0.863702 0.040441 0.502378 6.880239 0.000000 0.000000 0.000000 1.000000
0.494864 0.041806 -0.867964 1.852659 -0.053978 0.998392 0.017313 49.934235 0.867292 0.038283 0.496325 5.134253 0.000000 0.000000 0.000000 1.000000
0.490757 0.039935 -0.870381 1.485333 -0.049874 0.998599 0.017697 49.825539 0.869868 0.034725 0.492061 3.826318 0.000000 0.000000 0.000000 1.000000
0.489879 0.040008 -0.870872 1.194027 -0.046785 0.998713 0.019564 49.694653 0.870534 0.031160 0.491121 2.950194 0.000000 0.000000 0.000000 1.000000
0.492201 0.039664 -0.869577 0.945381 -0.043154 0.998845 0.021134 49.496384 0.869411 0.027124 0.493344 2.241272 0.000000 0.000000 0.000000 1.000000
0.497419 0.039046 -0.866631 0.774551 -0.038347 0.999000 0.023000 49.251461 0.866662 0.021792 0.498419 1.676953 0.000000 0.000000 0.000000 1.000000
0.504264 0.039143 -0.862662 0.675079 -0.032019 0.999133 0.026618 49.003757 0.862955 0.014199 0.505080 1.227233 0.000000 0.000000 0.000000 1.000000
0.511338 0.040208 -0.858438 0.619241 -0.024865 0.999179 0.031989 48.773285 0.859020 0.004988 0.511918 0.870682 0.000000 0.000000 0.000000 1.000000
0.517834 0.041677 -0.854465 0.591222 -0.018360 0.999124 0.037606 48.554829 0.855284 -0.003786 0.518146 0.597504 0.000000 0.000000 0.000000 1.000000
0.523398 0.042943 -0.851006 0.584385 -0.013409 0.999021 0.042164 48.353729 0.851983 -0.010657 0.523461 0.398283 0.000000 0.000000 0.000000 1.000000
0.527600 0.044102 -0.848348 0.590145 -0.009885 0.998903 0.045781 48.188679 0.849436 -0.015768 0.527457 0.253599 0.000000 0.000000 0.000000 1.000000
0.530053 0.045796 -0.846727 0.600591 -0.007304 0.998750 0.049446 48.066750 0.847933 -0.020025 0.529725 0.140839 0.000000 0.000000 0.000000 1.000000
0.531075 0.048214 -0.845952 0.613857 -0.005136 0.998545 0.053687 47.979515 0.847309 -0.024167 0.530550 0.045635 0.000000 0.000000 0.000000 1.000000
0.531831 0.050805 -0.845325 0.632415 -0.003078 0.998308 0.058063 47.911823 0.846845 -0.028277 0.531088 -0.034694 0.000000 0.000000 0.000000 1.000000
0.533475 0.052968 -0.844156 0.649691 -0.001234 0.998085 0.061847 47.866665 0.845815 -0.031952 0.532519 -0.107792 0.000000 0.000000 0.000000 1.000000
0.536205 0.054875 -0.842302 0.661361 -0.000292 0.997897 0.064826 47.839203 0.844088 -0.034514 0.535093 -0.172693 0.000000 0.000000 0.000000 1.000000
0.539085 0.056786 -0.840335 0.670234 -0.000276 0.997736 0.067245 47.821079 0.842251 -0.036019 0.537881 -0.228897 0.000000 0.000000 0.000000 1.000000</float_array><technique_common><accessor source="#mixamorig_Hips-Matrix-animation-output-transform-array" count="81" stride="16"><param type="float4x4"/></accessor></technique_common></source><source id="mixamorig_Hips-Interpolations"><Name_array id="mixamorig_Hips-Interpolations-array" count="81">
 LINEAR LINEAR LINEAR LINEAR LINEAR LINEAR LINEAR LINEAR LINEAR LINEAR LINEAR
LINEAR LINEAR LINEAR LINEAR LINEAR LINEAR LINEAR LINEAR LINEAR LINEAR LINEAR LINEAR
LINEAR LINEAR LINEAR LINEAR LINEAR LINEAR LINEAR LINEAR LINEAR LINEAR LINEAR LINEAR
LINEAR LINEAR LINEAR LINEAR LINEAR LINEAR LINEAR LINEAR LINEAR LINEAR LINEAR LINEAR
LINEAR LINEAR LINEAR LINEAR LINEAR LINEAR LINEAR LINEAR LINEAR LINEAR LINEAR LINEAR
LINEAR LINEAR LINEAR LINEAR LINEAR LINEAR LINEAR LINEAR LINEAR LINEAR LINEAR LINEAR
LINEAR LINEAR LINEAR LINEAR LINEAR LINEAR LINEAR LINEAR LINEAR LINEAR</Name_array><technique_common><accessor source="#mixamorig_Hips-Interpolations-array" count="81"><param type="name"/></accessor></technique_common></source><sampler id="mixamorig_Hips-Matrix-animation-transform"><input semantic="INPUT" source="#mixamorig_Hips-Matrix-animation-input"/><input semantic="OUTPUT" source="#mixamorig_Hips-Matrix-animation-output-transform"/><input semantic="INTERPOLATION" source="#mixamorig_Hips-Interpolations"/></sampler><channel source="#mixamorig_Hips-Matrix-animation-transform" target="mixamorig_Hips/matrix"/></animation>
    <animation id="mixamorig_Spine-anim" name="mixamorig_Spine"><source id="mixamorig_Spine-Matrix-animation-input"><float_array id="mixamorig_Spine-Matrix-animation-input-array" count="81">

0.000000 0.033333 0.066667 0.100000 0.133333 0.166667 0.200000 0.233333 0.266667 0.300000 0.333333 0.366667 0.400000 0.433333 0.466667 0.500000
0.533333 0.566667 0.600000 0.633333 0.666667 0.700000 0.733333 0.766667 0.800000 0.833333 0.866667 0.900000 0.933333 0.966667 1.000000 1.033333
1.066667 1.100000 1.133333 1.166667 1.200000 1.233333 1.266667 1.300000 1.333333 1.366667 1.400000 1.433333 1.466667 1.500000 1.533333 1.566667
1.600000 1.633333 1.666667 1.700000 1.733333 1.766667 1.800000 1.833333 1.866667 1.900000 1.933333 1.966667 2.000000 2.033333 2.066667 2.100000
2.133333 2.166667 2.200000 2.233333 2.266667 2.300000 2.333333 2.366667 2.400000 2.433333 2.466667 2.500000 2.533333 2.566667 2.600000 2.633333
2.666667</float_array><technique_common><accessor source="#mixamorig_Spine-Matrix-animation-input-array" count="81"><param name="TIME" type="float"/></accessor></technique_common></source><source id="mixamorig_Spine-Matrix-animation-output-transform"><float_array id="mixamorig_Spine-Matrix-animation-output-transform-array" count="1296">

0.995484 0.071385 -0.062570 0.000000 -0.082310 0.977466 -0.194382 16.216101 0.047284 0.198654 0.978928 -2.336500 0.000000 0.000000 0.000000 1.000000
0.995367 0.071285 -0.064519 0.000000 -0.082451 0.978042 -0.191407 16.216101 0.049458 0.195840 0.979388 -2.336500 0.000000 0.000000 0.000000 1.000000
0.995297 0.071540 -0.065316 -0.000000 -0.082677 0.978706 -0.187882 16.216101 0.050484 0.192399 0.980017 -2.336500 0.000000 0.000000 0.000000 1.000000
0.995392 0.070860 -0.064597 0.000000 -0.081669 0.979538 -0.183944 16.216101 0.050241 0.188372 0.980812 -2.336500 0.000000 0.000000 0.000000 1.000000
0.995620 0.068154 -0.063995 0.000000 -0.078675 0.980567 -0.179715 16.216101 0.050503 0.183963 0.981635 -2.336500 0.000000 0.000000 0.000000 1.000000
0.995829 0.063863 -0.065158 0.000000 -0.074436 0.981669 -0.175458 16.216101 0.052759 0.179576 0.982328 -2.336500 0.000000 0.000000 0.000000 1.000000
0.996028 0.058259 -0.067340 0.000000 -0.069043 0.982868 -0.170890 16.216101 0.056230 0.174861 0.982986 -2.336500 0.000000 0.000000 0.000000 1.000000
0.996420 0.049690 -0.068396 0.000000 -0.060423 0.984430 -0.165068 16.216101 0.059129 0.168610 0.983908 -2.336500 0.000000 0.000000 0.000000 1.000000
0.996958 0.038563 -0.067736 -0.000000 -0.048828 0.986374 -0.157104 16.216101 0.060754 0.159934 0.985256 -2.336500 0.000000 0.000000 0.000000 1.000000
0.997399 0.027239 -0.066728 -0.000000 -0.036811 0.988494 -0.146711 16.216101 0.061964 0.148786 0.986926 -2.336500 0.000000 0.000000 0.000000 1.000000
0.997534 0.020100 -0.067249 0.000000 -0.028989 0.990567 -0.133930 16.216101 0.063922 0.135549 0.988706 -2.336500 0.000000 0.000000 0.000000 1.000000
0.997407 0.018879 -0.069445 0.000000 -0.027146 0.992392 -0.120090 16.216101 0.066649 0.121664 0.990331 -2.336500 0.000000 0.000000 0.000000 1.000000
0.997196 0.021554 -0.071656 0.000000 -0.029285 0.993648 -0.108656 16.216101 0.068859 0.110449 0.991494 -2.336500 0.000000 0.000000 0.000000 1.000000
0.997040 0.023891 -0.073079 0.000000 -0.031454 0.994064 -0.104151 16.216101 0.070157 0.106141 0.991873 -2.336500 0.000000 0.000000 0.000000 1.000000
0.996792 0.027685 -0.075096 0.000000 -0.035731 0.993507 -0.108013 16.216101 0.071618 0.110350 0.991309 -2.336500 0.000000 0.000000 0.000000 1.000000
0.996050 0.039291 -0.079631 0.000000 -0.048413 0.992062 -0.116061 16.216101 0.074439 0.119458 0.990045 -2.336500 0.000000 0.000000 0.000000 1.000000
0.993408 0.068066 -0.092242 0.000000 -0.079245 0.989172 -0.123524 16.216101 0.082835 0.130019 0.988045 -2.336500 0.000000 0.000000 0.000000 1.000000
0.991401 0.079811 -0.103702 -0.000000 -0.092293 0.988262 -0.121740 16.216101 0.092768 0.130264 0.987130 -2.336500 0.000000 0.000000 0.000000 1.000000
0.990353 0.086053 -0.108605 0.000000 -0.098727 0.988177 -0.117297 16.216101 0.097227 0.126888 0.987141 -2.336500 0.000000 0.000000 0.000000 1.000000
0.990176 0.086306 -0.110015 0.000000 -0.098745 0.988660 -0.113145 16.216101 0.099002 0.122897 0.987469 -2.336500 0.000000 0.000000 0.000000 1.000000
0.991463 0.077735 -0.104686 0.000000 -0.089288 0.989845 -0.110613 16.216101 0.095025 0.119016 0.988335 -2.336500 0.000000 0.000000 0.000000 1.000000
0.994323 0.057403 -0.089586 -0.000000 -0.067035 0.991833 -0.108503 16.216101 0.082626 0.113893 0.990051 -2.336500 0.000000 0.000000 0.000000 1.000000
0.997365 0.037397 -0.062165 0.000000 -0.043443 0.994146 -0.098930 16.216101 0.058101 0.101370 0.993151 -2.336500 0.000000 0.000000 0.000000 1.000000
0.999312 0.028869 -0.023278 -0.000000 -0.030635 0.996369 -0.079437 16.216101 0.020900 0.080095 0.996568 -2.336500 0.000000 0.000000 0.000000 1.000000
0.999241 0.025173 0.029719 0.000000 -0.023592 0.998346 -0.052424 16.216101 -0.030990 0.051683 0.998183 -2.336500 0.000000 0.000000 0.000000 1.000000
0.996070 0.015194 0.087254 0.000000 -0.013288 0.999661 -0.022392 16.216101 -0.087565 0.021145 0.995934 -2.336500 0.000000 0.000000 0.000000 1.000000
0.992340 0.000717 0.123534 0.000000 -0.000846 0.999999 0.000994 16.216101 -0.123534 -0.001091 0.992340 -2.336500 0.000000 0.000000 0.000000 1.000000
0.990199 -0.010649 0.139258 0.000000 0.008386 0.999823 0.016831 16.216101 -0.139412 -0.015498 0.990113 -2.336500 0.000000 0.000000 0.000000 1.000000
0.988908 -0.010873 0.148131 0.000000 0.005592 0.999335 0.036021 16.216101 -0.148424 -0.034793 0.988311 -2.336500 0.000000 0.000000 0.000000 1.000000
0.988953 -0.003820 0.148182 0.000000 -0.004800 0.998318 0.057768 16.216101 -0.148154 -0.057841 0.987271 -2.336500 0.000000 0.000000 0.000000 1.000000
0.989157 -0.005729 0.146752 0.000000 -0.004839 0.997425 0.071554 16.216101 -0.146785 -0.071488 0.986582 -2.336500 0.000000 0.000000 0.000000 1.000000
0.988817 -0.010071 0.148792 0.000000 -0.000982 0.997256 0.074028 16.216101 -0.149129 -0.073346 0.986094 -2.336500 0.000000 0.000000 0.000000 1.000000
0.988523 -0.013135 0.150501 -0.000000 0.001826 0.997179 0.075035 16.216101 -0.151062 -0.073899 0.985758 -2.336500 0.000000 0.000000 0.000000 1.000000
0.988159 -0.016996 0.152490 0.000000 0.005123 0.996947 0.077918 16.216101 -0.153348 -0.076214 0.985229 -2.336500 0.000000 0.000000 0.000000 1.000000
0.987804 -0.021178 0.154256 0.000000 0.008672 0.996652 0.081301 16.216101 -0.155462 -0.078972 0.984680 -2.336500 0.000000 0.000000 0.000000 1.000000
0.987617 -0.024786 0.154915 0.000000 0.011935 0.996450 0.083341 16.216101 -0.156431 -0.080460 0.984406 -2.336500 0.000000 0.000000 0.000000 1.000000
0.987643 -0.027096 0.154360 -0.000000 0.014281 0.996403 0.083532 16.216101 -0.156068 -0.080295 0.984477 -2.336500 0.000000 0.000000 0.000000 1.000000
0.987780 -0.028073 0.153306 0.000000 0.015529 0.996477 0.082418 16.216101 -0.155080 -0.079030 0.984736 -2.336500 0.000000 0.000000 0.000000 1.000000
0.987867 -0.028312 0.152702 0.000000 0.016079 0.996604 0.080757 16.216101 -0.154470 -0.077322 0.984967 -2.336500 0.000000 0.000000 0.000000 1.000000
0.987796 -0.027609 0.153288 0.000000 0.015689 0.996796 0.078432 16.216101 -0.154962 -0.075070 0.985064 -2.336500 0.000000 0.000000 0.000000 1.000000
0.987602 -0.026124 0.154788 0.000000 0.014788 0.997153 0.073943 16.216101 -0.156279 -0.070738 0.985177 -2.336500 0.000000 0.000000 0.000000 1.000000
0.987361 -0.024564 0.156569 0.000000 0.014414 0.997740 0.065636 16.216101 -0.157828 -0.062550 0.985484 -2.336500 0.000000 0.000000 0.000000 1.000000
0.986928 -0.025020 0.159208 0.000000 0.016596 0.998402 0.054021 16.216101 -0.160305 -0.050672 0.985766 -2.336500 0.000000 0.000000 0.000000 1.000000
0.985945 -0.029783 0.164397 0.000000 0.023264 0.998870 0.041444 16.216101 -0.165445 -0.037037 0.985523 -2.336500 0.000000 0.000000 0.000000 1.000000
0.984267 -0.038914 0.172352 0.000000 0.034375 0.998981 0.029247 16.216101 -0.173314 -0.022863 0.984601 -2.336500 0.000000 0.000000 0.000000 1.000000
0.982288 -0.049336 0.180768 0.000000 0.047052 0.998749 0.016903 16.216101 -0.181375 -0.008098 0.983381 -2.336500 0.000000 0.000000 0.000000 1.000000
0.980647 -0.057232 0.187234 0.000000 0.057444 0.998339 0.004296 16.216101 -0.187169 0.006542 0.982306 -2.336500 0.000000 0.000000 0.000000 1.000000
0.979583 -0.062005 0.191240 0.000000 0.064703 0.997873 -0.007891 16.216101 -0.190344 0.020104 0.981512 -2.336500 0.000000 0.000000 0.000000 1.000000
0.979091 -0.061707 0.193838 0.000000 0.067094 0.997518 -0.021341 16.216101 -0.192040 0.033900 0.980801 -2.336500 0.000000 0.000000 0.000000 1.000000
0.979181 -0.055319 0.195304 0.000000 0.064073 0.997191 -0.038789 16.216101 -0.192610 0.050496 0.979975 -2.336500 0.000000 0.000000 0.000000 1.000000
0.979764 -0.045376 0.194944 0.000000 0.058110 0.996499 -0.060101 16.216101 -0.191534 0.070213 0.978971 -2.336500 0.000000 0.000000 0.000000 1.000000
0.980843 -0.035980 0.191447 0.000000 0.052490 0.995259 -0.081874 16.216101 -0.187594 0.090355 0.978082 -2.336500 0.000000 0.000000 0.000000 1.000000
0.983004 -0.026004 0.181733 0.000000 0.044828 0.993952 -0.100253 16.216101 -0.178026 0.106696 0.978224 -2.336500 0.000000 0.000000 0.000000 1.000000
0.986748 -0.012483 0.161777 -0.000000 0.031161 0.993057 -0.113436 16.216101 -0.159238 0.116974 0.980286 -2.336500 0.000000 0.000000 0.000000 1.000000
0.991104 0.006938 0.132908 0.000000 0.009786 0.992137 -0.124772 16.216101 -0.132728 0.124963 0.983243 -2.336500 0.000000 0.000000 0.000000 1.000000
0.994114 0.030012 0.104096 0.000000 -0.015388 0.990238 -0.138535 16.216101 -0.107238 0.136118 0.984872 -2.336500 0.000000 0.000000 0.000000 1.000000
0.995182 0.063973 0.074300 0.000000 -0.050880 0.984747 -0.166387 16.216101 -0.083811 0.161805 0.983257 -2.336500 0.000000 0.000000 0.000000 1.000000
0.995153 0.083120 0.052559 0.000000 -0.071662 0.978916 -0.191279 16.216101 -0.067350 0.186585 0.980128 -2.336500 0.000000 0.000000 0.000000 1.000000
0.996207 0.081112 0.031495 0.000000 -0.073355 0.977576 -0.197392 16.216101 -0.046799 0.194333 0.979819 -2.336500 0.000000 0.000000 0.000000 1.000000
0.997311 0.071679 0.015290 0.000000 -0.067480 0.979442 -0.190103 16.216101 -0.028602 0.188560 0.981645 -2.336500 0.000000 0.000000 0.000000 1.000000
0.997300 0.072400 0.012302 0.000000 -0.069002 0.981155 -0.180484 16.216101 -0.025138 0.179148 0.983501 -2.336500 0.000000 0.000000 0.000000 1.000000
0.996502 0.081412 0.018856 0.000000 -0.076852 0.981410 -0.175863 16.216101 -0.032823 0.173799 0.984234 -2.336500 0.000000 0.000000 0.000000 1.000000
0.995746 0.089981 0.019839 -0.000000 -0.085180 0.981023 -0.174178 16.216101 -0.035135 0.171747 0.984514 -2.336500 0.000000 0.000000 0.000000 1.000000
0.995291 0.096026 0.013256 0.000000 -0.092444 0.981397 -0.168269 16.216101 -0.029167 0.166251 0.985652 -2.336500 0.000000 0.000000 0.000000 1.000000
0.995136 0.098441 0.003741 -0.000000 -0.096572 0.982330 -0.160316 16.216101 -0.019457 0.159175 0.987059 -2.336500 0.000000 0.000000 0.000000 1.000000
0.995510 0.094380 -0.007276 0.000000 -0.094321 0.982514 -0.160528 16.216101 -0.008002 0.160493 0.987005 -2.336500 0.000000 0.000000 0.000000 1.000000
0.995902 0.088993 -0.016135 -0.000000 -0.090435 0.982326 -0.163882 16.216101 0.001265 0.164669 0.986348 -2.336500 0.000000 0.000000 0.000000 1.000000
0.996084 0.085456 -0.022683 -0.000000 -0.088024 0.982592 -0.163601 16.216101 0.008307 0.164956 0.986266 -2.336500 0.000000 0.000000 0.000000 1.000000
0.996184 0.081978 -0.029947 0.000000 -0.085757 0.983166 -0.161337 16.216101 0.016216 0.163289 0.986445 -2.336500 0.000000 0.000000 0.000000 1.000000
0.996194 0.078271 -0.038353 -0.000000 -0.083467 0.983406 -0.161076 16.216101 0.025109 0.163664 0.986196 -2.336500 0.000000 0.000000 0.000000 1.000000
0.996076 0.075565 -0.046080 0.000000 -0.082195 0.982869 -0.164965 16.216101 0.032825 0.168105 0.985222 -2.336500 0.000000 0.000000 0.000000 1.000000
0.995903 0.074595 -0.051107 -0.000000 -0.082331 0.981755 -0.171400 16.216101 0.037389 0.174905 0.983875 -2.336500 0.000000 0.000000 0.000000 1.000000
0.995787 0.074328 -0.053707 0.000000 -0.082768 0.980645 -0.177441 16.216101 0.039478 0.181138 0.982665 -2.336500 0.000000 0.000000 0.000000 1.000000
0.995735 0.073663 -0.055548 -0.000000 -0.082613 0.979933 -0.181399 16.216101 0.041071 0.185214 0.981840 -2.336500 0.000000 0.000000 0.000000 1.000000
0.995697 0.072798 -0.057337 0.000000 -0.082193 0.979550 -0.183644 16.216101 0.042795 0.187567 0.981319 -2.336500 0.000000 0.000000 0.000000 1.000000
0.995653 0.072408 -0.058579 0.000000 -0.082127 0.979205 -0.185509 16.216101 0.043928 0.189513 0.980895 -2.336500 0.000000 0.000000 0.000000 1.000000
0.995601 0.072749 -0.059052 0.000000 -0.082652 0.978736 -0.187737 16.216101 0.044139 0.191792 0.980443 -2.336500 0.000000 0.000000 0.000000 1.000000
0.995529 0.073454 -0.059387 -0.000000 -0.083514 0.978213 -0.190066 16.216101 0.044132 0.194176 0.979974 -2.336500 0.000000 0.000000 0.000000 1.000000
0.995447 0.073851 -0.060264 0.000000 -0.084161 0.977790 -0.191945 16.216101 0.044750 0.196143 0.979554 -2.336500 0.000000 0.000000 0.000000 1.000000
0.995425 0.073080 -0.061555 0.000000 -0.083722 0.977563 -0.193293 16.216101 0.046048 0.197562 0.979208 -2.336500 0.000000 0.000000 0.000000 1.000000
0.995484 0.071385 -0.062570 -0.000000 -0.082310 0.977466 -0.194382 16.216101 0.047284 0.198654 0.978928 -2.336500 0.000000 0.000000 0.000000 1.000000</float_array><technique_common><accessor source="#mixamorig_Spine-Matrix-animation-output-transform-array" count="81" stride="16"><param type="float4x4"/></accessor></technique_common></source><source id="mixamorig_Spine-Interpolations"><Name_array id="mixamorig_Spine-Interpolations-array" count="81">
 LINEAR LINEAR LINEAR LINEAR LINEAR LINEAR LINEAR LINEAR LINEAR LINEAR LINEAR
LINEAR LINEAR LINEAR LINEAR LINEAR LINEAR LINEAR LINEAR LINEAR LINEAR LINEAR LINEAR
LINEAR LINEAR LINEAR LINEAR LINEAR LINEAR LINEAR LINEAR LINEAR LINEAR LINEAR LINEAR
LINEAR LINEAR LINEAR LINEAR LINEAR LINEAR LINEAR LINEAR LINEAR LINEAR LINEAR LINEAR
LINEAR LINEAR LINEAR LINEAR LINEAR LINEAR LINEAR LINEAR LINEAR LINEAR LINEAR LINEAR
LINEAR LINEAR LINEAR LINEAR LINEAR LINEAR LINEAR LINEAR LINEAR LINEAR LINEAR LINEAR
LINEAR LINEAR LINEAR LINEAR LINEAR LINEAR LINEAR LINEAR LINEAR LINEAR</Name_array><technique_common><accessor source="#mixamorig_Spine-Interpolations-array" count="81"><param type="name"/></accessor></technique_common></source><sampler id="mixamorig_Spine-Matrix-animation-transform"><input semantic="INPUT" source="#mixamorig_Spine-Matrix-animation-input"/><input semantic="OUTPUT" source="#mixamorig_Spine-Matrix-animation-output-transform"/><input semantic="INTERPOLATION" source="#mixamorig_Spine-Interpolations"/></sampler><channel source="#mixamorig_Spine-Matrix-animation-transform" target="mixamorig_Spine/matrix"/></animation>
    <animation id="mixamorig_Spine1-anim" name="mixamorig_Spine1"><source id="mixamorig_Spine1-Matrix-animation-input"><float_array id="mixamorig_Spine1-Matrix-animation-input-array" count="81">

0.000000 0.033333 0.066667 0.100000 0.133333 0.166667 0.200000 0.233333 0.266667 0.300000 0.333333 0.366667 0.400000 0.433333 0.466667 0.500000
0.533333 0.566667 0.600000 0.633333 0.666667 0.700000 0.733333 0.766667 0.800000 0.833333 0.866667 0.900000 0.933333 0.966667 1.000000 1.033333
1.066667 1.100000 1.133333 1.166667 1.200000 1.233333 1.266667 1.300000 1.333333 1.366667 1.400000 1.433333 1.466667 1.500000 1.533333 1.566667
1.600000 1.633333 1.666667 1.700000 1.733333 1.766667 1.800000 1.833333 1.866667 1.900000 1.933333 1.966667 2.000000 2.033333 2.066667 2.100000
2.133333 2.166667 2.200000 2.233333 2.266667 2.300000 2.333333 2.366667 2.400000 2.433333 2.466667 2.500000 2.533333 2.566667 2.600000 2.633333
2.666667</float_array><technique_common><accessor source="#mixamorig_Spine1-Matrix-animation-input-array" count="81"><param name="TIME" type="float"/></accessor></technique_common></source><source id="mixamorig_Spine1-Matrix-animation-output-transform"><float_array id="mixamorig_Spine1-Matrix-animation-output-transform-array" count="1296">

0.999714 0.020012 -0.013126 0.000000 -0.021113 0.995724 -0.089937 9.477100 0.011270 0.090188 0.995861 -1.486900 0.000000 0.000000 0.000000 1.000000
0.999704 0.020023 -0.013793 0.000000 -0.021174 0.995795 -0.089128 9.477100 0.011950 0.089394 0.995925 -1.486900 0.000000 0.000000 0.000000 1.000000
0.999697 0.020146 -0.014165 0.000000 -0.021318 0.995880 -0.088145 9.477100 0.012331 0.088420 0.996007 -1.486900 0.000000 0.000000 0.000000 1.000000
0.999699 0.020038 -0.014146 0.000000 -0.021195 0.995981 -0.087017 9.477100 0.012345 0.087291 0.996106 -1.486900 0.000000 0.000000 0.000000 1.000000
0.999710 0.019426 -0.014203 0.000000 -0.020575 0.996100 -0.085800 9.477100 0.012481 0.086068 0.996211 -1.486900 0.000000 0.000000 0.000000 1.000000
0.999722 0.018346 -0.014795 0.000000 -0.019534 0.996224 -0.084592 9.477100 0.013188 0.084857 0.996306 -1.486900 0.000000 0.000000 0.000000 1.000000
0.999736 0.016769 -0.015715 0.000000 -0.018022 0.996361 -0.083308 9.477100 0.014261 0.083569 0.996400 -1.486900 0.000000 0.000000 0.000000 1.000000
0.999762 0.014391 -0.016403 -0.000000 -0.015685 0.996538 -0.081643 9.477100 0.015171 0.081881 0.996527 -1.486900 0.000000 0.000000 0.000000 1.000000
0.999798 0.011241 -0.016661 -0.000000 -0.012530 0.996767 -0.079361 9.477100 0.015715 0.079554 0.996707 -1.486900 0.000000 0.000000 0.000000 1.000000
0.999824 0.008271 -0.016815 -0.000000 -0.009532 0.997032 -0.076393 9.477100 0.016133 0.076539 0.996936 -1.486900 0.000000 0.000000 0.000000 1.000000
0.999827 0.006888 -0.017287 0.000000 -0.008129 0.997316 -0.072767 9.477100 0.016740 0.072895 0.997199 -1.486900 0.000000 0.000000 0.000000 1.000000
0.999808 0.007595 -0.018079 -0.000000 -0.008823 0.997589 -0.068842 9.477100 0.017512 0.068989 0.997464 -1.486900 0.000000 0.000000 0.000000 1.000000
0.999780 0.009282 -0.018795 0.000000 -0.010497 0.997792 -0.065581 9.477100 0.018145 0.065764 0.997670 -1.486900 0.000000 0.000000 0.000000 1.000000
0.999759 0.010534 -0.019286 0.000000 -0.011753 0.997866 -0.064231 9.477100 0.018568 0.064442 0.997749 -1.486900 0.000000 0.000000 0.000000 1.000000
0.999733 0.011658 -0.019937 0.000000 -0.012937 0.997786 -0.065232 9.477100 0.019132 0.065472 0.997671 -1.486900 0.000000 0.000000 0.000000 1.000000
0.999674 0.014022 -0.021319 0.000000 -0.015432 0.997599 -0.067507 9.477100 0.020322 0.067814 0.997491 -1.486900 0.000000 0.000000 0.000000 1.000000
0.999505 0.018749 -0.025243 -0.000000 -0.020475 0.997342 -0.069932 9.477100 0.023865 0.070414 0.997232 -1.486900 0.000000 0.000000 0.000000 1.000000
0.999373 0.020685 -0.028751 0.000000 -0.022643 0.997322 -0.069545 9.477100 0.027236 0.070152 0.997164 -1.486900 0.000000 0.000000 0.000000 1.000000
0.999281 0.022924 -0.030192 0.000000 -0.024939 0.997365 -0.068125 9.477100 0.028550 0.068829 0.997220 -1.486900 0.000000 0.000000 0.000000 1.000000
0.999206 0.025524 -0.030587 -0.000000 -0.027514 0.997406 -0.066509 9.477100 0.028810 0.067297 0.997317 -1.486900 0.000000 0.000000 0.000000 1.000000
0.999254 0.025112 -0.029357 -0.000000 -0.026989 0.997492 -0.065429 9.477100 0.027640 0.066173 0.997425 -1.486900 0.000000 0.000000 0.000000 1.000000
0.999462 0.020687 -0.025455 -0.000000 -0.022296 0.997659 -0.064653 9.477100 0.024058 0.065186 0.997583 -1.486900 0.000000 0.000000 0.000000 1.000000
0.999727 0.015047 -0.017891 0.000000 -0.016133 0.997934 -0.062193 9.477100 0.016918 0.062464 0.997904 -1.486900 0.000000 0.000000 0.000000 1.000000
0.999916 0.011110 -0.006721 -0.000000 -0.011477 0.998292 -0.057278 9.477100 0.006073 0.057351 0.998336 -1.486900 0.000000 0.000000 0.000000 1.000000
0.999927 0.008648 0.008440 0.000000 -0.008215 0.998713 -0.050053 9.477100 -0.008862 0.049980 0.998711 -1.486900 0.000000 0.000000 0.000000 1.000000
0.999679 0.005760 0.024655 0.000000 -0.004731 0.999125 -0.041559 9.477100 -0.024872 0.041429 0.998832 -1.486900 0.000000 0.000000 0.000000 1.000000
0.999393 0.001752 0.034804 0.000000 -0.000542 0.999396 -0.034746 9.477100 -0.034844 0.034706 0.998790 -1.486900 0.000000 0.000000 0.000000 1.000000
0.999233 -0.002199 0.039106 0.000000 0.003378 0.999541 -0.030109 9.477100 -0.039022 0.030218 0.998781 -1.486900 0.000000 0.000000 0.000000 1.000000
0.999142 -0.003075 0.041312 0.000000 0.004096 0.999688 -0.024655 9.477100 -0.041223 0.024803 0.998842 -1.486900 0.000000 0.000000 0.000000 1.000000
0.999163 -0.001683 0.040880 0.000000 0.002447 0.999823 -0.018655 9.477100 -0.040841 0.018739 0.998990 -1.486900 0.000000 0.000000 0.000000 1.000000
0.999187 -0.002106 0.040258 0.000000 0.002713 0.999883 -0.015039 9.477100 -0.040221 0.015136 0.999076 -1.486900 0.000000 0.000000 0.000000 1.000000
0.999165 -0.003492 0.040709 0.000000 0.004084 0.999887 -0.014467 9.477100 -0.040654 0.014621 0.999066 -1.486900 0.000000 0.000000 0.000000 1.000000
0.999143 -0.004329 0.041160 0.000000 0.004918 0.999887 -0.014231 9.477100 -0.041093 0.014421 0.999051 -1.486900 0.000000 0.000000 0.000000 1.000000
0.999115 -0.005262 0.041720 -0.000000 0.005829 0.999892 -0.013475 9.477100 -0.041644 0.013706 0.999038 -1.486900 0.000000 0.000000 0.000000 1.000000
0.999088 -0.006266 0.042236 0.000000 0.006803 0.999898 -0.012581 9.477100 -0.042153 0.012857 0.999028 -1.486900 0.000000 0.000000 0.000000 1.000000
0.999073 -0.007186 0.042446 0.000000 0.007705 0.999898 -0.012062 9.477100 -0.042355 0.012378 0.999026 -1.486900 0.000000 0.000000 0.000000 1.000000
0.999074 -0.007854 0.042303 0.000000 0.008371 0.999892 -0.012053 9.477100 -0.042204 0.012396 0.999032 -1.486900 0.000000 0.000000 0.000000 1.000000
0.999083 -0.008186 0.042014 0.000000 0.008714 0.999885 -0.012394 9.477100 -0.041908 0.012749 0.999040 -1.486900 0.000000 0.000000 0.000000 1.000000
0.999089 -0.008207 0.041867 0.000000 0.008753 0.999879 -0.012878 9.477100 -0.041756 0.013232 0.999040 -1.486900 0.000000 0.000000 0.000000 1.000000
0.999084 -0.007990 0.042039 0.000000 0.008565 0.999872 -0.013520 9.477100 -0.041926 0.013867 0.999024 -1.486900 0.000000 0.000000 0.000000 1.000000
0.999069 -0.007616 0.042459 0.000000 0.008249 0.999857 -0.014739 9.477100 -0.042341 0.015075 0.998989 -1.486900 0.000000 0.000000 0.000000 1.000000
0.999050 -0.007290 0.042971 0.000000 0.008026 0.999823 -0.016995 9.477100 -0.042840 0.017324 0.998932 -1.486900 0.000000 0.000000 0.000000 1.000000
0.999013 -0.007503 0.043772 0.000000 0.008391 0.999762 -0.020151 9.477100 -0.043610 0.020498 0.998838 -1.486900 0.000000 0.000000 0.000000 1.000000
0.998933 -0.008728 0.045362 0.000000 0.009805 0.999674 -0.023570 9.477100 -0.045141 0.023990 0.998693 -1.486900 0.000000 0.000000 0.000000 1.000000
0.998799 -0.010764 0.047806 0.000000 0.012061 0.999565 -0.026919 9.477100 -0.047496 0.027464 0.998494 -1.486900 0.000000 0.000000 0.000000 1.000000
0.998646 -0.012849 0.050406 0.000000 0.014391 0.999435 -0.030359 9.477100 -0.049988 0.031043 0.998267 -1.486900 0.000000 0.000000 0.000000 1.000000
0.998522 -0.014418 0.052402 0.000000 0.016207 0.999295 -0.033873 9.477100 -0.051877 0.034672 0.998051 -1.486900 0.000000 0.000000 0.000000 1.000000
0.998443 -0.015243 0.053655 -0.000000 0.017258 0.999155 -0.037290 9.477100 -0.053042 0.038158 0.997863 -1.486900 0.000000 0.000000 0.000000 1.000000
0.998406 -0.014951 0.054432 0.000000 0.017197 0.999010 -0.041031 9.477100 -0.053765 0.041901 0.997674 -1.486900 0.000000 0.000000 0.000000 1.000000
0.998405 -0.013306 0.054872 0.000000 0.015828 0.998825 -0.045801 9.477100 -0.054198 0.046596 0.997442 -1.486900 0.000000 0.000000 0.000000 1.000000
0.998432 -0.011041 0.054880 0.000000 0.013876 0.998574 -0.051543 9.477100 -0.054233 0.052224 0.997162 -1.486900 0.000000 0.000000 0.000000 1.000000
0.998494 -0.009151 0.054095 0.000000 0.012259 0.998276 -0.057398 9.477100 -0.053477 0.057975 0.996885 -1.486900 0.000000 0.000000 0.000000 1.000000
0.998649 -0.007040 0.051491 0.000000 0.010254 0.997997 -0.062417 9.477100 -0.050948 0.062860 0.996721 -1.486900 0.000000 0.000000 0.000000 1.000000
0.998944 -0.002926 0.045844 0.000000 0.005961 0.997788 -0.066207 9.477100 -0.045549 0.066411 0.996752 -1.486900 0.000000 0.000000 0.000000 1.000000
0.999285 0.003751 0.037625 0.000000 -0.001127 0.997580 -0.069512 9.477100 -0.037795 0.069420 0.996871 -1.486900 0.000000 0.000000 0.000000 1.000000
0.999495 0.011441 0.029651 -0.000000 -0.009240 0.997267 -0.073301 9.477100 -0.030409 0.072990 0.996869 -1.486900 0.000000 0.000000 0.000000 1.000000
0.999533 0.020568 0.022591 -0.000000 -0.018681 0.996558 -0.080760 9.477100 -0.024174 0.080300 0.996478 -1.486900 0.000000 0.000000 0.000000 1.000000
0.999569 0.022850 0.018456 0.000000 -0.021150 0.995935 -0.087557 9.477100 -0.020382 0.087128 0.995989 -1.486900 0.000000 0.000000 0.000000 1.000000
