<?xml version="1.0" encoding="utf-8"?>
<COLLADA xmlns="http://www.collada.org/2005/11/COLLADASchema" version="1.4.1">
  <asset><contributor><author>Mixamo</author><authoring_tool>COLLADA Mixamo exporter</authoring_tool><comments></comments></contributor><created>2020-03-30T18:50:23Z</created><modified>2020-03-30T18:50:23Z</modified><revision></revision><title></title><unit meter="0.010000"/><up_axis>Y_UP</up_axis></asset>
  <library_animations>
    <animation id="mixamorig_Hips-anim" name="mixamorig_Hips"><source id="mixamorig_Hips-Matrix-animation-input"><float_array id="mixamorig_Hips-Matrix-animation-input-array" count="111">

0.000000 0.033333 0.066667 0.100000 0.133333 0.166667 0.200000 0.233333 0.266667 0.300000 0.333333 0.366667 0.400000 0.433333 0.466667 0.500000
0.533333 0.566667 0.600000 0.633333 0.666667 0.700000 0.733333 0.766667 0.800000 0.833333 0.866667 0.900000 0.933333 0.966667 1.000000 1.033333
1.066667 1.100000 1.133333 1.166667 1.200000 1.233333 1.266667 1.300000 1.333333 1.366667 1.400000 1.433333 1.466667 1.500000 1.533333 1.566667
1.600000 1.633333 1.666667 1.700000 1.733333 1.766667 1.800000 1.833333 1.866667 1.900000 1.933333 1.966667 2.000000 2.033333 2.066667 2.100000
2.133333 2.166667 2.200000 2.233333 2.266667 2.300000 2.333333 2.366667 2.400000 2.433333 2.466667 2.500000 2.533333 2.566667 2.600000 2.633333
2.666667 2.700000 2.733333 2.766667 2.800000 2.833333 2.866667 2.900000 2.933333 2.966667 3.000000 3.033333 3.066667 3.100000 3.133333 3.166667
3.200000 3.233333 3.266667 3.300000 3.333333 3.366667 3.400000 3.433333 3.466667 3.500000 3.533333 3.566667 3.600000 3.633333 3.666667</float_array><technique_common><accessor source="#mixamorig_Hips-Matrix-animation-input-array" count="111"><param name="TIME" type="float"/></accessor></technique_common></source><source id="mixamorig_Hips-Matrix-animation-output-transform"><float_array id="mixamorig_Hips-Matrix-animation-output-transform-array" count="1776">

0.522267 -0.054663 -0.851028 0.735999 0.059764 0.997836 -0.027416 50.134537 0.850685 -0.036542 0.524404 -0.198874 0.000000 0.000000 0.000000 1.000000
0.515156 -0.024532 -0.856746 0.544626 0.051483 0.998671 0.002360 49.942757 0.855549 -0.045323 0.515734 -0.002477 0.000000 0.000000 0.000000 1.000000
0.529985 0.001898 -0.848005 -0.568735 0.047709 0.998347 0.032052 50.045662 0.846664 -0.057445 0.529019 0.716678 0.000000 0.000000 0.000000 1.000000
0.581384 0.023824 -0.813280 -2.505055 0.051028 0.996536 0.065671 52.381695 0.812028 -0.079680 0.578154 1.670700 0.000000 0.000000 0.000000 1.000000
0.642568 0.042676 -0.765039 -3.271420 0.053080 0.993570 0.100007 54.085266 0.764388 -0.104869 0.636171 2.807444 0.000000 0.000000 0.000000 1.000000
0.700730 0.056968 -0.711148 -2.965057 0.053103 0.989877 0.131622 53.838947 0.711447 -0.129996 0.690611 3.963279 0.000000 0.000000 0.000000 1.000000
0.750328 0.066676 -0.657695 -2.803758 0.051483 0.985985 0.158692 53.897568 0.659058 -0.152931 0.736379 5.135303 0.000000 0.000000 0.000000 1.000000
0.789598 0.072781 -0.609293 -2.780532 0.048762 0.982359 0.180537 54.467243 0.611684 -0.172262 0.772119 6.298156 0.000000 0.000000 0.000000 1.000000
0.818871 0.076040 -0.568918 -2.841482 0.046068 0.979281 0.197196 55.019920 0.572126 -0.187687 0.798402 7.384282 0.000000 0.000000 0.000000 1.000000
0.838119 0.077791 -0.539912 -2.877782 0.042071 0.977613 0.206163 55.617897 0.543862 -0.195504 0.816083 8.598861 0.000000 0.000000 0.000000 1.000000
0.852437 0.078445 -0.516911 -2.895268 0.037452 0.976978 0.210025 56.060013 0.521486 -0.198393 0.829875 9.797493 0.000000 0.000000 0.000000 1.000000
0.862371 0.078326 -0.500181 -2.857245 0.033195 0.977086 0.210239 56.171806 0.505187 -0.197908 0.840011 10.916074 0.000000 0.000000 0.000000 1.000000
0.867302 0.076238 -0.491909 -2.786266 0.031268 0.977907 0.206691 56.045536 0.496798 -0.194644 0.845757 11.932055 0.000000 0.000000 0.000000 1.000000
0.868253 0.073085 -0.490710 -2.743353 0.031044 0.979148 0.200761 55.714581 0.495150 -0.189545 0.847879 12.888786 0.000000 0.000000 0.000000 1.000000
0.867120 0.069884 -0.493172 -2.719240 0.031182 0.980551 0.193773 55.235126 0.497122 -0.183402 0.848076 13.810152 0.000000 0.000000 0.000000 1.000000
0.866405 0.068842 -0.494574 -2.721757 0.028828 0.981903 0.187176 54.682163 0.498510 -0.176427 0.848741 14.715892 0.000000 0.000000 0.000000 1.000000
0.868497 0.071153 -0.490562 -2.787489 0.022449 0.982983 0.182319 54.158993 0.495186 -0.169356 0.852120 15.602316 0.000000 0.000000 0.000000 1.000000
0.874656 0.075687 -0.478799 -2.807728 0.012961 0.983730 0.179183 53.660080 0.484571 -0.162929 0.859445 16.480352 0.000000 0.000000 0.000000 1.000000
0.884685 0.078552 -0.459524 -2.734059 0.004421 0.984244 0.176761 53.158382 0.466168 -0.158410 0.870398 17.373907 0.000000 0.000000 0.000000 1.000000
0.897236 0.077474 -0.434702 -2.685803 -0.000721 0.984743 0.174015 52.675392 0.441551 -0.155819 0.883602 18.260817 0.000000 0.000000 0.000000 1.000000
0.910544 0.075032 -0.406545 -2.701039 -0.004450 0.985114 0.171845 52.148758 0.413387 -0.154663 0.897324 19.123337 0.000000 0.000000 0.000000 1.000000
0.923015 0.073900 -0.377601 -2.723178 -0.008896 0.985219 0.171070 51.554619 0.384661 -0.154541 0.910029 19.971230 0.000000 0.000000 0.000000 1.000000
0.933517 0.073441 -0.350931 -2.775735 -0.013117 0.985136 0.171272 50.930313 0.358293 -0.155282 0.920605 20.790327 0.000000 0.000000 0.000000 1.000000
0.941816 0.072552 -0.328206 -2.879905 -0.016008 0.985001 0.171802 50.231812 0.335748 -0.156552 0.928851 21.560413 0.000000 0.000000 0.000000 1.000000
0.948203 0.071940 -0.309411 -3.032241 -0.018705 0.984973 0.171691 49.493031 0.317113 -0.157011 0.935301 22.316399 0.000000 0.000000 0.000000 1.000000
0.953222 0.071900 -0.293595 -3.223294 -0.021940 0.985194 0.170036 48.659306 0.301474 -0.155641 0.940686 23.071215 0.000000 0.000000 0.000000 1.000000
0.957352 0.072522 -0.279674 -3.450509 -0.026133 0.985752 0.166160 47.721558 0.287739 -0.151765 0.945607 23.878628 0.000000 0.000000 0.000000 1.000000
0.960844 0.073392 -0.267193 -3.742342 -0.031041 0.986725 0.159403 46.672634 0.275345 -0.144867 0.950368 24.627943 0.000000 0.000000 0.000000 1.000000
0.963530 0.074126 -0.257128 -4.121263 -0.036127 0.988105 0.149477 45.236427 0.265149 -0.134736 0.954747 25.282251 0.000000 0.000000 0.000000 1.000000
0.965119 0.074852 -0.250885 -4.596940 -0.040892 0.989596 0.137941 43.128361 0.258600 -0.122871 0.958138 25.897205 0.000000 0.000000 0.000000 1.000000
0.965055 0.076129 -0.250747 -5.133246 -0.045075 0.990834 0.127343 40.351078 0.258143 -0.111590 0.959641 26.475500 0.000000 0.000000 0.000000 1.000000
0.962805 0.076766 -0.259065 -5.675884 -0.046809 0.991683 0.119891 37.261742 0.266113 -0.103305 0.958390 27.006338 0.000000 0.000000 0.000000 1.000000
0.957779 0.076579 -0.277118 -6.085823 -0.045617 0.992142 0.116509 33.560966 0.283862 -0.098949 0.953746 27.483442 0.000000 0.000000 0.000000 1.000000
0.949745 0.076737 -0.303472 -6.460661 -0.042749 0.992199 0.117102 29.444675 0.310091 -0.098244 0.945617 28.055504 0.000000 0.000000 0.000000 1.000000
0.939987 0.080685 -0.331532 -6.802508 -0.042517 0.991764 0.120818 25.518059 0.338550 -0.099472 0.935676 28.743893 0.000000 0.000000 0.000000 1.000000
0.932255 0.095325 -0.349019 -6.971642 -0.054069 0.990541 0.126118 22.841305 0.357739 -0.098703 0.928590 29.369688 0.000000 0.000000 0.000000 1.000000
0.932710 0.106243 -0.344623 -6.732505 -0.065950 0.989754 0.126636 22.023954 0.354546 -0.095387 0.930161 30.014105 0.000000 0.000000 0.000000 1.000000
0.942594 0.110030 -0.315295 -6.474814 -0.075401 0.989902 0.120036 22.603878 0.325318 -0.089371 0.941372 31.024778 0.000000 0.000000 0.000000 1.000000
0.957568 0.112272 -0.265439 -6.458644 -0.087377 0.990748 0.103841 23.700207 0.274642 -0.076242 0.958519 32.467663 0.000000 0.000000 0.000000 1.000000
0.970800 0.116090 -0.209930 -6.597040 -0.101712 0.991746 0.078072 24.785667 0.217261 -0.054440 0.974594 33.847370 0.000000 0.000000 0.000000 1.000000
0.978646 0.125039 -0.163151 -6.444973 -0.119199 0.991844 0.045145 25.596336 0.167465 -0.024733 0.985568 35.032906 0.000000 0.000000 0.000000 1.000000
0.981758 0.135701 -0.133176 -6.038985 -0.135732 0.990706 0.008892 25.753231 0.133145 0.009347 0.991053 35.782070 0.000000 0.000000 0.000000 1.000000
0.982658 0.142719 -0.118380 -5.533581 -0.146415 0.988954 -0.023088 25.422134 0.113777 0.040020 0.992700 36.237522 0.000000 0.000000 0.000000 1.000000
0.983139 0.140607 -0.116904 -5.014200 -0.147084 0.987923 -0.048718 25.060169 0.108642 0.065092 0.991948 37.025333 0.000000 0.000000 0.000000 1.000000
0.983466 0.128889 -0.127213 -4.665794 -0.138567 0.987849 -0.070385 24.794241 0.116595 0.086849 0.989375 37.409611 0.000000 0.000000 0.000000 1.000000
0.982948 0.113402 -0.144754 -4.355461 -0.127722 0.987367 -0.093776 24.600555 0.132291 0.110665 0.985014 37.722031 0.000000 0.000000 0.000000 1.000000
0.980805 0.103777 -0.165084 -4.025720 -0.124555 0.984817 -0.120924 24.604372 0.150028 0.139165 0.978838 38.223331 0.000000 0.000000 0.000000 1.000000
0.977228 0.099027 -0.187666 -3.668223 -0.128010 0.980486 -0.149199 24.637604 0.169230 0.169825 0.970835 39.032509 0.000000 0.000000 0.000000 1.000000
0.971824 0.096293 -0.215142 -3.472327 -0.135578 0.975004 -0.176028 24.897230 0.192814 0.200237 0.960587 39.440041 0.000000 0.000000 0.000000 1.000000
0.964997 0.096677 -0.243790 -3.131917 -0.147435 0.968759 -0.199420 25.175873 0.216894 0.228383 0.949104 40.318501 0.000000 0.000000 0.000000 1.000000
0.956665 0.098321 -0.274089 -2.689409 -0.162023 0.961839 -0.220485 25.437111 0.241951 0.255339 0.936088 41.306896 0.000000 0.000000 0.000000 1.000000
0.946531 0.100871 -0.306438 -2.198333 -0.178618 0.954847 -0.237408 25.688057 0.268654 0.279449 0.921810 42.395962 0.000000 0.000000 0.000000 1.000000
0.935570 0.103108 -0.337753 -1.761024 -0.196184 0.947011 -0.254327 25.891876 0.293632 0.304202 0.906224 43.526711 0.000000 0.000000 0.000000 1.000000
0.925347 0.105494 -0.364149 -1.415377 -0.214396 0.937781 -0.273133 26.044346 0.312678 0.330815 0.890390 44.805187 0.000000 0.000000 0.000000 1.000000
0.917883 0.107912 -0.381898 -1.116279 -0.232125 0.926521 -0.296102 26.111284 0.321884 0.360436 0.875487 46.183128 0.000000 0.000000 0.000000 1.000000
0.913534 0.108495 -0.392025 -0.885003 -0.247169 0.913494 -0.323164 26.067593 0.323051 0.392119 0.861325 47.501854 0.000000 0.000000 0.000000 1.000000
0.911576 0.107005 -0.396961 -0.764601 -0.259687 0.898403 -0.354167 25.966141 0.318734 0.425936 0.846751 48.827503 0.000000 0.000000 0.000000 1.000000
0.911707 0.104538 -0.397319 -0.685766 -0.270313 0.880908 -0.388499 25.785410 0.309389 0.461598 0.831388 50.241802 0.000000 0.000000 0.000000 1.000000
0.914075 0.103010 -0.392245 -0.619376 -0.280006 0.859970 -0.426672 25.506771 0.293367 0.499841 0.814920 51.745899 0.000000 0.000000 0.000000 1.000000
0.918996 0.100906 -0.381137 -0.589996 -0.286396 0.835233 -0.469429 25.106340 0.270970 0.540559 0.796475 53.299374 0.000000 0.000000 0.000000 1.000000
0.926924 0.097735 -0.362298 -0.638801 -0.287331 0.805848 -0.517735 24.558537 0.241356 0.584001 0.775042 54.960308 0.000000 0.000000 0.000000 1.000000
0.937606 0.093813 -0.334804 -0.739914 -0.281378 0.770391 -0.572122 23.851704 0.204258 0.630632 0.748721 56.740562 0.000000 0.000000 0.000000 1.000000
0.949371 0.087552 -0.301710 -0.930668 -0.267671 0.728183 -0.630954 22.937782 0.164459 0.679768 0.714751 58.652466 0.000000 0.000000 0.000000 1.000000
0.960679 0.079371 -0.266073 -1.168371 -0.247639 0.678325 -0.691773 21.766314 0.125577 0.730462 0.671309 60.763344 0.000000 0.000000 0.000000 1.000000
0.970674 0.072704 -0.229144 -1.385833 -0.224121 0.618481 -0.753160 20.322388 0.086964 0.782429 0.616638 62.967209 0.000000 0.000000 0.000000 1.000000
0.978983 0.068915 -0.191946 -1.548116 -0.198104 0.544937 -0.814739 18.476709 0.048450 0.835640 0.547136 65.376610 0.000000 0.000000 0.000000 1.000000
0.985632 0.065211 -0.155808 -1.762083 -0.168385 0.451684 -0.876144 16.412617 0.013241 0.889792 0.456175 67.701347 0.000000 0.000000 0.000000 1.000000
0.991156 0.063159 -0.116704 -1.976132 -0.131139 0.331735 -0.934213 14.344635 -0.020289 0.941256 0.337084 69.767319 0.000000 0.000000 0.000000 1.000000
0.995702 0.059620 -0.070873 -2.297100 -0.081002 0.189594 -0.978516 13.913525 -0.044902 0.980051 0.193609 71.580826 0.000000 0.000000 0.000000 1.000000
0.998314 0.055451 -0.017179 -2.861407 -0.019514 0.041844 -0.998934 14.798029 -0.054673 0.997584 0.042855 73.682587 0.000000 0.000000 0.000000 1.000000
0.997940 0.048598 0.041884 -3.486109 0.046010 -0.087135 -0.995133 16.391251 -0.044712 0.995010 -0.089192 75.806915 0.000000 0.000000 0.000000 1.000000
0.994210 0.043378 0.098315 -4.217201 0.104634 -0.182377 -0.977645 18.361183 -0.024478 0.982271 -0.185860 77.350945 0.000000 0.000000 0.000000 1.000000
0.988776 0.042070 0.143359 -4.861714 0.149333 -0.248629 -0.957018 20.014370 -0.004619 0.967685 -0.252121 78.800301 0.000000 0.000000 0.000000 1.000000
0.983976 0.047312 0.171909 -5.447012 0.178178 -0.296693 -0.938204 21.174614 0.006616 0.953800 -0.300368 80.282974 0.000000 0.000000 0.000000 1.000000
0.981186 0.055808 0.184821 -5.887245 0.192749 -0.337700 -0.921307 21.915333 0.010998 0.939598 -0.342104 81.811363 0.000000 0.000000 0.000000 1.000000
0.979915 0.067073 0.187800 -6.273894 0.199200 -0.373238 -0.906097 22.331070 0.009319 0.925308 -0.379102 83.113663 0.000000 0.000000 0.000000 1.000000
0.978818 0.081376 0.187866 -6.690941 0.204718 -0.400428 -0.893168 22.582417 0.002545 0.912708 -0.408605 84.084015 0.000000 0.000000 0.000000 1.000000
0.976894 0.099729 0.189027 -7.126253 0.213497 -0.414764 -0.884528 22.702070 -0.009812 0.904447 -0.426472 84.588615 0.000000 0.000000 0.000000 1.000000
0.973926 0.120424 0.192266 -7.527831 0.225351 -0.415740 -0.881123 22.736805 -0.026176 0.901476 -0.432037 84.413177 0.000000 0.000000 0.000000 1.000000
0.970313 0.140239 0.197044 -7.904614 0.237828 -0.405226 -0.882740 22.450926 -0.043947 0.903396 -0.426549 83.810341 0.000000 0.000000 0.000000 1.000000
0.966544 0.156774 0.203015 -8.212191 0.249157 -0.385793 -0.888304 21.510910 -0.060941 0.909168 -0.411947 83.158966 0.000000 0.000000 0.000000 1.000000
0.963108 0.168973 0.209453 -8.476217 0.258021 -0.358629 -0.897112 20.113373 -0.076472 0.918059 -0.388997 82.535271 0.000000 0.000000 0.000000 1.000000
0.959998 0.178802 0.215486 -8.641816 0.264270 -0.324198 -0.908326 18.305309 -0.092550 0.928938 -0.358482 81.838692 0.000000 0.000000 0.000000 1.000000
0.957711 0.186162 0.219392 -8.776101 0.266307 -0.284788 -0.920856 16.145241 -0.108948 0.940340 -0.322321 81.260201 0.000000 0.000000 0.000000 1.000000
0.955917 0.194702 0.219803 -8.713654 0.263751 -0.240314 -0.934176 13.962569 -0.129064 0.950968 -0.281073 80.630096 0.000000 0.000000 0.000000 1.000000
0.955402 0.203919 0.213598 -8.258982 0.253589 -0.195884 -0.947271 11.655369 -0.151326 0.959191 -0.238859 80.582458 0.000000 0.000000 0.000000 1.000000
0.958271 0.200551 0.203705 -8.285789 0.237292 -0.160707 -0.958053 10.143320 -0.159402 0.966412 -0.201590 80.694328 0.000000 0.000000 0.000000 1.000000
0.962519 0.192109 0.191445 -8.660574 0.219257 -0.135691 -0.966186 10.122818 -0.159636 0.971948 -0.172726 80.593849 0.000000 0.000000 0.000000 1.000000
0.966869 0.183707 0.177247 -8.632897 0.201188 -0.121008 -0.972049 11.091482 -0.157124 0.975504 -0.153959 79.982964 0.000000 0.000000 0.000000 1.000000
0.970201 0.178913 0.163402 -8.336437 0.185405 -0.113999 -0.976027 11.657031 -0.155996 0.977238 -0.143773 79.317528 0.000000 0.000000 0.000000 1.000000
0.973509 0.171669 0.151026 -8.170598 0.171622 -0.112176 -0.978756 11.892956 -0.151081 0.978747 -0.138667 78.957001 0.000000 0.000000 0.000000 1.000000
0.976610 0.166538 0.136007 -7.869425 0.155723 -0.111645 -0.981471 11.874593 -0.148268 0.979694 -0.134967 78.826248 0.000000 0.000000 0.000000 1.000000
0.980055 0.161627 0.115621 -7.522323 0.134543 -0.111469 -0.984618 11.616547 -0.146253 0.980536 -0.130991 78.789856 0.000000 0.000000 0.000000 1.000000
0.983587 0.156374 0.090022 -7.083566 0.108495 -0.113919 -0.987548 11.189156 -0.144171 0.981106 -0.129015 78.896614 0.000000 0.000000 0.000000 1.000000
0.986541 0.150981 0.062789 -6.608433 0.081442 -0.120723 -0.989340 10.584808 -0.141791 0.981137 -0.131394 79.147064 0.000000 0.000000 0.000000 1.000000
0.988728 0.144621 0.038756 -6.283832 0.058093 -0.131981 -0.989549 9.902687 -0.137995 0.980646 -0.138894 79.396568 0.000000 0.000000 0.000000 1.000000
0.990195 0.137992 0.021745 -6.242533 0.041982 -0.145492 -0.988468 9.843706 -0.133237 0.979689 -0.149859 79.490570 0.000000 0.000000 0.000000 1.000000
0.991163 0.132053 0.012582 -6.183603 0.033562 -0.157878 -0.986888 10.148663 -0.128335 0.978589 -0.160915 79.876953 0.000000 0.000000 0.000000 1.000000
0.991424 0.130349 0.009375 -6.148952 0.031182 -0.166283 -0.985585 10.126173 -0.126911 0.977425 -0.168921 79.885941 0.000000 0.000000 0.000000 1.000000
0.991152 0.132234 0.011516 -6.144750 0.033977 -0.168887 -0.985050 9.894173 -0.128313 0.976725 -0.171886 79.803795 0.000000 0.000000 0.000000 1.000000
0.990719 0.134889 0.016771 -6.228846 0.039505 -0.167679 -0.985050 9.577988 -0.130061 0.976570 -0.171451 79.789238 0.000000 0.000000 0.000000 1.000000
0.990290 0.137283 0.021891 -6.328052 0.044831 -0.166307 -0.985054 9.367048 -0.131591 0.976471 -0.170846 79.788803 0.000000 0.000000 0.000000 1.000000
0.989887 0.139233 0.027172 -6.446666 0.050226 -0.164851 -0.985039 9.366303 -0.132670 0.976442 -0.170177 79.860733 0.000000 0.000000 0.000000 1.000000
0.989354 0.141935 0.032128 -6.534563 0.055405 -0.163231 -0.985031 9.458689 -0.134566 0.976325 -0.169358 79.976997 0.000000 0.000000 0.000000 1.000000
0.988830 0.144346 0.037147 -6.656597 0.060586 -0.161552 -0.985003 9.444534 -0.136180 0.976251 -0.168493 79.965912 0.000000 0.000000 0.000000 1.000000
0.988253 0.146917 0.042080 -6.736286 0.065695 -0.159793 -0.984962 9.370105 -0.137984 0.976157 -0.167568 79.958397 0.000000 0.000000 0.000000 1.000000
0.987662 0.149368 0.047053 -6.794469 0.070817 -0.158000 -0.984896 9.277150 -0.139677 0.976076 -0.166628 79.963875 0.000000 0.000000 0.000000 1.000000
0.987077 0.151523 0.052145 -6.837831 0.076004 -0.156212 -0.984795 9.233963 -0.141074 0.976032 -0.165710 79.987358 0.000000 0.000000 0.000000 1.000000
0.986403 0.154112 0.057083 -6.822759 0.081101 -0.154370 -0.984679 9.221816 -0.142939 0.975920 -0.164769 79.977577 0.000000 0.000000 0.000000 1.000000
0.985707 0.156619 0.062066 -6.787449 0.086230 -0.152548 -0.984527 9.248019 -0.144727 0.975807 -0.163873 79.981651 0.000000 0.000000 0.000000 1.000000
0.984963 0.159221 0.067056 -6.716115 0.091382 -0.150746 -0.984340 9.265088 -0.146619 0.975666 -0.163029 79.978188 0.000000 0.000000 0.000000 1.000000</float_array><technique_common><accessor source="#mixamorig_Hips-Matrix-animation-output-transform-array" count="111" stride="16"><param type="float4x4"/></accessor></technique_common></source><source id="mixamorig_Hips-Interpolations"><Name_array id="mixamorig_Hips-Interpolations-array" count="111">
 LINEAR LINEAR LINEAR LINEAR LINEAR LINEAR LINEAR LINEAR LINEAR LINEAR LINEAR
LINEAR LINEAR LINEAR LINEAR LINEAR LINEAR LINEAR LINEAR LINEAR LINEAR LINEAR LINEAR
LINEAR LINEAR LINEAR LINEAR LINEAR LINEAR LINEAR LINEAR LINEAR LINEAR LINEAR LINEAR
LINEAR LINEAR LINEAR LINEAR LINEAR LINEAR LINEAR LINEAR LINEAR LINEAR LINEAR LINEAR
LINEAR LINEAR LINEAR LINEAR LINEAR LINEAR LINEAR LINEAR LINEAR LINEAR LINEAR LINEAR
LINEAR LINEAR LINEAR LINEAR LINEAR LINEAR LINEAR LINEAR LINEAR LINEAR LINEAR LINEAR
LINEAR LINEAR LINEAR LINEAR LINEAR LINEAR LINEAR LINEAR LINEAR LINEAR LINEAR LINEAR
LINEAR LINEAR LINEAR LINEAR LINEAR LINEAR LINEAR LINEAR LINEAR LINEAR LINEAR LINEAR
LINEAR LINEAR LINEAR LINEAR LINEAR LINEAR LINEAR LINEAR LINEAR LINEAR LINEAR LINEAR
LINEAR LINEAR LINEAR LINEAR</Name_array><technique_common><accessor source="#mixamorig_Hips-Interpolations-array" count="111"><param type="name"/></accessor></technique_common></source><sampler id="mixamorig_Hips-Matrix-animation-transform"><input semantic="INPUT" source="#mixamorig_Hips-Matrix-animation-input"/><input semantic="OUTPUT" source="#mixamorig_Hips-Matrix-animation-output-transform"/><input semantic="INTERPOLATION" source="#mixamorig_Hips-Interpolations"/></sampler><channel source="#mixamorig_Hips-Matrix-animation-transform" target="mixamorig_Hips/matrix"/></animation>
    <animation id="mixamorig_Spine-anim" name="mixamorig_Spine"><source id="mixamorig_Spine-Matrix-animation-input"><float_array id="mixamorig_Spine-Matrix-animation-input-array" count="111">

0.000000 0.033333 0.066667 0.100000 0.133333 0.166667 0.200000 0.233333 0.266667 0.300000 0.333333 0.366667 0.400000 0.433333 0.466667 0.500000
0.533333 0.566667 0.600000 0.633333 0.666667 0.700000 0.733333 0.766667 0.800000 0.833333 0.866667 0.900000 0.933333 0.966667 1.000000 1.033333
1.066667 1.100000 1.133333 1.166667 1.200000 1.233333 1.266667 1.300000 1.333333 1.366667 1.400000 1.433333 1.466667 1.500000 1.533333 1.566667
1.600000 1.633333 1.666667 1.700000 1.733333 1.766667 1.800000 1.833333 1.866667 1.900000 1.933333 1.966667 2.000000 2.033333 2.066667 2.100000
2.133333 2.166667 2.200000 2.233333 2.266667 2.300000 2.333333 2.366667 2.400000 2.433333 2.466667 2.500000 2.533333 2.566667 2.600000 2.633333
2.666667 2.700000 2.733333 2.766667 2.800000 2.833333 2.866667 2.900000 2.933333 2.966667 3.000000 3.033333 3.066667 3.100000 3.133333 3.166667
3.200000 3.233333 3.266667 3.300000 3.333333 3.366667 3.400000 3.433333 3.466667 3.500000 3.533333 3.566667 3.600000 3.633333 3.666667</float_array><technique_common><accessor source="#mixamorig_Spine-Matrix-animation-input-array" count="111"><param name="TIME" type="float"/></accessor></technique_common></source><source id="mixamorig_Spine-Matrix-animation-output-transform"><float_array id="mixamorig_Spine-Matrix-animation-output-transform-array" count="1776">

0.999226 0.038018 0.010114 0.000000 -0.037306 0.997304 -0.063190 16.216101 -0.012489 0.062764 0.997950 -2.336500 0.000000 0.000000 0.000000 1.000000
0.999669 0.025598 -0.002479 0.000000 -0.025688 0.998506 -0.048221 16.216101 0.001241 0.048269 0.998834 -2.336500 0.000000 0.000000 0.000000 1.000000
0.999773 0.000399 -0.021318 -0.000000 -0.000844 0.999782 -0.020864 16.216101 0.021305 0.020877 0.999555 -2.336500 0.000000 0.000000 0.000000 1.000000
0.999387 -0.022452 -0.026855 0.000000 0.022524 0.999743 0.002386 16.216101 0.026794 -0.002989 0.999636 -2.336500 0.000000 0.000000 0.000000 1.000000
0.999085 -0.038495 -0.018647 -0.000000 0.038926 0.998970 0.023316 16.216101 0.017730 -0.024020 0.999554 -2.336500 0.000000 0.000000 0.000000 1.000000
0.998861 -0.046359 -0.011316 -0.000000 0.046709 0.998365 0.032947 16.216101 0.009770 -0.033438 0.999393 -2.336500 0.000000 0.000000 0.000000 1.000000
0.998447 -0.055166 -0.007793 0.000000 0.055404 0.997865 0.034576 16.216101 0.005868 -0.034954 0.999372 -2.336500 0.000000 0.000000 0.000000 1.000000
0.998104 -0.061065 -0.007667 0.000000 0.061296 0.997512 0.034825 16.216101 0.005522 -0.035229 0.999364 -2.336500 0.000000 0.000000 0.000000 1.000000
0.998013 -0.062277 -0.009529 -0.000000 0.062588 0.997356 0.036927 16.216101 0.007204 -0.037450 0.999273 -2.336500 0.000000 0.000000 0.000000 1.000000
0.997898 -0.063443 -0.013240 0.000000 0.063933 0.997126 0.040637 16.216101 0.010624 -0.041398 0.999086 -2.336500 0.000000 0.000000 0.000000 1.000000
0.997805 -0.064018 -0.016957 -0.000000 0.064721 0.996896 0.044823 16.216101 0.014035 -0.045822 0.998851 -2.336500 0.000000 0.000000 0.000000 1.000000
0.997757 -0.063942 -0.019827 0.000000 0.064836 0.996725 0.048321 16.216101 0.016672 -0.049498 0.998635 -2.336500 0.000000 0.000000 0.000000 1.000000
0.997785 -0.062977 -0.021403 0.000000 0.063994 0.996663 0.050677 16.216101 0.018140 -0.051934 0.998486 -2.336500 0.000000 0.000000 0.000000 1.000000
0.997842 -0.061960 -0.021736 0.000000 0.063018 0.996660 0.051944 16.216101 0.018444 -0.053201 0.998413 -2.336500 0.000000 0.000000 0.000000 1.000000
0.997899 -0.061349 -0.020849 0.000000 0.062368 0.996680 0.052340 16.216101 0.017569 -0.053530 0.998412 -2.336500 0.000000 0.000000 0.000000 1.000000
0.997982 -0.060682 -0.018711 0.000000 0.061581 0.996749 0.051962 16.216101 0.015497 -0.053009 0.998474 -2.336500 0.000000 0.000000 0.000000 1.000000
0.998152 -0.058814 -0.015282 0.000000 0.059523 0.996923 0.051012 16.216101 0.012234 -0.051827 0.998581 -2.336500 0.000000 0.000000 0.000000 1.000000
0.998328 -0.056713 -0.011213 -0.000000 0.057204 0.997116 0.049870 16.216101 0.008352 -0.050428 0.998693 -2.336500 0.000000 0.000000 0.000000 1.000000
0.998401 -0.056052 -0.007279 0.000000 0.056341 0.997224 0.048688 16.216101 0.004530 -0.049020 0.998788 -2.336500 0.000000 0.000000 0.000000 1.000000
0.998403 -0.056396 -0.003329 -0.000000 0.056491 0.997268 0.047590 16.216101 0.000636 -0.047702 0.998861 -2.336500 0.000000 0.000000 0.000000 1.000000
0.998379 -0.056913 0.000938 0.000000 0.056808 0.997303 0.046473 16.216101 -0.003581 -0.046344 0.998919 -2.336500 0.000000 0.000000 0.000000 1.000000
0.998313 -0.057816 0.005286 0.000000 0.057517 0.997312 0.045386 16.216101 -0.007896 -0.045006 0.998956 -2.336500 0.000000 0.000000 0.000000 1.000000
0.998213 -0.058949 0.009744 0.000000 0.058463 0.997305 0.044326 16.216101 -0.012330 -0.043677 0.998970 -2.336500 0.000000 0.000000 0.000000 1.000000
0.998071 -0.060439 0.014173 0.000000 0.059774 0.997267 0.043414 16.216101 -0.016758 -0.042483 0.998957 -2.336500 0.000000 0.000000 0.000000 1.000000
0.997895 -0.062258 0.018149 0.000000 0.061438 0.997197 0.042711 16.216101 -0.020757 -0.041506 0.998923 -2.336500 0.000000 0.000000 0.000000 1.000000
0.997751 -0.063469 0.021568 0.000000 0.062517 0.997148 0.042291 16.216101 -0.024190 -0.040847 0.998873 -2.336500 0.000000 0.000000 0.000000 1.000000
0.997713 -0.063114 0.024200 0.000000 0.062057 0.997181 0.042190 16.216101 -0.026795 -0.040591 0.998816 -2.336500 0.000000 0.000000 0.000000 1.000000
0.997843 -0.060258 0.026038 0.000000 0.059133 0.997366 0.041999 16.216101 -0.028500 -0.040369 0.998778 -2.336500 0.000000 0.000000 0.000000 1.000000
0.998093 -0.055190 0.027661 -0.000000 0.054033 0.997699 0.040943 16.216101 -0.029857 -0.039370 0.998779 -2.336500 0.000000 0.000000 0.000000 1.000000
0.998400 -0.048770 0.028632 0.000000 0.047662 0.998134 0.038175 16.216101 -0.030441 -0.036749 0.998861 -2.336500 0.000000 0.000000 0.000000 1.000000
0.998725 -0.041844 0.028257 0.000000 0.040902 0.998614 0.033130 16.216101 -0.029604 -0.031932 0.999052 -2.336500 0.000000 0.000000 0.000000 1.000000
0.999062 -0.034043 0.026769 -0.000000 0.033363 0.999120 0.025435 16.216101 -0.027612 -0.024518 0.999318 -2.336500 0.000000 0.000000 0.000000 1.000000
0.999350 -0.026255 0.024701 0.000000 0.025890 0.999552 0.014984 16.216101 -0.025084 -0.014335 0.999583 -2.336500 0.000000 0.000000 0.000000 1.000000
0.999564 -0.018415 0.023076 -0.000000 0.018354 0.999827 0.002856 16.216101 -0.023124 -0.002431 0.999730 -2.336500 0.000000 0.000000 0.000000 1.000000
0.999685 -0.011211 0.022433 -0.000000 0.011404 0.999899 -0.008510 16.216101 -0.022335 0.008763 0.999712 -2.336500 0.000000 0.000000 0.000000 1.000000
0.999740 -0.009157 0.020900 0.000000 0.009500 0.999820 -0.016402 16.216101 -0.020746 0.016597 0.999647 -2.336500 0.000000 0.000000 0.000000 1.000000
0.999812 -0.004486 0.018888 -0.000000 0.004843 0.999810 -0.018895 16.216101 -0.018800 0.018983 0.999643 -2.336500 0.000000 0.000000 0.000000 1.000000
0.999822 0.001155 0.018841 0.000000 -0.000860 0.999877 -0.015667 16.216101 -0.018857 0.015648 0.999700 -2.336500 0.000000 0.000000 0.000000 1.000000
0.999802 0.002370 0.019765 0.000000 -0.002226 0.999971 -0.007319 16.216101 -0.019781 0.007274 0.999778 -2.336500 0.000000 0.000000 0.000000 1.000000
0.999766 0.000553 0.021608 -0.000000 -0.000660 0.999988 0.004926 16.216101 -0.021605 -0.004939 0.999754 -2.336500 0.000000 0.000000 0.000000 1.000000
0.999734 -0.003736 0.022767 -0.000000 0.003325 0.999831 0.018066 16.216101 -0.022830 -0.017985 0.999578 -2.336500 0.000000 0.000000 0.000000 1.000000
0.999708 -0.009312 0.022281 0.000000 0.008666 0.999545 0.028896 16.216101 -0.022540 -0.028695 0.999334 -2.336500 0.000000 0.000000 0.000000 1.000000
0.999681 -0.017566 0.018125 0.000000 0.016917 0.999232 0.035333 16.216101 -0.018731 -0.035015 0.999211 -2.336500 0.000000 0.000000 0.000000 1.000000
0.999580 -0.025923 0.012972 0.000000 0.025419 0.998969 0.037609 16.216101 -0.013934 -0.037264 0.999208 -2.336500 0.000000 0.000000 0.000000 1.000000
0.999487 -0.030291 0.010371 0.000000 0.029898 0.998897 0.036211 16.216101 -0.011457 -0.035882 0.999290 -2.336500 0.000000 0.000000 0.000000 1.000000
0.999491 -0.030544 0.009163 0.000000 0.030233 0.999019 0.032370 16.216101 -0.010142 -0.032076 0.999434 -2.336500 0.000000 0.000000 0.000000 1.000000
0.999546 -0.029539 0.005869 0.000000 0.029366 0.999189 0.027566 16.216101 -0.006678 -0.027381 0.999603 -2.336500 0.000000 0.000000 0.000000 1.000000
0.999651 -0.026346 0.002036 0.000000 0.026290 0.999363 0.024141 16.216101 -0.002670 -0.024079 0.999706 -2.336500 0.000000 0.000000 0.000000 1.000000
0.999788 -0.020548 0.001117 0.000000 0.020517 0.999528 0.022857 16.216101 -0.001587 -0.022829 0.999738 -2.336500 0.000000 0.000000 0.000000 1.000000
0.999860 -0.016721 -0.001093 -0.000000 0.016742 0.999588 0.023335 16.216101 0.000702 -0.023350 0.999727 -2.336500 0.000000 0.000000 0.000000 1.000000
0.999868 -0.015695 -0.004266 -0.000000 0.015797 0.999561 0.025060 16.216101 0.003871 -0.025124 0.999677 -2.336500 0.000000 0.000000 0.000000 1.000000
0.999824 -0.017078 -0.007706 0.000000 0.017286 0.999466 0.027736 16.216101 0.007228 -0.027864 0.999586 -2.336500 0.000000 0.000000 0.000000 1.000000
0.999746 -0.019889 -0.010573 0.000000 0.020206 0.999322 0.030769 16.216101 0.009954 -0.030975 0.999471 -2.336500 0.000000 0.000000 0.000000 1.000000
0.999634 -0.023698 -0.013012 -0.000000 0.024123 0.999147 0.033531 16.216101 0.012206 -0.033833 0.999353 -2.336500 0.000000 0.000000 0.000000 1.000000
0.999492 -0.028047 -0.015112 -0.000000 0.028574 0.998947 0.035899 16.216101 0.014089 -0.036312 0.999241 -2.336500 0.000000 0.000000 0.000000 1.000000
0.999364 -0.031853 -0.016039 0.000000 0.032440 0.998760 0.037772 16.216101 0.014816 -0.038269 0.999158 -2.336500 0.000000 0.000000 0.000000 1.000000
0.999305 -0.034129 -0.015002 -0.000000 0.034695 0.998627 0.039238 16.216101 0.013643 -0.039731 0.999117 -2.336500 0.000000 0.000000 0.000000 1.000000
0.999276 -0.035697 -0.013125 0.000000 0.036197 0.998541 0.040069 16.216101 0.011675 -0.040515 0.999111 -2.336500 0.000000 0.000000 0.000000 1.000000
0.999209 -0.037997 -0.011720 -0.000000 0.038440 0.998450 0.040240 16.216101 0.010172 -0.040659 0.999121 -2.336500 0.000000 0.000000 0.000000 1.000000
0.999181 -0.039348 -0.009446 -0.000000 0.039695 0.998413 0.039953 16.216101 0.007859 -0.040295 0.999157 -2.336500 0.000000 0.000000 0.000000 1.000000
0.999181 -0.039931 -0.006538 -0.000000 0.040160 0.998406 0.039657 16.216101 0.004944 -0.039887 0.999192 -2.336500 0.000000 0.000000 0.000000 1.000000
0.999167 -0.040628 -0.003854 0.000000 0.040749 0.998389 0.039480 16.216101 0.002243 -0.039604 0.999213 -2.336500 0.000000 0.000000 0.000000 1.000000
0.999203 -0.039907 -0.000355 0.000000 0.039889 0.998416 0.039669 16.216101 -0.001229 -0.039651 0.999213 -2.336500 0.000000 0.000000 0.000000 1.000000
0.999284 -0.037633 0.003809 0.000000 0.037448 0.998479 0.040473 16.216101 -0.005326 -0.040302 0.999173 -2.336500 0.000000 0.000000 0.000000 1.000000
0.999313 -0.036428 0.006757 -0.000000 0.036110 0.998451 0.042336 16.216101 -0.008289 -0.042063 0.999081 -2.336500 0.000000 0.000000 0.000000 1.000000
0.999279 -0.037088 0.008096 -0.000000 0.036680 0.998279 0.045763 16.216101 -0.009780 -0.045434 0.998919 -2.336500 0.000000 0.000000 0.000000 1.000000
0.999260 -0.037259 0.009501 -0.000000 0.036731 0.998038 0.050703 16.216101 -0.011372 -0.050317 0.998669 -2.336500 0.000000 0.000000 0.000000 1.000000
0.999218 -0.038411 0.009390 -0.000000 0.037818 0.997671 0.056765 16.216101 -0.011549 -0.056366 0.998343 -2.336500 0.000000 0.000000 0.000000 1.000000
0.999180 -0.039677 0.008073 0.000000 0.039085 0.997210 0.063598 16.216101 -0.010574 -0.063230 0.997943 -2.336500 0.000000 0.000000 0.000000 1.000000
0.999156 -0.040700 0.005487 -0.000000 0.040207 0.996648 0.071250 16.216101 -0.008369 -0.070969 0.997443 -2.336500 0.000000 0.000000 0.000000 1.000000
0.999229 -0.039149 0.002848 -0.000000 0.038794 0.996018 0.080275 16.216101 -0.005980 -0.080103 0.996769 -2.336500 0.000000 0.000000 0.000000 1.000000
0.999378 -0.035251 0.000279 0.000000 0.035080 0.995241 0.090906 16.216101 -0.003482 -0.090840 0.995859 -2.336500 0.000000 0.000000 0.000000 1.000000
0.999586 -0.028704 -0.002048 0.000000 0.028762 0.994287 0.102796 16.216101 -0.000914 -0.102812 0.994700 -2.336500 0.000000 0.000000 0.000000 1.000000
0.999745 -0.022052 -0.004794 0.000000 0.022457 0.993096 0.115131 16.216101 0.002222 -0.115209 0.993339 -2.336500 0.000000 0.000000 0.000000 1.000000
0.999870 -0.014380 -0.007321 -0.000000 0.015191 0.991847 0.126527 16.216101 0.005441 -0.126622 0.991936 -2.336500 0.000000 0.000000 0.000000 1.000000
0.999930 -0.006876 -0.009585 0.000000 0.008113 0.990717 0.135699 16.216101 0.008563 -0.135767 0.990704 -2.336500 0.000000 0.000000 0.000000 1.000000
0.999925 -0.001492 -0.012147 -0.000000 0.003210 0.989766 0.142661 16.216101 0.011809 -0.142690 0.989697 -2.336500 0.000000 0.000000 0.000000 1.000000
0.999878 -0.000221 -0.015608 0.000000 0.002508 0.989177 0.146707 16.216101 0.015407 -0.146728 0.989057 -2.336500 0.000000 0.000000 0.000000 1.000000
0.999798 -0.003043 -0.019850 0.000000 0.005935 0.989073 0.147305 16.216101 0.019185 -0.147393 0.988892 -2.336500 0.000000 0.000000 0.000000 1.000000
0.999678 -0.007809 -0.024126 0.000000 0.011214 0.989454 0.144409 16.216101 0.022744 -0.144633 0.989224 -2.336500 0.000000 0.000000 0.000000 1.000000
0.999528 -0.012535 -0.028045 -0.000000 0.016310 0.990197 0.138721 16.216101 0.026031 -0.139113 0.989934 -2.336500 0.000000 0.000000 0.000000 1.000000
0.999389 -0.016008 -0.031074 -0.000000 0.019966 0.991103 0.131594 16.216101 0.028691 -0.132134 0.990816 -2.336500 0.000000 0.000000 0.000000 1.000000
0.999255 -0.019401 -0.033377 0.000000 0.023396 0.992030 0.123807 16.216101 0.030709 -0.124496 0.991745 -2.336500 0.000000 0.000000 0.000000 1.000000
0.999147 -0.022143 -0.034866 0.000000 0.026044 0.992938 0.115738 16.216101 0.032057 -0.116548 0.992668 -2.336500 0.000000 0.000000 0.000000 1.000000
0.998986 -0.027846 -0.035364 0.000000 0.031471 0.993816 0.106487 16.216101 0.032180 -0.107492 0.993685 -2.336500 0.000000 0.000000 0.000000 1.000000
0.998756 -0.036567 -0.033891 0.000000 0.039663 0.994619 0.095706 16.216101 0.030209 -0.096931 0.994833 -2.336500 0.000000 0.000000 0.000000 1.000000
0.998869 -0.034741 -0.032457 -0.000000 0.037380 0.995714 0.084593 16.216101 0.029379 -0.085710 0.995887 -2.336500 0.000000 0.000000 0.000000 1.000000
0.999011 -0.031110 -0.031776 0.000000 0.033377 0.996737 0.073491 16.216101 0.029386 -0.074479 0.996790 -2.336500 0.000000 0.000000 0.000000 1.000000
0.999067 -0.031164 -0.029897 0.000000 0.032995 0.997477 0.062852 16.216101 0.027863 -0.063780 0.997575 -2.336500 0.000000 0.000000 0.000000 1.000000
0.998984 -0.036213 -0.026811 -0.000000 0.037607 0.997862 0.053445 16.216101 0.024818 -0.054399 0.998211 -2.336500 0.000000 0.000000 0.000000 1.000000
0.999002 -0.037377 -0.024440 0.000000 0.038482 0.998182 0.046395 16.216101 0.022661 -0.047289 0.998624 -2.336500 0.000000 0.000000 0.000000 1.000000
0.999015 -0.038514 -0.022024 -0.000000 0.039421 0.998324 0.042379 16.216101 0.020355 -0.043205 0.998859 -2.336500 0.000000 0.000000 0.000000 1.000000
0.999026 -0.039555 -0.019568 -0.000000 0.040350 0.998301 0.042036 16.216101 0.017872 -0.042785 0.998924 -2.336500 0.000000 0.000000 0.000000 1.000000
0.999000 -0.041359 -0.016978 0.000000 0.042087 0.998098 0.045036 16.216101 0.015083 -0.045706 0.998841 -2.336500 0.000000 0.000000 0.000000 1.000000
0.998913 -0.044411 -0.014185 0.000000 0.045073 0.997714 0.050343 16.216101 0.011917 -0.050927 0.998631 -2.336500 0.000000 0.000000 0.000000 1.000000
0.998855 -0.046419 -0.011547 0.000000 0.047004 0.997263 0.057067 16.216101 0.008866 -0.057544 0.998304 -2.336500 0.000000 0.000000 0.000000 1.000000
0.998864 -0.046618 -0.009908 0.000000 0.047161 0.996804 0.064478 16.216101 0.006870 -0.064872 0.997870 -2.336500 0.000000 0.000000 0.000000 1.000000
0.998932 -0.045301 -0.009144 0.000000 0.045841 0.996374 0.071680 16.216101 0.005863 -0.072023 0.997386 -2.336500 0.000000 0.000000 0.000000 1.000000
0.998917 -0.045780 -0.008331 -0.000000 0.046290 0.995912 0.077571 16.216101 0.004745 -0.077873 0.996952 -2.336500 0.000000 0.000000 0.000000 1.000000
0.998864 -0.047000 -0.007873 0.000000 0.047487 0.995534 0.081591 16.216101 0.004003 -0.081872 0.996635 -2.336500 0.000000 0.000000 0.000000 1.000000
0.998855 -0.047134 -0.008164 0.000000 0.047653 0.995339 0.083846 16.216101 0.004174 -0.084139 0.996445 -2.336500 0.000000 0.000000 0.000000 1.000000
0.998842 -0.047290 -0.008852 -0.000000 0.047870 0.995265 0.084589 16.216101 0.004809 -0.084915 0.996377 -2.336500 0.000000 0.000000 0.000000 1.000000
0.998839 -0.047138 -0.009940 -0.000000 0.047808 0.995306 0.084149 16.216101 0.005927 -0.084526 0.996404 -2.336500 0.000000 0.000000 0.000000 1.000000
0.998796 -0.047824 -0.010917 0.000000 0.048565 0.995385 0.082760 16.216101 0.006908 -0.083191 0.996510 -2.336500 0.000000 0.000000 0.000000 1.000000
0.998777 -0.047958 -0.011983 0.000000 0.048774 0.995519 0.081010 16.216101 0.008044 -0.081495 0.996641 -2.336500 0.000000 0.000000 0.000000 1.000000
0.998758 -0.048118 -0.012963 0.000000 0.049006 0.995569 0.080252 16.216101 0.009044 -0.080787 0.996690 -2.336500 0.000000 0.000000 0.000000 1.000000
0.998746 -0.048193 -0.013566 0.000000 0.049126 0.995592 0.079891 16.216101 0.009656 -0.080458 0.996711 -2.336500 0.000000 0.000000 0.000000 1.000000
0.998749 -0.047973 -0.014135 0.000000 0.048952 0.995602 0.079882 16.216101 0.010241 -0.080474 0.996704 -2.336500 0.000000 0.000000 0.000000 1.000000
0.998732 -0.048222 -0.014430 -0.000000 0.049224 0.995591 0.079847 16.216101 0.010516 -0.080456 0.996703 -2.336500 0.000000 0.000000 0.000000 1.000000
0.998721 -0.048401 -0.014595 -0.000000 0.049415 0.995583 0.079823 16.216101 0.010667 -0.080442 0.996702 -2.336500 0.000000 0.000000 0.000000 1.000000
0.998708 -0.048694 -0.014515 0.000000 0.049701 0.995570 0.079809 16.216101 0.010565 -0.080428 0.996704 -2.336500 0.000000 0.000000 0.000000 1.000000</float_array><technique_common><accessor source="#mixamorig_Spine-Matrix-animation-output-transform-array" count="111" stride="16"><param type="float4x4"/></accessor></technique_common></source><source id="mixamorig_Spine-Interpolations"><Name_array id="mixamorig_Spine-Interpolations-array" count="111">
 LINEAR LINEAR LINEAR LINEAR LINEAR LINEAR LINEAR LINEAR LINEAR LINEAR LINEAR
LINEAR LINEAR LINEAR LINEAR LINEAR LINEAR LINEAR LINEAR LINEAR LINEAR LINEAR LINEAR
LINEAR LINEAR LINEAR LINEAR LINEAR LINEAR LINEAR LINEAR LINEAR LINEAR LINEAR LINEAR
LINEAR LINEAR LINEAR LINEAR LINEAR LINEAR LINEAR LINEAR LINEAR LINEAR LINEAR LINEAR
LINEAR LINEAR LINEAR LINEAR LINEAR LINEAR LINEAR LINEAR LINEAR LINEAR LINEAR LINEAR
LINEAR LINEAR LINEAR LINEAR LINEAR LINEAR LINEAR LINEAR LINEAR LINEAR LINEAR LINEAR
LINEAR LINEAR LINEAR LINEAR LINEAR LINEAR LINEAR LINEAR LINEAR LINEAR LINEAR LINEAR
LINEAR LINEAR LINEAR LINEAR LINEAR LINEAR LINEAR LINEAR LINEAR LINEAR LINEAR LINEAR
LINEAR LINEAR LINEAR LINEAR LINEAR LINEAR LINEAR LINEAR LINEAR LINEAR LINEAR LINEAR
