<?xml version="1.0" encoding="utf-8"?>
<COLLADA xmlns="http://www.collada.org/2005/11/COLLADASchema" version="1.4.1">
  <asset><contributor><author>Mixamo</author><authoring_tool>COLLADA Mixamo exporter</authoring_tool><comments></comments></contributor><created>2020-03-30T14:31:59Z</created><modified>2020-03-30T14:31:59Z</modified><revision></revision><title></title><unit meter="0.010000"/><up_axis>Y_UP</up_axis></asset>
  <library_animations>
    <animation id="mixamorig_Hips-anim" name="mixamorig_Hips"><source id="mixamorig_Hips-Matrix-animation-input"><float_array id="mixamorig_Hips-Matrix-animation-input-array" count="72">

0.000000 0.033333 0.066667 0.100000 0.133333 0.166667 0.200000 0.233333 0.266667 0.300000 0.333333 0.366667 0.400000 0.433333 0.466667 0.500000
0.533333 0.566667 0.600000 0.633333 0.666667 0.700000 0.733333 0.766667 0.800000 0.833333 0.866667 0.900000 0.933333 0.966667 1.000000 1.033333
1.066667 1.100000 1.133333 1.166667 1.200000 1.233333 1.266667 1.300000 1.333333 1.366667 1.400000 1.433333 1.466667 1.500000 1.533333 1.566667
1.600000 1.633333 1.666667 1.700000 1.733333 1.766667 1.800000 1.833333 1.866667 1.900000 1.933333 1.966667 2.000000 2.033333 2.066667 2.100000
2.133333 2.166667 2.200000 2.233333 2.266667 2.300000 2.333333 2.366667</float_array><technique_common><accessor source="#mixamorig_Hips-Matrix-animation-input-array" count="72"><param name="TIME" type="float"/></accessor></technique_common></source><source id="mixamorig_Hips-Matrix-animation-output-transform"><float_array id="mixamorig_Hips-Matrix-animation-output-transform-array" count="1152">

0.727760 0.053307 -0.683757 0.952959 -0.000084 0.996982 0.077638 53.481365 0.685832 -0.056444 0.725568 -0.730227 0.000000 0.000000 0.000000 1.000000
0.744788 0.033663 -0.666451 0.887654 -0.009763 0.999170 0.039558 52.991001 0.667230 -0.022956 0.744498 -3.625727 0.000000 0.000000 0.000000 1.000000
0.759052 0.013688 -0.650886 0.884783 -0.019279 0.999813 -0.001457 52.312946 0.650745 0.013655 0.759174 -6.240818 0.000000 0.000000 0.000000 1.000000
0.770895 -0.008924 -0.636900 0.882684 -0.024833 0.998721 -0.044050 51.601772 0.636478 0.049774 0.769687 -8.534585 0.000000 0.000000 0.000000 1.000000
0.785155 -0.034214 -0.618354 0.761636 -0.024886 0.995923 -0.086704 51.014572 0.618799 0.083464 0.781103 -10.564112 0.000000 0.000000 0.000000 1.000000
0.807976 -0.050878 -0.587015 0.509242 -0.028478 0.991728 -0.125154 50.668709 0.588527 0.117839 0.799844 -12.268606 0.000000 0.000000 0.000000 1.000000
0.835395 -0.059026 -0.546471 0.273536 -0.041570 0.984585 -0.169898 50.614555 0.548076 0.164649 0.820063 -13.854366 0.000000 0.000000 0.000000 1.000000
0.856444 -0.065590 -0.512056 0.240965 -0.059589 0.972705 -0.224262 50.807911 0.512789 0.222580 0.829160 -15.675959 0.000000 0.000000 0.000000 1.000000
0.870224 -0.074566 -0.486981 0.286178 -0.075821 0.956432 -0.281937 50.726158 0.486787 0.282271 0.826656 -17.853317 0.000000 0.000000 0.000000 1.000000
0.894455 -0.071612 -0.441387 0.347875 -0.106408 0.924650 -0.365649 50.197155 0.434313 0.374023 0.819438 -19.995405 0.000000 0.000000 0.000000 1.000000
0.922098 -0.056514 -0.382807 0.310706 -0.141164 0.871971 -0.468764 49.010044 0.360288 0.486285 0.796065 -22.150192 0.000000 0.000000 0.000000 1.000000
0.932790 -0.040433 -0.358146 0.082651 -0.177691 0.812941 -0.554574 47.893208 0.313575 0.580941 0.751118 -23.642452 0.000000 0.000000 0.000000 1.000000
0.928211 -0.024009 -0.371279 -0.015467 -0.233729 0.738792 -0.632105 47.057068 0.289474 0.673505 0.680144 -24.871197 0.000000 0.000000 0.000000 1.000000
0.921938 -0.009075 -0.387230 -0.270314 -0.279488 0.676573 -0.681275 45.633293 0.268172 0.736319 0.621223 -26.095461 0.000000 0.000000 0.000000 1.000000
0.921399 0.012891 -0.388403 -0.744674 -0.303461 0.648209 -0.698381 43.613457 0.242764 0.761353 0.601172 -26.923122 0.000000 0.000000 0.000000 1.000000
0.926992 0.035957 -0.373353 -1.185688 -0.313315 0.621451 -0.718076 41.715683 0.206201 0.782628 0.587346 -27.557289 0.000000 0.000000 0.000000 1.000000
0.939184 0.039009 -0.341192 -1.601730 -0.300509 0.574237 -0.761542 40.478268 0.166218 0.817759 0.551037 -27.847418 0.000000 0.000000 0.000000 1.000000
0.944608 0.030764 -0.326755 -1.794595 -0.296864 0.504640 -0.810685 40.898575 0.139954 0.862781 0.485820 -27.472591 0.000000 0.000000 0.000000 1.000000
0.944009 0.025335 -0.328947 -1.986438 -0.306269 0.438001 -0.845195 42.879189 0.122666 0.898617 0.421236 -25.675924 0.000000 0.000000 0.000000 1.000000
0.947030 0.013058 -0.320881 -2.453316 -0.301171 0.383005 -0.873272 45.746941 0.111496 0.923654 0.366650 -21.733753 0.000000 0.000000 0.000000 1.000000
0.949667 0.004992 -0.313221 -2.942349 -0.299041 0.312274 -0.901698 48.372650 0.093310 0.949979 0.298049 -15.664320 0.000000 0.000000 0.000000 1.000000
0.948172 0.038055 -0.315470 -3.359043 -0.315688 0.225941 -0.921570 50.130005 0.036207 0.973397 0.226244 -10.615973 0.000000 0.000000 0.000000 1.000000
0.958681 0.033846 -0.282461 -4.097355 -0.284480 0.117120 -0.951501 52.318375 0.000877 0.992541 0.121910 -5.830763 0.000000 0.000000 0.000000 1.000000
0.970908 0.001539 -0.239446 -4.807676 -0.239394 -0.015592 -0.970797 54.582901 -0.005227 0.999877 -0.014770 -0.870281 0.000000 0.000000 0.000000 1.000000
0.978970 -0.038337 -0.200369 -5.504637 -0.203907 -0.153741 -0.966843 55.664993 0.006261 0.987367 -0.158325 3.779790 0.000000 0.000000 0.000000 1.000000
0.981926 -0.059054 -0.179818 -6.148679 -0.189193 -0.279725 -0.941254 55.729649 0.005285 0.958262 -0.285841 8.814932 0.000000 0.000000 0.000000 1.000000
0.979304 -0.070881 -0.189576 -6.516800 -0.201987 -0.401629 -0.893250 54.918453 -0.012825 0.913055 -0.407634 14.604643 0.000000 0.000000 0.000000 1.000000
0.965790 -0.095660 -0.241036 -6.353790 -0.254069 -0.535213 -0.805603 53.367317 -0.051942 0.839283 -0.541207 20.492422 0.000000 0.000000 0.000000 1.000000
0.937548 -0.157763 -0.310024 -5.933062 -0.335434 -0.646067 -0.685625 51.247417 -0.092130 0.746799 -0.658637 26.147467 0.000000 0.000000 0.000000 1.000000
0.889242 -0.221041 -0.400487 -5.194364 -0.426127 -0.718620 -0.549545 48.525593 -0.166326 0.659337 -0.733219 31.874937 0.000000 0.000000 0.000000 1.000000
0.822332 -0.283003 -0.493639 -4.135657 -0.500881 -0.771652 -0.392009 45.087456 -0.269977 0.569616 -0.776305 37.514774 0.000000 0.000000 0.000000 1.000000
0.745227 -0.349868 -0.567653 -3.171370 -0.539691 -0.816445 -0.205310 41.015301 -0.391626 0.459359 -0.797257 43.025852 0.000000 0.000000 0.000000 1.000000
0.663744 -0.415763 -0.621760 -2.434506 -0.534985 -0.844839 -0.006177 36.246452 -0.522718 0.336733 -0.783184 48.454582 0.000000 0.000000 0.000000 1.000000
0.579292 -0.472976 -0.663863 -1.801730 -0.486227 -0.854180 0.184283 30.808138 -0.654220 0.216035 -0.724793 53.656525 0.000000 0.000000 0.000000 1.000000
0.492865 -0.567128 -0.659886 -1.203761 -0.350315 -0.823552 0.446141 25.559744 -0.796469 0.011281 -0.604574 58.479435 0.000000 0.000000 0.000000 1.000000
0.440738 -0.677465 -0.588890 -0.070392 -0.124699 -0.695893 0.707236 21.705856 -0.888932 -0.238271 -0.391186 62.672253 0.000000 0.000000 0.000000 1.000000
0.431878 -0.766317 -0.475646 1.346826 0.095896 -0.485360 0.869040 20.059095 -0.896819 -0.420932 -0.136130 66.281937 0.000000 0.000000 0.000000 1.000000
0.445615 -0.772446 -0.452498 3.223938 0.306476 -0.343283 0.887823 19.754377 -0.841130 -0.534307 0.083764 71.186203 0.000000 0.000000 0.000000 1.000000
0.469981 -0.694032 -0.545378 3.499925 0.538353 -0.264258 0.800215 18.166002 -0.699496 -0.669692 0.249438 76.764664 0.000000 0.000000 0.000000 1.000000
0.486672 -0.556206 -0.673636 1.615514 0.740141 -0.147089 0.656167 16.579792 -0.464049 -0.817924 0.340087 79.571747 0.000000 0.000000 0.000000 1.000000
0.520562 -0.477685 -0.707695 0.662942 0.822164 0.056823 0.566407 14.833705 -0.230351 -0.876692 0.422316 80.345238 0.000000 0.000000 0.000000 1.000000
0.572329 -0.460488 -0.678520 0.897818 0.819814 0.302591 0.486152 13.021275 -0.018553 -0.834499 0.550697 80.166283 0.000000 0.000000 0.000000 1.000000
0.566218 -0.464360 -0.681005 2.410115 0.803717 0.494332 0.331173 12.866541 0.182859 -0.734851 0.653113 79.578804 0.000000 0.000000 0.000000 1.000000
0.518472 -0.492607 -0.698945 4.000400 0.771868 0.621364 0.134636 13.993662 0.367977 -0.609299 0.702388 79.335289 0.000000 0.000000 0.000000 1.000000
0.506857 -0.493582 -0.706734 5.350302 0.688004 0.725585 -0.013324 14.923320 0.519372 -0.479482 0.707354 79.711189 0.000000 0.000000 0.000000 1.000000
0.529302 -0.430681 -0.730995 6.307331 0.565284 0.821508 -0.074695 16.035000 0.632687 -0.373684 0.678283 80.547485 0.000000 0.000000 0.000000 1.000000
0.533733 -0.376878 -0.757029 7.352410 0.468791 0.876920 -0.106049 17.442823 0.703821 -0.298287 0.644718 81.183784 0.000000 0.000000 0.000000 1.000000
0.515124 -0.358144 -0.778704 8.174330 0.406227 0.902012 -0.146131 19.122358 0.754736 -0.241055 0.610136 80.805840 0.000000 0.000000 0.000000 1.000000
0.527389 -0.324362 -0.785271 8.589904 0.342903 0.926898 -0.152567 21.295898 0.777353 -0.188810 0.600061 79.871773 0.000000 0.000000 0.000000 1.000000
0.562655 -0.287937 -0.774927 8.579144 0.284866 0.947502 -0.145226 23.813913 0.776061 -0.139038 0.615140 78.457703 0.000000 0.000000 0.000000 1.000000
0.587147 -0.266886 -0.764219 8.161152 0.234347 0.959700 -0.155105 26.481649 0.774816 -0.088023 0.626028 76.282349 0.000000 0.000000 0.000000 1.000000
0.593779 -0.245568 -0.766239 7.612426 0.187166 0.968322 -0.165292 29.598471 0.782557 -0.045267 0.620931 73.656944 0.000000 0.000000 0.000000 1.000000
0.585859 -0.219539 -0.780110 7.318156 0.151104 0.975319 -0.160996 32.789536 0.796202 -0.023557 0.604572 70.811401 0.000000 0.000000 0.000000 1.000000
0.579814 -0.187737 -0.792824 7.158791 0.117986 0.982181 -0.146289 35.960724 0.806161 -0.008721 0.591632 67.822647 0.000000 0.000000 0.000000 1.000000
0.579307 -0.156015 -0.800040 6.858505 0.086533 0.987736 -0.129959 39.084251 0.810503 0.006056 0.585703 64.712959 0.000000 0.000000 0.000000 1.000000
0.571372 -0.135041 -0.809505 6.340504 0.061778 0.990648 -0.121655 42.073906 0.818363 0.019501 0.574371 61.469028 0.000000 0.000000 0.000000 1.000000
0.560144 -0.116958 -0.820097 5.759048 0.039288 0.992620 -0.114728 44.876301 0.827463 0.032044 0.560605 58.014076 0.000000 0.000000 0.000000 1.000000
0.553932 -0.095614 -0.827053 5.148373 0.018013 0.994527 -0.102911 47.545116 0.832367 0.042108 0.552623 54.394352 0.000000 0.000000 0.000000 1.000000
0.552491 -0.078208 -0.829842 4.498415 0.003090 0.995774 -0.091789 50.015232 0.833513 0.048149 0.550398 50.751770 0.000000 0.000000 0.000000 1.000000
0.555505 -0.062557 -0.829157 3.812037 -0.003425 0.996985 -0.077514 51.994534 0.831506 0.045900 0.553616 46.918587 0.000000 0.000000 0.000000 1.000000
0.568680 -0.042794 -0.821445 3.045093 -0.004367 0.998475 -0.055040 53.282742 0.822548 0.034888 0.567625 42.809414 0.000000 0.000000 0.000000 1.000000
0.596669 -0.021072 -0.802211 2.333882 -0.006857 0.999485 -0.031354 54.061733 0.802458 0.024209 0.596217 38.648239 0.000000 0.000000 0.000000 1.000000
0.629763 -0.005521 -0.776768 1.766677 -0.009559 0.999844 -0.014857 54.619576 0.776728 0.016782 0.629612 34.636806 0.000000 0.000000 0.000000 1.000000
0.653918 0.004390 -0.756553 1.308549 -0.009020 0.999957 -0.001993 54.871998 0.756512 0.008127 0.653929 30.722990 0.000000 0.000000 0.000000 1.000000
0.668972 0.013189 -0.743171 0.988364 -0.006791 0.999909 0.011632 54.762405 0.743257 -0.002735 0.669001 26.810926 0.000000 0.000000 0.000000 1.000000
0.679608 0.019584 -0.733314 0.833001 -0.004550 0.999737 0.022482 54.518005 0.733562 -0.011942 0.679518 22.872570 0.000000 0.000000 0.000000 1.000000
0.689505 0.024682 -0.723860 0.796373 -0.004673 0.999550 0.029631 54.245647 0.724266 -0.017049 0.689310 18.930126 0.000000 0.000000 0.000000 1.000000
0.701241 0.031571 -0.712225 0.823859 -0.006452 0.999259 0.037941 53.925751 0.712896 -0.022010 0.700925 14.992328 0.000000 0.000000 0.000000 1.000000
0.710433 0.039545 -0.702653 0.863877 -0.006194 0.998733 0.049946 53.694393 0.703738 -0.031131 0.709777 11.069609 0.000000 0.000000 0.000000 1.000000
0.714140 0.045318 -0.698534 0.893505 -0.003473 0.998119 0.061203 53.610435 0.699994 -0.041282 0.712955 7.157087 0.000000 0.000000 0.000000 1.000000
0.718305 0.049349 -0.693976 0.918596 -0.001094 0.997560 0.069804 53.561111 0.695727 -0.049381 0.716607 3.231044 0.000000 0.000000 0.000000 1.000000
0.727760 0.053306 -0.683757 0.952968 -0.000083 0.996982 0.077637 53.481304 0.685832 -0.056444 0.725568 -0.730249 0.000000 0.000000 0.000000 1.000000</float_array><technique_common><accessor source="#mixamorig_Hips-Matrix-animation-output-transform-array" count="72" stride="16"><param type="float4x4"/></accessor></technique_common></source><source id="mixamorig_Hips-Interpolations"><Name_array id="mixamorig_Hips-Interpolations-array" count="72">
 LINEAR LINEAR LINEAR LINEAR LINEAR LINEAR LINEAR LINEAR LINEAR LINEAR LINEAR
LINEAR LINEAR LINEAR LINEAR LINEAR LINEAR LINEAR LINEAR LINEAR LINEAR LINEAR LINEAR
LINEAR LINEAR LINEAR LINEAR LINEAR LINEAR LINEAR LINEAR LINEAR LINEAR LINEAR LINEAR
LINEAR LINEAR LINEAR LINEAR LINEAR LINEAR LINEAR LINEAR LINEAR LINEAR LINEAR LINEAR
LINEAR LINEAR LINEAR LINEAR LINEAR LINEAR LINEAR LINEAR LINEAR LINEAR LINEAR LINEAR
LINEAR LINEAR LINEAR LINEAR LINEAR LINEAR LINEAR LINEAR LINEAR LINEAR LINEAR LINEAR
LINEAR</Name_array><technique_common><accessor source="#mixamorig_Hips-Interpolations-array" count="72"><param type="name"/></accessor></technique_common></source><sampler id="mixamorig_Hips-Matrix-animation-transform"><input semantic="INPUT" source="#mixamorig_Hips-Matrix-animation-input"/><input semantic="OUTPUT" source="#mixamorig_Hips-Matrix-animation-output-transform"/><input semantic="INTERPOLATION" source="#mixamorig_Hips-Interpolations"/></sampler><channel source="#mixamorig_Hips-Matrix-animation-transform" target="mixamorig_Hips/matrix"/></animation>
    <animation id="mixamorig_Spine-anim" name="mixamorig_Spine"><source id="mixamorig_Spine-Matrix-animation-input"><float_array id="mixamorig_Spine-Matrix-animation-input-array" count="72">

0.000000 0.033333 0.066667 0.100000 0.133333 0.166667 0.200000 0.233333 0.266667 0.300000 0.333333 0.366667 0.400000 0.433333 0.466667 0.500000
0.533333 0.566667 0.600000 0.633333 0.666667 0.700000 0.733333 0.766667 0.800000 0.833333 0.866667 0.900000 0.933333 0.966667 1.000000 1.033333
1.066667 1.100000 1.133333 1.166667 1.200000 1.233333 1.266667 1.300000 1.333333 1.366667 1.400000 1.433333 1.466667 1.500000 1.533333 1.566667
1.600000 1.633333 1.666667 1.700000 1.733333 1.766667 1.800000 1.833333 1.866667 1.900000 1.933333 1.966667 2.000000 2.033333 2.066667 2.100000
2.133333 2.166667 2.200000 2.233333 2.266667 2.300000 2.333333 2.366667</float_array><technique_common><accessor source="#mixamorig_Spine-Matrix-animation-input-array" count="72"><param name="TIME" type="float"/></accessor></technique_common></source><source id="mixamorig_Spine-Matrix-animation-output-transform"><float_array id="mixamorig_Spine-Matrix-animation-output-transform-array" count="1152">

0.996362 0.007928 0.084853 -0.000000 -0.010601 0.999460 0.031099 16.216101 -0.084561 -0.031886 0.995908 -2.336500 0.000000 0.000000 0.000000 1.000000
0.997161 0.004067 0.075192 0.000000 -0.007110 0.999164 0.040252 16.216101 -0.074965 -0.040673 0.996356 -2.336500 0.000000 0.000000 0.000000 1.000000
0.997763 -0.000994 0.066838 0.000000 -0.002284 0.998799 0.048945 16.216101 -0.066806 -0.048988 0.996563 -2.336500 0.000000 0.000000 0.000000 1.000000
0.998173 -0.004327 0.060273 -0.000000 0.000848 0.998338 0.057630 16.216101 -0.060423 -0.057474 0.996517 -2.336500 0.000000 0.000000 0.000000 1.000000
0.998547 -0.003716 0.053768 -0.000000 0.000108 0.997756 0.066960 16.216101 -0.053896 -0.066857 0.996306 -2.336500 0.000000 0.000000 0.000000 1.000000
0.998918 -0.003998 0.046339 0.000000 0.000528 0.997209 0.074662 16.216101 -0.046508 -0.074556 0.996132 -2.336500 0.000000 0.000000 0.000000 1.000000
0.999176 -0.007380 0.039910 0.000000 0.004180 0.996812 0.079682 16.216101 -0.040371 -0.079450 0.996021 -2.336500 0.000000 0.000000 0.000000 1.000000
0.999362 -0.009865 0.034337 0.000000 0.007196 0.997004 0.077011 16.216101 -0.034994 -0.076714 0.996439 -2.336500 0.000000 0.000000 0.000000 1.000000
0.999608 -0.003744 0.027748 0.000000 0.001887 0.997773 0.066675 16.216101 -0.027936 -0.066597 0.997389 -2.336500 0.000000 0.000000 0.000000 1.000000
0.999847 -0.000492 0.017493 0.000000 -0.000606 0.998030 0.062730 16.216101 -0.017489 -0.062731 0.997877 -2.336500 0.000000 0.000000 0.000000 1.000000
0.999975 -0.003941 0.005887 0.000000 0.003568 0.998068 0.062034 16.216101 -0.006120 -0.062012 0.998057 -2.336500 0.000000 0.000000 0.000000 1.000000
0.999938 -0.010258 0.004306 0.000000 0.009997 0.998341 0.056706 16.216101 -0.004881 -0.056660 0.998382 -2.336500 0.000000 0.000000 0.000000 1.000000
0.999737 -0.017852 0.014423 0.000000 0.016985 0.998163 0.058150 16.216101 -0.015434 -0.057889 0.998204 -2.336500 0.000000 0.000000 0.000000 1.000000
0.999467 -0.022468 0.023669 0.000000 0.021026 0.998005 0.059523 16.216101 -0.024959 -0.058994 0.997946 -2.336500 0.000000 0.000000 0.000000 1.000000
0.999365 -0.024896 0.025498 -0.000000 0.023427 0.998136 0.056348 16.216101 -0.026854 -0.055715 0.998086 -2.336500 0.000000 0.000000 0.000000 1.000000
0.999264 -0.029709 0.024283 0.000000 0.028248 0.997891 0.058445 16.216101 -0.025969 -0.057716 0.997995 -2.336500 0.000000 0.000000 0.000000 1.000000
0.999193 -0.033513 0.022143 0.000000 0.031930 0.997151 0.068336 16.216101 -0.024370 -0.067574 0.997417 -2.336500 0.000000 0.000000 0.000000 1.000000
0.999148 -0.034688 0.022347 0.000000 0.032908 0.996595 0.075597 16.216101 -0.024893 -0.074797 0.996888 -2.336500 0.000000 0.000000 0.000000 1.000000
0.999173 -0.033675 0.022774 -0.000000 0.031975 0.996942 0.071303 16.216101 -0.025105 -0.070516 0.997195 -2.336500 0.000000 0.000000 0.000000 1.000000
0.999345 -0.031489 0.017813 0.000000 0.030299 0.997518 0.063553 16.216101 -0.019770 -0.062972 0.997819 -2.336500 0.000000 0.000000 0.000000 1.000000
0.998686 -0.047202 0.019934 -0.000000 0.045980 0.997265 0.057868 16.216101 -0.022611 -0.056876 0.998125 -2.336500 0.000000 0.000000 0.000000 1.000000
0.996348 -0.078480 0.033650 0.000000 0.076685 0.995716 0.051666 16.216101 -0.037560 -0.048897 0.998097 -2.336500 0.000000 0.000000 0.000000 1.000000
0.995993 -0.082779 0.033853 0.000000 0.080850 0.995217 0.054838 16.216101 -0.038231 -0.051881 0.997921 -2.336500 0.000000 0.000000 0.000000 1.000000
0.996469 -0.078424 0.029997 0.000000 0.076431 0.995104 0.062654 16.216101 -0.034764 -0.060140 0.997584 -2.336500 0.000000 0.000000 0.000000 1.000000
0.997643 -0.065029 0.021919 0.000000 0.063335 0.995485 0.070696 16.216101 -0.026418 -0.069141 0.997257 -2.336500 0.000000 0.000000 0.000000 1.000000
0.997733 -0.064654 0.018670 0.000000 0.063076 0.995158 0.075378 16.216101 -0.023453 -0.074030 0.996980 -2.336500 0.000000 0.000000 0.000000 1.000000
0.997634 -0.068185 0.008750 -0.000000 0.067306 0.994716 0.077528 16.216101 -0.013990 -0.076756 0.996952 -2.336500 0.000000 0.000000 0.000000 1.000000
0.997220 -0.074509 -0.001260 -0.000000 0.074372 0.994037 0.079743 16.216101 -0.004689 -0.079615 0.996815 -2.336500 0.000000 0.000000 0.000000 1.000000
0.997249 -0.074122 -0.000777 -0.000000 0.073954 0.994153 0.078680 16.216101 -0.005059 -0.078521 0.996900 -2.336500 0.000000 0.000000 0.000000 1.000000
0.996938 -0.077913 0.006712 0.000000 0.077281 0.994696 0.067879 16.216101 -0.011965 -0.067153 0.997671 -2.336500 0.000000 0.000000 0.000000 1.000000
0.996172 -0.086147 0.014817 0.000000 0.085309 0.995094 0.050110 16.216101 -0.019061 -0.048654 0.998634 -2.336500 0.000000 0.000000 0.000000 1.000000
0.996093 -0.086893 0.015740 0.000000 0.086412 0.995836 0.029034 16.216101 -0.018197 -0.027561 0.999454 -2.336500 0.000000 0.000000 0.000000 1.000000
0.996919 -0.077510 0.012048 0.000000 0.077455 0.996984 0.004952 16.216101 -0.012396 -0.004004 0.999915 -2.336500 0.000000 0.000000 0.000000 1.000000
0.998634 -0.051904 0.006019 0.000000 0.052019 0.998431 -0.020746 16.216101 -0.004933 0.021031 0.999767 -2.336500 0.000000 0.000000 0.000000 1.000000
0.999880 -0.013711 -0.007219 0.000000 0.013498 0.999496 -0.028748 16.216101 0.007610 0.028647 0.999561 -2.336500 0.000000 0.000000 0.000000 1.000000
0.999792 0.014891 -0.013953 0.000000 -0.015058 0.999815 -0.011960 16.216101 0.013772 0.012167 0.999831 -2.336500 0.000000 0.000000 0.000000 1.000000
0.999008 0.040321 -0.018897 0.000000 -0.039776 0.998806 0.028372 16.216101 0.020018 -0.027593 0.999419 -2.336500 0.000000 0.000000 0.000000 1.000000
0.997670 0.064309 -0.022766 -0.000000 -0.063100 0.996736 0.050352 16.216101 0.025930 -0.048798 0.998472 -2.336500 0.000000 0.000000 0.000000 1.000000
0.997252 0.073606 -0.008417 0.000000 -0.073315 0.996834 0.030759 16.216101 0.010655 -0.030058 0.999491 -2.336500 0.000000 0.000000 0.000000 1.000000
0.997685 0.067317 0.009615 0.000000 -0.067254 0.997713 -0.006765 16.216101 -0.010049 0.006102 0.999931 -2.336500 0.000000 0.000000 0.000000 1.000000
0.998144 0.059866 0.011161 0.000000 -0.059601 0.997964 -0.022715 16.216101 -0.012498 0.022007 0.999680 -2.336500 0.000000 0.000000 0.000000 1.000000
0.998230 0.059474 0.000655 0.000000 -0.059450 0.998038 -0.019664 16.216101 -0.001824 0.019591 0.999806 -2.336500 0.000000 0.000000 0.000000 1.000000
0.997865 0.064821 -0.007962 0.000000 -0.064943 0.997757 -0.016249 16.216101 0.006891 0.016731 0.999836 -2.336500 0.000000 0.000000 0.000000 1.000000
0.997267 0.073725 -0.004812 0.000000 -0.073763 0.997243 -0.008065 16.216101 0.004205 0.008398 0.999956 -2.336500 0.000000 0.000000 0.000000 1.000000
0.996624 0.082056 0.002635 0.000000 -0.082069 0.996613 0.005218 16.216101 -0.002198 -0.005417 0.999983 -2.336500 0.000000 0.000000 0.000000 1.000000
0.996462 0.083197 0.011904 0.000000 -0.083296 0.996492 0.008037 16.216101 -0.011194 -0.009001 0.999897 -2.336500 0.000000 0.000000 0.000000 1.000000
0.996336 0.082051 0.024140 -0.000000 -0.082240 0.996588 0.006976 16.216101 -0.023485 -0.008936 0.999684 -2.336500 0.000000 0.000000 0.000000 1.000000
0.996089 0.080862 0.035622 -0.000000 -0.081357 0.996605 0.012653 16.216101 -0.034478 -0.015501 0.999285 -2.336500 0.000000 0.000000 0.000000 1.000000
0.996146 0.075823 0.044089 0.000000 -0.076757 0.996851 0.019903 16.216101 -0.042441 -0.023210 0.998829 -2.336500 0.000000 0.000000 0.000000 1.000000
0.996197 0.067538 0.055043 0.000000 -0.069254 0.997151 0.029891 16.216101 -0.052867 -0.033589 0.998037 -2.336500 0.000000 0.000000 0.000000 1.000000
0.996112 0.059861 0.064639 0.000000 -0.062572 0.997208 0.040765 16.216101 -0.062018 -0.044651 0.997076 -2.336500 0.000000 0.000000 0.000000 1.000000
0.995981 0.054944 0.070733 0.000000 -0.058445 0.997116 0.048410 16.216101 -0.067869 -0.052349 0.996320 -2.336500 0.000000 0.000000 0.000000 1.000000
0.995450 0.055134 0.077708 -0.000000 -0.059146 0.996981 0.050303 16.216101 -0.074700 -0.054671 0.995706 -2.336500 0.000000 0.000000 0.000000 1.000000
0.994856 0.054183 0.085589 0.000000 -0.058564 0.997055 0.049521 16.216101 -0.082654 -0.054279 0.995099 -2.336500 0.000000 0.000000 0.000000 1.000000
0.994577 0.050270 0.091050 0.000000 -0.055044 0.997196 0.050701 16.216101 -0.088246 -0.055438 0.994555 -2.336500 0.000000 0.000000 0.000000 1.000000
0.994544 0.047395 0.092934 0.000000 -0.052660 0.997094 0.055048 16.216101 -0.090055 -0.059642 0.994149 -2.336500 0.000000 0.000000 0.000000 1.000000
0.994739 0.042815 0.093065 0.000000 -0.048516 0.997026 0.059885 16.216101 -0.090225 -0.064085 0.993857 -2.336500 0.000000 0.000000 0.000000 1.000000
0.995107 0.036755 0.091709 0.000000 -0.042536 0.997175 0.061907 16.216101 -0.089175 -0.065505 0.993860 -2.336500 0.000000 0.000000 0.000000 1.000000
0.995424 0.031997 0.090036 -0.000000 -0.037677 0.997357 0.062119 16.216101 -0.087810 -0.065227 0.993999 -2.336500 0.000000 0.000000 0.000000 1.000000
0.995589 0.028217 0.089481 0.000000 -0.033733 0.997583 0.060740 16.216101 -0.087551 -0.063490 0.994135 -2.336500 0.000000 0.000000 0.000000 1.000000
0.995648 0.025886 0.089528 0.000000 -0.031123 0.997854 0.057604 16.216101 -0.087845 -0.060140 0.994317 -2.336500 0.000000 0.000000 0.000000 1.000000
0.995713 0.024361 0.089236 -0.000000 -0.029375 0.998037 0.055308 16.216101 -0.087713 -0.057692 0.994474 -2.336500 0.000000 0.000000 0.000000 1.000000
0.995776 0.022903 0.088908 -0.000000 -0.027951 0.998042 0.055963 16.216101 -0.087452 -0.058212 0.994466 -2.336500 0.000000 0.000000 0.000000 1.000000
0.995831 0.021543 0.088638 0.000000 -0.026638 0.998035 0.056707 16.216101 -0.087242 -0.058832 0.994448 -2.336500 0.000000 0.000000 0.000000 1.000000
0.995864 0.021249 0.088340 0.000000 -0.026184 0.998138 0.055089 16.216101 -0.087005 -0.057174 0.994566 -2.336500 0.000000 0.000000 0.000000 1.000000
0.995856 0.021069 0.088468 0.000000 -0.025764 0.998301 0.052268 16.216101 -0.087216 -0.054331 0.994707 -2.336500 0.000000 0.000000 0.000000 1.000000
0.995867 0.019048 0.088798 0.000000 -0.023519 0.998494 0.049569 16.216101 -0.087720 -0.051453 0.994815 -2.336500 0.000000 0.000000 0.000000 1.000000
0.995981 0.015773 0.088170 0.000000 -0.019902 0.998736 0.046147 16.216101 -0.087330 -0.047716 0.995036 -2.336500 0.000000 0.000000 0.000000 1.000000
0.996113 0.013198 0.087086 0.000000 -0.016863 0.998997 0.041483 16.216101 -0.086451 -0.042791 0.995337 -2.336500 0.000000 0.000000 0.000000 1.000000
0.996141 0.011740 0.086980 0.000000 -0.015032 0.999191 0.037298 16.216101 -0.086472 -0.038462 0.995512 -2.336500 0.000000 0.000000 0.000000 1.000000
0.996194 0.010119 0.086576 0.000000 -0.013128 0.999327 0.034258 16.216101 -0.086171 -0.035264 0.995656 -2.336500 0.000000 0.000000 0.000000 1.000000
0.996362 0.007928 0.084853 -0.000000 -0.010601 0.999460 0.031099 16.216101 -0.084561 -0.031886 0.995908 -2.336500 0.000000 0.000000 0.000000 1.000000</float_array><technique_common><accessor source="#mixamorig_Spine-Matrix-animation-output-transform-array" count="72" stride="16"><param type="float4x4"/></accessor></technique_common></source><source id="mixamorig_Spine-Interpolations"><Name_array id="mixamorig_Spine-Interpolations-array" count="72">
 LINEAR LINEAR LINEAR LINEAR LINEAR LINEAR LINEAR LINEAR LINEAR LINEAR LINEAR
LINEAR LINEAR LINEAR LINEAR LINEAR LINEAR LINEAR LINEAR LINEAR LINEAR LINEAR LINEAR
LINEAR LINEAR LINEAR LINEAR LINEAR LINEAR LINEAR LINEAR LINEAR LINEAR LINEAR LINEAR
LINEAR LINEAR LINEAR LINEAR LINEAR LINEAR LINEAR LINEAR LINEAR LINEAR LINEAR LINEAR
LINEAR LINEAR LINEAR LINEAR LINEAR LINEAR LINEAR LINEAR LINEAR LINEAR LINEAR LINEAR
LINEAR LINEAR LINEAR LINEAR LINEAR LINEAR LINEAR LINEAR LINEAR LINEAR LINEAR LINEAR
LINEAR</Name_array><technique_common><accessor source="#mixamorig_Spine-Interpolations-array" count="72"><param type="name"/></accessor></technique_common></source><sampler id="mixamorig_Spine-Matrix-animation-transform"><input semantic="INPUT" source="#mixamorig_Spine-Matrix-animation-input"/><input semantic="OUTPUT" source="#mixamorig_Spine-Matrix-animation-output-transform"/><input semantic="INTERPOLATION" source="#mixamorig_Spine-Interpolations"/></sampler><channel source="#mixamorig_Spine-Matrix-animation-transform" target="mixamorig_Spine/matrix"/></animation>
    <animation id="mixamorig_Spine1-anim" name="mixamorig_Spine1"><source id="mixamorig_Spine1-Matrix-animation-input"><float_array id="mixamorig_Spine1-Matrix-animation-input-array" count="72">

0.000000 0.033333 0.066667 0.100000 0.133333 0.166667 0.200000 0.233333 0.266667 0.300000 0.333333 0.366667 0.400000 0.433333 0.466667 0.500000
0.533333 0.566667 0.600000 0.633333 0.666667 0.700000 0.733333 0.766667 0.800000 0.833333 0.866667 0.900000 0.933333 0.966667 1.000000 1.033333
1.066667 1.100000 1.133333 1.166667 1.200000 1.233333 1.266667 1.300000 1.333333 1.366667 1.400000 1.433333 1.466667 1.500000 1.533333 1.566667
1.600000 1.633333 1.666667 1.700000 1.733333 1.766667 1.800000 1.833333 1.866667 1.900000 1.933333 1.966667 2.000000 2.033333 2.066667 2.100000
2.133333 2.166667 2.200000 2.233333 2.266667 2.300000 2.333333 2.366667</float_array><technique_common><accessor source="#mixamorig_Spine1-Matrix-animation-input-array" count="72"><param name="TIME" type="float"/></accessor></technique_common></source><source id="mixamorig_Spine1-Matrix-animation-output-transform"><float_array id="mixamorig_Spine1-Matrix-animation-output-transform-array" count="1152">

0.986155 0.031913 0.162725 0.000000 0.001438 0.979624 -0.200836 9.477100 -0.165819 0.198290 0.966015 -1.486900 0.000000 0.000000 0.000000 1.000000
0.989123 0.030949 0.143798 0.000000 -0.004078 0.983007 -0.183522 9.477100 -0.147034 0.180939 0.972441 -1.486900 0.000000 0.000000 0.000000 1.000000
0.991487 0.029484 0.126822 0.000000 -0.007981 0.985954 -0.166827 9.477100 -0.129960 0.164395 0.977796 -1.486900 0.000000 0.000000 0.000000 1.000000
0.993168 0.031491 0.112360 0.000000 -0.014378 0.988585 -0.149978 9.477100 -0.115801 0.147338 0.982284 -1.486900 0.000000 0.000000 0.000000 1.000000
0.994516 0.038121 0.097393 0.000000 -0.025094 0.990979 -0.131646 9.477100 -0.101533 0.128480 0.986501 -1.486900 0.000000 0.000000 0.000000 1.000000
0.995871 0.041214 0.080888 0.000000 -0.031648 0.992725 -0.116167 9.477100 -0.085087 0.113127 0.989931 -1.486900 0.000000 0.000000 0.000000 1.000000
0.997197 0.034684 0.066296 0.000000 -0.027544 0.994013 -0.105730 9.477100 -0.069566 0.103607 0.992182 -1.486900 0.000000 0.000000 0.000000 1.000000
0.998276 0.024762 0.053217 0.000000 -0.018750 0.993684 -0.110634 9.477100 -0.055620 0.109445 0.992435 -1.486900 0.000000 0.000000 0.000000 1.000000
0.999006 0.019903 0.039892 0.000000 -0.014516 0.991273 -0.131026 9.477100 -0.042152 0.130317 0.990576 -1.486900 0.000000 0.000000 0.000000 1.000000
0.999723 0.007605 0.022265 0.000000 -0.004440 0.990299 -0.138879 9.477100 -0.023106 0.138742 0.990059 -1.486900 0.000000 0.000000 0.000000 1.000000
0.999909 -0.012405 0.005283 0.000000 0.013025 0.989993 -0.140516 9.477100 -0.003487 0.140572 0.990064 -1.486900 0.000000 0.000000 0.000000 1.000000
0.999691 -0.023942 0.006728 0.000000 0.024684 0.988223 -0.151015 9.477100 -0.003033 0.151135 0.988509 -1.486900 0.000000 0.000000 0.000000 1.000000
0.999274 -0.028931 0.024798 -0.000000 0.032285 0.988497 -0.147753 9.477100 -0.020238 0.148446 0.988713 -1.486900 0.000000 0.000000 0.000000 1.000000
0.998929 -0.027856 0.036934 0.000000 0.032931 0.988910 -0.144820 9.477100 -0.032491 0.145881 0.988769 -1.486900 0.000000 0.000000 0.000000 1.000000
0.998817 -0.028228 0.039604 0.000000 0.033910 0.987945 -0.151046 9.477100 -0.034863 0.152210 0.987733 -1.486900 0.000000 0.000000 0.000000 1.000000
0.998480 -0.037895 0.040009 0.000000 0.043387 0.988217 -0.146778 9.477100 -0.033975 0.148291 0.988360 -1.486900 0.000000 0.000000 0.000000 1.000000
0.998170 -0.047083 0.037956 0.000000 0.051556 0.990551 -0.127083 9.477100 -0.031614 0.128807 0.991166 -1.486900 0.000000 0.000000 0.000000 1.000000
0.997969 -0.050117 0.039333 0.000000 0.054264 0.992158 -0.112597 9.477100 -0.033382 0.114503 0.992862 -1.486900 0.000000 0.000000 0.000000 1.000000
0.997740 -0.051569 0.043081 -0.000000 0.056452 0.991031 -0.121125 9.477100 -0.036449 0.123283 0.991702 -1.486900 0.000000 0.000000 0.000000 1.000000
0.997664 -0.056581 0.038288 0.000000 0.061319 0.988719 -0.136654 9.477100 -0.030124 0.138682 0.989879 -1.486900 0.000000 0.000000 0.000000 1.000000
0.997469 -0.065318 0.028074 0.000000 0.068765 0.986644 -0.147663 9.477100 -0.018054 0.149220 0.988639 -1.486900 0.000000 0.000000 0.000000 1.000000
0.995903 -0.084505 0.032187 0.000000 0.088583 0.983216 -0.159495 9.477100 -0.018168 0.161693 0.986674 -1.486900 0.000000 0.000000 0.000000 1.000000
0.994589 -0.097621 0.035523 0.000000 0.101946 0.982935 -0.153121 9.477100 -0.019969 0.155913 0.987569 -1.486900 0.000000 0.000000 0.000000 1.000000
0.994431 -0.100056 0.033102 -0.000000 0.103693 0.985038 -0.137650 9.477100 -0.018834 0.140316 0.989928 -1.486900 0.000000 0.000000 0.000000 1.000000
0.994298 -0.101763 0.031868 0.000000 0.104921 0.986981 -0.121899 9.477100 -0.019049 0.124548 0.992031 -1.486900 0.000000 0.000000 0.000000 1.000000
0.993419 -0.110548 0.029964 0.000000 0.113249 0.987157 -0.112673 9.477100 -0.017124 0.115325 0.993180 -1.486900 0.000000 0.000000 0.000000 1.000000
0.990801 -0.133905 0.019581 0.000000 0.135247 0.984814 -0.108852 9.477100 -0.004708 0.110499 0.993865 -1.486900 0.000000 0.000000 0.000000 1.000000
0.986545 -0.163088 0.011468 0.000000 0.163385 0.980945 -0.105134 9.477100 0.005897 0.105593 0.994392 -1.486900 0.000000 0.000000 0.000000 1.000000
0.985303 -0.169568 0.020585 0.000000 0.170801 0.979478 -0.107006 9.477100 -0.002018 0.108949 0.994045 -1.486900 0.000000 0.000000 0.000000 1.000000
0.984151 -0.173552 0.036435 -0.000000 0.176826 0.975945 -0.127532 9.477100 -0.013425 0.131953 0.991165 -1.486900 0.000000 0.000000 0.000000 1.000000
0.982561 -0.180094 0.046271 0.000000 0.185280 0.969252 -0.161932 9.477100 -0.015686 0.167681 0.985717 -1.486900 0.000000 0.000000 0.000000 1.000000
0.983519 -0.175706 0.042640 -0.000000 0.180729 0.962243 -0.203531 9.477100 -0.005268 0.207882 0.978140 -1.486900 0.000000 0.000000 0.000000 1.000000
0.986919 -0.157365 0.035025 0.000000 0.161102 0.954493 -0.250978 9.477100 0.006064 0.253337 0.967359 -1.486900 0.000000 0.000000 0.000000 1.000000
0.993670 -0.109846 0.023522 0.000000 0.111814 0.946970 -0.301240 9.477100 0.010816 0.301964 0.953258 -1.486900 0.000000 0.000000 0.000000 1.000000
0.999222 -0.039117 -0.005065 0.000000 0.035488 0.947624 -0.317411 9.477100 0.017216 0.316985 0.948274 -1.486900 0.000000 0.000000 0.000000 1.000000
0.999773 0.011508 -0.017903 0.000000 -0.016144 0.958224 -0.285562 9.477100 0.013869 0.285786 0.958193 -1.486900 0.000000 0.000000 0.000000 1.000000
0.998847 0.044720 -0.017456 0.000000 -0.047376 0.976963 -0.208085 9.477100 0.007749 0.208672 0.977955 -1.486900 0.000000 0.000000 0.000000 1.000000
0.997976 0.057467 -0.027230 0.000000 -0.061214 0.984134 -0.166530 9.477100 0.017228 0.167860 0.985660 -1.486900 0.000000 0.000000 0.000000 1.000000
0.997877 0.060367 -0.024437 -0.000000 -0.064107 0.976607 -0.205252 9.477100 0.011474 0.206383 0.978404 -1.486900 0.000000 0.000000 0.000000 1.000000
0.997375 0.072368 -0.002573 0.000000 -0.070256 0.958429 -0.276547 9.477100 -0.017547 0.276001 0.960997 -1.486900 0.000000 0.000000 0.000000 1.000000
0.997078 0.076190 0.005568 0.000000 -0.070820 0.949201 -0.306599 9.477100 -0.028645 0.305309 0.951822 -1.486900 0.000000 0.000000 0.000000 1.000000
0.997748 0.067075 0.000201 0.000000 -0.063899 0.951410 -0.301223 9.477100 -0.020396 0.300532 0.953554 -1.486900 0.000000 0.000000 0.000000 1.000000
0.997208 0.074669 -0.000390 0.000000 -0.071460 0.952811 -0.295033 9.477100 -0.021658 0.294237 0.955487 -1.486900 0.000000 0.000000 0.000000 1.000000
0.994649 0.102925 0.008912 0.000000 -0.096366 0.955432 -0.279041 9.477100 -0.037235 0.276689 0.960238 -1.486900 0.000000 0.000000 0.000000 1.000000
0.991754 0.127076 0.016611 -0.000000 -0.118775 0.960080 -0.253255 9.477100 -0.048131 0.249194 0.967257 -1.486900 0.000000 0.000000 0.000000 1.000000
0.991322 0.129054 0.025014 -0.000000 -0.118917 0.961486 -0.247798 9.477100 -0.056030 0.242673 0.968489 -1.486900 0.000000 0.000000 0.000000 1.000000
0.991883 0.120989 0.039119 0.000000 -0.107528 0.962299 -0.249837 9.477100 -0.067871 0.243602 0.967497 -1.486900 0.000000 0.000000 0.000000 1.000000
0.991847 0.115724 0.053352 0.000000 -0.099865 0.965954 -0.238662 9.477100 -0.079155 0.231388 0.969636 -1.486900 0.000000 0.000000 0.000000 1.000000
0.992414 0.107649 0.059374 0.000000 -0.091818 0.970184 -0.224304 9.477100 -0.081750 0.217151 0.972709 -1.486900 0.000000 0.000000 0.000000 1.000000
0.992647 0.100780 0.067044 0.000000 -0.085184 0.975134 -0.204590 9.477100 -0.085996 0.197375 0.976549 -1.486900 0.000000 0.000000 0.000000 1.000000
0.992217 0.097630 0.077287 0.000000 -0.082114 0.979623 -0.183290 9.477100 -0.093607 0.175517 0.980016 -1.486900 0.000000 0.000000 0.000000 1.000000
0.990986 0.099598 0.089597 0.000000 -0.083471 0.982152 -0.168552 9.477100 -0.104785 0.159554 0.981612 -1.486900 0.000000 0.000000 0.000000 1.000000
0.988915 0.101505 0.108371 -0.000000 -0.082802 0.982818 -0.164963 9.477100 -0.123254 0.154161 0.980328 -1.486900 0.000000 0.000000 0.000000 1.000000
0.987361 0.092055 0.129009 0.000000 -0.070036 0.983657 -0.165874 9.477100 -0.142170 0.154742 0.977672 -1.486900 0.000000 0.000000 0.000000 1.000000
0.986471 0.076736 0.144866 0.000000 -0.052779 0.985294 -0.162510 9.477100 -0.155206 0.152665 0.976015 -1.486900 0.000000 0.000000 0.000000 1.000000
0.985395 0.066923 0.156585 0.000000 -0.042701 0.987267 -0.153232 9.477100 -0.164846 0.144308 0.975705 -1.486900 0.000000 0.000000 0.000000 1.000000
0.984757 0.055883 0.164713 0.000000 -0.032204 0.989189 -0.143069 9.477100 -0.170927 0.135584 0.975910 -1.486900 0.000000 0.000000 0.000000 1.000000
0.984810 0.043963 0.167979 0.000000 -0.020562 0.990136 -0.138590 9.477100 -0.172415 0.133031 0.976000 -1.486900 0.000000 0.000000 0.000000 1.000000
0.984762 0.038498 0.169595 0.000000 -0.014918 0.990296 -0.138172 9.477100 -0.173269 0.133537 0.975780 -1.486900 0.000000 0.000000 0.000000 1.000000
0.984489 0.037385 0.171419 0.000000 -0.013012 0.989902 -0.141158 9.477100 -0.174965 0.136738 0.975033 -1.486900 0.000000 0.000000 0.000000 1.000000
0.984199 0.039399 0.172626 0.000000 -0.013676 0.988932 -0.147735 9.477100 -0.176536 0.143040 0.973845 -1.486900 0.000000 0.000000 0.000000 1.000000
0.984318 0.039084 0.172018 0.000000 -0.012609 0.988240 -0.152387 9.477100 -0.175951 0.147828 0.973236 -1.486900 0.000000 0.000000 0.000000 1.000000
0.984459 0.039047 0.171217 0.000000 -0.012894 0.988408 -0.151273 9.477100 -0.175139 0.146714 0.973551 -1.486900 0.000000 0.000000 0.000000 1.000000
0.984317 0.043757 0.170895 0.000000 -0.017826 0.988462 -0.150418 9.477100 -0.175505 0.145012 0.973740 -1.486900 0.000000 0.000000 0.000000 1.000000
0.984248 0.047652 0.170251 0.000000 -0.021187 0.987843 -0.154004 9.477100 -0.175520 0.147971 0.973292 -1.486900 0.000000 0.000000 0.000000 1.000000
0.984242 0.048325 0.170094 0.000000 -0.020874 0.986959 -0.159615 9.477100 -0.175590 0.153549 0.972415 -1.486900 0.000000 0.000000 0.000000 1.000000
0.984285 0.045898 0.170521 0.000000 -0.017423 0.986162 -0.164869 9.477100 -0.175728 0.159307 0.971463 -1.486900 0.000000 0.000000 0.000000 1.000000
0.984729 0.041363 0.169109 0.000000 -0.011928 0.985113 -0.171491 9.477100 -0.173685 0.166855 0.970563 -1.486900 0.000000 0.000000 0.000000 1.000000
0.985246 0.038034 0.166862 -0.000000 -0.007384 0.983532 -0.180585 9.477100 -0.170983 0.176689 0.969302 -1.486900 0.000000 0.000000 0.000000 1.000000
0.985316 0.036792 0.166728 0.000000 -0.004725 0.982009 -0.188775 9.477100 -0.170674 0.185215 0.967763 -1.486900 0.000000 0.000000 0.000000 1.000000
0.985488 0.035083 0.166079 -0.000000 -0.002105 0.980859 -0.194709 9.477100 -0.169731 0.191534 0.966699 -1.486900 0.000000 0.000000 0.000000 1.000000
0.986155 0.031913 0.162725 0.000000 0.001438 0.979624 -0.200836 9.477100 -0.165819 0.198290 0.966015 -1.486900 0.000000 0.000000 0.000000 1.000000</float_array><technique_common><accessor source="#mixamorig_Spine1-Matrix-animation-output-transform-array" count="72" stride="16"><param type="float4x4"/></accessor></technique_common></source><source id="mixamorig_Spine1-Interpolations"><Name_array id="mixamorig_Spine1-Interpolations-array" count="72">
 LINEAR LINEAR LINEAR LINEAR LINEAR LINEAR LINEAR LINEAR LINEAR LINEAR LINEAR
LINEAR LINEAR LINEAR LINEAR LINEAR LINEAR LINEAR LINEAR LINEAR LINEAR LINEAR LINEAR
LINEAR LINEAR LINEAR LINEAR LINEAR LINEAR LINEAR LINEAR LINEAR LINEAR LINEAR LINEAR
LINEAR LINEAR LINEAR LINEAR LINEAR LINEAR LINEAR LINEAR LINEAR LINEAR LINEAR LINEAR
LINEAR LINEAR LINEAR LINEAR LINEAR LINEAR LINEAR LINEAR LINEAR LINEAR LINEAR LINEAR
LINEAR LINEAR LINEAR LINEAR LINEAR LINEAR LINEAR LINEAR LINEAR LINEAR LINEAR LINEAR
