<?xml version="1.0" encoding="utf-8"?>
<COLLADA xmlns="http://www.collada.org/2005/11/COLLADASchema" version="1.4.1">
  <asset><contributor><author>Mixamo</author><authoring_tool>COLLADA Mixamo exporter</authoring_tool><comments></comments></contributor><created>2020-03-30T18:52:02Z</created><modified>2020-03-30T18:52:02Z</modified><revision></revision><title></title><unit meter="0.010000"/><up_axis>Y_UP</up_axis></asset>
  <library_animations>
    <animation id="mixamorig_Hips-anim" name="mixamorig_Hips"><source id="mixamorig_Hips-Matrix-animation-input"><float_array id="mixamorig_Hips-Matrix-animation-input-array" count="260">

0.000000 0.033333 0.066667 0.100000 0.133333 0.166667 0.200000 0.233333 0.266667 0.300000 0.333333 0.366667 0.400000 0.433333 0.466667 0.500000
0.533333 0.566667 0.600000 0.633333 0.666667 0.700000 0.733333 0.766667 0.800000 0.833333 0.866667 0.900000 0.933333 0.966667 1.000000 1.033333
1.066667 1.100000 1.133333 1.166667 1.200000 1.233333 1.266667 1.300000 1.333333 1.366667 1.400000 1.433333 1.466667 1.500000 1.533333 1.566667
1.600000 1.633333 1.666667 1.700000 1.733333 1.766667 1.800000 1.833333 1.866667 1.900000 1.933333 1.966667 2.000000 2.033333 2.066667 2.100000
2.133333 2.166667 2.200000 2.233333 2.266667 2.300000 2.333333 2.366667 2.400000 2.433333 2.466667 2.500000 2.533333 2.566667 2.600000 2.633333
2.666667 2.700000 2.733333 2.766667 2.800000 2.833333 2.866667 2.900000 2.933333 2.966667 3.000000 3.033333 3.066667 3.100000 3.133333 3.166667
3.200000 3.233333 3.266667 3.300000 3.333333 3.366667 3.400000 3.433333 3.466667 3.500000 3.533333 3.566667 3.600000 3.633333 3.666667 3.700000
3.733333 3.766667 3.800000 3.833333 3.866667 3.900000 3.933333 3.966667 4.000000 4.033333 4.066667 4.100000 4.133333 4.166667 4.200000 4.233333
4.266667 4.300000 4.333333 4.366667 4.400000 4.433333 4.466667 4.500000 4.533333 4.566667 4.600000 4.633333 4.666667 4.700000 4.733333 4.766667
4.800000 4.833333 4.866667 4.900000 4.933333 4.966667 5.000000 5.033333 5.066667 5.100000 5.133333 5.166667 5.200000 5.233333 5.266667 5.300000
5.333333 5.366667 5.400000 5.433333 5.466667 5.500000 5.533333 5.566667 5.600000 5.633333 5.666667 5.700000 5.733333 5.766667 5.800000 5.833333
5.866667 5.900000 5.933333 5.966667 6.000000 6.033333 6.066667 6.100000 6.133333 6.166667 6.200000 6.233333 6.266667 6.300000 6.333333 6.366667
6.400000 6.433333 6.466667 6.500000 6.533333 6.566667 6.600000 6.633333 6.666667 6.700000 6.733333 6.766667 6.800000 6.833333 6.866667 6.900000
6.933333 6.966667 7.000000 7.033333 7.066667 7.100000 7.133333 7.166667 7.200000 7.233333 7.266667 7.300000 7.333333 7.366667 7.400000 7.433333
7.466667 7.500000 7.533333 7.566667 7.600000 7.633333 7.666667 7.700000 7.733333 7.766667 7.800000 7.833333 7.866667 7.900000 7.933333 7.966667
8.000000 8.033333 8.066667 8.100000 8.133333 8.166667 8.200000 8.233333 8.266667 8.300000 8.333333 8.366667 8.400000 8.433333 8.466667 8.500000
8.533333 8.566667 8.600000 8.633333</float_array><technique_common><accessor source="#mixamorig_Hips-Matrix-animation-input-array" count="260"><param name="TIME" type="float"/></accessor></technique_common></source><source id="mixamorig_Hips-Matrix-animation-output-transform"><float_array id="mixamorig_Hips-Matrix-animation-output-transform-array" count="4160">

0.975411 -0.020646 0.219425 20.762892 0.069612 0.973497 -0.217848 20.131023 -0.209111 0.227766 0.950997 -23.558590 0.000000 0.000000 0.000000 1.000000
0.975411 -0.020646 0.219425 20.762867 0.069612 0.973497 -0.217848 20.130980 -0.209111 0.227766 0.950997 -23.558678 0.000000 0.000000 0.000000 1.000000
0.975299 -0.020711 0.219915 20.771067 0.069386 0.973926 -0.215995 20.182577 -0.209707 0.225918 0.951306 -23.502533 0.000000 0.000000 0.000000 1.000000
0.975119 -0.020659 0.220718 20.778006 0.069225 0.974236 -0.214644 20.234541 -0.210597 0.224582 0.951426 -23.448465 0.000000 0.000000 0.000000 1.000000
0.974942 -0.019890 0.221570 20.788305 0.068220 0.974737 -0.212681 20.277433 -0.211742 0.222467 0.951669 -23.401377 0.000000 0.000000 0.000000 1.000000
0.974852 -0.016985 0.222204 20.799143 0.064606 0.975812 -0.208848 20.317932 -0.213282 0.217952 0.952369 -23.360310 0.000000 0.000000 0.000000 1.000000
0.974819 -0.016138 0.222413 20.806770 0.063880 0.975788 -0.209182 20.334509 -0.213652 0.218122 0.952248 -23.333818 0.000000 0.000000 0.000000 1.000000
0.974956 -0.014360 0.221935 20.808054 0.061879 0.976025 -0.208678 20.344971 -0.213617 0.217185 0.952470 -23.321390 0.000000 0.000000 0.000000 1.000000
0.975092 -0.012404 0.221453 20.798977 0.060164 0.975793 -0.210256 20.346354 -0.213484 0.218342 0.952235 -23.316940 0.000000 0.000000 0.000000 1.000000
0.975210 -0.012313 0.220938 20.781000 0.061341 0.974364 -0.216455 20.323982 -0.212608 0.224642 0.950965 -23.323753 0.000000 0.000000 0.000000 1.000000
0.975314 -0.010482 0.220572 20.758848 0.060956 0.972842 -0.223298 20.300554 -0.212241 0.231231 0.949466 -23.331781 0.000000 0.000000 0.000000 1.000000
0.975607 -0.007324 0.219401 20.733541 0.059058 0.971353 -0.230185 20.258535 -0.211430 0.237527 0.948092 -23.364035 0.000000 0.000000 0.000000 1.000000
0.975970 -0.003442 0.217877 20.700813 0.056947 0.969156 -0.239780 20.196218 -0.210332 0.246426 0.946063 -23.404455 0.000000 0.000000 0.000000 1.000000
0.976264 -0.000040 0.216584 20.663216 0.055854 0.966222 -0.251586 20.099762 -0.209258 0.257711 0.943290 -23.473150 0.000000 0.000000 0.000000 1.000000
0.976508 0.004516 0.215434 20.631344 0.054424 0.962197 -0.266862 19.974268 -0.208495 0.272317 0.939347 -23.556643 0.000000 0.000000 0.000000 1.000000
0.976815 0.007402 0.213959 20.609028 0.055684 0.956221 -0.287300 19.829346 -0.206719 0.292553 0.933638 -23.636896 0.000000 0.000000 0.000000 1.000000
0.976905 0.007759 0.213534 20.594917 0.058118 0.952016 -0.300478 19.721424 -0.205620 0.305948 0.929578 -23.705286 0.000000 0.000000 0.000000 1.000000
0.977033 0.006628 0.212984 20.602055 0.059071 0.951919 -0.300602 19.689541 -0.204736 0.306280 0.929664 -23.762230 0.000000 0.000000 0.000000 1.000000
0.976935 0.003819 0.213502 20.626261 0.059698 0.955087 -0.290250 19.732021 -0.205022 0.296301 0.932830 -23.789089 0.000000 0.000000 0.000000 1.000000
0.976732 -0.001259 0.214461 20.656803 0.060908 0.960437 -0.271757 19.835377 -0.205634 0.278496 0.938166 -23.772940 0.000000 0.000000 0.000000 1.000000
0.976394 -0.007804 0.215855 20.682175 0.062344 0.966996 -0.247045 19.943951 -0.206803 0.254671 0.944656 -23.737759 0.000000 0.000000 0.000000 1.000000
0.975656 -0.013535 0.218887 20.707317 0.063982 0.972240 -0.225068 20.068052 -0.209764 0.233594 0.949438 -23.666218 0.000000 0.000000 0.000000 1.000000
0.975272 -0.018565 0.220226 20.740868 0.065063 0.976425 -0.205819 20.197777 -0.211213 0.215058 0.953488 -23.578419 0.000000 0.000000 0.000000 1.000000
0.975180 -0.023778 0.220135 20.767862 0.066445 0.979820 -0.188514 20.327719 -0.211210 0.198462 0.957080 -23.479439 0.000000 0.000000 0.000000 1.000000
0.975210 -0.027529 0.219564 20.790915 0.066869 0.982505 -0.173816 20.453682 -0.210937 0.184189 0.959989 -23.369699 0.000000 0.000000 0.000000 1.000000
0.974985 -0.030859 0.220117 20.812885 0.068141 0.984128 -0.163859 20.560993 -0.211567 0.174759 0.961613 -23.259905 0.000000 0.000000 0.000000 1.000000
0.974620 -0.033238 0.221382 20.833853 0.069905 0.984653 -0.159915 20.636559 -0.212669 0.171332 0.961986 -23.165482 0.000000 0.000000 0.000000 1.000000
0.974414 -0.034134 0.222156 20.858953 0.070752 0.984736 -0.159027 20.684544 -0.213336 0.170676 0.961955 -23.084265 0.000000 0.000000 0.000000 1.000000
0.974462 -0.033035 0.222110 20.877132 0.070047 0.984483 -0.160892 20.710705 -0.213348 0.172342 0.961655 -23.013241 0.000000 0.000000 0.000000 1.000000
0.974771 -0.029753 0.221215 20.886089 0.067873 0.983655 -0.166780 20.701059 -0.212637 0.177587 0.960858 -22.973667 0.000000 0.000000 0.000000 1.000000
0.975617 -0.023114 0.218261 20.884626 0.063621 0.981526 -0.180439 20.657959 -0.210058 0.189925 0.959064 -22.947344 0.000000 0.000000 0.000000 1.000000
0.976486 -0.013037 0.215185 20.855049 0.057283 0.977978 -0.200694 20.558754 -0.207829 0.208301 0.955729 -22.958511 0.000000 0.000000 0.000000 1.000000
0.977037 -0.009968 0.212834 20.800079 0.059710 0.971689 -0.228595 20.393513 -0.204530 0.236054 0.949971 -23.022825 0.000000 0.000000 0.000000 1.000000
0.977608 -0.006657 0.210330 20.729866 0.061999 0.964247 -0.257649 20.219898 -0.201095 0.264920 0.943069 -23.092997 0.000000 0.000000 0.000000 1.000000
0.977610 -0.004376 0.210381 20.671335 0.064571 0.957787 -0.280133 20.076580 -0.200274 0.287445 0.936624 -23.194485 0.000000 0.000000 0.000000 1.000000
0.977839 -0.002502 0.209344 20.637106 0.065033 0.954094 -0.292361 19.978287 -0.199002 0.299496 0.933113 -23.315775 0.000000 0.000000 0.000000 1.000000
0.977955 -0.002322 0.208801 20.618553 0.064714 0.954077 -0.292489 19.924393 -0.198533 0.299553 0.933195 -23.435644 0.000000 0.000000 0.000000 1.000000
0.977597 -0.004618 0.210433 20.606033 0.064983 0.957543 -0.280871 19.908051 -0.200202 0.288254 0.936392 -23.523085 0.000000 0.000000 0.000000 1.000000
0.977049 -0.009873 0.212785 20.607580 0.067064 0.962384 -0.263287 19.935459 -0.202181 0.271515 0.940958 -23.571941 0.000000 0.000000 0.000000 1.000000
0.976173 -0.016237 0.216387 20.665735 0.069610 0.967927 -0.241397 20.007965 -0.205527 0.250707 0.945994 -23.583818 0.000000 0.000000 0.000000 1.000000
0.975458 -0.020401 0.219237 20.754934 0.069678 0.973129 -0.219466 20.121334 -0.208869 0.229356 0.950668 -23.562241 0.000000 0.000000 0.000000 1.000000
0.975241 -0.022814 0.219964 20.835083 0.068269 0.977141 -0.201334 20.238543 -0.210343 0.211366 0.954505 -23.513302 0.000000 0.000000 0.000000 1.000000
0.975287 -0.025390 0.219479 20.895672 0.066990 0.980596 -0.184239 20.351307 -0.210542 0.194389 0.958063 -23.440754 0.000000 0.000000 0.000000 1.000000
0.975149 -0.028319 0.219733 20.916620 0.067539 0.982587 -0.173094 20.453669 -0.211005 0.183633 0.960081 -23.358099 0.000000 0.000000 0.000000 1.000000
0.974668 -0.029816 0.221660 20.912138 0.067881 0.983761 -0.166154 20.536514 -0.213106 0.176992 0.960864 -23.268595 0.000000 0.000000 0.000000 1.000000
0.974542 -0.030538 0.222115 20.904316 0.068586 0.983794 -0.165667 20.614534 -0.213456 0.176683 0.960843 -23.168619 0.000000 0.000000 0.000000 1.000000
0.974648 -0.029632 0.221773 20.897894 0.068529 0.983090 -0.169817 20.681095 -0.212991 0.180709 0.960197 -23.061659 0.000000 0.000000 0.000000 1.000000
0.974897 -0.026926 0.221021 20.884281 0.067233 0.981924 -0.176935 20.722538 -0.212261 0.187353 0.959085 -22.966413 0.000000 0.000000 0.000000 1.000000
0.975701 -0.021728 0.218025 20.870237 0.064988 0.978991 -0.193269 20.742001 -0.209245 0.202742 0.956615 -22.860373 0.000000 0.000000 0.000000 1.000000
0.976909 -0.013909 0.213201 20.849476 0.061289 0.974184 -0.217278 20.729168 -0.204675 0.225328 0.952542 -22.748589 0.000000 0.000000 0.000000 1.000000
0.977735 -0.004066 0.209802 20.798147 0.055913 0.968715 -0.241796 20.652489 -0.202255 0.248143 0.947374 -22.692352 0.000000 0.000000 0.000000 1.000000
0.978837 0.007947 0.204488 20.733498 0.049899 0.959816 -0.276159 20.516336 -0.198466 0.280518 0.939106 -22.659142 0.000000 0.000000 0.000000 1.000000
0.979610 0.016306 0.200248 20.646130 0.049353 0.946632 -0.318516 20.306646 -0.194755 0.321904 0.926525 -22.653334 0.000000 0.000000 0.000000 1.000000
0.979855 0.021900 0.198506 20.560438 0.051522 0.932602 -0.357209 20.105503 -0.192950 0.360241 0.912687 -22.660566 0.000000 0.000000 0.000000 1.000000
0.979968 0.026575 0.197376 20.446318 0.054055 0.918362 -0.392031 19.912088 -0.191680 0.394847 0.898529 -22.699398 0.000000 0.000000 0.000000 1.000000
0.980167 0.029102 0.196023 20.341412 0.055909 0.908367 -0.414420 19.732048 -0.190121 0.417161 0.888724 -22.786631 0.000000 0.000000 0.000000 1.000000
0.980241 0.028346 0.195767 20.245586 0.058053 0.904874 -0.421702 19.603308 -0.189098 0.424734 0.885349 -22.916969 0.000000 0.000000 0.000000 1.000000
0.980044 0.022980 0.197449 20.181547 0.062476 0.907352 -0.415704 19.430557 -0.188708 0.419744 0.887809 -23.104351 0.000000 0.000000 0.000000 1.000000
0.979476 0.017860 0.200766 20.174473 0.065472 0.913861 -0.400714 19.341715 -0.190629 0.405634 0.893936 -23.280800 0.000000 0.000000 0.000000 1.000000
0.979013 0.012518 0.203413 20.201639 0.066798 0.923265 -0.378313 19.312037 -0.192539 0.383961 0.903052 -23.457874 0.000000 0.000000 0.000000 1.000000
0.978379 0.006903 0.206705 20.237808 0.067799 0.933509 -0.352086 19.309555 -0.195392 0.358488 0.912857 -23.630356 0.000000 0.000000 0.000000 1.000000
0.977951 0.001089 0.208830 20.232714 0.069073 0.942016 -0.328382 19.295479 -0.197079 0.335566 0.921170 -23.788023 0.000000 0.000000 0.000000 1.000000
0.977260 -0.004044 0.212006 20.187986 0.069750 0.950309 -0.303395 19.255339 -0.200244 0.311283 0.928981 -23.936464 0.000000 0.000000 0.000000 1.000000
0.976696 -0.009082 0.214437 20.094851 0.070550 0.957171 -0.280794 19.230833 -0.202703 0.289379 0.935506 -24.070612 0.000000 0.000000 0.000000 1.000000
0.976563 -0.012729 0.214854 20.014860 0.070333 0.962320 -0.262668 19.199699 -0.203414 0.271623 0.940661 -24.179827 0.000000 0.000000 0.000000 1.000000
0.976506 -0.015876 0.214906 19.915421 0.070695 0.965691 -0.249888 19.167921 -0.203565 0.259210 0.944125 -24.275568 0.000000 0.000000 0.000000 1.000000
0.976732 -0.018845 0.213633 19.761042 0.071079 0.968276 -0.239562 19.140621 -0.202341 0.249173 0.947086 -24.344919 0.000000 0.000000 0.000000 1.000000
0.977047 -0.021755 0.211912 19.606052 0.071457 0.970608 -0.229814 19.118149 -0.200684 0.239681 0.949884 -24.407225 0.000000 0.000000 0.000000 1.000000
0.977556 -0.024834 0.209209 19.463116 0.072160 0.972432 -0.221742 19.088215 -0.197935 0.231861 0.952398 -24.464689 0.000000 0.000000 0.000000 1.000000
0.978381 -0.028347 0.204857 19.316826 0.073530 0.973518 -0.216462 19.035603 -0.193296 0.226845 0.954556 -24.528765 0.000000 0.000000 0.000000 1.000000
0.979613 -0.032602 0.198231 19.169500 0.075930 0.973636 -0.215098 18.946060 -0.185992 0.225764 0.956262 -24.609766 0.000000 0.000000 0.000000 1.000000
0.981286 -0.037885 0.188793 19.022402 0.079616 0.972548 -0.218660 18.806700 -0.175326 0.229599 0.957364 -24.717861 0.000000 0.000000 0.000000 1.000000
0.983259 -0.044010 0.176821 18.870724 0.084220 0.970287 -0.226824 18.623608 -0.161585 0.237919 0.957750 -24.851620 0.000000 0.000000 0.000000 1.000000
0.985345 -0.050814 0.162832 18.715054 0.089316 0.966973 -0.238715 18.412392 -0.145324 0.249760 0.957341 -25.005835 0.000000 0.000000 0.000000 1.000000
0.987369 -0.058438 0.147268 18.558104 0.094796 0.962661 -0.253570 18.176081 -0.126951 0.264328 0.956041 -25.173178 0.000000 0.000000 0.000000 1.000000
0.989172 -0.066779 0.130689 18.417177 0.100389 0.957444 -0.270599 17.928858 -0.107057 0.280789 0.953780 -25.335932 0.000000 0.000000 0.000000 1.000000
0.990612 -0.076535 0.113267 18.238541 0.106556 0.951357 -0.289078 17.636713 -0.085633 0.298434 0.950581 -25.511456 0.000000 0.000000 0.000000 1.000000
0.991601 -0.086944 0.095754 18.077364 0.112586 0.944643 -0.308178 17.346144 -0.063659 0.316370 0.946497 -25.664093 0.000000 0.000000 0.000000 1.000000
0.992088 -0.098020 0.078439 17.931967 0.118494 0.937512 -0.327155 17.065084 -0.041469 0.333861 0.941710 -25.799353 0.000000 0.000000 0.000000 1.000000
0.991967 -0.111269 0.060177 17.811037 0.125339 0.928805 -0.348728 16.752083 -0.017090 0.353469 0.935290 -25.923775 0.000000 0.000000 0.000000 1.000000
0.991248 -0.123340 0.047067 17.700518 0.131988 0.918584 -0.372537 16.372196 0.002713 0.375488 0.926823 -26.073612 0.000000 0.000000 0.000000 1.000000
0.990106 -0.136097 0.034160 17.598291 0.138290 0.905197 -0.401864 16.128757 0.023771 0.402612 0.915062 -26.140318 0.000000 0.000000 0.000000 1.000000
0.988477 -0.150002 0.020340 17.510231 0.144053 0.890859 -0.430835 15.953657 0.046506 0.428800 0.902202 -26.154581 0.000000 0.000000 0.000000 1.000000
0.986660 -0.162717 0.005008 17.382298 0.146828 0.876184 -0.459068 15.777380 0.070310 0.453680 0.888387 -26.187634 0.000000 0.000000 0.000000 1.000000
0.984153 -0.177081 -0.009230 17.307610 0.149956 0.858927 -0.489651 15.702435 0.094636 0.480507 0.871870 -26.094107 0.000000 0.000000 0.000000 1.000000
0.981211 -0.191293 -0.025136 17.232782 0.150716 0.841292 -0.519145 15.668197 0.120456 0.505603 0.854316 -25.977297 0.000000 0.000000 0.000000 1.000000
0.978367 -0.203183 -0.038925 17.156879 0.148994 0.822569 -0.548799 15.636129 0.143525 0.531127 0.835048 -25.840652 0.000000 0.000000 0.000000 1.000000
0.975604 -0.214155 -0.048312 17.096323 0.147567 0.802635 -0.577929 15.610291 0.162543 0.556701 0.814656 -25.685926 0.000000 0.000000 0.000000 1.000000
0.972636 -0.224094 -0.061331 17.015171 0.142132 0.782728 -0.605917 15.609024 0.183788 0.580619 0.793160 -25.525343 0.000000 0.000000 0.000000 1.000000
0.969525 -0.233319 -0.074722 16.956295 0.135230 0.763983 -0.630907 15.649604 0.204289 0.601575 0.772252 -25.358936 0.000000 0.000000 0.000000 1.000000
0.966382 -0.242761 -0.084698 16.924236 0.131034 0.748443 -0.650125 15.725357 0.221217 0.617171 0.755092 -25.197792 0.000000 0.000000 0.000000 1.000000
0.963503 -0.251629 -0.091347 16.940331 0.128814 0.734934 -0.665791 15.804336 0.234666 0.629726 0.740525 -25.031643 0.000000 0.000000 0.000000 1.000000
0.960199 -0.260859 -0.099850 16.986156 0.125613 0.722576 -0.679783 15.855461 0.249477 0.640185 0.726584 -24.880762 0.000000 0.000000 0.000000 1.000000
0.956501 -0.270253 -0.109863 17.036707 0.121918 0.712433 -0.691068 15.912969 0.265033 0.647613 0.714391 -24.748606 0.000000 0.000000 0.000000 1.000000
0.955188 -0.273262 -0.113767 17.096636 0.118403 0.704999 -0.699255 15.983592 0.271285 0.654450 0.705762 -24.613811 0.000000 0.000000 0.000000 1.000000
0.954777 -0.274113 -0.115166 17.163157 0.115744 0.699454 -0.705243 16.059422 0.273870 0.660020 0.699549 -24.484903 0.000000 0.000000 0.000000 1.000000
0.954304 -0.275245 -0.116383 17.221970 0.113990 0.695277 -0.709645 16.127186 0.276244 0.663950 0.694881 -24.372318 0.000000 0.000000 0.000000 1.000000
0.953951 -0.276082 -0.117289 17.256063 0.112254 0.691172 -0.713919 16.175671 0.278167 0.667877 0.690336 -24.286182 0.000000 0.000000 0.000000 1.000000
0.953828 -0.276347 -0.117663 17.286711 0.110790 0.687837 -0.717360 16.210928 0.279174 0.671202 0.686695 -24.224953 0.000000 0.000000 0.000000 1.000000
0.953726 -0.276454 -0.118235 17.309441 0.109389 0.685306 -0.719993 16.241909 0.280072 0.673743 0.683835 -24.175707 0.000000 0.000000 0.000000 1.000000
0.953635 -0.276645 -0.118524 17.326797 0.108347 0.682973 -0.722363 16.264956 0.280787 0.676029 0.681281 -24.137745 0.000000 0.000000 0.000000 1.000000
0.953604 -0.276833 -0.118334 17.354092 0.107669 0.680645 -0.724658 16.280096 0.281153 0.678296 0.678872 -24.107021 0.000000 0.000000 0.000000 1.000000
0.953718 -0.276740 -0.117632 17.363518 0.107363 0.678787 -0.726445 16.299477 0.280883 0.680194 0.677083 -24.077810 0.000000 0.000000 0.000000 1.000000
0.954463 -0.275601 -0.114214 17.376823 0.108724 0.677860 -0.727107 16.313534 0.277813 0.681579 0.676957 -24.037691 0.000000 0.000000 0.000000 1.000000
0.954843 -0.274735 -0.113117 17.400312 0.108579 0.677055 -0.727879 16.328526 0.276560 0.682728 0.676311 -24.012428 0.000000 0.000000 0.000000 1.000000
0.955054 -0.274063 -0.112967 17.421034 0.107845 0.676214 -0.728769 16.351192 0.276119 0.683830 0.675377 -23.995750 0.000000 0.000000 0.000000 1.000000
0.955291 -0.273326 -0.112750 17.444294 0.107229 0.675650 -0.729383 16.373217 0.275539 0.684683 0.674750 -23.978840 0.000000 0.000000 0.000000 1.000000
0.955591 -0.272294 -0.112699 17.464466 0.106275 0.675109 -0.730023 16.395885 0.274865 0.685626 0.674067 -23.964903 0.000000 0.000000 0.000000 1.000000
0.955898 -0.271232 -0.112663 17.481707 0.105195 0.674332 -0.730897 16.408840 0.274215 0.686811 0.673124 -23.956181 0.000000 0.000000 0.000000 1.000000
0.956201 -0.270441 -0.111985 17.498209 0.105061 0.674182 -0.731055 16.420849 0.273205 0.687270 0.673067 -23.939825 0.000000 0.000000 0.000000 1.000000
0.956560 -0.269374 -0.111491 17.511076 0.104607 0.674099 -0.731196 16.437082 0.272121 0.687771 0.672995 -23.925701 0.000000 0.000000 0.000000 1.000000
0.956931 -0.268251 -0.111018 17.521868 0.104170 0.674204 -0.731162 16.453537 0.270984 0.688106 0.673110 -23.912590 0.000000 0.000000 0.000000 1.000000
0.957256 -0.267390 -0.110283 17.541779 0.104126 0.674300 -0.731080 16.475437 0.269848 0.688348 0.673320 -23.899281 0.000000 0.000000 0.000000 1.000000
0.957544 -0.266565 -0.109784 17.544926 0.103879 0.674271 -0.731142 16.483057 0.268921 0.688696 0.673334 -23.891422 0.000000 0.000000 0.000000 1.000000
0.957867 -0.265569 -0.109383 17.544983 0.103486 0.674383 -0.731094 16.491110 0.267921 0.688971 0.673452 -23.886980 0.000000 0.000000 0.000000 1.000000
0.958139 -0.264758 -0.108961 17.553850 0.103339 0.674732 -0.730793 16.501921 0.267003 0.688941 0.673847 -23.884741 0.000000 0.000000 0.000000 1.000000
0.958415 -0.263989 -0.108398 17.564238 0.103286 0.674969 -0.730581 16.512863 0.266030 0.689004 0.674167 -23.881927 0.000000 0.000000 0.000000 1.000000
0.958593 -0.263474 -0.108082 17.569893 0.103237 0.675214 -0.730362 16.519642 0.265409 0.688961 0.674455 -23.882145 0.000000 0.000000 0.000000 1.000000
0.958741 -0.263175 -0.107489 17.572277 0.103620 0.675614 -0.729938 16.525684 0.264722 0.688683 0.675009 -23.884790 0.000000 0.000000 0.000000 1.000000
0.958887 -0.262813 -0.107079 17.574760 0.103792 0.675955 -0.729597 16.527494 0.264128 0.688487 0.675442 -23.887423 0.000000 0.000000 0.000000 1.000000
0.959035 -0.262464 -0.106601 17.574875 0.103999 0.676224 -0.729318 16.526505 0.263506 0.688356 0.675819 -23.894444 0.000000 0.000000 0.000000 1.000000
0.959148 -0.262294 -0.106005 17.572664 0.104497 0.676675 -0.728829 16.526638 0.262898 0.687978 0.676440 -23.901899 0.000000 0.000000 0.000000 1.000000
0.959248 -0.262110 -0.105558 17.574179 0.104885 0.677163 -0.728319 16.525562 0.262380 0.687567 0.677059 -23.909340 0.000000 0.000000 0.000000 1.000000
0.959305 -0.261926 -0.105488 17.565619 0.104912 0.677452 -0.728047 16.520422 0.262158 0.687353 0.677362 -23.921093 0.000000 0.000000 0.000000 1.000000
0.959274 -0.262127 -0.105277 17.561480 0.105481 0.678131 -0.727332 16.517849 0.262045 0.686606 0.678163 -23.933271 0.000000 0.000000 0.000000 1.000000
0.959221 -0.262403 -0.105066 17.557953 0.105941 0.678376 -0.727036 16.511375 0.262051 0.686258 0.678512 -23.944769 0.000000 0.000000 0.000000 1.000000
0.959121 -0.262805 -0.104982 17.554729 0.106303 0.678368 -0.726991 16.501223 0.262273 0.686112 0.678574 -23.960772 0.000000 0.000000 0.000000 1.000000
0.958976 -0.263358 -0.104917 17.550575 0.106822 0.678513 -0.726780 16.487398 0.262590 0.685757 0.678810 -23.977709 0.000000 0.000000 0.000000 1.000000
0.958840 -0.263903 -0.104793 17.542402 0.107519 0.679016 -0.726207 16.474960 0.262804 0.685049 0.679442 -23.994925 0.000000 0.000000 0.000000 1.000000
0.958701 -0.264518 -0.104513 17.527992 0.108320 0.679346 -0.725779 16.464457 0.262982 0.684484 0.679942 -24.007343 0.000000 0.000000 0.000000 1.000000
0.958553 -0.265167 -0.104219 17.519232 0.109259 0.679938 -0.725084 16.455877 0.263131 0.683645 0.680729 -24.020018 0.000000 0.000000 0.000000 1.000000
0.958473 -0.265512 -0.104080 17.508194 0.109815 0.680436 -0.724533 16.446299 0.263192 0.683016 0.681337 -24.031868 0.000000 0.000000 0.000000 1.000000
0.958396 -0.265865 -0.103893 17.498428 0.110568 0.681331 -0.723576 16.438057 0.263159 0.681985 0.682381 -24.046265 0.000000 0.000000 0.000000 1.000000
0.958320 -0.266298 -0.103480 17.491034 0.111618 0.682395 -0.722412 16.426720 0.262991 0.680751 0.683676 -24.064323 0.000000 0.000000 0.000000 1.000000
0.958327 -0.266306 -0.103390 17.477053 0.112071 0.683379 -0.721410 16.410782 0.262771 0.679760 0.684746 -24.088699 0.000000 0.000000 0.000000 1.000000
0.958401 -0.266037 -0.103402 17.463284 0.112337 0.684618 -0.720193 16.392155 0.262389 0.678618 0.686025 -24.116753 0.000000 0.000000 0.000000 1.000000
0.958479 -0.265784 -0.103332 17.455244 0.112562 0.685561 -0.719261 16.371218 0.262008 0.677765 0.687013 -24.141029 0.000000 0.000000 0.000000 1.000000
0.958591 -0.265389 -0.103305 17.442835 0.112862 0.687062 -0.717780 16.348305 0.261467 0.676398 0.688564 -24.169373 0.000000 0.000000 0.000000 1.000000
0.958765 -0.264705 -0.103450 17.436342 0.112892 0.688769 -0.716138 16.319126 0.260818 0.674929 0.690250 -24.202673 0.000000 0.000000 0.000000 1.000000
0.959071 -0.263639 -0.103333 17.423004 0.112698 0.690155 -0.714833 16.290239 0.259774 0.673930 0.691619 -24.240913 0.000000 0.000000 0.000000 1.000000
0.958982 -0.263190 -0.105282 17.405642 0.111498 0.691695 -0.713531 16.255440 0.260617 0.672525 0.692668 -24.290447 0.000000 0.000000 0.000000 1.000000
0.959349 -0.261711 -0.105625 17.393248 0.110701 0.693222 -0.712172 16.215807 0.259605 0.671529 0.694013 -24.344398 0.000000 0.000000 0.000000 1.000000
0.960045 -0.259362 -0.105096 17.383181 0.110144 0.695441 -0.710091 16.172855 0.257259 0.670144 0.696222 -24.410370 0.000000 0.000000 0.000000 1.000000
0.960646 -0.257284 -0.104707 17.398153 0.110081 0.698704 -0.706891 16.136007 0.255031 0.667546 0.699530 -24.480236 0.000000 0.000000 0.000000 1.000000
0.960635 -0.256646 -0.106363 17.406143 0.109632 0.701993 -0.703695 16.097204 0.255267 0.664333 0.702496 -24.560375 0.000000 0.000000 0.000000 1.000000
0.960496 -0.257001 -0.106759 17.418999 0.111215 0.706136 -0.699287 16.066938 0.255104 0.659790 0.706824 -24.639551 0.000000 0.000000 0.000000 1.000000
0.960260 -0.258131 -0.106155 17.422342 0.113960 0.709801 -0.695123 16.039696 0.254782 0.655402 0.711010 -24.706917 0.000000 0.000000 0.000000 1.000000
0.959847 -0.259987 -0.105361 17.429379 0.117574 0.713844 -0.690364 16.015554 0.254697 0.650256 0.715749 -24.770033 0.000000 0.000000 0.000000 1.000000
0.959341 -0.262137 -0.104641 17.443930 0.121520 0.718219 -0.685123 16.008224 0.254752 0.644551 0.720872 -24.827154 0.000000 0.000000 0.000000 1.000000
0.958855 -0.264164 -0.103992 17.458025 0.125040 0.721827 -0.680684 16.014067 0.254876 0.639674 0.725159 -24.868813 0.000000 0.000000 0.000000 1.000000
0.958386 -0.265787 -0.104178 17.472599 0.127374 0.724715 -0.677174 16.017567 0.255483 0.635724 0.728411 -24.901871 0.000000 0.000000 0.000000 1.000000
0.958005 -0.266698 -0.105349 17.484791 0.128338 0.727318 -0.674194 16.025928 0.256428 0.632361 0.731002 -24.923679 0.000000 0.000000 0.000000 1.000000
0.957700 -0.267373 -0.106408 17.497099 0.128646 0.728554 -0.672800 16.034260 0.257413 0.630651 0.732132 -24.932228 0.000000 0.000000 0.000000 1.000000
0.957460 -0.267854 -0.107350 17.507202 0.128521 0.728907 -0.672441 16.041744 0.258364 0.630038 0.732325 -24.933647 0.000000 0.000000 0.000000 1.000000
0.957101 -0.268770 -0.108265 17.513805 0.128441 0.728458 -0.672943 16.046118 0.259733 0.630169 0.731728 -24.927862 0.000000 0.000000 0.000000 1.000000
0.956663 -0.270135 -0.108734 17.509300 0.128818 0.727472 -0.673936 16.050854 0.261155 0.630723 0.730744 -24.919535 0.000000 0.000000 0.000000 1.000000
0.956209 -0.271583 -0.109121 17.501001 0.129089 0.725935 -0.675540 16.053663 0.262680 0.631872 0.729203 -24.906923 0.000000 0.000000 0.000000 1.000000
0.955906 -0.272547 -0.109374 17.492941 0.128678 0.723493 -0.678233 16.058804 0.263982 0.634253 0.726661 -24.884333 0.000000 0.000000 0.000000 1.000000
0.955690 -0.273378 -0.109182 17.491114 0.128179 0.720344 -0.681670 16.070686 0.265002 0.637471 0.723467 -24.850611 0.000000 0.000000 0.000000 1.000000
0.955435 -0.274126 -0.109538 17.488262 0.126977 0.716612 -0.685817 16.082888 0.266496 0.641345 0.719484 -24.812346 0.000000 0.000000 0.000000 1.000000
0.955225 -0.274810 -0.109660 17.491163 0.125953 0.713032 -0.689726 16.105980 0.267735 0.645031 0.715719 -24.775713 0.000000 0.000000 0.000000 1.000000
0.954998 -0.275352 -0.110273 17.492985 0.124365 0.709234 -0.693917 16.132147 0.269281 0.648975 0.711561 -24.734892 0.000000 0.000000 0.000000 1.000000
0.954868 -0.275517 -0.110987 17.497826 0.122172 0.704884 -0.698722 16.161087 0.270742 0.653627 0.706732 -24.679790 0.000000 0.000000 0.000000 1.000000
0.954845 -0.275546 -0.111108 17.503513 0.120175 0.700211 -0.703749 16.190012 0.271714 0.658619 0.701707 -24.621134 0.000000 0.000000 0.000000 1.000000
0.954836 -0.275064 -0.112376 17.507586 0.117015 0.695733 -0.708705 16.225384 0.273123 0.663547 0.696498 -24.560667 0.000000 0.000000 0.000000 1.000000
0.954726 -0.275054 -0.113333 17.509401 0.114293 0.690867 -0.713891 16.263008 0.274656 0.668617 0.691025 -24.495375 0.000000 0.000000 0.000000 1.000000
0.954639 -0.274985 -0.114224 17.503376 0.111379 0.685523 -0.719481 16.290266 0.276149 0.674123 0.685054 -24.433853 0.000000 0.000000 0.000000 1.000000
0.954962 -0.273643 -0.114752 17.491102 0.107466 0.679415 -0.725842 16.306601 0.276586 0.680819 0.678223 -24.374561 0.000000 0.000000 0.000000 1.000000
0.955118 -0.273065 -0.114826 17.478426 0.104824 0.674109 -0.731156 16.330147 0.277059 0.686304 0.672477 -24.317059 0.000000 0.000000 0.000000 1.000000
0.955194 -0.272593 -0.115311 17.466322 0.102377 0.669834 -0.735420 16.356089 0.277710 0.690664 0.667728 -24.265917 0.000000 0.000000 0.000000 1.000000
0.955455 -0.271851 -0.114903 17.460991 0.100685 0.666199 -0.738946 16.373346 0.277432 0.694461 0.663894 -24.222019 0.000000 0.000000 0.000000 1.000000
0.955687 -0.271400 -0.114032 17.465710 0.099933 0.663451 -0.741517 16.384539 0.276902 0.697263 0.661173 -24.181671 0.000000 0.000000 0.000000 1.000000
0.955701 -0.271653 -0.113312 17.466341 0.099601 0.660737 -0.743980 16.391909 0.276974 0.699737 0.658524 -24.153366 0.000000 0.000000 0.000000 1.000000
0.955744 -0.271775 -0.112661 17.464911 0.099568 0.659143 -0.745397 16.400089 0.276840 0.701191 0.657032 -24.138475 0.000000 0.000000 0.000000 1.000000
0.955765 -0.271581 -0.112945 17.461651 0.099414 0.659672 -0.744949 16.410349 0.276820 0.700768 0.657491 -24.133671 0.000000 0.000000 0.000000 1.000000
0.955920 -0.271112 -0.112766 17.466114 0.099458 0.660302 -0.744385 16.417046 0.276271 0.700357 0.658160 -24.127239 0.000000 0.000000 0.000000 1.000000
0.956163 -0.270337 -0.112562 17.458853 0.099708 0.661973 -0.742866 16.419418 0.275337 0.699078 0.659908 -24.127184 0.000000 0.000000 0.000000 1.000000
0.956309 -0.269606 -0.113072 17.449787 0.099454 0.663695 -0.741362 16.413074 0.274921 0.697726 0.661511 -24.134785 0.000000 0.000000 0.000000 1.000000
0.956374 -0.269257 -0.113357 17.433716 0.099582 0.665230 -0.739968 16.405582 0.274650 0.696398 0.663021 -24.147312 0.000000 0.000000 0.000000 1.000000
0.956375 -0.269219 -0.113441 17.424288 0.100145 0.666893 -0.738394 16.397150 0.274443 0.694820 0.664760 -24.158548 0.000000 0.000000 0.000000 1.000000
0.956339 -0.269302 -0.113541 17.401884 0.100810 0.668616 -0.736743 16.384090 0.274322 0.693130 0.666572 -24.172918 0.000000 0.000000 0.000000 1.000000
0.956466 -0.269003 -0.113184 17.387201 0.101975 0.671423 -0.734025 16.372389 0.273449 0.690527 0.669625 -24.184937 0.000000 0.000000 0.000000 1.000000
0.956506 -0.268938 -0.112995 17.377472 0.102923 0.673574 -0.731919 16.356363 0.272952 0.688455 0.671957 -24.199879 0.000000 0.000000 0.000000 1.000000
0.956542 -0.269009 -0.112524 17.362343 0.104092 0.675479 -0.729995 16.340149 0.272383 0.686558 0.674125 -24.215258 0.000000 0.000000 0.000000 1.000000
0.956567 -0.269016 -0.112293 17.346704 0.105078 0.677509 -0.727969 16.323057 0.271915 0.684552 0.676351 -24.227358 0.000000 0.000000 0.000000 1.000000
0.956549 -0.269178 -0.112062 17.328217 0.106403 0.680089 -0.725367 16.306232 0.271465 0.681925 0.679180 -24.244612 0.000000 0.000000 0.000000 1.000000
0.956480 -0.269236 -0.112505 17.306622 0.106861 0.681971 -0.723531 16.281178 0.271526 0.680020 0.681063 -24.271938 0.000000 0.000000 0.000000 1.000000
0.956388 -0.269241 -0.113276 17.289593 0.106900 0.683517 -0.722065 16.256121 0.271835 0.678465 0.682489 -24.298227 0.000000 0.000000 0.000000 1.000000
0.956281 -0.269675 -0.113146 17.275337 0.108206 0.685704 -0.719793 16.234726 0.271695 0.676081 0.684906 -24.321272 0.000000 0.000000 0.000000 1.000000
0.956267 -0.269620 -0.113395 17.261728 0.108869 0.687921 -0.717574 16.210424 0.271479 0.673847 0.687189 -24.343098 0.000000 0.000000 0.000000 1.000000
0.956149 -0.270008 -0.113466 17.249662 0.109918 0.689914 -0.715497 16.188112 0.271472 0.671650 0.689339 -24.363140 0.000000 0.000000 0.000000 1.000000
0.956006 -0.270604 -0.113255 17.236202 0.111186 0.691525 -0.713744 16.167280 0.271461 0.669751 0.691190 -24.381910 0.000000 0.000000 0.000000 1.000000
0.955853 -0.271023 -0.113538 17.221012 0.111925 0.693069 -0.712129 16.145658 0.271693 0.667983 0.692807 -24.401241 0.000000 0.000000 0.000000 1.000000
0.955664 -0.271461 -0.114085 17.209339 0.112492 0.694626 -0.710521 16.126480 0.272125 0.666185 0.694367 -24.418659 0.000000 0.000000 0.000000 1.000000
0.955468 -0.271986 -0.114479 17.202885 0.113176 0.696018 -0.709049 16.112114 0.272530 0.664517 0.695805 -24.433308 0.000000 0.000000 0.000000 1.000000
0.955260 -0.272611 -0.114727 17.196926 0.113861 0.696949 -0.708024 16.097601 0.272974 0.663283 0.696807 -24.445641 0.000000 0.000000 0.000000 1.000000
0.955057 -0.273273 -0.114842 17.191547 0.114685 0.697901 -0.706952 16.088245 0.273340 0.662009 0.697875 -24.453802 0.000000 0.000000 0.000000 1.000000
0.954813 -0.273981 -0.115184 17.186079 0.115214 0.698458 -0.706316 16.077705 0.273968 0.661129 0.698463 -24.460331 0.000000 0.000000 0.000000 1.000000
0.954510 -0.274855 -0.115605 17.183086 0.115848 0.699087 -0.705589 16.073784 0.274753 0.660100 0.699127 -24.463793 0.000000 0.000000 0.000000 1.000000
0.954208 -0.275778 -0.115906 17.183054 0.116632 0.699766 -0.704786 16.074200 0.275472 0.658994 0.699887 -24.463596 0.000000 0.000000 0.000000 1.000000
0.953917 -0.276638 -0.116244 17.184355 0.117316 0.700383 -0.704060 16.075888 0.276186 0.657978 0.700561 -24.462917 0.000000 0.000000 0.000000 1.000000
0.953606 -0.277525 -0.116684 17.183355 0.117909 0.700905 -0.703441 16.076935 0.277006 0.657048 0.701110 -24.462584 0.000000 0.000000 0.000000 1.000000
0.953323 -0.278387 -0.116940 17.182230 0.118572 0.701314 -0.702922 16.081137 0.277696 0.656246 0.701588 -24.459543 0.000000 0.000000 0.000000 1.000000
0.953016 -0.279376 -0.117086 17.184862 0.119416 0.701720 -0.702373 16.085377 0.278388 0.655391 0.702113 -24.453215 0.000000 0.000000 0.000000 1.000000
0.952802 -0.279905 -0.117568 17.192795 0.119646 0.702112 -0.701943 16.083858 0.279023 0.654746 0.702463 -24.452852 0.000000 0.000000 0.000000 1.000000
0.952516 -0.280860 -0.117605 17.198668 0.120481 0.702362 -0.701550 16.081108 0.279638 0.654068 0.702849 -24.454014 0.000000 0.000000 0.000000 1.000000
0.952200 -0.281756 -0.118019 17.208153 0.120959 0.702534 -0.701295 16.077129 0.280507 0.653498 0.703033 -24.451677 0.000000 0.000000 0.000000 1.000000
0.951981 -0.282357 -0.118346 17.219568 0.121378 0.702961 -0.700795 16.065807 0.281067 0.652779 0.703477 -24.454649 0.000000 0.000000 0.000000 1.000000
0.951811 -0.282914 -0.118384 17.234529 0.122007 0.703458 -0.700187 16.038797 0.281371 0.652002 0.704076 -24.470310 0.000000 0.000000 0.000000 1.000000
0.951716 -0.283306 -0.118212 17.253876 0.122762 0.704192 -0.699316 15.995892 0.281365 0.651039 0.704970 -24.501863 0.000000 0.000000 0.000000 1.000000
0.951709 -0.283966 -0.116673 17.268337 0.124959 0.705447 -0.697660 15.941793 0.280418 0.649390 0.706865 -24.563873 0.000000 0.000000 0.000000 1.000000
0.951920 -0.284323 -0.114055 17.281929 0.128162 0.707771 -0.694719 15.883492 0.278250 0.646699 0.710181 -24.653513 0.000000 0.000000 0.000000 1.000000
0.952373 -0.283737 -0.111710 17.327488 0.131068 0.711666 -0.690183 15.829575 0.275331 0.642670 0.714960 -24.758543 0.000000 0.000000 0.000000 1.000000
0.952963 -0.282600 -0.109543 17.379107 0.134227 0.717552 -0.683449 15.759071 0.271745 0.636598 0.721733 -24.892443 0.000000 0.000000 0.000000 1.000000
0.953739 -0.280869 -0.107211 17.433783 0.138475 0.726947 -0.672587 15.676577 0.266845 0.626626 0.732211 -25.059309 0.000000 0.000000 0.000000 1.000000
0.954507 -0.278908 -0.105486 17.505203 0.143665 0.740129 -0.656939 15.595915 0.261299 0.611898 0.746528 -25.258043 0.000000 0.000000 0.000000 1.000000
0.955112 -0.277628 -0.103361 17.590675 0.150897 0.756179 -0.636729 15.499504 0.254934 0.592551 0.764128 -25.483387 0.000000 0.000000 0.000000 1.000000
0.955851 -0.276149 -0.100449 17.658686 0.159751 0.775250 -0.611120 15.407387 0.246633 0.568093 0.785138 -25.707870 0.000000 0.000000 0.000000 1.000000
0.956703 -0.273908 -0.098456 17.684671 0.168104 0.796110 -0.581335 15.345137 0.237614 0.539614 0.807685 -25.907270 0.000000 0.000000 0.000000 1.000000
0.957524 -0.271604 -0.096848 17.691191 0.176240 0.817067 -0.548945 15.314476 0.228227 0.508560 0.830229 -26.084593 0.000000 0.000000 0.000000 1.000000
0.958634 -0.268320 -0.094999 17.714159 0.183282 0.837232 -0.515219 15.324627 0.217780 0.476495 0.851777 -26.228857 0.000000 0.000000 0.000000 1.000000
0.960505 -0.262977 -0.090958 17.744301 0.189255 0.857012 -0.479284 15.387652 0.203993 0.443140 0.872934 -26.351534 0.000000 0.000000 0.000000 1.000000
0.962648 -0.256495 -0.086711 17.843084 0.193667 0.876105 -0.441512 15.444104 0.189214 0.408227 0.893056 -26.495373 0.000000 0.000000 0.000000 1.000000
0.964342 -0.250736 -0.084714 17.989109 0.196547 0.892838 -0.405228 15.492451 0.177241 0.374128 0.910282 -26.626015 0.000000 0.000000 0.000000 1.000000
0.965974 -0.245439 -0.081577 18.128468 0.199229 0.907234 -0.370452 15.573973 0.164933 0.341594 0.925263 -26.712097 0.000000 0.000000 0.000000 1.000000
0.967759 -0.239990 -0.076470 18.272343 0.201445 0.919704 -0.336993 15.681519 0.151205 0.310723 0.938397 -26.774038 0.000000 0.000000 0.000000 1.000000
0.969368 -0.235122 -0.071010 18.419048 0.203047 0.929823 -0.306921 15.803404 0.138191 0.283102 0.949082 -26.811672 0.000000 0.000000 0.000000 1.000000
0.970547 -0.231539 -0.066537 18.562864 0.204335 0.937480 -0.281741 15.932901 0.127611 0.259848 0.957181 -26.822874 0.000000 0.000000 0.000000 1.000000
0.971694 -0.227935 -0.062093 18.710102 0.204792 0.943754 -0.259594 16.069859 0.117771 0.239530 0.963720 -26.816698 0.000000 0.000000 0.000000 1.000000
0.972831 -0.224329 -0.057244 18.856091 0.204702 0.948951 -0.239976 16.208086 0.108155 0.221738 0.969090 -26.789927 0.000000 0.000000 0.000000 1.000000
0.973613 -0.222152 -0.052222 18.959560 0.205414 0.952804 -0.223537 16.323654 0.099416 0.206911 0.973295 -26.759336 0.000000 0.000000 0.000000 1.000000
0.974402 -0.220038 -0.046082 19.060640 0.205968 0.955920 -0.209271 16.434666 0.090099 0.194423 0.976771 -26.722694 0.000000 0.000000 0.000000 1.000000
0.975372 -0.217272 -0.037984 19.159437 0.205922 0.958710 -0.196139 16.540451 0.079032 0.183487 0.979840 -26.682077 0.000000 0.000000 0.000000 1.000000
0.976461 -0.213883 -0.027882 19.268562 0.205281 0.961205 -0.184242 16.653637 0.066206 0.174181 0.982485 -26.635359 0.000000 0.000000 0.000000 1.000000
0.977538 -0.209944 -0.018517 19.390278 0.203669 0.963595 -0.173213 16.775801 0.054208 0.165551 0.984710 -26.584635 0.000000 0.000000 0.000000 1.000000
0.978248 -0.207202 -0.009883 19.515213 0.202804 0.965323 -0.164384 16.894928 0.043601 0.158804 0.986347 -26.533026 0.000000 0.000000 0.000000 1.000000
0.978699 -0.205302 0.000268 19.633888 0.202762 0.966383 -0.158084 16.999838 0.032196 0.154771 0.987426 -26.481546 0.000000 0.000000 0.000000 1.000000
0.979616 -0.200781 0.006364 19.745781 0.199407 0.968104 -0.151694 17.096048 0.024297 0.149871 0.988407 -26.439171 0.000000 0.000000 0.000000 1.000000
0.980470 -0.196436 0.009564 19.838917 0.195692 0.969609 -0.146846 17.174191 0.019572 0.145850 0.989113 -26.403748 0.000000 0.000000 0.000000 1.000000
0.980941 -0.193796 0.014086 19.912548 0.193780 0.970372 -0.144315 17.239481 0.014299 0.144294 0.989432 -26.364868 0.000000 0.000000 0.000000 1.000000
0.982103 -0.186961 0.022804 20.001591 0.188281 0.971356 -0.144977 17.386921 0.004954 0.146676 0.989172 -26.248695 0.000000 0.000000 0.000000 1.000000
0.983258 -0.179203 0.033013 20.069530 0.182124 0.972297 -0.146522 17.531334 -0.005841 0.150082 0.988656 -26.118715 0.000000 0.000000 0.000000 1.000000
0.984343 -0.170560 0.044480 20.122684 0.175354 0.973183 -0.148879 17.678501 -0.017895 0.154348 0.987854 -25.975456 0.000000 0.000000 0.000000 1.000000
