<?xml version="1.0" encoding="utf-8"?>
<COLLADA xmlns="http://www.collada.org/2005/11/COLLADASchema" version="1.4.1">
  <asset><contributor><author>Mixamo</author><authoring_tool>COLLADA Mixamo exporter</authoring_tool><comments></comments></contributor><created>2020-03-30T14:13:02Z</created><modified>2020-03-30T14:13:02Z</modified><revision></revision><title></title><unit meter="0.010000"/><up_axis>Y_UP</up_axis></asset>
  <library_animations>
    <animation id="mixamorig_Hips-anim" name="mixamorig_Hips"><source id="mixamorig_Hips-Matrix-animation-input"><float_array id="mixamorig_Hips-Matrix-animation-input-array" count="156">

0.000000 0.033333 0.066667 0.100000 0.133333 0.166667 0.200000 0.233333 0.266667 0.300000 0.333333 0.366667 0.400000 0.433333 0.466667 0.500000
0.533333 0.566667 0.600000 0.633333 0.666667 0.700000 0.733333 0.766667 0.800000 0.833333 0.866667 0.900000 0.933333 0.966667 1.000000 1.033333
1.066667 1.100000 1.133333 1.166667 1.200000 1.233333 1.266667 1.300000 1.333333 1.366667 1.400000 1.433333 1.466667 1.500000 1.533333 1.566667
1.600000 1.633333 1.666667 1.700000 1.733333 1.766667 1.800000 1.833333 1.866667 1.900000 1.933333 1.966667 2.000000 2.033333 2.066667 2.100000
2.133333 2.166667 2.200000 2.233333 2.266667 2.300000 2.333333 2.366667 2.400000 2.433333 2.466667 2.500000 2.533333 2.566667 2.600000 2.633333
2.666667 2.700000 2.733333 2.766667 2.800000 2.833333 2.866667 2.900000 2.933333 2.966667 3.000000 3.033333 3.066667 3.100000 3.133333 3.166667
3.200000 3.233333 3.266667 3.300000 3.333333 3.366667 3.400000 3.433333 3.466667 3.500000 3.533333 3.566667 3.600000 3.633333 3.666667 3.700000
3.733333 3.766667 3.800000 3.833333 3.866667 3.900000 3.933333 3.966667 4.000000 4.033333 4.066667 4.100000 4.133333 4.166667 4.200000 4.233333
4.266667 4.300000 4.333333 4.366667 4.400000 4.433333 4.466667 4.500000 4.533333 4.566667 4.600000 4.633333 4.666667 4.700000 4.733333 4.766667
4.800000 4.833333 4.866667 4.900000 4.933333 4.966667 5.000000 5.033333 5.066667 5.100000 5.133333 5.166667</float_array><technique_common><accessor source="#mixamorig_Hips-Matrix-animation-input-array" count="156"><param name="TIME" type="float"/></accessor></technique_common></source><source id="mixamorig_Hips-Matrix-animation-output-transform"><float_array id="mixamorig_Hips-Matrix-animation-output-transform-array" count="2496">

0.655274 -0.020280 -0.755119 1.153099 0.073261 0.996633 0.036808 61.234718 0.751830 -0.079440 0.654554 -1.335370 0.000000 0.000000 0.000000 1.000000
0.655275 -0.020280 -0.755118 1.163415 0.073226 0.996637 0.036777 61.227455 0.751833 -0.079393 0.654556 -1.336263 0.000000 0.000000 0.000000 1.000000
0.655273 -0.020419 -0.755116 1.180913 0.073259 0.996640 0.036623 61.215675 0.751832 -0.079316 0.654567 -1.339973 0.000000 0.000000 0.000000 1.000000
0.655237 -0.020672 -0.755141 1.188725 0.073361 0.996642 0.036372 61.216873 0.751853 -0.079230 0.654553 -1.342641 0.000000 0.000000 0.000000 1.000000
0.655156 -0.020896 -0.755205 1.195789 0.073406 0.996648 0.036104 61.212456 0.751919 -0.079090 0.654494 -1.348747 0.000000 0.000000 0.000000 1.000000
0.655057 -0.021122 -0.755284 1.201654 0.073441 0.996656 0.035823 61.213158 0.752002 -0.078935 0.654418 -1.351875 0.000000 0.000000 0.000000 1.000000
0.654937 -0.021422 -0.755379 1.206987 0.073575 0.996657 0.035528 61.217850 0.752093 -0.078846 0.654324 -1.348898 0.000000 0.000000 0.000000 1.000000
0.654803 -0.021676 -0.755489 1.212131 0.073634 0.996663 0.035225 61.218079 0.752204 -0.078695 0.654214 -1.349375 0.000000 0.000000 0.000000 1.000000
0.654651 -0.021961 -0.755612 1.215026 0.073732 0.996667 0.034913 61.221527 0.752327 -0.078569 0.654088 -1.344110 0.000000 0.000000 0.000000 1.000000
0.654486 -0.022259 -0.755747 1.223989 0.073846 0.996669 0.034596 61.221291 0.752459 -0.078451 0.653950 -1.343225 0.000000 0.000000 0.000000 1.000000
0.654310 -0.022544 -0.755890 1.230370 0.073937 0.996674 0.034276 61.220238 0.752603 -0.078316 0.653800 -1.344412 0.000000 0.000000 0.000000 1.000000
0.654121 -0.022840 -0.756045 1.236736 0.074047 0.996677 0.033955 61.222237 0.752757 -0.078193 0.653639 -1.348113 0.000000 0.000000 0.000000 1.000000
0.653923 -0.023118 -0.756207 1.243244 0.074131 0.996681 0.033635 61.223656 0.752920 -0.078053 0.653467 -1.348903 0.000000 0.000000 0.000000 1.000000
0.653718 -0.023362 -0.756378 1.249030 0.074171 0.996689 0.033319 61.227345 0.753095 -0.077882 0.653286 -1.355705 0.000000 0.000000 0.000000 1.000000
0.653504 -0.023673 -0.756553 1.251478 0.074316 0.996688 0.033006 61.234898 0.753266 -0.077793 0.653099 -1.365390 0.000000 0.000000 0.000000 1.000000
0.653286 -0.023941 -0.756733 1.254293 0.074405 0.996692 0.032701 61.237598 0.753446 -0.077668 0.652906 -1.378787 0.000000 0.000000 0.000000 1.000000
0.653068 -0.024073 -0.756916 1.254718 0.074306 0.996709 0.032412 61.229359 0.753645 -0.077411 0.652707 -1.401742 0.000000 0.000000 0.000000 1.000000
0.652840 -0.024374 -0.757104 1.251099 0.074467 0.996706 0.032124 61.233772 0.753827 -0.077351 0.652504 -1.397216 0.000000 0.000000 0.000000 1.000000
0.652612 -0.024674 -0.757291 1.250426 0.074644 0.996701 0.031852 61.236477 0.754007 -0.077314 0.652301 -1.407459 0.000000 0.000000 0.000000 1.000000
0.652385 -0.024908 -0.757479 1.242344 0.074757 0.996701 0.031611 61.236710 0.754192 -0.077249 0.652094 -1.421235 0.000000 0.000000 0.000000 1.000000
0.652159 -0.025126 -0.757666 1.231230 0.074859 0.996700 0.031382 61.236351 0.754377 -0.077184 0.651888 -1.432808 0.000000 0.000000 0.000000 1.000000
0.651936 -0.025383 -0.757849 1.221437 0.075031 0.996694 0.031163 61.237232 0.754553 -0.077178 0.651685 -1.439573 0.000000 0.000000 0.000000 1.000000
0.651718 -0.025599 -0.758029 1.210089 0.075158 0.996691 0.030958 61.232841 0.754728 -0.077148 0.651486 -1.448689 0.000000 0.000000 0.000000 1.000000
0.651508 -0.025812 -0.758203 1.198205 0.075293 0.996687 0.030767 61.226273 0.754897 -0.077133 0.651292 -1.455881 0.000000 0.000000 0.000000 1.000000
0.651301 -0.026002 -0.758374 1.185158 0.075448 0.996679 0.030624 61.222023 0.755059 -0.077164 0.651100 -1.453310 0.000000 0.000000 0.000000 1.000000
0.651107 -0.026166 -0.758535 1.167770 0.075594 0.996672 0.030507 61.217091 0.755212 -0.077204 0.650918 -1.452088 0.000000 0.000000 0.000000 1.000000
0.650918 -0.026342 -0.758691 1.138632 0.075777 0.996661 0.030409 61.218716 0.755356 -0.077285 0.650741 -1.442248 0.000000 0.000000 0.000000 1.000000
0.650745 -0.026483 -0.758835 1.122745 0.075953 0.996649 0.030351 61.211735 0.755488 -0.077387 0.650576 -1.442780 0.000000 0.000000 0.000000 1.000000
0.650585 -0.026569 -0.758969 1.103007 0.076082 0.996640 0.030328 61.199806 0.755613 -0.077475 0.650421 -1.441504 0.000000 0.000000 0.000000 1.000000
0.650440 -0.026645 -0.759090 1.082205 0.076237 0.996628 0.030342 61.180649 0.755722 -0.077606 0.650278 -1.430908 0.000000 0.000000 0.000000 1.000000
0.650312 -0.026687 -0.759198 1.072039 0.076382 0.996615 0.030395 61.162224 0.755817 -0.077755 0.650150 -1.424951 0.000000 0.000000 0.000000 1.000000
0.650202 -0.026682 -0.759293 1.061514 0.076501 0.996603 0.030489 61.152229 0.755900 -0.077911 0.650035 -1.417469 0.000000 0.000000 0.000000 1.000000
0.650107 -0.026660 -0.759375 1.044804 0.076641 0.996588 0.030625 61.147827 0.755968 -0.078109 0.649932 -1.403863 0.000000 0.000000 0.000000 1.000000
0.650043 -0.026633 -0.759431 1.024741 0.076820 0.996569 0.030805 61.150002 0.756005 -0.078365 0.649858 -1.389922 0.000000 0.000000 0.000000 1.000000
0.650002 -0.026522 -0.759469 1.011510 0.076949 0.996551 0.031056 61.149387 0.756026 -0.078627 0.649802 -1.379949 0.000000 0.000000 0.000000 1.000000
0.649974 -0.026350 -0.759500 0.999862 0.077081 0.996531 0.031391 61.156319 0.756037 -0.078946 0.649750 -1.369811 0.000000 0.000000 0.000000 1.000000
0.649956 -0.026140 -0.759522 0.995019 0.077240 0.996505 0.031802 61.164562 0.756036 -0.079336 0.649704 -1.360881 0.000000 0.000000 0.000000 1.000000
0.649959 -0.025824 -0.759530 0.990198 0.077320 0.996483 0.032286 61.174500 0.756025 -0.079712 0.649670 -1.355618 0.000000 0.000000 0.000000 1.000000
0.649993 -0.025451 -0.759513 0.997110 0.077382 0.996461 0.032833 61.183144 0.755990 -0.080114 0.649662 -1.363816 0.000000 0.000000 0.000000 1.000000
0.650034 -0.025087 -0.759491 1.003065 0.077516 0.996430 0.033431 61.196014 0.755941 -0.080603 0.649658 -1.371074 0.000000 0.000000 0.000000 1.000000
0.650088 -0.024661 -0.759459 1.007016 0.077608 0.996401 0.034076 61.197388 0.755885 -0.081092 0.649663 -1.387233 0.000000 0.000000 0.000000 1.000000
0.650155 -0.024201 -0.759416 1.020235 0.077689 0.996372 0.034760 61.199711 0.755820 -0.081597 0.649676 -1.391364 0.000000 0.000000 0.000000 1.000000
0.650230 -0.023673 -0.759368 1.041366 0.077704 0.996345 0.035475 61.198929 0.755753 -0.082073 0.649693 -1.407326 0.000000 0.000000 0.000000 1.000000
0.650312 -0.023107 -0.759316 1.068152 0.077686 0.996320 0.036215 61.212673 0.755685 -0.082539 0.649714 -1.430073 0.000000 0.000000 0.000000 1.000000
0.650394 -0.022626 -0.759260 1.079872 0.077808 0.996283 0.036963 61.231949 0.755602 -0.083117 0.649736 -1.456833 0.000000 0.000000 0.000000 1.000000
0.650479 -0.022156 -0.759201 1.093508 0.077954 0.996243 0.037717 61.230007 0.755513 -0.083716 0.649762 -1.481369 0.000000 0.000000 0.000000 1.000000
0.650566 -0.021638 -0.759141 1.104278 0.078027 0.996209 0.038472 61.208107 0.755431 -0.084262 0.649788 -1.505254 0.000000 0.000000 0.000000 1.000000
0.650651 -0.021113 -0.759083 1.107277 0.078077 0.996176 0.039217 61.177971 0.755352 -0.084784 0.649811 -1.526922 0.000000 0.000000 0.000000 1.000000
0.650725 -0.020654 -0.759033 1.104976 0.078208 0.996137 0.039943 61.164223 0.755275 -0.085354 0.649826 -1.528358 0.000000 0.000000 0.000000 1.000000
0.650796 -0.020192 -0.758984 1.100970 0.078306 0.996101 0.040643 61.152199 0.755204 -0.085883 0.649840 -1.520829 0.000000 0.000000 0.000000 1.000000
0.650833 -0.019748 -0.758964 1.087457 0.078395 0.996066 0.041309 61.141666 0.755163 -0.086384 0.649820 -1.514741 0.000000 0.000000 0.000000 1.000000
0.650857 -0.019318 -0.758955 1.071963 0.078458 0.996035 0.041931 61.133804 0.755136 -0.086837 0.649792 -1.503202 0.000000 0.000000 0.000000 1.000000
0.650879 -0.018906 -0.758946 1.061433 0.078499 0.996007 0.042511 61.122276 0.755112 -0.087246 0.649764 -1.484335 0.000000 0.000000 0.000000 1.000000
0.650898 -0.018516 -0.758939 1.054110 0.078535 0.995981 0.043056 61.114243 0.755092 -0.087628 0.649736 -1.473564 0.000000 0.000000 0.000000 1.000000
0.650910 -0.018174 -0.758937 1.057927 0.078640 0.995949 0.043597 61.099766 0.755070 -0.088061 0.649703 -1.466580 0.000000 0.000000 0.000000 1.000000
0.650915 -0.017710 -0.758944 1.053382 0.078555 0.995932 0.044133 61.101360 0.755076 -0.088345 0.649658 -1.467569 0.000000 0.000000 0.000000 1.000000
0.650904 -0.017372 -0.758962 1.047035 0.078605 0.995907 0.044619 61.115364 0.755080 -0.088701 0.649605 -1.463423 0.000000 0.000000 0.000000 1.000000
0.650881 -0.017096 -0.758987 1.042616 0.078660 0.995884 0.045024 61.122749 0.755093 -0.089008 0.649547 -1.473679 0.000000 0.000000 0.000000 1.000000
0.650849 -0.016839 -0.759021 1.043554 0.078616 0.995874 0.045319 61.123135 0.755126 -0.089167 0.649487 -1.486621 0.000000 0.000000 0.000000 1.000000
0.650799 -0.016681 -0.759067 1.040850 0.078538 0.995874 0.045451 61.124908 0.755177 -0.089195 0.649424 -1.509893 0.000000 0.000000 0.000000 1.000000
0.650674 -0.016610 -0.759175 1.042441 0.078496 0.995876 0.045488 61.127441 0.755289 -0.089190 0.649295 -1.534493 0.000000 0.000000 0.000000 1.000000
0.650536 -0.016516 -0.759296 1.045737 0.078416 0.995881 0.045522 61.128433 0.755417 -0.089154 0.649151 -1.564799 0.000000 0.000000 0.000000 1.000000
0.650378 -0.016451 -0.759433 1.040967 0.078354 0.995885 0.045529 61.129379 0.755559 -0.089116 0.648991 -1.594815 0.000000 0.000000 0.000000 1.000000
0.650203 -0.016429 -0.759583 1.034931 0.078345 0.995886 0.045523 61.124931 0.755710 -0.089109 0.648815 -1.606698 0.000000 0.000000 0.000000 1.000000
0.650016 -0.016365 -0.759745 1.031329 0.078248 0.995895 0.045495 61.108189 0.755881 -0.089021 0.648628 -1.623643 0.000000 0.000000 0.000000 1.000000
0.649815 -0.016300 -0.759918 1.028458 0.078108 0.995909 0.045428 61.084496 0.756069 -0.088876 0.648430 -1.626558 0.000000 0.000000 0.000000 1.000000
0.649598 -0.016257 -0.760104 1.021555 0.077972 0.995924 0.045336 61.070930 0.756269 -0.088717 0.648218 -1.619024 0.000000 0.000000 0.000000 1.000000
0.649365 -0.016273 -0.760302 1.009144 0.077902 0.995935 0.045218 61.072815 0.756476 -0.088592 0.647994 -1.599161 0.000000 0.000000 0.000000 1.000000
0.649124 -0.016271 -0.760509 0.999906 0.077780 0.995951 0.045080 61.067047 0.756696 -0.088415 0.647761 -1.580906 0.000000 0.000000 0.000000 1.000000
0.648873 -0.016306 -0.760722 0.992522 0.077691 0.995965 0.044919 61.049305 0.756920 -0.088248 0.647521 -1.557589 0.000000 0.000000 0.000000 1.000000
0.648613 -0.016335 -0.760943 0.980848 0.077572 0.995982 0.044740 61.026863 0.757155 -0.088047 0.647274 -1.534220 0.000000 0.000000 0.000000 1.000000
0.648345 -0.016370 -0.761171 0.972254 0.077441 0.996001 0.044543 61.010212 0.757398 -0.087825 0.647020 -1.513408 0.000000 0.000000 0.000000 1.000000
0.648069 -0.016457 -0.761404 0.972914 0.077370 0.996017 0.044326 61.005821 0.757641 -0.087636 0.646761 -1.485457 0.000000 0.000000 0.000000 1.000000
0.647784 -0.016560 -0.761644 0.962016 0.077305 0.996032 0.044092 61.023155 0.757892 -0.087441 0.646494 -1.462866 0.000000 0.000000 0.000000 1.000000
0.647492 -0.016690 -0.761890 0.956935 0.077264 0.996046 0.043843 61.043808 0.758146 -0.087254 0.646221 -1.438606 0.000000 0.000000 0.000000 1.000000
0.647197 -0.016817 -0.762138 0.951589 0.077202 0.996062 0.043581 61.059021 0.758404 -0.087044 0.645946 -1.408373 0.000000 0.000000 0.000000 1.000000
0.646901 -0.016914 -0.762386 0.951030 0.077084 0.996084 0.043308 61.067146 0.758668 -0.086784 0.645671 -1.385434 0.000000 0.000000 0.000000 1.000000
0.646605 -0.017023 -0.762635 0.955978 0.076970 0.996105 0.043024 61.077606 0.758932 -0.086520 0.645396 -1.366765 0.000000 0.000000 0.000000 1.000000
0.646307 -0.017165 -0.762884 0.963287 0.076893 0.996123 0.042729 61.095657 0.759193 -0.086276 0.645122 -1.364040 0.000000 0.000000 0.000000 1.000000
0.646012 -0.017242 -0.763133 0.976505 0.076708 0.996150 0.042429 61.112156 0.759463 -0.085948 0.644848 -1.360488 0.000000 0.000000 0.000000 1.000000
0.645717 -0.017354 -0.763380 0.985211 0.076567 0.996174 0.042119 61.122379 0.759729 -0.085647 0.644575 -1.361024 0.000000 0.000000 0.000000 1.000000
0.645425 -0.017484 -0.763623 0.995828 0.076445 0.996197 0.041803 61.119694 0.759989 -0.085356 0.644307 -1.357777 0.000000 0.000000 0.000000 1.000000
0.645137 -0.017587 -0.763864 1.003607 0.076276 0.996223 0.041483 61.112881 0.760250 -0.085026 0.644042 -1.355116 0.000000 0.000000 0.000000 1.000000
0.644851 -0.017712 -0.764103 1.006112 0.076132 0.996248 0.041158 61.111355 0.760507 -0.084714 0.643779 -1.342041 0.000000 0.000000 0.000000 1.000000
0.644570 -0.017835 -0.764337 1.018287 0.075984 0.996273 0.040830 61.110638 0.760760 -0.084395 0.643523 -1.341040 0.000000 0.000000 0.000000 1.000000
0.644295 -0.017977 -0.764566 1.021063 0.075859 0.996296 0.040500 61.107471 0.761005 -0.084093 0.643272 -1.340256 0.000000 0.000000 0.000000 1.000000
0.644030 -0.018104 -0.764786 1.028167 0.075709 0.996320 0.040171 61.101124 0.761244 -0.083773 0.643031 -1.332229 0.000000 0.000000 0.000000 1.000000
0.643773 -0.018222 -0.765000 1.040398 0.075547 0.996346 0.039843 61.100296 0.761478 -0.083443 0.642797 -1.321185 0.000000 0.000000 0.000000 1.000000
0.643526 -0.018324 -0.765205 1.051633 0.075361 0.996373 0.039518 61.098488 0.761705 -0.083097 0.642573 -1.308237 0.000000 0.000000 0.000000 1.000000
0.643287 -0.018492 -0.765402 1.059273 0.075275 0.996392 0.039193 61.103127 0.761916 -0.082828 0.642358 -1.296926 0.000000 0.000000 0.000000 1.000000
0.643059 -0.018626 -0.765590 1.060250 0.075141 0.996415 0.038874 61.107628 0.762121 -0.082525 0.642154 -1.290515 0.000000 0.000000 0.000000 1.000000
0.642843 -0.018763 -0.765768 1.063129 0.075016 0.996437 0.038560 61.117825 0.762315 -0.082233 0.641960 -1.285949 0.000000 0.000000 0.000000 1.000000
0.642641 -0.018892 -0.765935 1.065883 0.074886 0.996458 0.038253 61.130386 0.762499 -0.081940 0.641779 -1.283788 0.000000 0.000000 0.000000 1.000000
0.642454 -0.018990 -0.766089 1.073443 0.074715 0.996482 0.037956 61.139862 0.762674 -0.081623 0.641613 -1.286477 0.000000 0.000000 0.000000 1.000000
0.642281 -0.019108 -0.766231 1.076188 0.074582 0.996503 0.037667 61.149952 0.762832 -0.081340 0.641460 -1.279869 0.000000 0.000000 0.000000 1.000000
0.642124 -0.019267 -0.766359 1.074413 0.074520 0.996518 0.037386 61.161140 0.762971 -0.081116 0.641324 -1.279470 0.000000 0.000000 0.000000 1.000000
0.641983 -0.019425 -0.766473 1.069545 0.074467 0.996532 0.037117 61.161018 0.763094 -0.080905 0.641204 -1.267781 0.000000 0.000000 0.000000 1.000000
0.641863 -0.019507 -0.766571 1.058814 0.074312 0.996553 0.036863 61.155556 0.763210 -0.080627 0.641100 -1.258301 0.000000 0.000000 0.000000 1.000000
0.641761 -0.019607 -0.766654 1.055369 0.074197 0.996571 0.036623 61.155369 0.763307 -0.080387 0.641015 -1.248003 0.000000 0.000000 0.000000 1.000000
0.641675 -0.019776 -0.766722 1.044926 0.074200 0.996579 0.036394 61.160797 0.763379 -0.080244 0.640947 -1.236478 0.000000 0.000000 0.000000 1.000000
0.641626 -0.019857 -0.766760 1.023355 0.074086 0.996595 0.036187 61.159912 0.763431 -0.080025 0.640913 -1.233795 0.000000 0.000000 0.000000 1.000000
0.641595 -0.019900 -0.766785 1.010840 0.073933 0.996613 0.035998 61.158760 0.763472 -0.079787 0.640894 -1.234409 0.000000 0.000000 0.000000 1.000000
0.641578 -0.019975 -0.766797 0.999901 0.073847 0.996626 0.035826 61.165417 0.763495 -0.079610 0.640889 -1.238401 0.000000 0.000000 0.000000 1.000000
0.641586 -0.020070 -0.766788 0.974909 0.073810 0.996634 0.035672 61.179935 0.763491 -0.079483 0.640908 -1.243530 0.000000 0.000000 0.000000 1.000000
0.641638 -0.020162 -0.766742 0.960743 0.073789 0.996640 0.035542 61.190018 0.763450 -0.079383 0.640970 -1.256298 0.000000 0.000000 0.000000 1.000000
0.641830 -0.020259 -0.766579 0.945103 0.073773 0.996646 0.035428 61.197403 0.763290 -0.079292 0.641172 -1.269229 0.000000 0.000000 0.000000 1.000000
0.642195 -0.020324 -0.766272 0.934501 0.073764 0.996648 0.035386 61.196835 0.762984 -0.079248 0.641542 -1.277486 0.000000 0.000000 0.000000 1.000000
0.642751 -0.020395 -0.765804 0.927215 0.073825 0.996642 0.035420 61.194351 0.762510 -0.079302 0.642098 -1.285327 0.000000 0.000000 0.000000 1.000000
0.643425 -0.020481 -0.765235 0.910416 0.073928 0.996632 0.035486 61.201641 0.761931 -0.079405 0.642772 -1.291723 0.000000 0.000000 0.000000 1.000000
0.644198 -0.020499 -0.764584 0.900874 0.073985 0.996623 0.035615 61.206909 0.761272 -0.079511 0.643539 -1.296268 0.000000 0.000000 0.000000 1.000000
0.645052 -0.020495 -0.763864 0.886120 0.074029 0.996614 0.035775 61.206184 0.760544 -0.079625 0.644385 -1.301403 0.000000 0.000000 0.000000 1.000000
0.645974 -0.020547 -0.763083 0.883210 0.074176 0.996597 0.035958 61.198002 0.759747 -0.079830 0.645300 -1.296298 0.000000 0.000000 0.000000 1.000000
0.646952 -0.020549 -0.762254 0.878704 0.074272 0.996582 0.036171 61.187527 0.758905 -0.080015 0.646267 -1.291164 0.000000 0.000000 0.000000 1.000000
0.647968 -0.020539 -0.761390 0.876073 0.074339 0.996569 0.036382 61.175022 0.758031 -0.080175 0.647272 -1.284519 0.000000 0.000000 0.000000 1.000000
0.649008 -0.020624 -0.760502 0.874645 0.074552 0.996545 0.036597 61.167629 0.757120 -0.080448 0.648303 -1.278645 0.000000 0.000000 0.000000 1.000000
0.650062 -0.020613 -0.759601 0.870333 0.074643 0.996530 0.036837 61.169956 0.756206 -0.080645 0.649345 -1.271154 0.000000 0.000000 0.000000 1.000000
0.651117 -0.020591 -0.758698 0.868967 0.074735 0.996513 0.037093 61.179123 0.755289 -0.080853 0.650385 -1.266726 0.000000 0.000000 0.000000 1.000000
0.652160 -0.020565 -0.757802 0.877660 0.074819 0.996498 0.037346 61.184837 0.754380 -0.081054 0.651414 -1.269873 0.000000 0.000000 0.000000 1.000000
0.653175 -0.020551 -0.756928 0.885940 0.074916 0.996481 0.037592 61.190620 0.753492 -0.081260 0.652416 -1.273452 0.000000 0.000000 0.000000 1.000000
0.654152 -0.020534 -0.756085 0.903349 0.075000 0.996466 0.037826 61.190144 0.752636 -0.081450 0.653380 -1.286210 0.000000 0.000000 0.000000 1.000000
0.655072 -0.020547 -0.755287 0.917243 0.075114 0.996449 0.038040 61.189392 0.751823 -0.081652 0.654290 -1.290704 0.000000 0.000000 0.000000 1.000000
0.655927 -0.020506 -0.754546 0.940059 0.075140 0.996439 0.038239 61.185440 0.751075 -0.081779 0.655133 -1.300542 0.000000 0.000000 0.000000 1.000000
0.656702 -0.020497 -0.753872 0.959488 0.075164 0.996432 0.038384 61.186024 0.750396 -0.081871 0.655899 -1.302944 0.000000 0.000000 0.000000 1.000000
0.657381 -0.020536 -0.753279 0.986919 0.075231 0.996423 0.038488 61.183167 0.749794 -0.081971 0.656574 -1.302315 0.000000 0.000000 0.000000 1.000000
0.657955 -0.020522 -0.752778 1.008206 0.075211 0.996421 0.038574 61.178402 0.749292 -0.081997 0.657144 -1.306028 0.000000 0.000000 0.000000 1.000000
0.658408 -0.020504 -0.752382 1.030011 0.075182 0.996421 0.038637 61.171265 0.748897 -0.082004 0.657593 -1.301208 0.000000 0.000000 0.000000 1.000000
0.658746 -0.020503 -0.752086 1.053403 0.075193 0.996418 0.038696 61.165726 0.748598 -0.082042 0.657928 -1.291054 0.000000 0.000000 0.000000 1.000000
0.658990 -0.020462 -0.751873 1.064600 0.075139 0.996420 0.038740 61.164726 0.748389 -0.082024 0.658169 -1.275151 0.000000 0.000000 0.000000 1.000000
0.659150 -0.020398 -0.751735 1.078702 0.075018 0.996429 0.038741 61.161041 0.748260 -0.081930 0.658327 -1.258581 0.000000 0.000000 0.000000 1.000000
0.659196 -0.020334 -0.751696 1.095373 0.074889 0.996440 0.038720 61.162048 0.748233 -0.081818 0.658372 -1.239328 0.000000 0.000000 0.000000 1.000000
0.659201 -0.020247 -0.751694 1.111046 0.074717 0.996454 0.038684 61.166168 0.748246 -0.081664 0.658376 -1.227245 0.000000 0.000000 0.000000 1.000000
0.659179 -0.020146 -0.751716 1.128457 0.074514 0.996471 0.038636 61.171494 0.748285 -0.081481 0.658354 -1.218756 0.000000 0.000000 0.000000 1.000000
0.659101 -0.020005 -0.751789 1.148266 0.074248 0.996493 0.038577 61.172432 0.748381 -0.081245 0.658275 -1.213901 0.000000 0.000000 0.000000 1.000000
0.658961 -0.019916 -0.751914 1.163284 0.074054 0.996511 0.038504 61.176640 0.748523 -0.081054 0.658136 -1.213391 0.000000 0.000000 0.000000 1.000000
0.658785 -0.019879 -0.752068 1.178853 0.073931 0.996523 0.038420 61.180866 0.748690 -0.080911 0.657964 -1.218043 0.000000 0.000000 0.000000 1.000000
0.658582 -0.019835 -0.752247 1.184994 0.073796 0.996537 0.038330 61.181301 0.748881 -0.080756 0.657765 -1.218267 0.000000 0.000000 0.000000 1.000000
0.658363 -0.019748 -0.752442 1.187596 0.073597 0.996555 0.038239 61.183125 0.749094 -0.080553 0.657548 -1.218414 0.000000 0.000000 0.000000 1.000000
0.658131 -0.019675 -0.752646 1.188278 0.073418 0.996571 0.038147 61.191936 0.749315 -0.080363 0.657319 -1.217365 0.000000 0.000000 0.000000 1.000000
0.657899 -0.019640 -0.752850 1.189747 0.073297 0.996584 0.038054 61.198658 0.749531 -0.080218 0.657091 -1.214453 0.000000 0.000000 0.000000 1.000000
0.657675 -0.019603 -0.753047 1.192717 0.073176 0.996596 0.037965 61.200550 0.749739 -0.080074 0.656871 -1.217043 0.000000 0.000000 0.000000 1.000000
0.657470 -0.019523 -0.753228 1.189807 0.072996 0.996612 0.037885 61.202065 0.749937 -0.079891 0.656668 -1.223641 0.000000 0.000000 0.000000 1.000000
0.657285 -0.019533 -0.753389 1.193265 0.072954 0.996618 0.037808 61.204285 0.750103 -0.079813 0.656488 -1.219390 0.000000 0.000000 0.000000 1.000000
0.657134 -0.019544 -0.753520 1.193697 0.072886 0.996627 0.037714 61.204563 0.750242 -0.079705 0.656342 -1.224674 0.000000 0.000000 0.000000 1.000000
0.657014 -0.019552 -0.753625 1.190915 0.072849 0.996632 0.037654 61.208611 0.750350 -0.079640 0.656225 -1.224171 0.000000 0.000000 0.000000 1.000000
0.656877 -0.019561 -0.753744 1.189480 0.072833 0.996635 0.037608 61.215069 0.750472 -0.079601 0.656091 -1.224134 0.000000 0.000000 0.000000 1.000000
0.656717 -0.019580 -0.753882 1.181455 0.072835 0.996636 0.037563 61.223160 0.750611 -0.079577 0.655935 -1.221988 0.000000 0.000000 0.000000 1.000000
0.656545 -0.019563 -0.754033 1.176521 0.072786 0.996642 0.037518 61.229183 0.750767 -0.079515 0.655764 -1.227037 0.000000 0.000000 0.000000 1.000000
0.656359 -0.019648 -0.754192 1.174559 0.072844 0.996641 0.037431 61.232731 0.750923 -0.079506 0.655586 -1.229123 0.000000 0.000000 0.000000 1.000000
0.656173 -0.019702 -0.754353 1.169666 0.072881 0.996640 0.037366 61.233967 0.751083 -0.079496 0.655405 -1.237858 0.000000 0.000000 0.000000 1.000000
0.655990 -0.019780 -0.754510 1.162560 0.072955 0.996637 0.037301 61.236897 0.751235 -0.079515 0.655228 -1.248959 0.000000 0.000000 0.000000 1.000000
0.655818 -0.019854 -0.754658 1.158944 0.073024 0.996635 0.037239 61.236511 0.751379 -0.079530 0.655060 -1.260283 0.000000 0.000000 0.000000 1.000000
0.655663 -0.019896 -0.754792 1.155320 0.073048 0.996635 0.037184 61.236031 0.751512 -0.079516 0.654910 -1.272672 0.000000 0.000000 0.000000 1.000000
0.655530 -0.019998 -0.754904 1.150733 0.073120 0.996633 0.037093 61.237839 0.751621 -0.079514 0.654785 -1.286116 0.000000 0.000000 0.000000 1.000000
0.655428 -0.020108 -0.754990 1.146715 0.073213 0.996629 0.037015 61.239635 0.751700 -0.079535 0.654691 -1.297170 0.000000 0.000000 0.000000 1.000000
0.655393 -0.020100 -0.755021 1.149854 0.073204 0.996630 0.037012 61.236553 0.751732 -0.079528 0.654655 -1.316802 0.000000 0.000000 0.000000 1.000000
0.655394 -0.020099 -0.755019 1.151081 0.073201 0.996630 0.037012 61.234722 0.751731 -0.079526 0.654657 -1.335422 0.000000 0.000000 0.000000 1.000000</float_array><technique_common><accessor source="#mixamorig_Hips-Matrix-animation-output-transform-array" count="156" stride="16"><param type="float4x4"/></accessor></technique_common></source><source id="mixamorig_Hips-Interpolations"><Name_array id="mixamorig_Hips-Interpolations-array" count="156">
 LINEAR LINEAR LINEAR LINEAR LINEAR LINEAR LINEAR LINEAR LINEAR LINEAR LINEAR
LINEAR LINEAR LINEAR LINEAR LINEAR LINEAR LINEAR LINEAR LINEAR LINEAR LINEAR LINEAR
LINEAR LINEAR LINEAR LINEAR LINEAR LINEAR LINEAR LINEAR LINEAR LINEAR LINEAR LINEAR
LINEAR LINEAR LINEAR LINEAR LINEAR LINEAR LINEAR LINEAR LINEAR LINEAR LINEAR LINEAR
LINEAR LINEAR LINEAR LINEAR LINEAR LINEAR LINEAR LINEAR LINEAR LINEAR LINEAR LINEAR
LINEAR LINEAR LINEAR LINEAR LINEAR LINEAR LINEAR LINEAR LINEAR LINEAR LINEAR LINEAR
LINEAR LINEAR LINEAR LINEAR LINEAR LINEAR LINEAR LINEAR LINEAR LINEAR LINEAR LINEAR
LINEAR LINEAR LINEAR LINEAR LINEAR LINEAR LINEAR LINEAR LINEAR LINEAR LINEAR LINEAR
LINEAR LINEAR LINEAR LINEAR LINEAR LINEAR LINEAR LINEAR LINEAR LINEAR LINEAR LINEAR
LINEAR LINEAR LINEAR LINEAR LINEAR LINEAR LINEAR LINEAR LINEAR LINEAR LINEAR LINEAR
LINEAR LINEAR LINEAR LINEAR LINEAR LINEAR LINEAR LINEAR LINEAR LINEAR LINEAR LINEAR
LINEAR LINEAR LINEAR LINEAR LINEAR LINEAR LINEAR LINEAR LINEAR LINEAR LINEAR LINEAR
LINEAR LINEAR LINEAR LINEAR LINEAR LINEAR LINEAR LINEAR LINEAR LINEAR LINEAR LINEAR
LINEAR</Name_array><technique_common><accessor source="#mixamorig_Hips-Interpolations-array" count="156"><param type="name"/></accessor></technique_common></source><sampler id="mixamorig_Hips-Matrix-animation-transform"><input semantic="INPUT" source="#mixamorig_Hips-Matrix-animation-input"/><input semantic="OUTPUT" source="#mixamorig_Hips-Matrix-animation-output-transform"/><input semantic="INTERPOLATION" source="#mixamorig_Hips-Interpolations"/></sampler><channel source="#mixamorig_Hips-Matrix-animation-transform" target="mixamorig_Hips/matrix"/></animation>
    <animation id="mixamorig_Spine-anim" name="mixamorig_Spine"><source id="mixamorig_Spine-Matrix-animation-input"><float_array id="mixamorig_Spine-Matrix-animation-input-array" count="156">

0.000000 0.033333 0.066667 0.100000 0.133333 0.166667 0.200000 0.233333 0.266667 0.300000 0.333333 0.366667 0.400000 0.433333 0.466667 0.500000
0.533333 0.566667 0.600000 0.633333 0.666667 0.700000 0.733333 0.766667 0.800000 0.833333 0.866667 0.900000 0.933333 0.966667 1.000000 1.033333
1.066667 1.100000 1.133333 1.166667 1.200000 1.233333 1.266667 1.300000 1.333333 1.366667 1.400000 1.433333 1.466667 1.500000 1.533333 1.566667
1.600000 1.633333 1.666667 1.700000 1.733333 1.766667 1.800000 1.833333 1.866667 1.900000 1.933333 1.966667 2.000000 2.033333 2.066667 2.100000
2.133333 2.166667 2.200000 2.233333 2.266667 2.300000 2.333333 2.366667 2.400000 2.433333 2.466667 2.500000 2.533333 2.566667 2.600000 2.633333
2.666667 2.700000 2.733333 2.766667 2.800000 2.833333 2.866667 2.900000 2.933333 2.966667 3.000000 3.033333 3.066667 3.100000 3.133333 3.166667
3.200000 3.233333 3.266667 3.300000 3.333333 3.366667 3.400000 3.433333 3.466667 3.500000 3.533333 3.566667 3.600000 3.633333 3.666667 3.700000
3.733333 3.766667 3.800000 3.833333 3.866667 3.900000 3.933333 3.966667 4.000000 4.033333 4.066667 4.100000 4.133333 4.166667 4.200000 4.233333
4.266667 4.300000 4.333333 4.366667 4.400000 4.433333 4.466667 4.500000 4.533333 4.566667 4.600000 4.633333 4.666667 4.700000 4.733333 4.766667
4.800000 4.833333 4.866667 4.900000 4.933333 4.966667 5.000000 5.033333 5.066667 5.100000 5.133333 5.166667</float_array><technique_common><accessor source="#mixamorig_Spine-Matrix-animation-input-array" count="156"><param name="TIME" type="float"/></accessor></technique_common></source><source id="mixamorig_Spine-Matrix-animation-output-transform"><float_array id="mixamorig_Spine-Matrix-animation-output-transform-array" count="2496">

0.999450 -0.020401 0.026136 0.000000 0.020178 0.999758 0.008782 16.216101 -0.026309 -0.008250 0.999620 -2.336500 0.000000 0.000000 0.000000 1.000000
0.999447 -0.020764 0.025971 -0.000000 0.020566 0.999757 0.007883 16.216101 -0.026128 -0.007345 0.999632 -2.336500 0.000000 0.000000 0.000000 1.000000
0.999433 -0.021655 0.025796 0.000000 0.021450 0.999736 0.008209 16.216101 -0.025967 -0.007651 0.999634 -2.336500 0.000000 0.000000 0.000000 1.000000
0.999422 -0.022462 0.025520 0.000000 0.022223 0.999707 0.009619 16.216101 -0.025729 -0.009046 0.999628 -2.336500 0.000000 0.000000 0.000000 1.000000
0.999408 -0.023237 0.025361 -0.000000 0.023013 0.999694 0.009096 16.216101 -0.025565 -0.008507 0.999637 -2.336500 0.000000 0.000000 0.000000 1.000000
0.999388 -0.023928 0.025513 0.000000 0.023683 0.999671 0.009856 16.216101 -0.025740 -0.009245 0.999626 -2.336500 0.000000 0.000000 0.000000 1.000000
0.999371 -0.024470 0.025659 0.000000 0.024180 0.999641 0.011532 16.216101 -0.025932 -0.010904 0.999604 -2.336500 0.000000 0.000000 0.000000 1.000000
0.999352 -0.024905 0.025983 0.000000 0.024622 0.999634 0.011177 16.216101 -0.026251 -0.010530 0.999600 -2.336500 0.000000 0.000000 0.000000 1.000000
0.999323 -0.025935 0.026111 0.000000 0.025636 0.999603 0.011724 16.216101 -0.026405 -0.011046 0.999590 -2.336500 0.000000 0.000000 0.000000 1.000000
0.999325 -0.025952 0.026004 0.000000 0.025634 0.999593 0.012511 16.216101 -0.026318 -0.011836 0.999584 -2.336500 0.000000 0.000000 0.000000 1.000000
0.999333 -0.025790 0.025860 0.000000 0.025473 0.999597 0.012538 16.216101 -0.026173 -0.011871 0.999587 -2.336500 0.000000 0.000000 0.000000 1.000000
0.999350 -0.025404 0.025578 0.000000 0.025099 0.999611 0.012162 16.216101 -0.025877 -0.011513 0.999599 -2.336500 0.000000 0.000000 0.000000 1.000000
0.999372 -0.024653 0.025453 -0.000000 0.024348 0.999629 0.012231 16.216101 -0.025745 -0.011604 0.999601 -2.336500 0.000000 0.000000 0.000000 1.000000
0.999398 -0.023932 0.025113 0.000000 0.023650 0.999655 0.011465 16.216101 -0.025379 -0.010864 0.999619 -2.336500 0.000000 0.000000 0.000000 1.000000
0.999401 -0.024135 0.024782 0.000000 0.023898 0.999666 0.009799 16.216101 -0.025010 -0.009201 0.999645 -2.336500 0.000000 0.000000 0.000000 1.000000
0.999419 -0.023494 0.024707 0.000000 0.023280 0.999689 0.008919 16.216101 -0.024909 -0.008339 0.999655 -2.336500 0.000000 0.000000 0.000000 1.000000
0.999447 -0.021763 0.025143 -0.000000 0.021500 0.999712 0.010671 16.216101 -0.025368 -0.010125 0.999627 -2.336500 0.000000 0.000000 0.000000 1.000000
0.999460 -0.022038 0.024389 0.000000 0.021889 0.999740 0.006357 16.216101 -0.024523 -0.005819 0.999682 -2.336500 0.000000 0.000000 0.000000 1.000000
0.999468 -0.021989 0.024086 0.000000 0.021840 0.999741 0.006406 16.216101 -0.024220 -0.005876 0.999689 -2.336500 0.000000 0.000000 0.000000 1.000000
0.999479 -0.021430 0.024153 0.000000 0.021349 0.999765 0.003635 16.216101 -0.024226 -0.003117 0.999702 -2.336500 0.000000 0.000000 0.000000 1.000000
0.999497 -0.020243 0.024411 0.000000 0.020197 0.999794 0.002129 16.216101 -0.024449 -0.001635 0.999700 -2.336500 0.000000 0.000000 0.000000 1.000000
0.999513 -0.019517 0.024350 -0.000000 0.019492 0.999809 0.001270 16.216101 -0.024371 -0.000795 0.999703 -2.336500 0.000000 0.000000 0.000000 1.000000
0.999524 -0.019132 0.024184 0.000000 0.019151 0.999816 -0.000563 16.216101 -0.024169 0.001026 0.999707 -2.336500 0.000000 0.000000 0.000000 1.000000
0.999523 -0.019000 0.024341 0.000000 0.019047 0.999817 -0.001683 16.216101 -0.024304 0.002146 0.999702 -2.336500 0.000000 0.000000 0.000000 1.000000
0.999529 -0.018487 0.024482 -0.000000 0.018524 0.999828 -0.001290 16.216101 -0.024454 0.001743 0.999699 -2.336500 0.000000 0.000000 0.000000 1.000000
0.999526 -0.018703 0.024470 0.000000 0.018735 0.999824 -0.001076 16.216101 -0.024445 0.001534 0.999700 -2.336500 0.000000 0.000000 0.000000 1.000000
0.999518 -0.018862 0.024676 -0.000000 0.018906 0.999820 -0.001533 16.216101 -0.024642 0.001999 0.999694 -2.336500 0.000000 0.000000 0.000000 1.000000
0.999530 -0.018404 0.024536 0.000000 0.018443 0.999829 -0.001368 16.216101 -0.024507 0.001820 0.999698 -2.336500 0.000000 0.000000 0.000000 1.000000
0.999533 -0.018537 0.024309 0.000000 0.018568 0.999827 -0.001070 16.216101 -0.024285 0.001521 0.999704 -2.336500 0.000000 0.000000 0.000000 1.000000
0.999531 -0.018467 0.024413 -0.000000 0.018509 0.999828 -0.001483 16.216101 -0.024381 0.001934 0.999701 -2.336500 0.000000 0.000000 0.000000 1.000000
0.999537 -0.018179 0.024410 0.000000 0.018192 0.999834 -0.000296 16.216101 -0.024400 0.000740 0.999702 -2.336500 0.000000 0.000000 0.000000 1.000000
0.999524 -0.018820 0.024464 -0.000000 0.018837 0.999822 -0.000464 16.216101 -0.024451 0.000925 0.999701 -2.336500 0.000000 0.000000 0.000000 1.000000
0.999516 -0.019264 0.024416 0.000000 0.019287 0.999814 -0.000699 16.216101 -0.024398 0.001169 0.999702 -2.336500 0.000000 0.000000 0.000000 1.000000
0.999511 -0.019555 0.024408 0.000000 0.019574 0.999808 -0.000502 16.216101 -0.024394 0.000980 0.999702 -2.336500 0.000000 0.000000 0.000000 1.000000
0.999493 -0.020695 0.024200 0.000000 0.020723 0.999785 -0.000892 16.216101 -0.024176 0.001393 0.999707 -2.336500 0.000000 0.000000 0.000000 1.000000
0.999482 -0.021226 0.024201 0.000000 0.021269 0.999773 -0.001486 16.216101 -0.024164 0.002000 0.999706 -2.336500 0.000000 0.000000 0.000000 1.000000
0.999480 -0.021532 0.024000 0.000000 0.021559 0.999767 -0.000891 16.216101 -0.023975 0.001408 0.999712 -2.336500 0.000000 0.000000 0.000000 1.000000
0.999488 -0.021242 0.023916 -0.000000 0.021268 0.999773 -0.000823 16.216101 -0.023893 0.001332 0.999714 -2.336500 0.000000 0.000000 0.000000 1.000000
0.999503 -0.020798 0.023680 0.000000 0.020861 0.999779 -0.002426 16.216101 -0.023624 0.002919 0.999717 -2.336500 0.000000 0.000000 0.000000 1.000000
0.999517 -0.020688 0.023197 0.000000 0.020764 0.999780 -0.003029 16.216101 -0.023129 0.003509 0.999726 -2.336500 0.000000 0.000000 0.000000 1.000000
0.999522 -0.020007 0.023579 0.000000 0.020158 0.999778 -0.006170 16.216101 -0.023451 0.006642 0.999703 -2.336500 0.000000 0.000000 0.000000 1.000000
0.999546 -0.018974 0.023399 -0.000000 0.019108 0.999802 -0.005517 16.216101 -0.023290 0.005962 0.999711 -2.336500 0.000000 0.000000 0.000000 1.000000
0.999571 -0.017891 0.023181 0.000000 0.017994 0.999829 -0.004252 16.216101 -0.023101 0.004668 0.999722 -2.336500 0.000000 0.000000 0.000000 1.000000
0.999591 -0.017535 0.022576 0.000000 0.017600 0.999841 -0.002711 16.216101 -0.022525 0.003107 0.999741 -2.336500 0.000000 0.000000 0.000000 1.000000
0.999575 -0.018526 0.022530 0.000000 0.018633 0.999816 -0.004565 16.216101 -0.022441 0.004983 0.999736 -2.336500 0.000000 0.000000 0.000000 1.000000
0.999587 -0.017729 0.022618 -0.000000 0.017819 0.999834 -0.003786 16.216101 -0.022547 0.004187 0.999737 -2.336500 0.000000 0.000000 0.000000 1.000000
0.999611 -0.016182 0.022712 -0.000000 0.016244 0.999865 -0.002570 16.216101 -0.022667 0.002938 0.999739 -2.336500 0.000000 0.000000 0.000000 1.000000
0.999628 -0.015379 0.022515 -0.000000 0.015418 0.999880 -0.001555 16.216101 -0.022488 0.001902 0.999745 -2.336500 0.000000 0.000000 0.000000 1.000000
0.999629 -0.015529 0.022391 0.000000 0.015482 0.999878 0.002256 16.216101 -0.022424 -0.001909 0.999747 -2.336500 0.000000 0.000000 0.000000 1.000000
0.999616 -0.015963 0.022649 0.000000 0.015832 0.999857 0.005976 16.216101 -0.022741 -0.005616 0.999726 -2.336500 0.000000 0.000000 0.000000 1.000000
0.999608 -0.016042 0.022955 0.000000 0.015825 0.999829 0.009604 16.216101 -0.023105 -0.009237 0.999690 -2.336500 0.000000 0.000000 0.000000 1.000000
0.999616 -0.015288 0.023091 0.000000 0.014983 0.999799 0.013316 16.216101 -0.023290 -0.012965 0.999645 -2.336500 0.000000 0.000000 0.000000 1.000000
0.999631 -0.014784 0.022805 0.000000 0.014460 0.999794 0.014273 16.216101 -0.023011 -0.013938 0.999638 -2.336500 0.000000 0.000000 0.000000 1.000000
0.999629 -0.015817 0.022158 0.000000 0.015426 0.999724 0.017691 16.216101 -0.022431 -0.017343 0.999598 -2.336500 0.000000 0.000000 0.000000 1.000000
0.999652 -0.014672 0.021921 0.000000 0.014235 0.999699 0.019987 16.216101 -0.022208 -0.019668 0.999560 -2.336500 0.000000 0.000000 0.000000 1.000000
0.999670 -0.013841 0.021648 0.000000 0.013345 0.999650 0.022856 16.216101 -0.021956 -0.022560 0.999504 -2.336500 0.000000 0.000000 0.000000 1.000000
0.999662 -0.014656 0.021458 0.000000 0.014132 0.999603 0.024374 16.216101 -0.021807 -0.024062 0.999473 -2.336500 0.000000 0.000000 0.000000 1.000000
0.999668 -0.014407 0.021359 0.000000 0.013857 0.999575 0.025665 16.216101 -0.021720 -0.025360 0.999442 -2.336500 0.000000 0.000000 0.000000 1.000000
0.999675 -0.014236 0.021146 0.000000 0.013673 0.999554 0.026557 16.216101 -0.021515 -0.026259 0.999424 -2.336500 0.000000 0.000000 0.000000 1.000000
0.999705 -0.012630 0.020729 0.000000 0.012093 0.999594 0.025802 16.216101 -0.021047 -0.025544 0.999452 -2.336500 0.000000 0.000000 0.000000 1.000000
0.999737 -0.010605 0.020320 -0.000000 0.010077 0.999613 0.025925 16.216101 -0.020587 -0.025714 0.999457 -2.336500 0.000000 0.000000 0.000000 1.000000
0.999762 -0.009400 0.019697 -0.000000 0.008880 0.999613 0.026350 16.216101 -0.019937 -0.026169 0.999459 -2.336500 0.000000 0.000000 0.000000 1.000000
0.999788 -0.008282 0.018836 -0.000000 0.007761 0.999589 0.027594 16.216101 -0.019057 -0.027442 0.999442 -2.336500 0.000000 0.000000 0.000000 1.000000
0.999796 -0.007928 0.018584 0.000000 0.007397 0.999567 0.028470 16.216101 -0.018801 -0.028327 0.999422 -2.336500 0.000000 0.000000 0.000000 1.000000
0.999809 -0.008819 0.017418 0.000000 0.008337 0.999586 0.027534 16.216101 -0.017653 -0.027383 0.999469 -2.336500 0.000000 0.000000 0.000000 1.000000
0.999825 -0.008399 0.016716 0.000000 0.007925 0.999569 0.028254 16.216101 -0.016946 -0.028117 0.999461 -2.336500 0.000000 0.000000 0.000000 1.000000
0.999837 -0.007658 0.016332 0.000000 0.007125 0.999449 0.032413 16.216101 -0.016571 -0.032291 0.999341 -2.336500 0.000000 0.000000 0.000000 1.000000
0.999839 -0.008480 0.015791 0.000000 0.007932 0.999376 0.034430 16.216101 -0.016073 -0.034300 0.999282 -2.336500 0.000000 0.000000 0.000000 1.000000
0.999829 -0.010133 0.015446 -0.000000 0.009566 0.999293 0.036354 16.216101 -0.015803 -0.036200 0.999220 -2.336500 0.000000 0.000000 0.000000 1.000000
0.999827 -0.011085 0.014949 0.000000 0.010502 0.999204 0.038491 16.216101 -0.015364 -0.038327 0.999147 -2.336500 0.000000 0.000000 0.000000 1.000000
