<?xml version="1.0" encoding="utf-8"?>
<COLLADA xmlns="http://www.collada.org/2005/11/COLLADASchema" version="1.4.1">
  <asset><contributor><author>Mixamo</author><authoring_tool>COLLADA Mixamo exporter</authoring_tool><comments></comments></contributor><created>2020-06-07T11:40:12Z</created><modified>2020-06-07T11:40:12Z</modified><revision></revision><title></title><unit meter="0.010000"/><up_axis>Y_UP</up_axis></asset>
  <library_geometries>
    <geometry id="rigging_body-lib" name="rigging_bodyMesh">
      <mesh>
        <source id="rigging_body-lib-Position" name="position">
          <float_array id="rigging_body-lib-Position-array" count="0"></float_array>
          <technique_common>
            <accessor count="0" source="#rigging_body-lib-Position-array" stride="3">
              <param name="X" type="float"/>
              <param name="Y" type="float"/>
              <param name="Z" type="float"/>
            </accessor>
          </technique_common>
        </source>
        <vertices id="rigging_body-lib-Vertex">
          <input semantic="POSITION" source="#rigging_body-lib-Position"/>
        </vertices>
      </mesh>
    </geometry>
    <geometry id="rigging_Cylinder001-lib" name="rigging_Cylinder001Mesh">
      <mesh>
        <source id="rigging_Cylinder001-lib-Position" name="position">
          <float_array id="rigging_Cylinder001-lib-Position-array" count="0"></float_array>
          <technique_common>
            <accessor count="0" source="#rigging_Cylinder001-lib-Position-array" stride="3">
              <param name="X" type="float"/>
              <param name="Y" type="float"/>
              <param name="Z" type="float"/>
            </accessor>
          </technique_common>
        </source>
        <vertices id="rigging_Cylinder001-lib-Vertex">
          <input semantic="POSITION" source="#rigging_Cylinder001-lib-Position"/>
        </vertices>
      </mesh>
    </geometry>
    <geometry id="rigging_eyebrowns-lib" name="rigging_eyebrownsMesh">
      <mesh>
        <source id="rigging_eyebrowns-lib-Position" name="position">
          <float_array id="rigging_eyebrowns-lib-Position-array" count="0"></float_array>
          <technique_common>
            <accessor count="0" source="#rigging_eyebrowns-lib-Position-array" stride="3">
              <param name="X" type="float"/>
              <param name="Y" type="float"/>
              <param name="Z" type="float"/>
            </accessor>
          </technique_common>
        </source>
        <vertices id="rigging_eyebrowns-lib-Vertex">
          <input semantic="POSITION" source="#rigging_eyebrowns-lib-Position"/>
        </vertices>
      </mesh>
    </geometry>
    <geometry id="rigging_eyebrowns001-lib" name="rigging_eyebrowns001Mesh">
      <mesh>
        <source id="rigging_eyebrowns001-lib-Position" name="position">
          <float_array id="rigging_eyebrowns001-lib-Position-array" count="0"></float_array>
          <technique_common>
            <accessor count="0" source="#rigging_eyebrowns001-lib-Position-array" stride="3">
              <param name="X" type="float"/>
              <param name="Y" type="float"/>
              <param name="Z" type="float"/>
            </accessor>
          </technique_common>
        </source>
        <vertices id="rigging_eyebrowns001-lib-Vertex">
          <input semantic="POSITION" source="#rigging_eyebrowns001-lib-Position"/>
        </vertices>
      </mesh>
    </geometry>
    <geometry id="rigging_hear-lib" name="rigging_hearMesh">
      <mesh>
        <source id="rigging_hear-lib-Position" name="position">
          <float_array id="rigging_hear-lib-Position-array" count="0"></float_array>
          <technique_common>
            <accessor count="0" source="#rigging_hear-lib-Position-array" stride="3">
              <param name="X" type="float"/>
              <param name="Y" type="float"/>
              <param name="Z" type="float"/>
            </accessor>
          </technique_common>
        </source>
        <vertices id="rigging_hear-lib-Vertex">
          <input semantic="POSITION" source="#rigging_hear-lib-Position"/>
        </vertices>
      </mesh>
    </geometry>
    <geometry id="rigging_Tube001-lib" name="rigging_Tube001Mesh">
      <mesh>
        <source id="rigging_Tube001-lib-Position" name="position">
          <float_array id="rigging_Tube001-lib-Position-array" count="0"></float_array>
          <technique_common>
            <accessor count="0" source="#rigging_Tube001-lib-Position-array" stride="3">
              <param name="X" type="float"/>
              <param name="Y" type="float"/>
              <param name="Z" type="float"/>
            </accessor>
          </technique_common>
        </source>
        <vertices id="rigging_Tube001-lib-Vertex">
          <input semantic="POSITION" source="#rigging_Tube001-lib-Position"/>
        </vertices>
      </mesh>
    </geometry>
  </library_geometries>
  <library_controllers>
    <controller id="rigging_bodyController">
      <skin source="#rigging_body-lib">
        <bind_shape_matrix>1.000000 -0.000000 0.000000 0.000000 0.000000 1.000000 -0.000000 0.000000 0.000000 0.000000 1.000000 0.000000 0.000000 0.000000 0.000000 1.000000
</bind_shape_matrix>
        <source id="rigging_bodyController-Joints">
          <Name_array id="rigging_bodyController-Joints-array" count="1">
 rigging_body</Name_array>
          <technique_common>
            <accessor source="#rigging_bodyController-Joints-array" count="1">
              <param type="name"/>
            </accessor>
          </technique_common>
        </source>
        <source id="rigging_bodyController-Matrices">
          <float_array id="rigging_bodyController-Matrices-array" count="32">

1.000000 0.000000 0.000000 -0.000000 -0.000000 1.000000 0.000000 -0.000000 0.000000 -0.000000 1.000000 -0.000000 0.000000 0.000000 0.000000 1.000000
1.000000 0.000000 0.000000 -0.000000 -0.000000 1.000000 0.000000 -0.000000 0.000000 -0.000000 1.000000 -0.000000 0.000000 0.000000 0.000000 1.000000</float_array>
          <technique_common>
            <accessor source="#rigging_bodyController-Matrices-array" count="2" stride="16">
              <param type="float4x4"/>
            </accessor>
          </technique_common>
        </source>
        <source id="rigging_bodyController-Weights">
          <float_array id="rigging_bodyController-Weights-array" count="1">

1.000000</float_array>
          <technique_common>
            <accessor source="#rigging_bodyController-Weights-array" count="1">
              <param type="float"/>
            </accessor>
          </technique_common>
        </source>
        <joints>
          <input semantic="JOINT" source="#rigging_bodyController-Joints"/>
          <input semantic="INV_BIND_MATRIX" source="#rigging_bodyController-Matrices"/>
        </joints>
        <vertex_weights count="0">
          <input semantic="JOINT" offset="0" source="#rigging_bodyController-Joints"/>
          <input semantic="WEIGHT" offset="1" source="#rigging_bodyController-Weights"/>
          <vcount></vcount>
          <v></v>
        </vertex_weights>
      </skin>
    </controller>
    <controller id="rigging_Cylinder001Controller">
      <skin source="#rigging_Cylinder001-lib">
        <bind_shape_matrix>1.000000 -0.000000 0.000000 0.000000 0.000000 1.000000 -0.000000 0.000000 0.000000 0.000000 1.000000 0.000000 0.000000 0.000000 0.000000 1.000000
</bind_shape_matrix>
        <source id="rigging_Cylinder001Controller-Joints">
          <Name_array id="rigging_Cylinder001Controller-Joints-array" count="1">
 rigging_Cylinder001</Name_array>
          <technique_common>
            <accessor source="#rigging_Cylinder001Controller-Joints-array" count="1">
              <param type="name"/>
            </accessor>
          </technique_common>
        </source>
        <source id="rigging_Cylinder001Controller-Matrices">
          <float_array id="rigging_Cylinder001Controller-Matrices-array" count="32">

1.000000 0.000000 0.000000 -0.000000 -0.000000 1.000000 0.000000 -0.000000 0.000000 -0.000000 1.000000 -0.000000 0.000000 0.000000 0.000000 1.000000
1.000000 0.000000 0.000000 -0.000000 -0.000000 1.000000 0.000000 -0.000000 0.000000 -0.000000 1.000000 -0.000000 0.000000 0.000000 0.000000 1.000000</float_array>
          <technique_common>
            <accessor source="#rigging_Cylinder001Controller-Matrices-array" count="2" stride="16">
              <param type="float4x4"/>
            </accessor>
          </technique_common>
        </source>
        <source id="rigging_Cylinder001Controller-Weights">
          <float_array id="rigging_Cylinder001Controller-Weights-array" count="1">

1.000000</float_array>
          <technique_common>
            <accessor source="#rigging_Cylinder001Controller-Weights-array" count="1">
              <param type="float"/>
            </accessor>
          </technique_common>
        </source>
        <joints>
          <input semantic="JOINT" source="#rigging_Cylinder001Controller-Joints"/>
          <input semantic="INV_BIND_MATRIX" source="#rigging_Cylinder001Controller-Matrices"/>
        </joints>
        <vertex_weights count="0">
          <input semantic="JOINT" offset="0" source="#rigging_Cylinder001Controller-Joints"/>
          <input semantic="WEIGHT" offset="1" source="#rigging_Cylinder001Controller-Weights"/>
          <vcount></vcount>
          <v></v>
        </vertex_weights>
      </skin>
    </controller>
    <controller id="rigging_eyebrownsController">
      <skin source="#rigging_eyebrowns-lib">
        <bind_shape_matrix>1.000000 -0.000000 0.000000 0.000000 0.000000 1.000000 -0.000000 0.000000 0.000000 0.000000 1.000000 0.000000 0.000000 0.000000 0.000000 1.000000
</bind_shape_matrix>
        <source id="rigging_eyebrownsController-Joints">
          <Name_array id="rigging_eyebrownsController-Joints-array" count="1">
 rigging_eyebrowns</Name_array>
          <technique_common>
            <accessor source="#rigging_eyebrownsController-Joints-array" count="1">
              <param type="name"/>
            </accessor>
          </technique_common>
        </source>
        <source id="rigging_eyebrownsController-Matrices">
          <float_array id="rigging_eyebrownsController-Matrices-array" count="32">

1.000000 0.000000 0.000000 -0.000000 -0.000000 1.000000 0.000000 -0.000000 0.000000 -0.000000 1.000000 -0.000000 0.000000 0.000000 0.000000 1.000000
1.000000 0.000000 0.000000 -0.000000 -0.000000 1.000000 0.000000 -0.000000 0.000000 -0.000000 1.000000 -0.000000 0.000000 0.000000 0.000000 1.000000</float_array>
          <technique_common>
            <accessor source="#rigging_eyebrownsController-Matrices-array" count="2" stride="16">
              <param type="float4x4"/>
            </accessor>
          </technique_common>
        </source>
        <source id="rigging_eyebrownsController-Weights">
          <float_array id="rigging_eyebrownsController-Weights-array" count="1">

1.000000</float_array>
          <technique_common>
            <accessor source="#rigging_eyebrownsController-Weights-array" count="1">
              <param type="float"/>
            </accessor>
          </technique_common>
        </source>
        <joints>
          <input semantic="JOINT" source="#rigging_eyebrownsController-Joints"/>
          <input semantic="INV_BIND_MATRIX" source="#rigging_eyebrownsController-Matrices"/>
        </joints>
        <vertex_weights count="0">
          <input semantic="JOINT" offset="0" source="#rigging_eyebrownsController-Joints"/>
          <input semantic="WEIGHT" offset="1" source="#rigging_eyebrownsController-Weights"/>
          <vcount></vcount>
          <v></v>
        </vertex_weights>
      </skin>
    </controller>
    <controller id="rigging_eyebrowns001Controller">
      <skin source="#rigging_eyebrowns001-lib">
        <bind_shape_matrix>1.000000 -0.000000 0.000000 0.000000 0.000000 1.000000 -0.000000 0.000000 0.000000 0.000000 1.000000 0.000000 0.000000 0.000000 0.000000 1.000000
</bind_shape_matrix>
        <source id="rigging_eyebrowns001Controller-Joints">
          <Name_array id="rigging_eyebrowns001Controller-Joints-array" count="1">
 rigging_eyebrowns001</Name_array>
          <technique_common>
            <accessor source="#rigging_eyebrowns001Controller-Joints-array" count="1">
              <param type="name"/>
            </accessor>
          </technique_common>
        </source>
        <source id="rigging_eyebrowns001Controller-Matrices">
          <float_array id="rigging_eyebrowns001Controller-Matrices-array" count="32">

1.000000 0.000000 0.000000 -0.000000 -0.000000 1.000000 0.000000 -0.000000 0.000000 -0.000000 1.000000 -0.000000 0.000000 0.000000 0.000000 1.000000
1.000000 0.000000 0.000000 -0.000000 -0.000000 1.000000 0.000000 -0.000000 0.000000 -0.000000 1.000000 -0.000000 0.000000 0.000000 0.000000 1.000000</float_array>
          <technique_common>
            <accessor source="#rigging_eyebrowns001Controller-Matrices-array" count="2" stride="16">
              <param type="float4x4"/>
            </accessor>
          </technique_common>
        </source>
        <source id="rigging_eyebrowns001Controller-Weights">
          <float_array id="rigging_eyebrowns001Controller-Weights-array" count="1">

1.000000</float_array>
          <technique_common>
            <accessor source="#rigging_eyebrowns001Controller-Weights-array" count="1">
              <param type="float"/>
            </accessor>
          </technique_common>
        </source>
        <joints>
          <input semantic="JOINT" source="#rigging_eyebrowns001Controller-Joints"/>
          <input semantic="INV_BIND_MATRIX" source="#rigging_eyebrowns001Controller-Matrices"/>
        </joints>
        <vertex_weights count="0">
          <input semantic="JOINT" offset="0" source="#rigging_eyebrowns001Controller-Joints"/>
          <input semantic="WEIGHT" offset="1" source="#rigging_eyebrowns001Controller-Weights"/>
          <vcount></vcount>
          <v></v>
        </vertex_weights>
      </skin>
    </controller>
    <controller id="rigging_hearController">
      <skin source="#rigging_hear-lib">
        <bind_shape_matrix>1.000000 -0.000000 0.000000 0.000000 0.000000 1.000000 -0.000000 0.000000 0.000000 0.000000 1.000000 0.000000 0.000000 0.000000 0.000000 1.000000
</bind_shape_matrix>
        <source id="rigging_hearController-Joints">
          <Name_array id="rigging_hearController-Joints-array" count="1">
 rigging_hear</Name_array>
          <technique_common>
            <accessor source="#rigging_hearController-Joints-array" count="1">
              <param type="name"/>
            </accessor>
          </technique_common>
        </source>
        <source id="rigging_hearController-Matrices">
          <float_array id="rigging_hearController-Matrices-array" count="32">

1.000000 0.000000 0.000000 -0.000000 -0.000000 1.000000 0.000000 -0.000000 0.000000 -0.000000 1.000000 -0.000000 0.000000 0.000000 0.000000 1.000000
1.000000 0.000000 0.000000 -0.000000 -0.000000 1.000000 0.000000 -0.000000 0.000000 -0.000000 1.000000 -0.000000 0.000000 0.000000 0.000000 1.000000</float_array>
          <technique_common>
            <accessor source="#rigging_hearController-Matrices-array" count="2" stride="16">
              <param type="float4x4"/>
            </accessor>
          </technique_common>
        </source>
        <source id="rigging_hearController-Weights">
          <float_array id="rigging_hearController-Weights-array" count="1">

1.000000</float_array>
          <technique_common>
            <accessor source="#rigging_hearController-Weights-array" count="1">
              <param type="float"/>
            </accessor>
          </technique_common>
        </source>
        <joints>
          <input semantic="JOINT" source="#rigging_hearController-Joints"/>
          <input semantic="INV_BIND_MATRIX" source="#rigging_hearController-Matrices"/>
        </joints>
        <vertex_weights count="0">
          <input semantic="JOINT" offset="0" source="#rigging_hearController-Joints"/>
          <input semantic="WEIGHT" offset="1" source="#rigging_hearController-Weights"/>
          <vcount></vcount>
          <v></v>
        </vertex_weights>
      </skin>
    </controller>
    <controller id="rigging_Tube001Controller">
      <skin source="#rigging_Tube001-lib">
        <bind_shape_matrix>1.000000 -0.000000 0.000000 0.000000 0.000000 1.000000 -0.000000 0.000000 0.000000 0.000000 1.000000 0.000000 0.000000 0.000000 0.000000 1.000000
</bind_shape_matrix>
        <source id="rigging_Tube001Controller-Joints">
          <Name_array id="rigging_Tube001Controller-Joints-array" count="1">
 rigging_Tube001</Name_array>
          <technique_common>
            <accessor source="#rigging_Tube001Controller-Joints-array" count="1">
              <param type="name"/>
            </accessor>
          </technique_common>
        </source>
        <source id="rigging_Tube001Controller-Matrices">
          <float_array id="rigging_Tube001Controller-Matrices-array" count="32">

1.000000 0.000000 0.000000 -0.000000 -0.000000 1.000000 0.000000 -0.000000 0.000000 -0.000000 1.000000 -0.000000 0.000000 0.000000 0.000000 1.000000
1.000000 0.000000 0.000000 -0.000000 -0.000000 1.000000 0.000000 -0.000000 0.000000 -0.000000 1.000000 -0.000000 0.000000 0.000000 0.000000 1.000000</float_array>
          <technique_common>
            <accessor source="#rigging_Tube001Controller-Matrices-array" count="2" stride="16">
              <param type="float4x4"/>
            </accessor>
          </technique_common>
        </source>
        <source id="rigging_Tube001Controller-Weights">
          <float_array id="rigging_Tube001Controller-Weights-array" count="1">

1.000000</float_array>
          <technique_common>
            <accessor source="#rigging_Tube001Controller-Weights-array" count="1">
              <param type="float"/>
            </accessor>
          </technique_common>
        </source>
        <joints>
          <input semantic="JOINT" source="#rigging_Tube001Controller-Joints"/>
          <input semantic="INV_BIND_MATRIX" source="#rigging_Tube001Controller-Matrices"/>
        </joints>
        <vertex_weights count="0">
          <input semantic="JOINT" offset="0" source="#rigging_Tube001Controller-Joints"/>
          <input semantic="WEIGHT" offset="1" source="#rigging_Tube001Controller-Weights"/>
          <vcount></vcount>
          <v></v>
        </vertex_weights>
      </skin>
    </controller>
  </library_controllers>
  <library_animations>
    <animation id="rigging_Yennefer-anim" name="rigging_Yennefer"><source id="rigging_Yennefer-Matrix-animation-input"><float_array id="rigging_Yennefer-Matrix-animation-input-array" count="29">

0.000000 0.033333 0.066667 0.100000 0.133333 0.166667 0.200000 0.233333 0.266667 0.300000 0.333333 0.366667 0.400000 0.433333 0.466667 0.500000
0.533333 0.566667 0.600000 0.633333 0.666667 0.700000 0.733333 0.766667 0.800000 0.833333 0.866667 0.900000 0.933333</float_array><technique_common><accessor source="#rigging_Yennefer-Matrix-animation-input-array" count="29"><param name="TIME" type="float"/></accessor></technique_common></source><source id="rigging_Yennefer-Matrix-animation-output-transform"><float_array id="rigging_Yennefer-Matrix-animation-output-transform-array" count="464">

0.522400 -0.064674 -0.850244 0.031270 0.084072 0.996168 -0.024119 -0.071611 0.848546 -0.058882 0.525836 -0.004538 0.000000 0.000000 0.000000 1.000000
0.485914 -0.059896 -0.871952 0.028945 0.085190 0.996144 -0.020953 -0.072828 0.869845 -0.064101 0.489143 -0.000259 0.000000 0.000000 0.000000 1.000000
0.402669 -0.044719 -0.914253 0.019570 0.080729 0.996649 -0.013194 -0.073233 0.911779 -0.068494 0.404929 0.008011 0.000000 0.000000 0.000000 1.000000
0.403203 -0.039189 -0.914271 0.011522 0.065684 0.997745 -0.013800 -0.068137 0.912750 -0.054489 0.404867 0.006736 0.000000 0.000000 0.000000 1.000000
0.520787 -0.069071 -0.850888 0.017152 0.050940 0.997460 -0.049791 -0.058234 0.852166 -0.017414 0.522982 -0.006924 0.000000 0.000000 0.000000 1.000000
0.694045 -0.099985 -0.712955 0.022394 0.072274 0.994983 -0.069180 -0.052193 0.716294 -0.003514 0.697789 -0.009958 0.000000 0.000000 0.000000 1.000000
0.869796 -0.097596 -0.483663 0.006936 0.082362 0.995208 -0.052703 -0.060202 0.486489 0.006006 0.873666 -0.007503 0.000000 0.000000 0.000000 1.000000
0.992071 -0.072202 -0.102866 -0.023523 0.071112 0.997367 -0.014224 -0.074598 0.103622 0.006796 0.994594 0.008034 0.000000 0.000000 0.000000 1.000000
0.969657 -0.059751 0.237054 -0.037450 0.056799 0.998200 0.019269 -0.093899 -0.237779 -0.005220 0.971305 0.030190 0.000000 0.000000 0.000000 1.000000
0.896756 -0.074333 0.436238 -0.033193 0.053257 0.996755 0.060365 -0.112264 -0.439309 -0.030901 0.897804 0.049767 0.000000 0.000000 0.000000 1.000000
0.853664 -0.117609 0.507371 -0.014784 0.073388 0.991614 0.106380 -0.127672 -0.515627 -0.053578 0.855136 0.055789 0.000000 0.000000 0.000000 1.000000
0.779932 -0.136930 0.610702 -0.011398 0.085876 0.989957 0.112292 -0.139077 -0.619945 -0.035135 0.783858 0.044859 0.000000 0.000000 0.000000 1.000000
0.692725 -0.143224 0.706837 -0.015037 0.091148 0.989610 0.111192 -0.146092 -0.715419 -0.012599 0.698582 0.033103 0.000000 0.000000 0.000000 1.000000
0.597084 -0.136592 0.790464 -0.024149 0.095760 0.990487 0.098822 -0.149963 -0.796442 0.016690 0.604484 0.021140 0.000000 0.000000 0.000000 1.000000
0.513664 -0.125250 0.848800 -0.033346 0.095843 0.991472 0.088302 -0.151522 -0.852621 0.035994 0.521288 0.014211 0.000000 0.000000 0.000000 1.000000
0.473133 -0.107184 0.874446 -0.043103 0.102137 0.992552 0.066397 -0.151816 -0.875050 0.057899 0.480557 0.006036 0.000000 0.000000 0.000000 1.000000
0.468708 -0.094142 0.878322 -0.049831 0.108007 0.992952 0.048792 -0.150277 -0.876725 0.071996 0.475572 0.001513 0.000000 0.000000 0.000000 1.000000
0.497147 -0.086222 0.863372 -0.053584 0.105247 0.993695 0.038634 -0.146322 -0.861260 0.071661 0.503087 0.002814 0.000000 0.000000 0.000000 1.000000
0.565571 -0.074124 0.821362 -0.058477 0.097293 0.994995 0.022800 -0.138757 -0.818941 0.067018 0.569951 0.004359 0.000000 0.000000 0.000000 1.000000
0.655888 -0.056278 0.752758 -0.064959 0.088094 0.996110 -0.002286 -0.126824 -0.749701 0.067812 0.658294 0.001929 0.000000 0.000000 0.000000 1.000000
0.768487 -0.034240 0.638948 -0.071575 0.076897 0.996272 -0.039099 -0.110683 -0.635228 0.079180 0.768255 -0.007403 0.000000 0.000000 0.000000 1.000000
0.885771 -0.021178 0.463639 -0.070969 0.065581 0.994647 -0.079858 -0.092802 -0.459466 0.101142 0.882418 -0.022827 0.000000 0.000000 0.000000 1.000000
0.968920 -0.027339 0.245860 -0.059616 0.052031 0.994164 -0.094503 -0.078691 -0.241841 0.104358 0.964688 -0.029797 0.000000 0.000000 0.000000 1.000000
0.999355 -0.034035 -0.011452 -0.046437 0.032749 0.994630 -0.098178 -0.071580 0.014732 0.097739 0.995103 -0.036014 0.000000 0.000000 0.000000 1.000000
0.963124 -0.036684 -0.266547 -0.030763 0.012545 0.995707 -0.091705 -0.066500 0.268767 0.084979 0.959449 -0.036265 0.000000 0.000000 0.000000 1.000000
0.879849 -0.046994 -0.472924 -0.012237 0.008719 0.996528 -0.082804 -0.062453 0.475173 0.068731 0.877204 -0.030648 0.000000 0.000000 0.000000 1.000000
0.774054 -0.051976 -0.630983 0.000279 0.007677 0.997322 -0.072734 -0.059117 0.633073 0.051456 0.772380 -0.024390 0.000000 0.000000 0.000000 1.000000
0.669915 -0.052780 -0.740559 0.007098 0.007966 0.997923 -0.063917 -0.058269 0.742395 0.036920 0.668945 -0.022296 0.000000 0.000000 0.000000 1.000000
0.599398 -0.042676 -0.799313 0.007655 0.007049 0.998820 -0.048042 -0.057374 0.800420 0.023161 0.598992 -0.021179 0.000000 0.000000 0.000000 1.000000</float_array><technique_common><accessor source="#rigging_Yennefer-Matrix-animation-output-transform-array" count="29" stride="16"><param type="float4x4"/></accessor></technique_common></source><source id="rigging_Yennefer-Interpolations"><Name_array id="rigging_Yennefer-Interpolations-array" count="29">
 LINEAR LINEAR LINEAR LINEAR LINEAR LINEAR LINEAR LINEAR LINEAR LINEAR LINEAR
LINEAR LINEAR LINEAR LINEAR LINEAR LINEAR LINEAR LINEAR LINEAR LINEAR LINEAR LINEAR
LINEAR LINEAR LINEAR LINEAR LINEAR LINEAR</Name_array><technique_common><accessor source="#rigging_Yennefer-Interpolations-array" count="29"><param type="name"/></accessor></technique_common></source><sampler id="rigging_Yennefer-Matrix-animation-transform"><input semantic="INPUT" source="#rigging_Yennefer-Matrix-animation-input"/><input semantic="OUTPUT" source="#rigging_Yennefer-Matrix-animation-output-transform"/><input semantic="INTERPOLATION" source="#rigging_Yennefer-Interpolations"/></sampler><channel source="#rigging_Yennefer-Matrix-animation-transform" target="rigging_Yennefer/matrix"/></animation>
    <animation id="rigging_meshes-anim" name="rigging_meshes"><source id="rigging_meshes-Matrix-animation-input"><float_array id="rigging_meshes-Matrix-animation-input-array" count="29">

0.000000 0.033333 0.066667 0.100000 0.133333 0.166667 0.200000 0.233333 0.266667 0.300000 0.333333 0.366667 0.400000 0.433333 0.466667 0.500000
0.533333 0.566667 0.600000 0.633333 0.666667 0.700000 0.733333 0.766667 0.800000 0.833333 0.866667 0.900000 0.933333</float_array><technique_common><accessor source="#rigging_meshes-Matrix-animation-input-array" count="29"><param name="TIME" type="float"/></accessor></technique_common></source><source id="rigging_meshes-Matrix-animation-output-transform"><float_array id="rigging_meshes-Matrix-animation-output-transform-array" count="464">

1.000000 -0.000000 0.000000 0.000000 0.000000 1.000000 -0.000000 0.000000 -0.000000 0.000000 1.000000 0.000000 0.000000 0.000000 0.000000 1.000000
1.000000 -0.000000 -0.000000 0.000000 -0.000000 1.000000 0.000000 0.000000 -0.000000 0.000000 1.000000 0.000000 0.000000 0.000000 0.000000 1.000000
1.000000 -0.000000 -0.000000 0.000000 0.000000 1.000000 0.000000 0.000000 0.000000 0.000000 1.000000 0.000000 0.000000 0.000000 0.000000 1.000000
1.000000 -0.000000 -0.000000 0.000000 -0.000000 1.000000 -0.000000 0.000000 0.000000 -0.000000 1.000000 0.000000 0.000000 0.000000 0.000000 1.000000
1.000000 0.000000 0.000000 0.000000 0.000000 1.000000 0.000000 0.000000 0.000000 0.000000 1.000000 0.000000 0.000000 0.000000 0.000000 1.000000
1.000000 0.000000 0.000000 0.000000 -0.000000 1.000000 0.000000 0.000000 -0.000000 0.000000 1.000000 0.000000 0.000000 0.000000 0.000000 1.000000
1.000000 -0.000000 0.000000 0.000000 -0.000000 1.000000 0.000000 0.000000 0.000000 0.000000 1.000000 0.000000 0.000000 0.000000 0.000000 1.000000
1.000000 0.000000 -0.000000 0.000000 0.000000 1.000000 0.000000 0.000000 0.000000 0.000000 1.000000 0.000000 0.000000 0.000000 0.000000 1.000000
1.000000 -0.000000 0.000000 0.000000 -0.000000 1.000000 -0.000000 0.000000 -0.000000 -0.000000 1.000000 0.000000 0.000000 0.000000 0.000000 1.000000
1.000000 -0.000000 0.000000 0.000000 0.000000 1.000000 -0.000000 0.000000 0.000000 -0.000000 1.000000 0.000000 0.000000 0.000000 0.000000 1.000000
1.000000 -0.000000 0.000000 0.000000 -0.000000 1.000000 -0.000000 0.000000 0.000000 0.000000 1.000000 0.000000 0.000000 0.000000 0.000000 1.000000
1.000000 -0.000000 0.000000 0.000000 -0.000000 1.000000 -0.000000 0.000000 0.000000 0.000000 1.000000 0.000000 0.000000 0.000000 0.000000 1.000000
1.000000 -0.000000 0.000000 0.000000 0.000000 1.000000 -0.000000 0.000000 0.000000 0.000000 1.000000 0.000000 0.000000 0.000000 0.000000 1.000000
1.000000 -0.000000 0.000000 0.000000 0.000000 1.000000 0.000000 0.000000 -0.000000 0.000000 1.000000 0.000000 0.000000 0.000000 0.000000 1.000000
1.000000 0.000000 0.000000 0.000000 -0.000000 1.000000 -0.000000 0.000000 0.000000 0.000000 1.000000 0.000000 0.000000 0.000000 0.000000 1.000000
1.000000 -0.000000 0.000000 0.000000 0.000000 1.000000 0.000000 0.000000 0.000000 0.000000 1.000000 0.000000 0.000000 0.000000 0.000000 1.000000
1.000000 -0.000000 0.000000 0.000000 -0.000000 1.000000 -0.000000 0.000000 0.000000 -0.000000 1.000000 0.000000 0.000000 0.000000 0.000000 1.000000
1.000000 -0.000000 0.000000 0.000000 0.000000 1.000000 0.000000 0.000000 0.000000 0.000000 1.000000 0.000000 0.000000 0.000000 0.000000 1.000000
1.000000 0.000000 -0.000000 0.000000 -0.000000 1.000000 -0.000000 0.000000 0.000000 -0.000000 1.000000 0.000000 0.000000 0.000000 0.000000 1.000000
1.000000 0.000000 -0.000000 0.000000 0.000000 1.000000 0.000000 0.000000 -0.000000 0.000000 1.000000 0.000000 0.000000 0.000000 0.000000 1.000000
1.000000 0.000000 -0.000000 0.000000 0.000000 1.000000 0.000000 0.000000 0.000000 -0.000000 1.000000 0.000000 0.000000 0.000000 0.000000 1.000000
1.000000 -0.000000 0.000000 0.000000 0.000000 1.000000 -0.000000 0.000000 0.000000 0.000000 1.000000 0.000000 0.000000 0.000000 0.000000 1.000000
1.000000 0.000000 0.000000 0.000000 -0.000000 1.000000 0.000000 0.000000 0.000000 -0.000000 1.000000 0.000000 0.000000 0.000000 0.000000 1.000000
1.000000 -0.000000 -0.000000 0.000000 -0.000000 1.000000 0.000000 0.000000 0.000000 -0.000000 1.000000 0.000000 0.000000 0.000000 0.000000 1.000000
1.000000 -0.000000 0.000000 0.000000 -0.000000 1.000000 0.000000 0.000000 0.000000 -0.000000 1.000000 0.000000 0.000000 0.000000 0.000000 1.000000
1.000000 -0.000000 -0.000000 0.000000 0.000000 1.000000 0.000000 0.000000 -0.000000 -0.000000 1.000000 0.000000 0.000000 0.000000 0.000000 1.000000
1.000000 0.000000 0.000000 0.000000 -0.000000 1.000000 -0.000000 0.000000 0.000000 0.000000 1.000000 0.000000 0.000000 0.000000 0.000000 1.000000
1.000000 0.000000 0.000000 0.000000 0.000000 1.000000 -0.000000 0.000000 0.000000 0.000000 1.000000 0.000000 0.000000 0.000000 0.000000 1.000000
1.000000 -0.000000 0.000000 0.000000 0.000000 1.000000 0.000000 0.000000 0.000000 0.000000 1.000000 0.000000 0.000000 0.000000 0.000000 1.000000</float_array><technique_common><accessor source="#rigging_meshes-Matrix-animation-output-transform-array" count="29" stride="16"><param type="float4x4"/></accessor></technique_common></source><source id="rigging_meshes-Interpolations"><Name_array id="rigging_meshes-Interpolations-array" count="29">
 LINEAR LINEAR LINEAR LINEAR LINEAR LINEAR LINEAR LINEAR LINEAR LINEAR LINEAR
LINEAR LINEAR LINEAR LINEAR LINEAR LINEAR LINEAR LINEAR LINEAR LINEAR LINEAR LINEAR
LINEAR LINEAR LINEAR LINEAR LINEAR LINEAR</Name_array><technique_common><accessor source="#rigging_meshes-Interpolations-array" count="29"><param type="name"/></accessor></technique_common></source><sampler id="rigging_meshes-Matrix-animation-transform"><input semantic="INPUT" source="#rigging_meshes-Matrix-animation-input"/><input semantic="OUTPUT" source="#rigging_meshes-Matrix-animation-output-transform"/><input semantic="INTERPOLATION" source="#rigging_meshes-Interpolations"/></sampler><channel source="#rigging_meshes-Matrix-animation-transform" target="rigging_meshes/matrix"/></animation>
    <animation id="rigging_body-anim" name="rigging_body"><source id="rigging_body-Matrix-animation-input"><float_array id="rigging_body-Matrix-animation-input-array" count="1">

0.000000</float_array><technique_common><accessor source="#rigging_body-Matrix-animation-input-array" count="1"><param name="TIME" type="float"/></accessor></technique_common></source><source id="rigging_body-Matrix-animation-output-transform"><float_array id="rigging_body-Matrix-animation-output-transform-array" count="16">

1.000000 0.000000 0.000000 0.000000 0.000000 1.000000 0.000000 0.000000 -0.000000 0.000000 1.000000 0.000000 0.000000 0.000000 0.000000 1.000000</float_array><technique_common><accessor source="#rigging_body-Matrix-animation-output-transform-array" count="1" stride="16"><param type="float4x4"/></accessor></technique_common></source><source id="rigging_body-Interpolations"><Name_array id="rigging_body-Interpolations-array" count="1">
 LINEAR</Name_array><technique_common><accessor source="#rigging_body-Interpolations-array" count="1"><param type="name"/></accessor></technique_common></source><sampler id="rigging_body-Matrix-animation-transform"><input semantic="INPUT" source="#rigging_body-Matrix-animation-input"/><input semantic="OUTPUT" source="#rigging_body-Matrix-animation-output-transform"/><input semantic="INTERPOLATION" source="#rigging_body-Interpolations"/></sampler><channel source="#rigging_body-Matrix-animation-transform" target="rigging_body/matrix"/></animation>
    <animation id="rigging_Cylinder001-anim" name="rigging_Cylinder001"><source id="rigging_Cylinder001-Matrix-animation-input"><float_array id="rigging_Cylinder001-Matrix-animation-input-array" count="1">

0.000000</float_array><technique_common><accessor source="#rigging_Cylinder001-Matrix-animation-input-array" count="1"><param name="TIME" type="float"/></accessor></technique_common></source><source id="rigging_Cylinder001-Matrix-animation-output-transform"><float_array id="rigging_Cylinder001-Matrix-animation-output-transform-array" count="16">

1.000000 0.000000 0.000000 0.000000 0.000000 1.000000 0.000000 0.000000 -0.000000 0.000000 1.000000 0.000000 0.000000 0.000000 0.000000 1.000000</float_array><technique_common><accessor source="#rigging_Cylinder001-Matrix-animation-output-transform-array" count="1" stride="16"><param type="float4x4"/></accessor></technique_common></source><source id="rigging_Cylinder001-Interpolations"><Name_array id="rigging_Cylinder001-Interpolations-array" count="1">
 LINEAR</Name_array><technique_common><accessor source="#rigging_Cylinder001-Interpolations-array" count="1"><param type="name"/></accessor></technique_common></source><sampler id="rigging_Cylinder001-Matrix-animation-transform"><input semantic="INPUT" source="#rigging_Cylinder001-Matrix-animation-input"/><input semantic="OUTPUT" source="#rigging_Cylinder001-Matrix-animation-output-transform"/><input semantic="INTERPOLATION" source="#rigging_Cylinder001-Interpolations"/></sampler><channel source="#rigging_Cylinder001-Matrix-animation-transform" target="rigging_Cylinder001/matrix"/></animation>
    <animation id="rigging_eyebrowns-anim" name="rigging_eyebrowns"><source id="rigging_eyebrowns-Matrix-animation-input"><float_array id="rigging_eyebrowns-Matrix-animation-input-array" count="1">

0.000000</float_array><technique_common><accessor source="#rigging_eyebrowns-Matrix-animation-input-array" count="1"><param name="TIME" type="float"/></accessor></technique_common></source><source id="rigging_eyebrowns-Matrix-animation-output-transform"><float_array id="rigging_eyebrowns-Matrix-animation-output-transform-array" count="16">

1.000000 0.000000 0.000000 0.000000 0.000000 1.000000 0.000000 0.000000 -0.000000 0.000000 1.000000 0.000000 0.000000 0.000000 0.000000 1.000000</float_array><technique_common><accessor source="#rigging_eyebrowns-Matrix-animation-output-transform-array" count="1" stride="16"><param type="float4x4"/></accessor></technique_common></source><source id="rigging_eyebrowns-Interpolations"><Name_array id="rigging_eyebrowns-Interpolations-array" count="1">
 LINEAR</Name_array><technique_common><accessor source="#rigging_eyebrowns-Interpolations-array" count="1"><param type="name"/></accessor></technique_common></source><sampler id="rigging_eyebrowns-Matrix-animation-transform"><input semantic="INPUT" source="#rigging_eyebrowns-Matrix-animation-input"/><input semantic="OUTPUT" source="#rigging_eyebrowns-Matrix-animation-output-transform"/><input semantic="INTERPOLATION" source="#rigging_eyebrowns-Interpolations"/></sampler><channel source="#rigging_eyebrowns-Matrix-animation-transform" target="rigging_eyebrowns/matrix"/></animation>
    <animation id="rigging_eyebrowns001-anim" name="rigging_eyebrowns001"><source id="rigging_eyebrowns001-Matrix-animation-input"><float_array id="rigging_eyebrowns001-Matrix-animation-input-array" count="1">

0.000000</float_array><technique_common><accessor source="#rigging_eyebrowns001-Matrix-animation-input-array" count="1"><param name="TIME" type="float"/></accessor></technique_common></source><source id="rigging_eyebrowns001-Matrix-animation-output-transform"><float_array id="rigging_eyebrowns001-Matrix-animation-output-transform-array" count="16">

1.000000 0.000000 0.000000 0.000000 0.000000 1.000000 0.000000 0.000000 -0.000000 0.000000 1.000000 0.000000 0.000000 0.000000 0.000000 1.000000</float_array><technique_common><accessor source="#rigging_eyebrowns001-Matrix-animation-output-transform-array" count="1" stride="16"><param type="float4x4"/></accessor></technique_common></source><source id="rigging_eyebrowns001-Interpolations"><Name_array id="rigging_eyebrowns001-Interpolations-array" count="1">
 LINEAR</Name_array><technique_common><accessor source="#rigging_eyebrowns001-Interpolations-array" count="1"><param type="name"/></accessor></technique_common></source><sampler id="rigging_eyebrowns001-Matrix-animation-transform"><input semantic="INPUT" source="#rigging_eyebrowns001-Matrix-animation-input"/><input semantic="OUTPUT" source="#rigging_eyebrowns001-Matrix-animation-output-transform"/><input semantic="INTERPOLATION" source="#rigging_eyebrowns001-Interpolations"/></sampler><channel source="#rigging_eyebrowns001-Matrix-animation-transform" target="rigging_eyebrowns001/matrix"/></animation>
    <animation id="rigging_hear-anim" name="rigging_hear"><source id="rigging_hear-Matrix-animation-input"><float_array id="rigging_hear-Matrix-animation-input-array" count="1">

0.000000</float_array><technique_common><accessor source="#rigging_hear-Matrix-animation-input-array" count="1"><param name="TIME" type="float"/></accessor></technique_common></source><source id="rigging_hear-Matrix-animation-output-transform"><float_array id="rigging_hear-Matrix-animation-output-transform-array" count="16">

1.000000 0.000000 0.000000 0.000000 0.000000 1.000000 0.000000 0.000000 -0.000000 0.000000 1.000000 0.000000 0.000000 0.000000 0.000000 1.000000</float_array><technique_common><accessor source="#rigging_hear-Matrix-animation-output-transform-array" count="1" stride="16"><param type="float4x4"/></accessor></technique_common></source><source id="rigging_hear-Interpolations"><Name_array id="rigging_hear-Interpolations-array" count="1">
 LINEAR</Name_array><technique_common><accessor source="#rigging_hear-Interpolations-array" count="1"><param type="name"/></accessor></technique_common></source><sampler id="rigging_hear-Matrix-animation-transform"><input semantic="INPUT" source="#rigging_hear-Matrix-animation-input"/><input semantic="OUTPUT" source="#rigging_hear-Matrix-animation-output-transform"/><input semantic="INTERPOLATION" source="#rigging_hear-Interpolations"/></sampler><channel source="#rigging_hear-Matrix-animation-transform" target="rigging_hear/matrix"/></animation>
    <animation id="rigging_Tube001-anim" name="rigging_Tube001"><source id="rigging_Tube001-Matrix-animation-input"><float_array id="rigging_Tube001-Matrix-animation-input-array" count="1">

0.000000</float_array><technique_common><accessor source="#rigging_Tube001-Matrix-animation-input-array" count="1"><param name="TIME" type="float"/></accessor></technique_common></source><source id="rigging_Tube001-Matrix-animation-output-transform"><float_array id="rigging_Tube001-Matrix-animation-output-transform-array" count="16">

1.000000 0.000000 0.000000 0.000000 0.000000 1.000000 0.000000 0.000000 -0.000000 0.000000 1.000000 0.000000 0.000000 0.000000 0.000000 1.000000</float_array><technique_common><accessor source="#rigging_Tube001-Matrix-animation-output-transform-array" count="1" stride="16"><param type="float4x4"/></accessor></technique_common></source><source id="rigging_Tube001-Interpolations"><Name_array id="rigging_Tube001-Interpolations-array" count="1">
