<?xml version="1.0" encoding="utf-8"?>
<COLLADA xmlns="http://www.collada.org/2005/11/COLLADASchema" version="1.4.1">
  <asset><contributor><author>Mixamo</author><authoring_tool>COLLADA Mixamo exporter</authoring_tool><comments></comments></contributor><created>2020-03-30T14:27:11Z</created><modified>2020-03-30T14:27:11Z</modified><revision></revision><title></title><unit meter="0.010000"/><up_axis>Y_UP</up_axis></asset>
  <library_animations>
    <animation id="mixamorig_Hips-anim" name="mixamorig_Hips"><source id="mixamorig_Hips-Matrix-animation-input"><float_array id="mixamorig_Hips-Matrix-animation-input-array" count="94">

0.000000 0.033333 0.066667 0.100000 0.133333 0.166667 0.200000 0.233333 0.266667 0.300000 0.333333 0.366667 0.400000 0.433333 0.466667 0.500000
0.533333 0.566667 0.600000 0.633333 0.666667 0.700000 0.733333 0.766667 0.800000 0.833333 0.866667 0.900000 0.933333 0.966667 1.000000 1.033333
1.066667 1.100000 1.133333 1.166667 1.200000 1.233333 1.266667 1.300000 1.333333 1.366667 1.400000 1.433333 1.466667 1.500000 1.533333 1.566667
1.600000 1.633333 1.666667 1.700000 1.733333 1.766667 1.800000 1.833333 1.866667 1.900000 1.933333 1.966667 2.000000 2.033333 2.066667 2.100000
2.133333 2.166667 2.200000 2.233333 2.266667 2.300000 2.333333 2.366667 2.400000 2.433333 2.466667 2.500000 2.533333 2.566667 2.600000 2.633333
2.666667 2.700000 2.733333 2.766667 2.800000 2.833333 2.866667 2.900000 2.933333 2.966667 3.000000 3.033333 3.066667 3.100000</float_array><technique_common><accessor source="#mixamorig_Hips-Matrix-animation-input-array" count="94"><param name="TIME" type="float"/></accessor></technique_common></source><source id="mixamorig_Hips-Matrix-animation-output-transform"><float_array id="mixamorig_Hips-Matrix-animation-output-transform-array" count="1504">

0.999322 -0.031714 0.018718 1.193578 0.034869 0.978358 -0.203958 20.978199 -0.011844 0.204473 0.978801 10.100000 0.000000 0.000000 0.000000 1.000000
0.999300 -0.031775 0.019740 1.203398 0.035125 0.978547 -0.203008 20.976498 -0.012866 0.203559 0.978978 10.096227 0.000000 0.000000 0.000000 1.000000
0.999356 -0.031246 0.017638 1.212805 0.034193 0.978311 -0.204298 20.973061 -0.010872 0.204770 0.978750 10.094855 0.000000 0.000000 0.000000 1.000000
0.999408 -0.030702 0.015513 1.220388 0.033237 0.978109 -0.205420 20.966530 -0.008867 0.205814 0.978551 10.094936 0.000000 0.000000 0.000000 1.000000
0.999419 -0.030433 0.015373 1.221127 0.032939 0.978234 -0.204874 20.961102 -0.008804 0.205261 0.978668 10.090611 0.000000 0.000000 0.000000 1.000000
0.999420 -0.030353 0.015452 1.219489 0.032871 0.978377 -0.204202 20.961130 -0.008920 0.204591 0.978807 10.082555 0.000000 0.000000 0.000000 1.000000
0.999416 -0.030337 0.015727 1.218922 0.032909 0.978437 -0.203909 20.962975 -0.009202 0.204307 0.978864 10.077906 0.000000 0.000000 0.000000 1.000000
0.999396 -0.030428 0.016809 1.218093 0.033218 0.978448 -0.203802 20.969135 -0.010246 0.204238 0.978868 10.069220 0.000000 0.000000 0.000000 1.000000
0.999413 -0.030098 0.016353 1.215465 0.032815 0.978177 -0.205164 20.976387 -0.009821 0.205580 0.978591 10.057240 0.000000 0.000000 0.000000 1.000000
0.999473 -0.028961 0.014682 1.213740 0.031389 0.977487 -0.208647 20.969927 -0.008309 0.208998 0.977881 10.053416 0.000000 0.000000 0.000000 1.000000
0.999510 -0.028067 0.013891 1.225183 0.030409 0.975867 -0.216236 20.960022 -0.007487 0.216553 0.976242 10.078432 0.000000 0.000000 0.000000 1.000000
0.999499 -0.028488 0.013777 1.224252 0.030886 0.972973 -0.228844 20.957031 -0.006885 0.229155 0.973366 10.178991 0.000000 0.000000 0.000000 1.000000
0.999464 -0.029088 0.015032 1.212013 0.031842 0.970411 -0.239349 20.980804 -0.007625 0.239699 0.970817 10.387059 0.000000 0.000000 0.000000 1.000000
0.999453 -0.028709 0.016431 1.219039 0.031865 0.968941 -0.245232 21.058500 -0.008880 0.245621 0.969325 10.695564 0.000000 0.000000 0.000000 1.000000
0.999531 -0.025700 0.016646 1.234737 0.029102 0.966366 -0.255520 21.125223 -0.009519 0.255884 0.966661 11.126537 0.000000 0.000000 0.000000 1.000000
0.999590 -0.021934 0.018400 1.175229 0.026132 0.961538 -0.273428 21.259567 -0.011695 0.273796 0.961717 11.649946 0.000000 0.000000 0.000000 1.000000
0.999478 -0.022579 0.023119 1.079393 0.028395 0.955163 -0.294714 21.555025 -0.015428 0.295217 0.955306 12.155535 0.000000 0.000000 0.000000 1.000000
0.999216 -0.025977 0.029877 0.979429 0.034175 0.946921 -0.319645 22.113844 -0.019988 0.320415 0.947066 12.496117 0.000000 0.000000 0.000000 1.000000
0.999075 -0.026044 0.034227 0.979857 0.036446 0.935202 -0.352235 23.110859 -0.022835 0.353156 0.935286 12.501243 0.000000 0.000000 0.000000 1.000000
0.999208 -0.024053 0.031698 1.083729 0.034614 0.918335 -0.394287 24.517941 -0.019625 0.395072 0.918441 12.137059 0.000000 0.000000 0.000000 1.000000
0.999376 -0.022705 0.027062 1.218876 0.032272 0.898377 -0.438038 26.180897 -0.014366 0.438638 0.898549 11.478968 0.000000 0.000000 0.000000 1.000000
0.999385 -0.024050 0.025514 1.318390 0.033279 0.879735 -0.474298 27.998161 -0.011038 0.474855 0.879995 10.538631 0.000000 0.000000 0.000000 1.000000
0.999221 -0.030137 0.025466 1.358715 0.038870 0.862714 -0.504196 29.884390 -0.006775 0.504793 0.863214 9.323294 0.000000 0.000000 0.000000 1.000000
0.998923 -0.038733 0.025544 1.347153 0.046387 0.845490 -0.531972 31.879686 -0.000993 0.532584 0.846376 7.957462 0.000000 0.000000 0.000000 1.000000
0.998700 -0.043660 0.026299 1.429181 0.050916 0.831060 -0.553847 34.065350 0.002325 0.554466 0.832203 6.559956 0.000000 0.000000 0.000000 1.000000
0.998534 -0.043889 0.031665 1.537762 0.054103 0.824108 -0.563843 36.149857 -0.001348 0.564729 0.825275 5.376077 0.000000 0.000000 0.000000 1.000000
0.998504 -0.041751 0.035319 1.678676 0.054385 0.825801 -0.561333 38.227627 -0.005730 0.562414 0.826836 4.386225 0.000000 0.000000 0.000000 1.000000
0.998402 -0.041044 0.038840 1.850920 0.055620 0.835150 -0.547203 40.364258 -0.009977 0.548489 0.836098 3.569131 0.000000 0.000000 0.000000 1.000000
0.998197 -0.043500 0.041361 2.007200 0.058696 0.851567 -0.520950 42.460842 -0.012560 0.522439 0.852584 2.973979 0.000000 0.000000 0.000000 1.000000
0.998329 -0.045322 0.035836 2.137254 0.057005 0.873744 -0.483034 44.511604 -0.009419 0.484270 0.874868 2.530410 0.000000 0.000000 0.000000 1.000000
0.998732 -0.044652 0.023228 2.280406 0.050318 0.896899 -0.439362 46.533836 -0.001215 0.439974 0.898009 2.208752 0.000000 0.000000 0.000000 1.000000
0.999117 -0.041256 0.007903 2.426947 0.041010 0.917307 -0.396064 48.436985 0.009090 0.396039 0.918189 2.036217 0.000000 0.000000 0.000000 1.000000
0.999331 -0.035995 -0.006533 2.544247 0.031385 0.935315 -0.352420 50.151379 0.018796 0.351979 0.935819 1.991836 0.000000 0.000000 0.000000 1.000000
0.999377 -0.030585 -0.017587 2.631878 0.023606 0.950137 -0.310939 51.598068 0.026220 0.310331 0.950267 2.051806 0.000000 0.000000 0.000000 1.000000
0.999313 -0.027213 -0.025179 2.713929 0.019283 0.961554 -0.273940 52.811424 0.031665 0.273266 0.961417 2.213013 0.000000 0.000000 0.000000 1.000000
0.999277 -0.026130 -0.027621 2.772281 0.019009 0.972471 -0.232249 53.900566 0.032930 0.231556 0.972264 2.465071 0.000000 0.000000 0.000000 1.000000
0.999363 -0.023244 -0.027081 2.774332 0.017780 0.982218 -0.186899 54.866310 0.030944 0.186298 0.982006 2.796514 0.000000 0.000000 0.000000 1.000000
0.999457 -0.018392 -0.027327 2.740191 0.014287 0.989550 -0.143484 55.706333 0.029680 0.143016 0.989275 3.206725 0.000000 0.000000 0.000000 1.000000
0.999513 -0.014841 -0.027458 2.696045 0.011845 0.994271 -0.106226 56.404503 0.028877 0.105849 0.993963 3.664398 0.000000 0.000000 0.000000 1.000000
0.999558 -0.014340 -0.026031 2.632064 0.012365 0.997145 -0.074497 56.955135 0.027025 0.074142 0.996881 4.135220 0.000000 0.000000 0.000000 1.000000
0.999599 -0.015557 -0.023647 2.549199 0.014466 0.998854 -0.045629 57.412720 0.024330 0.045269 0.998679 4.592109 0.000000 0.000000 0.000000 1.000000
0.999606 -0.016664 -0.022584 2.466572 0.016206 0.999663 -0.020296 57.722412 0.022915 0.019922 0.999539 5.004068 0.000000 0.000000 0.000000 1.000000
0.999540 -0.016570 -0.025388 2.396318 0.016640 0.999858 0.002542 57.894283 0.025342 -0.002963 0.999674 5.353386 0.000000 0.000000 0.000000 1.000000
0.999386 -0.016900 -0.030677 2.343811 0.017720 0.999488 0.026659 58.039516 0.030210 -0.027186 0.999174 5.656539 0.000000 0.000000 0.000000 1.000000
0.999181 -0.019470 -0.035474 2.314096 0.021165 0.998621 0.048049 58.169136 0.034490 -0.048760 0.998215 5.887660 0.000000 0.000000 0.000000 1.000000
0.999028 -0.021745 -0.038341 2.305730 0.024220 0.997572 0.065294 58.218460 0.036828 -0.066160 0.997129 6.044741 0.000000 0.000000 0.000000 1.000000
0.998949 -0.021223 -0.040625 2.309167 0.024488 0.996363 0.081617 58.195625 0.038745 -0.082526 0.995836 6.159977 0.000000 0.000000 0.000000 1.000000
0.998859 -0.020012 -0.043352 2.322152 0.024085 0.995133 0.095549 58.166851 0.041229 -0.096484 0.994480 6.226141 0.000000 0.000000 0.000000 1.000000
0.998761 -0.019710 -0.045691 2.345643 0.024479 0.994035 0.106278 58.160114 0.043324 -0.107265 0.993286 6.241763 0.000000 0.000000 0.000000 1.000000
0.998712 -0.020518 -0.046402 2.370083 0.025740 0.993044 0.114894 58.166153 0.043722 -0.115940 0.992293 6.219771 0.000000 0.000000 0.000000 1.000000
0.998738 -0.022525 -0.044882 2.383440 0.027864 0.992124 0.122124 58.179844 0.041778 -0.123220 0.991500 6.165990 0.000000 0.000000 0.000000 1.000000
0.998864 -0.024851 -0.040669 2.386589 0.029869 0.991347 0.127826 58.182270 0.037141 -0.128896 0.990962 6.080864 0.000000 0.000000 0.000000 1.000000
0.999096 -0.026270 -0.033433 2.387022 0.030496 0.990654 0.132945 58.179016 0.029628 -0.133844 0.990559 5.979810 0.000000 0.000000 0.000000 1.000000
0.999346 -0.027362 -0.023624 2.376921 0.030333 0.990210 0.136251 58.178234 0.019665 -0.136879 0.990393 5.861792 0.000000 0.000000 0.000000 1.000000
0.999517 -0.028164 -0.013161 2.353209 0.029716 0.989935 0.138366 58.186100 0.009131 -0.138690 0.990294 5.735803 0.000000 0.000000 0.000000 1.000000
0.999602 -0.027833 -0.004656 2.324439 0.028211 0.989579 0.141203 58.204041 0.000677 -0.141278 0.989970 5.632197 0.000000 0.000000 0.000000 1.000000
0.999620 -0.027513 0.001711 2.297463 0.026989 0.989426 0.142506 58.222404 -0.005614 -0.142406 0.989792 5.557609 0.000000 0.000000 0.000000 1.000000
0.999587 -0.028076 0.006156 2.277884 0.026925 0.989596 0.141329 58.248421 -0.010060 -0.141105 0.989944 5.507658 0.000000 0.000000 0.000000 1.000000
0.999539 -0.028975 0.009014 2.267221 0.027426 0.989742 0.140207 58.290569 -0.012984 -0.139895 0.990081 5.485444 0.000000 0.000000 0.000000 1.000000
0.999488 -0.030064 0.010978 2.266764 0.028240 0.989813 0.139545 58.342285 -0.015061 -0.139164 0.990155 5.487721 0.000000 0.000000 0.000000 1.000000
0.999459 -0.030634 0.011946 2.265203 0.028670 0.989803 0.139530 58.391499 -0.016098 -0.139113 0.990146 5.503674 0.000000 0.000000 0.000000 1.000000
0.999444 -0.030915 0.012462 2.263377 0.028886 0.989875 0.138975 58.437908 -0.016632 -0.138538 0.990217 5.524077 0.000000 0.000000 0.000000 1.000000
0.999453 -0.030920 0.011702 2.269557 0.029032 0.990183 0.136729 58.480900 -0.015815 -0.136315 0.990539 5.541504 0.000000 0.000000 0.000000 1.000000
0.999513 -0.030104 0.008240 2.288761 0.028731 0.990572 0.133944 58.509506 -0.012195 -0.133642 0.990955 5.548966 0.000000 0.000000 0.000000 1.000000
0.999588 -0.028542 0.003000 2.315083 0.027895 0.990835 0.132169 58.517216 -0.006744 -0.132031 0.991223 5.543656 0.000000 0.000000 0.000000 1.000000
0.999626 -0.027194 -0.002714 2.345351 0.027315 0.991021 0.130887 58.510696 -0.000869 -0.130913 0.991394 5.528345 0.000000 0.000000 0.000000 1.000000
0.999631 -0.025893 -0.008213 2.375572 0.026741 0.991171 0.129868 58.500324 0.004777 -0.130039 0.991497 5.512190 0.000000 0.000000 0.000000 1.000000
0.999632 -0.023886 -0.012867 2.403116 0.025355 0.991227 0.129715 58.505505 0.009655 -0.129993 0.991468 5.499437 0.000000 0.000000 0.000000 1.000000
0.999612 -0.022452 -0.016493 2.434210 0.024396 0.991336 0.129067 58.524776 0.013453 -0.129420 0.991499 5.478572 0.000000 0.000000 0.000000 1.000000
0.999552 -0.022919 -0.019261 2.465309 0.025187 0.991550 0.127258 58.529716 0.016182 -0.127686 0.991683 5.444315 0.000000 0.000000 0.000000 1.000000
0.999535 -0.022213 -0.020874 2.478158 0.024699 0.991521 0.127574 58.524063 0.017864 -0.128030 0.991609 5.413308 0.000000 0.000000 0.000000 1.000000
0.999570 -0.020165 -0.021272 2.481405 0.022746 0.991372 0.129087 58.523788 0.018485 -0.129516 0.991405 5.377943 0.000000 0.000000 0.000000 1.000000
0.999581 -0.019197 -0.021679 2.488088 0.021849 0.991325 0.129605 58.525082 0.019003 -0.130024 0.991329 5.328370 0.000000 0.000000 0.000000 1.000000
0.999573 -0.019009 -0.022184 2.490868 0.021737 0.991274 0.130015 58.523132 0.019519 -0.130442 0.991264 5.268059 0.000000 0.000000 0.000000 1.000000
0.999569 -0.018966 -0.022390 2.491755 0.021715 0.991311 0.129736 58.520004 0.019735 -0.130166 0.991296 5.193687 0.000000 0.000000 0.000000 1.000000
0.999563 -0.019188 -0.022499 2.493629 0.021933 0.991415 0.128903 58.517166 0.019832 -0.129340 0.991402 5.108496 0.000000 0.000000 0.000000 1.000000
0.999568 -0.019756 -0.021759 2.496916 0.022395 0.991447 0.128577 58.516228 0.019033 -0.129009 0.991461 5.022916 0.000000 0.000000 0.000000 1.000000
0.999579 -0.020399 -0.020612 2.501915 0.022891 0.991386 0.128955 58.517410 0.017804 -0.129373 0.991436 4.937368 0.000000 0.000000 0.000000 1.000000
0.999586 -0.021066 -0.019618 2.508311 0.023436 0.991273 0.129727 58.510391 0.016714 -0.130133 0.991356 4.849380 0.000000 0.000000 0.000000 1.000000
0.999586 -0.022015 -0.018505 2.517753 0.024242 0.991176 0.130313 58.492172 0.015473 -0.130708 0.991300 4.758811 0.000000 0.000000 0.000000 1.000000
0.999585 -0.023009 -0.017326 2.528237 0.025082 0.991078 0.130901 58.477604 0.014159 -0.131281 0.991244 4.672663 0.000000 0.000000 0.000000 1.000000
0.999591 -0.023604 -0.016172 2.534411 0.025531 0.990954 0.131754 58.468102 0.012916 -0.132113 0.991151 4.596161 0.000000 0.000000 0.000000 1.000000
0.999599 -0.023601 -0.015638 2.537524 0.025482 0.990704 0.133624 58.459648 0.012338 -0.133969 0.990909 4.532422 0.000000 0.000000 0.000000 1.000000
0.999596 -0.023736 -0.015625 2.543354 0.025635 0.990461 0.135388 58.457222 0.012262 -0.135734 0.990669 4.480698 0.000000 0.000000 0.000000 1.000000
0.999576 -0.024445 -0.015827 2.551547 0.026376 0.990324 0.136244 58.450714 0.012343 -0.136603 0.990549 4.439890 0.000000 0.000000 0.000000 1.000000
0.999565 -0.024750 -0.016048 2.556547 0.026726 0.990118 0.137670 58.444954 0.012482 -0.138039 0.990348 4.415349 0.000000 0.000000 0.000000 1.000000
0.999545 -0.024929 -0.017007 2.556915 0.027046 0.990000 0.138450 58.448925 0.013386 -0.138847 0.990223 4.395956 0.000000 0.000000 0.000000 1.000000
0.999478 -0.026378 -0.018675 2.565357 0.028685 0.990225 0.136499 58.453434 0.014892 -0.136964 0.990464 4.366135 0.000000 0.000000 0.000000 1.000000
0.999446 -0.027517 -0.018703 2.579767 0.029801 0.990336 0.135451 58.459137 0.014795 -0.135933 0.990608 4.352414 0.000000 0.000000 0.000000 1.000000
0.999444 -0.028268 -0.017660 2.586447 0.030397 0.990379 0.135001 58.466057 0.013674 -0.135463 0.990688 4.345057 0.000000 0.000000 0.000000 1.000000
0.999454 -0.028582 -0.016547 2.581992 0.030551 0.990444 0.134488 58.464256 0.012544 -0.134920 0.990777 4.335574 0.000000 0.000000 0.000000 1.000000
0.999507 -0.027970 -0.014251 2.578295 0.029650 0.990276 0.135923 58.455406 0.010310 -0.136279 0.990617 4.342595 0.000000 0.000000 0.000000 1.000000
0.999579 -0.026156 -0.012589 2.567221 0.027650 0.989964 0.138589 58.451664 0.008838 -0.138878 0.990270 4.361198 0.000000 0.000000 0.000000 1.000000
0.999638 -0.023694 -0.012750 2.544702 0.025257 0.989679 0.141058 58.455235 0.009276 -0.141329 0.989919 4.385064 0.000000 0.000000 0.000000 1.000000</float_array><technique_common><accessor source="#mixamorig_Hips-Matrix-animation-output-transform-array" count="94" stride="16"><param type="float4x4"/></accessor></technique_common></source><source id="mixamorig_Hips-Interpolations"><Name_array id="mixamorig_Hips-Interpolations-array" count="94">
 LINEAR LINEAR LINEAR LINEAR LINEAR LINEAR LINEAR LINEAR LINEAR LINEAR LINEAR
LINEAR LINEAR LINEAR LINEAR LINEAR LINEAR LINEAR LINEAR LINEAR LINEAR LINEAR LINEAR
LINEAR LINEAR LINEAR LINEAR LINEAR LINEAR LINEAR LINEAR LINEAR LINEAR LINEAR LINEAR
LINEAR LINEAR LINEAR LINEAR LINEAR LINEAR LINEAR LINEAR LINEAR LINEAR LINEAR LINEAR
LINEAR LINEAR LINEAR LINEAR LINEAR LINEAR LINEAR LINEAR LINEAR LINEAR LINEAR LINEAR
LINEAR LINEAR LINEAR LINEAR LINEAR LINEAR LINEAR LINEAR LINEAR LINEAR LINEAR LINEAR
LINEAR LINEAR LINEAR LINEAR LINEAR LINEAR LINEAR LINEAR LINEAR LINEAR LINEAR LINEAR
LINEAR LINEAR LINEAR LINEAR LINEAR LINEAR LINEAR LINEAR LINEAR LINEAR LINEAR</Name_array><technique_common><accessor source="#mixamorig_Hips-Interpolations-array" count="94"><param type="name"/></accessor></technique_common></source><sampler id="mixamorig_Hips-Matrix-animation-transform"><input semantic="INPUT" source="#mixamorig_Hips-Matrix-animation-input"/><input semantic="OUTPUT" source="#mixamorig_Hips-Matrix-animation-output-transform"/><input semantic="INTERPOLATION" source="#mixamorig_Hips-Interpolations"/></sampler><channel source="#mixamorig_Hips-Matrix-animation-transform" target="mixamorig_Hips/matrix"/></animation>
    <animation id="mixamorig_Spine-anim" name="mixamorig_Spine"><source id="mixamorig_Spine-Matrix-animation-input"><float_array id="mixamorig_Spine-Matrix-animation-input-array" count="94">

0.000000 0.033333 0.066667 0.100000 0.133333 0.166667 0.200000 0.233333 0.266667 0.300000 0.333333 0.366667 0.400000 0.433333 0.466667 0.500000
0.533333 0.566667 0.600000 0.633333 0.666667 0.700000 0.733333 0.766667 0.800000 0.833333 0.866667 0.900000 0.933333 0.966667 1.000000 1.033333
1.066667 1.100000 1.133333 1.166667 1.200000 1.233333 1.266667 1.300000 1.333333 1.366667 1.400000 1.433333 1.466667 1.500000 1.533333 1.566667
1.600000 1.633333 1.666667 1.700000 1.733333 1.766667 1.800000 1.833333 1.866667 1.900000 1.933333 1.966667 2.000000 2.033333 2.066667 2.100000
2.133333 2.166667 2.200000 2.233333 2.266667 2.300000 2.333333 2.366667 2.400000 2.433333 2.466667 2.500000 2.533333 2.566667 2.600000 2.633333
2.666667 2.700000 2.733333 2.766667 2.800000 2.833333 2.866667 2.900000 2.933333 2.966667 3.000000 3.033333 3.066667 3.100000</float_array><technique_common><accessor source="#mixamorig_Spine-Matrix-animation-input-array" count="94"><param name="TIME" type="float"/></accessor></technique_common></source><source id="mixamorig_Spine-Matrix-animation-output-transform"><float_array id="mixamorig_Spine-Matrix-animation-output-transform-array" count="1504">

0.997047 -0.068477 -0.034760 0.000000 0.012509 0.591411 -0.806274 16.216101 0.075769 0.803458 0.590521 -2.336500 0.000000 0.000000 0.000000 1.000000
0.996965 -0.069452 -0.035166 -0.000000 0.012691 0.590684 -0.806803 16.216101 0.076807 0.803908 0.589773 -2.336500 0.000000 0.000000 0.000000 1.000000
0.997056 -0.068483 -0.034474 0.000000 0.012821 0.592232 -0.805665 16.216101 0.075591 0.802852 0.591367 -2.336500 0.000000 0.000000 0.000000 1.000000
0.997149 -0.067452 -0.033823 0.000000 0.012849 0.593480 -0.804746 16.216101 0.074355 0.802018 0.592654 -2.336500 0.000000 0.000000 0.000000 1.000000
0.997155 -0.067351 -0.033847 0.000000 0.012759 0.593362 -0.804834 16.216101 0.074290 0.802113 0.592534 -2.336500 0.000000 0.000000 0.000000 1.000000
0.997163 -0.067159 -0.033983 0.000000 0.012530 0.593307 -0.804879 16.216101 0.074217 0.802170 0.592466 -2.336500 0.000000 0.000000 0.000000 1.000000
0.997156 -0.067194 -0.034139 -0.000000 0.012423 0.593289 -0.804894 16.216101 0.074338 0.802180 0.592436 -2.336500 0.000000 0.000000 0.000000 1.000000
0.997105 -0.067815 -0.034393 -0.000000 0.012532 0.592693 -0.805331 16.216101 0.074997 0.802569 0.591827 -2.336500 0.000000 0.000000 0.000000 1.000000
0.997138 -0.067527 -0.033984 0.000000 0.012672 0.592484 -0.805482 16.216101 0.074527 0.802747 0.591645 -2.336500 0.000000 0.000000 0.000000 1.000000
0.997198 -0.067054 -0.033157 0.000000 0.013060 0.592506 -0.805460 16.216101 0.073655 0.802770 0.591722 -2.336500 0.000000 0.000000 0.000000 1.000000
0.997217 -0.067148 -0.032405 -0.000000 0.013812 0.593480 -0.804730 16.216101 0.073268 0.802043 0.592756 -2.336500 0.000000 0.000000 0.000000 1.000000
0.997333 -0.065864 -0.031445 0.000000 0.014069 0.596250 -0.802676 16.216101 0.071616 0.800092 0.595586 -2.336500 0.000000 0.000000 0.000000 1.000000
0.997410 -0.065845 -0.028956 0.000000 0.015630 0.591339 -0.806271 16.216101 0.070211 0.803730 0.590837 -2.336500 0.000000 0.000000 0.000000 1.000000
0.997330 -0.067719 -0.027337 -0.000000 0.016667 0.575530 -0.817611 16.216101 0.071101 0.814972 0.575122 -2.336500 0.000000 0.000000 0.000000 1.000000
0.997400 -0.067160 -0.026132 0.000000 0.016435 0.565047 -0.824895 16.216101 0.070166 0.822320 0.564682 -2.336500 0.000000 0.000000 0.000000 1.000000
0.997524 -0.066013 -0.024270 0.000000 0.017549 0.567761 -0.823007 16.216101 0.068108 0.820543 0.567513 -2.336500 0.000000 0.000000 0.000000 1.000000
0.997449 -0.067692 -0.022669 0.000000 0.020522 0.576054 -0.817154 16.216101 0.068373 0.814604 0.575973 -2.336500 0.000000 0.000000 0.000000 1.000000
0.997309 -0.071405 -0.016623 -0.000000 0.028192 0.582821 -0.812111 16.216101 0.067678 0.809457 0.583265 -2.336500 0.000000 0.000000 0.000000 1.000000
0.997161 -0.074962 -0.007128 -0.000000 0.038121 0.584190 -0.810721 16.216101 0.064937 0.808147 0.585389 -2.336500 0.000000 0.000000 0.000000 1.000000
0.997236 -0.074240 -0.002843 0.000000 0.041125 0.583476 -0.811089 16.216101 0.061874 0.808730 0.584916 -2.336500 0.000000 0.000000 0.000000 1.000000
0.997415 -0.071860 -0.000046 -0.000000 0.041670 0.578905 -0.814330 16.216101 0.058545 0.812222 0.580403 -2.336500 0.000000 0.000000 0.000000 1.000000
0.997369 -0.072485 0.000628 0.000000 0.042080 0.571907 -0.819239 16.216101 0.059024 0.817110 0.573452 -2.336500 0.000000 0.000000 0.000000 1.000000
0.997347 -0.072130 -0.009769 0.000000 0.033368 0.572349 -0.819331 16.216101 0.064689 0.816832 0.573237 -2.336500 0.000000 0.000000 0.000000 1.000000
0.997567 -0.066361 -0.021380 0.000000 0.021387 0.583132 -0.812096 16.216101 0.066359 0.809663 0.583132 -2.336500 0.000000 0.000000 0.000000 1.000000
0.997944 -0.059267 -0.024405 -0.000000 0.016839 0.609818 -0.792363 16.216101 0.061844 0.790322 0.609562 -2.336500 0.000000 0.000000 0.000000 1.000000
0.997954 -0.059624 -0.023097 -0.000000 0.021114 0.648236 -0.761147 16.216101 0.060355 0.759102 0.648168 -2.336500 0.000000 0.000000 0.000000 1.000000
0.997576 -0.067103 -0.018436 0.000000 0.032175 0.679652 -0.732828 16.216101 0.061705 0.730459 0.680164 -2.336500 0.000000 0.000000 0.000000 1.000000
0.997248 -0.073122 -0.012231 0.000000 0.043453 0.710152 -0.702706 16.216101 0.060069 0.700241 0.711375 -2.336500 0.000000 0.000000 0.000000 1.000000
0.997410 -0.071302 -0.009458 0.000000 0.046843 0.743723 -0.666844 16.216101 0.054582 0.664674 0.745137 -2.336500 0.000000 0.000000 0.000000 1.000000
0.997828 -0.065277 -0.008811 0.000000 0.044996 0.773199 -0.632565 16.216101 0.048104 0.630795 0.774457 -2.336500 0.000000 0.000000 0.000000 1.000000
0.998138 -0.060198 -0.009802 0.000000 0.042346 0.799655 -0.598965 16.216101 0.043895 0.597435 0.800715 -2.336500 0.000000 0.000000 0.000000 1.000000
0.998390 -0.055397 -0.012202 0.000000 0.039030 0.826959 -0.560906 16.216101 0.041163 0.559527 0.827790 -2.336500 0.000000 0.000000 0.000000 1.000000
0.998541 -0.051110 -0.017414 0.000000 0.034599 0.853259 -0.520339 16.216101 0.041453 0.518977 0.853782 -2.336500 0.000000 0.000000 0.000000 1.000000
0.998619 -0.048381 -0.020459 -0.000000 0.032876 0.879414 -0.474921 16.216101 0.040969 0.473593 0.879790 -2.336500 0.000000 0.000000 0.000000 1.000000
0.998764 -0.046711 -0.017008 0.000000 0.035151 0.905536 -0.422810 16.216101 0.035151 0.421690 0.906059 -2.336500 0.000000 0.000000 0.000000 1.000000
0.998911 -0.043953 -0.015642 0.000000 0.034805 0.925349 -0.377516 16.216101 0.031067 0.376560 0.925871 -2.336500 0.000000 0.000000 0.000000 1.000000
0.999012 -0.041404 -0.016178 0.000000 0.033472 0.940143 -0.339132 16.216101 0.029251 0.338256 0.940600 -2.336500 0.000000 0.000000 0.000000 1.000000
0.999063 -0.040293 -0.015804 -0.000000 0.033689 0.953179 -0.300524 16.216101 0.027173 0.299710 0.953643 -2.336500 0.000000 0.000000 0.000000 1.000000
0.999154 -0.038366 -0.014818 0.000000 0.033262 0.965704 -0.257507 16.216101 0.024189 0.256796 0.966163 -2.336500 0.000000 0.000000 0.000000 1.000000
0.999324 -0.034268 -0.013316 0.000000 0.030638 0.976454 -0.213539 16.216101 0.020320 0.212987 0.976844 -2.336500 0.000000 0.000000 0.000000 1.000000
0.999494 -0.029650 -0.011525 0.000000 0.027200 0.984415 -0.173744 16.216101 0.016497 0.173343 0.984723 -2.336500 0.000000 0.000000 0.000000 1.000000
0.999608 -0.026476 -0.009117 0.000000 0.024984 0.990315 -0.136571 16.216101 0.012645 0.136289 0.990588 -2.336500 0.000000 0.000000 0.000000 1.000000
0.999667 -0.025409 -0.004544 0.000000 0.024806 0.994369 -0.103026 16.216101 0.007136 0.102879 0.994668 -2.336500 0.000000 0.000000 0.000000 1.000000
0.999719 -0.023711 -0.000192 0.000000 0.023626 0.996763 -0.076847 16.216101 0.002013 0.076820 0.997043 -2.336500 0.000000 0.000000 0.000000 1.000000
0.999808 -0.019551 0.001455 0.000000 0.019601 0.998362 -0.053759 16.216101 -0.000401 0.053777 0.998553 -2.336500 0.000000 0.000000 0.000000 1.000000
0.999868 -0.016192 0.001391 0.000000 0.016228 0.999343 -0.032419 16.216101 -0.000865 0.032438 0.999473 -2.336500 0.000000 0.000000 0.000000 1.000000
0.999866 -0.016254 0.002112 0.000000 0.016286 0.999740 -0.015974 16.216101 -0.001852 0.016006 0.999870 -2.336500 0.000000 0.000000 0.000000 1.000000
0.999830 -0.017889 0.004543 -0.000000 0.017902 0.999836 -0.002810 16.216101 -0.004492 0.002891 0.999986 -2.336500 0.000000 0.000000 0.000000 1.000000
0.999782 -0.019559 0.007314 0.000000 0.019498 0.999775 0.008365 16.216101 -0.007476 -0.008221 0.999938 -2.336500 0.000000 0.000000 0.000000 1.000000
0.999759 -0.020070 0.008899 0.000000 0.019915 0.999655 0.017117 16.216101 -0.009240 -0.016935 0.999814 -2.336500 0.000000 0.000000 0.000000 1.000000
0.999782 -0.018590 0.009476 0.000000 0.018368 0.999566 0.023049 16.216101 -0.009900 -0.022870 0.999689 -2.336500 0.000000 0.000000 0.000000 1.000000
0.999823 -0.016398 0.009255 0.000000 0.016143 0.999505 0.026996 16.216101 -0.009693 -0.026842 0.999593 -2.336500 0.000000 0.000000 0.000000 1.000000
0.999856 -0.014992 0.008009 0.000000 0.014752 0.999464 0.029237 16.216101 -0.008443 -0.029115 0.999540 -2.336500 0.000000 0.000000 0.000000 1.000000
0.999885 -0.013690 0.006502 0.000000 0.013485 0.999441 0.030606 16.216101 -0.006917 -0.030515 0.999510 -2.336500 0.000000 0.000000 0.000000 1.000000
0.999906 -0.012421 0.005837 0.000000 0.012237 0.999458 0.030567 16.216101 -0.006214 -0.030493 0.999516 -2.336500 0.000000 0.000000 0.000000 1.000000
0.999902 -0.012334 0.006625 0.000000 0.012141 0.999524 0.028361 16.216101 -0.006971 -0.028278 0.999576 -2.336500 0.000000 0.000000 0.000000 1.000000
0.999885 -0.012606 0.008453 -0.000000 0.012369 0.999544 0.027529 16.216101 -0.008796 -0.027421 0.999585 -2.336500 0.000000 0.000000 0.000000 1.000000
0.999861 -0.012478 0.011059 0.000000 0.012145 0.999485 0.029690 16.216101 -0.011424 -0.029552 0.999498 -2.336500 0.000000 0.000000 0.000000 1.000000
0.999831 -0.012393 0.013578 0.000000 0.011951 0.999411 0.032180 16.216101 -0.013969 -0.032012 0.999390 -2.336500 0.000000 0.000000 0.000000 1.000000
0.999809 -0.012207 0.015245 0.000000 0.011675 0.999336 0.034515 16.216101 -0.015657 -0.034330 0.999288 -2.336500 0.000000 0.000000 0.000000 1.000000
0.999798 -0.011906 0.016175 0.000000 0.011317 0.999287 0.036012 16.216101 -0.016592 -0.035822 0.999220 -2.336500 0.000000 0.000000 0.000000 1.000000
0.999809 -0.011517 0.015806 0.000000 0.010924 0.999252 0.037096 16.216101 -0.016221 -0.036916 0.999187 -2.336500 0.000000 0.000000 0.000000 1.000000
0.999823 -0.011339 0.015021 0.000000 0.010752 0.999195 0.038655 16.216101 -0.015447 -0.038487 0.999140 -2.336500 0.000000 0.000000 0.000000 1.000000
0.999815 -0.011720 0.015269 0.000000 0.011102 0.999140 0.039941 16.216101 -0.015724 -0.039764 0.999085 -2.336500 0.000000 0.000000 0.000000 1.000000
0.999800 -0.012341 0.015742 0.000000 0.011708 0.999144 0.039675 16.216101 -0.016219 -0.039483 0.999089 -2.336500 0.000000 0.000000 0.000000 1.000000
0.999801 -0.012290 0.015693 0.000000 0.011672 0.999176 0.038866 16.216101 -0.016158 -0.038675 0.999121 -2.336500 0.000000 0.000000 0.000000 1.000000
0.999811 -0.011881 0.015412 -0.000000 0.011280 0.999194 0.038511 16.216101 -0.015857 -0.038330 0.999139 -2.336500 0.000000 0.000000 0.000000 1.000000
0.999815 -0.012141 0.014897 0.000000 0.011565 0.999205 0.038148 16.216101 -0.015349 -0.037968 0.999161 -2.336500 0.000000 0.000000 0.000000 1.000000
0.999827 -0.012126 0.014091 0.000000 0.011574 0.999188 0.038598 16.216101 -0.014547 -0.038429 0.999155 -2.336500 0.000000 0.000000 0.000000 1.000000
0.999855 -0.010390 0.013473 0.000000 0.009842 0.999145 0.040164 16.216101 -0.013879 -0.040025 0.999102 -2.336500 0.000000 0.000000 0.000000 1.000000
0.999868 -0.009735 0.013006 0.000000 0.009212 0.999168 0.039723 16.216101 -0.013382 -0.039598 0.999126 -2.336500 0.000000 0.000000 0.000000 1.000000
0.999864 -0.010789 0.012439 -0.000000 0.010308 0.999219 0.038144 16.216101 -0.012840 -0.038010 0.999195 -2.336500 0.000000 0.000000 0.000000 1.000000
0.999859 -0.011380 0.012321 0.000000 0.010910 0.999236 0.037541 16.216101 -0.012739 -0.037401 0.999219 -2.336500 0.000000 0.000000 0.000000 1.000000
0.999856 -0.011392 0.012603 -0.000000 0.010920 0.999260 0.036868 16.216101 -0.013013 -0.036725 0.999241 -2.336500 0.000000 0.000000 0.000000 1.000000
0.999848 -0.011483 0.013084 0.000000 0.010994 0.999261 0.036829 16.216101 -0.013497 -0.036680 0.999236 -2.336500 0.000000 0.000000 0.000000 1.000000
0.999838 -0.011621 0.013731 0.000000 0.011101 0.999241 0.037337 16.216101 -0.014154 -0.037179 0.999208 -2.336500 0.000000 0.000000 0.000000 1.000000
0.999836 -0.011714 0.013822 0.000000 0.011189 0.999236 0.037459 16.216101 -0.014250 -0.037298 0.999203 -2.336500 0.000000 0.000000 0.000000 1.000000
0.999836 -0.011902 0.013622 -0.000000 0.011392 0.999253 0.036926 16.216101 -0.014052 -0.036765 0.999225 -2.336500 0.000000 0.000000 0.000000 1.000000
0.999837 -0.012190 0.013350 -0.000000 0.011703 0.999286 0.035923 16.216101 -0.013778 -0.035761 0.999265 -2.336500 0.000000 0.000000 0.000000 1.000000
0.999843 -0.012365 0.012666 0.000000 0.011915 0.999315 0.035035 16.216101 -0.013091 -0.034878 0.999306 -2.336500 0.000000 0.000000 0.000000 1.000000
0.999853 -0.012432 0.011840 0.000000 0.012019 0.999337 0.034361 16.216101 -0.012260 -0.034214 0.999339 -2.336500 0.000000 0.000000 0.000000 1.000000
0.999859 -0.012624 0.011080 0.000000 0.012244 0.999355 0.033769 16.216101 -0.011499 -0.033628 0.999368 -2.336500 0.000000 0.000000 0.000000 1.000000
0.999855 -0.013223 0.010693 -0.000000 0.012872 0.999397 0.032249 16.216101 -0.011113 -0.032107 0.999423 -2.336500 0.000000 0.000000 0.000000 1.000000
0.999847 -0.013761 0.010823 -0.000000 0.013418 0.999426 0.031113 16.216101 -0.011245 -0.030963 0.999457 -2.336500 0.000000 0.000000 0.000000 1.000000
0.999839 -0.013902 0.011376 0.000000 0.013538 0.999413 0.031458 16.216101 -0.011807 -0.031299 0.999440 -2.336500 0.000000 0.000000 0.000000 1.000000
0.999826 -0.014392 0.011881 0.000000 0.014010 0.999402 0.031615 16.216101 -0.012329 -0.031443 0.999430 -2.336500 0.000000 0.000000 0.000000 1.000000
0.999817 -0.014466 0.012557 0.000000 0.014055 0.999382 0.032217 16.216101 -0.013015 -0.032035 0.999402 -2.336500 0.000000 0.000000 0.000000 1.000000
0.999814 -0.013255 0.014040 -0.000000 0.012759 0.999310 0.034888 16.216101 -0.014493 -0.034702 0.999293 -2.336500 0.000000 0.000000 0.000000 1.000000
0.999804 -0.012962 0.014949 0.000000 0.012404 0.999244 0.036847 16.216101 -0.015416 -0.036654 0.999209 -2.336500 0.000000 0.000000 0.000000 1.000000
0.999801 -0.013032 0.015126 0.000000 0.012448 0.999199 0.038039 16.216101 -0.015609 -0.037843 0.999162 -2.336500 0.000000 0.000000 0.000000 1.000000
0.999799 -0.013010 0.015271 0.000000 0.012412 0.999179 0.038576 16.216101 -0.015761 -0.038379 0.999139 -2.336500 0.000000 0.000000 0.000000 1.000000
0.999798 -0.014121 0.014270 0.000000 0.013586 0.999226 0.036925 16.216101 -0.014781 -0.036723 0.999216 -2.336500 0.000000 0.000000 0.000000 1.000000
0.999781 -0.016143 0.013295 0.000000 0.015687 0.999309 0.033691 16.216101 -0.013830 -0.033475 0.999344 -2.336500 0.000000 0.000000 0.000000 1.000000
0.999742 -0.018245 0.013546 0.000000 0.017825 0.999378 0.030440 16.216101 -0.014093 -0.030191 0.999445 -2.336500 0.000000 0.000000 0.000000 1.000000</float_array><technique_common><accessor source="#mixamorig_Spine-Matrix-animation-output-transform-array" count="94" stride="16"><param type="float4x4"/></accessor></technique_common></source><source id="mixamorig_Spine-Interpolations"><Name_array id="mixamorig_Spine-Interpolations-array" count="94">
 LINEAR LINEAR LINEAR LINEAR LINEAR LINEAR LINEAR LINEAR LINEAR LINEAR LINEAR
LINEAR LINEAR LINEAR LINEAR LINEAR LINEAR LINEAR LINEAR LINEAR LINEAR LINEAR LINEAR
LINEAR LINEAR LINEAR LINEAR LINEAR LINEAR LINEAR LINEAR LINEAR LINEAR LINEAR LINEAR
LINEAR LINEAR LINEAR LINEAR LINEAR LINEAR LINEAR LINEAR LINEAR LINEAR LINEAR LINEAR
LINEAR LINEAR LINEAR LINEAR LINEAR LINEAR LINEAR LINEAR LINEAR LINEAR LINEAR LINEAR
LINEAR LINEAR LINEAR LINEAR LINEAR LINEAR LINEAR LINEAR LINEAR LINEAR LINEAR LINEAR
LINEAR LINEAR LINEAR LINEAR LINEAR LINEAR LINEAR LINEAR LINEAR LINEAR LINEAR LINEAR
LINEAR LINEAR LINEAR LINEAR LINEAR LINEAR LINEAR LINEAR LINEAR LINEAR LINEAR</Name_array><technique_common><accessor source="#mixamorig_Spine-Interpolations-array" count="94"><param type="name"/></accessor></technique_common></source><sampler id="mixamorig_Spine-Matrix-animation-transform"><input semantic="INPUT" source="#mixamorig_Spine-Matrix-animation-input"/><input semantic="OUTPUT" source="#mixamorig_Spine-Matrix-animation-output-transform"/><input semantic="INTERPOLATION" source="#mixamorig_Spine-Interpolations"/></sampler><channel source="#mixamorig_Spine-Matrix-animation-transform" target="mixamorig_Spine/matrix"/></animation>
    <animation id="mixamorig_Spine1-anim" name="mixamorig_Spine1"><source id="mixamorig_Spine1-Matrix-animation-input"><float_array id="mixamorig_Spine1-Matrix-animation-input-array" count="94">

0.000000 0.033333 0.066667 0.100000 0.133333 0.166667 0.200000 0.233333 0.266667 0.300000 0.333333 0.366667 0.400000 0.433333 0.466667 0.500000
0.533333 0.566667 0.600000 0.633333 0.666667 0.700000 0.733333 0.766667 0.800000 0.833333 0.866667 0.900000 0.933333 0.966667 1.000000 1.033333
1.066667 1.100000 1.133333 1.166667 1.200000 1.233333 1.266667 1.300000 1.333333 1.366667 1.400000 1.433333 1.466667 1.500000 1.533333 1.566667
1.600000 1.633333 1.666667 1.700000 1.733333 1.766667 1.800000 1.833333 1.866667 1.900000 1.933333 1.966667 2.000000 2.033333 2.066667 2.100000
2.133333 2.166667 2.200000 2.233333 2.266667 2.300000 2.333333 2.366667 2.400000 2.433333 2.466667 2.500000 2.533333 2.566667 2.600000 2.633333
2.666667 2.700000 2.733333 2.766667 2.800000 2.833333 2.866667 2.900000 2.933333 2.966667 3.000000 3.033333 3.066667 3.100000</float_array><technique_common><accessor source="#mixamorig_Spine1-Matrix-animation-input-array" count="94"><param name="TIME" type="float"/></accessor></technique_common></source><source id="mixamorig_Spine1-Matrix-animation-output-transform"><float_array id="mixamorig_Spine1-Matrix-animation-output-transform-array" count="1504">

0.999389 -0.007209 -0.034198 0.000000 -0.005452 0.934355 -0.356302 9.477100 0.034521 0.356271 0.933745 -1.486900 0.000000 0.000000 0.000000 1.000000
0.999391 -0.007129 -0.034170 0.000000 -0.005400 0.935557 -0.353135 9.477100 0.034485 0.353104 0.934948 -1.486900 0.000000 0.000000 0.000000 1.000000
0.999413 -0.006821 -0.033565 0.000000 -0.005406 0.936277 -0.351221 9.477100 0.033822 0.351197 0.935691 -1.486900 0.000000 0.000000 0.000000 1.000000
0.999431 -0.006717 -0.033052 0.000000 -0.005279 0.936738 -0.349992 9.477100 0.033312 0.349967 0.936169 -1.486900 0.000000 0.000000 0.000000 1.000000
0.999435 -0.006782 -0.032907 0.000000 -0.005143 0.936987 -0.349325 9.477100 0.033203 0.349297 0.936423 -1.486900 0.000000 0.000000 0.000000 1.000000
0.999440 -0.006775 -0.032773 -0.000000 -0.005097 0.937055 -0.349145 9.477100 0.033076 0.349116 0.936495 -1.486900 0.000000 0.000000 0.000000 1.000000
0.999441 -0.006862 -0.032713 0.000000 -0.004990 0.937097 -0.349034 9.477100 0.033051 0.349002 0.936539 -1.486900 0.000000 0.000000 0.000000 1.000000
0.999437 -0.007055 -0.032794 0.000000 -0.004820 0.937284 -0.348534 9.477100 0.033196 0.348496 0.936722 -1.486900 0.000000 0.000000 0.000000 1.000000
0.999446 -0.007043 -0.032523 0.000000 -0.004697 0.937706 -0.347397 9.477100 0.032944 0.347357 0.937154 -1.486900 0.000000 0.000000 0.000000 1.000000
0.999461 -0.006888 -0.032085 0.000000 -0.004610 0.938568 -0.345064 9.477100 0.032491 0.345026 0.938031 -1.486900 0.000000 0.000000 0.000000 1.000000
0.999468 -0.006943 -0.031881 0.000000 -0.004348 0.940040 -0.341037 9.477100 0.032337 0.340994 0.939509 -1.486900 0.000000 0.000000 0.000000 1.000000
0.999477 -0.007257 -0.031520 0.000000 -0.003785 0.941570 -0.336796 9.477100 0.032122 0.336739 0.941050 -1.486900 0.000000 0.000000 0.000000 1.000000
0.999505 -0.006677 -0.030757 -0.000000 -0.003916 0.943259 -0.332036 9.477100 0.031228 0.331992 0.942765 -1.486900 0.000000 0.000000 0.000000 1.000000
0.999541 -0.003932 -0.030042 0.000000 -0.006037 0.945822 -0.324629 9.477100 0.029691 0.324662 0.945364 -1.486900 0.000000 0.000000 0.000000 1.000000
0.999576 -0.001977 -0.029055 0.000000 -0.007357 0.948191 -0.317615 9.477100 0.028178 0.317694 0.947774 -1.486900 0.000000 0.000000 0.000000 1.000000
0.999616 -0.001513 -0.027685 0.000000 -0.007244 0.949586 -0.313424 9.477100 0.026764 0.313504 0.949209 -1.486900 0.000000 0.000000 0.000000 1.000000
0.999652 -0.000520 -0.026371 0.000000 -0.007659 0.951003 -0.309086 9.477100 0.025240 0.309181 0.950668 -1.486900 0.000000 0.000000 0.000000 1.000000
0.999707 -0.000715 -0.024211 -0.000000 -0.006627 0.953352 -0.301787 9.477100 0.023297 0.301859 0.953068 -1.486900 0.000000 0.000000 0.000000 1.000000
0.999768 -0.001616 -0.021484 -0.000000 -0.004642 0.957602 -0.288057 9.477100 0.021039 0.288090 0.957372 -1.486900 0.000000 0.000000 0.000000 1.000000
0.999809 -0.000889 -0.019512 0.000000 -0.004379 0.963331 -0.268279 9.477100 0.019035 0.268313 0.963144 -1.486900 0.000000 0.000000 0.000000 1.000000
0.999841 0.000104 -0.017848 0.000000 -0.004424 0.970214 -0.242208 9.477100 0.017291 0.242248 0.970060 -1.486900 0.000000 0.000000 0.000000 1.000000
0.999849 -0.000189 -0.017371 -0.000000 -0.003471 0.977602 -0.210435 9.477100 0.017021 0.210464 0.977453 -1.486900 0.000000 0.000000 0.000000 1.000000
0.999808 -0.000884 -0.019565 -0.000000 -0.002593 0.984208 -0.176999 9.477100 0.019412 0.177016 0.984016 -1.486900 0.000000 0.000000 0.000000 1.000000
0.999783 -0.000809 -0.020819 0.000000 -0.002191 0.989623 -0.143675 9.477100 0.020719 0.143689 0.989406 -1.486900 0.000000 0.000000 0.000000 1.000000
0.999794 -0.001479 -0.020253 0.000000 -0.000821 0.993583 -0.113104 9.477100 0.020290 0.113097 0.993377 -1.486900 0.000000 0.000000 0.000000 1.000000
0.999808 -0.002312 -0.019465 0.000000 0.000634 0.996314 -0.085776 9.477100 0.019591 0.085748 0.996124 -1.486900 0.000000 0.000000 0.000000 1.000000
0.999859 0.000228 -0.016778 -0.000000 -0.001197 0.998329 -0.057767 9.477100 0.016736 0.057779 0.998189 -1.486900 0.000000 0.000000 0.000000 1.000000
0.999900 0.000674 -0.014113 -0.000000 -0.001144 0.999444 -0.033328 9.477100 0.014082 0.033341 0.999345 -1.486900 0.000000 0.000000 0.000000 1.000000
0.999909 -0.001721 -0.013399 0.000000 0.001134 0.999043 -0.043718 9.477100 0.013461 0.043699 0.998954 -1.486900 0.000000 0.000000 0.000000 1.000000
