<?xml version="1.0" encoding="utf-8"?>
<COLLADA xmlns="http://www.collada.org/2005/11/COLLADASchema" version="1.4.1">
  <asset>
    <contributor>
      <authoring_tool>FBX COLLADA exporter</authoring_tool>
    </contributor>
    <created>2020-03-30T14:33:26Z</created>
    <modified>2020-03-30T14:33:26Z</modified>
    <unit meter="0.010000" name="centimeter"/>
    <up_axis>Y_UP</up_axis>
  </asset>
  <library_animations>
    <animation id="mixamorig_Hips-anim" name="mixamorig_Hips">
      <animation>
        <source id="mixamorig_Hips-Matrix-animation-input">
          <float_array id="mixamorig_Hips-Matrix-animation-input-array" count="57">

0.000000 0.041667 0.083333 0.125000 0.166667 0.208333 0.250000 0.291667 0.333333 0.375000 0.416667 0.458333 0.500000 0.541667 0.583333 0.625000
0.666667 0.708333 0.750000 0.791667 0.833333 0.875000 0.916667 0.958333 1.000000 1.041667 1.083333 1.125000 1.166667 1.208333 1.250000 1.291667
1.333333 1.375000 1.416667 1.458333 1.500000 1.541667 1.583333 1.625000 1.666667 1.708333 1.750000 1.791667 1.833333 1.875000 1.916667 1.958333
2.000000 2.041667 2.083333 2.125000 2.166667 2.208333 2.250000 2.291667 2.333333</float_array>
          <technique_common>
            <accessor source="#mixamorig_Hips-Matrix-animation-input-array" count="57">
              <param name="TIME" type="float"/>
            </accessor>
          </technique_common>
        </source>
        <source id="mixamorig_Hips-Matrix-animation-output-transform">
          <float_array id="mixamorig_Hips-Matrix-animation-output-transform-array" count="912">

0.727760 0.053307 -0.683757 0.000000 -0.000084 0.996982 0.077637 53.481365 0.685832 -0.056444 0.725568 0.000000 0.000000 0.000000 0.000000 1.000000
0.748399 0.028522 -0.662635 0.000000 -0.012110 0.999496 0.029345 52.821484 0.663138 -0.013938 0.748367 0.000000 0.000000 0.000000 0.000000 1.000000
0.765012 0.002218 -0.644013 0.000000 -0.022037 0.999499 -0.022735 51.957363 0.643640 0.031585 0.764677 0.000000 0.000000 0.000000 0.000000 1.000000
0.781628 -0.028036 -0.623115 0.000000 -0.024875 0.996793 -0.076053 51.161369 0.623249 0.074945 0.778424 0.000000 0.000000 0.000000 0.000000 1.000000
0.807976 -0.050879 -0.587015 0.000000 -0.028478 0.991728 -0.125154 50.668713 0.588527 0.117839 0.799844 0.000000 0.000000 0.000000 0.000000 1.000000
0.840830 -0.061078 -0.537842 0.000000 -0.046002 0.981956 -0.183429 50.662895 0.539341 0.178975 0.822848 0.000000 0.000000 0.000000 0.000000 1.000000
0.863469 -0.070473 -0.499454 0.000000 -0.067650 0.965064 -0.253127 50.767033 0.499844 0.252355 0.828536 0.000000 0.000000 0.000000 0.000000 1.000000
0.888786 -0.073175 -0.452443 0.000000 -0.098642 0.933496 -0.344751 50.329407 0.447581 0.351040 0.822461 0.000000 0.000000 0.000000 0.000000 1.000000
0.922098 -0.056514 -0.382806 0.000000 -0.141164 0.871970 -0.468765 49.010033 0.360288 0.486286 0.796065 0.000000 0.000000 0.000000 0.000000 1.000000
0.932017 -0.035982 -0.360624 0.000000 -0.191694 0.795524 -0.574800 47.684177 0.307568 0.604853 0.734544 0.000000 0.000000 0.000000 0.000000 1.000000
0.925414 -0.016135 -0.378614 0.000000 -0.256626 0.708458 -0.657442 46.345173 0.278840 0.705568 0.651477 0.000000 0.000000 0.000000 0.000000 1.000000
0.921651 0.007422 -0.387947 0.000000 -0.297474 0.655462 -0.694175 44.118427 0.249133 0.755191 0.606316 0.000000 0.000000 0.000000 0.000000 1.000000
0.926992 0.035956 -0.373353 0.000000 -0.313315 0.621451 -0.718076 41.715683 0.206201 0.782628 0.587346 0.000000 0.000000 0.000000 0.000000 1.000000
0.940604 0.036694 -0.337519 0.000000 -0.299622 0.557239 -0.774410 40.583347 0.159662 0.829541 0.535135 0.000000 0.000000 0.000000 0.000000 1.000000
0.944356 0.028078 -0.327725 0.000000 -0.301576 0.471676 -0.828597 41.888870 0.131315 0.881324 0.453898 0.000000 0.000000 0.000000 0.000000 1.000000
0.946289 0.016025 -0.322928 0.000000 -0.302451 0.396920 -0.866590 45.030025 0.114290 0.917713 0.380448 0.000000 0.000000 0.000000 0.000000 1.000000
0.949667 0.004992 -0.313221 0.000000 -0.299041 0.312275 -0.901698 48.372623 0.093310 0.949979 0.298050 0.000000 0.000000 0.000000 0.000000 1.000000
0.951006 0.036241 -0.307040 0.000000 -0.307957 0.198978 -0.930360 50.677101 0.027377 0.979333 0.200390 0.000000 0.000000 0.000000 0.000000 1.000000
0.965062 0.016165 -0.261520 0.000000 -0.262010 0.051251 -0.963703 53.450638 -0.002175 0.998555 0.053696 0.000000 0.000000 0.000000 0.000000 1.000000
0.977088 -0.029383 -0.210798 0.000000 -0.212809 -0.119106 -0.969807 55.394466 0.003389 0.992446 -0.122630 0.000000 0.000000 0.000000 0.000000 1.000000
0.981926 -0.059054 -0.179818 0.000000 -0.189193 -0.279726 -0.941254 55.729641 0.005285 0.958262 -0.285842 0.000000 0.000000 0.000000 0.000000 1.000000
0.976328 -0.075356 -0.202745 0.000000 -0.215111 -0.436256 -0.873732 54.530682 -0.022608 0.896661 -0.442139 0.000000 0.000000 0.000000 0.000000 1.000000
0.952731 -0.123670 -0.277504 0.000000 -0.295147 -0.593371 -0.748865 52.307358 -0.072051 0.795372 -0.601823 0.000000 0.000000 0.000000 0.000000 1.000000
0.902630 -0.202799 -0.379646 0.000000 -0.404227 -0.702394 -0.585869 49.206062 -0.147848 0.682286 -0.715979 0.000000 0.000000 0.000000 0.000000 1.000000
0.822332 -0.283003 -0.493638 0.000000 -0.500881 -0.771652 -0.392009 45.087456 -0.269977 0.569616 -0.776305 0.000000 0.000000 0.000000 0.000000 1.000000
0.726104 -0.364045 -0.583305 0.000000 -0.540261 -0.826817 -0.156499 39.823067 -0.425314 0.428772 -0.797034 0.000000 0.000000 0.000000 0.000000 1.000000
0.623317 -0.441756 -0.645234 0.000000 -0.512705 -0.853905 0.089331 33.527321 -0.590431 0.275133 -0.758744 0.000000 0.000000 0.000000 0.000000 1.000000
0.518369 -0.540415 -0.662756 0.000000 -0.384346 -0.839553 0.383964 26.871803 -0.763919 0.055693 -0.642905 0.000000 0.000000 0.000000 0.000000 1.000000
0.440739 -0.677500 -0.588849 0.000000 -0.124701 -0.695851 0.707277 21.705894 -0.888931 -0.238294 -0.391174 0.000000 0.000000 0.000000 0.000000 1.000000
0.444654 -0.764391 -0.466893 0.000000 0.144640 -0.453140 0.879627 19.982916 -0.883947 -0.458661 -0.090929 0.000000 0.000000 0.000000 0.000000 1.000000
0.471672 -0.728395 -0.496957 0.000000 0.420228 -0.309785 0.852902 18.960190 -0.775199 -0.611125 0.159975 0.000000 0.000000 0.000000 0.000000 1.000000
0.490639 -0.588697 -0.642424 0.000000 0.693593 -0.182424 0.696886 16.976349 -0.527448 -0.787501 0.318812 0.000000 0.000000 0.000000 0.000000 1.000000
0.520563 -0.477686 -0.707694 0.000000 0.822164 0.056826 0.566407 14.833687 -0.230349 -0.876692 0.422317 0.000000 0.000000 0.000000 0.000000 1.000000
0.573009 -0.460520 -0.677924 0.000000 0.818922 0.354088 0.451651 12.982593 0.032051 -0.813967 0.580026 0.000000 0.000000 0.000000 0.000000 1.000000
0.544666 -0.475818 -0.690606 0.000000 0.791690 0.563413 0.236205 13.430107 0.276705 -0.675399 0.683572 0.000000 0.000000 0.000000 0.000000 1.000000
0.511747 -0.492753 -0.703783 0.000000 0.710681 0.703089 0.024495 14.690901 0.482752 -0.512700 0.709993 0.000000 0.000000 0.000000 0.000000 1.000000
0.529302 -0.430681 -0.730995 0.000000 0.565284 0.821508 -0.074695 16.035000 0.632687 -0.373684 0.678283 0.000000 0.000000 0.000000 0.000000 1.000000
0.529838 -0.371964 -0.762178 0.000000 0.453085 0.883839 -0.116370 17.862715 0.716927 -0.283675 0.636823 0.000000 0.000000 0.000000 0.000000 1.000000
0.522239 -0.341341 -0.781507 0.000000 0.374513 0.915102 -0.149425 20.209118 0.766163 -0.214649 0.605739 0.000000 0.000000 0.000000 0.000000 1.000000
0.554421 -0.297334 -0.777309 0.000000 0.299740 0.942660 -0.146791 23.184429 0.776384 -0.151607 0.611754 0.000000 0.000000 0.000000 0.000000 1.000000
0.587147 -0.266886 -0.764219 0.000000 0.234348 0.959700 -0.155105 26.481623 0.774816 -0.088024 0.626028 0.000000 0.000000 0.000000 0.000000 1.000000
0.592030 -0.239009 -0.769659 0.000000 0.178037 0.970204 -0.164339 30.396244 0.786005 -0.039734 0.616942 0.000000 0.000000 0.000000 0.000000 1.000000
0.583090 -0.203614 -0.786477 0.000000 0.134427 0.978919 -0.153773 34.375130 0.801209 -0.016060 0.598169 0.000000 0.000000 0.000000 0.000000 1.000000
0.579596 -0.163945 -0.798242 0.000000 0.094365 0.986467 -0.134086 38.303360 0.809422 0.002390 0.587223 0.000000 0.000000 0.000000 0.000000 1.000000
0.571372 -0.135042 -0.809505 0.000000 0.061778 0.990648 -0.121656 42.073933 0.818363 0.019501 0.574371 0.000000 0.000000 0.000000 0.000000 1.000000
0.558671 -0.111608 -0.821845 0.000000 0.033922 0.993150 -0.111812 45.543484 0.828695 0.034587 0.558631 0.000000 0.000000 0.000000 0.000000 1.000000
0.553262 -0.086910 -0.828461 0.000000 0.010541 0.995193 -0.097362 48.780186 0.832940 0.045134 0.551519 0.000000 0.000000 0.000000 0.000000 1.000000
0.554759 -0.066471 -0.829352 0.000000 -0.001790 0.996706 -0.081082 51.499699 0.832009 0.046465 0.552813 0.000000 0.000000 0.000000 0.000000 1.000000
0.568680 -0.042795 -0.821445 0.000000 -0.004367 0.998475 -0.055041 53.282742 0.822548 0.034888 0.567625 0.000000 0.000000 0.000000 0.000000 1.000000
0.605044 -0.017123 -0.796008 0.000000 -0.007511 0.999602 -0.027211 54.201195 0.796156 0.022443 0.604675 0.000000 0.000000 0.000000 0.000000 1.000000
0.641920 -0.000495 -0.766771 0.000000 -0.009299 0.999921 -0.008431 54.745785 0.766715 0.012542 0.641865 0.000000 0.000000 0.000000 0.000000 1.000000
0.665234 0.011031 -0.746554 0.000000 -0.007359 0.999939 0.008218 54.789803 0.746599 0.000027 0.665275 0.000000 0.000000 0.000000 0.000000 1.000000
0.679608 0.019583 -0.733314 0.000000 -0.004550 0.999737 0.022481 54.518009 0.733562 -0.011942 0.679518 0.000000 0.000000 0.000000 0.000000 1.000000
0.692457 0.026419 -0.720975 0.000000 -0.005113 0.999484 0.031715 54.165672 0.721441 -0.018275 0.692234 0.000000 0.000000 0.000000 0.000000 1.000000
0.705852 0.035587 -0.707465 0.000000 -0.006324 0.999014 0.043943 53.810070 0.708332 -0.026543 0.705381 0.000000 0.000000 0.000000 0.000000 1.000000
0.713216 0.043885 -0.699569 0.000000 -0.004156 0.998285 0.058387 53.631424 0.700932 -0.038735 0.712176 0.000000 0.000000 0.000000 0.000000 1.000000
0.718305 0.049348 -0.693976 0.000000 -0.001094 0.997560 0.069804 53.561111 0.695727 -0.049381 0.716607 0.000000 0.000000 0.000000 0.000000 1.000000</float_array>
          <technique_common>
            <accessor source="#mixamorig_Hips-Matrix-animation-output-transform-array" count="57" stride="16">
              <param type="float4x4"/>
            </accessor>
          </technique_common>
        </source>
        <source id="mixamorig_Hips-Interpolations">
          <Name_array id="mixamorig_Hips-Interpolations-array" count="57">
 LINEAR LINEAR LINEAR LINEAR LINEAR LINEAR LINEAR LINEAR LINEAR LINEAR LINEAR
LINEAR LINEAR LINEAR LINEAR LINEAR LINEAR LINEAR LINEAR LINEAR LINEAR LINEAR LINEAR
LINEAR LINEAR LINEAR LINEAR LINEAR LINEAR LINEAR LINEAR LINEAR LINEAR LINEAR LINEAR
LINEAR LINEAR LINEAR LINEAR LINEAR LINEAR LINEAR LINEAR LINEAR LINEAR LINEAR LINEAR
LINEAR LINEAR LINEAR LINEAR LINEAR LINEAR LINEAR LINEAR LINEAR LINEAR</Name_array>
          <technique_common>
            <accessor source="#mixamorig_Hips-Interpolations-array" count="57">
              <param type="name"/>
            </accessor>
          </technique_common>
        </source>
        <sampler id="mixamorig_Hips-Matrix-animation-transform">
          <input semantic="INPUT" source="#mixamorig_Hips-Matrix-animation-input"/>
          <input semantic="OUTPUT" source="#mixamorig_Hips-Matrix-animation-output-transform"/>
          <input semantic="INTERPOLATION" source="#mixamorig_Hips-Interpolations"/>
        </sampler>
        <channel source="#mixamorig_Hips-Matrix-animation-transform" target="mixamorig_Hips/matrix"/>
      </animation>
    </animation>
    <animation id="mixamorig_Spine-anim" name="mixamorig_Spine">
      <animation>
        <source id="mixamorig_Spine-Matrix-animation-input">
          <float_array id="mixamorig_Spine-Matrix-animation-input-array" count="57">

0.000000 0.041667 0.083333 0.125000 0.166667 0.208333 0.250000 0.291667 0.333333 0.375000 0.416667 0.458333 0.500000 0.541667 0.583333 0.625000
0.666667 0.708333 0.750000 0.791667 0.833333 0.875000 0.916667 0.958333 1.000000 1.041667 1.083333 1.125000 1.166667 1.208333 1.250000 1.291667
1.333333 1.375000 1.416667 1.458333 1.500000 1.541667 1.583333 1.625000 1.666667 1.708333 1.750000 1.791667 1.833333 1.875000 1.916667 1.958333
2.000000 2.041667 2.083333 2.125000 2.166667 2.208333 2.250000 2.291667 2.333333</float_array>
          <technique_common>
            <accessor source="#mixamorig_Spine-Matrix-animation-input-array" count="57">
              <param name="TIME" type="float"/>
            </accessor>
          </technique_common>
        </source>
        <source id="mixamorig_Spine-Matrix-animation-output-transform">
          <float_array id="mixamorig_Spine-Matrix-animation-output-transform-array" count="912">

0.996362 0.007928 0.084853 -0.000000 -0.010601 0.999460 0.031100 16.216101 -0.084561 -0.031886 0.995908 -2.336500 0.000000 0.000000 0.000000 1.000000
0.997320 0.002788 0.073111 0.000000 -0.005904 0.999082 0.042434 16.216101 -0.072926 -0.042751 0.996420 -2.336500 0.000000 0.000000 0.000000 1.000000
0.997974 -0.002674 0.063563 0.000000 -0.000718 0.998579 0.053293 16.216101 -0.063615 -0.053231 0.996554 -2.336500 0.000000 0.000000 0.000000 1.000000
0.998458 -0.003881 0.055393 0.000000 0.000293 0.997910 0.064627 16.216101 -0.055528 -0.064511 0.996371 -2.336500 0.000000 0.000000 0.000000 1.000000
0.998918 -0.003998 0.046339 0.000000 0.000528 0.997209 0.074661 16.216101 -0.046508 -0.074556 0.996132 -2.336500 0.000000 0.000000 0.000000 1.000000
0.999226 -0.007999 0.038516 0.000000 0.004934 0.996861 0.079018 16.216101 -0.039027 -0.078766 0.996129 -2.336500 0.000000 0.000000 0.000000 1.000000
0.999495 -0.006788 0.031058 -0.000000 0.004542 0.997406 0.071835 16.216101 -0.031465 -0.071657 0.996933 -2.336500 0.000000 0.000000 0.000000 1.000000
0.999798 -0.001298 0.020059 0.000000 0.000017 0.997968 0.063712 16.216101 -0.020101 -0.063698 0.997767 -2.336500 0.000000 0.000000 0.000000 1.000000
0.999975 -0.003941 0.005887 -0.000000 0.003568 0.998068 0.062035 16.216101 -0.006120 -0.062012 0.998057 -2.336500 0.000000 0.000000 0.000000 1.000000
0.999903 -0.012154 0.006837 -0.000000 0.011744 0.998302 0.057054 16.216101 -0.007519 -0.056968 0.998348 -2.336500 0.000000 0.000000 0.000000 1.000000
0.999615 -0.020158 0.019047 0.000000 0.019006 0.998087 0.058827 16.216101 -0.020197 -0.058442 0.998086 -2.336500 0.000000 0.000000 0.000000 1.000000
0.999391 -0.024290 0.025040 0.000000 0.022827 0.998105 0.057141 16.216101 -0.026380 -0.056535 0.998052 -2.336500 0.000000 0.000000 0.000000 1.000000
0.999264 -0.029709 0.024284 -0.000000 0.028248 0.997891 0.058445 16.216101 -0.025969 -0.057716 0.997995 -2.336500 0.000000 0.000000 0.000000 1.000000
0.999182 -0.033806 0.022195 0.000000 0.032175 0.997017 0.070152 16.216101 -0.024501 -0.069380 0.997290 -2.336500 0.000000 0.000000 0.000000 1.000000
0.999161 -0.034182 0.022561 -0.000000 0.032442 0.996771 0.073450 16.216101 -0.024999 -0.072657 0.997044 -2.336500 0.000000 0.000000 0.000000 1.000000
0.999305 -0.032029 0.019056 0.000000 0.030718 0.997380 0.065490 16.216101 -0.021104 -0.064859 0.997671 -2.336500 0.000000 0.000000 0.000000 1.000000
0.998686 -0.047202 0.019934 -0.000000 0.045980 0.997265 0.057869 16.216101 -0.022611 -0.056876 0.998125 -2.336500 0.000000 0.000000 0.000000 1.000000
0.996261 -0.079554 0.033703 -0.000000 0.077726 0.995594 0.052459 16.216101 -0.037728 -0.049643 0.998054 -2.336500 0.000000 0.000000 0.000000 1.000000
0.996235 -0.080609 0.031917 0.000000 0.078641 0.995171 0.058742 16.216101 -0.036498 -0.056011 0.997763 -2.336500 0.000000 0.000000 0.000000 1.000000
0.997372 -0.068392 0.023918 0.000000 0.066611 0.995413 0.068665 16.216101 -0.028505 -0.066891 0.997353 -2.336500 0.000000 0.000000 0.000000 1.000000
0.997733 -0.064653 0.018670 -0.000000 0.063076 0.995158 0.075379 16.216101 -0.023453 -0.074030 0.996980 -2.336500 0.000000 0.000000 0.000000 1.000000
0.997543 -0.069772 0.006250 -0.000000 0.069073 0.994550 0.078095 16.216101 -0.011665 -0.077471 0.996927 -2.336500 0.000000 0.000000 0.000000 1.000000
0.997234 -0.074316 -0.001019 -0.000000 0.074163 0.994095 0.079212 16.216101 -0.004874 -0.079068 0.996858 -2.336500 0.000000 0.000000 0.000000 1.000000
0.997021 -0.076981 0.004832 0.000000 0.076450 0.994572 0.070576 16.216101 -0.010239 -0.069996 0.997495 -2.336500 0.000000 0.000000 0.000000 1.000000
0.996172 -0.086148 0.014817 0.000000 0.085309 0.995094 0.050110 16.216101 -0.019061 -0.048654 0.998634 -2.336500 0.000000 0.000000 0.000000 1.000000
0.996310 -0.084527 0.014859 -0.000000 0.084174 0.996185 0.023009 16.216101 -0.016747 -0.021673 0.999624 -2.336500 0.000000 0.000000 0.000000 1.000000
0.997865 -0.064670 0.009197 -0.000000 0.064743 0.997871 -0.007935 16.216101 -0.008665 0.008514 0.999926 -2.336500 0.000000 0.000000 0.000000 1.000000
0.999723 -0.023244 -0.003853 -0.000000 0.023132 0.999373 -0.026840 16.216101 0.004474 0.026744 0.999633 -2.336500 0.000000 0.000000 0.000000 1.000000
0.999792 0.014890 -0.013953 -0.000000 -0.015058 0.999815 -0.011960 16.216101 0.013772 0.012167 0.999831 -2.336500 0.000000 0.000000 0.000000 1.000000
0.998728 0.046303 -0.019961 -0.000000 -0.045610 0.998386 0.033850 16.216101 0.021496 -0.032896 0.999228 -2.336500 0.000000 0.000000 0.000000 1.000000
0.997503 0.068888 -0.015546 -0.000000 -0.068210 0.996845 0.040594 16.216101 0.018293 -0.039432 0.999055 -2.336500 0.000000 0.000000 0.000000 1.000000
0.997620 0.068759 0.005064 -0.000000 -0.068772 0.997629 0.002597 16.216101 -0.004873 -0.002939 0.999984 -2.336500 0.000000 0.000000 0.000000 1.000000
0.998144 0.059866 0.011161 0.000000 -0.059601 0.997964 -0.022714 16.216101 -0.012498 0.022007 0.999680 -2.336500 0.000000 0.000000 0.000000 1.000000
0.998149 0.060806 -0.001502 0.000000 -0.060824 0.997971 -0.018820 16.216101 0.000355 0.018876 0.999821 -2.336500 0.000000 0.000000 0.000000 1.000000
0.997577 0.069280 -0.006406 0.000000 -0.069354 0.997518 -0.012150 16.216101 0.005548 0.012565 0.999906 -2.336500 0.000000 0.000000 0.000000 1.000000
0.996795 0.079992 0.000752 0.000000 -0.079993 0.996794 0.001909 16.216101 -0.000597 -0.001963 0.999998 -2.336500 0.000000 0.000000 0.000000 1.000000
0.996462 0.083197 0.011904 0.000000 -0.083296 0.996492 0.008038 16.216101 -0.011194 -0.009001 0.999897 -2.336500 0.000000 0.000000 0.000000 1.000000
0.996286 0.081767 0.027012 0.000000 -0.082020 0.996595 0.008394 16.216101 -0.026234 -0.010578 0.999600 -2.336500 0.000000 0.000000 0.000000 1.000000
0.996128 0.078359 0.039865 0.000000 -0.079058 0.996737 0.016268 16.216101 -0.038460 -0.019356 0.999072 -2.336500 0.000000 0.000000 0.000000 1.000000
0.996200 0.069630 0.052320 -0.000000 -0.071130 0.997091 0.027378 16.216101 -0.050261 -0.030996 0.998255 -2.336500 0.000000 0.000000 0.000000 1.000000
0.996112 0.059861 0.064639 0.000000 -0.062572 0.997208 0.040765 16.216101 -0.062018 -0.044651 0.997076 -2.336500 0.000000 0.000000 0.000000 1.000000
0.995853 0.054995 0.072477 0.000000 -0.058621 0.997083 0.048884 16.216101 -0.069577 -0.052930 0.996171 -2.336500 0.000000 0.000000 0.000000 1.000000
0.995161 0.054658 0.081649 0.000000 -0.058855 0.997018 0.049911 16.216101 -0.078678 -0.054475 0.995410 -2.336500 0.000000 0.000000 0.000000 1.000000
0.994651 0.051250 0.089686 0.000000 -0.055924 0.997162 0.050403 16.216101 -0.086848 -0.055149 0.994694 -2.336500 0.000000 0.000000 0.000000 1.000000
0.994544 0.047394 0.092934 0.000000 -0.052660 0.997094 0.055048 16.216101 -0.090055 -0.059642 0.994149 -2.336500 0.000000 0.000000 0.000000 1.000000
0.994834 0.041300 0.092729 -0.000000 -0.047021 0.997067 0.060392 16.216101 -0.089963 -0.064440 0.993858 -2.336500 0.000000 0.000000 0.000000 1.000000
0.995269 0.034375 0.090873 -0.000000 -0.040107 0.997269 0.062015 16.216101 -0.088493 -0.065366 0.993930 -2.336500 0.000000 0.000000 0.000000 1.000000
0.995549 0.029162 0.089619 0.000000 -0.034719 0.997528 0.061085 16.216101 -0.087616 -0.063924 0.994101 -2.336500 0.000000 0.000000 0.000000 1.000000
0.995648 0.025886 0.089528 0.000000 -0.031123 0.997854 0.057604 16.216101 -0.087845 -0.060140 0.994317 -2.336500 0.000000 0.000000 0.000000 1.000000
0.995729 0.023997 0.089154 -0.000000 -0.029019 0.998038 0.055472 16.216101 -0.087648 -0.057822 0.994472 -2.336500 0.000000 0.000000 0.000000 1.000000
0.995804 0.022223 0.088773 0.000000 -0.027295 0.998039 0.056335 16.216101 -0.087347 -0.058522 0.994457 -2.336500 0.000000 0.000000 0.000000 1.000000
0.995856 0.021322 0.088414 0.000000 -0.026297 0.998113 0.055493 16.216101 -0.087064 -0.057589 0.994537 -2.336500 0.000000 0.000000 0.000000 1.000000
0.995856 0.021069 0.088468 0.000000 -0.025764 0.998301 0.052268 16.216101 -0.087216 -0.054331 0.994707 -2.336500 0.000000 0.000000 0.000000 1.000000
0.995897 0.018230 0.088639 -0.000000 -0.022615 0.998557 0.048714 16.216101 -0.087623 -0.050519 0.994872 -2.336500 0.000000 0.000000 0.000000 1.000000
0.996048 0.014487 0.087624 0.000000 -0.018383 0.998870 0.043816 16.216101 -0.086891 -0.045254 0.995190 -2.336500 0.000000 0.000000 0.000000 1.000000
0.996134 0.012104 0.087005 -0.000000 -0.015490 0.999144 0.038345 16.216101 -0.086467 -0.039544 0.995470 -2.336500 0.000000 0.000000 0.000000 1.000000
0.996194 0.010119 0.086576 -0.000000 -0.013128 0.999327 0.034258 16.216101 -0.086171 -0.035264 0.995656 -2.336500 0.000000 0.000000 0.000000 1.000000</float_array>
          <technique_common>
            <accessor source="#mixamorig_Spine-Matrix-animation-output-transform-array" count="57" stride="16">
              <param type="float4x4"/>
            </accessor>
          </technique_common>
        </source>
        <source id="mixamorig_Spine-Interpolations">
          <Name_array id="mixamorig_Spine-Interpolations-array" count="57">
 LINEAR LINEAR LINEAR LINEAR LINEAR LINEAR LINEAR LINEAR LINEAR LINEAR LINEAR
LINEAR LINEAR LINEAR LINEAR LINEAR LINEAR LINEAR LINEAR LINEAR LINEAR LINEAR LINEAR
LINEAR LINEAR LINEAR LINEAR LINEAR LINEAR LINEAR LINEAR LINEAR LINEAR LINEAR LINEAR
LINEAR LINEAR LINEAR LINEAR LINEAR LINEAR LINEAR LINEAR LINEAR LINEAR LINEAR LINEAR
LINEAR LINEAR LINEAR LINEAR LINEAR LINEAR LINEAR LINEAR LINEAR LINEAR</Name_array>
          <technique_common>
            <accessor source="#mixamorig_Spine-Interpolations-array" count="57">
              <param type="name"/>
            </accessor>
          </technique_common>
        </source>
        <sampler id="mixamorig_Spine-Matrix-animation-transform">
          <input semantic="INPUT" source="#mixamorig_Spine-Matrix-animation-input"/>
          <input semantic="OUTPUT" source="#mixamorig_Spine-Matrix-animation-output-transform"/>
          <input semantic="INTERPOLATION" source="#mixamorig_Spine-Interpolations"/>
        </sampler>
        <channel source="#mixamorig_Spine-Matrix-animation-transform" target="mixamorig_Spine/matrix"/>
      </animation>
    </animation>
    <animation id="mixamorig_Spine1-anim" name="mixamorig_Spine1">
      <animation>
        <source id="mixamorig_Spine1-Matrix-animation-input">
          <float_array id="mixamorig_Spine1-Matrix-animation-input-array" count="57">

0.000000 0.041667 0.083333 0.125000 0.166667 0.208333 0.250000 0.291667 0.333333 0.375000 0.416667 0.458333 0.500000 0.541667 0.583333 0.625000
0.666667 0.708333 0.750000 0.791667 0.833333 0.875000 0.916667 0.958333 1.000000 1.041667 1.083333 1.125000 1.166667 1.208333 1.250000 1.291667
1.333333 1.375000 1.416667 1.458333 1.500000 1.541667 1.583333 1.625000 1.666667 1.708333 1.750000 1.791667 1.833333 1.875000 1.916667 1.958333
2.000000 2.041667 2.083333 2.125000 2.166667 2.208333 2.250000 2.291667 2.333333</float_array>
          <technique_common>
            <accessor source="#mixamorig_Spine1-Matrix-animation-input-array" count="57">
              <param name="TIME" type="float"/>
            </accessor>
          </technique_common>
        </source>
        <source id="mixamorig_Spine1-Matrix-animation-output-transform">
          <float_array id="mixamorig_Spine1-Matrix-animation-output-transform-array" count="912">

0.986155 0.031913 0.162725 0.000000 0.001438 0.979624 -0.200836 9.477100 -0.165819 0.198290 0.966015 -1.486900 0.000000 0.000000 0.000000 1.000000
0.989743 0.030528 0.139559 -0.000000 -0.005052 0.983769 -0.179365 9.477100 -0.142769 0.176820 0.973833 -1.486900 0.000000 0.000000 0.000000 1.000000
0.992358 0.030423 0.119582 0.000000 -0.011177 0.987307 -0.158432 9.477100 -0.122884 0.155884 0.980102 -1.486900 0.000000 0.000000 0.000000 1.000000
0.994209 0.036409 0.101109 0.000000 -0.022413 0.990419 -0.136263 9.477100 -0.105102 0.133207 0.985500 -1.486900 0.000000 0.000000 0.000000 1.000000
0.995871 0.041214 0.080888 -0.000000 -0.031648 0.992725 -0.116167 9.477100 -0.085087 0.113127 0.989931 -1.486900 0.000000 0.000000 0.000000 1.000000
0.997492 0.032218 0.063017 0.000000 -0.025348 0.993943 -0.106933 9.477100 -0.066081 0.105068 0.992267 -1.486900 0.000000 0.000000 0.000000 1.000000
0.998666 0.022401 0.046528 0.000000 -0.016634 0.992535 -0.120822 9.477100 -0.048887 0.119887 0.991583 -1.486900 0.000000 0.000000 0.000000 1.000000
0.999587 0.010707 0.026655 0.000000 -0.006961 0.990563 -0.136882 9.477100 -0.027869 0.136640 0.990229 -1.486900 0.000000 0.000000 0.000000 1.000000
0.999909 -0.012406 0.005283 0.000000 0.013025 0.989993 -0.140516 9.477100 -0.003487 0.140572 0.990064 -1.486900 0.000000 0.000000 0.000000 1.000000
0.999620 -0.025180 0.011249 -0.000000 0.026585 0.988294 -0.150225 9.477100 -0.007334 0.150467 0.988588 -1.486900 0.000000 0.000000 0.000000 1.000000
0.999120 -0.028385 0.030866 -0.000000 0.032609 0.988704 -0.146288 9.477100 -0.026365 0.147166 0.988760 -1.486900 0.000000 0.000000 0.000000 1.000000
0.998846 -0.028138 0.038936 0.000000 0.033665 0.988190 -0.149490 9.477100 -0.034270 0.150628 0.987996 -1.486900 0.000000 0.000000 0.000000 1.000000
0.998480 -0.037895 0.040009 0.000000 0.043387 0.988217 -0.146778 9.477100 -0.033975 0.148291 0.988360 -1.486900 0.000000 0.000000 0.000000 1.000000
0.998121 -0.047837 0.038308 0.000000 0.052233 0.990973 -0.123464 9.477100 -0.032056 0.125233 0.991610 -1.486900 0.000000 0.000000 0.000000 1.000000
0.997856 -0.050851 0.041204 -0.000000 0.055358 0.991604 -0.116864 9.477100 -0.034916 0.118894 0.992293 -1.486900 0.000000 0.000000 0.000000 1.000000
0.997689 -0.055314 0.039471 -0.000000 0.060102 0.989323 -0.132770 9.477100 -0.031705 0.134835 0.990361 -1.486900 0.000000 0.000000 0.000000 1.000000
0.997469 -0.065318 0.028074 -0.000000 0.068765 0.986644 -0.147663 9.477100 -0.018054 0.149220 0.988639 -1.486900 0.000000 0.000000 0.000000 1.000000
0.995592 -0.087781 0.033036 0.000000 0.091925 0.983165 -0.157908 9.477100 -0.018618 0.160249 0.986901 -1.486900 0.000000 0.000000 0.000000 1.000000
0.994511 -0.098845 0.034321 0.000000 0.102820 0.984017 -0.145388 9.477100 -0.019402 0.148119 0.988779 -1.486900 0.000000 0.000000 0.000000 1.000000
0.994331 -0.101337 0.032181 0.000000 0.104614 0.986519 -0.125840 9.477100 -0.018995 0.128493 0.991529 -1.486900 0.000000 0.000000 0.000000 1.000000
0.993419 -0.110547 0.029964 0.000000 0.113249 0.987157 -0.112673 9.477100 -0.017124 0.115325 0.993180 -1.486900 0.000000 0.000000 0.000000 1.000000
0.989823 -0.141220 0.017573 -0.000000 0.142294 0.983929 -0.107871 9.477100 -0.002057 0.109274 0.994009 -1.486900 0.000000 0.000000 0.000000 1.000000
0.985939 -0.166337 0.016024 0.000000 0.167095 0.980217 -0.106086 9.477100 0.001939 0.107272 0.994228 -1.486900 0.000000 0.000000 0.000000 1.000000
0.984455 -0.172616 0.032456 0.000000 0.175323 0.976870 -0.122423 9.477100 -0.010573 0.126210 0.991947 -1.486900 0.000000 0.000000 0.000000 1.000000
0.982561 -0.180093 0.046272 -0.000000 0.185280 0.969252 -0.161932 9.477100 -0.015686 0.167681 0.985717 -1.486900 0.000000 0.000000 0.000000 1.000000
0.984417 -0.171025 0.040898 0.000000 0.175831 0.960552 -0.215462 9.477100 -0.002435 0.219295 0.975656 -1.486900 0.000000 0.000000 0.000000 1.000000
0.990604 -0.133457 0.029882 0.000000 0.136500 0.951341 -0.276257 9.477100 0.008440 0.277741 0.960619 -1.486900 0.000000 0.000000 0.000000 1.000000
0.998386 -0.056747 0.002301 0.000000 0.054605 0.947978 -0.313619 9.477100 0.015616 0.313239 0.949546 -1.486900 0.000000 0.000000 0.000000 1.000000
0.999773 0.011508 -0.017903 0.000000 -0.016143 0.958224 -0.285562 9.477100 0.013869 0.285786 0.958193 -1.486900 0.000000 0.000000 0.000000 1.000000
0.998656 0.047822 -0.019997 -0.000000 -0.050837 0.978933 -0.197750 9.477100 0.010119 0.198501 0.980048 -1.486900 0.000000 0.000000 0.000000 1.000000
0.997932 0.058879 -0.025800 -0.000000 -0.062661 0.980563 -0.185925 9.477100 0.014351 0.187157 0.982225 -1.486900 0.000000 0.000000 0.000000 1.000000
0.997583 0.069044 -0.007865 0.000000 -0.068725 0.963477 -0.258822 9.477100 -0.010292 0.258737 0.965893 -1.486900 0.000000 0.000000 0.000000 1.000000
0.997078 0.076191 0.005568 -0.000000 -0.070820 0.949201 -0.306599 9.477100 -0.028645 0.305309 0.951822 -1.486900 0.000000 0.000000 0.000000 1.000000
0.997619 0.068973 0.000044 -0.000000 -0.065790 0.951770 -0.299676 9.477100 -0.020711 0.298959 0.954041 -1.486900 0.000000 0.000000 0.000000 1.000000
0.996037 0.088845 0.004141 0.000000 -0.083925 0.954257 -0.286966 9.477100 -0.029447 0.285481 0.957932 -1.486900 0.000000 0.000000 0.000000 1.000000
0.992536 0.121077 0.014563 0.000000 -0.113181 0.959041 -0.259675 9.477100 -0.045407 0.256088 0.965587 -1.486900 0.000000 0.000000 0.000000 1.000000
0.991322 0.129054 0.025014 0.000000 -0.118917 0.961486 -0.247798 9.477100 -0.056030 0.242673 0.968489 -1.486900 0.000000 0.000000 0.000000 1.000000
0.991891 0.119705 0.042688 0.000000 -0.105613 0.963226 -0.247065 9.477100 -0.070693 0.240553 0.968058 -1.486900 0.000000 0.000000 0.000000 1.000000
0.992139 0.111706 0.056391 -0.000000 -0.095842 0.968102 -0.231499 9.477100 -0.080453 0.224275 0.971199 -1.486900 0.000000 0.000000 0.000000 1.000000
0.992595 0.102523 0.065151 -0.000000 -0.086843 0.973937 -0.209535 9.477100 -0.084935 0.202326 0.975628 -1.486900 0.000000 0.000000 0.000000 1.000000
0.992217 0.097630 0.077287 0.000000 -0.082114 0.979623 -0.183290 9.477100 -0.093607 0.175517 0.980016 -1.486900 0.000000 0.000000 0.000000 1.000000
0.990500 0.100093 0.094292 0.000000 -0.083306 0.982319 -0.167657 9.477100 -0.109406 0.158209 0.981326 -1.486900 0.000000 0.000000 0.000000 1.000000
0.988204 0.096777 0.118692 0.000000 -0.076416 0.983248 -0.165481 9.477100 -0.132718 0.154459 0.979045 -1.486900 0.000000 0.000000 0.000000 1.000000
0.986738 0.080573 0.140911 0.000000 -0.057090 0.984907 -0.163398 9.477100 -0.151949 0.153186 0.976446 -1.486900 0.000000 0.000000 0.000000 1.000000
0.985395 0.066923 0.156585 0.000000 -0.042701 0.987267 -0.153232 9.477100 -0.164846 0.144308 0.975705 -1.486900 0.000000 0.000000 0.000000 1.000000
0.984783 0.052905 0.165537 0.000000 -0.029293 0.989440 -0.141955 9.477100 -0.171299 0.134946 0.975933 -1.486900 0.000000 0.000000 0.000000 1.000000
0.984790 0.041231 0.168787 -0.000000 -0.017740 0.990220 -0.138383 9.477100 -0.172842 0.133284 0.975890 -1.486900 0.000000 0.000000 0.000000 1.000000
0.984558 0.037662 0.170962 0.000000 -0.013488 0.990002 -0.140412 9.477100 -0.174541 0.135938 0.975221 -1.486900 0.000000 0.000000 0.000000 1.000000
0.984199 0.039399 0.172626 -0.000000 -0.013676 0.988932 -0.147735 9.477100 -0.176536 0.143040 0.973845 -1.486900 0.000000 0.000000 0.000000 1.000000
0.984353 0.039075 0.171818 0.000000 -0.012680 0.988282 -0.152108 9.477100 -0.175748 0.147550 0.973315 -1.486900 0.000000 0.000000 0.000000 1.000000
0.984391 0.041402 0.171055 0.000000 -0.015360 0.988438 -0.150845 9.477100 -0.175322 0.145863 0.973646 -1.486900 0.000000 0.000000 0.000000 1.000000
0.984266 0.046679 0.170414 0.000000 -0.020347 0.988000 -0.153108 9.477100 -0.175516 0.147231 0.973405 -1.486900 0.000000 0.000000 0.000000 1.000000
0.984242 0.048325 0.170095 0.000000 -0.020874 0.986959 -0.159615 9.477100 -0.175590 0.153549 0.972415 -1.486900 0.000000 0.000000 0.000000 1.000000
0.984399 0.044766 0.170161 -0.000000 -0.016050 0.985907 -0.166523 9.477100 -0.175217 0.161194 0.971244 -1.486900 0.000000 0.000000 0.000000 1.000000
0.984991 0.039704 0.167976 0.000000 -0.009657 0.984336 -0.176037 9.477100 -0.172334 0.171773 0.969946 -1.486900 0.000000 0.000000 0.000000 1.000000
0.985299 0.037102 0.166759 0.000000 -0.005390 0.982397 -0.186728 9.477100 -0.170751 0.183085 0.968155 -1.486900 0.000000 0.000000 0.000000 1.000000
0.985488 0.035083 0.166079 -0.000000 -0.002105 0.980859 -0.194709 9.477100 -0.169731 0.191534 0.966699 -1.486900 0.000000 0.000000 0.000000 1.000000</float_array>
          <technique_common>
            <accessor source="#mixamorig_Spine1-Matrix-animation-output-transform-array" count="57" stride="16">
              <param type="float4x4"/>
            </accessor>
          </technique_common>
        </source>
        <source id="mixamorig_Spine1-Interpolations">
          <Name_array id="mixamorig_Spine1-Interpolations-array" count="57">
 LINEAR LINEAR LINEAR LINEAR LINEAR LINEAR LINEAR LINEAR LINEAR LINEAR LINEAR
LINEAR LINEAR LINEAR LINEAR LINEAR LINEAR LINEAR LINEAR LINEAR LINEAR LINEAR LINEAR
LINEAR LINEAR LINEAR LINEAR LINEAR LINEAR LINEAR LINEAR LINEAR LINEAR LINEAR LINEAR
LINEAR LINEAR LINEAR LINEAR LINEAR LINEAR LINEAR LINEAR LINEAR LINEAR LINEAR LINEAR
LINEAR LINEAR LINEAR LINEAR LINEAR LINEAR LINEAR LINEAR LINEAR LINEAR</Name_array>
          <technique_common>
            <accessor source="#mixamorig_Spine1-Interpolations-array" count="57">
              <param type="name"/>
            </accessor>
          </technique_common>
        </source>
        <sampler id="mixamorig_Spine1-Matrix-animation-transform">
          <input semantic="INPUT" source="#mixamorig_Spine1-Matrix-animation-input"/>
          <input semantic="OUTPUT" source="#mixamorig_Spine1-Matrix-animation-output-transform"/>
          <input semantic="INTERPOLATION" source="#mixamorig_Spine1-Interpolations"/>
        </sampler>
        <channel source="#mixamorig_Spine1-Matrix-animation-transform" target="mixamorig_Spine1/matrix"/>
      </animation>
    </animation>
    <animation id="mixamorig_Spine2-anim" name="mixamorig_Spine2">
      <animation>
        <source id="mixamorig_Spine2-Matrix-animation-input">
          <float_array id="mixamorig_Spine2-Matrix-animation-input-array" count="57">

0.000000 0.041667 0.083333 0.125000 0.166667 0.208333 0.250000 0.291667 0.333333 0.375000 0.416667 0.458333 0.500000 0.541667 0.583333 0.625000
0.666667 0.708333 0.750000 0.791667 0.833333 0.875000 0.916667 0.958333 1.000000 1.041667 1.083333 1.125000 1.166667 1.208333 1.250000 1.291667
1.333333 1.375000 1.416667 1.458333 1.500000 1.541667 1.583333 1.625000 1.666667 1.708333 1.750000 1.791667 1.833333 1.875000 1.916667 1.958333
2.000000 2.041667 2.083333 2.125000 2.166667 2.208333 2.250000 2.291667 2.333333</float_array>
          <technique_common>
            <accessor source="#mixamorig_Spine2-Matrix-animation-input-array" count="57">
              <param name="TIME" type="float"/>
            </accessor>
          </technique_common>
        </source>
        <source id="mixamorig_Spine2-Matrix-animation-output-transform">
          <float_array id="mixamorig_Spine2-Matrix-animation-output-transform-array" count="912">

0.986155 0.031913 0.162725 0.000000 0.001438 0.979624 -0.200836 12.786900 -0.165819 0.198290 0.966015 -1.438600 0.000000 0.000000 0.000000 1.000000
0.989743 0.030528 0.139559 0.000000 -0.005052 0.983769 -0.179365 12.786900 -0.142769 0.176820 0.973833 -1.438600 0.000000 0.000000 0.000000 1.000000
0.992358 0.030423 0.119582 0.000000 -0.011177 0.987307 -0.158432 12.786900 -0.122884 0.155884 0.980102 -1.438600 0.000000 0.000000 0.000000 1.000000
0.994209 0.036409 0.101109 0.000000 -0.022413 0.990419 -0.136263 12.786900 -0.105102 0.133207 0.985500 -1.438600 0.000000 0.000000 0.000000 1.000000
0.995871 0.041214 0.080888 0.000000 -0.031648 0.992725 -0.116167 12.786900 -0.085087 0.113127 0.989931 -1.438600 0.000000 0.000000 0.000000 1.000000
0.997492 0.032218 0.063017 0.000000 -0.025348 0.993943 -0.106934 12.786900 -0.066081 0.105069 0.992267 -1.438600 0.000000 0.000000 0.000000 1.000000
0.998666 0.022401 0.046528 0.000000 -0.016634 0.992535 -0.120822 12.786900 -0.048887 0.119887 0.991583 -1.438600 0.000000 0.000000 0.000000 1.000000
0.999587 0.010707 0.026655 0.000000 -0.006961 0.990563 -0.136882 12.786900 -0.027869 0.136640 0.990229 -1.438600 0.000000 0.000000 0.000000 1.000000
0.999909 -0.012406 0.005283 0.000000 0.013025 0.989993 -0.140516 12.786900 -0.003487 0.140572 0.990064 -1.438600 0.000000 0.000000 0.000000 1.000000
0.999620 -0.025180 0.011249 -0.000000 0.026585 0.988294 -0.150224 12.786900 -0.007335 0.150466 0.988588 -1.438600 0.000000 0.000000 0.000000 1.000000
0.999120 -0.028385 0.030866 -0.000000 0.032609 0.988704 -0.146288 12.786900 -0.026365 0.147166 0.988760 -1.438600 0.000000 0.000000 0.000000 1.000000
0.998846 -0.028138 0.038937 0.000000 0.033665 0.988190 -0.149490 12.786900 -0.034271 0.150628 0.987996 -1.438600 0.000000 0.000000 0.000000 1.000000
0.998480 -0.037895 0.040009 -0.000000 0.043387 0.988217 -0.146778 12.786900 -0.033975 0.148291 0.988360 -1.438600 0.000000 0.000000 0.000000 1.000000
0.998121 -0.047837 0.038308 0.000000 0.052233 0.990973 -0.123464 12.786900 -0.032056 0.125232 0.991610 -1.438600 0.000000 0.000000 0.000000 1.000000
0.997856 -0.050851 0.041204 0.000000 0.055358 0.991604 -0.116865 12.786900 -0.034915 0.118895 0.992293 -1.438600 0.000000 0.000000 0.000000 1.000000
0.997689 -0.055314 0.039470 0.000000 0.060102 0.989323 -0.132770 12.786900 -0.031705 0.134836 0.990361 -1.438600 0.000000 0.000000 0.000000 1.000000
0.997469 -0.065318 0.028074 0.000000 0.068765 0.986644 -0.147663 12.786900 -0.018054 0.149220 0.988639 -1.438600 0.000000 0.000000 0.000000 1.000000
0.995592 -0.087781 0.033036 -0.000000 0.091925 0.983166 -0.157909 12.786900 -0.018618 0.160250 0.986901 -1.438600 0.000000 0.000000 0.000000 1.000000
0.994511 -0.098845 0.034321 0.000000 0.102820 0.984017 -0.145389 12.786900 -0.019402 0.148120 0.988779 -1.438600 0.000000 0.000000 0.000000 1.000000
0.994331 -0.101337 0.032181 0.000000 0.104614 0.986519 -0.125840 12.786900 -0.018995 0.128493 0.991529 -1.438600 0.000000 0.000000 0.000000 1.000000
0.993419 -0.110547 0.029964 0.000000 0.113249 0.987157 -0.112673 12.786900 -0.017124 0.115325 0.993180 -1.438600 0.000000 0.000000 0.000000 1.000000
0.989823 -0.141219 0.017573 -0.000000 0.142294 0.983929 -0.107871 12.786900 -0.002057 0.109274 0.994009 -1.438600 0.000000 0.000000 0.000000 1.000000
0.985939 -0.166336 0.016024 0.000000 0.167095 0.980217 -0.106086 12.786900 0.001939 0.107272 0.994228 -1.438600 0.000000 0.000000 0.000000 1.000000
0.984455 -0.172616 0.032456 0.000000 0.175323 0.976870 -0.122423 12.786900 -0.010573 0.126210 0.991947 -1.438600 0.000000 0.000000 0.000000 1.000000
0.982561 -0.180093 0.046272 0.000000 0.185280 0.969252 -0.161932 12.786900 -0.015686 0.167681 0.985717 -1.438600 0.000000 0.000000 0.000000 1.000000
0.984417 -0.171025 0.040898 0.000000 0.175831 0.960552 -0.215462 12.786900 -0.002435 0.219295 0.975656 -1.438600 0.000000 0.000000 0.000000 1.000000
0.990604 -0.133457 0.029882 0.000000 0.136500 0.951341 -0.276258 12.786900 0.008440 0.277741 0.960619 -1.438600 0.000000 0.000000 0.000000 1.000000
0.998386 -0.056747 0.002301 0.000000 0.054605 0.947978 -0.313619 12.786900 0.015616 0.313239 0.949546 -1.438600 0.000000 0.000000 0.000000 1.000000
0.999773 0.011508 -0.017903 0.000000 -0.016143 0.958224 -0.285562 12.786900 0.013869 0.285786 0.958193 -1.438600 0.000000 0.000000 0.000000 1.000000
0.998656 0.047823 -0.019997 0.000000 -0.050838 0.978933 -0.197750 12.786900 0.010119 0.198501 0.980048 -1.438600 0.000000 0.000000 0.000000 1.000000
0.997932 0.058879 -0.025800 0.000000 -0.062661 0.980563 -0.185925 12.786900 0.014352 0.187157 0.982225 -1.438600 0.000000 0.000000 0.000000 1.000000
0.997583 0.069044 -0.007865 0.000000 -0.068724 0.963477 -0.258822 12.786900 -0.010292 0.258737 0.965893 -1.438600 0.000000 0.000000 0.000000 1.000000
