<?xml version="1.0" encoding="utf-8"?>
<COLLADA xmlns="http://www.collada.org/2005/11/COLLADASchema" version="1.4.1">
  <asset><contributor><author>Mixamo</author><authoring_tool>COLLADA Mixamo exporter</authoring_tool><comments></comments></contributor><created>2020-03-30T00:13:07Z</created><modified>2020-03-30T00:13:07Z</modified><revision></revision><title></title><unit meter="0.010000"/><up_axis>Y_UP</up_axis></asset>
  <library_animations>
    <animation id="mixamorig_Hips-anim" name="mixamorig_Hips"><source id="mixamorig_Hips-Matrix-animation-input"><float_array id="mixamorig_Hips-Matrix-animation-input-array" count="101">

0.000000 0.033333 0.066667 0.100000 0.133333 0.166667 0.200000 0.233333 0.266667 0.300000 0.333333 0.366667 0.400000 0.433333 0.466667 0.500000
0.533333 0.566667 0.600000 0.633333 0.666667 0.700000 0.733333 0.766667 0.800000 0.833333 0.866667 0.900000 0.933333 0.966667 1.000000 1.033333
1.066667 1.100000 1.133333 1.166667 1.200000 1.233333 1.266667 1.300000 1.333333 1.366667 1.400000 1.433333 1.466667 1.500000 1.533333 1.566667
1.600000 1.633333 1.666667 1.700000 1.733333 1.766667 1.800000 1.833333 1.866667 1.900000 1.933333 1.966667 2.000000 2.033333 2.066667 2.100000
2.133333 2.166667 2.200000 2.233333 2.266667 2.300000 2.333333 2.366667 2.400000 2.433333 2.466667 2.500000 2.533333 2.566667 2.600000 2.633333
2.666667 2.700000 2.733333 2.766667 2.800000 2.833333 2.866667 2.900000 2.933333 2.966667 3.000000 3.033333 3.066667 3.100000 3.133333 3.166667
3.200000 3.233333 3.266667 3.300000 3.333333</float_array><technique_common><accessor source="#mixamorig_Hips-Matrix-animation-input-array" count="101"><param name="TIME" type="float"/></accessor></technique_common></source><source id="mixamorig_Hips-Matrix-animation-output-transform"><float_array id="mixamorig_Hips-Matrix-animation-output-transform-array" count="1616">

0.522267 -0.054664 -0.851028 0.736152 0.059766 0.997836 -0.027417 50.133869 0.850685 -0.036544 0.524404 -0.198999 0.000000 0.000000 0.000000 1.000000
0.556613 -0.061393 -0.828500 0.737469 0.046482 0.998005 -0.042725 49.667374 0.829470 -0.014729 0.558356 -0.382016 0.000000 0.000000 0.000000 1.000000
0.603934 -0.066505 -0.794255 0.587828 0.032364 0.997737 -0.058934 48.993988 0.796377 0.009886 0.604720 -0.727196 0.000000 0.000000 0.000000 1.000000
0.653116 -0.068964 -0.754111 0.204590 0.024590 0.997251 -0.069902 48.067249 0.756858 0.027111 0.653017 -1.215954 0.000000 0.000000 0.000000 1.000000
0.697842 -0.058875 -0.713828 -0.391218 0.021662 0.997895 -0.061127 46.930023 0.715924 0.027194 0.697648 -1.776293 0.000000 0.000000 0.000000 1.000000
0.736787 -0.029440 -0.675483 -1.074001 0.021230 0.999566 -0.020408 45.884560 0.675791 0.000696 0.737093 -2.285093 0.000000 0.000000 0.000000 1.000000
0.764915 0.006073 -0.644102 -1.694751 0.024887 0.998930 0.038973 45.230793 0.643650 -0.045841 0.763946 -2.695952 0.000000 0.000000 0.000000 1.000000
0.778767 0.037080 -0.626216 -2.198611 0.032981 0.994451 0.099899 45.177589 0.626445 -0.098451 0.773223 -2.961433 0.000000 0.000000 0.000000 1.000000
0.781812 0.070325 -0.619536 -2.694934 0.042102 0.985397 0.164984 45.770325 0.622092 -0.155070 0.767434 -3.096434 0.000000 0.000000 0.000000 1.000000
0.782732 0.103156 -0.613751 -3.224388 0.047269 0.973465 0.223899 46.921562 0.620562 -0.204265 0.757086 -3.126226 0.000000 0.000000 0.000000 1.000000
0.785216 0.120698 -0.607344 -3.781745 0.051229 0.964794 0.257968 48.406910 0.617099 -0.233674 0.751389 -3.110567 0.000000 0.000000 0.000000 1.000000
0.789284 0.122201 -0.601745 -4.347499 0.057884 0.960825 0.271045 49.968998 0.611294 -0.248763 0.751290 -3.080355 0.000000 0.000000 0.000000 1.000000
0.799849 0.124066 -0.587238 -4.866765 0.061212 0.956439 0.285441 51.495567 0.597071 -0.264256 0.757413 -2.955124 0.000000 0.000000 0.000000 1.000000
0.816243 0.132176 -0.562385 -5.300685 0.057290 0.950157 0.306464 52.878696 0.574861 -0.282368 0.767986 -2.663697 0.000000 0.000000 0.000000 1.000000
0.831907 0.128875 -0.539742 -5.569652 0.053867 0.949310 0.309693 53.723446 0.552294 -0.286710 0.782796 -2.224586 0.000000 0.000000 0.000000 1.000000
0.844001 0.109894 -0.524962 -5.687878 0.057593 0.954555 0.292418 54.144695 0.533240 -0.277035 0.799317 -1.783431 0.000000 0.000000 0.000000 1.000000
0.851206 0.095452 -0.516078 -5.664390 0.057594 0.960395 0.272625 54.287445 0.521661 -0.261783 0.811997 -1.270572 0.000000 0.000000 0.000000 1.000000
0.854415 0.088097 -0.512069 -5.512243 0.050829 0.966623 0.251110 54.258720 0.517100 -0.240580 0.821419 -0.660960 0.000000 0.000000 0.000000 1.000000
0.855267 0.081017 -0.511815 -5.276156 0.042359 0.973466 0.224877 54.186546 0.516453 -0.214010 0.829142 0.100689 0.000000 0.000000 0.000000 1.000000
0.856888 0.074171 -0.510138 -4.981421 0.032685 0.979787 0.197357 54.025387 0.514465 -0.185787 0.837143 0.959739 0.000000 0.000000 0.000000 1.000000
0.862359 0.066721 -0.501881 -4.590546 0.022335 0.985300 0.169366 53.717873 0.505804 -0.157264 0.848192 1.818530 0.000000 0.000000 0.000000 1.000000
0.877011 0.058413 -0.476907 -4.171855 0.009698 0.990228 0.139121 53.313129 0.480373 -0.126635 0.867874 2.683543 0.000000 0.000000 0.000000 1.000000
0.904694 0.051530 -0.422933 -3.902501 -0.008574 0.994660 0.102849 52.817719 0.425975 -0.089421 0.900305 3.546036 0.000000 0.000000 0.000000 1.000000
0.939194 0.048437 -0.339953 -3.855792 -0.029305 0.997696 0.061191 52.261150 0.342133 -0.047508 0.938450 4.326534 0.000000 0.000000 0.000000 1.000000
0.970053 0.041726 -0.239284 -4.023007 -0.040890 0.999128 0.008459 51.597179 0.239428 0.001578 0.970913 5.000483 0.000000 0.000000 0.000000 1.000000
0.991014 0.017514 -0.132609 -4.437342 -0.025910 0.997749 -0.061850 50.770439 0.131228 0.064730 0.989237 5.590791 0.000000 0.000000 0.000000 1.000000
0.998729 -0.008133 -0.049743 -4.947497 0.001964 0.992426 -0.122830 49.776917 0.050365 0.122576 0.991180 5.955299 0.000000 0.000000 0.000000 1.000000
0.999706 -0.015832 -0.018367 -5.252149 0.013140 0.990290 -0.138397 48.486649 0.020380 0.138115 0.990206 6.380000 0.000000 0.000000 0.000000 1.000000
0.999854 -0.013714 0.010190 -5.427140 0.014843 0.992599 -0.120526 46.465839 -0.008461 0.120660 0.992658 7.190259 0.000000 0.000000 0.000000 1.000000
0.996992 -0.010381 0.076807 -5.688996 0.020072 0.991763 -0.126503 44.051704 -0.074861 0.127664 0.988988 8.222002 0.000000 0.000000 0.000000 1.000000
0.991299 0.002597 0.131606 -5.772907 0.016913 0.989005 -0.146912 42.420395 -0.130541 0.147860 0.980355 9.446208 0.000000 0.000000 0.000000 1.000000
0.990702 0.006109 0.135910 -5.506793 0.011108 0.992024 -0.125561 41.516720 -0.135593 0.125903 0.982732 10.590468 0.000000 0.000000 0.000000 1.000000
0.994781 0.007243 0.101776 -5.082408 0.002876 0.995091 -0.098923 40.677784 -0.101993 0.098699 0.989877 11.223654 0.000000 0.000000 0.000000 1.000000
0.998169 0.002421 0.060435 -4.649583 0.003874 0.994588 -0.103827 40.184795 -0.060359 0.103871 0.992758 11.523636 0.000000 0.000000 0.000000 1.000000
0.999009 -0.002349 0.044450 -4.247083 0.007198 0.993989 -0.109239 39.989853 -0.043926 0.109451 0.993021 11.696804 0.000000 0.000000 0.000000 1.000000
0.998972 -0.004119 0.045145 -3.945688 0.009224 0.993501 -0.113445 39.928665 -0.044385 0.113745 0.992518 11.763836 0.000000 0.000000 0.000000 1.000000
0.999188 -0.007199 0.039632 -3.755799 0.011896 0.992751 -0.119595 40.027031 -0.038484 0.119970 0.992031 11.798532 0.000000 0.000000 0.000000 1.000000
0.999395 -0.009170 0.033557 -3.638975 0.013418 0.991599 -0.128652 40.185368 -0.032095 0.129025 0.991122 11.847965 0.000000 0.000000 0.000000 1.000000
0.999504 -0.009145 0.030137 -3.590322 0.013188 0.990510 -0.136807 40.364578 -0.028600 0.137137 0.990139 11.885416 0.000000 0.000000 0.000000 1.000000
0.999681 -0.007366 0.024158 -3.580709 0.010729 0.989779 -0.142207 40.570080 -0.022864 0.142421 0.989542 11.948928 0.000000 0.000000 0.000000 1.000000
0.999734 -0.006849 0.022030 -3.588028 0.010004 0.989164 -0.146471 40.761074 -0.020788 0.146653 0.988970 12.067747 0.000000 0.000000 0.000000 1.000000
0.999620 -0.006406 0.026827 -3.572458 0.010292 0.989035 -0.147325 40.902725 -0.025589 0.147545 0.988724 12.212327 0.000000 0.000000 0.000000 1.000000
0.999502 -0.005560 0.031058 -3.523437 0.010077 0.989046 -0.147262 40.998543 -0.029899 0.147501 0.988610 12.359461 0.000000 0.000000 0.000000 1.000000
0.999537 -0.005219 0.029983 -3.462922 0.009638 0.988761 -0.149193 41.065235 -0.028868 0.149413 0.988353 12.493137 0.000000 0.000000 0.000000 1.000000
0.999628 -0.005437 0.026715 -3.420488 0.009447 0.988280 -0.152360 41.082100 -0.025573 0.152556 0.987964 12.587448 0.000000 0.000000 0.000000 1.000000
0.999674 -0.005029 0.025029 -3.402273 0.008875 0.987711 -0.156040 41.072353 -0.023937 0.156211 0.987434 12.632442 0.000000 0.000000 0.000000 1.000000
0.999609 -0.003706 0.027699 -3.396432 0.008039 0.987407 -0.157994 41.077148 -0.026765 0.158155 0.987052 12.667691 0.000000 0.000000 0.000000 1.000000
0.999597 -0.002478 0.028262 -3.414894 0.006907 0.987465 -0.157690 41.087055 -0.027516 0.157822 0.987084 12.674585 0.000000 0.000000 0.000000 1.000000
0.999672 -0.002498 0.025491 -3.424521 0.006472 0.987569 -0.157054 41.093941 -0.024782 0.157167 0.987261 12.650778 0.000000 0.000000 0.000000 1.000000
0.999696 -0.002067 0.024578 -3.430960 0.005884 0.987693 -0.156297 41.086098 -0.023952 0.156394 0.987404 12.603506 0.000000 0.000000 0.000000 1.000000
0.999784 -0.002657 0.020618 -3.474291 0.005815 0.987955 -0.154633 41.072334 -0.019959 0.154720 0.987757 12.522240 0.000000 0.000000 0.000000 1.000000
0.999886 -0.002504 0.014878 -3.512493 0.004741 0.988329 -0.152262 41.059666 -0.014323 0.152315 0.988228 12.455628 0.000000 0.000000 0.000000 1.000000
0.999888 -0.001174 0.014911 -3.557284 0.003400 0.988654 -0.150173 41.006058 -0.014566 0.150206 0.988547 12.417774 0.000000 0.000000 0.000000 1.000000
0.999839 -0.003472 0.017609 -3.630900 0.006030 0.989063 -0.147371 40.904984 -0.016905 0.147453 0.988925 12.371484 0.000000 0.000000 0.000000 1.000000
0.999867 -0.006457 0.014944 -3.690056 0.008544 0.989525 -0.144112 40.795959 -0.013857 0.144220 0.989449 12.297200 0.000000 0.000000 0.000000 1.000000
0.999844 -0.006324 0.016478 -3.732137 0.008602 0.989813 -0.142113 40.689842 -0.015412 0.142233 0.989713 12.252745 0.000000 0.000000 0.000000 1.000000
0.999618 -0.005946 0.027002 -3.786754 0.009620 0.990375 -0.138074 40.562485 -0.025921 0.138281 0.990054 12.224272 0.000000 0.000000 0.000000 1.000000
0.999479 -0.007172 0.031460 -3.824758 0.011270 0.991174 -0.132089 40.422874 -0.030235 0.132375 0.990738 12.163693 0.000000 0.000000 0.000000 1.000000
0.999554 -0.007894 0.028816 -3.814647 0.011598 0.991349 -0.130741 40.298340 -0.027535 0.131017 0.990998 12.094392 0.000000 0.000000 0.000000 1.000000
0.999463 -0.007517 0.031897 -3.806772 0.011683 0.991111 -0.132526 40.197403 -0.030618 0.132827 0.990666 12.017066 0.000000 0.000000 0.000000 1.000000
0.999305 -0.007752 0.036456 -3.809598 0.012541 0.991030 -0.133051 40.131004 -0.035097 0.133416 0.990438 11.899067 0.000000 0.000000 0.000000 1.000000
0.999399 -0.005786 0.034180 -3.780060 0.010305 0.990985 -0.133577 40.115978 -0.033099 0.133849 0.990449 11.760584 0.000000 0.000000 0.000000 1.000000
0.999548 -0.002783 0.029940 -3.725043 0.006788 0.990886 -0.134533 40.140678 -0.029293 0.134675 0.990457 11.639958 0.000000 0.000000 0.000000 1.000000
0.999647 -0.001537 0.026523 -3.661811 0.005114 0.990787 -0.135334 40.164738 -0.026071 0.135422 0.990445 11.531231 0.000000 0.000000 0.000000 1.000000
0.999737 0.000200 0.022945 -3.587072 0.002902 0.990830 -0.135083 40.179375 -0.022762 0.135114 0.990569 11.442039 0.000000 0.000000 0.000000 1.000000
0.999777 0.002081 0.021037 -3.492435 0.000783 0.990813 -0.135234 40.176907 -0.021125 0.135220 0.990590 11.386791 0.000000 0.000000 0.000000 1.000000
0.999824 0.001678 0.018664 -3.375851 0.000877 0.990702 -0.136043 40.146004 -0.018718 0.136036 0.990527 11.355430 0.000000 0.000000 0.000000 1.000000
0.999890 -0.000072 0.014856 -3.248009 0.002105 0.990585 -0.136880 40.103485 -0.014706 0.136896 0.990476 11.342805 0.000000 0.000000 0.000000 1.000000
0.999967 -0.001926 0.007927 -3.113299 0.003008 0.990327 -0.138722 40.078487 -0.007583 0.138741 0.990300 11.364640 0.000000 0.000000 0.000000 1.000000
0.999992 -0.003927 -0.000995 -2.978063 0.003753 0.990559 -0.137038 40.090927 0.001524 0.137033 0.990565 11.436482 0.000000 0.000000 0.000000 1.000000
0.999983 -0.004042 -0.004087 -2.867018 0.003462 0.991111 -0.132992 40.117165 0.004588 0.132975 0.991109 11.516631 0.000000 0.000000 0.000000 1.000000
0.999993 -0.002241 -0.003119 -2.802940 0.001804 0.991011 -0.133767 40.108753 0.003390 0.133761 0.991008 11.537546 0.000000 0.000000 0.000000 1.000000
0.999992 -0.001031 -0.003964 -2.784678 0.000471 0.990319 -0.138810 40.057575 0.004068 0.138807 0.990311 11.499308 0.000000 0.000000 0.000000 1.000000
0.999989 -0.001136 -0.004524 -2.787480 0.000475 0.989651 -0.143494 39.990837 0.004640 0.143491 0.989641 11.449527 0.000000 0.000000 0.000000 1.000000
0.999990 -0.002031 -0.004060 -2.792623 0.001421 0.989446 -0.144897 39.953575 0.004311 0.144890 0.989438 11.413888 0.000000 0.000000 0.000000 1.000000
0.999982 -0.002082 -0.005641 -2.784478 0.001249 0.989604 -0.143812 40.001762 0.005882 0.143802 0.989589 11.374724 0.000000 0.000000 0.000000 1.000000
0.999913 -0.002648 -0.012910 -2.745731 0.000810 0.990103 -0.140339 40.167992 0.013154 0.140316 0.990019 11.322929 0.000000 0.000000 0.000000 1.000000
0.999357 -0.005726 -0.035409 -2.621252 0.001112 0.991646 -0.128983 40.498878 0.035851 0.128860 0.991014 11.289501 0.000000 0.000000 0.000000 1.000000
0.996697 -0.007916 -0.080820 -2.363912 -0.000222 0.994968 -0.100193 41.038258 0.081206 0.099880 0.991680 11.179617 0.000000 0.000000 0.000000 1.000000
0.990372 -0.004171 -0.138368 -2.021390 -0.003609 0.998428 -0.055929 41.687000 0.138384 0.055890 0.988800 10.917755 0.000000 0.000000 0.000000 1.000000
0.979125 0.000801 -0.203256 -1.615240 -0.002129 0.999978 -0.006317 42.442509 0.203247 0.006618 0.979105 10.662421 0.000000 0.000000 0.000000 1.000000
0.956747 0.009138 -0.290778 -1.085357 0.005048 0.998835 0.047999 43.437912 0.290878 -0.047391 0.955586 10.517231 0.000000 0.000000 0.000000 1.000000
0.917113 0.021974 -0.398020 -0.543792 0.017936 0.995194 0.096271 44.615913 0.398223 -0.095430 0.912311 10.345873 0.000000 0.000000 0.000000 1.000000
0.863545 0.029991 -0.503379 -0.159705 0.037749 0.991585 0.123835 45.761116 0.502857 -0.125939 0.855146 9.944859 0.000000 0.000000 0.000000 1.000000
0.803465 0.027991 -0.594693 -0.004328 0.060569 0.989868 0.128424 46.639503 0.592263 -0.139204 0.793629 9.130009 0.000000 0.000000 0.000000 1.000000
0.743048 0.020141 -0.668935 -0.022237 0.082249 0.989221 0.121146 47.227654 0.664165 -0.145037 0.733382 7.946453 0.000000 0.000000 0.000000 1.000000
0.687324 0.014504 -0.726206 -0.061675 0.095031 0.989411 0.109704 47.621502 0.720108 -0.144415 0.678667 6.582373 0.000000 0.000000 0.000000 1.000000
0.635580 0.006930 -0.772004 -0.005727 0.098830 0.991002 0.090261 47.943382 0.765684 -0.133665 0.629176 5.174298 0.000000 0.000000 0.000000 1.000000
0.589673 0.000609 -0.807642 0.103213 0.095703 0.992902 0.070623 48.233772 0.801952 -0.118938 0.585429 3.850078 0.000000 0.000000 0.000000 1.000000
0.554456 -0.002237 -0.832210 0.211172 0.088202 0.994522 0.056090 48.551052 0.827526 -0.104502 0.551616 2.718907 0.000000 0.000000 0.000000 1.000000
0.531896 -0.004989 -0.846795 0.282108 0.078527 0.995964 0.043457 48.985210 0.843161 -0.089610 0.530142 1.811534 0.000000 0.000000 0.000000 1.000000
0.525306 -0.008396 -0.850872 0.290099 0.067576 0.997205 0.031880 49.447475 0.848226 -0.074245 0.524405 1.092314 0.000000 0.000000 0.000000 1.000000
0.531397 -0.021745 -0.846844 0.308948 0.062486 0.997953 0.013585 49.835640 0.844815 -0.060135 0.531668 0.541655 0.000000 0.000000 0.000000 1.000000
0.535846 -0.037569 -0.843479 0.358623 0.062221 0.998050 -0.004926 50.059425 0.842020 -0.049842 0.537139 0.121952 0.000000 0.000000 0.000000 1.000000
0.534814 -0.047438 -0.843637 0.431066 0.063175 0.997873 -0.016062 50.234718 0.842605 -0.044706 0.536674 -0.186357 0.000000 0.000000 0.000000 1.000000
0.531910 -0.053325 -0.845120 0.525091 0.064796 0.997652 -0.022167 50.276768 0.844318 -0.042969 0.534116 -0.406567 0.000000 0.000000 0.000000 1.000000
0.527552 -0.057183 -0.847596 0.627847 0.065291 0.997510 -0.026659 50.217522 0.847010 -0.041277 0.529972 -0.539098 0.000000 0.000000 0.000000 1.000000
0.520335 -0.058628 -0.851947 0.705321 0.063362 0.997541 -0.029949 50.158703 0.851608 -0.038398 0.522770 -0.549465 0.000000 0.000000 0.000000 1.000000
0.514415 -0.059815 -0.855453 0.744912 0.062163 0.997541 -0.032369 50.116928 0.855285 -0.036527 0.516868 -0.485936 0.000000 0.000000 0.000000 1.000000
0.515300 -0.058194 -0.855032 0.744861 0.061052 0.997650 -0.031106 50.100525 0.854833 -0.036173 0.517642 -0.380157 0.000000 0.000000 0.000000 1.000000
0.521598 -0.054925 -0.851422 0.736606 0.059868 0.997822 -0.027693 50.129242 0.851088 -0.036528 0.523750 -0.217368 0.000000 0.000000 0.000000 1.000000</float_array><technique_common><accessor source="#mixamorig_Hips-Matrix-animation-output-transform-array" count="101" stride="16"><param type="float4x4"/></accessor></technique_common></source><source id="mixamorig_Hips-Interpolations"><Name_array id="mixamorig_Hips-Interpolations-array" count="101">
 LINEAR LINEAR LINEAR LINEAR LINEAR LINEAR LINEAR LINEAR LINEAR LINEAR LINEAR
LINEAR LINEAR LINEAR LINEAR LINEAR LINEAR LINEAR LINEAR LINEAR LINEAR LINEAR LINEAR
LINEAR LINEAR LINEAR LINEAR LINEAR LINEAR LINEAR LINEAR LINEAR LINEAR LINEAR LINEAR
LINEAR LINEAR LINEAR LINEAR LINEAR LINEAR LINEAR LINEAR LINEAR LINEAR LINEAR LINEAR
LINEAR LINEAR LINEAR LINEAR LINEAR LINEAR LINEAR LINEAR LINEAR LINEAR LINEAR LINEAR
LINEAR LINEAR LINEAR LINEAR LINEAR LINEAR LINEAR LINEAR LINEAR LINEAR LINEAR LINEAR
LINEAR LINEAR LINEAR LINEAR LINEAR LINEAR LINEAR LINEAR LINEAR LINEAR LINEAR LINEAR
LINEAR LINEAR LINEAR LINEAR LINEAR LINEAR LINEAR LINEAR LINEAR LINEAR LINEAR LINEAR
LINEAR LINEAR LINEAR LINEAR LINEAR LINEAR</Name_array><technique_common><accessor source="#mixamorig_Hips-Interpolations-array" count="101"><param type="name"/></accessor></technique_common></source><sampler id="mixamorig_Hips-Matrix-animation-transform"><input semantic="INPUT" source="#mixamorig_Hips-Matrix-animation-input"/><input semantic="OUTPUT" source="#mixamorig_Hips-Matrix-animation-output-transform"/><input semantic="INTERPOLATION" source="#mixamorig_Hips-Interpolations"/></sampler><channel source="#mixamorig_Hips-Matrix-animation-transform" target="mixamorig_Hips/matrix"/></animation>
    <animation id="mixamorig_Spine-anim" name="mixamorig_Spine"><source id="mixamorig_Spine-Matrix-animation-input"><float_array id="mixamorig_Spine-Matrix-animation-input-array" count="101">

0.000000 0.033333 0.066667 0.100000 0.133333 0.166667 0.200000 0.233333 0.266667 0.300000 0.333333 0.366667 0.400000 0.433333 0.466667 0.500000
0.533333 0.566667 0.600000 0.633333 0.666667 0.700000 0.733333 0.766667 0.800000 0.833333 0.866667 0.900000 0.933333 0.966667 1.000000 1.033333
1.066667 1.100000 1.133333 1.166667 1.200000 1.233333 1.266667 1.300000 1.333333 1.366667 1.400000 1.433333 1.466667 1.500000 1.533333 1.566667
1.600000 1.633333 1.666667 1.700000 1.733333 1.766667 1.800000 1.833333 1.866667 1.900000 1.933333 1.966667 2.000000 2.033333 2.066667 2.100000
2.133333 2.166667 2.200000 2.233333 2.266667 2.300000 2.333333 2.366667 2.400000 2.433333 2.466667 2.500000 2.533333 2.566667 2.600000 2.633333
2.666667 2.700000 2.733333 2.766667 2.800000 2.833333 2.866667 2.900000 2.933333 2.966667 3.000000 3.033333 3.066667 3.100000 3.133333 3.166667
3.200000 3.233333 3.266667 3.300000 3.333333</float_array><technique_common><accessor source="#mixamorig_Spine-Matrix-animation-input-array" count="101"><param name="TIME" type="float"/></accessor></technique_common></source><source id="mixamorig_Spine-Matrix-animation-output-transform"><float_array id="mixamorig_Spine-Matrix-animation-output-transform-array" count="1616">

0.999226 0.038020 0.010112 0.000000 -0.037308 0.997304 -0.063190 16.216101 -0.012487 0.062764 0.997950 -2.336500 0.000000 0.000000 0.000000 1.000000
0.999280 0.036779 0.009364 0.000000 -0.036121 0.997379 -0.062698 16.216101 -0.011646 0.062315 0.997989 -2.336500 0.000000 0.000000 0.000000 1.000000
0.999394 0.034033 0.007285 0.000000 -0.033521 0.997537 -0.061615 16.216101 -0.009364 0.061334 0.998073 -2.336500 0.000000 0.000000 0.000000 1.000000
0.999488 0.031575 0.005081 -0.000000 -0.031213 0.997700 -0.060166 16.216101 -0.006969 0.059977 0.998175 -2.336500 0.000000 0.000000 0.000000 1.000000
0.999501 0.031298 0.004204 -0.000000 -0.030996 0.997779 -0.058963 16.216101 -0.006040 0.058803 0.998251 -2.336500 0.000000 0.000000 0.000000 1.000000
0.999510 0.031071 0.003795 0.000000 -0.030792 0.997771 -0.059208 16.216101 -0.005626 0.059063 0.998238 -2.336500 0.000000 0.000000 0.000000 1.000000
0.999529 0.030531 0.003056 0.000000 -0.030295 0.997773 -0.059429 16.216101 -0.004864 0.059308 0.998228 -2.336500 0.000000 0.000000 0.000000 1.000000
0.999553 0.029341 0.005785 -0.000000 -0.028967 0.997976 -0.056613 16.216101 -0.007435 0.056420 0.998379 -2.336500 0.000000 0.000000 0.000000 1.000000
0.999561 0.027208 0.011744 0.000000 -0.026558 0.998273 -0.052402 16.216101 -0.013150 0.052067 0.998557 -2.336500 0.000000 0.000000 0.000000 1.000000
0.999596 0.023736 0.015663 0.000000 -0.022957 0.998576 -0.048147 16.216101 -0.016784 0.047768 0.998717 -2.336500 0.000000 0.000000 0.000000 1.000000
0.999693 0.019151 0.015724 0.000000 -0.018493 0.998988 -0.041000 16.216101 -0.016494 0.040696 0.999035 -2.336500 0.000000 0.000000 0.000000 1.000000
0.999794 0.015499 0.013093 -0.000000 -0.015099 0.999432 -0.030117 16.216101 -0.013552 0.029913 0.999461 -2.336500 0.000000 0.000000 0.000000 1.000000
0.999896 0.011467 0.008764 0.000000 -0.011284 0.999724 -0.020609 16.216101 -0.008998 0.020508 0.999749 -2.336500 0.000000 0.000000 0.000000 1.000000
0.999964 0.006474 0.005487 0.000000 -0.006390 0.999864 -0.015179 16.216101 -0.005584 0.015143 0.999870 -2.336500 0.000000 0.000000 0.000000 1.000000
0.999986 0.002290 0.004810 0.000000 -0.002243 0.999950 -0.009766 16.216101 -0.004832 0.009755 0.999941 -2.336500 0.000000 0.000000 0.000000 1.000000
0.999985 -0.000308 0.005399 0.000000 0.000328 0.999993 -0.003703 16.216101 -0.005398 0.003704 0.999979 -2.336500 0.000000 0.000000 0.000000 1.000000
0.999958 -0.005439 0.007380 -0.000000 0.005439 0.999985 -0.000010 16.216101 -0.007380 0.000050 0.999973 -2.336500 0.000000 0.000000 0.000000 1.000000
0.999900 -0.010177 0.009775 -0.000000 0.010165 0.999948 0.001283 16.216101 -0.009788 -0.001184 0.999951 -2.336500 0.000000 0.000000 0.000000 1.000000
0.999822 -0.014898 0.011598 -0.000000 0.014878 0.999888 0.001776 16.216101 -0.011623 -0.001604 0.999931 -2.336500 0.000000 0.000000 0.000000 1.000000
0.999714 -0.020044 0.013069 0.000000 0.020031 0.999799 0.001134 16.216101 -0.013089 -0.000872 0.999914 -2.336500 0.000000 0.000000 0.000000 1.000000
0.999596 -0.023603 0.015820 0.000000 0.023624 0.999720 -0.001103 16.216101 -0.015789 0.001476 0.999874 -2.336500 0.000000 0.000000 0.000000 1.000000
0.999495 -0.024896 0.019750 0.000000 0.024969 0.999682 -0.003459 16.216101 -0.019657 0.003951 0.999799 -2.336500 0.000000 0.000000 0.000000 1.000000
0.999419 -0.025348 0.022792 0.000000 0.025505 0.999653 -0.006640 16.216101 -0.022616 0.007218 0.999718 -2.336500 0.000000 0.000000 0.000000 1.000000
0.999423 -0.024444 0.023564 -0.000000 0.024763 0.999604 -0.013362 16.216101 -0.023228 0.013938 0.999633 -2.336500 0.000000 0.000000 0.000000 1.000000
0.999496 -0.020564 0.024169 0.000000 0.021167 0.999464 -0.024985 16.216101 -0.023642 0.025484 0.999396 -2.336500 0.000000 0.000000 0.000000 1.000000
0.999591 -0.010171 0.026728 -0.000000 0.011176 0.999226 -0.037722 16.216101 -0.026324 0.038005 0.998931 -2.336500 0.000000 0.000000 0.000000 1.000000
0.999579 0.005064 0.028561 0.000000 -0.003488 0.998481 -0.054984 16.216101 -0.028796 0.054862 0.998079 -2.336500 0.000000 0.000000 0.000000 1.000000
0.999446 0.014472 0.029958 0.000000 -0.012130 0.996961 -0.076947 16.216101 -0.030980 0.076542 0.996585 -2.336500 0.000000 0.000000 0.000000 1.000000
0.999474 0.019475 0.025916 0.000000 -0.016995 0.995550 -0.092694 16.216101 -0.027606 0.092205 0.995357 -2.336500 0.000000 0.000000 0.000000 1.000000
0.999593 0.023415 0.016317 0.000000 -0.021684 0.994831 -0.099202 16.216101 -0.018555 0.098808 0.994933 -2.336500 0.000000 0.000000 0.000000 1.000000
0.999649 0.022521 0.013942 -0.000000 -0.020943 0.994300 -0.104545 16.216101 -0.016217 0.104217 0.994422 -2.336500 0.000000 0.000000 0.000000 1.000000
0.999694 0.020511 0.013792 0.000000 -0.018867 0.993716 -0.110330 16.216101 -0.015968 0.110036 0.993799 -2.336500 0.000000 0.000000 0.000000 1.000000
0.999717 0.018862 0.014520 -0.000000 -0.017102 0.993442 -0.113047 16.216101 -0.016557 0.112766 0.993484 -2.336500 0.000000 0.000000 0.000000 1.000000
0.999714 0.017720 0.016090 0.000000 -0.015817 0.993632 -0.111560 16.216101 -0.017964 0.111273 0.993627 -2.336500 0.000000 0.000000 0.000000 1.000000
0.999741 0.015903 0.016263 0.000000 -0.013991 0.993658 -0.111570 16.216101 -0.017935 0.111313 0.993624 -2.336500 0.000000 0.000000 0.000000 1.000000
0.999782 0.014193 0.015343 0.000000 -0.012379 0.993575 -0.112497 16.216101 -0.016841 0.112283 0.993534 -2.336500 0.000000 0.000000 0.000000 1.000000
0.999781 0.014009 0.015536 0.000000 -0.012162 0.993502 -0.113160 16.216101 -0.017020 0.112946 0.993455 -2.336500 0.000000 0.000000 0.000000 1.000000
0.999760 0.014282 0.016594 0.000000 -0.012321 0.993538 -0.112827 16.216101 -0.018098 0.112596 0.993476 -2.336500 0.000000 0.000000 0.000000 1.000000
0.999763 0.013931 0.016728 0.000000 -0.011959 0.993562 -0.112654 16.216101 -0.018190 0.112427 0.993493 -2.336500 0.000000 0.000000 0.000000 1.000000
0.999765 0.013683 0.016818 0.000000 -0.011707 0.993587 -0.112462 16.216101 -0.018249 0.112239 0.993514 -2.336500 0.000000 0.000000 0.000000 1.000000
0.999763 0.013734 0.016863 -0.000000 -0.011759 0.993629 -0.112086 16.216101 -0.018295 0.111861 0.993555 -2.336500 0.000000 0.000000 0.000000 1.000000
0.999783 0.013088 0.016219 -0.000000 -0.011189 0.993640 -0.112047 16.216101 -0.017582 0.111842 0.993570 -2.336500 0.000000 0.000000 0.000000 1.000000
0.999799 0.012296 0.015844 0.000000 -0.010444 0.993643 -0.112089 16.216101 -0.017122 0.111901 0.993572 -2.336500 0.000000 0.000000 0.000000 1.000000
0.999794 0.012242 0.016177 -0.000000 -0.010357 0.993669 -0.111871 16.216101 -0.017444 0.111680 0.993591 -2.336500 0.000000 0.000000 0.000000 1.000000
0.999790 0.012721 0.016078 0.000000 -0.010853 0.993722 -0.111347 16.216101 -0.017394 0.111149 0.993652 -2.336500 0.000000 0.000000 0.000000 1.000000
0.999783 0.013091 0.016198 0.000000 -0.011213 0.993756 -0.111013 16.216101 -0.017550 0.110807 0.993687 -2.336500 0.000000 0.000000 0.000000 1.000000
0.999777 0.013379 0.016312 -0.000000 -0.011490 0.993769 -0.110866 16.216101 -0.017694 0.110654 0.993701 -2.336500 0.000000 0.000000 0.000000 1.000000
0.999783 0.013151 0.016138 0.000000 -0.011286 0.993791 -0.110692 16.216101 -0.017494 0.110486 0.993724 -2.336500 0.000000 0.000000 0.000000 1.000000
0.999782 0.012312 0.016853 0.000000 -0.010371 0.993793 -0.110758 16.216101 -0.018112 0.110560 0.993704 -2.336500 0.000000 0.000000 0.000000 1.000000
0.999777 0.011849 0.017485 0.000000 -0.009841 0.993802 -0.110726 16.216101 -0.018688 0.110529 0.993697 -2.336500 0.000000 0.000000 0.000000 1.000000
0.999795 0.011697 0.016509 0.000000 -0.009805 0.993839 -0.110401 16.216101 -0.017699 0.110217 0.993750 -2.336500 0.000000 0.000000 0.000000 1.000000
0.999803 0.011711 0.016055 0.000000 -0.009872 0.993861 -0.110191 16.216101 -0.017247 0.110011 0.993781 -2.336500 0.000000 0.000000 0.000000 1.000000
0.999779 0.012028 0.017268 0.000000 -0.010060 0.993900 -0.109829 16.216101 -0.018484 0.109631 0.993800 -2.336500 0.000000 0.000000 0.000000 1.000000
0.999789 0.012133 0.016596 -0.000000 -0.010248 0.993961 -0.109252 16.216101 -0.017822 0.109059 0.993876 -2.336500 0.000000 0.000000 0.000000 1.000000
0.999800 0.012495 0.015599 0.000000 -0.010720 0.993974 -0.109093 16.216101 -0.016868 0.108904 0.993909 -2.336500 0.000000 0.000000 0.000000 1.000000
0.999768 0.012746 0.017342 0.000000 -0.010782 0.993983 -0.109003 16.216101 -0.018627 0.108791 0.993890 -2.336500 0.000000 0.000000 0.000000 1.000000
0.999779 0.012190 0.017121 0.000000 -0.010255 0.994003 -0.108867 16.216101 -0.018346 0.108667 0.993909 -2.336500 0.000000 0.000000 0.000000 1.000000
0.999815 0.012008 0.015055 0.000000 -0.010295 0.993977 -0.109102 16.216101 -0.016274 0.108927 0.993917 -2.336500 0.000000 0.000000 0.000000 1.000000
0.999795 0.012526 0.015906 0.000000 -0.010719 0.993981 -0.109027 16.216101 -0.017176 0.108834 0.993912 -2.336500 0.000000 0.000000 0.000000 1.000000
0.999767 0.013234 0.017059 0.000000 -0.011306 0.994029 -0.108532 16.216101 -0.018393 0.108314 0.993947 -2.336500 0.000000 0.000000 0.000000 1.000000
0.999776 0.013754 0.016101 -0.000000 -0.011925 0.994012 -0.108615 16.216101 -0.017499 0.108398 0.993954 -2.336500 0.000000 0.000000 0.000000 1.000000
0.999770 0.014108 0.016174 0.000000 -0.012263 0.993967 -0.108994 16.216101 -0.017614 0.108770 0.993911 -2.336500 0.000000 0.000000 0.000000 1.000000
0.999747 0.013854 0.017734 0.000000 -0.011838 0.993957 -0.109132 16.216101 -0.019139 0.108895 0.993869 -2.336500 0.000000 0.000000 0.000000 1.000000
0.999747 0.013217 0.018214 0.000000 -0.011149 0.993944 -0.109320 16.216101 -0.019549 0.109090 0.993840 -2.336500 0.000000 0.000000 0.000000 1.000000
0.999755 0.012692 0.018152 0.000000 -0.010626 0.993906 -0.109720 16.216101 -0.019434 0.109500 0.993797 -2.336500 0.000000 0.000000 0.000000 1.000000
0.999754 0.012003 0.018628 0.000000 -0.009884 0.993888 -0.109947 16.216101 -0.019833 0.109735 0.993763 -2.336500 0.000000 0.000000 0.000000 1.000000
0.999760 0.011388 0.018718 0.000000 -0.009261 0.993881 -0.110069 16.216101 -0.019857 0.109869 0.993748 -2.336500 0.000000 0.000000 0.000000 1.000000
0.999774 0.011114 0.018125 0.000000 -0.009057 0.993906 -0.109861 16.216101 -0.019236 0.109672 0.993782 -2.336500 0.000000 0.000000 0.000000 1.000000
0.999782 0.011264 0.017577 0.000000 -0.009282 0.993998 -0.109002 16.216101 -0.018699 0.108815 0.993886 -2.336500 0.000000 0.000000 0.000000 1.000000
0.999777 0.011307 0.017815 0.000000 -0.009303 0.994019 -0.108809 16.216101 -0.018938 0.108619 0.993903 -2.336500 0.000000 0.000000 0.000000 1.000000
0.999773 0.010902 0.018332 0.000000 -0.008828 0.993933 -0.109629 16.216101 -0.019416 0.109442 0.993804 -2.336500 0.000000 0.000000 0.000000 1.000000
0.999772 0.010670 0.018498 0.000000 -0.008574 0.993910 -0.109857 16.216101 -0.019558 0.109674 0.993775 -2.336500 0.000000 0.000000 0.000000 1.000000
0.999767 0.011187 0.018487 -0.000000 -0.009096 0.993941 -0.109535 16.216101 -0.019600 0.109341 0.993811 -2.336500 0.000000 0.000000 0.000000 1.000000
0.999750 0.012242 0.018701 0.000000 -0.010123 0.993933 -0.109520 16.216101 -0.019929 0.109303 0.993809 -2.336500 0.000000 0.000000 0.000000 1.000000
0.999726 0.013346 0.019227 0.000000 -0.011153 0.993871 -0.109984 16.216101 -0.020577 0.109740 0.993747 -2.336500 0.000000 0.000000 0.000000 1.000000
0.999687 0.014547 0.020349 -0.000000 -0.012203 0.993756 -0.110909 16.216101 -0.021836 0.110626 0.993622 -2.336500 0.000000 0.000000 0.000000 1.000000
0.999618 0.016389 0.022273 -0.000000 -0.013795 0.993612 -0.112004 16.216101 -0.023967 0.111654 0.993458 -2.336500 0.000000 0.000000 0.000000 1.000000
0.999501 0.019130 0.025137 0.000000 -0.016180 0.993494 -0.112727 16.216101 -0.027130 0.112264 0.993308 -2.336500 0.000000 0.000000 0.000000 1.000000
0.999314 0.021502 0.030165 0.000000 -0.017931 0.993315 -0.114037 16.216101 -0.032415 0.113418 0.993018 -2.336500 0.000000 0.000000 0.000000 1.000000
0.999087 0.021888 0.036698 -0.000000 -0.017523 0.993176 -0.115302 16.216101 -0.038971 0.114553 0.992652 -2.336500 0.000000 0.000000 0.000000 1.000000
0.998853 0.021929 0.042563 0.000000 -0.016933 0.993294 -0.114370 16.216101 -0.044786 0.113519 0.992526 -2.336500 0.000000 0.000000 0.000000 1.000000
0.998605 0.021069 0.048413 0.000000 -0.015532 0.993583 -0.112033 16.216101 -0.050462 0.111125 0.992524 -2.336500 0.000000 0.000000 0.000000 1.000000
0.998435 0.016832 0.053331 -0.000000 -0.010996 0.994101 -0.107899 16.216101 -0.054832 0.107144 0.992730 -2.336500 0.000000 0.000000 0.000000 1.000000
0.998296 0.012059 0.057090 0.000000 -0.006188 0.994774 -0.101915 16.216101 -0.058021 0.101388 0.993154 -2.336500 0.000000 0.000000 0.000000 1.000000
0.998254 0.012011 0.057831 0.000000 -0.006423 0.995374 -0.095864 16.216101 -0.058714 0.095325 0.993713 -2.336500 0.000000 0.000000 0.000000 1.000000
0.998416 0.013345 0.054656 0.000000 -0.008270 0.995719 -0.092058 16.216101 -0.055651 0.091460 0.994252 -2.336500 0.000000 0.000000 0.000000 1.000000
0.998628 0.013689 0.050548 -0.000000 -0.009050 0.995821 -0.090882 16.216101 -0.051581 0.090300 0.994578 -2.336500 0.000000 0.000000 0.000000 1.000000
0.998700 0.015393 0.048603 0.000000 -0.010948 0.995843 -0.090430 16.216101 -0.049793 0.089781 0.994716 -2.336500 0.000000 0.000000 0.000000 1.000000
0.998705 0.017695 0.047691 0.000000 -0.013339 0.995838 -0.090156 16.216101 -0.049088 0.089403 0.994785 -2.336500 0.000000 0.000000 0.000000 1.000000
0.998786 0.020596 0.044741 0.000000 -0.016489 0.995778 -0.090304 16.216101 -0.046412 0.089457 0.994909 -2.336500 0.000000 0.000000 0.000000 1.000000
0.998861 0.023456 0.041557 0.000000 -0.019651 0.995774 -0.089711 16.216101 -0.043485 0.088792 0.995100 -2.336500 0.000000 0.000000 0.000000 1.000000
0.998970 0.024742 0.038042 0.000000 -0.021346 0.995961 -0.087209 16.216101 -0.040046 0.086307 0.995463 -2.336500 0.000000 0.000000 0.000000 1.000000
0.999140 0.025924 0.032353 -0.000000 -0.023201 0.996374 -0.081859 16.216101 -0.034358 0.081038 0.996119 -2.336500 0.000000 0.000000 0.000000 1.000000
0.999243 0.028301 0.026692 0.000000 -0.026193 0.996742 -0.076285 16.216101 -0.028764 0.075528 0.996729 -2.336500 0.000000 0.000000 0.000000 1.000000
0.999291 0.030673 0.021851 0.000000 -0.029021 0.996961 -0.072295 16.216101 -0.024002 0.071609 0.997144 -2.336500 0.000000 0.000000 0.000000 1.000000
0.999314 0.032542 0.017699 0.000000 -0.031234 0.997079 -0.069702 16.216101 -0.019916 0.069101 0.997411 -2.336500 0.000000 0.000000 0.000000 1.000000
0.999294 0.034464 0.014990 0.000000 -0.033365 0.997110 -0.068257 16.216101 -0.017299 0.067708 0.997555 -2.336500 0.000000 0.000000 0.000000 1.000000
0.999258 0.036057 0.013519 -0.000000 -0.035076 0.997146 -0.066859 16.216101 -0.015891 0.066335 0.997671 -2.336500 0.000000 0.000000 0.000000 1.000000
0.999239 0.037116 0.012002 -0.000000 -0.036258 0.997216 -0.065163 16.216101 -0.014387 0.064678 0.997802 -2.336500 0.000000 0.000000 0.000000 1.000000
0.999230 0.037740 0.010737 0.000000 -0.036981 0.997278 -0.063796 16.216101 -0.013115 0.063350 0.997905 -2.336500 0.000000 0.000000 0.000000 1.000000
0.999226 0.038011 0.010133 0.000000 -0.037297 0.997303 -0.063206 16.216101 -0.012509 0.062779 0.997949 -2.336500 0.000000 0.000000 0.000000 1.000000</float_array><technique_common><accessor source="#mixamorig_Spine-Matrix-animation-output-transform-array" count="101" stride="16"><param type="float4x4"/></accessor></technique_common></source><source id="mixamorig_Spine-Interpolations"><Name_array id="mixamorig_Spine-Interpolations-array" count="101">
 LINEAR LINEAR LINEAR LINEAR LINEAR LINEAR LINEAR LINEAR LINEAR LINEAR LINEAR
LINEAR LINEAR LINEAR LINEAR LINEAR LINEAR LINEAR LINEAR LINEAR LINEAR LINEAR LINEAR
LINEAR LINEAR LINEAR LINEAR LINEAR LINEAR LINEAR LINEAR LINEAR LINEAR LINEAR LINEAR
LINEAR LINEAR LINEAR LINEAR LINEAR LINEAR LINEAR LINEAR LINEAR LINEAR LINEAR LINEAR
LINEAR LINEAR LINEAR LINEAR LINEAR LINEAR LINEAR LINEAR LINEAR LINEAR LINEAR LINEAR
LINEAR LINEAR LINEAR LINEAR LINEAR LINEAR LINEAR LINEAR LINEAR LINEAR LINEAR LINEAR
LINEAR LINEAR LINEAR LINEAR LINEAR LINEAR LINEAR LINEAR LINEAR LINEAR LINEAR LINEAR
LINEAR LINEAR LINEAR LINEAR LINEAR LINEAR LINEAR LINEAR LINEAR LINEAR LINEAR LINEAR
LINEAR LINEAR LINEAR LINEAR LINEAR LINEAR</Name_array><technique_common><accessor source="#mixamorig_Spine-Interpolations-array" count="101"><param type="name"/></accessor></technique_common></source><sampler id="mixamorig_Spine-Matrix-animation-transform"><input semantic="INPUT" source="#mixamorig_Spine-Matrix-animation-input"/><input semantic="OUTPUT" source="#mixamorig_Spine-Matrix-animation-output-transform"/><input semantic="INTERPOLATION" source="#mixamorig_Spine-Interpolations"/></sampler><channel source="#mixamorig_Spine-Matrix-animation-transform" target="mixamorig_Spine/matrix"/></animation>
    <animation id="mixamorig_Spine1-anim" name="mixamorig_Spine1"><source id="mixamorig_Spine1-Matrix-animation-input"><float_array id="mixamorig_Spine1-Matrix-animation-input-array" count="101">

0.000000 0.033333 0.066667 0.100000 0.133333 0.166667 0.200000 0.233333 0.266667 0.300000 0.333333 0.366667 0.400000 0.433333 0.466667 0.500000
0.533333 0.566667 0.600000 0.633333 0.666667 0.700000 0.733333 0.766667 0.800000 0.833333 0.866667 0.900000 0.933333 0.966667 1.000000 1.033333
1.066667 1.100000 1.133333 1.166667 1.200000 1.233333 1.266667 1.300000 1.333333 1.366667 1.400000 1.433333 1.466667 1.500000 1.533333 1.566667
1.600000 1.633333 1.666667 1.700000 1.733333 1.766667 1.800000 1.833333 1.866667 1.900000 1.933333 1.966667 2.000000 2.033333 2.066667 2.100000
2.133333 2.166667 2.200000 2.233333 2.266667 2.300000 2.333333 2.366667 2.400000 2.433333 2.466667 2.500000 2.533333 2.566667 2.600000 2.633333
2.666667 2.700000 2.733333 2.766667 2.800000 2.833333 2.866667 2.900000 2.933333 2.966667 3.000000 3.033333 3.066667 3.100000 3.133333 3.166667
3.200000 3.233333 3.266667 3.300000 3.333333</float_array><technique_common><accessor source="#mixamorig_Spine1-Matrix-animation-input-array" count="101"><param name="TIME" type="float"/></accessor></technique_common></source><source id="mixamorig_Spine1-Matrix-animation-output-transform"><float_array id="mixamorig_Spine1-Matrix-animation-output-transform-array" count="1616">

0.995240 0.096532 0.013353 -0.000000 -0.093529 0.984662 -0.147283 9.477100 -0.027366 0.145333 0.989004 -1.486900 0.000000 0.000000 0.000000 1.000000
0.995550 0.093570 0.011142 0.000000 -0.090948 0.985060 -0.146236 9.477100 -0.024659 0.144572 0.989187 -1.486900 0.000000 0.000000 0.000000 1.000000
0.996200 0.086872 0.006157 0.000000 -0.085086 0.985921 -0.143948 9.477100 -0.018576 0.142878 0.989566 -1.486900 0.000000 0.000000 0.000000 1.000000
0.996836 0.079481 0.000883 0.000000 -0.078563 0.986890 -0.140979 9.477100 -0.012076 0.140464 0.990012 -1.486900 0.000000 0.000000 0.000000 1.000000
0.997194 0.074840 -0.001871 0.000000 -0.074376 0.987546 -0.138643 9.477100 -0.008528 0.138393 0.990341 -1.486900 0.000000 0.000000 0.000000 1.000000
0.997359 0.072516 -0.004005 0.000000 -0.072367 0.987625 -0.139141 9.477100 -0.006134 0.139063 0.990265 -1.486900 0.000000 0.000000 0.000000 1.000000
0.997369 0.072210 -0.006418 0.000000 -0.072399 0.987573 -0.139492 9.477100 -0.003735 0.139590 0.990202 -1.486900 0.000000 0.000000 0.000000 1.000000
0.997317 0.073205 -0.000525 -0.000000 -0.072615 0.988324 -0.133952 9.477100 -0.009287 0.133631 0.990988 -1.486900 0.000000 0.000000 0.000000 1.000000
0.997250 0.072793 0.013893 -0.000000 -0.070477 0.989541 -0.125864 9.477100 -0.022910 0.124539 0.991950 -1.486900 0.000000 0.000000 0.000000 1.000000
0.997388 0.067656 0.025280 0.000000 -0.064240 0.990977 -0.117636 9.477100 -0.033011 0.115704 0.992735 -1.486900 0.000000 0.000000 0.000000 1.000000
0.997850 0.058898 0.028764 0.000000 -0.055635 0.993082 -0.103409 9.477100 -0.034656 0.101587 0.994223 -1.486900 0.000000 0.000000 0.000000 1.000000
0.998353 0.051114 0.026065 0.000000 -0.048835 0.995468 -0.081606 9.477100 -0.030118 0.080198 0.996324 -1.486900 0.000000 0.000000 0.000000 1.000000
0.998970 0.041127 0.019159 -0.000000 -0.039858 0.997251 -0.062468 9.477100 -0.021675 0.061640 0.997863 -1.486900 0.000000 0.000000 0.000000 1.000000
