<?xml version="1.0" encoding="utf-8"?>
<COLLADA xmlns="http://www.collada.org/2005/11/COLLADASchema" version="1.4.1">
  <asset><contributor><author>Mixamo</author><authoring_tool>COLLADA Mixamo exporter</authoring_tool><comments></comments></contributor><created>2020-05-05T17:31:10Z</created><modified>2020-05-05T17:31:10Z</modified><revision></revision><title></title><unit meter="0.010000"/><up_axis>Y_UP</up_axis></asset>
  <library_geometries>
    <geometry id="rigging_body-lib" name="rigging_bodyMesh">
      <mesh>
        <source id="rigging_body-lib-Position" name="position">
          <float_array id="rigging_body-lib-Position-array" count="0"></float_array>
          <technique_common>
            <accessor count="0" source="#rigging_body-lib-Position-array" stride="3">
              <param name="X" type="float"/>
              <param name="Y" type="float"/>
              <param name="Z" type="float"/>
            </accessor>
          </technique_common>
        </source>
        <vertices id="rigging_body-lib-Vertex">
          <input semantic="POSITION" source="#rigging_body-lib-Position"/>
        </vertices>
      </mesh>
    </geometry>
    <geometry id="rigging_Cylinder001-lib" name="rigging_Cylinder001Mesh">
      <mesh>
        <source id="rigging_Cylinder001-lib-Position" name="position">
          <float_array id="rigging_Cylinder001-lib-Position-array" count="0"></float_array>
          <technique_common>
            <accessor count="0" source="#rigging_Cylinder001-lib-Position-array" stride="3">
              <param name="X" type="float"/>
              <param name="Y" type="float"/>
              <param name="Z" type="float"/>
            </accessor>
          </technique_common>
        </source>
        <vertices id="rigging_Cylinder001-lib-Vertex">
          <input semantic="POSITION" source="#rigging_Cylinder001-lib-Position"/>
        </vertices>
      </mesh>
    </geometry>
    <geometry id="rigging_eyebrowns-lib" name="rigging_eyebrownsMesh">
      <mesh>
        <source id="rigging_eyebrowns-lib-Position" name="position">
          <float_array id="rigging_eyebrowns-lib-Position-array" count="0"></float_array>
          <technique_common>
            <accessor count="0" source="#rigging_eyebrowns-lib-Position-array" stride="3">
              <param name="X" type="float"/>
              <param name="Y" type="float"/>
              <param name="Z" type="float"/>
            </accessor>
          </technique_common>
        </source>
        <vertices id="rigging_eyebrowns-lib-Vertex">
          <input semantic="POSITION" source="#rigging_eyebrowns-lib-Position"/>
        </vertices>
      </mesh>
    </geometry>
    <geometry id="rigging_eyebrowns001-lib" name="rigging_eyebrowns001Mesh">
      <mesh>
        <source id="rigging_eyebrowns001-lib-Position" name="position">
          <float_array id="rigging_eyebrowns001-lib-Position-array" count="0"></float_array>
          <technique_common>
            <accessor count="0" source="#rigging_eyebrowns001-lib-Position-array" stride="3">
              <param name="X" type="float"/>
              <param name="Y" type="float"/>
              <param name="Z" type="float"/>
            </accessor>
          </technique_common>
        </source>
        <vertices id="rigging_eyebrowns001-lib-Vertex">
          <input semantic="POSITION" source="#rigging_eyebrowns001-lib-Position"/>
        </vertices>
      </mesh>
    </geometry>
    <geometry id="rigging_hear-lib" name="rigging_hearMesh">
      <mesh>
        <source id="rigging_hear-lib-Position" name="position">
          <float_array id="rigging_hear-lib-Position-array" count="0"></float_array>
          <technique_common>
            <accessor count="0" source="#rigging_hear-lib-Position-array" stride="3">
              <param name="X" type="float"/>
              <param name="Y" type="float"/>
              <param name="Z" type="float"/>
            </accessor>
          </technique_common>
        </source>
        <vertices id="rigging_hear-lib-Vertex">
          <input semantic="POSITION" source="#rigging_hear-lib-Position"/>
        </vertices>
      </mesh>
    </geometry>
    <geometry id="rigging_Tube001-lib" name="rigging_Tube001Mesh">
      <mesh>
        <source id="rigging_Tube001-lib-Position" name="position">
          <float_array id="rigging_Tube001-lib-Position-array" count="0"></float_array>
          <technique_common>
            <accessor count="0" source="#rigging_Tube001-lib-Position-array" stride="3">
              <param name="X" type="float"/>
              <param name="Y" type="float"/>
              <param name="Z" type="float"/>
            </accessor>
          </technique_common>
        </source>
        <vertices id="rigging_Tube001-lib-Vertex">
          <input semantic="POSITION" source="#rigging_Tube001-lib-Position"/>
        </vertices>
      </mesh>
    </geometry>
  </library_geometries>
  <library_controllers>
    <controller id="rigging_bodyController">
      <skin source="#rigging_body-lib">
        <bind_shape_matrix>1.000000 -0.000000 0.000000 0.000000 0.000000 1.000000 -0.000000 0.000000 0.000000 0.000000 1.000000 0.000000 0.000000 0.000000 0.000000 1.000000
</bind_shape_matrix>
        <source id="rigging_bodyController-Joints">
          <Name_array id="rigging_bodyController-Joints-array" count="1">
 rigging_body</Name_array>
          <technique_common>
            <accessor source="#rigging_bodyController-Joints-array" count="1">
              <param type="name"/>
            </accessor>
          </technique_common>
        </source>
        <source id="rigging_bodyController-Matrices">
          <float_array id="rigging_bodyController-Matrices-array" count="32">

1.000000 0.000000 0.000000 -0.000000 -0.000000 1.000000 0.000000 -0.000000 0.000000 -0.000000 1.000000 -0.000000 0.000000 0.000000 0.000000 1.000000
1.000000 0.000000 0.000000 -0.000000 -0.000000 1.000000 0.000000 -0.000000 0.000000 -0.000000 1.000000 -0.000000 0.000000 0.000000 0.000000 1.000000</float_array>
          <technique_common>
            <accessor source="#rigging_bodyController-Matrices-array" count="2" stride="16">
              <param type="float4x4"/>
            </accessor>
          </technique_common>
        </source>
        <source id="rigging_bodyController-Weights">
          <float_array id="rigging_bodyController-Weights-array" count="1">

1.000000</float_array>
          <technique_common>
            <accessor source="#rigging_bodyController-Weights-array" count="1">
              <param type="float"/>
            </accessor>
          </technique_common>
        </source>
        <joints>
          <input semantic="JOINT" source="#rigging_bodyController-Joints"/>
          <input semantic="INV_BIND_MATRIX" source="#rigging_bodyController-Matrices"/>
        </joints>
        <vertex_weights count="0">
          <input semantic="JOINT" offset="0" source="#rigging_bodyController-Joints"/>
          <input semantic="WEIGHT" offset="1" source="#rigging_bodyController-Weights"/>
          <vcount></vcount>
          <v></v>
        </vertex_weights>
      </skin>
    </controller>
    <controller id="rigging_Cylinder001Controller">
      <skin source="#rigging_Cylinder001-lib">
        <bind_shape_matrix>1.000000 -0.000000 0.000000 0.000000 0.000000 1.000000 -0.000000 0.000000 0.000000 0.000000 1.000000 0.000000 0.000000 0.000000 0.000000 1.000000
</bind_shape_matrix>
        <source id="rigging_Cylinder001Controller-Joints">
          <Name_array id="rigging_Cylinder001Controller-Joints-array" count="1">
 rigging_Cylinder001</Name_array>
          <technique_common>
            <accessor source="#rigging_Cylinder001Controller-Joints-array" count="1">
              <param type="name"/>
            </accessor>
          </technique_common>
        </source>
        <source id="rigging_Cylinder001Controller-Matrices">
          <float_array id="rigging_Cylinder001Controller-Matrices-array" count="32">

1.000000 0.000000 0.000000 -0.000000 -0.000000 1.000000 0.000000 -0.000000 0.000000 -0.000000 1.000000 -0.000000 0.000000 0.000000 0.000000 1.000000
1.000000 0.000000 0.000000 -0.000000 -0.000000 1.000000 0.000000 -0.000000 0.000000 -0.000000 1.000000 -0.000000 0.000000 0.000000 0.000000 1.000000</float_array>
          <technique_common>
            <accessor source="#rigging_Cylinder001Controller-Matrices-array" count="2" stride="16">
              <param type="float4x4"/>
            </accessor>
          </technique_common>
        </source>
        <source id="rigging_Cylinder001Controller-Weights">
          <float_array id="rigging_Cylinder001Controller-Weights-array" count="1">

1.000000</float_array>
          <technique_common>
            <accessor source="#rigging_Cylinder001Controller-Weights-array" count="1">
              <param type="float"/>
            </accessor>
          </technique_common>
        </source>
        <joints>
          <input semantic="JOINT" source="#rigging_Cylinder001Controller-Joints"/>
          <input semantic="INV_BIND_MATRIX" source="#rigging_Cylinder001Controller-Matrices"/>
        </joints>
        <vertex_weights count="0">
          <input semantic="JOINT" offset="0" source="#rigging_Cylinder001Controller-Joints"/>
          <input semantic="WEIGHT" offset="1" source="#rigging_Cylinder001Controller-Weights"/>
          <vcount></vcount>
          <v></v>
        </vertex_weights>
      </skin>
    </controller>
    <controller id="rigging_eyebrownsController">
      <skin source="#rigging_eyebrowns-lib">
        <bind_shape_matrix>1.000000 -0.000000 0.000000 0.000000 0.000000 1.000000 -0.000000 0.000000 0.000000 0.000000 1.000000 0.000000 0.000000 0.000000 0.000000 1.000000
</bind_shape_matrix>
        <source id="rigging_eyebrownsController-Joints">
          <Name_array id="rigging_eyebrownsController-Joints-array" count="1">
 rigging_eyebrowns</Name_array>
          <technique_common>
            <accessor source="#rigging_eyebrownsController-Joints-array" count="1">
              <param type="name"/>
            </accessor>
          </technique_common>
        </source>
        <source id="rigging_eyebrownsController-Matrices">
          <float_array id="rigging_eyebrownsController-Matrices-array" count="32">

1.000000 0.000000 0.000000 -0.000000 -0.000000 1.000000 0.000000 -0.000000 0.000000 -0.000000 1.000000 -0.000000 0.000000 0.000000 0.000000 1.000000
1.000000 0.000000 0.000000 -0.000000 -0.000000 1.000000 0.000000 -0.000000 0.000000 -0.000000 1.000000 -0.000000 0.000000 0.000000 0.000000 1.000000</float_array>
          <technique_common>
            <accessor source="#rigging_eyebrownsController-Matrices-array" count="2" stride="16">
              <param type="float4x4"/>
            </accessor>
          </technique_common>
        </source>
        <source id="rigging_eyebrownsController-Weights">
          <float_array id="rigging_eyebrownsController-Weights-array" count="1">

1.000000</float_array>
          <technique_common>
            <accessor source="#rigging_eyebrownsController-Weights-array" count="1">
              <param type="float"/>
            </accessor>
          </technique_common>
        </source>
        <joints>
          <input semantic="JOINT" source="#rigging_eyebrownsController-Joints"/>
          <input semantic="INV_BIND_MATRIX" source="#rigging_eyebrownsController-Matrices"/>
        </joints>
        <vertex_weights count="0">
          <input semantic="JOINT" offset="0" source="#rigging_eyebrownsController-Joints"/>
          <input semantic="WEIGHT" offset="1" source="#rigging_eyebrownsController-Weights"/>
          <vcount></vcount>
          <v></v>
        </vertex_weights>
      </skin>
    </controller>
    <controller id="rigging_eyebrowns001Controller">
      <skin source="#rigging_eyebrowns001-lib">
        <bind_shape_matrix>1.000000 -0.000000 0.000000 0.000000 0.000000 1.000000 -0.000000 0.000000 0.000000 0.000000 1.000000 0.000000 0.000000 0.000000 0.000000 1.000000
</bind_shape_matrix>
        <source id="rigging_eyebrowns001Controller-Joints">
          <Name_array id="rigging_eyebrowns001Controller-Joints-array" count="1">
 rigging_eyebrowns001</Name_array>
          <technique_common>
            <accessor source="#rigging_eyebrowns001Controller-Joints-array" count="1">
              <param type="name"/>
            </accessor>
          </technique_common>
        </source>
        <source id="rigging_eyebrowns001Controller-Matrices">
          <float_array id="rigging_eyebrowns001Controller-Matrices-array" count="32">

1.000000 0.000000 0.000000 -0.000000 -0.000000 1.000000 0.000000 -0.000000 0.000000 -0.000000 1.000000 -0.000000 0.000000 0.000000 0.000000 1.000000
1.000000 0.000000 0.000000 -0.000000 -0.000000 1.000000 0.000000 -0.000000 0.000000 -0.000000 1.000000 -0.000000 0.000000 0.000000 0.000000 1.000000</float_array>
          <technique_common>
            <accessor source="#rigging_eyebrowns001Controller-Matrices-array" count="2" stride="16">
              <param type="float4x4"/>
            </accessor>
          </technique_common>
        </source>
        <source id="rigging_eyebrowns001Controller-Weights">
          <float_array id="rigging_eyebrowns001Controller-Weights-array" count="1">

1.000000</float_array>
          <technique_common>
            <accessor source="#rigging_eyebrowns001Controller-Weights-array" count="1">
              <param type="float"/>
            </accessor>
          </technique_common>
        </source>
        <joints>
          <input semantic="JOINT" source="#rigging_eyebrowns001Controller-Joints"/>
          <input semantic="INV_BIND_MATRIX" source="#rigging_eyebrowns001Controller-Matrices"/>
        </joints>
        <vertex_weights count="0">
          <input semantic="JOINT" offset="0" source="#rigging_eyebrowns001Controller-Joints"/>
          <input semantic="WEIGHT" offset="1" source="#rigging_eyebrowns001Controller-Weights"/>
          <vcount></vcount>
          <v></v>
        </vertex_weights>
      </skin>
    </controller>
    <controller id="rigging_hearController">
      <skin source="#rigging_hear-lib">
        <bind_shape_matrix>1.000000 -0.000000 0.000000 0.000000 0.000000 1.000000 -0.000000 0.000000 0.000000 0.000000 1.000000 0.000000 0.000000 0.000000 0.000000 1.000000
</bind_shape_matrix>
        <source id="rigging_hearController-Joints">
          <Name_array id="rigging_hearController-Joints-array" count="1">
 rigging_hear</Name_array>
          <technique_common>
            <accessor source="#rigging_hearController-Joints-array" count="1">
              <param type="name"/>
            </accessor>
          </technique_common>
        </source>
        <source id="rigging_hearController-Matrices">
          <float_array id="rigging_hearController-Matrices-array" count="32">

1.000000 0.000000 0.000000 -0.000000 -0.000000 1.000000 0.000000 -0.000000 0.000000 -0.000000 1.000000 -0.000000 0.000000 0.000000 0.000000 1.000000
1.000000 0.000000 0.000000 -0.000000 -0.000000 1.000000 0.000000 -0.000000 0.000000 -0.000000 1.000000 -0.000000 0.000000 0.000000 0.000000 1.000000</float_array>
          <technique_common>
            <accessor source="#rigging_hearController-Matrices-array" count="2" stride="16">
              <param type="float4x4"/>
            </accessor>
          </technique_common>
        </source>
        <source id="rigging_hearController-Weights">
          <float_array id="rigging_hearController-Weights-array" count="1">

1.000000</float_array>
          <technique_common>
            <accessor source="#rigging_hearController-Weights-array" count="1">
              <param type="float"/>
            </accessor>
          </technique_common>
        </source>
        <joints>
          <input semantic="JOINT" source="#rigging_hearController-Joints"/>
          <input semantic="INV_BIND_MATRIX" source="#rigging_hearController-Matrices"/>
        </joints>
        <vertex_weights count="0">
          <input semantic="JOINT" offset="0" source="#rigging_hearController-Joints"/>
          <input semantic="WEIGHT" offset="1" source="#rigging_hearController-Weights"/>
          <vcount></vcount>
          <v></v>
        </vertex_weights>
      </skin>
    </controller>
    <controller id="rigging_Tube001Controller">
      <skin source="#rigging_Tube001-lib">
        <bind_shape_matrix>1.000000 -0.000000 0.000000 0.000000 0.000000 1.000000 -0.000000 0.000000 0.000000 0.000000 1.000000 0.000000 0.000000 0.000000 0.000000 1.000000
</bind_shape_matrix>
        <source id="rigging_Tube001Controller-Joints">
          <Name_array id="rigging_Tube001Controller-Joints-array" count="1">
 rigging_Tube001</Name_array>
          <technique_common>
            <accessor source="#rigging_Tube001Controller-Joints-array" count="1">
              <param type="name"/>
            </accessor>
          </technique_common>
        </source>
        <source id="rigging_Tube001Controller-Matrices">
          <float_array id="rigging_Tube001Controller-Matrices-array" count="32">

1.000000 0.000000 0.000000 -0.000000 -0.000000 1.000000 0.000000 -0.000000 0.000000 -0.000000 1.000000 -0.000000 0.000000 0.000000 0.000000 1.000000
1.000000 0.000000 0.000000 -0.000000 -0.000000 1.000000 0.000000 -0.000000 0.000000 -0.000000 1.000000 -0.000000 0.000000 0.000000 0.000000 1.000000</float_array>
          <technique_common>
            <accessor source="#rigging_Tube001Controller-Matrices-array" count="2" stride="16">
              <param type="float4x4"/>
            </accessor>
          </technique_common>
        </source>
        <source id="rigging_Tube001Controller-Weights">
          <float_array id="rigging_Tube001Controller-Weights-array" count="1">

1.000000</float_array>
          <technique_common>
            <accessor source="#rigging_Tube001Controller-Weights-array" count="1">
              <param type="float"/>
            </accessor>
          </technique_common>
        </source>
        <joints>
          <input semantic="JOINT" source="#rigging_Tube001Controller-Joints"/>
          <input semantic="INV_BIND_MATRIX" source="#rigging_Tube001Controller-Matrices"/>
        </joints>
        <vertex_weights count="0">
          <input semantic="JOINT" offset="0" source="#rigging_Tube001Controller-Joints"/>
          <input semantic="WEIGHT" offset="1" source="#rigging_Tube001Controller-Weights"/>
          <vcount></vcount>
          <v></v>
        </vertex_weights>
      </skin>
    </controller>
  </library_controllers>
  <library_animations>
    <animation id="rigging_Yennefer-anim" name="rigging_Yennefer"><source id="rigging_Yennefer-Matrix-animation-input"><float_array id="rigging_Yennefer-Matrix-animation-input-array" count="77">

0.000000 0.033333 0.066667 0.100000 0.133333 0.166667 0.200000 0.233333 0.266667 0.300000 0.333333 0.366667 0.400000 0.433333 0.466667 0.500000
0.533333 0.566667 0.600000 0.633333 0.666667 0.700000 0.733333 0.766667 0.800000 0.833333 0.866667 0.900000 0.933333 0.966667 1.000000 1.033333
1.066667 1.100000 1.133333 1.166667 1.200000 1.233333 1.266667 1.300000 1.333333 1.366667 1.400000 1.433333 1.466667 1.500000 1.533333 1.566667
1.600000 1.633333 1.666667 1.700000 1.733333 1.766667 1.800000 1.833333 1.866667 1.900000 1.933333 1.966667 2.000000 2.033333 2.066667 2.100000
2.133333 2.166667 2.200000 2.233333 2.266667 2.300000 2.333333 2.366667 2.400000 2.433333 2.466667 2.500000 2.533333</float_array><technique_common><accessor source="#rigging_Yennefer-Matrix-animation-input-array" count="77"><param name="TIME" type="float"/></accessor></technique_common></source><source id="rigging_Yennefer-Matrix-animation-output-transform"><float_array id="rigging_Yennefer-Matrix-animation-output-transform-array" count="1232">

0.785636 0.104230 -0.609846 -0.082185 0.062744 0.967202 0.246136 -0.078841 0.615500 -0.231637 0.753329 0.051496 0.000000 0.000000 0.000000 1.000000
0.788993 0.113178 -0.603888 -0.090684 0.067607 0.960926 0.268423 -0.064617 0.610671 -0.252611 0.750512 0.062040 0.000000 0.000000 0.000000 1.000000
0.799510 0.116235 -0.589299 -0.096464 0.069869 0.956440 0.283444 -0.050762 0.596575 -0.267790 0.756562 0.070931 0.000000 0.000000 0.000000 1.000000
0.818733 0.127229 -0.559901 -0.105348 0.062631 0.949533 0.307351 -0.036564 0.570749 -0.286705 0.769445 0.083116 0.000000 0.000000 0.000000 1.000000
0.836692 0.118086 -0.534791 -0.103977 0.060679 0.950479 0.304808 -0.029948 0.544301 -0.287481 0.788093 0.087633 0.000000 0.000000 0.000000 1.000000
0.848977 0.094160 -0.519973 -0.094481 0.066305 0.957238 0.281600 -0.029123 0.524253 -0.273549 0.806430 0.085347 0.000000 0.000000 0.000000 1.000000
0.854758 0.080974 -0.512672 -0.088142 0.063081 0.964226 0.257467 -0.030338 0.515180 -0.252412 0.819071 0.080574 0.000000 0.000000 0.000000 1.000000
0.856203 0.070641 -0.511787 -0.081911 0.055632 0.972242 0.227267 -0.032927 0.513636 -0.223059 0.828507 0.073224 0.000000 0.000000 0.000000 1.000000
0.857960 0.060234 -0.510173 -0.075089 0.046793 0.979811 0.194374 -0.036027 0.511581 -0.190638 0.837820 0.065726 0.000000 0.000000 0.000000 1.000000
0.865882 0.049059 -0.497837 -0.067182 0.036658 0.986281 0.160951 -0.039919 0.498904 -0.157614 0.852205 0.058166 0.000000 0.000000 0.000000 1.000000
0.889010 0.037262 -0.456369 -0.059674 0.021648 0.992148 0.123178 -0.044367 0.457375 -0.119386 0.881223 0.048647 0.000000 0.000000 0.000000 1.000000
0.928037 0.028769 -0.371375 -0.056396 -0.000139 0.997040 0.076889 -0.048936 0.372488 -0.071304 0.925294 0.035017 0.000000 0.000000 0.000000 1.000000
0.967463 0.020827 -0.252154 -0.056075 -0.016529 0.999680 0.019149 -0.053027 0.252472 -0.014358 0.967498 0.016733 0.000000 0.000000 0.000000 1.000000
0.992699 -0.009347 -0.120257 -0.048697 0.001869 0.998065 -0.062146 -0.057839 0.120605 0.061467 0.990796 -0.011235 0.000000 0.000000 0.000000 1.000000
0.998896 -0.040537 -0.023731 -0.041429 0.037132 0.990866 -0.129639 -0.062949 0.028770 0.128615 0.991277 -0.037271 0.000000 0.000000 0.000000 1.000000
0.998984 -0.044846 0.004437 -0.042857 0.045040 0.990300 -0.131447 -0.074199 0.001501 0.131513 0.991313 -0.033185 0.000000 0.000000 0.000000 1.000000
0.997080 -0.044000 0.062408 -0.046644 0.051158 0.991676 -0.118160 -0.092812 -0.056690 0.121008 0.991031 -0.019855 0.000000 0.000000 0.000000 1.000000
0.989261 -0.031071 0.142820 -0.055394 0.051761 0.988292 -0.143524 -0.106386 -0.136689 0.149375 0.979287 -0.020898 0.000000 0.000000 0.000000 1.000000
0.987532 -0.025039 0.155417 -0.056361 0.045086 0.990898 -0.126838 -0.114700 -0.150826 0.132264 0.979672 -0.002207 0.000000 0.000000 0.000000 1.000000
0.993300 -0.024576 0.112920 -0.052288 0.035641 0.994642 -0.097044 -0.122559 -0.109930 0.100418 0.988854 0.016629 0.000000 0.000000 0.000000 1.000000
0.997221 -0.032395 0.067092 -0.044465 0.039398 0.993603 -0.105838 -0.125352 -0.063234 0.108187 0.992117 0.015132 0.000000 0.000000 0.000000 1.000000
0.997566 -0.036032 0.059695 -0.039509 0.042488 0.992948 -0.110673 -0.126267 -0.055287 0.112940 0.992062 0.013998 0.000000 0.000000 0.000000 1.000000
0.997579 -0.039855 0.056998 -0.035790 0.046317 0.992056 -0.116963 -0.125494 -0.051883 0.119320 0.991499 0.011202 0.000000 0.000000 0.000000 1.000000
0.997897 -0.042743 0.048728 -0.033293 0.048643 0.990692 -0.127134 -0.123545 -0.042841 0.129237 0.990688 0.007113 0.000000 0.000000 0.000000 1.000000
0.998092 -0.042894 0.044415 -0.032667 0.048610 0.989399 -0.136848 -0.121384 -0.038075 0.138746 0.989596 0.003248 0.000000 0.000000 0.000000 1.000000
0.998472 -0.040970 0.037090 -0.033294 0.045886 0.988630 -0.143198 -0.119109 -0.030801 0.144681 0.988999 0.001340 0.000000 0.000000 0.000000 1.000000
0.998458 -0.040583 0.037868 -0.033463 0.045737 0.988077 -0.147012 -0.117240 -0.031450 0.148517 0.988410 0.001094 0.000000 0.000000 0.000000 1.000000
0.998237 -0.039632 0.044180 -0.033614 0.045727 0.988110 -0.146790 -0.116266 -0.037837 0.148551 0.988181 0.002656 0.000000 0.000000 0.000000 1.000000
0.998269 -0.039154 0.043893 -0.033279 0.045280 0.987859 -0.148610 -0.115518 -0.037542 0.150340 0.987921 0.003120 0.000000 0.000000 0.000000 1.000000
0.998421 -0.039525 0.039911 -0.032692 0.045174 0.987296 -0.152336 -0.115030 -0.033383 0.153898 0.987523 0.002364 0.000000 0.000000 0.000000 1.000000
0.998496 -0.038940 0.038588 -0.032802 0.044530 0.986662 -0.156575 -0.114734 -0.031977 0.158058 0.986912 0.000917 0.000000 0.000000 0.000000 1.000000
0.998425 -0.037106 0.042079 -0.033682 0.043315 0.986519 -0.157808 -0.114574 -0.035656 0.159382 0.986573 0.000677 0.000000 0.000000 0.000000 1.000000
0.998543 -0.036542 0.039711 -0.034050 0.042354 0.986682 -0.157051 -0.114555 -0.033443 0.158504 0.986792 0.000946 0.000000 0.000000 0.000000 1.000000
0.998618 -0.036142 0.038150 -0.034191 0.041689 0.986819 -0.156365 -0.114606 -0.031996 0.157740 0.986962 0.000952 0.000000 0.000000 0.000000 1.000000
0.998753 -0.036638 0.033908 -0.034264 0.041458 0.987120 -0.154518 -0.114892 -0.027810 0.155731 0.987408 0.001078 0.000000 0.000000 0.000000 1.000000
0.998972 -0.036180 0.027295 -0.034714 0.039915 0.987609 -0.151771 -0.115265 -0.021465 0.152704 0.988039 0.001725 0.000000 0.000000 0.000000 1.000000
0.998936 -0.035477 0.029467 -0.035518 0.039492 0.988009 -0.149261 -0.116040 -0.023819 0.150266 0.988359 0.002498 0.000000 0.000000 0.000000 1.000000
0.998782 -0.039399 0.029711 -0.034396 0.043315 0.988430 -0.145360 -0.117239 -0.023640 0.146470 0.988933 0.003639 0.000000 0.000000 0.000000 1.000000
0.998797 -0.040350 0.027880 -0.034328 0.043927 0.988805 -0.142599 -0.118266 -0.021814 0.143652 0.989388 0.004379 0.000000 0.000000 0.000000 1.000000
0.998420 -0.039496 0.039980 -0.035273 0.044679 0.989370 -0.138386 -0.119545 -0.034090 0.139954 0.989571 0.006033 0.000000 0.000000 0.000000 1.000000
0.998166 -0.040862 0.044664 -0.034988 0.046421 0.990228 -0.131506 -0.121170 -0.038854 0.133338 0.990309 0.008510 0.000000 0.000000 0.000000 1.000000
0.998248 -0.041282 0.042388 -0.034617 0.046527 0.990248 -0.131314 -0.122156 -0.036554 0.133056 0.990434 0.007917 0.000000 0.000000 0.000000 1.000000
0.997951 -0.041118 0.049021 -0.034767 0.047320 0.989995 -0.132931 -0.122780 -0.043065 0.134979 0.989912 0.006297 0.000000 0.000000 0.000000 1.000000
0.997960 -0.040027 0.049734 -0.035116 0.046350 0.989993 -0.133287 -0.123083 -0.043902 0.135320 0.989829 0.004907 0.000000 0.000000 0.000000 1.000000
0.998340 -0.036286 0.044738 -0.036196 0.042008 0.990034 -0.134415 -0.122876 -0.039415 0.136072 0.989915 0.003337 0.000000 0.000000 0.000000 1.000000
0.998566 -0.034758 0.040715 -0.036211 0.039978 0.989991 -0.135349 -0.122641 -0.035603 0.136783 0.989961 0.001970 0.000000 0.000000 0.000000 1.000000
0.998799 -0.032423 0.036720 -0.036448 0.037104 0.990157 -0.134950 -0.122538 -0.031983 0.136150 0.990172 0.001444 0.000000 0.000000 0.000000 1.000000
0.998911 -0.031160 0.034714 -0.035973 0.035602 0.990106 -0.135729 -0.122602 -0.030142 0.136817 0.990138 0.000711 0.000000 0.000000 0.000000 1.000000
0.998983 -0.032906 0.030817 -0.033968 0.036819 0.989961 -0.136459 -0.122907 -0.026017 0.137455 0.990166 0.000156 0.000000 0.000000 0.000000 1.000000
0.999097 -0.035275 0.023676 -0.031599 0.038225 0.989604 -0.138646 -0.123003 -0.018539 0.139426 0.990059 -0.000744 0.000000 0.000000 0.000000 1.000000
0.999205 -0.037825 0.012590 -0.029067 0.039194 0.989816 -0.136854 -0.123040 -0.007285 0.137239 0.990511 0.000685 0.000000 0.000000 0.000000 1.000000
0.999249 -0.037555 0.009546 -0.028149 0.038490 0.990418 -0.132631 -0.123170 -0.004473 0.132899 0.991119 0.003254 0.000000 0.000000 0.000000 1.000000
0.999315 -0.035518 0.010357 -0.028613 0.036596 0.990076 -0.135685 -0.123158 -0.005435 0.135971 0.990698 0.001901 0.000000 0.000000 0.000000 1.000000
0.999350 -0.034841 0.009299 -0.028831 0.035809 0.989217 -0.142014 -0.123189 -0.004251 0.142255 0.989821 -0.001355 0.000000 0.000000 0.000000 1.000000
0.999306 -0.035891 0.009984 -0.028371 0.036959 0.988763 -0.144851 -0.123407 -0.004673 0.145120 0.989403 -0.002980 0.000000 0.000000 0.000000 1.000000
0.999316 -0.036055 0.008208 -0.028187 0.036861 0.988929 -0.143736 -0.123281 -0.002934 0.143940 0.989582 -0.002820 0.000000 0.000000 0.000000 1.000000
0.999313 -0.036978 -0.002520 -0.027223 0.036269 0.989639 -0.138920 -0.122350 0.007631 0.138733 0.990300 -0.001013 0.000000 0.000000 0.000000 1.000000
0.998429 -0.040900 -0.038286 -0.023540 0.036017 0.992055 -0.120542 -0.120840 0.042912 0.118974 0.991970 0.007110 0.000000 0.000000 0.000000 1.000000
0.993768 -0.038410 -0.104643 -0.020443 0.030601 0.996696 -0.075238 -0.119037 0.107187 0.071567 0.991660 0.025710 0.000000 0.000000 0.000000 1.000000
0.983029 -0.030591 -0.180881 -0.018691 0.027963 0.999463 -0.017061 -0.116389 0.181305 0.011714 0.983357 0.048885 0.000000 0.000000 0.000000 1.000000
0.958571 -0.019110 -0.284212 -0.016772 0.033959 0.998298 0.047412 -0.110468 0.282822 -0.055100 0.957588 0.076229 0.000000 0.000000 0.000000 1.000000
0.909622 -0.002161 -0.415431 -0.016589 0.049394 0.993456 0.102986 -0.101236 0.412490 -0.114198 0.903776 0.099586 0.000000 0.000000 0.000000 1.000000
0.842574 0.007074 -0.538535 -0.014796 0.073664 0.989003 0.128244 -0.092137 0.533520 -0.147725 0.832787 0.109101 0.000000 0.000000 0.000000 1.000000
0.769624 0.003340 -0.638489 -0.010119 0.099886 0.987044 0.125565 -0.086238 0.630636 -0.160415 0.759319 0.105423 0.000000 0.000000 0.000000 1.000000
0.700979 -0.002028 -0.713179 -0.006314 0.118742 0.986370 0.113906 -0.083222 0.703228 -0.164530 0.691665 0.095354 0.000000 0.000000 0.000000 1.000000
0.638562 -0.007970 -0.769529 -0.001847 0.124643 0.987815 0.093199 -0.081925 0.759409 -0.155430 0.631775 0.078715 0.000000 0.000000 0.000000 1.000000
0.584620 -0.013311 -0.811198 0.002600 0.120563 0.990189 0.070641 -0.081055 0.802299 -0.139099 0.580489 0.059702 0.000000 0.000000 0.000000 1.000000
0.545849 -0.015455 -0.837741 0.005163 0.111060 0.992343 0.054056 -0.079548 0.830491 -0.122545 0.543386 0.042714 0.000000 0.000000 0.000000 1.000000
0.525834 -0.016985 -0.850418 0.006658 0.097802 0.994377 0.040613 -0.076862 0.844946 -0.104528 0.524538 0.027373 0.000000 0.000000 0.000000 1.000000
0.528706 -0.027439 -0.848361 0.011364 0.088059 0.995857 0.022669 -0.074098 0.844225 -0.086691 0.528932 0.014022 0.000000 0.000000 0.000000 1.000000
0.535467 -0.046111 -0.843297 0.019978 0.086105 0.996286 0.000197 -0.072387 0.840156 -0.072718 0.537448 0.004156 0.000000 0.000000 0.000000 1.000000
0.534665 -0.057773 -0.843087 0.025837 0.086565 0.996157 -0.013365 -0.071008 0.840618 -0.065836 0.537612 -0.001317 0.000000 0.000000 0.000000 1.000000
0.531108 -0.064270 -0.844863 0.029633 0.088520 0.995871 -0.020110 -0.070685 0.842667 -0.064107 0.534604 -0.003863 0.000000 0.000000 0.000000 1.000000
0.524840 -0.067760 -0.848500 0.032123 0.088407 0.995775 -0.024837 -0.071160 0.846597 -0.061978 0.528613 -0.005678 0.000000 0.000000 0.000000 1.000000
0.516389 -0.069174 -0.853556 0.033403 0.086771 0.995829 -0.028209 -0.071583 0.851947 -0.059497 0.520237 -0.006531 0.000000 0.000000 0.000000 1.000000
0.514929 -0.068537 -0.854489 0.033207 0.085781 0.995915 -0.028187 -0.071824 0.852930 -0.058785 0.518705 -0.006113 0.000000 0.000000 0.000000 1.000000
0.521735 -0.064924 -0.850633 0.031397 0.084195 0.996151 -0.024389 -0.071647 0.848942 -0.058895 0.525193 -0.004671 0.000000 0.000000 0.000000 1.000000</float_array><technique_common><accessor source="#rigging_Yennefer-Matrix-animation-output-transform-array" count="77" stride="16"><param type="float4x4"/></accessor></technique_common></source><source id="rigging_Yennefer-Interpolations"><Name_array id="rigging_Yennefer-Interpolations-array" count="77">
 LINEAR LINEAR LINEAR LINEAR LINEAR LINEAR LINEAR LINEAR LINEAR LINEAR LINEAR
LINEAR LINEAR LINEAR LINEAR LINEAR LINEAR LINEAR LINEAR LINEAR LINEAR LINEAR LINEAR
LINEAR LINEAR LINEAR LINEAR LINEAR LINEAR LINEAR LINEAR LINEAR LINEAR LINEAR LINEAR
LINEAR LINEAR LINEAR LINEAR LINEAR LINEAR LINEAR LINEAR LINEAR LINEAR LINEAR LINEAR
LINEAR LINEAR LINEAR LINEAR LINEAR LINEAR LINEAR LINEAR LINEAR LINEAR LINEAR LINEAR
LINEAR LINEAR LINEAR LINEAR LINEAR LINEAR LINEAR LINEAR LINEAR LINEAR LINEAR LINEAR
LINEAR LINEAR LINEAR LINEAR LINEAR LINEAR</Name_array><technique_common><accessor source="#rigging_Yennefer-Interpolations-array" count="77"><param type="name"/></accessor></technique_common></source><sampler id="rigging_Yennefer-Matrix-animation-transform"><input semantic="INPUT" source="#rigging_Yennefer-Matrix-animation-input"/><input semantic="OUTPUT" source="#rigging_Yennefer-Matrix-animation-output-transform"/><input semantic="INTERPOLATION" source="#rigging_Yennefer-Interpolations"/></sampler><channel source="#rigging_Yennefer-Matrix-animation-transform" target="rigging_Yennefer/matrix"/></animation>
    <animation id="rigging_meshes-anim" name="rigging_meshes"><source id="rigging_meshes-Matrix-animation-input"><float_array id="rigging_meshes-Matrix-animation-input-array" count="77">

0.000000 0.033333 0.066667 0.100000 0.133333 0.166667 0.200000 0.233333 0.266667 0.300000 0.333333 0.366667 0.400000 0.433333 0.466667 0.500000
0.533333 0.566667 0.600000 0.633333 0.666667 0.700000 0.733333 0.766667 0.800000 0.833333 0.866667 0.900000 0.933333 0.966667 1.000000 1.033333
1.066667 1.100000 1.133333 1.166667 1.200000 1.233333 1.266667 1.300000 1.333333 1.366667 1.400000 1.433333 1.466667 1.500000 1.533333 1.566667
1.600000 1.633333 1.666667 1.700000 1.733333 1.766667 1.800000 1.833333 1.866667 1.900000 1.933333 1.966667 2.000000 2.033333 2.066667 2.100000
2.133333 2.166667 2.200000 2.233333 2.266667 2.300000 2.333333 2.366667 2.400000 2.433333 2.466667 2.500000 2.533333</float_array><technique_common><accessor source="#rigging_meshes-Matrix-animation-input-array" count="77"><param name="TIME" type="float"/></accessor></technique_common></source><source id="rigging_meshes-Matrix-animation-output-transform"><float_array id="rigging_meshes-Matrix-animation-output-transform-array" count="1232">

1.000000 -0.000000 -0.000000 0.000000 0.000000 1.000000 -0.000000 0.000000 0.000000 -0.000000 1.000000 0.000000 0.000000 0.000000 0.000000 1.000000
1.000000 -0.000000 0.000000 0.000000 -0.000000 1.000000 0.000000 0.000000 -0.000000 0.000000 1.000000 0.000000 0.000000 0.000000 0.000000 1.000000
1.000000 0.000000 -0.000000 0.000000 0.000000 1.000000 -0.000000 0.000000 0.000000 -0.000000 1.000000 0.000000 0.000000 0.000000 0.000000 1.000000
1.000000 -0.000000 0.000000 0.000000 -0.000000 1.000000 -0.000000 0.000000 -0.000000 -0.000000 1.000000 0.000000 0.000000 0.000000 0.000000 1.000000
1.000000 -0.000000 0.000000 0.000000 0.000000 1.000000 0.000000 0.000000 -0.000000 0.000000 1.000000 0.000000 0.000000 0.000000 0.000000 1.000000
1.000000 0.000000 0.000000 0.000000 0.000000 1.000000 0.000000 0.000000 0.000000 -0.000000 1.000000 0.000000 0.000000 0.000000 0.000000 1.000000
1.000000 -0.000000 0.000000 0.000000 0.000000 1.000000 0.000000 0.000000 0.000000 0.000000 1.000000 0.000000 0.000000 0.000000 0.000000 1.000000
1.000000 -0.000000 0.000000 0.000000 0.000000 1.000000 -0.000000 0.000000 0.000000 0.000000 1.000000 0.000000 0.000000 0.000000 0.000000 1.000000
1.000000 -0.000000 0.000000 0.000000 -0.000000 1.000000 0.000000 0.000000 -0.000000 0.000000 1.000000 0.000000 0.000000 0.000000 0.000000 1.000000
1.000000 0.000000 0.000000 0.000000 -0.000000 1.000000 0.000000 0.000000 -0.000000 0.000000 1.000000 0.000000 0.000000 0.000000 0.000000 1.000000
1.000000 -0.000000 0.000000 0.000000 -0.000000 1.000000 -0.000000 0.000000 0.000000 0.000000 1.000000 0.000000 0.000000 0.000000 0.000000 1.000000
1.000000 0.000000 0.000000 0.000000 0.000000 1.000000 -0.000000 0.000000 -0.000000 -0.000000 1.000000 0.000000 0.000000 0.000000 0.000000 1.000000
1.000000 0.000000 0.000000 0.000000 -0.000000 1.000000 -0.000000 0.000000 0.000000 0.000000 1.000000 0.000000 0.000000 0.000000 0.000000 1.000000
1.000000 0.000000 0.000000 0.000000 0.000000 1.000000 -0.000000 0.000000 -0.000000 -0.000000 1.000000 0.000000 0.000000 0.000000 0.000000 1.000000
1.000000 -0.000000 -0.000000 0.000000 0.000000 1.000000 -0.000000 0.000000 0.000000 -0.000000 1.000000 0.000000 0.000000 0.000000 0.000000 1.000000
1.000000 0.000000 -0.000000 0.000000 -0.000000 1.000000 0.000000 0.000000 -0.000000 0.000000 1.000000 0.000000 0.000000 0.000000 0.000000 1.000000
1.000000 -0.000000 0.000000 0.000000 0.000000 1.000000 0.000000 0.000000 0.000000 -0.000000 1.000000 0.000000 0.000000 0.000000 0.000000 1.000000
1.000000 0.000000 0.000000 0.000000 -0.000000 1.000000 0.000000 0.000000 0.000000 0.000000 1.000000 0.000000 0.000000 0.000000 0.000000 1.000000
1.000000 -0.000000 0.000000 0.000000 -0.000000 1.000000 0.000000 0.000000 -0.000000 0.000000 1.000000 0.000000 0.000000 0.000000 0.000000 1.000000
1.000000 -0.000000 0.000000 0.000000 -0.000000 1.000000 0.000000 0.000000 0.000000 0.000000 1.000000 0.000000 0.000000 0.000000 0.000000 1.000000
1.000000 -0.000000 -0.000000 0.000000 0.000000 1.000000 0.000000 0.000000 0.000000 -0.000000 1.000000 0.000000 0.000000 0.000000 0.000000 1.000000
1.000000 0.000000 0.000000 0.000000 -0.000000 1.000000 0.000000 0.000000 -0.000000 0.000000 1.000000 0.000000 0.000000 0.000000 0.000000 1.000000
1.000000 0.000000 0.000000 0.000000 0.000000 1.000000 0.000000 0.000000 0.000000 -0.000000 1.000000 0.000000 0.000000 0.000000 0.000000 1.000000
1.000000 0.000000 0.000000 0.000000 0.000000 1.000000 0.000000 0.000000 0.000000 0.000000 1.000000 0.000000 0.000000 0.000000 0.000000 1.000000
1.000000 0.000000 0.000000 0.000000 0.000000 1.000000 0.000000 0.000000 -0.000000 0.000000 1.000000 0.000000 0.000000 0.000000 0.000000 1.000000
1.000000 0.000000 0.000000 0.000000 -0.000000 1.000000 0.000000 0.000000 -0.000000 -0.000000 1.000000 0.000000 0.000000 0.000000 0.000000 1.000000
1.000000 0.000000 0.000000 0.000000 0.000000 1.000000 0.000000 0.000000 0.000000 -0.000000 1.000000 0.000000 0.000000 0.000000 0.000000 1.000000
1.000000 0.000000 0.000000 0.000000 0.000000 1.000000 -0.000000 0.000000 0.000000 -0.000000 1.000000 0.000000 0.000000 0.000000 0.000000 1.000000
1.000000 -0.000000 -0.000000 0.000000 0.000000 1.000000 0.000000 0.000000 -0.000000 0.000000 1.000000 0.000000 0.000000 0.000000 0.000000 1.000000
1.000000 0.000000 -0.000000 0.000000 -0.000000 1.000000 0.000000 0.000000 0.000000 -0.000000 1.000000 0.000000 0.000000 0.000000 0.000000 1.000000
1.000000 -0.000000 0.000000 0.000000 -0.000000 1.000000 0.000000 0.000000 0.000000 0.000000 1.000000 0.000000 0.000000 0.000000 0.000000 1.000000
1.000000 -0.000000 0.000000 0.000000 -0.000000 1.000000 -0.000000 0.000000 -0.000000 -0.000000 1.000000 0.000000 0.000000 0.000000 0.000000 1.000000
1.000000 -0.000000 0.000000 0.000000 0.000000 1.000000 0.000000 0.000000 -0.000000 0.000000 1.000000 0.000000 0.000000 0.000000 0.000000 1.000000
1.000000 -0.000000 0.000000 0.000000 -0.000000 1.000000 0.000000 0.000000 -0.000000 0.000000 1.000000 0.000000 0.000000 0.000000 0.000000 1.000000
1.000000 0.000000 0.000000 0.000000 0.000000 1.000000 0.000000 0.000000 0.000000 -0.000000 1.000000 0.000000 0.000000 0.000000 0.000000 1.000000
1.000000 -0.000000 -0.000000 0.000000 -0.000000 1.000000 0.000000 0.000000 0.000000 0.000000 1.000000 0.000000 0.000000 0.000000 0.000000 1.000000
1.000000 -0.000000 0.000000 0.000000 0.000000 1.000000 0.000000 0.000000 0.000000 0.000000 1.000000 0.000000 0.000000 0.000000 0.000000 1.000000
1.000000 0.000000 -0.000000 0.000000 -0.000000 1.000000 0.000000 0.000000 0.000000 -0.000000 1.000000 0.000000 0.000000 0.000000 0.000000 1.000000
1.000000 0.000000 -0.000000 0.000000 0.000000 1.000000 0.000000 0.000000 0.000000 0.000000 1.000000 0.000000 0.000000 0.000000 0.000000 1.000000
1.000000 0.000000 0.000000 0.000000 0.000000 1.000000 0.000000 0.000000 0.000000 -0.000000 1.000000 0.000000 0.000000 0.000000 0.000000 1.000000
1.000000 0.000000 0.000000 0.000000 0.000000 1.000000 0.000000 0.000000 0.000000 0.000000 1.000000 0.000000 0.000000 0.000000 0.000000 1.000000
