<?xml version="1.0" encoding="utf-8"?>
<COLLADA xmlns="http://www.collada.org/2005/11/COLLADASchema" version="1.4.1">
  <asset><contributor><author>Mixamo</author><authoring_tool>COLLADA Mixamo exporter</authoring_tool><comments></comments></contributor><created>2020-03-30T14:25:57Z</created><modified>2020-03-30T14:25:57Z</modified><revision></revision><title></title><unit meter="0.010000"/><up_axis>Y_UP</up_axis></asset>
  <library_animations>
    <animation id="mixamorig_Hips-anim" name="mixamorig_Hips"><source id="mixamorig_Hips-Matrix-animation-input"><float_array id="mixamorig_Hips-Matrix-animation-input-array" count="110">

0.000000 0.033333 0.066667 0.100000 0.133333 0.166667 0.200000 0.233333 0.266667 0.300000 0.333333 0.366667 0.400000 0.433333 0.466667 0.500000
0.533333 0.566667 0.600000 0.633333 0.666667 0.700000 0.733333 0.766667 0.800000 0.833333 0.866667 0.900000 0.933333 0.966667 1.000000 1.033333
1.066667 1.100000 1.133333 1.166667 1.200000 1.233333 1.266667 1.300000 1.333333 1.366667 1.400000 1.433333 1.466667 1.500000 1.533333 1.566667
1.600000 1.633333 1.666667 1.700000 1.733333 1.766667 1.800000 1.833333 1.866667 1.900000 1.933333 1.966667 2.000000 2.033333 2.066667 2.100000
2.133333 2.166667 2.200000 2.233333 2.266667 2.300000 2.333333 2.366667 2.400000 2.433333 2.466667 2.500000 2.533333 2.566667 2.600000 2.633333
2.666667 2.700000 2.733333 2.766667 2.800000 2.833333 2.866667 2.900000 2.933333 2.966667 3.000000 3.033333 3.066667 3.100000 3.133333 3.166667
3.200000 3.233333 3.266667 3.300000 3.333333 3.366667 3.400000 3.433333 3.466667 3.500000 3.533333 3.566667 3.600000 3.633333</float_array><technique_common><accessor source="#mixamorig_Hips-Matrix-animation-input-array" count="110"><param name="TIME" type="float"/></accessor></technique_common></source><source id="mixamorig_Hips-Matrix-animation-output-transform"><float_array id="mixamorig_Hips-Matrix-animation-output-transform-array" count="1760">

0.522267 -0.054663 -0.851028 0.736186 0.059764 0.997836 -0.027416 50.134819 0.850685 -0.036543 0.524404 -0.199053 0.000000 0.000000 0.000000 1.000000
0.519747 -0.053046 -0.852672 0.570134 0.054628 0.998092 -0.028794 50.091835 0.852572 -0.031614 0.521653 -0.347909 0.000000 0.000000 0.000000 1.000000
0.517693 0.008059 -0.855528 -0.369618 0.030697 0.999137 0.027987 50.376785 0.855015 -0.040751 0.516999 -0.010959 0.000000 0.000000 0.000000 1.000000
0.533321 0.128525 -0.836092 -1.617321 0.015808 0.986704 0.161760 50.846306 0.845765 -0.099487 0.524198 0.723395 0.000000 0.000000 0.000000 1.000000
0.523736 0.137255 -0.840751 -1.911280 0.027898 0.983642 0.177960 51.512947 0.851424 -0.116659 0.511339 1.528368 0.000000 0.000000 0.000000 1.000000
0.536070 0.115763 -0.836198 -1.422958 0.062461 0.982399 0.176045 52.181511 0.841859 -0.146602 0.519404 2.082138 0.000000 0.000000 0.000000 1.000000
0.610256 0.089119 -0.787175 -0.845643 0.079655 0.981714 0.172896 52.803661 0.788189 -0.168213 0.591998 2.386908 0.000000 0.000000 0.000000 1.000000
0.688751 0.066450 -0.721946 -0.423072 0.091568 0.979843 0.177546 53.230919 0.719192 -0.188392 0.668784 2.551497 0.000000 0.000000 0.000000 1.000000
0.743756 0.042774 -0.667082 -0.225238 0.100586 0.979426 0.174950 53.516315 0.660840 -0.197219 0.724151 2.709631 0.000000 0.000000 0.000000 1.000000
0.782864 0.033260 -0.621303 -0.192037 0.108423 0.975999 0.188865 53.659893 0.612673 -0.215219 0.760468 2.784218 0.000000 0.000000 0.000000 1.000000
0.809815 0.026524 -0.586086 -0.224359 0.114055 0.972801 0.201619 53.728329 0.575492 -0.230120 0.784763 2.826534 0.000000 0.000000 0.000000 1.000000
0.825183 0.025735 -0.564279 -0.318114 0.109094 0.972893 0.203907 53.780037 0.554230 -0.229820 0.800007 2.893650 0.000000 0.000000 0.000000 1.000000
0.833427 0.023289 -0.552138 -0.427656 0.106380 0.973664 0.201646 53.825420 0.542294 -0.226794 0.809001 2.945262 0.000000 0.000000 0.000000 1.000000
0.839820 0.020139 -0.542492 -0.564047 0.106416 0.973816 0.200892 53.849247 0.532333 -0.226442 0.815687 2.962949 0.000000 0.000000 0.000000 1.000000
0.847929 0.017072 -0.529834 -0.754084 0.106235 0.973733 0.201389 53.862091 0.519355 -0.227050 0.823844 2.959399 0.000000 0.000000 0.000000 1.000000
0.861178 0.015975 -0.508052 -1.013047 0.105251 0.972240 0.208977 53.852829 0.497287 -0.233440 0.835591 2.920026 0.000000 0.000000 0.000000 1.000000
0.879161 0.012180 -0.476369 -1.325139 0.103639 0.970856 0.216094 53.831688 0.465118 -0.239352 0.852277 2.866565 0.000000 0.000000 0.000000 1.000000
0.892697 0.010401 -0.450537 -1.579047 0.100156 0.970153 0.220845 53.809906 0.439386 -0.242272 0.865011 2.819202 0.000000 0.000000 0.000000 1.000000
0.899025 0.013078 -0.437702 -1.708090 0.098234 0.968055 0.230694 53.771198 0.426737 -0.250397 0.869021 2.745813 0.000000 0.000000 0.000000 1.000000
0.899998 0.012243 -0.435723 -1.770303 0.099809 0.967260 0.233337 53.735313 0.424314 -0.253492 0.869310 2.678763 0.000000 0.000000 0.000000 1.000000
0.899010 0.013309 -0.437727 -1.777871 0.100408 0.966647 0.235609 53.691219 0.426263 -0.255766 0.867689 2.606017 0.000000 0.000000 0.000000 1.000000
0.902097 0.010462 -0.431407 -1.772301 0.103196 0.965470 0.239202 53.633907 0.419013 -0.260303 0.869868 2.514653 0.000000 0.000000 0.000000 1.000000
0.912417 0.007237 -0.409198 -1.850765 0.101414 0.964663 0.243189 53.563229 0.396498 -0.263388 0.879441 2.428169 0.000000 0.000000 0.000000 1.000000
0.925349 0.004856 -0.379086 -1.958469 0.097054 0.963563 0.249253 53.444603 0.366483 -0.267438 0.891161 2.333958 0.000000 0.000000 0.000000 1.000000
0.938386 0.003286 -0.345574 -2.101758 0.091105 0.962231 0.256539 53.344032 0.333365 -0.272216 0.902644 2.239618 0.000000 0.000000 0.000000 1.000000
0.951297 0.003216 -0.308259 -2.287886 0.080915 0.962281 0.259747 53.216618 0.297467 -0.272040 0.915155 2.165839 0.000000 0.000000 0.000000 1.000000
0.962840 0.004010 -0.270043 -2.526508 0.069960 0.962056 0.263730 53.106316 0.260854 -0.272822 0.926026 2.055553 0.000000 0.000000 0.000000 1.000000
0.971818 0.000890 -0.235730 -2.742469 0.064090 0.961328 0.267845 53.049576 0.226852 -0.275405 0.934179 1.972473 0.000000 0.000000 0.000000 1.000000
0.980948 0.002472 -0.194255 -3.007439 0.051550 0.960762 0.272541 52.897320 0.187306 -0.277362 0.942330 1.810542 0.000000 0.000000 0.000000 1.000000
0.988072 -0.000618 -0.153989 -3.258900 0.042894 0.961519 0.271370 52.714287 0.147895 -0.274739 0.950077 1.618370 0.000000 0.000000 0.000000 1.000000
0.993470 -0.004997 -0.113987 -3.483222 0.036220 0.961177 0.273544 52.484337 0.108195 -0.275886 0.955081 1.413493 0.000000 0.000000 0.000000 1.000000
0.997300 -0.006485 -0.073153 -3.680468 0.026424 0.961071 0.275034 52.227482 0.068522 -0.276225 0.958647 1.206008 0.000000 0.000000 0.000000 1.000000
0.999465 -0.006729 -0.032013 -3.863341 0.015288 0.961251 0.275251 51.962490 0.028920 -0.275593 0.960839 0.977465 0.000000 0.000000 0.000000 1.000000
0.999892 -0.008056 0.012254 -4.025601 0.004390 0.961721 0.273994 51.685383 -0.013992 -0.273911 0.961653 0.713020 0.000000 0.000000 0.000000 1.000000
0.998302 -0.006412 0.057892 -4.169737 -0.009469 0.962833 0.269931 51.381901 -0.057471 -0.270021 0.961138 0.387268 0.000000 0.000000 0.000000 1.000000
0.994729 -0.004120 0.102457 -4.260424 -0.023281 0.964023 0.264797 51.095085 -0.099862 -0.265786 0.958846 -0.194435 0.000000 0.000000 0.000000 1.000000
0.990244 -0.001771 0.139336 -4.309372 -0.034645 0.965393 0.258488 50.841255 -0.134971 -0.260794 0.955913 -0.775141 0.000000 0.000000 0.000000 1.000000
0.985806 -0.001162 0.167884 -4.315053 -0.041974 0.966514 0.253159 50.578625 -0.162557 -0.256612 0.952746 -1.366788 0.000000 0.000000 0.000000 1.000000
0.981636 -0.001233 0.190762 -4.293176 -0.047581 0.966793 0.251093 50.318954 -0.184737 -0.255558 0.948980 -1.979310 0.000000 0.000000 0.000000 1.000000
0.977693 -0.001752 0.210033 -4.228333 -0.051600 0.967317 0.248264 50.035461 -0.203604 -0.253564 0.945648 -2.607202 0.000000 0.000000 0.000000 1.000000
0.973331 -0.003181 0.229384 -4.155159 -0.055382 0.967070 0.248412 49.759571 -0.222621 -0.254490 0.941103 -3.260793 0.000000 0.000000 0.000000 1.000000
0.968256 -0.002746 0.249947 -4.074180 -0.062982 0.964997 0.254587 49.442562 -0.241897 -0.262248 0.934190 -3.941896 0.000000 0.000000 0.000000 1.000000
0.963357 -0.001801 0.268218 -3.946533 -0.071489 0.962082 0.263224 49.039577 -0.258522 -0.272753 0.926700 -4.654463 0.000000 0.000000 0.000000 1.000000
0.957842 -0.003384 0.287277 -3.800046 -0.078814 0.958474 0.274073 48.560856 -0.276275 -0.285160 0.917799 -5.385177 0.000000 0.000000 0.000000 1.000000
0.951730 -0.008957 0.306805 -3.677015 -0.082941 0.954883 0.285165 47.972397 -0.295517 -0.296846 0.908049 -6.163279 0.000000 0.000000 0.000000 1.000000
0.946969 -0.023679 0.320452 -3.566459 -0.075727 0.952745 0.294181 47.293480 -0.312275 -0.302847 0.900426 -6.907475 0.000000 0.000000 0.000000 1.000000
0.944987 -0.029252 0.325798 -3.615065 -0.076777 0.948336 0.307839 46.390903 -0.317971 -0.315917 0.893919 -7.695867 0.000000 0.000000 0.000000 1.000000
0.943753 -0.031484 0.329148 -3.617017 -0.075435 0.948703 0.307038 45.435059 -0.321930 -0.314598 0.892966 -8.485737 0.000000 0.000000 0.000000 1.000000
0.946109 -0.035479 0.321899 -3.720523 -0.072042 0.946017 0.316010 44.367447 -0.315733 -0.322171 0.892479 -9.367820 0.000000 0.000000 0.000000 1.000000
0.946238 -0.039460 0.321056 -3.844774 -0.069488 0.944563 0.320892 43.161667 -0.315920 -0.325949 0.891040 -10.222996 0.000000 0.000000 0.000000 1.000000
0.941171 -0.040083 0.335544 -3.954780 -0.073924 0.944470 0.320174 41.852341 -0.329744 -0.326144 0.885945 -11.096929 0.000000 0.000000 0.000000 1.000000
0.929953 -0.034145 0.366089 -4.057969 -0.090339 0.943937 0.317526 40.429893 -0.356407 -0.328356 0.874732 -12.024996 0.000000 0.000000 0.000000 1.000000
0.916053 -0.021654 0.400472 -4.200638 -0.114744 0.942650 0.313440 38.864101 -0.384293 -0.333079 0.861033 -12.957713 0.000000 0.000000 0.000000 1.000000
0.901293 -0.012159 0.433039 -4.351099 -0.137763 0.939670 0.313116 37.100357 -0.410721 -0.341866 0.845243 -14.178973 0.000000 0.000000 0.000000 1.000000
0.880337 -0.009069 0.474263 -4.570606 -0.163364 0.932856 0.321079 35.296562 -0.445331 -0.360135 0.819746 -15.750635 0.000000 0.000000 0.000000 1.000000
0.853512 -0.000274 0.521074 -4.916594 -0.200149 0.923115 0.328327 33.455833 -0.481101 -0.384523 0.787835 -17.363853 0.000000 0.000000 0.000000 1.000000
0.818907 0.010349 0.573833 -5.247923 -0.242651 0.912323 0.329830 31.382256 -0.520108 -0.409342 0.749618 -18.811026 0.000000 0.000000 0.000000 1.000000
0.779287 0.017000 0.626436 -5.564738 -0.285102 0.899807 0.330249 29.056732 -0.558057 -0.435957 0.706055 -20.173195 0.000000 0.000000 0.000000 1.000000
0.744766 0.021213 0.666988 -5.812627 -0.317750 0.890190 0.326492 26.607407 -0.586820 -0.455096 0.669724 -21.606880 0.000000 0.000000 0.000000 1.000000
0.717916 0.025726 0.695654 -5.806530 -0.351754 0.875761 0.330624 24.043402 -0.600721 -0.482059 0.637772 -23.328709 0.000000 0.000000 0.000000 1.000000
0.699559 0.039285 0.713495 -5.429832 -0.398818 0.849971 0.344228 20.988758 -0.592927 -0.525362 0.610272 -25.231174 0.000000 0.000000 0.000000 1.000000
0.684734 0.060806 0.726252 -4.924376 -0.455135 0.813975 0.360966 17.600674 -0.569202 -0.577708 0.585032 -27.579790 0.000000 0.000000 0.000000 1.000000
0.682562 0.080387 0.726393 -4.347039 -0.509245 0.765222 0.393834 14.005283 -0.524193 -0.638728 0.563248 -30.962860 0.000000 0.000000 0.000000 1.000000
0.710272 0.107479 0.695674 -3.931700 -0.569979 0.667756 0.478775 10.155739 -0.413082 -0.736580 0.535549 -34.116158 0.000000 0.000000 0.000000 1.000000
0.791398 0.096176 0.603687 -4.082831 -0.561783 0.503781 0.656205 7.891620 -0.241015 -0.858461 0.452722 -35.777031 0.000000 0.000000 0.000000 1.000000
0.849972 0.139774 0.507948 -4.528725 -0.522596 0.345669 0.779363 7.735062 -0.066647 -0.927888 0.366854 -36.029804 0.000000 0.000000 0.000000 1.000000
0.830925 0.191705 0.522315 -5.552221 -0.553997 0.198188 0.808585 8.593794 0.051493 -0.961234 0.270883 -35.558895 0.000000 0.000000 0.000000 1.000000
0.810426 0.179455 0.557679 -4.614389 -0.575658 0.067220 0.814923 9.597111 0.108754 -0.981467 0.157782 -37.529118 0.000000 0.000000 0.000000 1.000000
0.804820 0.151400 0.573884 -4.592007 -0.573762 -0.048936 0.817559 11.443944 0.151862 -0.987260 0.047483 -40.224380 0.000000 0.000000 0.000000 1.000000
0.806737 0.173417 0.564891 -4.838487 -0.545033 -0.150943 0.824715 13.472898 0.228286 -0.973213 -0.027254 -42.207081 0.000000 0.000000 0.000000 1.000000
0.810766 0.215023 0.544448 -4.737006 -0.500686 -0.227129 0.835300 15.079424 0.303269 -0.949830 -0.076489 -43.961369 0.000000 0.000000 0.000000 1.000000
0.816100 0.250073 0.521003 -4.434926 -0.459482 -0.266013 0.847416 16.280313 0.350510 -0.930967 -0.102189 -45.702507 0.000000 0.000000 0.000000 1.000000
0.819938 0.265778 0.507015 -4.038800 -0.427309 -0.305211 0.851031 16.868412 0.380932 -0.914444 -0.136685 -47.350506 0.000000 0.000000 0.000000 1.000000
0.825819 0.269708 0.495257 -3.856119 -0.400434 -0.337930 0.851737 17.072689 0.397083 -0.901699 -0.171069 -48.690964 0.000000 0.000000 0.000000 1.000000
0.832679 0.282279 0.476408 -3.983041 -0.369846 -0.356815 0.857844 17.140545 0.412141 -0.890507 -0.192712 -49.766743 0.000000 0.000000 0.000000 1.000000
0.836625 0.302059 0.456967 -4.323351 -0.335936 -0.376002 0.863579 17.005230 0.432673 -0.876004 -0.213100 -50.745708 0.000000 0.000000 0.000000 1.000000
0.843517 0.315012 0.435024 -4.776712 -0.301359 -0.392858 0.868818 16.762177 0.444592 -0.863961 -0.236451 -51.558048 0.000000 0.000000 0.000000 1.000000
0.859845 0.321981 0.396226 -5.302974 -0.255617 -0.400306 0.880009 16.401880 0.441958 -0.857953 -0.261897 -52.155205 0.000000 0.000000 0.000000 1.000000
0.877904 0.331827 0.345218 -5.952745 -0.206134 -0.388829 0.897954 15.905806 0.432196 -0.859478 -0.272953 -52.615437 0.000000 0.000000 0.000000 1.000000
0.893066 0.342278 0.292025 -6.744625 -0.164118 -0.356510 0.919764 15.255554 0.418924 -0.869337 -0.262214 -52.976887 0.000000 0.000000 0.000000 1.000000
0.905404 0.347706 0.243606 -7.490573 -0.131783 -0.315281 0.939804 14.406820 0.403580 -0.883005 -0.239635 -53.158394 0.000000 0.000000 0.000000 1.000000
0.915224 0.348012 0.203109 -8.112206 -0.107238 -0.275514 0.955297 13.467390 0.388414 -0.896091 -0.214837 -53.239529 0.000000 0.000000 0.000000 1.000000
0.921948 0.346891 0.172274 -8.640520 -0.091279 -0.237662 0.967050 12.517179 0.376404 -0.907295 -0.187448 -53.083569 0.000000 0.000000 0.000000 1.000000
0.926367 0.347223 0.145876 -9.094376 -0.079930 -0.197249 0.977090 11.558205 0.368042 -0.916804 -0.154972 -52.745098 0.000000 0.000000 0.000000 1.000000
0.931207 0.344181 0.119973 -9.452347 -0.073141 -0.146005 0.986576 10.494251 0.357077 -0.927482 -0.110787 -52.303947 0.000000 0.000000 0.000000 1.000000
0.933568 0.347400 0.088115 -9.379568 -0.065655 -0.075927 0.994949 9.315468 0.352336 -0.934638 -0.048075 -51.364887 0.000000 0.000000 0.000000 1.000000
0.937451 0.344489 0.050127 -9.618823 -0.054608 0.003312 0.998502 8.413747 0.343807 -0.938785 0.021917 -51.392338 0.000000 0.000000 0.000000 1.000000
0.944473 0.328475 0.008668 -10.085014 -0.039164 0.086338 0.995496 7.635392 0.326247 -0.940558 0.094409 -52.019688 0.000000 0.000000 0.000000 1.000000
0.946030 0.321328 -0.042141 -10.098027 -0.008646 0.155011 0.987875 7.406516 0.323964 -0.934195 0.149423 -51.605106 0.000000 0.000000 0.000000 1.000000
0.940955 0.325752 -0.092132 -10.613362 0.032604 0.183687 0.982444 7.121287 0.336957 -0.927440 0.162221 -50.612556 0.000000 0.000000 0.000000 1.000000
0.931679 0.347197 -0.106904 -10.970072 0.053509 0.159910 0.985680 7.169241 0.359320 -0.924058 0.130407 -49.654308 0.000000 0.000000 0.000000 1.000000
0.932438 0.353124 -0.076563 -10.895473 0.033917 0.125420 0.991524 7.506518 0.359734 -0.927132 0.104969 -49.353298 0.000000 0.000000 0.000000 1.000000
0.934547 0.351354 -0.056325 -10.715526 0.019994 0.106190 0.994145 7.567389 0.355278 -0.930201 0.092215 -49.554417 0.000000 0.000000 0.000000 1.000000
0.934306 0.352678 -0.051874 -10.641499 0.018208 0.098115 0.995009 7.437932 0.356007 -0.930587 0.085248 -49.874130 0.000000 0.000000 0.000000 1.000000
0.934604 0.351634 -0.053552 -10.695594 0.021840 0.093542 0.995376 7.234065 0.355018 -0.931452 0.079745 -50.187618 0.000000 0.000000 0.000000 1.000000
0.936248 0.347711 -0.050356 -10.622763 0.020863 0.088052 0.995897 7.033308 0.350719 -0.933458 0.075184 -50.645702 0.000000 0.000000 0.000000 1.000000
0.938071 0.342832 -0.049884 -10.617268 0.019741 0.090858 0.995668 6.766062 0.345879 -0.934992 0.078463 -50.967125 0.000000 0.000000 0.000000 1.000000
0.938529 0.340644 -0.055897 -10.575170 0.024121 0.096817 0.995010 6.526496 0.344356 -0.935194 0.082649 -51.140656 0.000000 0.000000 0.000000 1.000000
0.937807 0.343119 -0.052790 -10.509155 0.024136 0.087255 0.995894 6.493369 0.346316 -0.935230 0.073547 -51.245720 0.000000 0.000000 0.000000 1.000000
0.938349 0.344253 -0.031466 -10.540097 0.008563 0.067851 0.997659 6.519801 0.345582 -0.936422 0.060720 -51.365807 0.000000 0.000000 0.000000 1.000000
0.939345 0.342637 -0.015168 -10.620392 -0.003786 0.054583 0.998502 6.526799 0.342952 -0.937881 0.052570 -51.444550 0.000000 0.000000 0.000000 1.000000
0.939415 0.342228 -0.019472 -10.639707 -0.001784 0.061686 0.998094 6.447587 0.342777 -0.937590 0.058559 -51.502167 0.000000 0.000000 0.000000 1.000000
0.939225 0.342043 -0.029375 -10.668806 0.005216 0.071339 0.997438 6.394635 0.343262 -0.936973 0.065220 -51.472054 0.000000 0.000000 0.000000 1.000000
0.939320 0.340893 -0.038330 -10.683407 0.012040 0.078905 0.996809 6.370884 0.342830 -0.936785 0.070013 -51.356709 0.000000 0.000000 0.000000 1.000000
0.939216 0.339792 -0.049145 -10.665344 0.019558 0.089957 0.995754 6.335445 0.342770 -0.936189 0.077843 -51.187927 0.000000 0.000000 0.000000 1.000000
0.938346 0.341748 -0.052107 -10.659985 0.021893 0.091682 0.995548 6.352484 0.345004 -0.935309 0.078548 -50.994671 0.000000 0.000000 0.000000 1.000000
0.937228 0.345657 -0.046095 -10.646174 0.018156 0.083636 0.996331 6.381029 0.348244 -0.934626 0.072110 -50.858047 0.000000 0.000000 0.000000 1.000000
0.936938 0.346605 -0.044857 -10.623660 0.018000 0.080321 0.996606 6.376076 0.349031 -0.934566 0.069017 -50.818741 0.000000 0.000000 0.000000 1.000000
0.936378 0.347821 -0.047084 -10.602785 0.020809 0.078898 0.996665 6.355472 0.350376 -0.934235 0.066641 -50.771851 0.000000 0.000000 0.000000 1.000000
0.936054 0.348403 -0.049171 -10.585218 0.023295 0.078078 0.996675 6.341449 0.351083 -0.934087 0.064970 -50.743721 0.000000 0.000000 0.000000 1.000000</float_array><technique_common><accessor source="#mixamorig_Hips-Matrix-animation-output-transform-array" count="110" stride="16"><param type="float4x4"/></accessor></technique_common></source><source id="mixamorig_Hips-Interpolations"><Name_array id="mixamorig_Hips-Interpolations-array" count="110">
 LINEAR LINEAR LINEAR LINEAR LINEAR LINEAR LINEAR LINEAR LINEAR LINEAR LINEAR
LINEAR LINEAR LINEAR LINEAR LINEAR LINEAR LINEAR LINEAR LINEAR LINEAR LINEAR LINEAR
LINEAR LINEAR LINEAR LINEAR LINEAR LINEAR LINEAR LINEAR LINEAR LINEAR LINEAR LINEAR
LINEAR LINEAR LINEAR LINEAR LINEAR LINEAR LINEAR LINEAR LINEAR LINEAR LINEAR LINEAR
LINEAR LINEAR LINEAR LINEAR LINEAR LINEAR LINEAR LINEAR LINEAR LINEAR LINEAR LINEAR
LINEAR LINEAR LINEAR LINEAR LINEAR LINEAR LINEAR LINEAR LINEAR LINEAR LINEAR LINEAR
LINEAR LINEAR LINEAR LINEAR LINEAR LINEAR LINEAR LINEAR LINEAR LINEAR LINEAR LINEAR
LINEAR LINEAR LINEAR LINEAR LINEAR LINEAR LINEAR LINEAR LINEAR LINEAR LINEAR LINEAR
LINEAR LINEAR LINEAR LINEAR LINEAR LINEAR LINEAR LINEAR LINEAR LINEAR LINEAR LINEAR
LINEAR LINEAR LINEAR</Name_array><technique_common><accessor source="#mixamorig_Hips-Interpolations-array" count="110"><param type="name"/></accessor></technique_common></source><sampler id="mixamorig_Hips-Matrix-animation-transform"><input semantic="INPUT" source="#mixamorig_Hips-Matrix-animation-input"/><input semantic="OUTPUT" source="#mixamorig_Hips-Matrix-animation-output-transform"/><input semantic="INTERPOLATION" source="#mixamorig_Hips-Interpolations"/></sampler><channel source="#mixamorig_Hips-Matrix-animation-transform" target="mixamorig_Hips/matrix"/></animation>
    <animation id="mixamorig_Spine-anim" name="mixamorig_Spine"><source id="mixamorig_Spine-Matrix-animation-input"><float_array id="mixamorig_Spine-Matrix-animation-input-array" count="110">

0.000000 0.033333 0.066667 0.100000 0.133333 0.166667 0.200000 0.233333 0.266667 0.300000 0.333333 0.366667 0.400000 0.433333 0.466667 0.500000
0.533333 0.566667 0.600000 0.633333 0.666667 0.700000 0.733333 0.766667 0.800000 0.833333 0.866667 0.900000 0.933333 0.966667 1.000000 1.033333
1.066667 1.100000 1.133333 1.166667 1.200000 1.233333 1.266667 1.300000 1.333333 1.366667 1.400000 1.433333 1.466667 1.500000 1.533333 1.566667
1.600000 1.633333 1.666667 1.700000 1.733333 1.766667 1.800000 1.833333 1.866667 1.900000 1.933333 1.966667 2.000000 2.033333 2.066667 2.100000
2.133333 2.166667 2.200000 2.233333 2.266667 2.300000 2.333333 2.366667 2.400000 2.433333 2.466667 2.500000 2.533333 2.566667 2.600000 2.633333
2.666667 2.700000 2.733333 2.766667 2.800000 2.833333 2.866667 2.900000 2.933333 2.966667 3.000000 3.033333 3.066667 3.100000 3.133333 3.166667
3.200000 3.233333 3.266667 3.300000 3.333333 3.366667 3.400000 3.433333 3.466667 3.500000 3.533333 3.566667 3.600000 3.633333</float_array><technique_common><accessor source="#mixamorig_Spine-Matrix-animation-input-array" count="110"><param name="TIME" type="float"/></accessor></technique_common></source><source id="mixamorig_Spine-Matrix-animation-output-transform"><float_array id="mixamorig_Spine-Matrix-animation-output-transform-array" count="1760">

0.999226 0.038019 0.010114 0.000000 -0.037306 0.997304 -0.063190 16.216101 -0.012489 0.062764 0.997950 -2.336500 0.000000 0.000000 0.000000 1.000000
0.998115 0.061036 0.006429 -0.000000 -0.060526 0.996269 -0.061521 16.216101 -0.010160 0.061016 0.998085 -2.336500 0.000000 0.000000 0.000000 1.000000
0.997538 0.070094 -0.002218 0.000000 -0.070114 0.996186 -0.051933 16.216101 -0.001431 0.051961 0.998648 -2.336500 0.000000 0.000000 0.000000 1.000000
0.999277 0.036311 -0.011299 0.000000 -0.036642 0.998860 -0.030609 16.216101 0.010175 0.031001 0.999468 -2.336500 0.000000 0.000000 0.000000 1.000000
0.999859 -0.003950 -0.016296 0.000000 0.004184 0.999889 0.014321 16.216101 0.016238 -0.014388 0.999765 -2.336500 0.000000 0.000000 0.000000 1.000000
0.998930 -0.043100 -0.016754 0.000000 0.043559 0.998656 0.028078 16.216101 0.015522 -0.028778 0.999465 -2.336500 0.000000 0.000000 0.000000 1.000000
0.996958 -0.076539 -0.014735 0.000000 0.076999 0.996462 0.033694 16.216101 0.012104 -0.034727 0.999324 -2.336500 0.000000 0.000000 0.000000 1.000000
0.995449 -0.094495 -0.012310 0.000000 0.094880 0.994849 0.035693 16.216101 0.008873 -0.036698 0.999287 -2.336500 0.000000 0.000000 0.000000 1.000000
0.995318 -0.096034 -0.010897 -0.000000 0.096415 0.994427 0.042648 16.216101 0.006741 -0.043499 0.999031 -2.336500 0.000000 0.000000 0.000000 1.000000
0.995908 -0.089851 -0.009686 -0.000000 0.090166 0.995146 0.039436 16.216101 0.006095 -0.040148 0.999175 -2.336500 0.000000 0.000000 0.000000 1.000000
0.996415 -0.084283 -0.007379 0.000000 0.084498 0.995750 0.036640 16.216101 0.004260 -0.037132 0.999301 -2.336500 0.000000 0.000000 0.000000 1.000000
0.996326 -0.085483 -0.005137 -0.000000 0.085619 0.995556 0.039221 16.216101 0.001761 -0.039517 0.999217 -2.336500 0.000000 0.000000 0.000000 1.000000
0.996174 -0.087362 -0.002257 0.000000 0.087381 0.995315 0.041395 16.216101 -0.001370 -0.041434 0.999140 -2.336500 0.000000 0.000000 0.000000 1.000000
0.995798 -0.091575 -0.000315 0.000000 0.091504 0.994870 0.043146 16.216101 -0.003637 -0.042993 0.999069 -2.336500 0.000000 0.000000 0.000000 1.000000
0.995482 -0.094877 0.003678 0.000000 0.094620 0.994515 0.044582 16.216101 -0.007888 -0.044033 0.998999 -2.336500 0.000000 0.000000 0.000000 1.000000
0.995548 -0.093869 0.008506 -0.000000 0.093417 0.994681 0.043394 16.216101 -0.012534 -0.042407 0.999022 -2.336500 0.000000 0.000000 0.000000 1.000000
0.995956 -0.089223 0.010525 0.000000 0.088668 0.995051 0.044856 16.216101 -0.014475 -0.043741 0.998938 -2.336500 0.000000 0.000000 0.000000 1.000000
0.996059 -0.087849 0.012236 0.000000 0.087190 0.995095 0.046729 16.216101 -0.016281 -0.045478 0.998833 -2.336500 0.000000 0.000000 0.000000 1.000000
0.995732 -0.091009 0.015356 -0.000000 0.090254 0.994936 0.044244 16.216101 -0.019305 -0.042669 0.998903 -2.336500 0.000000 0.000000 0.000000 1.000000
0.995416 -0.093742 0.018970 0.000000 0.092839 0.994713 0.043888 16.216101 -0.022984 -0.041925 0.998856 -2.336500 0.000000 0.000000 0.000000 1.000000
0.994968 -0.097672 0.022348 0.000000 0.096661 0.994407 0.042569 16.216101 -0.026381 -0.040194 0.998844 -2.336500 0.000000 0.000000 0.000000 1.000000
0.995162 -0.095242 0.024108 -0.000000 0.094155 0.994637 0.042804 16.216101 -0.028056 -0.040327 0.998793 -2.336500 0.000000 0.000000 0.000000 1.000000
0.995785 -0.088612 0.023671 0.000000 0.087426 0.995053 0.047183 16.216101 -0.027735 -0.044915 0.998606 -2.336500 0.000000 0.000000 0.000000 1.000000
0.996453 -0.081037 0.022676 0.000000 0.079795 0.995496 0.051195 16.216101 -0.026723 -0.049204 0.998431 -2.336500 0.000000 0.000000 0.000000 1.000000
0.997015 -0.074376 0.020703 0.000000 0.073107 0.995724 0.056466 16.216101 -0.024814 -0.054784 0.998190 -2.336500 0.000000 0.000000 0.000000 1.000000
0.997516 -0.067984 0.018441 0.000000 0.066678 0.995719 0.064018 16.216101 -0.022714 -0.062630 0.997778 -2.336500 0.000000 0.000000 0.000000 1.000000
0.998006 -0.060612 0.017617 0.000000 0.059274 0.995888 0.068508 16.216101 -0.021697 -0.067327 0.997495 -2.336500 0.000000 0.000000 0.000000 1.000000
0.998474 -0.051897 0.018887 -0.000000 0.050382 0.996030 0.073384 16.216101 -0.022620 -0.072321 0.997125 -2.336500 0.000000 0.000000 0.000000 1.000000
0.998843 -0.043893 0.019655 0.000000 0.042309 0.996302 0.074781 16.216101 -0.022865 -0.073863 0.997006 -2.336500 0.000000 0.000000 0.000000 1.000000
0.999218 -0.033241 0.021426 0.000000 0.031490 0.996497 0.077476 16.216101 -0.023926 -0.076741 0.996764 -2.336500 0.000000 0.000000 0.000000 1.000000
0.999447 -0.022737 0.024269 0.000000 0.020838 0.996904 0.075815 16.216101 -0.025917 -0.075267 0.996827 -2.336500 0.000000 0.000000 0.000000 1.000000
0.999497 -0.014911 0.028004 0.000000 0.012813 0.997200 0.073679 16.216101 -0.029024 -0.073283 0.996889 -2.336500 0.000000 0.000000 0.000000 1.000000
0.999433 -0.007674 0.032785 0.000000 0.005305 0.997408 0.071758 16.216101 -0.033251 -0.071543 0.996883 -2.336500 0.000000 0.000000 0.000000 1.000000
0.999295 0.000672 0.037534 0.000000 -0.003299 0.997544 0.069971 16.216101 -0.037395 -0.070046 0.996843 -2.336500 0.000000 0.000000 0.000000 1.000000
0.999121 0.007432 0.041258 0.000000 -0.010261 0.997579 0.068783 16.216101 -0.040647 -0.069146 0.996778 -2.336500 0.000000 0.000000 0.000000 1.000000
0.998969 0.011089 0.044022 0.000000 -0.014039 0.997636 0.067267 16.216101 -0.043172 -0.067816 0.996763 -2.336500 0.000000 0.000000 0.000000 1.000000
0.998817 0.014361 0.046460 0.000000 -0.017409 0.997675 0.065884 16.216101 -0.045406 -0.066614 0.996745 -2.336500 0.000000 0.000000 0.000000 1.000000
0.998666 0.017390 0.048617 -0.000000 -0.020495 0.997733 0.064099 16.216101 -0.047392 -0.065010 0.996759 -2.336500 0.000000 0.000000 0.000000 1.000000
0.998548 0.019415 0.050257 -0.000000 -0.022415 0.997957 0.059830 16.216101 -0.048993 -0.060870 0.996943 -2.336500 0.000000 0.000000 0.000000 1.000000
0.998423 0.021666 0.051786 0.000000 -0.024570 0.998122 0.056107 16.216101 -0.050473 -0.057291 0.997081 -2.336500 0.000000 0.000000 0.000000 1.000000
0.998332 0.024058 0.052475 0.000000 -0.026745 0.998334 0.051127 16.216101 -0.051157 -0.052445 0.997313 -2.336500 0.000000 0.000000 0.000000 1.000000
0.998320 0.024447 0.052535 0.000000 -0.026747 0.998694 0.043536 16.216101 -0.051402 -0.044868 0.997670 -2.336500 0.000000 0.000000 0.000000 1.000000
0.998329 0.023577 0.052763 0.000000 -0.025440 0.999066 0.034939 16.216101 -0.051890 -0.036222 0.997996 -2.336500 0.000000 0.000000 0.000000 1.000000
0.998354 0.023877 0.052144 0.000000 -0.025172 0.999387 0.024320 16.216101 -0.051531 -0.025592 0.998343 -2.336500 0.000000 0.000000 0.000000 1.000000
0.998401 0.025978 0.050199 0.000000 -0.026630 0.999569 0.012358 16.216101 -0.049856 -0.013675 0.998663 -2.336500 0.000000 0.000000 0.000000 1.000000
0.998287 0.034382 0.047341 0.000000 -0.034409 0.999408 -0.000246 16.216101 -0.047322 -0.001383 0.998879 -2.336500 0.000000 0.000000 0.000000 1.000000
0.998324 0.036962 0.044536 0.000000 -0.036270 0.999210 -0.016250 16.216101 -0.045101 0.014607 0.998876 -2.336500 0.000000 0.000000 0.000000 1.000000
0.998359 0.039139 0.041800 0.000000 -0.037988 0.998887 -0.027966 16.216101 -0.042849 0.026332 0.998735 -2.336500 0.000000 0.000000 0.000000 1.000000
0.998304 0.040953 0.041368 0.000000 -0.039383 0.998499 -0.038059 16.216101 -0.042865 0.036365 0.998419 -2.336500 0.000000 0.000000 0.000000 1.000000
0.998323 0.041928 0.039916 0.000000 -0.039985 0.998032 -0.048305 16.216101 -0.041863 0.046628 0.998035 -2.336500 0.000000 0.000000 0.000000 1.000000
0.998455 0.041670 0.036756 0.000000 -0.039474 0.997502 -0.058571 16.216101 -0.039105 0.057030 0.997606 -2.336500 0.000000 0.000000 0.000000 1.000000
0.998813 0.035329 0.033519 -0.000000 -0.032979 0.997124 -0.068238 16.216101 -0.035834 0.067051 0.997106 -2.336500 0.000000 0.000000 0.000000 1.000000
0.999177 0.023897 0.032781 0.000000 -0.021377 0.996942 -0.075166 16.216101 -0.034477 0.074403 0.996632 -2.336500 0.000000 0.000000 0.000000 1.000000
0.999377 0.011213 0.033465 0.000000 -0.008456 0.996645 -0.081413 16.216101 -0.034266 0.081079 0.996118 -2.336500 0.000000 0.000000 0.000000 1.000000
0.999476 -0.001673 0.032324 0.000000 0.004604 0.995859 -0.090798 16.216101 -0.032038 0.090899 0.995345 -2.336500 0.000000 0.000000 0.000000 1.000000
0.999415 -0.016226 0.030095 0.000000 0.019136 0.994897 -0.099063 16.216101 -0.028334 0.099581 0.994626 -2.336500 0.000000 0.000000 0.000000 1.000000
0.999212 -0.027711 0.028415 0.000000 0.030491 0.994257 -0.102584 16.216101 -0.025409 0.103370 0.994318 -2.336500 0.000000 0.000000 0.000000 1.000000
0.999085 -0.034136 0.025752 0.000000 0.036694 0.993640 -0.106460 16.216101 -0.021954 0.107307 0.993983 -2.336500 0.000000 0.000000 0.000000 1.000000
0.999318 -0.030137 0.021337 -0.000000 0.032259 0.993702 -0.107316 16.216101 -0.017968 0.107931 0.993996 -2.336500 0.000000 0.000000 0.000000 1.000000
0.999529 -0.026915 0.014757 0.000000 0.028390 0.993408 -0.111063 16.216101 -0.011671 0.111429 0.993704 -2.336500 0.000000 0.000000 0.000000 1.000000
0.999399 -0.033122 0.010244 -0.000000 0.034070 0.992994 -0.113149 16.216101 -0.006425 0.113430 0.993525 -2.336500 0.000000 0.000000 0.000000 1.000000
0.999005 -0.044447 0.003638 0.000000 0.044577 0.992911 -0.110181 16.216101 0.001285 0.110233 0.993905 -2.336500 0.000000 0.000000 0.000000 1.000000
0.998407 -0.056371 0.002213 0.000000 0.056273 0.992372 -0.109687 16.216101 0.003987 0.109637 0.993964 -2.336500 0.000000 0.000000 0.000000 1.000000
0.996696 -0.080590 0.010159 -0.000000 0.081228 0.989244 -0.121647 16.216101 -0.000246 0.122071 0.992521 -2.336500 0.000000 0.000000 0.000000 1.000000
0.998407 -0.053261 0.018597 -0.000000 0.055644 0.984018 -0.169152 16.216101 -0.009290 0.169918 0.985414 -2.336500 0.000000 0.000000 0.000000 1.000000
0.999726 -0.003312 0.023161 0.000000 0.006469 0.990471 -0.137568 16.216101 -0.022485 0.137680 0.990222 -2.336500 0.000000 0.000000 0.000000 1.000000
0.999688 0.019366 0.015779 0.000000 -0.018341 0.997864 -0.062705 16.216101 -0.016959 0.062396 0.997907 -2.336500 0.000000 0.000000 0.000000 1.000000
0.999142 0.039867 0.011195 0.000000 -0.039440 0.998570 -0.036097 16.216101 -0.012618 0.035624 0.999286 -2.336500 0.000000 0.000000 0.000000 1.000000
0.999073 0.043041 -0.000048 0.000000 -0.042950 0.996881 -0.066207 16.216101 -0.002802 0.066148 0.997806 -2.336500 0.000000 0.000000 0.000000 1.000000
0.999680 0.016307 -0.019320 0.000000 -0.018262 0.994223 -0.105767 16.216101 0.017483 0.106086 0.994203 -2.336500 0.000000 0.000000 0.000000 1.000000
0.999654 -0.015458 -0.021301 0.000000 0.012658 0.991973 -0.125813 16.216101 0.023074 0.125500 0.991825 -2.336500 0.000000 0.000000 0.000000 1.000000
0.999294 -0.033320 -0.017374 0.000000 0.030946 0.991985 -0.122506 16.216101 0.021317 0.121881 0.992316 -2.336500 0.000000 0.000000 0.000000 1.000000
0.998925 -0.042765 -0.017866 0.000000 0.040069 0.990601 -0.130785 16.216101 0.023291 0.129929 0.991250 -2.336500 0.000000 0.000000 0.000000 1.000000
0.998925 -0.040084 -0.023269 -0.000000 0.036277 0.988656 -0.145750 16.216101 0.028848 0.144749 0.989048 -2.336500 0.000000 0.000000 0.000000 1.000000
0.998925 -0.036578 -0.028465 0.000000 0.031870 0.987993 -0.151175 16.216101 0.033653 0.150105 0.988097 -2.336500 0.000000 0.000000 0.000000 1.000000
0.998848 -0.037085 -0.030438 0.000000 0.031941 0.987419 -0.154868 16.216101 0.035798 0.153718 0.987466 -2.336500 0.000000 0.000000 0.000000 1.000000
0.998718 -0.034458 -0.037079 0.000000 0.028035 0.986458 -0.161602 16.216101 0.042145 0.160356 0.986159 -2.336500 0.000000 0.000000 0.000000 1.000000
0.998692 -0.026277 -0.043870 0.000000 0.018476 0.985341 -0.169590 16.216101 0.047684 0.168558 0.984538 -2.336500 0.000000 0.000000 0.000000 1.000000
0.999061 -0.015715 -0.040366 0.000000 0.008681 0.985601 -0.168868 16.216101 0.042439 0.168359 0.984812 -2.336500 0.000000 0.000000 0.000000 1.000000
0.999468 -0.001735 -0.032575 -0.000000 -0.003393 0.987642 -0.156691 16.216101 0.032444 0.156718 0.987110 -2.336500 0.000000 0.000000 0.000000 1.000000
0.999589 0.012713 -0.025690 0.000000 -0.016197 0.989978 -0.140289 16.216101 0.023649 0.140648 0.989777 -2.336500 0.000000 0.000000 0.000000 1.000000
0.999426 0.025467 -0.022335 0.000000 -0.028032 0.991977 -0.123269 16.216101 0.019016 0.123824 0.992122 -2.336500 0.000000 0.000000 0.000000 1.000000
0.999097 0.036534 -0.021702 0.000000 -0.038629 0.993659 -0.105596 16.216101 0.017706 0.106339 0.994172 -2.336500 0.000000 0.000000 0.000000 1.000000
0.998737 0.045853 -0.020564 0.000000 -0.047412 0.995410 -0.083136 16.216101 0.016657 0.084006 0.996326 -2.336500 0.000000 0.000000 0.000000 1.000000
0.998072 0.059287 -0.018358 0.000000 -0.060238 0.996583 -0.056518 16.216101 0.014944 0.057515 0.998233 -2.336500 0.000000 0.000000 0.000000 1.000000
0.997778 0.064868 -0.015187 -0.000000 -0.065156 0.997688 -0.019308 16.216101 0.013899 0.020255 0.999698 -2.336500 0.000000 0.000000 0.000000 1.000000
0.996984 0.076368 -0.013851 0.000000 -0.076004 0.996790 0.025146 16.216101 0.015726 -0.024017 0.999588 -2.336500 0.000000 0.000000 0.000000 1.000000
0.994996 0.099116 -0.012632 0.000000 -0.097993 0.992697 0.070349 16.216101 0.019512 -0.068759 0.997442 -2.336500 0.000000 0.000000 0.000000 1.000000
0.994549 0.103990 -0.007660 0.000000 -0.102486 0.988411 0.111987 16.216101 0.019216 -0.110591 0.993680 -2.336500 0.000000 0.000000 0.000000 1.000000
0.995975 0.089583 0.002805 0.000000 -0.089129 0.986657 0.136252 16.216101 0.009438 -0.135953 0.990670 -2.336500 0.000000 0.000000 0.000000 1.000000
0.997579 0.069250 0.006441 0.000000 -0.069501 0.989179 0.129206 16.216101 0.002576 -0.129341 0.991597 -2.336500 0.000000 0.000000 0.000000 1.000000
0.997740 0.067150 0.002495 0.000000 -0.066993 0.991144 0.114658 16.216101 0.005226 -0.114566 0.993402 -2.336500 0.000000 0.000000 0.000000 1.000000
0.997556 0.069869 0.000977 0.000000 -0.069594 0.992192 0.103502 16.216101 0.006262 -0.103317 0.994629 -2.336500 0.000000 0.000000 0.000000 1.000000
0.997641 0.068619 0.002141 0.000000 -0.068520 0.993298 0.093086 16.216101 0.004261 -0.093013 0.995656 -2.336500 0.000000 0.000000 0.000000 1.000000
0.997605 0.069113 0.002596 0.000000 -0.069081 0.993922 0.085713 16.216101 0.003344 -0.085688 0.996316 -2.336500 0.000000 0.000000 0.000000 1.000000
0.997501 0.070645 0.000736 0.000000 -0.070487 0.994444 0.078180 16.216101 0.004791 -0.078036 0.996939 -2.336500 0.000000 0.000000 0.000000 1.000000
0.997318 0.073188 -0.001070 -0.000000 -0.072898 0.994469 0.075615 16.216101 0.006598 -0.075334 0.997137 -2.336500 0.000000 0.000000 0.000000 1.000000
0.997261 0.073858 -0.003820 -0.000000 -0.073357 0.994423 0.075773 16.216101 0.009395 -0.075285 0.997118 -2.336500 0.000000 0.000000 0.000000 1.000000
0.997297 0.073426 -0.002739 0.000000 -0.073080 0.995096 0.066663 16.216101 0.007620 -0.066282 0.997772 -2.336500 0.000000 0.000000 0.000000 1.000000
0.997205 0.074490 -0.005761 0.000000 -0.074061 0.995728 0.055140 16.216101 0.009844 -0.054559 0.998462 -2.336500 0.000000 0.000000 0.000000 1.000000
0.997030 0.076648 -0.007555 -0.000000 -0.076195 0.995914 0.048465 16.216101 0.011238 -0.047746 0.998796 -2.336500 0.000000 0.000000 0.000000 1.000000
0.996955 0.077677 -0.006805 0.000000 -0.077206 0.995584 0.053409 16.216101 0.010924 -0.052721 0.998550 -2.336500 0.000000 0.000000 0.000000 1.000000
0.996923 0.078162 -0.005921 0.000000 -0.077667 0.995164 0.060139 16.216101 0.010592 -0.059494 0.998172 -2.336500 0.000000 0.000000 0.000000 1.000000
0.996935 0.078056 -0.005196 0.000000 -0.077542 0.994779 0.066345 16.216101 0.010348 -0.065739 0.997783 -2.336500 0.000000 0.000000 0.000000 1.000000
0.997018 0.077046 -0.004341 0.000000 -0.076511 0.994285 0.074450 16.216101 0.010052 -0.073896 0.997215 -2.336500 0.000000 0.000000 0.000000 1.000000
0.997095 0.076057 -0.004022 0.000000 -0.075519 0.994134 0.077424 16.216101 0.009887 -0.076896 0.996990 -2.336500 0.000000 0.000000 0.000000 1.000000
0.997162 0.075186 -0.003908 -0.000000 -0.074671 0.994289 0.076249 16.216101 0.009618 -0.075741 0.997081 -2.336500 0.000000 0.000000 0.000000 1.000000
0.997190 0.074806 -0.003968 0.000000 -0.074308 0.994479 0.074098 16.216101 0.009489 -0.073595 0.997243 -2.336500 0.000000 0.000000 0.000000 1.000000
0.997226 0.074328 -0.004057 0.000000 -0.073849 0.994700 0.071538 16.216101 0.009352 -0.071040 0.997430 -2.336500 0.000000 0.000000 0.000000 1.000000
0.997265 0.073797 -0.004146 0.000000 -0.073335 0.994905 0.069178 16.216101 0.009230 -0.068685 0.997596 -2.336500 0.000000 0.000000 0.000000 1.000000</float_array><technique_common><accessor source="#mixamorig_Spine-Matrix-animation-output-transform-array" count="110" stride="16"><param type="float4x4"/></accessor></technique_common></source><source id="mixamorig_Spine-Interpolations"><Name_array id="mixamorig_Spine-Interpolations-array" count="110">
 LINEAR LINEAR LINEAR LINEAR LINEAR LINEAR LINEAR LINEAR LINEAR LINEAR LINEAR
LINEAR LINEAR LINEAR LINEAR LINEAR LINEAR LINEAR LINEAR LINEAR LINEAR LINEAR LINEAR
LINEAR LINEAR LINEAR LINEAR LINEAR LINEAR LINEAR LINEAR LINEAR LINEAR LINEAR LINEAR
LINEAR LINEAR LINEAR LINEAR LINEAR LINEAR LINEAR LINEAR LINEAR LINEAR LINEAR LINEAR
LINEAR LINEAR LINEAR LINEAR LINEAR LINEAR LINEAR LINEAR LINEAR LINEAR LINEAR LINEAR
LINEAR LINEAR LINEAR LINEAR LINEAR LINEAR LINEAR LINEAR LINEAR LINEAR LINEAR LINEAR
LINEAR LINEAR LINEAR LINEAR LINEAR LINEAR LINEAR LINEAR LINEAR LINEAR LINEAR LINEAR
LINEAR LINEAR LINEAR LINEAR LINEAR LINEAR LINEAR LINEAR LINEAR LINEAR LINEAR LINEAR
LINEAR LINEAR LINEAR LINEAR LINEAR LINEAR LINEAR LINEAR LINEAR LINEAR LINEAR LINEAR
LINEAR LINEAR LINEAR</Name_array><technique_common><accessor source="#mixamorig_Spine-Interpolations-array" count="110"><param type="name"/></accessor></technique_common></source><sampler id="mixamorig_Spine-Matrix-animation-transform"><input semantic="INPUT" source="#mixamorig_Spine-Matrix-animation-input"/><input semantic="OUTPUT" source="#mixamorig_Spine-Matrix-animation-output-transform"/><input semantic="INTERPOLATION" source="#mixamorig_Spine-Interpolations"/></sampler><channel source="#mixamorig_Spine-Matrix-animation-transform" target="mixamorig_Spine/matrix"/></animation>
    <animation id="mixamorig_Spine1-anim" name="mixamorig_Spine1"><source id="mixamorig_Spine1-Matrix-animation-input"><float_array id="mixamorig_Spine1-Matrix-animation-input-array" count="110">

