<?xml version="1.0" encoding="utf-8"?>
<COLLADA xmlns="http://www.collada.org/2005/11/COLLADASchema" version="1.4.1">
  <asset><contributor><author>Mixamo</author><authoring_tool>COLLADA Mixamo exporter</authoring_tool><comments></comments></contributor><created>2020-04-01T09:17:03Z</created><modified>2020-04-01T09:17:03Z</modified><revision></revision><title></title><unit meter="0.010000"/><up_axis>Y_UP</up_axis></asset>
  <library_animations>
    <animation id="mixamorig_Hips-anim" name="mixamorig_Hips"><source id="mixamorig_Hips-Matrix-animation-input"><float_array id="mixamorig_Hips-Matrix-animation-input-array" count="24">

0.000000 0.033333 0.066667 0.100000 0.133333 0.166667 0.200000 0.233333 0.266667 0.300000 0.333333 0.366667 0.400000 0.433333 0.466667 0.500000
0.533333 0.566667 0.600000 0.633333 0.666667 0.700000 0.733333 0.766667</float_array><technique_common><accessor source="#mixamorig_Hips-Matrix-animation-input-array" count="24"><param name="TIME" type="float"/></accessor></technique_common></source><source id="mixamorig_Hips-Matrix-animation-output-transform"><float_array id="mixamorig_Hips-Matrix-animation-output-transform-array" count="384">

0.467601 -0.082022 -0.880126 1.800120 0.026625 0.996541 -0.078725 51.730240 0.883539 0.013379 0.468167 -0.907840 0.000000 0.000000 0.000000 1.000000
0.388223 0.102898 -0.915803 1.356848 -0.018197 0.994409 0.104016 51.877605 0.921386 -0.023717 0.387925 -0.025797 0.000000 0.000000 0.000000 1.000000
0.361801 0.197955 -0.910996 1.277763 -0.031401 0.979229 0.200311 51.788052 0.931727 -0.043867 0.360502 0.673847 0.000000 0.000000 0.000000 1.000000
0.377346 0.181809 -0.908051 1.261538 -0.019406 0.981876 0.188526 51.472252 0.925869 -0.053518 0.374035 0.876532 0.000000 0.000000 0.000000 1.000000
0.389935 0.132957 -0.911193 1.565055 -0.003237 0.989713 0.143028 51.648613 0.920837 -0.052822 0.386355 0.733319 0.000000 0.000000 0.000000 1.000000
0.396700 0.071336 -0.915172 2.169842 0.008550 0.996645 0.081393 52.170982 0.917908 -0.040114 0.394760 0.353690 0.000000 0.000000 0.000000 1.000000
0.403614 0.013730 -0.914826 2.767797 0.017801 0.999580 0.022856 52.702618 0.914756 -0.025510 0.403200 -0.102517 0.000000 0.000000 0.000000 1.000000
0.415201 -0.034688 -0.909068 3.343334 0.026177 0.999315 -0.026175 52.975986 0.909353 -0.012929 0.415825 -0.741172 0.000000 0.000000 0.000000 1.000000
0.435416 -0.078489 -0.896801 3.900492 0.035693 0.996914 -0.069921 52.882824 0.899521 -0.001565 0.436874 -1.456202 0.000000 0.000000 0.000000 1.000000
0.451406 -0.121666 -0.883985 4.302238 0.045340 0.992509 -0.113449 52.685638 0.891166 0.011132 0.453541 -2.051648 0.000000 0.000000 0.000000 1.000000
0.463785 -0.162444 -0.870928 4.596048 0.054985 0.986429 -0.154706 52.485355 0.884240 0.023862 0.466423 -2.580353 0.000000 0.000000 0.000000 1.000000
0.473021 -0.193625 -0.859512 4.786226 0.063788 0.980519 -0.185779 52.297691 0.878739 0.033051 0.476157 -3.019963 0.000000 0.000000 0.000000 1.000000
0.478180 -0.205338 -0.853920 4.844456 0.068486 0.978042 -0.196834 52.167519 0.875588 0.035641 0.481743 -3.292849 0.000000 0.000000 0.000000 1.000000
0.481000 -0.200000 -0.853603 4.765231 0.066449 0.979148 -0.191972 52.085548 0.874199 0.035618 0.484260 -3.386878 0.000000 0.000000 0.000000 1.000000
0.481662 -0.189108 -0.855710 4.552120 0.061882 0.981342 -0.182040 52.032360 0.874169 0.034729 0.484378 -3.329875 0.000000 0.000000 0.000000 1.000000
0.480822 -0.175972 -0.858978 4.281029 0.056528 0.983837 -0.169909 51.983063 0.874994 0.033140 0.482998 -3.208363 0.000000 0.000000 0.000000 1.000000
0.477194 -0.160558 -0.864007 3.973242 0.050997 0.986571 -0.155169 51.920849 0.877317 0.029984 0.478973 -3.023903 0.000000 0.000000 0.000000 1.000000
0.470308 -0.144109 -0.870656 3.628408 0.045264 0.989218 -0.139282 51.852047 0.881341 0.026096 0.471760 -2.757715 0.000000 0.000000 0.000000 1.000000
0.464129 -0.129981 -0.876179 3.257041 0.040460 0.991253 -0.125620 51.777691 0.884843 0.022854 0.465328 -2.459797 0.000000 0.000000 0.000000 1.000000
0.461040 -0.116658 -0.879678 2.893953 0.036552 0.992976 -0.112526 51.716904 0.886626 0.019725 0.462066 -2.151010 0.000000 0.000000 0.000000 1.000000
0.462589 -0.103995 -0.880453 2.551786 0.033647 0.994440 -0.099781 51.666420 0.885934 0.016533 0.463516 -1.833272 0.000000 0.000000 0.000000 1.000000
0.464972 -0.094508 -0.880266 2.246912 0.031193 0.995417 -0.090394 51.646904 0.884776 0.014572 0.465790 -1.523003 0.000000 0.000000 0.000000 1.000000
0.466364 -0.088127 -0.880192 1.991596 0.028921 0.996012 -0.084400 51.669632 0.884120 0.013905 0.467053 -1.217248 0.000000 0.000000 0.000000 1.000000
0.467600 -0.082022 -0.880126 1.800121 0.026625 0.996541 -0.078725 51.730247 0.883539 0.013379 0.468167 -0.907842 0.000000 0.000000 0.000000 1.000000</float_array><technique_common><accessor source="#mixamorig_Hips-Matrix-animation-output-transform-array" count="24" stride="16"><param type="float4x4"/></accessor></technique_common></source><source id="mixamorig_Hips-Interpolations"><Name_array id="mixamorig_Hips-Interpolations-array" count="24">
 LINEAR LINEAR LINEAR LINEAR LINEAR LINEAR LINEAR LINEAR LINEAR LINEAR LINEAR
LINEAR LINEAR LINEAR LINEAR LINEAR LINEAR LINEAR LINEAR LINEAR LINEAR LINEAR LINEAR
LINEAR</Name_array><technique_common><accessor source="#mixamorig_Hips-Interpolations-array" count="24"><param type="name"/></accessor></technique_common></source><sampler id="mixamorig_Hips-Matrix-animation-transform"><input semantic="INPUT" source="#mixamorig_Hips-Matrix-animation-input"/><input semantic="OUTPUT" source="#mixamorig_Hips-Matrix-animation-output-transform"/><input semantic="INTERPOLATION" source="#mixamorig_Hips-Interpolations"/></sampler><channel source="#mixamorig_Hips-Matrix-animation-transform" target="mixamorig_Hips/matrix"/></animation>
    <animation id="mixamorig_Spine-anim" name="mixamorig_Spine"><source id="mixamorig_Spine-Matrix-animation-input"><float_array id="mixamorig_Spine-Matrix-animation-input-array" count="24">

0.000000 0.033333 0.066667 0.100000 0.133333 0.166667 0.200000 0.233333 0.266667 0.300000 0.333333 0.366667 0.400000 0.433333 0.466667 0.500000
0.533333 0.566667 0.600000 0.633333 0.666667 0.700000 0.733333 0.766667</float_array><technique_common><accessor source="#mixamorig_Spine-Matrix-animation-input-array" count="24"><param name="TIME" type="float"/></accessor></technique_common></source><source id="mixamorig_Spine-Matrix-animation-output-transform"><float_array id="mixamorig_Spine-Matrix-animation-output-transform-array" count="384">

0.997427 0.071492 0.005393 0.000000 -0.070180 0.988960 -0.130510 16.216101 -0.014664 0.129796 0.991432 -2.336500 0.000000 0.000000 0.000000 1.000000
0.996159 0.087481 0.003668 -0.000000 -0.086155 0.986809 -0.137059 16.216101 -0.015610 0.136217 0.990556 -2.336500 0.000000 0.000000 0.000000 1.000000
0.995634 0.093158 0.005947 0.000000 -0.092260 0.991727 -0.089254 16.216101 -0.014213 0.088315 0.995991 -2.336500 0.000000 0.000000 0.000000 1.000000
0.995697 0.091628 0.013880 -0.000000 -0.090748 0.994384 -0.054451 16.216101 -0.018792 0.052957 0.998420 -2.336500 0.000000 0.000000 0.000000 1.000000
0.996217 0.082496 0.027298 -0.000000 -0.080899 0.995194 -0.055182 16.216101 -0.031719 0.052765 0.998103 -2.336500 0.000000 0.000000 0.000000 1.000000
0.995985 0.082786 0.034065 0.000000 -0.080360 0.994491 -0.067301 16.216101 -0.039449 0.064293 0.997151 -2.336500 0.000000 0.000000 0.000000 1.000000
0.995309 0.090696 0.033682 -0.000000 -0.087919 0.993194 -0.076388 16.216101 -0.040381 0.073068 0.996509 -2.336500 0.000000 0.000000 0.000000 1.000000
0.994989 0.095595 0.029285 0.000000 -0.092564 0.991489 -0.091546 16.216101 -0.037787 0.088376 0.995370 -2.336500 0.000000 0.000000 0.000000 1.000000
0.994825 0.099412 0.021009 -0.000000 -0.096537 0.989256 -0.109790 16.216101 -0.031698 0.107194 0.993733 -2.336500 0.000000 0.000000 0.000000 1.000000
0.995169 0.097051 0.014822 0.000000 -0.094584 0.988232 -0.120214 16.216101 -0.026314 0.118231 0.992637 -2.336500 0.000000 0.000000 0.000000 1.000000
0.995591 0.093267 0.010020 0.000000 -0.091241 0.987650 -0.127369 16.216101 -0.021776 0.125893 0.991805 -2.336500 0.000000 0.000000 0.000000 1.000000
0.995945 0.089731 0.006460 0.000000 -0.088048 0.986966 -0.134705 16.216101 -0.018463 0.133590 0.990865 -2.336500 0.000000 0.000000 0.000000 1.000000
0.996241 0.086486 0.004893 -0.000000 -0.084887 0.985955 -0.143827 16.216101 -0.017263 0.142871 0.989591 -2.336500 0.000000 0.000000 0.000000 1.000000
0.996636 0.081819 0.004663 0.000000 -0.080150 0.985010 -0.152745 16.216101 -0.017090 0.151858 0.988255 -2.336500 0.000000 0.000000 0.000000 1.000000
0.997042 0.076728 0.004399 -0.000000 -0.075082 0.984675 -0.157409 16.216101 -0.016409 0.156613 0.987524 -2.336500 0.000000 0.000000 0.000000 1.000000
0.997356 0.072565 0.003956 0.000000 -0.070996 0.984529 -0.160192 16.216101 -0.015519 0.159488 0.987078 -2.336500 0.000000 0.000000 0.000000 1.000000
0.997383 0.072225 0.003142 0.000000 -0.070764 0.984261 -0.161933 16.216101 -0.014788 0.161287 0.986797 -2.336500 0.000000 0.000000 0.000000 1.000000
0.997234 0.074273 0.002937 -0.000000 -0.072823 0.984156 -0.161661 16.216101 -0.014897 0.161000 0.986842 -2.336500 0.000000 0.000000 0.000000 1.000000
0.997273 0.073728 0.003376 0.000000 -0.072254 0.984614 -0.159105 16.216101 -0.015055 0.158427 0.987256 -2.336500 0.000000 0.000000 0.000000 1.000000
0.997370 0.072385 0.003791 0.000000 -0.070914 0.985260 -0.155670 16.216101 -0.015003 0.154991 0.987802 -2.336500 0.000000 0.000000 0.000000 1.000000
0.997470 0.070981 0.003893 -0.000000 -0.069571 0.985969 -0.151742 16.216101 -0.014609 0.151087 0.988412 -2.336500 0.000000 0.000000 0.000000 1.000000
0.997515 0.070329 0.004102 0.000000 -0.068970 0.986787 -0.146610 16.216101 -0.014359 0.145963 0.989186 -2.336500 0.000000 0.000000 0.000000 1.000000
0.997482 0.070760 0.004661 -0.000000 -0.069427 0.987850 -0.139039 16.216101 -0.014443 0.138365 0.990276 -2.336500 0.000000 0.000000 0.000000 1.000000
0.997428 0.071480 0.005312 0.000000 -0.070178 0.988960 -0.130509 16.216101 -0.014582 0.129801 0.991433 -2.336500 0.000000 0.000000 0.000000 1.000000</float_array><technique_common><accessor source="#mixamorig_Spine-Matrix-animation-output-transform-array" count="24" stride="16"><param type="float4x4"/></accessor></technique_common></source><source id="mixamorig_Spine-Interpolations"><Name_array id="mixamorig_Spine-Interpolations-array" count="24">
 LINEAR LINEAR LINEAR LINEAR LINEAR LINEAR LINEAR LINEAR LINEAR LINEAR LINEAR
LINEAR LINEAR LINEAR LINEAR LINEAR LINEAR LINEAR LINEAR LINEAR LINEAR LINEAR LINEAR
LINEAR</Name_array><technique_common><accessor source="#mixamorig_Spine-Interpolations-array" count="24"><param type="name"/></accessor></technique_common></source><sampler id="mixamorig_Spine-Matrix-animation-transform"><input semantic="INPUT" source="#mixamorig_Spine-Matrix-animation-input"/><input semantic="OUTPUT" source="#mixamorig_Spine-Matrix-animation-output-transform"/><input semantic="INTERPOLATION" source="#mixamorig_Spine-Interpolations"/></sampler><channel source="#mixamorig_Spine-Matrix-animation-transform" target="mixamorig_Spine/matrix"/></animation>
    <animation id="mixamorig_Spine1-anim" name="mixamorig_Spine1"><source id="mixamorig_Spine1-Matrix-animation-input"><float_array id="mixamorig_Spine1-Matrix-animation-input-array" count="24">

0.000000 0.033333 0.066667 0.100000 0.133333 0.166667 0.200000 0.233333 0.266667 0.300000 0.333333 0.366667 0.400000 0.433333 0.466667 0.500000
0.533333 0.566667 0.600000 0.633333 0.666667 0.700000 0.733333 0.766667</float_array><technique_common><accessor source="#mixamorig_Spine1-Matrix-animation-input-array" count="24"><param name="TIME" type="float"/></accessor></technique_common></source><source id="mixamorig_Spine1-Matrix-animation-output-transform"><float_array id="mixamorig_Spine1-Matrix-animation-output-transform-array" count="384">

0.998759 0.047088 0.016205 0.000000 -0.045188 0.993712 -0.102441 9.477100 -0.020927 0.101581 0.994607 -1.486900 0.000000 0.000000 0.000000 1.000000
0.998908 0.040576 0.023155 0.000000 -0.037477 0.991896 -0.121396 9.477100 -0.027893 0.120395 0.992334 -1.486900 0.000000 0.000000 0.000000 1.000000
0.998981 0.037504 0.025112 0.000000 -0.035098 0.995302 -0.090231 9.477100 -0.028379 0.089257 0.995604 -1.486900 0.000000 0.000000 0.000000 1.000000
0.998083 0.050874 0.035241 0.000000 -0.048913 0.997318 -0.054445 9.477100 -0.037917 0.052617 0.997895 -1.486900 0.000000 0.000000 0.000000 1.000000
0.996016 0.068386 0.057236 0.000000 -0.065818 0.996788 -0.045620 9.477100 -0.060172 0.041671 0.997318 -1.486900 0.000000 0.000000 0.000000 1.000000
0.994431 0.076641 0.072343 -0.000000 -0.073644 0.996347 -0.043232 9.477100 -0.075392 0.037664 0.996442 -1.486900 0.000000 0.000000 0.000000 1.000000
0.994178 0.076606 0.075767 0.000000 -0.073715 0.996467 -0.040245 9.477100 -0.078583 0.034425 0.996313 -1.486900 0.000000 0.000000 0.000000 1.000000
0.994863 0.072808 0.070337 0.000000 -0.070185 0.996768 -0.039075 9.477100 -0.072955 0.033938 0.996758 -1.486900 0.000000 0.000000 0.000000 1.000000
0.996123 0.066627 0.057448 0.000000 -0.064222 0.997020 -0.042741 9.477100 -0.060124 0.038886 0.997433 -1.486900 0.000000 0.000000 0.000000 1.000000
0.996955 0.063313 0.045522 0.000000 -0.061106 0.996961 -0.048327 9.477100 -0.048443 0.045398 0.997794 -1.486900 0.000000 0.000000 0.000000 1.000000
0.997514 0.061047 0.035207 0.000000 -0.059065 0.996747 -0.054831 9.477100 -0.038440 0.052615 0.997875 -1.486900 0.000000 0.000000 0.000000 1.000000
0.997886 0.059084 0.027050 -0.000000 -0.057287 0.996368 -0.062999 9.477100 -0.030674 0.061316 0.997647 -1.486900 0.000000 0.000000 0.000000 1.000000
0.998130 0.056836 0.022506 0.000000 -0.055001 0.995655 -0.075140 9.477100 -0.026679 0.073762 0.996919 -1.486900 0.000000 0.000000 0.000000 1.000000
0.998342 0.053938 0.020108 0.000000 -0.051916 0.994567 -0.090232 9.477100 -0.024866 0.089038 0.995718 -1.486900 0.000000 0.000000 0.000000 1.000000
0.998480 0.052139 0.017851 0.000000 -0.050046 0.993478 -0.102459 9.477100 -0.023077 0.101410 0.994577 -1.486900 0.000000 0.000000 0.000000 1.000000
0.998583 0.050841 0.015705 -0.000000 -0.048758 0.992445 -0.112586 9.477100 -0.021311 0.111661 0.993518 -1.486900 0.000000 0.000000 0.000000 1.000000
0.998664 0.049713 0.014135 -0.000000 -0.047675 0.991697 -0.119434 9.477100 -0.019955 0.118601 0.992741 -1.486900 0.000000 0.000000 0.000000 1.000000
0.998706 0.048803 0.014270 0.000000 -0.046690 0.991347 -0.122684 9.477100 -0.020134 0.121859 0.992343 -1.486900 0.000000 0.000000 0.000000 1.000000
0.998700 0.048729 0.014938 0.000000 -0.046513 0.991220 -0.123774 9.477100 -0.020838 0.122918 0.992198 -1.486900 0.000000 0.000000 0.000000 1.000000
0.998693 0.048763 0.015314 0.000000 -0.046508 0.991267 -0.123399 9.477100 -0.021198 0.122526 0.992239 -1.486900 0.000000 0.000000 0.000000 1.000000
0.998706 0.048567 0.015066 0.000000 -0.046390 0.991537 -0.121252 9.477100 -0.020827 0.120396 0.992507 -1.486900 0.000000 0.000000 0.000000 1.000000
0.998731 0.048064 0.015053 0.000000 -0.045985 0.992092 -0.116787 9.477100 -0.020548 0.115946 0.993043 -1.486900 0.000000 0.000000 0.000000 1.000000
0.998749 0.047531 0.015559 0.000000 -0.045539 0.992894 -0.109943 9.477100 -0.020674 0.109097 0.993816 -1.486900 0.000000 0.000000 0.000000 1.000000
0.998762 0.047074 0.016085 0.000000 -0.045186 0.993713 -0.102433 9.477100 -0.020806 0.101580 0.994610 -1.486900 0.000000 0.000000 0.000000 1.000000</float_array><technique_common><accessor source="#mixamorig_Spine1-Matrix-animation-output-transform-array" count="24" stride="16"><param type="float4x4"/></accessor></technique_common></source><source id="mixamorig_Spine1-Interpolations"><Name_array id="mixamorig_Spine1-Interpolations-array" count="24">
 LINEAR LINEAR LINEAR LINEAR LINEAR LINEAR LINEAR LINEAR LINEAR LINEAR LINEAR
LINEAR LINEAR LINEAR LINEAR LINEAR LINEAR LINEAR LINEAR LINEAR LINEAR LINEAR LINEAR
LINEAR</Name_array><technique_common><accessor source="#mixamorig_Spine1-Interpolations-array" count="24"><param type="name"/></accessor></technique_common></source><sampler id="mixamorig_Spine1-Matrix-animation-transform"><input semantic="INPUT" source="#mixamorig_Spine1-Matrix-animation-input"/><input semantic="OUTPUT" source="#mixamorig_Spine1-Matrix-animation-output-transform"/><input semantic="INTERPOLATION" source="#mixamorig_Spine1-Interpolations"/></sampler><channel source="#mixamorig_Spine1-Matrix-animation-transform" target="mixamorig_Spine1/matrix"/></animation>
    <animation id="mixamorig_Spine2-anim" name="mixamorig_Spine2"><source id="mixamorig_Spine2-Matrix-animation-input"><float_array id="mixamorig_Spine2-Matrix-animation-input-array" count="24">

0.000000 0.033333 0.066667 0.100000 0.133333 0.166667 0.200000 0.233333 0.266667 0.300000 0.333333 0.366667 0.400000 0.433333 0.466667 0.500000
0.533333 0.566667 0.600000 0.633333 0.666667 0.700000 0.733333 0.766667</float_array><technique_common><accessor source="#mixamorig_Spine2-Matrix-animation-input-array" count="24"><param name="TIME" type="float"/></accessor></technique_common></source><source id="mixamorig_Spine2-Matrix-animation-output-transform"><float_array id="mixamorig_Spine2-Matrix-animation-output-transform-array" count="384">

0.998690 0.047963 0.017805 -0.000000 -0.045898 0.993686 -0.102377 12.786900 -0.022603 0.101426 0.994586 -1.438600 0.000000 0.000000 0.000000 1.000000
0.998785 0.041254 0.026970 0.000000 -0.037692 0.991889 -0.121388 12.786900 -0.031759 0.120224 0.992239 -1.438600 0.000000 0.000000 0.000000 1.000000
0.998851 0.038613 0.028373 0.000000 -0.035910 0.995268 -0.090288 12.786900 -0.031725 0.089166 0.995511 -1.438600 0.000000 0.000000 0.000000 1.000000
0.997937 0.052084 0.037529 0.000000 -0.050001 0.997263 -0.054463 12.786900 -0.040263 0.052474 0.997810 -1.438600 0.000000 0.000000 0.000000 1.000000
0.995812 0.069562 0.059318 0.000000 -0.066914 0.996720 -0.045512 12.786900 -0.062290 0.041352 0.997201 -1.438600 0.000000 0.000000 0.000000 1.000000
0.994205 0.077959 0.074026 0.000000 -0.074910 0.996258 -0.043115 12.786900 -0.077110 0.037320 0.996324 -1.438600 0.000000 0.000000 0.000000 1.000000
0.993964 0.078096 0.077055 0.000000 -0.075179 0.996365 -0.040063 12.786900 -0.079904 0.034028 0.996222 -1.438600 0.000000 0.000000 0.000000 1.000000
0.994680 0.074378 0.071270 0.000000 -0.071743 0.996666 -0.038858 12.786900 -0.073922 0.033538 0.996700 -1.438600 0.000000 0.000000 0.000000 1.000000
0.995981 0.068070 0.058214 0.000000 -0.065649 0.996936 -0.042538 12.786900 -0.060932 0.038545 0.997397 -1.438600 0.000000 0.000000 0.000000 1.000000
0.996837 0.064556 0.046347 0.000000 -0.062319 0.996892 -0.048187 12.786900 -0.049313 0.045146 0.997763 -1.438600 0.000000 0.000000 0.000000 1.000000
0.997415 0.062099 0.036162 0.000000 -0.060069 0.996691 -0.054755 12.786900 -0.039443 0.052442 0.997845 -1.438600 0.000000 0.000000 0.000000 1.000000
0.997803 0.059979 0.028130 0.000000 -0.058115 0.996322 -0.062976 12.786900 -0.031804 0.061203 0.997619 -1.438600 0.000000 0.000000 0.000000 1.000000
0.998056 0.057636 0.023698 0.000000 -0.055711 0.995615 -0.075140 12.786900 -0.027925 0.073674 0.996891 -1.438600 0.000000 0.000000 0.000000 1.000000
0.998275 0.054684 0.021392 0.000000 -0.052545 0.994535 -0.090220 12.786900 -0.026208 0.088940 0.995692 -1.438600 0.000000 0.000000 0.000000 1.000000
0.998419 0.052837 0.019177 0.000000 -0.050607 0.993452 -0.102427 12.786900 -0.024463 0.101295 0.994556 -1.438600 0.000000 0.000000 0.000000 1.000000
0.998527 0.051496 0.017081 0.000000 -0.049256 0.992426 -0.112538 12.786900 -0.022747 0.111531 0.993501 -1.438600 0.000000 0.000000 0.000000 1.000000
0.998609 0.050341 0.015663 0.000000 -0.048119 0.991680 -0.119393 12.786900 -0.021543 0.118473 0.992724 -1.438600 0.000000 0.000000 0.000000 1.000000
0.998647 0.049471 0.016024 0.000000 -0.047140 0.991329 -0.122655 12.786900 -0.021953 0.121733 0.992320 -1.438600 0.000000 0.000000 0.000000 1.000000
0.998633 0.049484 0.016813 -0.000000 -0.047033 0.991201 -0.123730 12.786900 -0.022787 0.122771 0.992173 -1.438600 0.000000 0.000000 0.000000 1.000000
0.998624 0.049527 0.017246 -0.000000 -0.047032 0.991250 -0.123339 12.786900 -0.023204 0.122358 0.992215 -1.438600 0.000000 0.000000 0.000000 1.000000
0.998638 0.049329 0.017016 0.000000 -0.046912 0.991521 -0.121181 12.786900 -0.022850 0.120218 0.992485 -1.438600 0.000000 0.000000 0.000000 1.000000
0.998662 0.048845 0.016980 0.000000 -0.046539 0.992075 -0.116713 12.786900 -0.022547 0.115766 0.993021 -1.438600 0.000000 0.000000 0.000000 1.000000
0.998679 0.048358 0.017377 -0.000000 -0.046166 0.992873 -0.109875 12.786900 -0.022566 0.108928 0.993793 -1.438600 0.000000 0.000000 0.000000 1.000000
0.998688 0.047974 0.017894 0.000000 -0.045899 0.993686 -0.102383 12.786900 -0.022693 0.101427 0.994584 -1.438600 0.000000 0.000000 0.000000 1.000000</float_array><technique_common><accessor source="#mixamorig_Spine2-Matrix-animation-output-transform-array" count="24" stride="16"><param type="float4x4"/></accessor></technique_common></source><source id="mixamorig_Spine2-Interpolations"><Name_array id="mixamorig_Spine2-Interpolations-array" count="24">
 LINEAR LINEAR LINEAR LINEAR LINEAR LINEAR LINEAR LINEAR LINEAR LINEAR LINEAR
LINEAR LINEAR LINEAR LINEAR LINEAR LINEAR LINEAR LINEAR LINEAR LINEAR LINEAR LINEAR
LINEAR</Name_array><technique_common><accessor source="#mixamorig_Spine2-Interpolations-array" count="24"><param type="name"/></accessor></technique_common></source><sampler id="mixamorig_Spine2-Matrix-animation-transform"><input semantic="INPUT" source="#mixamorig_Spine2-Matrix-animation-input"/><input semantic="OUTPUT" source="#mixamorig_Spine2-Matrix-animation-output-transform"/><input semantic="INTERPOLATION" source="#mixamorig_Spine2-Interpolations"/></sampler><channel source="#mixamorig_Spine2-Matrix-animation-transform" target="mixamorig_Spine2/matrix"/></animation>
    <animation id="mixamorig_Neck-anim" name="mixamorig_Neck"><source id="mixamorig_Neck-Matrix-animation-input"><float_array id="mixamorig_Neck-Matrix-animation-input-array" count="24">

0.000000 0.033333 0.066667 0.100000 0.133333 0.166667 0.200000 0.233333 0.266667 0.300000 0.333333 0.366667 0.400000 0.433333 0.466667 0.500000
0.533333 0.566667 0.600000 0.633333 0.666667 0.700000 0.733333 0.766667</float_array><technique_common><accessor source="#mixamorig_Neck-Matrix-animation-input-array" count="24"><param name="TIME" type="float"/></accessor></technique_common></source><source id="mixamorig_Neck-Matrix-animation-output-transform"><float_array id="mixamorig_Neck-Matrix-animation-output-transform-array" count="384">

0.999727 -0.021620 0.008821 0.000000 0.022468 0.993531 -0.111312 15.556500 -0.006357 0.111480 0.993746 7.134300 0.000000 0.000000 0.000000 1.000000
0.999981 -0.001266 -0.006026 0.000000 0.000052 0.980340 -0.197317 15.556500 0.006157 0.197313 0.980321 7.134300 0.000000 0.000000 0.000000 1.000000
0.999239 0.038601 -0.005549 -0.000000 -0.038817 0.970815 -0.236666 15.556500 -0.003749 0.236702 0.971575 7.134300 0.000000 0.000000 0.000000 1.000000
0.998609 0.052723 0.000068 -0.000000 -0.052388 0.992409 -0.111267 15.556500 -0.005934 0.111109 0.993791 7.134300 0.000000 0.000000 0.000000 1.000000
0.998165 0.058113 0.017003 0.000000 -0.058370 0.998181 0.015085 15.556500 -0.016095 -0.016050 0.999742 7.134300 0.000000 0.000000 0.000000 1.000000
0.997648 0.061185 0.030912 -0.000000 -0.063875 0.993406 0.095205 15.556500 -0.024883 -0.096956 0.994978 7.134300 0.000000 0.000000 0.000000 1.000000
0.998224 0.046905 0.036718 -0.000000 -0.051426 0.989668 0.133840 15.556500 -0.030060 -0.135490 0.990323 7.134300 0.000000 0.000000 0.000000 1.000000
0.998940 0.029185 0.035594 -0.000000 -0.034169 0.988308 0.148591 15.556500 -0.030841 -0.149650 0.988258 7.134300 0.000000 0.000000 0.000000 1.000000
0.999497 0.013996 0.028470 0.000000 -0.018066 0.988805 0.148117 15.556500 -0.026079 -0.148557 0.988560 7.134300 0.000000 0.000000 0.000000 1.000000
0.999776 -0.000256 0.021169 -0.000000 -0.002714 0.990126 0.140156 15.556500 -0.020996 -0.140183 0.989903 7.134300 0.000000 0.000000 0.000000 1.000000
0.999785 -0.014334 0.014972 0.000000 0.012379 0.992284 0.123365 15.556500 -0.016625 -0.123153 0.992248 7.134300 0.000000 0.000000 0.000000 1.000000
0.999661 -0.023457 0.011262 0.000000 0.022191 0.994564 0.101733 15.556500 -0.013587 -0.101449 0.994748 7.134300 0.000000 0.000000 0.000000 1.000000
0.999624 -0.025249 0.010661 -0.000000 0.024394 0.996974 0.073806 15.556500 -0.012492 -0.073518 0.997216 7.134300 0.000000 0.000000 0.000000 1.000000
0.999614 -0.025008 0.012087 0.000000 0.024447 0.998708 0.044543 15.556500 -0.013186 -0.044231 0.998934 7.134300 0.000000 0.000000 0.000000 1.000000
0.999594 -0.024076 0.015230 0.000000 0.023858 0.999613 0.014341 15.556500 -0.015569 -0.013971 0.999781 7.134300 0.000000 0.000000 0.000000 1.000000
0.999513 -0.024183 0.019740 0.000000 0.024493 0.999578 -0.015598 15.556500 -0.019354 0.016074 0.999683 7.134300 0.000000 0.000000 0.000000 1.000000
0.999446 -0.023840 0.023245 0.000000 0.024826 0.998764 -0.043063 15.556500 -0.022190 0.043616 0.998802 7.134300 0.000000 0.000000 0.000000 1.000000
0.999403 -0.025377 0.023455 -0.000000 0.026894 0.997406 -0.066764 15.556500 -0.021700 0.067354 0.997493 7.134300 0.000000 0.000000 0.000000 1.000000
0.999446 -0.026237 0.020465 0.000000 0.027862 0.996108 -0.083623 15.556500 -0.018192 0.084147 0.996287 7.134300 0.000000 0.000000 0.000000 1.000000
0.999537 -0.025420 0.016739 0.000000 0.026884 0.995210 -0.093996 15.556500 -0.014270 0.094402 0.995432 7.134300 0.000000 0.000000 0.000000 1.000000
0.999589 -0.025831 0.012450 -0.000000 0.026970 0.994395 -0.102234 15.556500 -0.009739 0.102528 0.994682 7.134300 0.000000 0.000000 0.000000 1.000000
0.999618 -0.025736 0.010025 -0.000000 0.026658 0.993964 -0.106419 15.556500 -0.007226 0.106646 0.994271 7.134300 0.000000 0.000000 0.000000 1.000000
0.999683 -0.023611 0.008697 0.000000 0.024427 0.993591 -0.110365 15.556500 -0.006036 0.110543 0.993853 7.134300 0.000000 0.000000 0.000000 1.000000
0.999727 -0.021621 0.008822 -0.000000 0.022469 0.993531 -0.111314 15.556500 -0.006358 0.111482 0.993746 7.134300 0.000000 0.000000 0.000000 1.000000</float_array><technique_common><accessor source="#mixamorig_Neck-Matrix-animation-output-transform-array" count="24" stride="16"><param type="float4x4"/></accessor></technique_common></source><source id="mixamorig_Neck-Interpolations"><Name_array id="mixamorig_Neck-Interpolations-array" count="24">
 LINEAR LINEAR LINEAR LINEAR LINEAR LINEAR LINEAR LINEAR LINEAR LINEAR LINEAR
LINEAR LINEAR LINEAR LINEAR LINEAR LINEAR LINEAR LINEAR LINEAR LINEAR LINEAR LINEAR
LINEAR</Name_array><technique_common><accessor source="#mixamorig_Neck-Interpolations-array" count="24"><param type="name"/></accessor></technique_common></source><sampler id="mixamorig_Neck-Matrix-animation-transform"><input semantic="INPUT" source="#mixamorig_Neck-Matrix-animation-input"/><input semantic="OUTPUT" source="#mixamorig_Neck-Matrix-animation-output-transform"/><input semantic="INTERPOLATION" source="#mixamorig_Neck-Interpolations"/></sampler><channel source="#mixamorig_Neck-Matrix-animation-transform" target="mixamorig_Neck/matrix"/></animation>
    <animation id="mixamorig_Head-anim" name="mixamorig_Head"><source id="mixamorig_Head-Matrix-animation-input"><float_array id="mixamorig_Head-Matrix-animation-input-array" count="24">

0.000000 0.033333 0.066667 0.100000 0.133333 0.166667 0.200000 0.233333 0.266667 0.300000 0.333333 0.366667 0.400000 0.433333 0.466667 0.500000
0.533333 0.566667 0.600000 0.633333 0.666667 0.700000 0.733333 0.766667</float_array><technique_common><accessor source="#mixamorig_Head-Matrix-animation-input-array" count="24"><param name="TIME" type="float"/></accessor></technique_common></source><source id="mixamorig_Head-Matrix-animation-output-transform"><float_array id="mixamorig_Head-Matrix-animation-output-transform-array" count="384">

0.999727 -0.021620 0.008821 -0.000000 0.021431 0.999551 0.020948 7.137700 -0.009270 -0.020753 0.999742 4.237100 0.000000 0.000000 0.000000 1.000000
0.999981 -0.001266 -0.006026 -0.000000 0.000865 0.997814 -0.066077 7.137700 0.006096 0.066070 0.997796 4.237100 0.000000 0.000000 0.000000 1.000000
0.999239 0.038601 -0.005549 -0.000000 -0.038972 0.993577 -0.106236 7.137700 0.001412 0.106372 0.994325 4.237100 0.000000 0.000000 0.000000 1.000000
0.998609 0.052724 0.000068 -0.000000 -0.052713 0.998389 0.020999 7.137700 0.001039 -0.020974 0.999779 4.237100 0.000000 0.000000 0.000000 1.000000
0.998165 0.058112 0.017003 -0.000000 -0.059985 0.987311 0.147030 7.137700 -0.008243 -0.147780 0.988986 4.237100 0.000000 0.000000 0.000000 1.000000
0.997648 0.061185 0.030912 0.000000 -0.066602 0.971890 0.225818 7.137700 -0.016226 -0.227346 0.973679 4.237100 0.000000 0.000000 0.000000 1.000000
0.998224 0.046905 0.036718 -0.000000 -0.054947 0.963094 0.263499 7.137700 -0.023003 -0.265049 0.963961 4.237100 0.000000 0.000000 0.000000 1.000000
0.998940 0.029185 0.035595 -0.000000 -0.037944 0.959875 0.277849 7.137700 -0.026057 -0.278905 0.959965 4.237100 0.000000 0.000000 0.000000 1.000000
0.999497 0.013996 0.028470 0.000000 -0.021353 0.960512 0.277418 7.137700 -0.023463 -0.277886 0.960327 4.237100 0.000000 0.000000 0.000000 1.000000
0.999776 -0.000256 0.021169 0.000000 -0.005464 0.962927 0.269705 7.137700 -0.020453 -0.269760 0.962710 4.237100 0.000000 0.000000 0.000000 1.000000
0.999785 -0.014334 0.014973 0.000000 0.010074 0.967317 0.253371 7.137700 -0.018115 -0.253166 0.967253 4.237100 0.000000 0.000000 0.000000 1.000000
0.999661 -0.023457 0.011262 -0.000000 0.020202 0.972444 0.232259 7.137700 -0.016399 -0.231953 0.972589 4.237100 0.000000 0.000000 0.000000 1.000000
0.999624 -0.025248 0.010661 0.000000 0.022530 0.978523 0.204902 7.137700 -0.015606 -0.204585 0.978724 4.237100 0.000000 0.000000 0.000000 1.000000
0.999614 -0.025009 0.012087 0.000000 0.022491 0.984111 0.176123 7.137700 -0.016300 -0.175783 0.984294 4.237100 0.000000 0.000000 0.000000 1.000000
0.999594 -0.024076 0.015230 0.000000 0.021591 0.989005 0.146297 7.137700 -0.018585 -0.145909 0.989123 4.237100 0.000000 0.000000 0.000000 1.000000
0.999513 -0.024183 0.019739 0.000000 0.021722 0.992940 0.116608 7.137700 -0.022420 -0.116122 0.992982 4.237100 0.000000 0.000000 0.000000 1.000000
0.999445 -0.023840 0.023245 -0.000000 0.021677 0.995772 0.089268 7.137700 -0.025275 -0.088714 0.995736 4.237100 0.000000 0.000000 0.000000 1.000000
0.999403 -0.025378 0.023455 0.000000 0.023791 0.997562 0.065602 7.137700 -0.025062 -0.065004 0.997570 4.237100 0.000000 0.000000 0.000000 1.000000
0.999446 -0.026237 0.020465 0.000000 0.025214 0.998494 0.048730 7.137700 -0.021713 -0.048187 0.998602 4.237100 0.000000 0.000000 0.000000 1.000000
0.999537 -0.025420 0.016739 0.000000 0.024764 0.998958 0.038336 7.137700 -0.017696 -0.037904 0.999125 4.237100 0.000000 0.000000 0.000000 1.000000
0.999589 -0.025832 0.012450 0.000000 0.025448 0.999224 0.030071 7.137700 -0.013217 -0.029741 0.999470 4.237100 0.000000 0.000000 0.000000 1.000000
0.999618 -0.025736 0.010025 0.000000 0.025470 0.999341 0.025867 7.137700 -0.010684 -0.025602 0.999615 4.237100 0.000000 0.000000 0.000000 1.000000
0.999683 -0.023611 0.008697 -0.000000 0.023416 0.999486 0.021901 7.137700 -0.009210 -0.021690 0.999722 4.237100 0.000000 0.000000 0.000000 1.000000
0.999727 -0.021621 0.008822 -0.000000 0.021432 0.999551 0.020947 7.137700 -0.009271 -0.020752 0.999742 4.237100 0.000000 0.000000 0.000000 1.000000</float_array><technique_common><accessor source="#mixamorig_Head-Matrix-animation-output-transform-array" count="24" stride="16"><param type="float4x4"/></accessor></technique_common></source><source id="mixamorig_Head-Interpolations"><Name_array id="mixamorig_Head-Interpolations-array" count="24">
 LINEAR LINEAR LINEAR LINEAR LINEAR LINEAR LINEAR LINEAR LINEAR LINEAR LINEAR
LINEAR LINEAR LINEAR LINEAR LINEAR LINEAR LINEAR LINEAR LINEAR LINEAR LINEAR LINEAR
LINEAR</Name_array><technique_common><accessor source="#mixamorig_Head-Interpolations-array" count="24"><param type="name"/></accessor></technique_common></source><sampler id="mixamorig_Head-Matrix-animation-transform"><input semantic="INPUT" source="#mixamorig_Head-Matrix-animation-input"/><input semantic="OUTPUT" source="#mixamorig_Head-Matrix-animation-output-transform"/><input semantic="INTERPOLATION" source="#mixamorig_Head-Interpolations"/></sampler><channel source="#mixamorig_Head-Matrix-animation-transform" target="mixamorig_Head/matrix"/></animation>
    <animation id="mixamorig_LeftShoulder-anim" name="mixamorig_LeftShoulder"><source id="mixamorig_LeftShoulder-Matrix-animation-input"><float_array id="mixamorig_LeftShoulder-Matrix-animation-input-array" count="24">

0.000000 0.033333 0.066667 0.100000 0.133333 0.166667 0.200000 0.233333 0.266667 0.300000 0.333333 0.366667 0.400000 0.433333 0.466667 0.500000
0.533333 0.566667 0.600000 0.633333 0.666667 0.700000 0.733333 0.766667</float_array><technique_common><accessor source="#mixamorig_LeftShoulder-Matrix-animation-input-array" count="24"><param name="TIME" type="float"/></accessor></technique_common></source><source id="mixamorig_LeftShoulder-Matrix-animation-output-transform"><float_array id="mixamorig_LeftShoulder-Matrix-animation-output-transform-array" count="384">

0.090611 0.892577 -0.441698 10.522300 0.035425 -0.446130 -0.894267 3.499300 -0.995256 0.065383 -0.072044 -2.292600 0.000000 0.000000 0.000000 1.000000
0.111882 0.887544 -0.446931 10.522300 0.034166 -0.452925 -0.890894 3.499300 -0.993134 0.084405 -0.080998 -2.292600 0.000000 0.000000 0.000000 1.000000
0.089028 0.890209 -0.446768 10.522300 0.032756 -0.450923 -0.891962 3.499300 -0.995490 0.064775 -0.069304 -2.292600 0.000000 0.000000 0.000000 1.000000
0.060016 0.895492 -0.441013 10.522300 0.034675 -0.443414 -0.895646 3.499300 -0.997595 0.038461 -0.057663 -2.292600 0.000000 0.000000 0.000000 1.000000
0.082678 0.888797 -0.450782 10.522300 0.032094 -0.454470 -0.890183 3.499300 -0.996059 0.059131 -0.066100 -2.292600 0.000000 0.000000 0.000000 1.000000
0.085626 0.879588 -0.467966 10.522300 0.031790 -0.471864 -0.881098 3.499300 -0.995820 0.060568 -0.068365 -2.292600 0.000000 0.000000 0.000000 1.000000
0.064508 0.865879 -0.496077 10.522300 0.034628 -0.498755 -0.866051 3.499300 -0.997316 0.038689 -0.062157 -2.292600 0.000000 0.000000 0.000000 1.000000
0.042277 0.855205 -0.516562 10.522300 0.043547 -0.518110 -0.854204 3.499300 -0.998156 0.013618 -0.059146 -2.292600 0.000000 0.000000 0.000000 1.000000
0.029739 0.845750 -0.532750 10.522300 0.052976 -0.533570 -0.844095 3.499300 -0.998153 -0.003121 -0.060673 -2.292600 0.000000 0.000000 0.000000 1.000000
0.023658 0.845221 -0.533893 10.522300 0.063927 -0.534229 -0.842919 3.499300 -0.997674 -0.014188 -0.066671 -2.292600 0.000000 0.000000 0.000000 1.000000
0.023644 0.848100 -0.529308 10.522300 0.071645 -0.529532 -0.845259 3.499300 -0.997150 -0.017937 -0.073282 -2.292600 0.000000 0.000000 0.000000 1.000000
0.030852 0.853937 -0.519461 10.522300 0.075484 -0.520214 -0.850693 3.499300 -0.996670 -0.012965 -0.080509 -2.292600 0.000000 0.000000 0.000000 1.000000
0.041864 0.860303 -0.508062 10.522300 0.076100 -0.509776 -0.856935 3.499300 -0.996221 -0.002789 -0.086810 -2.292600 0.000000 0.000000 0.000000 1.000000
0.053978 0.870953 -0.488392 10.522300 0.073592 -0.491245 -0.867907 3.499300 -0.995827 0.010906 -0.090612 -2.292600 0.000000 0.000000 0.000000 1.000000
0.061415 0.873704 -0.482566 10.522300 0.063620 -0.485922 -0.871684 3.499300 -0.996083 0.022834 -0.085428 -2.292600 0.000000 0.000000 0.000000 1.000000
0.066573 0.873689 -0.481907 10.522300 0.052028 -0.485361 -0.872764 3.499300 -0.996424 0.033030 -0.077768 -2.292600 0.000000 0.000000 0.000000 1.000000
0.070192 0.874112 -0.480627 10.522300 0.042350 -0.483992 -0.874047 3.499300 -0.996634 0.040997 -0.070991 -2.292600 0.000000 0.000000 0.000000 1.000000
0.071949 0.880430 -0.468686 10.522300 0.039760 -0.472062 -0.880668 3.499300 -0.996615 0.044729 -0.068970 -2.292600 0.000000 0.000000 0.000000 1.000000
0.072889 0.878727 -0.471726 10.522300 0.034889 -0.474941 -0.879326 3.499300 -0.996730 0.047635 -0.065276 -2.292600 0.000000 0.000000 0.000000 1.000000
0.075173 0.880179 -0.468651 10.522300 0.032653 -0.471902 -0.881046 3.499300 -0.996636 0.050928 -0.064215 -2.292600 0.000000 0.000000 0.000000 1.000000
0.078953 0.883369 -0.461980 10.522300 0.032197 -0.465444 -0.884491 3.499300 -0.996358 0.054959 -0.065190 -2.292600 0.000000 0.000000 0.000000 1.000000
0.083349 0.886692 -0.454786 10.522300 0.032745 -0.458565 -0.888057 3.499300 -0.995982 0.059126 -0.067256 -2.292600 0.000000 0.000000 0.000000 1.000000
0.086828 0.891128 -0.445366 10.522300 0.035186 -0.449519 -0.892578 3.499300 -0.995602 0.061830 -0.070386 -2.292600 0.000000 0.000000 0.000000 1.000000
0.090634 0.892568 -0.441711 10.522300 0.035520 -0.446151 -0.894252 3.499300 -0.995251 0.065360 -0.072141 -2.292600 0.000000 0.000000 0.000000 1.000000</float_array><technique_common><accessor source="#mixamorig_LeftShoulder-Matrix-animation-output-transform-array" count="24" stride="16"><param type="float4x4"/></accessor></technique_common></source><source id="mixamorig_LeftShoulder-Interpolations"><Name_array id="mixamorig_LeftShoulder-Interpolations-array" count="24">
 LINEAR LINEAR LINEAR LINEAR LINEAR LINEAR LINEAR LINEAR LINEAR LINEAR LINEAR
LINEAR LINEAR LINEAR LINEAR LINEAR LINEAR LINEAR LINEAR LINEAR LINEAR LINEAR LINEAR
LINEAR</Name_array><technique_common><accessor source="#mixamorig_LeftShoulder-Interpolations-array" count="24"><param type="name"/></accessor></technique_common></source><sampler id="mixamorig_LeftShoulder-Matrix-animation-transform"><input semantic="INPUT" source="#mixamorig_LeftShoulder-Matrix-animation-input"/><input semantic="OUTPUT" source="#mixamorig_LeftShoulder-Matrix-animation-output-transform"/><input semantic="INTERPOLATION" source="#mixamorig_LeftShoulder-Interpolations"/></sampler><channel source="#mixamorig_LeftShoulder-Matrix-animation-transform" target="mixamorig_LeftShoulder/matrix"/></animation>
    <animation id="mixamorig_LeftArm-anim" name="mixamorig_LeftArm"><source id="mixamorig_LeftArm-Matrix-animation-input"><float_array id="mixamorig_LeftArm-Matrix-animation-input-array" count="24">

0.000000 0.033333 0.066667 0.100000 0.133333 0.166667 0.200000 0.233333 0.266667 0.300000 0.333333 0.366667 0.400000 0.433333 0.466667 0.500000
0.533333 0.566667 0.600000 0.633333 0.666667 0.700000 0.733333 0.766667</float_array><technique_common><accessor source="#mixamorig_LeftArm-Matrix-animation-input-array" count="24"><param name="TIME" type="float"/></accessor></technique_common></source><source id="mixamorig_LeftArm-Matrix-animation-output-transform"><float_array id="mixamorig_LeftArm-Matrix-animation-output-transform-array" count="384">

0.787369 -0.113977 -0.605854 -0.866200 -0.322241 0.761723 -0.562084 11.530100 0.525558 0.637798 0.563029 -3.295200 0.000000 0.000000 0.000000 1.000000
0.782115 -0.198345 -0.590725 -0.866200 -0.243282 0.775562 -0.582510 11.530100 0.573682 0.599302 0.558325 -3.295200 0.000000 0.000000 0.000000 1.000000
0.789360 -0.276357 -0.548213 -0.866200 -0.143255 0.785394 -0.602192 11.530100 0.596983 0.553880 0.580369 -3.295200 0.000000 0.000000 0.000000 1.000000
0.801161 -0.359846 -0.478175 -0.866200 -0.047500 0.758268 -0.650211 11.530100 0.596560 0.543637 0.590402 -3.295200 0.000000 0.000000 0.000000 1.000000
0.814760 -0.394211 -0.425164 -0.866200 0.027653 0.758882 -0.650641 11.530100 0.579139 0.518359 0.629207 -3.295200 0.000000 0.000000 0.000000 1.000000
0.820368 -0.386202 -0.421715 -0.866200 0.035051 0.770051 -0.637019 11.530100 0.570760 0.507809 0.645262 -3.295200 0.000000 0.000000 0.000000 1.000000
0.830044 -0.359158 -0.426652 -0.866200 0.030319 0.792953 -0.608528 11.530100 0.556873 0.492169 0.669075 -3.295200 0.000000 0.000000 0.000000 1.000000
0.846799 -0.307626 -0.433933 -0.866200 0.003940 0.819402 -0.573205 11.530100 0.531899 0.483680 0.695081 -3.295200 0.000000 0.000000 0.000000 1.000000
