<?xml version="1.0" encoding="utf-8"?>
<COLLADA xmlns="http://www.collada.org/2005/11/COLLADASchema" version="1.4.1">
  <asset><contributor><author>Mixamo</author><authoring_tool>COLLADA Mixamo exporter</authoring_tool><comments></comments></contributor><created>2020-04-01T08:52:21Z</created><modified>2020-04-01T08:52:21Z</modified><revision></revision><title></title><unit meter="0.025400"/><up_axis>Y_UP</up_axis></asset>
  <library_animations>
    <animation id="mixamorig_Hips-anim" name="mixamorig_Hips"><source id="mixamorig_Hips-Matrix-animation-input"><float_array id="mixamorig_Hips-Matrix-animation-input-array" count="90">

0.000000 0.033333 0.066667 0.100000 0.133333 0.166667 0.200000 0.233333 0.266667 0.300000 0.333333 0.366667 0.400000 0.433333 0.466667 0.500000
0.533333 0.566667 0.600000 0.633333 0.666667 0.700000 0.733333 0.766667 0.800000 0.833333 0.866667 0.900000 0.933333 0.966667 1.000000 1.033333
1.066667 1.100000 1.133333 1.166667 1.200000 1.233333 1.266667 1.300000 1.333333 1.366667 1.400000 1.433333 1.466667 1.500000 1.533333 1.566667
1.600000 1.633333 1.666667 1.700000 1.733333 1.766667 1.800000 1.833333 1.866667 1.900000 1.933333 1.966667 2.000000 2.033333 2.066667 2.100000
2.133333 2.166667 2.200000 2.233333 2.266667 2.300000 2.333333 2.366667 2.400000 2.433333 2.466667 2.500000 2.533333 2.566667 2.600000 2.633333
2.666667 2.700000 2.733333 2.766667 2.800000 2.833333 2.866667 2.900000 2.933333 2.966667</float_array><technique_common><accessor source="#mixamorig_Hips-Matrix-animation-input-array" count="90"><param name="TIME" type="float"/></accessor></technique_common></source><source id="mixamorig_Hips-Matrix-animation-output-transform"><float_array id="mixamorig_Hips-Matrix-animation-output-transform-array" count="1440">

0.575666 0.068186 -0.814837 -0.582720 0.036324 0.993401 0.108790 56.571960 0.816878 -0.092225 0.569390 0.068923 0.000000 0.000000 0.000000 1.000000
0.600850 0.068475 -0.796423 -0.784463 0.042709 0.992151 0.117524 56.431026 0.798220 -0.104629 0.593210 0.213907 0.000000 0.000000 0.000000 1.000000
0.642516 0.070112 -0.763058 -1.597973 0.050706 0.989733 0.133635 56.154343 0.764593 -0.124554 0.632364 0.653931 0.000000 0.000000 0.000000 1.000000
0.695715 0.077406 -0.714135 -3.197746 0.061341 0.984143 0.166431 55.742260 0.715694 -0.159595 0.679935 1.588800 0.000000 0.000000 0.000000 1.000000
0.751580 0.088731 -0.653647 -4.930837 0.078966 0.971684 0.222700 55.356083 0.654899 -0.218993 0.723291 2.712958 0.000000 0.000000 0.000000 1.000000
0.765239 0.099677 -0.635983 -6.332860 0.094765 0.959734 0.264444 55.044003 0.636733 -0.262632 0.724980 3.877986 0.000000 0.000000 0.000000 1.000000
0.752643 0.093260 -0.651790 -7.337515 0.102482 0.961261 0.255879 54.727638 0.650404 -0.259383 0.713929 4.994010 0.000000 0.000000 0.000000 1.000000
0.733124 0.071011 -0.676378 -8.132917 0.122452 0.964498 0.233986 54.493969 0.668980 -0.254365 0.698401 5.905780 0.000000 0.000000 0.000000 1.000000
0.736514 0.065005 -0.673291 -8.607631 0.129134 0.963552 0.234289 54.364643 0.663981 -0.259503 0.701276 6.563413 0.000000 0.000000 0.000000 1.000000
0.764038 0.070710 -0.641285 -8.687580 0.116025 0.962712 0.244385 54.340836 0.634653 -0.261124 0.727344 6.990810 0.000000 0.000000 0.000000 1.000000
0.789437 0.068663 -0.609979 -8.655801 0.113014 0.960478 0.254381 54.475796 0.603338 -0.269754 0.750478 7.644389 0.000000 0.000000 0.000000 1.000000
0.802164 0.065769 -0.593471 -8.634148 0.107583 0.961730 0.251994 54.772015 0.587333 -0.265988 0.764389 8.474195 0.000000 0.000000 0.000000 1.000000
0.808574 0.063761 -0.584930 -8.567126 0.097073 0.966034 0.239491 55.204323 0.580332 -0.250427 0.774920 9.460248 0.000000 0.000000 0.000000 1.000000
0.806863 0.060697 -0.587612 -8.388254 0.092248 0.969559 0.226818 55.723518 0.583491 -0.237217 0.776702 10.500233 0.000000 0.000000 0.000000 1.000000
0.800829 0.057909 -0.596087 -8.185497 0.089557 0.972544 0.214799 56.304848 0.592160 -0.225401 0.773655 11.584043 0.000000 0.000000 0.000000 1.000000
0.791170 0.059016 -0.608743 -7.992590 0.082746 0.975853 0.202150 56.915077 0.605973 -0.210306 0.767182 12.711792 0.000000 0.000000 0.000000 1.000000
0.775394 0.060610 -0.628563 -7.824338 0.079345 0.978143 0.192199 57.519512 0.626474 -0.198903 0.753637 13.822113 0.000000 0.000000 0.000000 1.000000
0.753603 0.059894 -0.654595 -7.709104 0.081121 0.979754 0.183036 58.089394 0.652305 -0.191038 0.733487 14.907878 0.000000 0.000000 0.000000 1.000000
0.738551 0.064717 -0.671084 -7.601549 0.080236 0.979871 0.182798 58.587204 0.669406 -0.188851 0.718492 15.962880 0.000000 0.000000 0.000000 1.000000
0.731464 0.078145 -0.677387 -7.485977 0.072697 0.978812 0.191419 58.972321 0.677993 -0.189260 0.710286 16.998997 0.000000 0.000000 0.000000 1.000000
0.724887 0.089209 -0.683067 -7.392195 0.066287 0.977945 0.198066 59.200901 0.685671 -0.188853 0.702986 17.993746 0.000000 0.000000 0.000000 1.000000
0.716703 0.098439 -0.690396 -7.316802 0.063666 0.976617 0.205342 59.186611 0.694466 -0.191124 0.693678 18.878216 0.000000 0.000000 0.000000 1.000000
0.709159 0.110278 -0.696371 -7.229751 0.059742 0.974741 0.215200 58.927738 0.702513 -0.194213 0.684658 19.646828 0.000000 0.000000 0.000000 1.000000
0.701956 0.124240 -0.701301 -7.103766 0.053102 0.972797 0.225489 58.636497 0.710238 -0.195524 0.676263 20.416634 0.000000 0.000000 0.000000 1.000000
0.694722 0.139574 -0.705606 -6.955697 0.045766 0.970427 0.237017 58.316467 0.717821 -0.196954 0.667789 21.231022 0.000000 0.000000 0.000000 1.000000
0.686037 0.153059 -0.711285 -6.808606 0.036199 0.969230 0.243479 57.978443 0.726666 -0.192783 0.659387 22.044184 0.000000 0.000000 0.000000 1.000000
0.678546 0.164742 -0.715846 -6.659386 0.024262 0.968968 0.245992 57.654945 0.734157 -0.184285 0.653493 22.827276 0.000000 0.000000 0.000000 1.000000
0.671759 0.180233 -0.718509 -6.405925 0.004890 0.968850 0.247601 57.274143 0.740753 -0.169842 0.649952 23.598843 0.000000 0.000000 0.000000 1.000000
0.663318 0.201025 -0.720832 -6.069175 -0.020395 0.967742 0.251115 56.739185 0.748060 -0.151868 0.646021 24.364124 0.000000 0.000000 0.000000 1.000000
0.648200 0.228878 -0.726259 -5.666722 -0.048154 0.964170 0.260877 56.194008 0.759946 -0.134129 0.635996 25.163328 0.000000 0.000000 0.000000 1.000000
0.624073 0.253122 -0.739230 -5.304828 -0.076176 0.961277 0.264845 55.688103 0.777644 -0.108971 0.619190 26.122915 0.000000 0.000000 0.000000 1.000000
0.596341 0.273636 -0.754652 -4.933777 -0.103078 0.958427 0.266070 54.672691 0.796085 -0.080881 0.599755 27.147699 0.000000 0.000000 0.000000 1.000000
0.564757 0.296530 -0.770142 -4.586752 -0.128640 0.953440 0.272772 53.584564 0.815169 -0.054979 0.576608 28.312695 0.000000 0.000000 0.000000 1.000000
0.524816 0.317297 -0.789867 -4.243093 -0.155695 0.948057 0.277394 52.398258 0.836856 -0.022603 0.546957 29.662043 0.000000 0.000000 0.000000 1.000000
0.486289 0.336714 -0.806317 -3.843936 -0.186601 0.941503 0.280628 51.092705 0.853641 0.013993 0.520674 31.184963 0.000000 0.000000 0.000000 1.000000
0.452097 0.355341 -0.818133 -3.481822 -0.217410 0.933457 0.285289 49.702255 0.865067 0.048892 0.499268 32.880016 0.000000 0.000000 0.000000 1.000000
0.417827 0.378031 -0.826144 -3.135804 -0.249860 0.922071 0.295557 48.225677 0.873493 0.082929 0.479721 34.734226 0.000000 0.000000 0.000000 1.000000
0.384682 0.397573 -0.833040 -2.772158 -0.285398 0.909495 0.302270 46.552887 0.877820 0.121470 0.463333 36.661991 0.000000 0.000000 0.000000 1.000000
0.355229 0.413316 -0.838440 -2.352667 -0.320037 0.896508 0.306349 44.626389 0.878288 0.159508 0.450742 38.533119 0.000000 0.000000 0.000000 1.000000
0.330115 0.428569 -0.841043 -1.894666 -0.358672 0.881115 0.308207 42.324612 0.873143 0.199915 0.444585 40.558247 0.000000 0.000000 0.000000 1.000000
0.313184 0.442349 -0.840383 -1.362054 -0.403270 0.863102 0.304022 39.674191 0.859819 0.243686 0.448695 42.777008 0.000000 0.000000 0.000000 1.000000
0.301714 0.449557 -0.840754 -0.769483 -0.451813 0.843959 0.289132 36.476284 0.839544 0.292628 0.457750 44.940899 0.000000 0.000000 0.000000 1.000000
0.288026 0.463674 -0.837883 -0.034776 -0.507385 0.815945 0.277118 32.655846 0.812159 0.345312 0.470274 47.135548 0.000000 0.000000 0.000000 1.000000
0.263328 0.477321 -0.838345 0.896507 -0.565975 0.780184 0.266431 28.466740 0.781237 0.404323 0.475596 49.405529 0.000000 0.000000 0.000000 1.000000
0.232575 0.485688 -0.842625 2.195171 -0.627509 0.736863 0.251526 23.951805 0.743062 0.470256 0.476150 51.153301 0.000000 0.000000 0.000000 1.000000
0.188719 0.473418 -0.860384 3.749089 -0.689997 0.687343 0.226858 19.395067 0.698777 0.550850 0.456371 52.344456 0.000000 0.000000 0.000000 1.000000
0.052540 0.467446 -0.882459 5.530993 -0.769440 0.582238 0.262605 15.407784 0.636554 0.665202 0.390262 53.499271 0.000000 0.000000 0.000000 1.000000
-0.144921 0.506457 -0.850000 7.461195 -0.843347 0.386049 0.373807 13.018573 0.517459 0.771017 0.371173 54.954739 0.000000 0.000000 0.000000 1.000000
-0.305565 0.526210 -0.793557 9.118456 -0.884431 0.151876 0.441266 12.197814 0.352721 0.836682 0.418988 56.899975 0.000000 0.000000 0.000000 1.000000
-0.398835 0.486028 -0.777629 10.149332 -0.883648 0.023001 0.467586 12.834758 0.245146 0.873641 0.420304 58.938053 0.000000 0.000000 0.000000 1.000000
-0.455654 0.457279 -0.763724 11.280731 -0.866973 -0.033441 0.497232 14.397409 0.201834 0.888694 0.411686 61.218102 0.000000 0.000000 0.000000 1.000000
-0.486166 0.462046 -0.741725 12.745075 -0.854786 -0.075042 0.513526 16.209751 0.181612 0.883675 0.431434 63.660873 0.000000 0.000000 0.000000 1.000000
-0.489446 0.479231 -0.728547 14.062691 -0.860201 -0.128167 0.493586 17.649666 0.143166 0.868281 0.474966 66.352303 0.000000 0.000000 0.000000 1.000000
-0.479686 0.458469 -0.748136 15.093640 -0.872828 -0.162011 0.460352 18.644562 0.089850 0.873819 0.477879 69.029350 0.000000 0.000000 0.000000 1.000000
-0.474144 0.426688 -0.770146 16.106537 -0.879307 -0.184982 0.438863 19.433647 0.044794 0.885279 0.462897 71.475891 0.000000 0.000000 0.000000 1.000000
-0.476277 0.393013 -0.786575 16.949053 -0.879168 -0.197662 0.433581 20.044470 0.014927 0.898037 0.439667 73.365967 0.000000 0.000000 0.000000 1.000000
-0.476052 0.383782 -0.791256 17.599066 -0.879363 -0.217696 0.423473 20.240536 -0.009732 0.897396 0.441118 74.674873 0.000000 0.000000 0.000000 1.000000
-0.483008 0.382836 -0.787490 18.048172 -0.875214 -0.238327 0.420951 20.056519 -0.026525 0.892545 0.450177 75.633400 0.000000 0.000000 0.000000 1.000000
-0.488906 0.388194 -0.781201 18.107109 -0.871707 -0.251410 0.420618 19.643345 -0.033120 0.886622 0.461308 76.314667 0.000000 0.000000 0.000000 1.000000
-0.491680 0.400426 -0.773246 17.840048 -0.870191 -0.258476 0.419473 19.075897 -0.031897 0.879118 0.475535 76.759544 0.000000 0.000000 0.000000 1.000000
-0.482455 0.422818 -0.767113 17.330656 -0.875530 -0.258937 0.407920 18.463552 -0.026158 0.868434 0.495115 76.990730 0.000000 0.000000 0.000000 1.000000
-0.462910 0.452698 -0.762089 16.735651 -0.886228 -0.253579 0.387683 17.637556 -0.017746 0.854846 0.518578 76.954727 0.000000 0.000000 0.000000 1.000000
-0.443333 0.481939 -0.755772 16.161121 -0.896263 -0.250578 0.365956 17.710194 -0.013011 0.839611 0.543033 76.824387 0.000000 0.000000 0.000000 1.000000
-0.423096 0.509340 -0.749374 15.435595 -0.906015 -0.248075 0.342922 18.141773 -0.011237 0.824033 0.566430 76.566673 0.000000 0.000000 0.000000 1.000000
-0.399083 0.533660 -0.745613 14.787498 -0.916814 -0.244328 0.315843 18.244053 -0.013621 0.809636 0.586774 76.251572 0.000000 0.000000 0.000000 1.000000
-0.370786 0.557419 -0.742833 14.179169 -0.928570 -0.236786 0.285814 18.182430 -0.016575 0.795749 0.605400 76.111969 0.000000 0.000000 0.000000 1.000000
-0.341655 0.580911 -0.738793 13.465658 -0.939626 -0.227318 0.255791 18.175922 -0.019349 0.781581 0.623503 75.983856 0.000000 0.000000 0.000000 1.000000
-0.312188 0.604514 -0.732872 12.684721 -0.949764 -0.216516 0.225985 18.191971 -0.022068 0.766605 0.641740 75.792839 0.000000 0.000000 0.000000 1.000000
-0.280885 0.625012 -0.728329 11.826729 -0.959439 -0.201903 0.196752 18.132526 -0.024079 0.754052 0.656373 75.577591 0.000000 0.000000 0.000000 1.000000
-0.237511 0.639504 -0.731179 10.856112 -0.971073 -0.175373 0.162053 17.936687 -0.024596 0.748518 0.662658 75.406151 0.000000 0.000000 0.000000 1.000000
-0.180635 0.646793 -0.740965 9.750982 -0.983310 -0.135395 0.121528 17.586647 -0.021719 0.750551 0.660455 75.331444 0.000000 0.000000 0.000000 1.000000
-0.113333 0.642242 -0.758077 8.594744 -0.993478 -0.082887 0.078304 17.012444 -0.012545 0.762007 0.647447 75.269096 0.000000 0.000000 0.000000 1.000000
-0.037126 0.633134 -0.773151 7.350624 -0.999247 -0.014785 0.035876 16.188536 0.011283 0.773901 0.633206 75.008575 0.000000 0.000000 0.000000 1.000000
0.024200 0.620931 -0.783492 6.371673 -0.999141 0.041392 0.001944 15.073477 0.033638 0.782772 0.621399 74.607635 0.000000 0.000000 0.000000 1.000000
0.067779 0.607797 -0.791194 5.633540 -0.996262 0.083802 -0.020970 13.877167 0.053558 0.789658 0.611205 74.103226 0.000000 0.000000 0.000000 1.000000
0.097079 0.595727 -0.797299 5.248240 -0.992407 0.118728 -0.032124 13.525484 0.075525 0.794363 0.602729 73.632835 0.000000 0.000000 0.000000 1.000000
0.089201 0.587099 -0.804586 5.783996 -0.992717 0.118074 -0.023900 13.541156 0.080969 0.800858 0.593355 73.420975 0.000000 0.000000 0.000000 1.000000
0.043528 0.582711 -0.811513 6.478613 -0.996089 0.087823 0.009634 13.775385 0.076883 0.807920 0.584255 73.264702 0.000000 0.000000 0.000000 1.000000
-0.003768 0.580942 -0.813936 6.902870 -0.997294 0.057579 0.045714 13.971397 0.073423 0.811906 0.579153 73.107994 0.000000 0.000000 0.000000 1.000000
-0.044927 0.580619 -0.812935 6.962843 -0.996321 0.033405 0.078921 13.861485 0.072979 0.813490 0.576982 73.070549 0.000000 0.000000 0.000000 1.000000
-0.076687 0.582856 -0.808948 6.869175 -0.994214 0.016509 0.106144 13.675576 0.075222 0.812407 0.578218 73.018478 0.000000 0.000000 0.000000 1.000000
-0.088225 0.591782 -0.801255 6.743651 -0.992663 0.014541 0.120040 13.483110 0.082688 0.805967 0.586157 72.922760 0.000000 0.000000 0.000000 1.000000
-0.097083 0.599344 -0.794583 6.600573 -0.991124 0.014630 0.132133 13.224698 0.090818 0.800358 0.592604 72.857353 0.000000 0.000000 0.000000 1.000000
-0.100851 0.601698 -0.792331 6.561612 -0.990305 0.015752 0.138012 12.915148 0.095522 0.798569 0.594276 72.859497 0.000000 0.000000 0.000000 1.000000
-0.103080 0.602185 -0.791674 6.707089 -0.989730 0.017155 0.141917 12.654608 0.099042 0.798172 0.594232 72.966141 0.000000 0.000000 0.000000 1.000000
-0.105144 0.601465 -0.791950 6.761912 -0.989291 0.017808 0.144868 12.465985 0.101236 0.798700 0.593152 72.995583 0.000000 0.000000 0.000000 1.000000
-0.106714 0.600441 -0.792517 6.441616 -0.988891 0.018858 0.147444 12.378035 0.103477 0.799447 0.591758 72.812523 0.000000 0.000000 0.000000 1.000000
-0.109114 0.599256 -0.793087 6.342105 -0.988373 0.019585 0.150781 12.367867 0.105889 0.800318 0.590151 72.733360 0.000000 0.000000 0.000000 1.000000
-0.110083 0.597632 -0.794177 6.289275 -0.988108 0.020500 0.152391 12.392937 0.107354 0.801508 0.588268 72.684654 0.000000 0.000000 0.000000 1.000000
-0.106908 0.596060 -0.795791 6.243494 -0.988645 0.021278 0.148754 12.397499 0.105599 0.802658 0.587018 72.687019 0.000000 0.000000 0.000000 1.000000</float_array><technique_common><accessor source="#mixamorig_Hips-Matrix-animation-output-transform-array" count="90" stride="16"><param type="float4x4"/></accessor></technique_common></source><source id="mixamorig_Hips-Interpolations"><Name_array id="mixamorig_Hips-Interpolations-array" count="90">
 LINEAR LINEAR LINEAR LINEAR LINEAR LINEAR LINEAR LINEAR LINEAR LINEAR LINEAR
LINEAR LINEAR LINEAR LINEAR LINEAR LINEAR LINEAR LINEAR LINEAR LINEAR LINEAR LINEAR
LINEAR LINEAR LINEAR LINEAR LINEAR LINEAR LINEAR LINEAR LINEAR LINEAR LINEAR LINEAR
LINEAR LINEAR LINEAR LINEAR LINEAR LINEAR LINEAR LINEAR LINEAR LINEAR LINEAR LINEAR
LINEAR LINEAR LINEAR LINEAR LINEAR LINEAR LINEAR LINEAR LINEAR LINEAR LINEAR LINEAR
LINEAR LINEAR LINEAR LINEAR LINEAR LINEAR LINEAR LINEAR LINEAR LINEAR LINEAR LINEAR
LINEAR LINEAR LINEAR LINEAR LINEAR LINEAR LINEAR LINEAR LINEAR LINEAR LINEAR LINEAR
LINEAR LINEAR LINEAR LINEAR LINEAR LINEAR LINEAR</Name_array><technique_common><accessor source="#mixamorig_Hips-Interpolations-array" count="90"><param type="name"/></accessor></technique_common></source><sampler id="mixamorig_Hips-Matrix-animation-transform"><input semantic="INPUT" source="#mixamorig_Hips-Matrix-animation-input"/><input semantic="OUTPUT" source="#mixamorig_Hips-Matrix-animation-output-transform"/><input semantic="INTERPOLATION" source="#mixamorig_Hips-Interpolations"/></sampler><channel source="#mixamorig_Hips-Matrix-animation-transform" target="mixamorig_Hips/matrix"/></animation>
    <animation id="mixamorig_Spine-anim" name="mixamorig_Spine"><source id="mixamorig_Spine-Matrix-animation-input"><float_array id="mixamorig_Spine-Matrix-animation-input-array" count="90">

0.000000 0.033333 0.066667 0.100000 0.133333 0.166667 0.200000 0.233333 0.266667 0.300000 0.333333 0.366667 0.400000 0.433333 0.466667 0.500000
0.533333 0.566667 0.600000 0.633333 0.666667 0.700000 0.733333 0.766667 0.800000 0.833333 0.866667 0.900000 0.933333 0.966667 1.000000 1.033333
1.066667 1.100000 1.133333 1.166667 1.200000 1.233333 1.266667 1.300000 1.333333 1.366667 1.400000 1.433333 1.466667 1.500000 1.533333 1.566667
1.600000 1.633333 1.666667 1.700000 1.733333 1.766667 1.800000 1.833333 1.866667 1.900000 1.933333 1.966667 2.000000 2.033333 2.066667 2.100000
2.133333 2.166667 2.200000 2.233333 2.266667 2.300000 2.333333 2.366667 2.400000 2.433333 2.466667 2.500000 2.533333 2.566667 2.600000 2.633333
2.666667 2.700000 2.733333 2.766667 2.800000 2.833333 2.866667 2.900000 2.933333 2.966667</float_array><technique_common><accessor source="#mixamorig_Spine-Matrix-animation-input-array" count="90"><param name="TIME" type="float"/></accessor></technique_common></source><source id="mixamorig_Spine-Matrix-animation-output-transform"><float_array id="mixamorig_Spine-Matrix-animation-output-transform-array" count="1440">

0.999944 -0.007993 0.006894 0.000000 0.007381 0.996388 0.084591 10.357000 -0.007545 -0.084535 0.996392 -1.849100 0.000000 0.000000 0.000000 1.000000
0.999950 -0.006183 0.007796 0.000000 0.005420 0.995525 0.094341 10.357000 -0.008345 -0.094294 0.995509 -1.849100 0.000000 0.000000 0.000000 1.000000
0.999953 -0.002961 0.009183 0.000000 0.001899 0.993526 0.113585 10.357000 -0.009460 -0.113563 0.993486 -1.849100 0.000000 0.000000 0.000000 1.000000
0.999906 0.000273 0.013728 -0.000000 -0.002239 0.989662 0.143405 10.357000 -0.013547 -0.143422 0.989569 -1.849100 0.000000 0.000000 0.000000 1.000000
0.999856 -0.002525 0.016775 0.000000 -0.000539 0.983636 0.180168 10.357000 -0.016955 -0.180151 0.983493 -1.849100 0.000000 0.000000 0.000000 1.000000
0.999525 -0.015508 0.026617 0.000000 0.009267 0.975393 0.220280 10.357000 -0.029378 -0.219928 0.975074 -1.849100 0.000000 0.000000 0.000000 1.000000
0.997929 -0.049424 0.041170 0.000000 0.037210 0.965620 0.257280 10.357000 -0.052471 -0.255215 0.965460 -1.849100 0.000000 0.000000 0.000000 1.000000
0.995798 -0.071534 0.057173 0.000000 0.052405 0.957148 0.284818 10.357000 -0.075097 -0.280626 0.956875 -1.849100 0.000000 0.000000 0.000000 1.000000
0.994924 -0.079914 0.061156 0.000000 0.058394 0.953437 0.295886 10.357000 -0.081954 -0.290813 0.953263 -1.849100 0.000000 0.000000 0.000000 1.000000
0.994630 -0.084311 0.060019 0.000000 0.063508 0.955137 0.289275 10.357000 -0.081716 -0.283910 0.955363 -1.849100 0.000000 0.000000 0.000000 1.000000
0.994830 -0.081666 0.060373 0.000000 0.061519 0.957564 0.281578 10.357000 -0.080806 -0.276408 0.957637 -1.849100 0.000000 0.000000 0.000000 1.000000
0.994986 -0.076813 0.064053 0.000000 0.055476 0.956747 0.285583 10.357000 -0.083219 -0.280598 0.956211 -1.849100 0.000000 0.000000 0.000000 1.000000
0.995164 -0.075026 0.063406 -0.000000 0.053475 0.955228 0.290999 10.357000 -0.082400 -0.286201 0.954620 -1.849100 0.000000 0.000000 0.000000 1.000000
0.995313 -0.074288 0.061911 0.000000 0.053598 0.956658 0.286240 10.357000 -0.080491 -0.281580 0.956156 -1.849100 0.000000 0.000000 0.000000 1.000000
0.995371 -0.074642 0.060541 -0.000000 0.055238 0.959806 0.275175 10.357000 -0.078648 -0.270557 0.959486 -1.849100 0.000000 0.000000 0.000000 1.000000
0.995066 -0.079556 0.059291 0.000000 0.061209 0.962515 0.264231 10.357000 -0.078090 -0.259298 0.962635 -1.849100 0.000000 0.000000 0.000000 1.000000
0.994614 -0.085111 0.059148 0.000000 0.067432 0.964763 0.254334 10.357000 -0.078710 -0.248975 0.965306 -1.849100 0.000000 0.000000 0.000000 1.000000
0.994247 -0.089138 0.059394 0.000000 0.072037 0.966818 0.245097 10.357000 -0.079270 -0.239409 0.967677 -1.849100 0.000000 0.000000 0.000000 1.000000
0.993902 -0.093824 0.057931 0.000000 0.077670 0.968599 0.236184 10.357000 -0.078271 -0.230244 0.969980 -1.849100 0.000000 0.000000 0.000000 1.000000
0.993581 -0.099455 0.053904 0.000000 0.084649 0.969753 0.228941 10.357000 -0.075043 -0.222909 0.971947 -1.849100 0.000000 0.000000 0.000000 1.000000
0.993134 -0.105423 0.050701 0.000000 0.091376 0.969721 0.226475 10.357000 -0.073041 -0.220287 0.972697 -1.849100 0.000000 0.000000 0.000000 1.000000
0.992719 -0.110790 0.047280 -0.000000 0.097097 0.968278 0.230240 10.357000 -0.071289 -0.223973 0.971985 -1.849100 0.000000 0.000000 0.000000 1.000000
0.992287 -0.115769 0.044326 0.000000 0.102470 0.967234 0.232290 10.357000 -0.069766 -0.225956 0.971636 -1.849100 0.000000 0.000000 0.000000 1.000000
0.991829 -0.120574 0.041675 0.000000 0.107608 0.966177 0.234357 10.357000 -0.068523 -0.227958 0.971257 -1.849100 0.000000 0.000000 0.000000 1.000000
0.991340 -0.125296 0.039323 0.000000 0.112803 0.965785 0.233525 10.357000 -0.067237 -0.227067 0.971555 -1.849100 0.000000 0.000000 0.000000 1.000000
0.990879 -0.129582 0.036984 0.000000 0.117504 0.965201 0.233625 10.357000 -0.065971 -0.227148 0.971623 -1.849100 0.000000 0.000000 0.000000 1.000000
0.990361 -0.134042 0.034888 -0.000000 0.122338 0.964646 0.233433 10.357000 -0.064945 -0.226915 0.971747 -1.849100 0.000000 0.000000 0.000000 1.000000
0.989651 -0.139661 0.032960 0.000000 0.128645 0.965261 0.227423 10.357000 -0.063577 -0.220829 0.973238 -1.849100 0.000000 0.000000 0.000000 1.000000
0.988618 -0.147123 0.031441 -0.000000 0.137292 0.967719 0.211354 10.357000 -0.061521 -0.204632 0.976904 -1.849100 0.000000 0.000000 0.000000 1.000000
0.987419 -0.155166 0.030443 0.000000 0.146859 0.971283 0.187192 10.357000 -0.058615 -0.180366 0.981851 -1.849100 0.000000 0.000000 0.000000 1.000000
0.986418 -0.161706 0.028824 -0.000000 0.154614 0.973346 0.169389 10.357000 -0.055447 -0.162631 0.985128 -1.849100 0.000000 0.000000 0.000000 1.000000
0.985738 -0.166052 0.027329 -0.000000 0.159841 0.974642 0.156598 10.357000 -0.052639 -0.149997 0.987284 -1.849100 0.000000 0.000000 0.000000 1.000000
0.985195 -0.169507 0.025666 0.000000 0.164150 0.975864 0.144031 10.357000 -0.049461 -0.137685 0.989240 -1.849100 0.000000 0.000000 0.000000 1.000000
0.984770 -0.172288 0.023339 -0.000000 0.167585 0.976374 0.136417 10.357000 -0.046290 -0.130428 0.990377 -1.849100 0.000000 0.000000 0.000000 1.000000
0.984443 -0.174486 0.020672 -0.000000 0.170401 0.976782 0.129851 10.357000 -0.042849 -0.124308 0.991318 -1.849100 0.000000 0.000000 0.000000 1.000000
0.984178 -0.176257 0.018098 0.000000 0.172731 0.977180 0.123628 10.357000 -0.039475 -0.118546 0.992164 -1.849100 0.000000 0.000000 0.000000 1.000000
0.984024 -0.177339 0.015713 0.000000 0.174307 0.977629 0.117723 10.357000 -0.036238 -0.113103 0.992922 -1.849100 0.000000 0.000000 0.000000 1.000000
0.984009 -0.177576 0.013900 0.000000 0.174945 0.978190 0.111974 10.357000 -0.033480 -0.107752 0.993614 -1.849100 0.000000 0.000000 0.000000 1.000000
0.984146 -0.176939 0.012179 0.000000 0.174678 0.978881 0.106207 10.357000 -0.030714 -0.102396 0.994269 -1.849100 0.000000 0.000000 0.000000 1.000000
0.984377 -0.175709 0.011345 -0.000000 0.173702 0.979634 0.100720 10.357000 -0.028811 -0.097176 0.994850 -1.849100 0.000000 0.000000 0.000000 1.000000
0.984613 -0.174313 0.012373 -0.000000 0.172527 0.980901 0.089822 10.357000 -0.027794 -0.086305 0.995881 -1.849100 0.000000 0.000000 0.000000 1.000000
0.984643 -0.173923 0.015101 0.000000 0.172351 0.982214 0.074502 10.357000 -0.027790 -0.070755 0.997107 -1.849100 0.000000 0.000000 0.000000 1.000000
0.984567 -0.173901 0.019666 -0.000000 0.172535 0.983329 0.057409 10.357000 -0.029321 -0.053130 0.998157 -1.849100 0.000000 0.000000 0.000000 1.000000
0.984176 -0.175431 0.024939 -0.000000 0.174440 0.983952 0.037535 10.357000 -0.031123 -0.032591 0.998984 -1.849100 0.000000 0.000000 0.000000 1.000000
0.984209 -0.174384 0.030386 -0.000000 0.174129 0.984663 0.010847 10.357000 -0.031811 -0.005384 0.999479 -1.849100 0.000000 0.000000 0.000000 1.000000
0.983802 -0.174835 0.039587 0.000000 0.175908 0.984078 -0.025438 10.357000 -0.034510 0.031989 0.998892 -1.849100 0.000000 0.000000 0.000000 1.000000
0.979530 -0.189466 0.068005 0.000000 0.193986 0.978681 -0.067472 10.357000 -0.053772 0.079282 0.995401 -1.849100 0.000000 0.000000 0.000000 1.000000
0.980554 -0.168763 0.100166 0.000000 0.180925 0.975101 -0.128236 10.357000 -0.076030 0.143865 0.986672 -1.849100 0.000000 0.000000 0.000000 1.000000
0.983311 -0.145095 0.109762 0.000000 0.160869 0.975195 -0.152039 10.357000 -0.084979 0.167159 0.982261 -1.849100 0.000000 0.000000 0.000000 1.000000
0.981361 -0.157338 0.110340 0.000000 0.169613 0.979077 -0.112427 10.357000 -0.090342 0.129046 0.987515 -1.849100 0.000000 0.000000 0.000000 1.000000
0.979603 -0.167800 0.110552 -0.000000 0.178536 0.979275 -0.095627 10.357000 -0.092215 0.113414 0.989259 -1.849100 0.000000 0.000000 0.000000 1.000000
0.983187 -0.138465 0.119038 0.000000 0.152719 0.980911 -0.120379 10.357000 -0.100097 0.136534 0.985565 -1.849100 0.000000 0.000000 0.000000 1.000000
0.985927 -0.114863 0.121466 -0.000000 0.132747 0.979551 -0.151192 10.357000 -0.101616 0.165188 0.981013 -1.849100 0.000000 0.000000 0.000000 1.000000
0.986559 -0.115555 0.115535 -0.000000 0.132953 0.978700 -0.156426 10.357000 -0.094999 0.169684 0.980909 -1.849100 0.000000 0.000000 0.000000 1.000000
0.986470 -0.124562 0.106589 0.000000 0.139790 0.978764 -0.149934 10.357000 -0.085650 0.162806 0.982934 -1.849100 0.000000 0.000000 0.000000 1.000000
0.987347 -0.125717 0.096654 0.000000 0.138118 0.981221 -0.134645 10.357000 -0.077911 0.146291 0.986169 -1.849100 0.000000 0.000000 0.000000 1.000000
0.987137 -0.134139 0.086987 0.000000 0.145114 0.980108 -0.135390 10.357000 -0.067096 0.146272 0.986966 -1.849100 0.000000 0.000000 0.000000 1.000000
0.986427 -0.144494 0.077994 -0.000000 0.154433 0.977788 -0.141706 10.357000 -0.055786 0.151827 0.986832 -1.849100 0.000000 0.000000 0.000000 1.000000
0.985730 -0.153303 0.069526 0.000000 0.161906 0.976486 -0.142344 10.357000 -0.046069 0.151569 0.987372 -1.849100 0.000000 0.000000 0.000000 1.000000
0.985526 -0.158488 0.060175 0.000000 0.165509 0.976334 -0.139207 10.357000 -0.036689 0.147152 0.988433 -1.849100 0.000000 0.000000 0.000000 1.000000
0.985982 -0.158925 0.050815 0.000000 0.164479 0.976961 -0.135992 10.357000 -0.028032 0.142444 0.989406 -1.849100 0.000000 0.000000 0.000000 1.000000
0.987878 -0.149845 0.040529 0.000000 0.154000 0.978860 -0.134598 10.357000 -0.019504 0.139208 0.990071 -1.849100 0.000000 0.000000 0.000000 1.000000
0.989419 -0.140905 0.034568 -0.000000 0.144339 0.980102 -0.136260 10.357000 -0.014681 0.139807 0.990070 -1.849100 0.000000 0.000000 0.000000 1.000000
0.990890 -0.130782 0.032156 0.000000 0.134012 0.981171 -0.139080 10.357000 -0.013361 0.142122 0.989759 -1.849100 0.000000 0.000000 0.000000 1.000000
0.991977 -0.123008 0.029151 0.000000 0.125891 0.982218 -0.139283 10.357000 -0.011499 0.141835 0.989824 -1.849100 0.000000 0.000000 0.000000 1.000000
0.992980 -0.115636 0.024890 0.000000 0.117985 0.983253 -0.138899 10.357000 -0.008412 0.140860 0.989994 -1.849100 0.000000 0.000000 0.000000 1.000000
0.994204 -0.105232 0.022025 0.000000 0.107297 0.984130 -0.141337 10.357000 -0.006802 0.142881 0.989716 -1.849100 0.000000 0.000000 0.000000 1.000000
0.995653 -0.091131 0.019232 0.000000 0.092975 0.984687 -0.147469 10.357000 -0.005499 0.148616 0.988880 -1.849100 0.000000 0.000000 0.000000 1.000000
0.997139 -0.074014 0.015352 0.000000 0.075484 0.985720 -0.150525 10.357000 -0.003992 0.151253 0.988487 -1.849100 0.000000 0.000000 0.000000 1.000000
0.998555 -0.052804 0.009969 0.000000 0.053694 0.987802 -0.146164 10.357000 -0.002130 0.146488 0.989210 -1.849100 0.000000 0.000000 0.000000 1.000000
0.999651 -0.026363 0.001922 0.000000 0.026385 0.990811 -0.132653 10.357000 0.001592 0.132657 0.991161 -1.849100 0.000000 0.000000 0.000000 1.000000
0.999944 0.007255 -0.007767 0.000000 -0.008066 0.993888 -0.110100 10.357000 0.006921 0.110157 0.993890 -1.849100 0.000000 0.000000 0.000000 1.000000
0.998366 0.054626 -0.016795 -0.000000 -0.055913 0.994432 -0.089328 10.357000 0.011822 0.090121 0.995861 -1.849100 0.000000 0.000000 0.000000 1.000000
0.995566 0.091467 -0.021955 0.000000 -0.092825 0.993078 -0.071963 10.357000 0.015221 0.073682 0.997166 -1.849100 0.000000 0.000000 0.000000 1.000000
0.992564 0.119387 -0.023733 0.000000 -0.120618 0.990889 -0.059912 10.357000 0.016365 0.062329 0.997921 -1.849100 0.000000 0.000000 0.000000 1.000000
0.989335 0.144142 -0.020947 -0.000000 -0.145123 0.987762 -0.057143 10.357000 0.012454 0.059573 0.998146 -1.849100 0.000000 0.000000 0.000000 1.000000
0.990823 0.134635 -0.011938 0.000000 -0.135120 0.988874 -0.062221 10.357000 0.003428 0.063263 0.997991 -1.849100 0.000000 0.000000 0.000000 1.000000
0.994171 0.107808 0.001323 0.000000 -0.107487 0.992020 -0.065904 10.357000 -0.008418 0.065377 0.997825 -1.849100 0.000000 0.000000 0.000000 1.000000
0.995444 0.094806 0.010161 0.000000 -0.093846 0.993020 -0.071445 10.357000 -0.016863 0.070166 0.997393 -1.849100 0.000000 0.000000 0.000000 1.000000
0.996139 0.086439 0.015344 0.000000 -0.085053 0.993530 -0.075266 10.357000 -0.021751 0.073671 0.997045 -1.849100 0.000000 0.000000 0.000000 1.000000
0.996814 0.077682 0.018105 -0.000000 -0.076015 0.993937 -0.079443 10.357000 -0.024166 0.077813 0.996675 -1.849100 0.000000 0.000000 0.000000 1.000000
0.996848 0.077479 0.017085 0.000000 -0.075616 0.992967 -0.091094 10.357000 -0.024022 0.089515 0.995696 -1.849100 0.000000 0.000000 0.000000 1.000000
0.996746 0.079282 0.014539 -0.000000 -0.077480 0.992131 -0.098351 10.357000 -0.022222 0.096905 0.995046 -1.849100 0.000000 0.000000 0.000000 1.000000
0.996677 0.080582 0.011869 -0.000000 -0.079047 0.992079 -0.097630 10.357000 -0.019642 0.096367 0.995152 -1.849100 0.000000 0.000000 0.000000 1.000000
0.996463 0.083472 0.009737 0.000000 -0.082152 0.991948 -0.096383 10.357000 -0.017703 0.095242 0.995297 -1.849100 0.000000 0.000000 0.000000 1.000000
0.996491 0.083224 0.008952 0.000000 -0.082045 0.992323 -0.092539 10.357000 -0.016585 0.091480 0.995669 -1.849100 0.000000 0.000000 0.000000 1.000000
0.996765 0.079809 0.009513 0.000000 -0.078713 0.993242 -0.085291 10.357000 -0.016255 0.084267 0.996311 -1.849100 0.000000 0.000000 0.000000 1.000000
0.996870 0.078438 0.009851 0.000000 -0.077381 0.993672 -0.081418 10.357000 -0.016175 0.080401 0.996631 -1.849100 0.000000 0.000000 0.000000 1.000000
0.996834 0.078886 0.009902 0.000000 -0.077872 0.993872 -0.078444 10.357000 -0.016030 0.077425 0.996869 -1.849100 0.000000 0.000000 0.000000 1.000000
0.996916 0.077856 0.009881 0.000000 -0.076906 0.994232 -0.074753 10.357000 -0.015644 0.073763 0.997153 -1.849100 0.000000 0.000000 0.000000 1.000000</float_array><technique_common><accessor source="#mixamorig_Spine-Matrix-animation-output-transform-array" count="90" stride="16"><param type="float4x4"/></accessor></technique_common></source><source id="mixamorig_Spine-Interpolations"><Name_array id="mixamorig_Spine-Interpolations-array" count="90">
 LINEAR LINEAR LINEAR LINEAR LINEAR LINEAR LINEAR LINEAR LINEAR LINEAR LINEAR
LINEAR LINEAR LINEAR LINEAR LINEAR LINEAR LINEAR LINEAR LINEAR LINEAR LINEAR LINEAR
LINEAR LINEAR LINEAR LINEAR LINEAR LINEAR LINEAR LINEAR LINEAR LINEAR LINEAR LINEAR
LINEAR LINEAR LINEAR LINEAR LINEAR LINEAR LINEAR LINEAR LINEAR LINEAR LINEAR LINEAR
LINEAR LINEAR LINEAR LINEAR LINEAR LINEAR LINEAR LINEAR LINEAR LINEAR LINEAR LINEAR
LINEAR LINEAR LINEAR LINEAR LINEAR LINEAR LINEAR LINEAR LINEAR LINEAR LINEAR LINEAR
LINEAR LINEAR LINEAR LINEAR LINEAR LINEAR LINEAR LINEAR LINEAR LINEAR LINEAR LINEAR
LINEAR LINEAR LINEAR LINEAR LINEAR LINEAR LINEAR</Name_array><technique_common><accessor source="#mixamorig_Spine-Interpolations-array" count="90"><param type="name"/></accessor></technique_common></source><sampler id="mixamorig_Spine-Matrix-animation-transform"><input semantic="INPUT" source="#mixamorig_Spine-Matrix-animation-input"/><input semantic="OUTPUT" source="#mixamorig_Spine-Matrix-animation-output-transform"/><input semantic="INTERPOLATION" source="#mixamorig_Spine-Interpolations"/></sampler><channel source="#mixamorig_Spine-Matrix-animation-transform" target="mixamorig_Spine/matrix"/></animation>
    <animation id="mixamorig_Spine1-anim" name="mixamorig_Spine1"><source id="mixamorig_Spine1-Matrix-animation-input"><float_array id="mixamorig_Spine1-Matrix-animation-input-array" count="90">

0.000000 0.033333 0.066667 0.100000 0.133333 0.166667 0.200000 0.233333 0.266667 0.300000 0.333333 0.366667 0.400000 0.433333 0.466667 0.500000
0.533333 0.566667 0.600000 0.633333 0.666667 0.700000 0.733333 0.766667 0.800000 0.833333 0.866667 0.900000 0.933333 0.966667 1.000000 1.033333
1.066667 1.100000 1.133333 1.166667 1.200000 1.233333 1.266667 1.300000 1.333333 1.366667 1.400000 1.433333 1.466667 1.500000 1.533333 1.566667
1.600000 1.633333 1.666667 1.700000 1.733333 1.766667 1.800000 1.833333 1.866667 1.900000 1.933333 1.966667 2.000000 2.033333 2.066667 2.100000
2.133333 2.166667 2.200000 2.233333 2.266667 2.300000 2.333333 2.366667 2.400000 2.433333 2.466667 2.500000 2.533333 2.566667 2.600000 2.633333
2.666667 2.700000 2.733333 2.766667 2.800000 2.833333 2.866667 2.900000 2.933333 2.966667</float_array><technique_common><accessor source="#mixamorig_Spine1-Matrix-animation-input-array" count="90"><param name="TIME" type="float"/></accessor></technique_common></source><source id="mixamorig_Spine1-Matrix-animation-output-transform"><float_array id="mixamorig_Spine1-Matrix-animation-output-transform-array" count="1440">

0.999795 -0.008584 0.018331 -0.000000 0.010117 0.996307 -0.085270 12.274200 -0.017531 0.085438 0.996189 0.000000 0.000000 0.000000 0.000000 1.000000
0.999767 -0.011068 0.018551 0.000000 0.012549 0.996579 -0.081683 12.274200 -0.017583 0.081896 0.996486 0.000000 0.000000 0.000000 0.000000 1.000000
0.999700 -0.015896 0.018631 -0.000000 0.017243 0.997071 -0.074510 12.274200 -0.017392 0.074808 0.997046 -0.000000 0.000000 0.000000 0.000000 1.000000
0.999419 -0.024662 0.023524 0.000000 0.026098 0.997683 -0.062832 12.274200 -0.021920 0.063410 0.997747 0.000000 0.000000 0.000000 0.000000 1.000000
0.999010 -0.036548 0.025352 0.000000 0.037728 0.998148 -0.047729 12.274200 -0.023561 0.048638 0.998539 -0.000000 0.000000 0.000000 0.000000 1.000000
0.997936 -0.053882 0.034933 -0.000000 0.054938 0.998039 -0.030008 12.274200 -0.033248 0.031865 0.998939 0.000000 0.000000 0.000000 0.000000 1.000000
0.995817 -0.074165 0.053370 0.000000 0.074858 0.997132 -0.011108 12.274200 -0.052394 0.015057 0.998513 0.000000 0.000000 0.000000 0.000000 1.000000
0.993384 -0.087296 0.074614 0.000000 0.087057 0.996182 0.006452 12.274200 -0.074892 0.000086 0.997192 0.000000 0.000000 0.000000 0.000000 1.000000
0.992337 -0.091272 0.083285 0.000000 0.089890 0.995747 0.020208 12.274200 -0.084775 -0.012567 0.996321 0.000000 0.000000 0.000000 0.000000 1.000000
0.992353 -0.089715 0.084772 -0.000000 0.087385 0.995698 0.030814 12.274200 -0.087172 -0.023171 0.995924 -0.000000 0.000000 0.000000 0.000000 1.000000
0.992465 -0.085016 0.088239 0.000000 0.082038 0.995948 0.036849 12.274200 -0.091014 -0.029332 0.995417 0.000000 0.000000 0.000000 0.000000 1.000000
0.992324 -0.078594 0.095482 0.000000 0.075239 0.996432 0.038242 12.274200 -0.098147 -0.030765 0.994696 -0.000000 0.000000 0.000000 0.000000 1.000000
0.992534 -0.073531 0.097308 0.000000 0.070136 0.996819 0.037863 12.274200 -0.099782 -0.030756 0.994534 0.000000 0.000000 0.000000 0.000000 1.000000
0.992703 -0.072430 0.096408 -0.000000 0.069379 0.996989 0.034638 12.274200 -0.098626 -0.027697 0.994739 0.000000 0.000000 0.000000 0.000000 1.000000
0.992798 -0.073438 0.094649 -0.000000 0.071168 0.997095 0.027140 12.274200 -0.096367 -0.020208 0.995141 0.000000 0.000000 0.000000 0.000000 1.000000
0.992820 -0.074166 0.093855 0.000000 0.072643 0.997166 0.019545 12.274200 -0.095038 -0.012587 0.995394 0.000000 0.000000 0.000000 0.000000 1.000000
0.992726 -0.073754 0.095165 0.000000 0.072887 0.997261 0.012550 12.274200 -0.095830 -0.005523 0.995382 0.000000 0.000000 0.000000 0.000000 1.000000
0.992573 -0.074254 0.096365 0.000000 0.074040 0.997238 0.005792 12.274200 -0.096529 0.001386 0.995329 0.000000 0.000000 0.000000 0.000000 1.000000
0.992598 -0.075337 0.095257 0.000000 0.075788 0.997123 -0.001119 12.274200 -0.094899 0.008330 0.995452 -0.000000 0.000000 0.000000 0.000000 1.000000
0.992825 -0.076899 0.091565 0.000000 0.077895 0.996935 -0.007349 12.274200 -0.090720 0.014429 0.995772 0.000000 0.000000 0.000000 0.000000 1.000000
0.992886 -0.078847 0.089221 0.000000 0.080167 0.996717 -0.011299 12.274200 -0.088037 0.018371 0.995948 0.000000 0.000000 0.000000 0.000000 1.000000
0.992993 -0.080800 0.086234 0.000000 0.082165 0.996542 -0.012385 12.274200 -0.084935 0.019384 0.996198 -0.000000 0.000000 0.000000 0.000000 1.000000
0.993040 -0.082948 0.083615 0.000000 0.084529 0.996300 -0.015542 12.274200 -0.082016 0.022501 0.996377 0.000000 0.000000 0.000000 0.000000 1.000000
0.993012 -0.085382 0.081472 0.000000 0.087348 0.995959 -0.020873 12.274200 -0.079361 0.027843 0.996457 0.000000 0.000000 0.000000 0.000000 1.000000
0.992915 -0.088168 0.079666 0.000000 0.090692 0.995467 -0.028629 12.274200 -0.076781 0.035651 0.996410 -0.000000 0.000000 0.000000 0.000000 1.000000
0.992795 -0.091364 0.077534 0.000000 0.094222 0.994969 -0.034033 12.274200 -0.074035 0.041094 0.996409 0.000000 0.000000 0.000000 0.000000 1.000000
0.992584 -0.095296 0.075465 0.000000 0.098569 0.994290 -0.040894 12.274200 -0.071137 0.048029 0.996310 0.000000 0.000000 0.000000 0.000000 1.000000
0.992230 -0.100590 0.073225 0.000000 0.104297 0.993354 -0.048687 12.274200 -0.067841 0.055946 0.996126 0.000000 0.000000 0.000000 0.000000 1.000000
0.991646 -0.107619 0.071112 0.000000 0.111853 0.992001 -0.058505 12.274200 -0.064247 0.065970 0.995751 0.000000 0.000000 0.000000 0.000000 1.000000
0.990937 -0.115075 0.069293 0.000000 0.120254 0.989839 -0.075882 12.274200 -0.059857 0.083527 0.994706 -0.000000 0.000000 0.000000 0.000000 1.000000
0.990378 -0.121466 0.066315 -0.000000 0.127272 0.987614 -0.091767 12.274200 -0.054347 0.099324 0.993570 0.000000 0.000000 0.000000 0.000000 1.000000
0.989889 -0.127218 0.062735 0.000000 0.133155 0.985846 -0.101868 12.274200 -0.048888 0.109191 0.992818 0.000000 0.000000 0.000000 0.000000 1.000000
0.989413 -0.132701 0.058752 0.000000 0.138603 0.984051 -0.111506 12.274200 -0.043018 0.118469 0.992026 0.000000 0.000000 0.000000 0.000000 1.000000
0.988990 -0.137847 0.053820 0.000000 0.143343 0.982731 -0.117017 12.274200 -0.036761 0.123443 0.991671 0.000000 0.000000 0.000000 0.000000 1.000000
0.988608 -0.142632 0.048070 0.000000 0.147479 0.981759 -0.120001 12.274200 -0.030077 0.125723 0.991609 0.000000 0.000000 0.000000 0.000000 1.000000
0.988234 -0.147029 0.042146 0.000000 0.151189 0.980737 -0.123678 12.274200 -0.023150 0.128595 0.991427 0.000000 0.000000 0.000000 0.000000 1.000000
0.987892 -0.150946 0.035853 0.000000 0.154332 0.979745 -0.127598 12.274200 -0.015867 0.131586 0.991178 0.000000 0.000000 0.000000 0.000000 1.000000
0.987577 -0.154280 0.029807 0.000000 0.156880 0.978842 -0.131362 12.274200 -0.008910 0.134406 0.990886 0.000000 0.000000 0.000000 0.000000 1.000000
