<?xml version="1.0" encoding="utf-8"?>
<COLLADA xmlns="http://www.collada.org/2005/11/COLLADASchema" version="1.4.1">
  <asset><contributor><author>Mixamo</author><authoring_tool>COLLADA Mixamo exporter</authoring_tool><comments></comments></contributor><created>2020-04-23T09:50:58Z</created><modified>2020-04-23T09:50:58Z</modified><revision></revision><title></title><unit meter="0.010000"/><up_axis>Y_UP</up_axis></asset>
  <library_animations>
    <animation id="mixamorig_Hips-anim" name="mixamorig_Hips"><source id="mixamorig_Hips-Matrix-animation-input"><float_array id="mixamorig_Hips-Matrix-animation-input-array" count="73">

0.000000 0.033333 0.066667 0.100000 0.133333 0.166667 0.200000 0.233333 0.266667 0.300000 0.333333 0.366667 0.400000 0.433333 0.466667 0.500000
0.533333 0.566667 0.600000 0.633333 0.666667 0.700000 0.733333 0.766667 0.800000 0.833333 0.866667 0.900000 0.933333 0.966667 1.000000 1.033333
1.066667 1.100000 1.133333 1.166667 1.200000 1.233333 1.266667 1.300000 1.333333 1.366667 1.400000 1.433333 1.466667 1.500000 1.533333 1.566667
1.600000 1.633333 1.666667 1.700000 1.733333 1.766667 1.800000 1.833333 1.866667 1.900000 1.933333 1.966667 2.000000 2.033333 2.066667 2.100000
2.133333 2.166667 2.200000 2.233333 2.266667 2.300000 2.333333 2.366667 2.400000</float_array><technique_common><accessor source="#mixamorig_Hips-Matrix-animation-input-array" count="73"><param name="TIME" type="float"/></accessor></technique_common></source><source id="mixamorig_Hips-Matrix-animation-output-transform"><float_array id="mixamorig_Hips-Matrix-animation-output-transform-array" count="1168">

0.049898 0.058520 -0.009585 2.168688 0.002805 0.010183 0.076777 1.998993 0.059233 -0.049780 0.004438 -1.557893 0.000000 0.000000 0.000000 1.000000
0.048546 0.059661 -0.009491 2.208032 0.003062 0.009730 0.076826 1.986428 0.060333 -0.048499 0.003738 -1.507786 0.000000 0.000000 0.000000 1.000000
0.046344 0.061444 -0.009122 2.267133 0.003266 0.008955 0.076912 1.965270 0.062031 -0.046376 0.002766 -1.427100 0.000000 0.000000 0.000000 1.000000
0.043317 0.063697 -0.008519 2.338736 0.003083 0.008202 0.077003 1.946436 0.064190 -0.043378 0.002050 -1.319617 0.000000 0.000000 0.000000 1.000000
0.039400 0.066251 -0.008042 2.420163 0.002831 0.007672 0.077067 1.935577 0.066677 -0.039474 0.001480 -1.183335 0.000000 0.000000 0.000000 1.000000
0.034301 0.069034 -0.008002 2.510557 0.002734 0.007576 0.077080 1.938167 0.069442 -0.034398 0.000918 -1.009921 0.000000 0.000000 0.000000 1.000000
0.029535 0.071052 -0.009253 2.577963 0.002919 0.008807 0.076943 1.991261 0.071592 -0.029671 0.000681 -0.849382 0.000000 0.000000 0.000000 1.000000
0.026455 0.072023 -0.010910 2.614374 0.003312 0.010406 0.076727 2.059223 0.072769 -0.026658 0.000475 -0.753704 0.000000 0.000000 0.000000 1.000000
0.025110 0.072128 -0.013163 2.630394 0.004078 0.012518 0.076373 2.144624 0.073206 -0.025438 0.000261 -0.717321 0.000000 0.000000 0.000000 1.000000
0.024547 0.071974 -0.014949 2.642878 0.004888 0.014127 0.076045 2.204988 0.073347 -0.025029 -0.000065 -0.696748 0.000000 0.000000 0.000000 1.000000
0.023765 0.071921 -0.016396 2.661925 0.005473 0.015460 0.075745 2.263500 0.073563 -0.024385 -0.000338 -0.694045 0.000000 0.000000 0.000000 1.000000
0.022616 0.072057 -0.017395 2.695586 0.005623 0.016466 0.075521 2.303574 0.073913 -0.023301 -0.000423 -0.696973 0.000000 0.000000 0.000000 1.000000
0.022597 0.071679 -0.018914 2.747890 0.006113 0.017904 0.075155 2.337578 0.073880 -0.023405 -0.000433 -0.737496 0.000000 0.000000 0.000000 1.000000
0.024570 0.070650 -0.020275 2.796888 0.006087 0.019349 0.074798 2.365337 0.073250 -0.025306 0.000585 -0.843269 0.000000 0.000000 0.000000 1.000000
0.028060 0.068941 -0.021588 2.830809 0.005311 0.021128 0.074375 2.402792 0.072046 -0.028408 0.002925 -0.983199 0.000000 0.000000 0.000000 1.000000
0.032717 0.066418 -0.022902 2.812988 0.004738 0.023120 0.073819 2.459441 0.070095 -0.032564 0.005700 -1.149234 0.000000 0.000000 0.000000 1.000000
0.038720 0.062703 -0.023985 2.736996 0.005390 0.024696 0.073262 2.510283 0.066917 -0.038271 0.007977 -1.348044 0.000000 0.000000 0.000000 1.000000
0.046129 0.057191 -0.024649 2.594494 0.006812 0.025856 0.072741 2.549267 0.061903 -0.045463 0.010363 -1.591712 0.000000 0.000000 0.000000 1.000000
0.054992 0.048995 -0.024117 2.333643 0.008900 0.025727 0.072561 2.545024 0.053879 -0.054257 0.012628 -1.903946 0.000000 0.000000 0.000000 1.000000
0.062637 0.039280 -0.023235 2.001747 0.011218 0.024995 0.072496 2.510317 0.044238 -0.061956 0.014515 -2.189063 0.000000 0.000000 0.000000 1.000000
0.068664 0.029291 -0.020821 1.644154 0.012827 0.021969 0.073206 2.383815 0.033570 -0.068305 0.014617 -2.425018 0.000000 0.000000 0.000000 1.000000
0.073216 0.018172 -0.017761 1.236222 0.013673 0.017484 0.074254 2.195227 0.021417 -0.073283 0.013312 -2.603796 0.000000 0.000000 0.000000 1.000000
0.075970 0.005146 -0.014435 0.769609 0.013509 0.011976 0.075368 1.953240 0.007235 -0.076396 0.010843 -2.690176 0.000000 0.000000 0.000000 1.000000
0.076156 -0.007640 -0.012169 0.304615 0.012864 0.007005 0.076103 1.728426 -0.006402 -0.076804 0.008152 -2.682791 0.000000 0.000000 0.000000 1.000000
0.070745 -0.029692 -0.010946 -0.498780 0.010884 -0.002340 0.076696 1.298613 -0.029715 -0.071548 0.002034 -2.458574 0.000000 0.000000 0.000000 1.000000
0.062454 -0.044174 -0.012425 -0.987520 0.009589 -0.007958 0.076492 1.027627 -0.044875 -0.063179 -0.000947 -2.102277 0.000000 0.000000 0.000000 1.000000
0.058547 -0.048735 -0.014264 -1.128956 0.008552 -0.011997 0.076087 0.850530 -0.050054 -0.059053 -0.003685 -1.937588 0.000000 0.000000 0.000000 1.000000
0.058977 -0.047240 -0.017214 -1.037499 0.009787 -0.015240 0.075354 0.745073 -0.049317 -0.059518 -0.005632 -1.934744 0.000000 0.000000 0.000000 1.000000
0.056695 -0.048821 -0.020211 -1.077176 0.012143 -0.016813 0.074674 0.650671 -0.051425 -0.057794 -0.004650 -1.867506 0.000000 0.000000 0.000000 1.000000
0.050215 -0.054963 -0.021536 -1.359050 0.012230 -0.017975 0.074388 0.576099 -0.057751 -0.051597 -0.002973 -1.688628 0.000000 0.000000 0.000000 1.000000
0.045055 -0.058957 -0.022370 -1.571172 0.012550 -0.018560 0.074191 0.535103 -0.061796 -0.046754 -0.001243 -1.560312 0.000000 0.000000 0.000000 1.000000
0.041970 -0.061092 -0.022640 -1.660930 0.014193 -0.017711 0.074102 0.519241 -0.063587 -0.044276 0.001597 -1.478455 0.000000 0.000000 0.000000 1.000000
0.038645 -0.063448 -0.022073 -1.771311 0.015028 -0.016655 0.074182 0.514723 -0.065475 -0.041271 0.003998 -1.387037 0.000000 0.000000 0.000000 1.000000
0.036684 -0.064733 -0.021683 -1.832835 0.014963 -0.016393 0.074254 0.482830 -0.066608 -0.039334 0.004738 -1.321377 0.000000 0.000000 0.000000 1.000000
0.035105 -0.065685 -0.021433 -1.878885 0.014660 -0.016413 0.074310 0.449466 -0.067520 -0.037714 0.004991 -1.266867 0.000000 0.000000 0.000000 1.000000
0.034792 -0.066045 -0.020828 -1.900055 0.014084 -0.016073 0.074495 0.442363 -0.067804 -0.037228 0.004787 -1.248900 0.000000 0.000000 0.000000 1.000000
0.035627 -0.065836 -0.020064 -1.898395 0.013666 -0.015376 0.074720 0.465116 -0.067455 -0.037887 0.004540 -1.268193 0.000000 0.000000 0.000000 1.000000
0.036888 -0.065463 -0.018977 -1.892122 0.012964 -0.014446 0.075030 0.504170 -0.066914 -0.038886 0.004075 -1.301179 0.000000 0.000000 0.000000 1.000000
0.038416 -0.064884 -0.017902 -1.875100 0.012116 -0.013609 0.075327 0.548351 -0.066209 -0.040138 0.003398 -1.344053 0.000000 0.000000 0.000000 1.000000
0.041101 -0.063468 -0.016993 -1.822099 0.011399 -0.012852 0.075572 0.597851 -0.064707 -0.042578 0.002519 -1.426834 0.000000 0.000000 0.000000 1.000000
0.044468 -0.061327 -0.016367 -1.737945 0.010603 -0.012526 0.075743 0.643758 -0.062581 -0.045699 0.001203 -1.532458 0.000000 0.000000 0.000000 1.000000
0.048285 -0.058572 -0.015624 -1.627902 0.009791 -0.012178 0.075908 0.703673 -0.059824 -0.049268 -0.000188 -1.652906 0.000000 0.000000 0.000000 1.000000
0.052816 -0.054865 -0.014369 -1.483282 0.009103 -0.011180 0.076147 0.797154 -0.055981 -0.053582 -0.001175 -1.797398 0.000000 0.000000 0.000000 1.000000
0.057650 -0.050166 -0.012887 -1.302366 0.008337 -0.010045 0.076393 0.901670 -0.051119 -0.058213 -0.002076 -1.951040 0.000000 0.000000 0.000000 1.000000
0.062354 -0.044660 -0.011121 -1.097358 0.007451 -0.008684 0.076651 1.021964 -0.045417 -0.062740 -0.002693 -2.104728 0.000000 0.000000 0.000000 1.000000
0.067010 -0.037795 -0.009350 -0.844994 0.006721 -0.007104 0.076881 1.144667 -0.038350 -0.067285 -0.002865 -2.269370 0.000000 0.000000 0.000000 1.000000
0.071410 -0.029168 -0.007489 -0.534138 0.005813 -0.005560 0.077081 1.268700 -0.029548 -0.071586 -0.002935 -2.430348 0.000000 0.000000 0.000000 1.000000
0.075006 -0.018749 -0.005367 -0.169100 0.004562 -0.003866 0.077269 1.389286 -0.018961 -0.075099 -0.002638 -2.564676 0.000000 0.000000 0.000000 1.000000
0.077037 -0.007783 -0.003324 0.238205 0.003090 -0.002473 0.077399 1.484934 -0.007879 -0.077069 -0.002148 -2.641253 0.000000 0.000000 0.000000 1.000000
0.077407 0.003113 -0.002175 0.632778 0.002209 -0.000794 0.077464 1.582656 0.003090 -0.077433 -0.000881 -2.650968 0.000000 0.000000 0.000000 1.000000
0.076227 0.013884 -0.001722 1.013471 0.001610 0.000770 0.077479 1.663804 0.013898 -0.076242 0.000469 -2.610893 0.000000 0.000000 0.000000 1.000000
0.074075 0.022712 -0.001809 1.316150 0.001396 0.001618 0.077471 1.700952 0.022741 -0.074080 0.001138 -2.554301 0.000000 0.000000 0.000000 1.000000
0.071664 0.029447 -0.001842 1.541494 0.001306 0.001667 0.077471 1.707666 0.029476 -0.071668 0.001045 -2.482359 0.000000 0.000000 0.000000 1.000000
0.069310 0.034643 -0.001489 1.707305 0.001260 0.000811 0.077486 1.683775 0.034652 -0.069322 0.000162 -2.393442 0.000000 0.000000 0.000000 1.000000
0.066734 0.039389 -0.001175 1.856066 0.001286 0.000134 0.077489 1.658537 0.039386 -0.066744 -0.000539 -2.304742 0.000000 0.000000 0.000000 1.000000
0.063987 0.043718 -0.000839 1.979218 0.001335 -0.000467 0.077487 1.639204 0.043705 -0.063991 -0.001139 -2.199876 0.000000 0.000000 0.000000 1.000000
0.061314 0.047394 -0.000817 2.047954 0.002040 -0.001304 0.077462 1.622338 0.047357 -0.061306 -0.002279 -2.088832 0.000000 0.000000 0.000000 1.000000
0.058789 0.050489 -0.001018 2.086812 0.002588 -0.001452 0.077443 1.624056 0.050433 -0.058779 -0.002787 -1.976003 0.000000 0.000000 0.000000 1.000000
0.056588 0.052929 -0.001593 2.099527 0.002895 -0.000765 0.077442 1.651932 0.052874 -0.056605 -0.002535 -1.872549 0.000000 0.000000 0.000000 1.000000
0.054240 0.055308 -0.002279 2.112784 0.003178 0.000074 0.077435 1.688788 0.055264 -0.054288 -0.002217 -1.766473 0.000000 0.000000 0.000000 1.000000
0.051493 0.057819 -0.003413 2.148936 0.003394 0.001547 0.077410 1.744055 0.057820 -0.051583 -0.001504 -1.647085 0.000000 0.000000 0.000000 1.000000
0.049501 0.059441 -0.004764 2.178004 0.003524 0.003265 0.077351 1.803519 0.059527 -0.049622 -0.000617 -1.560522 0.000000 0.000000 0.000000 1.000000
0.048708 0.060014 -0.005669 2.191173 0.003313 0.004612 0.077292 1.842834 0.060190 -0.048819 0.000334 -1.519054 0.000000 0.000000 0.000000 1.000000
0.048729 0.059902 -0.006601 2.183517 0.003213 0.005894 0.077209 1.881879 0.060179 -0.048819 0.001223 -1.513339 0.000000 0.000000 0.000000 1.000000
0.048566 0.059946 -0.007359 2.182483 0.003040 0.007005 0.077123 1.916227 0.060319 -0.048618 0.002039 -1.505361 0.000000 0.000000 0.000000 1.000000
0.048462 0.059967 -0.007850 2.184310 0.002784 0.007836 0.077053 1.941322 0.060414 -0.048465 0.002745 -1.504150 0.000000 0.000000 0.000000 1.000000
0.048586 0.059814 -0.008247 2.183378 0.002683 0.008436 0.076993 1.958018 0.060320 -0.048553 0.003218 -1.509793 0.000000 0.000000 0.000000 1.000000
0.048809 0.059580 -0.008613 2.181182 0.002646 0.008954 0.076935 1.971537 0.060141 -0.048747 0.003605 -1.518497 0.000000 0.000000 0.000000 1.000000
0.049087 0.059303 -0.008936 2.178182 0.002656 0.009387 0.076884 1.982080 0.059914 -0.049003 0.003913 -1.528848 0.000000 0.000000 0.000000 1.000000
0.049379 0.059019 -0.009205 2.174884 0.002694 0.009730 0.076840 1.989858 0.059672 -0.049278 0.004147 -1.539398 0.000000 0.000000 0.000000 1.000000
0.049639 0.058768 -0.009409 2.171821 0.002744 0.009979 0.076806 1.995100 0.059453 -0.049528 0.004311 -1.548714 0.000000 0.000000 0.000000 1.000000
0.049826 0.058588 -0.009539 2.169564 0.002787 0.010131 0.076784 1.998059 0.059294 -0.049709 0.004407 -1.555359 0.000000 0.000000 0.000000 1.000000
0.049898 0.058520 -0.009585 2.168689 0.002805 0.010183 0.076777 1.998992 0.059233 -0.049780 0.004438 -1.557896 0.000000 0.000000 0.000000 1.000000</float_array><technique_common><accessor source="#mixamorig_Hips-Matrix-animation-output-transform-array" count="73" stride="16"><param type="float4x4"/></accessor></technique_common></source><source id="mixamorig_Hips-Interpolations"><Name_array id="mixamorig_Hips-Interpolations-array" count="73">
 LINEAR LINEAR LINEAR LINEAR LINEAR LINEAR LINEAR LINEAR LINEAR LINEAR LINEAR
LINEAR LINEAR LINEAR LINEAR LINEAR LINEAR LINEAR LINEAR LINEAR LINEAR LINEAR LINEAR
LINEAR LINEAR LINEAR LINEAR LINEAR LINEAR LINEAR LINEAR LINEAR LINEAR LINEAR LINEAR
LINEAR LINEAR LINEAR LINEAR LINEAR LINEAR LINEAR LINEAR LINEAR LINEAR LINEAR LINEAR
LINEAR LINEAR LINEAR LINEAR LINEAR LINEAR LINEAR LINEAR LINEAR LINEAR LINEAR LINEAR
LINEAR LINEAR LINEAR LINEAR LINEAR LINEAR LINEAR LINEAR LINEAR LINEAR LINEAR LINEAR
LINEAR LINEAR</Name_array><technique_common><accessor source="#mixamorig_Hips-Interpolations-array" count="73"><param type="name"/></accessor></technique_common></source><sampler id="mixamorig_Hips-Matrix-animation-transform"><input semantic="INPUT" source="#mixamorig_Hips-Matrix-animation-input"/><input semantic="OUTPUT" source="#mixamorig_Hips-Matrix-animation-output-transform"/><input semantic="INTERPOLATION" source="#mixamorig_Hips-Interpolations"/></sampler><channel source="#mixamorig_Hips-Matrix-animation-transform" target="mixamorig_Hips/matrix"/></animation>
    <animation id="mixamorig_Spine-anim" name="mixamorig_Spine"><source id="mixamorig_Spine-Matrix-animation-input"><float_array id="mixamorig_Spine-Matrix-animation-input-array" count="73">

0.000000 0.033333 0.066667 0.100000 0.133333 0.166667 0.200000 0.233333 0.266667 0.300000 0.333333 0.366667 0.400000 0.433333 0.466667 0.500000
0.533333 0.566667 0.600000 0.633333 0.666667 0.700000 0.733333 0.766667 0.800000 0.833333 0.866667 0.900000 0.933333 0.966667 1.000000 1.033333
1.066667 1.100000 1.133333 1.166667 1.200000 1.233333 1.266667 1.300000 1.333333 1.366667 1.400000 1.433333 1.466667 1.500000 1.533333 1.566667
1.600000 1.633333 1.666667 1.700000 1.733333 1.766667 1.800000 1.833333 1.866667 1.900000 1.933333 1.966667 2.000000 2.033333 2.066667 2.100000
2.133333 2.166667 2.200000 2.233333 2.266667 2.300000 2.333333 2.366667 2.400000</float_array><technique_common><accessor source="#mixamorig_Spine-Matrix-animation-input-array" count="73"><param name="TIME" type="float"/></accessor></technique_common></source><source id="mixamorig_Spine-Matrix-animation-output-transform"><float_array id="mixamorig_Spine-Matrix-animation-output-transform-array" count="1168">

0.998677 -0.045281 0.024350 -0.001300 0.047268 0.994964 -0.088393 5.330800 -0.020225 0.089427 0.995788 5.235500 0.000000 0.000000 0.000000 1.000000
0.998631 -0.046329 0.024290 -0.001300 0.048289 0.994990 -0.087540 5.330800 -0.020113 0.088593 0.995865 5.235500 0.000000 0.000000 0.000000 1.000000
0.998707 -0.044844 0.023935 -0.001300 0.046788 0.995023 -0.087980 5.330800 -0.019871 0.088987 0.995835 5.235500 0.000000 0.000000 0.000000 1.000000
0.998920 -0.040226 0.023261 -0.001300 0.042145 0.995147 -0.088912 5.330800 -0.019571 0.089796 0.995768 5.235500 0.000000 0.000000 0.000000 1.000000
0.999170 -0.033935 0.022554 -0.001300 0.035833 0.995307 -0.089893 5.330800 -0.019398 0.090627 0.995696 5.235500 0.000000 0.000000 0.000000 1.000000
0.999352 -0.028415 0.022088 -0.001300 0.030301 0.995448 -0.090364 5.330800 -0.019420 0.090975 0.995664 5.235500 0.000000 0.000000 0.000000 1.000000
0.999526 -0.020123 0.023282 -0.001300 0.022124 0.995772 -0.089151 5.330800 -0.021389 0.089624 0.995746 5.235500 0.000000 0.000000 0.000000 1.000000
0.999686 -0.008245 0.023680 -0.001300 0.010309 0.996033 -0.088388 5.330800 -0.022857 0.088604 0.995805 5.235500 0.000000 0.000000 0.000000 1.000000
0.999723 0.005208 0.022957 -0.001300 -0.003187 0.996185 -0.087213 5.330800 -0.023323 0.087116 0.995925 5.235500 0.000000 0.000000 0.000000 1.000000
0.999673 0.014810 0.020847 -0.001300 -0.012940 0.996114 -0.087115 5.330800 -0.022056 0.086817 0.995980 5.235500 0.000000 0.000000 0.000000 1.000000
0.999617 0.018931 0.020169 -0.001300 -0.017082 0.995960 -0.088161 5.330800 -0.021757 0.087783 0.995902 5.235500 0.000000 0.000000 0.000000 1.000000
0.999614 0.019439 0.019864 -0.001300 -0.017541 0.995640 -0.091616 5.330800 -0.021559 0.091232 0.995596 5.235500 0.000000 0.000000 0.000000 1.000000
0.999602 0.022413 0.017136 -0.001300 -0.020683 0.995241 -0.095228 5.330800 -0.019189 0.094836 0.995308 5.235500 0.000000 0.000000 0.000000 1.000000
0.999473 0.031037 0.009459 -0.001300 -0.029947 0.994611 -0.099262 5.330800 -0.012489 0.098926 0.995016 5.235500 0.000000 0.000000 0.000000 1.000000
0.999107 0.042118 -0.003296 -0.001300 -0.042234 0.993821 -0.102650 5.330800 -0.001048 0.102697 0.994712 5.235500 0.000000 0.000000 0.000000 1.000000
0.998603 0.050140 -0.016666 -0.001300 -0.051608 0.993218 -0.104189 5.330800 0.011329 0.104904 0.994418 5.235500 0.000000 0.000000 0.000000 1.000000
0.998036 0.056326 -0.027428 -0.001300 -0.058895 0.992813 -0.104182 5.330800 0.021363 0.105593 0.994180 5.235500 0.000000 0.000000 0.000000 1.000000
0.997284 0.063123 -0.037962 -0.001300 -0.066684 0.992618 -0.101301 5.330800 0.031287 0.103558 0.994131 5.235500 0.000000 0.000000 0.000000 1.000000
0.996283 0.070812 -0.049054 -0.001300 -0.075253 0.992578 -0.095534 5.330800 0.041925 0.098870 0.994217 5.235500 0.000000 0.000000 0.000000 1.000000
0.995295 0.077483 -0.058180 -0.001300 -0.082324 0.992887 -0.086017 5.330800 0.051101 0.090402 0.994593 5.235500 0.000000 0.000000 0.000000 1.000000
0.994853 0.079352 -0.063020 -0.001300 -0.084218 0.993333 -0.078725 5.330800 0.056353 0.083627 0.994902 5.235500 0.000000 0.000000 0.000000 1.000000
0.994623 0.078959 -0.067010 -0.001300 -0.083702 0.993944 -0.071199 5.330800 0.060982 0.076425 0.995209 5.235500 0.000000 0.000000 0.000000 1.000000
0.994998 0.071524 -0.069738 -0.001300 -0.075926 0.995143 -0.062658 5.330800 0.064918 0.067640 0.995596 5.235500 0.000000 0.000000 0.000000 1.000000
0.996171 0.054512 -0.068352 -0.001300 -0.058258 0.996837 -0.054056 5.330800 0.065189 0.057831 0.996196 5.235500 0.000000 0.000000 0.000000 1.000000
0.997590 0.029421 -0.062842 -0.001300 -0.032442 0.998339 -0.047614 5.330800 0.061336 0.049538 0.996887 5.235500 0.000000 0.000000 0.000000 1.000000
0.998147 -0.007533 -0.060382 -0.001300 0.005051 0.999140 -0.041160 5.330800 0.060640 0.040779 0.997326 5.235500 0.000000 0.000000 0.000000 1.000000
0.997024 -0.044229 -0.063148 -0.001300 0.041665 0.998275 -0.041354 5.330800 0.064869 0.038600 0.997147 5.235500 0.000000 0.000000 0.000000 1.000000
0.995046 -0.073829 -0.066573 -0.001300 0.070961 0.996487 -0.044466 5.330800 0.069622 0.039522 0.996790 5.235500 0.000000 0.000000 0.000000 1.000000
0.992247 -0.101792 -0.071307 -0.001300 0.098739 0.994090 -0.045121 5.330800 0.075479 0.037730 0.996433 5.235500 0.000000 0.000000 0.000000 1.000000
0.989835 -0.117971 -0.079434 -0.001300 0.114823 0.992450 -0.043107 5.330800 0.083920 0.033548 0.995908 5.235500 0.000000 0.000000 0.000000 1.000000
0.988923 -0.127938 -0.075257 -0.001300 0.124647 0.991091 -0.046930 5.330800 0.080590 0.037029 0.996059 5.235500 0.000000 0.000000 0.000000 1.000000
0.986500 -0.149675 -0.066451 -0.001300 0.146053 0.987667 -0.056405 5.330800 0.074074 0.045938 0.996194 5.235500 0.000000 0.000000 0.000000 1.000000
0.984034 -0.168068 -0.058574 -0.001300 0.164117 0.984177 -0.066790 5.330800 0.068872 0.056111 0.996046 5.235500 0.000000 0.000000 0.000000 1.000000
0.982535 -0.178210 -0.053538 -0.001300 0.173759 0.981638 -0.078702 5.330800 0.066581 0.068025 0.995459 5.235500 0.000000 0.000000 0.000000 1.000000
0.981824 -0.183161 -0.049733 -0.001300 0.178257 0.979887 -0.089695 5.330800 0.065162 0.079199 0.994727 5.235500 0.000000 0.000000 0.000000 1.000000
0.982306 -0.181296 -0.046975 -0.001300 0.176013 0.979378 -0.099185 5.330800 0.063988 0.089162 0.993960 5.235500 0.000000 0.000000 0.000000 1.000000
0.984121 -0.172664 -0.041139 -0.001300 0.167585 0.980231 -0.105176 5.330800 0.058486 0.096611 0.993602 5.235500 0.000000 0.000000 0.000000 1.000000
0.986042 -0.162624 -0.035703 -0.001300 0.157940 0.981467 -0.108524 5.330800 0.052690 0.101371 0.993452 5.235500 0.000000 0.000000 0.000000 1.000000
0.988374 -0.148565 -0.032342 -0.001300 0.144162 0.983286 -0.111199 5.330800 0.048322 0.105244 0.993272 5.235500 0.000000 0.000000 0.000000 1.000000
0.990555 -0.133670 -0.030553 -0.001300 0.129418 0.985045 -0.113739 5.330800 0.045300 0.108711 0.993041 5.235500 0.000000 0.000000 0.000000 1.000000
0.992479 -0.118680 -0.030013 -0.001300 0.114522 0.986757 -0.114869 5.330800 0.043248 0.110568 0.992927 5.235500 0.000000 0.000000 0.000000 1.000000
0.994038 -0.104525 -0.031021 -0.001300 0.100375 0.988399 -0.113987 5.330800 0.042576 0.110194 0.992998 5.235500 0.000000 0.000000 0.000000 1.000000
0.995413 -0.090236 -0.031777 -0.001300 0.086156 0.989936 -0.112271 5.330800 0.041588 0.109018 0.993169 5.235500 0.000000 0.000000 0.000000 1.000000
0.996544 -0.076619 -0.032094 -0.001300 0.072633 0.991169 -0.110942 5.330800 0.040311 0.108228 0.993309 5.235500 0.000000 0.000000 0.000000 1.000000
0.997512 -0.062885 -0.031855 -0.001300 0.059095 0.992341 -0.108475 5.330800 0.038433 0.106323 0.993589 5.235500 0.000000 0.000000 0.000000 1.000000
0.998225 -0.050856 -0.031002 -0.001300 0.047295 0.993197 -0.106413 5.330800 0.036203 0.104758 0.993839 5.235500 0.000000 0.000000 0.000000 1.000000
0.998520 -0.044842 -0.030762 -0.001300 0.041327 0.993436 -0.106660 5.330800 0.035343 0.105230 0.993820 5.235500 0.000000 0.000000 0.000000 1.000000
0.998777 -0.040522 -0.028316 -0.001300 0.037304 0.993646 -0.106184 5.330800 0.032439 0.104998 0.993943 5.235500 0.000000 0.000000 0.000000 1.000000
0.999048 -0.036071 -0.024523 -0.001300 0.033246 0.993683 -0.107188 5.330800 0.028234 0.106271 0.993936 5.235500 0.000000 0.000000 0.000000 1.000000
0.999225 -0.035002 -0.017986 -0.001300 0.032911 0.993855 -0.105681 5.330800 0.021574 0.105008 0.994237 5.235500 0.000000 0.000000 0.000000 1.000000
0.999292 -0.036256 -0.010018 -0.001300 0.035040 0.994112 -0.102539 5.330800 0.013676 0.102116 0.994679 5.235500 0.000000 0.000000 0.000000 1.000000
0.999388 -0.034930 -0.001672 -0.001300 0.034590 0.994416 -0.099700 5.330800 0.005145 0.099582 0.995016 5.235500 0.000000 0.000000 0.000000 1.000000
0.999488 -0.031733 0.004129 -0.001300 0.031983 0.994835 -0.096331 5.330800 -0.001051 0.096414 0.995341 5.235500 0.000000 0.000000 0.000000 1.000000
0.999662 -0.024886 0.007472 -0.001300 0.025483 0.995179 -0.094707 5.330800 -0.005080 0.094865 0.995477 5.235500 0.000000 0.000000 0.000000 1.000000
0.999773 -0.019560 0.008495 -0.001300 0.020259 0.995548 -0.092053 5.330800 -0.006657 0.092204 0.995718 5.235500 0.000000 0.000000 0.000000 1.000000
0.999818 -0.016565 0.009466 -0.001300 0.017350 0.995799 -0.089903 5.330800 -0.007937 0.090051 0.995906 5.235500 0.000000 0.000000 0.000000 1.000000
0.999810 -0.015074 0.012380 -0.001300 0.016121 0.995875 -0.089292 5.330800 -0.010983 0.089475 0.995929 5.235500 0.000000 0.000000 0.000000 1.000000
0.999793 -0.013726 0.015035 -0.001300 0.015002 0.995974 -0.088377 5.330800 -0.013761 0.088585 0.995974 5.235500 0.000000 0.000000 0.000000 1.000000
0.999795 -0.012158 0.016201 -0.001300 0.013508 0.996207 -0.085962 5.330800 -0.015095 0.086163 0.996167 5.235500 0.000000 0.000000 0.000000 1.000000
0.999759 -0.012916 0.017763 -0.001300 0.014364 0.996368 -0.083927 5.330800 -0.016615 0.084162 0.996314 5.235500 0.000000 0.000000 0.000000 1.000000
0.999663 -0.017341 0.019317 -0.001300 0.018863 0.996482 -0.081653 5.330800 -0.017833 0.081990 0.996474 5.235500 0.000000 0.000000 0.000000 1.000000
0.999563 -0.021083 0.020735 -0.001300 0.022686 0.996507 -0.080368 5.330800 -0.018968 0.080803 0.996550 5.235500 0.000000 0.000000 0.000000 1.000000
0.999503 -0.024105 0.020317 -0.001300 0.025675 0.996387 -0.080953 5.330800 -0.018292 0.081435 0.996511 5.235500 0.000000 0.000000 0.000000 1.000000
0.999429 -0.026842 0.020515 -0.001300 0.028425 0.996293 -0.081194 5.330800 -0.018259 0.081731 0.996487 5.235500 0.000000 0.000000 0.000000 1.000000
0.999287 -0.031033 0.021525 -0.001300 0.032671 0.996224 -0.080444 5.330800 -0.018948 0.081090 0.996527 5.235500 0.000000 0.000000 0.000000 1.000000
0.999160 -0.034538 0.022057 -0.001300 0.036205 0.996114 -0.080284 5.330800 -0.019198 0.081015 0.996528 5.235500 0.000000 0.000000 0.000000 1.000000
0.999053 -0.037194 0.022570 -0.001300 0.038911 0.995942 -0.081151 5.330800 -0.019460 0.081952 0.996446 5.235500 0.000000 0.000000 0.000000 1.000000
0.998952 -0.039542 0.023059 -0.001300 0.041318 0.995737 -0.082472 5.330800 -0.019699 0.083338 0.996327 5.235500 0.000000 0.000000 0.000000 1.000000
0.998861 -0.041535 0.023488 -0.001300 0.043371 0.995519 -0.084029 5.330800 -0.019892 0.084952 0.996186 5.235500 0.000000 0.000000 0.000000 1.000000
0.998785 -0.043135 0.023846 -0.001300 0.045029 0.995310 -0.085615 5.330800 -0.020041 0.086584 0.996043 5.235500 0.000000 0.000000 0.000000 1.000000
0.998727 -0.044312 0.024117 -0.001300 0.046253 0.995133 -0.087015 5.330800 -0.020144 0.088020 0.995915 5.235500 0.000000 0.000000 0.000000 1.000000
0.998690 -0.045035 0.024291 -0.001300 0.047010 0.995009 -0.088013 5.330800 -0.020206 0.089040 0.995823 5.235500 0.000000 0.000000 0.000000 1.000000
0.998677 -0.045283 0.024350 -0.001300 0.047269 0.994964 -0.088392 5.330800 -0.020224 0.089426 0.995788 5.235500 0.000000 0.000000 0.000000 1.000000</float_array><technique_common><accessor source="#mixamorig_Spine-Matrix-animation-output-transform-array" count="73" stride="16"><param type="float4x4"/></accessor></technique_common></source><source id="mixamorig_Spine-Interpolations"><Name_array id="mixamorig_Spine-Interpolations-array" count="73">
 LINEAR LINEAR LINEAR LINEAR LINEAR LINEAR LINEAR LINEAR LINEAR LINEAR LINEAR
LINEAR LINEAR LINEAR LINEAR LINEAR LINEAR LINEAR LINEAR LINEAR LINEAR LINEAR LINEAR
LINEAR LINEAR LINEAR LINEAR LINEAR LINEAR LINEAR LINEAR LINEAR LINEAR LINEAR LINEAR
LINEAR LINEAR LINEAR LINEAR LINEAR LINEAR LINEAR LINEAR LINEAR LINEAR LINEAR LINEAR
LINEAR LINEAR LINEAR LINEAR LINEAR LINEAR LINEAR LINEAR LINEAR LINEAR LINEAR LINEAR
LINEAR LINEAR LINEAR LINEAR LINEAR LINEAR LINEAR LINEAR LINEAR LINEAR LINEAR LINEAR
LINEAR LINEAR</Name_array><technique_common><accessor source="#mixamorig_Spine-Interpolations-array" count="73"><param type="name"/></accessor></technique_common></source><sampler id="mixamorig_Spine-Matrix-animation-transform"><input semantic="INPUT" source="#mixamorig_Spine-Matrix-animation-input"/><input semantic="OUTPUT" source="#mixamorig_Spine-Matrix-animation-output-transform"/><input semantic="INTERPOLATION" source="#mixamorig_Spine-Interpolations"/></sampler><channel source="#mixamorig_Spine-Matrix-animation-transform" target="mixamorig_Spine/matrix"/></animation>
    <animation id="mixamorig_Spine1-anim" name="mixamorig_Spine1"><source id="mixamorig_Spine1-Matrix-animation-input"><float_array id="mixamorig_Spine1-Matrix-animation-input-array" count="73">

0.000000 0.033333 0.066667 0.100000 0.133333 0.166667 0.200000 0.233333 0.266667 0.300000 0.333333 0.366667 0.400000 0.433333 0.466667 0.500000
0.533333 0.566667 0.600000 0.633333 0.666667 0.700000 0.733333 0.766667 0.800000 0.833333 0.866667 0.900000 0.933333 0.966667 1.000000 1.033333
1.066667 1.100000 1.133333 1.166667 1.200000 1.233333 1.266667 1.300000 1.333333 1.366667 1.400000 1.433333 1.466667 1.500000 1.533333 1.566667
1.600000 1.633333 1.666667 1.700000 1.733333 1.766667 1.800000 1.833333 1.866667 1.900000 1.933333 1.966667 2.000000 2.033333 2.066667 2.100000
2.133333 2.166667 2.200000 2.233333 2.266667 2.300000 2.333333 2.366667 2.400000</float_array><technique_common><accessor source="#mixamorig_Spine1-Matrix-animation-input-array" count="73"><param name="TIME" type="float"/></accessor></technique_common></source><source id="mixamorig_Spine1-Matrix-animation-output-transform"><float_array id="mixamorig_Spine1-Matrix-animation-output-transform-array" count="1168">

0.992503 -0.104036 0.064151 0.089900 0.110072 0.988969 -0.099115 5.334800 -0.053132 0.105433 0.993006 12.552700 0.000000 0.000000 0.000000 1.000000
0.992682 -0.102786 0.063379 0.089900 0.108666 0.989273 -0.097628 5.334800 -0.052665 0.103801 0.993203 12.552700 0.000000 0.000000 0.000000 1.000000
0.993581 -0.094263 0.062544 0.089900 0.100158 0.990034 -0.098999 5.334800 -0.052589 0.104628 0.993120 12.552700 0.000000 0.000000 0.000000 1.000000
0.995130 -0.077604 0.060777 0.089900 0.083512 0.991313 -0.101611 5.334800 -0.052364 0.106192 0.992966 12.552700 0.000000 0.000000 0.000000 1.000000
0.996663 -0.055943 0.059445 0.089900 0.061948 0.992593 -0.104504 5.334800 -0.053159 0.107837 0.992746 12.552700 0.000000 0.000000 0.000000 1.000000
0.997624 -0.034188 0.059815 0.089900 0.040432 0.993490 -0.106503 5.334800 -0.055784 0.108668 0.992512 12.552700 0.000000 0.000000 0.000000 1.000000
0.998099 -0.008778 0.061000 0.089900 0.015163 0.994355 -0.105016 5.334800 -0.059734 0.105741 0.992598 12.552700 0.000000 0.000000 0.000000 1.000000
0.997927 0.019914 0.061199 0.089900 -0.013452 0.994460 -0.104247 5.334800 -0.062936 0.103208 0.992667 12.552700 0.000000 0.000000 0.000000 1.000000
0.996941 0.048366 0.061397 0.089900 -0.041903 0.993848 -0.102519 5.334800 -0.065978 0.099633 0.992834 12.552700 0.000000 0.000000 0.000000 1.000000
0.995795 0.067573 0.061860 0.089900 -0.060985 0.992830 -0.102808 5.334800 -0.068363 0.098603 0.992776 12.552700 0.000000 0.000000 0.000000 1.000000
0.995207 0.079491 0.056966 0.089900 -0.073204 0.991770 -0.105036 5.334800 -0.064847 0.100363 0.992835 12.552700 0.000000 0.000000 0.000000 1.000000
0.994978 0.088488 0.046787 0.089900 -0.082810 0.990270 -0.111836 5.334800 -0.056228 0.107400 0.992625 12.552700 0.000000 0.000000 0.000000 1.000000
0.994114 0.102694 0.034517 0.089900 -0.097941 0.988063 -0.118905 5.334800 -0.046316 0.114825 0.992305 12.552700 0.000000 0.000000 0.000000 1.000000
0.992175 0.123564 0.017918 0.089900 -0.120344 0.984651 -0.126412 5.334800 -0.033263 0.123266 0.991816 12.552700 0.000000 0.000000 0.000000 1.000000
0.989768 0.142675 -0.001889 0.089900 -0.141668 0.981029 -0.132336 5.334800 -0.017028 0.131249 0.991203 12.552700 0.000000 0.000000 0.000000 1.000000
0.988006 0.152455 -0.024542 0.089900 -0.154378 0.978833 -0.134364 5.334800 0.003538 0.136541 0.990628 12.552700 0.000000 0.000000 0.000000 1.000000
0.986819 0.155660 -0.044252 0.089900 -0.160258 0.977991 -0.133606 5.334800 0.022481 0.138937 0.990046 12.552700 0.000000 0.000000 0.000000 1.000000
0.986046 0.154507 -0.061982 0.089900 -0.161362 0.978615 -0.127570 5.334800 0.040946 0.135792 0.989891 12.552700 0.000000 0.000000 0.000000 1.000000
0.985867 0.147541 -0.079365 0.089900 -0.156158 0.980854 -0.116359 5.334800 0.060677 0.127108 0.990031 12.552700 0.000000 0.000000 0.000000 1.000000
0.986003 0.137649 -0.094082 0.089900 -0.146785 0.984274 -0.098283 5.334800 0.079074 0.110717 0.990701 12.552700 0.000000 0.000000 0.000000 1.000000
0.987015 0.121659 -0.104887 0.089900 -0.130777 0.987768 -0.084925 5.334800 0.093273 0.097539 0.990851 12.552700 0.000000 0.000000 0.000000 1.000000
0.987462 0.107346 -0.115740 0.089900 -0.116017 0.990708 -0.070972 5.334800 0.107046 0.083510 0.990741 12.552700 0.000000 0.000000 0.000000 1.000000
0.988431 0.088786 -0.122970 0.089900 -0.096101 0.993858 -0.054880 5.334800 0.117342 0.066063 0.990892 12.552700 0.000000 0.000000 0.000000 1.000000
0.990606 0.061323 -0.122225 0.089900 -0.066456 0.997051 -0.038373 5.334800 0.119511 0.046135 0.991760 12.552700 0.000000 0.000000 0.000000 1.000000
0.992872 0.038714 -0.112727 0.089900 -0.041798 0.998810 -0.025124 5.334800 0.111620 0.029656 0.993308 12.552700 0.000000 0.000000 0.000000 1.000000
0.995248 -0.005758 -0.097200 0.089900 0.004508 0.999904 -0.013074 5.334800 0.097266 0.012573 0.995179 12.552700 0.000000 0.000000 0.000000 1.000000
0.992635 -0.071352 -0.097903 0.089900 0.070266 0.997423 -0.014498 5.334800 0.098685 0.007512 0.995090 12.552700 0.000000 0.000000 0.000000 1.000000
0.983776 -0.144304 -0.106586 0.089900 0.142686 0.989508 -0.022692 5.334800 0.108742 0.007116 0.994045 12.552700 0.000000 0.000000 0.000000 1.000000
0.974240 -0.195494 -0.112422 0.089900 0.193865 0.980701 -0.025352 5.334800 0.115209 0.002904 0.993337 12.552700 0.000000 0.000000 0.000000 1.000000
0.968784 -0.211798 -0.128840 0.089900 0.210780 0.977294 -0.021645 5.334800 0.130499 -0.006188 0.991429 12.552700 0.000000 0.000000 0.000000 1.000000
0.964893 -0.229343 -0.127995 0.089900 0.227459 0.973345 -0.029347 5.334800 0.131313 -0.000796 0.991341 12.552700 0.000000 0.000000 0.000000 1.000000
0.957676 -0.266547 -0.108673 0.089900 0.262769 0.963665 -0.047988 5.334800 0.117516 0.017401 0.992919 12.552700 0.000000 0.000000 0.000000 1.000000
0.948552 -0.302015 -0.095056 0.089900 0.296444 0.952595 -0.068434 5.334800 0.111218 0.036734 0.993117 12.552700 0.000000 0.000000 0.000000 1.000000
0.944074 -0.318967 -0.083572 0.089900 0.311451 0.945835 -0.091622 5.334800 0.108270 0.060469 0.992281 12.552700 0.000000 0.000000 0.000000 1.000000
0.943042 -0.324336 -0.074016 0.089900 0.315216 0.942283 -0.112876 5.334800 0.106354 0.083116 0.990848 12.552700 0.000000 0.000000 0.000000 1.000000
0.943444 -0.324411 -0.068345 0.089900 0.313834 0.940352 -0.131322 5.334800 0.106871 0.102445 0.988981 12.552700 0.000000 0.000000 0.000000 1.000000
0.946273 -0.318062 -0.058346 0.089900 0.307457 0.940845 -0.142409 5.334800 0.100190 0.116819 0.988087 12.552700 0.000000 0.000000 0.000000 1.000000
0.949584 -0.309489 -0.050062 0.089900 0.299380 0.942547 -0.148247 5.334800 0.093066 0.125786 0.987682 12.552700 0.000000 0.000000 0.000000 1.000000
0.955006 -0.293020 -0.045865 0.089900 0.283160 0.946805 -0.152910 5.334800 0.088231 0.133043 0.987175 12.552700 0.000000 0.000000 0.000000 1.000000
0.960791 -0.273685 -0.044468 0.089900 0.263788 0.951636 -0.157497 5.334800 0.085422 0.139592 0.986518 12.552700 0.000000 0.000000 0.000000 1.000000
0.966125 -0.253900 -0.046223 0.089900 0.243776 0.956633 -0.159454 5.334800 0.084704 0.142785 0.986123 12.552700 0.000000 0.000000 0.000000 1.000000
0.970357 -0.236078 -0.051712 0.089900 0.225499 0.961406 -0.157637 5.334800 0.086931 0.141304 0.986142 12.552700 0.000000 0.000000 0.000000 1.000000
0.973918 -0.219629 -0.056982 0.089900 0.208769 0.965745 -0.154117 5.334800 0.088878 0.138201 0.986408 12.552700 0.000000 0.000000 0.000000 1.000000
0.976793 -0.205179 -0.061461 0.089900 0.194073 0.969247 -0.151313 5.334800 0.090617 0.135873 0.986573 12.552700 0.000000 0.000000 0.000000 1.000000
0.980237 -0.186980 -0.064600 0.089900 0.176061 0.973476 -0.146108 5.334800 0.090206 0.131847 0.987157 12.552700 0.000000 0.000000 0.000000 1.000000
0.982984 -0.171567 -0.065625 0.089900 0.161022 0.976737 -0.141619 5.334800 0.088395 0.128642 0.987744 12.552700 0.000000 0.000000 0.000000 1.000000
0.984246 -0.163541 -0.067180 0.089900 0.152822 0.978016 -0.141881 5.334800 0.088907 0.129379 0.987601 12.552700 0.000000 0.000000 0.000000 1.000000
0.985698 -0.155261 -0.065528 0.089900 0.144941 0.979430 -0.140388 5.334800 0.085977 0.128882 0.987926 12.552700 0.000000 0.000000 0.000000 1.000000
0.987155 -0.147108 -0.062323 0.089900 0.137159 0.980377 -0.141590 5.334800 0.081929 0.131224 0.987962 12.552700 0.000000 0.000000 0.000000 1.000000
0.988883 -0.139221 -0.052237 0.089900 0.130963 0.981809 -0.137475 5.334800 0.070426 0.129106 0.989127 12.552700 0.000000 0.000000 0.000000 1.000000
0.990708 -0.130391 -0.038687 0.089900 0.124384 0.983667 -0.130105 5.334800 0.055020 0.124084 0.990745 12.552700 0.000000 0.000000 0.000000 1.000000
0.993110 -0.114133 -0.026589 0.089900 0.110034 0.986221 -0.123534 5.334800 0.040322 0.119757 0.991984 12.552700 0.000000 0.000000 0.000000 1.000000
0.995140 -0.097163 -0.015994 0.089900 0.094664 0.988688 -0.116337 5.334800 0.027117 0.114257 0.993081 12.552700 0.000000 0.000000 0.000000 1.000000
0.997136 -0.075452 -0.005122 0.089900 0.074393 0.990806 -0.113000 5.334800 0.013601 0.112295 0.993582 12.552700 0.000000 0.000000 0.000000 1.000000
0.998267 -0.058518 0.006185 0.089900 0.058844 0.992412 -0.107960 5.334800 0.000179 0.108137 0.994136 12.552700 0.000000 0.000000 0.000000 1.000000
0.998725 -0.047792 0.016266 0.089900 0.049229 0.993364 -0.103948 5.334800 -0.011191 0.104616 0.994450 12.552700 0.000000 0.000000 0.000000 1.000000
0.998632 -0.043762 0.028619 0.089900 0.046488 0.993616 -0.102790 5.334800 -0.023938 0.103979 0.994291 12.552700 0.000000 0.000000 0.000000 1.000000
0.998255 -0.043884 0.039524 0.089900 0.047678 0.993762 -0.100813 5.334800 -0.034853 0.102521 0.994120 12.552700 0.000000 0.000000 0.000000 1.000000
0.998000 -0.042943 0.046390 0.089900 0.047241 0.994269 -0.095907 5.334800 -0.042006 0.097906 0.994309 12.552700 0.000000 0.000000 0.000000 1.000000
0.997713 -0.044175 0.051161 0.089900 0.048743 0.994587 -0.091765 5.334800 -0.046830 0.094049 0.994466 12.552700 0.000000 0.000000 0.000000 1.000000
0.997115 -0.050379 0.056775 0.089900 0.055222 0.994655 -0.087241 5.334800 -0.052076 0.090125 0.994568 12.552700 0.000000 0.000000 0.000000 1.000000
0.996600 -0.054887 0.061447 0.089900 0.060001 0.994595 -0.084741 5.334800 -0.056464 0.088140 0.994507 12.552700 0.000000 0.000000 0.000000 1.000000
0.996315 -0.058680 0.062560 0.089900 0.063958 0.994241 -0.085990 5.334800 -0.057153 0.089674 0.994330 12.552700 0.000000 0.000000 0.000000 1.000000
0.995967 -0.063675 0.063204 0.089900 0.069021 0.993872 -0.086341 5.334800 -0.057319 0.090355 0.994259 12.552700 0.000000 0.000000 0.000000 1.000000
0.995346 -0.071381 0.064745 0.089900 0.076751 0.993451 -0.084643 5.334800 -0.058279 0.089218 0.994306 12.552700 0.000000 0.000000 0.000000 1.000000
0.994817 -0.078112 0.065093 0.089900 0.083469 0.992954 -0.084114 5.334800 -0.058064 0.089111 0.994328 12.552700 0.000000 0.000000 0.000000 1.000000
0.994355 -0.083768 0.065125 0.089900 0.089205 0.992327 -0.085618 5.334800 -0.057453 0.090944 0.994197 12.552700 0.000000 0.000000 0.000000 1.000000
0.993897 -0.089113 0.065023 0.089900 0.094667 0.991610 -0.088023 5.334800 -0.056633 0.093642 0.993994 12.552700 0.000000 0.000000 0.000000 1.000000
0.993464 -0.093942 0.064834 0.089900 0.099630 0.990862 -0.090917 5.334800 -0.055701 0.096783 0.993746 12.552700 0.000000 0.000000 0.000000 1.000000
0.993082 -0.098053 0.064606 0.089900 0.103871 0.990150 -0.093885 5.334800 -0.054763 0.099947 0.993485 12.552700 0.000000 0.000000 0.000000 1.000000
0.992776 -0.101241 0.064384 0.089900 0.107171 0.989545 -0.096516 5.334800 -0.053939 0.102719 0.993247 12.552700 0.000000 0.000000 0.000000 1.000000
0.992575 -0.103303 0.064217 0.089900 0.109310 0.989126 -0.098396 5.334800 -0.053354 0.104685 0.993073 12.552700 0.000000 0.000000 0.000000 1.000000
0.992503 -0.104036 0.064151 0.089900 0.110072 0.988969 -0.099115 5.334800 -0.053131 0.105433 0.993006 12.552700 0.000000 0.000000 0.000000 1.000000</float_array><technique_common><accessor source="#mixamorig_Spine1-Matrix-animation-output-transform-array" count="73" stride="16"><param type="float4x4"/></accessor></technique_common></source><source id="mixamorig_Spine1-Interpolations"><Name_array id="mixamorig_Spine1-Interpolations-array" count="73">
 LINEAR LINEAR LINEAR LINEAR LINEAR LINEAR LINEAR LINEAR LINEAR LINEAR LINEAR
LINEAR LINEAR LINEAR LINEAR LINEAR LINEAR LINEAR LINEAR LINEAR LINEAR LINEAR LINEAR
LINEAR LINEAR LINEAR LINEAR LINEAR LINEAR LINEAR LINEAR LINEAR LINEAR LINEAR LINEAR
LINEAR LINEAR LINEAR LINEAR LINEAR LINEAR LINEAR LINEAR LINEAR LINEAR LINEAR LINEAR
LINEAR LINEAR LINEAR LINEAR LINEAR LINEAR LINEAR LINEAR LINEAR LINEAR LINEAR LINEAR
