<?xml version="1.0" encoding="utf-8"?>
<COLLADA xmlns="http://www.collada.org/2005/11/COLLADASchema" version="1.4.1">
  <asset><contributor><author>Mixamo</author><authoring_tool>COLLADA Mixamo exporter</authoring_tool><comments></comments></contributor><created>2020-04-23T09:49:02Z</created><modified>2020-04-23T09:49:02Z</modified><revision></revision><title></title><unit meter="0.010000"/><up_axis>Y_UP</up_axis></asset>
  <library_animations>
    <animation id="mixamorig_Hips-anim" name="mixamorig_Hips"><source id="mixamorig_Hips-Matrix-animation-input"><float_array id="mixamorig_Hips-Matrix-animation-input-array" count="84">

0.000000 0.033333 0.066667 0.100000 0.133333 0.166667 0.200000 0.233333 0.266667 0.300000 0.333333 0.366667 0.400000 0.433333 0.466667 0.500000
0.533333 0.566667 0.600000 0.633333 0.666667 0.700000 0.733333 0.766667 0.800000 0.833333 0.866667 0.900000 0.933333 0.966667 1.000000 1.033333
1.066667 1.100000 1.133333 1.166667 1.200000 1.233333 1.266667 1.300000 1.333333 1.366667 1.400000 1.433333 1.466667 1.500000 1.533333 1.566667
1.600000 1.633333 1.666667 1.700000 1.733333 1.766667 1.800000 1.833333 1.866667 1.900000 1.933333 1.966667 2.000000 2.033333 2.066667 2.100000
2.133333 2.166667 2.200000 2.233333 2.266667 2.300000 2.333333 2.366667 2.400000 2.433333 2.466667 2.500000 2.533333 2.566667 2.600000 2.633333
2.666667 2.700000 2.733333 2.766667</float_array><technique_common><accessor source="#mixamorig_Hips-Matrix-animation-input-array" count="84"><param name="TIME" type="float"/></accessor></technique_common></source><source id="mixamorig_Hips-Matrix-animation-output-transform"><float_array id="mixamorig_Hips-Matrix-animation-output-transform-array" count="1344">

0.071502 0.024379 0.017301 0.729183 -0.029681 0.052553 0.048615 2.608681 0.003561 -0.051479 0.057823 2.644636 0.000000 0.000000 0.000000 1.000000
0.070905 0.025815 0.017671 0.831424 -0.031284 0.058351 0.040283 2.680609 0.000113 -0.043988 0.063806 3.107866 0.000000 0.000000 0.000000 1.000000
0.071014 0.024978 0.018423 0.777396 -0.030070 0.066763 0.025391 2.934852 -0.007687 -0.030414 0.070867 3.813685 0.000000 0.000000 0.000000 1.000000
0.071796 0.021012 0.020250 0.547904 -0.023908 0.073191 0.008821 3.197633 -0.016733 -0.014418 0.074286 4.631312 0.000000 0.000000 0.000000 1.000000
0.073542 0.013114 0.020638 0.232762 -0.013284 0.076344 -0.001177 3.402373 -0.020529 -0.002421 0.074692 5.325141 0.000000 0.000000 0.000000 1.000000
0.075183 0.002915 0.018582 -0.124742 -0.001634 0.077286 -0.005514 3.577374 -0.018739 0.004957 0.075037 5.851776 0.000000 0.000000 0.000000 1.000000
0.075882 -0.006759 0.014232 -0.471269 0.008591 0.076433 -0.009510 3.710564 -0.013207 0.010889 0.075586 6.290999 0.000000 0.000000 0.000000 1.000000
0.075296 -0.016056 0.008882 -0.803963 0.017507 0.074098 -0.014464 3.776207 -0.005496 0.016059 0.075619 6.633776 0.000000 0.000000 0.000000 1.000000
0.073351 -0.024597 0.004568 -1.070465 0.024956 0.070949 -0.018700 3.792395 0.001753 0.019170 0.075071 6.878407 0.000000 0.000000 0.000000 1.000000
0.071590 -0.029629 0.001799 -1.227354 0.028970 0.068717 -0.021095 3.804923 0.006470 0.020159 0.074552 7.099984 0.000000 0.000000 0.000000 1.000000
0.071335 -0.030264 0.001269 -1.273100 0.029238 0.067946 -0.023124 3.827046 0.007917 0.021764 0.073959 7.385030 0.000000 0.000000 0.000000 1.000000
0.071910 -0.028799 0.002414 -1.239518 0.027982 0.067764 -0.025125 3.881214 0.007226 0.024184 0.073275 7.750356 0.000000 0.000000 0.000000 1.000000
0.073304 -0.024976 0.002981 -1.114219 0.024422 0.068469 -0.026868 3.973899 0.006025 0.026353 0.072632 8.070562 0.000000 0.000000 0.000000 1.000000
0.074761 -0.020259 0.002569 -0.970839 0.019846 0.069778 -0.027267 4.056433 0.004814 0.026961 0.072499 8.242162 0.000000 0.000000 0.000000 1.000000
0.075760 -0.016272 0.001364 -0.875616 0.015781 0.071299 -0.025954 4.090627 0.004194 0.025649 0.073012 8.250637 0.000000 0.000000 0.000000 1.000000
0.076508 -0.012360 -0.000286 -0.777947 0.011735 0.073164 -0.022705 4.087005 0.003891 0.022371 0.074099 8.125942 0.000000 0.000000 0.000000 1.000000
0.076981 -0.008849 -0.001377 -0.670507 0.008212 0.074501 -0.019708 4.036325 0.003574 0.019430 0.074940 7.988396 0.000000 0.000000 0.000000 1.000000
0.077252 -0.005688 -0.002453 -0.560573 0.005020 0.075467 -0.016905 3.945718 0.003630 0.016692 0.075594 7.867672 0.000000 0.000000 0.000000 1.000000
0.077413 -0.001802 -0.003199 -0.434867 0.001200 0.076234 -0.013901 3.830447 0.003470 0.013836 0.076176 7.764847 0.000000 0.000000 0.000000 1.000000
0.077394 0.002439 -0.003242 -0.288813 -0.002891 0.076602 -0.011401 3.719985 0.002845 0.011507 0.076588 7.708014 0.000000 0.000000 0.000000 1.000000
0.077209 0.006063 -0.002878 -0.148494 -0.006367 0.076680 -0.009266 3.602765 0.002123 0.009467 0.076890 7.676091 0.000000 0.000000 0.000000 1.000000
0.077052 0.007867 -0.002715 -0.059323 -0.008098 0.076702 -0.007580 3.502765 0.001918 0.007820 0.077081 7.678218 0.000000 0.000000 0.000000 1.000000
0.077070 0.007394 -0.003439 -0.036635 -0.007670 0.076827 -0.006708 3.461400 0.002770 0.007011 0.077132 7.722263 0.000000 0.000000 0.000000 1.000000
0.077195 0.004978 -0.004733 -0.061478 -0.005382 0.077014 -0.006789 3.492101 0.004267 0.007091 0.077057 7.780551 0.000000 0.000000 0.000000 1.000000
0.077287 0.002895 -0.004952 -0.073148 -0.003349 0.077092 -0.007200 3.532186 0.004657 0.007394 0.077006 7.786235 0.000000 0.000000 0.000000 1.000000
0.077349 0.002503 -0.004131 -0.036231 -0.002862 0.077143 -0.006861 3.516634 0.003891 0.007000 0.077085 7.736541 0.000000 0.000000 0.000000 1.000000
0.077371 0.003489 -0.002800 0.035651 -0.003680 0.077218 -0.005483 3.462300 0.002543 0.005607 0.077255 7.661312 0.000000 0.000000 0.000000 1.000000
0.077328 0.004825 -0.001841 0.099257 -0.004912 0.077250 -0.003824 3.395463 0.001597 0.003932 0.077384 7.597417 0.000000 0.000000 0.000000 1.000000
0.077285 0.005592 -0.001394 0.128997 -0.005639 0.077245 -0.002774 3.347410 0.001190 0.002868 0.077438 7.553633 0.000000 0.000000 0.000000 1.000000
0.077291 0.005594 -0.001004 0.140421 -0.005626 0.077248 -0.002699 3.317844 0.000806 0.002764 0.077446 7.527700 0.000000 0.000000 0.000000 1.000000
0.077327 0.005123 -0.000680 0.138877 -0.005148 0.077257 -0.003330 3.310513 0.000458 0.003368 0.077425 7.525029 0.000000 0.000000 0.000000 1.000000
0.077358 0.004625 -0.000728 0.123842 -0.004657 0.077253 -0.004065 3.319616 0.000483 0.004101 0.077390 7.533154 0.000000 0.000000 0.000000 1.000000
0.077376 0.004277 -0.000988 0.114090 -0.004326 0.077253 -0.004415 3.329559 0.000741 0.004463 0.077368 7.539479 0.000000 0.000000 0.000000 1.000000
0.077395 0.003861 -0.001195 0.104333 -0.003922 0.077280 -0.004319 3.334161 0.000976 0.004374 0.077370 7.539347 0.000000 0.000000 0.000000 1.000000
0.077427 0.003158 -0.001187 0.084151 -0.003215 0.077328 -0.004041 3.334651 0.001019 0.004086 0.077385 7.530807 0.000000 0.000000 0.000000 1.000000
0.077458 0.002294 -0.001082 0.054766 -0.002345 0.077371 -0.003801 3.329295 0.000968 0.003832 0.077399 7.520933 0.000000 0.000000 0.000000 1.000000
0.077476 0.001615 -0.001065 0.025455 -0.001664 0.077394 -0.003695 3.320913 0.000986 0.003716 0.077405 7.518047 0.000000 0.000000 0.000000 1.000000
0.077481 0.001297 -0.001116 0.007920 -0.001350 0.077397 -0.003754 3.314843 0.001051 0.003773 0.077401 7.522521 0.000000 0.000000 0.000000 1.000000
0.077481 0.001292 -0.001141 0.004123 -0.001349 0.077386 -0.003973 3.312851 0.001073 0.003992 0.077390 7.533072 0.000000 0.000000 0.000000 1.000000
0.077479 0.001433 -0.001106 0.007902 -0.001492 0.077368 -0.004264 3.314450 0.001025 0.004284 0.077375 7.544431 0.000000 0.000000 0.000000 1.000000
0.077476 0.001638 -0.001047 0.015269 -0.001696 0.077350 -0.004518 3.317750 0.000950 0.004540 0.077361 7.552294 0.000000 0.000000 0.000000 1.000000
0.077471 0.001876 -0.001018 0.026301 -0.001935 0.077332 -0.004720 3.320174 0.000902 0.004744 0.077349 7.557160 0.000000 0.000000 0.000000 1.000000
0.077466 0.002061 -0.001043 0.035044 -0.002122 0.077322 -0.004805 3.320014 0.000913 0.004832 0.077344 7.559486 0.000000 0.000000 0.000000 1.000000
0.077461 0.002208 -0.001097 0.042174 -0.002272 0.077320 -0.004768 3.318711 0.000959 0.004797 0.077345 7.558050 0.000000 0.000000 0.000000 1.000000
0.077458 0.002268 -0.001150 0.045997 -0.002333 0.077327 -0.004612 3.316432 0.001012 0.004644 0.077354 7.551916 0.000000 0.000000 0.000000 1.000000
0.077458 0.002236 -0.001212 0.047238 -0.002302 0.077340 -0.004419 3.314766 0.001082 0.004453 0.077364 7.543228 0.000000 0.000000 0.000000 1.000000
0.077458 0.002218 -0.001281 0.048816 -0.002286 0.077346 -0.004314 3.314482 0.001155 0.004349 0.077369 7.538477 0.000000 0.000000 0.000000 1.000000
0.077456 0.002235 -0.001329 0.052670 -0.002307 0.077342 -0.004370 3.315385 0.001200 0.004407 0.077365 7.539818 0.000000 0.000000 0.000000 1.000000
0.077456 0.002241 -0.001326 0.053009 -0.002314 0.077336 -0.004485 3.315560 0.001194 0.004522 0.077359 7.544312 0.000000 0.000000 0.000000 1.000000
0.077457 0.002242 -0.001295 0.052841 -0.002316 0.077324 -0.004673 3.316635 0.001157 0.004709 0.077348 7.552157 0.000000 0.000000 0.000000 1.000000
0.077459 0.002188 -0.001239 0.049522 -0.002261 0.077318 -0.004803 3.316864 0.001100 0.004837 0.077341 7.558386 0.000000 0.000000 0.000000 1.000000
0.077462 0.002131 -0.001192 0.046975 -0.002202 0.077315 -0.004875 3.317080 0.001055 0.004907 0.077337 7.562045 0.000000 0.000000 0.000000 1.000000
0.077465 0.002031 -0.001166 0.043349 -0.002100 0.077319 -0.004858 3.317391 0.001036 0.004887 0.077339 7.561730 0.000000 0.000000 0.000000 1.000000
0.077465 0.001995 -0.001197 0.043061 -0.002065 0.077325 -0.004777 3.317080 0.001072 0.004807 0.077343 7.558021 0.000000 0.000000 0.000000 1.000000
0.077463 0.002048 -0.001240 0.045494 -0.002119 0.077329 -0.004689 3.317097 0.001114 0.004721 0.077348 7.554002 0.000000 0.000000 0.000000 1.000000
0.077458 0.002193 -0.001293 0.051021 -0.002266 0.077331 -0.004590 3.316249 0.001160 0.004625 0.077353 7.549426 0.000000 0.000000 0.000000 1.000000
0.077455 0.002313 -0.001302 0.054161 -0.002386 0.077328 -0.004570 3.315877 0.001163 0.004607 0.077354 7.548439 0.000000 0.000000 0.000000 1.000000
0.077452 0.002392 -0.001293 0.056382 -0.002464 0.077325 -0.004581 3.314733 0.001148 0.004619 0.077354 7.548277 0.000000 0.000000 0.000000 1.000000
0.077452 0.002412 -0.001282 0.057183 -0.002484 0.077322 -0.004617 3.315624 0.001136 0.004656 0.077352 7.548715 0.000000 0.000000 0.000000 1.000000
0.077453 0.002364 -0.001273 0.055497 -0.002436 0.077322 -0.004642 3.316780 0.001128 0.004680 0.077350 7.548937 0.000000 0.000000 0.000000 1.000000
0.077456 0.002283 -0.001269 0.053291 -0.002355 0.077324 -0.004652 3.317345 0.001129 0.004688 0.077350 7.549075 0.000000 0.000000 0.000000 1.000000
0.077459 0.002151 -0.001300 0.048698 -0.002225 0.077330 -0.004626 3.317103 0.001169 0.004661 0.077351 7.548451 0.000000 0.000000 0.000000 1.000000
0.077461 0.002064 -0.001319 0.045534 -0.002139 0.077334 -0.004593 3.316987 0.001194 0.004627 0.077353 7.547725 0.000000 0.000000 0.000000 1.000000
0.077463 0.001999 -0.001337 0.043723 -0.002074 0.077339 -0.004550 3.317091 0.001217 0.004583 0.077355 7.545810 0.000000 0.000000 0.000000 1.000000
0.077463 0.001977 -0.001363 0.042954 -0.002052 0.077343 -0.004485 3.317816 0.001246 0.004519 0.077358 7.543425 0.000000 0.000000 0.000000 1.000000
0.077462 0.001980 -0.001386 0.043320 -0.002056 0.077348 -0.004400 3.317029 0.001271 0.004435 0.077363 7.540023 0.000000 0.000000 0.000000 1.000000
0.077462 0.001992 -0.001391 0.043336 -0.002067 0.077350 -0.004360 3.316611 0.001276 0.004395 0.077365 7.538405 0.000000 0.000000 0.000000 1.000000
0.077462 0.002010 -0.001387 0.044534 -0.002085 0.077350 -0.004338 3.315834 0.001272 0.004373 0.077366 7.537839 0.000000 0.000000 0.000000 1.000000
0.077462 0.002016 -0.001378 0.044590 -0.002091 0.077348 -0.004378 3.316375 0.001262 0.004413 0.077364 7.539377 0.000000 0.000000 0.000000 1.000000
0.077462 0.002015 -0.001362 0.044928 -0.002090 0.077344 -0.004453 3.316563 0.001243 0.004487 0.077360 7.541482 0.000000 0.000000 0.000000 1.000000
0.077462 0.002016 -0.001336 0.045478 -0.002091 0.077338 -0.004552 3.316510 0.001215 0.004586 0.077355 7.544559 0.000000 0.000000 0.000000 1.000000
0.077463 0.002008 -0.001296 0.044537 -0.002083 0.077330 -0.004694 3.316905 0.001171 0.004726 0.077347 7.549529 0.000000 0.000000 0.000000 1.000000
0.077463 0.002042 -0.001278 0.045115 -0.002116 0.077326 -0.004744 3.316571 0.001150 0.004777 0.077344 7.551010 0.000000 0.000000 0.000000 1.000000
0.077461 0.002093 -0.001268 0.046909 -0.002167 0.077324 -0.004754 3.316424 0.001137 0.004788 0.077344 7.550481 0.000000 0.000000 0.000000 1.000000
0.077459 0.002181 -0.001270 0.049595 -0.002254 0.077323 -0.004723 3.317132 0.001134 0.004758 0.077346 7.549337 0.000000 0.000000 0.000000 1.000000
0.077457 0.002261 -0.001275 0.053186 -0.002334 0.077323 -0.004691 3.317067 0.001136 0.004727 0.077347 7.548100 0.000000 0.000000 0.000000 1.000000
0.077454 0.002331 -0.001285 0.055173 -0.002404 0.077321 -0.004691 3.316905 0.001141 0.004728 0.077347 7.548569 0.000000 0.000000 0.000000 1.000000
0.077452 0.002412 -0.001270 0.057290 -0.002485 0.077314 -0.004753 3.316177 0.001119 0.004790 0.077344 7.551092 0.000000 0.000000 0.000000 1.000000
0.077452 0.002435 -0.001252 0.057419 -0.002509 0.077307 -0.004853 3.315766 0.001097 0.004890 0.077338 7.555467 0.000000 0.000000 0.000000 1.000000
0.077452 0.002431 -0.001234 0.056203 -0.002506 0.077300 -0.004971 3.316101 0.001075 0.005008 0.077331 7.560686 0.000000 0.000000 0.000000 1.000000
0.077453 0.002406 -0.001196 0.055694 -0.002479 0.077294 -0.005077 3.317036 0.001035 0.005113 0.077324 7.564161 0.000000 0.000000 0.000000 1.000000
0.077455 0.002368 -0.001184 0.055158 -0.002442 0.077291 -0.005136 3.317766 0.001024 0.005170 0.077321 7.566225 0.000000 0.000000 0.000000 1.000000
0.077456 0.002327 -0.001189 0.054045 -0.002402 0.077291 -0.005154 3.318064 0.001031 0.005188 0.077319 7.567904 0.000000 0.000000 0.000000 1.000000
0.077457 0.002277 -0.001215 0.053681 -0.002353 0.077295 -0.005116 3.317099 0.001061 0.005150 0.077321 7.567775 0.000000 0.000000 0.000000 1.000000</float_array><technique_common><accessor source="#mixamorig_Hips-Matrix-animation-output-transform-array" count="84" stride="16"><param type="float4x4"/></accessor></technique_common></source><source id="mixamorig_Hips-Interpolations"><Name_array id="mixamorig_Hips-Interpolations-array" count="84">
 LINEAR LINEAR LINEAR LINEAR LINEAR LINEAR LINEAR LINEAR LINEAR LINEAR LINEAR
LINEAR LINEAR LINEAR LINEAR LINEAR LINEAR LINEAR LINEAR LINEAR LINEAR LINEAR LINEAR
LINEAR LINEAR LINEAR LINEAR LINEAR LINEAR LINEAR LINEAR LINEAR LINEAR LINEAR LINEAR
LINEAR LINEAR LINEAR LINEAR LINEAR LINEAR LINEAR LINEAR LINEAR LINEAR LINEAR LINEAR
LINEAR LINEAR LINEAR LINEAR LINEAR LINEAR LINEAR LINEAR LINEAR LINEAR LINEAR LINEAR
LINEAR LINEAR LINEAR LINEAR LINEAR LINEAR LINEAR LINEAR LINEAR LINEAR LINEAR LINEAR
LINEAR LINEAR LINEAR LINEAR LINEAR LINEAR LINEAR LINEAR LINEAR LINEAR LINEAR LINEAR
LINEAR</Name_array><technique_common><accessor source="#mixamorig_Hips-Interpolations-array" count="84"><param type="name"/></accessor></technique_common></source><sampler id="mixamorig_Hips-Matrix-animation-transform"><input semantic="INPUT" source="#mixamorig_Hips-Matrix-animation-input"/><input semantic="OUTPUT" source="#mixamorig_Hips-Matrix-animation-output-transform"/><input semantic="INTERPOLATION" source="#mixamorig_Hips-Interpolations"/></sampler><channel source="#mixamorig_Hips-Matrix-animation-transform" target="mixamorig_Hips/matrix"/></animation>
    <animation id="mixamorig_Spine-anim" name="mixamorig_Spine"><source id="mixamorig_Spine-Matrix-animation-input"><float_array id="mixamorig_Spine-Matrix-animation-input-array" count="84">

0.000000 0.033333 0.066667 0.100000 0.133333 0.166667 0.200000 0.233333 0.266667 0.300000 0.333333 0.366667 0.400000 0.433333 0.466667 0.500000
0.533333 0.566667 0.600000 0.633333 0.666667 0.700000 0.733333 0.766667 0.800000 0.833333 0.866667 0.900000 0.933333 0.966667 1.000000 1.033333
1.066667 1.100000 1.133333 1.166667 1.200000 1.233333 1.266667 1.300000 1.333333 1.366667 1.400000 1.433333 1.466667 1.500000 1.533333 1.566667
1.600000 1.633333 1.666667 1.700000 1.733333 1.766667 1.800000 1.833333 1.866667 1.900000 1.933333 1.966667 2.000000 2.033333 2.066667 2.100000
2.133333 2.166667 2.200000 2.233333 2.266667 2.300000 2.333333 2.366667 2.400000 2.433333 2.466667 2.500000 2.533333 2.566667 2.600000 2.633333
2.666667 2.700000 2.733333 2.766667</float_array><technique_common><accessor source="#mixamorig_Spine-Matrix-animation-input-array" count="84"><param name="TIME" type="float"/></accessor></technique_common></source><source id="mixamorig_Spine-Matrix-animation-output-transform"><float_array id="mixamorig_Spine-Matrix-animation-output-transform-array" count="1344">

0.989657 0.128134 -0.064512 -0.001300 -0.111628 0.970277 0.214714 5.330800 0.090106 -0.205292 0.974544 5.235500 0.000000 0.000000 0.000000 1.000000
0.989318 0.109585 -0.096135 -0.001300 -0.082137 0.963857 0.253442 5.330800 0.120434 -0.242839 0.962562 5.235500 0.000000 0.000000 0.000000 1.000000
0.987026 0.096829 -0.128077 -0.001300 -0.055091 0.953501 0.296311 5.330800 0.150813 -0.285411 0.946465 5.235500 0.000000 0.000000 0.000000 1.000000
0.983742 0.082781 -0.159370 -0.001300 -0.026968 0.945456 0.324631 5.330800 0.177550 -0.315055 0.932318 5.235500 0.000000 0.000000 0.000000 1.000000
0.979997 0.060475 -0.189599 -0.001300 0.006980 0.941679 0.336441 5.330800 0.198888 -0.331034 0.922421 5.235500 0.000000 0.000000 0.000000 1.000000
0.978693 0.044696 -0.200406 -0.001300 0.028419 0.937141 0.347793 5.330800 0.203353 -0.346078 0.915903 5.235500 0.000000 0.000000 0.000000 1.000000
0.984495 0.048470 -0.168581 -0.001300 0.017473 0.929188 0.369195 5.330800 0.174538 -0.366417 0.913934 5.235500 0.000000 0.000000 0.000000 1.000000
0.992246 0.077060 -0.097515 -0.001300 -0.033500 0.921372 0.387234 5.330800 0.119688 -0.380965 0.916810 5.235500 0.000000 0.000000 0.000000 1.000000
0.992796 0.118260 -0.019229 -0.001300 -0.102082 0.918927 0.380988 5.330800 0.062726 -0.376280 0.924380 5.235500 0.000000 0.000000 0.000000 1.000000
0.987899 0.151946 0.031108 -0.001300 -0.153069 0.922821 0.353512 5.330800 0.025008 -0.353996 0.934913 5.235500 0.000000 0.000000 0.000000 1.000000
0.986126 0.160123 0.043766 -0.001300 -0.165564 0.929728 0.328930 5.330800 0.011979 -0.331613 0.943340 5.235500 0.000000 0.000000 0.000000 1.000000
0.990450 0.134732 0.029273 -0.001300 -0.136901 0.935836 0.324760 5.330800 0.016361 -0.325666 0.945343 5.235500 0.000000 0.000000 0.000000 1.000000
0.995852 0.090416 0.010181 -0.001300 -0.088621 0.938521 0.333655 5.330800 0.020613 -0.333173 0.942640 5.235500 0.000000 0.000000 0.000000 1.000000
0.998694 0.050868 0.004801 -0.001300 -0.049536 0.940935 0.334944 5.330800 0.012521 -0.334745 0.942226 5.235500 0.000000 0.000000 0.000000 1.000000
0.999598 0.021378 0.018611 -0.001300 -0.026172 0.948255 0.316428 5.330800 -0.010883 -0.316788 0.948434 5.235500 0.000000 0.000000 0.000000 1.000000
0.998762 -0.003252 0.049642 -0.001300 -0.010918 0.959202 0.282512 5.330800 -0.048536 -0.282704 0.957979 5.235500 0.000000 0.000000 0.000000 1.000000
0.995617 -0.031636 0.088008 -0.001300 0.008775 0.968497 0.248871 5.330800 -0.093109 -0.247008 0.964530 5.235500 0.000000 0.000000 0.000000 1.000000
0.991438 -0.065094 0.113196 -0.001300 0.037761 0.972773 0.228664 5.330800 -0.124999 -0.222432 0.966902 5.235500 0.000000 0.000000 0.000000 1.000000
0.988878 -0.097274 0.112509 -0.001300 0.070468 0.972604 0.221532 5.330800 -0.130976 -0.211140 0.968641 5.235500 0.000000 0.000000 0.000000 1.000000
0.988877 -0.122174 0.084829 -0.001300 0.101296 0.970818 0.217372 5.330800 -0.108911 -0.206362 0.972396 5.235500 0.000000 0.000000 0.000000 1.000000
0.989490 -0.137745 0.044005 -0.001300 0.125831 0.970144 0.207335 5.330800 -0.071250 -0.199618 0.977280 5.235500 0.000000 0.000000 0.000000 1.000000
0.989813 -0.141515 0.015609 -0.001300 0.135984 0.972168 0.190780 5.330800 -0.042172 -0.186714 0.981509 5.235500 0.000000 0.000000 0.000000 1.000000
0.991164 -0.131676 0.015964 -0.001300 0.126918 0.976481 0.174290 5.330800 -0.038538 -0.170724 0.984565 5.235500 0.000000 0.000000 0.000000 1.000000
0.993616 -0.108183 0.032008 -0.001300 0.101593 0.981359 0.163133 5.330800 -0.049060 -0.158840 0.986085 5.235500 0.000000 0.000000 0.000000 1.000000
0.995781 -0.086591 0.030355 -0.001300 0.080796 0.984254 0.157215 5.330800 -0.043490 -0.154099 0.987098 5.235500 0.000000 0.000000 0.000000 1.000000
0.996878 -0.078253 0.010523 -0.001300 0.075767 0.985571 0.151357 5.330800 -0.022215 -0.150087 0.988423 5.235500 0.000000 0.000000 0.000000 1.000000
0.996671 -0.079669 -0.017302 -0.001300 0.081313 0.986738 0.140487 5.330800 0.005880 -0.141426 0.989931 5.235500 0.000000 0.000000 0.000000 1.000000
0.995654 -0.083214 -0.041825 -0.001300 0.087872 0.988157 0.125795 5.330800 0.030862 -0.128924 0.991174 5.235500 0.000000 0.000000 0.000000 1.000000
0.994921 -0.083471 -0.056251 -0.001300 0.089450 0.989463 0.113851 5.330800 0.046155 -0.118305 0.991904 5.235500 0.000000 0.000000 0.000000 1.000000
0.994980 -0.079980 -0.060156 -0.001300 0.086248 0.990175 0.110066 5.330800 0.050762 -0.114701 0.992102 5.235500 0.000000 0.000000 0.000000 1.000000
0.995539 -0.076271 -0.055540 -0.001300 0.082225 0.990042 0.114261 5.330800 0.046272 -0.118318 0.991897 5.235500 0.000000 0.000000 0.000000 1.000000
0.996250 -0.075058 -0.043034 -0.001300 0.079790 0.989374 0.121543 5.330800 0.033454 -0.124521 0.991653 5.235500 0.000000 0.000000 0.000000 1.000000
0.996668 -0.076436 -0.028471 -0.001300 0.079442 0.988799 0.126354 5.330800 0.018494 -0.128195 0.991577 5.235500 0.000000 0.000000 0.000000 1.000000
0.996799 -0.078280 -0.016253 -0.001300 0.079707 0.988852 0.125773 5.330800 0.006226 -0.126665 0.991926 5.235500 0.000000 0.000000 0.000000 1.000000
0.996913 -0.078088 -0.008198 -0.001300 0.078506 0.989585 0.120658 5.330800 -0.001309 -0.120929 0.992660 5.235500 0.000000 0.000000 0.000000 1.000000
0.997176 -0.075015 -0.003467 -0.001300 0.074919 0.990618 0.114296 5.330800 -0.005139 -0.114233 0.993441 5.235500 0.000000 0.000000 0.000000 1.000000
0.997526 -0.070296 -0.000572 -0.001300 0.069932 0.991462 0.110061 5.330800 -0.007170 -0.109828 0.993925 5.235500 0.000000 0.000000 0.000000 1.000000
0.997830 -0.065838 0.000765 -0.001300 0.065357 0.991811 0.109728 5.330800 -0.007983 -0.109440 0.993961 5.235500 0.000000 0.000000 0.000000 1.000000
0.998028 -0.062763 0.000445 -0.001300 0.062310 0.991632 0.113064 5.330800 -0.007538 -0.112813 0.993588 5.235500 0.000000 0.000000 0.000000 1.000000
0.998133 -0.061072 -0.001261 -0.001300 0.060791 0.991097 0.118455 5.330800 -0.005984 -0.118311 0.992959 5.235500 0.000000 0.000000 0.000000 1.000000
0.998175 -0.060284 -0.003666 -0.001300 0.060274 0.990468 0.123860 5.330800 -0.003836 -0.123854 0.992293 5.235500 0.000000 0.000000 0.000000 1.000000
0.998167 -0.060221 -0.006038 -0.001300 0.060499 0.989986 0.127546 5.330800 -0.001703 -0.127678 0.991814 5.235500 0.000000 0.000000 0.000000 1.000000
0.998121 -0.060837 -0.007297 -0.001300 0.061271 0.989822 0.128447 5.330800 -0.000592 -0.128653 0.991690 5.235500 0.000000 0.000000 0.000000 1.000000
0.998042 -0.062129 -0.007225 -0.001300 0.062544 0.989996 0.126473 5.330800 -0.000705 -0.126678 0.991944 5.235500 0.000000 0.000000 0.000000 1.000000
0.997938 -0.063892 -0.006076 -0.001300 0.064155 0.990380 0.122608 5.330800 -0.001816 -0.122745 0.992437 5.235500 0.000000 0.000000 0.000000 1.000000
0.997827 -0.065747 -0.004254 -0.001300 0.065787 0.990760 0.118606 5.330800 -0.003583 -0.118629 0.992932 5.235500 0.000000 0.000000 0.000000 1.000000
0.997732 -0.067278 -0.001938 -0.001300 0.067047 0.990959 0.116212 5.330800 -0.005898 -0.116079 0.993222 5.235500 0.000000 0.000000 0.000000 1.000000
0.997677 -0.068125 0.000549 -0.001300 0.067599 0.990911 0.116298 5.330800 -0.008467 -0.115990 0.993214 5.235500 0.000000 0.000000 0.000000 1.000000
0.997677 -0.068042 0.003385 -0.001300 0.067163 0.990684 0.118466 5.330800 -0.011414 -0.117964 0.992952 5.235500 0.000000 0.000000 0.000000 1.000000
0.997723 -0.067147 0.006331 -0.001300 0.065884 0.990407 0.121465 5.330800 -0.014427 -0.120772 0.992575 5.235500 0.000000 0.000000 0.000000 1.000000
0.997789 -0.065832 0.009172 -0.001300 0.064194 0.990215 0.123908 5.330800 -0.017239 -0.123045 0.992251 5.235500 0.000000 0.000000 0.000000 1.000000
0.997842 -0.064669 0.011359 -0.001300 0.062749 0.990176 0.124956 5.330800 -0.019329 -0.123973 0.992097 5.235500 0.000000 0.000000 0.000000 1.000000
0.997869 -0.064046 0.012453 -0.001300 0.062003 0.990268 0.124596 5.330800 -0.020311 -0.123558 0.992129 5.235500 0.000000 0.000000 0.000000 1.000000
0.997870 -0.064111 0.012075 -0.001300 0.062137 0.990398 0.123491 5.330800 -0.019876 -0.122478 0.992272 5.235500 0.000000 0.000000 0.000000 1.000000
0.997855 -0.064659 0.010259 -0.001300 0.062921 0.990470 0.122512 5.330800 -0.018083 -0.121604 0.992414 5.235500 0.000000 0.000000 0.000000 1.000000
0.997837 -0.065289 0.007679 -0.001300 0.063864 0.990444 0.122240 5.330800 -0.015586 -0.121485 0.992471 5.235500 0.000000 0.000000 0.000000 1.000000
0.997827 -0.065691 0.005113 -0.001300 0.064569 0.990338 0.122721 5.330800 -0.013126 -0.122124 0.992428 5.235500 0.000000 0.000000 0.000000 1.000000
0.997835 -0.065683 0.003203 -0.001300 0.064785 0.990220 0.123557 5.330800 -0.011288 -0.123082 0.992332 5.235500 0.000000 0.000000 0.000000 1.000000
0.997868 -0.065237 0.002098 -0.001300 0.064471 0.990156 0.124236 5.330800 -0.010182 -0.123835 0.992251 5.235500 0.000000 0.000000 0.000000 1.000000
0.997916 -0.064500 0.001609 -0.001300 0.063799 0.990174 0.124438 5.330800 -0.009620 -0.124076 0.992226 5.235500 0.000000 0.000000 0.000000 1.000000
0.997969 -0.063698 0.001184 -0.001300 0.063058 0.990258 0.124148 5.330800 -0.009080 -0.123821 0.992263 5.235500 0.000000 0.000000 0.000000 1.000000
0.998009 -0.063066 0.000688 -0.001300 0.062498 0.990372 0.123521 5.330800 -0.008471 -0.123232 0.992342 5.235500 0.000000 0.000000 0.000000 1.000000
0.998022 -0.062866 0.000001 -0.001300 0.062391 0.990477 0.122727 5.330800 -0.007716 -0.122484 0.992440 5.235500 0.000000 0.000000 0.000000 1.000000
0.997999 -0.063225 -0.000637 -0.001300 0.062832 0.990561 0.121823 5.330800 -0.007071 -0.121619 0.992552 5.235500 0.000000 0.000000 0.000000 1.000000
0.997942 -0.064112 -0.000910 -0.001300 0.063752 0.990629 0.120789 5.330800 -0.006843 -0.120599 0.992678 5.235500 0.000000 0.000000 0.000000 1.000000
0.997864 -0.065325 -0.000689 -0.001300 0.064937 0.990686 0.119688 5.330800 -0.007136 -0.119477 0.992811 5.235500 0.000000 0.000000 0.000000 1.000000
0.997784 -0.066537 -0.000034 -0.001300 0.066070 0.990722 0.118761 5.330800 -0.007868 -0.118500 0.992923 5.235500 0.000000 0.000000 0.000000 1.000000
0.997717 -0.067534 0.000625 -0.001300 0.066985 0.990705 0.118394 5.330800 -0.008615 -0.118082 0.992966 5.235500 0.000000 0.000000 0.000000 1.000000
0.997672 -0.068183 0.001229 -0.001300 0.067554 0.990605 0.118904 5.330800 -0.009325 -0.118544 0.992905 5.235500 0.000000 0.000000 0.000000 1.000000
0.997652 -0.068476 0.001341 -0.001300 0.067817 0.990411 0.120357 5.330800 -0.009570 -0.119984 0.992730 5.235500 0.000000 0.000000 0.000000 1.000000
0.997649 -0.068518 0.000913 -0.001300 0.067891 0.990152 0.122436 5.330800 -0.009293 -0.122087 0.992476 5.235500 0.000000 0.000000 0.000000 1.000000
0.997657 -0.068414 0.000189 -0.001300 0.067858 0.989893 0.124527 5.330800 -0.008706 -0.124223 0.992216 5.235500 0.000000 0.000000 0.000000 1.000000
0.997664 -0.068314 -0.000691 -0.001300 0.067856 0.989700 0.126049 5.330800 -0.007927 -0.125802 0.992024 5.235500 0.000000 0.000000 0.000000 1.000000
0.997666 -0.068268 -0.001631 -0.001300 0.067924 0.989604 0.126766 5.330800 -0.007040 -0.126581 0.991931 5.235500 0.000000 0.000000 0.000000 1.000000
0.997665 -0.068258 -0.002497 -0.001300 0.068022 0.989579 0.126908 5.330800 -0.006191 -0.126781 0.991911 5.235500 0.000000 0.000000 0.000000 1.000000
0.997664 -0.068229 -0.003439 -0.001300 0.068112 0.989558 0.127030 5.330800 -0.005264 -0.126967 0.991893 5.235500 0.000000 0.000000 0.000000 1.000000
0.997670 -0.068094 -0.004122 -0.001300 0.068063 0.989482 0.127647 5.330800 -0.004613 -0.127630 0.991811 5.235500 0.000000 0.000000 0.000000 1.000000
0.997688 -0.067821 -0.004428 -0.001300 0.067825 0.989325 0.128977 5.330800 -0.004367 -0.128979 0.991638 5.235500 0.000000 0.000000 0.000000 1.000000
0.997718 -0.067395 -0.004146 -0.001300 0.067357 0.989112 0.130845 5.330800 -0.004717 -0.130826 0.991394 5.235500 0.000000 0.000000 0.000000 1.000000
0.997762 -0.066795 -0.003065 -0.001300 0.066610 0.988905 0.132779 5.330800 -0.005838 -0.132686 0.991141 5.235500 0.000000 0.000000 0.000000 1.000000
0.997810 -0.066128 -0.001530 -0.001300 0.065735 0.988759 0.134294 5.330800 -0.007368 -0.134101 0.990940 5.235500 0.000000 0.000000 0.000000 1.000000
0.997854 -0.065472 0.000224 -0.001300 0.064841 0.988711 0.135081 5.330800 -0.009065 -0.134776 0.990835 5.235500 0.000000 0.000000 0.000000 1.000000
0.997892 -0.064871 0.001898 -0.001300 0.064020 0.988759 0.135117 5.330800 -0.010642 -0.134710 0.990828 5.235500 0.000000 0.000000 0.000000 1.000000
0.997910 -0.064582 0.002383 -0.001300 0.063671 0.988810 0.134908 5.330800 -0.011069 -0.134474 0.990855 5.235500 0.000000 0.000000 0.000000 1.000000</float_array><technique_common><accessor source="#mixamorig_Spine-Matrix-animation-output-transform-array" count="84" stride="16"><param type="float4x4"/></accessor></technique_common></source><source id="mixamorig_Spine-Interpolations"><Name_array id="mixamorig_Spine-Interpolations-array" count="84">
 LINEAR LINEAR LINEAR LINEAR LINEAR LINEAR LINEAR LINEAR LINEAR LINEAR LINEAR
LINEAR LINEAR LINEAR LINEAR LINEAR LINEAR LINEAR LINEAR LINEAR LINEAR LINEAR LINEAR
LINEAR LINEAR LINEAR LINEAR LINEAR LINEAR LINEAR LINEAR LINEAR LINEAR LINEAR LINEAR
LINEAR LINEAR LINEAR LINEAR LINEAR LINEAR LINEAR LINEAR LINEAR LINEAR LINEAR LINEAR
LINEAR LINEAR LINEAR LINEAR LINEAR LINEAR LINEAR LINEAR LINEAR LINEAR LINEAR LINEAR
LINEAR LINEAR LINEAR LINEAR LINEAR LINEAR LINEAR LINEAR LINEAR LINEAR LINEAR LINEAR
LINEAR LINEAR LINEAR LINEAR LINEAR LINEAR LINEAR LINEAR LINEAR LINEAR LINEAR LINEAR
LINEAR</Name_array><technique_common><accessor source="#mixamorig_Spine-Interpolations-array" count="84"><param type="name"/></accessor></technique_common></source><sampler id="mixamorig_Spine-Matrix-animation-transform"><input semantic="INPUT" source="#mixamorig_Spine-Matrix-animation-input"/><input semantic="OUTPUT" source="#mixamorig_Spine-Matrix-animation-output-transform"/><input semantic="INTERPOLATION" source="#mixamorig_Spine-Interpolations"/></sampler><channel source="#mixamorig_Spine-Matrix-animation-transform" target="mixamorig_Spine/matrix"/></animation>
    <animation id="mixamorig_Spine1-anim" name="mixamorig_Spine1"><source id="mixamorig_Spine1-Matrix-animation-input"><float_array id="mixamorig_Spine1-Matrix-animation-input-array" count="84">

0.000000 0.033333 0.066667 0.100000 0.133333 0.166667 0.200000 0.233333 0.266667 0.300000 0.333333 0.366667 0.400000 0.433333 0.466667 0.500000
0.533333 0.566667 0.600000 0.633333 0.666667 0.700000 0.733333 0.766667 0.800000 0.833333 0.866667 0.900000 0.933333 0.966667 1.000000 1.033333
1.066667 1.100000 1.133333 1.166667 1.200000 1.233333 1.266667 1.300000 1.333333 1.366667 1.400000 1.433333 1.466667 1.500000 1.533333 1.566667
1.600000 1.633333 1.666667 1.700000 1.733333 1.766667 1.800000 1.833333 1.866667 1.900000 1.933333 1.966667 2.000000 2.033333 2.066667 2.100000
2.133333 2.166667 2.200000 2.233333 2.266667 2.300000 2.333333 2.366667 2.400000 2.433333 2.466667 2.500000 2.533333 2.566667 2.600000 2.633333
2.666667 2.700000 2.733333 2.766667</float_array><technique_common><accessor source="#mixamorig_Spine1-Matrix-animation-input-array" count="84"><param name="TIME" type="float"/></accessor></technique_common></source><source id="mixamorig_Spine1-Matrix-animation-output-transform"><float_array id="mixamorig_Spine1-Matrix-animation-output-transform-array" count="1344">

0.999445 0.013572 0.030427 0.089900 -0.011727 0.998128 -0.060022 5.334800 -0.031185 0.059632 0.997733 12.552700 0.000000 0.000000 0.000000 1.000000
0.999688 0.009839 0.022974 0.089900 -0.008970 0.999252 -0.037607 5.334800 -0.023326 0.037390 0.999028 12.552700 0.000000 0.000000 0.000000 1.000000
0.999911 0.006996 0.011363 0.089900 -0.006916 0.999951 -0.007071 5.334800 -0.011412 0.006992 0.999910 12.552700 0.000000 0.000000 0.000000 1.000000
0.999940 0.003636 0.010339 0.089900 -0.003904 0.999654 0.026002 5.334800 -0.010241 -0.026041 0.999608 12.552700 0.000000 0.000000 0.000000 1.000000
0.999621 -0.000117 0.027542 0.089900 -0.001186 0.998881 0.047271 5.334800 -0.027516 -0.047286 0.998502 12.552700 0.000000 0.000000 0.000000 1.000000
0.998314 -0.003392 0.057942 0.089900 0.000714 0.998933 0.046185 5.334800 -0.058037 -0.046066 0.997251 12.552700 0.000000 0.000000 0.000000 1.000000
0.996021 -0.006002 0.088918 0.089900 0.003480 0.999588 0.028495 5.334800 -0.089052 -0.028072 0.995631 12.552700 0.000000 0.000000 0.000000 1.000000
0.993895 -0.008741 0.109985 0.089900 0.007319 0.999884 0.013320 5.334800 -0.110089 -0.012434 0.993844 12.552700 0.000000 0.000000 0.000000 1.000000
0.992991 -0.011645 0.117614 0.089900 0.009881 0.999830 0.015571 5.334800 -0.117775 -0.014300 0.992937 12.552700 0.000000 0.000000 0.000000 1.000000
0.993446 -0.012521 0.113616 0.089900 0.008921 0.999443 0.032144 5.334800 -0.113955 -0.030919 0.993005 12.552700 0.000000 0.000000 0.000000 1.000000
0.994710 -0.008978 0.102331 0.089900 0.004158 0.998876 0.047226 5.334800 -0.102640 -0.046551 0.993629 12.552700 0.000000 0.000000 0.000000 1.000000
0.996034 -0.002023 0.088956 0.089900 -0.002423 0.998754 0.049847 5.334800 -0.088946 -0.049865 0.994787 12.552700 0.000000 0.000000 0.000000 1.000000
0.997018 0.004404 0.077046 0.089900 -0.007718 0.999055 0.042763 5.334800 -0.076784 -0.043231 0.996110 12.552700 0.000000 0.000000 0.000000 1.000000
0.997821 0.007590 0.065534 0.089900 -0.009927 0.999324 0.035409 5.334800 -0.065221 -0.035982 0.997222 12.552700 0.000000 0.000000 0.000000 1.000000
0.998754 0.008036 0.049255 0.089900 -0.009640 0.999428 0.032415 5.334800 -0.048966 -0.032849 0.998260 12.552700 0.000000 0.000000 0.000000 1.000000
0.999668 0.007521 0.024651 0.089900 -0.008271 0.999502 0.030463 5.334800 -0.024410 -0.030656 0.999232 12.552700 0.000000 0.000000 0.000000 1.000000
0.999969 0.006655 -0.004236 0.089900 -0.006552 0.999691 0.023989 5.334800 0.004394 -0.023960 0.999703 12.552700 0.000000 0.000000 0.000000 1.000000
0.999635 0.004656 -0.026616 0.089900 -0.004357 0.999927 0.011275 5.334800 0.026667 -0.011155 0.999582 12.552700 0.000000 0.000000 0.000000 1.000000
0.999451 0.000858 -0.033122 0.089900 -0.001012 0.999989 -0.004613 5.334800 0.033118 0.004644 0.999441 12.552700 0.000000 0.000000 0.000000 1.000000
0.999718 -0.004086 -0.023396 0.089900 0.003640 0.999811 -0.019079 5.334800 0.023470 0.018988 0.999544 12.552700 0.000000 0.000000 0.000000 1.000000
0.999946 -0.008495 -0.005973 0.089900 0.008316 0.999534 -0.029366 5.334800 0.006220 0.029315 0.999551 12.552700 0.000000 0.000000 0.000000 1.000000
0.999905 -0.010902 0.008467 0.089900 0.011197 0.999303 -0.035618 5.334800 -0.008073 0.035709 0.999330 12.552700 0.000000 0.000000 0.000000 1.000000
0.999836 -0.011155 0.014290 0.089900 0.011717 0.999137 -0.039862 5.334800 -0.013833 0.040023 0.999103 12.552700 0.000000 0.000000 0.000000 1.000000
0.999857 -0.010407 0.013364 0.089900 0.010982 0.998982 -0.043745 5.334800 -0.012895 0.043886 0.998953 12.552700 0.000000 0.000000 0.000000 1.000000
0.999882 -0.010048 0.011593 0.089900 0.010581 0.998844 -0.046888 5.334800 -0.011108 0.047005 0.998833 12.552700 0.000000 0.000000 0.000000 1.000000
0.999854 -0.010760 0.013256 0.089900 0.011381 0.998797 -0.047694 5.334800 -0.012727 0.047837 0.998774 12.552700 0.000000 0.000000 0.000000 1.000000
0.999757 -0.012375 0.018216 0.089900 0.013194 0.998873 -0.045581 5.334800 -0.017631 0.045811 0.998795 12.552700 0.000000 0.000000 0.000000 1.000000
0.999624 -0.014171 0.023487 0.089900 0.015146 0.999007 -0.041889 5.334800 -0.022870 0.042229 0.998846 12.552700 0.000000 0.000000 0.000000 1.000000
0.999531 -0.015302 0.026515 0.089900 0.016317 0.999126 -0.038482 5.334800 -0.025903 0.038897 0.998907 12.552700 0.000000 0.000000 0.000000 1.000000
0.999524 -0.015325 0.026792 0.089900 0.016290 0.999213 -0.036153 5.334800 -0.026217 0.036573 0.998987 12.552700 0.000000 0.000000 0.000000 1.000000
0.999580 -0.014481 0.025091 0.089900 0.015348 0.999280 -0.034691 5.334800 -0.024571 0.035062 0.999083 12.552700 0.000000 0.000000 0.000000 1.000000
0.999665 -0.013418 0.022150 0.089900 0.014159 0.999333 -0.033654 5.334800 -0.021684 0.033957 0.999188 12.552700 0.000000 0.000000 0.000000 1.000000
0.999752 -0.012607 0.018383 0.089900 0.013205 0.999374 -0.032816 5.334800 -0.017958 0.033051 0.999292 12.552700 0.000000 0.000000 0.000000 1.000000
0.999824 -0.012045 0.014368 0.089900 0.012503 0.999402 -0.032250 5.334800 -0.013971 0.032424 0.999377 12.552700 0.000000 0.000000 0.000000 1.000000
0.999873 -0.011472 0.011036 0.089900 0.011821 0.999415 -0.032083 5.334800 -0.010662 0.032210 0.999424 12.552700 0.000000 0.000000 0.000000 1.000000
0.999900 -0.010747 0.009203 0.089900 0.011038 0.999421 -0.032185 5.334800 -0.008852 0.032284 0.999440 12.552700 0.000000 0.000000 0.000000 1.000000
0.999910 -0.009988 0.008993 0.089900 0.010272 0.999431 -0.032136 5.334800 -0.008667 0.032225 0.999443 12.552700 0.000000 0.000000 0.000000 1.000000
0.999908 -0.009405 0.009797 0.089900 0.009710 0.999456 -0.031518 5.334800 -0.009495 0.031611 0.999455 12.552700 0.000000 0.000000 0.000000 1.000000
0.999900 -0.009110 0.010794 0.089900 0.009433 0.999497 -0.030263 5.334800 -0.010513 0.030362 0.999484 12.552700 0.000000 0.000000 0.000000 1.000000
0.999893 -0.009060 0.011487 0.089900 0.009387 0.999544 -0.028702 5.334800 -0.011222 0.028807 0.999522 12.552700 0.000000 0.000000 0.000000 1.000000
0.999888 -0.009146 0.011811 0.089900 0.009466 0.999583 -0.027271 5.334800 -0.011557 0.027380 0.999558 12.552700 0.000000 0.000000 0.000000 1.000000
0.999886 -0.009282 0.011906 0.089900 0.009591 0.999612 -0.026151 5.334800 -0.011658 0.026262 0.999587 12.552700 0.000000 0.000000 0.000000 1.000000
0.999885 -0.009437 0.011888 0.089900 0.009735 0.999635 -0.025196 5.334800 -0.011646 0.025309 0.999612 12.552700 0.000000 0.000000 0.000000 1.000000
0.999885 -0.009610 0.011760 0.089900 0.009892 0.999659 -0.024175 5.334800 -0.011524 0.024288 0.999639 12.552700 0.000000 0.000000 0.000000 1.000000
0.999887 -0.009788 0.011425 0.089900 0.010049 0.999684 -0.023040 5.334800 -0.011196 0.023153 0.999669 12.552700 0.000000 0.000000 0.000000 1.000000
0.999893 -0.009929 0.010719 0.089900 0.010163 0.999707 -0.021985 5.334800 -0.010498 0.022091 0.999701 12.552700 0.000000 0.000000 0.000000 1.000000
0.999906 -0.009965 0.009438 0.089900 0.010164 0.999722 -0.021254 5.334800 -0.009224 0.021348 0.999730 12.552700 0.000000 0.000000 0.000000 1.000000
0.999924 -0.009831 0.007397 0.089900 0.009984 0.999731 -0.020931 5.334800 -0.007190 0.021004 0.999754 12.552700 0.000000 0.000000 0.000000 1.000000
0.999945 -0.009495 0.004553 0.089900 0.009588 0.999736 -0.020865 5.334800 -0.004353 0.020907 0.999772 12.552700 0.000000 0.000000 0.000000 1.000000
0.999959 -0.008995 0.001142 0.089900 0.009017 0.999743 -0.020783 5.334800 -0.000955 0.020792 0.999783 12.552700 0.000000 0.000000 0.000000 1.000000
0.999962 -0.008434 -0.002254 0.089900 0.008386 0.999755 -0.020490 5.334800 0.002426 0.020470 0.999788 12.552700 0.000000 0.000000 0.000000 1.000000
0.999957 -0.007957 -0.004806 0.089900 0.007859 0.999769 -0.020007 5.334800 0.004964 0.019968 0.999788 12.552700 0.000000 0.000000 0.000000 1.000000
0.999954 -0.007708 -0.005732 0.089900 0.007594 0.999779 -0.019587 5.334800 0.005882 0.019543 0.999792 12.552700 0.000000 0.000000 0.000000 1.000000
0.999959 -0.007766 -0.004701 0.089900 0.007673 0.999779 -0.019570 5.334800 0.004852 0.019534 0.999797 12.552700 0.000000 0.000000 0.000000 1.000000
