<?xml version="1.0" encoding="utf-8"?>
<COLLADA xmlns="http://www.collada.org/2005/11/COLLADASchema" version="1.4.1">
  <asset><contributor><author>Mixamo</author><authoring_tool>COLLADA Mixamo exporter</authoring_tool><comments></comments></contributor><created>2020-04-23T09:54:59Z</created><modified>2020-04-23T09:54:59Z</modified><revision></revision><title></title><unit meter="0.010000"/><up_axis>Y_UP</up_axis></asset>
  <library_animations>
    <animation id="mixamorig_Hips-anim" name="mixamorig_Hips"><source id="mixamorig_Hips-Matrix-animation-input"><float_array id="mixamorig_Hips-Matrix-animation-input-array" count="76">

0.000000 0.033333 0.066667 0.100000 0.133333 0.166667 0.200000 0.233333 0.266667 0.300000 0.333333 0.366667 0.400000 0.433333 0.466667 0.500000
0.533333 0.566667 0.600000 0.633333 0.666667 0.700000 0.733333 0.766667 0.800000 0.833333 0.866667 0.900000 0.933333 0.966667 1.000000 1.033333
1.066667 1.100000 1.133333 1.166667 1.200000 1.233333 1.266667 1.300000 1.333333 1.366667 1.400000 1.433333 1.466667 1.500000 1.533333 1.566667
1.600000 1.633333 1.666667 1.700000 1.733333 1.766667 1.800000 1.833333 1.866667 1.900000 1.933333 1.966667 2.000000 2.033333 2.066667 2.100000
2.133333 2.166667 2.200000 2.233333 2.266667 2.300000 2.333333 2.366667 2.400000 2.433333 2.466667 2.500000</float_array><technique_common><accessor source="#mixamorig_Hips-Matrix-animation-input-array" count="76"><param name="TIME" type="float"/></accessor></technique_common></source><source id="mixamorig_Hips-Matrix-animation-output-transform"><float_array id="mixamorig_Hips-Matrix-animation-output-transform-array" count="1216">

0.076707 -0.010524 -0.003400 0.623688 0.009609 0.051622 0.057001 2.225684 -0.005476 -0.056839 0.052399 -1.867944 0.000000 0.000000 0.000000 1.000000
0.076701 -0.010548 -0.003459 0.623903 0.009669 0.051617 0.056995 2.222086 -0.005453 -0.056839 0.052401 -1.868085 0.000000 0.000000 0.000000 1.000000
0.076705 -0.010522 -0.003455 0.625332 0.009646 0.051599 0.057016 2.218938 -0.005440 -0.056860 0.052379 -1.868675 0.000000 0.000000 0.000000 1.000000
0.076709 -0.010492 -0.003446 0.626688 0.009615 0.051561 0.057055 2.215734 -0.005432 -0.056900 0.052336 -1.869785 0.000000 0.000000 0.000000 1.000000
0.076712 -0.010477 -0.003434 0.627183 0.009593 0.051529 0.057088 2.213678 -0.005434 -0.056932 0.052302 -1.870546 0.000000 0.000000 0.000000 1.000000
0.076715 -0.010462 -0.003407 0.627395 0.009562 0.051523 0.057098 2.213554 -0.005443 -0.056940 0.052292 -1.870508 0.000000 0.000000 0.000000 1.000000
0.076718 -0.010447 -0.003388 0.627692 0.009538 0.051525 0.057100 2.213236 -0.005445 -0.056941 0.052291 -1.870290 0.000000 0.000000 0.000000 1.000000
0.076719 -0.010439 -0.003395 0.628196 0.009536 0.051505 0.057119 2.210893 -0.005437 -0.056961 0.052270 -1.870844 0.000000 0.000000 0.000000 1.000000
0.076719 -0.010430 -0.003406 0.628877 0.009534 0.051464 0.057156 2.207542 -0.005430 -0.056999 0.052229 -1.872042 0.000000 0.000000 0.000000 1.000000
0.076721 -0.010417 -0.003403 0.629574 0.009519 0.051425 0.057193 2.204326 -0.005430 -0.057037 0.052188 -1.873113 0.000000 0.000000 0.000000 1.000000
0.076722 -0.010414 -0.003392 0.629804 0.009506 0.051396 0.057222 2.201269 -0.005440 -0.057064 0.052157 -1.873722 0.000000 0.000000 0.000000 1.000000
0.076721 -0.010430 -0.003376 0.629095 0.009503 0.051368 0.057247 2.198417 -0.005467 -0.057085 0.052131 -1.873986 0.000000 0.000000 0.000000 1.000000
0.076718 -0.010460 -0.003354 0.627602 0.009504 0.051341 0.057272 2.195777 -0.005508 -0.057105 0.052105 -1.873988 0.000000 0.000000 0.000000 1.000000
0.076715 -0.010493 -0.003316 0.625721 0.009496 0.051319 0.057293 2.193433 -0.005562 -0.057119 0.052084 -1.873606 0.000000 0.000000 0.000000 1.000000
0.076715 -0.010508 -0.003259 0.624379 0.009462 0.051305 0.057310 2.191871 -0.005613 -0.057128 0.052069 -1.873041 0.000000 0.000000 0.000000 1.000000
0.076718 -0.010500 -0.003212 0.624211 0.009421 0.051294 0.057327 2.190440 -0.005641 -0.057139 0.052053 -1.872815 0.000000 0.000000 0.000000 1.000000
0.076720 -0.010490 -0.003194 0.624641 0.009398 0.051274 0.057349 2.187988 -0.005649 -0.057159 0.052030 -1.873098 0.000000 0.000000 0.000000 1.000000
0.076722 -0.010479 -0.003181 0.625109 0.009378 0.051248 0.057376 2.185026 -0.005655 -0.057185 0.052002 -1.873592 0.000000 0.000000 0.000000 1.000000
0.076727 -0.010456 -0.003157 0.625964 0.009342 0.051223 0.057403 2.182504 -0.005658 -0.057211 0.051972 -1.874117 0.000000 0.000000 0.000000 1.000000
0.076731 -0.010426 -0.003141 0.627191 0.009308 0.051201 0.057429 2.179989 -0.005651 -0.057237 0.051945 -1.874696 0.000000 0.000000 0.000000 1.000000
0.076735 -0.010406 -0.003127 0.628021 0.009282 0.051178 0.057453 2.177177 -0.005649 -0.057260 0.051919 -1.875160 0.000000 0.000000 0.000000 1.000000
0.076738 -0.010387 -0.003106 0.628609 0.009252 0.051161 0.057473 2.175006 -0.005652 -0.057279 0.051898 -1.875406 0.000000 0.000000 0.000000 1.000000
0.076743 -0.010359 -0.003080 0.629474 0.009212 0.051147 0.057493 2.173511 -0.005652 -0.057297 0.051878 -1.875673 0.000000 0.000000 0.000000 1.000000
0.076748 -0.010330 -0.003050 0.630400 0.009167 0.051128 0.057517 2.171955 -0.005654 -0.057319 0.051854 -1.876056 0.000000 0.000000 0.000000 1.000000
0.076751 -0.010312 -0.003033 0.630989 0.009141 0.051107 0.057539 2.170104 -0.005656 -0.057341 0.051829 -1.876481 0.000000 0.000000 0.000000 1.000000
0.076750 -0.010316 -0.003041 0.630880 0.009147 0.051091 0.057553 2.168034 -0.005657 -0.057355 0.051814 -1.876701 0.000000 0.000000 0.000000 1.000000
0.076749 -0.010324 -0.003051 0.630688 0.009159 0.051077 0.057563 2.165832 -0.005657 -0.057365 0.051802 -1.876879 0.000000 0.000000 0.000000 1.000000
0.076750 -0.010314 -0.003056 0.631217 0.009154 0.051060 0.057579 2.163614 -0.005650 -0.057382 0.051784 -1.877350 0.000000 0.000000 0.000000 1.000000
0.076753 -0.010290 -0.003046 0.632202 0.009128 0.051039 0.057602 2.161601 -0.005642 -0.057406 0.051759 -1.878018 0.000000 0.000000 0.000000 1.000000
0.076760 -0.010251 -0.003012 0.633556 0.009075 0.051020 0.057627 2.160151 -0.005640 -0.057429 0.051734 -1.878629 0.000000 0.000000 0.000000 1.000000
0.076767 -0.010208 -0.002969 0.635037 0.009013 0.051015 0.057641 2.159226 -0.005638 -0.057442 0.051719 -1.878859 0.000000 0.000000 0.000000 1.000000
0.076773 -0.010179 -0.002924 0.635869 0.008959 0.051012 0.057652 2.158358 -0.005648 -0.057449 0.051710 -1.878809 0.000000 0.000000 0.000000 1.000000
0.076777 -0.010161 -0.002871 0.636180 0.008906 0.051004 0.057668 2.157171 -0.005671 -0.057460 0.051696 -1.878743 0.000000 0.000000 0.000000 1.000000
0.076783 -0.010133 -0.002831 0.637039 0.008857 0.050996 0.057682 2.155455 -0.005679 -0.057471 0.051682 -1.878751 0.000000 0.000000 0.000000 1.000000
0.076789 -0.010088 -0.002809 0.638890 0.008810 0.050994 0.057691 2.153856 -0.005661 -0.057481 0.051673 -1.878921 0.000000 0.000000 0.000000 1.000000
0.076797 -0.010037 -0.002785 0.641084 0.008757 0.050995 0.057698 2.153581 -0.005640 -0.057489 0.051667 -1.879254 0.000000 0.000000 0.000000 1.000000
0.076803 -0.009997 -0.002769 0.642872 0.008719 0.051001 0.057698 2.154383 -0.005620 -0.057491 0.051667 -1.879608 0.000000 0.000000 0.000000 1.000000
0.076806 -0.009969 -0.002771 0.644276 0.008702 0.051008 0.057695 2.155364 -0.005598 -0.057489 0.051671 -1.879924 0.000000 0.000000 0.000000 1.000000
0.076809 -0.009948 -0.002783 0.645482 0.008698 0.051018 0.057687 2.156466 -0.005572 -0.057484 0.051679 -1.880160 0.000000 0.000000 0.000000 1.000000
0.076810 -0.009932 -0.002804 0.646482 0.008704 0.051031 0.057674 2.157845 -0.005545 -0.057475 0.051692 -1.880292 0.000000 0.000000 0.000000 1.000000
0.076810 -0.009924 -0.002834 0.647236 0.008723 0.051046 0.057658 2.159437 -0.005516 -0.057463 0.051709 -1.880360 0.000000 0.000000 0.000000 1.000000
0.076808 -0.009922 -0.002875 0.647770 0.008754 0.051063 0.057638 2.161160 -0.005485 -0.057449 0.051728 -1.880375 0.000000 0.000000 0.000000 1.000000
0.076806 -0.009926 -0.002923 0.648139 0.008794 0.051081 0.057616 2.163019 -0.005453 -0.057432 0.051750 -1.880359 0.000000 0.000000 0.000000 1.000000
0.076803 -0.009934 -0.002977 0.648348 0.008842 0.051101 0.057591 2.164992 -0.005419 -0.057413 0.051775 -1.880304 0.000000 0.000000 0.000000 1.000000
0.076799 -0.009947 -0.003039 0.648422 0.008899 0.051121 0.057565 2.167050 -0.005384 -0.057393 0.051801 -1.880225 0.000000 0.000000 0.000000 1.000000
0.076794 -0.009963 -0.003106 0.648388 0.008962 0.051142 0.057537 2.169176 -0.005347 -0.057372 0.051828 -1.880131 0.000000 0.000000 0.000000 1.000000
0.076789 -0.009982 -0.003178 0.648264 0.009031 0.051163 0.057507 2.171348 -0.005309 -0.057349 0.051857 -1.880022 0.000000 0.000000 0.000000 1.000000
0.076783 -0.010003 -0.003254 0.648072 0.009104 0.051184 0.057477 2.173536 -0.005270 -0.057327 0.051885 -1.879922 0.000000 0.000000 0.000000 1.000000
0.076776 -0.010027 -0.003333 0.647837 0.009181 0.051205 0.057446 2.175723 -0.005230 -0.057304 0.051915 -1.879837 0.000000 0.000000 0.000000 1.000000
0.076770 -0.010051 -0.003414 0.647579 0.009260 0.051225 0.057415 2.177886 -0.005189 -0.057282 0.051943 -1.879777 0.000000 0.000000 0.000000 1.000000
0.076763 -0.010075 -0.003497 0.647320 0.009341 0.051245 0.057385 2.180000 -0.005148 -0.057260 0.051971 -1.879737 0.000000 0.000000 0.000000 1.000000
0.076756 -0.010100 -0.003581 0.647078 0.009422 0.051263 0.057355 2.182059 -0.005106 -0.057239 0.051998 -1.879721 0.000000 0.000000 0.000000 1.000000
0.076748 -0.010124 -0.003666 0.646897 0.009502 0.051280 0.057326 2.184031 -0.005063 -0.057220 0.052024 -1.879757 0.000000 0.000000 0.000000 1.000000
0.076742 -0.010145 -0.003750 0.646791 0.009581 0.051295 0.057300 2.185881 -0.005019 -0.057202 0.052047 -1.879840 0.000000 0.000000 0.000000 1.000000
0.076735 -0.010166 -0.003830 0.646721 0.009656 0.051309 0.057275 2.187623 -0.004977 -0.057187 0.052069 -1.879969 0.000000 0.000000 0.000000 1.000000
0.076728 -0.010185 -0.003911 0.646741 0.009730 0.051320 0.057252 2.189207 -0.004934 -0.057173 0.052088 -1.880176 0.000000 0.000000 0.000000 1.000000
0.076723 -0.010196 -0.003994 0.647158 0.009800 0.051328 0.057233 2.190577 -0.004884 -0.057164 0.052103 -1.880573 0.000000 0.000000 0.000000 1.000000
0.076718 -0.010205 -0.004056 0.647472 0.009853 0.051333 0.057219 2.191762 -0.004847 -0.057158 0.052113 -1.880897 0.000000 0.000000 0.000000 1.000000
0.076712 -0.010242 -0.004076 0.646051 0.009894 0.051336 0.057210 2.192692 -0.004860 -0.057149 0.052122 -1.880647 0.000000 0.000000 0.000000 1.000000
0.076701 -0.010318 -0.004091 0.642809 0.009956 0.051331 0.057204 2.192744 -0.004907 -0.057140 0.052127 -1.880156 0.000000 0.000000 0.000000 1.000000
0.076687 -0.010405 -0.004127 0.639483 0.010042 0.051322 0.057197 2.191787 -0.004947 -0.057132 0.052132 -1.879813 0.000000 0.000000 0.000000 1.000000
0.076678 -0.010468 -0.004149 0.637196 0.010102 0.051333 0.057176 2.191281 -0.004975 -0.057110 0.052153 -1.879057 0.000000 0.000000 0.000000 1.000000
0.076675 -0.010495 -0.004122 0.635957 0.010102 0.051360 0.057152 2.192379 -0.005008 -0.057081 0.052181 -1.877999 0.000000 0.000000 0.000000 1.000000
0.076677 -0.010510 -0.004060 0.634724 0.010068 0.051384 0.057137 2.194779 -0.005057 -0.057057 0.052203 -1.877038 0.000000 0.000000 0.000000 1.000000
0.076677 -0.010532 -0.003987 0.632860 0.010031 0.051410 0.057119 2.198246 -0.005118 -0.057029 0.052228 -1.875908 0.000000 0.000000 0.000000 1.000000
0.076678 -0.010555 -0.003910 0.630863 0.009992 0.051441 0.057099 2.202306 -0.005181 -0.056997 0.052256 -1.874641 0.000000 0.000000 0.000000 1.000000
0.076682 -0.010559 -0.003831 0.629619 0.009939 0.051468 0.057083 2.206169 -0.005233 -0.056972 0.052279 -1.873600 0.000000 0.000000 0.000000 1.000000
0.076687 -0.010548 -0.003748 0.629046 0.009872 0.051495 0.057071 2.209728 -0.005277 -0.056950 0.052298 -1.872736 0.000000 0.000000 0.000000 1.000000
0.076692 -0.010541 -0.003670 0.628369 0.009812 0.051527 0.057052 2.213130 -0.005319 -0.056922 0.052324 -1.871676 0.000000 0.000000 0.000000 1.000000
0.076693 -0.010555 -0.003619 0.627077 0.009787 0.051565 0.057022 2.215945 -0.005358 -0.056885 0.052361 -1.870296 0.000000 0.000000 0.000000 1.000000
0.076689 -0.010590 -0.003596 0.625127 0.009797 0.051598 0.056990 2.217633 -0.005394 -0.056848 0.052397 -1.868895 0.000000 0.000000 0.000000 1.000000
0.076687 -0.010612 -0.003572 0.623704 0.009796 0.051612 0.056978 2.218523 -0.005423 -0.056832 0.052412 -1.868179 0.000000 0.000000 0.000000 1.000000
0.076690 -0.010606 -0.003521 0.623077 0.009754 0.051609 0.056988 2.219647 -0.005454 -0.056836 0.052404 -1.868083 0.000000 0.000000 0.000000 1.000000
0.076695 -0.010590 -0.003459 0.622536 0.009697 0.051606 0.057000 2.221517 -0.005486 -0.056841 0.052395 -1.867960 0.000000 0.000000 0.000000 1.000000
0.076700 -0.010565 -0.003429 0.622663 0.009657 0.051610 0.057003 2.223693 -0.005487 -0.056842 0.052394 -1.867925 0.000000 0.000000 0.000000 1.000000
0.076707 -0.010525 -0.003399 0.623585 0.009609 0.051622 0.057000 2.225698 -0.005477 -0.056838 0.052399 -1.867846 0.000000 0.000000 0.000000 1.000000</float_array><technique_common><accessor source="#mixamorig_Hips-Matrix-animation-output-transform-array" count="76" stride="16"><param type="float4x4"/></accessor></technique_common></source><source id="mixamorig_Hips-Interpolations"><Name_array id="mixamorig_Hips-Interpolations-array" count="76">
 LINEAR LINEAR LINEAR LINEAR LINEAR LINEAR LINEAR LINEAR LINEAR LINEAR LINEAR
LINEAR LINEAR LINEAR LINEAR LINEAR LINEAR LINEAR LINEAR LINEAR LINEAR LINEAR LINEAR
LINEAR LINEAR LINEAR LINEAR LINEAR LINEAR LINEAR LINEAR LINEAR LINEAR LINEAR LINEAR
LINEAR LINEAR LINEAR LINEAR LINEAR LINEAR LINEAR LINEAR LINEAR LINEAR LINEAR LINEAR
LINEAR LINEAR LINEAR LINEAR LINEAR LINEAR LINEAR LINEAR LINEAR LINEAR LINEAR LINEAR
LINEAR LINEAR LINEAR LINEAR LINEAR LINEAR LINEAR LINEAR LINEAR LINEAR LINEAR LINEAR
LINEAR LINEAR LINEAR LINEAR LINEAR</Name_array><technique_common><accessor source="#mixamorig_Hips-Interpolations-array" count="76"><param type="name"/></accessor></technique_common></source><sampler id="mixamorig_Hips-Matrix-animation-transform"><input semantic="INPUT" source="#mixamorig_Hips-Matrix-animation-input"/><input semantic="OUTPUT" source="#mixamorig_Hips-Matrix-animation-output-transform"/><input semantic="INTERPOLATION" source="#mixamorig_Hips-Interpolations"/></sampler><channel source="#mixamorig_Hips-Matrix-animation-transform" target="mixamorig_Hips/matrix"/></animation>
    <animation id="mixamorig_Spine-anim" name="mixamorig_Spine"><source id="mixamorig_Spine-Matrix-animation-input"><float_array id="mixamorig_Spine-Matrix-animation-input-array" count="76">

0.000000 0.033333 0.066667 0.100000 0.133333 0.166667 0.200000 0.233333 0.266667 0.300000 0.333333 0.366667 0.400000 0.433333 0.466667 0.500000
0.533333 0.566667 0.600000 0.633333 0.666667 0.700000 0.733333 0.766667 0.800000 0.833333 0.866667 0.900000 0.933333 0.966667 1.000000 1.033333
1.066667 1.100000 1.133333 1.166667 1.200000 1.233333 1.266667 1.300000 1.333333 1.366667 1.400000 1.433333 1.466667 1.500000 1.533333 1.566667
1.600000 1.633333 1.666667 1.700000 1.733333 1.766667 1.800000 1.833333 1.866667 1.900000 1.933333 1.966667 2.000000 2.033333 2.066667 2.100000
2.133333 2.166667 2.200000 2.233333 2.266667 2.300000 2.333333 2.366667 2.400000 2.433333 2.466667 2.500000</float_array><technique_common><accessor source="#mixamorig_Spine-Matrix-animation-input-array" count="76"><param name="TIME" type="float"/></accessor></technique_common></source><source id="mixamorig_Spine-Matrix-animation-output-transform"><float_array id="mixamorig_Spine-Matrix-animation-output-transform-array" count="1216">

0.998952 0.014538 0.043407 -0.001300 -0.013429 0.999578 -0.025741 5.330800 -0.043763 0.025131 0.998726 5.235500 0.000000 0.000000 0.000000 1.000000
0.998929 0.014612 0.043895 -0.001300 -0.013492 0.999579 -0.025704 5.330800 -0.044252 0.025084 0.998705 5.235500 0.000000 0.000000 0.000000 1.000000
0.998926 0.014515 0.044008 -0.001300 -0.013390 0.999578 -0.025762 5.330800 -0.044363 0.025145 0.998699 5.235500 0.000000 0.000000 0.000000 1.000000
0.998925 0.014334 0.044075 -0.001300 -0.013198 0.999575 -0.025976 5.330800 -0.044429 0.025366 0.998690 5.235500 0.000000 0.000000 0.000000 1.000000
0.998927 0.014207 0.044078 -0.001300 -0.013066 0.999575 -0.026067 5.330800 -0.044430 0.025464 0.998688 5.235500 0.000000 0.000000 0.000000 1.000000
0.998931 0.014097 0.044028 -0.001300 -0.012958 0.999576 -0.026060 5.330800 -0.044376 0.025462 0.998690 5.235500 0.000000 0.000000 0.000000 1.000000
0.998933 0.014087 0.043981 -0.001300 -0.012946 0.999575 -0.026113 5.330800 -0.044330 0.025516 0.998691 5.235500 0.000000 0.000000 0.000000 1.000000
0.998930 0.014128 0.044029 -0.001300 -0.012984 0.999573 -0.026167 5.330800 -0.044380 0.025567 0.998688 5.235500 0.000000 0.000000 0.000000 1.000000
0.998926 0.014102 0.044137 -0.001300 -0.012950 0.999571 -0.026278 5.330800 -0.044488 0.025679 0.998680 5.235500 0.000000 0.000000 0.000000 1.000000
0.998926 0.014096 0.044138 -0.001300 -0.012938 0.999567 -0.026414 5.330800 -0.044491 0.025814 0.998676 5.235500 0.000000 0.000000 0.000000 1.000000
0.998924 0.014114 0.044187 -0.001300 -0.012952 0.999566 -0.026472 5.330800 -0.044542 0.025871 0.998672 5.235500 0.000000 0.000000 0.000000 1.000000
0.998921 0.014173 0.044221 -0.001300 -0.013012 0.999566 -0.026421 5.330800 -0.044576 0.025817 0.998672 5.235500 0.000000 0.000000 0.000000 1.000000
0.998920 0.014239 0.044234 -0.001300 -0.013076 0.999564 -0.026461 5.330800 -0.044592 0.025854 0.998671 5.235500 0.000000 0.000000 0.000000 1.000000
0.998920 0.014316 0.044193 -0.001300 -0.013151 0.999562 -0.026524 5.330800 -0.044554 0.025914 0.998671 5.235500 0.000000 0.000000 0.000000 1.000000
0.998928 0.014404 0.043992 -0.001300 -0.013248 0.999562 -0.026460 5.330800 -0.044354 0.025849 0.998681 5.235500 0.000000 0.000000 0.000000 1.000000
0.998933 0.014259 0.043936 -0.001300 -0.013101 0.999562 -0.026528 5.330800 -0.044295 0.025924 0.998682 5.235500 0.000000 0.000000 0.000000 1.000000
0.998931 0.014192 0.044003 -0.001300 -0.013035 0.999564 -0.026490 5.330800 -0.044360 0.025888 0.998680 5.235500 0.000000 0.000000 0.000000 1.000000
0.998930 0.014124 0.044048 -0.001300 -0.012967 0.999566 -0.026458 5.330800 -0.044403 0.025859 0.998679 5.235500 0.000000 0.000000 0.000000 1.000000
0.998930 0.013978 0.044079 -0.001300 -0.012821 0.999569 -0.026417 5.330800 -0.044429 0.025824 0.998679 5.235500 0.000000 0.000000 0.000000 1.000000
0.998933 0.013858 0.044055 -0.001300 -0.012705 0.999572 -0.026358 5.330800 -0.044402 0.025770 0.998681 5.235500 0.000000 0.000000 0.000000 1.000000
0.998931 0.013800 0.044114 -0.001300 -0.012646 0.999573 -0.026332 5.330800 -0.044458 0.025746 0.998679 5.235500 0.000000 0.000000 0.000000 1.000000
0.998933 0.013691 0.044096 -0.001300 -0.012536 0.999574 -0.026348 5.330800 -0.044438 0.025767 0.998680 5.235500 0.000000 0.000000 0.000000 1.000000
0.998940 0.013576 0.043979 -0.001300 -0.012422 0.999574 -0.026394 5.330800 -0.044318 0.025819 0.998684 5.235500 0.000000 0.000000 0.000000 1.000000
0.998946 0.013457 0.043874 -0.001300 -0.012305 0.999575 -0.026423 5.330800 -0.044211 0.025856 0.998688 5.235500 0.000000 0.000000 0.000000 1.000000
0.998950 0.013361 0.043817 -0.001300 -0.012208 0.999575 -0.026480 5.330800 -0.044152 0.025917 0.998689 5.235500 0.000000 0.000000 0.000000 1.000000
0.998947 0.013337 0.043899 -0.001300 -0.012182 0.999575 -0.026468 5.330800 -0.044233 0.025905 0.998685 5.235500 0.000000 0.000000 0.000000 1.000000
0.998940 0.013374 0.044047 -0.001300 -0.012219 0.999577 -0.026396 5.330800 -0.044381 0.025830 0.998681 5.235500 0.000000 0.000000 0.000000 1.000000
0.998936 0.013372 0.044144 -0.001300 -0.012213 0.999576 -0.026417 5.330800 -0.044478 0.025850 0.998676 5.235500 0.000000 0.000000 0.000000 1.000000
0.998939 0.013325 0.044074 -0.001300 -0.012168 0.999577 -0.026416 5.330800 -0.044408 0.025852 0.998679 5.235500 0.000000 0.000000 0.000000 1.000000
0.998948 0.013177 0.043927 -0.001300 -0.012027 0.999580 -0.026355 5.330800 -0.044256 0.025799 0.998687 5.235500 0.000000 0.000000 0.000000 1.000000
0.998957 0.013050 0.043753 -0.001300 -0.011904 0.999581 -0.026373 5.330800 -0.044079 0.025824 0.998694 5.235500 0.000000 0.000000 0.000000 1.000000
0.998966 0.012930 0.043584 -0.001300 -0.011789 0.999583 -0.026346 5.330800 -0.043906 0.025805 0.998702 5.235500 0.000000 0.000000 0.000000 1.000000
0.998973 0.012818 0.043449 -0.001300 -0.011682 0.999586 -0.026306 5.330800 -0.043768 0.025771 0.998709 5.235500 0.000000 0.000000 0.000000 1.000000
0.998977 0.012700 0.043411 -0.001300 -0.011563 0.999586 -0.026338 5.330800 -0.043728 0.025809 0.998710 5.235500 0.000000 0.000000 0.000000 1.000000
0.998984 0.012600 0.043260 -0.001300 -0.011468 0.999588 -0.026323 5.330800 -0.043574 0.025800 0.998717 5.235500 0.000000 0.000000 0.000000 1.000000
0.998995 0.012558 0.043026 -0.001300 -0.011435 0.999590 -0.026248 5.330800 -0.043338 0.025730 0.998729 5.235500 0.000000 0.000000 0.000000 1.000000
0.999007 0.012525 0.042757 -0.001300 -0.011404 0.999588 -0.026356 5.330800 -0.043070 0.025842 0.998738 5.235500 0.000000 0.000000 0.000000 1.000000
0.999015 0.012567 0.042552 -0.001300 -0.011456 0.999590 -0.026251 5.330800 -0.042865 0.025738 0.998749 5.235500 0.000000 0.000000 0.000000 1.000000
0.999021 0.012650 0.042387 -0.001300 -0.011545 0.999590 -0.026202 5.330800 -0.042701 0.025687 0.998758 5.235500 0.000000 0.000000 0.000000 1.000000
0.999024 0.012664 0.042315 -0.001300 -0.011557 0.999587 -0.026305 5.330800 -0.042630 0.025791 0.998758 5.235500 0.000000 0.000000 0.000000 1.000000
0.999024 0.012784 0.042271 -0.001300 -0.011678 0.999586 -0.026302 5.330800 -0.042590 0.025783 0.998760 5.235500 0.000000 0.000000 0.000000 1.000000
0.999027 0.012950 0.042163 -0.001300 -0.011854 0.999588 -0.026155 5.330800 -0.042485 0.025630 0.998768 5.235500 0.000000 0.000000 0.000000 1.000000
0.999021 0.013014 0.042270 -0.001300 -0.011908 0.999583 -0.026315 5.330800 -0.042595 0.025786 0.998760 5.235500 0.000000 0.000000 0.000000 1.000000
0.999019 0.013248 0.042246 -0.001300 -0.012150 0.999585 -0.026130 5.330800 -0.042575 0.025591 0.998765 5.235500 0.000000 0.000000 0.000000 1.000000
0.999014 0.013419 0.042313 -0.001300 -0.012321 0.999583 -0.026103 5.330800 -0.042645 0.025556 0.998763 5.235500 0.000000 0.000000 0.000000 1.000000
0.999006 0.013546 0.042460 -0.001300 -0.012443 0.999581 -0.026137 5.330800 -0.042797 0.025582 0.998756 5.235500 0.000000 0.000000 0.000000 1.000000
0.999002 0.013673 0.042516 -0.001300 -0.012569 0.999580 -0.026110 5.330800 -0.042855 0.025550 0.998755 5.235500 0.000000 0.000000 0.000000 1.000000
0.998988 0.013815 0.042810 -0.001300 -0.012708 0.999580 -0.026030 5.330800 -0.043152 0.025459 0.998744 5.235500 0.000000 0.000000 0.000000 1.000000
0.998978 0.013967 0.042980 -0.001300 -0.012856 0.999579 -0.026008 5.330800 -0.043325 0.025429 0.998737 5.235500 0.000000 0.000000 0.000000 1.000000
0.998964 0.014066 0.043271 -0.001300 -0.012947 0.999577 -0.026037 5.330800 -0.043619 0.025450 0.998724 5.235500 0.000000 0.000000 0.000000 1.000000
0.998951 0.014170 0.043542 -0.001300 -0.013046 0.999577 -0.026003 5.330800 -0.043892 0.025408 0.998713 5.235500 0.000000 0.000000 0.000000 1.000000
0.998938 0.014287 0.043800 -0.001300 -0.013156 0.999575 -0.025999 5.330800 -0.044153 0.025395 0.998702 5.235500 0.000000 0.000000 0.000000 1.000000
0.998917 0.014268 0.044284 -0.001300 -0.013121 0.999574 -0.026073 5.330800 -0.044638 0.025464 0.998679 5.235500 0.000000 0.000000 0.000000 1.000000
0.998893 0.014293 0.044811 -0.001300 -0.013132 0.999573 -0.026087 5.330800 -0.045165 0.025470 0.998655 5.235500 0.000000 0.000000 0.000000 1.000000
0.998880 0.014389 0.045069 -0.001300 -0.013221 0.999571 -0.026122 5.330800 -0.045426 0.025496 0.998642 5.235500 0.000000 0.000000 0.000000 1.000000
0.998873 0.014541 0.045177 -0.001300 -0.013374 0.999572 -0.026036 5.330800 -0.045536 0.025402 0.998640 5.235500 0.000000 0.000000 0.000000 1.000000
0.998859 0.014562 0.045482 -0.001300 -0.013388 0.999572 -0.026000 5.330800 -0.045841 0.025361 0.998627 5.235500 0.000000 0.000000 0.000000 1.000000
0.998846 0.014647 0.045744 -0.001300 -0.013462 0.999569 -0.026105 5.330800 -0.046107 0.025459 0.998612 5.235500 0.000000 0.000000 0.000000 1.000000
0.998838 0.014748 0.045883 -0.001300 -0.013554 0.999564 -0.026227 5.330800 -0.046250 0.025575 0.998602 5.235500 0.000000 0.000000 0.000000 1.000000
0.998832 0.015045 0.045918 -0.001300 -0.013844 0.999557 -0.026348 5.330800 -0.046294 0.025682 0.998598 5.235500 0.000000 0.000000 0.000000 1.000000
0.998817 0.015315 0.046155 -0.001300 -0.014104 0.999551 -0.026444 5.330800 -0.046540 0.025762 0.998584 5.235500 0.000000 0.000000 0.000000 1.000000
0.998804 0.015538 0.046367 -0.001300 -0.014319 0.999546 -0.026508 5.330800 -0.046758 0.025813 0.998573 5.235500 0.000000 0.000000 0.000000 1.000000
0.998804 0.015577 0.046343 -0.001300 -0.014356 0.999544 -0.026567 5.330800 -0.046735 0.025870 0.998572 5.235500 0.000000 0.000000 0.000000 1.000000
0.998819 0.015516 0.046038 -0.001300 -0.014304 0.999545 -0.026537 5.330800 -0.046428 0.025848 0.998587 5.235500 0.000000 0.000000 0.000000 1.000000
0.998834 0.015484 0.045729 -0.001300 -0.014283 0.999547 -0.026489 5.330800 -0.046118 0.025805 0.998603 5.235500 0.000000 0.000000 0.000000 1.000000
0.998848 0.015469 0.045423 -0.001300 -0.014277 0.999548 -0.026450 5.330800 -0.045812 0.025771 0.998618 5.235500 0.000000 0.000000 0.000000 1.000000
0.998865 0.015322 0.045100 -0.001300 -0.014138 0.999550 -0.026449 5.330800 -0.045485 0.025781 0.998632 5.235500 0.000000 0.000000 0.000000 1.000000
0.998884 0.015159 0.044721 -0.001300 -0.013984 0.999552 -0.026470 5.330800 -0.045103 0.025815 0.998649 5.235500 0.000000 0.000000 0.000000 1.000000
0.998900 0.015061 0.044416 -0.001300 -0.013897 0.999555 -0.026412 5.330800 -0.044794 0.025766 0.998664 5.235500 0.000000 0.000000 0.000000 1.000000
0.998907 0.015015 0.044254 -0.001300 -0.013856 0.999556 -0.026376 5.330800 -0.044630 0.025734 0.998672 5.235500 0.000000 0.000000 0.000000 1.000000
0.998906 0.014996 0.044302 -0.001300 -0.013844 0.999561 -0.026197 5.330800 -0.044675 0.025555 0.998675 5.235500 0.000000 0.000000 0.000000 1.000000
0.998904 0.014988 0.044351 -0.001300 -0.013841 0.999565 -0.026052 5.330800 -0.044722 0.025409 0.998676 5.235500 0.000000 0.000000 0.000000 1.000000
0.998914 0.014843 0.044158 -0.001300 -0.013702 0.999567 -0.026028 5.330800 -0.044525 0.025395 0.998685 5.235500 0.000000 0.000000 0.000000 1.000000
0.998927 0.014720 0.043918 -0.001300 -0.013588 0.999571 -0.025962 5.330800 -0.044281 0.025338 0.998698 5.235500 0.000000 0.000000 0.000000 1.000000
0.998941 0.014636 0.043625 -0.001300 -0.013517 0.999575 -0.025839 5.330800 -0.043984 0.025222 0.998714 5.235500 0.000000 0.000000 0.000000 1.000000
0.998954 0.014527 0.043362 -0.001300 -0.013419 0.999579 -0.025741 5.330800 -0.043717 0.025132 0.998728 5.235500 0.000000 0.000000 0.000000 1.000000</float_array><technique_common><accessor source="#mixamorig_Spine-Matrix-animation-output-transform-array" count="76" stride="16"><param type="float4x4"/></accessor></technique_common></source><source id="mixamorig_Spine-Interpolations"><Name_array id="mixamorig_Spine-Interpolations-array" count="76">
 LINEAR LINEAR LINEAR LINEAR LINEAR LINEAR LINEAR LINEAR LINEAR LINEAR LINEAR
LINEAR LINEAR LINEAR LINEAR LINEAR LINEAR LINEAR LINEAR LINEAR LINEAR LINEAR LINEAR
LINEAR LINEAR LINEAR LINEAR LINEAR LINEAR LINEAR LINEAR LINEAR LINEAR LINEAR LINEAR
LINEAR LINEAR LINEAR LINEAR LINEAR LINEAR LINEAR LINEAR LINEAR LINEAR LINEAR LINEAR
LINEAR LINEAR LINEAR LINEAR LINEAR LINEAR LINEAR LINEAR LINEAR LINEAR LINEAR LINEAR
LINEAR LINEAR LINEAR LINEAR LINEAR LINEAR LINEAR LINEAR LINEAR LINEAR LINEAR LINEAR
LINEAR LINEAR LINEAR LINEAR LINEAR</Name_array><technique_common><accessor source="#mixamorig_Spine-Interpolations-array" count="76"><param type="name"/></accessor></technique_common></source><sampler id="mixamorig_Spine-Matrix-animation-transform"><input semantic="INPUT" source="#mixamorig_Spine-Matrix-animation-input"/><input semantic="OUTPUT" source="#mixamorig_Spine-Matrix-animation-output-transform"/><input semantic="INTERPOLATION" source="#mixamorig_Spine-Interpolations"/></sampler><channel source="#mixamorig_Spine-Matrix-animation-transform" target="mixamorig_Spine/matrix"/></animation>
    <animation id="mixamorig_Spine1-anim" name="mixamorig_Spine1"><source id="mixamorig_Spine1-Matrix-animation-input"><float_array id="mixamorig_Spine1-Matrix-animation-input-array" count="76">

0.000000 0.033333 0.066667 0.100000 0.133333 0.166667 0.200000 0.233333 0.266667 0.300000 0.333333 0.366667 0.400000 0.433333 0.466667 0.500000
0.533333 0.566667 0.600000 0.633333 0.666667 0.700000 0.733333 0.766667 0.800000 0.833333 0.866667 0.900000 0.933333 0.966667 1.000000 1.033333
1.066667 1.100000 1.133333 1.166667 1.200000 1.233333 1.266667 1.300000 1.333333 1.366667 1.400000 1.433333 1.466667 1.500000 1.533333 1.566667
1.600000 1.633333 1.666667 1.700000 1.733333 1.766667 1.800000 1.833333 1.866667 1.900000 1.933333 1.966667 2.000000 2.033333 2.066667 2.100000
2.133333 2.166667 2.200000 2.233333 2.266667 2.300000 2.333333 2.366667 2.400000 2.433333 2.466667 2.500000</float_array><technique_common><accessor source="#mixamorig_Spine1-Matrix-animation-input-array" count="76"><param name="TIME" type="float"/></accessor></technique_common></source><source id="mixamorig_Spine1-Matrix-animation-output-transform"><float_array id="mixamorig_Spine1-Matrix-animation-output-transform-array" count="1216">

0.999497 -0.005530 0.031214 0.089900 0.013068 0.968984 -0.246776 5.334800 -0.028882 0.247060 0.968570 12.552700 0.000000 0.000000 0.000000 1.000000
0.999489 -0.005706 0.031440 0.089900 0.013291 0.969017 -0.246635 5.334800 -0.029058 0.246927 0.968598 12.552700 0.000000 0.000000 0.000000 1.000000
0.999488 -0.005758 0.031469 0.089900 0.013351 0.968988 -0.246745 5.334800 -0.029072 0.247039 0.968569 12.552700 0.000000 0.000000 0.000000 1.000000
0.999485 -0.005927 0.031539 0.089900 0.013545 0.968879 -0.247165 5.334800 -0.029092 0.247465 0.968460 12.552700 0.000000 0.000000 0.000000 1.000000
0.999483 -0.006067 0.031578 0.089900 0.013696 0.968829 -0.247350 5.334800 -0.029093 0.247654 0.968412 12.552700 0.000000 0.000000 0.000000 1.000000
0.999479 -0.006132 0.031699 0.089900 0.013789 0.968827 -0.247353 5.334800 -0.029194 0.247661 0.968407 12.552700 0.000000 0.000000 0.000000 1.000000
0.999478 -0.006050 0.031723 0.089900 0.013719 0.968799 -0.247468 5.334800 -0.029236 0.247774 0.968377 12.552700 0.000000 0.000000 0.000000 1.000000
0.999482 -0.005970 0.031637 0.089900 0.013623 0.968775 -0.247565 5.334800 -0.029172 0.247868 0.968354 12.552700 0.000000 0.000000 0.000000 1.000000
0.999482 -0.006003 0.031611 0.089900 0.013655 0.968723 -0.247770 5.334800 -0.029135 0.248074 0.968303 12.552700 0.000000 0.000000 0.000000 1.000000
0.999488 -0.005950 0.031454 0.089900 0.013572 0.968656 -0.248033 5.334800 -0.028992 0.248333 0.968241 12.552700 0.000000 0.000000 0.000000 1.000000
0.999489 -0.005889 0.031402 0.089900 0.013503 0.968630 -0.248142 5.334800 -0.028956 0.248439 0.968215 12.552700 0.000000 0.000000 0.000000 1.000000
0.999492 -0.005854 0.031323 0.089900 0.013446 0.968659 -0.248032 5.334800 -0.028890 0.248327 0.968245 12.552700 0.000000 0.000000 0.000000 1.000000
0.999494 -0.005883 0.031260 0.089900 0.013461 0.968641 -0.248099 5.334800 -0.028821 0.248394 0.968230 12.552700 0.000000 0.000000 0.000000 1.000000
0.999496 -0.005881 0.031201 0.089900 0.013448 0.968612 -0.248214 5.334800 -0.028762 0.248508 0.968203 12.552700 0.000000 0.000000 0.000000 1.000000
0.999503 -0.005702 0.030998 0.089900 0.013221 0.968641 -0.248111 5.334800 -0.028611 0.248397 0.968236 12.552700 0.000000 0.000000 0.000000 1.000000
0.999499 -0.005851 0.031094 0.089900 0.013393 0.968601 -0.248260 5.334800 -0.028665 0.248552 0.968194 12.552700 0.000000 0.000000 0.000000 1.000000
0.999496 -0.005887 0.031186 0.089900 0.013449 0.968619 -0.248186 5.334800 -0.028747 0.248481 0.968210 12.552700 0.000000 0.000000 0.000000 1.000000
0.999496 -0.005945 0.031179 0.089900 0.013502 0.968634 -0.248124 5.334800 -0.028725 0.248420 0.968226 12.552700 0.000000 0.000000 0.000000 1.000000
0.999493 -0.006048 0.031268 0.089900 0.013621 0.968650 -0.248055 5.334800 -0.028788 0.248355 0.968241 12.552700 0.000000 0.000000 0.000000 1.000000
0.999494 -0.006086 0.031218 0.089900 0.013643 0.968676 -0.247955 5.334800 -0.028731 0.248255 0.968269 12.552700 0.000000 0.000000 0.000000 1.000000
0.999493 -0.006073 0.031265 0.089900 0.013640 0.968688 -0.247905 5.334800 -0.028781 0.248206 0.968280 12.552700 0.000000 0.000000 0.000000 1.000000
0.999492 -0.006161 0.031259 0.089900 0.013726 0.968677 -0.247946 5.334800 -0.028752 0.248249 0.968269 12.552700 0.000000 0.000000 0.000000 1.000000
0.999495 -0.006191 0.031163 0.089900 0.013734 0.968648 -0.248057 5.334800 -0.028650 0.248359 0.968244 12.552700 0.000000 0.000000 0.000000 1.000000
0.999496 -0.006194 0.031122 0.089900 0.013729 0.968627 -0.248138 5.334800 -0.028609 0.248441 0.968225 12.552700 0.000000 0.000000 0.000000 1.000000
0.999498 -0.006262 0.031056 0.089900 0.013782 0.968595 -0.248260 5.334800 -0.028526 0.248564 0.968195 12.552700 0.000000 0.000000 0.000000 1.000000
0.999497 -0.006382 0.031056 0.089900 0.013897 0.968603 -0.248222 5.334800 -0.028497 0.248529 0.968205 12.552700 0.000000 0.000000 0.000000 1.000000
0.999495 -0.006406 0.031116 0.089900 0.013931 0.968644 -0.248063 5.334800 -0.028551 0.248371 0.968244 12.552700 0.000000 0.000000 0.000000 1.000000
0.999494 -0.006384 0.031147 0.089900 0.013918 0.968635 -0.248097 5.334800 -0.028586 0.248405 0.968234 12.552700 0.000000 0.000000 0.000000 1.000000
0.999500 -0.006331 0.030985 0.089900 0.013827 0.968634 -0.248107 5.334800 -0.028443 0.248411 0.968237 12.552700 0.000000 0.000000 0.000000 1.000000
0.999503 -0.006319 0.030873 0.089900 0.013785 0.968656 -0.248021 5.334800 -0.028338 0.248324 0.968263 12.552700 0.000000 0.000000 0.000000 1.000000
0.999507 -0.006225 0.030780 0.089900 0.013673 0.968640 -0.248094 5.334800 -0.028271 0.248392 0.968247 12.552700 0.000000 0.000000 0.000000 1.000000
0.999510 -0.006202 0.030674 0.089900 0.013624 0.968646 -0.248073 5.334800 -0.028173 0.248369 0.968256 12.552700 0.000000 0.000000 0.000000 1.000000
0.999511 -0.006193 0.030644 0.089900 0.013606 0.968658 -0.248024 5.334800 -0.028147 0.248320 0.968269 12.552700 0.000000 0.000000 0.000000 1.000000
0.999509 -0.006191 0.030713 0.089900 0.013624 0.968637 -0.248107 5.334800 -0.028214 0.248404 0.968246 12.552700 0.000000 0.000000 0.000000 1.000000
0.999516 -0.006111 0.030493 0.089900 0.013492 0.968639 -0.248105 5.334800 -0.028020 0.248397 0.968253 12.552700 0.000000 0.000000 0.000000 1.000000
0.999527 -0.005835 0.030203 0.089900 0.013149 0.968670 -0.248002 5.334800 -0.027810 0.248282 0.968289 12.552700 0.000000 0.000000 0.000000 1.000000
0.999539 -0.005618 0.029851 0.089900 0.012858 0.968611 -0.248250 5.334800 -0.027520 0.248519 0.968236 12.552700 0.000000 0.000000 0.000000 1.000000
0.999550 -0.005357 0.029509 0.089900 0.012515 0.968661 -0.248071 5.334800 -0.027255 0.248329 0.968292 12.552700 0.000000 0.000000 0.000000 1.000000
0.999561 -0.005084 0.029188 0.089900 0.012168 0.968685 -0.247993 5.334800 -0.027013 0.248239 0.968322 12.552700 0.000000 0.000000 0.000000 1.000000
0.999566 -0.005002 0.029033 0.089900 0.012056 0.968633 -0.248201 5.334800 -0.026881 0.248443 0.968273 12.552700 0.000000 0.000000 0.000000 1.000000
0.999572 -0.004774 0.028868 0.089900 0.011795 0.968638 -0.248194 5.334800 -0.026778 0.248429 0.968280 12.552700 0.000000 0.000000 0.000000 1.000000
0.999583 -0.004525 0.028514 0.089900 0.011457 0.968716 -0.247908 5.334800 -0.026500 0.248132 0.968364 12.552700 0.000000 0.000000 0.000000 1.000000
0.999582 -0.004520 0.028571 0.089900 0.011474 0.968640 -0.248202 5.334800 -0.026553 0.248426 0.968287 12.552700 0.000000 0.000000 0.000000 1.000000
0.999590 -0.004226 0.028303 0.089900 0.011113 0.968740 -0.247828 5.334800 -0.026371 0.248041 0.968391 12.552700 0.000000 0.000000 0.000000 1.000000
0.999594 -0.004098 0.028194 0.089900 0.010959 0.968761 -0.247753 5.334800 -0.026298 0.247961 0.968413 12.552700 0.000000 0.000000 0.000000 1.000000
0.999593 -0.004083 0.028224 0.089900 0.010953 0.968752 -0.247789 5.334800 -0.026330 0.247998 0.968403 12.552700 0.000000 0.000000 0.000000 1.000000
0.999598 -0.004111 0.028044 0.089900 0.010933 0.968773 -0.247709 5.334800 -0.026150 0.247916 0.968428 12.552700 0.000000 0.000000 0.000000 1.000000
0.999591 -0.004099 0.028313 0.089900 0.010984 0.968823 -0.247512 5.334800 -0.026416 0.247722 0.968471 12.552700 0.000000 0.000000 0.000000 1.000000
0.999591 -0.004107 0.028318 0.089900 0.010990 0.968843 -0.247431 5.334800 -0.026420 0.247641 0.968492 12.552700 0.000000 0.000000 0.000000 1.000000
0.999583 -0.004219 0.028561 0.089900 0.011160 0.968838 -0.247444 5.334800 -0.026627 0.247660 0.968481 12.552700 0.000000 0.000000 0.000000 1.000000
0.999577 -0.004326 0.028749 0.089900 0.011307 0.968865 -0.247333 5.334800 -0.026784 0.247553 0.968504 12.552700 0.000000 0.000000 0.000000 1.000000
0.999572 -0.004410 0.028904 0.089900 0.011425 0.968877 -0.247280 5.334800 -0.026914 0.247505 0.968513 12.552700 0.000000 0.000000 0.000000 1.000000
0.999553 -0.004732 0.029519 0.089900 0.011892 0.968849 -0.247367 5.334800 -0.027429 0.247607 0.968472 12.552700 0.000000 0.000000 0.000000 1.000000
0.999531 -0.004945 0.030214 0.089900 0.012270 0.968852 -0.247336 5.334800 -0.028050 0.247591 0.968458 12.552700 0.000000 0.000000 0.000000 1.000000
0.999526 -0.005032 0.030380 0.089900 0.012396 0.968844 -0.247360 5.334800 -0.028189 0.247620 0.968447 12.552700 0.000000 0.000000 0.000000 1.000000
0.999530 -0.005010 0.030228 0.089900 0.012331 0.968896 -0.247160 5.334800 -0.028049 0.247417 0.968503 12.552700 0.000000 0.000000 0.000000 1.000000
0.999522 -0.005182 0.030473 0.089900 0.012556 0.968921 -0.247050 5.334800 -0.028246 0.247314 0.968524 12.552700 0.000000 0.000000 0.000000 1.000000
0.999514 -0.005166 0.030740 0.089900 0.012611 0.968877 -0.247220 5.334800 -0.028506 0.247488 0.968472 12.552700 0.000000 0.000000 0.000000 1.000000
0.999508 -0.005213 0.030933 0.089900 0.012711 0.968822 -0.247431 5.334800 -0.028679 0.247702 0.968412 12.552700 0.000000 0.000000 0.000000 1.000000
0.999513 -0.005140 0.030792 0.089900 0.012610 0.968773 -0.247628 5.334800 -0.028557 0.247895 0.968366 12.552700 0.000000 0.000000 0.000000 1.000000
0.999512 -0.005228 0.030810 0.089900 0.012704 0.968741 -0.247749 5.334800 -0.028551 0.248019 0.968334 12.552700 0.000000 0.000000 0.000000 1.000000
0.999510 -0.005233 0.030860 0.089900 0.012724 0.968721 -0.247825 5.334800 -0.028598 0.248096 0.968313 12.552700 0.000000 0.000000 0.000000 1.000000
0.999509 -0.005252 0.030889 0.089900 0.012752 0.968693 -0.247934 5.334800 -0.028619 0.248206 0.968284 12.552700 0.000000 0.000000 0.000000 1.000000
0.999514 -0.005296 0.030707 0.089900 0.012749 0.968699 -0.247911 5.334800 -0.028433 0.248182 0.968296 12.552700 0.000000 0.000000 0.000000 1.000000
0.999515 -0.005283 0.030673 0.089900 0.012726 0.968713 -0.247856 5.334800 -0.028404 0.248127 0.968311 12.552700 0.000000 0.000000 0.000000 1.000000
0.999514 -0.005223 0.030720 0.089900 0.012679 0.968722 -0.247823 5.334800 -0.028464 0.248092 0.968318 12.552700 0.000000 0.000000 0.000000 1.000000
0.999512 -0.005313 0.030777 0.089900 0.012781 0.968709 -0.247870 5.334800 -0.028497 0.248142 0.968304 12.552700 0.000000 0.000000 0.000000 1.000000
0.999513 -0.005333 0.030741 0.089900 0.012795 0.968683 -0.247971 5.334800 -0.028456 0.248243 0.968280 12.552700 0.000000 0.000000 0.000000 1.000000
0.999513 -0.005264 0.030765 0.089900 0.012733 0.968700 -0.247910 5.334800 -0.028497 0.248180 0.968295 12.552700 0.000000 0.000000 0.000000 1.000000
0.999511 -0.005318 0.030823 0.089900 0.012798 0.968711 -0.247861 5.334800 -0.028540 0.248134 0.968305 12.552700 0.000000 0.000000 0.000000 1.000000
0.999503 -0.005535 0.031025 0.089900 0.013048 0.968800 -0.247501 5.334800 -0.028687 0.247783 0.968391 12.552700 0.000000 0.000000 0.000000 1.000000
