<?xml version="1.0" encoding="utf-8"?>
<COLLADA xmlns="http://www.collada.org/2005/11/COLLADASchema" version="1.4.1">
  <asset>
    <contributor>
      <authoring_tool>FBX COLLADA exporter</authoring_tool>
    </contributor>
    <created>2020-04-23T10:17:28Z</created>
    <modified>2020-04-23T10:17:28Z</modified>
    <unit meter="0.010000" name="centimeter"/>
    <up_axis>Y_UP</up_axis>
  </asset>
  <library_animations>
    <animation id="mixamorig_Hips-anim" name="mixamorig_Hips">
      <animation>
        <source id="mixamorig_Hips-Matrix-animation-input">
          <float_array id="mixamorig_Hips-Matrix-animation-input-array" count="70">

0.000000 0.033333 0.066667 0.100000 0.133333 0.166667 0.200000 0.233333 0.266667 0.300000 0.333333 0.366667 0.400000 0.433333 0.466667 0.500000
0.533333 0.566667 0.600000 0.633333 0.666667 0.700000 0.733333 0.766667 0.800000 0.833333 0.866667 0.900000 0.933333 0.966667 1.000000 1.033333
1.066667 1.100000 1.133333 1.166667 1.200000 1.233333 1.266667 1.300000 1.333333 1.366667 1.400000 1.433333 1.466667 1.500000 1.533333 1.566667
1.600000 1.633333 1.666667 1.700000 1.733333 1.766667 1.800000 1.833333 1.866667 1.900000 1.933333 1.966667 2.000000 2.033333 2.066667 2.100000
2.133333 2.166667 2.200000 2.233333 2.266667 2.300000</float_array>
          <technique_common>
            <accessor source="#mixamorig_Hips-Matrix-animation-input-array" count="70">
              <param name="TIME" type="float"/>
            </accessor>
          </technique_common>
        </source>
        <source id="mixamorig_Hips-Matrix-animation-output-transform">
          <float_array id="mixamorig_Hips-Matrix-animation-output-transform-array" count="1120">

0.074327 0.017093 -0.013770 0.532621 0.007353 0.026419 0.072486 3.126911 0.020681 -0.070824 0.023716 -2.883721 0.000000 0.000000 0.000000 1.000000
0.075282 0.011464 -0.014404 0.422430 0.010226 0.024381 0.072851 3.247601 0.015308 -0.072666 0.022170 -2.883721 0.000000 0.000000 0.000000 1.000000
0.075909 0.007943 -0.013452 0.371873 0.010641 0.022568 0.073374 3.278690 0.011437 -0.073715 0.021014 -2.883721 0.000000 0.000000 0.000000 1.000000
0.076263 0.005127 -0.012804 0.321803 0.010978 0.020993 0.073790 3.303590 0.008350 -0.074426 0.019932 -2.883721 0.000000 0.000000 0.000000 1.000000
0.076696 0.002186 -0.010916 0.272498 0.009990 0.020015 0.074201 3.326652 0.004912 -0.074839 0.019526 -2.883721 0.000000 0.000000 0.000000 1.000000
0.077141 -0.000976 -0.007389 0.193904 0.007390 0.019998 0.074510 3.338386 0.000968 -0.074869 0.019999 -2.883721 0.000000 0.000000 0.000000 1.000000
0.077355 -0.003060 -0.003624 0.148747 0.004345 0.021983 0.074190 3.329732 -0.001901 -0.074254 0.022113 -2.883721 0.000000 0.000000 0.000000 1.000000
0.077442 -0.002788 -0.001131 0.211392 0.002023 0.026692 0.072730 3.334506 -0.002227 -0.072705 0.026744 -2.883721 0.000000 0.000000 0.000000 1.000000
0.077459 -0.002043 0.001502 0.288346 -0.000563 0.030908 0.071068 3.258193 -0.002472 -0.071041 0.030877 -2.883721 0.000000 0.000000 0.000000 1.000000
0.077386 -0.002376 0.003459 0.307892 -0.002237 0.030692 0.071129 3.038103 -0.003551 -0.071124 0.030578 -2.883721 0.000000 0.000000 0.000000 1.000000
0.077286 -0.003802 0.004322 0.273939 -0.002861 0.025124 0.073259 2.703351 -0.004995 -0.073216 0.024915 -2.883721 0.000000 0.000000 0.000000 1.000000
0.077226 -0.004559 0.004653 0.251610 -0.003650 0.015571 0.075832 2.284213 -0.005396 -0.075783 0.015301 -2.883721 0.000000 0.000000 0.000000 1.000000
0.077294 -0.003357 0.004540 0.292046 -0.004266 0.006093 0.077142 1.961237 -0.003698 -0.077187 0.005892 -2.883721 0.000000 0.000000 0.000000 1.000000
0.077400 -0.001247 0.003737 0.373388 -0.003728 0.000604 0.077408 1.959015 -0.001275 -0.077488 0.000543 -2.883721 0.000000 0.000000 0.000000 1.000000
0.077425 0.000860 0.003288 0.474433 -0.003257 -0.002679 0.077385 2.103992 0.000972 -0.077449 -0.002640 -2.883721 0.000000 0.000000 0.000000 1.000000
0.077385 0.001711 0.003864 0.518187 -0.003762 -0.004375 0.077285 2.359199 0.001924 -0.077357 -0.004285 -2.883721 0.000000 0.000000 0.000000 1.000000
0.077338 0.001627 0.004740 0.513375 -0.004625 -0.005065 0.077196 2.710488 0.001930 -0.077317 -0.004957 -2.883721 0.000000 0.000000 0.000000 1.000000
0.077337 0.001454 0.004811 0.498807 -0.004705 -0.005149 0.077186 3.174790 0.001768 -0.077315 -0.005050 -2.883721 0.000000 0.000000 0.000000 1.000000
0.077381 0.001772 0.003916 0.495581 -0.003799 -0.004822 0.077256 3.705323 0.002010 -0.077330 -0.004728 -2.883721 0.000000 0.000000 0.000000 1.000000
0.077411 0.002567 0.002691 0.501426 -0.002549 -0.004201 0.077344 4.254736 0.002708 -0.077343 -0.004112 -2.883721 0.000000 0.000000 0.000000 1.000000
0.077399 0.003605 0.001650 0.501791 -0.001492 -0.003405 0.077411 4.767472 0.003673 -0.077341 -0.003331 -2.883721 0.000000 0.000000 0.000000 1.000000
0.077379 0.004244 0.000894 0.481198 -0.000776 -0.002161 0.077466 5.210822 0.004267 -0.077354 -0.002115 -2.883721 0.000000 0.000000 0.000000 1.000000
0.077346 0.004888 -0.000044 0.451173 0.000069 -0.000389 0.077499 5.604040 0.004888 -0.077345 -0.000393 -2.883721 0.000000 0.000000 0.000000 1.000000
0.077252 0.006100 -0.001048 0.441088 0.000956 0.001207 0.077485 5.923638 0.006115 -0.077250 0.001128 -2.883721 0.000000 0.000000 0.000000 1.000000
0.077078 0.007727 -0.002364 0.454067 0.002111 0.002630 0.077427 6.140546 0.007800 -0.077069 0.002405 -2.883721 0.000000 0.000000 0.000000 1.000000
0.076808 0.009306 -0.004490 0.464786 0.004026 0.004065 0.077289 6.318076 0.009516 -0.076832 0.003545 -2.883721 0.000000 0.000000 0.000000 1.000000
0.076387 0.009931 -0.008526 0.410217 0.007884 0.005388 0.076909 6.519537 0.010448 -0.076672 0.004300 -2.883721 0.000000 0.000000 0.000000 1.000000
0.075955 0.005005 -0.014560 0.203669 0.014181 0.005798 0.075971 6.669201 0.005996 -0.077121 0.004767 -2.883721 0.000000 0.000000 0.000000 1.000000
0.075779 0.002599 -0.016030 0.281395 0.015773 0.006426 0.075605 6.443939 0.003865 -0.077189 0.005754 -2.883721 0.000000 0.000000 0.000000 1.000000
0.075750 0.003984 -0.015882 0.411330 0.015439 0.007659 0.075559 6.087487 0.005454 -0.077018 0.006692 -2.883721 0.000000 0.000000 0.000000 1.000000
0.075842 0.005942 -0.014796 0.507735 0.014067 0.008927 0.075688 5.691191 0.007507 -0.076755 0.007658 -2.883721 0.000000 0.000000 0.000000 1.000000
0.075980 0.008525 -0.012672 0.605466 0.011523 0.010204 0.075956 5.234204 0.010023 -0.076351 0.008736 -2.883721 0.000000 0.000000 0.000000 1.000000
0.075900 0.012428 -0.009539 0.737105 0.007701 0.011499 0.076254 4.751417 0.013644 -0.075628 0.010027 -2.883721 0.000000 0.000000 0.000000 1.000000
0.075183 0.017767 -0.006175 0.899825 0.003323 0.012497 0.076414 4.270127 0.018514 -0.074393 0.011362 -2.883721 0.000000 0.000000 0.000000 1.000000
0.073026 0.025800 -0.002782 1.118915 -0.001504 0.012504 0.076470 3.687853 0.025906 -0.072002 0.012283 -2.883721 0.000000 0.000000 0.000000 1.000000
0.069726 0.033831 0.000069 1.345606 -0.005940 0.012086 0.076321 2.974278 0.033306 -0.068670 0.013467 -2.883721 0.000000 0.000000 0.000000 1.000000
0.069314 0.034628 0.001647 1.323885 -0.008299 0.013000 0.075950 2.297742 0.033659 -0.068104 0.015335 -2.883721 0.000000 0.000000 0.000000 1.000000
0.072929 0.025926 0.003922 0.922152 -0.009753 0.016059 0.075188 1.978839 0.024340 -0.071247 0.018375 -2.883721 0.000000 0.000000 0.000000 1.000000
0.076469 0.010862 0.006388 0.301071 -0.009114 0.020540 0.074171 1.749961 0.008702 -0.073935 0.021544 -2.883721 0.000000 0.000000 0.000000 1.000000
0.076849 -0.005496 0.008379 -0.369990 -0.006334 0.023575 0.073555 1.441344 -0.007765 -0.073622 0.022928 -2.883721 0.000000 0.000000 0.000000 1.000000
0.074771 -0.018330 0.008916 -0.935704 -0.003193 0.022949 0.073955 1.078483 -0.020132 -0.071719 0.021386 -2.883721 0.000000 0.000000 0.000000 1.000000
0.071856 -0.027713 0.008657 -1.408959 -0.001298 0.020018 0.074859 0.658146 -0.029004 -0.069553 0.018096 -2.883721 0.000000 0.000000 0.000000 1.000000
0.068710 -0.035020 0.007662 -1.786867 -0.000149 0.016284 0.075770 0.228216 -0.035848 -0.067191 0.014370 -2.883721 0.000000 0.000000 0.000000 1.000000
0.066282 -0.039711 0.005996 -2.068752 0.000449 0.012303 0.076516 -0.114897 -0.040159 -0.065406 0.010752 -2.883721 0.000000 0.000000 0.000000 1.000000
0.065102 -0.041833 0.004238 -2.233813 0.000627 0.008777 0.076999 -0.347259 -0.042043 -0.064646 0.007711 -2.883721 0.000000 0.000000 0.000000 1.000000
0.065237 -0.041737 0.002898 -2.257135 0.000669 0.006409 0.077232 -0.477865 -0.041832 -0.064986 0.005755 -2.883721 0.000000 0.000000 0.000000 1.000000
0.066254 -0.040147 0.002199 -2.175697 0.000617 0.005254 0.077319 -0.558965 -0.040202 -0.066082 0.004811 -2.883721 0.000000 0.000000 0.000000 1.000000
0.067526 -0.037990 0.001809 -2.064149 0.000613 0.004773 0.077350 -0.609644 -0.038028 -0.067381 0.004459 -2.883721 0.000000 0.000000 0.000000 1.000000
0.068820 -0.035605 0.001512 -1.940250 0.000701 0.004641 0.077358 -0.643790 -0.035630 -0.068680 0.004443 -2.883721 0.000000 0.000000 0.000000 1.000000
0.070226 -0.032764 0.001057 -1.795782 0.000919 0.004467 0.077366 -0.678733 -0.032768 -0.070092 0.004436 -2.883721 0.000000 0.000000 0.000000 1.000000
0.071807 -0.029153 -0.000175 -1.616791 0.001743 0.003827 0.077386 -0.720811 -0.029101 -0.071706 0.004202 -2.883721 0.000000 0.000000 0.000000 1.000000
0.073281 -0.025143 -0.002002 -1.417148 0.003363 0.003642 0.077341 -0.710965 -0.024997 -0.073218 0.004535 -2.883721 0.000000 0.000000 0.000000 1.000000
0.074336 -0.021667 -0.003315 -1.244357 0.004690 0.004272 0.077240 -0.620356 -0.021412 -0.074287 0.005409 -2.883721 0.000000 0.000000 0.000000 1.000000
0.075035 -0.019089 -0.003414 -1.129741 0.004718 0.004738 0.077211 -0.469676 -0.018809 -0.074963 0.005749 -2.883721 0.000000 0.000000 0.000000 1.000000
0.075635 -0.016700 -0.002589 -1.053255 0.003801 0.005242 0.077229 -0.163091 -0.016467 -0.075497 0.005935 -2.883721 0.000000 0.000000 0.000000 1.000000
0.076654 -0.011272 -0.001848 -0.833519 0.002830 0.006591 0.077167 0.334618 -0.011067 -0.076392 0.006931 -2.883721 0.000000 0.000000 0.000000 1.000000
0.077452 0.001193 -0.002444 -0.264881 0.002303 0.008270 0.077023 0.880805 0.001447 -0.077048 0.008229 -2.883721 0.000000 0.000000 0.000000 1.000000
0.074998 0.019238 -0.003394 0.536646 0.001122 0.009202 0.076944 1.271668 0.019503 -0.074508 0.008626 -2.883721 0.000000 0.000000 0.000000 1.000000
0.068446 0.036103 -0.004246 1.246361 -0.000557 0.010093 0.076838 1.545610 0.036347 -0.067831 0.009173 -2.883721 0.000000 0.000000 0.000000 1.000000
0.061044 0.047293 -0.006575 1.687997 -0.001508 0.012576 0.076458 1.817305 0.047724 -0.060095 0.010826 -2.883721 0.000000 0.000000 0.000000 1.000000
0.055278 0.053542 -0.009157 1.937041 -0.002616 0.015674 0.075853 2.036347 0.054257 -0.053794 0.012987 -2.883721 0.000000 0.000000 0.000000 1.000000
0.051461 0.056998 -0.010450 2.016285 -0.003466 0.016978 0.075538 2.144928 0.057845 -0.049690 0.013823 -2.883721 0.000000 0.000000 0.000000 1.000000
0.049030 0.058985 -0.011094 2.082756 -0.003653 0.017232 0.075472 2.160806 0.059908 -0.047224 0.013682 -2.883721 0.000000 0.000000 0.000000 1.000000
0.046686 0.060803 -0.011388 2.180516 -0.003752 0.017024 0.075514 2.142244 0.061746 -0.044938 0.013199 -2.883721 0.000000 0.000000 0.000000 1.000000
0.044484 0.062441 -0.011336 2.273491 -0.004016 0.016586 0.075598 2.110645 0.063334 -0.042805 0.012756 -2.883721 0.000000 0.000000 0.000000 1.000000
0.042245 0.063979 -0.011327 2.395364 -0.003887 0.015975 0.075736 2.068239 0.064858 -0.040715 0.011917 -2.883721 0.000000 0.000000 0.000000 1.000000
0.041638 0.064417 -0.011089 2.428616 -0.003388 0.015257 0.075908 2.043216 0.065277 -0.040298 0.011013 -2.883721 0.000000 0.000000 0.000000 1.000000
0.042197 0.064114 -0.010724 2.405009 -0.002770 0.014547 0.076072 2.031710 0.064946 -0.041036 0.010212 -2.883721 0.000000 0.000000 0.000000 1.000000
0.043243 0.063473 -0.010368 2.368721 -0.002000 0.013814 0.076232 2.016874 0.064283 -0.042268 0.009346 -2.883721 0.000000 0.000000 0.000000 1.000000
0.044429 0.062702 -0.010040 2.325206 -0.001173 0.013062 0.076382 2.001027 0.063490 -0.043636 0.008437 -2.883721 0.000000 0.000000 0.000000 1.000000</float_array>
          <technique_common>
            <accessor source="#mixamorig_Hips-Matrix-animation-output-transform-array" count="70" stride="16">
              <param type="float4x4"/>
            </accessor>
          </technique_common>
        </source>
        <source id="mixamorig_Hips-Interpolations">
          <Name_array id="mixamorig_Hips-Interpolations-array" count="70">
 LINEAR LINEAR LINEAR LINEAR LINEAR LINEAR LINEAR LINEAR LINEAR LINEAR LINEAR
LINEAR LINEAR LINEAR LINEAR LINEAR LINEAR LINEAR LINEAR LINEAR LINEAR LINEAR LINEAR
LINEAR LINEAR LINEAR LINEAR LINEAR LINEAR LINEAR LINEAR LINEAR LINEAR LINEAR LINEAR
LINEAR LINEAR LINEAR LINEAR LINEAR LINEAR LINEAR LINEAR LINEAR LINEAR LINEAR LINEAR
LINEAR LINEAR LINEAR LINEAR LINEAR LINEAR LINEAR LINEAR LINEAR LINEAR LINEAR LINEAR
LINEAR LINEAR LINEAR LINEAR LINEAR LINEAR LINEAR LINEAR LINEAR LINEAR LINEAR</Name_array>
          <technique_common>
            <accessor source="#mixamorig_Hips-Interpolations-array" count="70">
              <param type="name"/>
            </accessor>
          </technique_common>
        </source>
        <sampler id="mixamorig_Hips-Matrix-animation-transform">
          <input semantic="INPUT" source="#mixamorig_Hips-Matrix-animation-input"/>
          <input semantic="OUTPUT" source="#mixamorig_Hips-Matrix-animation-output-transform"/>
          <input semantic="INTERPOLATION" source="#mixamorig_Hips-Interpolations"/>
        </sampler>
        <channel source="#mixamorig_Hips-Matrix-animation-transform" target="mixamorig_Hips/matrix"/>
      </animation>
    </animation>
    <animation id="mixamorig_Spine-anim" name="mixamorig_Spine">
      <animation>
        <source id="mixamorig_Spine-Matrix-animation-input">
          <float_array id="mixamorig_Spine-Matrix-animation-input-array" count="70">

0.000000 0.033333 0.066667 0.100000 0.133333 0.166667 0.200000 0.233333 0.266667 0.300000 0.333333 0.366667 0.400000 0.433333 0.466667 0.500000
0.533333 0.566667 0.600000 0.633333 0.666667 0.700000 0.733333 0.766667 0.800000 0.833333 0.866667 0.900000 0.933333 0.966667 1.000000 1.033333
1.066667 1.100000 1.133333 1.166667 1.200000 1.233333 1.266667 1.300000 1.333333 1.366667 1.400000 1.433333 1.466667 1.500000 1.533333 1.566667
1.600000 1.633333 1.666667 1.700000 1.733333 1.766667 1.800000 1.833333 1.866667 1.900000 1.933333 1.966667 2.000000 2.033333 2.066667 2.100000
2.133333 2.166667 2.200000 2.233333 2.266667 2.300000</float_array>
          <technique_common>
            <accessor source="#mixamorig_Spine-Matrix-animation-input-array" count="70">
              <param name="TIME" type="float"/>
            </accessor>
          </technique_common>
        </source>
        <source id="mixamorig_Spine-Matrix-animation-output-transform">
          <float_array id="mixamorig_Spine-Matrix-animation-output-transform-array" count="1120">

0.977822 -0.109445 0.178567 -0.001300 0.169705 0.913687 -0.369292 5.330800 -0.122737 0.391405 0.911997 5.235500 0.000000 0.000000 0.000000 1.000000
0.984195 -0.071437 0.162038 -0.001300 0.117454 0.948125 -0.295404 5.330800 -0.132530 0.309767 0.941531 5.235500 0.000000 0.000000 0.000000 1.000000
0.988058 -0.065423 0.139502 -0.001300 0.094506 0.972399 -0.213330 5.330800 -0.121695 0.223967 0.966969 5.235500 0.000000 0.000000 0.000000 1.000000
0.989389 -0.066108 0.129379 -0.001300 0.084040 0.986797 -0.138451 5.330800 -0.118518 0.147855 0.981882 5.235500 0.000000 0.000000 0.000000 1.000000
0.991178 -0.066474 0.114665 -0.001300 0.077601 0.992403 -0.095471 5.330800 -0.107448 0.103527 0.988806 5.235500 0.000000 0.000000 0.000000 1.000000
0.994081 -0.061200 0.089759 -0.001300 0.069752 0.992987 -0.095458 5.330800 -0.083287 0.101154 0.991378 5.235500 0.000000 0.000000 0.000000 1.000000
0.996807 -0.047799 0.063959 -0.001300 0.053982 0.993650 -0.098721 5.330800 -0.058834 0.101858 0.993058 5.235500 0.000000 0.000000 0.000000 1.000000
0.997832 -0.039468 0.052659 -0.001300 0.041874 0.998091 -0.045402 5.330800 -0.050767 0.047508 0.997580 5.235500 0.000000 0.000000 0.000000 1.000000
0.997858 -0.049291 0.043003 -0.001300 0.048544 0.998654 0.018241 5.330800 -0.043844 -0.016114 0.998908 5.235500 0.000000 0.000000 0.000000 1.000000
0.997204 -0.066707 0.033672 -0.001300 0.065414 0.997129 0.038152 5.330800 -0.036120 -0.035843 0.998704 5.235500 0.000000 0.000000 0.000000 1.000000
0.996305 -0.083610 0.019625 -0.001300 0.083716 0.996479 -0.004661 5.330800 -0.019167 0.006287 0.999797 5.235500 0.000000 0.000000 0.000000 1.000000
0.993458 -0.114102 -0.004740 -0.001300 0.113203 0.989407 -0.090881 5.330800 0.015060 0.089750 0.995850 5.235500 0.000000 0.000000 0.000000 1.000000
0.987045 -0.159707 -0.015357 -0.001300 0.155066 0.974156 -0.164240 5.330800 0.041190 0.159731 0.986301 5.235500 0.000000 0.000000 0.000000 1.000000
0.982670 -0.185060 -0.010607 -0.001300 0.180755 0.969349 -0.166405 5.330800 0.041077 0.161604 0.986000 5.235500 0.000000 0.000000 0.000000 1.000000
0.980852 -0.193919 -0.018000 -0.001300 0.189463 0.971522 -0.142301 5.330800 0.045082 0.136166 0.989660 5.235500 0.000000 0.000000 0.000000 1.000000
0.981727 -0.185957 -0.040414 -0.001300 0.180679 0.977507 -0.108790 5.330800 0.059735 0.099500 0.993243 5.235500 0.000000 0.000000 0.000000 1.000000
0.983913 -0.166003 -0.066012 -0.001300 0.161369 0.984389 -0.070270 5.330800 0.076647 0.058488 0.995341 5.235500 0.000000 0.000000 0.000000 1.000000
0.986026 -0.146463 -0.079376 -0.001300 0.144334 0.989013 -0.031960 5.330800 0.083185 0.020056 0.996332 5.235500 0.000000 0.000000 0.000000 1.000000
0.987219 -0.138865 -0.078196 -0.001300 0.139503 0.990218 0.002729 5.330800 0.077052 -0.013603 0.996934 5.235500 0.000000 0.000000 0.000000 1.000000
0.987339 -0.141784 -0.071122 -0.001300 0.144939 0.988577 0.041335 5.330800 0.064449 -0.051120 0.996611 5.235500 0.000000 0.000000 0.000000 1.000000
0.986324 -0.151033 -0.065984 -0.001300 0.156167 0.984390 0.081163 5.330800 0.052696 -0.090358 0.994514 5.235500 0.000000 0.000000 0.000000 1.000000
0.984655 -0.161879 -0.065195 -0.001300 0.168364 0.979478 0.110802 5.330800 0.045921 -0.120078 0.991702 5.235500 0.000000 0.000000 0.000000 1.000000
0.982346 -0.176151 -0.062991 -0.001300 0.183119 0.974300 0.131172 5.330800 0.038266 -0.140391 0.989356 5.235500 0.000000 0.000000 0.000000 1.000000
0.980195 -0.189145 -0.058662 -0.001300 0.195572 0.971124 0.136633 5.330800 0.031124 -0.145400 0.988883 5.235500 0.000000 0.000000 0.000000 1.000000
0.977522 -0.204532 -0.051158 -0.001300 0.209609 0.968908 0.131458 5.330800 0.022680 -0.139226 0.990001 5.235500 0.000000 0.000000 0.000000 1.000000
0.974190 -0.223071 -0.034545 -0.001300 0.225630 0.966847 0.119571 5.330800 0.006727 -0.124279 0.992224 5.235500 0.000000 0.000000 0.000000 1.000000
0.972795 -0.231524 0.008194 -0.001300 0.229502 0.967918 0.102295 5.330800 -0.031615 -0.097631 0.994720 5.235500 0.000000 0.000000 0.000000 1.000000
0.982611 -0.165710 0.083761 -0.001300 0.159370 0.984175 0.077464 5.330800 -0.095272 -0.062768 0.993470 5.235500 0.000000 0.000000 0.000000 1.000000
0.988117 -0.120256 0.095723 -0.001300 0.115708 0.991935 0.051745 5.330800 -0.101174 -0.040054 0.994062 5.235500 0.000000 0.000000 0.000000 1.000000
0.989699 -0.115170 0.085040 -0.001300 0.113061 0.993158 0.029228 5.330800 -0.087824 -0.019312 0.995949 5.235500 0.000000 0.000000 0.000000 1.000000
0.992087 -0.107387 0.065050 -0.001300 0.107061 0.994216 0.008491 5.330800 -0.065586 -0.001459 0.997846 5.235500 0.000000 0.000000 0.000000 1.000000
0.994810 -0.095318 0.035615 -0.001300 0.095695 0.995370 -0.009042 5.330800 -0.034589 0.012403 0.999325 5.235500 0.000000 0.000000 0.000000 1.000000
0.996350 -0.085345 -0.001602 -0.001300 0.085289 0.996112 -0.022046 5.330800 0.003478 0.021829 0.999756 5.235500 0.000000 0.000000 0.000000 1.000000
0.997046 -0.068573 -0.034602 -0.001300 0.067560 0.997274 -0.029651 5.330800 0.036541 0.027226 0.998961 5.235500 0.000000 0.000000 0.000000 1.000000
0.998295 -0.020564 -0.054624 -0.001300 0.019052 0.999424 -0.028070 5.330800 0.055170 0.026981 0.998112 5.235500 0.000000 0.000000 0.000000 1.000000
0.998243 0.022805 -0.054688 -0.001300 -0.024591 0.999179 -0.032212 5.330800 0.053908 0.033500 0.997984 5.235500 0.000000 0.000000 0.000000 1.000000
0.999081 0.040941 -0.012655 -0.001300 -0.041733 0.996643 -0.070435 5.330800 0.009729 0.070898 0.997436 5.235500 0.000000 0.000000 0.000000 1.000000
0.997212 0.065649 0.035467 -0.001300 -0.059615 0.986822 -0.150426 5.330800 -0.044875 0.147892 0.987985 5.235500 0.000000 0.000000 0.000000 1.000000
0.993237 0.106708 0.045754 -0.001300 -0.092319 0.964832 -0.246122 5.330800 -0.070408 0.240234 0.968158 5.235500 0.000000 0.000000 0.000000 1.000000
0.989419 0.144019 0.017584 -0.001300 -0.130711 0.937403 -0.322786 5.330800 -0.062971 0.317072 0.946309 5.235500 0.000000 0.000000 0.000000 1.000000
0.986540 0.163357 -0.007243 -0.001300 -0.154544 0.917014 -0.367697 5.330800 -0.053424 0.363867 0.929917 5.235500 0.000000 0.000000 0.000000 1.000000
0.986092 0.164376 -0.024567 -0.001300 -0.160690 0.905163 -0.393520 5.330800 -0.042448 0.391995 0.918988 5.235500 0.000000 0.000000 0.000000 1.000000
0.987440 0.153919 -0.035643 -0.001300 -0.154818 0.897664 -0.412590 5.330800 -0.031510 0.412927 0.910219 5.235500 0.000000 0.000000 0.000000 1.000000
0.990583 0.133090 -0.032131 -0.001300 -0.133920 0.893050 -0.429566 5.330800 -0.028476 0.429823 0.902464 5.235500 0.000000 0.000000 0.000000 1.000000
0.993239 0.114998 -0.015888 -0.001300 -0.110041 0.889020 -0.444449 5.330800 -0.036986 0.443192 0.895663 5.235500 0.000000 0.000000 0.000000 1.000000
0.994277 0.106596 0.007101 -0.001300 -0.091909 0.887380 -0.451785 5.330800 -0.054460 0.448547 0.892098 5.235500 0.000000 0.000000 0.000000 1.000000
0.994367 0.100983 0.032204 -0.001300 -0.075726 0.889418 -0.450778 5.330800 -0.074163 0.445800 0.892055 5.235500 0.000000 0.000000 0.000000 1.000000
0.993837 0.093727 0.059196 -0.001300 -0.057625 0.892972 -0.446409 5.330800 -0.094701 0.440246 0.892869 5.235500 0.000000 0.000000 0.000000 1.000000
0.992522 0.085020 0.087590 -0.001300 -0.037843 0.896515 -0.441395 5.330800 -0.116053 0.434780 0.893028 5.235500 0.000000 0.000000 0.000000 1.000000
0.990262 0.073532 0.118213 -0.001300 -0.014065 0.897628 -0.440529 5.330800 -0.138504 0.434576 0.889922 5.235500 0.000000 0.000000 0.000000 1.000000
0.986405 0.060548 0.152772 -0.001300 0.014037 0.895209 -0.445426 5.330800 -0.163733 0.441515 0.882188 5.235500 0.000000 0.000000 0.000000 1.000000
0.981690 0.053918 0.182696 -0.001300 0.033234 0.895915 -0.442981 5.330800 -0.187565 0.440942 0.877718 5.235500 0.000000 0.000000 0.000000 1.000000
0.979822 0.059877 0.190693 -0.001300 0.028957 0.901481 -0.431849 5.330800 -0.197764 0.428657 0.881557 5.235500 0.000000 0.000000 0.000000 1.000000
0.982101 0.080276 0.170395 -0.001300 -0.000364 0.905441 -0.424472 5.330800 -0.188357 0.416812 0.889263 5.235500 0.000000 0.000000 0.000000 1.000000
0.984391 0.115843 0.132493 -0.001300 -0.050675 0.907511 -0.416960 5.330800 -0.168541 0.403738 0.899216 5.235500 0.000000 0.000000 0.000000 1.000000
0.984340 0.146540 0.097981 -0.001300 -0.096621 0.913408 -0.395411 5.330800 -0.147440 0.379752 0.913263 5.235500 0.000000 0.000000 0.000000 1.000000
0.986208 0.137337 0.092367 -0.001300 -0.094965 0.926621 -0.363807 5.330800 -0.135553 0.350017 0.926884 5.235500 0.000000 0.000000 0.000000 1.000000
0.991207 0.077425 0.107300 -0.001300 -0.037332 0.941625 -0.334589 5.330800 -0.126942 0.327641 0.936236 5.235500 0.000000 0.000000 0.000000 1.000000
0.993402 0.008057 0.114397 -0.001300 0.027019 0.953003 -0.301753 5.330800 -0.111452 0.302853 0.946498 5.235500 0.000000 0.000000 0.000000 1.000000
0.993725 -0.026329 0.108706 -0.001300 0.053731 0.964784 -0.257497 5.330800 -0.098098 0.261722 0.960145 5.235500 0.000000 0.000000 0.000000 1.000000
0.994727 -0.034296 0.096655 -0.001300 0.054388 0.975398 -0.213637 5.330800 -0.086950 0.217767 0.972120 5.235500 0.000000 0.000000 0.000000 1.000000
0.995187 -0.040754 0.089114 -0.001300 0.057494 0.979270 -0.194227 5.330800 -0.079351 0.198416 0.976900 5.235500 0.000000 0.000000 0.000000 1.000000
0.996053 -0.041855 0.078276 -0.001300 0.056285 0.979710 -0.192354 5.330800 -0.068637 0.196000 0.978199 5.235500 0.000000 0.000000 0.000000 1.000000
0.996280 -0.053400 0.067634 -0.001300 0.064465 0.982682 -0.173727 5.330800 -0.057186 0.177441 0.982469 5.235500 0.000000 0.000000 0.000000 1.000000
0.995857 -0.069765 0.058324 -0.001300 0.077453 0.986820 -0.142081 5.330800 -0.047643 0.146010 0.988135 5.235500 0.000000 0.000000 0.000000 1.000000
0.994657 -0.086912 0.055719 -0.001300 0.092870 0.988992 -0.115197 5.330800 -0.045094 0.119756 0.991779 5.235500 0.000000 0.000000 0.000000 1.000000
0.994389 -0.090845 0.054202 -0.001300 0.095659 0.990960 -0.094067 5.330800 -0.045167 0.098724 0.994089 5.235500 0.000000 0.000000 0.000000 1.000000
0.995005 -0.084740 0.052761 -0.001300 0.088606 0.993175 -0.075846 5.330800 -0.045974 0.080142 0.995723 5.235500 0.000000 0.000000 0.000000 1.000000
0.995826 -0.074336 0.052959 -0.001300 0.077435 0.995245 -0.059086 5.330800 -0.048315 0.062940 0.996847 5.235500 0.000000 0.000000 0.000000 1.000000
0.996580 -0.062595 0.053952 -0.001300 0.064937 0.996971 -0.042808 5.330800 -0.051109 0.046165 0.997625 5.235500 0.000000 0.000000 0.000000 1.000000</float_array>
          <technique_common>
            <accessor source="#mixamorig_Spine-Matrix-animation-output-transform-array" count="70" stride="16">
              <param type="float4x4"/>
            </accessor>
          </technique_common>
        </source>
        <source id="mixamorig_Spine-Interpolations">
          <Name_array id="mixamorig_Spine-Interpolations-array" count="70">
 LINEAR LINEAR LINEAR LINEAR LINEAR LINEAR LINEAR LINEAR LINEAR LINEAR LINEAR
LINEAR LINEAR LINEAR LINEAR LINEAR LINEAR LINEAR LINEAR LINEAR LINEAR LINEAR LINEAR
LINEAR LINEAR LINEAR LINEAR LINEAR LINEAR LINEAR LINEAR LINEAR LINEAR LINEAR LINEAR
LINEAR LINEAR LINEAR LINEAR LINEAR LINEAR LINEAR LINEAR LINEAR LINEAR LINEAR LINEAR
LINEAR LINEAR LINEAR LINEAR LINEAR LINEAR LINEAR LINEAR LINEAR LINEAR LINEAR LINEAR
LINEAR LINEAR LINEAR LINEAR LINEAR LINEAR LINEAR LINEAR LINEAR LINEAR LINEAR</Name_array>
          <technique_common>
            <accessor source="#mixamorig_Spine-Interpolations-array" count="70">
              <param type="name"/>
            </accessor>
          </technique_common>
        </source>
        <sampler id="mixamorig_Spine-Matrix-animation-transform">
          <input semantic="INPUT" source="#mixamorig_Spine-Matrix-animation-input"/>
          <input semantic="OUTPUT" source="#mixamorig_Spine-Matrix-animation-output-transform"/>
          <input semantic="INTERPOLATION" source="#mixamorig_Spine-Interpolations"/>
        </sampler>
        <channel source="#mixamorig_Spine-Matrix-animation-transform" target="mixamorig_Spine/matrix"/>
      </animation>
    </animation>
    <animation id="mixamorig_Spine1-anim" name="mixamorig_Spine1">
      <animation>
        <source id="mixamorig_Spine1-Matrix-animation-input">
          <float_array id="mixamorig_Spine1-Matrix-animation-input-array" count="70">

0.000000 0.033333 0.066667 0.100000 0.133333 0.166667 0.200000 0.233333 0.266667 0.300000 0.333333 0.366667 0.400000 0.433333 0.466667 0.500000
0.533333 0.566667 0.600000 0.633333 0.666667 0.700000 0.733333 0.766667 0.800000 0.833333 0.866667 0.900000 0.933333 0.966667 1.000000 1.033333
1.066667 1.100000 1.133333 1.166667 1.200000 1.233333 1.266667 1.300000 1.333333 1.366667 1.400000 1.433333 1.466667 1.500000 1.533333 1.566667
1.600000 1.633333 1.666667 1.700000 1.733333 1.766667 1.800000 1.833333 1.866667 1.900000 1.933333 1.966667 2.000000 2.033333 2.066667 2.100000
2.133333 2.166667 2.200000 2.233333 2.266667 2.300000</float_array>
          <technique_common>
            <accessor source="#mixamorig_Spine1-Matrix-animation-input-array" count="70">
              <param name="TIME" type="float"/>
            </accessor>
          </technique_common>
        </source>
        <source id="mixamorig_Spine1-Matrix-animation-output-transform">
          <float_array id="mixamorig_Spine1-Matrix-animation-output-transform-array" count="1120">

0.999427 -0.032859 0.008089 0.089900 0.033131 0.998794 -0.036236 5.334800 -0.006889 0.036483 0.999311 12.552700 0.000000 0.000000 0.000000 1.000000
0.999436 -0.032856 0.006928 0.089900 0.033125 0.998516 -0.043227 5.334800 -0.005497 0.043432 0.999041 12.552700 0.000000 0.000000 0.000000 1.000000
0.999442 -0.032873 0.005942 0.089900 0.033128 0.998221 -0.049577 5.334800 -0.004302 0.049746 0.998753 12.552700 0.000000 0.000000 0.000000 1.000000
0.999482 -0.031241 0.007684 0.089900 0.031563 0.998433 -0.046213 5.334800 -0.006228 0.046432 0.998902 12.552700 0.000000 0.000000 0.000000 1.000000
0.999561 -0.025143 0.015643 0.089900 0.025509 0.999394 -0.023670 5.334800 -0.015038 0.024059 0.999597 12.552700 0.000000 0.000000 0.000000 1.000000
0.999511 -0.014708 0.027611 0.089900 0.014374 0.999822 0.012256 5.334800 -0.027786 -0.011853 0.999544 12.552700 0.000000 0.000000 0.000000 1.000000
0.999358 -0.005753 0.035357 0.089900 0.003918 0.998653 0.051739 5.334800 -0.035607 -0.051567 0.998035 12.552700 0.000000 0.000000 0.000000 1.000000
0.999076 -0.004574 0.042725 0.089900 0.001140 0.996789 0.080061 5.334800 -0.042954 -0.079939 0.995874 12.552700 0.000000 0.000000 0.000000 1.000000
0.998413 -0.013478 0.054688 0.089900 0.011273 0.999119 0.040430 5.334800 -0.055185 -0.039749 0.997685 12.552700 0.000000 0.000000 0.000000 1.000000
0.997407 -0.029780 0.065520 0.089900 0.032885 0.998362 -0.046829 5.334800 -0.064018 0.048862 0.996752 12.552700 0.000000 0.000000 0.000000 1.000000
0.996111 -0.047457 0.074229 0.089900 0.055752 0.991915 -0.114004 5.334800 -0.068219 0.117699 0.990703 12.552700 0.000000 0.000000 0.000000 1.000000
0.994593 -0.064342 0.081516 0.089900 0.074903 0.988154 -0.133942 5.334800 -0.071932 0.139324 0.987631 12.552700 0.000000 0.000000 0.000000 1.000000
0.993675 -0.078988 0.079814 0.089900 0.086235 0.992031 -0.091855 5.334800 -0.071922 0.098157 0.992569 12.552700 0.000000 0.000000 0.000000 1.000000
0.994745 -0.079003 0.065113 0.089900 0.082071 0.995571 -0.045862 5.334800 -0.061202 0.050965 0.996823 12.552700 0.000000 0.000000 0.000000 1.000000
0.996319 -0.071420 0.047418 0.089900 0.071878 0.997381 -0.008029 5.334800 -0.046720 0.011407 0.998843 12.552700 0.000000 0.000000 0.000000 1.000000
0.997704 -0.061211 0.028995 0.089900 0.060449 0.997821 0.026459 5.334800 -0.030551 -0.024646 0.999229 12.552700 0.000000 0.000000 0.000000 1.000000
0.998643 -0.050614 0.012277 0.089900 0.049848 0.997172 0.056236 5.334800 -0.015089 -0.055547 0.998342 12.552700 0.000000 0.000000 0.000000 1.000000
0.999123 -0.041882 -0.000301 0.089900 0.041772 0.995921 0.079972 5.334800 -0.003050 -0.079915 0.996797 12.552700 0.000000 0.000000 0.000000 1.000000
0.999296 -0.037015 -0.006136 0.089900 0.037434 0.994663 0.096143 5.334800 0.002544 -0.096305 0.995349 12.552700 0.000000 0.000000 0.000000 1.000000
0.999366 -0.035435 -0.003589 0.089900 0.035616 0.994041 0.103026 5.334800 -0.000083 -0.103088 0.994672 12.552700 0.000000 0.000000 0.000000 1.000000
0.999346 -0.035942 0.004003 0.089900 0.035340 0.994064 0.102900 5.334800 -0.007678 -0.102691 0.994684 12.552700 0.000000 0.000000 0.000000 1.000000
0.999225 -0.037887 0.010683 0.089900 0.036628 0.994288 0.100247 5.334800 -0.014420 -0.099778 0.994905 12.552700 0.000000 0.000000 0.000000 1.000000
0.999076 -0.040154 0.015334 0.089900 0.038491 0.994582 0.096567 5.334800 -0.019128 -0.095888 0.995208 12.552700 0.000000 0.000000 0.000000 1.000000
0.999004 -0.041602 0.016134 0.089900 0.040000 0.995195 0.089370 5.334800 -0.019774 -0.088636 0.995868 12.552700 0.000000 0.000000 0.000000 1.000000
0.998963 -0.043470 0.013515 0.089900 0.042270 0.995971 0.079091 5.334800 -0.016899 -0.078438 0.996776 12.552700 0.000000 0.000000 0.000000 1.000000
0.998902 -0.046069 0.008567 0.089900 0.045396 0.996732 0.066810 5.334800 -0.011617 -0.066348 0.997729 12.552700 0.000000 0.000000 0.000000 1.000000
0.998800 -0.048926 0.001986 0.089900 0.048752 0.997398 0.053101 5.334800 -0.004579 -0.052940 0.998587 12.552700 0.000000 0.000000 0.000000 1.000000
0.998654 -0.051575 -0.005525 0.089900 0.051750 0.997916 0.038542 5.334800 0.003526 -0.038776 0.999242 12.552700 0.000000 0.000000 0.000000 1.000000
0.998477 -0.053543 -0.013268 0.089900 0.053847 0.998267 0.023718 5.334800 0.011975 -0.024396 0.999631 12.552700 0.000000 0.000000 0.000000 1.000000
0.998310 -0.054364 -0.020540 0.089900 0.054562 0.998468 0.009215 5.334800 0.020008 -0.010320 0.999747 12.552700 0.000000 0.000000 0.000000 1.000000
0.998209 -0.053571 -0.026643 0.089900 0.053473 0.998560 -0.004380 5.334800 0.026839 0.002947 0.999635 12.552700 0.000000 0.000000 0.000000 1.000000
0.998237 -0.050699 -0.030876 0.089900 0.050208 0.998603 -0.016483 5.334800 0.031669 0.014904 0.999387 12.552700 0.000000 0.000000 0.000000 1.000000
0.998444 -0.045280 -0.032541 0.089900 0.044426 0.998661 -0.026516 5.334800 0.033698 0.025029 0.999119 12.552700 0.000000 0.000000 0.000000 1.000000
0.998885 -0.035997 -0.030548 0.089900 0.034967 0.998823 -0.033615 5.334800 0.031722 0.032509 0.998968 12.552700 0.000000 0.000000 0.000000 1.000000
0.999600 -0.017653 -0.022106 0.089900 0.016857 0.999221 -0.035688 5.334800 0.022719 0.035301 0.999118 12.552700 0.000000 0.000000 0.000000 1.000000
0.999943 0.002181 -0.010461 0.089900 -0.002548 0.999379 -0.035140 5.334800 0.010378 0.035165 0.999328 12.552700 0.000000 0.000000 0.000000 1.000000
0.999945 0.010452 0.001210 0.089900 -0.010404 0.999342 -0.034749 5.334800 -0.001572 0.034735 0.999395 12.552700 0.000000 0.000000 0.000000 1.000000
0.999911 0.007409 0.011099 0.089900 -0.006970 0.999210 -0.039126 5.334800 -0.011380 0.039045 0.999173 12.552700 0.000000 0.000000 0.000000 1.000000
0.999930 0.006323 0.009972 0.089900 -0.005782 0.998558 -0.053372 5.334800 -0.010295 0.053311 0.998525 12.552700 0.000000 0.000000 0.000000 1.000000
0.999930 0.011749 -0.001514 0.089900 -0.011828 0.997281 -0.072732 5.334800 0.000655 0.072745 0.997350 12.552700 0.000000 0.000000 0.000000 1.000000
0.999766 0.018132 -0.011804 0.089900 -0.019066 0.996235 -0.084567 5.334800 0.010226 0.084772 0.996348 12.552700 0.000000 0.000000 0.000000 1.000000
0.999602 0.022100 -0.017519 0.089900 -0.023554 0.995869 -0.087692 5.334800 0.015509 0.088070 0.995994 12.552700 0.000000 0.000000 0.000000 1.000000
0.999470 0.024068 -0.021940 0.089900 -0.025897 0.995848 -0.087271 5.334800 0.019748 0.087793 0.995943 12.552700 0.000000 0.000000 0.000000 1.000000
0.999347 0.024346 -0.026685 0.089900 -0.026555 0.995956 -0.085828 5.334800 0.024487 0.086481 0.995952 12.552700 0.000000 0.000000 0.000000 1.000000
0.999260 0.023058 -0.030780 0.089900 -0.025583 0.996110 -0.084321 5.334800 0.028716 0.085046 0.995963 12.552700 0.000000 0.000000 0.000000 1.000000
0.999286 0.020244 -0.031888 0.089900 -0.022810 0.996348 -0.082283 5.334800 0.030106 0.082952 0.996099 12.552700 0.000000 0.000000 0.000000 1.000000
0.999419 0.016089 -0.030042 0.089900 -0.018438 0.996654 -0.079627 5.334800 0.028660 0.080135 0.996372 12.552700 0.000000 0.000000 0.000000 1.000000
0.999569 0.011207 -0.027131 0.089900 -0.013265 0.996949 -0.076924 5.334800 0.026186 0.077251 0.996668 12.552700 0.000000 0.000000 0.000000 1.000000
0.999697 0.005868 -0.023924 0.089900 -0.007635 0.997196 -0.074449 5.334800 0.023420 0.074609 0.996938 12.552700 0.000000 0.000000 0.000000 1.000000
0.999800 -0.000523 -0.019978 0.089900 -0.000940 0.997322 -0.073131 5.334800 0.019963 0.073135 0.997122 12.552700 0.000000 0.000000 0.000000 1.000000
0.999866 -0.008436 -0.014048 0.089900 0.007387 0.997297 -0.073110 5.334800 0.014627 0.072996 0.997225 12.552700 0.000000 0.000000 0.000000 1.000000
0.999850 -0.016130 -0.006367 0.089900 0.015634 0.997322 -0.071446 5.334800 0.007502 0.071336 0.997424 12.552700 0.000000 0.000000 0.000000 1.000000
0.999795 -0.020245 -0.000742 0.089900 0.020149 0.997536 -0.067202 5.334800 0.002101 0.067173 0.997739 12.552700 0.000000 0.000000 0.000000 1.000000
0.999822 -0.018877 0.000310 0.089900 0.018860 0.997879 -0.062299 5.334800 0.000867 0.062294 0.998057 12.552700 0.000000 0.000000 0.000000 1.000000
0.999923 -0.012282 -0.001668 0.089900 0.012166 0.998272 -0.057494 5.334800 0.002371 0.057469 0.998344 12.552700 0.000000 0.000000 0.000000 1.000000
0.999990 -0.003045 -0.003321 0.089900 0.002865 0.998600 -0.052812 5.334800 0.003477 0.052802 0.998599 12.552700 0.000000 0.000000 0.000000 1.000000
0.999999 0.001464 -0.000504 0.089900 -0.001486 0.998919 -0.046463 5.334800 0.000435 0.046464 0.998920 12.552700 0.000000 0.000000 0.000000 1.000000
0.999967 -0.005536 0.006003 0.089900 0.005761 0.999254 -0.038200 5.334800 -0.005787 0.038233 0.999252 12.552700 0.000000 0.000000 0.000000 1.000000
0.999835 -0.015378 0.009684 0.089900 0.015694 0.999316 -0.033474 5.334800 -0.009163 0.033620 0.999393 12.552700 0.000000 0.000000 0.000000 1.000000
0.999818 -0.017364 0.007916 0.089900 0.017634 0.999219 -0.035363 5.334800 -0.007296 0.035496 0.999343 12.552700 0.000000 0.000000 0.000000 1.000000
0.999816 -0.018474 0.005197 0.089900 0.018656 0.999124 -0.037467 5.334800 -0.004500 0.037557 0.999284 12.552700 0.000000 0.000000 0.000000 1.000000
0.999743 -0.022411 0.003316 0.089900 0.022520 0.999034 -0.037736 5.334800 -0.002467 0.037801 0.999282 12.552700 0.000000 0.000000 0.000000 1.000000
0.999663 -0.025938 0.000799 0.089900 0.025950 0.998954 -0.037653 5.334800 0.000179 0.037661 0.999291 12.552700 0.000000 0.000000 0.000000 1.000000
0.999568 -0.029224 -0.003158 0.089900 0.029088 0.998901 -0.036745 5.334800 0.004228 0.036637 0.999320 12.552700 0.000000 0.000000 0.000000 1.000000
0.999446 -0.031988 -0.009138 0.089900 0.031649 0.998882 -0.035107 5.334800 0.010251 0.034798 0.999342 12.552700 0.000000 0.000000 0.000000 1.000000
0.999283 -0.033899 -0.016873 0.089900 0.033324 0.998891 -0.033270 5.334800 0.017982 0.032684 0.999304 12.552700 0.000000 0.000000 0.000000 1.000000
0.999158 -0.033499 -0.023668 0.089900 0.032753 0.998976 -0.031220 5.334800 0.024690 0.030419 0.999232 12.552700 0.000000 0.000000 0.000000 1.000000
0.999097 -0.031045 -0.028999 0.089900 0.030204 0.999123 -0.028990 5.334800 0.029874 0.028088 0.999159 12.552700 0.000000 0.000000 0.000000 1.000000
0.999050 -0.027649 -0.033688 0.089900 0.026756 0.999286 -0.026678 5.334800 0.034402 0.025751 0.999076 12.552700 0.000000 0.000000 0.000000 1.000000
0.998985 -0.023943 -0.038166 0.089900 0.023024 0.999439 -0.024338 5.334800 0.038727 0.023435 0.998975 12.552700 0.000000 0.000000 0.000000 1.000000</float_array>
          <technique_common>
            <accessor source="#mixamorig_Spine1-Matrix-animation-output-transform-array" count="70" stride="16">
              <param type="float4x4"/>
            </accessor>
          </technique_common>
        </source>
        <source id="mixamorig_Spine1-Interpolations">
          <Name_array id="mixamorig_Spine1-Interpolations-array" count="70">
 LINEAR LINEAR LINEAR LINEAR LINEAR LINEAR LINEAR LINEAR LINEAR LINEAR LINEAR
LINEAR LINEAR LINEAR LINEAR LINEAR LINEAR LINEAR LINEAR LINEAR LINEAR LINEAR LINEAR
LINEAR LINEAR LINEAR LINEAR LINEAR LINEAR LINEAR LINEAR LINEAR LINEAR LINEAR LINEAR
LINEAR LINEAR LINEAR LINEAR LINEAR LINEAR LINEAR LINEAR LINEAR LINEAR LINEAR LINEAR
LINEAR LINEAR LINEAR LINEAR LINEAR LINEAR LINEAR LINEAR LINEAR LINEAR LINEAR LINEAR
LINEAR LINEAR LINEAR LINEAR LINEAR LINEAR LINEAR LINEAR LINEAR LINEAR LINEAR</Name_array>
          <technique_common>
            <accessor source="#mixamorig_Spine1-Interpolations-array" count="70">
              <param type="name"/>
            </accessor>
          </technique_common>
        </source>
        <sampler id="mixamorig_Spine1-Matrix-animation-transform">
          <input semantic="INPUT" source="#mixamorig_Spine1-Matrix-animation-input"/>
          <input semantic="OUTPUT" source="#mixamorig_Spine1-Matrix-animation-output-transform"/>
