<?xml version="1.0" encoding="utf-8"?>
<COLLADA xmlns="http://www.collada.org/2005/11/COLLADASchema" version="1.4.1">
  <asset><contributor><author>Mixamo</author><authoring_tool>COLLADA Mixamo exporter</authoring_tool><comments></comments></contributor><created>2020-04-23T10:01:26Z</created><modified>2020-04-23T10:01:26Z</modified><revision></revision><title></title><unit meter="0.010000"/><up_axis>Y_UP</up_axis></asset>
  <library_animations>
    <animation id="mixamorig_Hips-anim" name="mixamorig_Hips"><source id="mixamorig_Hips-Matrix-animation-input"><float_array id="mixamorig_Hips-Matrix-animation-input-array" count="30">

0.000000 0.033333 0.066667 0.100000 0.133333 0.166667 0.200000 0.233333 0.266667 0.300000 0.333333 0.366667 0.400000 0.433333 0.466667 0.500000
0.533333 0.566667 0.600000 0.633333 0.666667 0.700000 0.733333 0.766667 0.800000 0.833333 0.866667 0.900000 0.933333 0.966667</float_array><technique_common><accessor source="#mixamorig_Hips-Matrix-animation-input-array" count="30"><param name="TIME" type="float"/></accessor></technique_common></source><source id="mixamorig_Hips-Matrix-animation-output-transform"><float_array id="mixamorig_Hips-Matrix-animation-output-transform-array" count="480">

0.036705 0.067956 -0.006401 2.517032 0.002198 0.006087 0.077229 1.986142 0.068222 -0.036758 0.000955 -1.226164 0.000000 0.000000 0.000000 1.000000
0.037070 0.067974 -0.003407 2.479937 0.004941 0.001182 0.077333 1.815591 0.067880 -0.037207 -0.003768 -1.199861 0.000000 0.000000 0.000000 1.000000
0.037817 0.067646 -0.000435 2.435823 0.007591 -0.003749 0.077036 1.635393 0.067220 -0.037633 -0.008455 -1.163390 0.000000 0.000000 0.000000 1.000000
0.038757 0.067066 0.002507 2.383793 0.010176 -0.008735 0.076331 1.450247 0.066337 -0.037843 -0.013174 -1.120948 0.000000 0.000000 0.000000 1.000000
0.039692 0.066346 0.005385 2.326673 0.012091 -0.013351 0.075378 1.272320 0.065457 -0.037765 -0.017189 -1.079721 0.000000 0.000000 0.000000 1.000000
0.038675 0.066816 0.006794 2.321536 0.012408 -0.014814 0.075052 1.206259 0.066004 -0.036365 -0.018090 -1.010333 0.000000 0.000000 0.000000 1.000000
0.036751 0.067809 0.007590 2.356214 0.012214 -0.015020 0.075043 1.195271 0.067130 -0.034390 -0.017810 -0.934217 0.000000 0.000000 0.000000 1.000000
0.034623 0.068892 0.007834 2.401595 0.011749 -0.014459 0.075227 1.212252 0.068333 -0.032421 -0.016904 -0.884049 0.000000 0.000000 0.000000 1.000000
0.033006 0.069705 0.007618 2.442640 0.011293 -0.013594 0.075458 1.243214 0.069205 -0.031026 -0.015946 -0.857240 0.000000 0.000000 0.000000 1.000000
0.032439 0.070094 0.006385 2.472392 0.010776 -0.011894 0.075820 1.308563 0.069554 -0.030848 -0.014725 -0.873422 0.000000 0.000000 0.000000 1.000000
0.032293 0.070274 0.005002 2.493727 0.010159 -0.010090 0.076166 1.378903 0.069715 -0.031081 -0.013416 -0.903801 0.000000 0.000000 0.000000 1.000000
0.032334 0.070330 0.003799 2.507597 0.009511 -0.008501 0.076443 1.441306 0.069787 -0.031427 -0.012178 -0.935005 0.000000 0.000000 0.000000 1.000000
0.032434 0.070337 0.002636 2.520208 0.008871 -0.006964 0.076675 1.502228 0.069826 -0.031787 -0.010965 -0.963316 0.000000 0.000000 0.000000 1.000000
0.032622 0.070284 0.001512 2.531933 0.008239 -0.005478 0.076866 1.560711 0.069815 -0.032194 -0.009778 -0.989910 0.000000 0.000000 0.000000 1.000000
0.032856 0.070190 0.000393 2.541913 0.007615 -0.003996 0.077021 1.618460 0.069777 -0.032614 -0.008591 -1.014649 0.000000 0.000000 0.000000 1.000000
0.033128 0.070059 -0.000702 2.548852 0.006994 -0.002534 0.077142 1.674818 0.069713 -0.033038 -0.007405 -1.038170 0.000000 0.000000 0.000000 1.000000
0.033425 0.069899 -0.001758 2.554482 0.006378 -0.001108 0.077229 1.729581 0.069630 -0.033453 -0.006230 -1.059954 0.000000 0.000000 0.000000 1.000000
0.033737 0.069717 -0.002757 2.559108 0.005764 0.000267 0.077285 1.782159 0.069533 -0.033848 -0.005069 -1.080076 0.000000 0.000000 0.000000 1.000000
0.034058 0.069518 -0.003674 2.562561 0.005129 0.001573 0.077314 1.831179 0.069426 -0.034220 -0.003909 -1.100797 0.000000 0.000000 0.000000 1.000000
0.034403 0.069297 -0.004545 2.563729 0.004436 0.002869 0.077320 1.879188 0.069304 -0.034583 -0.002693 -1.122786 0.000000 0.000000 0.000000 1.000000
0.034781 0.069048 -0.005376 2.562455 0.003686 0.004161 0.077300 1.926683 0.069159 -0.034947 -0.001417 -1.146004 0.000000 0.000000 0.000000 1.000000
0.035168 0.068790 -0.006119 2.559066 0.002955 0.005361 0.077258 1.970377 0.068998 -0.035291 -0.000190 -1.168729 0.000000 0.000000 0.000000 1.000000
0.035540 0.068541 -0.006730 2.554282 0.002322 0.006377 0.077202 2.006211 0.068831 -0.035606 0.000871 -1.188435 0.000000 0.000000 0.000000 1.000000
0.035871 0.068324 -0.007167 2.548521 0.001860 0.007117 0.077150 2.030815 0.068674 -0.035881 0.001655 -1.203423 0.000000 0.000000 0.000000 1.000000
0.036132 0.068172 -0.007302 2.542243 0.001660 0.007381 0.077130 2.038114 0.068542 -0.036116 0.001981 -1.213564 0.000000 0.000000 0.000000 1.000000
0.036327 0.068079 -0.007199 2.536067 0.001661 0.007270 0.077140 2.032317 0.068439 -0.036313 0.001948 -1.219648 0.000000 0.000000 0.000000 1.000000
0.036473 0.068015 -0.007064 2.530108 0.001718 0.007092 0.077156 2.024344 0.068360 -0.036467 0.001830 -1.223542 0.000000 0.000000 0.000000 1.000000
0.036566 0.067985 -0.006867 2.524971 0.001853 0.006799 0.077179 2.012646 0.068306 -0.036579 0.001582 -1.224995 0.000000 0.000000 0.000000 1.000000
0.036633 0.067973 -0.006630 2.520629 0.002031 0.006436 0.077206 1.998915 0.068265 -0.036668 0.001261 -1.225329 0.000000 0.000000 0.000000 1.000000
0.036704 0.067956 -0.006401 2.517049 0.002198 0.006087 0.077229 1.986139 0.068222 -0.036758 0.000955 -1.226144 0.000000 0.000000 0.000000 1.000000</float_array><technique_common><accessor source="#mixamorig_Hips-Matrix-animation-output-transform-array" count="30" stride="16"><param type="float4x4"/></accessor></technique_common></source><source id="mixamorig_Hips-Interpolations"><Name_array id="mixamorig_Hips-Interpolations-array" count="30">
 LINEAR LINEAR LINEAR LINEAR LINEAR LINEAR LINEAR LINEAR LINEAR LINEAR LINEAR
LINEAR LINEAR LINEAR LINEAR LINEAR LINEAR LINEAR LINEAR LINEAR LINEAR LINEAR LINEAR
LINEAR LINEAR LINEAR LINEAR LINEAR LINEAR LINEAR</Name_array><technique_common><accessor source="#mixamorig_Hips-Interpolations-array" count="30"><param type="name"/></accessor></technique_common></source><sampler id="mixamorig_Hips-Matrix-animation-transform"><input semantic="INPUT" source="#mixamorig_Hips-Matrix-animation-input"/><input semantic="OUTPUT" source="#mixamorig_Hips-Matrix-animation-output-transform"/><input semantic="INTERPOLATION" source="#mixamorig_Hips-Interpolations"/></sampler><channel source="#mixamorig_Hips-Matrix-animation-transform" target="mixamorig_Hips/matrix"/></animation>
    <animation id="mixamorig_Spine-anim" name="mixamorig_Spine"><source id="mixamorig_Spine-Matrix-animation-input"><float_array id="mixamorig_Spine-Matrix-animation-input-array" count="30">

0.000000 0.033333 0.066667 0.100000 0.133333 0.166667 0.200000 0.233333 0.266667 0.300000 0.333333 0.366667 0.400000 0.433333 0.466667 0.500000
0.533333 0.566667 0.600000 0.633333 0.666667 0.700000 0.733333 0.766667 0.800000 0.833333 0.866667 0.900000 0.933333 0.966667</float_array><technique_common><accessor source="#mixamorig_Spine-Matrix-animation-input-array" count="30"><param name="TIME" type="float"/></accessor></technique_common></source><source id="mixamorig_Spine-Matrix-animation-output-transform"><float_array id="mixamorig_Spine-Matrix-animation-output-transform-array" count="480">

0.997428 0.003876 0.071577 -0.001300 0.007721 0.986919 -0.161032 5.330800 -0.071265 0.161170 0.984350 5.235500 0.000000 0.000000 0.000000 1.000000
0.998994 0.002276 0.044780 -0.001300 0.003378 0.992054 -0.125767 5.330800 -0.044711 0.125792 0.991049 5.235500 0.000000 0.000000 0.000000 1.000000
0.999831 0.001537 0.018297 -0.001300 0.000055 0.996232 -0.086727 5.330800 -0.018362 0.086713 0.996064 5.235500 0.000000 0.000000 0.000000 1.000000
0.999963 0.002955 -0.008083 -0.001300 -0.003329 0.998906 -0.046655 5.330800 0.007936 0.046680 0.998878 5.235500 0.000000 0.000000 0.000000 1.000000
0.999374 0.011158 -0.033576 -0.001300 -0.011447 0.999899 -0.008444 5.330800 0.033479 0.008823 0.999400 5.235500 0.000000 0.000000 0.000000 1.000000
0.992825 0.052113 -0.107620 -0.001300 -0.051753 0.998641 0.006132 5.330800 0.107794 -0.000518 0.994173 5.235500 0.000000 0.000000 0.000000 1.000000
0.987711 0.065325 -0.141982 -0.001300 -0.067466 0.997668 -0.010312 5.330800 0.140978 0.019764 0.989815 5.235500 0.000000 0.000000 0.000000 1.000000
0.987417 0.059880 -0.146362 -0.001300 -0.066266 0.997034 -0.039153 5.330800 0.143583 0.048359 0.988456 5.235500 0.000000 0.000000 0.000000 1.000000
0.987639 0.056331 -0.146271 -0.001300 -0.064783 0.996455 -0.053672 5.330800 0.142729 0.062484 0.987788 5.235500 0.000000 0.000000 0.000000 1.000000
0.988889 0.049621 -0.140127 -0.001300 -0.060296 0.995508 -0.072990 5.330800 0.135876 0.080628 0.987440 5.235500 0.000000 0.000000 0.000000 1.000000
0.990202 0.044254 -0.132448 -0.001300 -0.055790 0.994843 -0.084700 5.330800 0.128017 0.091259 0.987564 5.235500 0.000000 0.000000 0.000000 1.000000
0.991465 0.038448 -0.124574 -0.001300 -0.050492 0.994195 -0.095010 5.330800 0.120198 0.100490 0.987651 5.235500 0.000000 0.000000 0.000000 1.000000
0.993659 0.030520 -0.108216 -0.001300 -0.042178 0.993350 -0.107131 5.330800 0.104226 0.111016 0.988338 5.235500 0.000000 0.000000 0.000000 1.000000
0.994709 0.026233 -0.099330 -0.001300 -0.037422 0.992945 -0.112517 5.330800 0.095677 0.115639 0.988673 5.235500 0.000000 0.000000 0.000000 1.000000
0.996441 0.018496 -0.082241 -0.001300 -0.028473 0.992140 -0.121847 5.330800 0.079341 0.123755 0.989136 5.235500 0.000000 0.000000 0.000000 1.000000
0.997558 0.013042 -0.068615 -0.001300 -0.021757 0.991556 -0.127840 5.330800 0.066368 0.129020 0.989419 5.235500 0.000000 0.000000 0.000000 1.000000
0.998470 0.008107 -0.054706 -0.001300 -0.015329 0.991009 -0.132911 5.330800 0.053137 0.133547 0.989617 5.235500 0.000000 0.000000 0.000000 1.000000
0.999328 0.002716 -0.036557 -0.001300 -0.007761 0.990324 -0.138560 5.330800 0.035827 0.138751 0.989679 5.235500 0.000000 0.000000 0.000000 1.000000
0.999634 0.001417 -0.027023 -0.001300 -0.005214 0.990000 -0.140968 5.330800 0.026553 0.141057 0.989645 5.235500 0.000000 0.000000 0.000000 1.000000
0.999946 0.004174 -0.009569 -0.001300 -0.005518 0.989420 -0.144975 5.330800 0.008862 0.145020 0.989389 5.235500 0.000000 0.000000 0.000000 1.000000
0.999966 0.007528 0.003374 -0.001300 -0.006949 0.989044 -0.147458 5.330800 -0.004447 0.147430 0.989063 5.235500 0.000000 0.000000 0.000000 1.000000
0.999825 0.010292 0.015606 -0.001300 -0.007844 0.988727 -0.149521 5.330800 -0.016969 0.149372 0.988635 5.235500 0.000000 0.000000 0.000000 1.000000
0.999481 0.010675 0.030400 -0.001300 -0.005939 0.988387 -0.151839 5.330800 -0.031668 0.151580 0.987938 5.235500 0.000000 0.000000 0.000000 1.000000
0.999243 0.010309 0.037509 -0.001300 -0.004457 0.988233 -0.152889 5.330800 -0.038644 0.152606 0.987531 5.235500 0.000000 0.000000 0.000000 1.000000
0.998740 0.009186 0.049328 -0.001300 -0.001441 0.987944 -0.154803 5.330800 -0.050155 0.154537 0.986713 5.235500 0.000000 0.000000 0.000000 1.000000
0.998352 0.008322 0.056783 -0.001300 0.000652 0.987722 -0.156222 5.330800 -0.057386 0.156002 0.986088 5.235500 0.000000 0.000000 0.000000 1.000000
0.998002 0.007361 0.062750 -0.001300 0.002634 0.987479 -0.157730 5.330800 -0.063126 0.157580 0.985487 5.235500 0.000000 0.000000 0.000000 1.000000
0.997633 0.005964 0.068505 -0.001300 0.005039 0.987213 -0.159325 5.330800 -0.068580 0.159293 0.984846 5.235500 0.000000 0.000000 0.000000 1.000000
0.997518 0.005296 0.070219 -0.001300 0.006015 0.987116 -0.159892 5.330800 -0.070161 0.159918 0.984634 5.235500 0.000000 0.000000 0.000000 1.000000
0.997428 0.003877 0.071576 -0.001300 0.007720 0.986919 -0.161029 5.330800 -0.071264 0.161168 0.984351 5.235500 0.000000 0.000000 0.000000 1.000000</float_array><technique_common><accessor source="#mixamorig_Spine-Matrix-animation-output-transform-array" count="30" stride="16"><param type="float4x4"/></accessor></technique_common></source><source id="mixamorig_Spine-Interpolations"><Name_array id="mixamorig_Spine-Interpolations-array" count="30">
 LINEAR LINEAR LINEAR LINEAR LINEAR LINEAR LINEAR LINEAR LINEAR LINEAR LINEAR
LINEAR LINEAR LINEAR LINEAR LINEAR LINEAR LINEAR LINEAR LINEAR LINEAR LINEAR LINEAR
LINEAR LINEAR LINEAR LINEAR LINEAR LINEAR LINEAR</Name_array><technique_common><accessor source="#mixamorig_Spine-Interpolations-array" count="30"><param type="name"/></accessor></technique_common></source><sampler id="mixamorig_Spine-Matrix-animation-transform"><input semantic="INPUT" source="#mixamorig_Spine-Matrix-animation-input"/><input semantic="OUTPUT" source="#mixamorig_Spine-Matrix-animation-output-transform"/><input semantic="INTERPOLATION" source="#mixamorig_Spine-Interpolations"/></sampler><channel source="#mixamorig_Spine-Matrix-animation-transform" target="mixamorig_Spine/matrix"/></animation>
    <animation id="mixamorig_Spine1-anim" name="mixamorig_Spine1"><source id="mixamorig_Spine1-Matrix-animation-input"><float_array id="mixamorig_Spine1-Matrix-animation-input-array" count="30">

0.000000 0.033333 0.066667 0.100000 0.133333 0.166667 0.200000 0.233333 0.266667 0.300000 0.333333 0.366667 0.400000 0.433333 0.466667 0.500000
0.533333 0.566667 0.600000 0.633333 0.666667 0.700000 0.733333 0.766667 0.800000 0.833333 0.866667 0.900000 0.933333 0.966667</float_array><technique_common><accessor source="#mixamorig_Spine1-Matrix-animation-input-array" count="30"><param name="TIME" type="float"/></accessor></technique_common></source><source id="mixamorig_Spine1-Matrix-animation-output-transform"><float_array id="mixamorig_Spine1-Matrix-animation-output-transform-array" count="480">

0.998757 -0.014794 0.047603 0.089900 0.019575 0.994634 -0.101585 5.334800 -0.045845 0.102391 0.993687 12.552700 0.000000 0.000000 0.000000 1.000000
0.998971 -0.015285 0.042702 0.089900 0.019178 0.995547 -0.092299 5.334800 -0.041101 0.093023 0.994815 12.552700 0.000000 0.000000 0.000000 1.000000
0.999167 -0.015709 0.037665 0.089900 0.018718 0.996545 -0.080924 5.334800 -0.036263 0.081561 0.996008 12.552700 0.000000 0.000000 0.000000 1.000000
0.999357 -0.015087 0.032520 0.089900 0.017290 0.997498 -0.068545 5.334800 -0.031404 0.069063 0.997118 12.552700 0.000000 0.000000 0.000000 1.000000
0.999547 -0.012747 0.027278 0.089900 0.014266 0.998317 -0.056212 5.334800 -0.026516 0.056576 0.998046 12.552700 0.000000 0.000000 0.000000 1.000000
0.999953 0.001744 0.009512 0.089900 -0.001275 0.998796 -0.049045 5.334800 -0.009586 0.049030 0.998751 12.552700 0.000000 0.000000 0.000000 1.000000
0.999974 0.006916 0.002192 0.089900 -0.006792 0.998592 -0.052610 5.334800 -0.002553 0.052594 0.998613 12.552700 0.000000 0.000000 0.000000 1.000000
0.999981 0.005541 0.002518 0.089900 -0.005377 0.998141 -0.060713 5.334800 -0.002850 0.060698 0.998152 12.552700 0.000000 0.000000 0.000000 1.000000
0.999984 0.004735 0.003050 0.089900 -0.004527 0.997887 -0.064809 5.334800 -0.003350 0.064795 0.997893 12.552700 0.000000 0.000000 0.000000 1.000000
0.999984 0.002981 0.004871 0.089900 -0.002633 0.997555 -0.069838 5.334800 -0.005067 0.069824 0.997546 12.552700 0.000000 0.000000 0.000000 1.000000
0.999975 0.001478 0.006978 0.089900 -0.000967 0.997354 -0.072687 5.334800 -0.007067 0.072678 0.997330 12.552700 0.000000 0.000000 0.000000 1.000000
0.999958 -0.000345 0.009166 0.089900 0.001034 0.997159 -0.075315 5.334800 -0.009114 0.075321 0.997118 12.552700 0.000000 0.000000 0.000000 1.000000
0.999923 -0.003078 0.012060 0.089900 0.004017 0.996901 -0.078563 5.334800 -0.011781 0.078606 0.996836 12.552700 0.000000 0.000000 0.000000 1.000000
0.999897 -0.004530 0.013603 0.089900 0.005604 0.996777 -0.080023 5.334800 -0.013197 0.080091 0.996700 12.552700 0.000000 0.000000 0.000000 1.000000
0.999829 -0.007478 0.016902 0.089900 0.008853 0.996525 -0.082818 5.334800 -0.016224 0.082954 0.996421 12.552700 0.000000 0.000000 0.000000 1.000000
0.999764 -0.009654 0.019480 0.089900 0.011272 0.996340 -0.084729 5.334800 -0.018590 0.084928 0.996214 12.552700 0.000000 0.000000 0.000000 1.000000
0.999687 -0.011699 0.022127 0.089900 0.013572 0.996160 -0.086490 5.334800 -0.021030 0.086763 0.996007 12.552700 0.000000 0.000000 0.000000 1.000000
0.999567 -0.014296 0.025711 0.089900 0.016525 0.995923 -0.088686 5.334800 -0.024338 0.089072 0.995728 12.552700 0.000000 0.000000 0.000000 1.000000
0.999511 -0.014944 0.027456 0.089900 0.017352 0.995820 -0.089678 5.334800 -0.026001 0.090111 0.995592 12.552700 0.000000 0.000000 0.000000 1.000000
0.999413 -0.014802 0.030883 0.089900 0.017576 0.995641 -0.091592 5.334800 -0.029393 0.092081 0.995318 12.552700 0.000000 0.000000 0.000000 1.000000
0.999343 -0.014184 0.033347 0.089900 0.017230 0.995525 -0.092913 5.334800 -0.031880 0.093426 0.995116 12.552700 0.000000 0.000000 0.000000 1.000000
0.999267 -0.013810 0.035708 0.089900 0.017122 0.995410 -0.094153 5.334800 -0.034244 0.094695 0.994917 12.552700 0.000000 0.000000 0.000000 1.000000
0.999154 -0.013945 0.038690 0.089900 0.017598 0.995251 -0.095742 5.334800 -0.037171 0.096341 0.994654 12.552700 0.000000 0.000000 0.000000 1.000000
0.999099 -0.014033 0.040057 0.089900 0.017847 0.995174 -0.096489 5.334800 -0.038510 0.097117 0.994528 12.552700 0.000000 0.000000 0.000000 1.000000
0.998992 -0.014243 0.042562 0.089900 0.018361 0.995018 -0.097991 5.334800 -0.040954 0.098674 0.994277 12.552700 0.000000 0.000000 0.000000 1.000000
0.998919 -0.014410 0.044186 0.089900 0.018736 0.994901 -0.099101 5.334800 -0.042533 0.099821 0.994096 12.552700 0.000000 0.000000 0.000000 1.000000
0.998858 -0.014571 0.045511 0.089900 0.019077 0.994784 -0.100202 5.334800 -0.043813 0.100956 0.993926 12.552700 0.000000 0.000000 0.000000 1.000000
0.998794 -0.014751 0.046821 0.089900 0.019435 0.994675 -0.101217 5.334800 -0.045079 0.102005 0.993762 12.552700 0.000000 0.000000 0.000000 1.000000
0.998775 -0.014728 0.047248 0.089900 0.019467 0.994649 -0.101461 5.334800 -0.045501 0.102257 0.993717 12.552700 0.000000 0.000000 0.000000 1.000000
0.998759 -0.014711 0.047590 0.089900 0.019490 0.994637 -0.101575 5.334800 -0.045840 0.102376 0.993689 12.552700 0.000000 0.000000 0.000000 1.000000</float_array><technique_common><accessor source="#mixamorig_Spine1-Matrix-animation-output-transform-array" count="30" stride="16"><param type="float4x4"/></accessor></technique_common></source><source id="mixamorig_Spine1-Interpolations"><Name_array id="mixamorig_Spine1-Interpolations-array" count="30">
 LINEAR LINEAR LINEAR LINEAR LINEAR LINEAR LINEAR LINEAR LINEAR LINEAR LINEAR
LINEAR LINEAR LINEAR LINEAR LINEAR LINEAR LINEAR LINEAR LINEAR LINEAR LINEAR LINEAR
LINEAR LINEAR LINEAR LINEAR LINEAR LINEAR LINEAR</Name_array><technique_common><accessor source="#mixamorig_Spine1-Interpolations-array" count="30"><param type="name"/></accessor></technique_common></source><sampler id="mixamorig_Spine1-Matrix-animation-transform"><input semantic="INPUT" source="#mixamorig_Spine1-Matrix-animation-input"/><input semantic="OUTPUT" source="#mixamorig_Spine1-Matrix-animation-output-transform"/><input semantic="INTERPOLATION" source="#mixamorig_Spine1-Interpolations"/></sampler><channel source="#mixamorig_Spine1-Matrix-animation-transform" target="mixamorig_Spine1/matrix"/></animation>
    <animation id="mixamorig_Spine2-anim" name="mixamorig_Spine2"><source id="mixamorig_Spine2-Matrix-animation-input"><float_array id="mixamorig_Spine2-Matrix-animation-input-array" count="30">

0.000000 0.033333 0.066667 0.100000 0.133333 0.166667 0.200000 0.233333 0.266667 0.300000 0.333333 0.366667 0.400000 0.433333 0.466667 0.500000
0.533333 0.566667 0.600000 0.633333 0.666667 0.700000 0.733333 0.766667 0.800000 0.833333 0.866667 0.900000 0.933333 0.966667</float_array><technique_common><accessor source="#mixamorig_Spine2-Matrix-animation-input-array" count="30"><param name="TIME" type="float"/></accessor></technique_common></source><source id="mixamorig_Spine2-Matrix-animation-output-transform"><float_array id="mixamorig_Spine2-Matrix-animation-output-transform-array" count="480">

0.998694 -0.016310 0.048411 -0.847700 0.021169 0.994598 -0.101620 -19.122101 -0.046492 0.102512 0.993645 15.009700 0.000000 0.000000 0.000000 1.000000
0.998933 -0.015950 0.043342 -0.847700 0.019874 0.995591 -0.091673 -19.122101 -0.041689 0.092436 0.994846 15.009700 0.000000 0.000000 0.000000 1.000000
0.999151 -0.015599 0.038139 -0.847700 0.018618 0.996610 -0.080139 -19.122101 -0.036759 0.080781 0.996054 15.009700 0.000000 0.000000 0.000000 1.000000
0.999356 -0.014464 0.032841 -0.847700 0.016667 0.997557 -0.067838 -19.122101 -0.031780 0.068341 0.997156 15.009700 0.000000 0.000000 0.000000 1.000000
0.999549 -0.012124 0.027483 -0.847700 0.013642 0.998352 -0.055738 -19.122101 -0.026762 0.056087 0.998067 15.009700 0.000000 0.000000 0.000000 1.000000
0.999952 0.002373 0.009549 -0.847700 -0.001899 0.998782 -0.049302 -19.122101 -0.009654 0.049282 0.998738 15.009700 0.000000 0.000000 0.000000 1.000000
0.999968 0.007715 0.002164 -0.847700 -0.007589 0.998556 -0.053191 -19.122101 -0.002571 0.053173 0.998582 15.009700 0.000000 0.000000 0.000000 1.000000
0.999975 0.006565 0.002493 -0.847700 -0.006400 0.998100 -0.061285 -19.122101 -0.002891 0.061268 0.998117 15.009700 0.000000 0.000000 0.000000 1.000000
0.999978 0.005863 0.003026 -0.847700 -0.005652 0.997846 -0.065363 -19.122101 -0.003402 0.065345 0.997857 15.009700 0.000000 0.000000 0.000000 1.000000
0.999979 0.004249 0.004841 -0.847700 -0.003898 0.997512 -0.070390 -19.122101 -0.005129 0.070370 0.997508 15.009700 0.000000 0.000000 0.000000 1.000000
0.999972 0.002803 0.006935 -0.847700 -0.002288 0.997310 -0.073257 -19.122101 -0.007122 0.073239 0.997289 15.009700 0.000000 0.000000 0.000000 1.000000
0.999958 0.001013 0.009124 -0.847700 -0.000317 0.997114 -0.075918 -19.122101 -0.009174 0.075912 0.997072 15.009700 0.000000 0.000000 0.000000 1.000000
0.999926 -0.001706 0.012041 -0.847700 0.002654 0.996853 -0.079224 -19.122101 -0.011868 0.079250 0.996784 15.009700 0.000000 0.000000 0.000000 1.000000
0.999903 -0.003159 0.013601 -0.847700 0.004247 0.996728 -0.080719 -19.122101 -0.013302 0.080769 0.996644 15.009700 0.000000 0.000000 0.000000 1.000000
0.999838 -0.006136 0.016942 -0.847700 0.007531 0.996472 -0.083588 -19.122101 -0.016369 0.083702 0.996356 15.009700 0.000000 0.000000 0.000000 1.000000
0.999774 -0.008350 0.019559 -0.847700 0.009994 0.996283 -0.085555 -19.122101 -0.018772 0.085732 0.996141 15.009700 0.000000 0.000000 0.000000 1.000000
0.999698 -0.010437 0.022250 -0.847700 0.012344 0.996099 -0.087373 -19.122101 -0.021251 0.087622 0.995927 15.009700 0.000000 0.000000 0.000000 1.000000
0.999578 -0.013156 0.025899 -0.847700 0.015429 0.995855 -0.089638 -19.122101 -0.024613 0.089999 0.995638 15.009700 0.000000 0.000000 0.000000 1.000000
0.999521 -0.013848 0.027681 -0.847700 0.016307 0.995748 -0.090660 -19.122101 -0.026308 0.091068 0.995497 15.009700 0.000000 0.000000 0.000000 1.000000
0.999419 -0.013730 0.031181 -0.847700 0.016566 0.995564 -0.092622 -19.122101 -0.029771 0.093085 0.995213 15.009700 0.000000 0.000000 0.000000 1.000000
0.999346 -0.013106 0.033700 -0.847700 0.016224 0.995443 -0.093965 -19.122101 -0.032315 0.094450 0.995005 15.009700 0.000000 0.000000 0.000000 1.000000
0.999266 -0.012738 0.036116 -0.847700 0.016129 0.995326 -0.095211 -19.122101 -0.034734 0.095724 0.994802 15.009700 0.000000 0.000000 0.000000 1.000000
0.999148 -0.012982 0.039170 -0.847700 0.016724 0.995165 -0.096783 -19.122101 -0.037724 0.097356 0.994534 15.009700 0.000000 0.000000 0.000000 1.000000
0.999088 -0.013260 0.040577 -0.847700 0.017167 0.995087 -0.097507 -19.122101 -0.039085 0.098115 0.994407 15.009700 0.000000 0.000000 0.000000 1.000000
0.998970 -0.013973 0.043162 -0.847700 0.018191 0.994928 -0.098934 -19.122101 -0.041561 0.099618 0.994157 15.009700 0.000000 0.000000 0.000000 1.000000
0.998888 -0.014578 0.044845 -0.847700 0.019006 0.994810 -0.099960 -19.122101 -0.043155 0.100701 0.993980 15.009700 0.000000 0.000000 0.000000 1.000000
0.998816 -0.015174 0.046220 -0.847700 0.019782 0.994695 -0.100945 -19.122101 -0.044443 0.101739 0.993818 15.009700 0.000000 0.000000 0.000000 1.000000
0.998741 -0.015848 0.047585 -0.847700 0.020622 0.994613 -0.101582 -19.122101 -0.045718 0.102436 0.993688 15.009700 0.000000 0.000000 0.000000 1.000000
0.998716 -0.016094 0.048037 -0.847700 0.020915 0.994604 -0.101611 -19.122101 -0.046142 0.102485 0.993664 15.009700 0.000000 0.000000 0.000000 1.000000
0.998694 -0.016309 0.048411 -0.847700 0.021167 0.994599 -0.101609 -19.122101 -0.046493 0.102501 0.993646 15.009700 0.000000 0.000000 0.000000 1.000000</float_array><technique_common><accessor source="#mixamorig_Spine2-Matrix-animation-output-transform-array" count="30" stride="16"><param type="float4x4"/></accessor></technique_common></source><source id="mixamorig_Spine2-Interpolations"><Name_array id="mixamorig_Spine2-Interpolations-array" count="30">
 LINEAR LINEAR LINEAR LINEAR LINEAR LINEAR LINEAR LINEAR LINEAR LINEAR LINEAR
LINEAR LINEAR LINEAR LINEAR LINEAR LINEAR LINEAR LINEAR LINEAR LINEAR LINEAR LINEAR
LINEAR LINEAR LINEAR LINEAR LINEAR LINEAR LINEAR</Name_array><technique_common><accessor source="#mixamorig_Spine2-Interpolations-array" count="30"><param type="name"/></accessor></technique_common></source><sampler id="mixamorig_Spine2-Matrix-animation-transform"><input semantic="INPUT" source="#mixamorig_Spine2-Matrix-animation-input"/><input semantic="OUTPUT" source="#mixamorig_Spine2-Matrix-animation-output-transform"/><input semantic="INTERPOLATION" source="#mixamorig_Spine2-Interpolations"/></sampler><channel source="#mixamorig_Spine2-Matrix-animation-transform" target="mixamorig_Spine2/matrix"/></animation>
    <animation id="mixamorig_Neck-anim" name="mixamorig_Neck"><source id="mixamorig_Neck-Matrix-animation-input"><float_array id="mixamorig_Neck-Matrix-animation-input-array" count="30">

0.000000 0.033333 0.066667 0.100000 0.133333 0.166667 0.200000 0.233333 0.266667 0.300000 0.333333 0.366667 0.400000 0.433333 0.466667 0.500000
0.533333 0.566667 0.600000 0.633333 0.666667 0.700000 0.733333 0.766667 0.800000 0.833333 0.866667 0.900000 0.933333 0.966667</float_array><technique_common><accessor source="#mixamorig_Neck-Matrix-animation-input-array" count="30"><param name="TIME" type="float"/></accessor></technique_common></source><source id="mixamorig_Neck-Matrix-animation-output-transform"><float_array id="mixamorig_Neck-Matrix-animation-output-transform-array" count="480">

0.999726 -0.008920 -0.021620 -1.319900 0.007150 0.996721 -0.080594 -13.845100 0.022268 0.080417 0.996513 1.946900 0.000000 0.000000 0.000000 1.000000
0.999899 -0.001966 -0.014065 -1.319900 0.000180 0.992052 -0.125826 -13.845100 0.014201 0.125810 0.991953 1.946900 0.000000 0.000000 0.000000 1.000000
0.999809 0.001697 -0.019488 -1.319900 -0.004289 0.991007 -0.133740 -13.845100 0.019086 0.133798 0.990825 1.946900 0.000000 0.000000 0.000000 1.000000
0.999244 0.002816 -0.038772 -1.319900 -0.006848 0.994527 -0.104256 -13.845100 0.038266 0.104442 0.993795 1.946900 0.000000 0.000000 0.000000 1.000000
0.998352 0.001591 -0.057359 -1.319900 -0.005383 0.997804 -0.066014 -13.845100 0.057128 0.066214 0.996169 1.946900 0.000000 0.000000 0.000000 1.000000
0.997518 -0.000703 -0.070410 -1.319900 -0.001807 0.999365 -0.035582 -13.845100 0.070390 0.035621 0.996883 1.946900 0.000000 0.000000 0.000000 1.000000
0.996751 -0.000533 -0.080539 -1.319900 -0.001505 0.999680 -0.025233 -13.845100 0.080527 0.025272 0.996432 1.946900 0.000000 0.000000 0.000000 1.000000
0.996248 0.001427 -0.086529 -1.319900 -0.003382 0.999742 -0.022457 -13.845100 0.086475 0.022666 0.995996 1.946900 0.000000 0.000000 0.000000 1.000000
0.996136 0.003156 -0.087767 -1.319900 -0.005327 0.999685 -0.024511 -13.845100 0.087662 0.024884 0.995839 1.946900 0.000000 0.000000 0.000000 1.000000
0.996591 0.003693 -0.082415 -1.319900 -0.006318 0.999480 -0.031615 -13.845100 0.082255 0.032028 0.996097 1.946900 0.000000 0.000000 0.000000 1.000000
0.997460 0.003377 -0.071148 -1.319900 -0.006396 0.999087 -0.042245 -13.845100 0.070940 0.042593 0.996571 1.946900 0.000000 0.000000 0.000000 1.000000
0.998388 0.002295 -0.056717 -1.319900 -0.005362 0.998528 -0.053981 -13.845100 0.056509 0.054199 0.996930 1.946900 0.000000 0.000000 0.000000 1.000000
0.999125 0.000687 -0.041810 -1.319900 -0.003413 0.997868 -0.065171 -13.845100 0.041676 0.065256 0.996998 1.946900 0.000000 0.000000 0.000000 1.000000
0.999588 -0.001347 -0.028673 -1.319900 -0.000783 0.997248 -0.074128 -13.845100 0.028694 0.074120 0.996836 1.946900 0.000000 0.000000 0.000000 1.000000
0.999807 -0.003138 -0.019416 -1.319900 0.001562 0.996739 -0.080680 -13.845100 0.019606 0.080634 0.996551 1.946900 0.000000 0.000000 0.000000 1.000000
0.999857 -0.004149 -0.016370 -1.319900 0.002771 0.996518 -0.083327 -13.845100 0.016659 0.083270 0.996388 1.946900 0.000000 0.000000 0.000000 1.000000
0.999842 -0.004561 -0.017199 -1.319900 0.003109 0.996503 -0.083502 -13.845100 0.017519 0.083436 0.996359 1.946900 0.000000 0.000000 0.000000 1.000000
0.999825 -0.005064 -0.018016 -1.319900 0.003539 0.996488 -0.083663 -13.845100 0.018377 0.083584 0.996331 1.946900 0.000000 0.000000 0.000000 1.000000
0.999809 -0.005669 -0.018730 -1.319900 0.004080 0.996473 -0.083819 -13.845100 0.019139 0.083726 0.996305 1.946900 0.000000 0.000000 0.000000 1.000000
0.999792 -0.006438 -0.019354 -1.319900 0.004806 0.996523 -0.083184 -13.845100 0.019822 0.083074 0.996346 1.946900 0.000000 0.000000 0.000000 1.000000
0.999775 -0.007347 -0.019895 -1.319900 0.005688 0.996599 -0.082210 -13.845100 0.020431 0.082079 0.996416 1.946900 0.000000 0.000000 0.000000 1.000000
0.999759 -0.008263 -0.020356 -1.319900 0.006584 0.996676 -0.081206 -13.845100 0.020960 0.081053 0.996489 1.946900 0.000000 0.000000 0.000000 1.000000
0.999744 -0.009037 -0.020734 -1.319900 0.007340 0.996730 -0.080474 -13.845100 0.021393 0.080301 0.996541 1.946900 0.000000 0.000000 0.000000 1.000000
0.999739 -0.009087 -0.020946 -1.319900 0.007379 0.996748 -0.080238 -13.845100 0.021607 0.080062 0.996556 1.946900 0.000000 0.000000 0.000000 1.000000
0.999735 -0.009058 -0.021144 -1.319900 0.007334 0.996751 -0.080210 -13.845100 0.021802 0.080034 0.996554 1.946900 0.000000 0.000000 0.000000 1.000000
0.999732 -0.009031 -0.021309 -1.319900 0.007294 0.996749 -0.080235 -13.845100 0.021965 0.080058 0.996548 1.946900 0.000000 0.000000 0.000000 1.000000
0.999730 -0.009008 -0.021442 -1.319900 0.007257 0.996739 -0.080371 -13.845100 0.022096 0.080193 0.996534 1.946900 0.000000 0.000000 0.000000 1.000000
0.999728 -0.008990 -0.021538 -1.319900 0.007228 0.996724 -0.080549 -13.845100 0.022191 0.080371 0.996518 1.946900 0.000000 0.000000 0.000000 1.000000
0.999727 -0.008981 -0.021572 -1.319900 0.007214 0.996716 -0.080653 -13.845100 0.022225 0.080475 0.996509 1.946900 0.000000 0.000000 0.000000 1.000000
0.999727 -0.008982 -0.021573 -1.319900 0.007215 0.996716 -0.080649 -13.845100 0.022226 0.080472 0.996509 1.946900 0.000000 0.000000 0.000000 1.000000</float_array><technique_common><accessor source="#mixamorig_Neck-Matrix-animation-output-transform-array" count="30" stride="16"><param type="float4x4"/></accessor></technique_common></source><source id="mixamorig_Neck-Interpolations"><Name_array id="mixamorig_Neck-Interpolations-array" count="30">
 LINEAR LINEAR LINEAR LINEAR LINEAR LINEAR LINEAR LINEAR LINEAR LINEAR LINEAR
LINEAR LINEAR LINEAR LINEAR LINEAR LINEAR LINEAR LINEAR LINEAR LINEAR LINEAR LINEAR
LINEAR LINEAR LINEAR LINEAR LINEAR LINEAR LINEAR</Name_array><technique_common><accessor source="#mixamorig_Neck-Interpolations-array" count="30"><param type="name"/></accessor></technique_common></source><sampler id="mixamorig_Neck-Matrix-animation-transform"><input semantic="INPUT" source="#mixamorig_Neck-Matrix-animation-input"/><input semantic="OUTPUT" source="#mixamorig_Neck-Matrix-animation-output-transform"/><input semantic="INTERPOLATION" source="#mixamorig_Neck-Interpolations"/></sampler><channel source="#mixamorig_Neck-Matrix-animation-transform" target="mixamorig_Neck/matrix"/></animation>
    <animation id="mixamorig_Head-anim" name="mixamorig_Head"><source id="mixamorig_Head-Matrix-animation-input"><float_array id="mixamorig_Head-Matrix-animation-input-array" count="30">

0.000000 0.033333 0.066667 0.100000 0.133333 0.166667 0.200000 0.233333 0.266667 0.300000 0.333333 0.366667 0.400000 0.433333 0.466667 0.500000
0.533333 0.566667 0.600000 0.633333 0.666667 0.700000 0.733333 0.766667 0.800000 0.833333 0.866667 0.900000 0.933333 0.966667</float_array><technique_common><accessor source="#mixamorig_Head-Matrix-animation-input-array" count="30"><param name="TIME" type="float"/></accessor></technique_common></source><source id="mixamorig_Head-Matrix-animation-output-transform"><float_array id="mixamorig_Head-Matrix-animation-output-transform-array" count="480">

0.999726 -0.008920 -0.021620 -0.000000 0.009369 0.999740 0.020772 -8.323100 0.021429 -0.020969 0.999550 7.552500 0.000000 0.000000 0.000000 1.000000
0.999899 -0.001966 -0.014065 0.000000 0.001618 0.999694 -0.024689 -8.323100 0.014110 0.024663 0.999596 7.552500 0.000000 0.000000 0.000000 1.000000
0.999809 0.001697 -0.019489 -0.000000 -0.002334 0.999463 -0.032677 -8.323100 0.019423 0.032717 0.999276 7.552500 0.000000 0.000000 0.000000 1.000000
0.999244 0.002817 -0.038772 0.000000 -0.002937 0.999991 -0.003043 -8.323100 0.038763 0.003155 0.999243 7.552500 0.000000 0.000000 0.000000 1.000000
0.998352 0.001591 -0.057359 0.000000 0.000433 0.999379 0.035242 -8.323100 0.057380 -0.035209 0.997731 7.552500 0.000000 0.000000 0.000000 1.000000
0.997518 -0.000703 -0.070410 0.000000 0.005333 0.997832 0.065590 -8.323100 0.070211 -0.065803 0.995359 7.552500 0.000000 0.000000 0.000000 1.000000
0.996751 -0.000533 -0.080539 0.000000 0.006661 0.997098 0.075841 -8.323100 0.080265 -0.076131 0.993862 7.552500 0.000000 0.000000 0.000000 1.000000
0.996248 0.001427 -0.086529 0.000000 0.005396 0.996895 0.078557 -8.323100 0.086373 -0.078729 0.993147 7.552500 0.000000 0.000000 0.000000 1.000000
0.996136 0.003156 -0.087767 0.000000 0.003581 0.997063 0.076498 -8.323100 0.087751 -0.076517 0.993199 7.552500 0.000000 0.000000 0.000000 1.000000
0.996591 0.003694 -0.082414 -0.000000 0.002046 0.997583 0.069457 -8.323100 0.082472 -0.069389 0.994175 7.552500 0.000000 0.000000 0.000000 1.000000
0.997460 0.003377 -0.071147 0.000000 0.000824 0.998262 0.058930 -8.323100 0.071223 -0.058839 0.995724 7.552500 0.000000 0.000000 0.000000 1.000000
0.998388 0.002294 -0.056717 0.000000 0.000391 0.998881 0.047290 -8.323100 0.056762 -0.047236 0.997270 7.552500 0.000000 0.000000 0.000000 1.000000
0.999125 0.000688 -0.041810 0.000000 0.000826 0.999345 0.036166 -8.323100 0.041808 -0.036169 0.998471 7.552500 0.000000 0.000000 0.000000 1.000000
0.999588 -0.001346 -0.028673 0.000000 0.002128 0.999627 0.027237 -8.323100 0.028625 -0.027287 0.999218 7.552500 0.000000 0.000000 0.000000 1.000000
0.999807 -0.003138 -0.019416 -0.000000 0.003540 0.999780 0.020690 -8.323100 0.019346 -0.020755 0.999597 7.552500 0.000000 0.000000 0.000000 1.000000
0.999857 -0.004149 -0.016370 0.000000 0.004444 0.999827 0.018040 -8.323100 0.016293 -0.018110 0.999703 7.552500 0.000000 0.000000 0.000000 1.000000
0.999842 -0.004561 -0.017199 0.000000 0.004868 0.999829 0.017863 -8.323100 0.017114 -0.017944 0.999693 7.552500 0.000000 0.000000 0.000000 1.000000
0.999825 -0.005063 -0.018016 0.000000 0.005382 0.999829 0.017701 -8.323100 0.017924 -0.017795 0.999681 7.552500 0.000000 0.000000 0.000000 1.000000
0.999809 -0.005668 -0.018729 -0.000000 0.005997 0.999828 0.017543 -8.323100 0.018627 -0.017652 0.999671 7.552500 0.000000 0.000000 0.000000 1.000000
0.999792 -0.006438 -0.019354 0.000000 0.006790 0.999812 0.018179 -8.323100 0.019234 -0.018306 0.999647 7.552500 0.000000 0.000000 0.000000 1.000000
0.999775 -0.007347 -0.019895 0.000000 0.007728 0.999787 0.019154 -8.323100 0.019750 -0.019304 0.999619 7.552500 0.000000 0.000000 0.000000 1.000000
0.999759 -0.008263 -0.020356 -0.000000 0.008674 0.999759 0.020160 -8.323100 0.020185 -0.020332 0.999590 7.552500 0.000000 0.000000 0.000000 1.000000
0.999744 -0.009036 -0.020734 -0.000000 0.009470 0.999737 0.020894 -8.323100 0.020539 -0.021085 0.999567 7.552500 0.000000 0.000000 0.000000 1.000000
0.999739 -0.009087 -0.020946 0.000000 0.009530 0.999731 0.021131 -8.323100 0.020748 -0.021325 0.999557 7.552500 0.000000 0.000000 0.000000 1.000000
0.999735 -0.009058 -0.021144 0.000000 0.009505 0.999731 0.021159 -8.323100 0.020947 -0.021354 0.999553 7.552500 0.000000 0.000000 0.000000 1.000000
0.999732 -0.009031 -0.021309 -0.000000 0.009482 0.999732 0.021132 -8.323100 0.021113 -0.021329 0.999550 7.552500 0.000000 0.000000 0.000000 1.000000
0.999730 -0.009008 -0.021443 0.000000 0.009458 0.999735 0.020996 -8.323100 0.021248 -0.021193 0.999550 7.552500 0.000000 0.000000 0.000000 1.000000
0.999728 -0.008991 -0.021538 -0.000000 0.009439 0.999739 0.020818 -8.323100 0.021345 -0.021015 0.999551 7.552500 0.000000 0.000000 0.000000 1.000000
0.999727 -0.008981 -0.021572 0.000000 0.009428 0.999741 0.020713 -8.323100 0.021380 -0.020910 0.999553 7.552500 0.000000 0.000000 0.000000 1.000000
0.999727 -0.008983 -0.021573 -0.000000 0.009430 0.999741 0.020716 -8.323100 0.021381 -0.020914 0.999553 7.552500 0.000000 0.000000 0.000000 1.000000</float_array><technique_common><accessor source="#mixamorig_Head-Matrix-animation-output-transform-array" count="30" stride="16"><param type="float4x4"/></accessor></technique_common></source><source id="mixamorig_Head-Interpolations"><Name_array id="mixamorig_Head-Interpolations-array" count="30">
 LINEAR LINEAR LINEAR LINEAR LINEAR LINEAR LINEAR LINEAR LINEAR LINEAR LINEAR
LINEAR LINEAR LINEAR LINEAR LINEAR LINEAR LINEAR LINEAR LINEAR LINEAR LINEAR LINEAR
LINEAR LINEAR LINEAR LINEAR LINEAR LINEAR LINEAR</Name_array><technique_common><accessor source="#mixamorig_Head-Interpolations-array" count="30"><param type="name"/></accessor></technique_common></source><sampler id="mixamorig_Head-Matrix-animation-transform"><input semantic="INPUT" source="#mixamorig_Head-Matrix-animation-input"/><input semantic="OUTPUT" source="#mixamorig_Head-Matrix-animation-output-transform"/><input semantic="INTERPOLATION" source="#mixamorig_Head-Interpolations"/></sampler><channel source="#mixamorig_Head-Matrix-animation-transform" target="mixamorig_Head/matrix"/></animation>
    <animation id="mixamorig_LeftShoulder-anim" name="mixamorig_LeftShoulder"><source id="mixamorig_LeftShoulder-Matrix-animation-input"><float_array id="mixamorig_LeftShoulder-Matrix-animation-input-array" count="30">

0.000000 0.033333 0.066667 0.100000 0.133333 0.166667 0.200000 0.233333 0.266667 0.300000 0.333333 0.366667 0.400000 0.433333 0.466667 0.500000
0.533333 0.566667 0.600000 0.633333 0.666667 0.700000 0.733333 0.766667 0.800000 0.833333 0.866667 0.900000 0.933333 0.966667</float_array><technique_common><accessor source="#mixamorig_LeftShoulder-Matrix-animation-input-array" count="30"><param name="TIME" type="float"/></accessor></technique_common></source><source id="mixamorig_LeftShoulder-Matrix-animation-output-transform"><float_array id="mixamorig_LeftShoulder-Matrix-animation-output-transform-array" count="480">

-0.138698 0.950910 -0.276646 11.508900 0.038223 -0.273998 -0.960970 -1.876900 -0.989597 -0.143859 0.001656 -1.651500 0.000000 0.000000 0.000000 1.000000
-0.147778 0.952746 -0.265398 11.508900 0.035067 -0.263128 -0.964124 -1.876900 -0.988399 -0.151783 0.005475 -1.651500 0.000000 0.000000 0.000000 1.000000
-0.154781 0.956750 -0.246318 11.508900 0.032995 -0.244177 -0.969169 -1.876900 -0.987398 -0.158137 0.006226 -1.651500 0.000000 0.000000 0.000000 1.000000
-0.154295 0.959030 -0.237602 11.508900 0.031915 -0.235519 -0.971346 -1.876900 -0.987509 -0.157457 0.005732 -1.651500 0.000000 0.000000 0.000000 1.000000
