<?xml version="1.0" encoding="utf-8"?>
<COLLADA xmlns="http://www.collada.org/2005/11/COLLADASchema" version="1.4.1">
  <asset><contributor><author>Mixamo</author><authoring_tool>COLLADA Mixamo exporter</authoring_tool><comments></comments></contributor><created>2020-04-23T09:43:40Z</created><modified>2020-04-23T09:43:40Z</modified><revision></revision><title></title><unit meter="0.010000"/><up_axis>Y_UP</up_axis></asset>
  <library_animations>
    <animation id="mixamorig_Hips-anim" name="mixamorig_Hips"><source id="mixamorig_Hips-Matrix-animation-input"><float_array id="mixamorig_Hips-Matrix-animation-input-array" count="55">

0.000000 0.033333 0.066667 0.100000 0.133333 0.166667 0.200000 0.233333 0.266667 0.300000 0.333333 0.366667 0.400000 0.433333 0.466667 0.500000
0.533333 0.566667 0.600000 0.633333 0.666667 0.700000 0.733333 0.766667 0.800000 0.833333 0.866667 0.900000 0.933333 0.966667 1.000000 1.033333
1.066667 1.100000 1.133333 1.166667 1.200000 1.233333 1.266667 1.300000 1.333333 1.366667 1.400000 1.433333 1.466667 1.500000 1.533333 1.566667
1.600000 1.633333 1.666667 1.700000 1.733333 1.766667 1.800000</float_array><technique_common><accessor source="#mixamorig_Hips-Matrix-animation-input-array" count="55"><param name="TIME" type="float"/></accessor></technique_common></source><source id="mixamorig_Hips-Matrix-animation-output-transform"><float_array id="mixamorig_Hips-Matrix-animation-output-transform-array" count="880">

0.071872 -0.028990 -0.000463 -1.259758 0.022848 0.055867 0.048612 2.992395 -0.017851 -0.045218 0.060357 -3.471608 0.000000 0.000000 0.000000 1.000000
0.072867 -0.026368 -0.001185 -1.138695 0.021261 0.056574 0.048514 3.038982 -0.015641 -0.045939 0.060426 -3.501813 0.000000 0.000000 0.000000 1.000000
0.073772 -0.023656 -0.002086 -1.020496 0.019807 0.057533 0.047999 3.100483 -0.013102 -0.046223 0.060811 -3.513862 0.000000 0.000000 0.000000 1.000000
0.074679 -0.020490 -0.003066 -0.890271 0.018062 0.058768 0.047184 3.175527 -0.010150 -0.046181 0.061405 -3.506729 0.000000 0.000000 0.000000 1.000000
0.075534 -0.016855 -0.004086 -0.735004 0.015935 0.060243 0.046077 3.256488 -0.006845 -0.045748 0.062181 -3.473974 0.000000 0.000000 0.000000 1.000000
0.076141 -0.013500 -0.005158 -0.569446 0.013988 0.061896 0.044491 3.335751 -0.003630 -0.044641 0.063247 -3.408298 0.000000 0.000000 0.000000 1.000000
0.076447 -0.011125 -0.006186 -0.422696 0.012691 0.063707 0.042268 3.414493 -0.000983 -0.042707 0.064664 -3.313396 0.000000 0.000000 0.000000 1.000000
0.076627 -0.009290 -0.006945 -0.299528 0.011544 0.065607 0.039606 3.496324 0.001132 -0.040195 0.066252 -3.202855 0.000000 0.000000 0.000000 1.000000
0.076850 -0.006918 -0.007238 -0.176810 0.009554 0.067427 0.036994 3.575705 0.002995 -0.037576 0.067715 -3.087800 0.000000 0.000000 0.000000 1.000000
0.077086 -0.003537 -0.007173 -0.034594 0.006405 0.068927 0.034847 3.635471 0.004789 -0.035254 0.068851 -2.969571 0.000000 0.000000 0.000000 1.000000
0.077177 0.000379 -0.007059 0.124195 0.002703 0.069924 0.033311 3.659631 0.006532 -0.033419 0.069619 -2.846498 0.000000 0.000000 0.000000 1.000000
0.077107 0.003708 -0.006856 0.268313 -0.000514 0.070440 0.032315 3.654945 0.007777 -0.032106 0.070107 -2.734224 0.000000 0.000000 0.000000 1.000000
0.077048 0.005489 -0.006302 0.359970 -0.002446 0.070692 0.031669 3.647464 0.007991 -0.031285 0.070453 -2.652730 0.000000 0.000000 0.000000 1.000000
0.077095 0.005822 -0.005356 0.395629 -0.003188 0.070887 0.031162 3.648516 0.007240 -0.030779 0.070756 -2.598096 0.000000 0.000000 0.000000 1.000000
0.077181 0.005682 -0.004134 0.406754 -0.003588 0.071073 0.030692 3.650540 0.006041 -0.030374 0.071043 -2.555154 0.000000 0.000000 0.000000 1.000000
0.077215 0.006071 -0.002700 0.430737 -0.004533 0.071156 0.030374 3.643896 0.004858 -0.030104 0.071249 -2.518539 0.000000 0.000000 0.000000 1.000000
0.077140 0.007394 -0.001031 0.485823 -0.006397 0.070979 0.030453 3.624895 0.003849 -0.030226 0.071259 -2.496939 0.000000 0.000000 0.000000 1.000000
0.076923 0.009402 0.000826 0.563331 -0.008941 0.070422 0.031097 3.594466 0.003022 -0.030961 0.070983 -2.504230 0.000000 0.000000 0.000000 1.000000
0.076581 0.011588 0.002707 0.639753 -0.011654 0.069470 0.032316 3.552887 0.002406 -0.032340 0.070389 -2.546335 0.000000 0.000000 0.000000 1.000000
0.076166 0.013604 0.004467 0.697684 -0.014173 0.068198 0.033977 3.502502 0.002034 -0.034209 0.069512 -2.617359 0.000000 0.000000 0.000000 1.000000
0.075712 0.015436 0.005973 0.743088 -0.016430 0.066712 0.035858 3.456601 0.002000 -0.036297 0.068446 -2.712704 0.000000 0.000000 0.000000 1.000000
0.075239 0.017265 0.006877 0.799207 -0.018395 0.065101 0.037812 3.428429 0.002647 -0.038341 0.067300 -2.848025 0.000000 0.000000 0.000000 1.000000
0.074862 0.018903 0.006675 0.861445 -0.019585 0.063464 0.039937 3.391528 0.004275 -0.040265 0.066081 -3.040466 0.000000 0.000000 0.000000 1.000000
0.074757 0.019592 0.005808 0.884540 -0.019526 0.061989 0.042218 3.302891 0.006027 -0.042187 0.064731 -3.245463 0.000000 0.000000 0.000000 1.000000
0.074900 0.019208 0.005225 0.859089 -0.018672 0.060740 0.044366 3.184159 0.006901 -0.044136 0.063329 -3.408179 0.000000 0.000000 0.000000 1.000000
0.075169 0.018196 0.004970 0.810869 -0.017512 0.059732 0.046170 3.076009 0.007010 -0.045905 0.062047 -3.523922 0.000000 0.000000 0.000000 1.000000
0.075484 0.016905 0.004757 0.760094 -0.016219 0.059057 0.047491 2.997081 0.006734 -0.047252 0.061059 -3.603370 0.000000 0.000000 0.000000 1.000000
0.075796 0.015505 0.004562 0.709465 -0.014932 0.058808 0.048217 2.956331 0.006185 -0.048036 0.060502 -3.653991 0.000000 0.000000 0.000000 1.000000
0.076095 0.013985 0.004494 0.650372 -0.013701 0.059018 0.048326 2.957163 0.005298 -0.048244 0.060421 -3.681274 0.000000 0.000000 0.000000 1.000000
0.076384 0.012302 0.004518 0.579795 -0.012437 0.059617 0.047931 2.992888 0.004133 -0.047965 0.060733 -3.692426 0.000000 0.000000 0.000000 1.000000
0.076622 0.010688 0.004594 0.509915 -0.011261 0.060445 0.047178 3.049579 0.002923 -0.047311 0.061313 -3.693089 0.000000 0.000000 0.000000 1.000000
0.076744 0.009587 0.004977 0.458179 -0.010658 0.061410 0.046060 3.121806 0.001755 -0.046295 0.062129 -3.679730 0.000000 0.000000 0.000000 1.000000
0.076746 0.008997 0.005942 0.422149 -0.010775 0.062581 0.044427 3.215727 0.000360 -0.044822 0.063223 -3.637627 0.000000 0.000000 0.000000 1.000000
0.076729 0.008113 0.007286 0.371432 -0.010786 0.064073 0.042244 3.332387 -0.001602 -0.042838 0.064565 -3.552931 0.000000 0.000000 0.000000 1.000000
0.076788 0.006096 0.008522 0.277430 -0.009638 0.065825 0.039755 3.457520 -0.004111 -0.040450 0.065978 -3.429738 0.000000 0.000000 0.000000 1.000000
0.076857 0.003026 0.009488 0.143891 -0.007264 0.067544 0.037300 3.570872 -0.006813 -0.037880 0.067268 -3.289209 0.000000 0.000000 0.000000 1.000000
0.076804 -0.000234 0.010360 -0.002796 -0.004519 0.068971 0.035054 3.659508 -0.009325 -0.035344 0.068338 -3.148911 0.000000 0.000000 0.000000 1.000000
0.076646 -0.002835 0.011121 -0.136396 -0.002203 0.070067 0.033045 3.719944 -0.011263 -0.032996 0.069214 -3.016763 0.000000 0.000000 0.000000 1.000000
0.076518 -0.004450 0.011468 -0.240185 -0.000563 0.070910 0.031268 3.755886 -0.012288 -0.030955 0.069979 -2.898597 0.000000 0.000000 0.000000 1.000000
0.076495 -0.005317 0.011246 -0.314922 0.000598 0.071554 0.029765 3.773981 -0.012425 -0.029292 0.070667 -2.798202 0.000000 0.000000 0.000000 1.000000
0.076535 -0.005947 0.010641 -0.374632 0.001615 0.072001 0.028627 3.778445 -0.012082 -0.028049 0.071228 -2.716977 0.000000 0.000000 0.000000 1.000000
0.076561 -0.006748 0.009953 -0.433679 0.002746 0.072262 0.027874 3.772601 -0.011707 -0.027183 0.071626 -2.653601 0.000000 0.000000 0.000000 1.000000
0.076530 -0.007943 0.009291 -0.500298 0.004186 0.072376 0.027395 3.759439 -0.011485 -0.026550 0.071899 -2.602577 0.000000 0.000000 0.000000 1.000000
0.076419 -0.009654 0.008556 -0.578485 0.006086 0.072304 0.027227 3.736264 -0.011374 -0.026175 0.072054 -2.562472 0.000000 0.000000 0.000000 1.000000
0.076199 -0.011877 0.007679 -0.668585 0.008413 0.071887 0.027709 3.694145 -0.011369 -0.026410 0.071969 -2.542370 0.000000 0.000000 0.000000 1.000000
0.075843 -0.014463 0.006705 -0.766499 0.010971 0.071003 0.029060 3.630884 -0.011566 -0.027489 0.071532 -2.549644 0.000000 0.000000 0.000000 1.000000
0.075331 -0.017305 0.005653 -0.867627 0.013687 0.069703 0.030990 3.556859 -0.012004 -0.029125 0.070809 -2.577385 0.000000 0.000000 0.000000 1.000000
0.074642 -0.020369 0.004465 -0.969392 0.016602 0.068090 0.033082 3.482823 -0.012618 -0.030905 0.069942 -2.617383 0.000000 0.000000 0.000000 1.000000
0.073803 -0.023441 0.003145 -1.067326 0.019522 0.066196 0.035260 3.411746 -0.013351 -0.032786 0.068943 -2.676041 0.000000 0.000000 0.000000 1.000000
0.072931 -0.026151 0.001844 -1.155764 0.022021 0.064067 0.037639 3.344447 -0.014225 -0.034896 0.067721 -2.766738 0.000000 0.000000 0.000000 1.000000
0.072154 -0.028275 0.000798 -1.232958 0.023788 0.061838 0.040204 3.280374 -0.015304 -0.037186 0.066251 -2.894862 0.000000 0.000000 0.000000 1.000000
0.071575 -0.029719 0.000186 -1.294363 0.024682 0.059712 0.042796 3.212168 -0.016554 -0.039465 0.064612 -3.051424 0.000000 0.000000 0.000000 1.000000
0.071316 -0.030335 -0.000048 -1.324736 0.024669 0.057925 0.045193 3.134405 -0.017654 -0.041602 0.062959 -3.213283 0.000000 0.000000 0.000000 1.000000
0.071436 -0.030053 -0.000179 -1.312417 0.023944 0.056634 0.047175 3.055999 -0.018162 -0.043539 0.061487 -3.356998 0.000000 0.000000 0.000000 1.000000
0.071872 -0.028990 -0.000463 -1.259758 0.022848 0.055867 0.048612 2.992395 -0.017851 -0.045218 0.060357 -3.471610 0.000000 0.000000 0.000000 1.000000</float_array><technique_common><accessor source="#mixamorig_Hips-Matrix-animation-output-transform-array" count="55" stride="16"><param type="float4x4"/></accessor></technique_common></source><source id="mixamorig_Hips-Interpolations"><Name_array id="mixamorig_Hips-Interpolations-array" count="55">
 LINEAR LINEAR LINEAR LINEAR LINEAR LINEAR LINEAR LINEAR LINEAR LINEAR LINEAR
LINEAR LINEAR LINEAR LINEAR LINEAR LINEAR LINEAR LINEAR LINEAR LINEAR LINEAR LINEAR
LINEAR LINEAR LINEAR LINEAR LINEAR LINEAR LINEAR LINEAR LINEAR LINEAR LINEAR LINEAR
LINEAR LINEAR LINEAR LINEAR LINEAR LINEAR LINEAR LINEAR LINEAR LINEAR LINEAR LINEAR
LINEAR LINEAR LINEAR LINEAR LINEAR LINEAR LINEAR LINEAR</Name_array><technique_common><accessor source="#mixamorig_Hips-Interpolations-array" count="55"><param type="name"/></accessor></technique_common></source><sampler id="mixamorig_Hips-Matrix-animation-transform"><input semantic="INPUT" source="#mixamorig_Hips-Matrix-animation-input"/><input semantic="OUTPUT" source="#mixamorig_Hips-Matrix-animation-output-transform"/><input semantic="INTERPOLATION" source="#mixamorig_Hips-Interpolations"/></sampler><channel source="#mixamorig_Hips-Matrix-animation-transform" target="mixamorig_Hips/matrix"/></animation>
    <animation id="mixamorig_Spine-anim" name="mixamorig_Spine"><source id="mixamorig_Spine-Matrix-animation-input"><float_array id="mixamorig_Spine-Matrix-animation-input-array" count="55">

0.000000 0.033333 0.066667 0.100000 0.133333 0.166667 0.200000 0.233333 0.266667 0.300000 0.333333 0.366667 0.400000 0.433333 0.466667 0.500000
0.533333 0.566667 0.600000 0.633333 0.666667 0.700000 0.733333 0.766667 0.800000 0.833333 0.866667 0.900000 0.933333 0.966667 1.000000 1.033333
1.066667 1.100000 1.133333 1.166667 1.200000 1.233333 1.266667 1.300000 1.333333 1.366667 1.400000 1.433333 1.466667 1.500000 1.533333 1.566667
1.600000 1.633333 1.666667 1.700000 1.733333 1.766667 1.800000</float_array><technique_common><accessor source="#mixamorig_Spine-Matrix-animation-input-array" count="55"><param name="TIME" type="float"/></accessor></technique_common></source><source id="mixamorig_Spine-Matrix-animation-output-transform"><float_array id="mixamorig_Spine-Matrix-animation-output-transform-array" count="880">

0.997377 0.048533 -0.053702 -0.001300 -0.061252 0.961215 -0.268912 5.330800 0.038568 0.271496 0.961666 5.235500 0.000000 0.000000 0.000000 1.000000
0.997786 0.053839 -0.039052 -0.001300 -0.062651 0.957918 -0.280122 5.330800 0.022327 0.281948 0.959170 5.235500 0.000000 0.000000 0.000000 1.000000
0.997953 0.059294 -0.023965 -0.001300 -0.063700 0.954926 -0.289929 5.330800 0.005694 0.290862 0.956748 5.235500 0.000000 0.000000 0.000000 1.000000
0.997751 0.066450 -0.008825 -0.001300 -0.066045 0.951950 -0.299048 5.330800 -0.011470 0.298958 0.954197 5.235500 0.000000 0.000000 0.000000 1.000000
0.996821 0.079355 0.007072 -0.001300 -0.073356 0.948840 -0.307118 5.330800 -0.031081 0.305623 0.951645 5.235500 0.000000 0.000000 0.000000 1.000000
0.994668 0.100453 0.023352 -0.001300 -0.088267 0.946303 -0.310997 5.330800 -0.053338 0.307278 0.950124 5.235500 0.000000 0.000000 0.000000 1.000000
0.991583 0.123945 0.037421 -0.001300 -0.106709 0.946054 -0.305933 5.330800 -0.073321 0.299365 0.951317 5.235500 0.000000 0.000000 0.000000 1.000000
0.989241 0.138259 0.047818 -0.001300 -0.118700 0.949617 -0.290064 5.330800 -0.085513 0.281267 0.955812 5.235500 0.000000 0.000000 0.000000 1.000000
0.988986 0.137274 0.055348 -0.001300 -0.117777 0.956348 -0.267444 5.330800 -0.089645 0.257980 0.961982 5.235500 0.000000 0.000000 0.000000 1.000000
0.990264 0.124515 0.062241 -0.001300 -0.105623 0.963322 -0.246687 5.330800 -0.090674 0.237711 0.967094 5.235500 0.000000 0.000000 0.000000 1.000000
0.991864 0.106493 0.069746 -0.001300 -0.087375 0.967964 -0.235396 5.330800 -0.092580 0.227386 0.969394 5.235500 0.000000 0.000000 0.000000 1.000000
0.993419 0.088186 0.073082 -0.001300 -0.068776 0.969548 -0.235044 5.330800 -0.091585 0.228471 0.969233 5.235500 0.000000 0.000000 0.000000 1.000000
0.995192 0.072297 0.066072 -0.001300 -0.054390 0.968989 -0.241043 5.330800 -0.081450 0.236291 0.968263 5.235500 0.000000 0.000000 0.000000 1.000000
0.997123 0.057824 0.049018 -0.001300 -0.044031 0.968164 -0.246414 5.330800 -0.061706 0.243547 0.967924 5.235500 0.000000 0.000000 0.000000 1.000000
0.998741 0.042173 0.027167 -0.001300 -0.034170 0.968392 -0.247080 5.330800 -0.036728 0.245840 0.968614 5.235500 0.000000 0.000000 0.000000 1.000000
0.999710 0.023498 0.005319 -0.001300 -0.021483 0.969379 -0.244627 5.330800 -0.010905 0.244442 0.969603 5.235500 0.000000 0.000000 0.000000 1.000000
0.999892 0.001967 -0.014596 -0.001300 -0.005459 0.969938 -0.243289 5.330800 0.013679 0.243343 0.969844 5.235500 0.000000 0.000000 0.000000 1.000000
0.999308 -0.019307 -0.031790 -0.001300 0.010924 0.969377 -0.245333 5.330800 0.035554 0.244816 0.968917 5.235500 0.000000 0.000000 0.000000 1.000000
0.998330 -0.035820 -0.045320 -0.001300 0.023379 0.967952 -0.250046 5.330800 0.052824 0.248569 0.967173 5.235500 0.000000 0.000000 0.000000 1.000000
0.997485 -0.045062 -0.054716 -0.001300 0.029598 0.966188 -0.256136 5.330800 0.064408 0.253872 0.965091 5.235500 0.000000 0.000000 0.000000 1.000000
0.997040 -0.048927 -0.059313 -0.001300 0.031651 0.964190 -0.263315 5.330800 0.070072 0.260659 0.962885 5.235500 0.000000 0.000000 0.000000 1.000000
0.997151 -0.051029 -0.055548 -0.001300 0.034117 0.961913 -0.271218 5.330800 0.067272 0.268550 0.960914 5.235500 0.000000 0.000000 0.000000 1.000000
0.998033 -0.049077 -0.039000 -0.001300 0.036314 0.959763 -0.278454 5.330800 0.051097 0.276490 0.959657 5.235500 0.000000 0.000000 0.000000 1.000000
0.999115 -0.037629 -0.018778 -0.001300 0.030755 0.958333 -0.283992 5.330800 0.028681 0.283163 0.958643 5.235500 0.000000 0.000000 0.000000 1.000000
0.999710 -0.022675 -0.008062 -0.001300 0.019388 0.957330 -0.288347 5.330800 0.014256 0.288107 0.957492 5.235500 0.000000 0.000000 0.000000 1.000000
0.999907 -0.011909 -0.006670 -0.001300 0.009445 0.956438 -0.291784 5.330800 0.009855 0.291694 0.956461 5.235500 0.000000 0.000000 0.000000 1.000000
0.999932 -0.005975 -0.009979 -0.001300 0.002784 0.955971 -0.293449 5.330800 0.011293 0.293402 0.955923 5.235500 0.000000 0.000000 0.000000 1.000000
0.999876 -0.003285 -0.015415 -0.001300 -0.001362 0.956368 -0.292162 5.330800 0.015703 0.292147 0.956245 5.235500 0.000000 0.000000 0.000000 1.000000
0.999755 -0.004306 -0.021707 -0.001300 -0.002125 0.957670 -0.287861 5.330800 0.022028 0.287837 0.957426 5.235500 0.000000 0.000000 0.000000 1.000000
0.999551 -0.011512 -0.027663 -0.001300 0.003237 0.959328 -0.282275 5.330800 0.029787 0.282059 0.958934 5.235500 0.000000 0.000000 0.000000 1.000000
0.999059 -0.027964 -0.033162 -0.001300 0.017675 0.960557 -0.277520 5.330800 0.039615 0.276673 0.960147 5.235500 0.000000 0.000000 0.000000 1.000000
0.997664 -0.054881 -0.040689 -0.001300 0.041677 0.960815 -0.274041 5.330800 0.054134 0.271705 0.960857 5.235500 0.000000 0.000000 0.000000 1.000000
0.994717 -0.087736 -0.053287 -0.001300 0.070195 0.960150 -0.270528 5.330800 0.074899 0.265359 0.961236 5.235500 0.000000 0.000000 0.000000 1.000000
0.990707 -0.116079 -0.070886 -0.001300 0.093424 0.959547 -0.265597 5.330800 0.098848 0.256506 0.961475 5.235500 0.000000 0.000000 0.000000 1.000000
0.987181 -0.131274 -0.090780 -0.001300 0.103846 0.960210 -0.259255 5.330800 0.121201 0.246504 0.961533 5.235500 0.000000 0.000000 0.000000 1.000000
0.984772 -0.133922 -0.110859 -0.001300 0.102366 0.962065 -0.252886 5.330800 0.140521 0.237687 0.961124 5.235500 0.000000 0.000000 0.000000 1.000000
0.982944 -0.130708 -0.129368 -0.001300 0.095558 0.964042 -0.247974 5.330800 0.157128 0.231382 0.960090 5.235500 0.000000 0.000000 0.000000 1.000000
0.981835 -0.126285 -0.141603 -0.001300 0.088771 0.965347 -0.245407 5.330800 0.167687 0.228379 0.959023 5.235500 0.000000 0.000000 0.000000 1.000000
0.982421 -0.120732 -0.142381 -0.001300 0.083121 0.965838 -0.245453 5.330800 0.167151 0.229303 0.958895 5.235500 0.000000 0.000000 0.000000 1.000000
0.984778 -0.112083 -0.132853 -0.001300 0.076553 0.965880 -0.247418 5.330800 0.156051 0.233481 0.959758 5.235500 0.000000 0.000000 0.000000 1.000000
0.987820 -0.098932 -0.120101 -0.001300 0.066391 0.966042 -0.249710 5.330800 0.140727 0.238695 0.960844 5.235500 0.000000 0.000000 0.000000 1.000000
0.990651 -0.081036 -0.109745 -0.001300 0.051381 0.966850 -0.250123 5.330800 0.126376 0.242145 0.961974 5.235500 0.000000 0.000000 0.000000 1.000000
0.993049 -0.059305 -0.101669 -0.001300 0.032578 0.968532 -0.246748 5.330800 0.113103 0.241720 0.963732 5.235500 0.000000 0.000000 0.000000 1.000000
0.994990 -0.036451 -0.093092 -0.001300 0.013036 0.970517 -0.240682 5.330800 0.099121 0.238262 0.966129 5.235500 0.000000 0.000000 0.000000 1.000000
0.996408 -0.016259 -0.083104 -0.001300 -0.003866 0.971637 -0.236447 5.330800 0.084592 0.235919 0.968084 5.235500 0.000000 0.000000 0.000000 1.000000
0.997332 -0.000987 -0.072998 -0.001300 -0.016375 0.971404 -0.236866 5.330800 0.071145 0.237430 0.968796 5.235500 0.000000 0.000000 0.000000 1.000000
0.997880 0.010342 -0.064259 -0.001300 -0.025475 0.970588 -0.239396 5.330800 0.059893 0.240526 0.968793 5.235500 0.000000 0.000000 0.000000 1.000000
0.998152 0.020223 -0.057312 -0.001300 -0.033463 0.970072 -0.240501 5.330800 0.050733 0.241975 0.968955 5.235500 0.000000 0.000000 0.000000 1.000000
0.998218 0.029708 -0.051743 -0.001300 -0.041345 0.969674 -0.240881 5.330800 0.043017 0.242591 0.969174 5.235500 0.000000 0.000000 0.000000 1.000000
0.998132 0.038329 -0.047583 -0.001300 -0.048805 0.968673 -0.243497 5.330800 0.036759 0.245364 0.968734 5.235500 0.000000 0.000000 0.000000 1.000000
0.997892 0.045589 -0.046191 -0.001300 -0.055695 0.966928 -0.248894 5.330800 0.033317 0.250942 0.967429 5.235500 0.000000 0.000000 0.000000 1.000000
0.997519 0.050732 -0.048802 -0.001300 -0.061552 0.964983 -0.254987 5.330800 0.034157 0.257358 0.965712 5.235500 0.000000 0.000000 0.000000 1.000000
0.997185 0.052545 -0.053494 -0.001300 -0.064720 0.963404 -0.260125 5.330800 0.037868 0.262855 0.964092 5.235500 0.000000 0.000000 0.000000 1.000000
0.997113 0.051208 -0.056066 -0.001300 -0.064290 0.962241 -0.264500 5.330800 0.040404 0.267340 0.962755 5.235500 0.000000 0.000000 0.000000 1.000000
0.997377 0.048532 -0.053702 -0.001300 -0.061252 0.961215 -0.268912 5.330800 0.038568 0.271496 0.961666 5.235500 0.000000 0.000000 0.000000 1.000000</float_array><technique_common><accessor source="#mixamorig_Spine-Matrix-animation-output-transform-array" count="55" stride="16"><param type="float4x4"/></accessor></technique_common></source><source id="mixamorig_Spine-Interpolations"><Name_array id="mixamorig_Spine-Interpolations-array" count="55">
 LINEAR LINEAR LINEAR LINEAR LINEAR LINEAR LINEAR LINEAR LINEAR LINEAR LINEAR
LINEAR LINEAR LINEAR LINEAR LINEAR LINEAR LINEAR LINEAR LINEAR LINEAR LINEAR LINEAR
LINEAR LINEAR LINEAR LINEAR LINEAR LINEAR LINEAR LINEAR LINEAR LINEAR LINEAR LINEAR
LINEAR LINEAR LINEAR LINEAR LINEAR LINEAR LINEAR LINEAR LINEAR LINEAR LINEAR LINEAR
LINEAR LINEAR LINEAR LINEAR LINEAR LINEAR LINEAR LINEAR</Name_array><technique_common><accessor source="#mixamorig_Spine-Interpolations-array" count="55"><param type="name"/></accessor></technique_common></source><sampler id="mixamorig_Spine-Matrix-animation-transform"><input semantic="INPUT" source="#mixamorig_Spine-Matrix-animation-input"/><input semantic="OUTPUT" source="#mixamorig_Spine-Matrix-animation-output-transform"/><input semantic="INTERPOLATION" source="#mixamorig_Spine-Interpolations"/></sampler><channel source="#mixamorig_Spine-Matrix-animation-transform" target="mixamorig_Spine/matrix"/></animation>
    <animation id="mixamorig_Spine1-anim" name="mixamorig_Spine1"><source id="mixamorig_Spine1-Matrix-animation-input"><float_array id="mixamorig_Spine1-Matrix-animation-input-array" count="55">

0.000000 0.033333 0.066667 0.100000 0.133333 0.166667 0.200000 0.233333 0.266667 0.300000 0.333333 0.366667 0.400000 0.433333 0.466667 0.500000
0.533333 0.566667 0.600000 0.633333 0.666667 0.700000 0.733333 0.766667 0.800000 0.833333 0.866667 0.900000 0.933333 0.966667 1.000000 1.033333
1.066667 1.100000 1.133333 1.166667 1.200000 1.233333 1.266667 1.300000 1.333333 1.366667 1.400000 1.433333 1.466667 1.500000 1.533333 1.566667
1.600000 1.633333 1.666667 1.700000 1.733333 1.766667 1.800000</float_array><technique_common><accessor source="#mixamorig_Spine1-Matrix-animation-input-array" count="55"><param name="TIME" type="float"/></accessor></technique_common></source><source id="mixamorig_Spine1-Matrix-animation-output-transform"><float_array id="mixamorig_Spine1-Matrix-animation-output-transform-array" count="880">

0.999416 -0.032688 -0.009979 0.089900 0.030436 0.984051 -0.175261 5.334800 0.015548 0.174855 0.984471 12.552700 0.000000 0.000000 0.000000 1.000000
0.999491 -0.031289 -0.006227 0.089900 0.029635 0.982871 -0.181897 5.334800 0.011812 0.181620 0.983298 12.552700 0.000000 0.000000 0.000000 1.000000
0.999600 -0.028206 -0.002168 0.089900 0.027293 0.981707 -0.188430 5.334800 0.007443 0.188296 0.982084 12.552700 0.000000 0.000000 0.000000 1.000000
0.999712 -0.023963 0.001631 0.089900 0.023819 0.980394 -0.195602 5.334800 0.003089 0.195585 0.980682 12.552700 0.000000 0.000000 0.000000 1.000000
0.999839 -0.016831 0.006267 0.089900 0.017754 0.978952 -0.203319 5.334800 -0.002713 0.203397 0.979093 12.552700 0.000000 0.000000 0.000000 1.000000
0.999900 -0.004584 0.013395 0.089900 0.007282 0.977910 -0.208898 5.334800 -0.012142 0.208975 0.977846 12.552700 0.000000 0.000000 0.000000 1.000000
0.999712 0.009976 0.021847 0.089900 -0.005212 0.978087 -0.208130 5.334800 -0.023445 0.207956 0.977857 12.552700 0.000000 0.000000 0.000000 1.000000
0.999426 0.019598 0.027645 0.089900 -0.013692 0.979785 -0.199585 5.334800 -0.030998 0.199091 0.979491 12.552700 0.000000 0.000000 0.000000 1.000000
0.999386 0.020563 0.028385 0.089900 -0.014920 0.982369 -0.186357 5.334800 -0.031716 0.185819 0.982072 12.552700 0.000000 0.000000 0.000000 1.000000
0.999530 0.015923 0.026185 0.089900 -0.011134 0.984717 -0.173804 5.334800 -0.028552 0.173430 0.984432 12.552700 0.000000 0.000000 0.000000 1.000000
0.999637 0.010222 0.024914 0.089900 -0.005947 0.986111 -0.165984 5.334800 -0.026264 0.165776 0.985814 12.552700 0.000000 0.000000 0.000000 1.000000
0.999682 0.004972 0.024729 0.089900 -0.000851 0.986473 -0.163919 5.334800 -0.025209 0.163845 0.986164 12.552700 0.000000 0.000000 0.000000 1.000000
0.999749 -0.000142 0.022391 0.089900 0.003859 0.986107 -0.166067 5.334800 -0.022056 0.166112 0.985860 12.552700 0.000000 0.000000 0.000000 1.000000
0.999846 -0.004890 0.016837 0.089900 0.007667 0.985572 -0.169083 5.334800 -0.015767 0.169186 0.985458 12.552700 0.000000 0.000000 0.000000 1.000000
0.999905 -0.008706 0.010698 0.089900 0.010401 0.985349 -0.170235 5.334800 -0.009059 0.170330 0.985345 12.552700 0.000000 0.000000 0.000000 1.000000
0.999910 -0.011915 0.006164 0.089900 0.012789 0.985399 -0.169778 5.334800 -0.004051 0.169841 0.985463 12.552700 0.000000 0.000000 0.000000 1.000000
0.999886 -0.014858 0.002787 0.089900 0.015115 0.985381 -0.169695 5.334800 -0.000225 0.169718 0.985493 12.552700 0.000000 0.000000 0.000000 1.000000
0.999871 -0.016038 -0.000478 0.089900 0.015720 0.985154 -0.170949 5.334800 0.003213 0.170920 0.985280 12.552700 0.000000 0.000000 0.000000 1.000000
0.999911 -0.012855 -0.003637 0.089900 0.012034 0.984893 -0.172745 5.334800 0.005803 0.172686 0.984960 12.552700 0.000000 0.000000 0.000000 1.000000
0.999972 -0.004485 -0.005977 0.089900 0.003376 0.984735 -0.174028 5.334800 0.006666 0.174003 0.984723 12.552700 0.000000 0.000000 0.000000 1.000000
0.999952 0.006732 -0.007049 0.089900 -0.007860 0.984572 -0.174803 5.334800 0.005764 0.174850 0.984578 12.552700 0.000000 0.000000 0.000000 1.000000
0.999816 0.017664 -0.007527 0.089900 -0.018711 0.984289 -0.175572 5.334800 0.004307 0.175681 0.984438 12.552700 0.000000 0.000000 0.000000 1.000000
0.999580 0.027644 -0.008710 0.089900 -0.028748 0.983881 -0.176496 5.334800 0.003691 0.176672 0.984263 12.552700 0.000000 0.000000 0.000000 1.000000
0.999240 0.037401 -0.010978 0.089900 -0.038757 0.983316 -0.177731 5.334800 0.004148 0.178021 0.984018 12.552700 0.000000 0.000000 0.000000 1.000000
0.998828 0.046421 -0.013688 0.089900 -0.048126 0.982596 -0.179413 5.334800 0.005121 0.179861 0.983679 12.552700 0.000000 0.000000 0.000000 1.000000
0.998428 0.053580 -0.016428 0.089900 -0.055673 0.981882 -0.181130 5.334800 0.006425 0.181760 0.983322 12.552700 0.000000 0.000000 0.000000 1.000000
0.998094 0.058623 -0.019304 0.089900 -0.061163 0.981365 -0.182157 5.334800 0.008266 0.182990 0.983080 12.552700 0.000000 0.000000 0.000000 1.000000
0.997849 0.061604 -0.022413 0.089900 -0.064663 0.981173 -0.181986 5.334800 0.010780 0.183044 0.983046 12.552700 0.000000 0.000000 0.000000 1.000000
0.997736 0.062135 -0.025725 0.089900 -0.065774 0.981316 -0.180811 5.334800 0.014010 0.182093 0.983181 12.552700 0.000000 0.000000 0.000000 1.000000
0.997788 0.059743 -0.029143 0.089900 -0.064027 0.981608 -0.179851 5.334800 0.017863 0.181319 0.983262 12.552700 0.000000 0.000000 0.000000 1.000000
0.998014 0.053778 -0.032817 0.089900 -0.058841 0.981810 -0.180519 5.334800 0.022512 0.182091 0.983024 12.552700 0.000000 0.000000 0.000000 1.000000
0.998363 0.043335 -0.037341 0.089900 -0.049452 0.981939 -0.182620 5.334800 0.028753 0.184168 0.982474 12.552700 0.000000 0.000000 0.000000 1.000000
0.998666 0.029211 -0.042568 0.089900 -0.036576 0.982234 -0.184062 5.334800 0.036435 0.185374 0.981992 12.552700 0.000000 0.000000 0.000000 1.000000
0.998789 0.015272 -0.046768 0.089900 -0.023606 0.982789 -0.183217 5.334800 0.043165 0.184099 0.981959 12.552700 0.000000 0.000000 0.000000 1.000000
0.998800 0.005506 -0.048656 0.089900 -0.014229 0.983418 -0.180795 5.334800 0.046854 0.181271 0.982316 12.552700 0.000000 0.000000 0.000000 1.000000
0.998780 0.000327 -0.049374 0.089900 -0.009139 0.983923 -0.178357 5.334800 0.048522 0.178590 0.982726 12.552700 0.000000 0.000000 0.000000 1.000000
0.998726 -0.002462 -0.050399 0.089900 -0.006455 0.984366 -0.176014 5.334800 0.050044 0.176116 0.983097 12.552700 0.000000 0.000000 0.000000 1.000000
0.998708 -0.004115 -0.050656 0.089900 -0.004733 0.984854 -0.173323 5.334800 0.050602 0.173339 0.983561 12.552700 0.000000 0.000000 0.000000 1.000000
0.998841 -0.004017 -0.047972 0.089900 -0.004245 0.985281 -0.170891 5.334800 0.047953 0.170896 0.984121 12.552700 0.000000 0.000000 0.000000 1.000000
0.999096 -0.001656 -0.042470 0.089900 -0.005578 0.985488 -0.169652 5.334800 0.042134 0.169735 0.984589 12.552700 0.000000 0.000000 0.000000 1.000000
0.999324 0.002181 -0.036690 0.089900 -0.008389 0.985426 -0.169895 5.334800 0.035784 0.170088 0.984779 12.552700 0.000000 0.000000 0.000000 1.000000
0.999453 0.006546 -0.032418 0.089900 -0.011990 0.985251 -0.170696 5.334800 0.030822 0.170992 0.984790 12.552700 0.000000 0.000000 0.000000 1.000000
0.999519 0.011197 -0.028931 0.089900 -0.015955 0.985337 -0.169871 5.334800 0.026605 0.170251 0.985042 12.552700 0.000000 0.000000 0.000000 1.000000
0.999565 0.015579 -0.025037 0.089900 -0.019537 0.985832 -0.166593 5.334800 0.022087 0.167009 0.985708 12.552700 0.000000 0.000000 0.000000 1.000000
0.999608 0.018138 -0.021310 0.089900 -0.021382 0.986314 -0.163487 5.334800 0.018053 0.163879 0.986315 12.552700 0.000000 0.000000 0.000000 1.000000
0.999664 0.017513 -0.019123 0.089900 -0.020401 0.986393 -0.163132 5.334800 0.016006 0.163467 0.986419 12.552700 0.000000 0.000000 0.000000 1.000000
0.999735 0.013734 -0.018483 0.089900 -0.016584 0.986294 -0.164164 5.334800 0.015975 0.164427 0.986260 12.552700 0.000000 0.000000 0.000000 1.000000
0.999802 0.007838 -0.018317 0.089900 -0.010740 0.986381 -0.164125 5.334800 0.016781 0.164289 0.986269 12.552700 0.000000 0.000000 0.000000 1.000000
0.999835 0.000968 -0.018140 0.089900 -0.003923 0.986523 -0.163576 5.334800 0.017737 0.163620 0.986364 12.552700 0.000000 0.000000 0.000000 1.000000
0.999820 -0.005937 -0.018030 0.089900 0.002892 0.986380 -0.164456 5.334800 0.018761 0.164374 0.986220 12.552700 0.000000 0.000000 0.000000 1.000000
0.999766 -0.012348 -0.017746 0.089900 0.009215 0.985941 -0.166841 5.334800 0.019557 0.166638 0.985824 12.552700 0.000000 0.000000 0.000000 1.000000
0.999690 -0.018264 -0.016936 0.089900 0.015133 0.985431 -0.169400 5.334800 0.019783 0.169091 0.985402 12.552700 0.000000 0.000000 0.000000 1.000000
0.999595 -0.023855 -0.015509 0.089900 0.020846 0.984974 -0.171440 5.334800 0.019366 0.171047 0.985072 12.552700 0.000000 0.000000 0.000000 1.000000
0.999494 -0.028896 -0.013311 0.089900 0.026156 0.984528 -0.173266 5.334800 0.018112 0.172830 0.984785 12.552700 0.000000 0.000000 0.000000 1.000000
0.999416 -0.032688 -0.009979 0.089900 0.030436 0.984051 -0.175261 5.334800 0.015548 0.174855 0.984471 12.552700 0.000000 0.000000 0.000000 1.000000</float_array><technique_common><accessor source="#mixamorig_Spine1-Matrix-animation-output-transform-array" count="55" stride="16"><param type="float4x4"/></accessor></technique_common></source><source id="mixamorig_Spine1-Interpolations"><Name_array id="mixamorig_Spine1-Interpolations-array" count="55">
 LINEAR LINEAR LINEAR LINEAR LINEAR LINEAR LINEAR LINEAR LINEAR LINEAR LINEAR
LINEAR LINEAR LINEAR LINEAR LINEAR LINEAR LINEAR LINEAR LINEAR LINEAR LINEAR LINEAR
LINEAR LINEAR LINEAR LINEAR LINEAR LINEAR LINEAR LINEAR LINEAR LINEAR LINEAR LINEAR
LINEAR LINEAR LINEAR LINEAR LINEAR LINEAR LINEAR LINEAR LINEAR LINEAR LINEAR LINEAR
LINEAR LINEAR LINEAR LINEAR LINEAR LINEAR LINEAR LINEAR</Name_array><technique_common><accessor source="#mixamorig_Spine1-Interpolations-array" count="55"><param type="name"/></accessor></technique_common></source><sampler id="mixamorig_Spine1-Matrix-animation-transform"><input semantic="INPUT" source="#mixamorig_Spine1-Matrix-animation-input"/><input semantic="OUTPUT" source="#mixamorig_Spine1-Matrix-animation-output-transform"/><input semantic="INTERPOLATION" source="#mixamorig_Spine1-Interpolations"/></sampler><channel source="#mixamorig_Spine1-Matrix-animation-transform" target="mixamorig_Spine1/matrix"/></animation>
    <animation id="mixamorig_Spine2-anim" name="mixamorig_Spine2"><source id="mixamorig_Spine2-Matrix-animation-input"><float_array id="mixamorig_Spine2-Matrix-animation-input-array" count="55">

0.000000 0.033333 0.066667 0.100000 0.133333 0.166667 0.200000 0.233333 0.266667 0.300000 0.333333 0.366667 0.400000 0.433333 0.466667 0.500000
0.533333 0.566667 0.600000 0.633333 0.666667 0.700000 0.733333 0.766667 0.800000 0.833333 0.866667 0.900000 0.933333 0.966667 1.000000 1.033333
1.066667 1.100000 1.133333 1.166667 1.200000 1.233333 1.266667 1.300000 1.333333 1.366667 1.400000 1.433333 1.466667 1.500000 1.533333 1.566667
1.600000 1.633333 1.666667 1.700000 1.733333 1.766667 1.800000</float_array><technique_common><accessor source="#mixamorig_Spine2-Matrix-animation-input-array" count="55"><param name="TIME" type="float"/></accessor></technique_common></source><source id="mixamorig_Spine2-Matrix-animation-output-transform"><float_array id="mixamorig_Spine2-Matrix-animation-output-transform-array" count="880">

0.999285 -0.036092 -0.011231 -0.847700 0.033583 0.984097 -0.174429 -19.122101 0.017348 0.173927 0.984606 15.009700 0.000000 0.000000 0.000000 1.000000
0.999359 -0.034990 -0.007515 -0.847700 0.033053 0.982916 -0.181063 -19.122101 0.013722 0.180698 0.983443 15.009700 0.000000 0.000000 0.000000 1.000000
0.999478 -0.032098 -0.003626 -0.847700 0.030847 0.981744 -0.187688 -19.122101 0.009584 0.187478 0.982222 15.009700 0.000000 0.000000 0.000000 1.000000
0.999609 -0.027950 0.000165 -0.847700 0.027446 0.980417 -0.195010 -19.122101 0.005288 0.194938 0.980801 15.009700 0.000000 0.000000 0.000000 1.000000
0.999771 -0.020742 0.005314 -0.847700 0.021388 0.978964 -0.202910 -19.122101 -0.000994 0.202977 0.979183 15.009700 0.000000 0.000000 0.000000 1.000000
0.999875 -0.008136 0.013561 -0.847700 0.010787 0.977928 -0.208663 -19.122101 -0.011564 0.208783 0.977894 15.009700 0.000000 0.000000 0.000000 1.000000
0.999703 0.007065 0.023336 -0.847700 -0.002058 0.978134 -0.207964 -19.122101 -0.024295 0.207854 0.977858 15.009700 0.000000 0.000000 0.000000 1.000000
0.999396 0.017571 0.029990 -0.847700 -0.011245 0.979863 -0.199352 -19.122101 -0.032889 0.198894 0.979469 15.009700 0.000000 0.000000 0.000000 1.000000
0.999334 0.019569 0.030800 -0.847700 -0.013506 0.982454 -0.186013 -19.122101 -0.033900 0.185473 0.982064 15.009700 0.000000 0.000000 0.000000 1.000000
0.999477 0.015876 0.028177 -0.847700 -0.010754 0.984791 -0.173408 -19.122101 -0.030502 0.173014 0.984447 15.009700 0.000000 0.000000 0.000000 1.000000
0.999590 0.010891 0.026486 -0.847700 -0.006357 0.986173 -0.165599 -19.122101 -0.027923 0.165363 0.985837 15.009700 0.000000 0.000000 0.000000 1.000000
0.999639 0.006126 0.026146 -0.847700 -0.001767 0.986530 -0.163569 -19.122101 -0.026796 0.163464 0.986185 15.009700 0.000000 0.000000 0.000000 1.000000
0.999714 0.001277 0.023869 -0.847700 0.002699 0.986161 -0.165769 -19.122101 -0.023750 0.165786 0.985876 15.009700 0.000000 0.000000 0.000000 1.000000
0.999825 -0.003326 0.018400 -0.847700 0.006387 0.985620 -0.168856 -19.122101 -0.017573 0.168944 0.985469 15.009700 0.000000 0.000000 0.000000 1.000000
0.999901 -0.006924 0.012236 -0.847700 0.008905 0.985387 -0.170096 -19.122101 -0.010880 0.170188 0.985352 15.009700 0.000000 0.000000 0.000000 1.000000
0.999923 -0.009772 0.007585 -0.847700 0.010918 0.985430 -0.169728 -19.122101 -0.005816 0.169798 0.985462 15.009700 0.000000 0.000000 0.000000 1.000000
0.999916 -0.012317 0.004096 -0.847700 0.012833 0.985407 -0.169728 -19.122101 -0.001945 0.169767 0.985482 15.009700 0.000000 0.000000 0.000000 1.000000
0.999913 -0.013158 0.000760 -0.847700 0.013094 0.985176 -0.171047 -19.122101 0.001502 0.171042 0.985263 15.009700 0.000000 0.000000 0.000000 1.000000
0.999950 -0.009711 -0.002475 -0.847700 0.009137 0.984905 -0.172853 -19.122101 0.004116 0.172822 0.984945 15.009700 0.000000 0.000000 0.000000 1.000000
0.999987 -0.001099 -0.004923 -0.847700 0.000226 0.984738 -0.174046 -19.122101 0.005039 0.174042 0.984725 15.009700 0.000000 0.000000 0.000000 1.000000
0.999927 0.010438 -0.006032 -0.847700 -0.011331 0.984572 -0.174612 -19.122101 0.004117 0.174668 0.984619 15.009700 0.000000 0.000000 0.000000 1.000000
0.999742 0.021804 -0.006326 -0.847700 -0.022575 0.984292 -0.175101 -19.122101 0.002408 0.175198 0.984530 15.009700 0.000000 0.000000 0.000000 1.000000
0.999455 0.032226 -0.007129 -0.847700 -0.032978 0.983887 -0.175724 -19.122101 0.001351 0.175863 0.984414 15.009700 0.000000 0.000000 0.000000 1.000000
0.999063 0.042326 -0.008982 -0.847700 -0.043247 0.983321 -0.176663 -19.122101 0.001354 0.176886 0.984230 15.009700 0.000000 0.000000 0.000000 1.000000
0.998605 0.051574 -0.011355 -0.847700 -0.052772 0.982599 -0.178087 -19.122101 0.001973 0.178437 0.983949 15.009700 0.000000 0.000000 0.000000 1.000000
0.998170 0.058855 -0.013897 -0.847700 -0.060395 0.981882 -0.179609 -19.122101 0.003074 0.180119 0.983640 15.009700 0.000000 0.000000 0.000000 1.000000
0.997814 0.063937 -0.016725 -0.847700 -0.065908 0.981365 -0.180497 -19.122101 0.004873 0.181204 0.983433 15.009700 0.000000 0.000000 0.000000 1.000000
0.997562 0.066898 -0.019850 -0.847700 -0.069386 0.981171 -0.180247 -19.122101 0.007418 0.181185 0.983421 15.009700 0.000000 0.000000 0.000000 1.000000
0.997462 0.067338 -0.023145 -0.847700 -0.070403 0.981310 -0.179095 -19.122101 0.010652 0.180269 0.983560 15.009700 0.000000 0.000000 0.000000 1.000000
0.997546 0.064777 -0.026586 -0.847700 -0.068493 0.981593 -0.178280 -19.122101 0.014548 0.179663 0.983621 15.009700 0.000000 0.000000 0.000000 1.000000
0.997815 0.058597 -0.030530 -0.847700 -0.063138 0.981790 -0.179170 -19.122101 0.019476 0.180706 0.983344 15.009700 0.000000 0.000000 0.000000 1.000000
0.998216 0.047869 -0.035679 -0.847700 -0.053576 0.981924 -0.181532 -19.122101 0.026344 0.183120 0.982738 15.009700 0.000000 0.000000 0.000000 1.000000
0.998572 0.033316 -0.041755 -0.847700 -0.040433 0.982235 -0.183250 -19.122101 0.034908 0.184676 0.982179 15.009700 0.000000 0.000000 0.000000 1.000000
0.998729 0.018801 -0.046762 -0.847700 -0.027053 0.982810 -0.182628 -19.122101 0.042524 0.183661 0.982069 15.009700 0.000000 0.000000 0.000000 1.000000
0.998754 0.008425 -0.049188 -0.847700 -0.017177 0.983454 -0.180341 -19.122101 0.046855 0.180961 0.982374 15.009700 0.000000 0.000000 0.000000 1.000000
0.998740 0.002670 -0.050111 -0.847700 -0.011560 0.983965 -0.177985 -19.122101 0.048832 0.178340 0.982756 15.009700 0.000000 0.000000 0.000000 1.000000
0.998692 -0.000682 -0.051122 -0.847700 -0.008322 0.984406 -0.175716 -19.122101 0.050444 0.175912 0.983113 15.009700 0.000000 0.000000 0.000000 1.000000
0.998677 -0.002867 -0.051342 -0.847700 -0.006070 0.984890 -0.173074 -19.122101 0.051063 0.173156 0.983570 15.009700 0.000000 0.000000 0.000000 1.000000
0.998807 -0.003191 -0.048723 -0.847700 -0.005176 0.985320 -0.170639 -19.122101 0.048553 0.170688 0.984128 15.009700 0.000000 0.000000 0.000000 1.000000
0.999059 -0.001114 -0.043353 -0.847700 -0.006251 0.985532 -0.169375 -19.122101 0.042914 0.169487 0.984598 15.009700 0.000000 0.000000 0.000000 1.000000
0.999289 0.002542 -0.037624 -0.847700 -0.008893 0.985468 -0.169626 -19.122101 0.036646 0.169840 0.984790 15.009700 0.000000 0.000000 0.000000 1.000000
0.999425 0.006783 -0.033225 -0.847700 -0.012355 0.985283 -0.170483 -19.122101 0.031580 0.170796 0.984800 15.009700 0.000000 0.000000 0.000000 1.000000
0.999501 0.011307 -0.029483 -0.847700 -0.016154 0.985357 -0.169738 -19.122101 0.027132 0.170130 0.985048 15.009700 0.000000 0.000000 0.000000 1.000000
0.999559 0.015491 -0.025341 -0.847700 -0.019500 0.985842 -0.166538 -19.122101 0.022403 0.166959 0.985709 15.009700 0.000000 0.000000 0.000000 1.000000
0.999612 0.017766 -0.021460 -0.847700 -0.021039 0.986319 -0.163501 -19.122101 0.018262 0.163889 0.986310 15.009700 0.000000 0.000000 0.000000 1.000000
0.999674 0.016820 -0.019200 -0.847700 -0.019731 0.986395 -0.163202 -19.122101 0.016194 0.163528 0.986406 15.009700 0.000000 0.000000 0.000000 1.000000
0.999747 0.012757 -0.018511 -0.847700 -0.015627 0.986293 -0.164262 -19.122101 0.016162 0.164510 0.986243 15.009700 0.000000 0.000000 0.000000 1.000000
0.999811 0.006637 -0.018284 -0.847700 -0.009551 0.986381 -0.164201 -19.122101 0.016945 0.164345 0.986257 15.009700 0.000000 0.000000 0.000000 1.000000
