<?xml version="1.0" encoding="utf-8"?>
<COLLADA xmlns="http://www.collada.org/2005/11/COLLADASchema" version="1.4.1">
  <asset><contributor><author>Mixamo</author><authoring_tool>COLLADA Mixamo exporter</authoring_tool><comments></comments></contributor><created>2020-04-22T19:28:37Z</created><modified>2020-04-22T19:28:37Z</modified><revision></revision><title></title><unit meter="0.010000"/><up_axis>Y_UP</up_axis></asset>
  <library_animations>
    <animation id="mixamorig8_Hips-anim" name="mixamorig8_Hips"><source id="mixamorig8_Hips-Matrix-animation-input"><float_array id="mixamorig8_Hips-Matrix-animation-input-array" count="21">

0.000000 0.033333 0.066667 0.100000 0.133333 0.166667 0.200000 0.233333 0.266667 0.300000 0.333333 0.366667 0.400000 0.433333 0.466667 0.500000
0.533333 0.566667 0.600000 0.633333 0.666667</float_array><technique_common><accessor source="#mixamorig8_Hips-Matrix-animation-input-array" count="21"><param name="TIME" type="float"/></accessor></technique_common></source><source id="mixamorig8_Hips-Matrix-animation-output-transform"><float_array id="mixamorig8_Hips-Matrix-animation-output-transform-array" count="336">

0.077119 -0.007657 0.000554 0.093744 0.007627 0.077055 0.003268 4.316567 -0.000874 -0.003198 0.077429 -1.593632 0.000000 0.000000 0.000000 1.000000
0.075442 -0.017735 0.000478 -0.322410 0.017708 0.075402 0.002688 4.253396 -0.001080 -0.002508 0.077452 -1.664081 0.000000 0.000000 0.000000 1.000000
0.072752 -0.026708 0.000046 -0.729030 0.026693 0.072715 0.002490 4.105054 -0.000901 -0.002321 0.077460 -1.696662 0.000000 0.000000 0.000000 1.000000
0.070498 -0.032184 0.000666 -0.988806 0.032137 0.070458 0.003032 3.975016 -0.001864 -0.002482 0.077438 -1.815800 0.000000 0.000000 0.000000 1.000000
0.068958 -0.035269 0.002663 -1.130581 0.035115 0.068966 0.004109 3.817776 -0.004239 -0.002449 0.077345 -1.822374 0.000000 0.000000 0.000000 1.000000
0.069907 -0.033228 0.003897 -1.070176 0.033014 0.069977 0.004429 3.782455 -0.005418 -0.002335 0.077275 -1.888957 0.000000 0.000000 0.000000 1.000000
0.073229 -0.024955 0.004591 -0.815279 0.024737 0.073335 0.004039 3.990417 -0.005645 -0.002351 0.077258 -1.884934 0.000000 0.000000 0.000000 1.000000
0.076179 -0.013445 0.004712 -0.425963 0.013255 0.076283 0.003381 4.203759 -0.005225 -0.002517 0.077283 -1.790065 0.000000 0.000000 0.000000 1.000000
0.077382 0.000062 0.004268 0.063966 -0.000216 0.077449 0.002793 4.312634 -0.004263 -0.002801 0.077332 -1.659164 0.000000 0.000000 0.000000 1.000000
0.076187 0.013581 0.004159 0.594310 -0.013719 0.076240 0.002350 4.263353 -0.003680 -0.003046 0.077353 -1.529317 0.000000 0.000000 0.000000 1.000000
0.073365 0.024518 0.004761 1.043901 -0.024651 0.073458 0.001573 4.096879 -0.004015 -0.003003 0.077338 -1.373148 0.000000 0.000000 0.000000 1.000000
0.069729 0.033427 0.005170 1.441730 -0.033534 0.069867 0.000545 3.893852 -0.004426 -0.002727 0.077325 -1.276112 0.000000 0.000000 0.000000 1.000000
0.065284 0.041474 0.004918 1.842280 -0.041542 0.065425 -0.000280 3.702043 -0.004302 -0.002401 0.077343 -1.279402 0.000000 0.000000 0.000000 1.000000
0.061160 0.047456 0.003691 2.129113 -0.047507 0.061232 -0.000066 3.481968 -0.002957 -0.002210 0.077412 -1.302325 0.000000 0.000000 0.000000 1.000000
0.059729 0.049282 0.003164 2.264199 -0.049340 0.059762 0.000593 3.312245 -0.002062 -0.002471 0.077433 -1.337921 0.000000 0.000000 0.000000 1.000000
0.061410 0.047103 0.004045 2.208752 -0.047212 0.061448 0.001215 3.358224 -0.002469 -0.003427 0.077385 -1.400146 0.000000 0.000000 0.000000 1.000000
0.064186 0.043028 0.005918 2.031395 -0.043266 0.064269 0.001966 3.504138 -0.003816 -0.004933 0.077249 -1.435333 0.000000 0.000000 0.000000 1.000000
0.068252 0.036023 0.007092 1.739182 -0.036390 0.068360 0.002987 3.726247 -0.004867 -0.005961 0.077117 -1.489635 0.000000 0.000000 0.000000 1.000000
0.072712 0.025937 0.006824 1.339592 -0.026337 0.072777 0.004020 3.965955 -0.005063 -0.006091 0.077094 -1.533220 0.000000 0.000000 0.000000 1.000000
0.076768 0.009896 0.003875 0.743774 -0.010091 0.076740 0.003928 4.212233 -0.003335 -0.004395 0.077303 -1.538188 0.000000 0.000000 0.000000 1.000000
0.077119 -0.007657 0.000553 0.093850 0.007627 0.077055 0.003268 4.316566 -0.000872 -0.003198 0.077429 -1.593632 0.000000 0.000000 0.000000 1.000000</float_array><technique_common><accessor source="#mixamorig8_Hips-Matrix-animation-output-transform-array" count="21" stride="16"><param type="float4x4"/></accessor></technique_common></source><source id="mixamorig8_Hips-Interpolations"><Name_array id="mixamorig8_Hips-Interpolations-array" count="21">
 LINEAR LINEAR LINEAR LINEAR LINEAR LINEAR LINEAR LINEAR LINEAR LINEAR LINEAR
LINEAR LINEAR LINEAR LINEAR LINEAR LINEAR LINEAR LINEAR LINEAR LINEAR</Name_array><technique_common><accessor source="#mixamorig8_Hips-Interpolations-array" count="21"><param type="name"/></accessor></technique_common></source><sampler id="mixamorig8_Hips-Matrix-animation-transform"><input semantic="INPUT" source="#mixamorig8_Hips-Matrix-animation-input"/><input semantic="OUTPUT" source="#mixamorig8_Hips-Matrix-animation-output-transform"/><input semantic="INTERPOLATION" source="#mixamorig8_Hips-Interpolations"/></sampler><channel source="#mixamorig8_Hips-Matrix-animation-transform" target="mixamorig8_Hips/matrix"/></animation>
    <animation id="mixamorig8_Spine-anim" name="mixamorig8_Spine"><source id="mixamorig8_Spine-Matrix-animation-input"><float_array id="mixamorig8_Spine-Matrix-animation-input-array" count="21">

0.000000 0.033333 0.066667 0.100000 0.133333 0.166667 0.200000 0.233333 0.266667 0.300000 0.333333 0.366667 0.400000 0.433333 0.466667 0.500000
0.533333 0.566667 0.600000 0.633333 0.666667</float_array><technique_common><accessor source="#mixamorig8_Spine-Matrix-animation-input-array" count="21"><param name="TIME" type="float"/></accessor></technique_common></source><source id="mixamorig8_Spine-Matrix-animation-output-transform"><float_array id="mixamorig8_Spine-Matrix-animation-output-transform-array" count="336">

0.999165 -0.037804 -0.015509 -0.001300 0.037797 0.999285 -0.000733 5.330800 0.015526 0.000146 0.999879 5.235500 0.000000 0.000000 0.000000 1.000000
0.999705 0.022698 0.008617 -0.001300 -0.022710 0.999741 0.001319 5.330800 -0.008585 -0.001514 0.999962 5.235500 0.000000 0.000000 0.000000 1.000000
0.995239 0.086763 0.044412 -0.001300 -0.086909 0.996215 0.001365 5.330800 -0.044125 -0.005218 0.999012 5.235500 0.000000 0.000000 0.000000 1.000000
0.988298 0.134446 0.072053 -0.001300 -0.134656 0.990890 -0.001947 5.330800 -0.071658 -0.007778 0.997399 5.235500 0.000000 0.000000 0.000000 1.000000
0.983114 0.163421 0.082341 -0.001300 -0.163654 0.986510 -0.003963 5.330800 -0.081878 -0.009580 0.996596 5.235500 0.000000 0.000000 0.000000 1.000000
0.981172 0.169873 0.091896 -0.001300 -0.170259 0.985393 -0.003687 5.330800 -0.091180 -0.012029 0.995762 5.235500 0.000000 0.000000 0.000000 1.000000
0.982844 0.160887 0.090183 -0.001300 -0.161520 0.986869 -0.000286 5.330800 -0.089045 -0.014285 0.995925 5.235500 0.000000 0.000000 0.000000 1.000000
0.986131 0.141818 0.086221 -0.001300 -0.142727 0.989752 0.004435 5.330800 -0.084708 -0.016680 0.996266 5.235500 0.000000 0.000000 0.000000 1.000000
0.991127 0.105937 0.080276 -0.001300 -0.107073 0.994201 0.009966 5.330800 -0.078754 -0.018473 0.996723 5.235500 0.000000 0.000000 0.000000 1.000000
0.996666 0.051982 0.062879 -0.001300 -0.053034 0.998477 0.015182 5.330800 -0.061994 -0.018467 0.997906 5.235500 0.000000 0.000000 0.000000 1.000000
0.999643 -0.005057 0.026234 -0.001300 0.004616 0.999847 0.016852 5.330800 -0.026316 -0.016725 0.999514 5.235500 0.000000 0.000000 0.000000 1.000000
0.997625 -0.065427 -0.021540 -0.001300 0.065713 0.997756 0.012858 5.330800 0.020650 -0.014243 0.999685 5.235500 0.000000 0.000000 0.000000 1.000000
0.989614 -0.128401 -0.064627 -0.001300 0.128998 0.991632 0.005133 5.330800 0.063428 -0.013416 0.997896 5.235500 0.000000 0.000000 0.000000 1.000000
0.979207 -0.183506 -0.086483 -0.001300 0.183777 0.982956 -0.004887 5.330800 0.085906 -0.011108 0.996241 5.235500 0.000000 0.000000 0.000000 1.000000
0.972377 -0.211985 -0.097700 -0.001300 0.211653 0.977246 -0.013877 5.330800 0.098419 -0.007185 0.995119 5.235500 0.000000 0.000000 0.000000 1.000000
0.969173 -0.221510 -0.107876 -0.001300 0.220443 0.975155 -0.021873 5.330800 0.110040 -0.002582 0.993924 5.235500 0.000000 0.000000 0.000000 1.000000
0.967191 -0.223588 -0.120620 -0.001300 0.221702 0.974683 -0.029013 5.330800 0.124053 0.001319 0.992275 5.235500 0.000000 0.000000 0.000000 1.000000
0.970293 -0.209239 -0.121454 -0.001300 0.206845 0.977846 -0.032133 5.330800 0.125486 0.006056 0.992077 5.235500 0.000000 0.000000 0.000000 1.000000
0.977849 -0.179902 -0.106992 -0.001300 0.177677 0.983630 -0.030054 5.330800 0.110647 0.010378 0.993806 5.235500 0.000000 0.000000 0.000000 1.000000
0.992087 -0.110326 -0.059928 -0.001300 0.109651 0.993865 -0.014451 5.330800 0.061155 0.007765 0.998098 5.235500 0.000000 0.000000 0.000000 1.000000
0.999165 -0.037803 -0.015508 -0.001300 0.037796 0.999285 -0.000732 5.330800 0.015524 0.000145 0.999879 5.235500 0.000000 0.000000 0.000000 1.000000</float_array><technique_common><accessor source="#mixamorig8_Spine-Matrix-animation-output-transform-array" count="21" stride="16"><param type="float4x4"/></accessor></technique_common></source><source id="mixamorig8_Spine-Interpolations"><Name_array id="mixamorig8_Spine-Interpolations-array" count="21">
 LINEAR LINEAR LINEAR LINEAR LINEAR LINEAR LINEAR LINEAR LINEAR LINEAR LINEAR
LINEAR LINEAR LINEAR LINEAR LINEAR LINEAR LINEAR LINEAR LINEAR LINEAR</Name_array><technique_common><accessor source="#mixamorig8_Spine-Interpolations-array" count="21"><param type="name"/></accessor></technique_common></source><sampler id="mixamorig8_Spine-Matrix-animation-transform"><input semantic="INPUT" source="#mixamorig8_Spine-Matrix-animation-input"/><input semantic="OUTPUT" source="#mixamorig8_Spine-Matrix-animation-output-transform"/><input semantic="INTERPOLATION" source="#mixamorig8_Spine-Interpolations"/></sampler><channel source="#mixamorig8_Spine-Matrix-animation-transform" target="mixamorig8_Spine/matrix"/></animation>
    <animation id="mixamorig8_Spine1-anim" name="mixamorig8_Spine1"><source id="mixamorig8_Spine1-Matrix-animation-input"><float_array id="mixamorig8_Spine1-Matrix-animation-input-array" count="21">

0.000000 0.033333 0.066667 0.100000 0.133333 0.166667 0.200000 0.233333 0.266667 0.300000 0.333333 0.366667 0.400000 0.433333 0.466667 0.500000
0.533333 0.566667 0.600000 0.633333 0.666667</float_array><technique_common><accessor source="#mixamorig8_Spine1-Matrix-animation-input-array" count="21"><param name="TIME" type="float"/></accessor></technique_common></source><source id="mixamorig8_Spine1-Matrix-animation-output-transform"><float_array id="mixamorig8_Spine1-Matrix-animation-output-transform-array" count="336">

0.997417 0.057664 0.042833 0.089900 -0.049131 0.982654 -0.178822 5.334800 -0.052401 0.176255 0.982949 12.552700 0.000000 0.000000 0.000000 1.000000
0.991310 0.108061 0.075012 0.089900 -0.093578 0.980074 -0.175209 5.334800 -0.092451 0.166667 0.981669 12.552700 0.000000 0.000000 0.000000 1.000000
0.987613 0.120919 0.099992 0.089900 -0.101957 0.978950 -0.176812 5.334800 -0.119267 0.164427 0.979152 12.552700 0.000000 0.000000 0.000000 1.000000
0.988780 0.105503 0.105750 0.089900 -0.084427 0.978720 -0.187028 5.334800 -0.123231 0.176001 0.976646 12.552700 0.000000 0.000000 0.000000 1.000000
0.990890 0.086550 0.103180 0.089900 -0.064906 0.978208 -0.197222 5.334800 -0.118001 0.188729 0.974914 12.552700 0.000000 0.000000 0.000000 1.000000
0.993857 0.068317 0.087071 0.089900 -0.050021 0.979078 -0.197241 5.334800 -0.098725 0.191674 0.976481 12.552700 0.000000 0.000000 0.000000 1.000000
0.997458 0.042124 0.057469 0.089900 -0.030774 0.982114 -0.185756 5.334800 -0.064266 0.183515 0.980914 12.552700 0.000000 0.000000 0.000000 1.000000
0.999668 0.012425 0.022570 0.089900 -0.008414 0.985442 -0.169806 5.334800 -0.024351 0.169560 0.985219 12.552700 0.000000 0.000000 0.000000 1.000000
0.999721 -0.019314 -0.013576 0.089900 0.016997 0.987945 -0.153870 5.334800 0.016385 0.153596 0.987998 12.552700 0.000000 0.000000 0.000000 1.000000
0.997568 -0.051565 -0.046901 0.089900 0.044407 0.988784 -0.142599 5.334800 0.053729 0.140169 0.988669 12.552700 0.000000 0.000000 0.000000 1.000000
0.993607 -0.084488 -0.074877 0.089900 0.073374 0.987368 -0.140431 5.334800 0.085796 0.134039 0.987255 12.552700 0.000000 0.000000 0.000000 1.000000
0.987637 -0.121019 -0.099641 0.089900 0.105583 0.983364 -0.147807 5.334800 0.115871 0.135460 0.983984 12.552700 0.000000 0.000000 0.000000 1.000000
0.979703 -0.158158 -0.123161 0.089900 0.137967 0.977739 -0.158089 5.334800 0.145423 0.137888 0.979714 12.552700 0.000000 0.000000 0.000000 1.000000
0.971952 -0.188338 -0.140845 0.089900 0.163972 0.972014 -0.168230 5.334800 0.168588 0.140417 0.975634 12.552700 0.000000 0.000000 0.000000 1.000000
0.969849 -0.197796 -0.142370 0.089900 0.172015 0.969420 -0.175032 5.334800 0.172637 0.145265 0.974215 12.552700 0.000000 0.000000 0.000000 1.000000
0.974850 -0.184002 -0.125744 0.089900 0.160033 0.970627 -0.179645 5.334800 0.155105 0.155004 0.975662 12.552700 0.000000 0.000000 0.000000 1.000000
0.981282 -0.160990 -0.105675 0.089900 0.139659 0.972748 -0.185083 5.334800 0.132592 0.166861 0.977024 12.552700 0.000000 0.000000 0.000000 1.000000
0.988421 -0.128472 -0.080735 0.089900 0.111344 0.975591 -0.189276 5.334800 0.103081 0.178095 0.978599 12.552700 0.000000 0.000000 0.000000 1.000000
0.995054 -0.085623 -0.050366 0.089900 0.074550 0.978748 -0.191037 5.334800 0.065653 0.186337 0.980290 12.552700 0.000000 0.000000 0.000000 1.000000
0.999894 -0.014042 -0.003772 0.089900 0.013102 0.982632 -0.185104 5.334800 0.006305 0.185035 0.982712 12.552700 0.000000 0.000000 0.000000 1.000000
0.997417 0.057664 0.042833 0.089900 -0.049131 0.982654 -0.178822 5.334800 -0.052401 0.176256 0.982949 12.552700 0.000000 0.000000 0.000000 1.000000</float_array><technique_common><accessor source="#mixamorig8_Spine1-Matrix-animation-output-transform-array" count="21" stride="16"><param type="float4x4"/></accessor></technique_common></source><source id="mixamorig8_Spine1-Interpolations"><Name_array id="mixamorig8_Spine1-Interpolations-array" count="21">
 LINEAR LINEAR LINEAR LINEAR LINEAR LINEAR LINEAR LINEAR LINEAR LINEAR LINEAR
LINEAR LINEAR LINEAR LINEAR LINEAR LINEAR LINEAR LINEAR LINEAR LINEAR</Name_array><technique_common><accessor source="#mixamorig8_Spine1-Interpolations-array" count="21"><param type="name"/></accessor></technique_common></source><sampler id="mixamorig8_Spine1-Matrix-animation-transform"><input semantic="INPUT" source="#mixamorig8_Spine1-Matrix-animation-input"/><input semantic="OUTPUT" source="#mixamorig8_Spine1-Matrix-animation-output-transform"/><input semantic="INTERPOLATION" source="#mixamorig8_Spine1-Interpolations"/></sampler><channel source="#mixamorig8_Spine1-Matrix-animation-transform" target="mixamorig8_Spine1/matrix"/></animation>
    <animation id="mixamorig8_Spine2-anim" name="mixamorig8_Spine2"><source id="mixamorig8_Spine2-Matrix-animation-input"><float_array id="mixamorig8_Spine2-Matrix-animation-input-array" count="21">

0.000000 0.033333 0.066667 0.100000 0.133333 0.166667 0.200000 0.233333 0.266667 0.300000 0.333333 0.366667 0.400000 0.433333 0.466667 0.500000
0.533333 0.566667 0.600000 0.633333 0.666667</float_array><technique_common><accessor source="#mixamorig8_Spine2-Matrix-animation-input-array" count="21"><param name="TIME" type="float"/></accessor></technique_common></source><source id="mixamorig8_Spine2-Matrix-animation-output-transform"><float_array id="mixamorig8_Spine2-Matrix-animation-output-transform-array" count="336">

0.998157 0.054914 0.025842 -0.847700 -0.049285 0.981904 -0.182853 -19.122101 -0.035416 0.181242 0.982801 15.009700 0.000000 0.000000 0.000000 1.000000
0.992723 0.104367 0.060078 -0.847700 -0.091839 0.978836 -0.182881 -19.122101 -0.077893 0.176032 0.981298 15.009700 0.000000 0.000000 0.000000 1.000000
0.989110 0.117037 0.089240 -0.847700 -0.099006 0.977748 -0.184950 -19.122101 -0.108900 0.174101 0.978688 15.009700 0.000000 0.000000 0.000000 1.000000
0.989835 0.102411 0.098685 -0.847700 -0.082013 0.977917 -0.192230 -19.122101 -0.116192 0.182183 0.976375 15.009700 0.000000 0.000000 0.000000 1.000000
0.991474 0.084552 0.099145 -0.847700 -0.063509 0.977957 -0.198913 -19.122101 -0.113778 0.190921 0.974989 15.009700 0.000000 0.000000 0.000000 1.000000
0.994049 0.067504 0.085494 -0.847700 -0.049621 0.979292 -0.196277 -19.122101 -0.096973 0.190867 0.976814 15.009700 0.000000 0.000000 0.000000 1.000000
0.997357 0.042532 0.058900 -0.847700 -0.031108 0.982655 -0.182815 -19.122101 -0.065654 0.180500 0.981381 15.009700 0.000000 0.000000 0.000000 1.000000
0.999531 0.014055 0.027207 -0.847700 -0.009369 0.986206 -0.165254 -19.122101 -0.029155 0.164922 0.985876 15.009700 0.000000 0.000000 0.000000 1.000000
0.999846 -0.016589 -0.005804 -0.847700 0.015547 0.988852 -0.148088 -19.122101 0.008196 0.147975 0.988957 15.009700 0.000000 0.000000 0.000000 1.000000
0.998186 -0.048000 -0.036332 -0.847700 0.042648 0.989798 -0.135946 -19.122101 0.042487 0.134150 0.990050 15.009700 0.000000 0.000000 0.000000 1.000000
0.994836 -0.080430 -0.061903 -0.847700 0.071619 0.988479 -0.133343 -19.122101 0.071914 0.128221 0.989135 15.009700 0.000000 0.000000 0.000000 1.000000
0.989543 -0.116896 -0.084504 -0.847700 0.104254 0.984497 -0.141056 -19.122101 0.099682 0.130771 0.986389 15.009700 0.000000 0.000000 0.000000 1.000000
0.982342 -0.154154 -0.106020 -0.847700 0.137209 0.978827 -0.151893 -19.122101 0.127191 0.134664 0.982694 15.009700 0.000000 0.000000 0.000000 1.000000
0.975089 -0.184661 -0.122888 -0.847700 0.163830 0.973056 -0.162237 -19.122101 0.149536 0.138063 0.979070 15.009700 0.000000 0.000000 0.000000 1.000000
0.972594 -0.194794 -0.126950 -0.847700 0.172466 0.970586 -0.167981 -19.122101 0.155938 0.141483 0.977582 15.009700 0.000000 0.000000 0.000000 1.000000
0.976332 -0.182145 -0.116614 -0.847700 0.161012 0.972135 -0.170381 -19.122101 0.144398 0.147572 0.978454 15.009700 0.000000 0.000000 0.000000 1.000000
0.981608 -0.160448 -0.103454 -0.847700 0.140958 0.974595 -0.174057 -19.122101 0.128753 0.156273 0.979286 15.009700 0.000000 0.000000 0.000000 1.000000
0.987945 -0.129240 -0.085213 -0.847700 0.112554 0.977612 -0.177780 -19.122101 0.106282 0.166046 0.980374 15.009700 0.000000 0.000000 0.000000 1.000000
0.994319 -0.087512 -0.060594 -0.847700 0.075262 0.980570 -0.181156 -19.122101 0.075270 0.175566 0.981586 15.009700 0.000000 0.000000 0.000000 1.000000
0.999714 -0.016412 -0.017390 -0.847700 0.012971 0.983169 -0.182240 -19.122101 0.020089 0.181962 0.983100 15.009700 0.000000 0.000000 0.000000 1.000000
0.998157 0.054914 0.025842 -0.847700 -0.049285 0.981904 -0.182854 -19.122101 -0.035416 0.181243 0.982800 15.009700 0.000000 0.000000 0.000000 1.000000</float_array><technique_common><accessor source="#mixamorig8_Spine2-Matrix-animation-output-transform-array" count="21" stride="16"><param type="float4x4"/></accessor></technique_common></source><source id="mixamorig8_Spine2-Interpolations"><Name_array id="mixamorig8_Spine2-Interpolations-array" count="21">
 LINEAR LINEAR LINEAR LINEAR LINEAR LINEAR LINEAR LINEAR LINEAR LINEAR LINEAR
LINEAR LINEAR LINEAR LINEAR LINEAR LINEAR LINEAR LINEAR LINEAR LINEAR</Name_array><technique_common><accessor source="#mixamorig8_Spine2-Interpolations-array" count="21"><param type="name"/></accessor></technique_common></source><sampler id="mixamorig8_Spine2-Matrix-animation-transform"><input semantic="INPUT" source="#mixamorig8_Spine2-Matrix-animation-input"/><input semantic="OUTPUT" source="#mixamorig8_Spine2-Matrix-animation-output-transform"/><input semantic="INTERPOLATION" source="#mixamorig8_Spine2-Interpolations"/></sampler><channel source="#mixamorig8_Spine2-Matrix-animation-transform" target="mixamorig8_Spine2/matrix"/></animation>
    <animation id="mixamorig8_Neck-anim" name="mixamorig8_Neck"><source id="mixamorig8_Neck-Matrix-animation-input"><float_array id="mixamorig8_Neck-Matrix-animation-input-array" count="21">

0.000000 0.033333 0.066667 0.100000 0.133333 0.166667 0.200000 0.233333 0.266667 0.300000 0.333333 0.366667 0.400000 0.433333 0.466667 0.500000
0.533333 0.566667 0.600000 0.633333 0.666667</float_array><technique_common><accessor source="#mixamorig8_Neck-Matrix-animation-input-array" count="21"><param name="TIME" type="float"/></accessor></technique_common></source><source id="mixamorig8_Neck-Matrix-animation-output-transform"><float_array id="mixamorig8_Neck-Matrix-animation-output-transform-array" count="336">

0.989730 -0.110690 -0.090460 -1.319900 0.132214 0.949420 0.284818 -13.845100 0.054358 -0.293853 0.954304 1.946900 0.000000 0.000000 0.000000 1.000000
0.992020 -0.035540 -0.120967 -1.319900 0.067890 0.959050 0.274979 -13.845100 0.106241 -0.280997 0.953810 1.946900 0.000000 0.000000 0.000000 1.000000
0.987210 0.042676 -0.153609 -1.319900 -0.000810 0.964836 0.262850 -13.845100 0.159425 -0.259364 0.952530 1.946900 0.000000 0.000000 0.000000 1.000000
0.979215 0.103046 -0.174696 -1.319900 -0.055752 0.964896 0.256645 -13.845100 0.195010 -0.241571 0.950586 1.946900 0.000000 0.000000 0.000000 1.000000
0.977631 0.125424 -0.168838 -1.319900 -0.077153 0.960636 0.266881 -13.845100 0.195665 -0.247885 0.948825 1.946900 0.000000 0.000000 0.000000 1.000000
0.985619 0.106332 -0.131331 -1.319900 -0.063109 0.952591 0.297635 -13.845100 0.156753 -0.285067 0.945603 1.946900 0.000000 0.000000 0.000000 1.000000
0.992205 0.077911 -0.097262 -1.319900 -0.042755 0.945921 0.321568 -13.845100 0.117055 -0.314903 0.941878 1.946900 0.000000 0.000000 0.000000 1.000000
0.994669 0.054607 -0.087471 -1.319900 -0.023168 0.944930 0.326453 -13.845100 0.100480 -0.322686 0.941158 1.946900 0.000000 0.000000 0.000000 1.000000
0.995772 0.028660 -0.087274 -1.319900 0.001005 0.946629 0.322325 -13.845100 0.091854 -0.321050 0.942597 1.946900 0.000000 0.000000 0.000000 1.000000
0.996552 0.003126 -0.082910 -1.319900 0.023001 0.949711 0.312281 -13.845100 0.079716 -0.313111 0.946365 1.946900 0.000000 0.000000 0.000000 1.000000
0.997965 -0.020093 -0.060515 -1.319900 0.037245 0.954015 0.297436 -13.845100 0.051756 -0.299084 0.952822 1.946900 0.000000 0.000000 0.000000 1.000000
0.998881 -0.043369 -0.018857 -1.319900 0.046869 0.961026 0.272456 -13.845100 0.006306 -0.273035 0.961983 1.946900 0.000000 0.000000 0.000000 1.000000
0.997822 -0.061971 0.022610 -1.319900 0.054444 0.967177 0.248202 -13.845100 -0.037249 -0.246431 0.968444 1.946900 0.000000 0.000000 0.000000 1.000000
0.996543 -0.069389 0.045679 -1.319900 0.056640 0.969751 0.237435 -13.845100 -0.060772 -0.234027 0.970329 1.946900 0.000000 0.000000 0.000000 1.000000
0.996489 -0.063932 0.054052 -1.319900 0.049245 0.969741 0.239117 -13.845100 -0.067704 -0.235616 0.969485 1.946900 0.000000 0.000000 0.000000 1.000000
0.996931 -0.060810 0.049300 -1.319900 0.046965 0.968433 0.244810 -13.845100 -0.062630 -0.241744 0.968317 1.946900 0.000000 0.000000 0.000000 1.000000
0.997256 -0.066800 0.031900 -1.319900 0.056702 0.966339 0.250946 -13.845100 -0.047590 -0.248449 0.967475 1.946900 0.000000 0.000000 0.000000 1.000000
0.997065 -0.076374 0.005243 -1.319900 0.072418 0.963196 0.258862 -13.845100 -0.024821 -0.257723 0.965900 1.946900 0.000000 0.000000 0.000000 1.000000
0.995768 -0.087939 -0.026699 -1.319900 0.091880 0.959114 0.267692 -13.845100 0.002067 -0.269013 0.963134 1.946900 0.000000 0.000000 0.000000 1.000000
0.993191 -0.099896 -0.059930 -1.319900 0.112680 0.954357 0.276598 -13.845100 0.029564 -0.281468 0.959115 1.946900 0.000000 0.000000 0.000000 1.000000
0.989730 -0.110690 -0.090460 -1.319900 0.132214 0.949420 0.284818 -13.845100 0.054358 -0.293853 0.954304 1.946900 0.000000 0.000000 0.000000 1.000000</float_array><technique_common><accessor source="#mixamorig8_Neck-Matrix-animation-output-transform-array" count="21" stride="16"><param type="float4x4"/></accessor></technique_common></source><source id="mixamorig8_Neck-Interpolations"><Name_array id="mixamorig8_Neck-Interpolations-array" count="21">
 LINEAR LINEAR LINEAR LINEAR LINEAR LINEAR LINEAR LINEAR LINEAR LINEAR LINEAR
LINEAR LINEAR LINEAR LINEAR LINEAR LINEAR LINEAR LINEAR LINEAR LINEAR</Name_array><technique_common><accessor source="#mixamorig8_Neck-Interpolations-array" count="21"><param type="name"/></accessor></technique_common></source><sampler id="mixamorig8_Neck-Matrix-animation-transform"><input semantic="INPUT" source="#mixamorig8_Neck-Matrix-animation-input"/><input semantic="OUTPUT" source="#mixamorig8_Neck-Matrix-animation-output-transform"/><input semantic="INTERPOLATION" source="#mixamorig8_Neck-Interpolations"/></sampler><channel source="#mixamorig8_Neck-Matrix-animation-transform" target="mixamorig8_Neck/matrix"/></animation>
    <animation id="mixamorig8_Head-anim" name="mixamorig8_Head"><source id="mixamorig8_Head-Matrix-animation-input"><float_array id="mixamorig8_Head-Matrix-animation-input-array" count="21">

0.000000 0.033333 0.066667 0.100000 0.133333 0.166667 0.200000 0.233333 0.266667 0.300000 0.333333 0.366667 0.400000 0.433333 0.466667 0.500000
0.533333 0.566667 0.600000 0.633333 0.666667</float_array><technique_common><accessor source="#mixamorig8_Head-Matrix-animation-input-array" count="21"><param name="TIME" type="float"/></accessor></technique_common></source><source id="mixamorig8_Head-Matrix-animation-output-transform"><float_array id="mixamorig8_Head-Matrix-animation-output-transform-array" count="336">

0.997897 0.061262 0.021185 0.000000 -0.064785 0.953468 0.294451 -8.323100 -0.002161 -0.295204 0.955432 7.552500 0.000000 0.000000 0.000000 1.000000
0.996158 0.075864 -0.043752 0.000000 -0.058483 0.948133 0.312448 -8.323100 0.065186 -0.308689 0.948927 7.552500 0.000000 0.000000 0.000000 1.000000
0.989554 0.091003 -0.111813 0.000000 -0.049490 0.942887 0.329415 -8.323100 0.135405 -0.320440 0.937541 7.552500 0.000000 0.000000 0.000000 1.000000
0.981423 0.101355 -0.162897 0.000000 -0.039203 0.937093 0.346871 -8.323100 0.187807 -0.334042 0.923658 7.552500 0.000000 0.000000 0.000000 1.000000
0.979069 0.102352 -0.175918 0.000000 -0.030944 0.929160 0.368381 -8.323100 0.201161 -0.355227 0.912879 7.552500 0.000000 0.000000 0.000000 1.000000
0.984833 0.093864 -0.145923 -0.000000 -0.028691 0.917554 0.396575 -8.323100 0.171116 -0.386374 0.906330 7.552500 0.000000 0.000000 0.000000 1.000000
0.990384 0.078756 -0.113740 0.000000 -0.024482 0.908946 0.416194 -8.323100 0.136161 -0.409407 0.902134 7.552500 0.000000 0.000000 0.000000 1.000000
0.993168 0.057165 -0.101731 0.000000 -0.009138 0.907215 0.420568 -8.323100 0.116333 -0.416766 0.901539 7.552500 0.000000 0.000000 0.000000 1.000000
0.994982 0.030404 -0.095326 -0.000000 0.012110 0.909119 0.416360 -8.323100 0.099322 -0.415425 0.904189 7.552500 0.000000 0.000000 0.000000 1.000000
0.996395 0.003450 -0.084768 0.000000 0.031430 0.913064 0.406603 -8.323100 0.078801 -0.407801 0.909664 7.552500 0.000000 0.000000 0.000000 1.000000
0.998013 -0.020140 -0.059707 0.000000 0.042018 0.918839 0.392390 -8.323100 0.046958 -0.394119 0.917859 7.552500 0.000000 0.000000 0.000000 1.000000
0.998895 -0.043418 -0.017982 0.000000 0.046990 0.928451 0.368470 -8.323100 0.000697 -0.368908 0.929466 7.552500 0.000000 0.000000 0.000000 1.000000
0.997818 -0.061979 0.022763 0.000000 0.050345 0.937240 0.345030 -8.323100 -0.042719 -0.343132 0.938315 7.552500 0.000000 0.000000 0.000000 1.000000
0.996487 -0.070767 0.044775 0.000000 0.051746 0.940728 0.335192 -8.323100 -0.065842 -0.331697 0.941085 7.552500 0.000000 0.000000 0.000000 1.000000
0.996283 -0.070132 0.050024 -0.000000 0.049099 0.939433 0.339198 -8.323100 -0.070783 -0.335481 0.939384 7.552500 0.000000 0.000000 0.000000 1.000000
0.996932 -0.060810 0.049291 0.000000 0.040382 0.938961 0.341644 -8.323100 -0.067057 -0.338606 0.938536 7.552500 0.000000 0.000000 0.000000 1.000000
0.997950 -0.043358 0.047084 0.000000 0.025058 0.941554 0.335930 -8.323100 -0.058897 -0.334061 0.940710 7.552500 0.000000 0.000000 0.000000 1.000000
0.998925 -0.019824 0.041894 0.000000 0.005034 0.944973 0.327108 -8.323100 -0.046073 -0.326546 0.944058 7.552500 0.000000 0.000000 0.000000 1.000000
0.999361 0.007205 0.034996 -0.000000 -0.017918 0.948459 0.316394 -8.323100 -0.030913 -0.316819 0.947982 7.552500 0.000000 0.000000 0.000000 1.000000
0.999000 0.035110 0.027668 0.000000 -0.041886 0.951412 0.305059 -8.323100 -0.015613 -0.305913 0.951931 7.552500 0.000000 0.000000 0.000000 1.000000
0.997897 0.061262 0.021185 -0.000000 -0.064785 0.953468 0.294451 -8.323100 -0.002161 -0.295204 0.955432 7.552500 0.000000 0.000000 0.000000 1.000000</float_array><technique_common><accessor source="#mixamorig8_Head-Matrix-animation-output-transform-array" count="21" stride="16"><param type="float4x4"/></accessor></technique_common></source><source id="mixamorig8_Head-Interpolations"><Name_array id="mixamorig8_Head-Interpolations-array" count="21">
 LINEAR LINEAR LINEAR LINEAR LINEAR LINEAR LINEAR LINEAR LINEAR LINEAR LINEAR
LINEAR LINEAR LINEAR LINEAR LINEAR LINEAR LINEAR LINEAR LINEAR LINEAR</Name_array><technique_common><accessor source="#mixamorig8_Head-Interpolations-array" count="21"><param type="name"/></accessor></technique_common></source><sampler id="mixamorig8_Head-Matrix-animation-transform"><input semantic="INPUT" source="#mixamorig8_Head-Matrix-animation-input"/><input semantic="OUTPUT" source="#mixamorig8_Head-Matrix-animation-output-transform"/><input semantic="INTERPOLATION" source="#mixamorig8_Head-Interpolations"/></sampler><channel source="#mixamorig8_Head-Matrix-animation-transform" target="mixamorig8_Head/matrix"/></animation>
    <animation id="mixamorig8_LeftShoulder-anim" name="mixamorig8_LeftShoulder"><source id="mixamorig8_LeftShoulder-Matrix-animation-input"><float_array id="mixamorig8_LeftShoulder-Matrix-animation-input-array" count="21">

0.000000 0.033333 0.066667 0.100000 0.133333 0.166667 0.200000 0.233333 0.266667 0.300000 0.333333 0.366667 0.400000 0.433333 0.466667 0.500000
0.533333 0.566667 0.600000 0.633333 0.666667</float_array><technique_common><accessor source="#mixamorig8_LeftShoulder-Matrix-animation-input-array" count="21"><param name="TIME" type="float"/></accessor></technique_common></source><source id="mixamorig8_LeftShoulder-Matrix-animation-output-transform"><float_array id="mixamorig8_LeftShoulder-Matrix-animation-output-transform-array" count="336">

0.263432 0.736097 -0.623510 11.508900 -0.050246 -0.634993 -0.770882 -1.876900 -0.963369 0.234403 -0.130292 -1.651500 0.000000 0.000000 0.000000 1.000000
0.168752 0.614897 -0.770340 11.508900 -0.016345 -0.779696 -0.625945 -1.876900 -0.985523 0.118220 -0.121525 -1.651500 0.000000 0.000000 0.000000 1.000000
-0.059008 0.538723 -0.840414 11.508900 0.078658 -0.836754 -0.541900 -1.876900 -0.995154 -0.098082 0.007000 -1.651500 0.000000 0.000000 0.000000 1.000000
0.058308 0.571706 -0.818384 11.508900 0.050500 -0.820418 -0.569529 -1.876900 -0.997021 -0.008120 -0.076708 -1.651500 0.000000 0.000000 0.000000 1.000000
0.203595 0.618796 -0.758710 11.508900 -0.002940 -0.774551 -0.632504 -1.876900 -0.979051 0.131005 -0.155875 -1.651500 0.000000 0.000000 0.000000 1.000000
0.235800 0.704307 -0.669589 11.508900 -0.010448 -0.687141 -0.726449 -1.876900 -0.971746 0.178292 -0.154669 -1.651500 0.000000 0.000000 0.000000 1.000000
0.109131 0.822391 -0.558357 11.508900 -0.001506 -0.561575 -0.827425 -1.876900 -0.994026 0.091139 -0.060047 -1.651500 0.000000 0.000000 0.000000 1.000000
0.074786 0.891397 -0.447010 11.508900 -0.027460 -0.446255 -0.894485 -1.876900 -0.996821 0.079170 -0.008896 -1.651500 0.000000 0.000000 0.000000 1.000000
0.177198 0.916676 -0.358199 11.508900 -0.020176 -0.360499 -0.932542 -1.876900 -0.983968 0.172471 -0.045384 -1.651500 0.000000 0.000000 0.000000 1.000000
0.265930 0.915706 -0.301271 11.508900 0.010544 -0.315268 -0.948944 -1.876900 -0.963935 0.249176 -0.093495 -1.651500 0.000000 0.000000 0.000000 1.000000
0.334407 0.883790 -0.327241 11.508900 -0.003549 -0.346048 -0.938210 -1.876900 -0.942422 0.314905 -0.112585 -1.651500 0.000000 0.000000 0.000000 1.000000
0.359074 0.817723 -0.449884 11.508900 -0.057284 -0.461813 -0.885126 -1.876900 -0.931550 0.343597 -0.118982 -1.651500 0.000000 0.000000 0.000000 1.000000
0.316357 0.762829 -0.563924 11.508900 -0.068959 -0.574390 -0.815672 -1.876900 -0.946131 0.296931 -0.129108 -1.651500 0.000000 0.000000 0.000000 1.000000
0.263430 0.736098 -0.623510 11.508900 -0.050246 -0.634993 -0.770882 -1.876900 -0.963369 0.234402 -0.130291 -1.651500 0.000000 0.000000 0.000000 1.000000
0.263432 0.736098 -0.623509 11.508900 -0.050246 -0.634992 -0.770883 -1.876900 -0.963369 0.234404 -0.130291 -1.651500 0.000000 0.000000 0.000000 1.000000
0.263431 0.736098 -0.623509 11.508900 -0.050246 -0.634992 -0.770883 -1.876900 -0.963369 0.234403 -0.130291 -1.651500 0.000000 0.000000 0.000000 1.000000
0.263431 0.736098 -0.623510 11.508900 -0.050245 -0.634992 -0.770883 -1.876900 -0.963369 0.234403 -0.130291 -1.651500 0.000000 0.000000 0.000000 1.000000
0.263432 0.736097 -0.623510 11.508900 -0.050246 -0.634993 -0.770883 -1.876900 -0.963369 0.234404 -0.130291 -1.651500 0.000000 0.000000 0.000000 1.000000
0.263431 0.736098 -0.623509 11.508900 -0.050246 -0.634992 -0.770883 -1.876900 -0.963369 0.234403 -0.130291 -1.651500 0.000000 0.000000 0.000000 1.000000
0.263431 0.736097 -0.623510 11.508900 -0.050246 -0.634993 -0.770882 -1.876900 -0.963369 0.234403 -0.130291 -1.651500 0.000000 0.000000 0.000000 1.000000
0.263432 0.736097 -0.623510 11.508900 -0.050246 -0.634993 -0.770882 -1.876900 -0.963369 0.234404 -0.130291 -1.651500 0.000000 0.000000 0.000000 1.000000</float_array><technique_common><accessor source="#mixamorig8_LeftShoulder-Matrix-animation-output-transform-array" count="21" stride="16"><param type="float4x4"/></accessor></technique_common></source><source id="mixamorig8_LeftShoulder-Interpolations"><Name_array id="mixamorig8_LeftShoulder-Interpolations-array" count="21">
 LINEAR LINEAR LINEAR LINEAR LINEAR LINEAR LINEAR LINEAR LINEAR LINEAR LINEAR
LINEAR LINEAR LINEAR LINEAR LINEAR LINEAR LINEAR LINEAR LINEAR LINEAR</Name_array><technique_common><accessor source="#mixamorig8_LeftShoulder-Interpolations-array" count="21"><param type="name"/></accessor></technique_common></source><sampler id="mixamorig8_LeftShoulder-Matrix-animation-transform"><input semantic="INPUT" source="#mixamorig8_LeftShoulder-Matrix-animation-input"/><input semantic="OUTPUT" source="#mixamorig8_LeftShoulder-Matrix-animation-output-transform"/><input semantic="INTERPOLATION" source="#mixamorig8_LeftShoulder-Interpolations"/></sampler><channel source="#mixamorig8_LeftShoulder-Matrix-animation-transform" target="mixamorig8_LeftShoulder/matrix"/></animation>
    <animation id="mixamorig8_LeftArm-anim" name="mixamorig8_LeftArm"><source id="mixamorig8_LeftArm-Matrix-animation-input"><float_array id="mixamorig8_LeftArm-Matrix-animation-input-array" count="21">

0.000000 0.033333 0.066667 0.100000 0.133333 0.166667 0.200000 0.233333 0.266667 0.300000 0.333333 0.366667 0.400000 0.433333 0.466667 0.500000
0.533333 0.566667 0.600000 0.633333 0.666667</float_array><technique_common><accessor source="#mixamorig8_LeftArm-Matrix-animation-input-array" count="21"><param name="TIME" type="float"/></accessor></technique_common></source><source id="mixamorig8_LeftArm-Matrix-animation-output-transform"><float_array id="mixamorig8_LeftArm-Matrix-animation-output-transform-array" count="336">

0.810082 -0.411598 -0.417558 4.290600 0.582961 0.641510 0.498619 5.318400 0.062637 -0.647342 0.759621 0.661600 0.000000 0.000000 0.000000 1.000000
0.809495 -0.516399 -0.279376 4.290600 0.547331 0.491517 0.677377 5.318400 -0.212479 -0.701244 0.680522 0.661600 0.000000 0.000000 0.000000 1.000000
0.544882 -0.763105 -0.347526 4.290600 0.698339 0.183570 0.691827 5.318400 -0.464142 -0.619655 0.632930 0.661600 0.000000 0.000000 0.000000 1.000000
0.410435 -0.901819 -0.135149 4.290600 0.698614 0.215716 0.682207 5.318400 -0.586073 -0.374419 0.718560 0.661600 0.000000 0.000000 0.000000 1.000000
0.306330 -0.950909 -0.043966 4.290600 0.652023 0.175946 0.737502 5.318400 -0.693562 -0.254586 0.673912 0.661600 0.000000 0.000000 0.000000 1.000000
0.317461 -0.942780 -0.101908 4.290600 0.553141 0.096818 0.827443 5.318400 -0.770230 -0.319050 0.552226 0.661600 0.000000 0.000000 0.000000 1.000000
0.441518 -0.853948 -0.275380 4.290600 0.480741 -0.033999 0.876203 5.318400 -0.757595 -0.519246 0.395517 0.661600 0.000000 0.000000 0.000000 1.000000
0.576653 -0.626227 -0.524702 4.290600 0.668744 -0.007124 0.743459 5.318400 -0.469312 -0.779609 0.414677 0.661600 0.000000 0.000000 0.000000 1.000000
0.640689 -0.455390 -0.618173 4.290600 0.739614 0.149901 0.656125 5.318400 -0.206128 -0.877582 0.432853 0.661600 0.000000 0.000000 0.000000 1.000000
0.665406 -0.379108 -0.643049 4.290600 0.746027 0.307644 0.590592 5.318400 -0.026068 -0.872715 0.487533 0.661600 0.000000 0.000000 0.000000 1.000000
0.470952 -0.355119 -0.807524 4.290600 0.882020 0.205810 0.423891 5.318400 0.015665 -0.911884 0.410149 0.661600 0.000000 0.000000 0.000000 1.000000
0.201671 -0.368678 -0.907417 4.290600 0.979047 0.049198 0.197601 5.318400 -0.028208 -0.928254 0.370875 0.661600 0.000000 0.000000 0.000000 1.000000
0.566316 -0.437005 -0.698793 4.290600 0.823281 0.260177 0.504496 5.318400 -0.038658 -0.861008 0.507121 0.661600 0.000000 0.000000 0.000000 1.000000
0.772728 -0.375962 -0.511414 4.290600 0.631825 0.378500 0.676414 5.318400 -0.060736 -0.845808 0.530019 0.661600 0.000000 0.000000 0.000000 1.000000
0.881542 -0.338176 -0.329426 4.290600 0.467128 0.523738 0.712383 5.318400 -0.068378 -0.781880 0.619668 0.661600 0.000000 0.000000 0.000000 1.000000
0.926248 -0.308188 -0.216991 4.290600 0.367551 0.611015 0.701118 5.318400 -0.083492 -0.729164 0.679226 0.661600 0.000000 0.000000 0.000000 1.000000
0.936328 -0.301498 -0.179971 4.290600 0.341197 0.660206 0.669114 5.318400 -0.082919 -0.687915 0.721039 0.661600 0.000000 0.000000 0.000000 1.000000
0.926475 -0.315554 -0.205110 4.290600 0.371678 0.681475 0.630434 5.318400 -0.059159 -0.660316 0.748654 0.661600 0.000000 0.000000 0.000000 1.000000
0.901022 -0.341386 -0.267610 4.290600 0.433436 0.684236 0.586476 5.318400 -0.017106 -0.644419 0.764481 0.661600 0.000000 0.000000 0.000000 1.000000
0.864446 -0.382546 -0.326177 4.290600 0.502722 0.655367 0.563706 5.318400 -0.001878 -0.651270 0.758843 0.661600 0.000000 0.000000 0.000000 1.000000
0.810089 -0.411598 -0.417543 4.290600 0.582953 0.641510 0.498630 5.318400 0.062623 -0.647342 0.759622 0.661600 0.000000 0.000000 0.000000 1.000000</float_array><technique_common><accessor source="#mixamorig8_LeftArm-Matrix-animation-output-transform-array" count="21" stride="16"><param type="float4x4"/></accessor></technique_common></source><source id="mixamorig8_LeftArm-Interpolations"><Name_array id="mixamorig8_LeftArm-Interpolations-array" count="21">
 LINEAR LINEAR LINEAR LINEAR LINEAR LINEAR LINEAR LINEAR LINEAR LINEAR LINEAR
LINEAR LINEAR LINEAR LINEAR LINEAR LINEAR LINEAR LINEAR LINEAR LINEAR</Name_array><technique_common><accessor source="#mixamorig8_LeftArm-Interpolations-array" count="21"><param type="name"/></accessor></technique_common></source><sampler id="mixamorig8_LeftArm-Matrix-animation-transform"><input semantic="INPUT" source="#mixamorig8_LeftArm-Matrix-animation-input"/><input semantic="OUTPUT" source="#mixamorig8_LeftArm-Matrix-animation-output-transform"/><input semantic="INTERPOLATION" source="#mixamorig8_LeftArm-Interpolations"/></sampler><channel source="#mixamorig8_LeftArm-Matrix-animation-transform" target="mixamorig8_LeftArm/matrix"/></animation>
    <animation id="mixamorig8_LeftForeArm-anim" name="mixamorig8_LeftForeArm"><source id="mixamorig8_LeftForeArm-Matrix-animation-input"><float_array id="mixamorig8_LeftForeArm-Matrix-animation-input-array" count="21">

0.000000 0.033333 0.066667 0.100000 0.133333 0.166667 0.200000 0.233333 0.266667 0.300000 0.333333 0.366667 0.400000 0.433333 0.466667 0.500000
