<?xml version="1.0" encoding="utf-8"?>
<COLLADA xmlns="http://www.collada.org/2005/11/COLLADASchema" version="1.4.1">
  <asset><contributor><author>Mixamo</author><authoring_tool>COLLADA Mixamo exporter</authoring_tool><comments></comments></contributor><created>2020-04-22T17:18:31Z</created><modified>2020-04-22T17:18:31Z</modified><revision></revision><title></title><unit meter="0.010000"/><up_axis>Y_UP</up_axis></asset>
  <library_animations>
    <animation id="mixamorig8_Hips-anim" name="mixamorig8_Hips"><source id="mixamorig8_Hips-Matrix-animation-input"><float_array id="mixamorig8_Hips-Matrix-animation-input-array" count="90">

0.000000 0.033333 0.066667 0.100000 0.133333 0.166667 0.200000 0.233333 0.266667 0.300000 0.333333 0.366667 0.400000 0.433333 0.466667 0.500000
0.533333 0.566667 0.600000 0.633333 0.666667 0.700000 0.733333 0.766667 0.800000 0.833333 0.866667 0.900000 0.933333 0.966667 1.000000 1.033333
1.066667 1.100000 1.133333 1.166667 1.200000 1.233333 1.266667 1.300000 1.333333 1.366667 1.400000 1.433333 1.466667 1.500000 1.533333 1.566667
1.600000 1.633333 1.666667 1.700000 1.733333 1.766667 1.800000 1.833333 1.866667 1.900000 1.933333 1.966667 2.000000 2.033333 2.066667 2.100000
2.133333 2.166667 2.200000 2.233333 2.266667 2.300000 2.333333 2.366667 2.400000 2.433333 2.466667 2.500000 2.533333 2.566667 2.600000 2.633333
2.666667 2.700000 2.733333 2.766667 2.800000 2.833333 2.866667 2.900000 2.933333 2.966667</float_array><technique_common><accessor source="#mixamorig8_Hips-Matrix-animation-input-array" count="90"><param name="TIME" type="float"/></accessor></technique_common></source><source id="mixamorig8_Hips-Matrix-animation-output-transform"><float_array id="mixamorig8_Hips-Matrix-animation-output-transform-array" count="1440">

0.078155 -0.008454 -0.127281 -0.036190 0.009388 0.149247 -0.004149 12.696858 0.127216 -0.005820 0.078501 0.114932 0.000000 0.000000 0.000000 1.000000
0.073284 -0.011072 -0.129950 0.000607 0.012446 0.148973 -0.005674 12.670977 0.129826 -0.008031 0.073898 0.167862 0.000000 0.000000 0.000000 1.000000
0.062002 -0.014691 -0.135352 0.077706 0.015693 0.148506 -0.008930 12.616426 0.135239 -0.010498 0.063090 0.290495 0.000000 0.000000 0.000000 1.000000
0.049552 -0.018418 -0.139949 0.136489 0.018837 0.147857 -0.012789 12.564898 0.139893 -0.013386 0.051293 0.422401 0.000000 0.000000 0.000000 1.000000
0.036646 -0.022454 -0.143293 0.125493 0.021945 0.146953 -0.017416 12.528495 0.143372 -0.016754 0.039292 0.558711 0.000000 0.000000 0.000000 1.000000
0.021666 -0.025589 -0.145794 0.071021 0.024592 0.145922 -0.021957 12.471221 0.145966 -0.020787 0.025340 0.698118 0.000000 0.000000 0.000000 1.000000
0.005179 -0.028020 -0.146861 -0.020087 0.026686 0.144763 -0.026679 12.402370 0.147110 -0.025273 0.010010 0.867002 0.000000 0.000000 0.000000 1.000000
-0.012998 -0.029711 -0.146043 -0.139212 0.028614 0.143372 -0.031715 12.317217 0.146262 -0.030689 -0.006774 1.051915 0.000000 0.000000 0.000000 1.000000
-0.032049 -0.029368 -0.143145 -0.297605 0.029097 0.142330 -0.035716 12.220506 0.143200 -0.035493 -0.024780 1.238244 0.000000 0.000000 0.000000 1.000000
-0.049884 -0.027053 -0.138419 -0.494873 0.027393 0.142168 -0.037658 12.116940 0.138352 -0.037903 -0.042452 1.411815 0.000000 0.000000 0.000000 1.000000
-0.066193 -0.025619 -0.131690 -0.719425 0.024037 0.142206 -0.039747 12.016077 0.131988 -0.038746 -0.058805 1.566302 0.000000 0.000000 0.000000 1.000000
-0.082010 -0.025135 -0.122568 -0.958744 0.019824 0.142089 -0.042403 11.915496 0.123538 -0.039486 -0.074561 1.681826 0.000000 0.000000 0.000000 1.000000
-0.096864 -0.025708 -0.111070 -1.218443 0.014617 0.141744 -0.045555 11.818908 0.113065 -0.040348 -0.089266 1.740147 0.000000 0.000000 0.000000 1.000000
-0.109273 -0.026378 -0.098710 -1.465116 0.008913 0.141517 -0.047683 11.737955 0.101784 -0.040711 -0.101797 1.738767 0.000000 0.000000 0.000000 1.000000
-0.117739 -0.026761 -0.088326 -1.674649 0.003966 0.141574 -0.048180 11.681338 0.092206 -0.040261 -0.110713 1.674748 0.000000 0.000000 0.000000 1.000000
-0.122521 -0.026430 -0.081671 -1.849541 0.000617 0.142058 -0.046898 11.638838 0.085839 -0.038746 -0.116235 1.548759 0.000000 0.000000 0.000000 1.000000
-0.122301 -0.024770 -0.082516 -1.953366 -0.000745 0.143582 -0.041997 11.614793 0.086151 -0.033923 -0.117505 1.387826 0.000000 0.000000 0.000000 1.000000
-0.116726 -0.023649 -0.090531 -1.986680 -0.000579 0.144922 -0.037112 11.636214 0.093567 -0.028607 -0.113168 1.193108 0.000000 0.000000 0.000000 1.000000
-0.105434 -0.022362 -0.103749 -1.957386 -0.000272 0.146298 -0.031256 11.679928 0.106131 -0.021839 -0.103148 0.972039 0.000000 0.000000 0.000000 1.000000
-0.089719 -0.019403 -0.118128 -1.905836 -0.000292 0.147657 -0.024032 11.748043 0.119710 -0.014182 -0.088591 0.723500 0.000000 0.000000 0.000000 1.000000
-0.072741 -0.014579 -0.129909 -1.856282 -0.000371 0.148689 -0.016479 11.861895 0.130724 -0.007690 -0.072334 0.452676 0.000000 0.000000 0.000000 1.000000
-0.058120 -0.009133 -0.137546 -1.820196 -0.000726 0.149290 -0.009605 12.014128 0.137847 -0.003064 -0.058043 0.188218 0.000000 0.000000 0.000000 1.000000
-0.046289 -0.004720 -0.142180 -1.789300 -0.002220 0.149523 -0.004241 12.193234 0.142241 0.000798 -0.046335 -0.071222 0.000000 0.000000 0.000000 1.000000
-0.032580 -0.000063 -0.146009 -1.761768 -0.004391 0.149533 0.000915 12.440862 0.145943 0.004485 -0.032567 -0.298875 0.000000 0.000000 0.000000 1.000000
-0.016264 0.004972 -0.148630 -1.725763 -0.005837 0.149380 0.005636 12.728799 0.148599 0.006412 -0.016046 -0.482496 0.000000 0.000000 0.000000 1.000000
0.000026 0.011188 -0.149181 -1.689158 -0.007887 0.148974 0.011171 13.034187 0.149392 0.007863 0.000615 -0.634856 0.000000 0.000000 0.000000 1.000000
0.014854 0.016794 -0.147910 -1.640005 -0.009394 0.148454 0.015912 13.327168 0.148564 0.007708 0.015794 -0.748643 0.000000 0.000000 0.000000 1.000000
0.032173 0.019904 -0.144737 -1.555822 -0.010641 0.148131 0.018005 13.583662 0.145711 0.006423 0.033273 -0.840606 0.000000 0.000000 0.000000 1.000000
0.051663 0.021215 -0.138784 -1.444123 -0.012865 0.147975 0.017831 13.782824 0.139806 0.005777 0.052926 -0.924281 0.000000 0.000000 0.000000 1.000000
0.070968 0.020109 -0.130151 -1.300586 -0.014460 0.148142 0.015004 13.943865 0.130899 0.005462 0.072220 -1.003772 0.000000 0.000000 0.000000 1.000000
0.088719 0.017436 -0.119185 -1.157877 -0.014904 0.148476 0.010626 14.004870 0.119528 0.005572 0.089789 -1.085379 0.000000 0.000000 0.000000 1.000000
0.102143 0.012101 -0.108630 -1.062253 -0.015204 0.148808 0.002281 13.935257 0.108239 0.009483 0.102832 -1.183152 0.000000 0.000000 0.000000 1.000000
0.113941 0.007179 -0.096675 -1.010857 -0.015104 0.148682 -0.006760 13.731419 0.095757 0.014909 0.113967 -1.281911 0.000000 0.000000 0.000000 1.000000
0.126589 0.004872 -0.079572 -0.976174 -0.014706 0.148185 -0.014322 13.384561 0.078353 0.019941 0.125870 -1.391995 0.000000 0.000000 0.000000 1.000000
0.139125 0.004080 -0.054843 -0.906257 -0.012964 0.147417 -0.021919 12.801105 0.053445 0.025137 0.137448 -1.530859 0.000000 0.000000 0.000000 1.000000
0.146236 0.003067 -0.031396 -0.784992 -0.008992 0.146767 -0.027546 11.950941 0.030237 0.028814 0.143651 -1.619166 0.000000 0.000000 0.000000 1.000000
0.148939 0.001443 -0.013975 -0.651706 -0.004268 0.146424 -0.030364 11.066450 0.013385 0.030628 0.145818 -1.648994 0.000000 0.000000 0.000000 1.000000
0.149596 -0.000835 -0.000791 -0.517895 0.000650 0.146265 -0.031407 10.188509 0.000948 0.031403 0.146264 -1.647778 0.000000 0.000000 0.000000 1.000000
0.149303 -0.003595 0.008713 -0.395488 0.005345 0.146201 -0.031256 9.372888 -0.007763 0.031505 0.146039 -1.630427 0.000000 0.000000 0.000000 1.000000
0.148695 -0.006461 0.015111 -0.290980 0.009446 0.146162 -0.030456 8.669855 -0.013448 0.031226 0.145685 -1.604337 0.000000 0.000000 0.000000 1.000000
0.148119 -0.008991 0.018976 -0.210118 0.012651 0.146113 -0.029514 8.131345 -0.016760 0.030826 0.145427 -1.573802 0.000000 0.000000 0.000000 1.000000
0.147743 -0.010755 0.020895 -0.162497 0.014717 0.146044 -0.028892 7.810532 -0.018321 0.030589 0.145289 -1.545881 0.000000 0.000000 0.000000 1.000000
0.147685 -0.011242 0.021047 -0.147466 0.015247 0.145963 -0.029028 7.767220 -0.018354 0.030801 0.145240 -1.530074 0.000000 0.000000 0.000000 1.000000
0.147938 -0.011126 0.019253 -0.117430 0.014870 0.145803 -0.030008 7.910437 -0.016533 0.031588 0.145289 -1.524732 0.000000 0.000000 0.000000 1.000000
0.148129 -0.011365 0.017577 -0.112491 0.014881 0.145527 -0.031315 8.098792 -0.014719 0.032756 0.145226 -1.526378 0.000000 0.000000 0.000000 1.000000
0.148305 -0.011318 0.016056 -0.117693 0.014604 0.145303 -0.032465 8.342474 -0.013139 0.033751 0.145150 -1.530477 0.000000 0.000000 0.000000 1.000000
0.148529 -0.010866 0.014187 -0.124976 0.013803 0.145190 -0.033308 8.635281 -0.011350 0.034379 0.145153 -1.532681 0.000000 0.000000 0.000000 1.000000
0.148778 -0.010075 0.011987 -0.141515 0.012601 0.145017 -0.034519 8.969440 -0.009295 0.035339 0.145069 -1.534111 0.000000 0.000000 0.000000 1.000000
0.148951 -0.009013 0.010608 -0.161612 0.011280 0.144956 -0.035222 9.343608 -0.008156 0.035869 0.145007 -1.520869 0.000000 0.000000 0.000000 1.000000
0.149083 -0.008359 0.009193 -0.181769 0.010302 0.145037 -0.035188 9.755989 -0.006946 0.035700 0.145112 -1.494812 0.000000 0.000000 0.000000 1.000000
0.149208 -0.007846 0.007457 -0.196592 0.009357 0.145301 -0.034356 10.193526 -0.005441 0.034733 0.145410 -1.445153 0.000000 0.000000 0.000000 1.000000
0.149314 -0.007551 0.005345 -0.183884 0.008597 0.145174 -0.035081 10.643902 -0.003416 0.035321 0.145330 -1.377710 0.000000 0.000000 0.000000 1.000000
0.149405 -0.007479 0.001498 -0.150527 0.007624 0.145527 -0.033823 11.134338 0.000233 0.033855 0.145719 -1.286293 0.000000 0.000000 0.000000 1.000000
0.149349 -0.007163 -0.004881 -0.102179 0.005949 0.145976 -0.032184 11.635857 0.006303 0.031936 0.146015 -1.165390 0.000000 0.000000 0.000000 1.000000
0.148730 -0.007275 -0.014374 -0.018203 0.004384 0.146717 -0.028899 12.146964 0.015502 0.028310 0.146077 -1.016247 0.000000 0.000000 0.000000 1.000000
0.146804 -0.007590 -0.027769 0.079941 0.002765 0.147357 -0.025660 12.623075 0.028655 0.024667 0.144743 -0.869842 0.000000 0.000000 0.000000 1.000000
0.142961 -0.008073 -0.043325 0.176805 0.001486 0.147868 -0.022652 12.969273 0.044045 0.021216 0.141386 -0.707360 0.000000 0.000000 0.000000 1.000000
0.136713 -0.008816 -0.060099 0.269044 0.000867 0.148284 -0.019780 13.244409 0.060736 0.017728 0.135562 -0.527672 0.000000 0.000000 0.000000 1.000000
0.127673 -0.009106 -0.077439 0.356902 0.000499 0.148669 -0.016661 13.484199 0.077971 0.013961 0.126909 -0.324628 0.000000 0.000000 0.000000 1.000000
0.116332 -0.008619 -0.093662 0.419152 0.000001 0.148971 -0.013706 13.658836 0.094058 0.010657 0.115843 -0.113451 0.000000 0.000000 0.000000 1.000000
0.102782 -0.007921 -0.108412 0.454840 0.000254 0.149219 -0.010662 13.765937 0.108701 0.007141 0.102534 0.095579 0.000000 0.000000 0.000000 1.000000
0.087442 -0.007317 -0.121163 0.435963 0.002059 0.149396 -0.007536 13.820354 0.121366 0.002737 0.087424 0.302071 0.000000 0.000000 0.000000 1.000000
0.072629 -0.005727 -0.130661 0.357265 0.005294 0.149463 -0.003608 13.835308 0.130680 -0.002872 0.072765 0.498363 0.000000 0.000000 0.000000 1.000000
0.060564 -0.002786 -0.136764 0.243404 0.008122 0.149378 0.000554 13.803408 0.136551 -0.007649 0.060626 0.657108 0.000000 0.000000 0.000000 1.000000
0.052108 -0.000828 -0.140229 0.132050 0.010767 0.149179 0.003120 13.754071 0.139818 -0.011179 0.052021 0.764171 0.000000 0.000000 0.000000 1.000000
0.045256 -0.000507 -0.142590 0.032550 0.013425 0.148950 0.003732 13.695539 0.141957 -0.013925 0.045105 0.828409 0.000000 0.000000 0.000000 1.000000
0.038803 0.000310 -0.144480 -0.041593 0.014899 0.148794 0.004320 13.614840 0.143710 -0.015509 0.038563 0.847841 0.000000 0.000000 0.000000 1.000000
0.034017 0.002028 -0.145667 -0.085605 0.015117 0.148729 0.005601 13.520212 0.144895 -0.015994 0.033614 0.830893 0.000000 0.000000 0.000000 1.000000
0.032986 0.002863 -0.145890 -0.112309 0.014512 0.148765 0.006200 13.429342 0.145195 -0.015520 0.032524 0.786719 0.000000 0.000000 0.000000 1.000000
0.035692 0.001784 -0.145269 -0.113860 0.013893 0.148861 0.005241 13.339212 0.144614 -0.014741 0.035350 0.723011 0.000000 0.000000 0.000000 1.000000
0.040862 0.000593 -0.143910 -0.101081 0.013219 0.148951 0.004367 13.258845 0.143303 -0.013909 0.040632 0.655526 0.000000 0.000000 0.000000 1.000000
0.047182 -0.000362 -0.141964 -0.094689 0.012790 0.149002 0.003871 13.185146 0.141388 -0.013358 0.047025 0.586900 0.000000 0.000000 0.000000 1.000000
0.052598 -0.001278 -0.140043 -0.083206 0.012718 0.149019 0.003417 13.125815 0.139470 -0.013107 0.052503 0.515009 0.000000 0.000000 0.000000 1.000000
0.055604 -0.001789 -0.138871 -0.069615 0.012913 0.149006 0.003251 13.073004 0.138281 -0.013195 0.055538 0.459871 0.000000 0.000000 0.000000 1.000000
0.058178 -0.002070 -0.137809 -0.059897 0.012802 0.149018 0.003166 13.026994 0.137228 -0.013024 0.058129 0.419044 0.000000 0.000000 0.000000 1.000000
0.061346 -0.002375 -0.136423 -0.048879 0.012431 0.149053 0.002995 12.989486 0.135876 -0.012564 0.061319 0.387181 0.000000 0.000000 0.000000 1.000000
0.063892 -0.003164 -0.135233 -0.033688 0.012256 0.149079 0.002302 12.954499 0.134714 -0.012062 0.063929 0.360411 0.000000 0.000000 0.000000 1.000000
0.065582 -0.003632 -0.134410 -0.017330 0.011983 0.149108 0.001818 12.919157 0.133924 -0.011563 0.065657 0.337651 0.000000 0.000000 0.000000 1.000000
0.066768 -0.004168 -0.133809 0.000175 0.011773 0.149131 0.001229 12.881026 0.133355 -0.011079 0.066887 0.319892 0.000000 0.000000 0.000000 1.000000
0.067796 -0.004943 -0.133264 0.014034 0.011550 0.149153 0.000344 12.845639 0.132855 -0.010445 0.067975 0.301097 0.000000 0.000000 0.000000 1.000000
0.068584 -0.005609 -0.132834 0.025780 0.011087 0.149187 -0.000575 12.812286 0.132490 -0.009581 0.068810 0.282537 0.000000 0.000000 0.000000 1.000000
0.069180 -0.006196 -0.132499 0.034925 0.010552 0.149220 -0.001469 12.780129 0.132223 -0.008667 0.069441 0.266060 0.000000 0.000000 0.000000 1.000000
0.069947 -0.006789 -0.132066 0.038969 0.010029 0.149245 -0.002360 12.752439 0.131860 -0.007750 0.070236 0.250277 0.000000 0.000000 0.000000 1.000000
0.070999 -0.007290 -0.131477 0.036740 0.009843 0.149247 -0.002960 12.734496 0.131311 -0.007246 0.071310 0.235392 0.000000 0.000000 0.000000 1.000000
0.072420 -0.007660 -0.130678 0.025280 0.009732 0.149245 -0.003355 12.722064 0.130540 -0.006877 0.072747 0.212559 0.000000 0.000000 0.000000 1.000000
0.074000 -0.007947 -0.129773 0.010203 0.009609 0.149246 -0.003660 12.712945 0.129661 -0.006524 0.074335 0.186648 0.000000 0.000000 0.000000 1.000000
0.075546 -0.008167 -0.128865 -0.006072 0.009507 0.149247 -0.003885 12.706135 0.128773 -0.006227 0.075887 0.160618 0.000000 0.000000 0.000000 1.000000
0.076875 -0.008323 -0.128067 -0.020960 0.009434 0.149248 -0.004037 12.701747 0.127990 -0.006002 0.077219 0.137726 0.000000 0.000000 0.000000 1.000000
0.077804 -0.008419 -0.127498 -0.031864 0.009395 0.149248 -0.004122 12.698791 0.127430 -0.005864 0.078150 0.121308 0.000000 0.000000 0.000000 1.000000
0.078155 -0.008455 -0.127281 -0.036190 0.009388 0.149247 -0.004149 12.696858 0.127216 -0.005820 0.078501 0.114931 0.000000 0.000000 0.000000 1.000000</float_array><technique_common><accessor source="#mixamorig8_Hips-Matrix-animation-output-transform-array" count="90" stride="16"><param type="float4x4"/></accessor></technique_common></source><source id="mixamorig8_Hips-Interpolations"><Name_array id="mixamorig8_Hips-Interpolations-array" count="90">
 LINEAR LINEAR LINEAR LINEAR LINEAR LINEAR LINEAR LINEAR LINEAR LINEAR LINEAR
LINEAR LINEAR LINEAR LINEAR LINEAR LINEAR LINEAR LINEAR LINEAR LINEAR LINEAR LINEAR
LINEAR LINEAR LINEAR LINEAR LINEAR LINEAR LINEAR LINEAR LINEAR LINEAR LINEAR LINEAR
LINEAR LINEAR LINEAR LINEAR LINEAR LINEAR LINEAR LINEAR LINEAR LINEAR LINEAR LINEAR
LINEAR LINEAR LINEAR LINEAR LINEAR LINEAR LINEAR LINEAR LINEAR LINEAR LINEAR LINEAR
LINEAR LINEAR LINEAR LINEAR LINEAR LINEAR LINEAR LINEAR LINEAR LINEAR LINEAR LINEAR
LINEAR LINEAR LINEAR LINEAR LINEAR LINEAR LINEAR LINEAR LINEAR LINEAR LINEAR LINEAR
LINEAR LINEAR LINEAR LINEAR LINEAR LINEAR LINEAR</Name_array><technique_common><accessor source="#mixamorig8_Hips-Interpolations-array" count="90"><param type="name"/></accessor></technique_common></source><sampler id="mixamorig8_Hips-Matrix-animation-transform"><input semantic="INPUT" source="#mixamorig8_Hips-Matrix-animation-input"/><input semantic="OUTPUT" source="#mixamorig8_Hips-Matrix-animation-output-transform"/><input semantic="INTERPOLATION" source="#mixamorig8_Hips-Interpolations"/></sampler><channel source="#mixamorig8_Hips-Matrix-animation-transform" target="mixamorig8_Hips/matrix"/></animation>
    <animation id="mixamorig8_Spine-anim" name="mixamorig8_Spine"><source id="mixamorig8_Spine-Matrix-animation-input"><float_array id="mixamorig8_Spine-Matrix-animation-input-array" count="90">

0.000000 0.033333 0.066667 0.100000 0.133333 0.166667 0.200000 0.233333 0.266667 0.300000 0.333333 0.366667 0.400000 0.433333 0.466667 0.500000
0.533333 0.566667 0.600000 0.633333 0.666667 0.700000 0.733333 0.766667 0.800000 0.833333 0.866667 0.900000 0.933333 0.966667 1.000000 1.033333
1.066667 1.100000 1.133333 1.166667 1.200000 1.233333 1.266667 1.300000 1.333333 1.366667 1.400000 1.433333 1.466667 1.500000 1.533333 1.566667
1.600000 1.633333 1.666667 1.700000 1.733333 1.766667 1.800000 1.833333 1.866667 1.900000 1.933333 1.966667 2.000000 2.033333 2.066667 2.100000
2.133333 2.166667 2.200000 2.233333 2.266667 2.300000 2.333333 2.366667 2.400000 2.433333 2.466667 2.500000 2.533333 2.566667 2.600000 2.633333
2.666667 2.700000 2.733333 2.766667 2.800000 2.833333 2.866667 2.900000 2.933333 2.966667</float_array><technique_common><accessor source="#mixamorig8_Spine-Matrix-animation-input-array" count="90"><param name="TIME" type="float"/></accessor></technique_common></source><source id="mixamorig8_Spine-Matrix-animation-output-transform"><float_array id="mixamorig8_Spine-Matrix-animation-output-transform-array" count="1440">

0.999115 0.041252 0.008268 0.000000 -0.040297 0.994777 -0.093779 10.422600 -0.012094 0.093363 0.995559 -1.061300 0.000000 0.000000 0.000000 1.000000
0.999277 0.035401 0.013892 0.000000 -0.033940 0.994981 -0.094128 10.422600 -0.017154 0.093588 0.995463 -1.061300 0.000000 0.000000 0.000000 1.000000
0.999398 0.023027 0.025965 -0.000000 -0.020493 0.995364 -0.093968 10.422600 -0.028009 0.093380 0.995237 -1.061300 0.000000 0.000000 0.000000 1.000000
0.999233 0.010615 0.037686 0.000000 -0.007112 0.995745 -0.091881 10.422600 -0.038501 0.091542 0.995057 -1.061300 0.000000 0.000000 0.000000 1.000000
0.998905 0.001118 0.046761 0.000000 0.002903 0.996304 -0.085848 10.422600 -0.046684 0.085890 0.995210 -1.061300 0.000000 0.000000 0.000000 1.000000
0.998509 -0.004763 0.054385 0.000000 0.009149 0.996697 -0.080688 10.422600 -0.053821 0.081065 0.995255 -1.061300 0.000000 0.000000 0.000000 1.000000
0.998109 -0.010811 0.060517 0.000000 0.015413 0.996980 -0.076108 10.422600 -0.059512 0.076897 0.995261 -1.061300 0.000000 0.000000 0.000000 1.000000
0.997705 -0.014713 0.066099 0.000000 0.019483 0.997206 -0.072112 10.422600 -0.064854 0.073234 0.995204 -1.061300 0.000000 0.000000 0.000000 1.000000
0.997412 -0.017964 0.069613 0.000000 0.022840 0.997292 -0.069905 10.422600 -0.068169 0.071314 0.995122 -1.061300 0.000000 0.000000 0.000000 1.000000
0.997357 -0.024393 0.068443 0.000000 0.029366 0.996927 -0.072622 10.422600 -0.066461 0.074440 0.995008 -1.061300 0.000000 0.000000 0.000000 1.000000
0.997671 -0.032599 0.059920 0.000000 0.037006 0.996573 -0.073984 10.422600 -0.057303 0.076030 0.995458 -1.061300 0.000000 0.000000 0.000000 1.000000
0.998279 -0.037088 0.045428 0.000000 0.040397 0.996422 -0.074240 10.422600 -0.042512 0.075947 0.996205 -1.061300 0.000000 0.000000 0.000000 1.000000
0.998769 -0.039605 0.029865 0.000000 0.041659 0.996561 -0.071632 10.422600 -0.026925 0.072788 0.996984 -1.061300 0.000000 0.000000 0.000000 1.000000
0.998998 -0.041640 0.016401 0.000000 0.042672 0.996731 -0.068601 10.422600 -0.013491 0.069232 0.997509 -1.061300 0.000000 0.000000 0.000000 1.000000
0.999048 -0.043468 0.003632 0.000000 0.043613 0.996867 -0.065983 10.422600 -0.000752 0.066079 0.997814 -1.061300 0.000000 0.000000 0.000000 1.000000
0.999007 -0.043642 -0.008985 0.000000 0.042992 0.997087 -0.062995 10.422600 0.011708 0.062546 0.997973 -1.061300 0.000000 0.000000 0.000000 1.000000
0.998859 -0.041674 -0.023340 0.000000 0.040181 0.997319 -0.061153 10.422600 0.025826 0.060145 0.997855 -1.061300 0.000000 0.000000 0.000000 1.000000
0.998473 -0.039066 -0.039067 0.000000 0.036714 0.997569 -0.059225 10.422600 0.041285 0.057700 0.997480 -1.061300 0.000000 0.000000 0.000000 1.000000
0.997812 -0.036358 -0.055220 0.000000 0.033204 0.997822 -0.057000 10.422600 0.057173 0.055042 0.996846 -1.061300 0.000000 0.000000 0.000000 1.000000
0.996911 -0.033650 -0.070971 0.000000 0.029825 0.998080 -0.054279 10.422600 0.072661 0.051994 0.996001 -1.061300 0.000000 0.000000 0.000000 1.000000
0.995866 -0.030561 -0.085537 0.000000 0.026278 0.998365 -0.050755 10.422600 0.086948 0.048298 0.995041 -1.061300 0.000000 0.000000 0.000000 1.000000
0.994810 -0.027219 -0.098038 -0.000000 0.022748 0.998662 -0.046436 10.422600 0.099171 0.043965 0.994099 -1.061300 0.000000 0.000000 0.000000 1.000000
0.994159 -0.023797 -0.105269 0.000000 0.019539 0.998956 -0.041296 10.422600 0.106141 0.038998 0.993586 -1.061300 0.000000 0.000000 0.000000 1.000000
0.993887 -0.022363 -0.108114 -0.000000 0.018517 0.999164 -0.036454 10.422600 0.108839 0.034229 0.993470 -1.061300 0.000000 0.000000 0.000000 1.000000
0.993603 -0.020082 -0.111134 0.000000 0.016809 0.999399 -0.030309 10.422600 0.111676 0.028247 0.993343 -1.061300 0.000000 0.000000 0.000000 1.000000
0.993774 -0.018408 -0.109887 -0.000000 0.015618 0.999535 -0.026191 10.422600 0.110318 0.024312 0.993599 -1.061300 0.000000 0.000000 0.000000 1.000000
0.994526 -0.016119 -0.103242 0.000000 0.013976 0.999672 -0.021448 10.422600 0.103554 0.019888 0.994425 -1.061300 0.000000 0.000000 0.000000 1.000000
0.995532 -0.017579 -0.092771 0.000000 0.016071 0.999727 -0.016981 10.422600 0.093044 0.015414 0.995543 -1.061300 0.000000 0.000000 0.000000 1.000000
0.996541 -0.024056 -0.079545 0.000000 0.022735 0.999589 -0.017469 10.422600 0.079932 0.015601 0.996678 -1.061300 0.000000 0.000000 0.000000 1.000000
0.997401 -0.028167 -0.066312 0.000000 0.026884 0.999435 -0.020157 10.422600 0.066843 0.018322 0.997595 -1.061300 0.000000 0.000000 0.000000 1.000000
0.998086 -0.029126 -0.054559 0.000000 0.027730 0.999273 -0.026165 10.422600 0.055282 0.024602 0.998168 -1.061300 0.000000 0.000000 0.000000 1.000000
0.998770 -0.027166 -0.041476 0.000000 0.026163 0.999356 -0.024541 10.422600 0.042116 0.023426 0.998838 -1.061300 0.000000 0.000000 0.000000 1.000000
0.999326 -0.019738 -0.030952 0.000000 0.019118 0.999613 -0.020191 10.422600 0.031339 0.019586 0.999317 -1.061300 0.000000 0.000000 0.000000 1.000000
0.999632 -0.013907 -0.023287 0.000000 0.013372 0.999647 -0.022949 10.422600 0.023598 0.022629 0.999465 -1.061300 0.000000 0.000000 0.000000 1.000000
0.999773 -0.009317 -0.019137 0.000000 0.008594 0.999259 -0.037516 10.422600 0.019472 0.037343 0.999113 -1.061300 0.000000 0.000000 0.000000 1.000000
0.999830 -0.008023 -0.016591 0.000000 0.006927 0.997854 -0.065108 10.422600 0.017077 0.064982 0.997740 -1.061300 0.000000 0.000000 0.000000 1.000000
0.999865 -0.007776 -0.014443 0.000000 0.006322 0.995154 -0.098123 10.422600 0.015137 0.098019 0.995069 -1.061300 0.000000 0.000000 0.000000 1.000000
0.999886 -0.007097 -0.013364 0.000000 0.005245 0.990991 -0.133824 10.422600 0.014193 0.133739 0.990915 -1.061300 0.000000 0.000000 0.000000 1.000000
0.999891 -0.005695 -0.013640 0.000000 0.003301 0.985535 -0.169438 10.422600 0.014408 0.169375 0.985446 -1.061300 0.000000 0.000000 0.000000 1.000000
0.999885 -0.003714 -0.014737 0.000000 0.000661 0.979390 -0.201976 10.422600 0.015183 0.201943 0.979280 -1.061300 0.000000 0.000000 0.000000 1.000000
0.999875 -0.001203 -0.015755 0.000000 -0.002425 0.973601 -0.228245 10.422600 0.015614 0.228255 0.973476 -1.061300 0.000000 0.000000 0.000000 1.000000
0.999870 0.001766 -0.016023 0.000000 -0.005642 0.969451 -0.245222 10.422600 0.015100 0.245280 0.969335 -1.061300 0.000000 0.000000 0.000000 1.000000
0.999868 0.004248 -0.015706 -0.000000 -0.008043 0.968151 -0.250238 10.422600 0.014143 0.250331 0.968057 -1.061300 0.000000 0.000000 0.000000 1.000000
0.999858 0.007088 -0.015258 0.000000 -0.010639 0.968938 -0.247076 10.422600 0.013033 0.247203 0.968876 -1.061300 0.000000 0.000000 0.000000 1.000000
0.999828 0.012098 -0.014023 0.000000 -0.015125 0.970341 -0.241267 10.422600 0.010688 0.241438 0.970357 -1.061300 0.000000 0.000000 0.000000 1.000000
0.999783 0.016299 -0.012984 -0.000000 -0.018888 0.971987 -0.234276 10.422600 0.008802 0.234470 0.972084 -1.061300 0.000000 0.000000 0.000000 1.000000
0.999753 0.019625 -0.010441 -0.000000 -0.021479 0.973847 -0.226187 10.422600 0.005729 0.226355 0.974028 -1.061300 0.000000 0.000000 0.000000 1.000000
0.999721 0.022614 -0.006765 -0.000000 -0.023539 0.976357 -0.214880 10.422600 0.001746 0.214980 0.976617 -1.061300 0.000000 0.000000 0.000000 1.000000
0.999697 0.024338 -0.003763 0.000000 -0.024596 0.978981 -0.202462 10.422600 -0.001244 0.202493 0.979283 -1.061300 0.000000 0.000000 0.000000 1.000000
0.999637 0.026945 -0.000649 0.000000 -0.026581 0.981584 -0.189171 10.422600 -0.004460 0.189120 0.981944 -1.061300 0.000000 0.000000 0.000000 1.000000
0.999561 0.029561 0.002098 0.000000 -0.028735 0.984065 -0.175470 10.422600 -0.007252 0.175333 0.984482 -1.061300 0.000000 0.000000 0.000000 1.000000
0.999525 0.030529 0.004315 -0.000000 -0.029495 0.987535 -0.154614 10.422600 -0.008981 0.154413 0.987966 -1.061300 0.000000 0.000000 0.000000 1.000000
0.999474 0.031715 0.006801 0.000000 -0.030478 0.990010 -0.137666 10.422600 -0.011099 0.137386 0.990455 -1.061300 0.000000 0.000000 0.000000 1.000000
0.999462 0.031145 0.010257 0.000000 -0.029683 0.992255 -0.120622 10.422600 -0.013935 0.120253 0.992645 -1.061300 0.000000 0.000000 0.000000 1.000000
0.999449 0.030474 0.013147 0.000000 -0.028858 0.993594 -0.109264 10.422600 -0.016392 0.108824 0.993926 -1.061300 0.000000 0.000000 0.000000 1.000000
0.999402 0.029955 0.017290 0.000000 -0.028098 0.994679 -0.099114 10.422600 -0.020167 0.098569 0.994926 -1.061300 0.000000 0.000000 0.000000 1.000000
0.999385 0.029436 0.019080 0.000000 -0.027624 0.995637 -0.089125 10.422600 -0.021621 0.088544 0.995838 -1.061300 0.000000 0.000000 0.000000 1.000000
0.999387 0.027834 0.021229 0.000000 -0.026046 0.996432 -0.080283 10.422600 -0.023388 0.079681 0.996546 -1.061300 0.000000 0.000000 0.000000 1.000000
0.999429 0.024514 0.023275 0.000000 -0.022753 0.997062 -0.073140 10.422600 -0.025000 0.072569 0.997050 -1.061300 0.000000 0.000000 0.000000 1.000000
0.999534 0.018886 0.023990 0.000000 -0.017268 0.997672 -0.065969 10.422600 -0.025180 0.065524 0.997533 -1.061300 0.000000 0.000000 0.000000 1.000000
0.999620 0.013820 0.023831 -0.000000 -0.012361 0.998102 -0.060335 10.422600 -0.024620 0.060018 0.997894 -1.061300 0.000000 0.000000 0.000000 1.000000
0.999636 0.012171 0.024093 0.000000 -0.010843 0.998457 -0.054470 10.422600 -0.024719 0.054189 0.998225 -1.061300 0.000000 0.000000 0.000000 1.000000
0.999651 0.012323 0.023367 0.000000 -0.011127 0.998654 -0.050655 10.422600 -0.023960 0.050377 0.998443 -1.061300 0.000000 0.000000 0.000000 1.000000
0.999727 0.010713 0.020754 0.000000 -0.009668 0.998713 -0.049788 10.422600 -0.021261 0.049574 0.998544 -1.061300 0.000000 0.000000 0.000000 1.000000
0.999810 0.009364 0.017119 0.000000 -0.008535 0.998818 -0.047853 10.422600 -0.017546 0.047698 0.998708 -1.061300 0.000000 0.000000 0.000000 1.000000
0.999825 0.010831 0.015253 0.000000 -0.010157 0.998998 -0.043596 10.422600 -0.015710 0.043434 0.998933 -1.061300 0.000000 0.000000 0.000000 1.000000
0.999802 0.012300 0.015630 0.000000 -0.011623 0.999019 -0.042720 10.422600 -0.016140 0.042530 0.998965 -1.061300 0.000000 0.000000 0.000000 1.000000
0.999788 0.013272 0.015735 0.000000 -0.012517 0.998809 -0.047155 10.422600 -0.016342 0.046948 0.998764 -1.061300 0.000000 0.000000 0.000000 1.000000
0.999797 0.014014 0.014451 0.000000 -0.013266 0.998629 -0.050633 10.422600 -0.015141 0.050431 0.998613 -1.061300 0.000000 0.000000 0.000000 1.000000
0.999820 0.015375 0.011155 0.000000 -0.014797 0.998632 -0.050161 10.422600 -0.011911 0.049987 0.998679 -1.061300 0.000000 0.000000 0.000000 1.000000
0.999849 0.016506 0.005509 0.000000 -0.016203 0.998563 -0.051089 10.422600 -0.006345 0.050992 0.998679 -1.061300 0.000000 0.000000 0.000000 1.000000
0.999849 0.017353 0.000003 -0.000000 -0.017328 0.998438 -0.053115 10.422600 -0.000925 0.053107 0.998588 -1.061300 0.000000 0.000000 0.000000 1.000000
0.999808 0.019296 -0.003413 0.000000 -0.019456 0.998253 -0.055792 10.422600 0.002331 0.055847 0.998437 -1.061300 0.000000 0.000000 0.000000 1.000000
0.999745 0.022159 -0.004417 -0.000000 -0.022381 0.998006 -0.059011 10.422600 0.003101 0.059094 0.998248 -1.061300 0.000000 0.000000 0.000000 1.000000
0.999692 0.024020 -0.006265 0.000000 -0.024366 0.997741 -0.062609 10.422600 0.004747 0.062742 0.998018 -1.061300 0.000000 0.000000 0.000000 1.000000
0.999657 0.024905 -0.008073 0.000000 -0.025387 0.997469 -0.066414 10.422600 0.006399 0.066596 0.997759 -1.061300 0.000000 0.000000 0.000000 1.000000
0.999623 0.026251 -0.008070 0.000000 -0.026747 0.997251 -0.069097 10.422600 0.006234 0.069287 0.997577 -1.061300 0.000000 0.000000 0.000000 1.000000
0.999586 0.027941 -0.006908 0.000000 -0.028369 0.996972 -0.072407 10.422600 0.004864 0.072573 0.997351 -1.061300 0.000000 0.000000 0.000000 1.000000
0.999536 0.029943 -0.005605 0.000000 -0.030281 0.996688 -0.075470 10.422600 0.003326 0.075605 0.997132 -1.061300 0.000000 0.000000 0.000000 1.000000
0.999474 0.032106 -0.004679 0.000000 -0.032373 0.996428 -0.077999 10.422600 0.002158 0.078110 0.996942 -1.061300 0.000000 0.000000 0.000000 1.000000
0.999440 0.033310 -0.003067 0.000000 -0.033449 0.996198 -0.080438 10.422600 0.000376 0.080496 0.996755 -1.061300 0.000000 0.000000 0.000000 1.000000
0.999413 0.034244 -0.001046 0.000000 -0.034213 0.995977 -0.082816 10.422600 -0.001795 0.082803 0.996564 -1.061300 0.000000 0.000000 0.000000 1.000000
0.999392 0.034844 0.001054 -0.000000 -0.034630 0.995814 -0.084588 10.422600 -0.003997 0.084500 0.996415 -1.061300 0.000000 0.000000 0.000000 1.000000
0.999352 0.035868 0.002986 -0.000000 -0.035476 0.995631 -0.086369 10.422600 -0.006071 0.086208 0.996259 -1.061300 0.000000 0.000000 0.000000 1.000000
0.999297 0.037219 0.004486 -0.000000 -0.036679 0.995426 -0.088214 10.422600 -0.007749 0.087987 0.996091 -1.061300 0.000000 0.000000 0.000000 1.000000
0.999247 0.038369 0.005785 0.000000 -0.037694 0.995232 -0.089958 10.422600 -0.009209 0.089672 0.995929 -1.061300 0.000000 0.000000 0.000000 1.000000
0.999199 0.039424 0.006848 0.000000 -0.038633 0.995056 -0.091492 10.422600 -0.010421 0.091154 0.995782 -1.061300 0.000000 0.000000 0.000000 1.000000
0.999158 0.040318 0.007633 0.000000 -0.039439 0.994912 -0.092705 10.422600 -0.011332 0.092326 0.995664 -1.061300 0.000000 0.000000 0.000000 1.000000
0.999127 0.040970 0.008115 -0.000000 -0.040034 0.994814 -0.093498 10.422600 -0.011904 0.093092 0.995586 -1.061300 0.000000 0.000000 0.000000 1.000000
0.999115 0.041252 0.008268 0.000000 -0.040297 0.994777 -0.093779 10.422600 -0.012094 0.093363 0.995559 -1.061300 0.000000 0.000000 0.000000 1.000000</float_array><technique_common><accessor source="#mixamorig8_Spine-Matrix-animation-output-transform-array" count="90" stride="16"><param type="float4x4"/></accessor></technique_common></source><source id="mixamorig8_Spine-Interpolations"><Name_array id="mixamorig8_Spine-Interpolations-array" count="90">
 LINEAR LINEAR LINEAR LINEAR LINEAR LINEAR LINEAR LINEAR LINEAR LINEAR LINEAR
LINEAR LINEAR LINEAR LINEAR LINEAR LINEAR LINEAR LINEAR LINEAR LINEAR LINEAR LINEAR
LINEAR LINEAR LINEAR LINEAR LINEAR LINEAR LINEAR LINEAR LINEAR LINEAR LINEAR LINEAR
LINEAR LINEAR LINEAR LINEAR LINEAR LINEAR LINEAR LINEAR LINEAR LINEAR LINEAR LINEAR
LINEAR LINEAR LINEAR LINEAR LINEAR LINEAR LINEAR LINEAR LINEAR LINEAR LINEAR LINEAR
LINEAR LINEAR LINEAR LINEAR LINEAR LINEAR LINEAR LINEAR LINEAR LINEAR LINEAR LINEAR
LINEAR LINEAR LINEAR LINEAR LINEAR LINEAR LINEAR LINEAR LINEAR LINEAR LINEAR LINEAR
LINEAR LINEAR LINEAR LINEAR LINEAR LINEAR LINEAR</Name_array><technique_common><accessor source="#mixamorig8_Spine-Interpolations-array" count="90"><param type="name"/></accessor></technique_common></source><sampler id="mixamorig8_Spine-Matrix-animation-transform"><input semantic="INPUT" source="#mixamorig8_Spine-Matrix-animation-input"/><input semantic="OUTPUT" source="#mixamorig8_Spine-Matrix-animation-output-transform"/><input semantic="INTERPOLATION" source="#mixamorig8_Spine-Interpolations"/></sampler><channel source="#mixamorig8_Spine-Matrix-animation-transform" target="mixamorig8_Spine/matrix"/></animation>
    <animation id="mixamorig8_Spine1-anim" name="mixamorig8_Spine1"><source id="mixamorig8_Spine1-Matrix-animation-input"><float_array id="mixamorig8_Spine1-Matrix-animation-input-array" count="90">

0.000000 0.033333 0.066667 0.100000 0.133333 0.166667 0.200000 0.233333 0.266667 0.300000 0.333333 0.366667 0.400000 0.433333 0.466667 0.500000
0.533333 0.566667 0.600000 0.633333 0.666667 0.700000 0.733333 0.766667 0.800000 0.833333 0.866667 0.900000 0.933333 0.966667 1.000000 1.033333
1.066667 1.100000 1.133333 1.166667 1.200000 1.233333 1.266667 1.300000 1.333333 1.366667 1.400000 1.433333 1.466667 1.500000 1.533333 1.566667
1.600000 1.633333 1.666667 1.700000 1.733333 1.766667 1.800000 1.833333 1.866667 1.900000 1.933333 1.966667 2.000000 2.033333 2.066667 2.100000
2.133333 2.166667 2.200000 2.233333 2.266667 2.300000 2.333333 2.366667 2.400000 2.433333 2.466667 2.500000 2.533333 2.566667 2.600000 2.633333
2.666667 2.700000 2.733333 2.766667 2.800000 2.833333 2.866667 2.900000 2.933333 2.966667</float_array><technique_common><accessor source="#mixamorig8_Spine1-Matrix-animation-input-array" count="90"><param name="TIME" type="float"/></accessor></technique_common></source><source id="mixamorig8_Spine1-Matrix-animation-output-transform"><float_array id="mixamorig8_Spine1-Matrix-animation-output-transform-array" count="1440">

0.995240 0.096899 0.010353 0.000000 -0.094333 0.984606 -0.147146 12.222600 -0.024452 0.145469 0.989061 -0.000000 0.000000 0.000000 0.000000 1.000000
0.996072 0.085817 0.021832 -0.000000 -0.081668 0.985591 -0.148125 12.222600 -0.034229 0.145760 0.988728 0.000000 0.000000 0.000000 0.000000 1.000000
0.997027 0.061166 0.046858 0.000000 -0.053619 0.987509 -0.148158 12.222600 -0.055335 0.145205 0.987853 -0.000000 0.000000 0.000000 0.000000 1.000000
0.996799 0.036042 0.071369 -0.000000 -0.025462 0.989256 -0.143961 12.222600 -0.075791 0.141683 0.987006 0.000000 0.000000 0.000000 0.000000 1.000000
0.995766 0.016389 0.090457 0.000000 -0.004353 0.991283 -0.131680 12.222600 -0.091827 0.130729 0.987156 0.000000 0.000000 0.000000 0.000000 1.000000
0.994300 0.003548 0.106563 -0.000000 0.009434 0.992598 -0.121081 12.222600 -0.106204 0.121396 0.986906 0.000000 0.000000 0.000000 0.000000 1.000000
0.992785 -0.008992 0.119569 -0.000000 0.022436 0.993503 -0.111574 12.222600 -0.117789 0.113452 0.986537 0.000000 0.000000 0.000000 0.000000 1.000000
0.991203 -0.016678 0.131293 -0.000000 0.030416 0.994181 -0.103343 12.222600 -0.128806 0.106427 0.985942 0.000000 0.000000 0.000000 0.000000 1.000000
0.990009 -0.023079 0.139104 0.000000 0.037049 0.994428 -0.098691 12.222600 -0.136051 0.102858 0.985348 0.000000 0.000000 0.000000 0.000000 1.000000
0.989762 -0.035995 0.138116 0.000000 0.050584 0.993330 -0.103616 12.222600 -0.133465 0.109541 0.984981 0.000000 0.000000 0.000000 0.000000 1.000000
0.991042 -0.052951 0.122603 0.000000 0.066116 0.992173 -0.105934 12.222600 -0.116034 0.113091 0.986786 0.000000 0.000000 0.000000 0.000000 1.000000
0.993460 -0.063303 0.095029 -0.000000 0.073376 0.991596 -0.106550 12.222600 -0.087486 0.112826 0.989756 0.000000 0.000000 0.000000 0.000000 1.000000
0.995442 -0.069834 0.064948 0.000000 0.076220 0.991891 -0.101696 12.222600 -0.057320 0.106183 0.992693 0.000000 0.000000 0.000000 0.000000 1.000000
0.996391 -0.075481 0.038833 0.000000 0.078908 0.992248 -0.096003 12.222600 -0.031286 0.098721 0.994623 0.000000 0.000000 0.000000 0.000000 1.000000
0.996609 -0.081082 0.014038 -0.000000 0.082028 0.992452 -0.091160 12.222600 -0.006541 0.092002 0.995737 0.000000 0.000000 0.000000 0.000000 1.000000
0.996467 -0.083280 -0.010863 0.000000 0.082051 0.992941 -0.085655 12.222600 0.017919 0.084461 0.996266 0.000000 0.000000 0.000000 0.000000 1.000000
0.995933 -0.080918 -0.039610 0.000000 0.077445 0.993578 -0.082496 12.222600 0.046031 0.079093 0.995804 0.000000 0.000000 0.000000 0.000000 1.000000
0.994484 -0.076655 -0.071596 0.000000 0.070946 0.994336 -0.079141 12.222600 0.077257 0.073625 0.994289 -0.000000 0.000000 0.000000 0.000000 1.000000
0.991952 -0.071108 -0.104766 0.000000 0.063412 0.995162 -0.075044 12.222600 0.109595 0.067797 0.991661 0.000000 0.000000 0.000000 0.000000 1.000000
0.988453 -0.064385 -0.137168 0.000000 0.055205 0.996038 -0.069713 12.222600 0.141113 0.061336 0.988092 0.000000 0.000000 0.000000 0.000000 1.000000
0.984355 -0.056559 -0.166870 -0.000000 0.046679 0.996950 -0.062550 12.222600 0.169899 0.053782 0.983993 -0.000000 0.000000 0.000000 0.000000 1.000000
0.980231 -0.048064 -0.191931 0.000000 0.038431 0.997822 -0.053606 12.222600 0.194090 0.045170 0.979943 0.000000 0.000000 0.000000 0.000000 1.000000
0.977585 -0.038907 -0.206913 0.000000 0.030680 0.998611 -0.042825 12.222600 0.208292 0.035517 0.977422 -0.000000 0.000000 0.000000 0.000000 1.000000
0.976390 -0.035320 -0.213107 0.000000 0.028927 0.999035 -0.033044 12.222600 0.214069 0.026100 0.976470 0.000000 0.000000 0.000000 0.000000 1.000000
0.975136 -0.030959 -0.219434 0.000000 0.027058 0.999418 -0.020763 12.222600 0.219950 0.014310 0.975406 0.000000 0.000000 0.000000 0.000000 1.000000
0.975796 -0.027757 -0.216914 0.000000 0.025655 0.999593 -0.012501 12.222600 0.217173 0.006633 0.976111 0.000000 0.000000 0.000000 0.000000 1.000000
0.978754 -0.023212 -0.203719 0.000000 0.023110 0.999729 -0.002879 12.222600 0.203731 -0.001890 0.979025 0.000000 0.000000 0.000000 0.000000 1.000000
0.982741 -0.026203 -0.183123 0.000000 0.027747 0.999598 0.005872 12.222600 0.182895 -0.010852 0.983073 -0.000000 0.000000 0.000000 0.000000 1.000000
0.986742 -0.040080 -0.157271 0.000000 0.041286 0.999138 0.004406 12.222600 0.156959 -0.010840 0.987546 0.000000 0.000000 0.000000 0.000000 1.000000
0.990015 -0.050579 -0.131573 0.000000 0.050862 0.998705 -0.001209 12.222600 0.131464 -0.005496 0.991306 0.000000 0.000000 0.000000 0.000000 1.000000
0.992625 -0.054152 -0.108460 0.000000 0.053042 0.998506 -0.013095 12.222600 0.109007 0.007246 0.994015 -0.000000 0.000000 0.000000 0.000000 1.000000
0.995241 -0.051322 -0.082838 0.000000 0.050705 0.998668 -0.009534 12.222600 0.083217 0.005288 0.996517 0.000000 0.000000 0.000000 0.000000 1.000000
0.997400 -0.035994 -0.062429 0.000000 0.036042 0.999350 -0.000350 12.222600 0.062401 -0.001901 0.998049 0.000000 0.000000 0.000000 0.000000 1.000000
0.998548 -0.024706 -0.047867 -0.000000 0.024465 0.999685 -0.005619 12.222600 0.047990 0.004440 0.998838 0.000000 0.000000 0.000000 0.000000 1.000000
0.999054 -0.014928 -0.040847 0.000000 0.013518 0.999310 -0.034595 12.222600 0.041336 0.034010 0.998566 -0.000000 0.000000 0.000000 0.000000 1.000000
0.999222 -0.010761 -0.037948 0.000000 0.007322 0.995947 -0.089639 12.222600 0.038759 0.089291 0.995251 0.000000 0.000000 0.000000 0.000000 1.000000
0.999303 -0.008740 -0.036284 -0.000000 0.003001 0.987861 -0.155314 12.222600 0.037201 0.155097 0.987199 0.000000 0.000000 0.000000 0.000000 1.000000
