<?xml version="1.0" encoding="utf-8"?>
<COLLADA xmlns="http://www.collada.org/2005/11/COLLADASchema" version="1.4.1">
  <asset><contributor><author>Mixamo</author><authoring_tool>COLLADA Mixamo exporter</authoring_tool><comments></comments></contributor><created>2020-03-29T16:05:34Z</created><modified>2020-03-29T16:05:34Z</modified><revision></revision><title></title><unit meter="0.025400"/><up_axis>Y_UP</up_axis></asset>
  <library_animations>
    <animation id="mixamorig_Hips-anim" name="mixamorig_Hips"><source id="mixamorig_Hips-Matrix-animation-input"><float_array id="mixamorig_Hips-Matrix-animation-input-array" count="151">

0.000000 0.033333 0.066667 0.100000 0.133333 0.166667 0.200000 0.233333 0.266667 0.300000 0.333333 0.366667 0.400000 0.433333 0.466667 0.500000
0.533333 0.566667 0.600000 0.633333 0.666667 0.700000 0.733333 0.766667 0.800000 0.833333 0.866667 0.900000 0.933333 0.966667 1.000000 1.033333
1.066667 1.100000 1.133333 1.166667 1.200000 1.233333 1.266667 1.300000 1.333333 1.366667 1.400000 1.433333 1.466667 1.500000 1.533333 1.566667
1.600000 1.633333 1.666667 1.700000 1.733333 1.766667 1.800000 1.833333 1.866667 1.900000 1.933333 1.966667 2.000000 2.033333 2.066667 2.100000
2.133333 2.166667 2.200000 2.233333 2.266667 2.300000 2.333333 2.366667 2.400000 2.433333 2.466667 2.500000 2.533333 2.566667 2.600000 2.633333
2.666667 2.700000 2.733333 2.766667 2.800000 2.833333 2.866667 2.900000 2.933333 2.966667 3.000000 3.033333 3.066667 3.100000 3.133333 3.166667
3.200000 3.233333 3.266667 3.300000 3.333333 3.366667 3.400000 3.433333 3.466667 3.500000 3.533333 3.566667 3.600000 3.633333 3.666667 3.700000
3.733333 3.766667 3.800000 3.833333 3.866667 3.900000 3.933333 3.966667 4.000000 4.033333 4.066667 4.100000 4.133333 4.166667 4.200000 4.233333
4.266667 4.300000 4.333333 4.366667 4.400000 4.433333 4.466667 4.500000 4.533333 4.566667 4.600000 4.633333 4.666667 4.700000 4.733333 4.766667
4.800000 4.833333 4.866667 4.900000 4.933333 4.966667 5.000000</float_array><technique_common><accessor source="#mixamorig_Hips-Matrix-animation-input-array" count="151"><param name="TIME" type="float"/></accessor></technique_common></source><source id="mixamorig_Hips-Matrix-animation-output-transform"><float_array id="mixamorig_Hips-Matrix-animation-output-transform-array" count="2416">

-0.034103 0.040391 -0.998602 0.488560 -0.020838 0.998937 0.041116 58.275742 0.999201 0.022211 -0.033225 -0.057825 0.000000 0.000000 0.000000 1.000000
-0.035165 0.040568 -0.998558 0.488146 -0.020902 0.998927 0.041319 58.272621 0.999163 0.022325 -0.034280 -0.068764 0.000000 0.000000 0.000000 1.000000
-0.035594 0.041053 -0.998523 0.490360 -0.021495 0.998893 0.041835 58.269810 0.999135 0.022953 -0.034672 -0.084607 0.000000 0.000000 0.000000 1.000000
-0.035712 0.042292 -0.998467 0.498599 -0.021893 0.998831 0.043091 58.267426 0.999122 0.023398 -0.034744 -0.092402 0.000000 0.000000 0.000000 1.000000
-0.035344 0.044648 -0.998377 0.528198 -0.022050 0.998724 0.045444 58.263435 0.999132 0.023620 -0.034315 -0.090316 0.000000 0.000000 0.000000 1.000000
-0.033987 0.048088 -0.998265 0.603350 -0.023031 0.998539 0.048886 58.251030 0.999157 0.024652 -0.032829 -0.082471 0.000000 0.000000 0.000000 1.000000
-0.031799 0.051920 -0.998145 0.730904 -0.025795 0.998275 0.052749 58.223610 0.999161 0.027425 -0.030405 -0.074637 0.000000 0.000000 0.000000 1.000000
-0.030613 0.055163 -0.998008 0.887970 -0.029190 0.998001 0.056058 58.179047 0.999105 0.030848 -0.028941 -0.060175 0.000000 0.000000 0.000000 1.000000
-0.033101 0.057566 -0.997793 1.042188 -0.030953 0.997802 0.058593 58.123718 0.998973 0.032824 -0.031247 -0.018024 0.000000 0.000000 0.000000 1.000000
-0.040282 0.060167 -0.997375 1.175880 -0.030164 0.997657 0.061403 58.044312 0.998733 0.032559 -0.038372 0.058237 0.000000 0.000000 0.000000 1.000000
-0.050586 0.064515 -0.996634 1.281431 -0.027582 0.997441 0.065967 57.932919 0.998339 0.030826 -0.048677 0.149329 0.000000 0.000000 0.000000 1.000000
-0.062138 0.071260 -0.995520 1.354281 -0.024099 0.997050 0.072874 57.792244 0.997777 0.028519 -0.060238 0.229955 0.000000 0.000000 0.000000 1.000000
-0.073744 0.079750 -0.994083 1.388157 -0.019938 0.996480 0.081421 57.621895 0.997078 0.025824 -0.071894 0.282232 0.000000 0.000000 0.000000 1.000000
-0.083537 0.089174 -0.992507 1.383841 -0.014986 0.995763 0.090728 57.418739 0.996392 0.022452 -0.081847 0.299850 0.000000 0.000000 0.000000 1.000000
-0.089438 0.099580 -0.991002 1.345819 -0.009378 0.994861 0.100814 57.175362 0.995948 0.018311 -0.088044 0.282484 0.000000 0.000000 0.000000 1.000000
-0.091182 0.110962 -0.989633 1.278440 -0.004112 0.993722 0.111800 56.897129 0.995826 0.014264 -0.090153 0.235513 0.000000 0.000000 0.000000 1.000000
-0.090712 0.121922 -0.988386 1.186829 -0.000386 0.992473 0.122462 56.596436 0.995877 0.011490 -0.089982 0.167036 0.000000 0.000000 0.000000 1.000000
-0.090902 0.131067 -0.987197 1.080423 0.001724 0.991321 0.131456 56.267944 0.995858 0.010248 -0.090339 0.089177 0.000000 0.000000 0.000000 1.000000
-0.093741 0.139759 -0.985738 0.979561 0.002619 0.990129 0.140133 55.877838 0.995593 0.010555 -0.093182 0.008752 0.000000 0.000000 0.000000 1.000000
-0.098867 0.151570 -0.983490 0.910482 0.002464 0.988366 0.152074 55.376255 0.995098 0.012612 -0.098090 -0.067745 0.000000 0.000000 0.000000 1.000000
-0.103681 0.168162 -0.980292 0.889446 0.001930 0.985636 0.168875 54.767860 0.994609 0.015617 -0.102516 -0.123551 0.000000 0.000000 0.000000 1.000000
-0.104871 0.186091 -0.976920 0.900121 0.001455 0.982364 0.186972 54.170074 0.994485 0.018187 -0.103292 -0.162711 0.000000 0.000000 0.000000 1.000000
-0.099848 0.198976 -0.974905 0.895155 0.000236 0.979806 0.199952 53.761253 0.995003 0.019734 -0.097878 -0.212477 0.000000 0.000000 0.000000 1.000000
-0.086987 0.203747 -0.975151 0.837525 -0.003123 0.978801 0.204788 53.608810 0.996205 0.020859 -0.084507 -0.296126 0.000000 0.000000 0.000000 1.000000
-0.065813 0.202287 -0.977112 0.727595 -0.008666 0.979083 0.203278 53.653450 0.997794 0.021846 -0.062683 -0.401999 0.000000 0.000000 0.000000 1.000000
-0.037951 0.195582 -0.979953 0.579790 -0.014022 0.980458 0.196226 53.905220 0.999181 0.021188 -0.034467 -0.500148 0.000000 0.000000 0.000000 1.000000
-0.007721 0.180961 -0.983460 0.397032 -0.016541 0.983332 0.181067 54.482616 0.999833 0.017665 -0.004599 -0.567472 0.000000 0.000000 0.000000 1.000000
0.018989 0.156869 -0.987437 0.188672 -0.015507 0.987542 0.156588 55.412582 0.999699 0.012339 0.021185 -0.624196 0.000000 0.000000 0.000000 1.000000
0.037606 0.127816 -0.991085 -0.004362 -0.012206 0.991771 0.127441 56.492645 0.999218 0.007305 0.038857 -0.699754 0.000000 0.000000 0.000000 1.000000
0.047472 0.103228 -0.993524 -0.106339 -0.008452 0.994652 0.102941 57.409550 0.998837 0.003510 0.048090 -0.756252 0.000000 0.000000 0.000000 1.000000
0.051866 0.089891 -0.994600 -0.073335 -0.004181 0.995951 0.089795 57.981071 0.998645 -0.000498 0.052032 -0.801637 0.000000 0.000000 0.000000 1.000000
0.056892 0.086434 -0.994632 0.058651 0.001295 0.996238 0.086648 58.212906 0.998379 -0.006217 0.056566 -0.852239 0.000000 0.000000 0.000000 1.000000
0.069752 0.088008 -0.993675 0.224458 0.006318 0.996042 0.088662 58.218086 0.997544 -0.012462 0.068920 -0.920481 0.000000 0.000000 0.000000 1.000000
0.094342 0.092846 -0.991201 0.385291 0.007504 0.995547 0.093968 58.085327 0.995512 -0.016303 0.093225 -1.017557 0.000000 0.000000 0.000000 1.000000
0.126913 0.101096 -0.986749 0.528822 0.002013 0.994764 0.102176 57.917072 0.991912 -0.014954 0.126045 -1.089344 0.000000 0.000000 0.000000 1.000000
0.157960 0.111718 -0.981105 0.638607 -0.007986 0.993691 0.111866 57.753731 0.987413 -0.009836 0.157855 -1.112018 0.000000 0.000000 0.000000 1.000000
0.180388 0.122928 -0.975884 0.729202 -0.017953 0.992406 0.121691 57.651070 0.983432 -0.004432 0.181225 -1.101497 0.000000 0.000000 0.000000 1.000000
0.193060 0.132909 -0.972143 0.826419 -0.025709 0.991128 0.130399 57.570995 0.980850 -0.000182 0.194765 -1.070271 0.000000 0.000000 0.000000 1.000000
0.198442 0.140215 -0.970031 0.958995 -0.032442 0.990111 0.136481 57.466789 0.979576 0.004387 0.201028 -0.999499 0.000000 0.000000 0.000000 1.000000
0.201387 0.144383 -0.968812 1.133393 -0.040872 0.989454 0.138964 57.323936 0.978659 0.011611 0.205165 -0.855503 0.000000 0.000000 0.000000 1.000000
0.207494 0.146019 -0.967277 1.331405 -0.052210 0.989041 0.138104 57.164268 0.976842 0.021846 0.212843 -0.637135 0.000000 0.000000 0.000000 1.000000
0.219148 0.146643 -0.964609 1.526392 -0.065045 0.988637 0.135518 57.034866 0.973521 0.033044 0.226197 -0.375430 0.000000 0.000000 0.000000 1.000000
0.233827 0.147848 -0.960971 1.706220 -0.077127 0.988077 0.133251 56.971981 0.969214 0.042959 0.242442 -0.112094 0.000000 0.000000 0.000000 1.000000
0.247007 0.149948 -0.957342 1.880089 -0.087917 0.987348 0.131964 56.989105 0.965017 0.051571 0.257065 0.131982 0.000000 0.000000 0.000000 1.000000
0.256098 0.151536 -0.954699 2.064616 -0.097787 0.986631 0.130373 57.066307 0.961692 0.059969 0.267492 0.349349 0.000000 0.000000 0.000000 1.000000
0.261552 0.150967 -0.953310 2.276110 -0.106693 0.986161 0.126897 57.162655 0.959274 0.068521 0.274039 0.553799 0.000000 0.000000 0.000000 1.000000
0.266311 0.148049 -0.952449 2.503088 -0.114756 0.985976 0.121174 57.233528 0.957032 0.077030 0.279566 0.720110 0.000000 0.000000 0.000000 1.000000
0.274892 0.143357 -0.950728 2.742868 -0.122235 0.986009 0.113334 57.250652 0.953674 0.085057 0.288569 0.845404 0.000000 0.000000 0.000000 1.000000
0.290623 0.136379 -0.947069 3.005144 -0.128550 0.986382 0.102592 57.159740 0.948163 0.091930 0.304197 0.930444 0.000000 0.000000 0.000000 1.000000
0.311373 0.126790 -0.941792 3.293132 -0.132841 0.987136 0.088975 56.934044 0.940957 0.097404 0.324210 0.984064 0.000000 0.000000 0.000000 1.000000
0.329890 0.116486 -0.936805 3.593100 -0.135165 0.987961 0.075249 56.601086 0.934293 0.101799 0.341664 1.001078 0.000000 0.000000 0.000000 1.000000
0.340583 0.108035 -0.933987 3.887315 -0.137057 0.988470 0.064359 56.208881 0.930171 0.106090 0.351463 0.974194 0.000000 0.000000 0.000000 1.000000
0.342727 0.102502 -0.933826 4.180230 -0.140057 0.988496 0.057100 55.780197 0.928936 0.111219 0.353140 0.919888 0.000000 0.000000 0.000000 1.000000
0.335802 0.099722 -0.936639 4.467430 -0.143931 0.988135 0.053603 55.303047 0.930871 0.116811 0.346171 0.860902 0.000000 0.000000 0.000000 1.000000
0.318277 0.099553 -0.942756 4.732117 -0.147654 0.987540 0.054434 54.796471 0.936428 0.121877 0.329011 0.813027 0.000000 0.000000 0.000000 1.000000
0.291808 0.101720 -0.951053 4.945548 -0.150146 0.986873 0.059482 54.298462 0.944619 0.125439 0.303250 0.759508 0.000000 0.000000 0.000000 1.000000
0.261867 0.105622 -0.959307 5.092573 -0.151160 0.986214 0.067322 53.856659 0.953193 0.127379 0.274222 0.684652 0.000000 0.000000 0.000000 1.000000
0.233589 0.110751 -0.966007 5.177913 -0.150373 0.985654 0.076642 53.498100 0.960637 0.127359 0.246892 0.576741 0.000000 0.000000 0.000000 1.000000
0.207856 0.117426 -0.971086 5.204679 -0.147166 0.985222 0.087635 53.218575 0.967025 0.124696 0.222065 0.425862 0.000000 0.000000 0.000000 1.000000
0.181537 0.126468 -0.975218 5.176921 -0.141285 0.984762 0.101405 53.009029 0.973182 0.119375 0.196639 0.248372 0.000000 0.000000 0.000000 1.000000
0.151633 0.138084 -0.978744 5.096872 -0.132666 0.984078 0.118283 52.880585 0.979493 0.111911 0.167537 0.038584 0.000000 0.000000 0.000000 1.000000
0.118529 0.151472 -0.981329 4.980536 -0.121218 0.983112 0.137106 52.856762 0.985524 0.102703 0.134888 -0.179619 0.000000 0.000000 0.000000 1.000000
0.085480 0.165199 -0.982549 4.830719 -0.107311 0.981948 0.155762 52.931446 0.990544 0.092123 0.101664 -0.399039 0.000000 0.000000 0.000000 1.000000
0.056081 0.177358 -0.982547 4.649518 -0.092086 0.980820 0.171790 53.082302 0.994171 0.080845 0.071338 -0.620511 0.000000 0.000000 0.000000 1.000000
0.032717 0.185914 -0.982021 4.435941 -0.077192 0.980082 0.182975 53.285679 0.996479 0.069817 0.046416 -0.848516 0.000000 0.000000 0.000000 1.000000
0.016082 0.189731 -0.981704 4.192431 -0.064008 0.980013 0.188356 53.541759 0.997820 0.059808 0.027904 -1.069762 0.000000 0.000000 0.000000 1.000000
0.004780 0.188826 -0.981999 3.917951 -0.052355 0.980711 0.188323 53.864391 0.998617 0.050513 0.014573 -1.268951 0.000000 0.000000 0.000000 1.000000
-0.004625 0.183575 -0.982995 3.610612 -0.040712 0.982156 0.183610 54.271095 0.999160 0.040869 0.002931 -1.438845 0.000000 0.000000 0.000000 1.000000
-0.016113 0.174080 -0.984600 3.268317 -0.027976 0.984263 0.174479 54.771942 0.999479 0.030357 -0.010989 -1.563624 0.000000 0.000000 0.000000 1.000000
-0.031812 0.161059 -0.986432 2.894326 -0.014043 0.986762 0.161566 55.349964 0.999395 0.018992 -0.029129 -1.633653 0.000000 0.000000 0.000000 1.000000
-0.050180 0.146789 -0.987894 2.511159 0.000463 0.989144 0.146952 55.954758 0.998740 0.006916 -0.049703 -1.655396 0.000000 0.000000 0.000000 1.000000
-0.066336 0.133717 -0.988797 2.155471 0.014152 0.991006 0.133067 56.510242 0.997697 -0.005166 -0.067632 -1.635409 0.000000 0.000000 0.000000 1.000000
-0.076657 0.122458 -0.989509 1.853331 0.025709 0.992342 0.120817 56.944023 0.996726 -0.016178 -0.079218 -1.596250 0.000000 0.000000 0.000000 1.000000
-0.083663 0.112221 -0.990155 1.607830 0.034399 0.993372 0.109679 57.213486 0.995900 -0.024884 -0.086968 -1.560843 0.000000 0.000000 0.000000 1.000000
-0.094065 0.102875 -0.990237 1.416399 0.040256 0.994226 0.099466 57.330475 0.994752 -0.030507 -0.097663 -1.529407 0.000000 0.000000 0.000000 1.000000
-0.111640 0.095442 -0.989155 1.275734 0.043667 0.994887 0.091066 57.329842 0.992789 -0.033027 -0.115237 -1.501025 0.000000 0.000000 0.000000 1.000000
-0.134048 0.091009 -0.986787 1.179795 0.045068 0.995304 0.085672 57.244671 0.989950 -0.032988 -0.137520 -1.487802 0.000000 0.000000 0.000000 1.000000
-0.156596 0.089709 -0.983580 1.125498 0.045044 0.995479 0.083623 57.104717 0.986635 -0.031210 -0.159929 -1.495768 0.000000 0.000000 0.000000 1.000000
-0.176627 0.090423 -0.980115 1.106222 0.044368 0.995490 0.083846 56.927631 0.983277 -0.028676 -0.179843 -1.524168 0.000000 0.000000 0.000000 1.000000
-0.193109 0.091507 -0.976901 1.107664 0.043334 0.995465 0.084680 56.730774 0.980220 -0.025981 -0.196199 -1.563522 0.000000 0.000000 0.000000 1.000000
-0.205017 0.092021 -0.974423 1.104733 0.041949 0.995482 0.085184 56.549690 0.977859 -0.023412 -0.207951 -1.594867 0.000000 0.000000 0.000000 1.000000
-0.211939 0.092135 -0.972930 1.071581 0.040372 0.995522 0.085480 56.427509 0.976449 -0.021163 -0.214710 -1.610213 0.000000 0.000000 0.000000 1.000000
-0.214488 0.092243 -0.972361 0.994803 0.039138 0.995543 0.085809 56.401100 0.975942 -0.019652 -0.217142 -1.616278 0.000000 0.000000 0.000000 1.000000
-0.214040 0.091804 -0.972501 0.882302 0.038601 0.995591 0.085488 56.481819 0.976062 -0.019242 -0.216640 -1.609821 0.000000 0.000000 0.000000 1.000000
-0.213392 0.089846 -0.972827 0.743899 0.038602 0.995760 0.083497 56.641373 0.976204 -0.019735 -0.215956 -1.591482 0.000000 0.000000 0.000000 1.000000
-0.216218 0.086438 -0.972511 0.596114 0.038637 0.996051 0.079940 56.838814 0.975580 -0.020291 -0.218704 -1.558085 0.000000 0.000000 0.000000 1.000000
-0.223803 0.082717 -0.971118 0.462176 0.037858 0.996378 0.076144 57.031601 0.973899 -0.019723 -0.226124 -1.501622 0.000000 0.000000 0.000000 1.000000
-0.232829 0.079533 -0.969260 0.365627 0.035546 0.996680 0.073244 57.193153 0.971868 -0.017400 -0.234883 -1.424003 0.000000 0.000000 0.000000 1.000000
-0.238296 0.076843 -0.968148 0.313100 0.031870 0.996947 0.071285 57.313702 0.970669 -0.013868 -0.240018 -1.343320 0.000000 0.000000 0.000000 1.000000
-0.237871 0.074311 -0.968450 0.298952 0.027679 0.997183 0.069717 57.398441 0.970902 -0.010222 -0.239258 -1.265572 0.000000 0.000000 0.000000 1.000000
-0.232659 0.071666 -0.969914 0.313256 0.023719 0.997403 0.068008 57.459934 0.972269 -0.007182 -0.233754 -1.188086 0.000000 0.000000 0.000000 1.000000
-0.225891 0.068582 -0.971735 0.343640 0.020343 0.997633 0.065681 57.511589 0.973940 -0.004931 -0.226751 -1.105091 0.000000 0.000000 0.000000 1.000000
-0.221166 0.064933 -0.973072 0.379544 0.017632 0.997884 0.062581 57.559135 0.975077 -0.003317 -0.221843 -1.004358 0.000000 0.000000 0.000000 1.000000
-0.220169 0.061527 -0.973519 0.413914 0.016055 0.998102 0.059449 57.596893 0.975330 -0.002541 -0.220739 -0.889093 0.000000 0.000000 0.000000 1.000000
-0.221074 0.060064 -0.973406 0.446216 0.016475 0.998189 0.057851 57.616539 0.975118 -0.003248 -0.221663 -0.774840 0.000000 0.000000 0.000000 1.000000
-0.219602 0.061501 -0.973649 0.475261 0.018658 0.998093 0.058837 57.629623 0.975411 -0.005245 -0.220331 -0.674173 0.000000 0.000000 0.000000 1.000000
-0.213498 0.064148 -0.974835 0.483200 0.019765 0.997921 0.061339 57.650856 0.976743 -0.006172 -0.214323 -0.598464 0.000000 0.000000 0.000000 1.000000
-0.205545 0.065117 -0.976479 0.446668 0.017254 0.997870 0.062912 57.667713 0.978496 -0.003917 -0.206231 -0.553689 0.000000 0.000000 0.000000 1.000000
-0.199513 0.063883 -0.977811 0.382688 0.012483 0.997957 0.062653 57.683990 0.979816 0.000294 -0.199902 -0.518148 0.000000 0.000000 0.000000 1.000000
-0.195672 0.062493 -0.978676 0.322816 0.009161 0.998040 0.061898 57.677776 0.980627 0.003146 -0.195862 -0.492731 0.000000 0.000000 0.000000 1.000000
-0.192948 0.062230 -0.979234 0.264091 0.007210 0.998050 0.062005 57.630814 0.981182 0.004903 -0.193020 -0.516940 0.000000 0.000000 0.000000 1.000000
-0.191711 0.062172 -0.979480 0.201008 0.002801 0.998022 0.062801 57.601753 0.981447 0.009296 -0.191506 -0.569416 0.000000 0.000000 0.000000 1.000000
-0.194338 0.061700 -0.978992 0.132894 -0.004592 0.997952 0.063807 57.588997 0.980924 0.016896 -0.193657 -0.613696 0.000000 0.000000 0.000000 1.000000
-0.203391 0.061694 -0.977152 0.061669 -0.011758 0.997787 0.065444 57.570923 0.979027 0.024800 -0.202216 -0.633240 0.000000 0.000000 0.000000 1.000000
-0.217063 0.062599 -0.974148 -0.003228 -0.016033 0.997578 0.067678 57.555138 0.976026 0.030309 -0.215534 -0.607722 0.000000 0.000000 0.000000 1.000000
-0.229040 0.063691 -0.971331 -0.058643 -0.016893 0.997447 0.069386 57.540852 0.973270 0.032301 -0.227379 -0.549092 0.000000 0.000000 0.000000 1.000000
-0.235103 0.063969 -0.969863 -0.110007 -0.015944 0.997444 0.069653 57.540573 0.971840 0.031839 -0.233482 -0.480979 0.000000 0.000000 0.000000 1.000000
-0.235800 0.063220 -0.969743 -0.158988 -0.014767 0.997533 0.068622 57.568909 0.971689 0.030501 -0.234285 -0.397177 0.000000 0.000000 0.000000 1.000000
-0.233117 0.062587 -0.970433 -0.206238 -0.013533 0.997621 0.067592 57.598816 0.972355 0.028889 -0.231715 -0.306942 0.000000 0.000000 0.000000 1.000000
-0.229001 0.062869 -0.971394 -0.250158 -0.012038 0.997653 0.067407 57.612099 0.973352 0.027130 -0.227707 -0.220576 0.000000 0.000000 0.000000 1.000000
-0.225402 0.063605 -0.972187 -0.286310 -0.010308 0.997655 0.067661 57.611454 0.974211 0.025272 -0.224218 -0.133523 0.000000 0.000000 0.000000 1.000000
-0.222931 0.064707 -0.972684 -0.313419 -0.008653 0.997624 0.068350 57.595909 0.974796 0.023654 -0.221841 -0.056725 0.000000 0.000000 0.000000 1.000000
-0.220655 0.066471 -0.973084 -0.334790 -0.007478 0.997530 0.069837 57.574894 0.975323 0.022687 -0.219613 0.002025 0.000000 0.000000 0.000000 1.000000
-0.217194 0.068708 -0.973707 -0.352643 -0.006686 0.997392 0.071871 57.560452 0.976106 0.022121 -0.216168 0.053098 0.000000 0.000000 0.000000 1.000000
-0.211469 0.071331 -0.974778 -0.366041 -0.005980 0.997220 0.074271 57.545143 0.977366 0.021535 -0.210454 0.099624 0.000000 0.000000 0.000000 1.000000
-0.203327 0.074279 -0.976289 -0.374376 -0.005118 0.997024 0.076922 57.526909 0.979098 0.020637 -0.202342 0.142239 0.000000 0.000000 0.000000 1.000000
-0.192979 0.076803 -0.978192 -0.380626 -0.004379 0.996855 0.079132 57.513699 0.981193 0.019554 -0.192036 0.183287 0.000000 0.000000 0.000000 1.000000
-0.179982 0.078147 -0.980561 -0.395107 -0.004688 0.996760 0.080299 57.515625 0.983659 0.019050 -0.179032 0.212825 0.000000 0.000000 0.000000 1.000000
-0.163600 0.078368 -0.983409 -0.426642 -0.006204 0.996738 0.080463 57.548767 0.986507 0.019265 -0.162580 0.224783 0.000000 0.000000 0.000000 1.000000
-0.143764 0.078108 -0.986525 -0.470277 -0.007622 0.996763 0.080030 57.613663 0.989583 0.019025 -0.142703 0.230796 0.000000 0.000000 0.000000 1.000000
-0.121909 0.077754 -0.989491 -0.517528 -0.008217 0.996814 0.079342 57.682877 0.992507 0.017803 -0.120881 0.235122 0.000000 0.000000 0.000000 1.000000
-0.100825 0.077125 -0.991910 -0.562105 -0.008472 0.996888 0.078373 57.735847 0.994868 0.016306 -0.099857 0.235913 0.000000 0.000000 0.000000 1.000000
-0.083230 0.075965 -0.993631 -0.605463 -0.008837 0.996995 0.076962 57.760025 0.996491 0.015187 -0.082309 0.234175 0.000000 0.000000 0.000000 1.000000
-0.070333 0.074638 -0.994727 -0.646351 -0.009406 0.997103 0.075481 57.750031 0.997479 0.014665 -0.069427 0.225811 0.000000 0.000000 0.000000 1.000000
-0.062326 0.073343 -0.995357 -0.682521 -0.011019 0.997185 0.074168 57.722168 0.997995 0.015590 -0.061342 0.216524 0.000000 0.000000 0.000000 1.000000
-0.058255 0.073076 -0.995624 -0.712119 -0.012365 0.997188 0.073914 57.689907 0.998225 0.016617 -0.057188 0.204064 0.000000 0.000000 0.000000 1.000000
-0.055965 0.073751 -0.995705 -0.740901 -0.013854 0.997115 0.074634 57.671612 0.998337 0.017971 -0.054782 0.189827 0.000000 0.000000 0.000000 1.000000
-0.053287 0.075125 -0.995749 -0.765912 -0.015624 0.996981 0.076054 57.678738 0.998457 0.019610 -0.051952 0.171669 0.000000 0.000000 0.000000 1.000000
-0.049335 0.076931 -0.995815 -0.774561 -0.017263 0.996815 0.077863 57.709747 0.998633 0.021032 -0.047850 0.149453 0.000000 0.000000 0.000000 1.000000
-0.044959 0.078724 -0.995882 -0.757773 -0.018868 0.996645 0.079636 57.744865 0.998811 0.022371 -0.043323 0.118606 0.000000 0.000000 0.000000 1.000000
-0.042017 0.079879 -0.995919 -0.721372 -0.020927 0.996510 0.080809 57.769722 0.998898 0.024237 -0.040199 0.078751 0.000000 0.000000 0.000000 1.000000
-0.041943 0.080024 -0.995910 -0.673312 -0.023576 0.996430 0.081059 57.793819 0.998842 0.026879 -0.039907 0.047536 0.000000 0.000000 0.000000 1.000000
-0.044508 0.079516 -0.995839 -0.619196 -0.026262 0.996390 0.080733 57.813583 0.998664 0.029746 -0.042259 0.025956 0.000000 0.000000 0.000000 1.000000
-0.048073 0.079089 -0.995708 -0.560814 -0.028518 0.996345 0.080517 57.839710 0.998437 0.032266 -0.045642 0.011561 0.000000 0.000000 0.000000 1.000000
-0.051497 0.079166 -0.995530 -0.497122 -0.030636 0.996259 0.080809 57.870712 0.998203 0.034660 -0.048879 0.001407 0.000000 0.000000 0.000000 1.000000
-0.055149 0.079468 -0.995311 -0.424318 -0.032621 0.996152 0.081343 57.902626 0.997945 0.036954 -0.052345 0.000108 0.000000 0.000000 0.000000 1.000000
-0.059319 0.079217 -0.995091 -0.338104 -0.034161 0.996101 0.081334 57.931622 0.997654 0.038817 -0.056382 0.009793 0.000000 0.000000 0.000000 1.000000
-0.062926 0.077942 -0.994970 -0.242543 -0.035104 0.996156 0.080255 57.960678 0.997401 0.039977 -0.059948 0.027542 0.000000 0.000000 0.000000 1.000000
-0.064829 0.075506 -0.995036 -0.150813 -0.035365 0.996333 0.077909 57.991936 0.997270 0.040240 -0.061921 0.049653 0.000000 0.000000 0.000000 1.000000
-0.064694 0.071773 -0.995321 -0.074914 -0.035368 0.996619 0.074166 58.024521 0.997278 0.040000 -0.061936 0.067817 0.000000 0.000000 0.000000 1.000000
-0.062331 0.067032 -0.995802 -0.012641 -0.035999 0.996942 0.069362 58.057018 0.997406 0.040172 -0.059727 0.078280 0.000000 0.000000 0.000000 1.000000
-0.057698 0.062025 -0.996405 0.043919 -0.037247 0.997239 0.064234 58.079891 0.997639 0.040819 -0.055228 0.073772 0.000000 0.000000 0.000000 1.000000
-0.051510 0.057453 -0.997018 0.101707 -0.038020 0.997507 0.059445 58.098427 0.997948 0.040969 -0.049197 0.052949 0.000000 0.000000 0.000000 1.000000
-0.045272 0.053872 -0.997521 0.162142 -0.037411 0.997753 0.055582 58.119896 0.998274 0.039835 -0.043155 0.023041 0.000000 0.000000 0.000000 1.000000
-0.040430 0.051537 -0.997852 0.223580 -0.035585 0.997961 0.052984 58.140560 0.998548 0.037651 -0.038514 -0.009359 0.000000 0.000000 0.000000 1.000000
-0.037615 0.050117 -0.998035 0.284089 -0.033261 0.998125 0.051376 58.160416 0.998739 0.035128 -0.035877 -0.038999 0.000000 0.000000 0.000000 1.000000
-0.036524 0.048899 -0.998136 0.340431 -0.030831 0.998272 0.050033 58.180523 0.998857 0.032601 -0.034953 -0.059883 0.000000 0.000000 0.000000 1.000000
-0.036194 0.047262 -0.998227 0.389758 -0.028422 0.998428 0.048302 58.199966 0.998941 0.030120 -0.034794 -0.070457 0.000000 0.000000 0.000000 1.000000
-0.035736 0.045032 -0.998346 0.429184 -0.025868 0.998608 0.045970 58.219009 0.999026 0.027468 -0.034521 -0.074087 0.000000 0.000000 0.000000 1.000000
-0.034967 0.042554 -0.998482 0.459810 -0.023066 0.998793 0.043375 58.237129 0.999122 0.024548 -0.033943 -0.070942 0.000000 0.000000 0.000000 1.000000
-0.034103 0.040391 -0.998602 0.488563 -0.020838 0.998937 0.041116 58.275711 0.999201 0.022211 -0.033225 -0.057827 0.000000 0.000000 0.000000 1.000000</float_array><technique_common><accessor source="#mixamorig_Hips-Matrix-animation-output-transform-array" count="151" stride="16"><param type="float4x4"/></accessor></technique_common></source><source id="mixamorig_Hips-Interpolations"><Name_array id="mixamorig_Hips-Interpolations-array" count="151">
 LINEAR LINEAR LINEAR LINEAR LINEAR LINEAR LINEAR LINEAR LINEAR LINEAR LINEAR
LINEAR LINEAR LINEAR LINEAR LINEAR LINEAR LINEAR LINEAR LINEAR LINEAR LINEAR LINEAR
LINEAR LINEAR LINEAR LINEAR LINEAR LINEAR LINEAR LINEAR LINEAR LINEAR LINEAR LINEAR
LINEAR LINEAR LINEAR LINEAR LINEAR LINEAR LINEAR LINEAR LINEAR LINEAR LINEAR LINEAR
LINEAR LINEAR LINEAR LINEAR LINEAR LINEAR LINEAR LINEAR LINEAR LINEAR LINEAR LINEAR
LINEAR LINEAR LINEAR LINEAR LINEAR LINEAR LINEAR LINEAR LINEAR LINEAR LINEAR LINEAR
LINEAR LINEAR LINEAR LINEAR LINEAR LINEAR LINEAR LINEAR LINEAR LINEAR LINEAR LINEAR
LINEAR LINEAR LINEAR LINEAR LINEAR LINEAR LINEAR LINEAR LINEAR LINEAR LINEAR LINEAR
LINEAR LINEAR LINEAR LINEAR LINEAR LINEAR LINEAR LINEAR LINEAR LINEAR LINEAR LINEAR
LINEAR LINEAR LINEAR LINEAR LINEAR LINEAR LINEAR LINEAR LINEAR LINEAR LINEAR LINEAR
LINEAR LINEAR LINEAR LINEAR LINEAR LINEAR LINEAR LINEAR LINEAR LINEAR LINEAR LINEAR
LINEAR LINEAR LINEAR LINEAR LINEAR LINEAR LINEAR LINEAR LINEAR LINEAR LINEAR LINEAR
LINEAR LINEAR LINEAR LINEAR LINEAR LINEAR LINEAR LINEAR</Name_array><technique_common><accessor source="#mixamorig_Hips-Interpolations-array" count="151"><param type="name"/></accessor></technique_common></source><sampler id="mixamorig_Hips-Matrix-animation-transform"><input semantic="INPUT" source="#mixamorig_Hips-Matrix-animation-input"/><input semantic="OUTPUT" source="#mixamorig_Hips-Matrix-animation-output-transform"/><input semantic="INTERPOLATION" source="#mixamorig_Hips-Interpolations"/></sampler><channel source="#mixamorig_Hips-Matrix-animation-transform" target="mixamorig_Hips/matrix"/></animation>
    <animation id="mixamorig_Spine-anim" name="mixamorig_Spine"><source id="mixamorig_Spine-Matrix-animation-input"><float_array id="mixamorig_Spine-Matrix-animation-input-array" count="151">

0.000000 0.033333 0.066667 0.100000 0.133333 0.166667 0.200000 0.233333 0.266667 0.300000 0.333333 0.366667 0.400000 0.433333 0.466667 0.500000
0.533333 0.566667 0.600000 0.633333 0.666667 0.700000 0.733333 0.766667 0.800000 0.833333 0.866667 0.900000 0.933333 0.966667 1.000000 1.033333
1.066667 1.100000 1.133333 1.166667 1.200000 1.233333 1.266667 1.300000 1.333333 1.366667 1.400000 1.433333 1.466667 1.500000 1.533333 1.566667
1.600000 1.633333 1.666667 1.700000 1.733333 1.766667 1.800000 1.833333 1.866667 1.900000 1.933333 1.966667 2.000000 2.033333 2.066667 2.100000
2.133333 2.166667 2.200000 2.233333 2.266667 2.300000 2.333333 2.366667 2.400000 2.433333 2.466667 2.500000 2.533333 2.566667 2.600000 2.633333
2.666667 2.700000 2.733333 2.766667 2.800000 2.833333 2.866667 2.900000 2.933333 2.966667 3.000000 3.033333 3.066667 3.100000 3.133333 3.166667
3.200000 3.233333 3.266667 3.300000 3.333333 3.366667 3.400000 3.433333 3.466667 3.500000 3.533333 3.566667 3.600000 3.633333 3.666667 3.700000
3.733333 3.766667 3.800000 3.833333 3.866667 3.900000 3.933333 3.966667 4.000000 4.033333 4.066667 4.100000 4.133333 4.166667 4.200000 4.233333
4.266667 4.300000 4.333333 4.366667 4.400000 4.433333 4.466667 4.500000 4.533333 4.566667 4.600000 4.633333 4.666667 4.700000 4.733333 4.766667
4.800000 4.833333 4.866667 4.900000 4.933333 4.966667 5.000000</float_array><technique_common><accessor source="#mixamorig_Spine-Matrix-animation-input-array" count="151"><param name="TIME" type="float"/></accessor></technique_common></source><source id="mixamorig_Spine-Matrix-animation-output-transform"><float_array id="mixamorig_Spine-Matrix-animation-output-transform-array" count="2416">

0.998987 -0.044555 0.006289 0.000000 0.043417 0.991157 0.125391 10.622700 -0.011820 -0.124991 0.992088 -1.407400 0.000000 0.000000 0.000000 1.000000
0.999019 -0.043794 0.006500 0.000000 0.042630 0.991139 0.125799 10.622700 -0.011951 -0.125399 0.992034 -1.407400 0.000000 0.000000 0.000000 1.000000
0.999049 -0.043089 0.006666 -0.000000 0.041908 0.991152 0.125939 10.622700 -0.012034 -0.125540 0.992016 -1.407400 0.000000 0.000000 0.000000 1.000000
0.999085 -0.042220 0.006898 0.000000 0.041021 0.991230 0.125622 10.622700 -0.012141 -0.125224 0.992054 -1.407400 0.000000 0.000000 0.000000 1.000000
0.999138 -0.040922 0.006918 -0.000000 0.039747 0.991452 0.124269 10.622700 -0.011944 -0.123887 0.992224 -1.407400 0.000000 0.000000 0.000000 1.000000
0.999211 -0.039227 0.006172 0.000000 0.038188 0.991863 0.121447 10.622700 -0.010886 -0.121115 0.992579 -1.407400 0.000000 0.000000 0.000000 1.000000
0.999283 -0.037604 0.004468 -0.000000 0.036819 0.992383 0.117556 10.622700 -0.008854 -0.117307 0.993056 -1.407400 0.000000 0.000000 0.000000 1.000000
0.999342 -0.036195 0.002409 -0.000000 0.035688 0.992887 0.113586 10.622700 -0.006503 -0.113425 0.993525 -1.407400 0.000000 0.000000 0.000000 1.000000
0.999388 -0.034975 0.000817 0.000000 0.034672 0.993312 0.110130 10.622700 -0.004664 -0.110035 0.993917 -1.407400 0.000000 0.000000 0.000000 1.000000
0.999412 -0.034281 0.000054 0.000000 0.034079 0.993693 0.106830 10.622700 -0.003716 -0.106765 0.994277 -1.407400 0.000000 0.000000 0.000000 1.000000
0.999396 -0.034744 -0.000048 -0.000000 0.034564 0.994094 0.102870 10.622700 -0.003526 -0.102809 0.994695 -1.407400 0.000000 0.000000 0.000000 1.000000
0.999336 -0.036423 0.000164 0.000000 0.036231 0.994521 0.098059 10.622700 -0.003734 -0.097988 0.995181 -1.407400 0.000000 0.000000 0.000000 1.000000
0.999252 -0.038679 0.000402 -0.000000 0.038473 0.994910 0.093132 10.622700 -0.004003 -0.093047 0.995654 -1.407400 0.000000 0.000000 0.000000 1.000000
0.999174 -0.040634 0.000369 -0.000000 0.040441 0.995230 0.088782 10.622700 -0.003975 -0.088693 0.996051 -1.407400 0.000000 0.000000 0.000000 1.000000
0.999131 -0.041685 -0.000113 -0.000000 0.041544 0.995517 0.084975 10.622700 -0.003430 -0.084905 0.996383 -1.407400 0.000000 0.000000 0.000000 1.000000
0.999114 -0.042085 -0.000939 0.000000 0.042021 0.995777 0.081625 10.622700 -0.002500 -0.081592 0.996663 -1.407400 0.000000 0.000000 0.000000 1.000000
0.999092 -0.042582 -0.001702 -0.000000 0.042583 0.995936 0.079359 10.622700 -0.001685 -0.079359 0.996845 -1.407400 0.000000 0.000000 0.000000 1.000000
0.999059 -0.043343 -0.001861 0.000000 0.043355 0.995959 0.078650 10.622700 -0.001556 -0.078657 0.996901 -1.407400 0.000000 0.000000 0.000000 1.000000
0.999024 -0.044158 -0.001182 -0.000000 0.044115 0.995958 0.078239 10.622700 -0.002277 -0.078215 0.996934 -1.407400 0.000000 0.000000 0.000000 1.000000
0.998991 -0.044908 0.000038 -0.000000 0.044777 0.996134 0.075573 10.622700 -0.003432 -0.075495 0.997140 -1.407400 0.000000 0.000000 0.000000 1.000000
0.998980 -0.045132 0.001251 -0.000000 0.044936 0.996569 0.069500 10.622700 -0.004384 -0.069373 0.997581 -1.407400 0.000000 0.000000 0.000000 1.000000
0.999018 -0.044275 0.001845 -0.000000 0.044075 0.997096 0.062109 10.622700 -0.004589 -0.061967 0.998068 -1.407400 0.000000 0.000000 0.000000 1.000000
0.999119 -0.041939 0.001486 -0.000000 0.041787 0.997502 0.056950 10.622700 -0.003871 -0.056838 0.998376 -1.407400 0.000000 0.000000 0.000000 1.000000
0.999262 -0.038418 0.000095 0.000000 0.038353 0.997709 0.055727 10.622700 -0.002235 -0.055682 0.998446 -1.407400 0.000000 0.000000 0.000000 1.000000
0.999410 -0.034291 -0.002159 -0.000000 0.034358 0.997717 0.058141 10.622700 0.000161 -0.058181 0.998306 -1.407400 0.000000 0.000000 0.000000 1.000000
0.999569 -0.029027 -0.004282 0.000000 0.029242 0.997511 0.064168 10.622700 0.002409 -0.064266 0.997930 -1.407400 0.000000 0.000000 0.000000 1.000000
0.999742 -0.022215 -0.004797 0.000000 0.022509 0.996998 0.074079 10.622700 0.003137 -0.074168 0.997241 -1.407400 0.000000 0.000000 0.000000 1.000000
0.999885 -0.014971 -0.002571 -0.000000 0.015137 0.996144 0.086419 10.622700 0.001267 -0.086448 0.996256 -1.407400 0.000000 0.000000 0.000000 1.000000
0.999951 -0.009523 0.002656 0.000000 0.009218 0.995154 0.097893 10.622700 -0.003575 -0.097863 0.995193 -1.407400 0.000000 0.000000 0.000000 1.000000
0.999920 -0.007743 0.009991 0.000000 0.006644 0.994375 0.105706 10.622700 -0.010753 -0.105632 0.994347 -1.407400 0.000000 0.000000 0.000000 1.000000
0.999792 -0.009505 0.018044 0.000000 0.007478 0.993986 0.109247 10.622700 -0.018974 -0.109090 0.993851 -1.407400 0.000000 0.000000 0.000000 1.000000
0.999595 -0.012722 0.025438 0.000000 0.009881 0.994010 0.108841 10.622700 -0.026670 -0.108546 0.993734 -1.407400 0.000000 0.000000 0.000000 1.000000
0.999404 -0.015233 0.030984 0.000000 0.011910 0.994428 0.104746 10.622700 -0.032407 -0.104315 0.994016 -1.407400 0.000000 0.000000 0.000000 1.000000
0.999289 -0.015763 0.034261 -0.000000 0.012301 0.995011 0.099004 10.622700 -0.035651 -0.098512 0.994497 -1.407400 0.000000 0.000000 0.000000 1.000000
0.999264 -0.015131 0.035255 0.000000 0.011713 0.995390 0.095196 10.622700 -0.036533 -0.094713 0.994834 -1.407400 0.000000 0.000000 0.000000 1.000000
0.999316 -0.012896 0.034652 0.000000 0.009569 0.995476 0.094525 10.622700 -0.035714 -0.094129 0.994919 -1.407400 0.000000 0.000000 0.000000 1.000000
0.999399 -0.007972 0.033724 0.000000 0.004743 0.995488 0.094766 10.622700 -0.034327 -0.094549 0.994928 -1.407400 0.000000 0.000000 0.000000 1.000000
0.999423 -0.000443 0.033966 0.000000 -0.002721 0.995659 0.093040 10.622700 -0.033860 -0.093079 0.995083 -1.407400 0.000000 0.000000 0.000000 1.000000
0.999314 0.008249 0.036111 0.000000 -0.011407 0.996044 0.088127 10.622700 -0.035241 -0.088478 0.995455 -1.407400 0.000000 0.000000 0.000000 1.000000
0.999093 0.016144 0.039394 0.000000 -0.019288 0.996545 0.080787 10.622700 -0.037954 -0.081474 0.995953 -1.407400 0.000000 0.000000 0.000000 1.000000
0.998857 0.022195 0.042343 -0.000000 -0.025230 0.997046 0.072542 10.622700 -0.040608 -0.073527 0.996466 -1.407400 0.000000 0.000000 0.000000 1.000000
0.998664 0.026992 0.044071 0.000000 -0.029792 0.997495 0.064164 10.622700 -0.042229 -0.065391 0.996966 -1.407400 0.000000 0.000000 0.000000 1.000000
0.998498 0.031723 0.044673 0.000000 -0.034179 0.997884 0.055319 10.622700 -0.042824 -0.056763 0.997469 -1.407400 0.000000 0.000000 0.000000 1.000000
0.998348 0.036312 0.044534 0.000000 -0.038338 0.998227 0.045530 10.622700 -0.042802 -0.047163 0.997970 -1.407400 0.000000 0.000000 0.000000 1.000000
0.998215 0.040279 0.044090 0.000000 -0.041838 0.998511 0.035016 10.622700 -0.042614 -0.036798 0.998414 -1.407400 0.000000 0.000000 0.000000 1.000000
0.998068 0.043958 0.043917 0.000000 -0.045057 0.998687 0.024363 10.622700 -0.042788 -0.026295 0.998738 -1.407400 0.000000 0.000000 0.000000 1.000000
0.997877 0.047783 0.044258 -0.000000 -0.048429 0.998733 0.013655 10.622700 -0.043549 -0.015770 0.998927 -1.407400 0.000000 0.000000 0.000000 1.000000
0.997681 0.051520 0.044480 0.000000 -0.051691 0.998660 0.002690 10.622700 -0.044282 -0.004983 0.999007 -1.407400 0.000000 0.000000 0.000000 1.000000
0.997558 0.054739 0.043374 0.000000 -0.054435 0.998484 -0.008156 10.622700 -0.043754 0.005775 0.999026 -1.407400 0.000000 0.000000 0.000000 1.000000
0.997587 0.056623 0.040172 -0.000000 -0.055927 0.998268 -0.018245 10.622700 -0.041135 0.015955 0.999026 -1.407400 0.000000 0.000000 0.000000 1.000000
0.997748 0.056993 0.035379 0.000000 -0.056037 0.998051 -0.027462 10.622700 -0.036875 0.025418 0.998997 -1.407400 0.000000 0.000000 0.000000 1.000000
0.997949 0.056469 0.030153 0.000000 -0.055378 0.997821 -0.035857 10.622700 -0.032112 0.034114 0.998902 -1.407400 0.000000 0.000000 0.000000 1.000000
0.998125 0.055727 0.025300 0.000000 -0.054600 0.997572 -0.043232 10.622700 -0.027648 0.041769 0.998745 -1.407400 0.000000 0.000000 0.000000 1.000000
0.998252 0.055165 0.021220 0.000000 -0.054062 0.997314 -0.049414 10.622700 -0.023888 0.048181 0.998553 -1.407400 0.000000 0.000000 0.000000 1.000000
0.998348 0.054470 0.018275 0.000000 -0.053407 0.997093 -0.054343 10.622700 -0.021182 0.053277 0.998355 -1.407400 0.000000 0.000000 0.000000 1.000000
0.998414 0.053762 0.016730 0.000000 -0.052714 0.996937 -0.057777 10.622700 -0.019785 0.056803 0.998189 -1.407400 0.000000 0.000000 0.000000 1.000000
0.998459 0.053107 0.016120 0.000000 -0.052062 0.996869 -0.059520 10.622700 -0.019231 0.058589 0.998097 -1.407400 0.000000 0.000000 0.000000 1.000000
0.998501 0.052474 0.015581 0.000000 -0.051456 0.996881 -0.059841 10.622700 -0.018673 0.058950 0.998086 -1.407400 0.000000 0.000000 0.000000 1.000000
0.998554 0.051678 0.014798 0.000000 -0.050718 0.996958 -0.059177 10.622700 -0.017812 0.058341 0.998138 -1.407400 0.000000 0.000000 0.000000 1.000000
0.998627 0.050419 0.014204 -0.000000 -0.049522 0.997107 -0.057667 10.622700 -0.017071 0.056885 0.998235 -1.407400 0.000000 0.000000 0.000000 1.000000
0.998709 0.048736 0.014322 -0.000000 -0.047876 0.997322 -0.055288 10.622700 -0.016978 0.054531 0.998368 -1.407400 0.000000 0.000000 0.000000 1.000000
0.998783 0.046893 0.015299 0.000000 -0.046040 0.997584 -0.052030 10.622700 -0.017702 0.051262 0.998528 -1.407400 0.000000 0.000000 0.000000 1.000000
0.998853 0.044815 0.016888 0.000000 -0.043965 0.997890 -0.047770 10.622700 -0.018993 0.046973 0.998716 -1.407400 0.000000 0.000000 0.000000 1.000000
0.998944 0.042039 0.018519 0.000000 -0.041226 0.998255 -0.042287 10.622700 -0.020264 0.041479 0.998934 -1.407400 0.000000 0.000000 0.000000 1.000000
0.999084 0.038124 0.019428 0.000000 -0.037416 0.998665 -0.035617 10.622700 -0.020760 0.034858 0.999177 -1.407400 0.000000 0.000000 0.000000 1.000000
0.999262 0.033257 0.019245 0.000000 -0.032707 0.999066 -0.028250 10.622700 -0.020167 0.027599 0.999416 -1.407400 0.000000 0.000000 0.000000 1.000000
0.999425 0.028457 0.018458 0.000000 -0.028076 0.999393 -0.020615 10.622700 -0.019033 0.020085 0.999617 -1.407400 0.000000 0.000000 0.000000 1.000000
0.999533 0.024801 0.017871 0.000000 -0.024584 0.999622 -0.012275 10.622700 -0.018168 0.011830 0.999765 -1.407400 0.000000 0.000000 0.000000 1.000000
0.999588 0.022459 0.017860 0.000000 -0.022423 0.999746 -0.002165 10.622700 -0.017904 0.001764 0.999838 -1.407400 0.000000 0.000000 0.000000 1.000000
0.999618 0.020558 0.018465 0.000000 -0.020741 0.999737 0.009758 10.622700 -0.018259 -0.010138 0.999782 -1.407400 0.000000 0.000000 0.000000 1.000000
0.999654 0.017730 0.019455 0.000000 -0.018147 0.999605 0.021465 10.622700 -0.019067 -0.021811 0.999580 -1.407400 0.000000 0.000000 0.000000 1.000000
0.999713 0.013292 0.019954 -0.000000 -0.013895 0.999441 0.030411 10.622700 -0.019538 -0.030680 0.999338 -1.407400 0.000000 0.000000 0.000000 1.000000
0.999784 0.008301 0.019073 0.000000 -0.008985 0.999310 0.036052 10.622700 -0.018761 -0.036216 0.999168 -1.407400 0.000000 0.000000 0.000000 1.000000
0.999848 0.003867 0.017019 0.000000 -0.004542 0.999198 0.039784 10.622700 -0.016851 -0.039856 0.999063 -1.407400 0.000000 0.000000 0.000000 1.000000
0.999887 -0.000149 0.015063 0.000000 -0.000495 0.999086 0.042743 10.622700 -0.015056 -0.042746 0.998973 -1.407400 0.000000 0.000000 0.000000 1.000000
