<?xml version="1.0" encoding="utf-8"?>
<COLLADA xmlns="http://www.collada.org/2005/11/COLLADASchema" version="1.4.1">
  <asset><contributor><author>Mixamo</author><authoring_tool>COLLADA Mixamo exporter</authoring_tool><comments></comments></contributor><created>2020-04-02T17:21:28Z</created><modified>2020-04-02T17:21:28Z</modified><revision></revision><title></title><unit meter="0.025400"/><up_axis>Y_UP</up_axis></asset>
  <library_animations>
    <animation id="mixamorig_Hips-anim" name="mixamorig_Hips"><source id="mixamorig_Hips-Matrix-animation-input"><float_array id="mixamorig_Hips-Matrix-animation-input-array" count="41">

0.000000 0.033333 0.066667 0.100000 0.133333 0.166667 0.200000 0.233333 0.266667 0.300000 0.333333 0.366667 0.400000 0.433333 0.466667 0.500000
0.533333 0.566667 0.600000 0.633333 0.666667 0.700000 0.733333 0.766667 0.800000 0.833333 0.866667 0.900000 0.933333 0.966667 1.000000 1.033333
1.066667 1.100000 1.133333 1.166667 1.200000 1.233333 1.266667 1.300000 1.333333</float_array><technique_common><accessor source="#mixamorig_Hips-Matrix-animation-input-array" count="41"><param name="TIME" type="float"/></accessor></technique_common></source><source id="mixamorig_Hips-Matrix-animation-output-transform"><float_array id="mixamorig_Hips-Matrix-animation-output-transform-array" count="656">

0.838156 -0.059272 -0.542200 0.503242 -0.004206 0.993346 -0.115092 56.670170 0.545414 0.098745 0.832330 0.586218 0.000000 0.000000 0.000000 1.000000
0.831933 -0.064421 -0.551123 0.547889 0.000901 0.993393 -0.114757 57.263142 0.554875 0.094973 0.826495 0.081467 0.000000 0.000000 0.000000 1.000000
0.822609 -0.069073 -0.564396 0.639702 0.004982 0.993432 -0.114319 57.923397 0.568586 0.091228 0.817550 -0.133601 0.000000 0.000000 0.000000 1.000000
0.810409 -0.073096 -0.581286 0.792219 0.006844 0.993300 -0.115365 58.475708 0.585824 0.089515 0.805480 -0.286363 0.000000 0.000000 0.000000 1.000000
0.796436 -0.078450 -0.599612 0.983007 0.007433 0.992744 -0.120013 58.879345 0.604677 0.091126 0.791241 -0.421973 0.000000 0.000000 0.000000 1.000000
0.782100 -0.084308 -0.617424 1.180776 0.006144 0.991801 -0.127646 58.956608 0.623123 0.096038 0.776205 -0.443720 0.000000 0.000000 0.000000 1.000000
0.768568 -0.088478 -0.633620 1.394653 0.003242 0.990917 -0.134439 58.678581 0.639760 0.101271 0.761874 -0.398804 0.000000 0.000000 0.000000 1.000000
0.756357 -0.087326 -0.648305 1.663356 -0.001932 0.990747 -0.135705 58.038013 0.654157 0.103894 0.749190 -0.288591 0.000000 0.000000 0.000000 1.000000
0.745609 -0.078352 -0.661761 2.009848 -0.009952 0.991644 -0.128622 57.091488 0.666309 0.102488 0.738599 -0.072087 0.000000 0.000000 0.000000 1.000000
0.736659 -0.062840 -0.673338 2.450592 -0.020098 0.993199 -0.114680 55.965015 0.675965 0.098013 0.730387 0.322497 0.000000 0.000000 0.000000 1.000000
0.730009 -0.046630 -0.681845 3.025272 -0.028573 0.994715 -0.098617 54.859959 0.682840 0.091474 0.724819 0.986628 0.000000 0.000000 0.000000 1.000000
0.724792 -0.035233 -0.688066 3.701248 -0.033425 0.995717 -0.086197 53.896484 0.688156 0.085474 0.720510 1.650146 0.000000 0.000000 0.000000 1.000000
0.718950 -0.032038 -0.694323 4.355134 -0.034750 0.996031 -0.081942 53.217552 0.694193 0.083040 0.714983 2.202526 0.000000 0.000000 0.000000 1.000000
0.712971 -0.034589 -0.700340 4.893159 -0.037593 0.995461 -0.087436 53.007885 0.700185 0.088667 0.708434 2.584280 0.000000 0.000000 0.000000 1.000000
0.712437 -0.037282 -0.700745 5.336011 -0.045070 0.994095 -0.098711 53.322327 0.700287 0.101908 0.706550 2.930822 0.000000 0.000000 0.000000 1.000000
0.722373 -0.038404 -0.690437 5.658452 -0.052017 0.992610 -0.109636 53.862362 0.689545 0.115112 0.715037 2.975024 0.000000 0.000000 0.000000 1.000000
0.740019 -0.038193 -0.671500 5.799591 -0.054949 0.991616 -0.116956 54.468895 0.670337 0.123448 0.731716 2.781294 0.000000 0.000000 0.000000 1.000000
0.757246 -0.037267 -0.652066 5.822929 -0.055894 0.991011 -0.121548 55.104332 0.650734 0.128489 0.748356 2.568464 0.000000 0.000000 0.000000 1.000000
0.769314 -0.037292 -0.637781 5.768751 -0.055680 0.990583 -0.125083 55.702187 0.636439 0.131740 0.759993 2.320482 0.000000 0.000000 0.000000 1.000000
0.777644 -0.038693 -0.627513 5.657675 -0.053691 0.990371 -0.127604 56.295341 0.626408 0.132922 0.768079 2.096921 0.000000 0.000000 0.000000 1.000000
0.786027 -0.041278 -0.616812 5.517721 -0.048653 0.990543 -0.128288 56.885284 0.616275 0.130848 0.776585 1.934279 0.000000 0.000000 0.000000 1.000000
0.796733 -0.043966 -0.602729 5.368343 -0.041114 0.991096 -0.126643 57.436954 0.602931 0.125681 0.787832 1.783845 0.000000 0.000000 0.000000 1.000000
0.809237 -0.045972 -0.585681 5.193933 -0.032627 0.991878 -0.122938 57.892647 0.586576 0.118595 0.801164 1.644039 0.000000 0.000000 0.000000 1.000000
0.821277 -0.047439 -0.568555 4.978621 -0.024587 0.992668 -0.118342 58.195122 0.570000 0.111171 0.814089 1.506436 0.000000 0.000000 0.000000 1.000000
0.831042 -0.049011 -0.554046 4.752732 -0.017672 0.993281 -0.114373 58.281837 0.555928 0.104840 0.824592 1.367003 0.000000 0.000000 0.000000 1.000000
0.838648 -0.051327 -0.542250 4.500017 -0.011656 0.993631 -0.112079 58.050724 0.544549 0.100315 0.832709 1.271370 0.000000 0.000000 0.000000 1.000000
0.845382 -0.054657 -0.531359 4.203106 -0.005829 0.993748 -0.111493 57.499680 0.534131 0.097351 0.839778 1.269254 0.000000 0.000000 0.000000 1.000000
0.852416 -0.058591 -0.519570 3.867089 0.000039 0.993709 -0.111995 56.719761 0.522864 0.095446 0.847056 1.346044 0.000000 0.000000 0.000000 1.000000
0.860572 -0.063562 -0.505348 3.474667 0.007012 0.993567 -0.113029 55.751747 0.509281 0.093726 0.855481 1.612345 0.000000 0.000000 0.000000 1.000000
0.869094 -0.069515 -0.489739 3.063121 0.014943 0.993314 -0.114477 54.648003 0.494422 0.092173 0.864321 2.092438 0.000000 0.000000 0.000000 1.000000
0.875095 -0.072910 -0.478427 2.751189 0.019059 0.993011 -0.116469 53.531490 0.483576 0.092803 0.870369 2.705926 0.000000 0.000000 0.000000 1.000000
0.875514 -0.066885 -0.478542 2.418866 0.011081 0.992892 -0.118500 52.741436 0.483066 0.098446 0.870032 2.961152 0.000000 0.000000 0.000000 1.000000
0.871537 -0.057483 -0.486949 2.384898 -0.001385 0.992812 -0.119678 52.151649 0.490328 0.104978 0.865192 2.945296 0.000000 0.000000 0.000000 1.000000
0.866423 -0.049768 -0.496824 2.075739 -0.011059 0.992863 -0.118743 52.223709 0.499188 0.108376 0.859689 2.936833 0.000000 0.000000 0.000000 1.000000
0.862533 -0.046809 -0.503831 1.625927 -0.014051 0.993112 -0.116321 52.702618 0.505806 0.107410 0.855934 2.821334 0.000000 0.000000 0.000000 1.000000
0.858318 -0.045494 -0.511097 1.302012 -0.016161 0.993171 -0.115544 53.167641 0.512863 0.107433 0.851721 2.410502 0.000000 0.000000 0.000000 1.000000
0.851915 -0.047623 -0.521510 0.994466 -0.016558 0.992909 -0.117719 53.801949 0.523418 0.108922 0.845086 2.008575 0.000000 0.000000 0.000000 1.000000
0.846058 -0.049365 -0.530800 0.829668 -0.017970 0.992496 -0.120946 54.435295 0.532787 0.111866 0.838823 1.542082 0.000000 0.000000 0.000000 1.000000
0.842819 -0.050946 -0.535781 0.671085 -0.017633 0.992361 -0.122100 55.126884 0.537909 0.112356 0.835482 1.101060 0.000000 0.000000 0.000000 1.000000
0.841102 -0.054157 -0.538158 0.551027 -0.012908 0.992681 -0.120073 55.935390 0.540722 0.107941 0.834247 0.818069 0.000000 0.000000 0.000000 1.000000
0.838156 -0.059272 -0.542200 0.503236 -0.004206 0.993346 -0.115092 56.670170 0.545414 0.098745 0.832330 0.586220 0.000000 0.000000 0.000000 1.000000</float_array><technique_common><accessor source="#mixamorig_Hips-Matrix-animation-output-transform-array" count="41" stride="16"><param type="float4x4"/></accessor></technique_common></source><source id="mixamorig_Hips-Interpolations"><Name_array id="mixamorig_Hips-Interpolations-array" count="41">
 LINEAR LINEAR LINEAR LINEAR LINEAR LINEAR LINEAR LINEAR LINEAR LINEAR LINEAR
LINEAR LINEAR LINEAR LINEAR LINEAR LINEAR LINEAR LINEAR LINEAR LINEAR LINEAR LINEAR
LINEAR LINEAR LINEAR LINEAR LINEAR LINEAR LINEAR LINEAR LINEAR LINEAR LINEAR LINEAR
LINEAR LINEAR LINEAR LINEAR LINEAR LINEAR</Name_array><technique_common><accessor source="#mixamorig_Hips-Interpolations-array" count="41"><param type="name"/></accessor></technique_common></source><sampler id="mixamorig_Hips-Matrix-animation-transform"><input semantic="INPUT" source="#mixamorig_Hips-Matrix-animation-input"/><input semantic="OUTPUT" source="#mixamorig_Hips-Matrix-animation-output-transform"/><input semantic="INTERPOLATION" source="#mixamorig_Hips-Interpolations"/></sampler><channel source="#mixamorig_Hips-Matrix-animation-transform" target="mixamorig_Hips/matrix"/></animation>
    <animation id="mixamorig_Spine-anim" name="mixamorig_Spine"><source id="mixamorig_Spine-Matrix-animation-input"><float_array id="mixamorig_Spine-Matrix-animation-input-array" count="41">

0.000000 0.033333 0.066667 0.100000 0.133333 0.166667 0.200000 0.233333 0.266667 0.300000 0.333333 0.366667 0.400000 0.433333 0.466667 0.500000
0.533333 0.566667 0.600000 0.633333 0.666667 0.700000 0.733333 0.766667 0.800000 0.833333 0.866667 0.900000 0.933333 0.966667 1.000000 1.033333
1.066667 1.100000 1.133333 1.166667 1.200000 1.233333 1.266667 1.300000 1.333333</float_array><technique_common><accessor source="#mixamorig_Spine-Matrix-animation-input-array" count="41"><param name="TIME" type="float"/></accessor></technique_common></source><source id="mixamorig_Spine-Matrix-animation-output-transform"><float_array id="mixamorig_Spine-Matrix-animation-output-transform-array" count="656">

0.998403 0.001320 -0.056479 0.000000 -0.006827 0.995219 -0.097431 10.246200 0.056080 0.097661 0.993638 -1.819800 0.000000 0.000000 0.000000 1.000000
0.998441 0.002022 -0.055780 0.000000 -0.007451 0.995228 -0.097293 10.246200 0.055317 0.097557 0.993691 -1.819800 0.000000 0.000000 0.000000 1.000000
0.998470 0.002504 -0.055240 0.000000 -0.007889 0.995205 -0.097491 10.246200 0.054731 0.097778 0.993702 -1.819800 0.000000 0.000000 0.000000 1.000000
0.998477 0.003179 -0.055076 -0.000000 -0.008520 0.995247 -0.097010 10.246200 0.054505 0.097331 0.993758 -1.819800 0.000000 0.000000 0.000000 1.000000
0.998444 0.004740 -0.055569 -0.000000 -0.009978 0.995488 -0.094356 10.246200 0.054871 0.094764 0.993986 -1.819800 0.000000 0.000000 0.000000 1.000000
0.998393 0.006104 -0.056331 -0.000000 -0.011160 0.995891 -0.089868 10.246200 0.055551 0.090352 0.994359 -1.819800 0.000000 0.000000 0.000000 1.000000
0.998346 0.007257 -0.057034 0.000000 -0.012133 0.996254 -0.085616 10.246200 0.056199 0.086166 0.994695 -1.819800 0.000000 0.000000 0.000000 1.000000
0.998333 0.007705 -0.057208 -0.000000 -0.012494 0.996401 -0.083833 10.246200 0.056356 0.084408 0.994836 -1.819800 0.000000 0.000000 0.000000 1.000000
0.998380 0.006727 -0.056497 0.000000 -0.011561 0.996256 -0.085681 10.246200 0.055709 0.086196 0.994719 -1.819800 0.000000 0.000000 0.000000 1.000000
0.998495 0.004302 -0.054665 0.000000 -0.009261 0.995827 -0.090789 10.246200 0.054047 0.091159 0.994369 -1.819800 0.000000 0.000000 0.000000 1.000000
0.998658 0.002588 -0.051720 0.000000 -0.007645 0.995175 -0.097819 10.246200 0.051218 0.098083 0.993859 -1.819800 0.000000 0.000000 0.000000 1.000000
0.998882 0.002424 -0.047215 0.000000 -0.007370 0.994460 -0.104856 10.246200 0.046700 0.105087 0.993366 -1.819800 0.000000 0.000000 0.000000 1.000000
0.999109 0.005135 -0.041885 0.000000 -0.009690 0.993965 -0.109268 10.246200 0.041071 0.109576 0.993129 -1.819800 0.000000 0.000000 0.000000 1.000000
0.999271 0.008221 -0.037281 0.000000 -0.012274 0.993875 -0.109827 10.246200 0.036149 0.110204 0.993251 -1.819800 0.000000 0.000000 0.000000 1.000000
0.999358 0.007439 -0.035054 0.000000 -0.011200 0.994050 -0.108344 10.246200 0.034040 0.108667 0.993495 -1.819800 0.000000 0.000000 0.000000 1.000000
0.999345 0.003732 -0.036009 -0.000000 -0.007594 0.994152 -0.107720 10.246200 0.035396 0.107923 0.993529 -1.819800 0.000000 0.000000 0.000000 1.000000
0.999241 -0.000492 -0.038942 0.000000 -0.003743 0.994077 -0.108612 10.246200 0.038765 0.108675 0.993321 -1.819800 0.000000 0.000000 0.000000 1.000000
0.999127 -0.003596 -0.041628 -0.000000 -0.000972 0.994020 -0.109192 10.246200 0.041772 0.109137 0.993149 -1.819800 0.000000 0.000000 0.000000 1.000000
0.999052 -0.004049 -0.043340 0.000000 -0.000663 0.994133 -0.108162 10.246200 0.043524 0.108089 0.993188 -1.819800 0.000000 0.000000 0.000000 1.000000
0.998989 -0.003359 -0.044832 0.000000 -0.001423 0.994342 -0.106215 10.246200 0.044935 0.106171 0.993332 -1.819800 0.000000 0.000000 0.000000 1.000000
0.998875 -0.003382 -0.047299 0.000000 -0.001585 0.994515 -0.104578 10.246200 0.047394 0.104535 0.993391 -1.819800 0.000000 0.000000 0.000000 1.000000
0.998673 -0.005086 -0.051250 -0.000000 -0.000265 0.994592 -0.103858 10.246200 0.051501 0.103734 0.993271 -1.819800 0.000000 0.000000 0.000000 1.000000
0.998387 -0.007961 -0.056211 0.000000 0.002081 0.994587 -0.103890 10.246200 0.056733 0.103606 0.992999 -1.819800 0.000000 0.000000 0.000000 1.000000
0.998073 -0.011049 -0.061061 0.000000 0.004651 0.994572 -0.103947 10.246200 0.061878 0.103463 0.992707 -1.819800 0.000000 0.000000 0.000000 1.000000
0.997796 -0.013974 -0.064872 0.000000 0.007216 0.994628 -0.103265 10.246200 0.065967 0.102569 0.992536 -1.819800 0.000000 0.000000 0.000000 1.000000
0.997549 -0.016675 -0.067952 0.000000 0.009708 0.994778 -0.101599 10.246200 0.069292 0.100690 0.992502 -1.819800 0.000000 0.000000 0.000000 1.000000
0.997286 -0.018799 -0.071188 -0.000000 0.011667 0.994989 -0.099304 10.246200 0.072698 0.098204 0.992507 -1.819800 0.000000 0.000000 0.000000 1.000000
0.996987 -0.020312 -0.074864 0.000000 0.012999 0.995208 -0.096911 10.246200 0.076474 0.095646 0.992473 -1.819800 0.000000 0.000000 0.000000 1.000000
0.996646 -0.020376 -0.079258 0.000000 0.012832 0.995437 -0.094553 10.246200 0.080823 0.093218 0.992360 -1.819800 0.000000 0.000000 0.000000 1.000000
0.996299 -0.019432 -0.083732 0.000000 0.011673 0.995675 -0.092170 10.246200 0.085161 0.090851 0.992217 -1.819800 0.000000 0.000000 0.000000 1.000000
0.996104 -0.018572 -0.086204 0.000000 0.010768 0.995871 -0.090134 10.246200 0.087522 0.088854 0.992192 -1.819800 0.000000 0.000000 0.000000 1.000000
0.996265 -0.022059 -0.083484 -0.000000 0.014554 0.995884 -0.089460 10.246200 0.085114 0.087910 0.992485 -1.819800 0.000000 0.000000 0.000000 1.000000
0.996653 -0.023544 -0.078283 -0.000000 0.016460 0.995812 -0.089935 10.246200 0.080073 0.088345 0.992866 -1.819800 0.000000 0.000000 0.000000 1.000000
0.997205 -0.021004 -0.071695 0.000000 0.014431 0.995747 -0.090998 10.246200 0.073302 0.089709 0.993267 -1.819800 0.000000 0.000000 0.000000 1.000000
0.997691 -0.015406 -0.066152 -0.000000 0.009280 0.995721 -0.091941 10.246200 0.067286 0.091115 0.993565 -1.819800 0.000000 0.000000 0.000000 1.000000
0.997998 -0.012503 -0.062002 0.000000 0.006738 0.995707 -0.092320 10.246200 0.062890 0.091717 0.993797 -1.819800 0.000000 0.000000 0.000000 1.000000
0.998240 -0.009570 -0.058529 -0.000000 0.004165 0.995771 -0.091777 10.246200 0.059160 0.091372 0.994058 -1.819800 0.000000 0.000000 0.000000 1.000000
0.998374 -0.008379 -0.056392 0.000000 0.003186 0.995794 -0.091569 10.246200 0.056922 0.091240 0.994201 -1.819800 0.000000 0.000000 0.000000 1.000000
0.998419 -0.006891 -0.055777 -0.000000 0.001687 0.995681 -0.092826 10.246200 0.056176 0.092585 0.994119 -1.819800 0.000000 0.000000 0.000000 1.000000
0.998413 -0.003433 -0.056203 0.000000 -0.001953 0.995428 -0.095495 10.246200 0.056274 0.095454 0.993842 -1.819800 0.000000 0.000000 0.000000 1.000000
0.998403 0.001320 -0.056481 0.000000 -0.006828 0.995219 -0.097432 10.246200 0.056082 0.097662 0.993638 -1.819800 0.000000 0.000000 0.000000 1.000000</float_array><technique_common><accessor source="#mixamorig_Spine-Matrix-animation-output-transform-array" count="41" stride="16"><param type="float4x4"/></accessor></technique_common></source><source id="mixamorig_Spine-Interpolations"><Name_array id="mixamorig_Spine-Interpolations-array" count="41">
 LINEAR LINEAR LINEAR LINEAR LINEAR LINEAR LINEAR LINEAR LINEAR LINEAR LINEAR
LINEAR LINEAR LINEAR LINEAR LINEAR LINEAR LINEAR LINEAR LINEAR LINEAR LINEAR LINEAR
LINEAR LINEAR LINEAR LINEAR LINEAR LINEAR LINEAR LINEAR LINEAR LINEAR LINEAR LINEAR
LINEAR LINEAR LINEAR LINEAR LINEAR LINEAR</Name_array><technique_common><accessor source="#mixamorig_Spine-Interpolations-array" count="41"><param type="name"/></accessor></technique_common></source><sampler id="mixamorig_Spine-Matrix-animation-transform"><input semantic="INPUT" source="#mixamorig_Spine-Matrix-animation-input"/><input semantic="OUTPUT" source="#mixamorig_Spine-Matrix-animation-output-transform"/><input semantic="INTERPOLATION" source="#mixamorig_Spine-Interpolations"/></sampler><channel source="#mixamorig_Spine-Matrix-animation-transform" target="mixamorig_Spine/matrix"/></animation>
    <animation id="mixamorig_Spine1-anim" name="mixamorig_Spine1"><source id="mixamorig_Spine1-Matrix-animation-input"><float_array id="mixamorig_Spine1-Matrix-animation-input-array" count="41">

0.000000 0.033333 0.066667 0.100000 0.133333 0.166667 0.200000 0.233333 0.266667 0.300000 0.333333 0.366667 0.400000 0.433333 0.466667 0.500000
0.533333 0.566667 0.600000 0.633333 0.666667 0.700000 0.733333 0.766667 0.800000 0.833333 0.866667 0.900000 0.933333 0.966667 1.000000 1.033333
1.066667 1.100000 1.133333 1.166667 1.200000 1.233333 1.266667 1.300000 1.333333</float_array><technique_common><accessor source="#mixamorig_Spine1-Matrix-animation-input-array" count="41"><param name="TIME" type="float"/></accessor></technique_common></source><source id="mixamorig_Spine1-Matrix-animation-output-transform"><float_array id="mixamorig_Spine1-Matrix-animation-output-transform-array" count="656">

0.995601 -0.003196 -0.093637 -0.000000 -0.012573 0.985822 -0.167323 12.141000 0.092844 0.167764 0.981445 -0.000000 0.000000 0.000000 0.000000 1.000000
0.995688 -0.000276 -0.092770 0.000000 -0.015299 0.985815 -0.167138 12.141000 0.091500 0.167836 0.981559 0.000000 0.000000 0.000000 0.000000 1.000000
0.995747 0.003137 -0.092078 0.000000 -0.018560 0.985761 -0.167126 12.141000 0.090243 0.168125 0.981626 0.000000 0.000000 0.000000 0.000000 1.000000
0.995743 0.006351 -0.091954 0.000000 -0.021625 0.985874 -0.166084 12.141000 0.089600 0.167366 0.981815 0.000000 0.000000 0.000000 0.000000 1.000000
0.995674 0.009097 -0.092465 0.000000 -0.024092 0.986434 -0.162380 12.141000 0.089733 0.163905 0.982386 0.000000 0.000000 0.000000 0.000000 1.000000
0.995576 0.011312 -0.093273 0.000000 -0.025866 0.987365 -0.156337 12.141000 0.090326 0.158058 0.983290 0.000000 0.000000 0.000000 0.000000 1.000000
0.995511 0.012921 -0.093755 0.000000 -0.027014 0.988220 -0.150640 12.141000 0.090705 0.152497 0.984133 0.000000 0.000000 0.000000 0.000000 1.000000
0.995539 0.013501 -0.093377 0.000000 -0.027319 0.988560 -0.148335 12.141000 0.090306 0.150224 0.984519 -0.000000 0.000000 0.000000 0.000000 1.000000
0.995694 0.012269 -0.091886 0.000000 -0.026112 0.988189 -0.150998 12.141000 0.088948 0.152747 0.984254 0.000000 0.000000 0.000000 0.000000 1.000000
0.995977 0.009099 -0.089146 0.000000 -0.023138 0.987207 -0.157754 12.141000 0.086570 0.159182 0.983446 -0.000000 0.000000 0.000000 0.000000 1.000000
0.996372 0.005573 -0.084925 0.000000 -0.019708 0.985841 -0.166523 12.141000 0.082794 0.167593 0.982374 0.000000 0.000000 0.000000 0.000000 1.000000
0.996868 0.004190 -0.078975 -0.000000 -0.017997 0.984416 -0.174934 12.141000 0.077011 0.175808 0.981408 -0.000000 0.000000 0.000000 0.000000 1.000000
0.997416 0.005473 -0.071634 0.000000 -0.018359 0.983407 -0.180484 12.141000 0.069458 0.181333 0.980966 0.000000 0.000000 0.000000 0.000000 1.000000
0.997880 0.006696 -0.064733 0.000000 -0.018400 0.983136 -0.181948 12.141000 0.062423 0.182753 0.981175 -0.000000 0.000000 0.000000 0.000000 1.000000
0.998117 0.004518 -0.061173 -0.000000 -0.015559 0.983315 -0.181243 12.141000 0.059333 0.181854 0.981534 0.000000 0.000000 0.000000 0.000000 1.000000
0.998042 -0.001394 -0.062532 -0.000000 -0.010002 0.983328 -0.181567 12.141000 0.061743 0.181837 0.981388 0.000000 0.000000 0.000000 0.000000 1.000000
0.997721 -0.008721 -0.066914 0.000000 -0.003725 0.982982 -0.183663 12.141000 0.067377 0.183494 0.980709 0.000000 0.000000 0.000000 0.000000 1.000000
0.997368 -0.014758 -0.070987 -0.000000 0.001352 0.982681 -0.185301 12.141000 0.072493 0.184718 0.980114 -0.000000 0.000000 0.000000 0.000000 1.000000
0.997144 -0.018000 -0.073347 -0.000000 0.004160 0.982800 -0.184628 12.141000 0.075409 0.183795 0.980068 0.000000 0.000000 0.000000 0.000000 1.000000
0.996993 -0.018894 -0.075154 0.000000 0.004886 0.983220 -0.182357 12.141000 0.077338 0.181441 0.980356 0.000000 0.000000 0.000000 0.000000 1.000000
0.996746 -0.019354 -0.078252 0.000000 0.004951 0.983616 -0.180208 12.141000 0.080458 0.179234 0.980511 0.000000 0.000000 0.000000 0.000000 1.000000
0.996290 -0.021040 -0.083452 0.000000 0.005763 0.983791 -0.179227 12.141000 0.085870 0.178081 0.980262 0.000000 0.000000 0.000000 0.000000 1.000000
0.995655 -0.023938 -0.089984 0.000000 0.007453 0.983778 -0.179238 12.141000 0.092815 0.177788 0.979682 0.000000 0.000000 0.000000 0.000000 1.000000
0.995007 -0.026891 -0.096113 0.000000 0.009281 0.983775 -0.179169 12.141000 0.099371 0.177382 0.979112 0.000000 0.000000 0.000000 0.000000 1.000000
0.994508 -0.029003 -0.100566 0.000000 0.010709 0.983994 -0.177879 12.141000 0.104115 0.175825 0.978900 0.000000 0.000000 0.000000 0.000000 1.000000
0.994174 -0.030047 -0.103519 0.000000 0.011520 0.984480 -0.175117 12.141000 0.107174 0.172904 0.979090 0.000000 0.000000 0.000000 0.000000 1.000000
0.993890 -0.030057 -0.106204 -0.000000 0.011451 0.985095 -0.171630 12.141000 0.109780 0.169366 0.979420 -0.000000 0.000000 0.000000 0.000000 1.000000
0.993522 -0.029112 -0.109852 0.000000 0.010300 0.985721 -0.168071 12.141000 0.113176 0.165850 0.979635 0.000000 0.000000 0.000000 0.000000 1.000000
0.993000 -0.027545 -0.114855 0.000000 0.008308 0.986307 -0.164712 12.141000 0.117819 0.162605 0.979632 0.000000 0.000000 0.000000 0.000000 1.000000
0.992438 -0.026396 -0.119872 0.000000 0.006749 0.986862 -0.161425 12.141000 0.122558 0.159396 0.979578 0.000000 0.000000 0.000000 0.000000 1.000000
0.992210 -0.026939 -0.121625 0.000000 0.007357 0.987305 -0.158664 12.141000 0.124356 0.156533 0.979813 0.000000 0.000000 0.000000 0.000000 1.000000
0.992622 -0.029124 -0.117698 0.000000 0.010298 0.987465 -0.157502 12.141000 0.120810 0.155128 0.980480 0.000000 0.000000 0.000000 0.000000 1.000000
0.993435 -0.031172 -0.110071 -0.000000 0.013409 0.987258 -0.158563 12.141000 0.113611 0.156046 0.981194 0.000000 0.000000 0.000000 0.000000 1.000000
0.994163 -0.031516 -0.103184 0.000000 0.014551 0.986813 -0.161207 12.141000 0.106904 0.158765 0.981512 0.000000 0.000000 0.000000 0.000000 1.000000
0.994683 -0.029905 -0.098544 -0.000000 0.013459 0.986451 -0.163503 12.141000 0.102099 0.161307 0.981609 0.000000 0.000000 0.000000 0.000000 1.000000
0.995161 -0.027003 -0.094473 0.000000 0.011195 0.986395 -0.164011 12.141000 0.097617 0.162159 0.981924 0.000000 0.000000 0.000000 0.000000 1.000000
0.995608 -0.023336 -0.090660 0.000000 0.008285 0.986598 -0.162959 12.141000 0.093247 0.161492 0.982459 -0.000000 0.000000 0.000000 0.000000 1.000000
0.995854 -0.019035 -0.088951 0.000000 0.004387 0.986773 -0.162048 12.141000 0.090859 0.160986 0.982766 0.000000 0.000000 0.000000 0.000000 1.000000
0.995845 -0.014212 -0.089946 -0.000000 -0.000628 0.986650 -0.162851 12.141000 0.091059 0.162231 0.982542 -0.000000 0.000000 0.000000 0.000000 1.000000
0.995695 -0.008732 -0.092276 0.000000 -0.006671 0.986218 -0.165318 12.141000 0.092448 0.165222 0.981914 0.000000 0.000000 0.000000 0.000000 1.000000
0.995601 -0.003196 -0.093637 -0.000000 -0.012573 0.985822 -0.167323 12.141000 0.092844 0.167765 0.981445 0.000000 0.000000 0.000000 0.000000 1.000000</float_array><technique_common><accessor source="#mixamorig_Spine1-Matrix-animation-output-transform-array" count="41" stride="16"><param type="float4x4"/></accessor></technique_common></source><source id="mixamorig_Spine1-Interpolations"><Name_array id="mixamorig_Spine1-Interpolations-array" count="41">
 LINEAR LINEAR LINEAR LINEAR LINEAR LINEAR LINEAR LINEAR LINEAR LINEAR LINEAR
LINEAR LINEAR LINEAR LINEAR LINEAR LINEAR LINEAR LINEAR LINEAR LINEAR LINEAR LINEAR
LINEAR LINEAR LINEAR LINEAR LINEAR LINEAR LINEAR LINEAR LINEAR LINEAR LINEAR LINEAR
LINEAR LINEAR LINEAR LINEAR LINEAR LINEAR</Name_array><technique_common><accessor source="#mixamorig_Spine1-Interpolations-array" count="41"><param type="name"/></accessor></technique_common></source><sampler id="mixamorig_Spine1-Matrix-animation-transform"><input semantic="INPUT" source="#mixamorig_Spine1-Matrix-animation-input"/><input semantic="OUTPUT" source="#mixamorig_Spine1-Matrix-animation-output-transform"/><input semantic="INTERPOLATION" source="#mixamorig_Spine1-Interpolations"/></sampler><channel source="#mixamorig_Spine1-Matrix-animation-transform" target="mixamorig_Spine1/matrix"/></animation>
    <animation id="mixamorig_Spine2-anim" name="mixamorig_Spine2"><source id="mixamorig_Spine2-Matrix-animation-input"><float_array id="mixamorig_Spine2-Matrix-animation-input-array" count="41">

0.000000 0.033333 0.066667 0.100000 0.133333 0.166667 0.200000 0.233333 0.266667 0.300000 0.333333 0.366667 0.400000 0.433333 0.466667 0.500000
0.533333 0.566667 0.600000 0.633333 0.666667 0.700000 0.733333 0.766667 0.800000 0.833333 0.866667 0.900000 0.933333 0.966667 1.000000 1.033333
1.066667 1.100000 1.133333 1.166667 1.200000 1.233333 1.266667 1.300000 1.333333</float_array><technique_common><accessor source="#mixamorig_Spine2-Matrix-animation-input-array" count="41"><param name="TIME" type="float"/></accessor></technique_common></source><source id="mixamorig_Spine2-Matrix-animation-output-transform"><float_array id="mixamorig_Spine2-Matrix-animation-output-transform-array" count="656">

0.995558 0.012964 -0.093252 -0.000000 -0.009414 0.999218 0.038407 13.875400 0.093677 -0.037359 0.994901 -0.000000 0.000000 0.000000 0.000000 1.000000
0.995662 0.015616 -0.091729 0.000000 -0.012118 0.999182 0.038570 13.875400 0.092256 -0.037291 0.995037 0.000000 0.000000 0.000000 0.000000 1.000000
0.995739 0.018795 -0.090280 0.000000 -0.015363 0.999138 0.038558 13.875400 0.090927 -0.037007 0.995170 0.000000 0.000000 0.000000 0.000000 1.000000
0.995751 0.021903 -0.089449 0.000000 -0.018418 0.999046 0.039602 13.875400 0.090231 -0.037787 0.995204 0.000000 0.000000 0.000000 0.000000 1.000000
0.995696 0.024677 -0.089337 0.000000 -0.020866 0.998842 0.043347 13.875400 0.090303 -0.041296 0.995058 -0.000000 0.000000 0.000000 0.000000 1.000000
0.995611 0.026984 -0.089612 0.000000 -0.022613 0.998521 0.049448 13.875400 0.090814 -0.047205 0.994749 0.000000 0.000000 0.000000 0.000000 1.000000
0.995559 0.028630 -0.089683 0.000000 -0.023735 0.998194 0.055184 13.875400 0.091101 -0.052811 0.994440 0.000000 0.000000 0.000000 0.000000 1.000000
0.995595 0.029098 -0.089131 -0.000000 -0.024023 0.998057 0.057488 13.875400 0.090631 -0.055094 0.994359 -0.000000 0.000000 0.000000 0.000000 1.000000
0.995748 0.027578 -0.087892 -0.000000 -0.022812 0.998238 0.054775 13.875400 0.089248 -0.052537 0.994623 -0.000000 0.000000 0.000000 0.000000 1.000000
0.996018 0.023916 -0.085886 0.000000 -0.019846 0.998653 0.047935 13.875400 0.086917 -0.046040 0.995151 0.000000 0.000000 0.000000 0.000000 1.000000
0.996391 0.019601 -0.082583 0.000000 -0.016417 0.999102 0.039061 13.875400 0.083275 -0.037564 0.995818 0.000000 0.000000 0.000000 0.000000 1.000000
0.996869 0.016987 -0.077219 0.000000 -0.014665 0.999426 0.030543 13.875400 0.077694 -0.029315 0.996546 0.000000 0.000000 0.000000 0.000000 1.000000
0.997412 0.016644 -0.069950 -0.000000 -0.014933 0.999578 0.024911 13.875400 0.070335 -0.023802 0.997239 0.000000 0.000000 0.000000 0.000000 1.000000
0.997876 0.016307 -0.063062 0.000000 -0.014856 0.999615 0.023413 13.875400 0.063420 -0.022427 0.997735 0.000000 0.000000 0.000000 0.000000 1.000000
0.998104 0.013371 -0.060077 0.000000 -0.011940 0.999638 0.024119 13.875400 0.060378 -0.023356 0.997902 0.000000 0.000000 0.000000 0.000000 1.000000
0.998005 0.007887 -0.062638 -0.000000 -0.006407 0.999697 0.023787 13.875400 0.062807 -0.023338 0.997753 0.000000 0.000000 0.000000 0.000000 1.000000
0.997654 0.001699 -0.068435 0.000000 -0.000217 0.999765 0.021657 13.875400 0.068456 -0.021591 0.997420 -0.000000 0.000000 0.000000 0.000000 1.000000
0.997278 -0.003298 -0.073656 -0.000000 0.004783 0.999789 0.019987 13.875400 0.073575 -0.020285 0.997083 -0.000000 0.000000 0.000000 0.000000 1.000000
0.997043 -0.005953 -0.076621 0.000000 0.007557 0.999758 0.020666 13.875400 0.076479 -0.021183 0.996846 0.000000 0.000000 0.000000 0.000000 1.000000
0.996890 -0.006437 -0.078546 0.000000 0.008265 0.999702 0.022974 13.875400 0.078375 -0.023551 0.996646 0.000000 0.000000 0.000000 0.000000 1.000000
0.996644 -0.006208 -0.081625 -0.000000 0.008287 0.999649 0.025159 13.875400 0.081440 -0.025751 0.996346 -0.000000 0.000000 0.000000 0.000000 1.000000
0.996186 -0.006702 -0.087003 0.000000 0.009010 0.999617 0.026155 13.875400 0.086794 -0.026839 0.995865 0.000000 0.000000 0.000000 0.000000 1.000000
0.995545 -0.008075 -0.093945 0.000000 0.010576 0.999602 0.026147 13.875400 0.093697 -0.027024 0.995234 -0.000000 0.000000 0.000000 0.000000 1.000000
0.994889 -0.009588 -0.100521 0.000000 0.012283 0.999581 0.026219 13.875400 0.100227 -0.027320 0.994589 0.000000 0.000000 0.000000 0.000000 1.000000
0.994385 -0.010653 -0.105287 -0.000000 0.013622 0.999528 0.027527 13.875400 0.104944 -0.028806 0.994061 -0.000000 0.000000 0.000000 0.000000 1.000000
0.994050 -0.011016 -0.108362 0.000000 0.014382 0.999437 0.030327 13.875400 0.107967 -0.031705 0.993649 -0.000000 0.000000 0.000000 0.000000 1.000000
0.993770 -0.010441 -0.110964 0.000000 0.014282 0.999324 0.033869 13.875400 0.110536 -0.035243 0.993247 0.000000 0.000000 0.000000 0.000000 1.000000
0.993406 -0.008753 -0.114313 0.000000 0.013128 0.999208 0.037576 13.875400 0.113893 -0.038829 0.992734 0.000000 0.000000 0.000000 0.000000 1.000000
0.992884 -0.006473 -0.118913 0.000000 0.011436 0.999090 0.041098 13.875400 0.118539 -0.042166 0.992054 0.000000 0.000000 0.000000 0.000000 1.000000
0.992317 -0.004775 -0.123633 0.000000 0.010358 0.998953 0.044553 13.875400 0.123291 -0.045492 0.991327 0.000000 0.000000 0.000000 0.000000 1.000000
0.992093 -0.004895 -0.125411 0.000000 0.010920 0.998816 0.047403 13.875400 0.125031 -0.048397 0.990972 0.000000 0.000000 0.000000 0.000000 1.000000
0.992525 -0.006949 -0.121844 -0.000000 0.012971 0.998729 0.048702 13.875400 0.121351 -0.049919 0.991354 0.000000 0.000000 0.000000 0.000000 1.000000
0.993351 -0.009640 -0.114719 0.000000 0.015203 0.998746 0.047710 13.875400 0.114116 -0.049137 0.992252 0.000000 0.000000 0.000000 0.000000 1.000000
0.994078 -0.011000 -0.108107 -0.000000 0.015950 0.998858 0.045034 13.875400 0.107488 -0.046492 0.993119 0.000000 0.000000 0.000000 0.000000 1.000000
0.994598 -0.010315 -0.103289 0.000000 0.014786 0.998982 0.042613 13.875400 0.102744 -0.043910 0.993738 0.000000 0.000000 0.000000 0.000000 1.000000
0.995085 -0.008349 -0.098672 0.000000 0.012544 0.999040 0.041968 13.875400 0.098227 -0.042999 0.994235 0.000000 0.000000 0.000000 0.000000 1.000000
0.995541 -0.005800 -0.094152 -0.000000 0.009873 0.999033 0.042852 13.875400 0.093813 -0.043590 0.994635 0.000000 0.000000 0.000000 0.000000 1.000000
0.995790 -0.002364 -0.091637 0.000000 0.006396 0.999023 0.043737 13.875400 0.091444 -0.044139 0.994832 0.000000 0.000000 0.000000 0.000000 1.000000
0.995782 0.002103 -0.091729 0.000000 0.001843 0.999077 0.042914 13.875400 0.091735 -0.042902 0.994859 -0.000000 0.000000 0.000000 0.000000 1.000000
0.995637 0.007515 -0.093012 0.000000 -0.003766 0.999176 0.040421 13.875400 0.093240 -0.039895 0.994844 0.000000 0.000000 0.000000 0.000000 1.000000
0.995558 0.012964 -0.093252 -0.000000 -0.009414 0.999218 0.038408 13.875400 0.093677 -0.037359 0.994901 0.000000 0.000000 0.000000 0.000000 1.000000</float_array><technique_common><accessor source="#mixamorig_Spine2-Matrix-animation-output-transform-array" count="41" stride="16"><param type="float4x4"/></accessor></technique_common></source><source id="mixamorig_Spine2-Interpolations"><Name_array id="mixamorig_Spine2-Interpolations-array" count="41">
 LINEAR LINEAR LINEAR LINEAR LINEAR LINEAR LINEAR LINEAR LINEAR LINEAR LINEAR
LINEAR LINEAR LINEAR LINEAR LINEAR LINEAR LINEAR LINEAR LINEAR LINEAR LINEAR LINEAR
LINEAR LINEAR LINEAR LINEAR LINEAR LINEAR LINEAR LINEAR LINEAR LINEAR LINEAR LINEAR
LINEAR LINEAR LINEAR LINEAR LINEAR LINEAR</Name_array><technique_common><accessor source="#mixamorig_Spine2-Interpolations-array" count="41"><param type="name"/></accessor></technique_common></source><sampler id="mixamorig_Spine2-Matrix-animation-transform"><input semantic="INPUT" source="#mixamorig_Spine2-Matrix-animation-input"/><input semantic="OUTPUT" source="#mixamorig_Spine2-Matrix-animation-output-transform"/><input semantic="INTERPOLATION" source="#mixamorig_Spine2-Interpolations"/></sampler><channel source="#mixamorig_Spine2-Matrix-animation-transform" target="mixamorig_Spine2/matrix"/></animation>
    <animation id="mixamorig_Neck-anim" name="mixamorig_Neck"><source id="mixamorig_Neck-Matrix-animation-input"><float_array id="mixamorig_Neck-Matrix-animation-input-array" count="41">

0.000000 0.033333 0.066667 0.100000 0.133333 0.166667 0.200000 0.233333 0.266667 0.300000 0.333333 0.366667 0.400000 0.433333 0.466667 0.500000
0.533333 0.566667 0.600000 0.633333 0.666667 0.700000 0.733333 0.766667 0.800000 0.833333 0.866667 0.900000 0.933333 0.966667 1.000000 1.033333
1.066667 1.100000 1.133333 1.166667 1.200000 1.233333 1.266667 1.300000 1.333333</float_array><technique_common><accessor source="#mixamorig_Neck-Matrix-animation-input-array" count="41"><param name="TIME" type="float"/></accessor></technique_common></source><source id="mixamorig_Neck-Matrix-animation-output-transform"><float_array id="mixamorig_Neck-Matrix-animation-output-transform-array" count="656">

0.879162 0.037027 0.475083 -0.000000 -0.070206 0.996162 0.052280 15.609900 -0.471324 -0.079317 0.878387 0.000000 0.000000 0.000000 0.000000 1.000000
0.878149 0.037650 0.476904 -0.000000 -0.069671 0.996335 0.049630 15.609900 -0.473287 -0.076809 0.877553 0.000000 0.000000 0.000000 0.000000 1.000000
0.876283 0.039229 0.480198 0.000000 -0.069280 0.996581 0.045012 15.609900 -0.476790 -0.072711 0.876005 0.000000 0.000000 0.000000 0.000000 1.000000
0.873636 0.040887 0.484858 0.000000 -0.068311 0.996901 0.039019 15.609900 -0.481760 -0.067210 0.873722 0.000000 0.000000 0.000000 0.000000 1.000000
0.870762 0.040556 0.490030 -0.000000 -0.065105 0.997328 0.033148 15.609900 -0.487376 -0.060767 0.871075 0.000000 0.000000 0.000000 0.000000 1.000000
0.868211 0.037171 0.494801 0.000000 -0.058791 0.997872 0.028195 15.609900 -0.492700 -0.053569 0.868549 -0.000000 0.000000 0.000000 0.000000 1.000000
0.866186 0.031580 0.498723 0.000000 -0.050936 0.998383 0.025246 15.609900 -0.497119 -0.047271 0.866394 0.000000 0.000000 0.000000 0.000000 1.000000
0.864500 0.025890 0.501965 0.000000 -0.044809 0.998666 0.025662 15.609900 -0.500631 -0.044678 0.864507 -0.000000 0.000000 0.000000 0.000000 1.000000
0.863050 0.021992 0.504639 0.000000 -0.042481 0.998673 0.029130 15.609900 -0.503328 -0.046578 0.862839 -0.000000 0.000000 0.000000 0.000000 1.000000
0.862230 0.020984 0.506082 0.000000 -0.043640 0.998504 0.032950 15.609900 -0.504634 -0.050496 0.861855 0.000000 0.000000 0.000000 0.000000 1.000000
0.862914 0.023020 0.504827 0.000000 -0.046827 0.998306 0.034520 15.609900 -0.503177 -0.053427 0.862530 -0.000000 0.000000 0.000000 0.000000 1.000000
0.865447 0.026905 0.500278 0.000000 -0.049989 0.998211 0.032793 15.609900 -0.498501 -0.053389 0.865244 0.000000 0.000000 0.000000 0.000000 1.000000
0.868920 0.030580 0.494007 0.000000 -0.050728 0.998336 0.027428 15.609900 -0.492346 -0.048893 0.869025 0.000000 0.000000 0.000000 0.000000 1.000000
0.871837 0.032963 0.488686 -0.000000 -0.048673 0.998625 0.019474 15.609900 -0.487372 -0.040764 0.872243 -0.000000 0.000000 0.000000 0.000000 1.000000
0.873698 0.034187 0.485267 0.000000 -0.046602 0.998822 0.013538 15.609900 -0.484232 -0.034442 0.874261 -0.000000 0.000000 0.000000 0.000000 1.000000
0.875279 0.034274 0.482403 0.000000 -0.047068 0.998787 0.014437 15.609900 -0.481323 -0.035342 0.875830 0.000000 0.000000 0.000000 0.000000 1.000000
0.877194 0.033057 0.478998 0.000000 -0.049355 0.998551 0.021471 15.609900 -0.477594 -0.042475 0.877554 0.000000 0.000000 0.000000 0.000000 1.000000
0.879124 0.031127 0.475576 0.000000 -0.050913 0.998288 0.028776 15.609900 -0.473866 -0.049511 0.879204 -0.000000 0.000000 0.000000 0.000000 1.000000
0.880559 0.029604 0.473012 -0.000000 -0.050981 0.998173 0.032436 15.609900 -0.471187 -0.052676 0.880459 -0.000000 0.000000 0.000000 0.000000 1.000000
0.881388 0.029122 0.471495 0.000000 -0.051230 0.998104 0.034117 15.609900 -0.469607 -0.054225 0.881209 0.000000 0.000000 0.000000 0.000000 1.000000
0.881690 0.029412 0.470912 -0.000000 -0.053197 0.997888 0.037275 15.609900 -0.468821 -0.057916 0.881392 -0.000000 0.000000 0.000000 0.000000 1.000000
0.881826 0.029005 0.470682 0.000000 -0.055630 0.997536 0.042752 15.609900 -0.468282 -0.063884 0.881267 0.000000 0.000000 0.000000 0.000000 1.000000
0.882582 0.026107 0.469433 0.000000 -0.055394 0.997277 0.048684 15.609900 -0.466883 -0.068972 0.881625 -0.000000 0.000000 0.000000 0.000000 1.000000
0.884407 0.020976 0.466245 0.000000 -0.051419 0.997287 0.052668 15.609900 -0.463875 -0.070554 0.883087 0.000000 0.000000 0.000000 0.000000 1.000000
0.886745 0.016253 0.461972 0.000000 -0.046271 0.997483 0.053724 15.609900 -0.459936 -0.069015 0.885266 0.000000 0.000000 0.000000 0.000000 1.000000
0.888573 0.014239 0.458514 -0.000000 -0.043545 0.997623 0.053407 15.609900 -0.456663 -0.067422 0.887081 0.000000 0.000000 0.000000 0.000000 1.000000
0.889438 0.014670 0.456820 0.000000 -0.044617 0.997498 0.054838 15.609900 -0.454872 -0.069157 0.887868 0.000000 0.000000 0.000000 0.000000 1.000000
0.889708 0.016161 0.456245 0.000000 -0.048243 0.997106 0.058758 15.609900 -0.453975 -0.074287 0.887912 0.000000 0.000000 0.000000 0.000000 1.000000
0.889962 0.018414 0.455663 0.000000 -0.052041 0.996758 0.061362 15.609900 -0.453056 -0.078323 0.888035 0.000000 0.000000 0.000000 0.000000 1.000000
0.890516 0.021212 0.454457 0.000000 -0.053661 0.996837 0.058621 15.609900 -0.451776 -0.076590 0.888837 -0.000000 0.000000 0.000000 0.000000 1.000000
0.891445 0.022688 0.452560 0.000000 -0.052605 0.997174 0.053629 15.609900 -0.450065 -0.071614 0.890120 0.000000 0.000000 0.000000 0.000000 1.000000
0.892532 0.021583 0.450467 -0.000000 -0.051376 0.997218 0.054016 15.609900 -0.448048 -0.071354 0.891157 0.000000 0.000000 0.000000 0.000000 1.000000
0.893366 0.019618 0.448901 -0.000000 -0.052387 0.996781 0.060695 15.609900 -0.446265 -0.077740 0.891518 0.000000 0.000000 0.000000 0.000000 1.000000
0.893630 0.019687 0.448372 0.000000 -0.053588 0.996571 0.063047 15.609900 -0.445593 -0.080368 0.891621 0.000000 0.000000 0.000000 0.000000 1.000000
0.893065 0.022291 0.449376 0.000000 -0.051598 0.997257 0.053075 15.609900 -0.446960 -0.070587 0.891765 0.000000 0.000000 0.000000 0.000000 1.000000
0.891299 0.025819 0.452681 0.000000 -0.048409 0.998090 0.038387 15.609900 -0.450825 -0.056128 0.890846 0.000000 0.000000 0.000000 0.000000 1.000000
0.888154 0.029380 0.458605 0.000000 -0.049471 0.998267 0.031855 15.609900 -0.456874 -0.050980 0.888069 0.000000 0.000000 0.000000 0.000000 1.000000
0.884351 0.032990 0.465656 0.000000 -0.055860 0.997811 0.035396 15.609900 -0.463469 -0.057314 0.884258 0.000000 0.000000 0.000000 0.000000 1.000000
0.881212 0.036094 0.471342 0.000000 -0.063062 0.997145 0.041543 15.609900 -0.468497 -0.066332 0.880972 0.000000 0.000000 0.000000 0.000000 1.000000
0.879343 0.037897 0.474679 -0.000000 -0.068110 0.996588 0.046609 15.609900 -0.471293 -0.073316 0.878924 -0.000000 0.000000 0.000000 0.000000 1.000000
