<?xml version="1.0" encoding="utf-8"?>
<COLLADA xmlns="http://www.collada.org/2005/11/COLLADASchema" version="1.4.1">
  <asset><contributor><author>Mixamo</author><authoring_tool>COLLADA Mixamo exporter</authoring_tool><comments></comments></contributor><created>2020-04-02T17:26:34Z</created><modified>2020-04-02T17:26:34Z</modified><revision></revision><title></title><unit meter="0.025400"/><up_axis>Y_UP</up_axis></asset>
  <library_animations>
    <animation id="mixamorig_Hips-anim" name="mixamorig_Hips"><source id="mixamorig_Hips-Matrix-animation-input"><float_array id="mixamorig_Hips-Matrix-animation-input-array" count="90">

0.000000 0.033333 0.066667 0.100000 0.133333 0.166667 0.200000 0.233333 0.266667 0.300000 0.333333 0.366667 0.400000 0.433333 0.466667 0.500000
0.533333 0.566667 0.600000 0.633333 0.666667 0.700000 0.733333 0.766667 0.800000 0.833333 0.866667 0.900000 0.933333 0.966667 1.000000 1.033333
1.066667 1.100000 1.133333 1.166667 1.200000 1.233333 1.266667 1.300000 1.333333 1.366667 1.400000 1.433333 1.466667 1.500000 1.533333 1.566667
1.600000 1.633333 1.666667 1.700000 1.733333 1.766667 1.800000 1.833333 1.866667 1.900000 1.933333 1.966667 2.000000 2.033333 2.066667 2.100000
2.133333 2.166667 2.200000 2.233333 2.266667 2.300000 2.333333 2.366667 2.400000 2.433333 2.466667 2.500000 2.533333 2.566667 2.600000 2.633333
2.666667 2.700000 2.733333 2.766667 2.800000 2.833333 2.866667 2.900000 2.933333 2.966667</float_array><technique_common><accessor source="#mixamorig_Hips-Matrix-animation-input-array" count="90"><param name="TIME" type="float"/></accessor></technique_common></source><source id="mixamorig_Hips-Matrix-animation-output-transform"><float_array id="mixamorig_Hips-Matrix-animation-output-transform-array" count="1440">

0.575563 0.067430 -0.814973 -0.550352 0.037613 0.993357 0.108753 56.986546 0.816892 -0.093247 0.569203 0.012010 0.000000 0.000000 0.000000 1.000000
0.600713 0.067638 -0.796599 -0.755877 0.044086 0.992096 0.117483 56.842270 0.798249 -0.105692 0.592982 0.157478 0.000000 0.000000 0.000000 1.000000
0.642319 0.069268 -0.763301 -1.580194 0.052026 0.989670 0.133590 56.569248 0.764670 -0.125519 0.632080 0.605938 0.000000 0.000000 0.000000 1.000000
0.695458 0.076671 -0.714465 -3.201512 0.062440 0.984082 0.166383 56.168896 0.715849 -0.160324 0.679600 1.561615 0.000000 0.000000 0.000000 1.000000
0.751310 0.088232 -0.654025 -4.959303 0.079713 0.971634 0.222650 55.800575 0.655118 -0.219413 0.722965 2.717274 0.000000 0.000000 0.000000 1.000000
0.764973 0.099399 -0.636346 -6.380564 0.095239 0.959700 0.264397 55.495987 0.636981 -0.262862 0.724678 3.908520 0.000000 0.000000 0.000000 1.000000
0.752297 0.092763 -0.652260 -7.389032 0.103275 0.961194 0.255813 55.168037 0.650679 -0.259810 0.713524 5.027367 0.000000 0.000000 0.000000 1.000000
0.732625 0.070129 -0.677010 -8.178662 0.123814 0.964350 0.233879 54.915260 0.669276 -0.255169 0.697824 5.926702 0.000000 0.000000 0.000000 1.000000
0.735986 0.064017 -0.673964 -8.646034 0.130643 0.963377 0.234173 54.777847 0.664272 -0.260397 0.700668 6.578196 0.000000 0.000000 0.000000 1.000000
0.763539 0.069712 -0.641988 -8.719480 0.117509 0.962559 0.244279 54.746082 0.634981 -0.261956 0.726759 7.002372 0.000000 0.000000 0.000000 1.000000
0.788968 0.067676 -0.610696 -8.681806 0.114448 0.960335 0.254280 54.880455 0.603681 -0.270512 0.749928 7.657136 0.000000 0.000000 0.000000 1.000000
0.801733 0.064808 -0.594159 -8.655714 0.108955 0.961599 0.251905 55.176369 0.587668 -0.266697 0.763884 8.487604 0.000000 0.000000 0.000000 1.000000
0.808220 0.062937 -0.585508 -8.583849 0.098231 0.965933 0.239426 55.612663 0.580630 -0.251024 0.774503 9.478052 0.000000 0.000000 0.000000 1.000000
0.806612 0.060121 -0.588015 -8.398813 0.093059 0.969490 0.226779 56.143677 0.583709 -0.237643 0.776408 10.526287 0.000000 0.000000 0.000000 1.000000
0.800625 0.057453 -0.596405 -8.190670 0.090204 0.972489 0.214773 56.732162 0.592337 -0.225751 0.773416 11.615231 0.000000 0.000000 0.000000 1.000000
0.790990 0.058610 -0.609016 -7.993471 0.083326 0.975807 0.202134 57.346703 0.606129 -0.210633 0.766969 12.746944 0.000000 0.000000 0.000000 1.000000
0.775228 0.060226 -0.628804 -7.821195 0.079902 0.978100 0.192189 57.956963 0.626608 -0.199233 0.753438 13.862202 0.000000 0.000000 0.000000 1.000000
0.753441 0.059499 -0.654817 -7.702298 0.081705 0.979706 0.183030 58.534046 0.652419 -0.191404 0.733290 14.953581 0.000000 0.000000 0.000000 1.000000
0.738400 0.064349 -0.671285 -7.591541 0.080794 0.979825 0.182797 59.039635 0.669505 -0.189213 0.718304 16.015730 0.000000 0.000000 0.000000 1.000000
0.731339 0.077855 -0.677556 -7.473101 0.073153 0.978777 0.191427 59.431717 0.678079 -0.189564 0.710122 17.059275 0.000000 0.000000 0.000000 1.000000
0.724783 0.088990 -0.683206 -7.377108 0.066649 0.977917 0.198082 59.665195 0.685746 -0.189102 0.702846 18.060572 0.000000 0.000000 0.000000 1.000000
0.716607 0.098249 -0.690523 -7.300860 0.063994 0.976591 0.205363 59.651608 0.694535 -0.191354 0.693545 18.950630 0.000000 0.000000 0.000000 1.000000
0.709064 0.110099 -0.696495 -7.213992 0.060061 0.974716 0.215224 59.388550 0.702581 -0.194440 0.684524 19.723797 0.000000 0.000000 0.000000 1.000000
0.701867 0.124087 -0.701416 -7.088086 0.053390 0.972775 0.225517 59.092670 0.710304 -0.195732 0.676134 20.498840 0.000000 0.000000 0.000000 1.000000
0.694640 0.139450 -0.705711 -6.939813 0.046016 0.970407 0.237048 58.767891 0.717884 -0.197137 0.667667 21.319244 0.000000 0.000000 0.000000 1.000000
0.685964 0.152967 -0.711375 -6.792376 0.036405 0.969214 0.243514 58.424625 0.726724 -0.192939 0.659277 22.138041 0.000000 0.000000 0.000000 1.000000
0.678487 0.164694 -0.715913 -6.642000 0.024400 0.968955 0.246030 58.095829 0.734207 -0.184397 0.653405 22.926054 0.000000 0.000000 0.000000 1.000000
0.671724 0.180255 -0.718537 -6.387205 0.004917 0.968839 0.247643 57.708534 0.740785 -0.169881 0.649906 23.703249 0.000000 0.000000 0.000000 1.000000
0.663311 0.201150 -0.720803 -6.045772 -0.020539 0.967729 0.251156 57.163559 0.748062 -0.151790 0.646037 24.471762 0.000000 0.000000 0.000000 1.000000
0.648215 0.229075 -0.726184 -5.640082 -0.048426 0.964147 0.260913 56.610764 0.759916 -0.133961 0.636067 25.276552 0.000000 0.000000 0.000000 1.000000
0.624108 0.253376 -0.739115 -5.274579 -0.076563 0.961239 0.264873 56.099262 0.777578 -0.108720 0.619316 26.243137 0.000000 0.000000 0.000000 1.000000
0.596389 0.273911 -0.754515 -4.900760 -0.103528 0.958374 0.266086 55.068981 0.795991 -0.080578 0.599921 27.275293 0.000000 0.000000 0.000000 1.000000
0.564813 0.296787 -0.770002 -4.550969 -0.129088 0.953378 0.272777 53.966415 0.815060 -0.054670 0.576792 28.448360 0.000000 0.000000 0.000000 1.000000
0.524894 0.317570 -0.789706 -4.202466 -0.156215 0.947974 0.277383 52.761497 0.836710 -0.022233 0.547195 29.804264 0.000000 0.000000 0.000000 1.000000
0.486420 0.337092 -0.806080 -3.793011 -0.187409 0.941359 0.280574 51.425392 0.853389 0.014589 0.521070 31.329752 0.000000 0.000000 0.000000 1.000000
0.452299 0.355855 -0.817797 -3.415561 -0.218621 0.933213 0.285164 49.994843 0.864656 0.049808 0.499889 33.025581 0.000000 0.000000 0.000000 1.000000
0.418106 0.378649 -0.825719 -3.050784 -0.251465 0.921706 0.295335 48.474125 0.872899 0.084158 0.480588 34.880211 0.000000 0.000000 0.000000 1.000000
0.385033 0.398262 -0.832548 -2.664275 -0.287363 0.908989 0.301931 46.753090 0.877025 0.122990 0.464437 36.806297 0.000000 0.000000 0.000000 1.000000
0.355629 0.414071 -0.837898 -2.220114 -0.322372 0.895833 0.305876 44.783497 0.877271 0.161337 0.452069 38.676250 0.000000 0.000000 0.000000 1.000000
0.330551 0.429368 -0.840464 -1.738453 -0.361330 0.880247 0.307582 42.441177 0.871881 0.202014 0.446110 40.697742 0.000000 0.000000 0.000000 1.000000
0.313567 0.443070 -0.839860 -1.187158 -0.405779 0.862166 0.303337 39.758823 0.858498 0.245681 0.450135 42.911064 0.000000 0.000000 0.000000 1.000000
0.302003 0.450140 -0.840338 -0.579598 -0.453888 0.843068 0.288482 36.529499 0.838320 0.294297 0.458922 45.062431 0.000000 0.000000 0.000000 1.000000
0.288280 0.464314 -0.837441 0.168441 -0.509679 0.814790 0.276304 32.665047 0.810631 0.347173 0.471539 47.217827 0.000000 0.000000 0.000000 1.000000
0.263534 0.478288 -0.837729 1.107249 -0.569462 0.778097 0.265100 28.423435 0.778629 0.407192 0.477422 49.399361 0.000000 0.000000 0.000000 1.000000
0.232457 0.486474 -0.842204 2.381493 -0.630343 0.734805 0.250457 23.902405 0.740696 0.472657 0.477456 51.087555 0.000000 0.000000 0.000000 1.000000
0.188294 0.473961 -0.860178 3.928716 -0.691997 0.685530 0.226250 19.372608 0.696911 0.552639 0.457061 52.303608 0.000000 0.000000 0.000000 1.000000
0.051755 0.467638 -0.882404 5.702332 -0.770761 0.580552 0.262463 15.386518 0.635019 0.666538 0.390484 53.537411 0.000000 0.000000 0.000000 1.000000
-0.146060 0.506184 -0.849967 7.639417 -0.844338 0.383941 0.373742 12.988544 0.515519 0.772248 0.371312 55.014252 0.000000 0.000000 0.000000 1.000000
-0.306929 0.525384 -0.793578 9.311867 -0.884992 0.149193 0.441057 12.147806 0.350120 0.837683 0.419169 56.982353 0.000000 0.000000 0.000000 1.000000
-0.400028 0.485042 -0.777632 10.351287 -0.883777 0.020561 0.467456 12.735759 0.242725 0.874249 0.420444 59.064156 0.000000 0.000000 0.000000 1.000000
-0.456564 0.456469 -0.763666 11.477814 -0.866906 -0.035235 0.497226 14.237879 0.200061 0.889041 0.411803 61.367092 0.000000 0.000000 0.000000 1.000000
-0.486912 0.461415 -0.741629 12.946481 -0.854644 -0.076430 0.513559 15.999583 0.180281 0.883886 0.431560 63.804371 0.000000 0.000000 0.000000 1.000000
-0.490105 0.478710 -0.728446 14.281055 -0.860009 -0.129363 0.493609 17.401525 0.142062 0.868391 0.475096 66.476303 0.000000 0.000000 0.000000 1.000000
-0.480301 0.458031 -0.748009 15.332514 -0.872587 -0.163089 0.460428 18.367039 0.088899 0.873847 0.478004 69.127205 0.000000 0.000000 0.000000 1.000000
-0.474734 0.426299 -0.769998 16.362782 -0.879032 -0.185985 0.438990 19.129177 0.043933 0.885256 0.463024 71.540749 0.000000 0.000000 0.000000 1.000000
-0.476885 0.392623 -0.786402 17.220722 -0.878853 -0.198670 0.433759 19.715004 0.014070 0.897985 0.439800 73.402763 0.000000 0.000000 0.000000 1.000000
-0.476631 0.383420 -0.791082 17.884464 -0.879040 -0.218653 0.423650 19.894146 -0.010536 0.897318 0.441259 74.694450 0.000000 0.000000 0.000000 1.000000
-0.483567 0.382459 -0.787330 18.349258 -0.874880 -0.239300 0.421095 19.695511 -0.027356 0.892447 0.450323 75.639931 0.000000 0.000000 0.000000 1.000000
-0.489455 0.387726 -0.781091 18.431747 -0.871360 -0.252532 0.420666 19.257504 -0.034147 0.886508 0.461451 76.305786 0.000000 0.000000 0.000000 1.000000
-0.492272 0.399900 -0.773142 18.164261 -0.869816 -0.259669 0.419514 18.710304 -0.032997 0.879006 0.475667 76.721710 0.000000 0.000000 0.000000 1.000000
-0.483099 0.422194 -0.767051 17.662083 -0.875135 -0.260300 0.407900 18.110649 -0.027450 0.868330 0.495227 76.922234 0.000000 0.000000 0.000000 1.000000
-0.463466 0.452031 -0.762147 17.087561 -0.885906 -0.255041 0.387460 17.301420 -0.019235 0.854765 0.518659 76.872047 0.000000 0.000000 0.000000 1.000000
-0.443746 0.481364 -0.755896 16.527710 -0.896036 -0.251905 0.365599 17.386040 -0.014427 0.839543 0.543101 76.737953 0.000000 0.000000 0.000000 1.000000
-0.423428 0.508837 -0.749529 15.802343 -0.905842 -0.249319 0.342477 17.827982 -0.012607 0.823969 0.566495 76.466560 0.000000 0.000000 0.000000 1.000000
-0.399349 0.533225 -0.745783 15.156149 -0.916677 -0.245506 0.315326 17.948137 -0.014955 0.809567 0.586837 76.150818 0.000000 0.000000 0.000000 1.000000
-0.370931 0.557068 -0.743025 14.545488 -0.928489 -0.237841 0.285201 17.911394 -0.017845 0.795680 0.605454 76.012138 0.000000 0.000000 0.000000 1.000000
-0.341662 0.580643 -0.739000 13.821646 -0.939599 -0.228223 0.255086 17.934900 -0.020543 0.781516 0.623546 75.879898 0.000000 0.000000 0.000000 1.000000
-0.312085 0.604316 -0.733079 13.026289 -0.949771 -0.217279 0.225220 17.981411 -0.023178 0.766545 0.641772 75.681206 0.000000 0.000000 0.000000 1.000000
-0.280709 0.624871 -0.728518 12.154450 -0.959465 -0.202533 0.195978 17.952423 -0.025087 0.754000 0.656395 75.458397 0.000000 0.000000 0.000000 1.000000
-0.237174 0.639444 -0.731341 11.169647 -0.971135 -0.175752 0.161272 17.790506 -0.025410 0.748480 0.662670 75.281944 0.000000 0.000000 0.000000 1.000000
-0.179827 0.646841 -0.741120 10.043472 -0.983448 -0.135206 0.120619 17.479759 -0.022182 0.750543 0.660449 75.202324 0.000000 0.000000 0.000000 1.000000
-0.112606 0.642268 -0.758163 8.900904 -0.993557 -0.082595 0.077599 16.933231 -0.012781 0.762017 0.647431 75.140472 0.000000 0.000000 0.000000 1.000000
-0.036609 0.633114 -0.773192 7.698777 -0.999267 -0.014532 0.035414 16.143644 0.011185 0.773922 0.633182 74.895203 0.000000 0.000000 0.000000 1.000000
0.024246 0.620888 -0.783524 6.780107 -0.999147 0.041253 0.001772 15.081276 0.033423 0.782813 0.621359 74.517670 0.000000 0.000000 0.000000 1.000000
0.067149 0.607798 -0.791247 6.114913 -0.996334 0.082974 -0.020817 13.957413 0.053001 0.789745 0.611142 74.043457 0.000000 0.000000 0.000000 1.000000
0.096230 0.595775 -0.797366 5.755199 -0.992540 0.117684 -0.031853 13.629636 0.074860 0.794483 0.602655 73.592659 0.000000 0.000000 0.000000 1.000000
0.088265 0.587171 -0.804636 6.272197 -0.992862 0.116912 -0.023598 13.631796 0.080216 0.800976 0.593299 73.389793 0.000000 0.000000 0.000000 1.000000
0.042438 0.582765 -0.811532 6.935636 -0.996211 0.086401 0.009949 13.834669 0.075915 0.808035 0.584223 73.216995 0.000000 0.000000 0.000000 1.000000
-0.005010 0.580937 -0.813933 7.345836 -0.997372 0.055924 0.046054 14.013814 0.072272 0.812025 0.579131 73.042931 0.000000 0.000000 0.000000 1.000000
-0.046244 0.580535 -0.812921 7.412588 -0.996351 0.031640 0.079274 13.904397 0.071742 0.813620 0.576954 72.996437 0.000000 0.000000 0.000000 1.000000
-0.078041 0.582706 -0.808927 7.329548 -0.994204 0.014695 0.106502 13.720947 0.073947 0.812550 0.578182 72.938957 0.000000 0.000000 0.000000 1.000000
-0.089592 0.591606 -0.801234 7.215400 -0.992645 0.012729 0.120394 13.531797 0.081425 0.806126 0.586114 72.842316 0.000000 0.000000 0.000000 1.000000
-0.098483 0.599147 -0.794559 7.087830 -0.991100 0.012811 0.132504 13.282436 0.089569 0.800536 0.592553 72.780594 0.000000 0.000000 0.000000 1.000000
-0.102365 0.601482 -0.792301 7.069791 -0.990273 0.013842 0.138451 12.991475 0.094243 0.798767 0.594214 72.789223 0.000000 0.000000 0.000000 1.000000
-0.104676 0.601956 -0.791638 7.231458 -0.989690 0.015194 0.142417 12.751290 0.097757 0.798384 0.594160 72.903839 0.000000 0.000000 0.000000 1.000000
-0.106818 0.601226 -0.791908 7.294931 -0.989245 0.015777 0.145414 12.575435 0.099920 0.798924 0.593074 72.938347 0.000000 0.000000 0.000000 1.000000
-0.108318 0.600205 -0.792477 6.967400 -0.988849 0.016900 0.147959 12.484327 0.102198 0.799667 0.591682 72.751717 0.000000 0.000000 0.000000 1.000000
-0.110748 0.599012 -0.793045 6.866770 -0.988332 0.017580 0.151298 12.472680 0.104571 0.800547 0.590075 72.669044 0.000000 0.000000 0.000000 1.000000
-0.111741 0.597382 -0.794134 6.813434 -0.988067 0.018459 0.152914 12.497281 0.106007 0.801745 0.588191 72.617462 0.000000 0.000000 0.000000 1.000000
-0.108551 0.595819 -0.795749 6.766658 -0.988608 0.019254 0.149276 12.502186 0.104263 0.802888 0.586941 72.620239 0.000000 0.000000 0.000000 1.000000</float_array><technique_common><accessor source="#mixamorig_Hips-Matrix-animation-output-transform-array" count="90" stride="16"><param type="float4x4"/></accessor></technique_common></source><source id="mixamorig_Hips-Interpolations"><Name_array id="mixamorig_Hips-Interpolations-array" count="90">
 LINEAR LINEAR LINEAR LINEAR LINEAR LINEAR LINEAR LINEAR LINEAR LINEAR LINEAR
LINEAR LINEAR LINEAR LINEAR LINEAR LINEAR LINEAR LINEAR LINEAR LINEAR LINEAR LINEAR
LINEAR LINEAR LINEAR LINEAR LINEAR LINEAR LINEAR LINEAR LINEAR LINEAR LINEAR LINEAR
LINEAR LINEAR LINEAR LINEAR LINEAR LINEAR LINEAR LINEAR LINEAR LINEAR LINEAR LINEAR
LINEAR LINEAR LINEAR LINEAR LINEAR LINEAR LINEAR LINEAR LINEAR LINEAR LINEAR LINEAR
LINEAR LINEAR LINEAR LINEAR LINEAR LINEAR LINEAR LINEAR LINEAR LINEAR LINEAR LINEAR
LINEAR LINEAR LINEAR LINEAR LINEAR LINEAR LINEAR LINEAR LINEAR LINEAR LINEAR LINEAR
LINEAR LINEAR LINEAR LINEAR LINEAR LINEAR LINEAR</Name_array><technique_common><accessor source="#mixamorig_Hips-Interpolations-array" count="90"><param type="name"/></accessor></technique_common></source><sampler id="mixamorig_Hips-Matrix-animation-transform"><input semantic="INPUT" source="#mixamorig_Hips-Matrix-animation-input"/><input semantic="OUTPUT" source="#mixamorig_Hips-Matrix-animation-output-transform"/><input semantic="INTERPOLATION" source="#mixamorig_Hips-Interpolations"/></sampler><channel source="#mixamorig_Hips-Matrix-animation-transform" target="mixamorig_Hips/matrix"/></animation>
    <animation id="mixamorig_Spine-anim" name="mixamorig_Spine"><source id="mixamorig_Spine-Matrix-animation-input"><float_array id="mixamorig_Spine-Matrix-animation-input-array" count="90">

0.000000 0.033333 0.066667 0.100000 0.133333 0.166667 0.200000 0.233333 0.266667 0.300000 0.333333 0.366667 0.400000 0.433333 0.466667 0.500000
0.533333 0.566667 0.600000 0.633333 0.666667 0.700000 0.733333 0.766667 0.800000 0.833333 0.866667 0.900000 0.933333 0.966667 1.000000 1.033333
1.066667 1.100000 1.133333 1.166667 1.200000 1.233333 1.266667 1.300000 1.333333 1.366667 1.400000 1.433333 1.466667 1.500000 1.533333 1.566667
1.600000 1.633333 1.666667 1.700000 1.733333 1.766667 1.800000 1.833333 1.866667 1.900000 1.933333 1.966667 2.000000 2.033333 2.066667 2.100000
2.133333 2.166667 2.200000 2.233333 2.266667 2.300000 2.333333 2.366667 2.400000 2.433333 2.466667 2.500000 2.533333 2.566667 2.600000 2.633333
2.666667 2.700000 2.733333 2.766667 2.800000 2.833333 2.866667 2.900000 2.933333 2.966667</float_array><technique_common><accessor source="#mixamorig_Spine-Matrix-animation-input-array" count="90"><param name="TIME" type="float"/></accessor></technique_common></source><source id="mixamorig_Spine-Matrix-animation-output-transform"><float_array id="mixamorig_Spine-Matrix-animation-output-transform-array" count="1440">

0.999951 -0.006739 0.007240 -0.000000 0.006109 0.996471 0.083714 10.246200 -0.007778 -0.083665 0.996464 -1.819800 0.000000 0.000000 0.000000 1.000000
0.999954 -0.004855 0.008216 0.000000 0.004066 0.995615 0.093462 10.246200 -0.008634 -0.093425 0.995589 -1.819800 0.000000 0.000000 0.000000 1.000000
0.999951 -0.001719 0.009703 0.000000 0.000615 0.993628 0.112704 10.246200 -0.009835 -0.112692 0.993581 -1.819800 0.000000 0.000000 0.000000 1.000000
0.999896 0.001244 0.014342 0.000000 -0.003276 0.989787 0.142518 10.246200 -0.014018 -0.142550 0.989688 -1.819800 0.000000 0.000000 0.000000 1.000000
0.999847 -0.001956 0.017386 0.000000 -0.001193 0.983797 0.179282 10.246200 -0.017455 -0.179275 0.983644 -1.819800 0.000000 0.000000 0.000000 1.000000
0.999515 -0.015234 0.027173 -0.000000 0.008905 0.975596 0.219393 10.246200 -0.029852 -0.219044 0.975258 -1.819800 0.000000 0.000000 0.000000 1.000000
0.997920 -0.048910 0.041986 0.000000 0.036553 0.965883 0.256385 10.246200 -0.053094 -0.254317 0.965663 -1.819800 0.000000 0.000000 0.000000 1.000000
0.995795 -0.070573 0.058405 -0.000000 0.051207 0.957489 0.283888 10.246200 -0.075957 -0.279703 0.957077 -1.819800 0.000000 0.000000 0.000000 1.000000
0.994926 -0.078842 0.062496 -0.000000 0.057057 0.953810 0.294942 10.246200 -0.082863 -0.289880 0.953469 -1.819800 0.000000 0.000000 0.000000 1.000000
0.994637 -0.083269 0.061353 0.000000 0.062207 0.955507 0.288333 10.246200 -0.082633 -0.282970 0.955563 -1.819800 0.000000 0.000000 0.000000 1.000000
0.994832 -0.080662 0.061669 -0.000000 0.060272 0.957920 0.280636 10.246200 -0.081711 -0.275468 0.957831 -1.819800 0.000000 0.000000 0.000000 1.000000
0.994980 -0.075845 0.065284 0.000000 0.054281 0.957096 0.284641 10.246200 -0.084072 -0.279668 0.956409 -1.819800 0.000000 0.000000 0.000000 1.000000
0.995159 -0.074197 0.064453 0.000000 0.052458 0.955567 0.290068 10.246200 -0.083111 -0.285283 0.954833 -1.819800 0.000000 0.000000 0.000000 1.000000
0.995311 -0.073685 0.062661 0.000000 0.052883 0.956970 0.285326 10.246200 -0.080989 -0.280674 0.956380 -1.819800 0.000000 0.000000 0.000000 1.000000
0.995371 -0.074141 0.061149 -0.000000 0.054664 0.960099 0.274265 10.246200 -0.079043 -0.269653 0.959708 -1.819800 0.000000 0.000000 0.000000 1.000000
0.995070 -0.079089 0.059834 0.000000 0.060690 0.962798 0.263320 10.246200 -0.078433 -0.258391 0.962851 -1.819800 0.000000 0.000000 0.000000 1.000000
0.994624 -0.084644 0.059655 -0.000000 0.066927 0.965039 0.253419 10.246200 -0.079020 -0.248064 0.965515 -1.819800 0.000000 0.000000 0.000000 1.000000
0.994262 -0.088632 0.059893 0.000000 0.071501 0.967091 0.244176 10.246200 -0.079564 -0.238493 0.967879 -1.819800 0.000000 0.000000 0.000000 1.000000
0.993921 -0.093334 0.058402 0.000000 0.077157 0.968865 0.235261 10.246200 -0.078542 -0.229324 0.970176 -1.819800 0.000000 0.000000 0.000000 1.000000
0.993599 -0.099050 0.054316 0.000000 0.084233 0.970006 0.228020 10.246200 -0.075273 -0.221985 0.972140 -1.819800 0.000000 0.000000 0.000000 1.000000
0.993150 -0.105099 0.051060 0.000000 0.091049 0.969967 0.225555 10.246200 -0.073232 -0.219361 0.972892 -1.819800 0.000000 0.000000 0.000000 1.000000
0.992734 -0.110500 0.047625 0.000000 0.096803 0.968525 0.229321 10.246200 -0.071466 -0.223044 0.972185 -1.819800 0.000000 0.000000 0.000000 1.000000
0.992303 -0.115492 0.044673 0.000000 0.102187 0.967484 0.231371 10.246200 -0.069942 -0.225025 0.971839 -1.819800 0.000000 0.000000 0.000000 1.000000
0.991845 -0.120328 0.042010 0.000000 0.107357 0.966427 0.233439 10.246200 -0.068689 -0.227026 0.971463 -1.819800 0.000000 0.000000 0.000000 1.000000
0.991354 -0.125085 0.039641 0.000000 0.112589 0.966032 0.232608 10.246200 -0.067391 -0.226134 0.971762 -1.819800 0.000000 0.000000 0.000000 1.000000
0.990890 -0.129410 0.037279 0.000000 0.117332 0.965443 0.232709 10.246200 -0.066105 -0.226215 0.971832 -1.819800 0.000000 0.000000 0.000000 1.000000
0.990368 -0.133924 0.035142 -0.000000 0.122227 0.964881 0.232519 10.246200 -0.065048 -0.225984 0.971957 -1.819800 0.000000 0.000000 0.000000 1.000000
0.989649 -0.139629 0.033141 0.000000 0.128634 0.965477 0.226511 10.246200 -0.063624 -0.219903 0.973445 -1.819800 0.000000 0.000000 0.000000 1.000000
0.988601 -0.147225 0.031514 0.000000 0.137434 0.967897 0.210444 10.246200 -0.061485 -0.203714 0.977098 -1.819800 0.000000 0.000000 0.000000 1.000000
0.987388 -0.155369 0.030436 0.000000 0.147114 0.971420 0.186283 10.246200 -0.058508 -0.179456 0.982025 -1.819800 0.000000 0.000000 0.000000 1.000000
0.986372 -0.162000 0.028744 0.000000 0.154968 0.973447 0.168480 10.246200 -0.055275 -0.161730 0.985286 -1.819800 0.000000 0.000000 0.000000 1.000000
0.985684 -0.166395 0.027205 -0.000000 0.160247 0.974721 0.155692 10.246200 -0.052424 -0.149104 0.987431 -1.819800 0.000000 0.000000 0.000000 1.000000
0.985139 -0.169848 0.025533 0.000000 0.164550 0.975929 0.143126 10.246200 -0.049228 -0.136797 0.989375 -1.819800 0.000000 0.000000 0.000000 1.000000
0.984705 -0.172684 0.023147 -0.000000 0.168045 0.976420 0.135513 10.246200 -0.046002 -0.129551 0.990505 -1.819800 0.000000 0.000000 0.000000 1.000000
0.984340 -0.175113 0.020276 -0.000000 0.171111 0.976777 0.128952 10.246200 -0.042386 -0.123463 0.991444 -1.819800 0.000000 0.000000 0.000000 1.000000
0.984019 -0.177210 0.017413 0.000000 0.173793 0.977104 0.122735 10.246200 -0.038764 -0.117747 0.992287 -1.819800 0.000000 0.000000 0.000000 1.000000
0.983811 -0.178605 0.014722 0.000000 0.175708 0.977485 0.116836 10.246200 -0.035258 -0.112357 0.993042 -1.819800 0.000000 0.000000 0.000000 1.000000
0.983744 -0.179134 0.012618 -0.000000 0.176660 0.977982 0.111095 10.246200 -0.032241 -0.107060 0.993730 -1.819800 0.000000 0.000000 0.000000 1.000000
0.983824 -0.178821 0.010617 0.000000 0.176735 0.978606 0.105336 10.246200 -0.029226 -0.101756 0.994380 -1.819800 0.000000 0.000000 0.000000 1.000000
0.984005 -0.177888 0.009524 -0.000000 0.176071 0.979299 0.099858 10.246200 -0.027091 -0.096584 0.994956 -1.819800 0.000000 0.000000 0.000000 1.000000
0.984255 -0.176432 0.010654 -0.000000 0.174809 0.980574 0.088972 10.246200 -0.026144 -0.085709 0.995977 -1.819800 0.000000 0.000000 0.000000 1.000000
0.984338 -0.175755 0.013712 0.000000 0.174300 0.981933 0.073664 10.246200 -0.026412 -0.070120 0.997189 -1.819800 0.000000 0.000000 0.000000 1.000000
0.984215 -0.176044 0.018128 -0.000000 0.174781 0.982980 0.056587 10.246200 -0.027782 -0.052525 0.998233 -1.819800 0.000000 0.000000 0.000000 1.000000
0.983598 -0.178951 0.022621 -0.000000 0.178058 0.983334 0.036738 10.246200 -0.028818 -0.032108 0.999069 -1.819800 0.000000 0.000000 0.000000 1.000000
0.983690 -0.177556 0.028772 0.000000 0.177337 0.984099 0.010023 10.246200 -0.030094 -0.004757 0.999536 -1.819800 0.000000 0.000000 0.000000 1.000000
0.983372 -0.177392 0.038874 0.000000 0.178471 0.983594 -0.026283 10.246200 -0.033574 0.032784 0.998898 -1.819800 0.000000 0.000000 0.000000 1.000000
0.979122 -0.191535 0.068071 0.000000 0.196103 0.978202 -0.068296 10.246200 -0.053507 0.080219 0.995340 -1.819800 0.000000 0.000000 0.000000 1.000000
0.980116 -0.171083 0.100515 -0.000000 0.183338 0.974554 -0.128965 10.246200 -0.075893 0.144829 0.986542 -1.819800 0.000000 0.000000 0.000000 1.000000
0.982849 -0.147944 0.110097 0.000000 0.163807 0.974603 -0.152696 10.246200 -0.084711 0.168111 0.982122 -1.819800 0.000000 0.000000 0.000000 1.000000
0.980914 -0.159899 0.110638 0.000000 0.172271 0.978532 -0.113128 10.246200 -0.090174 0.130028 0.987401 -1.819800 0.000000 0.000000 0.000000 1.000000
0.979245 -0.169653 0.110893 0.000000 0.180501 0.978838 -0.096417 10.246200 -0.092189 0.114432 0.989144 -1.819800 0.000000 0.000000 0.000000 1.000000
0.982947 -0.139853 0.119400 0.000000 0.154241 0.980568 -0.121231 10.246200 -0.100125 0.137580 0.985417 -1.819800 0.000000 0.000000 0.000000 1.000000
0.985749 -0.116019 0.121817 0.000000 0.134045 0.979238 -0.152071 10.246200 -0.101645 0.166233 0.980834 -1.819800 0.000000 0.000000 0.000000 1.000000
0.986394 -0.116559 0.115935 -0.000000 0.134106 0.978399 -0.157326 10.246200 -0.095093 0.170733 0.980718 -1.819800 0.000000 0.000000 0.000000 1.000000
0.986305 -0.125480 0.107036 0.000000 0.140854 0.978470 -0.150851 10.246200 -0.085803 0.163862 0.982745 -1.819800 0.000000 0.000000 0.000000 1.000000
0.987180 -0.126646 0.097146 0.000000 0.139187 0.980942 -0.135575 10.246200 -0.078124 0.147358 0.985993 -1.819800 0.000000 0.000000 0.000000 1.000000
0.986973 -0.135020 0.087483 0.000000 0.146126 0.979826 -0.136336 10.246200 -0.067310 0.147343 0.986792 -1.819800 0.000000 0.000000 0.000000 1.000000
0.986255 -0.145405 0.078475 -0.000000 0.155463 0.977486 -0.142660 10.246200 -0.055965 0.152899 0.986656 -1.819800 0.000000 0.000000 0.000000 1.000000
0.985529 -0.154408 0.069937 0.000000 0.163107 0.976147 -0.143295 10.246200 -0.046143 0.152629 0.987206 -1.819800 0.000000 0.000000 0.000000 1.000000
0.985306 -0.159689 0.060590 0.000000 0.166796 0.975980 -0.140153 10.246200 -0.036754 0.148199 0.988274 -1.819800 0.000000 0.000000 0.000000 1.000000
0.985734 -0.160339 0.051179 0.000000 0.165959 0.976581 -0.136923 10.246200 -0.028026 0.143463 0.989259 -1.819800 0.000000 0.000000 0.000000 1.000000
0.987634 -0.151411 0.040662 0.000000 0.155588 0.978483 -0.135513 10.246200 -0.019269 0.140163 0.989941 -1.819800 0.000000 0.000000 0.000000 1.000000
0.989215 -0.142342 0.034523 0.000000 0.145769 0.979762 -0.137178 10.246200 -0.014298 0.140731 0.989945 -1.819800 0.000000 0.000000 0.000000 1.000000
0.990715 -0.132135 0.031997 0.000000 0.135342 0.980857 -0.140006 10.246200 -0.012885 0.143036 0.989634 -1.819800 0.000000 0.000000 0.000000 1.000000
0.991825 -0.124292 0.028902 -0.000000 0.127137 0.981924 -0.140217 10.246200 -0.010952 0.142746 0.989699 -1.819800 0.000000 0.000000 0.000000 1.000000
0.992853 -0.116797 0.024517 -0.000000 0.119089 0.982987 -0.139836 10.246200 -0.007768 0.141757 0.989871 -1.819800 0.000000 0.000000 0.000000 1.000000
0.994107 -0.106245 0.021529 0.000000 0.108235 0.983892 -0.142276 10.246200 -0.006066 0.143768 0.989593 -1.819800 0.000000 0.000000 0.000000 1.000000
0.995584 -0.092006 0.018651 0.000000 0.093760 0.984472 -0.148407 10.246200 -0.004707 0.149500 0.988751 -1.819800 0.000000 0.000000 0.000000 1.000000
0.997093 -0.074756 0.014730 0.000000 0.076127 0.985528 -0.151458 10.246200 -0.003195 0.152139 0.988354 -1.819800 0.000000 0.000000 0.000000 1.000000
0.998536 -0.053293 0.009286 0.000000 0.054080 0.987643 -0.147092 10.246200 -0.001332 0.147379 0.989079 -1.819800 0.000000 0.000000 0.000000 1.000000
0.999654 -0.026292 0.001007 0.000000 0.026191 0.990694 -0.133563 10.246200 0.002514 0.133543 0.991040 -1.819800 0.000000 0.000000 0.000000 1.000000
0.999936 0.007460 -0.008512 0.000000 -0.008359 0.993787 -0.110984 10.246200 0.007631 0.111048 0.993786 -1.819800 0.000000 0.000000 0.000000 1.000000
0.998346 0.054819 -0.017327 -0.000000 -0.056164 0.994340 -0.090183 10.246200 0.012285 0.091007 0.995774 -1.819800 0.000000 0.000000 0.000000 1.000000
0.995576 0.091298 -0.022197 -0.000000 -0.092688 0.993030 -0.072802 10.246200 0.015396 0.074537 0.997099 -1.819800 0.000000 0.000000 0.000000 1.000000
0.992666 0.118554 -0.023632 0.000000 -0.119794 0.990938 -0.060754 10.246200 0.016215 0.063140 0.997873 -1.819800 0.000000 0.000000 0.000000 1.000000
0.989491 0.143103 -0.020735 0.000000 -0.144083 0.987865 -0.057987 10.246200 0.012186 0.060366 0.998102 -1.819800 0.000000 0.000000 0.000000 1.000000
0.990982 0.133487 -0.011676 0.000000 -0.133960 0.988977 -0.063085 10.246200 0.003126 0.064081 0.997940 -1.819800 0.000000 0.000000 0.000000 1.000000
0.994321 0.106414 0.001638 -0.000000 -0.106068 0.992114 -0.066786 10.246200 -0.008732 0.066233 0.997766 -1.819800 0.000000 0.000000 0.000000 1.000000
0.995593 0.093191 0.010535 -0.000000 -0.092193 0.993111 -0.072327 10.246200 -0.017203 0.071037 0.997325 -1.819800 0.000000 0.000000 0.000000 1.000000
0.996280 0.084721 0.015754 0.000000 -0.083290 0.993613 -0.076130 10.246200 -0.022103 0.074535 0.996973 -1.819800 0.000000 0.000000 0.000000 1.000000
0.996942 0.075913 0.018539 -0.000000 -0.074197 0.994006 -0.080294 10.246200 -0.024523 0.078673 0.996599 -1.819800 0.000000 0.000000 0.000000 1.000000
0.996976 0.075712 0.017538 0.000000 -0.073794 0.993026 -0.091940 10.246200 -0.024376 0.090368 0.995610 -1.819800 0.000000 0.000000 0.000000 1.000000
0.996879 0.077507 0.015022 0.000000 -0.075648 0.992188 -0.099197 10.246200 -0.022593 0.097751 0.994954 -1.819800 0.000000 0.000000 0.000000 1.000000
0.996819 0.078719 0.012429 -0.000000 -0.077122 0.992147 -0.098474 10.246200 -0.020083 0.097202 0.995062 -1.819800 0.000000 0.000000 0.000000 1.000000
0.996615 0.081559 0.010358 0.000000 -0.080173 0.992028 -0.097229 10.246200 -0.018205 0.096069 0.995208 -1.819800 0.000000 0.000000 0.000000 1.000000
0.996648 0.081242 0.009619 -0.000000 -0.079995 0.992411 -0.093387 10.246200 -0.017133 0.092304 0.995583 -1.819800 0.000000 0.000000 0.000000 1.000000
0.996910 0.077891 0.010131 -0.000000 -0.076736 0.993324 -0.086139 10.246200 -0.016773 0.085096 0.996232 -1.819800 0.000000 0.000000 0.000000 1.000000
0.997017 0.076468 0.010471 0.000000 -0.075354 0.993757 -0.082267 10.246200 -0.016696 0.081233 0.996555 -1.819800 0.000000 0.000000 0.000000 1.000000
0.996985 0.076879 0.010523 0.000000 -0.075810 0.993965 -0.079293 10.246200 -0.016555 0.078256 0.996796 -1.819800 0.000000 0.000000 0.000000 1.000000
0.997063 0.075864 0.010495 0.000000 -0.074860 0.994324 -0.075603 10.246200 -0.016171 0.074595 0.997083 -1.819800 0.000000 0.000000 0.000000 1.000000</float_array><technique_common><accessor source="#mixamorig_Spine-Matrix-animation-output-transform-array" count="90" stride="16"><param type="float4x4"/></accessor></technique_common></source><source id="mixamorig_Spine-Interpolations"><Name_array id="mixamorig_Spine-Interpolations-array" count="90">
 LINEAR LINEAR LINEAR LINEAR LINEAR LINEAR LINEAR LINEAR LINEAR LINEAR LINEAR
LINEAR LINEAR LINEAR LINEAR LINEAR LINEAR LINEAR LINEAR LINEAR LINEAR LINEAR LINEAR
LINEAR LINEAR LINEAR LINEAR LINEAR LINEAR LINEAR LINEAR LINEAR LINEAR LINEAR LINEAR
LINEAR LINEAR LINEAR LINEAR LINEAR LINEAR LINEAR LINEAR LINEAR LINEAR LINEAR LINEAR
LINEAR LINEAR LINEAR LINEAR LINEAR LINEAR LINEAR LINEAR LINEAR LINEAR LINEAR LINEAR
LINEAR LINEAR LINEAR LINEAR LINEAR LINEAR LINEAR LINEAR LINEAR LINEAR LINEAR LINEAR
LINEAR LINEAR LINEAR LINEAR LINEAR LINEAR LINEAR LINEAR LINEAR LINEAR LINEAR LINEAR
LINEAR LINEAR LINEAR LINEAR LINEAR LINEAR LINEAR</Name_array><technique_common><accessor source="#mixamorig_Spine-Interpolations-array" count="90"><param type="name"/></accessor></technique_common></source><sampler id="mixamorig_Spine-Matrix-animation-transform"><input semantic="INPUT" source="#mixamorig_Spine-Matrix-animation-input"/><input semantic="OUTPUT" source="#mixamorig_Spine-Matrix-animation-output-transform"/><input semantic="INTERPOLATION" source="#mixamorig_Spine-Interpolations"/></sampler><channel source="#mixamorig_Spine-Matrix-animation-transform" target="mixamorig_Spine/matrix"/></animation>
    <animation id="mixamorig_Spine1-anim" name="mixamorig_Spine1"><source id="mixamorig_Spine1-Matrix-animation-input"><float_array id="mixamorig_Spine1-Matrix-animation-input-array" count="90">

0.000000 0.033333 0.066667 0.100000 0.133333 0.166667 0.200000 0.233333 0.266667 0.300000 0.333333 0.366667 0.400000 0.433333 0.466667 0.500000
0.533333 0.566667 0.600000 0.633333 0.666667 0.700000 0.733333 0.766667 0.800000 0.833333 0.866667 0.900000 0.933333 0.966667 1.000000 1.033333
1.066667 1.100000 1.133333 1.166667 1.200000 1.233333 1.266667 1.300000 1.333333 1.366667 1.400000 1.433333 1.466667 1.500000 1.533333 1.566667
1.600000 1.633333 1.666667 1.700000 1.733333 1.766667 1.800000 1.833333 1.866667 1.900000 1.933333 1.966667 2.000000 2.033333 2.066667 2.100000
2.133333 2.166667 2.200000 2.233333 2.266667 2.300000 2.333333 2.366667 2.400000 2.433333 2.466667 2.500000 2.533333 2.566667 2.600000 2.633333
2.666667 2.700000 2.733333 2.766667 2.800000 2.833333 2.866667 2.900000 2.933333 2.966667</float_array><technique_common><accessor source="#mixamorig_Spine1-Matrix-animation-input-array" count="90"><param name="TIME" type="float"/></accessor></technique_common></source><source id="mixamorig_Spine1-Matrix-animation-output-transform"><float_array id="mixamorig_Spine1-Matrix-animation-output-transform-array" count="1440">

0.999795 -0.008567 0.018339 -0.000000 0.010101 0.996307 -0.085270 12.141000 -0.017541 0.085438 0.996189 0.000000 0.000000 0.000000 0.000000 1.000000
0.999767 -0.011052 0.018560 0.000000 0.012533 0.996580 -0.081683 12.141000 -0.017594 0.081896 0.996486 0.000000 0.000000 0.000000 0.000000 1.000000
0.999700 -0.015880 0.018645 -0.000000 0.017228 0.997071 -0.074510 12.141000 -0.017407 0.074808 0.997046 0.000000 0.000000 0.000000 0.000000 1.000000
0.999419 -0.024641 0.023546 -0.000000 0.026078 0.997683 -0.062832 12.141000 -0.021943 0.063410 0.997746 0.000000 0.000000 0.000000 0.000000 1.000000
0.999010 -0.036525 0.025385 0.000000 0.037706 0.998148 -0.047728 12.141000 -0.023595 0.048638 0.998538 0.000000 0.000000 0.000000 0.000000 1.000000
0.997936 -0.053850 0.034982 -0.000000 0.054908 0.998040 -0.030007 12.141000 -0.033297 0.031866 0.998937 0.000000 0.000000 0.000000 0.000000 1.000000
0.995817 -0.074117 0.053437 -0.000000 0.074811 0.997136 -0.011106 12.141000 -0.052461 0.015058 0.998509 0.000000 0.000000 0.000000 0.000000 1.000000
0.993384 -0.087229 0.074692 0.000000 0.086990 0.996188 0.006453 12.141000 -0.074970 0.000087 0.997186 0.000000 0.000000 0.000000 0.000000 1.000000
0.992337 -0.091197 0.083367 0.000000 0.089814 0.995754 0.020209 12.141000 -0.084856 -0.012566 0.996314 0.000000 0.000000 0.000000 0.000000 1.000000
0.992353 -0.089639 0.084853 0.000000 0.087306 0.995705 0.030814 12.141000 -0.087250 -0.023171 0.995917 0.000000 0.000000 0.000000 0.000000 1.000000
0.992465 -0.084936 0.088316 0.000000 0.081956 0.995955 0.036848 12.141000 -0.091088 -0.029333 0.995411 0.000000 0.000000 0.000000 0.000000 1.000000
0.992324 -0.078508 0.095553 0.000000 0.075151 0.996439 0.038241 12.141000 -0.098215 -0.030767 0.994690 0.000000 0.000000 0.000000 0.000000 1.000000
0.992534 -0.073443 0.097374 0.000000 0.070046 0.996825 0.037861 12.141000 -0.099845 -0.030758 0.994527 0.000000 0.000000 0.000000 0.000000 1.000000
0.992703 -0.072344 0.096473 0.000000 0.069291 0.996995 0.034636 12.141000 -0.098689 -0.027699 0.994733 0.000000 0.000000 0.000000 0.000000 1.000000
0.992798 -0.073352 0.094715 0.000000 0.071081 0.997101 0.027138 12.141000 -0.096431 -0.020210 0.995134 0.000000 0.000000 0.000000 0.000000 1.000000
0.992820 -0.074081 0.093921 0.000000 0.072557 0.997173 0.019543 12.141000 -0.095104 -0.012588 0.995388 -0.000000 0.000000 0.000000 0.000000 1.000000
0.992726 -0.073668 0.095231 0.000000 0.072801 0.997268 0.012548 12.141000 -0.095895 -0.005524 0.995376 0.000000 0.000000 0.000000 0.000000 1.000000
0.992573 -0.074167 0.096432 0.000000 0.073953 0.997245 0.005791 12.141000 -0.096596 0.001384 0.995323 0.000000 0.000000 0.000000 0.000000 1.000000
0.992598 -0.075251 0.095325 -0.000000 0.075702 0.997130 -0.001121 12.141000 -0.094967 0.008329 0.995446 0.000000 0.000000 0.000000 0.000000 1.000000
0.992825 -0.076816 0.091634 -0.000000 0.077813 0.996941 -0.007350 12.141000 -0.090790 0.014427 0.995766 -0.000000 0.000000 0.000000 0.000000 1.000000
0.992886 -0.078767 0.089292 -0.000000 0.080087 0.996724 -0.011299 12.141000 -0.088109 0.018370 0.995941 0.000000 0.000000 0.000000 0.000000 1.000000
0.992993 -0.080723 0.086307 0.000000 0.082088 0.996548 -0.012386 12.141000 -0.085009 0.019384 0.996192 0.000000 0.000000 0.000000 0.000000 1.000000
0.993040 -0.082873 0.083690 0.000000 0.084455 0.996306 -0.015542 12.141000 -0.082093 0.022501 0.996371 -0.000000 0.000000 0.000000 0.000000 1.000000
0.993012 -0.085309 0.081549 0.000000 0.087277 0.995965 -0.020872 12.141000 -0.079440 0.027844 0.996451 0.000000 0.000000 0.000000 0.000000 1.000000
0.992915 -0.088097 0.079746 0.000000 0.090623 0.995474 -0.028628 12.141000 -0.076863 0.035652 0.996404 -0.000000 0.000000 0.000000 0.000000 1.000000
0.992795 -0.091294 0.077617 0.000000 0.094155 0.994976 -0.034032 12.141000 -0.074120 0.041095 0.996402 0.000000 0.000000 0.000000 0.000000 1.000000
0.992584 -0.095228 0.075550 0.000000 0.098504 0.994296 -0.040892 12.141000 -0.071225 0.048031 0.996303 -0.000000 0.000000 0.000000 0.000000 1.000000
0.992230 -0.100524 0.073316 0.000000 0.104236 0.993360 -0.048685 12.141000 -0.067935 0.055949 0.996120 0.000000 0.000000 0.000000 0.000000 1.000000
0.991646 -0.107555 0.071209 0.000000 0.111795 0.992008 -0.058501 12.141000 -0.064348 0.065974 0.995744 0.000000 0.000000 0.000000 0.000000 1.000000
0.990937 -0.115013 0.069397 0.000000 0.120200 0.989846 -0.075877 12.141000 -0.059966 0.083531 0.994699 0.000000 0.000000 0.000000 0.000000 1.000000
0.990378 -0.121406 0.066424 0.000000 0.127223 0.987620 -0.091762 12.141000 -0.054462 0.099330 0.993563 0.000000 0.000000 0.000000 0.000000 1.000000
0.989889 -0.127162 0.062850 -0.000000 0.133111 0.985853 -0.101862 12.141000 -0.049008 0.109198 0.992811 -0.000000 0.000000 0.000000 0.000000 1.000000
0.989413 -0.132648 0.058871 0.000000 0.138564 0.984057 -0.111499 12.141000 -0.043142 0.118476 0.992019 0.000000 0.000000 0.000000 0.000000 1.000000
0.988990 -0.137798 0.053945 0.000000 0.143309 0.982737 -0.117009 12.141000 -0.036890 0.123451 0.991665 0.000000 0.000000 0.000000 0.000000 1.000000
0.988608 -0.142589 0.048198 0.000000 0.147451 0.981764 -0.119992 12.141000 -0.030209 0.125732 0.991604 0.000000 0.000000 0.000000 0.000000 1.000000
0.988234 -0.146991 0.042279 0.000000 0.151168 0.980742 -0.123668 12.141000 -0.023286 0.128604 0.991423 0.000000 0.000000 0.000000 0.000000 1.000000
0.987892 -0.150913 0.035989 0.000000 0.154317 0.979749 -0.127588 12.141000 -0.016006 0.131597 0.991174 0.000000 0.000000 0.000000 0.000000 1.000000
0.987577 -0.154254 0.029946 0.000000 0.156873 0.978845 -0.131351 12.141000 -0.009051 0.134417 0.990883 -0.000000 0.000000 0.000000 0.000000 1.000000
