<?xml version="1.0" encoding="utf-8"?>
<COLLADA xmlns="http://www.collada.org/2005/11/COLLADASchema" version="1.4.1">
  <asset><contributor><author>Mixamo</author><authoring_tool>COLLADA Mixamo exporter</authoring_tool><comments></comments></contributor><created>2020-03-27T18:11:58Z</created><modified>2020-03-27T18:11:58Z</modified><revision></revision><title></title><unit meter="0.025400"/><up_axis>Y_UP</up_axis></asset>
  <library_animations>
    <animation id="mixamorig_Hips-anim" name="mixamorig_Hips"><source id="mixamorig_Hips-Matrix-animation-input"><float_array id="mixamorig_Hips-Matrix-animation-input-array" count="73">

0.000000 0.033333 0.066667 0.100000 0.133333 0.166667 0.200000 0.233333 0.266667 0.300000 0.333333 0.366667 0.400000 0.433333 0.466667 0.500000
0.533333 0.566667 0.600000 0.633333 0.666667 0.700000 0.733333 0.766667 0.800000 0.833333 0.866667 0.900000 0.933333 0.966667 1.000000 1.033333
1.066667 1.100000 1.133333 1.166667 1.200000 1.233333 1.266667 1.300000 1.333333 1.366667 1.400000 1.433333 1.466667 1.500000 1.533333 1.566667
1.600000 1.633333 1.666667 1.700000 1.733333 1.766667 1.800000 1.833333 1.866667 1.900000 1.933333 1.966667 2.000000 2.033333 2.066667 2.100000
2.133333 2.166667 2.200000 2.233333 2.266667 2.300000 2.333333 2.366667 2.400000</float_array><technique_common><accessor source="#mixamorig_Hips-Matrix-animation-input-array" count="73"><param name="TIME" type="float"/></accessor></technique_common></source><source id="mixamorig_Hips-Matrix-animation-output-transform"><float_array id="mixamorig_Hips-Matrix-animation-output-transform-array" count="1168">

0.636436 -0.130464 -0.760216 -0.723798 0.045634 0.990234 -0.131734 48.846931 0.769978 0.049149 0.636174 0.459057 0.000000 0.000000 0.000000 1.000000
0.620246 -0.128966 -0.773733 -0.720891 0.049109 0.990841 -0.125786 48.900646 0.782869 0.040021 0.620898 0.383350 0.000000 0.000000 0.000000 1.000000
0.593966 -0.123926 -0.794888 -0.741706 0.052278 0.991922 -0.115580 49.046200 0.802790 0.027095 0.595646 0.251635 0.000000 0.000000 0.000000 1.000000
0.557985 -0.115903 -0.821718 -0.799869 0.050824 0.993113 -0.105566 49.259827 0.828293 0.017141 0.560032 0.075130 0.000000 0.000000 0.000000 1.000000
0.511380 -0.109482 -0.852352 -0.893649 0.048837 0.993951 -0.098369 49.522518 0.857966 0.008678 0.513633 -0.161258 0.000000 0.000000 0.000000 1.000000
0.450369 -0.108734 -0.886197 -1.018709 0.049716 0.994071 -0.096703 49.814625 0.891457 -0.000506 0.453104 -0.569071 0.000000 0.000000 0.000000 1.000000
0.393125 -0.124202 -0.911058 -1.143399 0.053404 0.992247 -0.112226 50.109131 0.917933 -0.004536 0.396710 -1.043431 0.000000 0.000000 0.000000 1.000000
0.355736 -0.145238 -0.923232 -1.234617 0.059903 0.989363 -0.132560 50.392464 0.932665 -0.008148 0.360652 -1.604200 0.000000 0.000000 0.000000 1.000000
0.338671 -0.174544 -0.924574 -1.310080 0.072020 0.984569 -0.159489 50.640343 0.938144 -0.012574 0.346016 -2.180037 0.000000 0.000000 0.000000 1.000000
0.330524 -0.198367 -0.922716 -1.342193 0.085885 0.979928 -0.179902 50.845543 0.939882 -0.019785 0.340927 -2.647555 0.000000 0.000000 0.000000 1.000000
0.322326 -0.216202 -0.921609 -1.204307 0.092012 0.976115 -0.196808 50.914902 0.942146 -0.021363 0.334520 -2.960352 0.000000 0.000000 0.000000 1.000000
0.312433 -0.227109 -0.922392 -0.860075 0.089259 0.973723 -0.209514 50.683746 0.945737 -0.016873 0.324494 -3.039450 0.000000 0.000000 0.000000 1.000000
0.316958 -0.245099 -0.916223 -0.262396 0.091924 0.969423 -0.227530 50.113106 0.943974 -0.012105 0.329797 -2.909252 0.000000 0.000000 0.000000 1.000000
0.344309 -0.261954 -0.901572 0.422374 0.090331 0.965075 -0.245908 49.599380 0.934501 0.003229 0.355946 -2.777511 0.000000 0.000000 0.000000 1.000000
0.386602 -0.279958 -0.878728 1.056776 0.083096 0.959511 -0.269137 49.360504 0.918495 0.031030 0.394212 -2.613014 0.000000 0.000000 0.000000 1.000000
0.442581 -0.297815 -0.845830 1.696152 0.076505 0.952341 -0.295285 49.152138 0.893459 0.065977 0.444273 -2.228241 0.000000 0.000000 0.000000 1.000000
0.515048 -0.312181 -0.798291 2.338799 0.083242 0.945134 -0.315899 48.908813 0.853110 0.096252 0.512776 -1.628559 0.000000 0.000000 0.000000 1.000000
0.603458 -0.321626 -0.729654 2.963717 0.099329 0.938241 -0.331419 48.733734 0.791184 0.127521 0.598136 -1.009812 0.000000 0.000000 0.000000 1.000000
0.709125 -0.315530 -0.630541 3.607891 0.121932 0.935685 -0.331099 48.647186 0.694459 0.157907 0.701991 -0.464017 0.000000 0.000000 0.000000 1.000000
0.801654 -0.303821 -0.514824 4.157978 0.146357 0.934757 -0.323743 48.552376 0.579595 0.184182 0.793818 0.000567 0.000000 0.000000 0.000000 1.000000
0.877533 -0.270407 -0.396001 4.677279 0.161430 0.944222 -0.287028 48.588249 0.451527 0.187950 0.872237 0.531235 0.000000 0.000000 0.000000 1.000000
0.937823 -0.228358 -0.261418 5.122452 0.168891 0.958159 -0.231099 48.604652 0.303254 0.172578 0.937152 1.147337 0.000000 0.000000 0.000000 1.000000
0.977641 -0.185369 -0.099283 5.502410 0.168056 0.972545 -0.160975 48.520863 0.126397 0.140691 0.981952 1.852428 0.000000 0.000000 0.000000 1.000000
0.985771 -0.155421 0.064024 5.753678 0.161140 0.982175 -0.096779 48.353909 -0.047842 0.105719 0.993245 2.479668 0.000000 0.000000 0.000000 1.000000
0.924633 -0.136960 0.355382 6.319127 0.136764 0.990268 0.025803 48.319214 -0.355457 0.024745 0.934365 3.638147 0.000000 0.000000 0.000000 1.000000
0.817984 -0.158388 0.553006 6.955844 0.123134 0.987274 0.100634 48.217869 -0.561908 -0.014223 0.827078 4.182521 0.000000 0.000000 0.000000 1.000000
0.767701 -0.182027 0.614411 7.434537 0.109995 0.982009 0.153493 47.746979 -0.631297 -0.050255 0.773911 3.935647 0.000000 0.000000 0.000000 1.000000
0.777624 -0.217452 0.589929 7.520914 0.124963 0.973022 0.193940 47.113384 -0.616186 -0.077093 0.783818 3.374438 0.000000 0.000000 0.000000 1.000000
0.749478 -0.256770 0.610206 7.228246 0.156627 0.964327 0.213406 46.309933 -0.643234 -0.064368 0.762959 3.319091 0.000000 0.000000 0.000000 1.000000
0.666553 -0.274277 0.693166 6.738706 0.157107 0.960654 0.229044 45.493439 -0.728714 -0.043769 0.683418 3.866102 0.000000 0.000000 0.000000 1.000000
0.604422 -0.283132 0.744654 6.205325 0.158336 0.958761 0.236022 44.659290 -0.780771 -0.024752 0.624327 4.462073 0.000000 0.000000 0.000000 1.000000
0.566181 -0.287280 0.772599 5.822604 0.179740 0.957774 0.224416 43.763695 -0.804445 0.011807 0.593909 4.989595 0.000000 0.000000 0.000000 1.000000
0.527843 -0.279423 0.802063 5.486992 0.189185 0.959290 0.209694 42.792149 -0.828004 0.041052 0.559217 5.404377 0.000000 0.000000 0.000000 1.000000
0.504578 -0.274664 0.818511 5.188702 0.188449 0.960225 0.206048 42.034264 -0.842548 0.050280 0.536269 5.699681 0.000000 0.000000 0.000000 1.000000
0.484681 -0.272002 0.831324 4.920490 0.185055 0.960793 0.206472 41.504219 -0.854891 0.053768 0.516014 5.827894 0.000000 0.000000 0.000000 1.000000
0.483663 -0.264034 0.834480 4.713346 0.177923 0.963167 0.201627 41.138588 -0.856979 0.050954 0.512826 5.794748 0.000000 0.000000 0.000000 1.000000
0.499389 -0.253420 0.828486 4.506100 0.172522 0.966201 0.191553 40.982529 -0.849027 0.047273 0.526230 5.702667 0.000000 0.000000 0.000000 1.000000
0.520120 -0.238497 0.820118 4.362657 0.163059 0.970288 0.178756 40.968468 -0.838383 0.040753 0.543555 5.542064 0.000000 0.000000 0.000000 1.000000
0.543286 -0.223849 0.809155 4.298923 0.151860 0.974103 0.167519 41.128864 -0.825699 0.031867 0.563210 5.222177 0.000000 0.000000 0.000000 1.000000
0.578997 -0.211286 0.787478 4.369685 0.142196 0.977205 0.157641 41.462097 -0.802834 0.020703 0.595842 4.881318 0.000000 0.000000 0.000000 1.000000
0.621847 -0.201896 0.756667 4.609025 0.131007 0.979400 0.153662 41.983047 -0.772104 0.003575 0.635487 4.533033 0.000000 0.000000 0.000000 1.000000
0.669223 -0.190677 0.718181 5.020214 0.119163 0.981546 0.149561 42.710186 -0.733445 -0.014509 0.679594 4.218680 0.000000 0.000000 0.000000 1.000000
0.724772 -0.172715 0.666990 5.495937 0.108584 0.984606 0.136970 43.585167 -0.680379 -0.026847 0.732369 4.009874 0.000000 0.000000 0.000000 1.000000
0.783276 -0.151563 0.602915 6.012393 0.096702 0.987725 0.122667 44.524879 -0.614106 -0.037779 0.788318 3.843182 0.000000 0.000000 0.000000 1.000000
0.838267 -0.126818 0.530307 6.616264 0.082981 0.990919 0.105800 45.637489 -0.538908 -0.044684 0.841178 3.669641 0.000000 0.000000 0.000000 1.000000
0.891967 -0.101482 0.440563 7.256895 0.070597 0.993792 0.085986 46.607483 -0.446554 -0.045594 0.893594 3.517632 0.000000 0.000000 0.000000 1.000000
0.940826 -0.075201 0.330441 7.785712 0.056127 0.996179 0.066905 47.626175 -0.334210 -0.044399 0.941452 3.349181 0.000000 0.000000 0.000000 1.000000
0.979016 -0.046570 0.198393 8.017932 0.038153 0.998211 0.046044 48.419895 -0.200182 -0.037509 0.979041 3.066228 0.000000 0.000000 0.000000 1.000000
0.998090 -0.022509 0.057525 8.020343 0.020875 0.999366 0.028850 48.738785 -0.058138 -0.027594 0.997927 2.495934 0.000000 0.000000 0.000000 1.000000
0.996851 -0.011623 -0.078447 7.854662 0.012270 0.999895 0.007772 49.016518 0.078348 -0.008710 0.996888 1.973962 0.000000 0.000000 0.000000 1.000000
0.977778 -0.009328 -0.209436 7.632349 0.006991 0.999905 -0.011898 49.343578 0.209527 0.010169 0.977750 1.474123 0.000000 0.000000 0.000000 1.000000
0.949169 -0.010643 -0.314587 7.469386 0.003747 0.999739 -0.022517 49.718655 0.314745 0.020194 0.948961 1.184909 0.000000 0.000000 0.000000 1.000000
0.918539 -0.011450 -0.395166 7.178843 0.002611 0.999734 -0.022897 50.068634 0.395323 0.020000 0.918324 0.935571 0.000000 0.000000 0.000000 1.000000
0.888852 -0.009925 -0.458087 6.654385 0.005195 0.999919 -0.011584 50.299599 0.458165 0.007917 0.888832 0.619301 0.000000 0.000000 0.000000 1.000000
0.856173 -0.010274 -0.516587 5.947972 0.010474 0.999942 -0.002527 50.365242 0.516583 -0.003248 0.856231 0.226440 0.000000 0.000000 0.000000 1.000000
0.821202 -0.009938 -0.570551 5.044356 0.015912 0.999858 0.005488 50.389114 0.570415 -0.013585 0.821244 -0.095940 0.000000 0.000000 0.000000 1.000000
0.786386 -0.011945 -0.617620 3.911062 0.028041 0.999473 0.016373 50.331635 0.617098 -0.030194 0.786307 -0.372968 0.000000 0.000000 0.000000 1.000000
0.752311 -0.015754 -0.658620 2.839259 0.036889 0.999153 0.018237 50.241631 0.657775 -0.038015 0.752255 -0.423884 0.000000 0.000000 0.000000 1.000000
0.722592 -0.024790 -0.690830 1.698530 0.043197 0.999023 0.009334 50.233147 0.689924 -0.036587 0.722957 -0.358178 0.000000 0.000000 0.000000 1.000000
0.691924 -0.034354 -0.721153 0.679944 0.048044 0.998844 -0.001486 50.245003 0.720370 -0.033618 0.692775 -0.277744 0.000000 0.000000 0.000000 1.000000
0.656896 -0.050184 -0.752309 -0.180134 0.052936 0.998390 -0.020377 50.274647 0.752120 -0.026438 0.658495 -0.220336 0.000000 0.000000 0.000000 1.000000
0.631869 -0.068487 -0.772043 -0.806844 0.056298 0.997513 -0.042412 50.250538 0.773028 -0.016666 0.634153 -0.135745 0.000000 0.000000 0.000000 1.000000
0.622152 -0.081458 -0.778648 -1.176952 0.055831 0.996657 -0.059655 50.203465 0.780904 -0.006358 0.624619 -0.079944 0.000000 0.000000 0.000000 1.000000
0.622429 -0.094025 -0.777008 -1.384101 0.055302 0.995560 -0.076171 50.101223 0.780720 0.004441 0.624865 0.016583 0.000000 0.000000 0.000000 1.000000
0.620503 -0.103924 -0.777287 -1.510892 0.053220 0.994476 -0.090476 49.957901 0.782396 0.014773 0.622606 0.087399 0.000000 0.000000 0.000000 1.000000
0.619266 -0.110079 -0.777427 -1.532106 0.049612 0.993631 -0.101174 49.781044 0.783613 0.024084 0.620783 0.124199 0.000000 0.000000 0.000000 1.000000
0.620757 -0.114899 -0.775538 -1.447571 0.047675 0.992904 -0.108943 49.602367 0.782552 0.030653 0.621830 0.177456 0.000000 0.000000 0.000000 1.000000
0.623436 -0.119256 -0.772726 -1.316313 0.046425 0.992202 -0.115672 49.418922 0.780495 0.036240 0.624111 0.238893 0.000000 0.000000 0.000000 1.000000
0.626774 -0.123038 -0.769425 -1.160381 0.045734 0.991561 -0.121305 49.242989 0.777857 0.040842 0.627112 0.302463 0.000000 0.000000 0.000000 1.000000
0.630251 -0.126146 -0.766075 -1.001594 0.045461 0.991015 -0.125785 49.086472 0.775059 0.044450 0.630323 0.362144 0.000000 0.000000 0.000000 1.000000
0.633355 -0.128481 -0.763121 -0.861583 0.045456 0.990595 -0.129053 48.960812 0.772525 0.047048 0.633239 0.412064 0.000000 0.000000 0.000000 1.000000
0.635583 -0.129952 -0.761017 -0.761834 0.045565 0.990327 -0.131055 48.877270 0.770687 0.048621 0.635356 0.446332 0.000000 0.000000 0.000000 1.000000
0.636436 -0.130464 -0.760216 -0.723809 0.045634 0.990234 -0.131734 48.846935 0.769978 0.049149 0.636174 0.459065 0.000000 0.000000 0.000000 1.000000</float_array><technique_common><accessor source="#mixamorig_Hips-Matrix-animation-output-transform-array" count="73" stride="16"><param type="float4x4"/></accessor></technique_common></source><source id="mixamorig_Hips-Interpolations"><Name_array id="mixamorig_Hips-Interpolations-array" count="73">
 LINEAR LINEAR LINEAR LINEAR LINEAR LINEAR LINEAR LINEAR LINEAR LINEAR LINEAR
LINEAR LINEAR LINEAR LINEAR LINEAR LINEAR LINEAR LINEAR LINEAR LINEAR LINEAR LINEAR
LINEAR LINEAR LINEAR LINEAR LINEAR LINEAR LINEAR LINEAR LINEAR LINEAR LINEAR LINEAR
LINEAR LINEAR LINEAR LINEAR LINEAR LINEAR LINEAR LINEAR LINEAR LINEAR LINEAR LINEAR
LINEAR LINEAR LINEAR LINEAR LINEAR LINEAR LINEAR LINEAR LINEAR LINEAR LINEAR LINEAR
LINEAR LINEAR LINEAR LINEAR LINEAR LINEAR LINEAR LINEAR LINEAR LINEAR LINEAR LINEAR
LINEAR LINEAR</Name_array><technique_common><accessor source="#mixamorig_Hips-Interpolations-array" count="73"><param type="name"/></accessor></technique_common></source><sampler id="mixamorig_Hips-Matrix-animation-transform"><input semantic="INPUT" source="#mixamorig_Hips-Matrix-animation-input"/><input semantic="OUTPUT" source="#mixamorig_Hips-Matrix-animation-output-transform"/><input semantic="INTERPOLATION" source="#mixamorig_Hips-Interpolations"/></sampler><channel source="#mixamorig_Hips-Matrix-animation-transform" target="mixamorig_Hips/matrix"/></animation>
    <animation id="mixamorig_Spine-anim" name="mixamorig_Spine"><source id="mixamorig_Spine-Matrix-animation-input"><float_array id="mixamorig_Spine-Matrix-animation-input-array" count="73">

0.000000 0.033333 0.066667 0.100000 0.133333 0.166667 0.200000 0.233333 0.266667 0.300000 0.333333 0.366667 0.400000 0.433333 0.466667 0.500000
0.533333 0.566667 0.600000 0.633333 0.666667 0.700000 0.733333 0.766667 0.800000 0.833333 0.866667 0.900000 0.933333 0.966667 1.000000 1.033333
1.066667 1.100000 1.133333 1.166667 1.200000 1.233333 1.266667 1.300000 1.333333 1.366667 1.400000 1.433333 1.466667 1.500000 1.533333 1.566667
1.600000 1.633333 1.666667 1.700000 1.733333 1.766667 1.800000 1.833333 1.866667 1.900000 1.933333 1.966667 2.000000 2.033333 2.066667 2.100000
2.133333 2.166667 2.200000 2.233333 2.266667 2.300000 2.333333 2.366667 2.400000</float_array><technique_common><accessor source="#mixamorig_Spine-Matrix-animation-input-array" count="73"><param name="TIME" type="float"/></accessor></technique_common></source><source id="mixamorig_Spine-Matrix-animation-output-transform"><float_array id="mixamorig_Spine-Matrix-animation-output-transform-array" count="1168">

0.997997 0.034002 0.053349 0.000000 -0.030797 0.997736 -0.059784 10.622700 -0.055261 0.058021 0.996785 -1.407400 0.000000 0.000000 0.000000 1.000000
0.998043 0.033698 0.052682 -0.000000 -0.030575 0.997790 -0.058998 10.622700 -0.054554 0.057272 0.996867 -1.407400 0.000000 0.000000 0.000000 1.000000
0.998273 0.033367 0.048352 0.000000 -0.030470 0.997765 -0.059462 10.622700 -0.050228 0.057886 0.997059 -1.407400 0.000000 0.000000 0.000000 1.000000
0.998657 0.033063 0.039876 -0.000000 -0.030622 0.997708 -0.060345 10.622700 -0.041779 0.059043 0.997381 -1.407400 0.000000 0.000000 0.000000 1.000000
0.999035 0.033080 0.028905 -0.000000 -0.031261 0.997632 -0.061265 10.622700 -0.030863 0.060302 0.997703 -1.407400 0.000000 0.000000 0.000000 1.000000
0.999259 0.034067 0.017908 0.000000 -0.032901 0.997549 -0.061760 10.622700 -0.019968 0.061126 0.997930 -1.407400 0.000000 0.000000 0.000000 1.000000
0.999344 0.035882 0.004945 0.000000 -0.035518 0.997543 -0.060390 10.622700 -0.007100 0.060175 0.998163 -1.407400 0.000000 0.000000 0.000000 1.000000
0.999258 0.037282 -0.009715 0.000000 -0.037793 0.997527 -0.059250 10.622700 0.007482 0.059573 0.998196 -1.407400 0.000000 0.000000 0.000000 1.000000
0.998959 0.038593 -0.024327 -0.000000 -0.039941 0.997541 -0.057593 10.622700 0.022045 0.058504 0.998044 -1.407400 0.000000 0.000000 0.000000 1.000000
0.998615 0.039882 -0.034326 -0.000000 -0.041802 0.997490 -0.057159 10.622700 0.031960 0.058515 0.997775 -1.407400 0.000000 0.000000 0.000000 1.000000
0.998498 0.037093 -0.040322 0.000000 -0.039403 0.997533 -0.058091 10.622700 0.038068 0.059592 0.997497 -1.407400 0.000000 0.000000 0.000000 1.000000
0.998537 0.030563 -0.044600 0.000000 -0.033287 0.997542 -0.061660 10.622700 0.042606 0.063054 0.997100 -1.407400 0.000000 0.000000 0.000000 1.000000
0.998421 0.022383 -0.051528 -0.000000 -0.025742 0.997522 -0.065473 10.622700 0.049935 0.066696 0.996523 -1.407400 0.000000 0.000000 0.000000 1.000000
0.997987 0.012371 -0.062203 -0.000000 -0.016711 0.997425 -0.069746 10.622700 0.061180 0.070645 0.995624 -1.407400 0.000000 0.000000 0.000000 1.000000
0.997370 0.002518 -0.072440 0.000000 -0.007851 0.997269 -0.073440 10.622700 0.072057 0.073816 0.994665 -1.407400 0.000000 0.000000 0.000000 1.000000
0.996927 -0.009346 -0.077781 -0.000000 0.003454 0.997137 -0.075538 10.622700 0.078264 0.075037 0.994105 -1.407400 0.000000 0.000000 0.000000 1.000000
0.996629 -0.020251 -0.079504 -0.000000 0.014186 0.996997 -0.076131 10.622700 0.080807 0.074746 0.993923 -1.407400 0.000000 0.000000 0.000000 1.000000
0.996422 -0.029982 -0.079020 -0.000000 0.024142 0.996976 -0.073859 10.622700 0.080995 0.071687 0.994133 -1.407400 0.000000 0.000000 0.000000 1.000000
0.996341 -0.040429 -0.075304 -0.000000 0.035251 0.997003 -0.068860 10.622700 0.077862 0.065954 0.994780 -1.407400 0.000000 0.000000 0.000000 1.000000
0.996305 -0.050155 -0.069723 0.000000 0.045990 0.997132 -0.060114 10.622700 0.072538 0.056685 0.995753 -1.407400 0.000000 0.000000 0.000000 1.000000
0.996477 -0.057700 -0.060868 0.000000 0.054489 0.997098 -0.053158 10.622700 0.063759 0.049654 0.996729 -1.407400 0.000000 0.000000 0.000000 1.000000
0.996556 -0.064399 -0.052238 0.000000 0.062027 0.997022 -0.045812 10.622700 0.055033 0.042414 0.997583 -1.407400 0.000000 0.000000 0.000000 1.000000
0.996928 -0.067382 -0.039920 0.000000 0.065920 0.997144 -0.036869 10.622700 0.042290 0.034125 0.998522 -1.407400 0.000000 0.000000 0.000000 1.000000
0.997499 -0.067374 -0.021346 0.000000 0.066787 0.997399 -0.027102 10.622700 0.023116 0.025609 0.999405 -1.407400 0.000000 0.000000 0.000000 1.000000
0.997823 -0.065934 -0.001003 0.000000 0.065903 0.997640 -0.019243 10.622700 0.002269 0.019135 0.999814 -1.407400 0.000000 0.000000 0.000000 1.000000
0.997655 -0.063083 0.026538 0.000000 0.063395 0.997927 -0.011079 10.622700 -0.025784 0.012736 0.999586 -1.407400 0.000000 0.000000 0.000000 1.000000
0.995848 -0.067521 0.061055 -0.000000 0.068196 0.997631 -0.009032 10.622700 -0.060301 0.013158 0.998094 -1.407400 0.000000 0.000000 0.000000 1.000000
0.992458 -0.074821 0.097107 0.000000 0.076079 0.997058 -0.009309 10.622700 -0.096125 0.016627 0.995230 -1.407400 0.000000 0.000000 0.000000 1.000000
0.988823 -0.079858 0.125901 0.000000 0.081450 0.996649 -0.007536 10.622700 -0.124877 0.017707 0.992014 -1.407400 0.000000 0.000000 0.000000 1.000000
0.986230 -0.089076 0.139340 0.000000 0.090445 0.995895 -0.003510 10.622700 -0.138456 0.016065 0.990238 -1.407400 0.000000 0.000000 0.000000 1.000000
0.984353 -0.088941 0.152113 -0.000000 0.090951 0.995835 -0.006298 10.622700 -0.150920 0.020034 0.988343 -1.407400 0.000000 0.000000 0.000000 1.000000
0.981257 -0.080260 0.175193 0.000000 0.084193 0.996335 -0.015119 10.622700 -0.173337 0.029586 0.984418 -1.407400 0.000000 0.000000 0.000000 1.000000
0.977412 -0.074352 0.197834 -0.000000 0.080798 0.996424 -0.024704 10.622700 -0.195290 0.040130 0.979924 -1.407400 0.000000 0.000000 0.000000 1.000000
0.975242 -0.069310 0.210000 0.000000 0.078666 0.996232 -0.036520 10.622700 -0.206678 0.052136 0.977019 -1.407400 0.000000 0.000000 0.000000 1.000000
0.974378 -0.064799 0.215382 -0.000000 0.076804 0.995898 -0.047836 10.622700 -0.211398 0.063153 0.975358 -1.407400 0.000000 0.000000 0.000000 1.000000
0.974202 -0.061635 0.217099 0.000000 0.075833 0.995451 -0.057680 10.622700 -0.212556 0.072655 0.974444 -1.407400 0.000000 0.000000 0.000000 1.000000
0.975098 -0.055665 0.214674 0.000000 0.071087 0.995363 -0.064796 10.622700 -0.210072 0.078443 0.974534 -1.407400 0.000000 0.000000 0.000000 1.000000
0.976298 -0.050209 0.210525 0.000000 0.066120 0.995407 -0.069225 10.622700 -0.206082 0.081504 0.975134 -1.407400 0.000000 0.000000 0.000000 1.000000
0.978391 -0.046417 0.201488 -0.000000 0.062241 0.995394 -0.072922 10.622700 -0.197175 0.083887 0.976773 -1.407400 0.000000 0.000000 0.000000 1.000000
0.980874 -0.044096 0.189585 -0.000000 0.059497 0.995306 -0.076323 10.622700 -0.185330 0.086143 0.978893 -1.407400 0.000000 0.000000 0.000000 1.000000
0.983395 -0.043811 0.176113 0.000000 0.058316 0.995242 -0.078050 10.622700 -0.171855 0.087024 0.981271 -1.407400 0.000000 0.000000 0.000000 1.000000
0.985672 -0.045567 0.162405 -0.000000 0.058781 0.995257 -0.077510 10.622700 -0.158103 0.085946 0.983675 -1.407400 0.000000 0.000000 0.000000 1.000000
0.987815 -0.046935 0.148383 -0.000000 0.058737 0.995363 -0.076179 10.622700 -0.144120 0.083967 0.985991 -1.407400 0.000000 0.000000 0.000000 1.000000
0.989702 -0.048027 0.134844 -0.000000 0.058553 0.995447 -0.075209 10.622700 -0.130618 0.082330 0.988008 -1.407400 0.000000 0.000000 0.000000 1.000000
0.991689 -0.048703 0.119084 0.000000 0.057693 0.995644 -0.073245 10.622700 -0.114998 0.079506 0.990179 -1.407400 0.000000 0.000000 0.000000 1.000000
0.993252 -0.049373 0.104938 0.000000 0.057062 0.995801 -0.071580 10.622700 -0.100964 0.077085 0.991899 -1.407400 0.000000 0.000000 0.000000 1.000000
0.994213 -0.050636 0.094740 0.000000 0.057574 0.995742 -0.071989 10.622700 -0.090692 0.077027 0.992896 -1.407400 0.000000 0.000000 0.000000 1.000000
0.995099 -0.048950 0.085922 0.000000 0.055187 0.995892 -0.071788 10.622700 -0.082055 0.076178 0.993712 -1.407400 0.000000 0.000000 0.000000 1.000000
0.995907 -0.042532 0.079752 -0.000000 0.048408 0.996138 -0.073255 10.622700 -0.076328 0.076816 0.994119 -1.407400 0.000000 0.000000 0.000000 1.000000
0.996731 -0.032674 0.073886 0.000000 0.038033 0.996656 -0.072318 10.622700 -0.071276 0.074892 0.994641 -1.407400 0.000000 0.000000 0.000000 1.000000
0.997458 -0.022300 0.067670 0.000000 0.027027 0.997197 -0.069768 10.622700 -0.065925 0.071420 0.995265 -1.407400 0.000000 0.000000 0.000000 1.000000
0.998185 -0.014907 0.058352 0.000000 0.018839 0.997547 -0.067416 10.622700 -0.057204 0.068393 0.996017 -1.407400 0.000000 0.000000 0.000000 1.000000
0.998742 -0.009602 0.049217 0.000000 0.012771 0.997837 -0.064485 10.622700 -0.048491 0.065032 0.996704 -1.407400 0.000000 0.000000 0.000000 1.000000
0.999264 -0.003387 0.038217 0.000000 0.005807 0.997972 -0.063385 10.622700 -0.037925 0.063560 0.997257 -1.407400 0.000000 0.000000 0.000000 1.000000
0.999550 0.002412 0.029887 0.000000 -0.000578 0.998124 -0.061229 10.622700 -0.029978 0.061184 0.997676 -1.407400 0.000000 0.000000 0.000000 1.000000
0.999661 0.008071 0.024751 0.000000 -0.006587 0.998209 -0.059456 10.622700 -0.025186 0.059273 0.997924 -1.407400 0.000000 0.000000 0.000000 1.000000
0.999637 0.013963 0.023052 0.000000 -0.012580 0.998173 -0.059104 10.622700 -0.023835 0.058793 0.997986 -1.407400 0.000000 0.000000 0.000000 1.000000
0.999555 0.018482 0.023432 0.000000 -0.017089 0.998151 -0.058328 10.622700 -0.024466 0.057902 0.998022 -1.407400 0.000000 0.000000 0.000000 1.000000
0.999487 0.022161 0.023142 0.000000 -0.020836 0.998213 -0.056007 10.622700 -0.024342 0.055496 0.998162 -1.407400 0.000000 0.000000 0.000000 1.000000
0.999404 0.024982 0.023822 0.000000 -0.023665 0.998257 -0.054072 10.622700 -0.025131 0.053476 0.998253 -1.407400 0.000000 0.000000 0.000000 1.000000
0.999229 0.028602 0.026882 0.000000 -0.027174 0.998274 -0.052068 10.622700 -0.028324 0.051297 0.998282 -1.407400 0.000000 0.000000 0.000000 1.000000
0.999076 0.031654 0.029078 0.000000 -0.030142 0.998242 -0.051038 10.622700 -0.030642 0.050114 0.998273 -1.407400 0.000000 0.000000 0.000000 1.000000
0.998966 0.033435 0.030813 0.000000 -0.031809 0.998149 -0.051832 10.622700 -0.032489 0.050798 0.998180 -1.407400 0.000000 0.000000 0.000000 1.000000
0.998857 0.034398 0.033191 0.000000 -0.032638 0.998103 -0.052197 10.622700 -0.034924 0.051054 0.998085 -1.407400 0.000000 0.000000 0.000000 1.000000
0.998687 0.035481 0.036964 0.000000 -0.033550 0.998103 -0.051617 10.622700 -0.038725 0.050309 0.997983 -1.407400 0.000000 0.000000 0.000000 1.000000
0.998552 0.035634 0.040292 0.000000 -0.033537 0.998106 -0.051569 10.622700 -0.042053 0.050144 0.997856 -1.407400 0.000000 0.000000 0.000000 1.000000
0.998439 0.035512 0.043109 -0.000000 -0.033232 0.998068 -0.052497 10.622700 -0.044890 0.050983 0.997690 -1.407400 0.000000 0.000000 0.000000 1.000000
0.998329 0.035265 0.045788 0.000000 -0.032783 0.998010 -0.053855 10.622700 -0.047596 0.052264 0.997498 -1.407400 0.000000 0.000000 0.000000 1.000000
0.998225 0.034939 0.048220 0.000000 -0.032251 0.997942 -0.055430 10.622700 -0.050057 0.053777 0.997298 -1.407400 0.000000 0.000000 0.000000 1.000000
0.998135 0.034601 0.050302 -0.000000 -0.031718 0.997869 -0.057021 10.622700 -0.052167 0.055319 0.997105 -1.407400 0.000000 0.000000 0.000000 1.000000
0.998062 0.034300 0.051923 0.000000 -0.031252 0.997803 -0.058416 10.622700 -0.053813 0.056680 0.996941 -1.407400 0.000000 0.000000 0.000000 1.000000
0.998014 0.034086 0.052975 0.000000 -0.030923 0.997755 -0.059407 10.622700 -0.054881 0.057651 0.996827 -1.407400 0.000000 0.000000 0.000000 1.000000
0.997997 0.034001 0.053350 -0.000000 -0.030797 0.997736 -0.059782 10.622700 -0.055262 0.058019 0.996785 -1.407400 0.000000 0.000000 0.000000 1.000000</float_array><technique_common><accessor source="#mixamorig_Spine-Matrix-animation-output-transform-array" count="73" stride="16"><param type="float4x4"/></accessor></technique_common></source><source id="mixamorig_Spine-Interpolations"><Name_array id="mixamorig_Spine-Interpolations-array" count="73">
 LINEAR LINEAR LINEAR LINEAR LINEAR LINEAR LINEAR LINEAR LINEAR LINEAR LINEAR
LINEAR LINEAR LINEAR LINEAR LINEAR LINEAR LINEAR LINEAR LINEAR LINEAR LINEAR LINEAR
LINEAR LINEAR LINEAR LINEAR LINEAR LINEAR LINEAR LINEAR LINEAR LINEAR LINEAR LINEAR
LINEAR LINEAR LINEAR LINEAR LINEAR LINEAR LINEAR LINEAR LINEAR LINEAR LINEAR LINEAR
LINEAR LINEAR LINEAR LINEAR LINEAR LINEAR LINEAR LINEAR LINEAR LINEAR LINEAR LINEAR
LINEAR LINEAR LINEAR LINEAR LINEAR LINEAR LINEAR LINEAR LINEAR LINEAR LINEAR LINEAR
LINEAR LINEAR</Name_array><technique_common><accessor source="#mixamorig_Spine-Interpolations-array" count="73"><param type="name"/></accessor></technique_common></source><sampler id="mixamorig_Spine-Matrix-animation-transform"><input semantic="INPUT" source="#mixamorig_Spine-Matrix-animation-input"/><input semantic="OUTPUT" source="#mixamorig_Spine-Matrix-animation-output-transform"/><input semantic="INTERPOLATION" source="#mixamorig_Spine-Interpolations"/></sampler><channel source="#mixamorig_Spine-Matrix-animation-transform" target="mixamorig_Spine/matrix"/></animation>
    <animation id="mixamorig_Spine1-anim" name="mixamorig_Spine1"><source id="mixamorig_Spine1-Matrix-animation-input"><float_array id="mixamorig_Spine1-Matrix-animation-input-array" count="73">

0.000000 0.033333 0.066667 0.100000 0.133333 0.166667 0.200000 0.233333 0.266667 0.300000 0.333333 0.366667 0.400000 0.433333 0.466667 0.500000
0.533333 0.566667 0.600000 0.633333 0.666667 0.700000 0.733333 0.766667 0.800000 0.833333 0.866667 0.900000 0.933333 0.966667 1.000000 1.033333
1.066667 1.100000 1.133333 1.166667 1.200000 1.233333 1.266667 1.300000 1.333333 1.366667 1.400000 1.433333 1.466667 1.500000 1.533333 1.566667
1.600000 1.633333 1.666667 1.700000 1.733333 1.766667 1.800000 1.833333 1.866667 1.900000 1.933333 1.966667 2.000000 2.033333 2.066667 2.100000
2.133333 2.166667 2.200000 2.233333 2.266667 2.300000 2.333333 2.366667 2.400000</float_array><technique_common><accessor source="#mixamorig_Spine1-Matrix-animation-input-array" count="73"><param name="TIME" type="float"/></accessor></technique_common></source><source id="mixamorig_Spine1-Matrix-animation-output-transform"><float_array id="mixamorig_Spine1-Matrix-animation-output-transform-array" count="1168">

0.992503 0.060975 0.105928 -0.000000 -0.049779 0.993193 -0.105305 12.501400 -0.111628 0.099243 0.988782 -0.000000 0.000000 0.000000 0.000000 1.000000
0.992682 0.060242 0.104655 0.000000 -0.049354 0.993386 -0.103676 12.501400 -0.110209 0.097752 0.989090 0.000000 0.000000 0.000000 0.000000 1.000000
0.993581 0.059665 0.096111 0.000000 -0.049536 0.993287 -0.104529 12.501400 -0.101702 0.099097 0.989867 -0.000000 0.000000 0.000000 0.000000 1.000000
0.995130 0.058403 0.079407 0.000000 -0.049814 0.993103 -0.106138 12.501400 -0.085058 0.101666 0.991176 0.000000 0.000000 0.000000 0.000000 1.000000
0.996663 0.057726 0.057715 0.000000 -0.051261 0.992847 -0.107830 12.501400 -0.063527 0.104511 0.992493 0.000000 0.000000 0.000000 0.000000 1.000000
0.997624 0.058753 0.035982 0.000000 -0.054536 0.992578 -0.108696 12.501400 -0.042101 0.106475 0.993424 -0.000000 0.000000 0.000000 0.000000 1.000000
0.998099 0.060707 0.010618 -0.000000 -0.059248 0.992621 -0.105793 12.501400 -0.016962 0.104963 0.994331 0.000000 0.000000 0.000000 0.000000 1.000000
0.997927 0.061773 -0.018054 -0.000000 -0.063314 0.992637 -0.103263 12.501400 0.011542 0.104192 0.994490 0.000000 0.000000 0.000000 0.000000 1.000000
0.996941 0.062832 -0.046487 0.000000 -0.067215 0.992748 -0.099666 12.501400 0.039888 0.102486 0.993934 -0.000000 0.000000 0.000000 0.000000 1.000000
0.995795 0.063875 -0.065672 -0.000000 -0.070176 0.992649 -0.098608 12.501400 0.058890 0.102802 0.992957 0.000000 0.000000 0.000000 0.000000 1.000000
0.995207 0.059344 -0.077732 0.000000 -0.067031 0.992693 -0.100335 12.501400 0.071210 0.105064 0.991913 -0.000000 0.000000 0.000000 0.000000 1.000000
0.994978 0.049441 -0.087033 -0.000000 -0.058706 0.992488 -0.107333 12.501400 0.081072 0.111903 0.990406 0.000000 0.000000 0.000000 0.000000 1.000000
0.994114 0.037607 -0.101604 0.000000 -0.049257 0.992178 -0.114700 12.501400 0.096496 0.119029 0.988191 -0.000000 0.000000 0.000000 0.000000 1.000000
0.992175 0.021646 -0.122966 -0.000000 -0.036887 0.991714 -0.123052 12.501400 0.119283 0.126625 0.984753 0.000000 0.000000 0.000000 0.000000 1.000000
0.989768 0.002427 -0.142667 0.000000 -0.021304 0.991161 -0.130943 12.501400 0.141088 0.132642 0.981071 0.000000 0.000000 0.000000 0.000000 1.000000
0.988006 -0.019921 -0.153128 -0.000000 -0.001132 0.990683 -0.136183 12.501400 0.154414 0.134723 0.978778 0.000000 0.000000 0.000000 0.000000 1.000000
0.986819 -0.039525 -0.156926 0.000000 0.017625 0.990196 -0.138568 12.501400 0.160865 0.133975 0.977841 0.000000 0.000000 0.000000 0.000000 1.000000
0.986046 -0.057281 -0.156311 -0.000000 0.036047 0.990129 -0.135443 12.501400 0.162526 0.127918 0.978377 0.000000 0.000000 0.000000 0.000000 1.000000
0.985867 -0.074866 -0.149874 -0.000000 0.055927 0.990348 -0.126821 12.501400 0.157922 0.116646 0.980538 0.000000 0.000000 0.000000 0.000000 1.000000
0.986003 -0.089876 -0.140431 0.000000 0.074599 0.991071 -0.110511 12.501400 0.149109 0.098488 0.983904 0.000000 0.000000 0.000000 0.000000 1.000000
0.987015 -0.101160 -0.124776 0.000000 0.089275 0.991230 -0.097434 12.501400 0.133538 0.085029 0.987389 0.000000 0.000000 0.000000 0.000000 1.000000
0.987462 -0.112441 -0.110797 0.000000 0.103489 0.991120 -0.083497 12.501400 0.119201 0.070984 0.990329 0.000000 0.000000 0.000000 0.000000 1.000000
0.988431 -0.120229 -0.092464 0.000000 0.114382 0.991233 -0.066142 12.501400 0.099605 0.054801 0.993517 0.000000 0.000000 0.000000 0.000000 1.000000
0.990606 -0.120314 -0.064991 -0.000000 0.117447 0.992000 -0.046288 12.501400 0.070040 0.038220 0.996812 0.000000 0.000000 0.000000 0.000000 1.000000
0.992872 -0.111504 -0.042105 0.000000 0.110305 0.993450 -0.029818 12.501400 0.045154 0.024961 0.998668 0.000000 0.000000 0.000000 0.000000 1.000000
0.995248 -0.097330 0.002816 0.000000 0.097358 0.995168 -0.012717 12.501400 -0.001564 0.012930 0.999915 0.000000 0.000000 0.000000 0.000000 1.000000
0.992635 -0.100015 0.068358 0.000000 0.100764 0.994881 -0.007589 12.501400 -0.067250 0.014421 0.997632 0.000000 0.000000 0.000000 0.000000 1.000000
0.983776 -0.110901 0.141015 -0.000000 0.113007 0.993570 -0.006993 12.501400 -0.139332 0.022815 0.989983 -0.000000 0.000000 0.000000 0.000000 1.000000
0.974240 -0.118283 0.192005 0.000000 0.121019 0.992647 -0.002543 12.501400 -0.190292 0.025714 0.981391 0.000000 0.000000 0.000000 0.000000 1.000000
0.968784 -0.135186 0.207805 0.000000 0.136814 0.990575 0.006590 12.501400 -0.206737 0.022047 0.978148 0.000000 0.000000 0.000000 0.000000 1.000000
0.964893 -0.134871 0.225368 -0.000000 0.138132 0.990413 0.001313 12.501400 -0.223384 0.029864 0.974273 -0.000000 0.000000 0.000000 0.000000 1.000000
0.957676 -0.116684 0.263139 -0.000000 0.125408 0.991967 -0.016545 12.501400 -0.259095 0.048844 0.964616 0.000000 0.000000 0.000000 0.000000 1.000000
0.948552 -0.104146 0.299002 -0.000000 0.120132 0.992122 -0.035538 12.501400 -0.292945 0.069630 0.953591 0.000000 0.000000 0.000000 0.000000 1.000000
0.944074 -0.093179 0.316294 0.000000 0.117639 0.991297 -0.059094 12.501400 -0.308035 0.092998 0.946819 -0.000000 0.000000 0.000000 0.000000 1.000000
0.943042 -0.083790 0.321950 -0.000000 0.115838 0.989904 -0.081675 12.501400 -0.311856 0.114317 0.943227 0.000000 0.000000 0.000000 0.000000 1.000000
0.943444 -0.078124 0.322195 -0.000000 0.116313 0.988064 -0.101002 12.501400 -0.310459 0.132765 0.941270 0.000000 0.000000 0.000000 0.000000 1.000000
0.946273 -0.067938 0.316152 -0.000000 0.109442 0.987270 -0.115414 12.501400 -0.304287 0.143814 0.941662 0.000000 0.000000 0.000000 0.000000 1.000000
0.949584 -0.059398 0.307834 0.000000 0.102077 0.986962 -0.124442 12.501400 -0.296429 0.149591 0.943267 0.000000 0.000000 0.000000 0.000000 1.000000
0.955006 -0.054705 0.291499 0.000000 0.096753 0.986538 -0.131841 12.501400 -0.280362 0.154112 0.947442 0.000000 0.000000 0.000000 0.000000 1.000000
0.960791 -0.052724 0.272215 -0.000000 0.093360 0.985945 -0.138554 12.501400 -0.261084 0.158536 0.952209 0.000000 0.000000 0.000000 0.000000 1.000000
0.966126 -0.053880 0.252385 -0.000000 0.092037 0.985592 -0.141909 12.501400 -0.241103 0.160331 0.957164 0.000000 0.000000 0.000000 0.000000 1.000000
0.970357 -0.058828 0.234406 0.000000 0.093710 0.985626 -0.140571 12.501400 -0.222767 0.158370 0.961922 -0.000000 0.000000 0.000000 0.000000 1.000000
0.973918 -0.063597 0.217805 -0.000000 0.095151 0.985908 -0.137591 12.501400 -0.205985 0.154727 0.966245 -0.000000 0.000000 0.000000 0.000000 1.000000
0.976793 -0.067638 0.203226 -0.000000 0.096445 0.986091 -0.135364 12.501400 -0.191244 0.151823 0.969730 0.000000 0.000000 0.000000 0.000000 1.000000
0.980237 -0.070225 0.184941 0.000000 0.095489 0.986714 -0.131446 12.501400 -0.173253 0.146508 0.973919 -0.000000 0.000000 0.000000 0.000000 1.000000
0.982984 -0.070783 0.169504 0.000000 0.093224 0.987341 -0.128321 12.501400 -0.158275 0.141940 0.977140 0.000000 0.000000 0.000000 0.000000 1.000000
0.984246 -0.072095 0.161435 0.000000 0.093487 0.987215 -0.129101 12.501400 -0.150064 0.142159 0.978403 -0.000000 0.000000 0.000000 0.000000 1.000000
0.985698 -0.070193 0.153209 -0.000000 0.090320 0.987570 -0.128635 12.501400 -0.142275 0.140634 0.979786 0.000000 0.000000 0.000000 0.000000 1.000000
0.987155 -0.066743 0.145156 0.000000 0.086039 0.987641 -0.131004 12.501400 -0.134618 0.141810 0.980698 -0.000000 0.000000 0.000000 0.000000 1.000000
0.988883 -0.056423 0.137578 0.000000 0.074355 0.988867 -0.128892 12.501400 -0.128774 0.137689 0.982069 0.000000 0.000000 0.000000 0.000000 1.000000
0.990708 -0.042612 0.129162 0.000000 0.058756 0.990557 -0.123876 12.501400 -0.122663 0.130313 0.983856 -0.000000 0.000000 0.000000 0.000000 1.000000
0.993110 -0.030028 0.113276 0.000000 0.043631 0.991865 -0.119586 12.501400 -0.108764 0.123705 0.986341 0.000000 0.000000 0.000000 0.000000 1.000000
0.995140 -0.018925 0.096635 0.000000 0.029967 0.993014 -0.114126 12.501400 -0.093800 0.116468 0.988755 0.000000 0.000000 0.000000 0.000000 1.000000
0.997136 -0.007401 0.075263 0.000000 0.015844 0.993558 -0.112212 12.501400 -0.073947 0.113083 0.990830 0.000000 0.000000 0.000000 0.000000 1.000000
0.998267 0.004413 0.058678 0.000000 0.001959 0.994140 -0.108085 12.501400 -0.058811 0.108012 0.992408 -0.000000 0.000000 0.000000 0.000000 1.000000
0.998725 0.014814 0.048262 0.000000 -0.009697 0.994469 -0.104583 12.501400 -0.049545 0.103981 0.993344 -0.000000 0.000000 0.000000 0.000000 1.000000
0.998632 0.027283 0.044607 0.000000 -0.022521 0.994327 -0.103958 12.501400 -0.047190 0.102811 0.993581 0.000000 0.000000 0.000000 0.000000 1.000000
0.998255 0.038179 0.045059 0.000000 -0.033395 0.994171 -0.102509 12.501400 -0.048710 0.100825 0.993711 -0.000000 0.000000 0.000000 0.000000 1.000000
0.998000 0.045070 0.044326 -0.000000 -0.040558 0.994369 -0.097903 12.501400 -0.048489 0.095910 0.994208 0.000000 0.000000 0.000000 0.000000 1.000000
0.997713 0.049801 0.045702 0.000000 -0.045334 0.994535 -0.094050 12.501400 -0.050136 0.091763 0.994518 -0.000000 0.000000 0.000000 0.000000 1.000000
0.997115 0.055225 0.052073 -0.000000 -0.050382 0.994655 -0.090125 12.501400 -0.056772 0.087241 0.994568 0.000000 0.000000 0.000000 0.000000 1.000000
0.996600 0.059759 0.056720 -0.000000 -0.054623 0.994609 -0.088139 12.501400 -0.061681 0.084742 0.994492 0.000000 0.000000 0.000000 0.000000 1.000000
0.996315 0.060756 0.060545 -0.000000 -0.055193 0.994441 -0.089668 12.501400 -0.065657 0.085996 0.994130 0.000000 0.000000 0.000000 0.000000 1.000000
0.995967 0.061250 0.065558 0.000000 -0.055206 0.994380 -0.090340 12.501400 -0.070723 0.086356 0.993751 0.000000 0.000000 0.000000 0.000000 1.000000
0.995346 0.062557 0.073306 0.000000 -0.055932 0.994443 -0.089188 12.501400 -0.078478 0.084673 0.993313 0.000000 0.000000 0.000000 0.000000 1.000000
0.994817 0.062701 0.080044 0.000000 -0.055513 0.994478 -0.089065 12.501400 -0.085187 0.084160 0.992804 0.000000 0.000000 0.000000 0.000000 1.000000
0.994355 0.062562 0.085699 0.000000 -0.054729 0.994357 -0.090883 12.501400 -0.090901 0.085680 0.992167 -0.000000 0.000000 0.000000 0.000000 1.000000
0.993897 0.062298 0.091039 0.000000 -0.053744 0.994162 -0.093565 12.501400 -0.096336 0.088101 0.991442 -0.000000 0.000000 0.000000 0.000000 1.000000
0.993464 0.061963 0.095860 0.000000 -0.052662 0.993920 -0.096690 12.501400 -0.101268 0.091010 0.990688 0.000000 0.000000 0.000000 0.000000 1.000000
0.993082 0.061611 0.099962 -0.000000 -0.051597 0.993665 -0.099840 12.501400 -0.105480 0.093992 0.989969 0.000000 0.000000 0.000000 0.000000 1.000000
0.992776 0.061293 0.103142 0.000000 -0.050674 0.993431 -0.102602 12.501400 -0.108753 0.096634 0.989361 0.000000 0.000000 0.000000 0.000000 1.000000
0.992575 0.061063 0.105198 0.000000 -0.050024 0.993260 -0.104561 12.501400 -0.110873 0.098522 0.988939 0.000000 0.000000 0.000000 0.000000 1.000000
0.992503 0.060975 0.105928 0.000000 -0.049779 0.993193 -0.105306 12.501400 -0.111628 0.099243 0.988782 -0.000000 0.000000 0.000000 0.000000 1.000000</float_array><technique_common><accessor source="#mixamorig_Spine1-Matrix-animation-output-transform-array" count="73" stride="16"><param type="float4x4"/></accessor></technique_common></source><source id="mixamorig_Spine1-Interpolations"><Name_array id="mixamorig_Spine1-Interpolations-array" count="73">
 LINEAR LINEAR LINEAR LINEAR LINEAR LINEAR LINEAR LINEAR LINEAR LINEAR LINEAR
LINEAR LINEAR LINEAR LINEAR LINEAR LINEAR LINEAR LINEAR LINEAR LINEAR LINEAR LINEAR
LINEAR LINEAR LINEAR LINEAR LINEAR LINEAR LINEAR LINEAR LINEAR LINEAR LINEAR LINEAR
LINEAR LINEAR LINEAR LINEAR LINEAR LINEAR LINEAR LINEAR LINEAR LINEAR LINEAR LINEAR
