<?xml version="1.0" encoding="utf-8"?>
<COLLADA xmlns="http://www.collada.org/2005/11/COLLADASchema" version="1.4.1">
  <asset><contributor><author>Mixamo</author><authoring_tool>COLLADA Mixamo exporter</authoring_tool><comments></comments></contributor><created>2020-04-01T09:32:42Z</created><modified>2020-04-01T09:32:42Z</modified><revision></revision><title></title><unit meter="0.025400"/><up_axis>Y_UP</up_axis></asset>
  <library_animations>
    <animation id="mixamorig_Hips-anim" name="mixamorig_Hips"><source id="mixamorig_Hips-Matrix-animation-input"><float_array id="mixamorig_Hips-Matrix-animation-input-array" count="35">

0.000000 0.033333 0.066667 0.100000 0.133333 0.166667 0.200000 0.233333 0.266667 0.300000 0.333333 0.366667 0.400000 0.433333 0.466667 0.500000
0.533333 0.566667 0.600000 0.633333 0.666667 0.700000 0.733333 0.766667 0.800000 0.833333 0.866667 0.900000 0.933333 0.966667 1.000000 1.033333
1.066667 1.100000 1.133333</float_array><technique_common><accessor source="#mixamorig_Hips-Matrix-animation-input-array" count="35"><param name="TIME" type="float"/></accessor></technique_common></source><source id="mixamorig_Hips-Matrix-animation-output-transform"><float_array id="mixamorig_Hips-Matrix-animation-output-transform-array" count="560">

0.636850 -0.129419 -0.760048 -0.598666 0.044112 0.990312 -0.131666 48.681267 0.769725 0.050325 0.636389 0.457544 0.000000 0.000000 0.000000 1.000000
0.587155 -0.219147 -0.779246 -0.907651 0.050080 0.970646 -0.235240 48.456001 0.807924 0.099098 0.580894 1.035338 0.000000 0.000000 0.000000 1.000000
0.587715 -0.307615 -0.748307 -1.618964 0.079712 0.942416 -0.324805 48.196262 0.805132 0.131244 0.578393 1.863999 0.000000 0.000000 0.000000 1.000000
0.604210 -0.375350 -0.702881 -2.532533 0.114557 0.913858 -0.389539 48.132637 0.788547 0.154844 0.595161 2.682267 0.000000 0.000000 0.000000 1.000000
0.618791 -0.409936 -0.670112 -4.059033 0.137782 0.896455 -0.421170 48.085358 0.773378 0.168286 0.611200 3.414335 0.000000 0.000000 0.000000 1.000000
0.617597 -0.417369 -0.666616 -5.714375 0.130330 0.890170 -0.436590 48.043499 0.775621 0.182756 0.604163 3.935483 0.000000 0.000000 0.000000 1.000000
0.617141 -0.418910 -0.666072 -6.818838 0.128510 0.888796 -0.439917 47.825363 0.776287 0.185894 0.602346 3.996546 0.000000 0.000000 0.000000 1.000000
0.627162 -0.395883 -0.670779 -7.400326 0.154446 0.907308 -0.391075 47.523125 0.763423 0.141668 0.630172 3.608037 0.000000 0.000000 0.000000 1.000000
0.643956 -0.374141 -0.667338 -7.872901 0.188509 0.922967 -0.335555 47.300407 0.741475 0.090284 0.664878 3.231119 0.000000 0.000000 0.000000 1.000000
0.645821 -0.364106 -0.671076 -8.183111 0.205948 0.929457 -0.306098 47.121048 0.735188 0.059478 0.675249 2.916883 0.000000 0.000000 0.000000 1.000000
0.642408 -0.352138 -0.680669 -8.249408 0.206267 0.934854 -0.288967 47.058826 0.738083 0.045235 0.673192 2.666523 0.000000 0.000000 0.000000 1.000000
0.648173 -0.338360 -0.682191 -8.260328 0.210470 0.940564 -0.266535 47.146935 0.731830 0.029180 0.680863 2.500007 0.000000 0.000000 0.000000 1.000000
0.657995 -0.323746 -0.679876 -8.182557 0.215333 0.946056 -0.242094 47.307144 0.721577 0.012897 0.692214 2.382451 0.000000 0.000000 0.000000 1.000000
0.666856 -0.297453 -0.683246 -7.898491 0.207826 0.954736 -0.212807 47.578159 0.715619 -0.000085 0.698490 2.291914 0.000000 0.000000 0.000000 1.000000
0.680459 -0.263114 -0.683920 -7.506967 0.194011 0.964696 -0.178103 47.895363 0.706637 -0.011496 0.707483 2.212432 0.000000 0.000000 0.000000 1.000000
0.698074 -0.228671 -0.678529 -7.046834 0.180683 0.973222 -0.142097 48.183735 0.692854 -0.023404 0.720698 2.134363 0.000000 0.000000 0.000000 1.000000
0.713375 -0.199978 -0.671644 -6.530393 0.170382 0.979155 -0.110569 48.420834 0.679755 -0.035559 0.732577 2.092540 0.000000 0.000000 0.000000 1.000000
0.732104 -0.165335 -0.660824 -6.024367 0.154095 0.985147 -0.075762 48.666428 0.663535 -0.046364 0.746707 2.026651 0.000000 0.000000 0.000000 1.000000
0.751378 -0.135161 -0.645881 -5.549185 0.140834 0.989093 -0.043146 48.927048 0.644668 -0.058544 0.762218 2.076705 0.000000 0.000000 0.000000 1.000000
0.773160 -0.110716 -0.624472 -5.102590 0.127482 0.991678 -0.017984 49.142139 0.621266 -0.065705 0.780840 2.161736 0.000000 0.000000 0.000000 1.000000
0.790145 -0.092927 -0.605835 -4.627504 0.113837 0.993492 -0.003920 49.303288 0.602256 -0.065869 0.795581 2.255178 0.000000 0.000000 0.000000 1.000000
0.798307 -0.077986 -0.597180 -4.171879 0.098725 0.995113 0.002023 49.464115 0.594103 -0.060572 0.802105 2.385509 0.000000 0.000000 0.000000 1.000000
0.796119 -0.065075 -0.601630 -3.745308 0.083816 0.996476 0.003128 49.607903 0.599307 -0.052917 0.798768 2.518580 0.000000 0.000000 0.000000 1.000000
0.788040 -0.051772 -0.613443 -3.318091 0.067471 0.997718 0.002471 49.669682 0.611915 -0.043337 0.789735 2.625950 0.000000 0.000000 0.000000 1.000000
0.774894 -0.039840 -0.630835 -2.889827 0.052311 0.998630 0.001189 49.653038 0.629923 -0.033922 0.775916 2.694140 0.000000 0.000000 0.000000 1.000000
0.756137 -0.032431 -0.653609 -2.499527 0.038845 0.999234 -0.004642 49.595928 0.653259 -0.021879 0.756818 2.735036 0.000000 0.000000 0.000000 1.000000
0.733726 -0.033090 -0.678639 -2.145425 0.030916 0.999405 -0.015304 49.461761 0.678742 -0.009752 0.734312 2.708889 0.000000 0.000000 0.000000 1.000000
0.707198 -0.038160 -0.705985 -1.817227 0.026125 0.999271 -0.027843 49.303886 0.706533 0.001246 0.707679 2.618517 0.000000 0.000000 0.000000 1.000000
0.679766 -0.045141 -0.732039 -1.530691 0.022499 0.998918 -0.040705 49.158195 0.733084 0.011200 0.680046 2.448705 0.000000 0.000000 0.000000 1.000000
0.655534 -0.057406 -0.752981 -1.273992 0.022332 0.998144 -0.056655 49.011265 0.754836 0.020323 0.655599 2.213505 0.000000 0.000000 0.000000 1.000000
0.639061 -0.073808 -0.765607 -1.060133 0.024908 0.996849 -0.075310 48.897011 0.768753 0.029057 0.638885 1.928550 0.000000 0.000000 0.000000 1.000000
0.629644 -0.090022 -0.771651 -0.886959 0.027603 0.995229 -0.093582 48.819092 0.776394 0.037624 0.629124 1.589232 0.000000 0.000000 0.000000 1.000000
0.628484 -0.105419 -0.770646 -0.746798 0.032024 0.993440 -0.109779 48.758171 0.777163 0.044315 0.627737 1.236725 0.000000 0.000000 0.000000 1.000000
0.631759 -0.119051 -0.765968 -0.647206 0.038163 0.991715 -0.122661 48.703983 0.774225 0.048260 0.631068 0.849056 0.000000 0.000000 0.000000 1.000000
0.636850 -0.129419 -0.760048 -0.598682 0.044112 0.990312 -0.131666 48.681263 0.769725 0.050325 0.636389 0.457566 0.000000 0.000000 0.000000 1.000000</float_array><technique_common><accessor source="#mixamorig_Hips-Matrix-animation-output-transform-array" count="35" stride="16"><param type="float4x4"/></accessor></technique_common></source><source id="mixamorig_Hips-Interpolations"><Name_array id="mixamorig_Hips-Interpolations-array" count="35">
 LINEAR LINEAR LINEAR LINEAR LINEAR LINEAR LINEAR LINEAR LINEAR LINEAR LINEAR
LINEAR LINEAR LINEAR LINEAR LINEAR LINEAR LINEAR LINEAR LINEAR LINEAR LINEAR LINEAR
LINEAR LINEAR LINEAR LINEAR LINEAR LINEAR LINEAR LINEAR LINEAR LINEAR LINEAR LINEAR</Name_array><technique_common><accessor source="#mixamorig_Hips-Interpolations-array" count="35"><param type="name"/></accessor></technique_common></source><sampler id="mixamorig_Hips-Matrix-animation-transform"><input semantic="INPUT" source="#mixamorig_Hips-Matrix-animation-input"/><input semantic="OUTPUT" source="#mixamorig_Hips-Matrix-animation-output-transform"/><input semantic="INTERPOLATION" source="#mixamorig_Hips-Interpolations"/></sampler><channel source="#mixamorig_Hips-Matrix-animation-transform" target="mixamorig_Hips/matrix"/></animation>
    <animation id="mixamorig_Spine-anim" name="mixamorig_Spine"><source id="mixamorig_Spine-Matrix-animation-input"><float_array id="mixamorig_Spine-Matrix-animation-input-array" count="35">

0.000000 0.033333 0.066667 0.100000 0.133333 0.166667 0.200000 0.233333 0.266667 0.300000 0.333333 0.366667 0.400000 0.433333 0.466667 0.500000
0.533333 0.566667 0.600000 0.633333 0.666667 0.700000 0.733333 0.766667 0.800000 0.833333 0.866667 0.900000 0.933333 0.966667 1.000000 1.033333
1.066667 1.100000 1.133333</float_array><technique_common><accessor source="#mixamorig_Spine-Matrix-animation-input-array" count="35"><param name="TIME" type="float"/></accessor></technique_common></source><source id="mixamorig_Spine-Matrix-animation-output-transform"><float_array id="mixamorig_Spine-Matrix-animation-output-transform-array" count="560">

0.998059 0.029994 0.054572 0.000000 -0.029223 0.999462 -0.014861 10.357000 -0.054988 0.013237 0.998399 -1.849100 0.000000 0.000000 0.000000 1.000000
0.998340 0.005897 0.057299 0.000000 -0.013217 0.991657 0.128223 10.357000 -0.056065 -0.128768 0.990089 -1.849100 0.000000 0.000000 0.000000 1.000000
0.999277 -0.012818 0.035786 0.000000 0.004419 0.974221 0.225554 10.357000 -0.037754 -0.225233 0.973573 -1.849100 0.000000 0.000000 0.000000 1.000000
0.999718 -0.022659 -0.007141 0.000000 0.023617 0.980489 0.195152 10.357000 0.002579 -0.195265 0.980747 -1.849100 0.000000 0.000000 0.000000 1.000000
0.997841 -0.031439 -0.057664 0.000000 0.035811 0.996433 0.076418 10.357000 0.055056 -0.078318 0.995407 -1.849100 0.000000 0.000000 0.000000 1.000000
0.994009 -0.040616 -0.101472 0.000000 0.036521 0.998454 -0.041893 10.357000 0.103016 0.037936 0.993956 -1.849100 0.000000 0.000000 0.000000 1.000000
0.991283 -0.040623 -0.125331 0.000000 0.030015 0.995895 -0.085397 10.357000 0.128285 0.080891 0.988433 -1.849100 0.000000 0.000000 0.000000 1.000000
0.990543 -0.036331 -0.132306 0.000000 0.020976 0.993068 -0.115654 10.357000 0.135591 0.111785 0.984439 -1.849100 0.000000 0.000000 0.000000 1.000000
0.989990 -0.034317 -0.136904 0.000000 0.015195 0.990267 -0.138348 10.357000 0.140319 0.134883 0.980876 -1.849100 0.000000 0.000000 0.000000 1.000000
0.989760 -0.028028 -0.139964 0.000000 0.007203 0.989091 -0.147131 10.357000 0.142561 0.144616 0.979164 -1.849100 0.000000 0.000000 0.000000 1.000000
0.990059 -0.028316 -0.137773 -0.000000 0.007183 0.988427 -0.151530 10.357000 0.140469 0.149034 0.978804 -1.849100 0.000000 0.000000 0.000000 1.000000
0.990325 -0.036219 -0.133957 -0.000000 0.014725 0.987315 -0.158092 10.357000 0.137984 0.154590 0.978296 -1.849100 0.000000 0.000000 0.000000 1.000000
0.990620 -0.041438 -0.130214 0.000000 0.020168 0.986813 -0.160605 10.357000 0.135151 0.156472 0.978392 -1.849100 0.000000 0.000000 0.000000 1.000000
0.991215 -0.039298 -0.126284 0.000000 0.018856 0.987073 -0.159159 10.357000 0.130906 0.155379 0.979143 -1.849100 0.000000 0.000000 0.000000 1.000000
0.991677 -0.035824 -0.123668 0.000000 0.016381 0.987812 -0.154790 10.357000 0.127706 0.151476 0.980177 -1.849100 0.000000 0.000000 0.000000 1.000000
0.992154 -0.032700 -0.120669 -0.000000 0.014536 0.988814 -0.148442 10.357000 0.124173 0.145523 0.981531 -1.849100 0.000000 0.000000 0.000000 1.000000
0.992896 -0.029285 -0.115325 0.000000 0.013014 0.990152 -0.139394 10.357000 0.118272 0.136903 0.983499 -1.849100 0.000000 0.000000 0.000000 1.000000
0.993691 -0.029168 -0.108298 -0.000000 0.014531 0.990934 -0.133562 10.357000 0.111212 0.131145 0.985106 -1.849100 0.000000 0.000000 0.000000 1.000000
0.994232 -0.029531 -0.103105 0.000000 0.016284 0.991764 -0.127036 10.357000 0.106007 0.124624 0.986525 -1.849100 0.000000 0.000000 0.000000 1.000000
0.994821 -0.031945 -0.096494 0.000000 0.020279 0.992622 -0.119541 10.357000 0.099601 0.116965 0.988129 -1.849100 0.000000 0.000000 0.000000 1.000000
0.995562 -0.033506 -0.087943 -0.000000 0.023686 0.993602 -0.110423 10.357000 0.091081 0.107850 0.989986 -1.849100 0.000000 0.000000 0.000000 1.000000
0.996400 -0.033485 -0.077883 0.000000 0.025545 0.994579 -0.100802 10.357000 0.080836 0.098449 0.991853 -1.849100 0.000000 0.000000 0.000000 1.000000
0.997317 -0.029551 -0.066971 -0.000000 0.023329 0.995499 -0.091853 10.357000 0.069383 0.090044 0.993518 -1.849100 0.000000 0.000000 0.000000 1.000000
0.998218 -0.024014 -0.054627 -0.000000 0.019429 0.996363 -0.082970 10.357000 0.056421 0.081761 0.995054 -1.849100 0.000000 0.000000 0.000000 1.000000
0.998930 -0.017707 -0.042725 0.000000 0.014468 0.997082 -0.074951 10.357000 0.043928 0.074253 0.996271 -1.849100 0.000000 0.000000 0.000000 1.000000
0.999494 -0.011753 -0.029543 -0.000000 0.009774 0.997755 -0.066254 10.357000 0.030256 0.065931 0.997365 -1.849100 0.000000 0.000000 0.000000 1.000000
0.999859 -0.005137 -0.015960 0.000000 0.004229 0.998397 -0.056433 10.357000 0.016224 0.056358 0.998279 -1.849100 0.000000 0.000000 0.000000 1.000000
0.999996 0.001800 -0.002007 -0.000000 -0.001894 0.998850 -0.047908 10.357000 0.001919 0.047911 0.998850 -1.849100 0.000000 0.000000 0.000000 1.000000
0.999893 0.008318 0.012048 0.000000 -0.007822 0.999143 -0.040647 10.357000 -0.012375 0.040549 0.999101 -1.849100 0.000000 0.000000 0.000000 1.000000
0.999591 0.014299 0.024772 0.000000 -0.013463 0.999345 -0.033590 10.357000 -0.025236 0.033243 0.999129 -1.849100 0.000000 0.000000 0.000000 1.000000
0.999207 0.019324 0.034827 0.000000 -0.018389 0.999467 -0.026967 10.357000 -0.035330 0.026305 0.999029 -1.849100 0.000000 0.000000 0.000000 1.000000
0.998800 0.023156 0.043166 0.000000 -0.022241 0.999520 -0.021554 10.357000 -0.043645 0.020568 0.998835 -1.849100 0.000000 0.000000 0.000000 1.000000
0.998418 0.026282 0.049707 -0.000000 -0.025424 0.999518 -0.017805 10.357000 -0.050151 0.016513 0.998605 -1.849100 0.000000 0.000000 0.000000 1.000000
0.998148 0.028696 0.053637 0.000000 -0.027888 0.999487 -0.015752 10.357000 -0.054062 0.014227 0.998436 -1.849100 0.000000 0.000000 0.000000 1.000000
0.998059 0.029994 0.054572 -0.000000 -0.029223 0.999462 -0.014861 10.357000 -0.054989 0.013237 0.998399 -1.849100 0.000000 0.000000 0.000000 1.000000</float_array><technique_common><accessor source="#mixamorig_Spine-Matrix-animation-output-transform-array" count="35" stride="16"><param type="float4x4"/></accessor></technique_common></source><source id="mixamorig_Spine-Interpolations"><Name_array id="mixamorig_Spine-Interpolations-array" count="35">
 LINEAR LINEAR LINEAR LINEAR LINEAR LINEAR LINEAR LINEAR LINEAR LINEAR LINEAR
LINEAR LINEAR LINEAR LINEAR LINEAR LINEAR LINEAR LINEAR LINEAR LINEAR LINEAR LINEAR
LINEAR LINEAR LINEAR LINEAR LINEAR LINEAR LINEAR LINEAR LINEAR LINEAR LINEAR LINEAR</Name_array><technique_common><accessor source="#mixamorig_Spine-Interpolations-array" count="35"><param type="name"/></accessor></technique_common></source><sampler id="mixamorig_Spine-Matrix-animation-transform"><input semantic="INPUT" source="#mixamorig_Spine-Matrix-animation-input"/><input semantic="OUTPUT" source="#mixamorig_Spine-Matrix-animation-output-transform"/><input semantic="INTERPOLATION" source="#mixamorig_Spine-Interpolations"/></sampler><channel source="#mixamorig_Spine-Matrix-animation-transform" target="mixamorig_Spine/matrix"/></animation>
    <animation id="mixamorig_Spine1-anim" name="mixamorig_Spine1"><source id="mixamorig_Spine1-Matrix-animation-input"><float_array id="mixamorig_Spine1-Matrix-animation-input-array" count="35">

0.000000 0.033333 0.066667 0.100000 0.133333 0.166667 0.200000 0.233333 0.266667 0.300000 0.333333 0.366667 0.400000 0.433333 0.466667 0.500000
0.533333 0.566667 0.600000 0.633333 0.666667 0.700000 0.733333 0.766667 0.800000 0.833333 0.866667 0.900000 0.933333 0.966667 1.000000 1.033333
1.066667 1.100000 1.133333</float_array><technique_common><accessor source="#mixamorig_Spine1-Matrix-animation-input-array" count="35"><param name="TIME" type="float"/></accessor></technique_common></source><source id="mixamorig_Spine1-Matrix-animation-output-transform"><float_array id="mixamorig_Spine1-Matrix-animation-output-transform-array" count="560">

0.992503 0.056154 0.108561 -0.000000 -0.044712 0.993456 -0.105095 12.274200 -0.113752 0.099453 0.988519 -0.000000 0.000000 0.000000 0.000000 1.000000
0.992268 0.049092 0.113996 0.000000 -0.041477 0.996806 -0.068241 12.274200 -0.116982 0.062985 0.991135 0.000000 0.000000 0.000000 0.000000 1.000000
0.995065 0.055887 0.081989 0.000000 -0.051380 0.997103 -0.056084 12.274200 -0.084886 0.051594 0.995054 -0.000000 0.000000 0.000000 0.000000 1.000000
0.997869 0.064462 0.010083 0.000000 -0.063278 0.993811 -0.091300 12.274200 -0.015906 0.090467 0.995772 0.000000 0.000000 0.000000 0.000000 1.000000
0.993729 0.067995 -0.088764 0.000000 -0.081054 0.984903 -0.152957 12.274200 0.077024 0.159192 0.984238 -0.000000 0.000000 0.000000 0.000000 1.000000
0.981635 0.057623 -0.181856 0.000000 -0.099147 0.968531 -0.228291 12.274200 0.162978 0.242129 0.956458 0.000000 0.000000 0.000000 0.000000 1.000000
0.973252 0.047397 -0.224799 0.000000 -0.115769 0.946353 -0.301683 12.274200 0.198440 0.319638 0.926527 -0.000000 0.000000 0.000000 0.000000 1.000000
0.977478 0.053945 -0.204025 0.000000 -0.125065 0.926796 -0.354131 12.274200 0.169986 0.371671 0.912669 -0.000000 0.000000 0.000000 0.000000 1.000000
0.982730 0.059298 -0.175289 0.000000 -0.126666 0.906125 -0.403601 12.274200 0.134901 0.418834 0.897987 -0.000000 0.000000 0.000000 0.000000 1.000000
0.985043 0.059064 -0.161867 -0.000000 -0.127950 0.879923 -0.457563 12.274200 0.115405 0.471431 0.874320 0.000000 0.000000 0.000000 0.000000 1.000000
0.988333 0.045459 -0.145369 0.000000 -0.113066 0.858463 -0.500257 12.274200 0.102053 0.510857 0.853587 -0.000000 0.000000 0.000000 0.000000 1.000000
0.991024 0.028500 -0.130610 0.000000 -0.093753 0.844643 -0.527056 12.274200 0.095298 0.534570 0.839734 0.000000 0.000000 0.000000 0.000000 1.000000
0.992721 0.022645 -0.118291 0.000000 -0.082863 0.841175 -0.534376 12.274200 0.087403 0.540288 0.836928 0.000000 0.000000 0.000000 0.000000 1.000000
0.994135 0.025218 -0.105169 0.000000 -0.077798 0.842252 -0.533440 12.274200 0.075126 0.538494 0.839274 -0.000000 0.000000 0.000000 0.000000 1.000000
0.994958 0.028554 -0.096142 -0.000000 -0.075212 0.846578 -0.526924 12.274200 0.066346 0.531498 0.844457 0.000000 0.000000 0.000000 0.000000 1.000000
0.995517 0.033198 -0.088566 0.000000 -0.074289 0.854009 -0.514927 12.274200 0.058542 0.519198 0.852647 -0.000000 0.000000 0.000000 0.000000 1.000000
0.996097 0.040566 -0.078392 0.000000 -0.074258 0.865244 -0.495822 12.274200 0.047715 0.499708 0.864879 0.000000 0.000000 0.000000 0.000000 1.000000
0.996845 0.043653 -0.066296 0.000000 -0.070304 0.873296 -0.482090 12.274200 0.036851 0.485230 0.873610 -0.000000 0.000000 0.000000 0.000000 1.000000
0.997207 0.045788 -0.059001 0.000000 -0.068111 0.881640 -0.466982 12.274200 0.030636 0.469697 0.882296 0.000000 0.000000 0.000000 0.000000 1.000000
0.997687 0.043001 -0.052644 0.000000 -0.062121 0.891200 -0.449337 12.274200 0.027594 0.451568 0.891810 0.000000 0.000000 0.000000 0.000000 1.000000
0.998236 0.039303 -0.044505 -0.000000 -0.054567 0.902750 -0.426690 12.274200 0.023406 0.428366 0.903302 0.000000 0.000000 0.000000 0.000000 1.000000
0.998777 0.035678 -0.034239 0.000000 -0.046410 0.915338 -0.400003 12.274200 0.017069 0.401103 0.915874 -0.000000 0.000000 0.000000 0.000000 1.000000
0.999149 0.035040 -0.021739 0.000000 -0.040617 0.927315 -0.372071 12.274200 0.007121 0.372638 0.927949 0.000000 0.000000 0.000000 0.000000 1.000000
0.999362 0.035041 -0.006960 -0.000000 -0.035299 0.938460 -0.343579 12.274200 -0.005507 0.343605 0.939098 0.000000 0.000000 0.000000 0.000000 1.000000
0.999345 0.035591 0.006540 0.000000 -0.031699 0.948166 -0.316191 12.274200 -0.017454 0.315776 0.948673 0.000000 0.000000 0.000000 0.000000 1.000000
0.999139 0.035357 0.021686 0.000000 -0.027676 0.957721 -0.286365 12.274200 -0.030894 0.285518 0.957875 0.000000 0.000000 0.000000 0.000000 1.000000
0.998558 0.038404 0.037504 0.000000 -0.027696 0.967098 -0.252893 12.274200 -0.045982 0.251489 0.966767 -0.000000 0.000000 0.000000 0.000000 1.000000
0.997621 0.042626 0.054174 0.000000 -0.029605 0.974661 -0.221719 12.274200 -0.062253 0.219588 0.973604 -0.000000 0.000000 0.000000 0.000000 1.000000
0.996376 0.046622 0.071143 0.000000 -0.032043 0.980520 -0.193788 12.274200 -0.078792 0.190806 0.978460 -0.000000 0.000000 0.000000 0.000000 1.000000
0.995018 0.050713 0.085832 0.000000 -0.035770 0.985232 -0.167446 12.274200 -0.093056 0.163542 0.982138 -0.000000 0.000000 0.000000 0.000000 1.000000
0.993944 0.053681 0.095884 0.000000 -0.039553 0.988845 -0.143598 12.274200 -0.102523 0.138936 0.984980 0.000000 0.000000 0.000000 0.000000 1.000000
0.993149 0.054323 0.103462 -0.000000 -0.041236 0.991340 -0.124681 12.274200 -0.109339 0.119560 0.986788 0.000000 0.000000 0.000000 0.000000 1.000000
0.992527 0.055145 0.108852 0.000000 -0.042885 0.992791 -0.111924 12.274200 -0.114239 0.106420 0.987737 -0.000000 0.000000 0.000000 0.000000 1.000000
0.992261 0.056202 0.110722 -0.000000 -0.044482 0.993412 -0.105617 12.274200 -0.115928 0.099874 0.988224 0.000000 0.000000 0.000000 0.000000 1.000000
0.992503 0.056154 0.108560 0.000000 -0.044712 0.993456 -0.105095 12.274200 -0.113752 0.099453 0.988519 0.000000 0.000000 0.000000 0.000000 1.000000</float_array><technique_common><accessor source="#mixamorig_Spine1-Matrix-animation-output-transform-array" count="35" stride="16"><param type="float4x4"/></accessor></technique_common></source><source id="mixamorig_Spine1-Interpolations"><Name_array id="mixamorig_Spine1-Interpolations-array" count="35">
 LINEAR LINEAR LINEAR LINEAR LINEAR LINEAR LINEAR LINEAR LINEAR LINEAR LINEAR
LINEAR LINEAR LINEAR LINEAR LINEAR LINEAR LINEAR LINEAR LINEAR LINEAR LINEAR LINEAR
LINEAR LINEAR LINEAR LINEAR LINEAR LINEAR LINEAR LINEAR LINEAR LINEAR LINEAR LINEAR</Name_array><technique_common><accessor source="#mixamorig_Spine1-Interpolations-array" count="35"><param type="name"/></accessor></technique_common></source><sampler id="mixamorig_Spine1-Matrix-animation-transform"><input semantic="INPUT" source="#mixamorig_Spine1-Matrix-animation-input"/><input semantic="OUTPUT" source="#mixamorig_Spine1-Matrix-animation-output-transform"/><input semantic="INTERPOLATION" source="#mixamorig_Spine1-Interpolations"/></sampler><channel source="#mixamorig_Spine1-Matrix-animation-transform" target="mixamorig_Spine1/matrix"/></animation>
    <animation id="mixamorig_Spine2-anim" name="mixamorig_Spine2"><source id="mixamorig_Spine2-Matrix-animation-input"><float_array id="mixamorig_Spine2-Matrix-animation-input-array" count="35">

0.000000 0.033333 0.066667 0.100000 0.133333 0.166667 0.200000 0.233333 0.266667 0.300000 0.333333 0.366667 0.400000 0.433333 0.466667 0.500000
0.533333 0.566667 0.600000 0.633333 0.666667 0.700000 0.733333 0.766667 0.800000 0.833333 0.866667 0.900000 0.933333 0.966667 1.000000 1.033333
1.066667 1.100000 1.133333</float_array><technique_common><accessor source="#mixamorig_Spine2-Matrix-animation-input-array" count="35"><param name="TIME" type="float"/></accessor></technique_common></source><source id="mixamorig_Spine2-Matrix-animation-output-transform"><float_array id="mixamorig_Spine2-Matrix-animation-output-transform-array" count="560">

0.992503 0.032623 0.117790 -0.000000 -0.044668 0.993872 0.101113 14.027700 -0.113769 -0.105616 0.987877 -0.000000 0.000000 0.000000 0.000000 1.000000
0.992322 0.024774 0.121176 0.000000 -0.041476 0.989658 0.137319 14.027700 -0.116521 -0.141291 0.983087 -0.000000 0.000000 0.000000 0.000000 1.000000
0.995230 0.034922 0.091093 0.000000 -0.048104 0.987996 0.146799 14.027700 -0.084873 -0.150481 0.984963 0.000000 0.000000 0.000000 0.000000 1.000000
0.998498 0.050754 0.020617 -0.000000 -0.052701 0.992684 0.108628 14.027700 -0.014953 -0.109552 0.993869 0.000000 0.000000 0.000000 0.000000 1.000000
0.995113 0.059717 -0.078636 -0.000000 -0.056326 0.997413 0.044654 14.027700 0.081099 -0.040007 0.995903 0.000000 0.000000 0.000000 0.000000 1.000000
0.983952 0.049639 -0.171391 -0.000000 -0.056467 0.997784 -0.035192 14.027700 0.169265 0.044305 0.984574 0.000000 0.000000 0.000000 0.000000 1.000000
0.976522 0.043535 -0.210975 0.000000 -0.069049 0.990949 -0.115115 14.027700 0.204054 0.126980 0.970690 0.000000 0.000000 0.000000 0.000000 1.000000
0.980795 0.058548 -0.186048 0.000000 -0.090841 0.981231 -0.170102 14.027700 0.172597 0.183736 0.967704 0.000000 0.000000 0.000000 0.000000 1.000000
0.984895 0.077158 -0.155013 0.000000 -0.110535 0.969250 -0.219854 14.027700 0.133283 0.233667 0.963138 0.000000 0.000000 0.000000 0.000000 1.000000
0.986376 0.092326 -0.136156 -0.000000 -0.127373 0.952413 -0.276923 14.027700 0.104109 0.290493 0.951197 0.000000 0.000000 0.000000 0.000000 1.000000
0.989225 0.087709 -0.117220 -0.000000 -0.121549 0.938335 -0.323656 14.027700 0.081604 0.334416 0.938886 0.000000 0.000000 0.000000 0.000000 1.000000
0.991706 0.072047 -0.106435 -0.000000 -0.105422 0.929680 -0.352960 14.027700 0.073521 0.361253 0.929565 0.000000 0.000000 0.000000 0.000000 1.000000
0.993185 0.064490 -0.097076 0.000000 -0.095504 0.927753 -0.360769 14.027700 0.066797 0.367581 0.927589 0.000000 0.000000 0.000000 0.000000 1.000000
0.994524 0.065692 -0.081277 -0.000000 -0.090768 0.928422 -0.360269 14.027700 0.051793 0.365673 0.929301 0.000000 0.000000 0.000000 0.000000 1.000000
0.995298 0.067788 -0.069186 0.000000 -0.088008 0.931224 -0.353660 14.027700 0.040454 0.358086 0.932812 0.000000 0.000000 0.000000 0.000000 1.000000
0.995805 0.069662 -0.059326 -0.000000 -0.085800 0.936170 -0.340917 14.027700 0.031790 0.344577 0.938220 0.000000 0.000000 0.000000 0.000000 1.000000
0.996351 0.071604 -0.046440 -0.000000 -0.082754 0.943621 -0.320518 14.027700 0.020872 0.323192 0.946103 0.000000 0.000000 0.000000 0.000000 1.000000
0.997096 0.068022 -0.034234 0.000000 -0.075248 0.949130 -0.305762 14.027700 0.011694 0.307450 0.951492 0.000000 0.000000 0.000000 0.000000 1.000000
0.997501 0.064957 -0.027777 0.000000 -0.070225 0.954617 -0.289439 14.027700 0.007715 0.290667 0.956793 0.000000 0.000000 0.000000 0.000000 1.000000
0.998074 0.056903 -0.024720 -0.000000 -0.061472 0.960856 -0.270142 14.027700 0.008380 0.271142 0.962503 0.000000 0.000000 0.000000 0.000000 1.000000
0.998650 0.047928 -0.020029 -0.000000 -0.051380 0.968105 -0.245219 14.027700 0.007637 0.245917 0.969261 0.000000 0.000000 0.000000 0.000000 1.000000
0.999147 0.039254 -0.012785 0.000000 -0.041090 0.975570 -0.215813 14.027700 0.004001 0.216154 0.976351 0.000000 0.000000 0.000000 0.000000 1.000000
0.999411 0.034289 -0.001434 -0.000000 -0.033962 0.982136 -0.185080 14.027700 -0.004938 0.185020 0.982722 -0.000000 0.000000 0.000000 0.000000 1.000000
0.999468 0.030133 0.012464 -0.000000 -0.027862 0.987722 -0.153714 14.027700 -0.016942 0.153285 0.988037 -0.000000 0.000000 0.000000 0.000000 1.000000
0.999305 0.027720 0.024929 0.000000 -0.024438 0.992048 -0.123468 14.027700 -0.028154 0.122773 0.992035 0.000000 0.000000 0.000000 0.000000 1.000000
0.998963 0.024336 0.038479 0.000000 -0.020758 0.995653 -0.090797 14.027700 -0.040522 0.089904 0.995126 0.000000 0.000000 0.000000 0.000000 1.000000
0.998298 0.024353 0.053000 0.000000 -0.021460 0.998284 -0.054480 14.027700 -0.054236 0.053250 0.997107 0.000000 0.000000 0.000000 0.000000 1.000000
0.997315 0.025726 0.068560 -0.000000 -0.024349 0.999486 -0.020855 14.027700 -0.069061 0.019129 0.997429 0.000000 0.000000 0.000000 0.000000 1.000000
0.996070 0.027094 0.084318 0.000000 -0.027955 0.999568 0.009050 14.027700 -0.084036 -0.011372 0.996398 0.000000 0.000000 0.000000 0.000000 1.000000
0.994761 0.029244 0.097956 -0.000000 -0.032990 0.998776 0.036848 14.027700 -0.096759 -0.039887 0.994508 -0.000000 0.000000 0.000000 0.000000 1.000000
0.993755 0.031367 0.107088 0.000000 -0.038123 0.997370 0.061636 14.027700 -0.104873 -0.065333 0.992337 -0.000000 0.000000 0.000000 0.000000 1.000000
0.993014 0.031527 0.113711 0.000000 -0.040903 0.995868 0.081082 14.027700 -0.110684 -0.085167 0.990200 0.000000 0.000000 0.000000 0.000000 1.000000
0.992447 0.031922 0.118452 -0.000000 -0.043226 0.994622 0.094122 14.027700 -0.114810 -0.098531 0.988489 0.000000 0.000000 0.000000 0.000000 1.000000
0.992230 0.032740 0.120036 0.000000 -0.044961 0.993914 0.100563 14.027700 -0.116013 -0.105178 0.987663 0.000000 0.000000 0.000000 0.000000 1.000000
0.992503 0.032623 0.117790 -0.000000 -0.044668 0.993872 0.101113 14.027700 -0.113769 -0.105616 0.987877 0.000000 0.000000 0.000000 0.000000 1.000000</float_array><technique_common><accessor source="#mixamorig_Spine2-Matrix-animation-output-transform-array" count="35" stride="16"><param type="float4x4"/></accessor></technique_common></source><source id="mixamorig_Spine2-Interpolations"><Name_array id="mixamorig_Spine2-Interpolations-array" count="35">
 LINEAR LINEAR LINEAR LINEAR LINEAR LINEAR LINEAR LINEAR LINEAR LINEAR LINEAR
LINEAR LINEAR LINEAR LINEAR LINEAR LINEAR LINEAR LINEAR LINEAR LINEAR LINEAR LINEAR
LINEAR LINEAR LINEAR LINEAR LINEAR LINEAR LINEAR LINEAR LINEAR LINEAR LINEAR LINEAR</Name_array><technique_common><accessor source="#mixamorig_Spine2-Interpolations-array" count="35"><param type="name"/></accessor></technique_common></source><sampler id="mixamorig_Spine2-Matrix-animation-transform"><input semantic="INPUT" source="#mixamorig_Spine2-Matrix-animation-input"/><input semantic="OUTPUT" source="#mixamorig_Spine2-Matrix-animation-output-transform"/><input semantic="INTERPOLATION" source="#mixamorig_Spine2-Interpolations"/></sampler><channel source="#mixamorig_Spine2-Matrix-animation-transform" target="mixamorig_Spine2/matrix"/></animation>
    <animation id="mixamorig_Neck-anim" name="mixamorig_Neck"><source id="mixamorig_Neck-Matrix-animation-input"><float_array id="mixamorig_Neck-Matrix-animation-input-array" count="35">

0.000000 0.033333 0.066667 0.100000 0.133333 0.166667 0.200000 0.233333 0.266667 0.300000 0.333333 0.366667 0.400000 0.433333 0.466667 0.500000
0.533333 0.566667 0.600000 0.633333 0.666667 0.700000 0.733333 0.766667 0.800000 0.833333 0.866667 0.900000 0.933333 0.966667 1.000000 1.033333
1.066667 1.100000 1.133333</float_array><technique_common><accessor source="#mixamorig_Neck-Matrix-animation-input-array" count="35"><param name="TIME" type="float"/></accessor></technique_common></source><source id="mixamorig_Neck-Matrix-animation-output-transform"><float_array id="mixamorig_Neck-Matrix-animation-output-transform-array" count="560">

0.986666 0.004569 0.162694 0.000000 0.030528 0.976669 -0.212571 15.781100 -0.159870 0.214703 0.963506 -0.000000 0.000000 0.000000 0.000000 1.000000
0.998391 -0.026331 -0.050220 0.000000 0.021337 0.995006 -0.097510 15.781100 0.052536 0.096282 0.993967 -0.000000 0.000000 0.000000 0.000000 1.000000
0.944066 -0.140774 -0.298198 0.000000 0.147176 0.989110 -0.000995 15.781100 0.295090 -0.042948 0.954504 0.000000 0.000000 0.000000 0.000000 1.000000
0.906469 -0.177827 -0.383003 0.000000 0.226512 0.970238 0.085618 15.781100 0.356379 -0.164364 0.919771 0.000000 0.000000 0.000000 0.000000 1.000000
0.934648 -0.184680 -0.303853 -0.000000 0.226064 0.968231 0.106886 15.781100 0.274460 -0.168591 0.946704 0.000000 0.000000 0.000000 0.000000 1.000000
0.974951 -0.137952 -0.174472 -0.000000 0.143785 0.989382 0.021183 15.781100 0.169697 -0.045738 0.984434 0.000000 0.000000 0.000000 0.000000 1.000000
0.989640 -0.099512 -0.103486 -0.000000 0.096617 0.994787 -0.032626 15.781100 0.106193 0.022290 0.994096 0.000000 0.000000 0.000000 0.000000 1.000000
0.996321 -0.030938 -0.079921 -0.000000 0.030420 0.999508 -0.007689 15.781100 0.080120 0.005229 0.996772 0.000000 0.000000 0.000000 0.000000 1.000000
0.999158 0.016891 -0.037393 -0.000000 -0.015407 0.999096 0.039624 15.781100 0.038028 -0.039014 0.998515 0.000000 0.000000 0.000000 0.000000 1.000000
0.999360 0.011493 0.033876 -0.000000 -0.013779 0.997586 0.068054 15.781100 -0.033012 -0.068478 0.997106 -0.000000 0.000000 0.000000 0.000000 1.000000
0.994555 0.005485 0.104071 0.000000 -0.012232 0.997855 0.064302 15.781100 -0.103495 -0.065225 0.992489 0.000000 0.000000 0.000000 0.000000 1.000000
0.987466 -0.008010 0.157631 0.000000 0.001859 0.999232 0.039131 15.781100 -0.157823 -0.038347 0.986723 0.000000 0.000000 0.000000 0.000000 1.000000
0.983690 -0.037691 0.175876 -0.000000 0.039229 0.999216 -0.005274 15.781100 -0.175540 0.012087 0.984398 0.000000 0.000000 0.000000 0.000000 1.000000
0.983781 -0.090444 0.154901 -0.000000 0.097818 0.994374 -0.040646 15.781100 -0.150353 0.055139 0.987094 0.000000 0.000000 0.000000 0.000000 1.000000
0.982662 -0.150051 0.108905 0.000000 0.160088 0.982980 -0.090119 15.781100 -0.093529 0.105991 0.989959 0.000000 0.000000 0.000000 0.000000 1.000000
0.976750 -0.207584 0.053565 -0.000000 0.213367 0.965584 -0.148733 15.781100 -0.020847 0.156703 0.987426 -0.000000 0.000000 0.000000 0.000000 1.000000
0.966112 -0.258043 0.006452 0.000000 0.253868 0.945366 -0.204533 15.781100 0.046679 0.199240 0.978838 0.000000 0.000000 0.000000 0.000000 1.000000
0.953940 -0.299667 -0.014075 -0.000000 0.287474 0.926525 -0.242713 15.781100 0.085774 0.227487 0.969996 -0.000000 0.000000 0.000000 0.000000 1.000000
0.948914 -0.315045 0.017551 0.000000 0.311087 0.924789 -0.219067 15.781100 0.052785 0.213336 0.975552 -0.000000 0.000000 0.000000 0.000000 1.000000
0.955112 -0.294225 0.034535 0.000000 0.295431 0.937362 -0.184591 15.781100 0.021940 0.186508 0.982208 0.000000 0.000000 0.000000 0.000000 1.000000
0.963927 -0.262165 0.045979 0.000000 0.266118 0.952547 -0.147768 15.781100 -0.005057 0.154673 0.987953 0.000000 0.000000 0.000000 0.000000 1.000000
0.970138 -0.236381 0.054364 -0.000000 0.241081 0.964368 -0.108968 15.781100 -0.026669 0.118821 0.992558 -0.000000 0.000000 0.000000 0.000000 1.000000
0.969103 -0.239739 0.058000 -0.000000 0.243128 0.968085 -0.060830 15.781100 -0.041566 0.073052 0.996462 0.000000 0.000000 0.000000 0.000000 1.000000
0.966546 -0.250321 0.055925 -0.000000 0.252101 0.967315 -0.027322 15.781100 -0.047257 0.040507 0.998061 0.000000 0.000000 0.000000 0.000000 1.000000
0.965997 -0.251797 0.058726 0.000000 0.252428 0.967609 -0.003474 15.781100 -0.055950 0.018180 0.998268 0.000000 0.000000 0.000000 0.000000 1.000000
0.970242 -0.230562 0.073976 -0.000000 0.232623 0.972352 -0.020458 15.781100 -0.067214 0.037058 0.997050 -0.000000 0.000000 0.000000 0.000000 1.000000
0.976816 -0.190791 0.097100 0.000000 0.197924 0.977715 -0.069990 15.781100 -0.081583 0.087586 0.992811 -0.000000 0.000000 0.000000 0.000000 1.000000
0.981899 -0.146733 0.119769 -0.000000 0.161800 0.978534 -0.127637 15.781100 -0.098469 0.144705 0.984563 0.000000 0.000000 0.000000 0.000000 1.000000
0.985781 -0.096812 0.137346 0.000000 0.121922 0.974545 -0.188141 15.781100 -0.115635 0.202211 0.972491 0.000000 0.000000 0.000000 0.000000 1.000000
0.987884 -0.046793 0.147969 -0.000000 0.082651 0.965626 -0.246444 15.781100 -0.131351 0.255688 0.957795 -0.000000 0.000000 0.000000 0.000000 1.000000
0.988176 -0.008771 0.153074 -0.000000 0.052983 0.956395 -0.287232 15.781100 -0.143880 0.291946 0.945551 0.000000 0.000000 0.000000 0.000000 1.000000
0.987718 0.012892 0.155712 0.000000 0.035897 0.951209 -0.306453 15.781100 -0.152065 0.308279 0.939063 0.000000 0.000000 0.000000 0.000000 1.000000
0.987548 0.020287 0.156007 0.000000 0.027114 0.954862 -0.295809 15.781100 -0.154966 0.296355 0.942422 0.000000 0.000000 0.000000 0.000000 1.000000
0.987382 0.013034 0.157818 -0.000000 0.027687 0.967046 -0.253090 15.781100 -0.155916 0.254266 0.954484 0.000000 0.000000 0.000000 0.000000 1.000000
0.986666 0.004569 0.162694 -0.000000 0.030528 0.976669 -0.212570 15.781100 -0.159870 0.214703 0.963506 0.000000 0.000000 0.000000 0.000000 1.000000</float_array><technique_common><accessor source="#mixamorig_Neck-Matrix-animation-output-transform-array" count="35" stride="16"><param type="float4x4"/></accessor></technique_common></source><source id="mixamorig_Neck-Interpolations"><Name_array id="mixamorig_Neck-Interpolations-array" count="35">
 LINEAR LINEAR LINEAR LINEAR LINEAR LINEAR LINEAR LINEAR LINEAR LINEAR LINEAR
LINEAR LINEAR LINEAR LINEAR LINEAR LINEAR LINEAR LINEAR LINEAR LINEAR LINEAR LINEAR
LINEAR LINEAR LINEAR LINEAR LINEAR LINEAR LINEAR LINEAR LINEAR LINEAR LINEAR LINEAR</Name_array><technique_common><accessor source="#mixamorig_Neck-Interpolations-array" count="35"><param type="name"/></accessor></technique_common></source><sampler id="mixamorig_Neck-Matrix-animation-transform"><input semantic="INPUT" source="#mixamorig_Neck-Matrix-animation-input"/><input semantic="OUTPUT" source="#mixamorig_Neck-Matrix-animation-output-transform"/><input semantic="INTERPOLATION" source="#mixamorig_Neck-Interpolations"/></sampler><channel source="#mixamorig_Neck-Matrix-animation-transform" target="mixamorig_Neck/matrix"/></animation>
    <animation id="mixamorig_Head-anim" name="mixamorig_Head"><source id="mixamorig_Head-Matrix-animation-input"><float_array id="mixamorig_Head-Matrix-animation-input-array" count="35">

0.000000 0.033333 0.066667 0.100000 0.133333 0.166667 0.200000 0.233333 0.266667 0.300000 0.333333 0.366667 0.400000 0.433333 0.466667 0.500000
0.533333 0.566667 0.600000 0.633333 0.666667 0.700000 0.733333 0.766667 0.800000 0.833333 0.866667 0.900000 0.933333 0.966667 1.000000 1.033333
1.066667 1.100000 1.133333</float_array><technique_common><accessor source="#mixamorig_Head-Matrix-animation-input-array" count="35"><param name="TIME" type="float"/></accessor></technique_common></source><source id="mixamorig_Head-Matrix-animation-output-transform"><float_array id="mixamorig_Head-Matrix-animation-output-transform-array" count="560">

0.917659 0.056502 0.393331 0.000000 -0.089683 0.993749 0.066482 3.994600 -0.387116 -0.096283 0.916990 0.315300 0.000000 0.000000 0.000000 1.000000
0.988034 0.015096 0.153493 0.000000 -0.018749 0.999574 0.022378 3.994600 -0.153090 -0.024988 0.987896 0.315300 0.000000 0.000000 0.000000 1.000000
0.992179 -0.035719 -0.119602 0.000000 0.031707 0.998874 -0.035283 3.994600 0.120728 0.031215 0.992195 0.315300 0.000000 0.000000 0.000000 1.000000
0.960065 -0.135423 -0.244819 0.000000 0.119040 0.989613 -0.080590 3.994600 0.253190 0.048228 0.966214 0.315300 0.000000 0.000000 0.000000 1.000000
0.963846 -0.162686 -0.211030 0.000000 0.162582 0.986532 -0.017959 3.994600 0.211109 -0.017000 0.977315 0.315300 0.000000 0.000000 0.000000 1.000000
0.962619 -0.213156 -0.167118 0.000000 0.242322 0.953397 0.179762 3.994600 0.121012 -0.213539 0.969411 0.315300 0.000000 0.000000 0.000000 1.000000
0.955705 -0.243367 -0.165532 0.000000 0.285378 0.903835 0.318813 3.994600 0.072025 -0.351930 0.933251 0.315300 0.000000 0.000000 0.000000 1.000000
0.966962 -0.204261 -0.152521 0.000000 0.242441 0.921781 0.302560 3.994600 0.078789 -0.329541 0.940848 0.315300 0.000000 0.000000 0.000000 1.000000
0.987327 -0.127817 -0.094062 0.000000 0.139846 0.980934 0.134947 3.994600 0.075020 -0.146391 0.986378 0.315300 0.000000 0.000000 0.000000 1.000000
0.995444 -0.094066 -0.015617 0.000000 0.094396 0.995293 0.021951 3.994600 0.013479 -0.023326 0.999637 0.315300 0.000000 0.000000 0.000000 1.000000
0.995386 -0.080089 0.052838 0.000000 0.082646 0.995417 -0.048114 3.994600 -0.048743 0.052259 0.997443 0.315300 0.000000 0.000000 0.000000 1.000000
0.991717 -0.066198 0.110070 -0.000000 0.076168 0.993116 -0.088988 3.994600 -0.103422 0.096635 0.989932 0.315300 0.000000 0.000000 0.000000 1.000000
0.987773 -0.036004 0.151684 0.000000 0.052660 0.992835 -0.107262 3.994600 -0.146736 0.113938 0.982592 0.315300 0.000000 0.000000 0.000000 1.000000
0.986745 0.012506 0.161798 0.000000 0.009385 0.990959 -0.133833 3.994600 -0.162009 0.133578 0.977707 0.315300 0.000000 0.000000 0.000000 1.000000
0.989152 0.066230 0.131117 -0.000000 -0.046776 0.988140 -0.146256 3.994600 -0.139248 0.138536 0.980519 0.315300 0.000000 0.000000 0.000000 1.000000
0.988968 0.118100 0.089410 0.000000 -0.104344 0.983855 -0.145400 3.994600 -0.105138 0.134467 0.985325 0.315300 0.000000 0.000000 0.000000 1.000000
0.985329 0.163572 0.048683 0.000000 -0.155551 0.978122 -0.138136 3.994600 -0.070213 0.128537 0.989216 0.315300 0.000000 0.000000 0.000000 1.000000
0.979483 0.200332 0.021919 0.000000 -0.195670 0.971406 -0.134478 3.994600 -0.048232 0.127431 0.990674 0.315300 0.000000 0.000000 0.000000 1.000000
0.977497 0.209979 0.020227 -0.000000 -0.205069 0.968349 -0.142290 3.994600 -0.049465 0.134940 0.989618 0.315300 0.000000 0.000000 0.000000 1.000000
