<?xml version="1.0" encoding="utf-8"?>
<COLLADA xmlns="http://www.collada.org/2005/11/COLLADASchema" version="1.4.1">
  <asset><contributor><author>Mixamo</author><authoring_tool>COLLADA Mixamo exporter</authoring_tool><comments></comments></contributor><created>2020-04-15T12:42:49Z</created><modified>2020-04-15T12:42:49Z</modified><revision></revision><title></title><unit meter="0.025400"/><up_axis>Y_UP</up_axis></asset>
  <library_animations>
    <animation id="mixamorig_Hips-anim" name="mixamorig_Hips"><source id="mixamorig_Hips-Matrix-animation-input"><float_array id="mixamorig_Hips-Matrix-animation-input-array" count="43">

0.000000 0.033333 0.066667 0.100000 0.133333 0.166667 0.200000 0.233333 0.266667 0.300000 0.333333 0.366667 0.400000 0.433333 0.466667 0.500000
0.533333 0.566667 0.600000 0.633333 0.666667 0.700000 0.733333 0.766667 0.800000 0.833333 0.866667 0.900000 0.933333 0.966667 1.000000 1.033333
1.066667 1.100000 1.133333 1.166667 1.200000 1.233333 1.266667 1.300000 1.333333 1.366667 1.400000</float_array><technique_common><accessor source="#mixamorig_Hips-Matrix-animation-input-array" count="43"><param name="TIME" type="float"/></accessor></technique_common></source><source id="mixamorig_Hips-Matrix-animation-output-transform"><float_array id="mixamorig_Hips-Matrix-animation-output-transform-array" count="688">

0.385455 -0.169540 -0.907017 -0.033107 -0.032318 0.979892 -0.196896 39.253178 0.922160 0.105208 0.372225 -1.552260 0.000000 0.000000 0.000000 1.000000
0.385610 -0.170235 -0.906821 0.004494 -0.032549 0.979710 -0.197759 39.287697 0.922088 0.105774 0.372245 -1.536033 0.000000 0.000000 0.000000 1.000000
0.384890 -0.171755 -0.906841 0.041563 -0.032861 0.979359 -0.199437 39.331863 0.922377 0.106561 0.371301 -1.514699 0.000000 0.000000 0.000000 1.000000
0.383886 -0.172640 -0.907098 0.082992 -0.033529 0.979113 -0.200535 39.377743 0.922772 0.107397 0.370079 -1.483018 0.000000 0.000000 0.000000 1.000000
0.384003 -0.173328 -0.906917 0.118886 -0.033699 0.978937 -0.201361 39.411934 0.922717 0.107886 0.370074 -1.457557 0.000000 0.000000 0.000000 1.000000
0.384121 -0.173701 -0.906796 0.151517 -0.033903 0.978827 -0.201861 39.432739 0.922660 0.108282 0.370099 -1.435466 0.000000 0.000000 0.000000 1.000000
0.384262 -0.174047 -0.906670 0.176454 -0.034357 0.978693 -0.202434 39.450264 0.922585 0.108938 0.370095 -1.419966 0.000000 0.000000 0.000000 1.000000
0.384636 -0.174067 -0.906508 0.194647 -0.034779 0.978629 -0.202672 39.462925 0.922413 0.109482 0.370362 -1.407749 0.000000 0.000000 0.000000 1.000000
0.385204 -0.173696 -0.906338 0.209027 -0.035348 0.978629 -0.202573 39.470222 0.922154 0.110069 0.370832 -1.399815 0.000000 0.000000 0.000000 1.000000
0.385323 -0.172815 -0.906455 0.221740 -0.035655 0.978786 -0.201761 39.459831 0.922093 0.110063 0.370987 -1.399054 0.000000 0.000000 0.000000 1.000000
0.385914 -0.172073 -0.906345 0.225260 -0.035706 0.978929 -0.201056 39.432682 0.921843 0.109953 0.371639 -1.408769 0.000000 0.000000 0.000000 1.000000
0.386729 -0.171438 -0.906118 0.221465 -0.035779 0.979039 -0.200505 39.402061 0.921499 0.109961 0.372489 -1.422802 0.000000 0.000000 0.000000 1.000000
0.387017 -0.170848 -0.906106 0.219118 -0.035926 0.979144 -0.199964 39.361305 0.921372 0.109942 0.372808 -1.443471 0.000000 0.000000 0.000000 1.000000
0.387783 -0.169997 -0.905939 0.218999 -0.036242 0.979274 -0.199271 39.327599 0.921038 0.110107 0.373585 -1.463782 0.000000 0.000000 0.000000 1.000000
0.387908 -0.169340 -0.906008 0.217040 -0.036675 0.979363 -0.198753 39.308884 0.920968 0.110326 0.373693 -1.485298 0.000000 0.000000 0.000000 1.000000
0.387289 -0.169400 -0.906262 0.216411 -0.037507 0.979266 -0.199074 39.304485 0.921195 0.111090 0.372905 -1.502973 0.000000 0.000000 0.000000 1.000000
0.387211 -0.169474 -0.906281 0.218012 -0.037638 0.979236 -0.199198 39.309113 0.921222 0.111242 0.372793 -1.519016 0.000000 0.000000 0.000000 1.000000
0.387526 -0.170002 -0.906048 0.219628 -0.037614 0.979115 -0.199799 39.333145 0.921091 0.111507 0.373038 -1.528324 0.000000 0.000000 0.000000 1.000000
0.387669 -0.170177 -0.905954 0.226126 -0.037360 0.979103 -0.199905 39.360107 0.921041 0.111343 0.373210 -1.538388 0.000000 0.000000 0.000000 1.000000
0.387586 -0.170258 -0.905974 0.230557 -0.037052 0.979124 -0.199856 39.383633 0.921089 0.111030 0.373187 -1.546853 0.000000 0.000000 0.000000 1.000000
0.387209 -0.170757 -0.906042 0.231372 -0.036912 0.979041 -0.200290 39.406189 0.921253 0.110998 0.372790 -1.553532 0.000000 0.000000 0.000000 1.000000
0.386623 -0.170468 -0.906346 0.233122 -0.037071 0.979102 -0.199965 39.423569 0.921492 0.110910 0.372224 -1.561313 0.000000 0.000000 0.000000 1.000000
0.386332 -0.170632 -0.906439 0.235592 -0.036485 0.979143 -0.199869 39.430294 0.921638 0.110287 0.372049 -1.573763 0.000000 0.000000 0.000000 1.000000
0.385865 -0.170953 -0.906578 0.230760 -0.036071 0.979134 -0.199988 39.432770 0.921850 0.109869 0.371647 -1.589643 0.000000 0.000000 0.000000 1.000000
0.385553 -0.170727 -0.906753 0.221973 -0.035655 0.979242 -0.199536 39.441177 0.921997 0.109262 0.371462 -1.606938 0.000000 0.000000 0.000000 1.000000
0.384856 -0.170017 -0.907183 0.214447 -0.035605 0.979421 -0.198660 39.446396 0.922290 0.108756 0.370883 -1.620421 0.000000 0.000000 0.000000 1.000000
0.383671 -0.169582 -0.907766 0.199637 -0.035760 0.979529 -0.198103 39.462032 0.922777 0.108468 0.369753 -1.632551 0.000000 0.000000 0.000000 1.000000
0.382260 -0.169245 -0.908424 0.184432 -0.036081 0.979601 -0.197688 39.477890 0.923350 0.108345 0.368355 -1.650015 0.000000 0.000000 0.000000 1.000000
0.381590 -0.169161 -0.908721 0.167427 -0.036066 0.979638 -0.197508 39.505852 0.923628 0.108141 0.367719 -1.653304 0.000000 0.000000 0.000000 1.000000
0.381160 -0.168836 -0.908962 0.152903 -0.035659 0.979767 -0.196941 39.530067 0.923821 0.107479 0.367427 -1.661239 0.000000 0.000000 0.000000 1.000000
0.380679 -0.168490 -0.909227 0.136438 -0.035690 0.979850 -0.196520 39.547649 0.924018 0.107261 0.366995 -1.674594 0.000000 0.000000 0.000000 1.000000
0.380103 -0.167782 -0.909599 0.118058 -0.035883 0.979995 -0.195762 39.561642 0.924248 0.107048 0.366478 -1.693826 0.000000 0.000000 0.000000 1.000000
0.381234 -0.167605 -0.909158 0.099231 -0.036010 0.979990 -0.195763 39.561760 0.923777 0.107371 0.367570 -1.715089 0.000000 0.000000 0.000000 1.000000
0.382226 -0.167689 -0.908726 0.082316 -0.035998 0.979948 -0.195973 39.549362 0.923367 0.107619 0.368525 -1.739217 0.000000 0.000000 0.000000 1.000000
0.382228 -0.167660 -0.908731 0.067583 -0.036149 0.979937 -0.196002 39.522182 0.923361 0.107767 0.368499 -1.750675 0.000000 0.000000 0.000000 1.000000
0.382488 -0.167787 -0.908598 0.053944 -0.035931 0.979928 -0.196085 39.482712 0.923261 0.107647 0.368782 -1.747085 0.000000 0.000000 0.000000 1.000000
0.382819 -0.167977 -0.908423 0.040814 -0.035563 0.979922 -0.196185 39.437706 0.923138 0.107409 0.369159 -1.732908 0.000000 0.000000 0.000000 1.000000
0.383199 -0.168217 -0.908219 0.027887 -0.035076 0.979917 -0.196296 39.384163 0.923000 0.107077 0.369603 -1.713223 0.000000 0.000000 0.000000 1.000000
0.383615 -0.168489 -0.907993 0.015188 -0.034510 0.979913 -0.196415 39.327930 0.922848 0.106682 0.370095 -1.688819 0.000000 0.000000 0.000000 1.000000
0.384056 -0.168776 -0.907753 0.002709 -0.033908 0.979910 -0.196538 39.275917 0.922687 0.106261 0.370617 -1.660144 0.000000 0.000000 0.000000 1.000000
0.384511 -0.169060 -0.907507 -0.009588 -0.033312 0.979905 -0.196661 39.235321 0.922519 0.105849 0.371153 -1.627354 0.000000 0.000000 0.000000 1.000000
0.384976 -0.169319 -0.907262 -0.021466 -0.032774 0.979899 -0.196782 39.216286 0.922344 0.105491 0.371689 -1.585559 0.000000 0.000000 0.000000 1.000000
0.385455 -0.169540 -0.907017 -0.033345 -0.032318 0.979892 -0.196896 39.253441 0.922160 0.105208 0.372225 -1.552680 0.000000 0.000000 0.000000 1.000000</float_array><technique_common><accessor source="#mixamorig_Hips-Matrix-animation-output-transform-array" count="43" stride="16"><param type="float4x4"/></accessor></technique_common></source><source id="mixamorig_Hips-Interpolations"><Name_array id="mixamorig_Hips-Interpolations-array" count="43">
 LINEAR LINEAR LINEAR LINEAR LINEAR LINEAR LINEAR LINEAR LINEAR LINEAR LINEAR
LINEAR LINEAR LINEAR LINEAR LINEAR LINEAR LINEAR LINEAR LINEAR LINEAR LINEAR LINEAR
LINEAR LINEAR LINEAR LINEAR LINEAR LINEAR LINEAR LINEAR LINEAR LINEAR LINEAR LINEAR
LINEAR LINEAR LINEAR LINEAR LINEAR LINEAR LINEAR LINEAR</Name_array><technique_common><accessor source="#mixamorig_Hips-Interpolations-array" count="43"><param type="name"/></accessor></technique_common></source><sampler id="mixamorig_Hips-Matrix-animation-transform"><input semantic="INPUT" source="#mixamorig_Hips-Matrix-animation-input"/><input semantic="OUTPUT" source="#mixamorig_Hips-Matrix-animation-output-transform"/><input semantic="INTERPOLATION" source="#mixamorig_Hips-Interpolations"/></sampler><channel source="#mixamorig_Hips-Matrix-animation-transform" target="mixamorig_Hips/matrix"/></animation>
    <animation id="mixamorig_Spine-anim" name="mixamorig_Spine"><source id="mixamorig_Spine-Matrix-animation-input"><float_array id="mixamorig_Spine-Matrix-animation-input-array" count="43">

0.000000 0.033333 0.066667 0.100000 0.133333 0.166667 0.200000 0.233333 0.266667 0.300000 0.333333 0.366667 0.400000 0.433333 0.466667 0.500000
0.533333 0.566667 0.600000 0.633333 0.666667 0.700000 0.733333 0.766667 0.800000 0.833333 0.866667 0.900000 0.933333 0.966667 1.000000 1.033333
1.066667 1.100000 1.133333 1.166667 1.200000 1.233333 1.266667 1.300000 1.333333 1.366667 1.400000</float_array><technique_common><accessor source="#mixamorig_Spine-Matrix-animation-input-array" count="43"><param name="TIME" type="float"/></accessor></technique_common></source><source id="mixamorig_Spine-Matrix-animation-output-transform"><float_array id="mixamorig_Spine-Matrix-animation-output-transform-array" count="688">

0.949311 0.123229 0.289177 0.000000 -0.140930 0.989165 0.041127 10.246200 -0.280976 -0.079796 0.956392 -1.819800 0.000000 0.000000 0.000000 1.000000
0.949262 0.123196 0.289351 0.000000 -0.140930 0.989162 0.041190 10.246200 -0.281141 -0.079878 0.956337 -1.819800 0.000000 0.000000 0.000000 1.000000
0.948912 0.123261 0.290469 0.000000 -0.141288 0.989084 0.041843 10.246200 -0.282141 -0.080746 0.955969 -1.819800 0.000000 0.000000 0.000000 1.000000
0.948686 0.123266 0.291204 0.000000 -0.141337 0.989080 0.041772 10.246200 -0.282875 -0.080787 0.955749 -1.819800 0.000000 0.000000 0.000000 1.000000
0.948547 0.123706 0.291470 0.000000 -0.141670 0.989053 0.041270 10.246200 -0.283174 -0.080439 0.955689 -1.819800 0.000000 0.000000 0.000000 1.000000
0.948288 0.123899 0.292232 -0.000000 -0.141742 0.989070 0.040607 10.246200 -0.284007 -0.079928 0.955485 -1.819800 0.000000 0.000000 0.000000 1.000000
0.948122 0.124272 0.292610 0.000000 -0.142030 0.989047 0.040159 10.246200 -0.284415 -0.079635 0.955388 -1.819800 0.000000 0.000000 0.000000 1.000000
0.948186 0.124875 0.292148 0.000000 -0.142580 0.988974 0.040029 10.246200 -0.283928 -0.079609 0.955535 -1.819800 0.000000 0.000000 0.000000 1.000000
0.948411 0.125138 0.291304 0.000000 -0.142655 0.988980 0.039606 10.246200 -0.283138 -0.079119 0.955810 -1.819800 0.000000 0.000000 0.000000 1.000000
0.948577 0.126045 0.290369 0.000000 -0.143275 0.988923 0.038774 10.246200 -0.282266 -0.078383 0.956129 -1.819800 0.000000 0.000000 0.000000 1.000000
0.948470 0.126669 0.290447 0.000000 -0.143834 0.988855 0.038442 10.246200 -0.282341 -0.078238 0.956118 -1.819800 0.000000 0.000000 0.000000 1.000000
0.948448 0.127143 0.290311 0.000000 -0.144303 0.988788 0.038396 10.246200 -0.282174 -0.078310 0.956162 -1.819800 0.000000 0.000000 0.000000 1.000000
0.948312 0.127624 0.290545 0.000000 -0.144847 0.988706 0.038471 10.246200 -0.282354 -0.078567 0.956088 -1.819800 0.000000 0.000000 0.000000 1.000000
0.948647 0.128072 0.289251 0.000000 -0.145211 0.988652 0.038497 10.246200 -0.281038 -0.078522 0.956479 -1.819800 0.000000 0.000000 0.000000 1.000000
0.948290 0.127998 0.290453 0.000000 -0.145249 0.988644 0.038538 10.246200 -0.282222 -0.078733 0.956113 -1.819800 0.000000 0.000000 0.000000 1.000000
0.948113 0.127741 0.291144 -0.000000 -0.145351 0.988588 0.039590 10.246200 -0.282764 -0.079854 0.955860 -1.819800 0.000000 0.000000 0.000000 1.000000
0.948238 0.127813 0.290704 -0.000000 -0.145569 0.988531 0.040203 10.246200 -0.282231 -0.080439 0.955968 -1.819800 0.000000 0.000000 0.000000 1.000000
0.948489 0.127487 0.290028 0.000000 -0.145478 0.988501 0.041247 10.246200 -0.281435 -0.081315 0.956129 -1.819800 0.000000 0.000000 0.000000 1.000000
0.948698 0.127454 0.289356 0.000000 -0.145451 0.988496 0.041475 10.246200 -0.280741 -0.081434 0.956323 -1.819800 0.000000 0.000000 0.000000 1.000000
0.949007 0.127730 0.288220 0.000000 -0.145663 0.988461 0.041564 10.246200 -0.279585 -0.081427 0.956662 -1.819800 0.000000 0.000000 0.000000 1.000000
0.949011 0.127235 0.288425 0.000000 -0.145483 0.988441 0.042648 10.246200 -0.279665 -0.082434 0.956552 -1.819800 0.000000 0.000000 0.000000 1.000000
0.949051 0.126543 0.288598 0.000000 -0.144862 0.988520 0.042934 10.246200 -0.279852 -0.082553 0.956487 -1.819800 0.000000 0.000000 0.000000 1.000000
0.949195 0.126264 0.288245 0.000000 -0.144638 0.988538 0.043273 10.246200 -0.279478 -0.082766 0.956578 -1.819800 0.000000 0.000000 0.000000 1.000000
0.949125 0.125959 0.288611 0.000000 -0.144601 0.988506 0.044118 10.246200 -0.279736 -0.083607 0.956430 -1.819800 0.000000 0.000000 0.000000 1.000000
0.949154 0.125379 0.288769 -0.000000 -0.144185 0.988540 0.044711 10.246200 -0.279854 -0.084074 0.956354 -1.819800 0.000000 0.000000 0.000000 1.000000
0.949145 0.124564 0.289151 0.000000 -0.143416 0.988645 0.044867 10.246200 -0.280279 -0.084054 0.956232 -1.819800 0.000000 0.000000 0.000000 1.000000
0.949138 0.123998 0.289415 0.000000 -0.142983 0.988687 0.045317 10.246200 -0.280522 -0.084393 0.956130 -1.819800 0.000000 0.000000 0.000000 1.000000
0.949114 0.123793 0.289583 0.000000 -0.142911 0.988678 0.045747 10.246200 -0.280641 -0.084804 0.956059 -1.819800 0.000000 0.000000 0.000000 1.000000
0.949127 0.122797 0.289963 0.000000 -0.142184 0.988739 0.046684 10.246200 -0.280965 -0.085537 0.955898 -1.819800 0.000000 0.000000 0.000000 1.000000
0.949490 0.122642 0.288839 0.000000 -0.141927 0.988774 0.046714 10.246200 -0.279868 -0.085348 0.956237 -1.819800 0.000000 0.000000 0.000000 1.000000
0.949659 0.122472 0.288356 0.000000 -0.141789 0.988780 0.047002 10.246200 -0.279364 -0.085522 0.956369 -1.819800 0.000000 0.000000 0.000000 1.000000
0.949717 0.122212 0.288275 0.000000 -0.141489 0.988827 0.046927 10.246200 -0.279319 -0.085355 0.956397 -1.819800 0.000000 0.000000 0.000000 1.000000
0.949777 0.121413 0.288414 0.000000 -0.140789 0.988907 0.047336 10.246200 -0.279468 -0.085564 0.956335 -1.819800 0.000000 0.000000 0.000000 1.000000
0.949962 0.121478 0.287775 -0.000000 -0.140772 0.988914 0.047246 10.246200 -0.278846 -0.085393 0.956532 -1.819800 0.000000 0.000000 0.000000 1.000000
0.949902 0.121463 0.287980 0.000000 -0.140579 0.988973 0.046577 10.246200 -0.279147 -0.084728 0.956503 -1.819800 0.000000 0.000000 0.000000 1.000000
0.950142 0.121959 0.286976 -0.000000 -0.140882 0.988950 0.046156 10.246200 -0.278176 -0.084285 0.956825 -1.819800 0.000000 0.000000 0.000000 1.000000
0.950159 0.121856 0.286966 0.000000 -0.140551 0.989032 0.045392 10.246200 -0.278288 -0.083463 0.956865 -1.819800 0.000000 0.000000 0.000000 1.000000
0.950588 0.122254 0.285370 0.000000 -0.140738 0.989019 0.045106 10.246200 -0.276722 -0.083039 0.957355 -1.819800 0.000000 0.000000 0.000000 1.000000
0.950539 0.122976 0.285224 0.000000 -0.141395 0.988938 0.044826 10.246200 -0.276556 -0.082938 0.957412 -1.819800 0.000000 0.000000 0.000000 1.000000
0.950465 0.123711 0.285153 0.000000 -0.141744 0.988951 0.043410 10.246200 -0.276632 -0.081678 0.957498 -1.819800 0.000000 0.000000 0.000000 1.000000
0.950293 0.124468 0.285398 0.000000 -0.142304 0.988908 0.042548 10.246200 -0.276936 -0.081047 0.957464 -1.819800 0.000000 0.000000 0.000000 1.000000
0.949609 0.123296 0.288169 0.000000 -0.141105 0.989113 0.041781 10.246200 -0.279880 -0.080338 0.956668 -1.819800 0.000000 0.000000 0.000000 1.000000
0.949311 0.123228 0.289176 0.000000 -0.140930 0.989165 0.041127 10.246200 -0.280975 -0.079796 0.956392 -1.819800 0.000000 0.000000 0.000000 1.000000</float_array><technique_common><accessor source="#mixamorig_Spine-Matrix-animation-output-transform-array" count="43" stride="16"><param type="float4x4"/></accessor></technique_common></source><source id="mixamorig_Spine-Interpolations"><Name_array id="mixamorig_Spine-Interpolations-array" count="43">
 LINEAR LINEAR LINEAR LINEAR LINEAR LINEAR LINEAR LINEAR LINEAR LINEAR LINEAR
LINEAR LINEAR LINEAR LINEAR LINEAR LINEAR LINEAR LINEAR LINEAR LINEAR LINEAR LINEAR
LINEAR LINEAR LINEAR LINEAR LINEAR LINEAR LINEAR LINEAR LINEAR LINEAR LINEAR LINEAR
LINEAR LINEAR LINEAR LINEAR LINEAR LINEAR LINEAR LINEAR</Name_array><technique_common><accessor source="#mixamorig_Spine-Interpolations-array" count="43"><param type="name"/></accessor></technique_common></source><sampler id="mixamorig_Spine-Matrix-animation-transform"><input semantic="INPUT" source="#mixamorig_Spine-Matrix-animation-input"/><input semantic="OUTPUT" source="#mixamorig_Spine-Matrix-animation-output-transform"/><input semantic="INTERPOLATION" source="#mixamorig_Spine-Interpolations"/></sampler><channel source="#mixamorig_Spine-Matrix-animation-transform" target="mixamorig_Spine/matrix"/></animation>
    <animation id="mixamorig_Spine1-anim" name="mixamorig_Spine1"><source id="mixamorig_Spine1-Matrix-animation-input"><float_array id="mixamorig_Spine1-Matrix-animation-input-array" count="43">

0.000000 0.033333 0.066667 0.100000 0.133333 0.166667 0.200000 0.233333 0.266667 0.300000 0.333333 0.366667 0.400000 0.433333 0.466667 0.500000
0.533333 0.566667 0.600000 0.633333 0.666667 0.700000 0.733333 0.766667 0.800000 0.833333 0.866667 0.900000 0.933333 0.966667 1.000000 1.033333
1.066667 1.100000 1.133333 1.166667 1.200000 1.233333 1.266667 1.300000 1.333333 1.366667 1.400000</float_array><technique_common><accessor source="#mixamorig_Spine1-Matrix-animation-input-array" count="43"><param name="TIME" type="float"/></accessor></technique_common></source><source id="mixamorig_Spine1-Matrix-animation-output-transform"><float_array id="mixamorig_Spine1-Matrix-animation-output-transform-array" count="688">

0.999086 0.037003 0.021379 -0.000000 -0.033947 0.991069 -0.128954 12.141000 -0.025959 0.128110 0.991420 0.000000 0.000000 0.000000 0.000000 1.000000
0.999085 0.037006 0.021424 0.000000 -0.033944 0.991069 -0.128955 12.141000 -0.026004 0.128110 0.991419 0.000000 0.000000 0.000000 0.000000 1.000000
0.999079 0.037022 0.021713 0.000000 -0.033923 0.991069 -0.128966 12.141000 -0.026294 0.128110 0.991411 0.000000 0.000000 0.000000 0.000000 1.000000
0.999073 0.037035 0.021928 0.000000 -0.033907 0.991068 -0.128973 12.141000 -0.026508 0.128110 0.991406 0.000000 0.000000 0.000000 0.000000 1.000000
0.999072 0.037038 0.021985 0.000000 -0.033903 0.991068 -0.128975 12.141000 -0.026566 0.128110 0.991404 0.000000 0.000000 0.000000 0.000000 1.000000
0.999067 0.037050 0.022184 0.000000 -0.033889 0.991068 -0.128982 12.141000 -0.026765 0.128110 0.991399 0.000000 0.000000 0.000000 0.000000 1.000000
0.999067 0.037049 0.022175 0.000000 -0.033890 0.991068 -0.128982 12.141000 -0.026756 0.128110 0.991399 -0.000000 0.000000 0.000000 0.000000 1.000000
0.999066 0.037108 0.022137 0.000000 -0.033953 0.991066 -0.128982 12.141000 -0.026725 0.128110 0.991400 0.000000 0.000000 0.000000 0.000000 1.000000
0.999060 0.037377 0.021936 0.000000 -0.034246 0.991055 -0.128982 12.141000 -0.026561 0.128109 0.991404 0.000000 0.000000 0.000000 0.000000 1.000000
0.999057 0.037583 0.021756 0.000000 -0.034473 0.991048 -0.128980 12.141000 -0.026408 0.128109 0.991408 0.000000 0.000000 0.000000 0.000000 1.000000
0.999049 0.037783 0.021751 0.000000 -0.034672 0.991040 -0.128985 12.141000 -0.026430 0.128108 0.991408 -0.000000 0.000000 0.000000 0.000000 1.000000
0.999043 0.037947 0.021772 -0.000000 -0.034832 0.991034 -0.128990 12.141000 -0.026471 0.128108 0.991407 0.000000 0.000000 0.000000 0.000000 1.000000
0.999040 0.038059 0.021680 -0.000000 -0.034954 0.991030 -0.128989 12.141000 -0.026395 0.128107 0.991409 0.000000 0.000000 0.000000 0.000000 1.000000
0.999046 0.038125 0.021291 -0.000000 -0.035070 0.991027 -0.128977 12.141000 -0.026017 0.128107 0.991419 0.000000 0.000000 0.000000 0.000000 1.000000
0.999036 0.038203 0.021617 0.000000 -0.035106 0.991024 -0.128990 12.141000 -0.026351 0.128107 0.991410 -0.000000 0.000000 0.000000 0.000000 1.000000
0.999031 0.038228 0.021807 -0.000000 -0.035105 0.991023 -0.128997 12.141000 -0.026542 0.128107 0.991405 0.000000 0.000000 0.000000 0.000000 1.000000
0.999034 0.038233 0.021673 0.000000 -0.035128 0.991023 -0.128993 12.141000 -0.026410 0.128107 0.991409 0.000000 0.000000 0.000000 0.000000 1.000000
0.999036 0.038279 0.021498 -0.000000 -0.035196 0.991021 -0.128988 12.141000 -0.026243 0.128107 0.991413 0.000000 0.000000 0.000000 0.000000 1.000000
0.999034 0.038429 0.021311 0.000000 -0.035370 0.991016 -0.128985 12.141000 -0.026076 0.128106 0.991418 0.000000 0.000000 0.000000 0.000000 1.000000
0.999035 0.038599 0.020968 -0.000000 -0.035582 0.991011 -0.128965 12.141000 -0.025757 0.128094 0.991427 -0.000000 0.000000 0.000000 0.000000 1.000000
0.999038 0.038559 0.020880 0.000000 -0.035555 0.991018 -0.128919 12.141000 -0.025663 0.128053 0.991435 0.000000 0.000000 0.000000 0.000000 1.000000
0.999044 0.038421 0.020858 0.000000 -0.035422 0.991028 -0.128873 12.141000 -0.025622 0.128011 0.991442 0.000000 0.000000 0.000000 0.000000 1.000000
0.999046 0.038350 0.020870 0.000000 -0.035352 0.991036 -0.128832 12.141000 -0.025624 0.127972 0.991447 -0.000000 0.000000 0.000000 0.000000 1.000000
0.999050 0.038243 0.020917 -0.000000 -0.035240 0.991046 -0.128788 12.141000 -0.025655 0.127928 0.991452 0.000000 0.000000 0.000000 0.000000 1.000000
0.999053 0.038106 0.021005 -0.000000 -0.035094 0.991057 -0.128738 12.141000 -0.025723 0.127879 0.991456 0.000000 0.000000 0.000000 0.000000 1.000000
0.999054 0.037962 0.021209 0.000000 -0.034926 0.991069 -0.128692 12.141000 -0.025905 0.127829 0.991458 0.000000 0.000000 0.000000 0.000000 1.000000
0.999054 0.037942 0.021272 0.000000 -0.034900 0.991076 -0.128648 12.141000 -0.025963 0.127784 0.991462 0.000000 0.000000 0.000000 0.000000 1.000000
0.999058 0.037773 0.021384 -0.000000 -0.034718 0.991086 -0.128622 12.141000 -0.026052 0.127758 0.991463 0.000000 0.000000 0.000000 0.000000 1.000000
0.999065 0.037512 0.021492 -0.000000 -0.034447 0.991098 -0.128603 12.141000 -0.026125 0.127743 0.991463 0.000000 0.000000 0.000000 0.000000 1.000000
0.999054 0.037943 0.021260 0.000000 -0.034904 0.991084 -0.128586 12.141000 -0.025949 0.127722 0.991470 0.000000 0.000000 0.000000 0.000000 1.000000
0.999052 0.038025 0.021200 0.000000 -0.034994 0.991085 -0.128550 12.141000 -0.025899 0.127687 0.991476 -0.000000 0.000000 0.000000 0.000000 1.000000
0.999050 0.038112 0.021113 0.000000 -0.035094 0.991091 -0.128481 12.141000 -0.025821 0.127618 0.991487 0.000000 0.000000 0.000000 0.000000 1.000000
0.999070 0.037591 0.021139 -0.000000 -0.034579 0.991139 -0.128245 12.141000 -0.025773 0.127395 0.991517 0.000000 0.000000 0.000000 0.000000 1.000000
0.999068 0.037720 0.020965 -0.000000 -0.034729 0.991137 -0.128221 12.141000 -0.025616 0.127374 0.991524 0.000000 0.000000 0.000000 0.000000 1.000000
0.999072 0.037591 0.021021 0.000000 -0.034585 0.991092 -0.128609 12.141000 -0.025669 0.127762 0.991473 0.000000 0.000000 0.000000 0.000000 1.000000
0.999061 0.038042 0.020749 0.000000 -0.035063 0.991058 -0.128742 12.141000 -0.025461 0.127894 0.991461 0.000000 0.000000 0.000000 0.000000 1.000000
0.999061 0.038040 0.020761 -0.000000 -0.035058 0.991047 -0.128828 12.141000 -0.025476 0.127980 0.991450 0.000000 0.000000 0.000000 0.000000 1.000000
0.999049 0.038565 0.020322 0.000000 -0.035633 0.991019 -0.128885 12.141000 -0.025110 0.128039 0.991451 0.000000 0.000000 0.000000 0.000000 1.000000
0.999045 0.038718 0.020262 -0.000000 -0.035791 0.991008 -0.128923 12.141000 -0.025072 0.128075 0.991448 0.000000 0.000000 0.000000 0.000000 1.000000
0.999047 0.038683 0.020239 0.000000 -0.035761 0.991015 -0.128884 12.141000 -0.025043 0.128038 0.991453 0.000000 0.000000 0.000000 0.000000 1.000000
0.999045 0.038696 0.020297 0.000000 -0.035764 0.991002 -0.128981 12.141000 -0.025106 0.128131 0.991439 0.000000 0.000000 0.000000 0.000000 1.000000
0.999083 0.037274 0.021075 -0.000000 -0.034263 0.991102 -0.128617 12.141000 -0.025681 0.127777 0.991470 0.000000 0.000000 0.000000 0.000000 1.000000
0.999087 0.036998 0.021370 -0.000000 -0.033951 0.991108 -0.128655 12.141000 -0.025940 0.127812 0.991459 0.000000 0.000000 0.000000 0.000000 1.000000</float_array><technique_common><accessor source="#mixamorig_Spine1-Matrix-animation-output-transform-array" count="43" stride="16"><param type="float4x4"/></accessor></technique_common></source><source id="mixamorig_Spine1-Interpolations"><Name_array id="mixamorig_Spine1-Interpolations-array" count="43">
 LINEAR LINEAR LINEAR LINEAR LINEAR LINEAR LINEAR LINEAR LINEAR LINEAR LINEAR
LINEAR LINEAR LINEAR LINEAR LINEAR LINEAR LINEAR LINEAR LINEAR LINEAR LINEAR LINEAR
LINEAR LINEAR LINEAR LINEAR LINEAR LINEAR LINEAR LINEAR LINEAR LINEAR LINEAR LINEAR
LINEAR LINEAR LINEAR LINEAR LINEAR LINEAR LINEAR LINEAR</Name_array><technique_common><accessor source="#mixamorig_Spine1-Interpolations-array" count="43"><param type="name"/></accessor></technique_common></source><sampler id="mixamorig_Spine1-Matrix-animation-transform"><input semantic="INPUT" source="#mixamorig_Spine1-Matrix-animation-input"/><input semantic="OUTPUT" source="#mixamorig_Spine1-Matrix-animation-output-transform"/><input semantic="INTERPOLATION" source="#mixamorig_Spine1-Interpolations"/></sampler><channel source="#mixamorig_Spine1-Matrix-animation-transform" target="mixamorig_Spine1/matrix"/></animation>
    <animation id="mixamorig_Spine2-anim" name="mixamorig_Spine2"><source id="mixamorig_Spine2-Matrix-animation-input"><float_array id="mixamorig_Spine2-Matrix-animation-input-array" count="43">

0.000000 0.033333 0.066667 0.100000 0.133333 0.166667 0.200000 0.233333 0.266667 0.300000 0.333333 0.366667 0.400000 0.433333 0.466667 0.500000
0.533333 0.566667 0.600000 0.633333 0.666667 0.700000 0.733333 0.766667 0.800000 0.833333 0.866667 0.900000 0.933333 0.966667 1.000000 1.033333
1.066667 1.100000 1.133333 1.166667 1.200000 1.233333 1.266667 1.300000 1.333333 1.366667 1.400000</float_array><technique_common><accessor source="#mixamorig_Spine2-Matrix-animation-input-array" count="43"><param name="TIME" type="float"/></accessor></technique_common></source><source id="mixamorig_Spine2-Matrix-animation-output-transform"><float_array id="mixamorig_Spine2-Matrix-animation-output-transform-array" count="688">

0.979356 -0.077924 -0.186518 0.000000 0.073349 0.996815 -0.031315 13.875400 0.188364 0.016988 0.981952 0.000000 0.000000 0.000000 0.000000 1.000000
0.979365 -0.077927 -0.186473 0.000000 0.073353 0.996814 -0.031312 13.875400 0.188318 0.016987 0.981961 -0.000000 0.000000 0.000000 0.000000 1.000000
0.979418 -0.077942 -0.186187 0.000000 0.073378 0.996813 -0.031291 13.875400 0.188032 0.016985 0.982016 0.000000 0.000000 0.000000 0.000000 1.000000
0.979458 -0.077954 -0.185973 0.000000 0.073397 0.996812 -0.031275 13.875400 0.187818 0.016983 0.982057 0.000000 0.000000 0.000000 0.000000 1.000000
0.979467 -0.077957 -0.185920 0.000000 0.073401 0.996812 -0.031271 13.875400 0.187765 0.016982 0.982067 -0.000000 0.000000 0.000000 0.000000 1.000000
0.979503 -0.077967 -0.185728 0.000000 0.073418 0.996811 -0.031257 13.875400 0.187573 0.016981 0.982104 0.000000 0.000000 0.000000 0.000000 1.000000
0.979500 -0.077966 -0.185746 0.000000 0.073417 0.996811 -0.031259 13.875400 0.187591 0.016981 0.982100 0.000000 0.000000 0.000000 0.000000 1.000000
0.979498 -0.077898 -0.185783 0.000000 0.073348 0.996817 -0.031249 13.875400 0.187626 0.016982 0.982094 -0.000000 0.000000 0.000000 0.000000 1.000000
0.979490 -0.077604 -0.185946 -0.000000 0.073054 0.996840 -0.031209 13.875400 0.187781 0.016985 0.982064 -0.000000 0.000000 0.000000 0.000000 1.000000
0.979475 -0.077434 -0.186097 0.000000 0.072882 0.996853 -0.031190 13.875400 0.187927 0.016987 0.982036 0.000000 0.000000 0.000000 0.000000 1.000000
0.979492 -0.077257 -0.186081 -0.000000 0.072708 0.996866 -0.031156 13.875400 0.187905 0.016988 0.982040 0.000000 0.000000 0.000000 0.000000 1.000000
0.979512 -0.077091 -0.186045 0.000000 0.072546 0.996879 -0.031123 13.875400 0.187864 0.016988 0.982048 0.000000 0.000000 0.000000 0.000000 1.000000
0.979509 -0.076931 -0.186128 0.000000 0.072386 0.996892 -0.031101 13.875400 0.187942 0.016990 0.982033 -0.000000 0.000000 0.000000 0.000000 1.000000
0.979446 -0.076808 -0.186511 0.000000 0.072253 0.996901 -0.031110 13.875400 0.188323 0.016994 0.981960 -0.000000 0.000000 0.000000 0.000000 1.000000
0.979510 -0.076778 -0.186185 0.000000 0.072239 0.996904 -0.031050 13.875400 0.187993 0.016964 0.982024 0.000000 0.000000 0.000000 0.000000 1.000000
0.979547 -0.076767 -0.185994 -0.000000 0.072249 0.996906 -0.030957 13.875400 0.187795 0.016886 0.982063 0.000000 0.000000 0.000000 0.000000 1.000000
0.979526 -0.076736 -0.186119 0.000000 0.072228 0.996910 -0.030893 13.875400 0.187915 0.016817 0.982041 0.000000 0.000000 0.000000 0.000000 1.000000
0.979503 -0.076656 -0.186272 0.000000 0.072166 0.996918 -0.030777 13.875400 0.188057 0.016704 0.982016 0.000000 0.000000 0.000000 0.000000 1.000000
0.979484 -0.076480 -0.186443 0.000000 0.072004 0.996933 -0.030669 13.875400 0.188217 0.016615 0.981987 0.000000 0.000000 0.000000 0.000000 1.000000
0.979439 -0.076285 -0.186762 0.000000 0.071809 0.996948 -0.030625 13.875400 0.188529 0.016584 0.981928 -0.000000 0.000000 0.000000 0.000000 1.000000
0.979418 -0.076311 -0.186859 0.000000 0.071836 0.996946 -0.030615 13.875400 0.188625 0.016562 0.981910 0.000000 0.000000 0.000000 0.000000 1.000000
0.979399 -0.076448 -0.186904 -0.000000 0.071973 0.996936 -0.030626 13.875400 0.188672 0.016543 0.981901 0.000000 0.000000 0.000000 0.000000 1.000000
0.979393 -0.076520 -0.186909 -0.000000 0.072047 0.996931 -0.030617 13.875400 0.188678 0.016520 0.981900 0.000000 0.000000 0.000000 0.000000 1.000000
0.979390 -0.076622 -0.186878 -0.000000 0.072153 0.996924 -0.030615 13.875400 0.188649 0.016500 0.981906 -0.000000 0.000000 0.000000 0.000000 1.000000
0.979395 -0.076771 -0.186795 0.000000 0.072302 0.996912 -0.030630 13.875400 0.188570 0.016493 0.981921 -0.000000 0.000000 0.000000 0.000000 1.000000
0.979419 -0.076938 -0.186600 -0.000000 0.072473 0.996899 -0.030645 13.875400 0.188380 0.016491 0.981958 -0.000000 0.000000 0.000000 0.000000 1.000000
0.979428 -0.076963 -0.186540 0.000000 0.072499 0.996898 -0.030647 13.875400 0.188320 0.016493 0.981969 -0.000000 0.000000 0.000000 0.000000 1.000000
0.979432 -0.077143 -0.186445 -0.000000 0.072679 0.996884 -0.030670 13.875400 0.188230 0.016489 0.981987 0.000000 0.000000 0.000000 0.000000 1.000000
0.979425 -0.077412 -0.186368 0.000000 0.072948 0.996863 -0.030700 13.875400 0.188160 0.016474 0.982000 0.000000 0.000000 0.000000 0.000000 1.000000
0.979428 -0.076963 -0.186542 -0.000000 0.072507 0.996898 -0.030603 13.875400 0.188319 0.016448 0.981970 0.000000 0.000000 0.000000 0.000000 1.000000
0.979426 -0.076873 -0.186591 0.000000 0.072427 0.996906 -0.030539 13.875400 0.188361 0.016397 0.981963 0.000000 0.000000 0.000000 0.000000 1.000000
0.979419 -0.076781 -0.186664 -0.000000 0.072351 0.996915 -0.030441 13.875400 0.188425 0.016309 0.981952 0.000000 0.000000 0.000000 0.000000 1.000000
0.979372 -0.077302 -0.186694 0.000000 0.072902 0.996878 -0.030327 13.875400 0.188455 0.016091 0.981950 0.000000 0.000000 0.000000 0.000000 1.000000
0.979354 -0.077157 -0.186847 0.000000 0.072761 0.996889 -0.030285 13.875400 0.188603 0.016065 0.981922 0.000000 0.000000 0.000000 0.000000 1.000000
0.979353 -0.077292 -0.186797 0.000000 0.072831 0.996874 -0.030635 13.875400 0.188581 0.016398 0.981921 0.000000 0.000000 0.000000 0.000000 1.000000
0.979349 -0.076817 -0.187014 0.000000 0.072346 0.996909 -0.030626 13.875400 0.188789 0.016464 0.981880 0.000000 0.000000 0.000000 0.000000 1.000000
0.979351 -0.076818 -0.187007 0.000000 0.072348 0.996909 -0.030625 13.875400 0.188781 0.016463 0.981881 0.000000 0.000000 0.000000 0.000000 1.000000
0.979324 -0.076256 -0.187374 0.000000 0.071786 0.996953 -0.030535 13.875400 0.189132 0.016453 0.981814 0.000000 0.000000 0.000000 0.000000 1.000000
0.979329 -0.076102 -0.187413 0.000000 0.071633 0.996964 -0.030514 13.875400 0.189167 0.016459 0.981807 0.000000 0.000000 0.000000 0.000000 1.000000
0.979321 -0.076130 -0.187440 0.000000 0.071648 0.996961 -0.030585 13.875400 0.189199 0.016522 0.981800 -0.000000 0.000000 0.000000 0.000000 1.000000
0.979333 -0.076122 -0.187383 -0.000000 0.071581 0.996956 -0.030892 13.875400 0.189164 0.016841 0.981801 0.000000 0.000000 0.000000 0.000000 1.000000
0.979331 -0.077607 -0.186782 0.000000 0.073113 0.996847 -0.030841 13.875400 0.188587 0.016547 0.981917 0.000000 0.000000 0.000000 0.000000 1.000000
0.979356 -0.077908 -0.186525 -0.000000 0.073404 0.996822 -0.030946 13.875400 0.188343 0.016615 0.981963 0.000000 0.000000 0.000000 0.000000 1.000000</float_array><technique_common><accessor source="#mixamorig_Spine2-Matrix-animation-output-transform-array" count="43" stride="16"><param type="float4x4"/></accessor></technique_common></source><source id="mixamorig_Spine2-Interpolations"><Name_array id="mixamorig_Spine2-Interpolations-array" count="43">
 LINEAR LINEAR LINEAR LINEAR LINEAR LINEAR LINEAR LINEAR LINEAR LINEAR LINEAR
LINEAR LINEAR LINEAR LINEAR LINEAR LINEAR LINEAR LINEAR LINEAR LINEAR LINEAR LINEAR
LINEAR LINEAR LINEAR LINEAR LINEAR LINEAR LINEAR LINEAR LINEAR LINEAR LINEAR LINEAR
LINEAR LINEAR LINEAR LINEAR LINEAR LINEAR LINEAR LINEAR</Name_array><technique_common><accessor source="#mixamorig_Spine2-Interpolations-array" count="43"><param type="name"/></accessor></technique_common></source><sampler id="mixamorig_Spine2-Matrix-animation-transform"><input semantic="INPUT" source="#mixamorig_Spine2-Matrix-animation-input"/><input semantic="OUTPUT" source="#mixamorig_Spine2-Matrix-animation-output-transform"/><input semantic="INTERPOLATION" source="#mixamorig_Spine2-Interpolations"/></sampler><channel source="#mixamorig_Spine2-Matrix-animation-transform" target="mixamorig_Spine2/matrix"/></animation>
    <animation id="mixamorig_Neck-anim" name="mixamorig_Neck"><source id="mixamorig_Neck-Matrix-animation-input"><float_array id="mixamorig_Neck-Matrix-animation-input-array" count="43">

0.000000 0.033333 0.066667 0.100000 0.133333 0.166667 0.200000 0.233333 0.266667 0.300000 0.333333 0.366667 0.400000 0.433333 0.466667 0.500000
0.533333 0.566667 0.600000 0.633333 0.666667 0.700000 0.733333 0.766667 0.800000 0.833333 0.866667 0.900000 0.933333 0.966667 1.000000 1.033333
1.066667 1.100000 1.133333 1.166667 1.200000 1.233333 1.266667 1.300000 1.333333 1.366667 1.400000</float_array><technique_common><accessor source="#mixamorig_Neck-Matrix-animation-input-array" count="43"><param name="TIME" type="float"/></accessor></technique_common></source><source id="mixamorig_Neck-Matrix-animation-output-transform"><float_array id="mixamorig_Neck-Matrix-animation-output-transform-array" count="688">

0.930865 -0.086828 0.354896 -0.000000 0.175537 0.958183 -0.225991 15.609900 -0.320433 0.272664 0.907181 -0.000000 0.000000 0.000000 0.000000 1.000000
0.930700 -0.087427 0.355181 0.000000 0.175812 0.958418 -0.224776 15.609900 -0.320761 0.271645 0.907371 0.000000 0.000000 0.000000 0.000000 1.000000
0.930651 -0.087032 0.355408 -0.000000 0.175163 0.958743 -0.223895 15.609900 -0.321259 0.270623 0.907500 0.000000 0.000000 0.000000 0.000000 1.000000
0.930537 -0.087343 0.355628 0.000000 0.175124 0.959031 -0.222690 15.609900 -0.321608 0.269501 0.907710 0.000000 0.000000 0.000000 0.000000 1.000000
0.930453 -0.087632 0.355779 0.000000 0.175269 0.959135 -0.222128 15.609900 -0.321775 0.269037 0.907789 -0.000000 0.000000 0.000000 0.000000 1.000000
0.930454 -0.088023 0.355679 -0.000000 0.175453 0.959225 -0.221595 15.609900 -0.321671 0.268589 0.907958 0.000000 0.000000 0.000000 0.000000 1.000000
0.930425 -0.089145 0.355475 0.000000 0.176260 0.959264 -0.220785 15.609900 -0.321313 0.268080 0.908235 -0.000000 0.000000 0.000000 0.000000 1.000000
0.930401 -0.089298 0.355498 -0.000000 0.176449 0.959213 -0.220853 15.609900 -0.321277 0.268209 0.908210 0.000000 0.000000 0.000000 0.000000 1.000000
0.930293 -0.090539 0.355467 0.000000 0.177714 0.958983 -0.220838 15.609900 -0.320893 0.268615 0.908226 0.000000 0.000000 0.000000 0.000000 1.000000
0.930223 -0.090862 0.355570 0.000000 0.178079 0.958915 -0.220841 15.609900 -0.320895 0.268751 0.908185 -0.000000 0.000000 0.000000 0.000000 1.000000
0.930385 -0.091202 0.355057 -0.000000 0.178580 0.958621 -0.221709 15.609900 -0.320145 0.269681 0.908174 -0.000000 0.000000 0.000000 0.000000 1.000000
0.930440 -0.090751 0.355030 0.000000 0.178374 0.958484 -0.222468 15.609900 -0.320102 0.270321 0.907999 0.000000 0.000000 0.000000 0.000000 1.000000
0.930489 -0.090749 0.354902 0.000000 0.178683 0.958195 -0.223462 15.609900 -0.319786 0.271344 0.907805 0.000000 0.000000 0.000000 0.000000 1.000000
0.930360 -0.091141 0.355138 0.000000 0.179209 0.958064 -0.223603 15.609900 -0.319865 0.271675 0.907678 0.000000 0.000000 0.000000 0.000000 1.000000
0.930632 -0.090593 0.354565 -0.000000 0.178796 0.957923 -0.224534 15.609900 -0.319305 0.272354 0.907672 0.000000 0.000000 0.000000 0.000000 1.000000
0.930718 -0.090570 0.354346 0.000000 0.178843 0.957822 -0.224927 15.609900 -0.319028 0.272716 0.907660 0.000000 0.000000 0.000000 0.000000 1.000000
0.930709 -0.090900 0.354284 0.000000 0.179116 0.957803 -0.224793 15.609900 -0.318900 0.272674 0.907718 -0.000000 0.000000 0.000000 0.000000 1.000000
0.930678 -0.091584 0.354191 -0.000000 0.179649 0.957798 -0.224388 15.609900 -0.318693 0.272463 0.907854 -0.000000 0.000000 0.000000 0.000000 1.000000
0.930647 -0.091856 0.354201 0.000000 0.179820 0.957840 -0.224069 15.609900 -0.318686 0.272221 0.907929 0.000000 0.000000 0.000000 0.000000 1.000000
0.930355 -0.092161 0.354889 -0.000000 0.180136 0.957921 -0.223469 15.609900 -0.319360 0.271834 0.907808 0.000000 0.000000 0.000000 0.000000 1.000000
0.930601 -0.091761 0.354347 0.000000 0.179657 0.957944 -0.223754 15.609900 -0.318913 0.271887 0.907949 0.000000 0.000000 0.000000 0.000000 1.000000
0.930572 -0.092368 0.354265 0.000000 0.180226 0.957858 -0.223668 15.609900 -0.318676 0.271987 0.908003 -0.000000 0.000000 0.000000 0.000000 1.000000
0.930517 -0.092997 0.354245 0.000000 0.180745 0.957841 -0.223320 15.609900 -0.318542 0.271831 0.908096 0.000000 0.000000 0.000000 0.000000 1.000000
0.930435 -0.093763 0.354258 -0.000000 0.181604 0.957635 -0.223508 15.609900 -0.318293 0.272294 0.908045 0.000000 0.000000 0.000000 0.000000 1.000000
0.930357 -0.093565 0.354516 -0.000000 0.181769 0.957410 -0.224335 15.609900 -0.318428 0.273152 0.907740 -0.000000 0.000000 0.000000 0.000000 1.000000
0.930277 -0.093274 0.354803 -0.000000 0.181655 0.957367 -0.224611 15.609900 -0.318726 0.273402 0.907560 -0.000000 0.000000 0.000000 0.000000 1.000000
0.930210 -0.092400 0.355206 -0.000000 0.181000 0.957411 -0.224950 15.609900 -0.319293 0.273543 0.907318 -0.000000 0.000000 0.000000 0.000000 1.000000
0.930150 -0.091754 0.355531 -0.000000 0.180552 0.957419 -0.225278 15.609900 -0.319722 0.273734 0.907110 -0.000000 0.000000 0.000000 0.000000 1.000000
0.930284 -0.090297 0.355553 0.000000 0.179398 0.957409 -0.226239 15.609900 -0.319981 0.274252 0.906862 0.000000 0.000000 0.000000 0.000000 1.000000
0.929970 -0.090813 0.356242 0.000000 0.179546 0.957780 -0.224547 15.609900 -0.320809 0.272784 0.907012 0.000000 0.000000 0.000000 0.000000 1.000000
0.929798 -0.090916 0.356664 -0.000000 0.179600 0.957890 -0.224032 15.609900 -0.321277 0.272362 0.906973 0.000000 0.000000 0.000000 0.000000 1.000000
