<?xml version="1.0" encoding="utf-8"?>
<COLLADA xmlns="http://www.collada.org/2005/11/COLLADASchema" version="1.4.1">
  <asset><contributor><author>Mixamo</author><authoring_tool>COLLADA Mixamo exporter</authoring_tool><comments></comments></contributor><created>2020-06-05T18:38:08Z</created><modified>2020-06-05T18:38:08Z</modified><revision></revision><title></title><unit meter="0.010000"/><up_axis>Y_UP</up_axis></asset>
  <library_animations>
    <animation id="mixamorig_Hips-anim" name="mixamorig_Hips"><source id="mixamorig_Hips-Matrix-animation-input"><float_array id="mixamorig_Hips-Matrix-animation-input-array" count="69">

0.000000 0.033333 0.066667 0.100000 0.133333 0.166667 0.200000 0.233333 0.266667 0.300000 0.333333 0.366667 0.400000 0.433333 0.466667 0.500000
0.533333 0.566667 0.600000 0.633333 0.666667 0.700000 0.733333 0.766667 0.800000 0.833333 0.866667 0.900000 0.933333 0.966667 1.000000 1.033333
1.066667 1.100000 1.133333 1.166667 1.200000 1.233333 1.266667 1.300000 1.333333 1.366667 1.400000 1.433333 1.466667 1.500000 1.533333 1.566667
1.600000 1.633333 1.666667 1.700000 1.733333 1.766667 1.800000 1.833333 1.866667 1.900000 1.933333 1.966667 2.000000 2.033333 2.066667 2.100000
2.133333 2.166667 2.200000 2.233333 2.266667</float_array><technique_common><accessor source="#mixamorig_Hips-Matrix-animation-input-array" count="69"><param name="TIME" type="float"/></accessor></technique_common></source><source id="mixamorig_Hips-Matrix-animation-output-transform"><float_array id="mixamorig_Hips-Matrix-animation-output-transform-array" count="1104">

0.938688 -0.030092 -0.343452 0.083139 -0.038299 0.980916 -0.190620 0.554117 0.342634 0.192087 0.919622 -0.028165 0.000000 0.000000 0.000000 1.000000
0.938956 -0.028249 -0.342875 0.083148 -0.040443 0.980650 -0.191548 0.554902 0.341651 0.193722 0.919645 -0.028474 0.000000 0.000000 0.000000 1.000000
0.937879 -0.028804 -0.345766 0.083084 -0.041203 0.980250 -0.193422 0.556119 0.344508 0.195653 0.918169 -0.029445 0.000000 0.000000 0.000000 1.000000
0.933503 -0.034738 -0.356882 0.082940 -0.038707 0.979718 -0.196609 0.557602 0.356474 0.197349 0.913225 -0.031265 0.000000 0.000000 0.000000 1.000000
0.923988 -0.045362 -0.379721 0.082780 -0.034928 0.978779 -0.201918 0.559802 0.380822 0.199833 0.902796 -0.033706 0.000000 0.000000 0.000000 1.000000
0.907264 -0.057176 -0.416658 0.082498 -0.034272 0.977369 -0.208747 0.562300 0.419164 0.203669 0.884772 -0.035881 0.000000 0.000000 0.000000 1.000000
0.880605 -0.066205 -0.469203 0.082286 -0.036712 0.977683 -0.206853 0.563317 0.472427 0.199381 0.858522 -0.037276 0.000000 0.000000 0.000000 1.000000
0.845430 -0.067333 -0.529825 0.082643 -0.038707 0.981688 -0.186521 0.561977 0.532681 0.178198 0.827343 -0.037636 0.000000 0.000000 0.000000 1.000000
0.807739 -0.062042 -0.586266 0.083692 -0.038303 0.986823 -0.157205 0.558471 0.588294 0.149436 0.794719 -0.036392 0.000000 0.000000 0.000000 1.000000
0.767618 -0.058088 -0.638270 0.084630 -0.034087 0.990775 -0.131163 0.553451 0.640001 0.122440 0.758556 -0.033584 0.000000 0.000000 0.000000 1.000000
0.723854 -0.058813 -0.687442 0.085050 -0.026507 0.993254 -0.112888 0.548623 0.689443 0.099936 0.717412 -0.029235 0.000000 0.000000 0.000000 1.000000
0.685961 -0.067678 -0.724484 0.085978 -0.013371 0.994325 -0.105546 0.545492 0.727515 0.082088 0.681163 -0.022822 0.000000 0.000000 0.000000 1.000000
0.666381 -0.091252 -0.740006 0.088944 0.012951 0.993750 -0.110879 0.543200 0.745499 0.064304 0.663398 -0.014254 0.000000 0.000000 0.000000 1.000000
0.659575 -0.119993 -0.741999 0.092542 0.044237 0.991661 -0.121044 0.540716 0.750336 0.047014 0.659383 -0.005462 0.000000 0.000000 0.000000 1.000000
0.656926 -0.135690 -0.741644 0.094894 0.062399 0.990082 -0.125873 0.538983 0.751369 0.036412 0.658877 0.001998 0.000000 0.000000 0.000000 1.000000
0.666106 -0.141144 -0.732380 0.097095 0.072325 0.989527 -0.124921 0.539182 0.742342 0.030241 0.669338 0.009423 0.000000 0.000000 0.000000 1.000000
0.694161 -0.141877 -0.705700 0.099409 0.078843 0.989471 -0.121373 0.541967 0.715489 0.028613 0.698038 0.016761 0.000000 0.000000 0.000000 1.000000
0.741516 -0.134657 -0.657283 0.100625 0.076667 0.990242 -0.116378 0.546847 0.666541 0.035904 0.744604 0.023277 0.000000 0.000000 0.000000 1.000000
0.809920 -0.118932 -0.574356 0.100109 0.066948 0.991572 -0.110920 0.553474 0.582708 0.051384 0.811056 0.028870 0.000000 0.000000 0.000000 1.000000
0.888011 -0.102253 -0.448308 0.097926 0.059198 0.992270 -0.109064 0.562238 0.455995 0.070311 0.887201 0.033492 0.000000 0.000000 0.000000 1.000000
0.954694 -0.087054 -0.284571 0.094637 0.055739 0.991642 -0.116359 0.572989 0.292322 0.095226 0.951567 0.036982 0.000000 0.000000 0.000000 1.000000
0.992596 -0.065539 -0.102264 0.091611 0.052042 0.990215 -0.129487 0.583450 0.109749 0.123206 0.986294 0.039332 0.000000 0.000000 0.000000 1.000000
0.997150 -0.038989 0.064596 0.089570 0.047931 0.988528 -0.143231 0.591323 -0.058270 0.145919 0.987579 0.039434 0.000000 0.000000 0.000000 1.000000
0.982675 -0.008326 0.185148 0.088595 0.038234 0.986609 -0.158559 0.593878 -0.181348 0.162891 0.969835 0.035617 0.000000 0.000000 0.000000 1.000000
0.966082 0.030168 0.256466 0.088450 0.014762 0.985077 -0.171481 0.590003 -0.257812 0.169451 0.951220 0.028765 0.000000 0.000000 0.000000 1.000000
0.952067 0.065804 0.298729 0.088352 -0.007568 0.981355 -0.192056 0.582423 -0.305797 0.180589 0.934813 0.022933 0.000000 0.000000 0.000000 1.000000
0.940813 0.079124 0.329561 0.086880 0.001238 0.971559 -0.236796 0.574409 -0.338924 0.223189 0.913957 0.020865 0.000000 0.000000 0.000000 1.000000
0.932964 0.072719 0.352548 0.083929 0.031445 0.959175 -0.281060 0.566059 -0.358594 0.273305 0.892589 0.021593 0.000000 0.000000 0.000000 1.000000
0.927108 0.063181 0.369431 0.080034 0.055103 0.952000 -0.301098 0.555267 -0.370722 0.299507 0.879125 0.022785 0.000000 0.000000 0.000000 1.000000
0.917978 0.059901 0.392083 0.075749 0.071922 0.947003 -0.313070 0.544614 -0.390057 0.315591 0.865019 0.023545 0.000000 0.000000 0.000000 1.000000
0.904334 0.063884 0.422017 0.071091 0.090752 0.937349 -0.336365 0.536535 -0.417065 0.342485 0.841879 0.023701 0.000000 0.000000 0.000000 1.000000
0.894034 0.077768 0.441198 0.067448 0.100576 0.924838 -0.366823 0.530249 -0.436564 0.372326 0.819015 0.023012 0.000000 0.000000 0.000000 1.000000
0.893601 0.092058 0.439321 0.065466 0.099222 0.914018 -0.393353 0.524918 -0.437758 0.395091 0.807633 0.021284 0.000000 0.000000 0.000000 1.000000
0.903588 0.094849 0.417770 0.064866 0.094164 0.907361 -0.409669 0.521849 -0.417925 0.409511 0.810950 0.018805 0.000000 0.000000 0.000000 1.000000
0.923071 0.087821 0.374469 0.065680 0.080824 0.907559 -0.412074 0.521618 -0.376041 0.410640 0.830643 0.015894 0.000000 0.000000 0.000000 1.000000
0.946922 0.076881 0.312134 0.067245 0.058061 0.914108 -0.401291 0.522764 -0.316176 0.398114 0.861126 0.012749 0.000000 0.000000 0.000000 1.000000
0.967619 0.060595 0.245033 0.068391 0.038695 0.923674 -0.381222 0.524546 -0.249431 0.378359 0.891419 0.009199 0.000000 0.000000 0.000000 1.000000
0.982810 0.039518 0.180341 0.068713 0.028038 0.933543 -0.357367 0.526997 -0.182479 0.356280 0.916387 0.004878 0.000000 0.000000 0.000000 1.000000
0.993179 0.022807 0.114351 0.068361 0.017251 0.941152 -0.337543 0.530232 -0.115320 0.337213 0.934339 0.000383 0.000000 0.000000 0.000000 1.000000
0.998812 0.012004 0.047225 0.067504 0.003941 0.946103 -0.323842 0.533790 -0.048567 0.323643 0.944932 -0.003718 0.000000 0.000000 0.000000 1.000000
0.999881 0.000205 -0.015425 0.066107 -0.005033 0.949533 -0.313626 0.537848 0.014582 0.313667 0.949421 -0.007775 0.000000 0.000000 0.000000 1.000000
0.997337 -0.012711 -0.071817 0.064220 -0.009787 0.952464 -0.304493 0.542999 0.072273 0.304385 0.949803 -0.011971 0.000000 0.000000 0.000000 1.000000
0.992089 -0.023541 -0.123313 0.061852 -0.013964 0.955472 -0.294752 0.548502 0.124761 0.294142 0.947584 -0.016136 0.000000 0.000000 0.000000 1.000000
0.984869 -0.032680 -0.170191 0.058993 -0.017137 0.958880 -0.283295 0.553627 0.172451 0.281926 0.943811 -0.020246 0.000000 0.000000 0.000000 1.000000
0.976622 -0.040677 -0.211082 0.055952 -0.018529 0.962350 -0.271183 0.558165 0.214166 0.268754 0.939098 -0.024241 0.000000 0.000000 0.000000 1.000000
0.968599 -0.048506 -0.243850 0.052618 -0.016959 0.965610 -0.259441 0.561946 0.248049 0.255429 0.934466 -0.028083 0.000000 0.000000 0.000000 1.000000
0.961934 -0.057665 -0.267128 0.048926 -0.010988 0.968532 -0.248645 0.564780 0.273061 0.242116 0.931031 -0.031802 0.000000 0.000000 0.000000 1.000000
0.957147 -0.066560 -0.281850 0.045490 -0.003092 0.970826 -0.239765 0.566610 0.289586 0.230362 0.929018 -0.035340 0.000000 0.000000 0.000000 1.000000
0.954034 -0.072427 -0.290816 0.042725 0.003043 0.972650 -0.232254 0.567493 0.299684 0.220693 0.928161 -0.038479 0.000000 0.000000 0.000000 1.000000
0.952304 -0.076266 -0.295467 0.040582 0.008007 0.974176 -0.225648 0.567586 0.305046 0.212520 0.928322 -0.041089 0.000000 0.000000 0.000000 1.000000
0.951147 -0.079486 -0.298331 0.039131 0.012392 0.975340 -0.220359 0.566842 0.308489 0.205897 0.928677 -0.043252 0.000000 0.000000 0.000000 1.000000
0.949108 -0.080702 -0.304435 0.038522 0.013860 0.976380 -0.215615 0.565457 0.314645 0.200423 0.927809 -0.045123 0.000000 0.000000 0.000000 1.000000
0.945705 -0.080367 -0.314932 0.038795 0.012748 0.977374 -0.211135 0.564133 0.324775 0.195657 0.925332 -0.046654 0.000000 0.000000 0.000000 1.000000
0.941214 -0.081078 -0.327936 0.039913 0.012233 0.978314 -0.206765 0.563098 0.337588 0.190599 0.921795 -0.047687 0.000000 0.000000 0.000000 1.000000
0.936574 -0.082439 -0.340637 0.041861 0.012518 0.979190 -0.202558 0.561910 0.350247 0.185446 0.918116 -0.048151 0.000000 0.000000 0.000000 1.000000
0.933133 -0.082232 -0.350002 0.044686 0.010814 0.979472 -0.201292 0.560350 0.359370 0.184047 0.914866 -0.048069 0.000000 0.000000 0.000000 1.000000
0.931017 -0.081280 -0.355811 0.048275 0.007577 0.978982 -0.203808 0.558741 0.364898 0.187052 0.912064 -0.047489 0.000000 0.000000 0.000000 1.000000
0.929996 -0.078470 -0.359097 0.052798 0.003736 0.978914 -0.204239 0.557596 0.367552 0.188600 0.910679 -0.046032 0.000000 0.000000 0.000000 1.000000
0.930026 -0.074222 -0.359921 0.057488 0.000315 0.979553 -0.201188 0.556942 0.367494 0.186997 0.911033 -0.043950 0.000000 0.000000 0.000000 1.000000
0.930832 -0.070273 -0.358627 0.061990 -0.002489 0.980096 -0.198510 0.556392 0.365439 0.185672 0.912129 -0.041621 0.000000 0.000000 0.000000 1.000000
0.931987 -0.066444 -0.356350 0.066256 -0.005397 0.980405 -0.196919 0.555829 0.362451 0.185449 0.913366 -0.039236 0.000000 0.000000 0.000000 1.000000
0.933146 -0.061811 -0.354144 0.070180 -0.009072 0.980745 -0.195079 0.555401 0.359383 0.185250 0.914618 -0.036931 0.000000 0.000000 0.000000 1.000000
0.934296 -0.056447 -0.352001 0.073670 -0.013617 0.981014 -0.193459 0.555112 0.356238 0.185541 0.915789 -0.034818 0.000000 0.000000 0.000000 1.000000
0.935582 -0.051312 -0.349363 0.076593 -0.018227 0.981049 -0.192900 0.554804 0.352640 0.186842 0.916916 -0.032988 0.000000 0.000000 0.000000 1.000000
0.936707 -0.046128 -0.347061 0.079003 -0.022925 0.981074 -0.192269 0.554520 0.349362 0.188056 0.917922 -0.031451 0.000000 0.000000 0.000000 1.000000
0.937182 -0.040840 -0.346441 0.080999 -0.028029 0.981096 -0.191480 0.554482 0.347712 0.189162 0.918321 -0.030209 0.000000 0.000000 0.000000 1.000000
0.937442 -0.036954 -0.346174 0.082287 -0.032251 0.980856 -0.192044 0.554297 0.346643 0.191194 0.918305 -0.029171 0.000000 0.000000 0.000000 1.000000
0.938073 -0.033975 -0.344767 0.082902 -0.035214 0.980674 -0.192454 0.554085 0.344643 0.192677 0.918747 -0.028431 0.000000 0.000000 0.000000 1.000000
0.938686 -0.030067 -0.343458 0.083139 -0.038321 0.980919 -0.190604 0.554116 0.342636 0.192079 0.919623 -0.028167 0.000000 0.000000 0.000000 1.000000</float_array><technique_common><accessor source="#mixamorig_Hips-Matrix-animation-output-transform-array" count="69" stride="16"><param type="float4x4"/></accessor></technique_common></source><source id="mixamorig_Hips-Interpolations"><Name_array id="mixamorig_Hips-Interpolations-array" count="69">
 LINEAR LINEAR LINEAR LINEAR LINEAR LINEAR LINEAR LINEAR LINEAR LINEAR LINEAR
LINEAR LINEAR LINEAR LINEAR LINEAR LINEAR LINEAR LINEAR LINEAR LINEAR LINEAR LINEAR
LINEAR LINEAR LINEAR LINEAR LINEAR LINEAR LINEAR LINEAR LINEAR LINEAR LINEAR LINEAR
LINEAR LINEAR LINEAR LINEAR LINEAR LINEAR LINEAR LINEAR LINEAR LINEAR LINEAR LINEAR
LINEAR LINEAR LINEAR LINEAR LINEAR LINEAR LINEAR LINEAR LINEAR LINEAR LINEAR LINEAR
LINEAR LINEAR LINEAR LINEAR LINEAR LINEAR LINEAR LINEAR LINEAR LINEAR</Name_array><technique_common><accessor source="#mixamorig_Hips-Interpolations-array" count="69"><param type="name"/></accessor></technique_common></source><sampler id="mixamorig_Hips-Matrix-animation-transform"><input semantic="INPUT" source="#mixamorig_Hips-Matrix-animation-input"/><input semantic="OUTPUT" source="#mixamorig_Hips-Matrix-animation-output-transform"/><input semantic="INTERPOLATION" source="#mixamorig_Hips-Interpolations"/></sampler><channel source="#mixamorig_Hips-Matrix-animation-transform" target="mixamorig_Hips/matrix"/></animation>
    <animation id="mixamorig_Spine-anim" name="mixamorig_Spine"><source id="mixamorig_Spine-Matrix-animation-input"><float_array id="mixamorig_Spine-Matrix-animation-input-array" count="69">

0.000000 0.033333 0.066667 0.100000 0.133333 0.166667 0.200000 0.233333 0.266667 0.300000 0.333333 0.366667 0.400000 0.433333 0.466667 0.500000
0.533333 0.566667 0.600000 0.633333 0.666667 0.700000 0.733333 0.766667 0.800000 0.833333 0.866667 0.900000 0.933333 0.966667 1.000000 1.033333
1.066667 1.100000 1.133333 1.166667 1.200000 1.233333 1.266667 1.300000 1.333333 1.366667 1.400000 1.433333 1.466667 1.500000 1.533333 1.566667
1.600000 1.633333 1.666667 1.700000 1.733333 1.766667 1.800000 1.833333 1.866667 1.900000 1.933333 1.966667 2.000000 2.033333 2.066667 2.100000
2.133333 2.166667 2.200000 2.233333 2.266667</float_array><technique_common><accessor source="#mixamorig_Spine-Matrix-animation-input-array" count="69"><param name="TIME" type="float"/></accessor></technique_common></source><source id="mixamorig_Spine-Matrix-animation-output-transform"><float_array id="mixamorig_Spine-Matrix-animation-output-transform-array" count="1104">

0.999856 0.012499 0.011501 0.000000 -0.008445 0.953320 -0.301845 0.080600 -0.014737 0.301704 0.953288 0.009800 0.000000 0.000000 0.000000 1.000000
0.999753 0.015884 0.015577 0.000000 -0.010431 0.953118 -0.302419 0.080600 -0.019650 0.302182 0.953048 0.009800 0.000000 0.000000 0.000000 1.000000
0.999500 0.020824 0.023788 0.000000 -0.012653 0.953030 -0.302610 0.080600 -0.028972 0.302158 0.952817 0.009800 0.000000 0.000000 0.000000 1.000000
0.998853 0.028694 0.038341 0.000000 -0.015780 0.953111 -0.302210 0.080600 -0.045215 0.301258 0.952470 0.009800 0.000000 0.000000 0.000000 1.000000
0.997478 0.039036 0.059285 -0.000000 -0.019522 0.953862 -0.299611 0.080600 -0.068245 0.297698 0.952218 0.009800 0.000000 0.000000 0.000000 1.000000
0.995666 0.047972 0.079676 0.000000 -0.022773 0.956378 -0.291242 0.080600 -0.090172 0.288165 0.953326 0.009800 0.000000 0.000000 0.000000 1.000000
0.994763 0.051806 0.088110 -0.000000 -0.025306 0.960028 -0.278756 0.080600 -0.099029 0.275066 0.956312 0.009800 0.000000 0.000000 0.000000 1.000000
0.995397 0.048050 0.082927 0.000000 -0.024065 0.962830 -0.269035 0.080600 -0.092772 0.265800 0.959554 0.009800 0.000000 0.000000 0.000000 1.000000
0.997576 0.033537 0.060974 0.000000 -0.016350 0.964636 -0.263079 0.080600 -0.067641 0.261444 0.962846 0.009800 0.000000 0.000000 0.000000 1.000000
0.999861 0.008399 0.014374 -0.000000 -0.004395 0.965956 -0.258669 0.080600 -0.016057 0.258570 0.965859 0.009800 0.000000 0.000000 0.000000 1.000000
0.999003 -0.021390 -0.039187 0.000000 0.010627 0.966455 -0.256616 0.080600 0.043362 0.255943 0.965719 0.009800 0.000000 0.000000 0.000000 1.000000
0.995288 -0.051518 -0.082145 0.000000 0.028796 0.965999 -0.256936 0.080600 0.092589 0.253359 0.962931 0.009800 0.000000 0.000000 0.000000 1.000000
0.989614 -0.079407 -0.119826 0.000000 0.047018 0.966534 -0.252195 0.080600 0.135842 0.243942 0.960229 0.009800 0.000000 0.000000 0.000000 1.000000
0.982914 -0.101433 -0.153595 -0.000000 0.062296 0.968535 -0.240955 0.080600 0.173203 0.227269 0.958305 0.009800 0.000000 0.000000 0.000000 1.000000
0.978502 -0.115478 -0.170879 0.000000 0.073933 0.969885 -0.232073 0.080600 0.192532 0.214450 0.957571 0.009800 0.000000 0.000000 0.000000 1.000000
0.976302 -0.123669 -0.177595 -0.000000 0.081844 0.970680 -0.226013 0.080600 0.200338 0.206122 0.957799 0.009800 0.000000 0.000000 0.000000 1.000000
0.975025 -0.125155 -0.183475 0.000000 0.083516 0.972083 -0.219272 0.080600 0.205796 0.198473 0.958257 0.009800 0.000000 0.000000 0.000000 1.000000
0.975084 -0.121221 -0.185786 0.000000 0.081057 0.974277 -0.210271 0.080600 0.206496 0.189972 0.959828 0.009800 0.000000 0.000000 0.000000 1.000000
0.977799 -0.109588 -0.178604 0.000000 0.073329 0.977402 -0.198262 0.080600 0.196295 0.180764 0.963739 0.009800 0.000000 0.000000 0.000000 1.000000
0.982988 -0.083387 -0.163651 0.000000 0.052689 0.981575 -0.183671 0.080600 0.175951 0.171924 0.969270 0.009800 0.000000 0.000000 0.000000 1.000000
0.989453 -0.043042 -0.138308 0.000000 0.018925 0.985060 -0.171166 0.080600 0.143610 0.166744 0.975486 0.009800 0.000000 0.000000 0.000000 1.000000
0.995629 -0.000875 -0.093390 0.000000 -0.014811 0.985822 -0.167140 0.080600 0.092212 0.167793 0.981500 0.009800 0.000000 0.000000 0.000000 1.000000
0.998913 0.038170 -0.026758 0.000000 -0.042213 0.984208 -0.171908 0.080600 0.019774 0.172851 0.984750 0.009800 0.000000 0.000000 0.000000 1.000000
0.996132 0.069488 0.053787 0.000000 -0.058552 0.981297 -0.183377 0.080600 -0.065523 0.179518 0.981570 0.009800 0.000000 0.000000 0.000000 1.000000
0.988416 0.074910 0.131997 0.000000 -0.047167 0.978255 -0.201973 0.080600 -0.144256 0.193407 0.970455 0.009800 0.000000 0.000000 0.000000 1.000000
0.979504 0.056499 0.193341 -0.000000 -0.012704 0.975273 -0.220638 0.080600 -0.201026 0.213660 0.956001 0.009800 0.000000 0.000000 0.000000 1.000000
0.970904 0.051680 0.233827 0.000000 0.003798 0.972989 -0.230819 0.080600 -0.239440 0.224991 0.944483 0.009800 0.000000 0.000000 0.000000 1.000000
0.963976 0.065091 0.257903 0.000000 -0.000318 0.969877 -0.243594 0.080600 -0.265990 0.234736 0.934959 0.009800 0.000000 0.000000 0.000000 1.000000
0.957690 0.071741 0.278717 0.000000 0.007469 0.961912 -0.273257 0.080600 -0.287705 0.263777 0.920678 0.009800 0.000000 0.000000 0.000000 1.000000
0.950768 0.066946 0.302585 0.000000 0.031283 0.950668 -0.308629 0.080600 -0.308319 0.302900 0.901771 0.009800 0.000000 0.000000 0.000000 1.000000
0.947052 0.069074 0.313561 0.000000 0.042340 0.941190 -0.335213 0.080600 -0.318275 0.330741 0.888432 0.009800 0.000000 0.000000 0.000000 1.000000
0.949954 0.077659 0.302585 0.000000 0.036249 0.934662 -0.353684 0.080600 -0.310281 0.346952 0.885071 0.009800 0.000000 0.000000 0.000000 1.000000
0.957207 0.087629 0.275817 0.000000 0.021146 0.929331 -0.368641 0.080600 -0.288629 0.358698 0.887710 0.009800 0.000000 0.000000 0.000000 1.000000
0.966485 0.098248 0.237179 0.000000 -0.000201 0.924161 -0.382004 0.080600 -0.256723 0.369153 0.893207 0.009800 0.000000 0.000000 0.000000 1.000000
0.975982 0.101974 0.192512 0.000000 -0.018471 0.919234 -0.393277 0.080600 -0.217067 0.380275 0.899040 0.009800 0.000000 0.000000 0.000000 1.000000
0.984038 0.093948 0.151137 0.000000 -0.026088 0.916273 -0.399704 0.080600 -0.176034 0.389381 0.904099 0.009800 0.000000 0.000000 0.000000 1.000000
0.990092 0.079135 0.115995 0.000000 -0.026251 0.915821 -0.400727 0.080600 -0.137942 0.393711 0.908825 0.009800 0.000000 0.000000 0.000000 1.000000
0.994178 0.065439 0.085601 0.000000 -0.026112 0.917091 -0.397821 0.080600 -0.104537 0.393270 0.913461 0.009800 0.000000 0.000000 0.000000 1.000000
0.996591 0.056390 0.060226 0.000000 -0.028385 0.919755 -0.391464 0.080600 -0.077468 0.388420 0.918220 0.009800 0.000000 0.000000 0.000000 1.000000
0.997897 0.051468 0.039402 0.000000 -0.032458 0.922948 -0.383554 0.080600 -0.056106 0.381468 0.922678 0.009800 0.000000 0.000000 0.000000 1.000000
0.998543 0.049448 0.021592 0.000000 -0.037739 0.926055 -0.375496 0.080600 -0.038563 0.374134 0.926572 0.009800 0.000000 0.000000 0.000000 1.000000
0.998856 0.047086 0.008361 0.000000 -0.040724 0.929141 -0.367475 0.080600 -0.025071 0.366714 0.929996 0.009800 0.000000 0.000000 0.000000 1.000000
0.999099 0.042422 -0.001363 0.000000 -0.040051 0.931674 -0.361081 0.080600 -0.014048 0.360810 0.932533 0.009800 0.000000 0.000000 0.000000 1.000000
0.999285 0.036296 -0.010542 0.000000 -0.037664 0.933019 -0.357849 0.080600 -0.003153 0.357991 0.933720 0.009800 0.000000 0.000000 0.000000 1.000000
0.999387 0.029567 -0.018725 0.000000 -0.034294 0.934049 -0.355495 0.080600 0.006979 0.355919 0.934491 0.009800 0.000000 0.000000 0.000000 1.000000
0.999353 0.025520 -0.025331 0.000000 -0.032796 0.935774 -0.351072 0.080600 0.014745 0.351676 0.936006 0.009800 0.000000 0.000000 0.000000 1.000000
0.999186 0.025221 -0.031483 -0.000000 -0.034554 0.937839 -0.345346 0.080600 0.020816 0.346152 0.937947 0.009800 0.000000 0.000000 0.000000 1.000000
0.998991 0.025948 -0.036651 -0.000000 -0.036902 0.939437 -0.340730 0.080600 0.025591 0.341738 0.939447 0.009800 0.000000 0.000000 0.000000 1.000000
0.998915 0.025135 -0.039201 0.000000 -0.036911 0.940617 -0.337458 0.080600 0.028391 0.338539 0.940524 0.009800 0.000000 0.000000 0.000000 1.000000
0.999030 0.020293 -0.039090 0.000000 -0.032195 0.942118 -0.333732 0.080600 0.030055 0.334666 0.941857 0.009800 0.000000 0.000000 0.000000 1.000000
0.999210 0.012356 -0.037768 -0.000000 -0.024102 0.944089 -0.328809 0.080600 0.031594 0.329460 0.943641 0.009800 0.000000 0.000000 0.000000 1.000000
0.999302 0.005797 -0.036893 0.000000 -0.017459 0.945799 -0.324282 0.080600 0.033013 0.324700 0.945241 0.009800 0.000000 0.000000 0.000000 1.000000
0.999312 0.001664 -0.037043 0.000000 -0.013480 0.946944 -0.321117 0.080600 0.034543 0.321395 0.946315 0.009800 0.000000 0.000000 0.000000 1.000000
0.999266 -0.001840 -0.038264 0.000000 -0.010482 0.947594 -0.319306 0.080600 0.036846 0.319473 0.946879 0.009800 0.000000 0.000000 0.000000 1.000000
0.999220 -0.004874 -0.039187 -0.000000 -0.007868 0.947882 -0.318523 0.080600 0.038697 0.318583 0.947105 0.009800 0.000000 0.000000 0.000000 1.000000
0.999261 -0.007688 -0.037650 -0.000000 -0.004647 0.948416 -0.316993 0.080600 0.038145 0.316934 0.947680 0.009800 0.000000 0.000000 0.000000 1.000000
0.999346 -0.010401 -0.034624 -0.000000 -0.000984 0.949538 -0.313651 0.080600 0.036139 0.313480 0.948907 0.009800 0.000000 0.000000 0.000000 1.000000
0.999453 -0.011141 -0.031125 0.000000 0.000916 0.950476 -0.310797 0.080600 0.033047 0.310598 0.949967 0.009800 0.000000 0.000000 0.000000 1.000000
0.999562 -0.010153 -0.027786 0.000000 0.001055 0.950904 -0.309485 0.080600 0.029564 0.309320 0.950498 0.009800 0.000000 0.000000 0.000000 1.000000
0.999651 -0.009057 -0.024825 -0.000000 0.000976 0.951447 -0.307810 0.080600 0.026407 0.307679 0.951124 0.009800 0.000000 0.000000 0.000000 1.000000
0.999732 -0.008179 -0.021672 0.000000 0.001165 0.952152 -0.305622 0.080600 0.023135 0.305515 0.951906 0.009800 0.000000 0.000000 0.000000 1.000000
0.999818 -0.007131 -0.017706 0.000000 0.001405 0.952568 -0.304321 0.080600 0.019036 0.304241 0.952405 0.009800 0.000000 0.000000 0.000000 1.000000
0.999894 -0.006194 -0.013173 0.000000 0.001899 0.952716 -0.303856 0.080600 0.014432 0.303798 0.952627 0.009800 0.000000 0.000000 0.000000 1.000000
0.999949 -0.005241 -0.008617 0.000000 0.002379 0.952856 -0.303414 0.080600 0.009801 0.303378 0.952820 0.009800 0.000000 0.000000 0.000000 1.000000
0.999988 -0.003365 -0.003676 0.000000 0.002093 0.952940 -0.303153 0.080600 0.004523 0.303142 0.952935 0.009800 0.000000 0.000000 0.000000 1.000000
0.999999 0.000152 0.001595 -0.000000 0.000338 0.952998 -0.302976 0.080600 -0.001566 0.302976 0.952997 0.009800 0.000000 0.000000 0.000000 1.000000
0.999972 0.004775 0.005769 0.000000 -0.002809 0.953275 -0.302092 0.080600 -0.006942 0.302067 0.953261 0.009800 0.000000 0.000000 0.000000 1.000000
0.999920 0.009144 0.008707 0.000000 -0.006096 0.953508 -0.301307 0.080600 -0.011057 0.301230 0.953487 0.009800 0.000000 0.000000 0.000000 1.000000
0.999855 0.012520 0.011505 0.000000 -0.008464 0.953319 -0.301845 0.080600 -0.014747 0.301704 0.953288 0.009800 0.000000 0.000000 0.000000 1.000000</float_array><technique_common><accessor source="#mixamorig_Spine-Matrix-animation-output-transform-array" count="69" stride="16"><param type="float4x4"/></accessor></technique_common></source><source id="mixamorig_Spine-Interpolations"><Name_array id="mixamorig_Spine-Interpolations-array" count="69">
 LINEAR LINEAR LINEAR LINEAR LINEAR LINEAR LINEAR LINEAR LINEAR LINEAR LINEAR
LINEAR LINEAR LINEAR LINEAR LINEAR LINEAR LINEAR LINEAR LINEAR LINEAR LINEAR LINEAR
LINEAR LINEAR LINEAR LINEAR LINEAR LINEAR LINEAR LINEAR LINEAR LINEAR LINEAR LINEAR
LINEAR LINEAR LINEAR LINEAR LINEAR LINEAR LINEAR LINEAR LINEAR LINEAR LINEAR LINEAR
LINEAR LINEAR LINEAR LINEAR LINEAR LINEAR LINEAR LINEAR LINEAR LINEAR LINEAR LINEAR
LINEAR LINEAR LINEAR LINEAR LINEAR LINEAR LINEAR LINEAR LINEAR LINEAR</Name_array><technique_common><accessor source="#mixamorig_Spine-Interpolations-array" count="69"><param type="name"/></accessor></technique_common></source><sampler id="mixamorig_Spine-Matrix-animation-transform"><input semantic="INPUT" source="#mixamorig_Spine-Matrix-animation-input"/><input semantic="OUTPUT" source="#mixamorig_Spine-Matrix-animation-output-transform"/><input semantic="INTERPOLATION" source="#mixamorig_Spine-Interpolations"/></sampler><channel source="#mixamorig_Spine-Matrix-animation-transform" target="mixamorig_Spine/matrix"/></animation>
    <animation id="mixamorig_Spine1-anim" name="mixamorig_Spine1"><source id="mixamorig_Spine1-Matrix-animation-input"><float_array id="mixamorig_Spine1-Matrix-animation-input-array" count="69">

0.000000 0.033333 0.066667 0.100000 0.133333 0.166667 0.200000 0.233333 0.266667 0.300000 0.333333 0.366667 0.400000 0.433333 0.466667 0.500000
0.533333 0.566667 0.600000 0.633333 0.666667 0.700000 0.733333 0.766667 0.800000 0.833333 0.866667 0.900000 0.933333 0.966667 1.000000 1.033333
1.066667 1.100000 1.133333 1.166667 1.200000 1.233333 1.266667 1.300000 1.333333 1.366667 1.400000 1.433333 1.466667 1.500000 1.533333 1.566667
1.600000 1.633333 1.666667 1.700000 1.733333 1.766667 1.800000 1.833333 1.866667 1.900000 1.933333 1.966667 2.000000 2.033333 2.066667 2.100000
2.133333 2.166667 2.200000 2.233333 2.266667</float_array><technique_common><accessor source="#mixamorig_Spine1-Matrix-animation-input-array" count="69"><param name="TIME" type="float"/></accessor></technique_common></source><source id="mixamorig_Spine1-Matrix-animation-output-transform"><float_array id="mixamorig_Spine1-Matrix-animation-output-transform-array" count="1104">

0.999960 0.006704 0.005959 0.000000 -0.005782 0.989687 -0.143130 0.094700 -0.006857 0.143090 0.989686 0.000000 0.000000 0.000000 0.000000 1.000000
0.999914 0.009579 0.009002 0.000000 -0.008190 0.989630 -0.143405 0.094700 -0.010283 0.143319 0.989623 -0.000000 0.000000 0.000000 0.000000 1.000000
0.999788 0.013921 0.015188 0.000000 -0.011596 0.989561 -0.143649 0.094700 -0.017030 0.143442 0.989512 -0.000000 0.000000 0.000000 0.000000 1.000000
0.999439 0.020587 0.026418 0.000000 -0.016590 0.989513 -0.143485 0.094700 -0.029095 0.142966 0.989300 0.000000 0.000000 0.000000 0.000000 1.000000
0.998660 0.029187 0.042737 0.000000 -0.022875 0.989690 -0.141388 0.094700 -0.046423 0.140221 0.989031 0.000000 0.000000 0.000000 0.000000 1.000000
0.997590 0.036844 0.058796 -0.000000 -0.028641 0.990470 -0.134716 0.094700 -0.063199 0.132708 0.989138 0.000000 0.000000 0.000000 0.000000 1.000000
0.996991 0.039661 0.066600 0.000000 -0.031079 0.991635 -0.125278 0.094700 -0.071011 0.122831 0.989884 0.000000 0.000000 0.000000 0.000000 1.000000
0.997266 0.035672 0.064722 -0.000000 -0.027819 0.992574 -0.118417 0.094700 -0.068466 0.116292 0.990852 0.000000 0.000000 0.000000 0.000000 1.000000
0.998489 0.023790 0.049541 -0.000000 -0.017978 0.993247 -0.114616 0.094700 -0.051933 0.113552 0.992174 0.000000 0.000000 0.000000 0.000000 1.000000
0.999879 0.004147 0.014966 0.000000 -0.002430 0.993591 -0.113006 0.094700 -0.015339 0.112956 0.993482 0.000000 0.000000 0.000000 0.000000 1.000000
0.999513 -0.017573 -0.025769 0.000000 0.014540 0.993429 -0.113525 0.094700 0.027595 0.113095 0.993201 0.000000 0.000000 0.000000 0.000000 1.000000
0.997528 -0.037192 -0.059627 -0.000000 0.030235 0.993065 -0.113614 0.094700 0.063439 0.111530 0.991734 0.000000 0.000000 0.000000 0.000000 1.000000
0.994434 -0.054629 -0.090096 0.000000 0.044842 0.993217 -0.107281 0.094700 0.095346 0.102644 0.990138 -0.000000 0.000000 0.000000 0.000000 1.000000
0.990745 -0.068043 -0.117449 0.000000 0.056936 0.993803 -0.095472 0.094700 0.123218 0.087901 0.988479 -0.000000 0.000000 0.000000 0.000000 1.000000
0.988364 -0.076811 -0.131289 0.000000 0.065768 0.994080 -0.086481 0.094700 0.137155 0.076841 0.987565 0.000000 0.000000 0.000000 0.000000 1.000000
0.987182 -0.082246 -0.136773 0.000000 0.071654 0.994164 -0.080646 0.094700 0.142608 0.069812 0.987314 -0.000000 0.000000 0.000000 0.000000 1.000000
0.986389 -0.082860 -0.142025 0.000000 0.072771 0.994538 -0.074825 0.094700 0.147449 0.063471 0.987031 0.000000 0.000000 0.000000 0.000000 1.000000
0.986248 -0.079290 -0.145010 0.000000 0.070105 0.995260 -0.067399 0.094700 0.149667 0.056307 0.987132 0.000000 0.000000 0.000000 0.000000 1.000000
0.987500 -0.070558 -0.140948 0.000000 0.062908 0.996332 -0.058017 0.094700 0.144524 0.048425 0.988316 -0.000000 0.000000 0.000000 0.000000 1.000000
0.990005 -0.052373 -0.130946 -0.000000 0.046451 0.997772 -0.047885 0.094700 0.133162 0.041324 0.990232 0.000000 0.000000 0.000000 0.000000 1.000000
0.993278 -0.024437 -0.113145 0.000000 0.019937 0.998971 -0.040738 0.094700 0.114024 0.038209 0.992743 0.000000 0.000000 0.000000 0.000000 1.000000
0.996699 0.006102 -0.080950 -0.000000 -0.009482 0.999096 -0.041435 0.094700 0.080624 0.042066 0.995856 0.000000 0.000000 0.000000 0.000000 1.000000
0.998988 0.032063 -0.031531 0.000000 -0.033637 0.998146 -0.050731 0.094700 0.029846 0.051740 0.998214 0.000000 0.000000 0.000000 0.000000 1.000000
0.998525 0.045021 0.030335 0.000000 -0.043006 0.997018 -0.064080 0.094700 -0.033130 0.062681 0.997484 0.000000 0.000000 0.000000 0.000000 1.000000
0.995194 0.035946 0.091091 -0.000000 -0.028841 0.996524 -0.078151 0.094700 -0.093583 0.075148 0.992771 0.000000 0.000000 0.000000 0.000000 1.000000
0.990363 0.016468 0.137515 0.000000 -0.004104 0.995959 -0.089717 0.094700 -0.138437 0.088288 0.986428 0.000000 0.000000 0.000000 0.000000 1.000000
0.986011 0.015768 0.165932 -0.000000 0.000226 0.995388 -0.095933 0.094700 -0.166679 0.094628 0.981460 0.000000 0.000000 0.000000 0.000000 1.000000
0.983021 0.031635 0.180744 0.000000 -0.012302 0.994172 -0.107098 0.094700 -0.183078 0.103056 0.977682 -0.000000 0.000000 0.000000 0.000000 1.000000
0.980409 0.038887 0.193096 0.000000 -0.012834 0.990847 -0.134381 0.094700 -0.196555 0.129270 0.971934 -0.000000 0.000000 0.000000 0.000000 1.000000
0.977584 0.035452 0.207538 0.000000 -0.000140 0.985830 -0.167745 0.094700 -0.210544 0.163956 0.963737 0.000000 0.000000 0.000000 0.000000 1.000000
0.976060 0.033837 0.214852 0.000000 0.008205 0.981393 -0.191836 0.094700 -0.217345 0.189007 0.957621 0.000000 0.000000 0.000000 0.000000 1.000000
0.977448 0.035458 0.208179 0.000000 0.008329 0.978563 -0.205777 0.094700 -0.211013 0.202870 0.956199 0.000000 0.000000 0.000000 0.000000 1.000000
0.980941 0.038973 0.190357 0.000000 0.002954 0.976574 -0.215164 0.094700 -0.194283 0.211625 0.957846 0.000000 0.000000 0.000000 0.000000 1.000000
0.985359 0.044635 0.164543 0.000000 -0.006817 0.974663 -0.223572 0.094700 -0.170353 0.219177 0.960698 0.000000 0.000000 0.000000 0.000000 1.000000
0.989810 0.048658 0.133826 0.000000 -0.016458 0.972600 -0.231900 0.094700 -0.141443 0.227335 0.963490 0.000000 0.000000 0.000000 0.000000 1.000000
0.993537 0.047504 0.103092 0.000000 -0.021811 0.971189 -0.237311 0.094700 -0.111395 0.233529 0.965948 0.000000 0.000000 0.000000 0.000000 1.000000
0.996268 0.042719 0.075007 0.000000 -0.023666 0.970834 -0.238583 0.094700 -0.083012 0.235917 0.968221 -0.000000 0.000000 0.000000 0.000000 1.000000
0.997994 0.038018 0.050615 -0.000000 -0.024990 0.971243 -0.236774 0.094700 -0.058161 0.235034 0.970245 0.000000 0.000000 0.000000 0.000000 1.000000
0.998896 0.034736 0.031637 0.000000 -0.026483 0.972458 -0.231569 0.094700 -0.038810 0.230475 0.972304 0.000000 0.000000 0.000000 0.000000 1.000000
0.999310 0.032974 0.017121 -0.000000 -0.028308 0.974181 -0.223986 0.094700 -0.024064 0.223347 0.974442 0.000000 0.000000 0.000000 0.000000 1.000000
0.999458 0.032493 0.005340 0.000000 -0.030575 0.975946 -0.215859 0.094700 -0.012226 0.215579 0.976410 0.000000 0.000000 0.000000 0.000000 1.000000
0.999497 0.031575 -0.002998 -0.000000 -0.031506 0.977554 -0.208316 0.094700 -0.003646 0.208306 0.978057 -0.000000 0.000000 0.000000 0.000000 1.000000
0.999533 0.029156 -0.009141 0.000000 -0.030404 0.978817 -0.202465 0.094700 0.003044 0.202649 0.979247 0.000000 0.000000 0.000000 0.000000 1.000000
0.999559 0.025572 -0.015125 0.000000 -0.028073 0.979576 -0.199104 0.094700 0.009725 0.199440 0.979862 0.000000 0.000000 0.000000 0.000000 1.000000
0.999564 0.021280 -0.020478 0.000000 -0.024895 0.980172 -0.196578 0.094700 0.015889 0.197002 0.980274 0.000000 0.000000 0.000000 0.000000 1.000000
0.999548 0.017934 -0.024125 0.000000 -0.022256 0.980975 -0.192855 0.094700 0.020207 0.193305 0.980931 0.000000 0.000000 0.000000 0.000000 1.000000
0.999501 0.016412 -0.027002 -0.000000 -0.021208 0.981901 -0.188203 0.094700 0.023425 0.188682 0.981759 0.000000 0.000000 0.000000 0.000000 1.000000
0.999444 0.015652 -0.029442 0.000000 -0.020809 0.982713 -0.183963 0.094700 0.026054 0.184474 0.982492 0.000000 0.000000 0.000000 0.000000 1.000000
0.999437 0.014136 -0.030443 -0.000000 -0.019402 0.983416 -0.180326 0.094700 0.027389 0.180815 0.983136 -0.000000 0.000000 0.000000 0.000000 1.000000
0.999483 0.010579 -0.030357 -0.000000 -0.015769 0.984231 -0.176185 0.094700 0.028015 0.176573 0.983889 -0.000000 0.000000 0.000000 0.000000 1.000000
0.999528 0.005702 -0.030198 0.000000 -0.010796 0.985156 -0.171322 0.094700 0.028773 0.171567 0.984752 0.000000 0.000000 0.000000 0.000000 1.000000
0.999544 0.001635 -0.030163 -0.000000 -0.006661 0.985886 -0.167286 0.094700 0.029463 0.167411 0.985447 0.000000 0.000000 0.000000 0.000000 1.000000
0.999538 -0.001191 -0.030386 -0.000000 -0.003830 0.986346 -0.164644 0.094700 0.030167 0.164684 0.985885 0.000000 0.000000 0.000000 0.000000 1.000000
0.999502 -0.003546 -0.031349 0.000000 -0.001615 0.986613 -0.163071 0.094700 0.031508 0.163041 0.986116 0.000000 0.000000 0.000000 0.000000 1.000000
0.999469 -0.005584 -0.032088 0.000000 0.000305 0.986753 -0.162229 0.094700 0.032568 0.162133 0.986231 -0.000000 0.000000 0.000000 0.000000 1.000000
0.999491 -0.007733 -0.030942 0.000000 0.002663 0.987008 -0.160649 0.094700 0.031783 0.160485 0.986526 0.000000 0.000000 0.000000 0.000000 1.000000
0.999538 -0.010045 -0.028681 0.000000 0.005404 0.987502 -0.157511 0.094700 0.029905 0.157283 0.987101 0.000000 0.000000 0.000000 0.000000 1.000000
0.999602 -0.010746 -0.026095 0.000000 0.006584 0.987949 -0.154639 0.094700 0.027442 0.154406 0.987626 0.000000 0.000000 0.000000 0.000000 1.000000
0.999670 -0.009797 -0.023742 0.000000 0.006050 0.988201 -0.153041 0.094700 0.024962 0.152847 0.987935 0.000000 0.000000 0.000000 0.000000 1.000000
0.999725 -0.008577 -0.021822 -0.000000 0.005179 0.988480 -0.151264 0.094700 0.022868 0.151109 0.988252 -0.000000 0.000000 0.000000 0.000000 1.000000
0.999776 -0.007533 -0.019793 -0.000000 0.004498 0.988804 -0.149150 0.094700 0.020695 0.149028 0.988616 0.000000 0.000000 0.000000 0.000000 1.000000
0.999834 -0.006486 -0.017047 0.000000 0.003897 0.989018 -0.147747 0.094700 0.017818 0.147656 0.988878 0.000000 0.000000 0.000000 0.000000 1.000000
0.999889 -0.005596 -0.013817 -0.000000 0.003505 0.989136 -0.146959 0.094700 0.014489 0.146894 0.989046 -0.000000 0.000000 0.000000 0.000000 1.000000
0.999933 -0.004654 -0.010608 0.000000 0.003054 0.989261 -0.146130 0.094700 0.011174 0.146088 0.989209 0.000000 0.000000 0.000000 0.000000 1.000000
0.999971 -0.003107 -0.006999 0.000000 0.002056 0.989369 -0.145413 0.094700 0.007377 0.145394 0.989346 -0.000000 0.000000 0.000000 0.000000 1.000000
0.999996 -0.000809 -0.002744 -0.000000 0.000403 0.989463 -0.144787 0.094700 0.002832 0.144785 0.989459 0.000000 0.000000 0.000000 0.000000 1.000000
0.999998 0.001953 0.000924 0.000000 -0.001800 0.989625 -0.143662 0.094700 -0.001195 0.143660 0.989626 -0.000000 0.000000 0.000000 0.000000 1.000000
0.999983 0.004583 0.003594 0.000000 -0.004023 0.989745 -0.142789 0.094700 -0.004212 0.142772 0.989747 0.000000 0.000000 0.000000 0.000000 1.000000
0.999960 0.006716 0.005965 -0.000000 -0.005794 0.989687 -0.143127 0.094700 -0.006865 0.143087 0.989686 0.000000 0.000000 0.000000 0.000000 1.000000</float_array><technique_common><accessor source="#mixamorig_Spine1-Matrix-animation-output-transform-array" count="69" stride="16"><param type="float4x4"/></accessor></technique_common></source><source id="mixamorig_Spine1-Interpolations"><Name_array id="mixamorig_Spine1-Interpolations-array" count="69">
 LINEAR LINEAR LINEAR LINEAR LINEAR LINEAR LINEAR LINEAR LINEAR LINEAR LINEAR
LINEAR LINEAR LINEAR LINEAR LINEAR LINEAR LINEAR LINEAR LINEAR LINEAR LINEAR LINEAR
LINEAR LINEAR LINEAR LINEAR LINEAR LINEAR LINEAR LINEAR LINEAR LINEAR LINEAR LINEAR
LINEAR LINEAR LINEAR LINEAR LINEAR LINEAR LINEAR LINEAR LINEAR LINEAR LINEAR LINEAR
LINEAR LINEAR LINEAR LINEAR LINEAR LINEAR LINEAR LINEAR LINEAR LINEAR LINEAR LINEAR
LINEAR LINEAR LINEAR LINEAR LINEAR LINEAR LINEAR LINEAR LINEAR LINEAR</Name_array><technique_common><accessor source="#mixamorig_Spine1-Interpolations-array" count="69"><param type="name"/></accessor></technique_common></source><sampler id="mixamorig_Spine1-Matrix-animation-transform"><input semantic="INPUT" source="#mixamorig_Spine1-Matrix-animation-input"/><input semantic="OUTPUT" source="#mixamorig_Spine1-Matrix-animation-output-transform"/><input semantic="INTERPOLATION" source="#mixamorig_Spine1-Interpolations"/></sampler><channel source="#mixamorig_Spine1-Matrix-animation-transform" target="mixamorig_Spine1/matrix"/></animation>
    <animation id="mixamorig_Spine2-anim" name="mixamorig_Spine2"><source id="mixamorig_Spine2-Matrix-animation-input"><float_array id="mixamorig_Spine2-Matrix-animation-input-array" count="69">

0.000000 0.033333 0.066667 0.100000 0.133333 0.166667 0.200000 0.233333 0.266667 0.300000 0.333333 0.366667 0.400000 0.433333 0.466667 0.500000
0.533333 0.566667 0.600000 0.633333 0.666667 0.700000 0.733333 0.766667 0.800000 0.833333 0.866667 0.900000 0.933333 0.966667 1.000000 1.033333
1.066667 1.100000 1.133333 1.166667 1.200000 1.233333 1.266667 1.300000 1.333333 1.366667 1.400000 1.433333 1.466667 1.500000 1.533333 1.566667
1.600000 1.633333 1.666667 1.700000 1.733333 1.766667 1.800000 1.833333 1.866667 1.900000 1.933333 1.966667 2.000000 2.033333 2.066667 2.100000
2.133333 2.166667 2.200000 2.233333 2.266667</float_array><technique_common><accessor source="#mixamorig_Spine2-Matrix-animation-input-array" count="69"><param name="TIME" type="float"/></accessor></technique_common></source><source id="mixamorig_Spine2-Matrix-animation-output-transform"><float_array id="mixamorig_Spine2-Matrix-animation-output-transform-array" count="1104">

0.999944 0.007337 0.007594 -0.000000 -0.006176 0.989704 -0.142993 0.108300 -0.008565 0.142938 0.989695 0.000000 0.000000 0.000000 0.000000 1.000000
0.999892 0.010241 0.010524 0.000000 -0.008629 0.989652 -0.143229 0.108300 -0.011882 0.143123 0.989634 0.000000 0.000000 0.000000 0.000000 1.000000
