<?xml version="1.0" encoding="utf-8"?>
<COLLADA xmlns="http://www.collada.org/2005/11/COLLADASchema" version="1.4.1">
  <asset><contributor><author>Mixamo</author><authoring_tool>COLLADA Mixamo exporter</authoring_tool><comments></comments></contributor><created>2020-06-05T17:06:45Z</created><modified>2020-06-05T17:06:45Z</modified><revision></revision><title></title><unit meter="0.010000"/><up_axis>Y_UP</up_axis></asset>
  <library_animations>
    <animation id="mixamorig_Hips-anim" name="mixamorig_Hips"><source id="mixamorig_Hips-Matrix-animation-input"><float_array id="mixamorig_Hips-Matrix-animation-input-array" count="63">

0.000000 0.033333 0.066667 0.100000 0.133333 0.166667 0.200000 0.233333 0.266667 0.300000 0.333333 0.366667 0.400000 0.433333 0.466667 0.500000
0.533333 0.566667 0.600000 0.633333 0.666667 0.700000 0.733333 0.766667 0.800000 0.833333 0.866667 0.900000 0.933333 0.966667 1.000000 1.033333
1.066667 1.100000 1.133333 1.166667 1.200000 1.233333 1.266667 1.300000 1.333333 1.366667 1.400000 1.433333 1.466667 1.500000 1.533333 1.566667
1.600000 1.633333 1.666667 1.700000 1.733333 1.766667 1.800000 1.833333 1.866667 1.900000 1.933333 1.966667 2.000000 2.033333 2.066667</float_array><technique_common><accessor source="#mixamorig_Hips-Matrix-animation-input-array" count="63"><param name="TIME" type="float"/></accessor></technique_common></source><source id="mixamorig_Hips-Matrix-animation-output-transform"><float_array id="mixamorig_Hips-Matrix-animation-output-transform-array" count="1008">

0.940659 -0.031417 -0.337895 0.006307 -0.044364 0.975775 -0.214230 0.566877 0.336440 0.216508 0.916478 -0.006765 0.000000 0.000000 0.000000 1.000000
0.938729 -0.027757 -0.343536 0.006814 -0.048010 0.976503 -0.210087 0.567844 0.341296 0.213708 0.915339 -0.005877 0.000000 0.000000 0.000000 1.000000
0.936668 -0.024143 -0.349386 0.007504 -0.051547 0.977252 -0.205720 0.568637 0.346405 0.210701 0.914116 -0.004847 0.000000 0.000000 0.000000 1.000000
0.934365 -0.020790 -0.355712 0.008735 -0.054852 0.978004 -0.201243 0.569076 0.352071 0.207546 0.912672 -0.003410 0.000000 0.000000 0.000000 1.000000
0.932571 -0.017739 -0.360550 0.010318 -0.057623 0.978669 -0.197194 0.569279 0.356357 0.204674 0.911657 -0.002031 0.000000 0.000000 0.000000 1.000000
0.933091 -0.012486 -0.359425 0.012191 -0.061426 0.979179 -0.193480 0.569462 0.354357 0.202613 0.912896 -0.001695 0.000000 0.000000 0.000000 1.000000
0.935333 -0.006399 -0.353710 0.013041 -0.064626 0.979921 -0.188623 0.569521 0.347815 0.199284 0.916139 -0.001575 0.000000 0.000000 0.000000 1.000000
0.941060 0.003245 -0.338224 0.011858 -0.063545 0.983845 -0.167365 0.570199 0.332217 0.178993 0.926063 -0.000717 0.000000 0.000000 0.000000 1.000000
0.950631 0.016017 -0.309909 0.008606 -0.054925 0.991585 -0.117232 0.572639 0.305423 0.128466 0.943511 0.002325 0.000000 0.000000 0.000000 1.000000
0.962253 0.031125 -0.270370 0.004555 -0.043234 0.998305 -0.038948 0.577174 0.268700 0.049167 0.961968 0.008900 0.000000 0.000000 0.000000 1.000000
0.973469 0.042953 -0.224753 -0.000135 -0.033235 0.998349 0.046847 0.582808 0.226395 -0.038135 0.973289 0.017845 0.000000 0.000000 0.000000 1.000000
0.981784 0.047307 -0.184018 -0.005116 -0.026159 0.992940 0.115697 0.586374 0.188192 -0.108775 0.976090 0.026310 0.000000 0.000000 0.000000 1.000000
0.986303 0.046539 -0.158243 -0.008862 -0.021305 0.987278 0.157570 0.585462 0.163563 -0.152041 0.974746 0.032192 0.000000 0.000000 0.000000 1.000000
0.988512 0.043729 -0.144675 -0.011269 -0.018013 0.984493 0.174498 0.581597 0.150062 -0.169888 0.973971 0.034991 0.000000 0.000000 0.000000 1.000000
0.990354 0.039177 -0.132908 -0.013408 -0.014837 0.983666 0.179391 0.576895 0.137765 -0.175689 0.974759 0.035729 0.000000 0.000000 0.000000 1.000000
0.992555 0.032018 -0.117515 -0.016189 -0.009990 0.982979 0.183445 0.572502 0.121388 -0.180905 0.975981 0.034961 0.000000 0.000000 0.000000 1.000000
0.994663 0.022480 -0.100701 -0.019344 -0.003499 0.982765 0.184828 0.568003 0.103120 -0.183489 0.977598 0.032894 0.000000 0.000000 0.000000 1.000000
0.995882 0.012360 -0.089813 -0.021961 0.004063 0.983582 0.180418 0.562517 0.090568 -0.180040 0.979481 0.030043 0.000000 0.000000 0.000000 1.000000
0.995828 0.001750 -0.091233 -0.023830 0.013962 0.985121 0.171295 0.555410 0.090175 -0.171854 0.980986 0.026730 0.000000 0.000000 0.000000 1.000000
0.994495 -0.008974 -0.104403 -0.024498 0.025614 0.986921 0.159158 0.548048 0.101609 -0.160956 0.981717 0.023145 0.000000 0.000000 0.000000 1.000000
0.992302 -0.017455 -0.122606 -0.023580 0.035387 0.988704 0.145645 0.542465 0.118679 -0.148863 0.981710 0.020350 0.000000 0.000000 0.000000 1.000000
0.989764 -0.026648 -0.140207 -0.022609 0.044923 0.990647 0.128844 0.537955 0.135462 -0.133823 0.981703 0.016961 0.000000 0.000000 0.000000 1.000000
0.987843 -0.034121 -0.151663 -0.021845 0.051017 0.992737 0.108951 0.534517 0.146844 -0.115364 0.982409 0.013053 0.000000 0.000000 0.000000 1.000000
0.986833 -0.039223 -0.156915 -0.021414 0.053370 0.994779 0.086987 0.532341 0.152684 -0.094216 0.983774 0.008772 0.000000 0.000000 0.000000 1.000000
0.986519 -0.042449 -0.158047 -0.021348 0.053293 0.996460 0.065013 0.531626 0.154728 -0.072560 0.985289 0.004281 0.000000 0.000000 0.000000 1.000000
0.986554 -0.043318 -0.157593 -0.021448 0.051097 0.997650 0.045644 0.532433 0.155245 -0.053083 0.986449 -0.000174 0.000000 0.000000 0.000000 1.000000
0.986448 -0.040783 -0.158922 -0.021277 0.046045 0.998502 0.029570 0.534201 0.157478 -0.036487 0.986848 -0.004264 0.000000 0.000000 0.000000 1.000000
0.985576 -0.035958 -0.165366 -0.020601 0.038786 0.999151 0.013899 0.536485 0.164726 -0.020112 0.986134 -0.007869 0.000000 0.000000 0.000000 1.000000
0.983440 -0.032084 -0.178370 -0.019721 0.031552 0.999485 -0.005822 0.539006 0.178465 0.000097 0.983946 -0.011126 0.000000 0.000000 0.000000 1.000000
0.980242 -0.031122 -0.195338 -0.019085 0.025623 0.999203 -0.030615 0.541917 0.196135 0.025005 0.980258 -0.014208 0.000000 0.000000 0.000000 1.000000
0.976885 -0.031826 -0.211381 -0.018644 0.020009 0.998127 -0.057811 0.544995 0.212825 0.052245 0.975692 -0.017070 0.000000 0.000000 0.000000 1.000000
0.974195 -0.032080 -0.223417 -0.018150 0.013780 0.996455 -0.082990 0.547555 0.225287 0.077770 0.971184 -0.019541 0.000000 0.000000 0.000000 1.000000
0.972207 -0.031316 -0.232018 -0.017680 0.007592 0.994709 -0.102447 0.549339 0.233999 0.097839 0.967302 -0.021681 0.000000 0.000000 0.000000 1.000000
0.970519 -0.029991 -0.239150 -0.017420 0.001998 0.993195 -0.116446 0.550614 0.241015 0.112536 0.963975 -0.023665 0.000000 0.000000 0.000000 1.000000
0.968792 -0.029062 -0.246165 -0.017506 -0.002997 0.991657 -0.128872 0.551921 0.247856 0.125589 0.960622 -0.025541 0.000000 0.000000 0.000000 1.000000
0.966996 -0.029265 -0.253105 -0.017962 -0.007472 0.989697 -0.142979 0.553509 0.254682 0.140151 0.956815 -0.027222 0.000000 0.000000 0.000000 1.000000
0.965494 -0.030195 -0.258670 -0.018588 -0.011577 0.987298 -0.158459 0.555059 0.260169 0.155986 0.952880 -0.028623 0.000000 0.000000 0.000000 1.000000
0.964652 -0.030873 -0.261714 -0.019098 -0.015330 0.984858 -0.172682 0.556163 0.263082 0.170590 0.949572 -0.029683 0.000000 0.000000 0.000000 1.000000
0.964222 -0.031248 -0.263249 -0.019423 -0.018148 0.982918 -0.183145 0.556851 0.264476 0.181370 0.947184 -0.030400 0.000000 0.000000 0.000000 1.000000
0.963588 -0.031714 -0.265503 -0.019534 -0.019832 0.981730 -0.189242 0.557407 0.266653 0.187616 0.945355 -0.030763 0.000000 0.000000 0.000000 1.000000
0.962515 -0.032192 -0.269311 -0.019312 -0.021001 0.981105 -0.192332 0.558037 0.270414 0.190778 0.943652 -0.030715 0.000000 0.000000 0.000000 1.000000
0.961359 -0.032427 -0.273381 -0.018884 -0.022206 0.980669 -0.194410 0.558680 0.274401 0.192968 0.942055 -0.030299 0.000000 0.000000 0.000000 1.000000
0.960552 -0.032274 -0.276221 -0.018559 -0.023627 0.980182 -0.196685 0.559090 0.277094 0.195453 0.940753 -0.029616 0.000000 0.000000 0.000000 1.000000
0.960120 -0.032028 -0.277747 -0.018345 -0.025159 0.979490 -0.199918 0.559209 0.278453 0.198933 0.939622 -0.028702 0.000000 0.000000 0.000000 1.000000
0.959643 -0.032503 -0.279335 -0.017937 -0.026099 0.978718 -0.203545 0.559195 0.280006 0.202621 0.938372 -0.027585 0.000000 0.000000 0.000000 1.000000
0.958878 -0.034065 -0.281766 -0.017081 -0.025905 0.978122 -0.206412 0.559150 0.282633 0.205223 0.937018 -0.026304 0.000000 0.000000 0.000000 1.000000
0.958131 -0.036218 -0.284031 -0.015783 -0.024983 0.977610 -0.208938 0.559070 0.285239 0.207286 0.935773 -0.024853 0.000000 0.000000 0.000000 1.000000
0.957610 -0.038451 -0.285489 -0.014201 -0.023973 0.976977 -0.211994 0.558955 0.287068 0.209852 0.934641 -0.023265 0.000000 0.000000 0.000000 1.000000
0.956930 -0.040777 -0.287440 -0.012467 -0.023094 0.976257 -0.215379 0.558814 0.289398 0.212741 0.933268 -0.021648 0.000000 0.000000 0.000000 1.000000
0.955591 -0.043455 -0.291473 -0.010717 -0.022328 0.975549 -0.218643 0.558714 0.293848 0.215441 0.931256 -0.020170 0.000000 0.000000 0.000000 1.000000
0.953656 -0.046212 -0.297329 -0.008962 -0.021849 0.974893 -0.221598 0.558711 0.300104 0.217825 0.928703 -0.018848 0.000000 0.000000 0.000000 1.000000
0.951599 -0.048659 -0.303466 -0.007257 -0.021558 0.974388 -0.223839 0.558876 0.306585 0.219547 0.926178 -0.017618 0.000000 0.000000 0.000000 1.000000
0.949695 -0.050617 -0.309059 -0.005657 -0.021396 0.974060 -0.225277 0.559071 0.312444 0.220557 0.923977 -0.016484 0.000000 0.000000 0.000000 1.000000
0.948176 -0.051739 -0.313504 -0.004072 -0.021791 0.973742 -0.226608 0.558986 0.316997 0.221695 0.922152 -0.015453 0.000000 0.000000 0.000000 1.000000
0.947273 -0.051751 -0.316220 -0.002466 -0.022853 0.973447 -0.227769 0.558834 0.319611 0.222986 0.920938 -0.014501 0.000000 0.000000 0.000000 1.000000
0.946948 -0.050920 -0.317327 -0.000989 -0.024015 0.973397 -0.227861 0.558978 0.320488 0.223393 0.920534 -0.013689 0.000000 0.000000 0.000000 1.000000
0.947198 -0.049201 -0.316851 0.000189 -0.025106 0.973744 -0.226257 0.559680 0.319664 0.222265 0.921094 -0.013192 0.000000 0.000000 0.000000 1.000000
0.947740 -0.046433 -0.315646 0.001208 -0.026744 0.974308 -0.223627 0.560730 0.317920 0.220382 0.922149 -0.012893 0.000000 0.000000 0.000000 1.000000
0.948012 -0.042605 -0.315369 0.002169 -0.029536 0.974940 -0.220498 0.562020 0.316860 0.218350 0.922997 -0.012533 0.000000 0.000000 0.000000 1.000000
0.947245 -0.039079 -0.318120 0.003055 -0.033024 0.975357 -0.218148 0.563290 0.318805 0.217145 0.922611 -0.011554 0.000000 0.000000 0.000000 1.000000
0.945620 -0.036098 -0.323266 0.004053 -0.036742 0.975608 -0.216421 0.564516 0.323193 0.216530 0.921228 -0.010182 0.000000 0.000000 0.000000 1.000000
0.943306 -0.033630 -0.330216 0.005170 -0.040571 0.975712 -0.215266 0.565707 0.329435 0.216458 0.919031 -0.008522 0.000000 0.000000 0.000000 1.000000
0.940659 -0.031417 -0.337895 0.006307 -0.044364 0.975775 -0.214230 0.566877 0.336440 0.216508 0.916478 -0.006765 0.000000 0.000000 0.000000 1.000000</float_array><technique_common><accessor source="#mixamorig_Hips-Matrix-animation-output-transform-array" count="63" stride="16"><param type="float4x4"/></accessor></technique_common></source><source id="mixamorig_Hips-Interpolations"><Name_array id="mixamorig_Hips-Interpolations-array" count="63">
 LINEAR LINEAR LINEAR LINEAR LINEAR LINEAR LINEAR LINEAR LINEAR LINEAR LINEAR
LINEAR LINEAR LINEAR LINEAR LINEAR LINEAR LINEAR LINEAR LINEAR LINEAR LINEAR LINEAR
LINEAR LINEAR LINEAR LINEAR LINEAR LINEAR LINEAR LINEAR LINEAR LINEAR LINEAR LINEAR
LINEAR LINEAR LINEAR LINEAR LINEAR LINEAR LINEAR LINEAR LINEAR LINEAR LINEAR LINEAR
LINEAR LINEAR LINEAR LINEAR LINEAR LINEAR LINEAR LINEAR LINEAR LINEAR LINEAR LINEAR
LINEAR LINEAR LINEAR LINEAR</Name_array><technique_common><accessor source="#mixamorig_Hips-Interpolations-array" count="63"><param type="name"/></accessor></technique_common></source><sampler id="mixamorig_Hips-Matrix-animation-transform"><input semantic="INPUT" source="#mixamorig_Hips-Matrix-animation-input"/><input semantic="OUTPUT" source="#mixamorig_Hips-Matrix-animation-output-transform"/><input semantic="INTERPOLATION" source="#mixamorig_Hips-Interpolations"/></sampler><channel source="#mixamorig_Hips-Matrix-animation-transform" target="mixamorig_Hips/matrix"/></animation>
    <animation id="mixamorig_Spine-anim" name="mixamorig_Spine"><source id="mixamorig_Spine-Matrix-animation-input"><float_array id="mixamorig_Spine-Matrix-animation-input-array" count="63">

0.000000 0.033333 0.066667 0.100000 0.133333 0.166667 0.200000 0.233333 0.266667 0.300000 0.333333 0.366667 0.400000 0.433333 0.466667 0.500000
0.533333 0.566667 0.600000 0.633333 0.666667 0.700000 0.733333 0.766667 0.800000 0.833333 0.866667 0.900000 0.933333 0.966667 1.000000 1.033333
1.066667 1.100000 1.133333 1.166667 1.200000 1.233333 1.266667 1.300000 1.333333 1.366667 1.400000 1.433333 1.466667 1.500000 1.533333 1.566667
1.600000 1.633333 1.666667 1.700000 1.733333 1.766667 1.800000 1.833333 1.866667 1.900000 1.933333 1.966667 2.000000 2.033333 2.066667</float_array><technique_common><accessor source="#mixamorig_Spine-Matrix-animation-input-array" count="63"><param name="TIME" type="float"/></accessor></technique_common></source><source id="mixamorig_Spine-Matrix-animation-output-transform"><float_array id="mixamorig_Spine-Matrix-animation-output-transform-array" count="1008">

0.999915 0.009933 0.008416 -0.000000 -0.006893 0.952337 -0.304969 0.080600 -0.011044 0.304885 0.952325 0.009800 0.000000 0.000000 0.000000 1.000000
0.999912 0.011415 0.006798 0.000000 -0.008812 0.952759 -0.303600 0.080600 -0.009943 0.303514 0.952775 0.009800 0.000000 0.000000 0.000000 1.000000
0.999923 0.011525 0.004553 0.000000 -0.009617 0.953470 -0.301333 0.080600 -0.007814 0.301266 0.953508 0.009800 0.000000 0.000000 0.000000 1.000000
0.999948 0.010074 0.001334 0.000000 -0.009215 0.954252 -0.298862 0.080600 -0.004283 0.298835 0.954295 0.009800 0.000000 0.000000 0.000000 1.000000
0.999965 0.007336 -0.003945 -0.000000 -0.008177 0.954702 -0.297450 0.080600 0.001584 0.297472 0.954729 0.009800 0.000000 0.000000 0.000000 1.000000
0.999920 0.003298 -0.012227 0.000000 -0.006798 0.954382 -0.298511 0.080600 0.010685 0.298570 0.954328 0.009800 0.000000 0.000000 0.000000 1.000000
0.999775 0.001947 -0.021139 -0.000000 -0.008177 0.954273 -0.298824 0.080600 0.019590 0.298930 0.954074 0.009800 0.000000 0.000000 0.000000 1.000000
0.999587 0.002707 -0.028605 -0.000000 -0.011003 0.955726 -0.294054 0.080600 0.026542 0.294247 0.955361 0.009800 0.000000 0.000000 0.000000 1.000000
0.999488 0.002144 -0.031915 -0.000000 -0.011020 0.959753 -0.280631 0.080600 0.030029 0.280839 0.959285 0.009800 0.000000 0.000000 0.000000 1.000000
0.999626 -0.003664 -0.027098 0.000000 -0.003448 0.966183 -0.257834 0.080600 0.027126 0.257831 0.965809 0.009800 0.000000 0.000000 0.000000 1.000000
0.999794 -0.014056 -0.014659 -0.000000 0.010329 0.973393 -0.228910 0.080600 0.017487 0.228711 0.973337 0.009800 0.000000 0.000000 0.000000 1.000000
0.999708 -0.024013 0.002867 0.000000 0.024104 0.979821 -0.198417 0.080600 0.001956 0.198429 0.980113 0.009800 0.000000 0.000000 0.000000 1.000000
0.999255 -0.031245 0.022641 0.000000 0.034652 0.984775 -0.170345 0.080600 -0.016974 0.171003 0.985124 0.009800 0.000000 0.000000 0.000000 1.000000
0.998541 -0.034926 0.041174 0.000000 0.040657 0.988188 -0.147758 0.080600 -0.035527 0.149216 0.988166 0.009800 0.000000 0.000000 0.000000 1.000000
0.997848 -0.036023 0.054791 0.000000 0.043029 0.990235 -0.132604 0.080600 -0.049479 0.134676 0.989654 0.009800 0.000000 0.000000 0.000000 1.000000
0.997478 -0.035882 0.061230 0.000000 0.043288 0.991304 -0.124268 0.080600 -0.056239 0.126605 0.990358 0.009800 0.000000 0.000000 0.000000 1.000000
0.997483 -0.035660 0.061285 0.000000 0.042850 0.991810 -0.120320 0.080600 -0.056492 0.122644 0.990842 0.009800 0.000000 0.000000 0.000000 1.000000
0.997635 -0.036646 0.058148 -0.000000 0.043360 0.991977 -0.118754 0.080600 -0.053330 0.120995 0.991220 0.009800 0.000000 0.000000 0.000000 1.000000
0.997706 -0.038345 0.055798 0.000000 0.044776 0.991886 -0.118981 0.080600 -0.050783 0.121206 0.991328 0.009800 0.000000 0.000000 0.000000 1.000000
0.997594 -0.041033 0.055875 -0.000000 0.047587 0.991447 -0.121529 0.080600 -0.050410 0.123895 0.991014 0.009800 0.000000 0.000000 0.000000 1.000000
0.997348 -0.044397 0.057673 -0.000000 0.051392 0.990686 -0.126094 0.080600 -0.051538 0.128723 0.990340 0.009800 0.000000 0.000000 0.000000 1.000000
0.997070 -0.046983 0.060370 -0.000000 0.054677 0.989625 -0.132861 0.080600 -0.053502 0.135772 0.989294 0.009800 0.000000 0.000000 0.000000 1.000000
0.996857 -0.048345 0.062753 -0.000000 0.056842 0.988293 -0.141587 0.080600 -0.055174 0.144709 0.987935 0.009800 0.000000 0.000000 0.000000 1.000000
0.996778 -0.048562 0.063835 0.000000 0.057796 0.986713 -0.151849 0.080600 -0.055613 0.155049 0.986340 0.009800 0.000000 0.000000 0.000000 1.000000
0.996841 -0.047753 0.063472 0.000000 0.057585 0.984876 -0.163408 0.080600 -0.054709 0.166547 0.984515 0.009800 0.000000 0.000000 0.000000 1.000000
0.996986 -0.045993 0.062472 -0.000000 0.056364 0.982781 -0.175967 0.080600 -0.053304 0.178958 0.982412 0.009800 0.000000 0.000000 0.000000 1.000000
0.997117 -0.043515 0.062159 -0.000000 0.054569 0.980463 -0.188985 0.080600 -0.052721 0.191832 0.980011 0.009800 0.000000 0.000000 0.000000 1.000000
0.997151 -0.040716 0.063492 -0.000000 0.052769 0.978058 -0.201538 0.080600 -0.053893 0.204314 0.977421 0.009800 0.000000 0.000000 0.000000 1.000000
0.997066 -0.037920 0.066501 -0.000000 0.051288 0.975803 -0.212550 0.080600 -0.056832 0.215337 0.974885 0.009800 0.000000 0.000000 0.000000 1.000000
0.996917 -0.035453 0.069998 -0.000000 0.050184 0.973875 -0.221469 0.080600 -0.060317 0.224299 0.972652 0.009800 0.000000 0.000000 0.000000 1.000000
0.996785 -0.033569 0.072746 0.000000 0.049427 0.972263 -0.228610 0.080600 -0.063054 0.231471 0.970796 0.009800 0.000000 0.000000 0.000000 1.000000
0.996734 -0.032457 0.073945 -0.000000 0.049040 0.970777 -0.234918 0.080600 -0.064159 0.237777 0.969198 0.009800 0.000000 0.000000 0.000000 1.000000
0.996811 -0.031763 0.073203 -0.000000 0.048611 0.969209 -0.241395 0.080600 -0.063282 0.244184 0.967662 0.009800 0.000000 0.000000 0.000000 1.000000
0.997022 -0.030826 0.070689 0.000000 0.047526 0.967482 -0.248435 0.080600 -0.060732 0.251055 0.966066 0.009800 0.000000 0.000000 0.000000 1.000000
0.997331 -0.029081 0.066976 0.000000 0.045327 0.965703 -0.255661 0.080600 -0.057244 0.258014 0.964444 0.009800 0.000000 0.000000 0.000000 1.000000
0.997679 -0.026402 0.062772 0.000000 0.042018 0.964062 -0.262335 0.080600 -0.053590 0.264364 0.962933 0.009800 0.000000 0.000000 0.000000 1.000000
0.998007 -0.023149 0.058701 0.000000 0.038097 0.962644 -0.268076 0.080600 -0.050303 0.269778 0.961608 0.009800 0.000000 0.000000 0.000000 1.000000
0.998275 -0.019908 0.055231 0.000000 0.034279 0.961394 -0.273034 0.080600 -0.047663 0.274456 0.960418 0.009800 0.000000 0.000000 0.000000 1.000000
0.998475 -0.017098 0.052494 0.000000 0.031044 0.960157 -0.277732 0.080600 -0.045654 0.278938 0.959223 0.009800 0.000000 0.000000 0.000000 1.000000
0.998611 -0.015011 0.050513 0.000000 0.028708 0.958807 -0.282605 0.080600 -0.044190 0.283663 0.957905 0.009800 0.000000 0.000000 0.000000 1.000000
0.998690 -0.013807 0.049266 0.000000 0.027428 0.957328 -0.287701 0.080600 -0.043192 0.288675 0.956452 0.009800 0.000000 0.000000 0.000000 1.000000
0.998736 -0.013240 0.048485 0.000000 0.026882 0.955819 -0.292723 0.080600 -0.042467 0.293657 0.954967 0.009800 0.000000 0.000000 0.000000 1.000000
0.998780 -0.012792 0.047688 0.000000 0.026420 0.954414 -0.297314 0.080600 -0.041711 0.298212 0.953588 0.009800 0.000000 0.000000 0.000000 1.000000
0.998850 -0.011931 0.046432 -0.000000 0.025389 0.953208 -0.301246 0.080600 -0.040665 0.302078 0.952415 0.009800 0.000000 0.000000 0.000000 1.000000
0.998956 -0.010481 0.044472 0.000000 0.023546 0.952220 -0.304505 0.080600 -0.039155 0.305234 0.951472 0.009800 0.000000 0.000000 0.000000 1.000000
0.999085 -0.008724 0.041865 0.000000 0.021179 0.951424 -0.307156 0.080600 -0.037152 0.307762 0.950738 0.009800 0.000000 0.000000 0.000000 1.000000
0.999213 -0.007228 0.039008 0.000000 0.018951 0.950792 -0.309249 0.080600 -0.034853 0.309745 0.950181 0.009800 0.000000 0.000000 0.000000 1.000000
0.999324 -0.006316 0.036206 0.000000 0.017265 0.950328 -0.310770 0.080600 -0.032445 0.311186 0.949795 0.009800 0.000000 0.000000 0.000000 1.000000
0.999418 -0.006007 0.033571 -0.000000 0.016184 0.950010 -0.311799 0.080600 -0.030020 0.312161 0.949555 0.009800 0.000000 0.000000 0.000000 1.000000
0.999504 -0.005972 0.030908 -0.000000 0.015341 0.949772 -0.312565 0.080600 -0.027489 0.312884 0.949393 0.009800 0.000000 0.000000 0.000000 1.000000
0.999588 -0.005814 0.028092 0.000000 0.014329 0.949537 -0.313326 0.080600 -0.024853 0.313600 0.949230 0.009800 0.000000 0.000000 0.000000 1.000000
0.999670 -0.005163 0.025180 0.000000 0.012817 0.949275 -0.314184 0.080600 -0.022280 0.314403 0.949028 0.009800 0.000000 0.000000 0.000000 1.000000
0.999741 -0.003789 0.022447 0.000000 0.010670 0.949029 -0.315010 0.080600 -0.020109 0.315167 0.948823 0.009800 0.000000 0.000000 0.000000 1.000000
0.999793 -0.001817 0.020251 0.000000 0.008117 0.948857 -0.315602 0.080600 -0.018642 0.315701 0.948676 0.009800 0.000000 0.000000 0.000000 1.000000
0.999825 0.000293 0.018682 0.000000 0.005624 0.948778 -0.315892 0.080600 -0.017818 0.315942 0.948611 0.009800 0.000000 0.000000 0.000000 1.000000
0.999845 0.002045 0.017502 0.000000 0.003590 0.948769 -0.315951 0.080600 -0.017251 0.315965 0.948614 0.009800 0.000000 0.000000 0.000000 1.000000
0.999862 0.003054 0.016339 0.000000 0.002264 0.948793 -0.315892 0.080600 -0.016467 0.315885 0.948655 0.009800 0.000000 0.000000 0.000000 1.000000
0.999881 0.003049 0.015094 -0.000000 0.001872 0.948854 -0.315711 0.080600 -0.015284 0.315701 0.948735 0.009800 0.000000 0.000000 0.000000 1.000000
0.999901 0.002791 0.013762 0.000000 0.001686 0.949092 -0.314995 0.080600 -0.013940 0.314987 0.948994 0.009800 0.000000 0.000000 0.000000 1.000000
0.999918 0.003807 0.012244 0.000000 0.000218 0.949720 -0.313099 0.080600 -0.012820 0.313076 0.949641 0.009800 0.000000 0.000000 0.000000 1.000000
0.999925 0.005527 0.010912 0.000000 -0.001864 0.950541 -0.310594 0.080600 -0.012089 0.310551 0.950480 0.009800 0.000000 0.000000 0.000000 1.000000
0.999923 0.007670 0.009706 0.000000 -0.004311 0.951445 -0.307787 0.080600 -0.011596 0.307722 0.951406 0.009800 0.000000 0.000000 0.000000 1.000000
0.999915 0.009933 0.008416 -0.000000 -0.006893 0.952337 -0.304969 0.080600 -0.011044 0.304885 0.952325 0.009800 0.000000 0.000000 0.000000 1.000000</float_array><technique_common><accessor source="#mixamorig_Spine-Matrix-animation-output-transform-array" count="63" stride="16"><param type="float4x4"/></accessor></technique_common></source><source id="mixamorig_Spine-Interpolations"><Name_array id="mixamorig_Spine-Interpolations-array" count="63">
 LINEAR LINEAR LINEAR LINEAR LINEAR LINEAR LINEAR LINEAR LINEAR LINEAR LINEAR
LINEAR LINEAR LINEAR LINEAR LINEAR LINEAR LINEAR LINEAR LINEAR LINEAR LINEAR LINEAR
LINEAR LINEAR LINEAR LINEAR LINEAR LINEAR LINEAR LINEAR LINEAR LINEAR LINEAR LINEAR
LINEAR LINEAR LINEAR LINEAR LINEAR LINEAR LINEAR LINEAR LINEAR LINEAR LINEAR LINEAR
LINEAR LINEAR LINEAR LINEAR LINEAR LINEAR LINEAR LINEAR LINEAR LINEAR LINEAR LINEAR
LINEAR LINEAR LINEAR LINEAR</Name_array><technique_common><accessor source="#mixamorig_Spine-Interpolations-array" count="63"><param type="name"/></accessor></technique_common></source><sampler id="mixamorig_Spine-Matrix-animation-transform"><input semantic="INPUT" source="#mixamorig_Spine-Matrix-animation-input"/><input semantic="OUTPUT" source="#mixamorig_Spine-Matrix-animation-output-transform"/><input semantic="INTERPOLATION" source="#mixamorig_Spine-Interpolations"/></sampler><channel source="#mixamorig_Spine-Matrix-animation-transform" target="mixamorig_Spine/matrix"/></animation>
    <animation id="mixamorig_Spine1-anim" name="mixamorig_Spine1"><source id="mixamorig_Spine1-Matrix-animation-input"><float_array id="mixamorig_Spine1-Matrix-animation-input-array" count="63">

0.000000 0.033333 0.066667 0.100000 0.133333 0.166667 0.200000 0.233333 0.266667 0.300000 0.333333 0.366667 0.400000 0.433333 0.466667 0.500000
0.533333 0.566667 0.600000 0.633333 0.666667 0.700000 0.733333 0.766667 0.800000 0.833333 0.866667 0.900000 0.933333 0.966667 1.000000 1.033333
1.066667 1.100000 1.133333 1.166667 1.200000 1.233333 1.266667 1.300000 1.333333 1.366667 1.400000 1.433333 1.466667 1.500000 1.533333 1.566667
1.600000 1.633333 1.666667 1.700000 1.733333 1.766667 1.800000 1.833333 1.866667 1.900000 1.933333 1.966667 2.000000 2.033333 2.066667</float_array><technique_common><accessor source="#mixamorig_Spine1-Matrix-animation-input-array" count="63"><param name="TIME" type="float"/></accessor></technique_common></source><source id="mixamorig_Spine1-Matrix-animation-output-transform"><float_array id="mixamorig_Spine1-Matrix-animation-output-transform-array" count="1008">

0.999855 0.016365 -0.004803 -0.000000 -0.016862 0.990771 -0.134493 0.094700 0.002558 0.134554 0.990903 0.000000 0.000000 0.000000 0.000000 1.000000
0.999841 0.016953 -0.005497 0.000000 -0.017534 0.990972 -0.132920 0.094700 0.003194 0.132995 0.991112 -0.000000 0.000000 0.000000 0.000000 1.000000
0.999838 0.016677 -0.006752 -0.000000 -0.017417 0.991251 -0.130837 0.094700 0.004511 0.130934 0.991381 -0.000000 0.000000 0.000000 0.000000 1.000000
0.999839 0.015544 -0.008959 -0.000000 -0.016569 0.991523 -0.128869 0.094700 0.006880 0.128996 0.991621 0.000000 0.000000 0.000000 0.000000 1.000000
0.999819 0.013815 -0.013114 -0.000000 -0.015380 0.991672 -0.127869 0.094700 0.011238 0.128047 0.991704 -0.000000 0.000000 0.000000 0.000000 1.000000
0.999728 0.011713 -0.020180 0.000000 -0.014212 0.991608 -0.128501 0.094700 0.018506 0.128753 0.991504 0.000000 0.000000 0.000000 0.000000 1.000000
0.999548 0.011561 -0.027766 0.000000 -0.015022 0.991677 -0.127872 0.094700 0.026057 0.128232 0.991402 0.000000 0.000000 0.000000 0.000000 1.000000
0.999350 0.012828 -0.033693 0.000000 -0.016882 0.992272 -0.122928 0.094700 0.031855 0.123416 0.991844 -0.000000 0.000000 0.000000 0.000000 1.000000
0.999278 0.013350 -0.035563 0.000000 -0.017260 0.993558 -0.112003 0.094700 0.033839 0.112536 0.993071 0.000000 0.000000 0.000000 0.000000 1.000000
0.999455 0.011600 -0.030910 0.000000 -0.014510 0.995310 -0.095643 0.094700 0.029656 0.096039 0.994936 0.000000 0.000000 0.000000 0.000000 1.000000
0.999778 0.007510 -0.019691 0.000000 -0.008996 0.997027 -0.076523 0.094700 0.019058 0.076683 0.996873 0.000000 0.000000 0.000000 0.000000 1.000000
0.999988 0.002919 -0.003925 0.000000 -0.003137 0.998381 -0.056801 0.094700 0.003753 0.056813 0.998378 -0.000000 0.000000 0.000000 0.000000 1.000000
0.999913 -0.000608 0.013162 0.000000 0.001106 0.999283 -0.037841 0.094700 -0.013130 0.037852 0.999197 0.000000 0.000000 0.000000 0.000000 1.000000
0.999594 -0.002523 0.028373 0.000000 0.003134 0.999764 -0.021506 0.094700 -0.028312 0.021586 0.999366 0.000000 0.000000 0.000000 0.000000 1.000000
0.999242 -0.003235 0.038798 -0.000000 0.003626 0.999943 -0.010027 0.094700 -0.038763 0.010161 0.999197 0.000000 0.000000 0.000000 0.000000 1.000000
0.999071 -0.003699 0.042945 0.000000 0.003867 0.999985 -0.003840 0.094700 -0.042930 0.004002 0.999070 -0.000000 0.000000 0.000000 0.000000 1.000000
0.999121 -0.004308 0.041691 -0.000000 0.004367 0.999990 -0.001337 0.094700 -0.041685 0.001518 0.999130 -0.000000 0.000000 0.000000 0.000000 1.000000
0.999273 -0.005254 0.037773 0.000000 0.005289 0.999986 -0.000817 0.094700 -0.037769 0.001016 0.999286 0.000000 0.000000 0.000000 0.000000 1.000000
0.999382 -0.006566 0.034532 -0.000000 0.006627 0.999977 -0.001642 0.094700 -0.034520 0.001870 0.999402 0.000000 0.000000 0.000000 0.000000 1.000000
0.999404 -0.008450 0.033458 -0.000000 0.008593 0.999955 -0.004128 0.094700 -0.033421 0.004413 0.999432 0.000000 0.000000 0.000000 0.000000 1.000000
0.999363 -0.010572 0.034088 -0.000000 0.010851 0.999909 -0.008002 0.094700 -0.034001 0.008367 0.999387 0.000000 0.000000 0.000000 0.000000 1.000000
0.999291 -0.012575 0.035490 0.000000 0.013057 0.999825 -0.013399 0.094700 -0.035316 0.013853 0.999280 0.000000 0.000000 0.000000 0.000000 1.000000
0.999236 -0.014077 0.036472 -0.000000 0.014818 0.999687 -0.020133 0.094700 -0.036177 0.020658 0.999132 0.000000 0.000000 0.000000 0.000000 1.000000
0.999227 -0.015026 0.036328 0.000000 0.016046 0.999481 -0.027942 0.094700 -0.035889 0.028503 0.998949 0.000000 0.000000 0.000000 0.000000 1.000000
0.999260 -0.015503 0.035191 0.000000 0.016794 0.999185 -0.036703 0.094700 -0.034593 0.037267 0.998706 -0.000000 0.000000 0.000000 0.000000 1.000000
0.999302 -0.015631 0.033920 -0.000000 0.017192 0.998783 -0.046226 0.094700 -0.033156 0.046777 0.998355 0.000000 0.000000 0.000000 0.000000 1.000000
0.999317 -0.015510 0.033543 0.000000 0.017376 0.998275 -0.056083 0.094700 -0.032615 0.056628 0.997863 0.000000 0.000000 0.000000 0.000000 1.000000
0.999283 -0.015257 0.034659 0.000000 0.017505 0.997698 -0.065511 0.094700 -0.033580 0.066071 0.997250 -0.000000 0.000000 0.000000 0.000000 1.000000
0.999200 -0.014909 0.037112 0.000000 0.017613 0.997130 -0.073631 0.094700 -0.035908 0.074226 0.996595 0.000000 0.000000 0.000000 0.000000 1.000000
0.999099 -0.014525 0.039884 0.000000 0.017685 0.996634 -0.080051 0.094700 -0.038587 0.080684 0.995993 0.000000 0.000000 0.000000 0.000000 1.000000
0.999021 -0.014111 0.041922 0.000000 0.017642 0.996216 -0.085106 0.094700 -0.040563 0.085762 0.995490 0.000000 0.000000 0.000000 0.000000 1.000000
0.999002 -0.013662 0.042535 -0.000000 0.017434 0.995822 -0.089632 0.094700 -0.041133 0.090284 0.995066 0.000000 0.000000 0.000000 0.000000 1.000000
0.999049 -0.013137 0.041575 0.000000 0.017019 0.995384 -0.094453 0.094700 -0.040142 0.095071 0.994661 0.000000 0.000000 0.000000 0.000000 1.000000
0.999148 -0.012348 0.039377 -0.000000 0.016229 0.994873 -0.099817 0.094700 -0.037943 0.100371 0.994226 0.000000 0.000000 0.000000 0.000000 1.000000
0.999273 -0.011085 0.036486 -0.000000 0.014874 0.994329 -0.105299 0.094700 -0.035112 0.105765 0.993771 -0.000000 0.000000 0.000000 0.000000 1.000000
0.999399 -0.009319 0.033387 -0.000000 0.012949 0.993823 -0.110217 0.094700 -0.032154 0.110583 0.993347 0.000000 0.000000 0.000000 0.000000 1.000000
0.999512 -0.007227 0.030385 -0.000000 0.010656 0.993393 -0.114267 0.094700 -0.029359 0.114535 0.992985 0.000000 0.000000 0.000000 0.000000 1.000000
0.999603 -0.005116 0.027704 0.000000 0.008343 0.993020 -0.117652 0.094700 -0.026909 0.117836 0.992668 -0.000000 0.000000 0.000000 0.000000 1.000000
0.999670 -0.003241 0.025498 0.000000 0.006302 0.992644 -0.120904 0.094700 -0.024918 0.121025 0.992337 0.000000 0.000000 0.000000 0.000000 1.000000
0.999714 -0.001752 0.023868 -0.000000 0.004710 0.992216 -0.124436 0.094700 -0.023464 0.124513 0.991940 0.000000 0.000000 0.000000 0.000000 1.000000
0.999740 -0.000697 0.022805 0.000000 0.003617 0.991736 -0.128248 0.094700 -0.022527 0.128297 0.991480 0.000000 0.000000 0.000000 0.000000 1.000000
0.999756 0.000020 0.022107 0.000000 0.002899 0.991247 -0.131990 0.094700 -0.021916 0.132022 0.991004 0.000000 0.000000 0.000000 0.000000 1.000000
0.999769 0.000564 0.021494 -0.000000 0.002350 0.990804 -0.135288 0.094700 -0.021373 0.135307 0.990573 0.000000 0.000000 0.000000 0.000000 1.000000
0.999785 0.001174 0.020708 0.000000 0.001694 0.990440 -0.137932 0.094700 -0.020672 0.137937 0.990225 -0.000000 0.000000 0.000000 0.000000 1.000000
0.999806 0.001990 0.019581 0.000000 0.000770 0.990157 -0.139957 0.094700 -0.019667 0.139945 0.989964 0.000000 0.000000 0.000000 0.000000 1.000000
0.999833 0.002944 0.018051 -0.000000 -0.000360 0.989937 -0.141507 0.094700 -0.018286 0.141477 0.989773 0.000000 0.000000 0.000000 0.000000 1.000000
0.999861 0.003818 0.016206 0.000000 -0.001467 0.989764 -0.142706 0.094700 -0.016585 0.142663 0.989632 -0.000000 0.000000 0.000000 0.000000 1.000000
0.999889 0.004473 0.014177 0.000000 -0.002392 0.989638 -0.143563 0.094700 -0.014672 0.143513 0.989540 0.000000 0.000000 0.000000 0.000000 1.000000
0.999915 0.004924 0.012058 0.000000 -0.003135 0.989557 -0.144105 0.094700 -0.012642 0.144055 0.989489 0.000000 0.000000 0.000000 0.000000 1.000000
0.999937 0.005298 0.009871 -0.000000 -0.003817 0.989503 -0.144462 0.094700 -0.010532 0.144416 0.989461 0.000000 0.000000 0.000000 0.000000 1.000000
0.999954 0.005774 0.007625 -0.000000 -0.004610 0.989450 -0.144805 0.094700 -0.008380 0.144763 0.989431 -0.000000 0.000000 0.000000 0.000000 1.000000
0.999964 0.006488 0.005442 -0.000000 -0.005629 0.989382 -0.145228 0.094700 -0.006326 0.145192 0.989383 0.000000 0.000000 0.000000 0.000000 1.000000
0.999965 0.007507 0.003560 0.000000 -0.006909 0.989309 -0.145671 0.094700 -0.004616 0.145642 0.989327 -0.000000 0.000000 0.000000 0.000000 1.000000
0.999959 0.008769 0.002169 -0.000000 -0.008358 0.989251 -0.145986 0.094700 -0.003426 0.145962 0.989284 0.000000 0.000000 0.000000 0.000000 1.000000
0.999949 0.010060 0.001238 0.000000 -0.009771 0.989225 -0.146080 0.094700 -0.002694 0.146060 0.989272 0.000000 0.000000 0.000000 0.000000 1.000000
0.999938 0.011147 0.000544 0.000000 -0.010948 0.989235 -0.145928 0.094700 -0.002165 0.145913 0.989295 0.000000 0.000000 0.000000 0.000000 1.000000
0.999930 0.011831 -0.000211 -0.000000 -0.011736 0.989280 -0.145555 0.094700 -0.001513 0.145548 0.989350 0.000000 0.000000 0.000000 0.000000 1.000000
0.999927 0.012008 -0.001183 0.000000 -0.012053 0.989365 -0.144951 0.094700 -0.000570 0.144955 0.989438 -0.000000 0.000000 0.000000 0.000000 1.000000
0.999924 0.012099 -0.002260 0.000000 -0.012299 0.989518 -0.143885 0.094700 0.000495 0.143902 0.989592 -0.000000 0.000000 0.000000 0.000000 1.000000
0.999912 0.012861 -0.003255 0.000000 -0.013193 0.989786 -0.141946 0.094700 0.001396 0.141977 0.989869 0.000000 0.000000 0.000000 0.000000 1.000000
0.999895 0.013928 -0.003931 0.000000 -0.014340 0.990107 -0.139577 0.094700 0.001948 0.139618 0.990203 0.000000 0.000000 0.000000 0.000000 1.000000
0.999875 0.015160 -0.004382 0.000000 -0.015617 0.990446 -0.137015 0.094700 0.002263 0.137067 0.990559 0.000000 0.000000 0.000000 0.000000 1.000000
0.999855 0.016365 -0.004803 -0.000000 -0.016862 0.990771 -0.134493 0.094700 0.002558 0.134554 0.990903 0.000000 0.000000 0.000000 0.000000 1.000000</float_array><technique_common><accessor source="#mixamorig_Spine1-Matrix-animation-output-transform-array" count="63" stride="16"><param type="float4x4"/></accessor></technique_common></source><source id="mixamorig_Spine1-Interpolations"><Name_array id="mixamorig_Spine1-Interpolations-array" count="63">
 LINEAR LINEAR LINEAR LINEAR LINEAR LINEAR LINEAR LINEAR LINEAR LINEAR LINEAR
LINEAR LINEAR LINEAR LINEAR LINEAR LINEAR LINEAR LINEAR LINEAR LINEAR LINEAR LINEAR
LINEAR LINEAR LINEAR LINEAR LINEAR LINEAR LINEAR LINEAR LINEAR LINEAR LINEAR LINEAR
LINEAR LINEAR LINEAR LINEAR LINEAR LINEAR LINEAR LINEAR LINEAR LINEAR LINEAR LINEAR
LINEAR LINEAR LINEAR LINEAR LINEAR LINEAR LINEAR LINEAR LINEAR LINEAR LINEAR LINEAR
LINEAR LINEAR LINEAR LINEAR</Name_array><technique_common><accessor source="#mixamorig_Spine1-Interpolations-array" count="63"><param type="name"/></accessor></technique_common></source><sampler id="mixamorig_Spine1-Matrix-animation-transform"><input semantic="INPUT" source="#mixamorig_Spine1-Matrix-animation-input"/><input semantic="OUTPUT" source="#mixamorig_Spine1-Matrix-animation-output-transform"/><input semantic="INTERPOLATION" source="#mixamorig_Spine1-Interpolations"/></sampler><channel source="#mixamorig_Spine1-Matrix-animation-transform" target="mixamorig_Spine1/matrix"/></animation>
    <animation id="mixamorig_Spine2-anim" name="mixamorig_Spine2"><source id="mixamorig_Spine2-Matrix-animation-input"><float_array id="mixamorig_Spine2-Matrix-animation-input-array" count="63">

0.000000 0.033333 0.066667 0.100000 0.133333 0.166667 0.200000 0.233333 0.266667 0.300000 0.333333 0.366667 0.400000 0.433333 0.466667 0.500000
0.533333 0.566667 0.600000 0.633333 0.666667 0.700000 0.733333 0.766667 0.800000 0.833333 0.866667 0.900000 0.933333 0.966667 1.000000 1.033333
1.066667 1.100000 1.133333 1.166667 1.200000 1.233333 1.266667 1.300000 1.333333 1.366667 1.400000 1.433333 1.466667 1.500000 1.533333 1.566667
1.600000 1.633333 1.666667 1.700000 1.733333 1.766667 1.800000 1.833333 1.866667 1.900000 1.933333 1.966667 2.000000 2.033333 2.066667</float_array><technique_common><accessor source="#mixamorig_Spine2-Matrix-animation-input-array" count="63"><param name="TIME" type="float"/></accessor></technique_common></source><source id="mixamorig_Spine2-Matrix-animation-output-transform"><float_array id="mixamorig_Spine2-Matrix-animation-output-transform-array" count="1008">

0.999856 0.016728 -0.002975 -0.000000 -0.016976 0.990772 -0.134474 0.108300 0.000698 0.134505 0.990913 0.000000 0.000000 0.000000 0.000000 1.000000
0.999844 0.017278 -0.003795 0.000000 -0.017629 0.990971 -0.132910 0.108300 0.001465 0.132956 0.991121 0.000000 0.000000 0.000000 0.000000 1.000000
0.999843 0.016956 -0.005105 0.000000 -0.017478 0.991248 -0.130850 0.108300 0.002842 0.130919 0.991389 0.000000 0.000000 0.000000 0.000000 1.000000
0.999849 0.015743 -0.007328 0.000000 -0.016557 0.991516 -0.128925 0.108300 0.005237 0.129027 0.991627 0.000000 0.000000 0.000000 0.000000 1.000000
0.999838 0.013844 -0.011512 0.000000 -0.015205 0.991657 -0.128003 0.108300 0.009644 0.128157 0.991707 -0.000000 0.000000 0.000000 0.000000 1.000000
0.999760 0.011432 -0.018679 -0.000000 -0.013744 0.991580 -0.128761 0.108300 0.017050 0.128987 0.991500 -0.000000 0.000000 0.000000 0.000000 1.000000
0.999588 0.010918 -0.026536 0.000000 -0.014236 0.991639 -0.128257 0.108300 0.024914 0.128582 0.991386 0.000000 0.000000 0.000000 0.000000 1.000000
0.999392 0.011897 -0.032786 0.000000 -0.015860 0.992229 -0.123409 0.108300 0.031063 0.123854 0.991814 -0.000000 0.000000 0.000000 0.000000 1.000000
0.999317 0.012341 -0.034835 0.000000 -0.016192 0.993517 -0.112528 0.108300 0.033220 0.113015 0.993038 -0.000000 0.000000 0.000000 0.000000 1.000000
0.999487 0.010790 -0.030142 0.000000 -0.013643 0.995276 -0.096118 0.108300 0.028962 0.096480 0.994913 0.000000 0.000000 0.000000 0.000000 1.000000
0.999798 0.007062 -0.018794 0.000000 -0.008486 0.997007 -0.076838 0.108300 0.018195 0.076982 0.996866 0.000000 0.000000 0.000000 0.000000 1.000000
0.999991 0.002794 -0.003047 0.000000 -0.002963 0.998378 -0.056855 0.108300 0.002883 0.056864 0.998378 0.000000 0.000000 0.000000 0.000000 1.000000
0.999905 -0.000571 0.013775 0.000000 0.001088 0.999293 -0.037580 0.108300 -0.013743 0.037591 0.999199 -0.000000 0.000000 0.000000 0.000000 1.000000
0.999589 -0.002473 0.028565 0.000000 0.003072 0.999776 -0.020937 0.108300 -0.028507 0.021016 0.999373 0.000000 0.000000 0.000000 0.000000 1.000000
0.999250 -0.003237 0.038598 -0.000000 0.003596 0.999951 -0.009223 0.108300 -0.038567 0.009355 0.999212 0.000000 0.000000 0.000000 0.000000 1.000000
0.999090 -0.003758 0.042487 -0.000000 0.003885 0.999988 -0.002914 0.108300 -0.042476 0.003077 0.999093 0.000000 0.000000 0.000000 0.000000 1.000000
0.999146 -0.004405 0.041094 -0.000000 0.004426 0.999990 -0.000401 0.108300 -0.041092 0.000583 0.999155 0.000000 0.000000 0.000000 0.000000 1.000000
0.999297 -0.005380 0.037107 -0.000000 0.005381 0.999986 0.000062 0.108300 -0.037106 0.000137 0.999311 0.000000 0.000000 0.000000 0.000000 1.000000
0.999405 -0.006716 0.033837 -0.000000 0.006748 0.999977 -0.000821 0.108300 -0.033831 0.001049 0.999427 0.000000 0.000000 0.000000 0.000000 1.000000
0.999425 -0.008619 0.032778 0.000000 0.008732 0.999956 -0.003328 0.108300 -0.032748 0.003612 0.999457 0.000000 0.000000 0.000000 0.000000 1.000000
0.999383 -0.010735 0.033451 -0.000000 0.010981 0.999914 -0.007196 0.108300 -0.033371 0.007559 0.999414 0.000000 0.000000 0.000000 0.000000 1.000000
0.999311 -0.012681 0.034883 0.000000 0.013127 0.999835 -0.012581 0.108300 -0.034718 0.013030 0.999312 0.000000 0.000000 0.000000 0.000000 1.000000
