<?xml version="1.0" encoding="utf-8"?>
<COLLADA xmlns="http://www.collada.org/2005/11/COLLADASchema" version="1.4.1">
  <asset><contributor><author>Mixamo</author><authoring_tool>COLLADA Mixamo exporter</authoring_tool><comments></comments></contributor><created>2020-06-05T17:04:56Z</created><modified>2020-06-05T17:04:56Z</modified><revision></revision><title></title><unit meter="0.010000"/><up_axis>Y_UP</up_axis></asset>
  <library_animations>
    <animation id="mixamorig_Hips-anim" name="mixamorig_Hips"><source id="mixamorig_Hips-Matrix-animation-input"><float_array id="mixamorig_Hips-Matrix-animation-input-array" count="135">

0.000000 0.033333 0.066667 0.100000 0.133333 0.166667 0.200000 0.233333 0.266667 0.300000 0.333333 0.366667 0.400000 0.433333 0.466667 0.500000
0.533333 0.566667 0.600000 0.633333 0.666667 0.700000 0.733333 0.766667 0.800000 0.833333 0.866667 0.900000 0.933333 0.966667 1.000000 1.033333
1.066667 1.100000 1.133333 1.166667 1.200000 1.233333 1.266667 1.300000 1.333333 1.366667 1.400000 1.433333 1.466667 1.500000 1.533333 1.566667
1.600000 1.633333 1.666667 1.700000 1.733333 1.766667 1.800000 1.833333 1.866667 1.900000 1.933333 1.966667 2.000000 2.033333 2.066667 2.100000
2.133333 2.166667 2.200000 2.233333 2.266667 2.300000 2.333333 2.366667 2.400000 2.433333 2.466667 2.500000 2.533333 2.566667 2.600000 2.633333
2.666667 2.700000 2.733333 2.766667 2.800000 2.833333 2.866667 2.900000 2.933333 2.966667 3.000000 3.033333 3.066667 3.100000 3.133333 3.166667
3.200000 3.233333 3.266667 3.300000 3.333333 3.366667 3.400000 3.433333 3.466667 3.500000 3.533333 3.566667 3.600000 3.633333 3.666667 3.700000
3.733333 3.766667 3.800000 3.833333 3.866667 3.900000 3.933333 3.966667 4.000000 4.033333 4.066667 4.100000 4.133333 4.166667 4.200000 4.233333
4.266667 4.300000 4.333333 4.366667 4.400000 4.433333 4.466667</float_array><technique_common><accessor source="#mixamorig_Hips-Matrix-animation-input-array" count="135"><param name="TIME" type="float"/></accessor></technique_common></source><source id="mixamorig_Hips-Matrix-animation-output-transform"><float_array id="mixamorig_Hips-Matrix-animation-output-transform-array" count="2160">

0.996651 -0.032161 -0.075187 0.001587 0.044857 0.983757 0.173809 0.617876 0.068376 -0.176600 0.981905 -0.015465 0.000000 0.000000 0.000000 1.000000
0.996268 -0.035605 -0.078623 -0.000147 0.049357 0.982321 0.180581 0.617977 0.070804 -0.183788 0.980413 -0.015392 0.000000 0.000000 0.000000 1.000000
0.995687 -0.039661 -0.083877 -0.001787 0.055140 0.980007 0.191169 0.617914 0.074618 -0.194969 0.977967 -0.015008 0.000000 0.000000 0.000000 1.000000
0.995011 -0.044437 -0.089326 -0.003415 0.062052 0.976730 0.205301 0.617492 0.078125 -0.209820 0.974614 -0.014271 0.000000 0.000000 0.000000 1.000000
0.994391 -0.049342 -0.093556 -0.004923 0.069054 0.972856 0.220870 0.616739 0.080118 -0.226092 0.970806 -0.013036 0.000000 0.000000 0.000000 1.000000
0.993948 -0.053478 -0.095954 -0.006112 0.074822 0.969129 0.234928 0.615919 0.080428 -0.240686 0.967265 -0.011181 0.000000 0.000000 0.000000 1.000000
0.993715 -0.056128 -0.096848 -0.006930 0.078481 0.966276 0.245259 0.615185 0.079816 -0.251318 0.964608 -0.009550 0.000000 0.000000 0.000000 1.000000
0.993658 -0.056858 -0.097012 -0.007455 0.079747 0.964567 0.251497 0.614460 0.079275 -0.257639 0.962984 -0.007843 0.000000 0.000000 0.000000 1.000000
0.993686 -0.056198 -0.097112 -0.007759 0.079404 0.963730 0.254792 0.613532 0.079271 -0.260895 0.962107 -0.006120 0.000000 0.000000 0.000000 1.000000
0.993724 -0.055172 -0.097307 -0.007816 0.078607 0.963326 0.256563 0.612368 0.079583 -0.262602 0.961617 -0.004330 0.000000 0.000000 0.000000 1.000000
0.993742 -0.054603 -0.097449 -0.007565 0.078168 0.963121 0.257464 0.611035 0.079796 -0.263470 0.961362 -0.002448 0.000000 0.000000 0.000000 1.000000
0.993742 -0.054651 -0.097421 -0.006970 0.078191 0.963172 0.257265 0.609659 0.079774 -0.263272 0.961418 -0.000464 0.000000 0.000000 0.000000 1.000000
0.993744 -0.054958 -0.097221 -0.006040 0.078282 0.963659 0.255407 0.608390 0.079651 -0.261420 0.961933 0.001701 0.000000 0.000000 0.000000 1.000000
0.993775 -0.055095 -0.096833 -0.004813 0.077997 0.964687 0.251586 0.607365 0.079553 -0.257573 0.962979 0.004174 0.000000 0.000000 0.000000 1.000000
0.993846 -0.054803 -0.096268 -0.003336 0.077105 0.966205 0.245974 0.606589 0.079535 -0.251883 0.964484 0.006983 0.000000 0.000000 0.000000 1.000000
0.993941 -0.053970 -0.095753 -0.001631 0.075598 0.968049 0.239096 0.605953 0.079789 -0.244886 0.966263 0.010031 0.000000 0.000000 0.000000 1.000000
0.994022 -0.052558 -0.095701 0.000310 0.073580 0.970044 0.231519 0.605445 0.080666 -0.237176 0.968112 0.013275 0.000000 0.000000 0.000000 1.000000
0.994065 -0.050626 -0.096285 0.002513 0.071155 0.972105 0.223492 0.605151 0.082285 -0.229017 0.969938 0.016761 0.000000 0.000000 0.000000 1.000000
0.994095 -0.048395 -0.097125 0.004995 0.068420 0.974246 0.214855 0.605014 0.084226 -0.220232 0.971804 0.020459 0.000000 0.000000 0.000000 1.000000
0.994148 -0.046207 -0.097647 0.007757 0.065552 0.976501 0.205303 0.604835 0.085866 -0.210502 0.973815 0.024309 0.000000 0.000000 0.000000 1.000000
0.994210 -0.044422 -0.097843 0.010801 0.062902 0.978830 0.194768 0.604578 0.087120 -0.199794 0.975957 0.028295 0.000000 0.000000 0.000000 1.000000
0.994199 -0.043264 -0.098475 0.014139 0.060871 0.981133 0.183499 0.604469 0.088678 -0.188429 0.978075 0.032342 0.000000 0.000000 0.000000 1.000000
0.994036 -0.042613 -0.100382 0.017758 0.059505 0.983331 0.171813 0.604696 0.091387 -0.176762 0.980002 0.036337 0.000000 0.000000 0.000000 1.000000
0.993716 -0.042027 -0.103739 0.021612 0.058362 0.985416 0.159840 0.605141 0.095509 -0.164890 0.981677 0.040224 0.000000 0.000000 0.000000 1.000000
0.993290 -0.041049 -0.108117 0.025630 0.056860 0.987427 0.147492 0.605500 0.100704 -0.152650 0.983136 0.043969 0.000000 0.000000 0.000000 1.000000
0.992825 -0.039103 -0.113000 0.029758 0.054287 0.989413 0.134592 0.605593 0.106541 -0.139761 0.984437 0.047566 0.000000 0.000000 0.000000 1.000000
0.992332 -0.035807 -0.118297 0.033961 0.050178 0.991404 0.120833 0.605440 0.112954 -0.125842 0.985599 0.051000 0.000000 0.000000 0.000000 1.000000
0.991738 -0.031545 -0.124343 0.038208 0.044857 0.993380 0.105756 0.605165 0.120184 -0.110460 0.986587 0.054145 0.000000 0.000000 0.000000 1.000000
0.990958 -0.027164 -0.131396 0.042444 0.039104 0.995249 0.089163 0.604864 0.128350 -0.093495 0.987312 0.056768 0.000000 0.000000 0.000000 1.000000
0.989974 -0.023033 -0.139358 0.046557 0.033287 0.996870 0.071705 0.604647 0.137270 -0.075625 0.987642 0.058820 0.000000 0.000000 0.000000 1.000000
0.988805 -0.018586 -0.148050 0.050377 0.026979 0.998128 0.054886 0.604697 0.146753 -0.058266 0.987456 0.060537 0.000000 0.000000 0.000000 1.000000
0.987435 -0.012821 -0.157503 0.053747 0.019373 0.999006 0.040137 0.605096 0.156832 -0.042684 0.986702 0.062059 0.000000 0.000000 0.000000 1.000000
0.985835 -0.005141 -0.167641 0.056598 0.009933 0.999565 0.027755 0.605795 0.167426 -0.029027 0.985457 0.063145 0.000000 0.000000 0.000000 1.000000
0.984066 0.004115 -0.177755 0.058946 -0.001157 0.999859 0.016739 0.606757 0.177799 -0.016267 0.983932 0.063473 0.000000 0.000000 0.000000 1.000000
0.982348 0.013899 -0.186544 0.060833 -0.013075 0.999899 0.005648 0.607990 0.186604 -0.003110 0.982430 0.063066 0.000000 0.000000 0.000000 1.000000
0.980931 0.022900 -0.193000 0.062279 -0.024602 0.999677 -0.006427 0.609425 0.192791 0.011052 0.981178 0.062182 0.000000 0.000000 0.000000 1.000000
0.979905 0.030029 -0.197192 0.063262 -0.034558 0.999211 -0.019564 0.611002 0.196449 0.025985 0.980170 0.060938 0.000000 0.000000 0.000000 1.000000
0.979161 0.034800 -0.200081 0.063732 -0.042290 0.998551 -0.033283 0.612851 0.198633 0.041051 0.979214 0.059235 0.000000 0.000000 0.000000 1.000000
0.978555 0.037583 -0.202526 0.063638 -0.048006 0.997750 -0.046796 0.615016 0.200311 0.055515 0.978158 0.056991 0.000000 0.000000 0.000000 1.000000
0.978108 0.038587 -0.204487 0.063099 -0.051682 0.996914 -0.059087 0.617367 0.201576 0.068362 0.977084 0.054298 0.000000 0.000000 0.000000 1.000000
0.977990 0.038107 -0.205143 0.062246 -0.053293 0.996191 -0.069016 0.619502 0.201731 0.078430 0.976296 0.051430 0.000000 0.000000 0.000000 1.000000
0.978338 0.036586 -0.203753 0.061097 -0.053022 0.995712 -0.075800 0.621061 0.200107 0.084961 0.976083 0.048592 0.000000 0.000000 0.000000 1.000000
0.979117 0.034448 -0.200358 0.059593 -0.051293 0.995514 -0.079503 0.621889 0.196721 0.088120 0.976492 0.045717 0.000000 0.000000 0.000000 1.000000
0.980142 0.032036 -0.195692 0.057694 -0.048697 0.995530 -0.080927 0.622083 0.192225 0.088849 0.977321 0.042666 0.000000 0.000000 0.000000 1.000000
0.981202 0.029865 -0.190659 0.055431 -0.046026 0.995658 -0.080907 0.621738 0.187415 0.088161 0.978317 0.039469 0.000000 0.000000 0.000000 1.000000
0.982169 0.028156 -0.185882 0.052910 -0.043632 0.995864 -0.079697 0.621072 0.182869 0.086386 0.979335 0.036180 0.000000 0.000000 0.000000 1.000000
0.982995 0.026807 -0.181663 0.050207 -0.041366 0.996185 -0.076836 0.620377 0.178911 0.083044 0.980354 0.032724 0.000000 0.000000 0.000000 1.000000
0.983677 0.025511 -0.178126 0.047308 -0.038812 0.996679 -0.071587 0.619922 0.175709 0.077331 0.981400 0.029083 0.000000 0.000000 0.000000 1.000000
0.984235 0.023864 -0.175247 0.044167 -0.035509 0.997343 -0.063616 0.619856 0.173264 0.068836 0.982467 0.025450 0.000000 0.000000 0.000000 1.000000
0.984746 0.021426 -0.172675 0.040780 -0.031095 0.998084 -0.053488 0.620105 0.171199 0.058041 0.983525 0.022000 0.000000 0.000000 0.000000 1.000000
0.985346 0.017887 -0.169625 0.037179 -0.025446 0.998773 -0.042495 0.620430 0.168656 0.046188 0.984592 0.018665 0.000000 0.000000 0.000000 1.000000
0.986186 0.013244 -0.165110 0.033392 -0.018750 0.999317 -0.031834 0.620640 0.164576 0.034490 0.985761 0.015253 0.000000 0.000000 0.000000 1.000000
0.987335 0.007850 -0.158454 0.029434 -0.011437 0.999698 -0.021738 0.620729 0.158236 0.023275 0.987127 0.011614 0.000000 0.000000 0.000000 1.000000
0.988737 0.002374 -0.149648 0.025360 -0.004120 0.999927 -0.011358 0.620801 0.149610 0.011846 0.988674 0.007702 0.000000 0.000000 0.000000 1.000000
0.990255 -0.002599 -0.139239 0.021276 0.002673 0.999996 0.000344 0.620887 0.139238 -0.000713 0.990259 0.003574 0.000000 0.000000 0.000000 1.000000
0.991775 -0.006957 -0.127805 0.017277 0.008738 0.999872 0.013375 0.620925 0.127695 -0.014382 0.991709 -0.000660 0.000000 0.000000 0.000000 1.000000
0.993251 -0.011081 -0.115455 0.013381 0.014211 0.999552 0.026328 0.620913 0.115112 -0.027791 0.992964 -0.004882 0.000000 0.000000 0.000000 1.000000
0.994675 -0.015547 -0.101882 0.009548 0.019442 0.999113 0.037346 0.620901 0.101211 -0.039128 0.994095 -0.009014 0.000000 0.000000 0.000000 1.000000
0.996006 -0.020456 -0.086911 0.005801 0.024501 0.998653 0.045743 0.620830 0.085858 -0.047689 0.995165 -0.012999 0.000000 0.000000 0.000000 1.000000
0.997149 -0.025260 -0.071098 0.002269 0.029046 0.998186 0.052741 0.620623 0.069636 -0.054656 0.996074 -0.016721 0.000000 0.000000 0.000000 1.000000
0.998010 -0.029302 -0.055838 -0.000887 0.032678 0.997631 0.060540 0.620375 0.053931 -0.062245 0.996603 -0.020010 0.000000 0.000000 0.000000 1.000000
0.998552 -0.032532 -0.042834 -0.003558 0.035502 0.996880 0.070504 0.620097 0.040407 -0.071923 0.996591 -0.022782 0.000000 0.000000 0.000000 1.000000
0.998805 -0.035751 -0.033313 -0.005724 0.038385 0.995884 0.082111 0.619744 0.030240 -0.083291 0.996066 -0.025072 0.000000 0.000000 0.000000 1.000000
0.998819 -0.040041 -0.027508 -0.007429 0.042453 0.994708 0.093566 0.619253 0.023616 -0.094623 0.995233 -0.026917 0.000000 0.000000 0.000000 1.000000
0.998640 -0.045925 -0.024689 -0.008767 0.048243 0.993467 0.103418 0.618620 0.019779 -0.104468 0.994332 -0.028263 0.000000 0.000000 0.000000 1.000000
0.998316 -0.052990 -0.023585 -0.009869 0.055306 0.992196 0.111748 0.617943 0.017480 -0.112864 0.993457 -0.029003 0.000000 0.000000 0.000000 1.000000
0.997921 -0.060218 -0.022953 -0.010840 0.062549 0.990798 0.120027 0.617366 0.015514 -0.121213 0.992505 -0.029112 0.000000 0.000000 0.000000 1.000000
0.997531 -0.066678 -0.022065 -0.011691 0.068989 0.989124 0.129898 0.616934 0.013164 -0.131099 0.991282 -0.028696 0.000000 0.000000 0.000000 1.000000
0.997192 -0.071907 -0.020932 -0.012344 0.074158 0.987101 0.141889 0.616499 0.010459 -0.143043 0.989661 -0.027810 0.000000 0.000000 0.000000 1.000000
0.996919 -0.075809 -0.020117 -0.012747 0.078017 0.984839 0.154936 0.615920 0.008067 -0.156029 0.987720 -0.026421 0.000000 0.000000 0.000000 1.000000
0.996722 -0.078341 -0.020181 -0.012965 0.080617 0.982653 0.167017 0.615145 0.006746 -0.168097 0.985747 -0.024619 0.000000 0.000000 0.000000 1.000000
0.996615 -0.079445 -0.021144 -0.013146 0.081935 0.980893 0.176452 0.614174 0.006722 -0.177587 0.984082 -0.022669 0.000000 0.000000 0.000000 1.000000
0.996598 -0.079303 -0.022458 -0.013392 0.082080 0.979699 0.182903 0.613090 0.007497 -0.184124 0.982874 -0.020727 0.000000 0.000000 0.000000 1.000000
0.996643 -0.078420 -0.023496 -0.013647 0.081441 0.978919 0.187309 0.612083 0.008312 -0.188594 0.982020 -0.018689 0.000000 0.000000 0.000000 1.000000
0.996716 -0.077304 -0.024108 -0.013745 0.080493 0.978309 0.190872 0.611260 0.008830 -0.192186 0.981319 -0.016451 0.000000 0.000000 0.000000 1.000000
0.996787 -0.076178 -0.024754 -0.013558 0.079544 0.977754 0.194090 0.610565 0.009417 -0.195435 0.980671 -0.014103 0.000000 0.000000 0.000000 1.000000
0.996843 -0.074962 -0.026156 -0.013073 0.078652 0.977320 0.196619 0.609940 0.010824 -0.198055 0.980131 -0.011753 0.000000 0.000000 0.000000 1.000000
0.996883 -0.073441 -0.028815 -0.012359 0.077706 0.977146 0.197855 0.609427 0.013626 -0.199477 0.979808 -0.009355 0.000000 0.000000 0.000000 1.000000
0.996906 -0.071459 -0.032752 -0.011468 0.076544 0.977305 0.197523 0.609055 0.017894 -0.199419 0.979751 -0.006777 0.000000 0.000000 0.000000 1.000000
0.996908 -0.069019 -0.037563 -0.010391 0.075071 0.977765 0.195805 0.608768 0.023214 -0.198019 0.979923 -0.003979 0.000000 0.000000 0.000000 1.000000
0.996887 -0.066319 -0.042642 -0.009109 0.073350 0.978440 0.193065 0.608491 0.028919 -0.195592 0.980259 -0.001045 0.000000 0.000000 0.000000 1.000000
0.996845 -0.063640 -0.047429 -0.007642 0.071535 0.979264 0.189540 0.608205 0.034383 -0.192335 0.980727 0.001957 0.000000 0.000000 0.000000 1.000000
0.996796 -0.061130 -0.051592 -0.006016 0.069700 0.980221 0.185225 0.607936 0.039248 -0.188227 0.981341 0.005097 0.000000 0.000000 0.000000 1.000000
0.996748 -0.058833 -0.055072 -0.004202 0.067868 0.981323 0.179998 0.607709 0.043454 -0.183150 0.982124 0.008435 0.000000 0.000000 0.000000 1.000000
0.996708 -0.056788 -0.057861 -0.002138 0.066075 0.982552 0.173856 0.607533 0.046979 -0.177107 0.983070 0.011879 0.000000 0.000000 0.000000 1.000000
0.996698 -0.055010 -0.059721 0.000181 0.064310 0.983849 0.167049 0.607411 0.049567 -0.170338 0.984138 0.015364 0.000000 0.000000 0.000000 1.000000
0.996752 -0.053426 -0.060259 0.002680 0.062475 0.985144 0.159965 0.607319 0.050817 -0.163210 0.985282 0.018939 0.000000 0.000000 0.000000 1.000000
0.996886 -0.051914 -0.059351 0.005293 0.060469 0.986396 0.152861 0.607295 0.050607 -0.155974 0.986464 0.022629 0.000000 0.000000 0.000000 1.000000
0.997082 -0.050316 -0.057414 0.008021 0.058224 0.987624 0.145635 0.607359 0.049375 -0.148553 0.987671 0.026378 0.000000 0.000000 0.000000 1.000000
0.997299 -0.048435 -0.055218 0.010902 0.055660 0.988884 0.137877 0.607361 0.047927 -0.140578 0.988909 0.030085 0.000000 0.000000 0.000000 1.000000
0.997510 -0.046033 -0.053425 0.013949 0.052616 0.990223 0.129193 0.607112 0.046955 -0.131682 0.990179 0.033646 0.000000 0.000000 0.000000 1.000000
0.997706 -0.042990 -0.052289 0.017165 0.048995 0.991613 0.119596 0.606644 0.046709 -0.121883 0.991445 0.037048 0.000000 0.000000 0.000000 1.000000
0.997877 -0.039512 -0.051764 0.020561 0.045002 0.992958 0.109590 0.606126 0.047069 -0.111686 0.992628 0.040382 0.000000 0.000000 0.000000 1.000000
0.998002 -0.036137 -0.051830 0.024147 0.041186 0.994144 0.099905 0.605660 0.047916 -0.101840 0.993646 0.043696 0.000000 0.000000 0.000000 1.000000
0.998050 -0.033429 -0.052712 0.027917 0.038145 0.995107 0.091148 0.605264 0.049407 -0.092981 0.994441 0.046927 0.000000 0.000000 0.000000 1.000000
0.997998 -0.031581 -0.054798 0.031867 0.036101 0.995849 0.083560 0.605009 0.051931 -0.085370 0.994995 0.049967 0.000000 0.000000 0.000000 1.000000
0.997840 -0.030232 -0.058320 0.035985 0.034683 0.996436 0.076890 0.605062 0.055788 -0.078746 0.995332 0.052772 0.000000 0.000000 0.000000 1.000000
0.997594 -0.028650 -0.063130 0.040215 0.033088 0.996969 0.070412 0.605589 0.060922 -0.072331 0.995518 0.055364 0.000000 0.000000 0.000000 1.000000
0.997291 -0.026107 -0.068762 0.044456 0.030471 0.997536 0.063195 0.606610 0.066943 -0.065119 0.995630 0.057722 0.000000 0.000000 0.000000 1.000000
0.996952 -0.022219 -0.074784 0.048592 0.026343 0.998159 0.054623 0.607958 0.073433 -0.056427 0.995703 0.059681 0.000000 0.000000 0.000000 1.000000
0.996556 -0.017054 -0.081148 0.052520 0.020740 0.998781 0.044803 0.609414 0.080285 -0.046332 0.995695 0.060972 0.000000 0.000000 0.000000 1.000000
0.996043 -0.010942 -0.088193 0.056143 0.014028 0.999308 0.034439 0.610825 0.087755 -0.035540 0.995508 0.061347 0.000000 0.000000 0.000000 1.000000
0.995353 -0.004225 -0.096196 0.059370 0.006572 0.999688 0.024094 0.612149 0.096064 -0.024614 0.995071 0.060656 0.000000 0.000000 0.000000 1.000000
0.994488 0.002716 -0.104812 0.062158 -0.001325 0.999910 0.013340 0.613382 0.104839 -0.013128 0.994403 0.058853 0.000000 0.000000 0.000000 1.000000
0.993561 0.009487 -0.112901 0.064557 -0.009475 0.999955 0.000645 0.614482 0.112902 0.000429 0.993606 0.056071 0.000000 0.000000 0.000000 1.000000
0.992741 0.015765 -0.119236 0.066661 -0.017748 0.999721 -0.015581 0.615358 0.118958 0.017585 0.992744 0.052613 0.000000 0.000000 0.000000 1.000000
0.992111 0.021463 -0.123514 0.068508 -0.026009 0.999038 -0.035313 0.616002 0.122637 0.038247 0.991714 0.048751 0.000000 0.000000 0.000000 1.000000
0.991596 0.026757 -0.126578 0.070060 -0.034075 0.997849 -0.056004 0.616497 0.124807 0.059847 0.990374 0.044601 0.000000 0.000000 0.000000 1.000000
0.991069 0.031815 -0.129498 0.071299 -0.041598 0.996423 -0.073557 0.616903 0.126694 0.078287 0.988848 0.040262 0.000000 0.000000 0.000000 1.000000
0.990521 0.036511 -0.132418 0.072276 -0.048011 0.995248 -0.084716 0.617175 0.128696 0.090271 0.987567 0.035979 0.000000 0.000000 0.000000 1.000000
0.990093 0.040536 -0.134438 0.073050 -0.052799 0.994636 -0.088942 0.617242 0.130111 0.095159 0.986922 0.032060 0.000000 0.000000 0.000000 1.000000
0.989931 0.043691 -0.134636 0.073593 -0.055889 0.994534 -0.088191 0.617064 0.130047 0.094828 0.986963 0.028606 0.000000 0.000000 0.000000 1.000000
0.990036 0.046007 -0.133088 0.073793 -0.057649 0.994713 -0.084989 0.616652 0.128474 0.091814 0.987454 0.025464 0.000000 0.000000 0.000000 1.000000
0.990264 0.047525 -0.130835 0.073529 -0.058406 0.995032 -0.080623 0.616122 0.126354 0.087480 0.988120 0.022461 0.000000 0.000000 0.000000 1.000000
0.990482 0.048118 -0.128957 0.072750 -0.058109 0.995499 -0.074866 0.615665 0.124774 0.081647 0.988820 0.019578 0.000000 0.000000 0.000000 1.000000
0.990671 0.047546 -0.127712 0.071485 -0.056445 0.996156 -0.066990 0.615428 0.124036 0.073574 0.989546 0.016839 0.000000 0.000000 0.000000 1.000000
0.990916 0.045664 -0.126494 0.069794 -0.053197 0.996966 -0.056831 0.615489 0.123515 0.063044 0.990338 0.014193 0.000000 0.000000 0.000000 1.000000
0.991306 0.042630 -0.124479 0.067701 -0.048562 0.997806 -0.045009 0.615902 0.122287 0.050663 0.991201 0.011605 0.000000 0.000000 0.000000 1.000000
0.991846 0.038855 -0.121372 0.065168 -0.043076 0.998548 -0.032353 0.616623 0.119939 0.037318 0.992080 0.009098 0.000000 0.000000 0.000000 1.000000
0.992431 0.034652 -0.117815 0.062136 -0.037150 0.999128 -0.019076 0.617420 0.117051 0.023308 0.992852 0.006586 0.000000 0.000000 0.000000 1.000000
0.992885 0.030041 -0.115225 0.058616 -0.030738 0.999518 -0.004269 0.617989 0.115041 0.007780 0.993330 0.003905 0.000000 0.000000 0.000000 1.000000
0.993048 0.025007 -0.115027 0.054733 -0.023593 0.999629 0.013638 0.618308 0.115325 -0.010829 0.993269 0.001208 0.000000 0.000000 0.000000 1.000000
0.992863 0.019716 -0.117618 0.050624 -0.015653 0.999252 0.035367 0.618660 0.118227 -0.033274 0.992429 -0.000969 0.000000 0.000000 0.000000 1.000000
0.992451 0.014557 -0.121778 0.046319 -0.007358 0.998210 0.059354 0.619202 0.122424 -0.058010 0.990781 -0.002400 0.000000 0.000000 0.000000 1.000000
0.992092 0.010112 -0.125108 0.041764 0.000190 0.996627 0.082063 0.619704 0.125516 -0.081438 0.988743 -0.003644 0.000000 0.000000 0.000000 1.000000
0.992092 0.006936 -0.125319 0.036979 0.005700 0.994952 0.100189 0.619825 0.125381 -0.100111 0.987045 -0.005333 0.000000 0.000000 0.000000 1.000000
0.992585 0.005078 -0.121444 0.032100 0.008725 0.993574 0.112852 0.619509 0.121236 -0.113075 0.986162 -0.007363 0.000000 0.000000 0.000000 1.000000
0.993454 0.003687 -0.114171 0.027214 0.010320 0.992495 0.121847 0.619042 0.113764 -0.122227 0.985961 -0.009201 0.000000 0.000000 0.000000 1.000000
0.994452 0.001306 -0.105183 0.022269 0.012445 0.991439 0.129974 0.618713 0.104452 -0.130562 0.985923 -0.010621 0.000000 0.000000 0.000000 1.000000
0.995361 -0.003189 -0.096162 0.017308 0.016600 0.990154 0.138997 0.618459 0.094772 -0.139948 0.985613 -0.011796 0.000000 0.000000 0.000000 1.000000
0.996057 -0.009756 -0.088182 0.012717 0.022850 0.988614 0.148726 0.618129 0.085727 -0.150154 0.984939 -0.013100 0.000000 0.000000 0.000000 1.000000
0.996517 -0.016908 -0.081654 0.008939 0.029667 0.987045 0.157677 0.617747 0.077930 -0.159550 0.984109 -0.014114 0.000000 0.000000 0.000000 1.000000
0.996765 -0.023275 -0.076926 0.005982 0.035713 0.985730 0.164501 0.617584 0.072000 -0.166716 0.983373 -0.014745 0.000000 0.000000 0.000000 1.000000
0.996815 -0.028253 -0.074580 0.003595 0.040576 0.984731 0.169288 0.617693 0.068658 -0.171775 0.982741 -0.015117 0.000000 0.000000 0.000000 1.000000
0.996651 -0.032162 -0.075187 0.001587 0.044858 0.983757 0.173809 0.617876 0.068376 -0.176600 0.981905 -0.015465 0.000000 0.000000 0.000000 1.000000</float_array><technique_common><accessor source="#mixamorig_Hips-Matrix-animation-output-transform-array" count="135" stride="16"><param type="float4x4"/></accessor></technique_common></source><source id="mixamorig_Hips-Interpolations"><Name_array id="mixamorig_Hips-Interpolations-array" count="135">
 LINEAR LINEAR LINEAR LINEAR LINEAR LINEAR LINEAR LINEAR LINEAR LINEAR LINEAR
LINEAR LINEAR LINEAR LINEAR LINEAR LINEAR LINEAR LINEAR LINEAR LINEAR LINEAR LINEAR
LINEAR LINEAR LINEAR LINEAR LINEAR LINEAR LINEAR LINEAR LINEAR LINEAR LINEAR LINEAR
LINEAR LINEAR LINEAR LINEAR LINEAR LINEAR LINEAR LINEAR LINEAR LINEAR LINEAR LINEAR
LINEAR LINEAR LINEAR LINEAR LINEAR LINEAR LINEAR LINEAR LINEAR LINEAR LINEAR LINEAR
LINEAR LINEAR LINEAR LINEAR LINEAR LINEAR LINEAR LINEAR LINEAR LINEAR LINEAR LINEAR
LINEAR LINEAR LINEAR LINEAR LINEAR LINEAR LINEAR LINEAR LINEAR LINEAR LINEAR LINEAR
LINEAR LINEAR LINEAR LINEAR LINEAR LINEAR LINEAR LINEAR LINEAR LINEAR LINEAR LINEAR
LINEAR LINEAR LINEAR LINEAR LINEAR LINEAR LINEAR LINEAR LINEAR LINEAR LINEAR LINEAR
LINEAR LINEAR LINEAR LINEAR LINEAR LINEAR LINEAR LINEAR LINEAR LINEAR LINEAR LINEAR
LINEAR LINEAR LINEAR LINEAR LINEAR LINEAR LINEAR LINEAR LINEAR LINEAR LINEAR LINEAR
LINEAR LINEAR LINEAR LINEAR</Name_array><technique_common><accessor source="#mixamorig_Hips-Interpolations-array" count="135"><param type="name"/></accessor></technique_common></source><sampler id="mixamorig_Hips-Matrix-animation-transform"><input semantic="INPUT" source="#mixamorig_Hips-Matrix-animation-input"/><input semantic="OUTPUT" source="#mixamorig_Hips-Matrix-animation-output-transform"/><input semantic="INTERPOLATION" source="#mixamorig_Hips-Interpolations"/></sampler><channel source="#mixamorig_Hips-Matrix-animation-transform" target="mixamorig_Hips/matrix"/></animation>
    <animation id="mixamorig_Spine-anim" name="mixamorig_Spine"><source id="mixamorig_Spine-Matrix-animation-input"><float_array id="mixamorig_Spine-Matrix-animation-input-array" count="135">

0.000000 0.033333 0.066667 0.100000 0.133333 0.166667 0.200000 0.233333 0.266667 0.300000 0.333333 0.366667 0.400000 0.433333 0.466667 0.500000
0.533333 0.566667 0.600000 0.633333 0.666667 0.700000 0.733333 0.766667 0.800000 0.833333 0.866667 0.900000 0.933333 0.966667 1.000000 1.033333
1.066667 1.100000 1.133333 1.166667 1.200000 1.233333 1.266667 1.300000 1.333333 1.366667 1.400000 1.433333 1.466667 1.500000 1.533333 1.566667
1.600000 1.633333 1.666667 1.700000 1.733333 1.766667 1.800000 1.833333 1.866667 1.900000 1.933333 1.966667 2.000000 2.033333 2.066667 2.100000
2.133333 2.166667 2.200000 2.233333 2.266667 2.300000 2.333333 2.366667 2.400000 2.433333 2.466667 2.500000 2.533333 2.566667 2.600000 2.633333
2.666667 2.700000 2.733333 2.766667 2.800000 2.833333 2.866667 2.900000 2.933333 2.966667 3.000000 3.033333 3.066667 3.100000 3.133333 3.166667
3.200000 3.233333 3.266667 3.300000 3.333333 3.366667 3.400000 3.433333 3.466667 3.500000 3.533333 3.566667 3.600000 3.633333 3.666667 3.700000
3.733333 3.766667 3.800000 3.833333 3.866667 3.900000 3.933333 3.966667 4.000000 4.033333 4.066667 4.100000 4.133333 4.166667 4.200000 4.233333
4.266667 4.300000 4.333333 4.366667 4.400000 4.433333 4.466667</float_array><technique_common><accessor source="#mixamorig_Spine-Matrix-animation-input-array" count="135"><param name="TIME" type="float"/></accessor></technique_common></source><source id="mixamorig_Spine-Matrix-animation-output-transform"><float_array id="mixamorig_Spine-Matrix-animation-output-transform-array" count="2160">

0.999102 0.041155 0.010102 0.000000 -0.039201 0.988127 -0.148554 0.080600 -0.016096 0.148025 0.988853 0.009800 0.000000 0.000000 0.000000 1.000000
0.999344 0.035588 0.006704 0.000000 -0.034300 0.989556 -0.140006 0.080600 -0.011617 0.139685 0.990128 0.009800 0.000000 0.000000 0.000000 1.000000
0.999539 0.030180 0.003190 0.000000 -0.029504 0.990970 -0.130794 0.080600 -0.007108 0.130639 0.991404 0.009800 0.000000 0.000000 0.000000 1.000000
0.999692 0.024823 -0.000520 0.000000 -0.024704 0.992361 -0.120870 0.080600 -0.002484 0.120845 0.992668 0.009800 0.000000 0.000000 0.000000 1.000000
0.999797 0.019673 -0.004259 -0.000000 -0.020024 0.993630 -0.110902 0.080600 0.002050 0.110965 0.993822 0.009800 0.000000 0.000000 0.000000 1.000000
0.999857 0.015103 -0.007574 -0.000000 -0.015797 0.994665 -0.101943 0.080600 0.005994 0.102048 0.994761 0.009800 0.000000 0.000000 0.000000 1.000000
0.999887 0.011292 -0.009965 -0.000000 -0.012186 0.995421 -0.094805 0.080600 0.008849 0.094916 0.995446 0.009800 0.000000 0.000000 0.000000 1.000000
0.999907 0.007654 -0.011278 0.000000 -0.008635 0.995929 -0.089726 0.080600 0.010546 0.089815 0.995903 0.009800 0.000000 0.000000 0.000000 1.000000
0.999924 0.003704 -0.011761 0.000000 -0.004708 0.996242 -0.086483 0.080600 0.011396 0.086532 0.996184 0.009800 0.000000 0.000000 0.000000 1.000000
0.999929 -0.000657 -0.011922 0.000000 -0.000355 0.996406 -0.084706 0.080600 0.011935 0.084704 0.996335 0.009800 0.000000 0.000000 0.000000 1.000000
0.999912 -0.005222 -0.012214 -0.000000 0.004179 0.996460 -0.083965 0.080600 0.012609 0.083906 0.996394 0.009800 0.000000 0.000000 0.000000 1.000000
0.999871 -0.009783 -0.012777 0.000000 0.008678 0.996446 -0.083784 0.080600 0.013551 0.083662 0.996402 0.009800 0.000000 0.000000 0.000000 1.000000
0.999808 -0.014221 -0.013448 0.000000 0.013046 0.996400 -0.083767 0.080600 0.014590 0.083576 0.996395 0.009800 0.000000 0.000000 0.000000 1.000000
0.999733 -0.018430 -0.013972 0.000000 0.017197 0.996337 -0.083762 0.080600 0.015465 0.083500 0.996388 0.009800 0.000000 0.000000 0.000000 1.000000
0.999650 -0.022316 -0.014210 0.000000 0.021047 0.996251 -0.083906 0.080600 0.016029 0.083577 0.996372 0.009800 0.000000 0.000000 0.000000 1.000000
0.999565 -0.025859 -0.014153 0.000000 0.024574 0.996121 -0.084496 0.080600 0.016284 0.084112 0.996323 0.009800 0.000000 0.000000 0.000000 1.000000
0.999481 -0.029083 -0.013884 0.000000 0.027788 0.995928 -0.085765 0.080600 0.016322 0.085335 0.996219 0.009800 0.000000 0.000000 0.000000 1.000000
0.999396 -0.031975 -0.013575 0.000000 0.030664 0.995673 -0.087719 0.080600 0.016321 0.087249 0.996053 0.009800 0.000000 0.000000 0.000000 1.000000
0.999316 -0.034456 -0.013451 0.000000 0.033106 0.995375 -0.090183 0.080600 0.016496 0.089676 0.995834 0.009800 0.000000 0.000000 0.000000 1.000000
0.999244 -0.036418 -0.013637 0.000000 0.034996 0.995050 -0.093012 0.080600 0.016957 0.092464 0.995572 0.009800 0.000000 0.000000 0.000000 1.000000
0.999190 -0.037705 -0.014029 0.000000 0.036185 0.994704 -0.096196 0.080600 0.017582 0.095610 0.995264 0.009800 0.000000 0.000000 0.000000 1.000000
0.999169 -0.038136 -0.014394 0.000000 0.036515 0.994345 -0.099719 0.080600 0.018115 0.099110 0.994912 0.009800 0.000000 0.000000 0.000000 1.000000
0.999181 -0.037736 -0.014637 0.000000 0.036025 0.993988 -0.103395 0.080600 0.018451 0.102783 0.994533 0.009800 0.000000 0.000000 0.000000 1.000000
0.999211 -0.036834 -0.014881 0.000000 0.035036 0.993648 -0.106940 0.080600 0.018726 0.106334 0.994154 0.009800 0.000000 0.000000 0.000000 1.000000
0.999241 -0.035829 -0.015256 0.000000 0.033934 0.993328 -0.110218 0.080600 0.019103 0.109617 0.993790 0.009800 0.000000 0.000000 0.000000 1.000000
0.999252 -0.035309 -0.015776 -0.000000 0.033298 0.992993 -0.113387 0.080600 0.019669 0.112776 0.993426 0.009800 0.000000 0.000000 0.000000 1.000000
0.999227 -0.035769 -0.016279 0.000000 0.033631 0.992602 -0.116659 0.080600 0.020332 0.116022 0.993039 0.009800 0.000000 0.000000 0.000000 1.000000
0.999178 -0.037041 -0.016477 0.000000 0.034802 0.992165 -0.119992 0.080600 0.020793 0.119320 0.992638 0.009800 0.000000 0.000000 0.000000 1.000000
0.999130 -0.038425 -0.016194 0.000000 0.036143 0.991724 -0.123193 0.080600 0.020794 0.122501 0.992251 0.009800 0.000000 0.000000 0.000000 1.000000
0.999109 -0.039267 -0.015496 0.000000 0.036998 0.991285 -0.126435 0.080600 0.020326 0.125749 0.991854 0.009800 0.000000 0.000000 0.000000 1.000000
0.999125 -0.039239 -0.014481 0.000000 0.037019 0.990754 -0.130524 0.080600 0.019469 0.129874 0.991339 0.009800 0.000000 0.000000 0.000000 1.000000
0.999183 -0.038260 -0.013038 0.000000 0.036127 0.989985 -0.136472 0.080600 0.018129 0.135889 0.990558 0.009800 0.000000 0.000000 0.000000 1.000000
0.999274 -0.036468 -0.010981 -0.000000 0.034499 0.988873 -0.144708 0.080600 0.016136 0.144224 0.989413 0.009800 0.000000 0.000000 0.000000 1.000000
0.999379 -0.034201 -0.008429 0.000000 0.032487 0.987432 -0.154670 0.080600 0.013613 0.154300 0.987930 0.009800 0.000000 0.000000 0.000000 1.000000
0.999474 -0.031862 -0.005980 0.000000 0.030438 0.985801 -0.165136 0.080600 0.011157 0.164867 0.986253 0.009800 0.000000 0.000000 0.000000 1.000000
0.999557 -0.029457 -0.004321 0.000000 0.028248 0.984184 -0.174880 0.080600 0.009404 0.174681 0.984580 0.009800 0.000000 0.000000 0.000000 1.000000
0.999645 -0.026394 -0.003655 -0.000000 0.025279 0.982768 -0.183106 0.080600 0.008425 0.182949 0.983086 0.009800 0.000000 0.000000 0.000000 1.000000
0.999753 -0.021948 -0.003554 -0.000000 0.020876 0.981648 -0.189554 0.080600 0.007649 0.189433 0.981864 0.009800 0.000000 0.000000 0.000000 1.000000
0.999864 -0.016160 -0.003315 -0.000000 0.015206 0.980786 -0.194495 0.080600 0.006394 0.194418 0.980898 0.009800 0.000000 0.000000 0.000000 1.000000
0.999953 -0.009277 -0.002670 -0.000000 0.008562 0.980043 -0.198599 0.080600 0.004459 0.198567 0.980077 0.009800 0.000000 0.000000 0.000000 1.000000
0.999996 -0.001949 -0.001884 0.000000 0.001526 0.979245 -0.202676 0.080600 0.002240 0.202673 0.979244 0.009800 0.000000 0.000000 0.000000 1.000000
0.999986 0.005122 -0.001332 0.000000 -0.005287 0.978289 -0.207177 0.080600 0.000242 0.207181 0.978303 0.009800 0.000000 0.000000 0.000000 1.000000
0.999932 0.011614 -0.001104 0.000000 -0.011585 0.977232 -0.211857 0.080600 -0.001381 0.211856 0.977300 0.009800 0.000000 0.000000 0.000000 1.000000
0.999845 0.017579 -0.000987 0.000000 -0.017377 0.976242 -0.215987 0.080600 -0.002834 0.215971 0.976396 0.009800 0.000000 0.000000 0.000000 1.000000
0.999737 0.022927 -0.000637 0.000000 -0.022510 0.975470 -0.218979 0.080600 -0.004399 0.218936 0.975729 0.009800 0.000000 0.000000 0.000000 1.000000
0.999616 0.027692 0.000072 -0.000000 -0.026993 0.974942 -0.220814 0.080600 -0.006185 0.220728 0.975316 0.009800 0.000000 0.000000 0.000000 1.000000
0.999488 0.031980 0.001041 -0.000000 -0.030951 0.974551 -0.222017 0.080600 -0.008115 0.221871 0.975042 0.009800 0.000000 0.000000 0.000000 1.000000
0.999356 0.035826 0.002104 0.000000 -0.034452 0.974157 -0.223228 0.080600 -0.010047 0.223012 0.974764 0.009800 0.000000 0.000000 0.000000 1.000000
0.999228 0.039152 0.003139 0.000000 -0.037446 0.973699 -0.224741 0.080600 -0.011855 0.224450 0.974414 0.009800 0.000000 0.000000 0.000000 1.000000
0.999115 0.041860 0.004032 0.000000 -0.039862 0.973240 -0.226306 0.080600 -0.013397 0.225945 0.974048 0.009800 0.000000 0.000000 0.000000 1.000000
0.999027 0.043866 0.004542 -0.000000 -0.041686 0.972919 -0.227357 0.080600 -0.014392 0.226947 0.973801 0.009800 0.000000 0.000000 0.000000 1.000000
0.998974 0.045078 0.004249 0.000000 -0.042931 0.972830 -0.227504 0.080600 -0.014389 0.227088 0.973768 0.009800 0.000000 0.000000 0.000000 1.000000
0.998965 0.045402 0.002800 0.000000 -0.043583 0.972934 -0.226934 0.080600 -0.013027 0.226577 0.973906 0.009800 0.000000 0.000000 0.000000 1.000000
0.998999 0.044728 0.000265 0.000000 -0.043507 0.973068 -0.226374 0.080600 -0.010383 0.226136 0.974040 0.009800 0.000000 0.000000 0.000000 1.000000
0.999067 0.043105 -0.002781 0.000000 -0.042614 0.973072 -0.226527 0.080600 -0.007058 0.226434 0.974001 0.009800 0.000000 0.000000 0.000000 1.000000
0.999152 0.040797 -0.005631 -0.000000 -0.041009 0.972941 -0.227387 0.080600 -0.003798 0.227425 0.973788 0.009800 0.000000 0.000000 0.000000 1.000000
0.999244 0.038058 -0.007957 0.000000 -0.038870 0.972871 -0.228061 0.080600 -0.000939 0.228198 0.973614 0.009800 0.000000 0.000000 0.000000 1.000000
0.999338 0.034979 -0.009980 0.000000 -0.036333 0.973137 -0.227343 0.080600 0.001759 0.227555 0.973764 0.009800 0.000000 0.000000 0.000000 1.000000
0.999436 0.031300 -0.012136 -0.000000 -0.033227 0.973870 -0.224663 0.080600 0.004787 0.224939 0.974361 0.009800 0.000000 0.000000 0.000000 1.000000
0.999539 0.026633 -0.014605 0.000000 -0.029200 0.974937 -0.220555 0.080600 0.008365 0.220879 0.975265 0.009800 0.000000 0.000000 0.000000 1.000000
0.999634 0.020911 -0.017136 0.000000 -0.024124 0.976055 -0.216182 0.080600 0.012205 0.216516 0.976203 0.009800 0.000000 0.000000 0.000000 1.000000
0.999708 0.014607 -0.019259 -0.000000 -0.018366 0.977031 -0.212304 0.080600 0.015716 0.212595 0.977014 0.009800 0.000000 0.000000 0.000000 1.000000
0.999749 0.008595 -0.020682 -0.000000 -0.012723 0.977915 -0.208617 0.080600 0.018433 0.208828 0.977779 0.009800 0.000000 0.000000 0.000000 1.000000
0.999762 0.003708 -0.021488 0.000000 -0.008017 0.978925 -0.204062 0.080600 0.020278 0.204185 0.978722 0.009800 0.000000 0.000000 0.000000 1.000000
0.999759 0.000419 -0.021972 -0.000000 -0.004758 0.980231 -0.197801 0.080600 0.021455 0.197858 0.979996 0.009800 0.000000 0.000000 0.000000 1.000000
0.999750 -0.001199 -0.022311 0.000000 -0.003063 0.981780 -0.189999 0.080600 0.022132 0.190020 0.981531 0.009800 0.000000 0.000000 0.000000 1.000000
0.999747 -0.001406 -0.022430 0.000000 -0.002695 0.983344 -0.181732 0.080600 0.022312 0.181747 0.983092 0.009800 0.000000 0.000000 0.000000 1.000000
0.999753 -0.000760 -0.022207 0.000000 -0.003121 0.984711 -0.174169 0.080600 0.021999 0.174195 0.984465 0.009800 0.000000 0.000000 0.000000 1.000000
0.999764 -0.000092 -0.021732 -0.000000 -0.003555 0.985828 -0.167724 0.080600 0.021440 0.167762 0.985594 0.009800 0.000000 0.000000 0.000000 1.000000
0.999773 -0.000253 -0.021324 -0.000000 -0.003202 0.986813 -0.161834 0.080600 0.021084 0.161866 0.986588 0.009800 0.000000 0.000000 0.000000 1.000000
0.999772 -0.001739 -0.021287 0.000000 -0.001593 0.987832 -0.155514 0.080600 0.021298 0.155512 0.987604 0.009800 0.000000 0.000000 0.000000 1.000000
0.999754 -0.004468 -0.021711 0.000000 0.001201 0.988952 -0.148232 0.080600 0.022133 0.148169 0.988714 0.009800 0.000000 0.000000 0.000000 1.000000
0.999717 -0.007797 -0.022475 0.000000 0.004565 0.990084 -0.140405 0.080600 0.023346 0.140263 0.989839 0.009800 0.000000 0.000000 0.000000 1.000000
0.999667 -0.010880 -0.023398 -0.000000 0.007671 0.991073 -0.133101 0.080600 0.024637 0.132877 0.990826 0.009800 0.000000 0.000000 0.000000 1.000000
0.999616 -0.013175 -0.024379 0.000000 0.009969 0.991821 -0.127243 0.080600 0.025856 0.126951 0.991572 0.009800 0.000000 0.000000 0.000000 1.000000
0.999570 -0.014634 -0.025405 -0.000000 0.011400 0.992336 -0.123045 0.080600 0.027011 0.122703 0.992076 0.009800 0.000000 0.000000 0.000000 1.000000
0.999528 -0.015588 -0.026475 0.000000 0.012300 0.992686 -0.120096 0.080600 0.028153 0.119713 0.992409 0.009800 0.000000 0.000000 0.000000 1.000000
0.999484 -0.016510 -0.027553 0.000000 0.013154 0.992946 -0.117836 0.080600 0.029304 0.117412 0.992651 0.009800 0.000000 0.000000 0.000000 1.000000
0.999433 -0.017787 -0.028591 -0.000000 0.014360 0.993156 -0.115908 0.080600 0.030457 0.115432 0.992848 0.009800 0.000000 0.000000 0.000000 1.000000
0.999373 -0.019535 -0.029545 0.000000 0.016040 0.993328 -0.114204 0.080600 0.031579 0.113658 0.993018 0.009800 0.000000 0.000000 0.000000 1.000000
0.999308 -0.021516 -0.030352 0.000000 0.017966 0.993462 -0.112744 0.080600 0.032579 0.112121 0.993160 0.009800 0.000000 0.000000 0.000000 1.000000
0.999251 -0.023300 -0.030901 0.000000 0.019717 0.993560 -0.111575 0.080600 0.033302 0.110882 0.993275 0.009800 0.000000 0.000000 0.000000 1.000000
0.999216 -0.024566 -0.031053 0.000000 0.020989 0.993633 -0.110696 0.080600 0.033574 0.109957 0.993369 0.009800 0.000000 0.000000 0.000000 1.000000
0.999214 -0.025120 -0.030667 0.000000 0.021604 0.993693 -0.110031 0.080600 0.033238 0.109282 0.993455 0.009800 0.000000 0.000000 0.000000 1.000000
0.999253 -0.024782 -0.029645 0.000000 0.021398 0.993758 -0.109486 0.080600 0.032173 0.108770 0.993546 0.009800 0.000000 0.000000 0.000000 1.000000
0.999334 -0.023405 -0.027980 -0.000000 0.020223 0.993831 -0.109048 0.080600 0.030360 0.108410 0.993643 0.009800 0.000000 0.000000 0.000000 1.000000
0.999445 -0.021074 -0.025814 0.000000 0.018146 0.993896 -0.108817 0.080600 0.027950 0.108288 0.993727 0.009800 0.000000 0.000000 0.000000 1.000000
0.999559 -0.018218 -0.023470 0.000000 0.015559 0.993931 -0.108903 0.080600 0.025312 0.108490 0.993775 0.009800 0.000000 0.000000 0.000000 1.000000
0.999650 -0.015535 -0.021402 0.000000 0.013106 0.993922 -0.109304 0.080600 0.022970 0.108985 0.993778 0.009800 0.000000 0.000000 0.000000 1.000000
0.999707 -0.013670 -0.019982 -0.000000 0.011394 0.993882 -0.109860 0.080600 0.021362 0.109600 0.993746 0.009800 0.000000 0.000000 0.000000 1.000000
0.999731 -0.012924 -0.019257 0.000000 0.010721 0.993830 -0.110396 0.080600 0.020565 0.110160 0.993701 0.009800 0.000000 0.000000 0.000000 1.000000
0.999734 -0.013148 -0.018923 0.000000 0.010970 0.993771 -0.110905 0.080600 0.020264 0.110668 0.993651 0.009800 0.000000 0.000000 0.000000 1.000000
0.999731 -0.013882 -0.018582 0.000000 0.011724 0.993681 -0.111630 0.080600 0.020015 0.111382 0.993576 0.009800 0.000000 0.000000 0.000000 1.000000
0.999731 -0.014602 -0.017999 0.000000 0.012477 0.993522 -0.112956 0.080600 0.019532 0.112702 0.993437 0.009800 0.000000 0.000000 0.000000 1.000000
0.999742 -0.014890 -0.017140 0.000000 0.012818 0.993258 -0.115217 0.080600 0.018740 0.114968 0.993192 0.009800 0.000000 0.000000 0.000000 1.000000
0.999765 -0.014548 -0.016070 -0.000000 0.012543 0.992872 -0.118521 0.080600 0.017680 0.118291 0.992822 0.009800 0.000000 0.000000 0.000000 1.000000
0.999795 -0.013691 -0.014902 0.000000 0.011761 0.992377 -0.122677 0.080600 0.016468 0.122476 0.992335 0.009800 0.000000 0.000000 0.000000 1.000000
