<?xml version="1.0" encoding="utf-8"?>
<COLLADA xmlns="http://www.collada.org/2005/11/COLLADASchema" version="1.4.1">
  <asset><contributor><author>Mixamo</author><authoring_tool>COLLADA Mixamo exporter</authoring_tool><comments></comments></contributor><created>2020-06-05T17:30:04Z</created><modified>2020-06-05T17:30:04Z</modified><revision></revision><title></title><unit meter="0.010000"/><up_axis>Y_UP</up_axis></asset>
  <library_animations>
    <animation id="mixamorig_Hips-anim" name="mixamorig_Hips"><source id="mixamorig_Hips-Matrix-animation-input"><float_array id="mixamorig_Hips-Matrix-animation-input-array" count="84">

0.000000 0.033333 0.066667 0.100000 0.133333 0.166667 0.200000 0.233333 0.266667 0.300000 0.333333 0.366667 0.400000 0.433333 0.466667 0.500000
0.533333 0.566667 0.600000 0.633333 0.666667 0.700000 0.733333 0.766667 0.800000 0.833333 0.866667 0.900000 0.933333 0.966667 1.000000 1.033333
1.066667 1.100000 1.133333 1.166667 1.200000 1.233333 1.266667 1.300000 1.333333 1.366667 1.400000 1.433333 1.466667 1.500000 1.533333 1.566667
1.600000 1.633333 1.666667 1.700000 1.733333 1.766667 1.800000 1.833333 1.866667 1.900000 1.933333 1.966667 2.000000 2.033333 2.066667 2.100000
2.133333 2.166667 2.200000 2.233333 2.266667 2.300000 2.333333 2.366667 2.400000 2.433333 2.466667 2.500000 2.533333 2.566667 2.600000 2.633333
2.666667 2.700000 2.733333 2.766667</float_array><technique_common><accessor source="#mixamorig_Hips-Matrix-animation-input-array" count="84"><param name="TIME" type="float"/></accessor></technique_common></source><source id="mixamorig_Hips-Matrix-animation-output-transform"><float_array id="mixamorig_Hips-Matrix-animation-output-transform-array" count="1344">

0.999432 0.029494 -0.016291 0.003018 -0.029410 0.999553 0.005385 0.550379 0.016443 -0.004903 0.999853 -0.007876 0.000000 0.000000 0.000000 1.000000
0.999424 0.029627 -0.016560 0.003053 -0.029683 0.999554 -0.003125 0.552116 0.016460 0.003615 0.999858 -0.007572 0.000000 0.000000 0.000000 1.000000
0.999425 0.029482 -0.016754 0.002904 -0.029718 0.999460 -0.014021 0.555280 0.016331 0.014511 0.999761 -0.007254 0.000000 0.000000 0.000000 1.000000
0.999418 0.029597 -0.016932 0.002740 -0.030038 0.999199 -0.026445 0.556264 0.016136 0.026938 0.999507 -0.006740 0.000000 0.000000 0.000000 1.000000
0.999424 0.029291 -0.017117 0.002464 -0.029950 0.998766 -0.039616 0.551868 0.015936 0.040105 0.999068 -0.005917 0.000000 0.000000 0.000000 1.000000
0.999350 0.031262 -0.017937 0.002970 -0.032165 0.998105 -0.052450 0.537831 0.016263 0.052993 0.998462 -0.004612 0.000000 0.000000 0.000000 1.000000
0.999307 0.032085 -0.018889 0.003270 -0.033240 0.997368 -0.064434 0.510869 0.016772 0.065018 0.997743 -0.002997 0.000000 0.000000 0.000000 1.000000
0.999278 0.032293 -0.020033 0.003637 -0.033706 0.996637 -0.074694 0.474001 0.017554 0.075315 0.997005 0.000716 0.000000 0.000000 0.000000 1.000000
0.999275 0.031674 -0.021109 0.003969 -0.033322 0.995995 -0.082962 0.435819 0.018397 0.083606 0.996329 0.007720 0.000000 0.000000 0.000000 1.000000
0.999287 0.030514 -0.022222 0.004283 -0.032428 0.995272 -0.091558 0.398340 0.019323 0.092214 0.995552 0.017215 0.000000 0.000000 0.000000 1.000000
0.999311 0.028788 -0.023413 0.004486 -0.030994 0.994495 -0.100096 0.363784 0.020403 0.100753 0.994702 0.027553 0.000000 0.000000 0.000000 1.000000
0.999330 0.027003 -0.024698 0.004682 -0.029510 0.993768 -0.107491 0.334822 0.021641 0.108148 0.993899 0.037368 0.000000 0.000000 0.000000 1.000000
0.999338 0.025664 -0.025796 0.004809 -0.028391 0.993344 -0.111635 0.314640 0.022760 0.112293 0.993414 0.045692 0.000000 0.000000 0.000000 1.000000
0.999341 0.025229 -0.026083 0.004673 -0.027914 0.993722 -0.108337 0.306780 0.023186 0.108994 0.993772 0.052117 0.000000 0.000000 0.000000 1.000000
0.999390 0.024134 -0.025236 0.004072 -0.026550 0.994610 -0.100231 0.307848 0.022681 0.100840 0.994644 0.057131 0.000000 0.000000 0.000000 1.000000
0.999527 0.018349 -0.024663 0.003242 -0.020369 0.996231 -0.084309 0.320799 0.023023 0.084772 0.996134 0.062324 0.000000 0.000000 0.000000 1.000000
0.999162 0.031237 -0.026457 0.003331 -0.033843 0.993940 -0.104586 0.452370 0.023030 0.105393 0.994164 0.116399 0.000000 0.000000 0.000000 1.000000
0.999185 0.034700 -0.020628 0.001652 -0.037136 0.990460 -0.132701 0.633566 0.015826 0.133359 0.990941 0.177408 0.000000 0.000000 0.000000 1.000000
0.999318 0.036129 0.007681 0.005868 -0.034261 0.984374 -0.172726 0.786346 -0.013802 0.172345 0.984940 0.230866 0.000000 0.000000 0.000000 1.000000
0.999534 -0.013583 0.027338 0.001562 0.018389 0.982745 -0.184047 0.930447 -0.024367 0.184464 0.982537 0.283406 0.000000 0.000000 0.000000 1.000000
0.999498 -0.011150 0.029669 0.006565 0.015466 0.988644 -0.149482 1.029145 -0.027666 0.149865 0.988319 0.317785 0.000000 0.000000 0.000000 1.000000
0.999269 0.008529 0.037271 0.010618 -0.004102 0.993092 -0.117268 1.116265 -0.038014 0.117029 0.992401 0.340651 0.000000 0.000000 0.000000 1.000000
0.998958 0.010048 0.044510 0.007495 -0.005133 0.994007 -0.109193 1.206611 -0.045341 0.108851 0.993023 0.360952 0.000000 0.000000 0.000000 1.000000
0.998453 0.008171 0.054998 0.005965 -0.002589 0.994903 -0.100806 1.296897 -0.055541 0.100508 0.993385 0.375957 0.000000 0.000000 0.000000 1.000000
0.996519 0.011309 0.082599 0.007942 -0.003874 0.995968 -0.089627 1.384582 -0.083279 0.088994 0.992544 0.389236 0.000000 0.000000 0.000000 1.000000
0.994050 0.012179 0.108238 0.008155 -0.000968 0.994678 -0.103027 1.465518 -0.108916 0.102310 0.988772 0.407690 0.000000 0.000000 0.000000 1.000000
0.993795 0.007441 0.110977 0.004700 0.008746 0.989443 -0.144661 1.533243 -0.110882 0.144734 0.983238 0.431032 0.000000 0.000000 0.000000 1.000000
0.994815 -0.000161 0.101703 0.000477 0.019255 0.982212 -0.186788 1.586053 -0.099863 0.187778 0.977122 0.462642 0.000000 0.000000 0.000000 1.000000
0.995071 -0.005192 0.099028 -0.002956 0.026168 0.976980 -0.211720 1.622918 -0.095649 0.213268 0.972300 0.502943 0.000000 0.000000 0.000000 1.000000
0.995179 -0.013641 0.097121 -0.002925 0.035328 0.973661 -0.225247 1.641200 -0.091490 0.227593 0.969449 0.544350 0.000000 0.000000 0.000000 1.000000
0.994832 -0.023205 0.098850 -0.000670 0.045055 0.973329 -0.224946 1.644041 -0.090994 0.228237 0.969344 0.589978 0.000000 0.000000 0.000000 1.000000
0.993870 -0.029256 0.106617 0.003118 0.051994 0.974741 -0.217204 1.635946 -0.097569 0.221415 0.970286 0.636877 0.000000 0.000000 0.000000 1.000000
0.992771 -0.032128 0.115640 0.006451 0.055481 0.977229 -0.204807 1.620172 -0.106427 0.209743 0.971947 0.677803 0.000000 0.000000 0.000000 1.000000
0.992015 -0.032720 0.121805 0.008795 0.055615 0.980282 -0.189618 1.597660 -0.113199 0.194878 0.974273 0.714605 0.000000 0.000000 0.000000 1.000000
0.991435 -0.030675 0.126947 0.011385 0.052786 0.983211 -0.174673 1.567334 -0.119458 0.179878 0.976409 0.749740 0.000000 0.000000 0.000000 1.000000
0.990918 -0.029310 0.131234 0.013188 0.050928 0.985054 -0.164543 1.528899 -0.124450 0.169732 0.977601 0.784796 0.000000 0.000000 0.000000 1.000000
0.990117 -0.030786 0.136826 0.014155 0.053237 0.985091 -0.163592 1.483895 -0.129749 0.169259 0.976994 0.822524 0.000000 0.000000 0.000000 1.000000
0.988729 -0.035166 0.145527 0.015139 0.060565 0.982885 -0.173977 1.432150 -0.136918 0.180830 0.973937 0.862966 0.000000 0.000000 0.000000 1.000000
0.986857 -0.041403 0.156200 0.016561 0.071672 0.978487 -0.193457 1.369468 -0.144830 0.202110 0.968595 0.904229 0.000000 0.000000 0.000000 1.000000
0.985578 -0.058022 0.158967 0.016591 0.092230 0.971778 -0.217120 1.292917 -0.141883 0.228650 0.963114 0.943729 0.000000 0.000000 0.000000 1.000000
0.984755 -0.082179 0.153314 0.016185 0.117674 0.963808 -0.239223 1.202375 -0.128106 0.253617 0.958784 0.977206 0.000000 0.000000 0.000000 1.000000
0.984055 -0.102534 0.145334 0.016114 0.137751 0.956256 -0.258069 1.103027 -0.112515 0.273974 0.955133 1.003949 0.000000 0.000000 0.000000 1.000000
0.982845 -0.117075 0.142511 0.016493 0.153017 0.948988 -0.275694 0.999330 -0.102965 0.292772 0.950622 1.024569 0.000000 0.000000 0.000000 1.000000
0.978352 -0.141498 0.151017 0.014139 0.180703 0.939767 -0.290145 0.905187 -0.100866 0.311153 0.944992 1.046926 0.000000 0.000000 0.000000 1.000000
0.978943 -0.124325 0.161905 0.018751 0.167314 0.943060 -0.287478 0.805525 -0.116946 0.308514 0.944004 1.055484 0.000000 0.000000 0.000000 1.000000
0.982740 -0.092427 0.160245 0.023576 0.132611 0.955942 -0.261895 0.715115 -0.128979 0.278625 0.951700 1.055598 0.000000 0.000000 0.000000 1.000000
0.989901 -0.034505 0.137494 0.031672 0.064155 0.973955 -0.217474 0.577860 -0.126409 0.224099 0.966333 1.054003 0.000000 0.000000 0.000000 1.000000
0.992487 -0.012294 0.121732 0.036410 0.034247 0.983083 -0.179930 0.433466 -0.117461 0.182747 0.976118 1.055590 0.000000 0.000000 0.000000 1.000000
0.993013 0.011085 0.117484 0.038800 0.009789 0.984409 -0.175625 0.321149 -0.117599 0.175548 0.977422 1.060493 0.000000 0.000000 0.000000 1.000000
0.989236 0.039919 0.140775 0.041625 -0.007947 0.975305 -0.220718 0.250475 -0.146110 0.217224 0.965125 1.067828 0.000000 0.000000 0.000000 1.000000
0.989749 0.062470 0.128430 0.045980 -0.018212 0.947126 -0.320344 0.239857 -0.141652 0.314721 0.938555 1.077044 0.000000 0.000000 0.000000 1.000000
0.992033 0.060310 0.110604 0.052318 -0.010549 0.914643 -0.404124 0.244303 -0.125536 0.399737 0.907993 1.090043 0.000000 0.000000 0.000000 1.000000
0.993717 0.048766 0.100736 0.054186 -0.001608 0.906205 -0.422836 0.251577 -0.111907 0.420018 0.900590 1.100871 0.000000 0.000000 0.000000 1.000000
0.994861 0.040307 0.092878 0.053605 0.002122 0.908842 -0.417136 0.261828 -0.101225 0.415190 0.904086 1.108739 0.000000 0.000000 0.000000 1.000000
0.994788 0.036969 0.095030 0.052273 0.004514 0.915086 -0.403234 0.273384 -0.101868 0.401561 0.910149 1.115139 0.000000 0.000000 0.000000 1.000000
0.994974 0.044081 0.089907 0.051277 -0.003293 0.911804 -0.410612 0.286723 -0.100078 0.408252 0.907367 1.123011 0.000000 0.000000 0.000000 1.000000
0.994534 0.057330 0.087270 0.049902 -0.014123 0.901966 -0.431576 0.301444 -0.103457 0.427984 0.897845 1.131655 0.000000 0.000000 0.000000 1.000000
0.993150 0.073603 0.090745 0.048637 -0.025082 0.892842 -0.449671 0.316242 -0.114119 0.444315 0.888573 1.139931 0.000000 0.000000 0.000000 1.000000
0.991725 0.087305 0.094122 0.047007 -0.033059 0.882107 -0.469888 0.329756 -0.124049 0.462888 0.877694 1.148104 0.000000 0.000000 0.000000 1.000000
0.990455 0.093723 0.101071 0.044632 -0.032911 0.872848 -0.486880 0.340896 -0.133851 0.478907 0.867601 1.155848 0.000000 0.000000 0.000000 1.000000
0.989325 0.098077 0.107783 0.042107 -0.030760 0.863506 -0.503400 0.344627 -0.142443 0.494711 0.857304 1.162468 0.000000 0.000000 0.000000 1.000000
0.988597 0.103177 0.109684 0.040024 -0.031006 0.852245 -0.522223 0.345732 -0.147360 0.512867 0.845726 1.167911 0.000000 0.000000 0.000000 1.000000
0.987980 0.105491 0.112995 0.038189 -0.028574 0.842991 -0.537168 0.346421 -0.151920 0.527483 0.835872 1.172295 0.000000 0.000000 0.000000 1.000000
0.987508 0.103910 0.118451 0.036512 -0.023140 0.839227 -0.543289 0.346545 -0.155861 0.533762 0.831147 1.175228 0.000000 0.000000 0.000000 1.000000
0.987389 0.100369 0.122432 0.035240 -0.018316 0.840579 -0.541380 0.344419 -0.157252 0.532310 0.831816 1.176134 0.000000 0.000000 0.000000 1.000000
0.987734 0.094936 0.123968 0.034306 -0.014103 0.844934 -0.534685 0.339473 -0.155506 0.526378 0.835909 1.175027 0.000000 0.000000 0.000000 1.000000
0.988530 0.087931 0.122790 0.033465 -0.010083 0.849643 -0.527262 0.333497 -0.150691 0.519976 0.840784 1.172585 0.000000 0.000000 0.000000 1.000000
0.989480 0.080420 0.120261 0.032792 -0.006552 0.855322 -0.518056 0.327314 -0.144524 0.511818 0.846850 1.166883 0.000000 0.000000 0.000000 1.000000
0.990685 0.070265 0.116643 0.032149 -0.002152 0.864555 -0.502533 0.321884 -0.136155 0.497601 0.856653 1.158822 0.000000 0.000000 0.000000 1.000000
0.992441 0.056286 0.109057 0.031561 0.003348 0.875877 -0.482523 0.317958 -0.122680 0.479240 0.869068 1.149612 0.000000 0.000000 0.000000 1.000000
0.994478 0.038514 0.097627 0.031242 0.010840 0.887560 -0.460565 0.315424 -0.104389 0.459079 0.882241 1.140035 0.000000 0.000000 0.000000 1.000000
0.996113 0.014903 0.086814 0.030749 0.024094 0.901896 -0.431280 0.314500 -0.084725 0.431696 0.898031 1.131162 0.000000 0.000000 0.000000 1.000000
0.997341 -0.011837 0.071911 0.030021 0.039665 0.915939 -0.399352 0.316274 -0.061139 0.401142 0.913973 1.124458 0.000000 0.000000 0.000000 1.000000
0.998018 -0.035557 0.051919 0.029070 0.052277 0.927750 -0.369524 0.321923 -0.035029 0.371505 0.927770 1.120721 0.000000 0.000000 0.000000 1.000000
0.998015 -0.054703 0.031192 0.027929 0.062037 0.939122 -0.337936 0.330766 -0.010807 0.339201 0.940652 1.120165 0.000000 0.000000 0.000000 1.000000
0.997534 -0.070175 0.001399 0.026999 0.067231 0.949582 -0.306225 0.344384 0.020161 0.305564 0.951958 1.122526 0.000000 0.000000 0.000000 1.000000
0.995294 -0.088500 -0.039458 0.026225 0.074401 0.958868 -0.273928 0.361912 0.062077 0.269703 0.960940 1.128426 0.000000 0.000000 0.000000 1.000000
0.990465 -0.101985 -0.092613 0.027961 0.077999 0.969295 -0.233202 0.376818 0.113553 0.223755 0.968008 1.136965 0.000000 0.000000 0.000000 1.000000
0.982484 -0.099373 -0.157641 0.031753 0.068597 0.979409 -0.189872 0.388247 0.173264 0.175733 0.969070 1.149772 0.000000 0.000000 0.000000 1.000000
0.969828 -0.085416 -0.228336 0.035973 0.049944 0.986359 -0.156846 0.399062 0.238619 0.140710 0.960865 1.169526 0.000000 0.000000 0.000000 1.000000
0.950974 -0.055050 -0.304333 0.040969 0.019658 0.992800 -0.118157 0.409800 0.308646 0.106382 0.945209 1.194217 0.000000 0.000000 0.000000 1.000000
0.926589 -0.026821 -0.375118 0.045417 -0.001120 0.997252 -0.074070 0.420421 0.376074 0.069052 0.924013 1.222270 0.000000 0.000000 0.000000 1.000000
0.899915 -0.027315 -0.435208 0.047096 0.010665 0.999116 -0.040657 0.431822 0.435934 0.031946 0.899411 1.251154 0.000000 0.000000 0.000000 1.000000
0.871338 -0.044622 -0.488651 0.046941 0.042594 0.998976 -0.015271 0.444627 0.488832 -0.007507 0.872346 1.278411 0.000000 0.000000 0.000000 1.000000</float_array><technique_common><accessor source="#mixamorig_Hips-Matrix-animation-output-transform-array" count="84" stride="16"><param type="float4x4"/></accessor></technique_common></source><source id="mixamorig_Hips-Interpolations"><Name_array id="mixamorig_Hips-Interpolations-array" count="84">
 LINEAR LINEAR LINEAR LINEAR LINEAR LINEAR LINEAR LINEAR LINEAR LINEAR LINEAR
LINEAR LINEAR LINEAR LINEAR LINEAR LINEAR LINEAR LINEAR LINEAR LINEAR LINEAR LINEAR
LINEAR LINEAR LINEAR LINEAR LINEAR LINEAR LINEAR LINEAR LINEAR LINEAR LINEAR LINEAR
LINEAR LINEAR LINEAR LINEAR LINEAR LINEAR LINEAR LINEAR LINEAR LINEAR LINEAR LINEAR
LINEAR LINEAR LINEAR LINEAR LINEAR LINEAR LINEAR LINEAR LINEAR LINEAR LINEAR LINEAR
LINEAR LINEAR LINEAR LINEAR LINEAR LINEAR LINEAR LINEAR LINEAR LINEAR LINEAR LINEAR
LINEAR LINEAR LINEAR LINEAR LINEAR LINEAR LINEAR LINEAR LINEAR LINEAR LINEAR LINEAR
LINEAR</Name_array><technique_common><accessor source="#mixamorig_Hips-Interpolations-array" count="84"><param type="name"/></accessor></technique_common></source><sampler id="mixamorig_Hips-Matrix-animation-transform"><input semantic="INPUT" source="#mixamorig_Hips-Matrix-animation-input"/><input semantic="OUTPUT" source="#mixamorig_Hips-Matrix-animation-output-transform"/><input semantic="INTERPOLATION" source="#mixamorig_Hips-Interpolations"/></sampler><channel source="#mixamorig_Hips-Matrix-animation-transform" target="mixamorig_Hips/matrix"/></animation>
    <animation id="mixamorig_Spine-anim" name="mixamorig_Spine"><source id="mixamorig_Spine-Matrix-animation-input"><float_array id="mixamorig_Spine-Matrix-animation-input-array" count="84">

0.000000 0.033333 0.066667 0.100000 0.133333 0.166667 0.200000 0.233333 0.266667 0.300000 0.333333 0.366667 0.400000 0.433333 0.466667 0.500000
0.533333 0.566667 0.600000 0.633333 0.666667 0.700000 0.733333 0.766667 0.800000 0.833333 0.866667 0.900000 0.933333 0.966667 1.000000 1.033333
1.066667 1.100000 1.133333 1.166667 1.200000 1.233333 1.266667 1.300000 1.333333 1.366667 1.400000 1.433333 1.466667 1.500000 1.533333 1.566667
1.600000 1.633333 1.666667 1.700000 1.733333 1.766667 1.800000 1.833333 1.866667 1.900000 1.933333 1.966667 2.000000 2.033333 2.066667 2.100000
2.133333 2.166667 2.200000 2.233333 2.266667 2.300000 2.333333 2.366667 2.400000 2.433333 2.466667 2.500000 2.533333 2.566667 2.600000 2.633333
2.666667 2.700000 2.733333 2.766667</float_array><technique_common><accessor source="#mixamorig_Spine-Matrix-animation-input-array" count="84"><param name="TIME" type="float"/></accessor></technique_common></source><source id="mixamorig_Spine-Matrix-animation-output-transform"><float_array id="mixamorig_Spine-Matrix-animation-output-transform-array" count="1344">

0.999820 -0.014238 0.012528 -0.000000 0.018058 0.916543 -0.399529 0.080600 -0.005794 0.399684 0.916635 0.009800 0.000000 0.000000 0.000000 1.000000
0.999612 -0.020508 0.018824 -0.000000 0.026236 0.920113 -0.390773 0.080600 -0.009306 0.391116 0.920294 0.009800 0.000000 0.000000 0.000000 1.000000
0.999302 -0.027318 0.025463 0.000000 0.034928 0.924996 -0.378367 0.080600 -0.013217 0.378993 0.925305 0.009800 0.000000 0.000000 0.000000 1.000000
0.998992 -0.032029 0.031446 0.000000 0.041459 0.926914 -0.372976 0.080600 -0.017201 0.373904 0.927308 0.009800 0.000000 0.000000 0.000000 1.000000
0.998885 -0.031140 0.035471 0.000000 0.042420 0.921804 -0.385329 0.080600 -0.020699 0.386404 0.922097 0.009800 0.000000 0.000000 0.000000 1.000000
0.998880 -0.026397 0.039270 0.000000 0.040406 0.907730 -0.417604 0.080600 -0.024623 0.418723 0.907780 0.009800 0.000000 0.000000 0.000000 1.000000
0.999010 -0.016845 0.041174 0.000000 0.033979 0.886317 -0.461831 0.080600 -0.028713 0.462772 0.886012 0.009800 0.000000 0.000000 0.000000 1.000000
0.999130 -0.004983 0.041398 0.000000 0.025517 0.858291 -0.512529 0.080600 -0.032977 0.513140 0.857671 0.009800 0.000000 0.000000 0.000000 1.000000
0.999180 0.007182 0.039845 -0.000000 0.016580 0.825252 -0.564521 0.080600 -0.036936 0.564719 0.824456 0.009800 0.000000 0.000000 0.000000 1.000000
0.999144 0.017477 0.037482 0.000000 0.009186 0.789890 -0.613179 0.080600 -0.040323 0.612999 0.789054 0.009800 0.000000 0.000000 0.000000 1.000000
0.999097 0.022814 0.035835 0.000000 0.006115 0.757537 -0.652764 0.080600 -0.042038 0.652394 0.756713 0.009800 0.000000 0.000000 0.000000 1.000000
0.998991 0.028044 0.035089 0.000000 0.003331 0.732760 -0.680479 0.080600 -0.044796 0.679909 0.731927 0.009800 0.000000 0.000000 0.000000 1.000000
0.998764 0.033259 0.036949 -0.000000 0.002024 0.715426 -0.698685 0.080600 -0.049672 0.697896 0.714475 0.009800 0.000000 0.000000 0.000000 1.000000
0.998590 0.032839 0.041707 0.000000 0.006022 0.710530 -0.703641 0.080600 -0.052741 0.702900 0.709330 0.009800 0.000000 0.000000 0.000000 1.000000
0.998565 0.030678 0.043884 -0.000000 0.009492 0.705188 -0.708957 0.080600 -0.052696 0.708357 0.703885 0.009800 0.000000 0.000000 0.000000 1.000000
0.998622 0.031367 0.042067 0.000000 0.007563 0.707270 -0.706903 0.080600 -0.051926 0.706247 0.706059 0.009800 0.000000 0.000000 0.000000 1.000000
0.998958 0.016984 0.042372 -0.000000 0.016528 0.730677 -0.682524 0.080600 -0.042553 0.682513 0.729634 0.009800 0.000000 0.000000 0.000000 1.000000
0.999285 0.013025 0.035507 0.000000 0.012001 0.781107 -0.624282 0.080600 -0.035866 0.624262 0.780392 0.009800 0.000000 0.000000 0.000000 1.000000
0.999402 0.003382 0.034414 0.000000 0.015880 0.839188 -0.543610 0.080600 -0.030719 0.543832 0.838632 0.009800 0.000000 0.000000 0.000000 1.000000
0.999214 0.037320 0.013354 0.000000 -0.027364 0.893234 -0.448758 0.080600 -0.028675 0.448040 0.893554 0.009800 0.000000 0.000000 0.000000 1.000000
0.998629 0.050020 0.015424 0.000000 -0.041459 0.935724 -0.350289 0.080600 -0.031954 0.349169 0.936515 0.009800 0.000000 0.000000 0.000000 1.000000
0.998942 0.040432 0.021912 -0.000000 -0.033555 0.966646 -0.253909 0.080600 -0.031447 0.252905 0.966980 0.009800 0.000000 0.000000 0.000000 1.000000
0.999005 0.036367 0.025812 0.000000 -0.031555 0.985436 -0.167090 0.080600 -0.031513 0.166110 0.985604 0.009800 0.000000 0.000000 0.000000 1.000000
0.999006 0.035111 0.027456 0.000000 -0.032112 0.994169 -0.102936 0.080600 -0.030911 0.101952 0.994309 0.009800 0.000000 0.000000 0.000000 1.000000
0.999269 0.029715 0.024033 0.000000 -0.027997 0.997228 -0.068931 0.080600 -0.026015 0.068208 0.997332 0.009800 0.000000 0.000000 0.000000 1.000000
0.999362 0.026195 0.024265 -0.000000 -0.025177 0.998828 -0.041343 0.080600 -0.025319 0.040706 0.998850 0.009800 0.000000 0.000000 0.000000 1.000000
0.999369 0.022476 0.027503 0.000000 -0.022112 0.999665 -0.013446 0.080600 -0.027796 0.012829 0.999531 0.009800 0.000000 0.000000 0.000000 1.000000
0.999330 0.017772 0.032002 0.000000 -0.018128 0.999777 0.010858 0.080600 -0.031801 -0.011431 0.999429 0.009800 0.000000 0.000000 0.000000 1.000000
0.999237 0.013775 0.036549 0.000000 -0.014777 0.999518 0.027285 0.080600 -0.036155 -0.027804 0.998959 0.009800 0.000000 0.000000 0.000000 1.000000
0.999222 0.013654 0.036987 0.000000 -0.014934 0.999291 0.034548 0.080600 -0.036489 -0.035074 0.998718 0.009800 0.000000 0.000000 0.000000 1.000000
0.999099 0.019941 0.037461 -0.000000 -0.021165 0.999246 0.032558 0.080600 -0.036783 -0.033322 0.998768 0.009800 0.000000 0.000000 0.000000 1.000000
0.999033 0.027529 0.034278 -0.000000 -0.028418 0.999266 0.025696 0.080600 -0.033546 -0.026646 0.999082 0.009800 0.000000 0.000000 0.000000 1.000000
0.998956 0.034724 0.029670 -0.000000 -0.035201 0.999257 0.015724 0.080600 -0.029102 -0.016752 0.999436 0.009800 0.000000 0.000000 0.000000 1.000000
0.998851 0.040433 0.025731 -0.000000 -0.040547 0.999170 0.003904 0.080600 -0.025552 -0.004943 0.999661 0.009800 0.000000 0.000000 0.000000 1.000000
0.998882 0.042640 0.020418 -0.000000 -0.042486 0.999066 -0.007927 0.080600 -0.020737 0.007050 0.999760 0.009800 0.000000 0.000000 0.000000 1.000000
0.998916 0.043890 0.015523 0.000000 -0.043611 0.998889 -0.017856 0.080600 -0.016289 0.017160 0.999720 0.009800 0.000000 0.000000 0.000000 1.000000
0.998865 0.046197 0.011575 -0.000000 -0.045895 0.998629 -0.025180 0.080600 -0.012723 0.024620 0.999616 0.009800 0.000000 0.000000 0.000000 1.000000
0.998754 0.049280 0.007823 -0.000000 -0.049015 0.998314 -0.031094 0.080600 -0.009342 0.030672 0.999486 0.009800 0.000000 0.000000 0.000000 1.000000
0.998696 0.050979 0.002664 0.000000 -0.050840 0.997979 -0.038131 0.080600 -0.004603 0.037946 0.999269 0.009800 0.000000 0.000000 0.000000 1.000000
0.998271 0.058781 0.000022 -0.000000 -0.058715 0.997160 -0.047165 0.080600 -0.002794 0.047083 0.998887 0.009800 0.000000 0.000000 0.000000 1.000000
0.997589 0.069319 -0.003467 0.000000 -0.069404 0.995971 -0.056786 0.080600 -0.000484 0.056889 0.998380 0.009800 0.000000 0.000000 0.000000 1.000000
0.997265 0.073146 -0.010616 0.000000 -0.073676 0.995243 -0.063745 0.080600 0.005902 0.064353 0.997910 0.009800 0.000000 0.000000 0.000000 1.000000
0.997109 0.073213 -0.020317 0.000000 -0.074410 0.995024 -0.066259 0.080600 0.015365 0.067579 0.997596 0.009800 0.000000 0.000000 0.000000 1.000000
0.995381 0.090067 -0.033237 0.000000 -0.092164 0.993408 -0.068170 0.080600 0.026878 0.070918 0.997120 0.009800 0.000000 0.000000 0.000000 1.000000
0.996647 0.071314 -0.040103 0.000000 -0.074642 0.993255 -0.088730 0.080600 0.033504 0.091426 0.995248 0.009800 0.000000 0.000000 0.000000 1.000000
0.998464 0.041596 -0.036609 0.000000 -0.046257 0.989437 -0.137386 0.080600 0.030507 0.138869 0.989841 0.009800 0.000000 0.000000 0.000000 1.000000
0.999781 -0.011047 -0.017788 -0.000000 0.006953 0.976460 -0.215588 0.080600 0.019751 0.215417 0.976322 0.009800 0.000000 0.000000 0.000000 1.000000
0.999290 -0.029342 -0.023624 0.000000 0.020842 0.953044 -0.302114 0.080600 0.031379 0.301407 0.952979 0.009800 0.000000 0.000000 0.000000 1.000000
0.997545 -0.053316 -0.045408 0.000000 0.032079 0.924237 -0.380470 0.080600 0.062253 0.378080 0.923678 0.009800 0.000000 0.000000 0.000000 1.000000
0.991962 -0.093791 -0.084938 0.000000 0.047466 0.898052 -0.437321 0.080600 0.117295 0.429774 0.895285 0.009800 0.000000 0.000000 0.000000 1.000000
0.990369 -0.110536 -0.083374 -0.000000 0.059272 0.882693 -0.466198 0.080600 0.125126 0.456766 0.880743 0.009800 0.000000 0.000000 0.000000 1.000000
0.991399 -0.110996 -0.069333 0.000000 0.065011 0.877485 -0.475178 0.080600 0.113582 0.466583 0.877154 0.009800 0.000000 0.000000 0.000000 1.000000
0.992751 -0.103831 -0.060542 0.000000 0.063055 0.878742 -0.473114 0.080600 0.102324 0.465866 0.878919 0.009800 0.000000 0.000000 0.000000 1.000000
0.994317 -0.092177 -0.053267 0.000000 0.057100 0.884036 -0.463918 0.080600 0.089853 0.458240 0.884275 0.009800 0.000000 0.000000 0.000000 1.000000
0.995819 -0.078671 -0.046437 -0.000000 0.049415 0.891412 -0.450492 0.080600 0.076835 0.446314 0.891572 0.009800 0.000000 0.000000 0.000000 1.000000
0.996974 -0.066772 -0.039815 0.000000 0.042845 0.899274 -0.435281 0.080600 0.064869 0.432258 0.899414 0.009800 0.000000 0.000000 0.000000 1.000000
0.997939 -0.055612 -0.032003 0.000000 0.037059 0.906742 -0.420054 0.080600 0.052378 0.418002 0.906935 0.009800 0.000000 0.000000 0.000000 1.000000
0.998631 -0.046151 -0.024636 0.000000 0.032149 0.912886 -0.406947 0.080600 0.041271 0.405598 0.913119 0.009800 0.000000 0.000000 0.000000 1.000000
0.999033 -0.039666 -0.018956 0.000000 0.028844 0.916815 -0.398268 0.080600 0.033177 0.397336 0.917073 0.009800 0.000000 0.000000 0.000000 1.000000
0.999237 -0.035534 -0.016218 0.000000 0.026334 0.919523 -0.392153 0.080600 0.028847 0.391427 0.919757 0.009800 0.000000 0.000000 0.000000 1.000000
0.999317 -0.033401 -0.015782 0.000000 0.024764 0.922698 -0.384726 0.080600 0.027413 0.384073 0.922896 0.009800 0.000000 0.000000 0.000000 1.000000
0.999359 -0.032398 -0.015223 0.000000 0.024311 0.926437 -0.375665 0.080600 0.026274 0.375054 0.926631 0.009800 0.000000 0.000000 0.000000 1.000000
0.999382 -0.031916 -0.014705 0.000000 0.024289 0.929787 -0.367295 0.080600 0.025395 0.366711 0.929988 0.009800 0.000000 0.000000 0.000000 1.000000
0.999383 -0.031650 -0.015211 0.000000 0.023996 0.931780 -0.362229 0.080600 0.025638 0.361640 0.931965 0.009800 0.000000 0.000000 0.000000 1.000000
0.999353 -0.031514 -0.017310 -0.000000 0.023144 0.932259 -0.361051 0.080600 0.027516 0.360417 0.932385 0.009800 0.000000 0.000000 0.000000 1.000000
0.999285 -0.031838 -0.020401 0.000000 0.022306 0.931974 -0.361838 0.080600 0.030533 0.361124 0.932018 0.009800 0.000000 0.000000 0.000000 1.000000
0.999187 -0.032980 -0.023181 0.000000 0.022350 0.931784 -0.362325 0.080600 0.033549 0.361512 0.931764 0.009800 0.000000 0.000000 0.000000 1.000000
0.999053 -0.035576 -0.025063 -0.000000 0.024105 0.931896 -0.361924 0.080600 0.036232 0.360976 0.931871 0.009800 0.000000 0.000000 0.000000 1.000000
0.998878 -0.038918 -0.026998 0.000000 0.026561 0.932175 -0.361032 0.080600 0.039218 0.359910 0.932163 0.009800 0.000000 0.000000 0.000000 1.000000
0.998682 -0.041781 -0.029819 -0.000000 0.028283 0.932680 -0.359593 0.080600 0.042836 0.358276 0.932633 0.009800 0.000000 0.000000 0.000000 1.000000
0.998479 -0.043303 -0.034140 0.000000 0.028285 0.933670 -0.357015 0.080600 0.047335 0.355506 0.933475 0.009800 0.000000 0.000000 0.000000 1.000000
0.998277 -0.042652 -0.040303 -0.000000 0.025716 0.935319 -0.352869 0.080600 0.052747 0.351225 0.934804 0.009800 0.000000 0.000000 0.000000 1.000000
0.998080 -0.039844 -0.047418 0.000000 0.020931 0.937549 -0.347224 0.080600 0.058292 0.345565 0.936583 0.009800 0.000000 0.000000 0.000000 1.000000
0.997930 -0.035367 -0.053706 0.000000 0.015001 0.940164 -0.340392 0.080600 0.062531 0.338882 0.938749 0.009800 0.000000 0.000000 0.000000 1.000000
0.997857 -0.030108 -0.058097 0.000000 0.009079 0.942972 -0.332747 0.080600 0.064802 0.331507 0.941225 0.009800 0.000000 0.000000 0.000000 1.000000
0.997957 -0.023602 -0.059366 0.000000 0.003046 0.945778 -0.324801 0.080600 0.063813 0.323956 0.943917 0.009800 0.000000 0.000000 0.000000 1.000000
0.998192 -0.014295 -0.058379 -0.000000 -0.004965 0.948374 -0.317116 0.080600 0.059898 0.316833 0.946588 0.009800 0.000000 0.000000 0.000000 1.000000
0.998609 -0.006344 -0.052334 0.000000 -0.010212 0.950646 -0.310108 0.080600 0.051719 0.310212 0.949260 0.009800 0.000000 0.000000 0.000000 1.000000
0.999257 -0.006469 -0.037998 0.000000 -0.005346 0.953026 -0.302842 0.080600 0.038172 0.302820 0.952283 0.009800 0.000000 0.000000 0.000000 1.000000
0.999647 -0.018383 -0.019189 0.000000 0.011933 0.955751 -0.293934 0.080600 0.023744 0.293601 0.955633 0.009800 0.000000 0.000000 0.000000 1.000000
0.999287 -0.037752 -0.000654 -0.000000 0.036015 0.958226 -0.283735 0.080600 0.011338 0.283510 0.958902 0.009800 0.000000 0.000000 0.000000 1.000000
0.998682 -0.049894 0.011999 -0.000000 0.051272 0.960368 -0.273978 0.080600 0.002146 0.274232 0.961661 0.009800 0.000000 0.000000 0.000000 1.000000
0.999064 -0.040725 0.014558 0.000000 0.043131 0.963046 -0.265860 0.080600 -0.003192 0.266239 0.963902 0.009800 0.000000 0.000000 0.000000 1.000000
0.999841 -0.014474 0.010455 -0.000000 0.016690 0.965696 -0.259137 0.080600 -0.006345 0.259270 0.965784 0.009800 0.000000 0.000000 0.000000 1.000000</float_array><technique_common><accessor source="#mixamorig_Spine-Matrix-animation-output-transform-array" count="84" stride="16"><param type="float4x4"/></accessor></technique_common></source><source id="mixamorig_Spine-Interpolations"><Name_array id="mixamorig_Spine-Interpolations-array" count="84">
 LINEAR LINEAR LINEAR LINEAR LINEAR LINEAR LINEAR LINEAR LINEAR LINEAR LINEAR
LINEAR LINEAR LINEAR LINEAR LINEAR LINEAR LINEAR LINEAR LINEAR LINEAR LINEAR LINEAR
LINEAR LINEAR LINEAR LINEAR LINEAR LINEAR LINEAR LINEAR LINEAR LINEAR LINEAR LINEAR
LINEAR LINEAR LINEAR LINEAR LINEAR LINEAR LINEAR LINEAR LINEAR LINEAR LINEAR LINEAR
LINEAR LINEAR LINEAR LINEAR LINEAR LINEAR LINEAR LINEAR LINEAR LINEAR LINEAR LINEAR
LINEAR LINEAR LINEAR LINEAR LINEAR LINEAR LINEAR LINEAR LINEAR LINEAR LINEAR LINEAR
LINEAR LINEAR LINEAR LINEAR LINEAR LINEAR LINEAR LINEAR LINEAR LINEAR LINEAR LINEAR
LINEAR</Name_array><technique_common><accessor source="#mixamorig_Spine-Interpolations-array" count="84"><param type="name"/></accessor></technique_common></source><sampler id="mixamorig_Spine-Matrix-animation-transform"><input semantic="INPUT" source="#mixamorig_Spine-Matrix-animation-input"/><input semantic="OUTPUT" source="#mixamorig_Spine-Matrix-animation-output-transform"/><input semantic="INTERPOLATION" source="#mixamorig_Spine-Interpolations"/></sampler><channel source="#mixamorig_Spine-Matrix-animation-transform" target="mixamorig_Spine/matrix"/></animation>
    <animation id="mixamorig_Spine1-anim" name="mixamorig_Spine1"><source id="mixamorig_Spine1-Matrix-animation-input"><float_array id="mixamorig_Spine1-Matrix-animation-input-array" count="84">

0.000000 0.033333 0.066667 0.100000 0.133333 0.166667 0.200000 0.233333 0.266667 0.300000 0.333333 0.366667 0.400000 0.433333 0.466667 0.500000
0.533333 0.566667 0.600000 0.633333 0.666667 0.700000 0.733333 0.766667 0.800000 0.833333 0.866667 0.900000 0.933333 0.966667 1.000000 1.033333
1.066667 1.100000 1.133333 1.166667 1.200000 1.233333 1.266667 1.300000 1.333333 1.366667 1.400000 1.433333 1.466667 1.500000 1.533333 1.566667
1.600000 1.633333 1.666667 1.700000 1.733333 1.766667 1.800000 1.833333 1.866667 1.900000 1.933333 1.966667 2.000000 2.033333 2.066667 2.100000
2.133333 2.166667 2.200000 2.233333 2.266667 2.300000 2.333333 2.366667 2.400000 2.433333 2.466667 2.500000 2.533333 2.566667 2.600000 2.633333
2.666667 2.700000 2.733333 2.766667</float_array><technique_common><accessor source="#mixamorig_Spine1-Matrix-animation-input-array" count="84"><param name="TIME" type="float"/></accessor></technique_common></source><source id="mixamorig_Spine1-Matrix-animation-output-transform"><float_array id="mixamorig_Spine1-Matrix-animation-output-transform-array" count="1344">

0.999843 -0.014617 0.010034 0.000000 0.017177 0.938829 -0.343954 0.094700 -0.004392 0.344072 0.938933 -0.000000 0.000000 0.000000 0.000000 1.000000
0.999653 -0.019538 0.017688 0.000000 0.024315 0.942625 -0.332966 0.094700 -0.010168 0.333281 0.942773 0.000000 0.000000 0.000000 0.000000 1.000000
0.999353 -0.025227 0.025618 0.000000 0.032110 0.946779 -0.320279 0.094700 -0.016175 0.320894 0.946977 0.000000 0.000000 0.000000 0.000000 1.000000
0.999069 -0.028253 0.032589 -0.000000 0.037045 0.949068 -0.312886 0.094700 -0.022089 0.313802 0.949231 0.000000 0.000000 0.000000 0.000000 1.000000
0.998981 -0.025265 0.037408 0.000000 0.035863 0.947476 -0.317809 0.094700 -0.027414 0.318826 0.947417 0.000000 0.000000 0.000000 0.000000 1.000000
0.999075 -0.015777 0.040001 -0.000000 0.028343 0.941199 -0.336663 0.094700 -0.032338 0.337485 0.940775 0.000000 0.000000 0.000000 0.000000 1.000000
0.999151 -0.002073 0.041139 0.000000 0.016933 0.931112 -0.364340 0.094700 -0.037550 0.364727 0.930357 0.000000 0.000000 0.000000 0.000000 1.000000
0.999045 0.013483 0.041572 0.000000 0.004052 0.918547 -0.395290 0.094700 -0.043515 0.395081 0.917615 0.000000 0.000000 0.000000 0.000000 1.000000
0.998708 0.028527 0.042051 0.000000 -0.008007 0.905551 -0.424162 0.094700 -0.050180 0.423277 0.904609 0.000000 0.000000 0.000000 0.000000 1.000000
0.998231 0.040709 0.043336 0.000000 -0.017138 0.894923 -0.445891 0.094700 -0.056934 0.444359 0.894038 0.000000 0.000000 0.000000 0.000000 1.000000
0.997854 0.045949 0.046652 0.000000 -0.019980 0.892131 -0.451335 0.094700 -0.062358 0.449434 0.891134 -0.000000 0.000000 0.000000 0.000000 1.000000
0.997547 0.045502 0.053191 0.000000 -0.017879 0.900318 -0.434866 0.094700 -0.067676 0.432848 0.898923 0.000000 0.000000 0.000000 0.000000 1.000000
0.997384 0.041550 0.059146 0.000000 -0.014055 0.914132 -0.405173 0.094700 -0.070902 0.403282 0.912325 0.000000 0.000000 0.000000 0.000000 1.000000
0.997664 0.033022 0.059796 -0.000000 -0.009283 0.932805 -0.360263 0.094700 -0.067675 0.358866 0.930932 -0.000000 0.000000 0.000000 0.000000 1.000000
0.998047 0.026265 0.056678 0.000000 -0.006651 0.946835 -0.321651 0.094700 -0.062113 0.320646 0.945160 0.000000 0.000000 0.000000 0.000000 1.000000
0.998452 0.020788 0.051591 -0.000000 -0.005628 0.960531 -0.278117 0.094700 -0.055336 0.277396 0.959161 -0.000000 0.000000 0.000000 0.000000 1.000000
0.998778 0.019038 0.045607 -0.000000 -0.008484 0.975177 -0.221266 0.094700 -0.048687 0.220609 0.974146 -0.000000 0.000000 0.000000 0.000000 1.000000
0.999032 0.019551 0.039414 0.000000 -0.013564 0.989071 -0.146815 0.094700 -0.041854 0.146139 0.988378 0.000000 0.000000 0.000000 0.000000 1.000000
0.999359 0.019071 0.030295 0.000000 -0.016711 0.996942 -0.076340 0.094700 -0.031658 0.075785 0.996621 0.000000 0.000000 0.000000 0.000000 1.000000
0.999587 0.017892 0.022495 0.000000 -0.017407 0.999616 -0.021560 0.094700 -0.022872 0.021160 0.999514 0.000000 0.000000 0.000000 0.000000 1.000000
0.999721 0.015109 0.018171 -0.000000 -0.015486 0.999664 0.020801 0.094700 -0.017850 -0.021076 0.999619 -0.000000 0.000000 0.000000 0.000000 1.000000
0.999842 0.010883 0.014037 0.000000 -0.011707 0.998128 0.060031 0.094700 -0.013358 -0.060186 0.998098 0.000000 0.000000 0.000000 0.000000 1.000000
0.999948 0.007613 0.006799 0.000000 -0.008251 0.995014 0.099397 0.094700 -0.006008 -0.099448 0.995025 0.000000 0.000000 0.000000 0.000000 1.000000
0.999969 0.006660 -0.004153 0.000000 -0.006033 0.990672 0.136137 0.094700 0.005021 -0.136107 0.990681 0.000000 0.000000 0.000000 0.000000 1.000000
0.999818 0.006940 -0.017761 0.000000 -0.003802 0.985271 0.170958 0.094700 0.018686 -0.170859 0.985118 0.000000 0.000000 0.000000 0.000000 1.000000
0.999488 0.006882 -0.031258 0.000000 -0.000198 0.977924 0.208961 0.094700 0.032006 -0.208848 0.977424 0.000000 0.000000 0.000000 0.000000 1.000000
0.999113 0.005922 -0.041693 0.000000 0.004695 0.968222 0.250050 0.094700 0.041849 -0.250024 0.967335 0.000000 0.000000 0.000000 0.000000 1.000000
0.998818 0.004203 -0.048415 0.000000 0.009828 0.958196 0.285943 0.094700 0.047593 -0.286081 0.957023 -0.000000 0.000000 0.000000 0.000000 1.000000
0.998638 0.001972 -0.052139 0.000000 0.014221 0.951164 0.308357 0.094700 0.050200 -0.308678 0.949841 -0.000000 0.000000 0.000000 0.000000 1.000000
0.998573 0.000041 -0.053403 0.000000 0.016819 0.948871 0.315215 0.094700 0.050685 -0.315663 0.947517 0.000000 0.000000 0.000000 0.000000 1.000000
0.998585 0.001593 -0.053147 0.000000 0.014862 0.951351 0.307749 0.094700 0.051051 -0.308104 0.949982 -0.000000 0.000000 0.000000 0.000000 1.000000
0.998647 0.005028 -0.051765 -0.000000 0.010396 0.955927 0.293419 0.094700 0.050959 -0.293560 0.954581 0.000000 0.000000 0.000000 0.000000 1.000000
0.998746 0.008759 -0.049295 0.000000 0.005123 0.961530 0.274652 0.094700 0.049804 -0.274560 0.960279 0.000000 0.000000 0.000000 0.000000 1.000000
0.998878 0.011597 -0.045919 0.000000 0.000397 0.967473 0.252975 0.094700 0.047359 -0.252709 0.966383 0.000000 0.000000 0.000000 0.000000 1.000000
0.999014 0.013176 -0.042389 0.000000 -0.003028 0.972938 0.231045 0.094700 0.044286 -0.230689 0.972019 0.000000 0.000000 0.000000 0.000000 1.000000
0.999108 0.014260 -0.039757 0.000000 -0.005523 0.977309 0.211748 0.094700 0.041875 -0.211340 0.976515 -0.000000 0.000000 0.000000 0.000000 1.000000
0.999123 0.015939 -0.038708 -0.000000 -0.008020 0.980432 0.196693 0.094700 0.041086 -0.196210 0.979701 0.000000 0.000000 0.000000 0.000000 1.000000
0.999069 0.018478 -0.038980 0.000000 -0.010969 0.982729 0.184725 0.094700 0.041720 -0.184126 0.982017 -0.000000 0.000000 0.000000 0.000000 1.000000
0.999005 0.020935 -0.039384 0.000000 -0.013872 0.985047 0.171725 0.094700 0.042390 -0.171008 0.984357 0.000000 0.000000 0.000000 0.000000 1.000000
0.999019 0.021746 -0.038571 0.000000 -0.015602 0.988106 0.152982 0.094700 0.041439 -0.152230 0.987476 0.000000 0.000000 0.000000 0.000000 1.000000
0.999157 0.019624 -0.036052 -0.000000 -0.014895 0.991784 0.127057 0.094700 0.038249 -0.126413 0.991240 -0.000000 0.000000 0.000000 0.000000 1.000000
0.999371 0.014127 -0.032520 0.000000 -0.010911 0.995222 0.097023 0.094700 0.033735 -0.096607 0.994751 0.000000 0.000000 0.000000 0.000000 1.000000
0.999559 0.005847 -0.029123 0.000000 -0.003911 0.997806 0.066095 0.094700 0.029446 -0.065952 0.997388 0.000000 0.000000 0.000000 0.000000 1.000000
0.999644 -0.003726 -0.026408 0.000000 0.004547 0.999506 0.031112 0.094700 0.026279 -0.031221 0.999167 0.000000 0.000000 0.000000 0.000000 1.000000
0.999631 -0.012778 -0.023967 0.000000 0.012334 0.999751 -0.018575 0.094700 0.024199 0.018273 0.999540 0.000000 0.000000 0.000000 0.000000 1.000000
0.999581 -0.019946 -0.020987 0.000000 0.017897 0.995441 -0.093684 0.094700 0.022760 0.093269 0.995381 -0.000000 0.000000 0.000000 0.000000 1.000000
0.999547 -0.024768 -0.017080 0.000000 0.020985 0.980749 -0.194141 0.094700 0.021559 0.193695 0.980825 0.000000 0.000000 0.000000 0.000000 1.000000
0.999541 -0.027530 -0.012634 -0.000000 0.022374 0.952183 -0.304707 0.094700 0.020418 0.304284 0.952362 0.000000 0.000000 0.000000 0.000000 1.000000
0.999550 -0.028789 -0.008474 0.000000 0.022929 0.914795 -0.403267 0.094700 0.019362 0.402891 0.915043 -0.000000 0.000000 0.000000 0.000000 1.000000
0.999565 -0.029010 -0.005243 0.000000 0.023034 0.879556 -0.475238 0.094700 0.018398 0.474911 0.879842 0.000000 0.000000 0.000000 0.000000 1.000000
0.999590 -0.028457 -0.003178 0.000000 0.022713 0.855605 -0.517131 0.094700 0.017435 0.516847 0.855900 0.000000 0.000000 0.000000 0.000000 1.000000
0.999633 -0.027019 -0.001894 0.000000 0.021748 0.842351 -0.538490 0.094700 0.016145 0.538251 0.842630 0.000000 0.000000 0.000000 0.000000 1.000000
0.999695 -0.024679 -0.000951 0.000000 0.020100 0.835396 -0.549281 0.094700 0.014350 0.549095 0.835637 0.000000 0.000000 0.000000 0.000000 1.000000
0.999762 -0.021793 -0.000328 0.000000 0.017984 0.833357 -0.552442 0.094700 0.012312 0.552305 0.833551 0.000000 0.000000 0.000000 0.000000 1.000000
