<?xml version="1.0" encoding="utf-8"?>
<COLLADA xmlns="http://www.collada.org/2005/11/COLLADASchema" version="1.4.1">
  <asset><contributor><author>Mixamo</author><authoring_tool>COLLADA Mixamo exporter</authoring_tool><comments></comments></contributor><created>2020-06-05T17:19:06Z</created><modified>2020-06-05T17:19:06Z</modified><revision></revision><title></title><unit meter="0.010000"/><up_axis>Y_UP</up_axis></asset>
  <library_animations>
    <animation id="mixamorig_Hips-anim" name="mixamorig_Hips"><source id="mixamorig_Hips-Matrix-animation-input"><float_array id="mixamorig_Hips-Matrix-animation-input-array" count="40">

0.000000 0.033333 0.066667 0.100000 0.133333 0.166667 0.200000 0.233333 0.266667 0.300000 0.333333 0.366667 0.400000 0.433333 0.466667 0.500000
0.533333 0.566667 0.600000 0.633333 0.666667 0.700000 0.733333 0.766667 0.800000 0.833333 0.866667 0.900000 0.933333 0.966667 1.000000 1.033333
1.066667 1.100000 1.133333 1.166667 1.200000 1.233333 1.266667 1.300000</float_array><technique_common><accessor source="#mixamorig_Hips-Matrix-animation-input-array" count="40"><param name="TIME" type="float"/></accessor></technique_common></source><source id="mixamorig_Hips-Matrix-animation-output-transform"><float_array id="mixamorig_Hips-Matrix-animation-output-transform-array" count="640">

0.997987 0.061034 -0.017231 0.001622 -0.063205 0.979514 -0.191199 0.616754 0.005208 0.191903 0.981400 -0.008713 0.000000 0.000000 0.000000 1.000000
0.994636 0.063096 -0.081965 0.004875 -0.077598 0.979113 -0.187926 0.617911 0.068395 0.193279 0.978757 -0.028776 0.000000 0.000000 0.000000 1.000000
0.988963 0.071184 -0.129940 0.003823 -0.094514 0.978504 -0.183295 0.613319 0.114099 0.193553 0.974432 -0.049670 0.000000 0.000000 0.000000 1.000000
0.983635 0.079334 -0.161765 0.002136 -0.109489 0.976242 -0.186986 0.597904 0.143088 0.201637 0.968952 -0.068036 0.000000 0.000000 0.000000 1.000000
0.979681 0.081331 -0.183330 0.003380 -0.120586 0.969277 -0.214387 0.576822 0.160261 0.232138 0.959390 -0.082728 0.000000 0.000000 0.000000 1.000000
0.977311 0.070380 -0.199772 0.005617 -0.121929 0.958170 -0.258929 0.550258 0.173192 0.277412 0.945011 -0.091642 0.000000 0.000000 0.000000 1.000000
0.976835 0.041664 -0.209900 0.006425 -0.104328 0.949121 -0.297128 0.522357 0.186841 0.312144 0.931481 -0.091757 0.000000 0.000000 0.000000 1.000000
0.977702 0.003514 -0.209967 0.005738 -0.070492 0.947336 -0.312387 0.531095 0.197812 0.320222 0.926460 -0.084712 0.000000 0.000000 0.000000 1.000000
0.980103 -0.029919 -0.196221 0.002403 -0.035536 0.946153 -0.321764 0.554391 0.195282 0.322334 0.926264 -0.083164 0.000000 0.000000 0.000000 1.000000
0.983107 -0.061518 -0.172384 -0.003284 0.002842 0.946841 -0.321689 0.582996 0.183010 0.315765 0.931021 -0.088582 0.000000 0.000000 0.000000 1.000000
0.987193 -0.084476 -0.135326 -0.009215 0.038658 0.949682 -0.310820 0.607637 0.154774 0.301608 0.940786 -0.106880 0.000000 0.000000 0.000000 1.000000
0.990919 -0.073719 -0.112453 -0.011863 0.037470 0.954579 -0.295593 0.602302 0.129136 0.288695 0.948672 -0.117967 0.000000 0.000000 0.000000 1.000000
0.994208 -0.040945 -0.099372 -0.012080 0.011261 0.959184 -0.282558 0.565909 0.106885 0.279802 0.954089 -0.122243 0.000000 0.000000 0.000000 1.000000
0.996542 -0.022334 -0.080028 -0.009663 -0.000164 0.962665 -0.270695 0.524205 0.083086 0.269772 0.959333 -0.130995 0.000000 0.000000 0.000000 1.000000
0.998557 -0.020427 -0.049663 -0.011416 0.006474 0.963871 -0.266291 0.504645 0.053308 0.265585 0.962613 -0.133648 0.000000 0.000000 0.000000 1.000000
0.999611 -0.011850 -0.025256 -0.014181 0.004994 0.966693 -0.255891 0.499738 0.027447 0.255665 0.966376 -0.127226 0.000000 0.000000 0.000000 1.000000
0.999911 0.007182 -0.011223 -0.012587 -0.009645 0.971277 -0.237755 0.510705 0.009193 0.237842 0.971260 -0.115023 0.000000 0.000000 0.000000 1.000000
0.999610 0.025467 -0.011460 -0.006795 -0.027387 0.974231 -0.223885 0.534526 0.005463 0.224112 0.974548 -0.101505 0.000000 0.000000 0.000000 1.000000
0.999014 0.033836 -0.028742 -0.000773 -0.039317 0.974973 -0.218819 0.571859 0.020619 0.219733 0.975342 -0.089303 0.000000 0.000000 0.000000 1.000000
0.997265 0.042158 -0.060704 0.004344 -0.054243 0.975386 -0.213729 0.621488 0.050200 0.216437 0.975005 -0.083106 0.000000 0.000000 0.000000 1.000000
0.992250 0.076131 -0.098206 0.007828 -0.095237 0.973583 -0.207521 0.639649 0.079813 0.215266 0.973289 -0.102653 0.000000 0.000000 0.000000 1.000000
0.990236 0.075469 -0.117207 0.007055 -0.097832 0.975180 -0.198629 0.606823 0.099308 0.208157 0.973041 -0.111504 0.000000 0.000000 0.000000 1.000000
0.988325 0.072058 -0.134247 0.005562 -0.096604 0.977713 -0.186400 0.563132 0.117823 0.197193 0.973259 -0.117474 0.000000 0.000000 0.000000 1.000000
0.984666 0.081746 -0.154115 0.004491 -0.109803 0.976888 -0.183391 0.532386 0.135562 0.197501 0.970884 -0.123047 0.000000 0.000000 0.000000 1.000000
0.980752 0.094990 -0.170592 0.003550 -0.128301 0.972110 -0.196320 0.517922 0.147185 0.214428 0.965586 -0.123784 0.000000 0.000000 0.000000 1.000000
0.979070 0.096336 -0.179280 0.001776 -0.134319 0.967650 -0.213570 0.514808 0.152906 0.233181 0.960337 -0.115092 0.000000 0.000000 0.000000 1.000000
0.980170 0.078310 -0.182030 -0.002179 -0.118400 0.968041 -0.221086 0.523873 0.158899 0.238254 0.958116 -0.096158 0.000000 0.000000 0.000000 1.000000
0.982927 0.053329 -0.176097 -0.006080 -0.092143 0.971084 -0.220241 0.556385 0.159259 0.232707 0.959419 -0.076457 0.000000 0.000000 0.000000 1.000000
0.986976 0.030741 -0.157901 -0.006720 -0.064715 0.974516 -0.214781 0.612242 0.147275 0.222202 0.963813 -0.061135 0.000000 0.000000 0.000000 1.000000
0.991330 0.005509 -0.131283 -0.007611 -0.031711 0.979620 -0.198343 0.643498 0.127515 0.200786 0.971301 -0.055198 0.000000 0.000000 0.000000 1.000000
0.994046 -0.036955 -0.102505 -0.007140 0.017959 0.983432 -0.180384 0.642119 0.107473 0.177469 0.978241 -0.066468 0.000000 0.000000 0.000000 1.000000
0.995250 -0.054442 -0.080712 -0.005140 0.040143 0.984756 -0.169244 0.609639 0.088695 0.165200 0.982264 -0.076753 0.000000 0.000000 0.000000 1.000000
0.997135 -0.046519 -0.059650 -0.005917 0.036142 0.985706 -0.164554 0.556659 0.066452 0.161927 0.984563 -0.078374 0.000000 0.000000 0.000000 1.000000
0.998581 -0.044953 -0.028558 -0.006998 0.039577 0.985182 -0.166886 0.514385 0.035637 0.165519 0.985563 -0.079618 0.000000 0.000000 0.000000 1.000000
0.999163 -0.040324 0.006874 -0.009148 0.040906 0.984940 -0.167986 0.494702 0.000003 0.168127 0.985765 -0.073831 0.000000 0.000000 0.000000 1.000000
0.999011 -0.029604 0.033169 -0.011721 0.034671 0.985777 -0.164443 0.494297 -0.027829 0.165431 0.985829 -0.058856 0.000000 0.000000 0.000000 1.000000
0.998803 -0.015198 0.046492 -0.012453 0.022340 0.987316 -0.157186 0.510122 -0.043514 0.158037 0.986474 -0.040037 0.000000 0.000000 0.000000 1.000000
0.999125 0.001301 0.041810 -0.009417 0.005212 0.987854 -0.155295 0.537239 -0.041504 0.155377 0.986983 -0.024363 0.000000 0.000000 0.000000 1.000000
0.999518 0.023714 0.020024 -0.003800 -0.020041 0.985747 -0.167035 0.571614 -0.023699 0.166553 0.985748 -0.013131 0.000000 0.000000 0.000000 1.000000
0.997987 0.061034 -0.017230 0.001622 -0.063205 0.979514 -0.191198 0.616753 0.005208 0.191903 0.981400 -0.008713 0.000000 0.000000 0.000000 1.000000</float_array><technique_common><accessor source="#mixamorig_Hips-Matrix-animation-output-transform-array" count="40" stride="16"><param type="float4x4"/></accessor></technique_common></source><source id="mixamorig_Hips-Interpolations"><Name_array id="mixamorig_Hips-Interpolations-array" count="40">
 LINEAR LINEAR LINEAR LINEAR LINEAR LINEAR LINEAR LINEAR LINEAR LINEAR LINEAR
LINEAR LINEAR LINEAR LINEAR LINEAR LINEAR LINEAR LINEAR LINEAR LINEAR LINEAR LINEAR
LINEAR LINEAR LINEAR LINEAR LINEAR LINEAR LINEAR LINEAR LINEAR LINEAR LINEAR LINEAR
LINEAR LINEAR LINEAR LINEAR LINEAR</Name_array><technique_common><accessor source="#mixamorig_Hips-Interpolations-array" count="40"><param type="name"/></accessor></technique_common></source><sampler id="mixamorig_Hips-Matrix-animation-transform"><input semantic="INPUT" source="#mixamorig_Hips-Matrix-animation-input"/><input semantic="OUTPUT" source="#mixamorig_Hips-Matrix-animation-output-transform"/><input semantic="INTERPOLATION" source="#mixamorig_Hips-Interpolations"/></sampler><channel source="#mixamorig_Hips-Matrix-animation-transform" target="mixamorig_Hips/matrix"/></animation>
    <animation id="mixamorig_Spine-anim" name="mixamorig_Spine"><source id="mixamorig_Spine-Matrix-animation-input"><float_array id="mixamorig_Spine-Matrix-animation-input-array" count="40">

0.000000 0.033333 0.066667 0.100000 0.133333 0.166667 0.200000 0.233333 0.266667 0.300000 0.333333 0.366667 0.400000 0.433333 0.466667 0.500000
0.533333 0.566667 0.600000 0.633333 0.666667 0.700000 0.733333 0.766667 0.800000 0.833333 0.866667 0.900000 0.933333 0.966667 1.000000 1.033333
1.066667 1.100000 1.133333 1.166667 1.200000 1.233333 1.266667 1.300000</float_array><technique_common><accessor source="#mixamorig_Spine-Matrix-animation-input-array" count="40"><param name="TIME" type="float"/></accessor></technique_common></source><source id="mixamorig_Spine-Matrix-animation-output-transform"><float_array id="mixamorig_Spine-Matrix-animation-output-transform-array" count="640">

0.999239 -0.016299 -0.035429 -0.000000 0.011764 0.992132 -0.124640 0.080600 0.037181 0.124129 0.991569 0.009800 0.000000 0.000000 0.000000 1.000000
0.998931 -0.037302 -0.027295 0.000000 0.033478 0.991052 -0.129211 0.080600 0.031871 0.128159 0.991241 0.009800 0.000000 0.000000 0.000000 1.000000
0.998157 -0.057865 -0.018258 0.000000 0.054842 0.989107 -0.136599 0.080600 0.025963 0.135346 0.990458 0.009800 0.000000 0.000000 0.000000 1.000000
0.997310 -0.073150 -0.004648 0.000000 0.071730 0.987057 -0.143433 0.080600 0.015080 0.142714 0.989649 0.009800 0.000000 0.000000 0.000000 1.000000
0.996456 -0.082485 0.016500 0.000000 0.084011 0.985796 -0.145423 0.080600 -0.004270 0.146294 0.989232 0.009800 0.000000 0.000000 0.000000 1.000000
0.995655 -0.083620 0.040971 -0.000000 0.088652 0.985847 -0.142291 0.080600 -0.028493 0.145305 0.988977 0.009800 0.000000 0.000000 0.000000 1.000000
0.995566 -0.071444 0.061193 -0.000000 0.079296 0.987344 -0.137347 0.080600 -0.050606 0.141591 0.988631 0.009800 0.000000 0.000000 0.000000 1.000000
0.996090 -0.048411 0.073901 0.000000 0.057970 0.989387 -0.133236 0.080600 -0.066667 0.137000 0.988325 0.009800 0.000000 0.000000 0.000000 1.000000
0.996752 -0.019878 0.078038 0.000000 0.029860 0.991207 -0.128909 0.080600 -0.074790 0.130820 0.988581 0.009800 0.000000 0.000000 0.000000 1.000000
0.997016 0.021180 0.074228 0.000000 -0.011693 0.991963 -0.125988 0.080600 -0.076300 0.124744 0.989251 0.009800 0.000000 0.000000 0.000000 1.000000
0.996336 0.064616 0.056032 0.000000 -0.057147 0.990388 -0.125960 0.080600 -0.063632 0.122296 0.990452 0.009800 0.000000 0.000000 0.000000 1.000000
0.995489 0.080243 0.050633 -0.000000 -0.073144 0.988922 -0.129164 0.080600 -0.060437 0.124878 0.990330 0.009800 0.000000 0.000000 0.000000 1.000000
0.996082 0.071085 0.052602 0.000000 -0.063526 0.989001 -0.133573 0.080600 -0.061519 0.129708 0.989642 0.009800 0.000000 0.000000 0.000000 1.000000
0.996841 0.066968 0.042702 0.000000 -0.060559 0.988734 -0.136889 0.080600 -0.051388 0.133870 0.989666 0.009800 0.000000 0.000000 0.000000 1.000000
0.997381 0.070354 0.016799 -0.000000 -0.067387 0.988190 -0.137624 0.080600 -0.026283 0.136132 0.990342 0.009800 0.000000 0.000000 0.000000 1.000000
0.997744 0.066865 -0.006031 -0.000000 -0.067057 0.988178 -0.137867 0.080600 -0.003259 0.137961 0.990432 0.009800 0.000000 0.000000 0.000000 1.000000
0.998277 0.053724 -0.023598 -0.000000 -0.056479 0.988803 -0.138128 0.080600 0.015913 0.139223 0.990133 0.009800 0.000000 0.000000 0.000000 1.000000
0.998581 0.038809 -0.036458 0.000000 -0.043457 0.989642 -0.136825 0.080600 0.030770 0.138215 0.989924 0.009800 0.000000 0.000000 0.000000 1.000000
0.998722 0.027834 -0.042186 0.000000 -0.033256 0.990450 -0.133803 0.080600 0.038059 0.135035 0.990110 0.009800 0.000000 0.000000 0.000000 1.000000
0.999203 0.010324 -0.038569 0.000000 -0.015362 0.991036 -0.132708 0.080600 0.036853 0.133195 0.990404 0.009800 0.000000 0.000000 0.000000 1.000000
0.998913 -0.039111 -0.025373 0.000000 0.035199 0.989580 -0.139612 0.080600 0.030569 0.138567 0.989881 0.009800 0.000000 0.000000 0.000000 1.000000
0.998145 -0.053881 -0.028338 0.000000 0.049249 0.988291 -0.144411 0.080600 0.035787 0.142747 0.989112 0.009800 0.000000 0.000000 0.000000 1.000000
0.997985 -0.058358 -0.024909 0.000000 0.054033 0.987429 -0.148538 0.080600 0.033264 0.146893 0.988593 0.009800 0.000000 0.000000 0.000000 1.000000
0.997773 -0.066273 -0.007556 -0.000000 0.064387 0.986522 -0.150430 0.080600 0.017424 0.149609 0.988592 0.009800 0.000000 0.000000 0.000000 1.000000
0.997122 -0.073939 0.016739 0.000000 0.075602 0.986181 -0.147415 0.080600 -0.005608 0.148256 0.988933 0.009800 0.000000 0.000000 0.000000 1.000000
0.996472 -0.073868 0.039842 0.000000 0.078778 0.986950 -0.140439 0.080600 -0.028948 0.143082 0.989287 0.009800 0.000000 0.000000 0.000000 1.000000
0.996278 -0.060928 0.060973 0.000000 0.068578 0.988811 -0.132473 0.080600 -0.052219 0.136161 0.989310 0.009800 0.000000 0.000000 0.000000 1.000000
0.996181 -0.042523 0.076264 0.000000 0.051978 0.990588 -0.126626 0.080600 -0.070162 0.130106 0.989014 0.009800 0.000000 0.000000 0.000000 1.000000
0.996426 -0.022775 0.081341 -0.000000 0.032772 0.991771 -0.123761 0.080600 -0.077853 0.125985 0.988973 0.009800 0.000000 0.000000 0.000000 1.000000
0.996879 0.005603 0.078743 0.000000 0.004259 0.992207 -0.124525 0.080600 -0.078827 0.124472 0.989087 0.009800 0.000000 0.000000 0.000000 1.000000
0.995994 0.054423 0.070945 0.000000 -0.045133 0.990935 -0.126535 0.080600 -0.077189 0.122826 0.989422 0.009800 0.000000 0.000000 0.000000 1.000000
0.994484 0.078360 0.069716 0.000000 -0.069017 0.989424 -0.127583 0.080600 -0.078977 0.122068 0.989375 0.009800 0.000000 0.000000 0.000000 1.000000
0.994850 0.075185 0.067977 0.000000 -0.066094 0.989659 -0.127309 0.080600 -0.076846 0.122161 0.989531 0.009800 0.000000 0.000000 0.000000 1.000000
0.995677 0.077609 0.051025 -0.000000 -0.070731 0.989630 -0.125021 0.080600 -0.060199 0.120872 0.990841 0.009800 0.000000 0.000000 0.000000 1.000000
0.996630 0.078707 0.023100 0.000000 -0.075274 0.989463 -0.123678 0.080600 -0.032591 0.121523 0.992053 0.009800 0.000000 0.000000 0.000000 1.000000
0.997193 0.074829 -0.002654 0.000000 -0.074571 0.989309 -0.125331 0.080600 -0.006753 0.125177 0.992111 0.009800 0.000000 0.000000 0.000000 1.000000
0.997564 0.065007 -0.025289 -0.000000 -0.067713 0.989536 -0.127408 0.080600 0.016742 0.128810 0.991528 0.009800 0.000000 0.000000 0.000000 1.000000
0.997924 0.049243 -0.041511 -0.000000 -0.054181 0.990329 -0.127720 0.080600 0.034821 0.129704 0.990941 0.009800 0.000000 0.000000 0.000000 1.000000
0.998590 0.024688 -0.047002 0.000000 -0.030473 0.991479 -0.126650 0.080600 0.043475 0.127904 0.990833 0.009800 0.000000 0.000000 0.000000 1.000000
0.999239 -0.016299 -0.035429 -0.000000 0.011764 0.992132 -0.124640 0.080600 0.037182 0.124129 0.991569 0.009800 0.000000 0.000000 0.000000 1.000000</float_array><technique_common><accessor source="#mixamorig_Spine-Matrix-animation-output-transform-array" count="40" stride="16"><param type="float4x4"/></accessor></technique_common></source><source id="mixamorig_Spine-Interpolations"><Name_array id="mixamorig_Spine-Interpolations-array" count="40">
 LINEAR LINEAR LINEAR LINEAR LINEAR LINEAR LINEAR LINEAR LINEAR LINEAR LINEAR
LINEAR LINEAR LINEAR LINEAR LINEAR LINEAR LINEAR LINEAR LINEAR LINEAR LINEAR LINEAR
LINEAR LINEAR LINEAR LINEAR LINEAR LINEAR LINEAR LINEAR LINEAR LINEAR LINEAR LINEAR
LINEAR LINEAR LINEAR LINEAR LINEAR</Name_array><technique_common><accessor source="#mixamorig_Spine-Interpolations-array" count="40"><param type="name"/></accessor></technique_common></source><sampler id="mixamorig_Spine-Matrix-animation-transform"><input semantic="INPUT" source="#mixamorig_Spine-Matrix-animation-input"/><input semantic="OUTPUT" source="#mixamorig_Spine-Matrix-animation-output-transform"/><input semantic="INTERPOLATION" source="#mixamorig_Spine-Interpolations"/></sampler><channel source="#mixamorig_Spine-Matrix-animation-transform" target="mixamorig_Spine/matrix"/></animation>
    <animation id="mixamorig_Spine1-anim" name="mixamorig_Spine1"><source id="mixamorig_Spine1-Matrix-animation-input"><float_array id="mixamorig_Spine1-Matrix-animation-input-array" count="40">

0.000000 0.033333 0.066667 0.100000 0.133333 0.166667 0.200000 0.233333 0.266667 0.300000 0.333333 0.366667 0.400000 0.433333 0.466667 0.500000
0.533333 0.566667 0.600000 0.633333 0.666667 0.700000 0.733333 0.766667 0.800000 0.833333 0.866667 0.900000 0.933333 0.966667 1.000000 1.033333
1.066667 1.100000 1.133333 1.166667 1.200000 1.233333 1.266667 1.300000</float_array><technique_common><accessor source="#mixamorig_Spine1-Matrix-animation-input-array" count="40"><param name="TIME" type="float"/></accessor></technique_common></source><source id="mixamorig_Spine1-Matrix-animation-output-transform"><float_array id="mixamorig_Spine1-Matrix-animation-output-transform-array" count="640">

0.998462 -0.021385 -0.051155 0.000000 0.021012 0.999749 -0.007814 0.094700 0.051309 0.006727 0.998660 0.000000 0.000000 0.000000 0.000000 1.000000
0.999114 -0.012688 -0.040138 0.000000 0.012244 0.999861 -0.011302 0.094700 0.040275 0.010801 0.999130 0.000000 0.000000 0.000000 0.000000 1.000000
0.999759 -0.003327 -0.021706 0.000000 0.002859 0.999764 -0.021537 0.094700 0.021773 0.021470 0.999532 0.000000 0.000000 0.000000 0.000000 1.000000
0.999990 0.004164 0.001843 -0.000000 -0.004100 0.999436 -0.033323 0.094700 -0.001981 0.033315 0.999443 0.000000 0.000000 0.000000 0.000000 1.000000
0.999621 0.008992 0.026013 -0.000000 -0.007998 0.999244 -0.038058 0.094700 -0.026336 0.037835 0.998937 -0.000000 0.000000 0.000000 0.000000 1.000000
0.998788 0.013767 0.047258 -0.000000 -0.012145 0.999333 -0.034434 0.094700 -0.047700 0.033819 0.998289 0.000000 0.000000 0.000000 0.000000 1.000000
0.997661 0.021307 0.064944 0.000000 -0.019518 0.999416 -0.028055 0.094700 -0.065504 0.026722 0.997494 -0.000000 0.000000 0.000000 0.000000 1.000000
0.996294 0.031278 0.080131 0.000000 -0.029532 0.999302 -0.022882 0.094700 -0.080790 0.020431 0.996522 0.000000 0.000000 0.000000 0.000000 1.000000
0.994779 0.039803 0.093972 -0.000000 -0.038430 0.999127 -0.016376 0.094700 -0.094542 0.012680 0.995440 0.000000 0.000000 0.000000 0.000000 1.000000
0.993548 0.044045 0.104511 -0.000000 -0.042968 0.998998 -0.012533 0.094700 -0.104958 0.007962 0.994445 0.000000 0.000000 0.000000 0.000000 1.000000
0.993192 0.042051 0.108638 -0.000000 -0.040640 0.999059 -0.015171 0.094700 -0.109174 0.010653 0.993966 0.000000 0.000000 0.000000 0.000000 1.000000
0.994030 0.034958 0.103358 0.000000 -0.032751 0.999200 -0.022972 0.094700 -0.104078 0.019449 0.994379 0.000000 0.000000 0.000000 0.000000 1.000000
0.995665 0.026951 0.089022 0.000000 -0.024246 0.999215 -0.031333 0.094700 -0.089797 0.029038 0.995537 0.000000 0.000000 0.000000 0.000000 1.000000
0.997489 0.021241 0.067560 0.000000 -0.018652 0.999076 -0.038725 0.094700 -0.068320 0.037368 0.996963 -0.000000 0.000000 0.000000 0.000000 1.000000
0.998953 0.017521 0.042250 0.000000 -0.015699 0.998947 -0.043099 0.094700 -0.042961 0.042391 0.998177 0.000000 0.000000 0.000000 0.000000 1.000000
0.999785 0.011047 0.017520 0.000000 -0.010234 0.998894 -0.045885 0.094700 -0.018007 0.045695 0.998793 0.000000 0.000000 0.000000 0.000000 1.000000
0.999989 -0.000140 -0.004709 -0.000000 -0.000081 0.998900 -0.046898 0.094700 0.004711 0.046898 0.998889 0.000000 0.000000 0.000000 0.000000 1.000000
0.999609 -0.014460 -0.023912 0.000000 0.013397 0.998941 -0.044016 0.094700 0.024523 0.043679 0.998745 -0.000000 0.000000 0.000000 0.000000 1.000000
0.998866 -0.026493 -0.039550 0.000000 0.025010 0.998983 -0.037529 0.094700 0.040504 0.036497 0.998513 0.000000 0.000000 0.000000 0.000000 1.000000
0.998294 -0.031582 -0.049116 0.000000 0.030045 0.999045 -0.031717 0.094700 0.050071 0.030187 0.998289 0.000000 0.000000 0.000000 0.000000 1.000000
0.998432 -0.027254 -0.048885 0.000000 0.025636 0.999112 -0.033436 0.094700 0.049753 0.032130 0.998245 0.000000 0.000000 0.000000 0.000000 1.000000
0.999116 -0.017945 -0.038006 0.000000 0.016461 0.999103 -0.039011 0.094700 0.038672 0.038351 0.998516 -0.000000 0.000000 0.000000 0.000000 1.000000
0.999782 -0.008752 -0.018950 0.000000 0.007870 0.998906 -0.046097 0.094700 0.019332 0.045938 0.998757 0.000000 0.000000 0.000000 0.000000 1.000000
0.999981 -0.002572 0.005523 -0.000000 0.002842 0.998778 -0.049348 0.094700 -0.005390 0.049363 0.998766 0.000000 0.000000 0.000000 0.000000 1.000000
0.999495 0.001738 0.031724 -0.000000 -0.000337 0.999027 -0.044110 0.094700 -0.031769 0.044077 0.998523 0.000000 0.000000 0.000000 0.000000 1.000000
0.998336 0.008101 0.057091 0.000000 -0.006252 0.999453 -0.032488 0.094700 -0.057323 0.032077 0.997840 0.000000 0.000000 0.000000 0.000000 1.000000
0.996538 0.018831 0.080972 0.000000 -0.017271 0.999652 -0.019922 0.094700 -0.081319 0.018455 0.996517 0.000000 0.000000 0.000000 0.000000 1.000000
0.994182 0.031763 0.102919 0.000000 -0.030783 0.999464 -0.011103 0.094700 -0.103217 0.007870 0.994628 0.000000 0.000000 0.000000 0.000000 1.000000
0.991894 0.042035 0.119910 0.000000 -0.041479 0.999114 -0.007132 0.094700 -0.120104 0.002100 0.992759 0.000000 0.000000 0.000000 0.000000 1.000000
0.990700 0.046930 0.127717 -0.000000 -0.046065 0.998891 -0.009721 0.094700 -0.128032 0.003747 0.991763 0.000000 0.000000 0.000000 0.000000 1.000000
0.991262 0.046952 0.123265 0.000000 -0.045412 0.998852 -0.015274 0.094700 -0.123840 0.009543 0.992256 -0.000000 0.000000 0.000000 0.000000 1.000000
0.993044 0.045410 0.108636 0.000000 -0.043666 0.998877 -0.018379 0.094700 -0.109348 0.013508 0.993912 0.000000 0.000000 0.000000 0.000000 1.000000
0.995218 0.044129 0.087140 0.000000 -0.042731 0.998927 -0.017852 0.094700 -0.087834 0.014043 0.996036 -0.000000 0.000000 0.000000 0.000000 1.000000
0.997244 0.042178 0.061032 0.000000 -0.041356 0.999037 -0.014674 0.094700 -0.061592 0.012109 0.998028 0.000000 0.000000 0.000000 0.000000 1.000000
0.998776 0.036724 0.033127 0.000000 -0.036256 0.999235 -0.014628 0.094700 -0.033639 0.013409 0.999344 -0.000000 0.000000 0.000000 0.000000 1.000000
0.999631 0.026706 0.004913 -0.000000 -0.026600 0.999435 -0.020549 0.094700 -0.005459 0.020411 0.999777 -0.000000 0.000000 0.000000 0.000000 1.000000
0.999683 0.012530 -0.021830 0.000000 -0.013109 0.999560 -0.026606 0.094700 0.021487 0.026884 0.999408 -0.000000 0.000000 0.000000 0.000000 1.000000
0.999077 -0.002286 -0.042895 0.000000 0.001120 0.999630 -0.027184 0.094700 0.042942 0.027111 0.998710 0.000000 0.000000 0.000000 0.000000 1.000000
0.998476 -0.014066 -0.053363 0.000000 0.012950 0.999691 -0.021195 0.094700 0.053644 0.020472 0.998350 -0.000000 0.000000 0.000000 0.000000 1.000000
0.998462 -0.021385 -0.051156 0.000000 0.021012 0.999749 -0.007814 0.094700 0.051310 0.006727 0.998660 -0.000000 0.000000 0.000000 0.000000 1.000000</float_array><technique_common><accessor source="#mixamorig_Spine1-Matrix-animation-output-transform-array" count="40" stride="16"><param type="float4x4"/></accessor></technique_common></source><source id="mixamorig_Spine1-Interpolations"><Name_array id="mixamorig_Spine1-Interpolations-array" count="40">
 LINEAR LINEAR LINEAR LINEAR LINEAR LINEAR LINEAR LINEAR LINEAR LINEAR LINEAR
LINEAR LINEAR LINEAR LINEAR LINEAR LINEAR LINEAR LINEAR LINEAR LINEAR LINEAR LINEAR
LINEAR LINEAR LINEAR LINEAR LINEAR LINEAR LINEAR LINEAR LINEAR LINEAR LINEAR LINEAR
LINEAR LINEAR LINEAR LINEAR LINEAR</Name_array><technique_common><accessor source="#mixamorig_Spine1-Interpolations-array" count="40"><param type="name"/></accessor></technique_common></source><sampler id="mixamorig_Spine1-Matrix-animation-transform"><input semantic="INPUT" source="#mixamorig_Spine1-Matrix-animation-input"/><input semantic="OUTPUT" source="#mixamorig_Spine1-Matrix-animation-output-transform"/><input semantic="INTERPOLATION" source="#mixamorig_Spine1-Interpolations"/></sampler><channel source="#mixamorig_Spine1-Matrix-animation-transform" target="mixamorig_Spine1/matrix"/></animation>
    <animation id="mixamorig_Spine2-anim" name="mixamorig_Spine2"><source id="mixamorig_Spine2-Matrix-animation-input"><float_array id="mixamorig_Spine2-Matrix-animation-input-array" count="40">

0.000000 0.033333 0.066667 0.100000 0.133333 0.166667 0.200000 0.233333 0.266667 0.300000 0.333333 0.366667 0.400000 0.433333 0.466667 0.500000
0.533333 0.566667 0.600000 0.633333 0.666667 0.700000 0.733333 0.766667 0.800000 0.833333 0.866667 0.900000 0.933333 0.966667 1.000000 1.033333
1.066667 1.100000 1.133333 1.166667 1.200000 1.233333 1.266667 1.300000</float_array><technique_common><accessor source="#mixamorig_Spine2-Matrix-animation-input-array" count="40"><param name="TIME" type="float"/></accessor></technique_common></source><source id="mixamorig_Spine2-Matrix-animation-output-transform"><float_array id="mixamorig_Spine2-Matrix-animation-output-transform-array" count="640">

0.998462 -0.021385 -0.051155 -0.000000 0.021012 0.999749 -0.007814 0.108300 0.051309 0.006727 0.998660 0.000000 0.000000 0.000000 0.000000 1.000000
0.999114 -0.012688 -0.040138 0.000000 0.012244 0.999861 -0.011302 0.108300 0.040275 0.010801 0.999130 0.000000 0.000000 0.000000 0.000000 1.000000
0.999759 -0.003327 -0.021706 0.000000 0.002859 0.999764 -0.021537 0.108300 0.021773 0.021470 0.999532 -0.000000 0.000000 0.000000 0.000000 1.000000
0.999990 0.004164 0.001843 0.000000 -0.004100 0.999436 -0.033323 0.108300 -0.001981 0.033315 0.999443 0.000000 0.000000 0.000000 0.000000 1.000000
0.999621 0.008992 0.026013 -0.000000 -0.007998 0.999244 -0.038057 0.108300 -0.026336 0.037835 0.998937 0.000000 0.000000 0.000000 0.000000 1.000000
0.998788 0.013767 0.047258 0.000000 -0.012145 0.999333 -0.034434 0.108300 -0.047700 0.033819 0.998289 -0.000000 0.000000 0.000000 0.000000 1.000000
0.997661 0.021307 0.064944 0.000000 -0.019518 0.999416 -0.028055 0.108300 -0.065504 0.026722 0.997494 0.000000 0.000000 0.000000 0.000000 1.000000
0.996294 0.031278 0.080131 0.000000 -0.029532 0.999302 -0.022882 0.108300 -0.080790 0.020431 0.996522 0.000000 0.000000 0.000000 0.000000 1.000000
0.994779 0.039803 0.093972 -0.000000 -0.038430 0.999127 -0.016376 0.108300 -0.094542 0.012680 0.995440 -0.000000 0.000000 0.000000 0.000000 1.000000
0.993548 0.044045 0.104511 0.000000 -0.042968 0.998998 -0.012534 0.108300 -0.104958 0.007962 0.994445 0.000000 0.000000 0.000000 0.000000 1.000000
0.993192 0.042051 0.108638 -0.000000 -0.040640 0.999059 -0.015171 0.108300 -0.109174 0.010653 0.993966 0.000000 0.000000 0.000000 0.000000 1.000000
0.994030 0.034958 0.103358 0.000000 -0.032751 0.999200 -0.022972 0.108300 -0.104078 0.019449 0.994379 0.000000 0.000000 0.000000 0.000000 1.000000
0.995665 0.026951 0.089022 -0.000000 -0.024246 0.999215 -0.031333 0.108300 -0.089797 0.029039 0.995537 0.000000 0.000000 0.000000 0.000000 1.000000
0.997489 0.021241 0.067560 -0.000000 -0.018652 0.999076 -0.038725 0.108300 -0.068320 0.037368 0.996963 0.000000 0.000000 0.000000 0.000000 1.000000
0.998953 0.017521 0.042250 0.000000 -0.015698 0.998947 -0.043099 0.108300 -0.042961 0.042391 0.998177 0.000000 0.000000 0.000000 0.000000 1.000000
0.999785 0.011047 0.017520 0.000000 -0.010234 0.998894 -0.045885 0.108300 -0.018007 0.045695 0.998793 0.000000 0.000000 0.000000 0.000000 1.000000
0.999989 -0.000140 -0.004709 0.000000 -0.000081 0.998900 -0.046898 0.108300 0.004711 0.046898 0.998889 0.000000 0.000000 0.000000 0.000000 1.000000
0.999609 -0.014460 -0.023912 0.000000 0.013397 0.998941 -0.044017 0.108300 0.024523 0.043679 0.998745 0.000000 0.000000 0.000000 0.000000 1.000000
0.998866 -0.026493 -0.039550 0.000000 0.025010 0.998983 -0.037529 0.108300 0.040504 0.036497 0.998513 0.000000 0.000000 0.000000 0.000000 1.000000
0.998294 -0.031582 -0.049116 0.000000 0.030045 0.999045 -0.031717 0.108300 0.050071 0.030187 0.998289 -0.000000 0.000000 0.000000 0.000000 1.000000
0.998432 -0.027254 -0.048885 0.000000 0.025636 0.999112 -0.033436 0.108300 0.049753 0.032130 0.998245 -0.000000 0.000000 0.000000 0.000000 1.000000
0.999116 -0.017945 -0.038006 0.000000 0.016461 0.999103 -0.039011 0.108300 0.038672 0.038351 0.998516 0.000000 0.000000 0.000000 0.000000 1.000000
0.999782 -0.008752 -0.018950 0.000000 0.007870 0.998906 -0.046097 0.108300 0.019332 0.045938 0.998757 0.000000 0.000000 0.000000 0.000000 1.000000
0.999981 -0.002572 0.005523 0.000000 0.002842 0.998778 -0.049348 0.108300 -0.005390 0.049363 0.998766 -0.000000 0.000000 0.000000 0.000000 1.000000
0.999495 0.001738 0.031724 -0.000000 -0.000337 0.999027 -0.044110 0.108300 -0.031769 0.044077 0.998523 0.000000 0.000000 0.000000 0.000000 1.000000
0.998336 0.008101 0.057091 0.000000 -0.006252 0.999453 -0.032488 0.108300 -0.057323 0.032077 0.997840 0.000000 0.000000 0.000000 0.000000 1.000000
0.996538 0.018831 0.080972 -0.000000 -0.017271 0.999652 -0.019922 0.108300 -0.081319 0.018455 0.996517 0.000000 0.000000 0.000000 0.000000 1.000000
0.994182 0.031763 0.102919 -0.000000 -0.030783 0.999464 -0.011103 0.108300 -0.103217 0.007870 0.994628 0.000000 0.000000 0.000000 0.000000 1.000000
0.991894 0.042035 0.119910 0.000000 -0.041479 0.999114 -0.007132 0.108300 -0.120104 0.002100 0.992759 0.000000 0.000000 0.000000 0.000000 1.000000
0.990700 0.046930 0.127717 -0.000000 -0.046065 0.998891 -0.009721 0.108300 -0.128032 0.003748 0.991763 0.000000 0.000000 0.000000 0.000000 1.000000
0.991262 0.046952 0.123265 -0.000000 -0.045412 0.998852 -0.015274 0.108300 -0.123841 0.009543 0.992256 0.000000 0.000000 0.000000 0.000000 1.000000
0.993044 0.045410 0.108636 -0.000000 -0.043666 0.998877 -0.018379 0.108300 -0.109348 0.013507 0.993912 0.000000 0.000000 0.000000 0.000000 1.000000
0.995218 0.044129 0.087140 0.000000 -0.042731 0.998927 -0.017852 0.108300 -0.087834 0.014043 0.996036 0.000000 0.000000 0.000000 0.000000 1.000000
0.997244 0.042178 0.061032 0.000000 -0.041356 0.999037 -0.014674 0.108300 -0.061592 0.012109 0.998028 -0.000000 0.000000 0.000000 0.000000 1.000000
0.998776 0.036724 0.033127 0.000000 -0.036256 0.999235 -0.014628 0.108300 -0.033639 0.013409 0.999344 0.000000 0.000000 0.000000 0.000000 1.000000
0.999631 0.026706 0.004913 0.000000 -0.026600 0.999435 -0.020549 0.108300 -0.005459 0.020411 0.999777 0.000000 0.000000 0.000000 0.000000 1.000000
0.999683 0.012530 -0.021830 -0.000000 -0.013109 0.999560 -0.026606 0.108300 0.021487 0.026884 0.999408 0.000000 0.000000 0.000000 0.000000 1.000000
0.999077 -0.002286 -0.042895 0.000000 0.001120 0.999630 -0.027184 0.108300 0.042942 0.027111 0.998710 0.000000 0.000000 0.000000 0.000000 1.000000
0.998476 -0.014066 -0.053363 0.000000 0.012950 0.999691 -0.021196 0.108300 0.053644 0.020472 0.998350 0.000000 0.000000 0.000000 0.000000 1.000000
0.998462 -0.021385 -0.051156 0.000000 0.021012 0.999749 -0.007814 0.108300 0.051310 0.006727 0.998660 0.000000 0.000000 0.000000 0.000000 1.000000</float_array><technique_common><accessor source="#mixamorig_Spine2-Matrix-animation-output-transform-array" count="40" stride="16"><param type="float4x4"/></accessor></technique_common></source><source id="mixamorig_Spine2-Interpolations"><Name_array id="mixamorig_Spine2-Interpolations-array" count="40">
 LINEAR LINEAR LINEAR LINEAR LINEAR LINEAR LINEAR LINEAR LINEAR LINEAR LINEAR
LINEAR LINEAR LINEAR LINEAR LINEAR LINEAR LINEAR LINEAR LINEAR LINEAR LINEAR LINEAR
LINEAR LINEAR LINEAR LINEAR LINEAR LINEAR LINEAR LINEAR LINEAR LINEAR LINEAR LINEAR
LINEAR LINEAR LINEAR LINEAR LINEAR</Name_array><technique_common><accessor source="#mixamorig_Spine2-Interpolations-array" count="40"><param type="name"/></accessor></technique_common></source><sampler id="mixamorig_Spine2-Matrix-animation-transform"><input semantic="INPUT" source="#mixamorig_Spine2-Matrix-animation-input"/><input semantic="OUTPUT" source="#mixamorig_Spine2-Matrix-animation-output-transform"/><input semantic="INTERPOLATION" source="#mixamorig_Spine2-Interpolations"/></sampler><channel source="#mixamorig_Spine2-Matrix-animation-transform" target="mixamorig_Spine2/matrix"/></animation>
    <animation id="mixamorig_Neck-anim" name="mixamorig_Neck"><source id="mixamorig_Neck-Matrix-animation-input"><float_array id="mixamorig_Neck-Matrix-animation-input-array" count="40">

0.000000 0.033333 0.066667 0.100000 0.133333 0.166667 0.200000 0.233333 0.266667 0.300000 0.333333 0.366667 0.400000 0.433333 0.466667 0.500000
0.533333 0.566667 0.600000 0.633333 0.666667 0.700000 0.733333 0.766667 0.800000 0.833333 0.866667 0.900000 0.933333 0.966667 1.000000 1.033333
1.066667 1.100000 1.133333 1.166667 1.200000 1.233333 1.266667 1.300000</float_array><technique_common><accessor source="#mixamorig_Neck-Matrix-animation-input-array" count="40"><param name="TIME" type="float"/></accessor></technique_common></source><source id="mixamorig_Neck-Matrix-animation-output-transform"><float_array id="mixamorig_Neck-Matrix-animation-output-transform-array" count="640">

0.997917 -0.063698 -0.010251 0.000000 0.064343 0.994259 0.085490 0.121800 0.004747 -0.085971 0.996286 0.000000 0.000000 0.000000 0.000000 1.000000
0.997860 -0.064742 -0.009115 0.000000 0.065283 0.994236 0.085046 0.121800 0.003557 -0.085459 0.996335 -0.000000 0.000000 0.000000 0.000000 1.000000
0.998004 -0.062438 -0.009423 0.000000 0.063026 0.994137 0.087864 0.121800 0.003882 -0.088283 0.996088 0.000000 0.000000 0.000000 0.000000 1.000000
0.998404 -0.055440 -0.010775 0.000000 0.056212 0.993921 0.094667 0.121800 0.005461 -0.095122 0.995451 -0.000000 0.000000 0.000000 0.000000 1.000000
0.998938 -0.044244 -0.012830 0.000000 0.045357 0.993332 0.105990 0.121800 0.008055 -0.106460 0.994284 0.000000 0.000000 0.000000 0.000000 1.000000
0.999379 -0.031722 -0.015308 -0.000000 0.033328 0.992270 0.119538 0.121800 0.011398 -0.119974 0.992712 0.000000 0.000000 0.000000 0.000000 1.000000
0.999646 -0.019495 -0.018096 -0.000000 0.021701 0.991138 0.131049 0.121800 0.015381 -0.131396 0.991211 -0.000000 0.000000 0.000000 0.000000 1.000000
0.999755 -0.005812 -0.021372 -0.000000 0.008668 0.990660 0.136080 0.121800 0.020381 -0.136232 0.990467 -0.000000 0.000000 0.000000 0.000000 1.000000
0.999637 0.009577 -0.025163 -0.000000 -0.006084 0.990772 0.135401 0.121800 0.026228 -0.135198 0.990471 0.000000 0.000000 0.000000 0.000000 1.000000
0.999288 0.023682 -0.029378 -0.000000 -0.019615 0.991091 0.131732 0.121800 0.032236 -0.131062 0.990850 0.000000 0.000000 0.000000 0.000000 1.000000
0.998897 0.033370 -0.033036 -0.000000 -0.028861 0.991272 0.128634 0.121800 0.037040 -0.127539 0.991142 0.000000 0.000000 0.000000 0.000000 1.000000
0.998746 0.036376 -0.034396 -0.000000 -0.031665 0.991166 0.128791 0.121800 0.038777 -0.127540 0.991075 0.000000 0.000000 0.000000 0.000000 1.000000
0.998912 0.032942 -0.033003 -0.000000 -0.028295 0.990776 0.132522 0.121800 0.037064 -0.131444 0.990630 0.000000 0.000000 0.000000 0.000000 1.000000
0.999277 0.023420 -0.029944 -0.000000 -0.019021 0.990032 0.139555 0.121800 0.032914 -0.138884 0.989761 -0.000000 0.000000 0.000000 0.000000 1.000000
0.999577 0.007576 -0.028070 0.000000 -0.003358 0.989076 0.147367 0.121800 0.028880 -0.147210 0.988683 0.000000 0.000000 0.000000 0.000000 1.000000
0.999552 -0.010885 -0.027891 0.000000 0.014982 0.988393 0.151178 0.121800 0.025921 -0.151528 0.988113 0.000000 0.000000 0.000000 0.000000 1.000000
0.999242 -0.027961 -0.027079 0.000000 0.031702 0.988270 0.149391 0.121800 0.022584 -0.150136 0.988407 0.000000 0.000000 0.000000 0.000000 1.000000
0.998832 -0.042333 -0.023276 -0.000000 0.045267 0.988417 0.144856 0.121800 0.016875 -0.145741 0.989179 0.000000 0.000000 0.000000 0.000000 1.000000
0.998307 -0.055628 -0.016964 0.000000 0.057487 0.988047 0.143032 0.121800 0.008805 -0.143765 0.989573 -0.000000 0.000000 0.000000 0.000000 1.000000
0.997611 -0.068282 -0.010523 0.000000 0.069087 0.986852 0.146120 0.121800 0.000407 -0.146498 0.989211 0.000000 0.000000 0.000000 0.000000 1.000000
0.997023 -0.076837 -0.006370 0.000000 0.076912 0.985396 0.151919 0.121800 -0.005396 -0.151957 0.988372 0.000000 0.000000 0.000000 0.000000 1.000000
0.997002 -0.077199 -0.005250 0.000000 0.077073 0.984779 0.155791 0.121800 -0.006856 -0.155729 0.987776 0.000000 0.000000 0.000000 0.000000 1.000000
0.997513 -0.070189 -0.006345 0.000000 0.070319 0.985262 0.155932 0.121800 -0.004694 -0.155990 0.987747 0.000000 0.000000 0.000000 0.000000 1.000000
0.998209 -0.059137 -0.009021 0.000000 0.059821 0.986488 0.152524 0.121800 -0.000121 -0.152790 0.988259 0.000000 0.000000 0.000000 0.000000 1.000000
0.998770 -0.047869 -0.012887 -0.000000 0.049240 0.988035 0.146157 0.121800 0.005736 -0.146611 0.989178 -0.000000 0.000000 0.000000 0.000000 1.000000
0.999136 -0.037551 -0.017792 0.000000 0.039645 0.989708 0.137499 0.121800 0.012446 -0.138086 0.990342 0.000000 0.000000 0.000000 0.000000 1.000000
0.999352 -0.026929 -0.023873 0.000000 0.029760 0.991397 0.127461 0.121800 0.020235 -0.128089 0.991556 0.000000 0.000000 0.000000 0.000000 1.000000
0.999419 -0.013713 -0.031207 0.000000 0.017354 0.992677 0.119549 0.121800 0.029339 -0.120021 0.992338 -0.000000 0.000000 0.000000 0.000000 1.000000
0.999264 0.001793 -0.038323 0.000000 0.002639 0.993329 0.115284 0.121800 0.038274 -0.115300 0.992593 -0.000000 0.000000 0.000000 0.000000 1.000000
0.998922 0.017194 -0.043114 0.000000 -0.012271 0.993636 0.111966 0.121800 0.044765 -0.111316 0.992776 0.000000 0.000000 0.000000 0.000000 1.000000
0.998616 0.028831 -0.043991 0.000000 -0.024058 0.994136 0.105424 0.121800 0.046773 -0.104220 0.993454 0.000000 0.000000 0.000000 0.000000 1.000000
0.998533 0.034046 -0.042108 0.000000 -0.029909 0.995004 0.095249 0.121800 0.045140 -0.093850 0.994562 0.000000 0.000000 0.000000 0.000000 1.000000
0.998705 0.031512 -0.039945 0.000000 -0.028026 0.995986 0.085006 0.121800 0.042464 -0.083777 0.995579 -0.000000 0.000000 0.000000 0.000000 1.000000
0.999013 0.019678 -0.039810 0.000000 -0.016498 0.996763 0.078684 0.121800 0.041229 -0.077949 0.996104 0.000000 0.000000 0.000000 0.000000 1.000000
0.999186 -0.000169 -0.040342 0.000000 0.003341 0.996903 0.078566 0.121800 0.040204 -0.078637 0.996092 -0.000000 0.000000 0.000000 0.000000 1.000000
0.999025 -0.022509 -0.037967 0.000000 0.025566 0.996300 0.082055 0.121800 0.035979 -0.082946 0.995904 -0.000000 0.000000 0.000000 0.000000 1.000000
0.998680 -0.041236 -0.030636 -0.000000 0.043739 0.995326 0.086100 0.121800 0.026943 -0.087326 0.995815 -0.000000 0.000000 0.000000 0.000000 1.000000
0.998370 -0.052961 -0.021254 0.000000 0.054634 0.994628 0.087920 0.121800 0.016483 -0.088938 0.995901 0.000000 0.000000 0.000000 0.000000 1.000000
0.998123 -0.059543 -0.014325 0.000000 0.060569 0.994347 0.087206 0.121800 0.009051 -0.087910 0.996087 0.000000 0.000000 0.000000 0.000000 1.000000
0.997917 -0.063698 -0.010250 0.000000 0.064342 0.994259 0.085490 0.121800 0.004745 -0.085971 0.996286 -0.000000 0.000000 0.000000 0.000000 1.000000</float_array><technique_common><accessor source="#mixamorig_Neck-Matrix-animation-output-transform-array" count="40" stride="16"><param type="float4x4"/></accessor></technique_common></source><source id="mixamorig_Neck-Interpolations"><Name_array id="mixamorig_Neck-Interpolations-array" count="40">
 LINEAR LINEAR LINEAR LINEAR LINEAR LINEAR LINEAR LINEAR LINEAR LINEAR LINEAR
LINEAR LINEAR LINEAR LINEAR LINEAR LINEAR LINEAR LINEAR LINEAR LINEAR LINEAR LINEAR
LINEAR LINEAR LINEAR LINEAR LINEAR LINEAR LINEAR LINEAR LINEAR LINEAR LINEAR LINEAR
