<?xml version="1.0" encoding="utf-8"?>
<COLLADA xmlns="http://www.collada.org/2005/11/COLLADASchema" version="1.4.1">
  <asset><contributor><author>Mixamo</author><authoring_tool>COLLADA Mixamo exporter</authoring_tool><comments></comments></contributor><created>2020-06-05T17:08:52Z</created><modified>2020-06-05T17:08:52Z</modified><revision></revision><title></title><unit meter="0.010000"/><up_axis>Y_UP</up_axis></asset>
  <library_animations>
    <animation id="mixamorig_Hips-anim" name="mixamorig_Hips"><source id="mixamorig_Hips-Matrix-animation-input"><float_array id="mixamorig_Hips-Matrix-animation-input-array" count="74">

0.000000 0.033333 0.066667 0.100000 0.133333 0.166667 0.200000 0.233333 0.266667 0.300000 0.333333 0.366667 0.400000 0.433333 0.466667 0.500000
0.533333 0.566667 0.600000 0.633333 0.666667 0.700000 0.733333 0.766667 0.800000 0.833333 0.866667 0.900000 0.933333 0.966667 1.000000 1.033333
1.066667 1.100000 1.133333 1.166667 1.200000 1.233333 1.266667 1.300000 1.333333 1.366667 1.400000 1.433333 1.466667 1.500000 1.533333 1.566667
1.600000 1.633333 1.666667 1.700000 1.733333 1.766667 1.800000 1.833333 1.866667 1.900000 1.933333 1.966667 2.000000 2.033333 2.066667 2.100000
2.133333 2.166667 2.200000 2.233333 2.266667 2.300000 2.333333 2.366667 2.400000 2.433333</float_array><technique_common><accessor source="#mixamorig_Hips-Matrix-animation-input-array" count="74"><param name="TIME" type="float"/></accessor></technique_common></source><source id="mixamorig_Hips-Matrix-animation-output-transform"><float_array id="mixamorig_Hips-Matrix-animation-output-transform-array" count="1184">

0.919599 0.010987 -0.392705 0.013785 0.162473 0.899482 0.405629 0.569495 0.357688 -0.436820 0.825377 -0.120862 0.000000 0.000000 0.000000 1.000000
0.926294 0.003953 -0.376781 0.013813 0.164929 0.894815 0.414855 0.560196 0.338789 -0.446420 0.828210 -0.137699 0.000000 0.000000 0.000000 1.000000
0.933924 -0.006017 -0.357422 0.014331 0.166442 0.892185 0.419884 0.548323 0.316360 -0.451629 0.834235 -0.156729 0.000000 0.000000 0.000000 1.000000
0.943562 -0.013242 -0.330930 0.014499 0.160892 0.891703 0.423061 0.532908 0.289489 -0.452428 0.843507 -0.176656 0.000000 0.000000 0.000000 1.000000
0.953597 -0.018641 -0.300508 0.014073 0.150927 0.893222 0.423528 0.517743 0.260525 -0.449230 0.854587 -0.197966 0.000000 0.000000 0.000000 1.000000
0.961388 -0.022150 -0.274303 0.014734 0.141713 0.894284 0.424469 0.500414 0.235903 -0.446951 0.862893 -0.219600 0.000000 0.000000 0.000000 1.000000
0.965659 -0.031065 -0.257947 0.015702 0.142966 0.892532 0.427723 0.482399 0.216939 -0.449912 0.866323 -0.243408 0.000000 0.000000 0.000000 1.000000
0.967719 -0.046137 -0.247773 0.015915 0.153070 0.888605 0.432378 0.464062 0.200223 -0.456347 0.866982 -0.271155 0.000000 0.000000 0.000000 1.000000
0.969583 -0.060095 -0.237270 0.016086 0.162740 0.882360 0.441539 0.443676 0.182824 -0.466722 0.865301 -0.298460 0.000000 0.000000 0.000000 1.000000
0.972499 -0.070245 -0.222061 0.016501 0.167385 0.873757 0.456653 0.420443 0.161950 -0.481264 0.861486 -0.322962 0.000000 0.000000 0.000000 1.000000
0.977859 -0.076841 -0.194645 0.014941 0.163062 0.862762 0.478594 0.394354 0.131156 -0.499737 0.856190 -0.346483 0.000000 0.000000 0.000000 1.000000
0.984292 -0.071143 -0.161577 0.012179 0.145128 0.847199 0.511069 0.363873 0.100529 -0.526491 0.844216 -0.368343 0.000000 0.000000 0.000000 1.000000
0.989631 -0.066698 -0.127206 0.008077 0.126281 0.826004 0.549337 0.329702 0.068433 -0.559704 0.825862 -0.391819 0.000000 0.000000 0.000000 1.000000
0.994002 -0.069918 -0.084087 0.002790 0.106322 0.797786 0.593492 0.289091 0.025588 -0.598873 0.800435 -0.420106 0.000000 0.000000 0.000000 1.000000
0.996763 -0.070998 -0.037717 -0.000122 0.078538 0.759693 0.645521 0.251872 -0.017178 -0.646394 0.762810 -0.446350 0.000000 0.000000 0.000000 1.000000
0.996478 -0.083015 -0.011872 -0.002332 0.066227 0.692188 0.718672 0.212869 -0.051443 -0.716927 0.695248 -0.465057 0.000000 0.000000 0.000000 1.000000
0.995845 -0.090322 -0.011592 -0.004064 0.063379 0.596047 0.800445 0.158804 -0.065388 -0.797854 0.599295 -0.479084 0.000000 0.000000 0.000000 1.000000
0.993765 -0.111419 0.004029 -0.007118 0.048558 0.465068 0.883942 0.098676 -0.100362 -0.878236 0.467579 -0.485978 0.000000 0.000000 0.000000 1.000000
0.989704 -0.143110 0.002199 -0.007867 0.047371 0.342023 0.938497 0.104693 -0.135061 -0.928730 0.345281 -0.489195 0.000000 0.000000 0.000000 1.000000
0.986647 -0.157623 -0.041011 0.001168 0.074331 0.211729 0.974498 0.112716 -0.144920 -0.964534 0.220618 -0.507322 0.000000 0.000000 0.000000 1.000000
0.975087 -0.190327 -0.113936 0.012344 0.127440 0.060250 0.990015 0.121935 -0.181562 -0.979870 0.083005 -0.535455 0.000000 0.000000 0.000000 1.000000
0.962478 -0.222052 -0.155980 0.017052 0.146286 -0.059557 0.987448 0.128188 -0.228554 -0.973214 -0.024839 -0.558055 0.000000 0.000000 0.000000 1.000000
0.946230 -0.259696 -0.192888 0.009195 0.154470 -0.161172 0.974763 0.134621 -0.284230 -0.952146 -0.112391 -0.580845 0.000000 0.000000 0.000000 1.000000
0.939408 -0.262629 -0.220313 -0.002379 0.167143 -0.210199 0.963265 0.135937 -0.299291 -0.941723 -0.153566 -0.596056 0.000000 0.000000 0.000000 1.000000
0.933187 -0.266846 -0.240740 -0.011961 0.173760 -0.251362 0.952168 0.137621 -0.314595 -0.930382 -0.188201 -0.606119 0.000000 0.000000 0.000000 1.000000
0.932640 -0.265217 -0.244627 -0.017760 0.168091 -0.280547 0.945007 0.137266 -0.319262 -0.922471 -0.217068 -0.614620 0.000000 0.000000 0.000000 1.000000
0.939615 -0.252421 -0.231099 -0.020404 0.151417 -0.298954 0.942178 0.134921 -0.306913 -0.920277 -0.242681 -0.624546 0.000000 0.000000 0.000000 1.000000
0.946233 -0.247479 -0.208319 -0.020467 0.126386 -0.309966 0.942310 0.132272 -0.297773 -0.917974 -0.262022 -0.631831 0.000000 0.000000 0.000000 1.000000
0.947946 -0.247592 -0.200242 -0.020666 0.113590 -0.324549 0.939024 0.131390 -0.297483 -0.912889 -0.279530 -0.635437 0.000000 0.000000 0.000000 1.000000
0.949647 -0.242595 -0.198286 -0.019746 0.109246 -0.336766 0.935229 0.129698 -0.293658 -0.909800 -0.293307 -0.638766 0.000000 0.000000 0.000000 1.000000
0.950953 -0.238015 -0.197578 -0.017632 0.107269 -0.345350 0.932323 0.127972 -0.290141 -0.907790 -0.302880 -0.641900 0.000000 0.000000 0.000000 1.000000
0.952471 -0.234201 -0.194803 -0.015050 0.104186 -0.350473 0.930760 0.126540 -0.286258 -0.906818 -0.309415 -0.643970 0.000000 0.000000 0.000000 1.000000
0.954689 -0.228424 -0.190764 -0.012092 0.100778 -0.354990 0.929422 0.125064 -0.280022 -0.906534 -0.315884 -0.645120 0.000000 0.000000 0.000000 1.000000
0.956872 -0.222578 -0.186692 -0.010902 0.098851 -0.354833 0.929689 0.124028 -0.273173 -0.908049 -0.317528 -0.645897 0.000000 0.000000 0.000000 1.000000
0.959192 -0.214658 -0.184045 -0.009663 0.100419 -0.349857 0.931405 0.122191 -0.264323 -0.911878 -0.314025 -0.647298 0.000000 0.000000 0.000000 1.000000
0.960896 -0.206852 -0.184094 -0.007323 0.105926 -0.339677 0.934558 0.118908 -0.255847 -0.917514 -0.304483 -0.649741 0.000000 0.000000 0.000000 1.000000
0.961848 -0.200165 -0.186499 -0.007272 0.113920 -0.326745 0.938222 0.115327 -0.248737 -0.923673 -0.291477 -0.652749 0.000000 0.000000 0.000000 1.000000
0.962117 -0.196910 -0.188567 -0.010736 0.120491 -0.313331 0.941969 0.112936 -0.244567 -0.929005 -0.277735 -0.655322 0.000000 0.000000 0.000000 1.000000
0.961846 -0.195895 -0.190993 -0.014490 0.127138 -0.298107 0.946028 0.110433 -0.242258 -0.934215 -0.261827 -0.658262 0.000000 0.000000 0.000000 1.000000
0.962958 -0.188243 -0.193071 -0.018051 0.135807 -0.279999 0.950346 0.107487 -0.232956 -0.941363 -0.244063 -0.661769 0.000000 0.000000 0.000000 1.000000
0.965551 -0.173375 -0.194044 -0.020400 0.145234 -0.259694 0.954707 0.104827 -0.215915 -0.950000 -0.225568 -0.665130 0.000000 0.000000 0.000000 1.000000
0.968144 -0.158332 -0.193977 -0.021129 0.153258 -0.237924 0.959116 0.102635 -0.198011 -0.958292 -0.206079 -0.666552 0.000000 0.000000 0.000000 1.000000
0.969749 -0.146814 -0.195017 -0.020398 0.161326 -0.214101 0.963397 0.100577 -0.183193 -0.965715 -0.183940 -0.666727 0.000000 0.000000 0.000000 1.000000
0.970400 -0.139862 -0.196884 -0.021128 0.168908 -0.189625 0.967219 0.098121 -0.172611 -0.971844 -0.160389 -0.668153 0.000000 0.000000 0.000000 1.000000
0.972479 -0.131243 -0.192510 -0.024620 0.170160 -0.164339 0.971616 0.096758 -0.159154 -0.977634 -0.137484 -0.666921 0.000000 0.000000 0.000000 1.000000
0.975259 -0.122973 -0.183705 -0.028433 0.166288 -0.139480 0.976163 0.095653 -0.145665 -0.982559 -0.115580 -0.663177 0.000000 0.000000 0.000000 1.000000
0.978402 -0.115561 -0.171394 -0.030141 0.158428 -0.113393 0.980838 0.094225 -0.132781 -0.986807 -0.092636 -0.660397 0.000000 0.000000 0.000000 1.000000
0.981468 -0.111522 -0.155831 -0.030616 0.146522 -0.087343 0.985344 0.092473 -0.123499 -0.989916 -0.069384 -0.658120 0.000000 0.000000 0.000000 1.000000
0.984601 -0.111310 -0.134803 -0.028177 0.128701 -0.060330 0.989847 0.089848 -0.118313 -0.991953 -0.045075 -0.658136 0.000000 0.000000 0.000000 1.000000
0.987498 -0.105084 -0.117498 -0.022812 0.114262 -0.036319 0.992787 0.087692 -0.108593 -0.993800 -0.023858 -0.659349 0.000000 0.000000 0.000000 1.000000
0.986881 -0.108324 -0.119713 -0.018579 0.116916 -0.031837 0.992631 0.086825 -0.111337 -0.993606 -0.018754 -0.663446 0.000000 0.000000 0.000000 1.000000
0.985469 -0.113565 -0.126311 -0.017776 0.123223 -0.033843 0.991802 0.086268 -0.116909 -0.992954 -0.019358 -0.665350 0.000000 0.000000 0.000000 1.000000
0.984915 -0.118270 -0.126311 -0.017939 0.123056 -0.034465 0.991801 0.085971 -0.121654 -0.992383 -0.019391 -0.663821 0.000000 0.000000 0.000000 1.000000
0.984545 -0.125040 -0.122620 -0.019820 0.118700 -0.038363 0.992189 0.085863 -0.128768 -0.991410 -0.022928 -0.661537 0.000000 0.000000 0.000000 1.000000
0.983479 -0.134298 -0.121382 -0.023402 0.116263 -0.045356 0.992182 0.085643 -0.138753 -0.989902 -0.028993 -0.659391 0.000000 0.000000 0.000000 1.000000
0.982755 -0.137396 -0.123753 -0.025280 0.117666 -0.051607 0.991711 0.085155 -0.142644 -0.989171 -0.034551 -0.659414 0.000000 0.000000 0.000000 1.000000
0.981799 -0.140894 -0.127360 -0.026051 0.120707 -0.054833 0.991173 0.084512 -0.146634 -0.988505 -0.036828 -0.661504 0.000000 0.000000 0.000000 1.000000
0.980602 -0.147402 -0.129198 -0.026409 0.122108 -0.056210 0.990924 0.084110 -0.153326 -0.987478 -0.037121 -0.664868 0.000000 0.000000 0.000000 1.000000
0.979982 -0.150675 -0.130126 -0.027060 0.122648 -0.057945 0.990757 0.083962 -0.156822 -0.986884 -0.038305 -0.668426 0.000000 0.000000 0.000000 1.000000
0.979828 -0.149585 -0.132519 -0.025949 0.124842 -0.059638 0.990383 0.084459 -0.156050 -0.986949 -0.039760 -0.669484 0.000000 0.000000 0.000000 1.000000
0.979684 -0.149999 -0.133112 -0.025404 0.125340 -0.060167 0.990288 0.084958 -0.156551 -0.986854 -0.040143 -0.667937 0.000000 0.000000 0.000000 1.000000
0.979894 -0.150726 -0.130724 -0.024607 0.123044 -0.059239 0.990632 0.085242 -0.157058 -0.986799 -0.039502 -0.667042 0.000000 0.000000 0.000000 1.000000
0.980320 -0.150183 -0.128129 -0.023642 0.120873 -0.056529 0.991057 0.085367 -0.156083 -0.987041 -0.037264 -0.666676 0.000000 0.000000 0.000000 1.000000
0.980917 -0.147386 -0.126805 -0.022830 0.120154 -0.053222 0.991328 0.085386 -0.152856 -0.987646 -0.034498 -0.666438 0.000000 0.000000 0.000000 1.000000
0.981420 -0.143584 -0.127271 -0.022578 0.121209 -0.050239 0.991355 0.085370 -0.148737 -0.988362 -0.031901 -0.666245 0.000000 0.000000 0.000000 1.000000
0.981848 -0.139143 -0.128893 -0.022670 0.123202 -0.048803 0.991181 0.085472 -0.144206 -0.989069 -0.030775 -0.665941 0.000000 0.000000 0.000000 1.000000
0.981986 -0.136062 -0.131110 -0.023073 0.125521 -0.048914 0.990884 0.085679 -0.141235 -0.989492 -0.030954 -0.665635 0.000000 0.000000 0.000000 1.000000
0.981819 -0.135049 -0.133394 -0.023270 0.127734 -0.049778 0.990558 0.085822 -0.140414 -0.989588 -0.031622 -0.664863 0.000000 0.000000 0.000000 1.000000
0.981619 -0.134595 -0.135312 -0.023283 0.129574 -0.050552 0.990280 0.085900 -0.140127 -0.989610 -0.032183 -0.664076 0.000000 0.000000 0.000000 1.000000
0.981404 -0.134593 -0.136858 -0.023378 0.131041 -0.051213 0.990053 0.085948 -0.140263 -0.989577 -0.032623 -0.663648 0.000000 0.000000 0.000000 1.000000
0.981242 -0.134663 -0.137951 -0.023371 0.132043 -0.051901 0.989884 0.085982 -0.140461 -0.989531 -0.033146 -0.663310 0.000000 0.000000 0.000000 1.000000
0.981097 -0.134843 -0.138802 -0.023299 0.132812 -0.052488 0.989750 0.086018 -0.140746 -0.989476 -0.033587 -0.663097 0.000000 0.000000 0.000000 1.000000
0.980976 -0.135212 -0.139298 -0.023243 0.133265 -0.052736 0.989676 0.086026 -0.141162 -0.989412 -0.033714 -0.663071 0.000000 0.000000 0.000000 1.000000
0.980902 -0.135474 -0.139565 -0.023240 0.133514 -0.052807 0.989639 0.086020 -0.141441 -0.989373 -0.033711 -0.663113 0.000000 0.000000 0.000000 1.000000</float_array><technique_common><accessor source="#mixamorig_Hips-Matrix-animation-output-transform-array" count="74" stride="16"><param type="float4x4"/></accessor></technique_common></source><source id="mixamorig_Hips-Interpolations"><Name_array id="mixamorig_Hips-Interpolations-array" count="74">
 LINEAR LINEAR LINEAR LINEAR LINEAR LINEAR LINEAR LINEAR LINEAR LINEAR LINEAR
LINEAR LINEAR LINEAR LINEAR LINEAR LINEAR LINEAR LINEAR LINEAR LINEAR LINEAR LINEAR
LINEAR LINEAR LINEAR LINEAR LINEAR LINEAR LINEAR LINEAR LINEAR LINEAR LINEAR LINEAR
LINEAR LINEAR LINEAR LINEAR LINEAR LINEAR LINEAR LINEAR LINEAR LINEAR LINEAR LINEAR
LINEAR LINEAR LINEAR LINEAR LINEAR LINEAR LINEAR LINEAR LINEAR LINEAR LINEAR LINEAR
LINEAR LINEAR LINEAR LINEAR LINEAR LINEAR LINEAR LINEAR LINEAR LINEAR LINEAR LINEAR
LINEAR LINEAR LINEAR</Name_array><technique_common><accessor source="#mixamorig_Hips-Interpolations-array" count="74"><param type="name"/></accessor></technique_common></source><sampler id="mixamorig_Hips-Matrix-animation-transform"><input semantic="INPUT" source="#mixamorig_Hips-Matrix-animation-input"/><input semantic="OUTPUT" source="#mixamorig_Hips-Matrix-animation-output-transform"/><input semantic="INTERPOLATION" source="#mixamorig_Hips-Interpolations"/></sampler><channel source="#mixamorig_Hips-Matrix-animation-transform" target="mixamorig_Hips/matrix"/></animation>
    <animation id="mixamorig_Spine-anim" name="mixamorig_Spine"><source id="mixamorig_Spine-Matrix-animation-input"><float_array id="mixamorig_Spine-Matrix-animation-input-array" count="74">

0.000000 0.033333 0.066667 0.100000 0.133333 0.166667 0.200000 0.233333 0.266667 0.300000 0.333333 0.366667 0.400000 0.433333 0.466667 0.500000
0.533333 0.566667 0.600000 0.633333 0.666667 0.700000 0.733333 0.766667 0.800000 0.833333 0.866667 0.900000 0.933333 0.966667 1.000000 1.033333
1.066667 1.100000 1.133333 1.166667 1.200000 1.233333 1.266667 1.300000 1.333333 1.366667 1.400000 1.433333 1.466667 1.500000 1.533333 1.566667
1.600000 1.633333 1.666667 1.700000 1.733333 1.766667 1.800000 1.833333 1.866667 1.900000 1.933333 1.966667 2.000000 2.033333 2.066667 2.100000
2.133333 2.166667 2.200000 2.233333 2.266667 2.300000 2.333333 2.366667 2.400000 2.433333</float_array><technique_common><accessor source="#mixamorig_Spine-Matrix-animation-input-array" count="74"><param name="TIME" type="float"/></accessor></technique_common></source><source id="mixamorig_Spine-Matrix-animation-output-transform"><float_array id="mixamorig_Spine-Matrix-animation-output-transform-array" count="1184">

0.995191 -0.060248 0.077228 0.000000 0.077938 0.964636 -0.251798 0.080600 -0.059327 0.256606 0.964693 0.009800 0.000000 0.000000 0.000000 1.000000
0.995316 -0.059722 0.076023 0.000000 0.077602 0.962523 -0.259861 0.080600 -0.057654 0.264543 0.962649 0.009800 0.000000 0.000000 0.000000 1.000000
0.996049 -0.057777 0.067436 -0.000000 0.074086 0.959348 -0.272328 0.080600 -0.048960 0.276249 0.959838 0.009800 0.000000 0.000000 0.000000 1.000000
0.996849 -0.056771 0.055400 0.000000 0.070454 0.954574 -0.289525 0.080600 -0.036447 0.292516 0.955566 0.009800 0.000000 0.000000 0.000000 1.000000
0.997579 -0.054418 0.043292 -0.000000 0.065236 0.947949 -0.311667 0.080600 -0.024078 0.313737 0.949205 0.009800 0.000000 0.000000 0.000000 1.000000
0.997909 -0.052657 0.037481 0.000000 0.062269 0.938688 -0.339098 0.080600 -0.017327 0.340723 0.940004 0.009800 0.000000 0.000000 0.000000 1.000000
0.998214 -0.044996 0.039295 0.000000 0.056297 0.928595 -0.366800 0.080600 -0.019985 0.368357 0.929470 0.009800 0.000000 0.000000 0.000000 1.000000
0.998490 -0.032812 0.044049 -0.000000 0.047524 0.918174 -0.393317 0.080600 -0.027539 0.394817 0.918347 0.009800 0.000000 0.000000 0.000000 1.000000
0.998278 -0.024695 0.053204 0.000000 0.044637 0.908292 -0.415950 0.080600 -0.038053 0.417608 0.907830 0.009800 0.000000 0.000000 0.000000 1.000000
0.997968 -0.020767 0.060233 0.000000 0.044988 0.899112 -0.435400 0.080600 -0.045114 0.437225 0.898220 0.009800 0.000000 0.000000 0.000000 1.000000
0.997915 -0.020331 0.061262 -0.000000 0.045872 0.891097 -0.451489 0.080600 -0.045411 0.453357 0.890171 0.009800 0.000000 0.000000 0.000000 1.000000
0.997648 -0.025302 0.063708 0.000000 0.052226 0.882537 -0.467335 0.080600 -0.044400 0.469563 0.881782 0.009800 0.000000 0.000000 0.000000 1.000000
0.998054 -0.023625 0.057700 -0.000000 0.048637 0.874040 -0.483413 0.080600 -0.039012 0.485279 0.873489 0.009800 0.000000 0.000000 0.000000 1.000000
0.998935 -0.019333 0.041905 0.000000 0.037706 0.865458 -0.499561 0.080600 -0.026609 0.500609 0.865265 0.009800 0.000000 0.000000 0.000000 1.000000
0.999011 -0.032870 0.029930 0.000000 0.043571 0.857578 -0.512505 0.080600 -0.008821 0.513302 0.858163 0.009800 0.000000 0.000000 0.000000 1.000000
0.999100 -0.032751 0.026942 0.000000 0.042062 0.846323 -0.531006 0.080600 -0.005411 0.531662 0.846939 0.009800 0.000000 0.000000 0.000000 1.000000
0.997721 -0.035953 0.057098 -0.000000 0.061715 0.828332 -0.556828 0.080600 -0.027277 0.559083 0.828663 0.009800 0.000000 0.000000 0.000000 1.000000
0.997050 -0.043499 0.063237 0.000000 0.072595 0.801954 -0.592959 0.080600 -0.024920 0.595800 0.802746 0.009800 0.000000 0.000000 0.000000 1.000000
0.997003 -0.053309 0.056062 0.000000 0.076106 0.805926 -0.587104 0.080600 -0.013884 0.589612 0.807568 0.009800 0.000000 0.000000 0.000000 1.000000
0.996525 -0.066920 0.049592 0.000000 0.083245 0.820358 -0.565759 0.080600 -0.002822 0.567922 0.823078 0.009800 0.000000 0.000000 0.000000 1.000000
0.998207 -0.046370 0.037847 0.000000 0.059533 0.834597 -0.547635 0.080600 -0.006193 0.548907 0.835861 0.009800 0.000000 0.000000 0.000000 1.000000
0.999238 -0.014208 0.036342 0.000000 0.031043 0.853750 -0.519756 0.080600 -0.023643 0.520489 0.853541 0.009800 0.000000 0.000000 0.000000 1.000000
0.998982 0.021830 0.039487 0.000000 -0.001752 0.893274 -0.449509 0.080600 -0.045085 0.448982 0.892403 0.009800 0.000000 0.000000 0.000000 1.000000
0.999146 0.028317 0.030105 -0.000000 -0.013385 0.910846 -0.412530 0.080600 -0.039103 0.411774 0.910447 0.009800 0.000000 0.000000 0.000000 1.000000
0.999229 0.036819 0.013612 0.000000 -0.028287 0.915800 -0.400638 0.080600 -0.027217 0.399944 0.916135 0.009800 0.000000 0.000000 0.000000 1.000000
0.999206 0.036484 0.016006 -0.000000 -0.027367 0.920517 -0.389742 0.080600 -0.028953 0.388994 0.920785 0.009800 0.000000 0.000000 0.000000 1.000000
0.999560 0.022562 0.019245 0.000000 -0.013333 0.921593 -0.387929 0.080600 -0.026488 0.387501 0.921488 0.009800 0.000000 0.000000 0.000000 1.000000
0.999754 0.010450 0.019580 0.000000 -0.001824 0.917915 -0.396773 0.080600 -0.022119 0.396640 0.917708 0.009800 0.000000 0.000000 0.000000 1.000000
0.999633 0.012066 0.024255 0.000000 -0.001237 0.914727 -0.404071 0.080600 -0.027063 0.403893 0.914406 0.009800 0.000000 0.000000 0.000000 1.000000
0.999353 0.011698 0.034022 0.000000 0.003239 0.912573 -0.408900 0.080600 -0.035831 0.408745 0.911945 0.009800 0.000000 0.000000 0.000000 1.000000
0.999081 0.011001 0.041414 -0.000000 0.007192 0.909719 -0.415162 0.080600 -0.042243 0.415078 0.908805 0.009800 0.000000 0.000000 0.000000 1.000000
0.999004 0.005753 0.044240 0.000000 0.013247 0.908667 -0.417310 0.080600 -0.042600 0.417481 0.907687 0.009800 0.000000 0.000000 0.000000 1.000000
0.998895 -0.001205 0.046978 0.000000 0.020702 0.908726 -0.416880 0.080600 -0.042188 0.417392 0.907747 0.009800 0.000000 0.000000 0.000000 1.000000
0.998641 -0.008013 0.051490 0.000000 0.028615 0.910117 -0.413363 0.080600 -0.043550 0.414274 0.909110 0.009800 0.000000 0.000000 0.000000 1.000000
0.998121 -0.017135 0.058835 0.000000 0.039710 0.912105 -0.408029 0.080600 -0.046672 0.409598 0.911071 0.009800 0.000000 0.000000 0.000000 1.000000
0.997284 -0.024095 0.069598 0.000000 0.050041 0.915038 -0.400252 0.080600 -0.054041 0.402648 0.913758 0.009800 0.000000 0.000000 0.000000 1.000000
0.996473 -0.027254 0.079369 -0.000000 0.056288 0.918552 -0.391271 0.080600 -0.062241 0.394359 0.916846 0.009800 0.000000 0.000000 0.000000 1.000000
0.995952 -0.026757 0.085817 0.000000 0.057704 0.922313 -0.382112 0.080600 -0.068926 0.385517 0.920123 0.009800 0.000000 0.000000 0.000000 1.000000
0.995832 -0.024349 0.087899 0.000000 0.055561 0.926211 -0.372888 0.080600 -0.072334 0.376218 0.923703 0.009800 0.000000 0.000000 0.000000 1.000000
0.995549 -0.028002 0.089990 0.000000 0.058887 0.930326 -0.361976 0.080600 -0.073583 0.365664 0.927834 0.009800 0.000000 0.000000 0.000000 1.000000
0.994855 -0.039926 0.093113 -0.000000 0.070138 0.934636 -0.348621 0.080600 -0.073108 0.353358 0.932627 0.009800 0.000000 0.000000 0.000000 1.000000
0.993714 -0.053187 0.098505 0.000000 0.083373 0.938823 -0.334156 0.080600 -0.074706 0.340269 0.937356 0.009800 0.000000 0.000000 0.000000 1.000000
0.991966 -0.063409 0.109467 -0.000000 0.095460 0.943002 -0.318801 0.080600 -0.083012 0.326689 0.941479 0.009800 0.000000 0.000000 0.000000 1.000000
0.990732 -0.068326 0.117398 0.000000 0.101220 0.947718 -0.302631 0.080600 -0.090582 0.311709 0.945850 0.009800 0.000000 0.000000 0.000000 1.000000
0.990403 -0.075275 0.115916 0.000000 0.105807 0.952529 -0.285470 0.080600 -0.088925 0.294995 0.951352 0.009800 0.000000 0.000000 0.000000 1.000000
0.990158 -0.084835 0.111309 0.000000 0.112100 0.956911 -0.267873 0.080600 -0.083788 0.277714 0.957003 0.009800 0.000000 0.000000 0.000000 1.000000
0.989838 -0.095436 0.105417 0.000000 0.119259 0.960904 -0.249881 0.080600 -0.077448 0.259913 0.962521 0.009800 0.000000 0.000000 0.000000 1.000000
0.990009 -0.102850 0.096460 0.000000 0.122971 0.964498 -0.233715 0.080600 -0.068998 0.243242 0.967509 0.009800 0.000000 0.000000 0.000000 1.000000
0.990533 -0.107952 0.084793 -0.000000 0.124235 0.967727 -0.219248 0.080600 -0.058388 0.227706 0.971978 0.009800 0.000000 0.000000 0.000000 1.000000
0.989478 -0.120404 0.080220 0.000000 0.134715 0.968951 -0.207330 0.080600 -0.052766 0.215956 0.974976 0.009800 0.000000 0.000000 0.000000 1.000000
0.989605 -0.115808 0.085262 0.000000 0.131418 0.969012 -0.209151 0.080600 -0.058398 0.218182 0.974159 0.009800 0.000000 0.000000 0.000000 1.000000
0.990083 -0.107567 0.090357 0.000000 0.124796 0.968803 -0.214120 0.080600 -0.064506 0.223273 0.972619 0.009800 0.000000 0.000000 0.000000 1.000000
0.990533 -0.104999 0.088429 0.000000 0.121971 0.968751 -0.215974 0.080600 -0.062989 0.224715 0.972387 0.009800 0.000000 0.000000 0.000000 1.000000
0.991356 -0.103569 0.080539 0.000000 0.119011 0.968266 -0.219768 0.080600 -0.055222 0.227453 0.972222 0.009800 0.000000 0.000000 0.000000 1.000000
0.992623 -0.096990 0.072747 -0.000000 0.111122 0.967780 -0.225949 0.080600 -0.048488 0.232366 0.971419 0.009800 0.000000 0.000000 0.000000 1.000000
0.993231 -0.092962 0.069638 0.000000 0.106761 0.966825 -0.232058 0.080600 -0.045756 0.237922 0.970206 0.009800 0.000000 0.000000 0.000000 1.000000
0.994009 -0.085031 0.068667 0.000000 0.099002 0.966676 -0.236083 0.080600 -0.046305 0.241467 0.969304 0.009800 0.000000 0.000000 0.000000 1.000000
0.994975 -0.074360 0.067045 -0.000000 0.088352 0.967101 -0.238559 0.080600 -0.047100 0.243283 0.968811 0.009800 0.000000 0.000000 0.000000 1.000000
0.995569 -0.068077 0.064865 0.000000 0.081828 0.967081 -0.240953 0.080600 -0.046327 0.245194 0.968367 0.009800 0.000000 0.000000 0.000000 1.000000
0.995470 -0.069493 0.064886 0.000000 0.083273 0.966616 -0.242320 0.080600 -0.045880 0.246625 0.968024 0.009800 0.000000 0.000000 0.000000 1.000000
0.995585 -0.069187 0.063432 0.000000 0.082628 0.966610 -0.242566 0.080600 -0.044531 0.246737 0.968059 0.009800 0.000000 0.000000 0.000000 1.000000
0.995678 -0.070484 0.060475 0.000000 0.083139 0.966664 -0.242173 0.080600 -0.041389 0.246154 0.968347 0.009800 0.000000 0.000000 0.000000 1.000000
0.995611 -0.073005 0.058558 -0.000000 0.085056 0.966851 -0.240760 0.080600 -0.039040 0.244684 0.968817 0.009800 0.000000 0.000000 0.000000 1.000000
0.995364 -0.076544 0.058241 -0.000000 0.088351 0.966962 -0.239121 0.080600 -0.038014 0.243158 0.969242 0.009800 0.000000 0.000000 0.000000 1.000000
0.995093 -0.079147 0.059373 0.000000 0.091095 0.967088 -0.237578 0.080600 -0.038616 0.241821 0.969552 0.009800 0.000000 0.000000 0.000000 1.000000
0.994798 -0.081512 0.061092 0.000000 0.093781 0.967006 -0.236866 0.080600 -0.039769 0.241363 0.969620 0.009800 0.000000 0.000000 0.000000 1.000000
0.994639 -0.082601 0.062212 0.000000 0.095119 0.966827 -0.237060 0.080600 -0.040567 0.241707 0.969501 0.009800 0.000000 0.000000 0.000000 1.000000
0.994636 -0.082546 0.062327 0.000000 0.095122 0.966655 -0.237761 0.080600 -0.040623 0.242414 0.969322 0.009800 0.000000 0.000000 0.000000 1.000000
0.994599 -0.083406 0.061768 0.000000 0.095852 0.966409 -0.238466 0.080600 -0.039804 0.243099 0.969184 0.009800 0.000000 0.000000 0.000000 1.000000
0.994566 -0.084530 0.060772 0.000000 0.096727 0.966157 -0.239132 0.080600 -0.038501 0.243711 0.969083 0.009800 0.000000 0.000000 0.000000 1.000000
0.994543 -0.085616 0.059610 0.000000 0.097528 0.965890 -0.239884 0.080600 -0.037039 0.244389 0.968970 0.009800 0.000000 0.000000 0.000000 1.000000
0.994557 -0.086119 0.058653 0.000000 0.097804 0.965706 -0.240511 0.080600 -0.035929 0.244938 0.968873 0.009800 0.000000 0.000000 0.000000 1.000000
0.994603 -0.085999 0.058051 0.000000 0.097551 0.965660 -0.240799 0.080600 -0.035349 0.245162 0.968837 0.009800 0.000000 0.000000 0.000000 1.000000
0.994637 -0.085745 0.057830 0.000000 0.097253 0.965668 -0.240889 0.080600 -0.035189 0.245221 0.968828 0.009800 0.000000 0.000000 0.000000 1.000000</float_array><technique_common><accessor source="#mixamorig_Spine-Matrix-animation-output-transform-array" count="74" stride="16"><param type="float4x4"/></accessor></technique_common></source><source id="mixamorig_Spine-Interpolations"><Name_array id="mixamorig_Spine-Interpolations-array" count="74">
 LINEAR LINEAR LINEAR LINEAR LINEAR LINEAR LINEAR LINEAR LINEAR LINEAR LINEAR
LINEAR LINEAR LINEAR LINEAR LINEAR LINEAR LINEAR LINEAR LINEAR LINEAR LINEAR LINEAR
LINEAR LINEAR LINEAR LINEAR LINEAR LINEAR LINEAR LINEAR LINEAR LINEAR LINEAR LINEAR
LINEAR LINEAR LINEAR LINEAR LINEAR LINEAR LINEAR LINEAR LINEAR LINEAR LINEAR LINEAR
LINEAR LINEAR LINEAR LINEAR LINEAR LINEAR LINEAR LINEAR LINEAR LINEAR LINEAR LINEAR
LINEAR LINEAR LINEAR LINEAR LINEAR LINEAR LINEAR LINEAR LINEAR LINEAR LINEAR LINEAR
LINEAR LINEAR LINEAR</Name_array><technique_common><accessor source="#mixamorig_Spine-Interpolations-array" count="74"><param type="name"/></accessor></technique_common></source><sampler id="mixamorig_Spine-Matrix-animation-transform"><input semantic="INPUT" source="#mixamorig_Spine-Matrix-animation-input"/><input semantic="OUTPUT" source="#mixamorig_Spine-Matrix-animation-output-transform"/><input semantic="INTERPOLATION" source="#mixamorig_Spine-Interpolations"/></sampler><channel source="#mixamorig_Spine-Matrix-animation-transform" target="mixamorig_Spine/matrix"/></animation>
    <animation id="mixamorig_Spine1-anim" name="mixamorig_Spine1"><source id="mixamorig_Spine1-Matrix-animation-input"><float_array id="mixamorig_Spine1-Matrix-animation-input-array" count="74">

0.000000 0.033333 0.066667 0.100000 0.133333 0.166667 0.200000 0.233333 0.266667 0.300000 0.333333 0.366667 0.400000 0.433333 0.466667 0.500000
0.533333 0.566667 0.600000 0.633333 0.666667 0.700000 0.733333 0.766667 0.800000 0.833333 0.866667 0.900000 0.933333 0.966667 1.000000 1.033333
1.066667 1.100000 1.133333 1.166667 1.200000 1.233333 1.266667 1.300000 1.333333 1.366667 1.400000 1.433333 1.466667 1.500000 1.533333 1.566667
1.600000 1.633333 1.666667 1.700000 1.733333 1.766667 1.800000 1.833333 1.866667 1.900000 1.933333 1.966667 2.000000 2.033333 2.066667 2.100000
2.133333 2.166667 2.200000 2.233333 2.266667 2.300000 2.333333 2.366667 2.400000 2.433333</float_array><technique_common><accessor source="#mixamorig_Spine1-Matrix-animation-input-array" count="74"><param name="TIME" type="float"/></accessor></technique_common></source><source id="mixamorig_Spine1-Matrix-animation-output-transform"><float_array id="mixamorig_Spine1-Matrix-animation-output-transform-array" count="1184">

0.999269 0.005596 0.037813 -0.000000 -0.000696 0.991725 -0.128377 0.094700 -0.038219 0.128256 0.991004 -0.000000 0.000000 0.000000 0.000000 1.000000
0.999423 0.004260 0.033701 0.000000 -0.000405 0.993529 -0.113577 0.094700 -0.033967 0.113498 0.992957 0.000000 0.000000 0.000000 0.000000 1.000000
0.999592 0.003498 0.028354 0.000000 -0.000654 0.995017 -0.099703 0.094700 -0.028561 0.099644 0.994613 -0.000000 0.000000 0.000000 0.000000 1.000000
0.999721 0.004112 0.023272 0.000000 -0.002082 0.996240 -0.086615 0.094700 -0.023540 0.086542 0.995970 0.000000 0.000000 0.000000 0.000000 1.000000
0.999788 0.005123 0.019942 -0.000000 -0.003574 0.997028 -0.076956 0.094700 -0.020277 0.076868 0.996835 0.000000 0.000000 0.000000 0.000000 1.000000
0.999815 0.005938 0.018271 -0.000000 -0.004619 0.997435 -0.071427 0.094700 -0.018648 0.071329 0.997278 0.000000 0.000000 0.000000 0.000000 1.000000
0.999814 0.006063 0.018293 0.000000 -0.004789 0.997612 -0.068905 0.094700 -0.018667 0.068804 0.997456 0.000000 0.000000 0.000000 0.000000 1.000000
0.999840 0.004075 0.017419 -0.000000 -0.002892 0.997721 -0.067416 0.094700 -0.017654 0.067355 0.997573 -0.000000 0.000000 0.000000 0.000000 1.000000
0.999848 0.000272 0.017445 0.000000 0.000881 0.997814 -0.066082 0.094700 -0.017425 0.066087 0.997662 0.000000 0.000000 0.000000 0.000000 1.000000
0.999821 -0.006053 0.017924 0.000000 0.007207 0.997856 -0.065047 0.094700 -0.017492 0.065165 0.997721 -0.000000 0.000000 0.000000 0.000000 1.000000
0.999725 -0.014068 0.018763 0.000000 0.015262 0.997763 -0.065079 0.094700 -0.017806 0.065348 0.997704 0.000000 0.000000 0.000000 0.000000 1.000000
0.999551 -0.021688 0.020679 0.000000 0.023005 0.997575 -0.065690 0.094700 -0.019204 0.066136 0.997626 0.000000 0.000000 0.000000 0.000000 1.000000
0.999315 -0.029328 0.022553 -0.000000 0.030766 0.997325 -0.066305 0.094700 -0.020548 0.066954 0.997544 -0.000000 0.000000 0.000000 0.000000 1.000000
0.999005 -0.037570 0.024016 0.000000 0.039082 0.997057 -0.065948 0.094700 -0.021468 0.066821 0.997534 0.000000 0.000000 0.000000 0.000000 1.000000
0.998512 -0.048701 0.024531 0.000000 0.050235 0.996529 -0.066377 0.094700 -0.021213 0.067510 0.997493 0.000000 0.000000 0.000000 0.000000 1.000000
0.997892 -0.059537 0.025809 0.000000 0.061165 0.995827 -0.067730 0.094700 -0.021669 0.069166 0.997370 0.000000 0.000000 0.000000 0.000000 1.000000
0.997462 -0.065616 0.027627 0.000000 0.067403 0.995289 -0.069695 0.094700 -0.022924 0.071381 0.997186 0.000000 0.000000 0.000000 0.000000 1.000000
0.998003 -0.059124 0.022229 -0.000000 0.060648 0.995290 -0.075622 0.094700 -0.017654 0.076820 0.996889 -0.000000 0.000000 0.000000 0.000000 1.000000
0.998576 -0.050669 0.016675 -0.000000 0.051778 0.995863 -0.074673 0.094700 -0.012822 0.075430 0.997069 -0.000000 0.000000 0.000000 0.000000 1.000000
0.998845 -0.046962 0.010130 0.000000 0.047577 0.996203 -0.072909 0.094700 -0.006668 0.073306 0.997287 0.000000 0.000000 0.000000 0.000000 1.000000
0.999417 -0.034151 -0.000370 0.000000 0.034028 0.996623 -0.074732 0.094700 0.002921 0.074676 0.997204 0.000000 0.000000 0.000000 0.000000 1.000000
0.999842 -0.017025 -0.005187 0.000000 0.016573 0.996859 -0.077440 0.094700 0.006490 0.077341 0.996984 -0.000000 0.000000 0.000000 0.000000 1.000000
0.999917 0.009542 -0.008666 0.000000 -0.010128 0.997475 -0.070295 0.094700 0.007973 0.070377 0.997489 -0.000000 0.000000 0.000000 0.000000 1.000000
0.999669 0.022042 -0.013249 0.000000 -0.022851 0.997665 -0.064355 0.094700 0.011799 0.064636 0.997839 0.000000 0.000000 0.000000 0.000000 1.000000
0.999454 0.025500 -0.021001 0.000000 -0.026824 0.997500 -0.065371 0.094700 0.019281 0.065898 0.997640 0.000000 0.000000 0.000000 0.000000 1.000000
0.999475 0.025595 -0.019852 0.000000 -0.026932 0.997164 -0.070280 0.094700 0.017997 0.070777 0.997330 0.000000 0.000000 0.000000 0.000000 1.000000
0.999473 0.027404 -0.017378 0.000000 -0.028600 0.996938 -0.072772 0.094700 0.015331 0.073230 0.997197 0.000000 0.000000 0.000000 0.000000 1.000000
0.999277 0.033331 -0.018274 0.000000 -0.034679 0.996254 -0.079221 0.094700 0.015565 0.079797 0.996690 0.000000 0.000000 0.000000 0.000000 1.000000
0.999034 0.040362 -0.017400 0.000000 -0.041773 0.995045 -0.090230 0.094700 0.013672 0.090869 0.995769 -0.000000 0.000000 0.000000 0.000000 1.000000
0.998930 0.043712 -0.015097 -0.000000 -0.045007 0.993970 -0.099987 0.094700 0.010635 0.100559 0.994874 -0.000000 0.000000 0.000000 0.000000 1.000000
0.998882 0.045327 -0.013414 -0.000000 -0.046517 0.993008 -0.108495 0.094700 0.008402 0.108998 0.994006 0.000000 0.000000 0.000000 0.000000 1.000000
0.998909 0.044418 -0.014388 0.000000 -0.045758 0.992595 -0.112522 0.094700 0.009283 0.113058 0.993545 0.000000 0.000000 0.000000 0.000000 1.000000
0.999047 0.040756 -0.015632 -0.000000 -0.042266 0.992684 -0.113106 0.094700 0.010908 0.113659 0.993460 0.000000 0.000000 0.000000 0.000000 1.000000
0.999256 0.035438 -0.015251 0.000000 -0.036928 0.993004 -0.112155 0.094700 0.011170 0.112635 0.993574 -0.000000 0.000000 0.000000 0.000000 1.000000
0.999461 0.029319 -0.014781 0.000000 -0.030773 0.993424 -0.110279 0.094700 0.011450 0.110675 0.993791 -0.000000 0.000000 0.000000 0.000000 1.000000
0.999651 0.023505 -0.012036 0.000000 -0.024656 0.993996 -0.106599 0.094700 0.009458 0.106859 0.994229 -0.000000 0.000000 0.000000 0.000000 1.000000
0.999748 0.020286 -0.009638 0.000000 -0.021165 0.994548 -0.102112 0.094700 0.007514 0.102290 0.994726 -0.000000 0.000000 0.000000 0.000000 1.000000
0.999777 0.019856 -0.007235 0.000000 -0.020466 0.995053 -0.097218 0.094700 0.005269 0.097344 0.995237 -0.000000 0.000000 0.000000 0.000000 1.000000
0.999767 0.020608 -0.006450 0.000000 -0.021113 0.995564 -0.091692 0.094700 0.004532 0.091807 0.995767 0.000000 0.000000 0.000000 0.000000 1.000000
0.999789 0.019420 -0.006647 0.000000 -0.019918 0.996130 -0.085611 0.094700 0.004958 0.085725 0.996307 0.000000 0.000000 0.000000 0.000000 1.000000
0.999833 0.016878 -0.006985 0.000000 -0.017379 0.996703 -0.079254 0.094700 0.005624 0.079362 0.996830 0.000000 0.000000 0.000000 0.000000 1.000000
0.999862 0.014649 -0.007796 0.000000 -0.015193 0.997074 -0.074924 0.094700 0.006676 0.075032 0.997159 -0.000000 0.000000 0.000000 0.000000 1.000000
0.999905 0.012247 -0.006284 0.000000 -0.012674 0.997239 -0.073172 0.094700 0.005371 0.073245 0.997300 -0.000000 0.000000 0.000000 0.000000 1.000000
0.999935 0.010791 -0.003702 0.000000 -0.011027 0.997409 -0.071084 0.094700 0.002926 0.071120 0.997463 0.000000 0.000000 0.000000 0.000000 1.000000
0.999942 0.010567 -0.002124 0.000000 -0.010685 0.997683 -0.067185 0.094700 0.001409 0.067204 0.997738 0.000000 0.000000 0.000000 0.000000 1.000000
0.999945 0.010476 -0.000931 0.000000 -0.010513 0.997944 -0.063223 0.094700 0.000266 0.063230 0.997999 0.000000 0.000000 0.000000 0.000000 1.000000
0.999943 0.010685 -0.000036 0.000000 -0.010668 0.998194 -0.059112 0.094700 -0.000596 0.059109 0.998251 0.000000 0.000000 0.000000 0.000000 1.000000
0.999926 0.012141 0.000045 0.000000 -0.012121 0.998418 -0.054898 0.094700 -0.000711 0.054894 0.998492 0.000000 0.000000 0.000000 0.000000 1.000000
0.999903 0.013907 -0.000539 0.000000 -0.013917 0.998654 -0.049970 0.094700 -0.000157 0.049973 0.998751 0.000000 0.000000 0.000000 0.000000 1.000000
0.999907 0.013615 -0.000395 0.000000 -0.013619 0.998934 -0.044099 0.094700 -0.000205 0.044101 0.999027 0.000000 0.000000 0.000000 0.000000 1.000000
0.999869 0.016171 -0.000105 0.000000 -0.016162 0.999028 -0.041008 0.094700 -0.000558 0.041005 0.999159 0.000000 0.000000 0.000000 0.000000 1.000000
0.999822 0.018887 0.000194 0.000000 -0.018864 0.999032 -0.039737 0.094700 -0.000944 0.039726 0.999210 0.000000 0.000000 0.000000 0.000000 1.000000
0.999819 0.019008 -0.000405 0.000000 -0.019009 0.999062 -0.038913 0.094700 -0.000335 0.038913 0.999243 0.000000 0.000000 0.000000 0.000000 1.000000
0.999828 0.018432 -0.002134 0.000000 -0.018501 0.999056 -0.039301 0.094700 0.001408 0.039334 0.999225 0.000000 0.000000 0.000000 0.000000 1.000000
0.999809 0.019172 -0.003734 0.000000 -0.019309 0.998979 -0.040836 0.094700 0.002947 0.040900 0.999159 -0.000000 0.000000 0.000000 0.000000 1.000000
0.999803 0.019397 -0.004275 0.000000 -0.019562 0.998892 -0.042795 0.094700 0.003440 0.042870 0.999075 0.000000 0.000000 0.000000 0.000000 1.000000
0.999798 0.019647 -0.004254 -0.000000 -0.019817 0.998816 -0.044428 0.094700 0.003376 0.044503 0.999004 0.000000 0.000000 0.000000 0.000000 1.000000
0.999786 0.020302 -0.004090 0.000000 -0.020467 0.998750 -0.045604 0.094700 0.003159 0.045678 0.998951 -0.000000 0.000000 0.000000 0.000000 1.000000
0.999773 0.020883 -0.004184 -0.000000 -0.021055 0.998695 -0.046530 0.094700 0.003207 0.046608 0.998908 -0.000000 0.000000 0.000000 0.000000 1.000000
0.999794 0.019936 -0.003844 0.000000 -0.020093 0.998714 -0.046540 0.094700 0.002911 0.046608 0.998909 0.000000 0.000000 0.000000 0.000000 1.000000
0.999798 0.019742 -0.003738 0.000000 -0.019893 0.998751 -0.045841 0.094700 0.002828 0.045906 0.998942 0.000000 0.000000 0.000000 0.000000 1.000000
0.999811 0.019051 -0.003805 0.000000 -0.019203 0.998798 -0.045107 0.094700 0.002941 0.045172 0.998975 0.000000 0.000000 0.000000 0.000000 1.000000
0.999834 0.017853 -0.003740 0.000000 -0.018001 0.998861 -0.044191 0.094700 0.002947 0.044251 0.999016 0.000000 0.000000 0.000000 0.000000 1.000000
0.999852 0.016792 -0.003625 0.000000 -0.016933 0.998917 -0.043339 0.094700 0.002893 0.043394 0.999054 -0.000000 0.000000 0.000000 0.000000 1.000000
0.999859 0.016396 -0.003580 -0.000000 -0.016534 0.998958 -0.042547 0.094700 0.002879 0.042600 0.999088 0.000000 0.000000 0.000000 0.000000 1.000000
0.999858 0.016470 -0.003610 0.000000 -0.016607 0.998983 -0.041914 0.094700 0.002916 0.041968 0.999115 0.000000 0.000000 0.000000 0.000000 1.000000
0.999847 0.017052 -0.003776 0.000000 -0.017195 0.998985 -0.041621 0.094700 0.003062 0.041680 0.999126 0.000000 0.000000 0.000000 0.000000 1.000000
0.999832 0.017873 -0.004123 0.000000 -0.018030 0.998969 -0.041666 0.094700 0.003374 0.041733 0.999123 -0.000000 0.000000 0.000000 0.000000 1.000000
0.999819 0.018474 -0.004541 0.000000 -0.018648 0.998948 -0.041887 0.094700 0.003762 0.041964 0.999112 -0.000000 0.000000 0.000000 0.000000 1.000000
0.999808 0.018932 -0.004963 0.000000 -0.019125 0.998928 -0.042156 0.094700 0.004159 0.042243 0.999099 0.000000 0.000000 0.000000 0.000000 1.000000
0.999798 0.019360 -0.005346 -0.000000 -0.019570 0.998909 -0.042400 0.094700 0.004520 0.042496 0.999086 0.000000 0.000000 0.000000 0.000000 1.000000
0.999787 0.019823 -0.005657 0.000000 -0.020046 0.998895 -0.042506 0.094700 0.004808 0.042610 0.999080 0.000000 0.000000 0.000000 0.000000 1.000000
0.999779 0.020204 -0.005812 0.000000 -0.020433 0.998887 -0.042516 0.094700 0.004946 0.042626 0.999079 -0.000000 0.000000 0.000000 0.000000 1.000000
