<?xml version="1.0" encoding="utf-8"?>
<COLLADA xmlns="http://www.collada.org/2005/11/COLLADASchema" version="1.4.1">
  <asset><contributor><author>Mixamo</author><authoring_tool>COLLADA Mixamo exporter</authoring_tool><comments></comments></contributor><created>2020-05-06T13:36:06Z</created><modified>2020-05-06T13:36:06Z</modified><revision></revision><title></title><unit meter="0.010000"/><up_axis>Y_UP</up_axis></asset>
  <library_animations>
    <animation id="mixamorig_Hips-anim" name="mixamorig_Hips"><source id="mixamorig_Hips-Matrix-animation-input"><float_array id="mixamorig_Hips-Matrix-animation-input-array" count="39">

0.000000 0.033333 0.066667 0.100000 0.133333 0.166667 0.200000 0.233333 0.266667 0.300000 0.333333 0.366667 0.400000 0.433333 0.466667 0.500000
0.533333 0.566667 0.600000 0.633333 0.666667 0.700000 0.733333 0.766667 0.800000 0.833333 0.866667 0.900000 0.933333 0.966667 1.000000 1.033333
1.066667 1.100000 1.133333 1.166667 1.200000 1.233333 1.266667</float_array><technique_common><accessor source="#mixamorig_Hips-Matrix-animation-input-array" count="39"><param name="TIME" type="float"/></accessor></technique_common></source><source id="mixamorig_Hips-Matrix-animation-output-transform"><float_array id="mixamorig_Hips-Matrix-animation-output-transform-array" count="624">

0.729153 0.050164 -0.682509 0.012654 0.003959 0.996984 0.077507 1.967400 0.684339 -0.059216 0.726755 -0.010887 0.000000 0.000000 0.000000 1.000000
0.727523 0.050937 -0.684190 0.017709 0.004057 0.996903 0.078533 1.969122 0.686071 -0.059910 0.725063 -0.016144 0.000000 0.000000 0.000000 1.000000
0.725663 0.051556 -0.686116 0.023107 0.003388 0.996909 0.078494 1.971918 0.688042 -0.059285 0.723245 -0.023306 0.000000 0.000000 0.000000 1.000000
0.723377 0.052259 -0.688473 0.029244 0.001098 0.997043 0.076835 1.977833 0.690452 -0.056337 0.721181 -0.035099 0.000000 0.000000 0.000000 1.000000
0.720302 0.051617 -0.691737 0.036326 -0.003274 0.997469 0.071021 1.985136 0.693653 -0.048892 0.718648 -0.050975 0.000000 0.000000 0.000000 1.000000
0.715517 0.047948 -0.696948 0.044931 -0.011444 0.998312 0.056932 1.993560 0.698502 -0.032760 0.714858 -0.071391 0.000000 0.000000 0.000000 1.000000
0.710211 0.042162 -0.702725 0.054369 -0.020779 0.999025 0.038940 2.000232 0.703682 -0.013054 0.710395 -0.095794 0.000000 0.000000 0.000000 1.000000
0.704269 0.034065 -0.709116 0.064364 -0.029493 0.999390 0.018719 2.002749 0.709321 0.007731 0.704844 -0.124274 0.000000 0.000000 0.000000 1.000000
0.701280 0.025717 -0.712422 0.073976 -0.036772 0.999324 -0.000124 2.000163 0.711937 0.026285 0.701751 -0.155506 0.000000 0.000000 0.000000 1.000000
0.704329 0.019921 -0.709594 0.082114 -0.040464 0.999108 -0.012114 1.990228 0.708719 0.037245 0.704507 -0.188837 0.000000 0.000000 0.000000 1.000000
0.715047 0.015698 -0.698900 0.087280 -0.043303 0.998823 -0.021870 1.972142 0.697734 0.045902 0.714885 -0.223842 0.000000 0.000000 0.000000 1.000000
0.738280 0.015088 -0.674326 0.089940 -0.048789 0.998325 -0.031079 1.947371 0.672728 0.055845 0.737779 -0.258436 0.000000 0.000000 0.000000 1.000000
0.764645 0.014254 -0.644294 0.090925 -0.055207 0.997529 -0.043451 1.917948 0.642083 0.068794 0.763542 -0.287281 0.000000 0.000000 0.000000 1.000000
0.786440 0.008616 -0.617606 0.089608 -0.061187 0.996071 -0.064018 1.884306 0.614628 0.088136 0.783878 -0.303172 0.000000 0.000000 0.000000 1.000000
0.807447 0.001393 -0.589938 0.086683 -0.066651 0.993810 -0.088879 1.847684 0.586162 0.111085 0.802542 -0.313753 0.000000 0.000000 0.000000 1.000000
0.828891 -0.005563 -0.559383 0.082723 -0.071437 0.990711 -0.115708 1.809951 0.554830 0.135870 0.820794 -0.324253 0.000000 0.000000 0.000000 1.000000
0.849768 -0.012330 -0.527013 0.078225 -0.075573 0.986550 -0.144938 1.770956 0.521712 0.162991 0.837407 -0.333101 0.000000 0.000000 0.000000 1.000000
0.869629 -0.018536 -0.493357 0.073656 -0.079093 0.981157 -0.176280 1.731069 0.487328 0.192319 0.851777 -0.340340 0.000000 0.000000 0.000000 1.000000
0.888312 -0.024025 -0.458611 0.069336 -0.081696 0.974435 -0.209288 1.690276 0.451915 0.223380 0.863640 -0.346295 0.000000 0.000000 0.000000 1.000000
0.905542 -0.028439 -0.423302 0.064509 -0.083485 0.966298 -0.243514 1.648527 0.415961 0.255851 0.872649 -0.351413 0.000000 0.000000 0.000000 1.000000
0.921623 -0.032684 -0.386707 0.060292 -0.082971 0.956814 -0.278610 1.603658 0.379112 0.288859 0.879110 -0.355284 0.000000 0.000000 0.000000 1.000000
0.936502 -0.035942 -0.348816 0.056608 -0.080713 0.945930 -0.314169 1.555916 0.341247 0.322374 0.882964 -0.358718 0.000000 0.000000 0.000000 1.000000
0.949877 -0.038552 -0.310238 0.053195 -0.076312 0.933754 -0.349685 1.506496 0.303167 0.355832 0.884010 -0.362135 0.000000 0.000000 0.000000 1.000000
0.961988 -0.041463 -0.269926 0.050426 -0.068312 0.920449 -0.384847 1.458556 0.264410 0.388658 0.882628 -0.368780 0.000000 0.000000 0.000000 1.000000
0.972549 -0.043779 -0.228544 0.048618 -0.057705 0.906093 -0.419126 1.413099 0.225431 0.420808 0.878693 -0.378777 0.000000 0.000000 0.000000 1.000000
0.981502 -0.045459 -0.185979 0.047598 -0.044412 0.890845 -0.452131 1.371111 0.186232 0.452027 0.872347 -0.393834 0.000000 0.000000 0.000000 1.000000
0.988424 -0.046947 -0.144268 0.045009 -0.028993 0.874941 -0.483360 1.330759 0.148919 0.481948 0.863452 -0.407195 0.000000 0.000000 0.000000 1.000000
0.993292 -0.046583 -0.105839 0.041667 -0.014343 0.858573 -0.512491 1.290663 0.114744 0.510571 0.852145 -0.413584 0.000000 0.000000 0.000000 1.000000
0.996557 -0.044644 -0.069860 0.039528 -0.000085 0.842080 -0.539352 1.251982 0.082907 0.537501 0.839178 -0.419104 0.000000 0.000000 0.000000 1.000000
0.998476 -0.041755 -0.036097 0.038542 0.014150 0.825779 -0.563816 1.215506 0.053350 0.562446 0.825111 -0.428365 0.000000 0.000000 0.000000 1.000000
0.999282 -0.037485 -0.005592 0.037951 0.027107 0.810015 -0.585782 1.180550 0.026487 0.585209 0.810450 -0.437273 0.000000 0.000000 0.000000 1.000000
0.999251 -0.032204 0.021434 0.037717 0.038608 0.795109 -0.605237 1.148078 0.002449 0.605611 0.795757 -0.443319 0.000000 0.000000 0.000000 1.000000
0.998624 -0.026707 0.045124 0.037713 0.049010 0.781365 -0.622147 1.119764 -0.018643 0.623503 0.781599 -0.447431 0.000000 0.000000 0.000000 1.000000
0.997611 -0.021951 0.065508 0.036910 0.058718 0.769027 -0.636514 1.096429 -0.036405 0.638840 0.768478 -0.447975 0.000000 0.000000 0.000000 1.000000
0.996430 -0.017865 0.082509 0.035985 0.067282 0.758377 -0.648335 1.077232 -0.050990 0.651572 0.756871 -0.447057 0.000000 0.000000 0.000000 1.000000
0.995274 -0.014322 0.096049 0.035489 0.074250 0.749698 -0.657602 1.062036 -0.062590 0.661625 0.747218 -0.447198 0.000000 0.000000 0.000000 1.000000
0.994310 -0.011582 0.105898 0.035135 0.079409 0.743227 -0.664310 1.051118 -0.071012 0.668939 0.739918 -0.447459 0.000000 0.000000 0.000000 1.000000
0.993790 -0.010048 0.110819 0.034938 0.081936 0.739919 -0.667687 1.045766 -0.075289 0.672621 0.736147 -0.447749 0.000000 0.000000 0.000000 1.000000
0.993459 -0.009034 0.113828 0.034836 0.083454 0.737836 -0.669801 1.042589 -0.077935 0.674919 0.733764 -0.448073 0.000000 0.000000 0.000000 1.000000</float_array><technique_common><accessor source="#mixamorig_Hips-Matrix-animation-output-transform-array" count="39" stride="16"><param type="float4x4"/></accessor></technique_common></source><source id="mixamorig_Hips-Interpolations"><Name_array id="mixamorig_Hips-Interpolations-array" count="39">
 LINEAR LINEAR LINEAR LINEAR LINEAR LINEAR LINEAR LINEAR LINEAR LINEAR LINEAR
LINEAR LINEAR LINEAR LINEAR LINEAR LINEAR LINEAR LINEAR LINEAR LINEAR LINEAR LINEAR
LINEAR LINEAR LINEAR LINEAR LINEAR LINEAR LINEAR LINEAR LINEAR LINEAR LINEAR LINEAR
LINEAR LINEAR LINEAR LINEAR</Name_array><technique_common><accessor source="#mixamorig_Hips-Interpolations-array" count="39"><param type="name"/></accessor></technique_common></source><sampler id="mixamorig_Hips-Matrix-animation-transform"><input semantic="INPUT" source="#mixamorig_Hips-Matrix-animation-input"/><input semantic="OUTPUT" source="#mixamorig_Hips-Matrix-animation-output-transform"/><input semantic="INTERPOLATION" source="#mixamorig_Hips-Interpolations"/></sampler><channel source="#mixamorig_Hips-Matrix-animation-transform" target="mixamorig_Hips/matrix"/></animation>
    <animation id="mixamorig_Spine-anim" name="mixamorig_Spine"><source id="mixamorig_Spine-Matrix-animation-input"><float_array id="mixamorig_Spine-Matrix-animation-input-array" count="39">

0.000000 0.033333 0.066667 0.100000 0.133333 0.166667 0.200000 0.233333 0.266667 0.300000 0.333333 0.366667 0.400000 0.433333 0.466667 0.500000
0.533333 0.566667 0.600000 0.633333 0.666667 0.700000 0.733333 0.766667 0.800000 0.833333 0.866667 0.900000 0.933333 0.966667 1.000000 1.033333
1.066667 1.100000 1.133333 1.166667 1.200000 1.233333 1.266667</float_array><technique_common><accessor source="#mixamorig_Spine-Matrix-animation-input-array" count="39"><param name="TIME" type="float"/></accessor></technique_common></source><source id="mixamorig_Spine-Matrix-animation-output-transform"><float_array id="mixamorig_Spine-Matrix-animation-output-transform-array" count="624">

0.996452 0.026079 0.080018 0.000000 -0.014788 0.990242 -0.138575 0.291300 -0.082851 0.136900 0.987114 0.010900 0.000000 0.000000 0.000000 1.000000
0.996472 0.026184 0.079741 -0.000000 -0.014884 0.990162 -0.139133 0.291300 -0.082600 0.137456 0.987058 0.010900 0.000000 0.000000 0.000000 1.000000
0.996501 0.026247 0.079350 -0.000000 -0.014939 0.990055 -0.139882 0.291300 -0.082232 0.138207 0.986984 0.010900 0.000000 0.000000 0.000000 1.000000
0.996563 0.026075 0.078632 -0.000000 -0.014752 0.989860 -0.141280 0.291300 -0.081519 0.139634 0.986842 0.010900 0.000000 0.000000 0.000000 1.000000
0.996639 0.026034 0.077673 -0.000000 -0.014730 0.989656 -0.142701 0.291300 -0.080584 0.141077 0.986713 0.010900 0.000000 0.000000 0.000000 1.000000
0.996728 0.026142 0.076490 -0.000000 -0.014968 0.989586 -0.143164 0.291300 -0.079436 0.141551 0.986739 0.010900 0.000000 0.000000 0.000000 1.000000
0.996817 0.026778 0.075090 0.000000 -0.015720 0.989430 -0.144154 0.291300 -0.078157 0.142515 0.986702 0.010900 0.000000 0.000000 0.000000 1.000000
0.996885 0.028564 0.073511 -0.000000 -0.017514 0.989013 -0.146789 0.291300 -0.076896 0.145045 0.986432 0.010900 0.000000 0.000000 0.000000 1.000000
0.996951 0.031152 0.071545 0.000000 -0.020030 0.988300 -0.151201 0.291300 -0.075418 0.149307 0.985911 0.010900 0.000000 0.000000 0.000000 1.000000
0.997008 0.034766 0.069037 -0.000000 -0.023433 0.987058 -0.158645 0.291300 -0.073659 0.156552 0.984919 0.010900 0.000000 0.000000 0.000000 1.000000
0.997073 0.038501 0.066051 0.000000 -0.027006 0.985614 -0.166843 0.291300 -0.071524 0.164571 0.983769 0.010900 0.000000 0.000000 0.000000 1.000000
0.997192 0.040683 0.062872 -0.000000 -0.029244 0.984454 -0.173193 0.291300 -0.068941 0.170868 0.982879 0.010900 0.000000 0.000000 0.000000 1.000000
0.997350 0.041429 0.059798 0.000000 -0.030059 0.983232 -0.179863 0.291300 -0.066247 0.177589 0.981872 0.010900 0.000000 0.000000 0.000000 1.000000
0.997558 0.040189 0.057123 0.000000 -0.028745 0.981626 -0.188638 0.291300 -0.063655 0.186536 0.980384 0.010900 0.000000 0.000000 0.000000 1.000000
0.997769 0.038794 0.054331 0.000000 -0.027305 0.979791 -0.198152 0.291300 -0.060920 0.196226 0.978664 0.010900 0.000000 0.000000 0.000000 1.000000
0.997960 0.038713 0.050763 0.000000 -0.027374 0.977838 -0.207567 0.291300 -0.057673 0.205754 0.976903 0.010900 0.000000 0.000000 0.000000 1.000000
0.998119 0.039330 0.047021 0.000000 -0.028233 0.975789 -0.216885 0.291300 -0.054413 0.215150 0.975064 0.010900 0.000000 0.000000 0.000000 1.000000
0.998214 0.041050 0.043408 0.000000 -0.030209 0.973645 -0.226057 0.291300 -0.051543 0.224342 0.973146 0.010900 0.000000 0.000000 0.000000 1.000000
0.998269 0.042725 0.040408 0.000000 -0.032094 0.971602 -0.234433 0.291300 -0.049277 0.232731 0.971292 0.010900 0.000000 0.000000 0.000000 1.000000
0.998307 0.042982 0.039181 -0.000000 -0.032288 0.969907 -0.241327 0.291300 -0.048374 0.239653 0.969653 0.010900 0.000000 0.000000 0.000000 1.000000
0.998334 0.043292 0.038153 0.000000 -0.032557 0.968464 -0.247017 0.291300 -0.047644 0.245364 0.968260 0.010900 0.000000 0.000000 0.000000 1.000000
0.998384 0.042822 0.037348 0.000000 -0.032079 0.967312 -0.251554 0.291300 -0.046899 0.249949 0.967122 0.010900 0.000000 0.000000 0.000000 1.000000
0.998430 0.042269 0.036751 0.000000 -0.031540 0.966491 -0.254755 0.291300 -0.046288 0.253196 0.966307 0.010900 0.000000 0.000000 0.000000 1.000000
0.998503 0.042263 0.034715 0.000000 -0.031955 0.965929 -0.256827 0.291300 -0.044386 0.255333 0.965834 0.010900 0.000000 0.000000 0.000000 1.000000
0.998623 0.042100 0.031287 0.000000 -0.032681 0.965952 -0.256650 0.291300 -0.041027 0.255274 0.965998 0.010900 0.000000 0.000000 0.000000 1.000000
0.998816 0.041517 0.025362 0.000000 -0.033802 0.967140 -0.251988 0.291300 -0.034991 0.250832 0.967398 0.010900 0.000000 0.000000 0.000000 1.000000
0.998954 0.041652 0.018888 -0.000000 -0.035724 0.968515 -0.246378 0.291300 -0.028555 0.245446 0.968990 0.010900 0.000000 0.000000 0.000000 1.000000
0.999029 0.041623 0.014462 -0.000000 -0.036852 0.969167 -0.243633 0.291300 -0.024157 0.242864 0.969760 0.010900 0.000000 0.000000 0.000000 1.000000
0.999104 0.040874 0.011013 0.000000 -0.037026 0.969897 -0.240683 0.291300 -0.020519 0.240060 0.970541 0.010900 0.000000 0.000000 0.000000 1.000000
0.999195 0.039298 0.008074 0.000000 -0.036291 0.971156 -0.235668 0.291300 -0.017103 0.235185 0.971800 0.010900 0.000000 0.000000 0.000000 1.000000
0.999311 0.036573 0.006393 -0.000000 -0.034142 0.972872 -0.228810 0.291300 -0.014588 0.228434 0.973450 0.010900 0.000000 0.000000 0.000000 1.000000
0.999448 0.032713 0.005786 0.000000 -0.030649 0.975184 -0.219265 0.291300 -0.012815 0.218967 0.975648 0.010900 0.000000 0.000000 0.000000 1.000000
0.999584 0.028271 0.005645 0.000000 -0.026475 0.977696 -0.208352 0.291300 -0.011409 0.208116 0.978038 0.010900 0.000000 0.000000 0.000000 1.000000
0.999703 0.023740 0.005460 0.000000 -0.022202 0.980200 -0.196763 0.291300 -0.010023 0.196584 0.980436 0.010900 0.000000 0.000000 0.000000 1.000000
0.999795 0.019554 0.005277 0.000000 -0.018236 0.982469 -0.185533 0.291300 -0.008813 0.185399 0.982624 0.010900 0.000000 0.000000 0.000000 1.000000
0.999856 0.016109 0.005282 0.000000 -0.014931 0.984337 -0.175666 0.291300 -0.008029 0.175562 0.984436 0.010900 0.000000 0.000000 0.000000 1.000000
0.999896 0.013331 0.005551 0.000000 -0.012210 0.985736 -0.167858 0.291300 -0.007709 0.167772 0.985796 0.010900 0.000000 0.000000 0.000000 1.000000
0.999913 0.011567 0.006262 0.000000 -0.010384 0.986409 -0.163982 0.291300 -0.008073 0.163903 0.986443 0.010900 0.000000 0.000000 0.000000 1.000000
0.999923 0.010180 0.007163 0.000000 -0.008889 0.986829 -0.161520 0.291300 -0.008713 0.161443 0.986844 0.010900 0.000000 0.000000 0.000000 1.000000</float_array><technique_common><accessor source="#mixamorig_Spine-Matrix-animation-output-transform-array" count="39" stride="16"><param type="float4x4"/></accessor></technique_common></source><source id="mixamorig_Spine-Interpolations"><Name_array id="mixamorig_Spine-Interpolations-array" count="39">
 LINEAR LINEAR LINEAR LINEAR LINEAR LINEAR LINEAR LINEAR LINEAR LINEAR LINEAR
LINEAR LINEAR LINEAR LINEAR LINEAR LINEAR LINEAR LINEAR LINEAR LINEAR LINEAR LINEAR
LINEAR LINEAR LINEAR LINEAR LINEAR LINEAR LINEAR LINEAR LINEAR LINEAR LINEAR LINEAR
LINEAR LINEAR LINEAR LINEAR</Name_array><technique_common><accessor source="#mixamorig_Spine-Interpolations-array" count="39"><param type="name"/></accessor></technique_common></source><sampler id="mixamorig_Spine-Matrix-animation-transform"><input semantic="INPUT" source="#mixamorig_Spine-Matrix-animation-input"/><input semantic="OUTPUT" source="#mixamorig_Spine-Matrix-animation-output-transform"/><input semantic="INTERPOLATION" source="#mixamorig_Spine-Interpolations"/></sampler><channel source="#mixamorig_Spine-Matrix-animation-transform" target="mixamorig_Spine/matrix"/></animation>
    <animation id="mixamorig_Spine1-anim" name="mixamorig_Spine1"><source id="mixamorig_Spine1-Matrix-animation-input"><float_array id="mixamorig_Spine1-Matrix-animation-input-array" count="39">

0.000000 0.033333 0.066667 0.100000 0.133333 0.166667 0.200000 0.233333 0.266667 0.300000 0.333333 0.366667 0.400000 0.433333 0.466667 0.500000
0.533333 0.566667 0.600000 0.633333 0.666667 0.700000 0.733333 0.766667 0.800000 0.833333 0.866667 0.900000 0.933333 0.966667 1.000000 1.033333
1.066667 1.100000 1.133333 1.166667 1.200000 1.233333 1.266667</float_array><technique_common><accessor source="#mixamorig_Spine1-Matrix-animation-input-array" count="39"><param name="TIME" type="float"/></accessor></technique_common></source><source id="mixamorig_Spine1-Matrix-animation-output-transform"><float_array id="mixamorig_Spine1-Matrix-animation-output-transform-array" count="624">

0.986152 0.058980 0.155003 -0.000000 -0.026628 0.978810 -0.203031 0.340000 -0.163694 0.196092 0.966826 0.000000 0.000000 0.000000 0.000000 1.000000
0.986242 0.058842 0.154482 0.000000 -0.026417 0.978594 -0.204097 0.340000 -0.163185 0.197208 0.966685 -0.000000 0.000000 0.000000 0.000000 1.000000
0.986375 0.058478 0.153771 0.000000 -0.025961 0.978309 -0.205516 0.340000 -0.162454 0.198723 0.966498 0.000000 0.000000 0.000000 0.000000 1.000000
0.986635 0.057365 0.152513 0.000000 -0.024674 0.977784 -0.208159 0.340000 -0.161066 0.201614 0.966131 -0.000000 0.000000 0.000000 0.000000 1.000000
0.986959 0.056084 0.150883 -0.000000 -0.023304 0.977248 -0.210815 0.340000 -0.159274 0.204549 0.965811 0.000000 0.000000 0.000000 0.000000 1.000000
0.987329 0.054744 0.148947 0.000000 -0.022260 0.977109 -0.211572 0.340000 -0.157120 0.205576 0.965946 0.000000 0.000000 0.000000 0.000000 1.000000
0.987704 0.054266 0.146614 0.000000 -0.021988 0.976720 -0.213386 0.340000 -0.154781 0.207539 0.965904 0.000000 0.000000 0.000000 0.000000 1.000000
0.988006 0.055798 0.143980 -0.000000 -0.023256 0.975564 -0.218481 0.340000 -0.152652 0.212512 0.965161 0.000000 0.000000 0.000000 0.000000 1.000000
0.988317 0.058710 0.140650 -0.000000 -0.025515 0.973539 -0.227091 0.340000 -0.150261 0.220849 0.963663 0.000000 0.000000 0.000000 0.000000 1.000000
0.988645 0.063439 0.136224 0.000000 -0.028938 0.969926 -0.241673 0.340000 -0.147458 0.234987 0.960748 0.000000 0.000000 0.000000 0.000000 1.000000
0.989044 0.067916 0.131068 0.000000 -0.032167 0.965699 -0.257665 0.340000 -0.144072 0.250626 0.957303 0.000000 0.000000 0.000000 0.000000 1.000000
0.989628 0.069978 0.125460 0.000000 -0.033813 0.962265 -0.270005 0.340000 -0.139620 0.262962 0.954650 0.000000 0.000000 0.000000 0.000000 1.000000
0.990296 0.070638 0.119681 0.000000 -0.034171 0.958514 -0.282989 0.340000 -0.134706 0.276153 0.951627 0.000000 0.000000 0.000000 0.000000 1.000000
0.991040 0.069375 0.114134 0.000000 -0.032181 0.953376 -0.300066 0.340000 -0.129629 0.293704 0.947066 -0.000000 0.000000 0.000000 0.000000 1.000000
0.991793 0.068444 0.107992 0.000000 -0.030695 0.947409 -0.318551 0.340000 -0.124116 0.312622 0.941734 0.000000 0.000000 0.000000 0.000000 1.000000
0.992493 0.070106 0.100215 -0.000000 -0.032456 0.941000 -0.336846 0.340000 -0.117917 0.331065 0.936211 0.000000 0.000000 0.000000 0.000000 1.000000
0.993111 0.073628 0.091156 0.000000 -0.036681 0.934174 -0.354928 0.340000 -0.111288 0.349139 0.930439 0.000000 0.000000 0.000000 0.000000 1.000000
0.993548 0.079976 0.080408 0.000000 -0.044448 0.926886 -0.372701 0.340000 -0.104336 0.366722 0.924461 0.000000 0.000000 0.000000 0.000000 1.000000
0.993843 0.086442 0.069312 0.000000 -0.052884 0.919793 -0.388825 0.340000 -0.097363 0.382765 0.918701 -0.000000 0.000000 0.000000 0.000000 1.000000
0.994098 0.090548 0.059755 0.000000 -0.059063 0.913731 -0.402004 0.340000 -0.091001 0.396102 0.913686 0.000000 0.000000 0.000000 0.000000 1.000000
0.994311 0.093315 0.051371 0.000000 -0.063944 0.908589 -0.412768 0.340000 -0.085192 0.407135 0.909386 0.000000 0.000000 0.000000 0.000000 1.000000
0.994505 0.094793 0.044433 -0.000000 -0.067382 0.904414 -0.421300 0.340000 -0.080123 0.415991 0.905832 -0.000000 0.000000 0.000000 0.000000 1.000000
0.994704 0.095224 0.038692 0.000000 -0.069676 0.901435 -0.427271 0.340000 -0.075564 0.422312 0.903295 0.000000 0.000000 0.000000 0.000000 1.000000
0.994914 0.094745 0.034207 0.000000 -0.070843 0.899545 -0.431045 0.340000 -0.071610 0.426430 0.901682 0.000000 0.000000 0.000000 0.000000 1.000000
0.995170 0.093431 0.030106 0.000000 -0.071444 0.899718 -0.430585 0.340000 -0.067317 0.426354 0.902048 0.000000 0.000000 0.000000 0.000000 1.000000
0.995518 0.091144 0.025249 0.000000 -0.072059 0.903874 -0.421686 0.340000 -0.061256 0.417977 0.906390 0.000000 0.000000 0.000000 0.000000 1.000000
0.995874 0.088459 0.020230 0.000000 -0.072374 0.908772 -0.410970 0.340000 -0.054739 0.407810 0.911424 0.000000 0.000000 0.000000 0.000000 1.000000
0.996161 0.086220 0.015173 -0.000000 -0.072681 0.911126 -0.405668 0.340000 -0.048802 0.403008 0.913894 -0.000000 0.000000 0.000000 0.000000 1.000000
0.996442 0.083605 0.010663 -0.000000 -0.072378 0.913652 -0.400001 0.340000 -0.043184 0.397806 0.916452 -0.000000 0.000000 0.000000 0.000000 1.000000
0.996771 0.079964 0.007305 0.000000 -0.070776 0.917904 -0.390439 0.340000 -0.037926 0.388661 0.920600 0.000000 0.000000 0.000000 0.000000 1.000000
0.997140 0.075419 0.004793 0.000000 -0.068040 0.923562 -0.377364 0.340000 -0.032887 0.375959 0.926053 0.000000 0.000000 0.000000 0.000000 1.000000
0.997555 0.069817 0.002999 0.000000 -0.064086 0.931092 -0.359111 0.340000 -0.027864 0.358041 0.933290 0.000000 0.000000 0.000000 0.000000 1.000000
0.997995 0.063271 0.001617 -0.000000 -0.058998 0.939247 -0.338134 0.340000 -0.022913 0.337360 0.941097 0.000000 0.000000 0.000000 0.000000 1.000000
0.998462 0.055440 0.000408 0.000000 -0.052476 0.947394 -0.315739 0.340000 -0.017891 0.315231 0.948846 -0.000000 0.000000 0.000000 0.000000 1.000000
0.998859 0.047759 -0.000659 0.000000 -0.045843 0.954729 -0.293923 0.340000 -0.013408 0.293617 0.955829 0.000000 0.000000 0.000000 0.000000 1.000000
0.999131 0.041658 -0.001242 0.000000 -0.040396 0.960688 -0.274677 0.340000 -0.010249 0.274488 0.961536 0.000000 0.000000 0.000000 0.000000 1.000000
0.999321 0.036832 -0.001252 0.000000 -0.035896 0.965103 -0.259398 0.340000 -0.008346 0.259266 0.965770 0.000000 0.000000 0.000000 0.000000 1.000000
0.999425 0.033895 -0.000262 0.000000 -0.032869 0.967217 -0.251814 0.340000 -0.008282 0.251678 0.967776 -0.000000 0.000000 0.000000 0.000000 1.000000
0.999497 0.031677 0.001164 -0.000000 -0.030409 0.968539 -0.246998 0.340000 -0.008951 0.246838 0.969015 0.000000 0.000000 0.000000 0.000000 1.000000</float_array><technique_common><accessor source="#mixamorig_Spine1-Matrix-animation-output-transform-array" count="39" stride="16"><param type="float4x4"/></accessor></technique_common></source><source id="mixamorig_Spine1-Interpolations"><Name_array id="mixamorig_Spine1-Interpolations-array" count="39">
 LINEAR LINEAR LINEAR LINEAR LINEAR LINEAR LINEAR LINEAR LINEAR LINEAR LINEAR
LINEAR LINEAR LINEAR LINEAR LINEAR LINEAR LINEAR LINEAR LINEAR LINEAR LINEAR LINEAR
LINEAR LINEAR LINEAR LINEAR LINEAR LINEAR LINEAR LINEAR LINEAR LINEAR LINEAR LINEAR
LINEAR LINEAR LINEAR LINEAR</Name_array><technique_common><accessor source="#mixamorig_Spine1-Interpolations-array" count="39"><param type="name"/></accessor></technique_common></source><sampler id="mixamorig_Spine1-Matrix-animation-transform"><input semantic="INPUT" source="#mixamorig_Spine1-Matrix-animation-input"/><input semantic="OUTPUT" source="#mixamorig_Spine1-Matrix-animation-output-transform"/><input semantic="INTERPOLATION" source="#mixamorig_Spine1-Interpolations"/></sampler><channel source="#mixamorig_Spine1-Matrix-animation-transform" target="mixamorig_Spine1/matrix"/></animation>
    <animation id="mixamorig_Spine2-anim" name="mixamorig_Spine2"><source id="mixamorig_Spine2-Matrix-animation-input"><float_array id="mixamorig_Spine2-Matrix-animation-input-array" count="39">

0.000000 0.033333 0.066667 0.100000 0.133333 0.166667 0.200000 0.233333 0.266667 0.300000 0.333333 0.366667 0.400000 0.433333 0.466667 0.500000
0.533333 0.566667 0.600000 0.633333 0.666667 0.700000 0.733333 0.766667 0.800000 0.833333 0.866667 0.900000 0.933333 0.966667 1.000000 1.033333
1.066667 1.100000 1.133333 1.166667 1.200000 1.233333 1.266667</float_array><technique_common><accessor source="#mixamorig_Spine2-Matrix-animation-input-array" count="39"><param name="TIME" type="float"/></accessor></technique_common></source><source id="mixamorig_Spine2-Matrix-animation-output-transform"><float_array id="mixamorig_Spine2-Matrix-animation-output-transform-array" count="624">

0.986152 0.058979 0.155003 -0.000000 -0.026628 0.978810 -0.203031 0.388600 -0.163693 0.196092 0.966826 0.000000 0.000000 0.000000 0.000000 1.000000
0.986242 0.058842 0.154482 -0.000000 -0.026416 0.978594 -0.204097 0.388600 -0.163185 0.197208 0.966685 -0.000000 0.000000 0.000000 0.000000 1.000000
0.986375 0.058478 0.153771 0.000000 -0.025961 0.978309 -0.205516 0.388600 -0.162454 0.198724 0.966498 0.000000 0.000000 0.000000 0.000000 1.000000
0.986635 0.057365 0.152513 0.000000 -0.024674 0.977784 -0.208159 0.388600 -0.161066 0.201614 0.966131 0.000000 0.000000 0.000000 0.000000 1.000000
0.986959 0.056084 0.150883 0.000000 -0.023304 0.977248 -0.210815 0.388600 -0.159274 0.204550 0.965811 0.000000 0.000000 0.000000 0.000000 1.000000
0.987329 0.054744 0.148948 0.000000 -0.022260 0.977109 -0.211572 0.388600 -0.157120 0.205576 0.965946 0.000000 0.000000 0.000000 0.000000 1.000000
0.987704 0.054267 0.146614 0.000000 -0.021988 0.976720 -0.213386 0.388600 -0.154781 0.207539 0.965904 -0.000000 0.000000 0.000000 0.000000 1.000000
0.988006 0.055798 0.143980 0.000000 -0.023256 0.975564 -0.218481 0.388600 -0.152652 0.212512 0.965161 -0.000000 0.000000 0.000000 0.000000 1.000000
0.988317 0.058710 0.140650 0.000000 -0.025515 0.973539 -0.227091 0.388600 -0.150261 0.220849 0.963663 0.000000 0.000000 0.000000 0.000000 1.000000
0.988645 0.063439 0.136224 0.000000 -0.028938 0.969926 -0.241673 0.388600 -0.147459 0.234987 0.960748 0.000000 0.000000 0.000000 0.000000 1.000000
0.989044 0.067916 0.131068 0.000000 -0.032167 0.965699 -0.257665 0.388600 -0.144072 0.250626 0.957303 0.000000 0.000000 0.000000 0.000000 1.000000
0.989628 0.069978 0.125460 0.000000 -0.033813 0.962265 -0.270005 0.388600 -0.139620 0.262962 0.954650 -0.000000 0.000000 0.000000 0.000000 1.000000
0.990296 0.070638 0.119681 0.000000 -0.034171 0.958514 -0.282989 0.388600 -0.134706 0.276153 0.951627 0.000000 0.000000 0.000000 0.000000 1.000000
0.991040 0.069375 0.114134 0.000000 -0.032181 0.953376 -0.300066 0.388600 -0.129629 0.293704 0.947066 0.000000 0.000000 0.000000 0.000000 1.000000
0.991793 0.068444 0.107992 0.000000 -0.030695 0.947409 -0.318551 0.388600 -0.124115 0.312622 0.941734 0.000000 0.000000 0.000000 0.000000 1.000000
0.992493 0.070106 0.100215 0.000000 -0.032456 0.941000 -0.336847 0.388600 -0.117917 0.331065 0.936211 0.000000 0.000000 0.000000 0.000000 1.000000
0.993111 0.073628 0.091156 -0.000000 -0.036680 0.934174 -0.354927 0.388600 -0.111288 0.349139 0.930439 0.000000 0.000000 0.000000 0.000000 1.000000
0.993548 0.079976 0.080407 0.000000 -0.044448 0.926886 -0.372701 0.388600 -0.104336 0.366722 0.924461 -0.000000 0.000000 0.000000 0.000000 1.000000
0.993843 0.086442 0.069312 -0.000000 -0.052884 0.919793 -0.388825 0.388600 -0.097363 0.382765 0.918701 -0.000000 0.000000 0.000000 0.000000 1.000000
0.994098 0.090548 0.059755 0.000000 -0.059063 0.913731 -0.402004 0.388600 -0.091001 0.396102 0.913686 0.000000 0.000000 0.000000 0.000000 1.000000
0.994311 0.093315 0.051371 0.000000 -0.063944 0.908589 -0.412768 0.388600 -0.085192 0.407135 0.909386 0.000000 0.000000 0.000000 0.000000 1.000000
0.994505 0.094793 0.044433 0.000000 -0.067382 0.904414 -0.421301 0.388600 -0.080122 0.415992 0.905832 0.000000 0.000000 0.000000 0.000000 1.000000
0.994704 0.095224 0.038692 0.000000 -0.069676 0.901435 -0.427271 0.388600 -0.075564 0.422312 0.903295 -0.000000 0.000000 0.000000 0.000000 1.000000
0.994914 0.094745 0.034207 0.000000 -0.070843 0.899545 -0.431046 0.388600 -0.071610 0.426430 0.901681 0.000000 0.000000 0.000000 0.000000 1.000000
0.995170 0.093431 0.030106 -0.000000 -0.071444 0.899718 -0.430584 0.388600 -0.067317 0.426354 0.902048 0.000000 0.000000 0.000000 0.000000 1.000000
0.995518 0.091144 0.025249 0.000000 -0.072059 0.903874 -0.421687 0.388600 -0.061256 0.417977 0.906390 0.000000 0.000000 0.000000 0.000000 1.000000
0.995874 0.088459 0.020230 0.000000 -0.072374 0.908772 -0.410970 0.388600 -0.054739 0.407810 0.911424 -0.000000 0.000000 0.000000 0.000000 1.000000
0.996161 0.086220 0.015173 0.000000 -0.072681 0.911126 -0.405668 0.388600 -0.048802 0.403007 0.913895 0.000000 0.000000 0.000000 0.000000 1.000000
0.996442 0.083605 0.010663 -0.000000 -0.072378 0.913652 -0.400001 0.388600 -0.043184 0.397806 0.916453 0.000000 0.000000 0.000000 0.000000 1.000000
0.996771 0.079964 0.007305 -0.000000 -0.070776 0.917904 -0.390439 0.388600 -0.037926 0.388661 0.920600 -0.000000 0.000000 0.000000 0.000000 1.000000
0.997140 0.075419 0.004793 0.000000 -0.068040 0.923562 -0.377363 0.388600 -0.032887 0.375958 0.926053 -0.000000 0.000000 0.000000 0.000000 1.000000
0.997555 0.069817 0.002999 0.000000 -0.064086 0.931092 -0.359111 0.388600 -0.027864 0.358041 0.933290 0.000000 0.000000 0.000000 0.000000 1.000000
0.997995 0.063271 0.001617 0.000000 -0.058998 0.939247 -0.338134 0.388600 -0.022913 0.337360 0.941097 0.000000 0.000000 0.000000 0.000000 1.000000
0.998462 0.055440 0.000408 -0.000000 -0.052476 0.947394 -0.315739 0.388600 -0.017891 0.315232 0.948846 0.000000 0.000000 0.000000 0.000000 1.000000
0.998859 0.047759 -0.000659 -0.000000 -0.045843 0.954729 -0.293923 0.388600 -0.013408 0.293618 0.955829 -0.000000 0.000000 0.000000 0.000000 1.000000
0.999131 0.041658 -0.001242 -0.000000 -0.040396 0.960688 -0.274677 0.388600 -0.010249 0.274489 0.961536 0.000000 0.000000 0.000000 0.000000 1.000000
0.999321 0.036833 -0.001252 0.000000 -0.035896 0.965103 -0.259398 0.388600 -0.008346 0.259267 0.965770 0.000000 0.000000 0.000000 0.000000 1.000000
0.999425 0.033895 -0.000262 0.000000 -0.032869 0.967217 -0.251814 0.388600 -0.008282 0.251678 0.967776 0.000000 0.000000 0.000000 0.000000 1.000000
0.999497 0.031677 0.001164 -0.000000 -0.030409 0.968539 -0.246998 0.388600 -0.008951 0.246838 0.969015 0.000000 0.000000 0.000000 0.000000 1.000000</float_array><technique_common><accessor source="#mixamorig_Spine2-Matrix-animation-output-transform-array" count="39" stride="16"><param type="float4x4"/></accessor></technique_common></source><source id="mixamorig_Spine2-Interpolations"><Name_array id="mixamorig_Spine2-Interpolations-array" count="39">
 LINEAR LINEAR LINEAR LINEAR LINEAR LINEAR LINEAR LINEAR LINEAR LINEAR LINEAR
LINEAR LINEAR LINEAR LINEAR LINEAR LINEAR LINEAR LINEAR LINEAR LINEAR LINEAR LINEAR
LINEAR LINEAR LINEAR LINEAR LINEAR LINEAR LINEAR LINEAR LINEAR LINEAR LINEAR LINEAR
LINEAR LINEAR LINEAR LINEAR</Name_array><technique_common><accessor source="#mixamorig_Spine2-Interpolations-array" count="39"><param type="name"/></accessor></technique_common></source><sampler id="mixamorig_Spine2-Matrix-animation-transform"><input semantic="INPUT" source="#mixamorig_Spine2-Matrix-animation-input"/><input semantic="OUTPUT" source="#mixamorig_Spine2-Matrix-animation-output-transform"/><input semantic="INTERPOLATION" source="#mixamorig_Spine2-Interpolations"/></sampler><channel source="#mixamorig_Spine2-Matrix-animation-transform" target="mixamorig_Spine2/matrix"/></animation>
    <animation id="mixamorig_Neck-anim" name="mixamorig_Neck"><source id="mixamorig_Neck-Matrix-animation-input"><float_array id="mixamorig_Neck-Matrix-animation-input-array" count="39">

0.000000 0.033333 0.066667 0.100000 0.133333 0.166667 0.200000 0.233333 0.266667 0.300000 0.333333 0.366667 0.400000 0.433333 0.466667 0.500000
0.533333 0.566667 0.600000 0.633333 0.666667 0.700000 0.733333 0.766667 0.800000 0.833333 0.866667 0.900000 0.933333 0.966667 1.000000 1.033333
1.066667 1.100000 1.133333 1.166667 1.200000 1.233333 1.266667</float_array><technique_common><accessor source="#mixamorig_Neck-Matrix-animation-input-array" count="39"><param name="TIME" type="float"/></accessor></technique_common></source><source id="mixamorig_Neck-Matrix-animation-output-transform"><float_array id="mixamorig_Neck-Matrix-animation-output-transform-array" count="624">

0.999747 -0.003600 -0.022215 0.000000 0.006072 0.993660 0.112265 0.551800 0.021670 -0.112372 0.993430 0.228800 0.000000 0.000000 0.000000 1.000000
0.999742 -0.005041 -0.022127 -0.000000 0.007542 0.993399 0.114461 0.551800 0.021404 -0.114598 0.993181 0.228800 0.000000 0.000000 0.000000 1.000000
0.999752 -0.006869 -0.021180 -0.000000 0.009322 0.992975 0.117959 0.551800 0.020221 -0.118128 0.992793 0.228800 0.000000 0.000000 0.000000 1.000000
0.999794 -0.009105 -0.018149 -0.000000 0.011277 0.992287 0.123445 0.551800 0.016885 -0.123624 0.992185 0.228800 0.000000 0.000000 0.000000 1.000000
0.999821 -0.013308 -0.013464 0.000000 0.015002 0.990766 0.134753 0.551800 0.011546 -0.134931 0.990788 0.228800 0.000000 0.000000 0.000000 1.000000
0.999747 -0.021373 -0.006971 -0.000000 0.022197 0.987603 0.155396 0.551800 0.003563 -0.155511 0.987828 0.228800 0.000000 0.000000 0.000000 1.000000
0.999458 -0.032927 -0.000242 0.000000 0.032391 0.981819 0.187036 0.551800 -0.005921 -0.186943 0.982353 0.228800 0.000000 0.000000 0.000000 1.000000
0.998738 -0.049982 0.004946 0.000000 0.047416 0.970751 0.235360 0.551800 -0.016565 -0.234829 0.971896 0.228800 0.000000 0.000000 0.000000 1.000000
0.997720 -0.067073 0.007440 0.000000 0.062020 0.954806 0.290688 0.551800 -0.026601 -0.289564 0.956789 0.228800 0.000000 0.000000 0.000000 1.000000
0.996810 -0.079449 0.007530 0.000000 0.071837 0.934380 0.348961 0.551800 -0.034760 -0.347307 0.937107 0.228800 0.000000 0.000000 0.000000 1.000000
0.996325 -0.085473 0.005574 -0.000000 0.076154 0.913725 0.399132 0.551800 -0.039209 -0.397241 0.916876 0.228800 0.000000 0.000000 0.000000 1.000000
0.996887 -0.078800 0.002581 0.000000 0.070284 0.903028 0.423793 0.551800 -0.035726 -0.422292 0.905756 0.228800 0.000000 0.000000 0.000000 1.000000
0.997630 -0.068799 -0.000288 -0.000000 0.061818 0.894544 0.442684 0.551800 -0.030199 -0.441653 0.896678 0.228800 0.000000 0.000000 0.000000 1.000000
0.997936 -0.064158 -0.002633 -0.000000 0.057843 0.880400 0.470692 0.551800 -0.027880 -0.469872 0.882294 0.228800 0.000000 0.000000 0.000000 1.000000
0.998126 -0.061005 -0.004779 -0.000000 0.055182 0.863585 0.501174 0.551800 -0.026447 -0.500498 0.865333 0.228800 0.000000 0.000000 0.000000 1.000000
0.998273 -0.058350 -0.006832 -0.000000 0.052998 0.844271 0.533290 0.551800 -0.025350 -0.532731 0.845905 0.228800 0.000000 0.000000 0.000000 1.000000
0.998380 -0.056224 -0.008790 0.000000 0.051354 0.823608 0.564830 0.551800 -0.024518 -0.564366 0.825161 0.228800 0.000000 0.000000 0.000000 1.000000
0.998462 -0.054418 -0.010641 0.000000 0.050088 0.802837 0.594091 0.551800 -0.023786 -0.593710 0.804328 0.228800 0.000000 0.000000 0.000000 1.000000
0.998534 -0.052670 -0.012441 -0.000000 0.049039 0.783339 0.619657 0.551800 -0.022892 -0.619359 0.784774 0.228800 0.000000 0.000000 0.000000 1.000000
0.998611 -0.050736 -0.014187 -0.000000 0.048049 0.766714 0.640188 0.551800 -0.021603 -0.639981 0.768087 0.228800 0.000000 0.000000 0.000000 1.000000
0.998703 -0.048372 -0.015906 -0.000000 0.046970 0.754474 0.654647 0.551800 -0.019666 -0.654545 0.755767 0.228800 0.000000 0.000000 0.000000 1.000000
0.998818 -0.045296 -0.017649 0.000000 0.045637 0.748619 0.661428 0.551800 -0.016748 -0.661451 0.749801 0.228800 0.000000 0.000000 0.000000 1.000000
0.998951 -0.041473 -0.019415 0.000000 0.043948 0.749149 0.660942 0.551800 -0.012867 -0.661102 0.750186 0.228800 0.000000 0.000000 0.000000 1.000000
0.999097 -0.036730 -0.021347 0.000000 0.041761 0.756870 0.652230 0.551800 -0.007800 -0.652533 0.757720 0.228800 0.000000 0.000000 0.000000 1.000000
0.999236 -0.031310 -0.023384 0.000000 0.039031 0.770078 0.636755 0.551800 -0.001930 -0.637181 0.770712 0.228800 0.000000 0.000000 0.000000 1.000000
0.999353 -0.025316 -0.025535 0.000000 0.035670 0.787517 0.615259 0.551800 0.004533 -0.615772 0.787911 0.228800 0.000000 0.000000 0.000000 1.000000
0.999435 -0.018932 -0.027778 0.000000 0.031659 0.807922 0.588439 0.551800 0.011302 -0.588986 0.808064 0.228800 0.000000 0.000000 0.000000 1.000000
0.999474 -0.012252 -0.030018 0.000000 0.026906 0.830032 0.557066 0.551800 0.018091 -0.557581 0.829925 0.228800 0.000000 0.000000 0.000000 1.000000
0.999463 -0.005462 -0.032299 0.000000 0.021528 0.852689 0.521976 0.551800 0.024690 -0.522391 0.852349 0.228800 0.000000 0.000000 0.000000 1.000000
0.999404 0.001344 -0.034497 0.000000 0.015535 0.874851 0.484143 0.551800 0.030830 -0.484390 0.874309 0.228800 0.000000 0.000000 0.000000 1.000000
0.999295 0.007999 -0.036673 -0.000000 0.009147 0.895671 0.444622 0.551800 0.036403 -0.444645 0.894967 0.228800 0.000000 0.000000 0.000000 1.000000
0.999148 0.014398 -0.038690 0.000000 0.002488 0.914503 0.404571 0.551800 0.041207 -0.404323 0.913688 0.228800 0.000000 0.000000 0.000000 1.000000
0.998967 0.020388 -0.040608 0.000000 -0.004148 0.930872 0.365321 0.551800 0.045249 -0.364775 0.929995 0.228800 0.000000 0.000000 0.000000 1.000000
0.998771 0.025831 -0.042296 0.000000 -0.010527 0.944532 0.328249 0.551800 0.048429 -0.327401 0.943644 0.228800 0.000000 0.000000 0.000000 1.000000
0.998572 0.030599 -0.043790 0.000000 -0.016350 0.955426 0.294778 0.551800 0.050859 -0.293641 0.954562 0.228800 0.000000 0.000000 0.000000 1.000000
0.998389 0.034536 -0.045009 0.000000 -0.021327 0.963643 0.266339 0.551800 0.052571 -0.264950 0.962828 0.228800 0.000000 0.000000 0.000000 1.000000
0.998240 0.037526 -0.045924 0.000000 -0.025199 0.969359 0.244353 0.551800 0.053686 -0.242766 0.968598 0.228800 0.000000 0.000000 0.000000 1.000000
0.998158 0.039059 -0.046418 -0.000000 -0.027215 0.972144 0.232797 0.551800 0.054218 -0.231105 0.971417 0.228800 0.000000 0.000000 0.000000 1.000000
0.998105 0.040064 -0.046705 -0.000000 -0.028551 0.973877 0.225274 0.551800 0.054510 -0.223513 0.973175 0.228800 0.000000 0.000000 0.000000 1.000000</float_array><technique_common><accessor source="#mixamorig_Neck-Matrix-animation-output-transform-array" count="39" stride="16"><param type="float4x4"/></accessor></technique_common></source><source id="mixamorig_Neck-Interpolations"><Name_array id="mixamorig_Neck-Interpolations-array" count="39">
 LINEAR LINEAR LINEAR LINEAR LINEAR LINEAR LINEAR LINEAR LINEAR LINEAR LINEAR
LINEAR LINEAR LINEAR LINEAR LINEAR LINEAR LINEAR LINEAR LINEAR LINEAR LINEAR LINEAR
LINEAR LINEAR LINEAR LINEAR LINEAR LINEAR LINEAR LINEAR LINEAR LINEAR LINEAR LINEAR
LINEAR LINEAR LINEAR LINEAR</Name_array><technique_common><accessor source="#mixamorig_Neck-Interpolations-array" count="39"><param type="name"/></accessor></technique_common></source><sampler id="mixamorig_Neck-Matrix-animation-transform"><input semantic="INPUT" source="#mixamorig_Neck-Matrix-animation-input"/><input semantic="OUTPUT" source="#mixamorig_Neck-Matrix-animation-output-transform"/><input semantic="INTERPOLATION" source="#mixamorig_Neck-Interpolations"/></sampler><channel source="#mixamorig_Neck-Matrix-animation-transform" target="mixamorig_Neck/matrix"/></animation>
    <animation id="mixamorig_Head-anim" name="mixamorig_Head"><source id="mixamorig_Head-Matrix-animation-input"><float_array id="mixamorig_Head-Matrix-animation-input-array" count="39">

0.000000 0.033333 0.066667 0.100000 0.133333 0.166667 0.200000 0.233333 0.266667 0.300000 0.333333 0.366667 0.400000 0.433333 0.466667 0.500000
0.533333 0.566667 0.600000 0.633333 0.666667 0.700000 0.733333 0.766667 0.800000 0.833333 0.866667 0.900000 0.933333 0.966667 1.000000 1.033333
