<?xml version="1.0" encoding="utf-8"?>
<COLLADA xmlns="http://www.collada.org/2005/11/COLLADASchema" version="1.4.1">
  <asset><contributor><author>Mixamo</author><authoring_tool>COLLADA Mixamo exporter</authoring_tool><comments></comments></contributor><created>2020-05-06T13:47:54Z</created><modified>2020-05-06T13:47:54Z</modified><revision></revision><title></title><unit meter="0.010000"/><up_axis>Y_UP</up_axis></asset>
  <library_animations>
    <animation id="mixamorig_Hips-anim" name="mixamorig_Hips"><source id="mixamorig_Hips-Matrix-animation-input"><float_array id="mixamorig_Hips-Matrix-animation-input-array" count="90">

0.000000 0.033333 0.066667 0.100000 0.133333 0.166667 0.200000 0.233333 0.266667 0.300000 0.333333 0.366667 0.400000 0.433333 0.466667 0.500000
0.533333 0.566667 0.600000 0.633333 0.666667 0.700000 0.733333 0.766667 0.800000 0.833333 0.866667 0.900000 0.933333 0.966667 1.000000 1.033333
1.066667 1.100000 1.133333 1.166667 1.200000 1.233333 1.266667 1.300000 1.333333 1.366667 1.400000 1.433333 1.466667 1.500000 1.533333 1.566667
1.600000 1.633333 1.666667 1.700000 1.733333 1.766667 1.800000 1.833333 1.866667 1.900000 1.933333 1.966667 2.000000 2.033333 2.066667 2.100000
2.133333 2.166667 2.200000 2.233333 2.266667 2.300000 2.333333 2.366667 2.400000 2.433333 2.466667 2.500000 2.533333 2.566667 2.600000 2.633333
2.666667 2.700000 2.733333 2.766667 2.800000 2.833333 2.866667 2.900000 2.933333 2.966667</float_array><technique_common><accessor source="#mixamorig_Hips-Matrix-animation-input-array" count="90"><param name="TIME" type="float"/></accessor></technique_common></source><source id="mixamorig_Hips-Matrix-animation-output-transform"><float_array id="mixamorig_Hips-Matrix-animation-output-transform-array" count="1440">

0.575756 0.069416 -0.814669 -0.001682 0.034130 0.993481 0.108773 1.999442 0.816909 -0.090432 0.569634 -0.006009 0.000000 0.000000 0.000000 1.000000
0.600962 0.069682 -0.796234 -0.009397 0.040643 0.992240 0.117510 1.995667 0.798244 -0.102981 0.593466 -0.000105 0.000000 0.000000 0.000000 1.000000
0.642675 0.071317 -0.762812 -0.040192 0.048771 0.989830 0.133631 1.988725 0.764585 -0.123085 0.632661 0.016820 0.000000 0.000000 0.000000 1.000000
0.695940 0.078433 -0.713804 -0.101035 0.059792 0.984236 0.166444 1.977816 0.715606 -0.158515 0.680280 0.052335 0.000000 0.000000 0.000000 1.000000
0.751822 0.089334 -0.653286 -0.167284 0.078071 0.971749 0.222730 1.966083 0.654727 -0.218456 0.723608 0.095784 0.000000 0.000000 0.000000 1.000000
0.765374 0.099617 -0.635829 -0.220292 0.094787 0.959726 0.264463 1.955838 0.636567 -0.262682 0.725107 0.139820 0.000000 0.000000 0.000000 1.000000
0.752795 0.093109 -0.651637 -0.254523 0.102623 0.961241 0.255900 1.947202 0.650207 -0.259514 0.714061 0.181255 0.000000 0.000000 0.000000 1.000000
0.733054 0.070241 -0.676534 -0.277923 0.123516 0.964368 0.233960 1.939738 0.668862 -0.255068 0.698258 0.213390 0.000000 0.000000 0.000000 1.000000
0.736060 0.063161 -0.673963 -0.290737 0.131759 0.963226 0.234169 1.933918 0.663969 -0.261163 0.700670 0.234003 0.000000 0.000000 0.000000 1.000000
0.763527 0.068423 -0.642141 -0.291612 0.119175 0.962362 0.244247 1.932568 0.634684 -0.263017 0.726635 0.246432 0.000000 0.000000 0.000000 1.000000
0.788942 0.066252 -0.610885 -0.288617 0.116236 0.960130 0.254244 1.936661 0.603373 -0.271590 0.749786 0.267711 0.000000 0.000000 0.000000 1.000000
0.801697 0.063400 -0.594359 -0.286214 0.110700 0.961409 0.251869 1.945484 0.587391 -0.267719 0.763740 0.294485 0.000000 0.000000 0.000000 1.000000
0.808158 0.061564 -0.585739 -0.282485 0.099936 0.965767 0.239390 1.958243 0.580425 -0.252002 0.774340 0.326062 0.000000 0.000000 0.000000 1.000000
0.806462 0.058646 -0.588370 -0.274801 0.094928 0.969320 0.226732 1.973353 0.583616 -0.238703 0.776153 0.359516 0.000000 0.000000 0.000000 1.000000
0.800406 0.055925 -0.596844 -0.266409 0.092174 0.972317 0.214719 1.989968 0.592330 -0.226876 0.773093 0.394461 0.000000 0.000000 0.000000 1.000000
0.790678 0.056882 -0.609584 -0.258725 0.085600 0.975623 0.202068 2.006886 0.606218 -0.211952 0.766535 0.430770 0.000000 0.000000 0.000000 1.000000
0.774806 0.058256 -0.629510 -0.251883 0.082558 0.977895 0.192110 2.023338 0.626786 -0.200819 0.752869 0.466929 0.000000 0.000000 0.000000 1.000000
0.752891 0.057297 -0.655646 -0.246790 0.084765 0.979464 0.182933 2.038537 0.652663 -0.193305 0.732573 0.502636 0.000000 0.000000 0.000000 1.000000
0.737728 0.061886 -0.672255 -0.242440 0.084298 0.979551 0.182682 2.051515 0.669814 -0.191439 0.717426 0.537422 0.000000 0.000000 0.000000 1.000000
0.730519 0.074928 -0.678769 -0.238446 0.077382 0.978478 0.191294 2.060949 0.678494 -0.192268 0.708999 0.571218 0.000000 0.000000 0.000000 1.000000
0.723791 0.085530 -0.684697 -0.235423 0.071718 0.977589 0.197930 2.065813 0.686282 -0.192365 0.701437 0.603675 0.000000 0.000000 0.000000 1.000000
0.715501 0.094546 -0.692184 -0.233065 0.069510 0.976249 0.205198 2.064523 0.695145 -0.194933 0.691936 0.633451 0.000000 0.000000 0.000000 1.000000
0.707913 0.106374 -0.698243 -0.230487 0.065706 0.974388 0.215059 2.056951 0.703237 -0.198122 0.682793 0.660194 0.000000 0.000000 0.000000 1.000000
0.700671 0.120323 -0.703265 -0.226740 0.059196 0.972476 0.225360 2.048315 0.711024 -0.199533 0.674263 0.687137 0.000000 0.000000 0.000000 1.000000
0.693397 0.135651 -0.707672 -0.222242 0.051987 0.970142 0.236901 2.038664 0.718678 -0.201057 0.665641 0.715775 0.000000 0.000000 0.000000 1.000000
0.684685 0.149142 -0.713417 -0.217745 0.042529 0.968996 0.243388 2.028399 0.727598 -0.196985 0.657114 0.744304 0.000000 0.000000 0.000000 1.000000
0.677180 0.160808 -0.718031 -0.213026 0.030713 0.968800 0.245935 2.018468 0.735177 -0.188595 0.651112 0.771530 0.000000 0.000000 0.000000 1.000000
0.670409 0.176263 -0.720752 -0.205142 0.011485 0.968793 0.247606 2.006592 0.741903 -0.174275 0.647463 0.798543 0.000000 0.000000 0.000000 1.000000
0.662038 0.197053 -0.723102 -0.193725 -0.013698 0.967837 0.251205 1.990465 0.749345 -0.156402 0.643444 0.824903 0.000000 0.000000 0.000000 1.000000
0.646985 0.224931 -0.728572 -0.180530 -0.041310 0.964437 0.261065 1.973373 0.761383 -0.138808 0.633268 0.853054 0.000000 0.000000 0.000000 1.000000
0.622889 0.249180 -0.741565 -0.168523 -0.069072 0.961732 0.265143 1.956791 0.779255 -0.113934 0.616264 0.886551 0.000000 0.000000 0.000000 1.000000
0.595231 0.270024 -0.756827 -0.156078 -0.096262 0.959028 0.266458 1.925498 0.797768 -0.085750 0.596836 0.924559 0.000000 0.000000 0.000000 1.000000
0.563664 0.293126 -0.772243 -0.144339 -0.121841 0.954193 0.273257 1.890848 0.816968 -0.059934 0.573560 0.967606 0.000000 0.000000 0.000000 1.000000
0.523704 0.314062 -0.791896 -0.132690 -0.148742 0.948995 0.277999 1.852489 0.838815 -0.027801 0.543707 1.016449 0.000000 0.000000 0.000000 1.000000
0.485184 0.333626 -0.808264 -0.119121 -0.179466 0.942667 0.281374 1.809757 0.855797 0.008538 0.517242 1.070311 0.000000 0.000000 0.000000 1.000000
0.451046 0.352384 -0.819990 -0.106331 -0.210112 0.934857 0.286173 1.762728 0.867416 0.043212 0.495703 1.129823 0.000000 0.000000 0.000000 1.000000
0.416933 0.375288 -0.827844 -0.093241 -0.242602 0.923688 0.296554 1.710739 0.875963 0.077193 0.476162 1.194980 0.000000 0.000000 0.000000 1.000000
0.384105 0.395149 -0.834459 -0.077653 -0.278576 0.911268 0.303291 1.649896 0.880261 0.115964 0.460101 1.262926 0.000000 0.000000 0.000000 1.000000
0.355067 0.411416 -0.839443 -0.058422 -0.314431 0.898195 0.307212 1.578531 0.880375 0.154866 0.448281 1.329517 0.000000 0.000000 0.000000 1.000000
0.330298 0.427332 -0.841600 -0.037410 -0.354934 0.882432 0.308766 1.493761 0.874600 0.196728 0.443140 1.402487 0.000000 0.000000 0.000000 1.000000
0.313664 0.441894 -0.840443 -0.012968 -0.402057 0.863658 0.304048 1.395106 0.860212 0.242537 0.448565 1.480751 0.000000 0.000000 0.000000 1.000000
0.302304 0.449921 -0.840347 0.013826 -0.453317 0.843379 0.288470 1.277287 0.838520 0.293739 0.458914 1.555870 0.000000 0.000000 0.000000 1.000000
0.288078 0.465245 -0.836993 0.043218 -0.512714 0.813149 0.275524 1.138711 0.808786 0.349766 0.472788 1.630217 0.000000 0.000000 0.000000 1.000000
0.261575 0.479892 -0.837426 0.075680 -0.574401 0.774661 0.264507 0.986903 0.775656 0.411830 0.478282 1.703178 0.000000 0.000000 0.000000 1.000000
0.228401 0.487569 -0.842680 0.117786 -0.633209 0.731867 0.251828 0.824011 0.739513 0.476075 0.475892 1.760140 0.000000 0.000000 0.000000 1.000000
0.183041 0.474162 -0.861200 0.170934 -0.691487 0.684777 0.230057 0.654211 0.698815 0.553399 0.453219 1.803779 0.000000 0.000000 0.000000 1.000000
0.045531 0.467637 -0.882747 0.231234 -0.769159 0.580273 0.267728 0.501057 0.637434 0.666783 0.386108 1.845966 0.000000 0.000000 0.000000 1.000000
-0.153120 0.505852 -0.848921 0.293264 -0.842478 0.382183 0.379692 0.407771 0.516512 0.773336 0.367650 1.889592 0.000000 0.000000 0.000000 1.000000
-0.315472 0.523500 -0.791470 0.344095 -0.882858 0.143872 0.447060 0.371256 0.347907 0.839791 0.416789 1.940178 0.000000 0.000000 0.000000 1.000000
-0.412024 0.478953 -0.775139 0.376402 -0.881115 0.007267 0.472846 0.381497 0.232104 0.877811 0.419018 1.986049 0.000000 0.000000 0.000000 1.000000
-0.471080 0.446715 -0.760611 0.414812 -0.862706 -0.053546 0.502863 0.420061 0.183909 0.893073 0.410608 2.046634 0.000000 0.000000 0.000000 1.000000
-0.500187 0.452842 -0.738070 0.466539 -0.849481 -0.091331 0.519654 0.465478 0.167913 0.886901 0.430363 2.120665 0.000000 0.000000 0.000000 1.000000
-0.501056 0.472298 -0.725174 0.518253 -0.855001 -0.140555 0.499217 0.498240 0.133852 0.870160 0.474241 2.204189 0.000000 0.000000 0.000000 1.000000
-0.488380 0.454228 -0.745092 0.562076 -0.868499 -0.170016 0.465623 0.517869 0.084822 0.874512 0.477528 2.284588 0.000000 0.000000 0.000000 1.000000
-0.480749 0.424211 -0.767414 0.604745 -0.875828 -0.189900 0.443692 0.532428 0.042487 0.885428 0.462830 2.355111 0.000000 0.000000 0.000000 1.000000
-0.481366 0.391727 -0.784115 0.640370 -0.876401 -0.200374 0.437917 0.542491 0.014427 0.897998 0.439764 2.408645 0.000000 0.000000 0.000000 1.000000
-0.479721 0.383492 -0.789178 0.667272 -0.877378 -0.218571 0.427123 0.541730 -0.008694 0.897307 0.441321 2.444277 0.000000 0.000000 0.000000 1.000000
-0.485765 0.383085 -0.785670 0.686104 -0.873740 -0.238212 0.424067 0.531214 -0.024702 0.892469 0.450432 2.468625 0.000000 0.000000 0.000000 1.000000
-0.491861 0.388115 -0.779384 0.692460 -0.870090 -0.251889 0.423670 0.514692 -0.031885 0.886520 0.461589 2.484524 0.000000 0.000000 0.000000 1.000000
-0.495929 0.399289 -0.771117 0.688336 -0.867765 -0.260817 0.423034 0.496582 -0.032208 0.878944 0.475836 2.491998 0.000000 0.000000 0.000000 1.000000
-0.488019 0.420554 -0.764834 0.677537 -0.872376 -0.263357 0.411829 0.479122 -0.028228 0.868204 0.495404 2.492524 0.000000 0.000000 0.000000 1.000000
-0.467417 0.450753 -0.760489 0.671065 -0.883814 -0.257566 0.390553 0.459240 -0.019833 0.854682 0.518773 2.493124 0.000000 0.000000 0.000000 1.000000
-0.448283 0.479740 -0.754249 0.657416 -0.893756 -0.255268 0.368835 0.460544 -0.015591 0.839457 0.543202 2.483465 0.000000 0.000000 0.000000 1.000000
-0.429356 0.506614 -0.747660 0.635985 -0.903018 -0.254156 0.346357 0.471952 -0.014553 0.823861 0.566605 2.468235 0.000000 0.000000 0.000000 1.000000
-0.405402 0.531253 -0.743922 0.620612 -0.913993 -0.250100 0.319480 0.477668 -0.016330 0.809457 0.586952 2.459365 0.000000 0.000000 0.000000 1.000000
-0.376671 0.555431 -0.741360 0.606692 -0.926157 -0.242001 0.289254 0.480235 -0.018749 0.795570 0.605572 2.457216 0.000000 0.000000 0.000000 1.000000
-0.347719 0.578980 -0.737478 0.587436 -0.937348 -0.232858 0.259146 0.485826 -0.021687 0.781383 0.623674 2.453499 0.000000 0.000000 0.000000 1.000000
-0.318692 0.602562 -0.731679 0.565666 -0.947535 -0.222671 0.229334 0.494288 -0.024735 0.766379 0.641913 2.448232 0.000000 0.000000 0.000000 1.000000
-0.287731 0.623117 -0.727280 0.541456 -0.957329 -0.208575 0.200043 0.503267 -0.027042 0.753805 0.656542 2.443554 0.000000 0.000000 0.000000 1.000000
-0.244811 0.637745 -0.730307 0.513708 -0.969166 -0.182733 0.165308 0.510274 -0.028027 0.748258 0.662816 2.440710 0.000000 0.000000 0.000000 1.000000
-0.189697 0.645090 -0.740185 0.482713 -0.981493 -0.144695 0.125435 0.514161 -0.026184 0.750281 0.660600 2.440821 0.000000 0.000000 0.000000 1.000000
-0.123677 0.640981 -0.757527 0.449673 -0.992161 -0.093666 0.082729 0.513697 -0.017927 0.761820 0.647540 2.442483 0.000000 0.000000 0.000000 1.000000
-0.048042 0.632638 -0.772956 0.415046 -0.998831 -0.026242 0.040603 0.508091 0.005403 0.774003 0.633159 2.440171 0.000000 0.000000 0.000000 1.000000
0.012549 0.621119 -0.783616 0.387656 -0.999544 0.029320 0.007233 0.496067 0.027468 0.783168 0.621204 2.433548 0.000000 0.000000 0.000000 1.000000
0.055997 0.608471 -0.791598 0.365165 -0.997279 0.072163 -0.015078 0.480918 0.047950 0.790289 0.610856 2.422475 0.000000 0.000000 0.000000 1.000000
0.084958 0.596741 -0.797923 0.352823 -0.993910 0.107154 -0.025689 0.476099 0.070171 0.795247 0.602211 2.410087 0.000000 0.000000 0.000000 1.000000
0.074625 0.588233 -0.805241 0.370590 -0.994429 0.104178 -0.016055 0.473409 0.074444 0.801953 0.592730 2.405930 0.000000 0.000000 0.000000 1.000000
0.027111 0.583299 -0.811805 0.390449 -0.997241 0.071928 0.018377 0.472302 0.069111 0.809066 0.583640 2.399793 0.000000 0.000000 0.000000 1.000000
-0.020376 0.580787 -0.813801 0.402306 -0.997646 0.041495 0.054592 0.473872 0.065475 0.812998 0.578574 2.392913 0.000000 0.000000 0.000000 1.000000
-0.060720 0.579849 -0.812458 0.406176 -0.995994 0.018332 0.087520 0.470257 0.065642 0.814517 0.576413 2.391075 0.000000 0.000000 0.000000 1.000000
-0.091187 0.581735 -0.808251 0.404837 -0.993446 0.003033 0.114264 0.464586 0.068923 0.813372 0.577646 2.389196 0.000000 0.000000 0.000000 1.000000
-0.101459 0.590649 -0.800524 0.401050 -0.991818 0.002619 0.127636 0.458940 0.077485 0.806924 0.585551 2.385821 0.000000 0.000000 0.000000 1.000000
-0.108806 0.598291 -0.793857 0.395647 -0.990263 0.004524 0.139135 0.452438 0.086835 0.801266 0.591973 2.383689 0.000000 0.000000 0.000000 1.000000
-0.111162 0.600789 -0.791641 0.393020 -0.989474 0.007358 0.144525 0.446319 0.092654 0.799374 0.593647 2.383627 0.000000 0.000000 0.000000 1.000000
-0.112537 0.601362 -0.791012 0.395930 -0.988925 0.009736 0.148096 0.442125 0.096761 0.798918 0.593606 2.386251 0.000000 0.000000 0.000000 1.000000
-0.114387 0.600669 -0.791273 0.397236 -0.988466 0.010759 0.151061 0.438721 0.099250 0.799426 0.592510 2.387574 0.000000 0.000000 0.000000 1.000000
-0.115898 0.599655 -0.791822 0.387842 -0.988042 0.012013 0.153715 0.435952 0.101688 0.800169 0.591092 2.382911 0.000000 0.000000 0.000000 1.000000
-0.118436 0.598441 -0.792364 0.384899 -0.987496 0.012626 0.157139 0.435508 0.104042 0.801068 0.589462 2.380586 0.000000 0.000000 0.000000 1.000000
-0.119498 0.596799 -0.793442 0.383352 -0.987219 0.013450 0.158799 0.436361 0.105443 0.802278 0.587565 2.378914 0.000000 0.000000 0.000000 1.000000
-0.116372 0.595247 -0.795072 0.381906 -0.987781 0.014192 0.155203 0.436724 0.103667 0.803418 0.586322 2.379071 0.000000 0.000000 0.000000 1.000000</float_array><technique_common><accessor source="#mixamorig_Hips-Matrix-animation-output-transform-array" count="90" stride="16"><param type="float4x4"/></accessor></technique_common></source><source id="mixamorig_Hips-Interpolations"><Name_array id="mixamorig_Hips-Interpolations-array" count="90">
 LINEAR LINEAR LINEAR LINEAR LINEAR LINEAR LINEAR LINEAR LINEAR LINEAR LINEAR
LINEAR LINEAR LINEAR LINEAR LINEAR LINEAR LINEAR LINEAR LINEAR LINEAR LINEAR LINEAR
LINEAR LINEAR LINEAR LINEAR LINEAR LINEAR LINEAR LINEAR LINEAR LINEAR LINEAR LINEAR
LINEAR LINEAR LINEAR LINEAR LINEAR LINEAR LINEAR LINEAR LINEAR LINEAR LINEAR LINEAR
LINEAR LINEAR LINEAR LINEAR LINEAR LINEAR LINEAR LINEAR LINEAR LINEAR LINEAR LINEAR
LINEAR LINEAR LINEAR LINEAR LINEAR LINEAR LINEAR LINEAR LINEAR LINEAR LINEAR LINEAR
LINEAR LINEAR LINEAR LINEAR LINEAR LINEAR LINEAR LINEAR LINEAR LINEAR LINEAR LINEAR
LINEAR LINEAR LINEAR LINEAR LINEAR LINEAR LINEAR</Name_array><technique_common><accessor source="#mixamorig_Hips-Interpolations-array" count="90"><param type="name"/></accessor></technique_common></source><sampler id="mixamorig_Hips-Matrix-animation-transform"><input semantic="INPUT" source="#mixamorig_Hips-Matrix-animation-input"/><input semantic="OUTPUT" source="#mixamorig_Hips-Matrix-animation-output-transform"/><input semantic="INTERPOLATION" source="#mixamorig_Hips-Interpolations"/></sampler><channel source="#mixamorig_Hips-Matrix-animation-transform" target="mixamorig_Hips/matrix"/></animation>
    <animation id="mixamorig_Spine-anim" name="mixamorig_Spine"><source id="mixamorig_Spine-Matrix-animation-input"><float_array id="mixamorig_Spine-Matrix-animation-input-array" count="90">

0.000000 0.033333 0.066667 0.100000 0.133333 0.166667 0.200000 0.233333 0.266667 0.300000 0.333333 0.366667 0.400000 0.433333 0.466667 0.500000
0.533333 0.566667 0.600000 0.633333 0.666667 0.700000 0.733333 0.766667 0.800000 0.833333 0.866667 0.900000 0.933333 0.966667 1.000000 1.033333
1.066667 1.100000 1.133333 1.166667 1.200000 1.233333 1.266667 1.300000 1.333333 1.366667 1.400000 1.433333 1.466667 1.500000 1.533333 1.566667
1.600000 1.633333 1.666667 1.700000 1.733333 1.766667 1.800000 1.833333 1.866667 1.900000 1.933333 1.966667 2.000000 2.033333 2.066667 2.100000
2.133333 2.166667 2.200000 2.233333 2.266667 2.300000 2.333333 2.366667 2.400000 2.433333 2.466667 2.500000 2.533333 2.566667 2.600000 2.633333
2.666667 2.700000 2.733333 2.766667 2.800000 2.833333 2.866667 2.900000 2.933333 2.966667</float_array><technique_common><accessor source="#mixamorig_Spine-Matrix-animation-input-array" count="90"><param name="TIME" type="float"/></accessor></technique_common></source><source id="mixamorig_Spine-Matrix-animation-output-transform"><float_array id="mixamorig_Spine-Matrix-animation-output-transform-array" count="1440">

0.999928 -0.008541 0.008422 0.000000 0.009557 0.991599 -0.128999 0.291300 -0.007250 0.129070 0.991609 0.010900 0.000000 0.000000 0.000000 1.000000
0.999940 -0.006453 0.008859 0.000000 0.007464 0.992832 -0.119288 0.291300 -0.008026 0.119347 0.992820 0.010900 0.000000 0.000000 0.000000 1.000000
0.999952 -0.002874 0.009409 0.000000 0.003801 0.994974 -0.100063 0.291300 -0.009075 0.100094 0.994937 0.010900 0.000000 0.000000 0.000000 1.000000
0.999914 0.001660 0.012983 0.000000 -0.000746 0.997539 -0.070108 0.291300 -0.013067 0.070092 0.997455 0.010900 0.000000 0.000000 0.000000 1.000000
0.999864 0.000271 0.016472 -0.000000 0.000271 0.999458 -0.032917 0.291300 -0.016472 0.032917 0.999322 0.010900 0.000000 0.000000 0.000000 1.000000
0.999532 -0.009418 0.029104 -0.000000 0.009189 0.999926 0.008005 0.291300 -0.029177 -0.007734 0.999544 0.010900 0.000000 0.000000 0.000000 1.000000
0.997947 -0.039339 0.050538 0.000000 0.037010 0.998245 0.046229 0.291300 -0.052268 -0.044263 0.997652 0.010900 0.000000 0.000000 0.000000 1.000000
0.995837 -0.056722 0.071358 0.000000 0.051359 0.995870 0.074873 0.291300 -0.075310 -0.070897 0.994637 0.010900 0.000000 0.000000 0.000000 1.000000
0.994992 -0.062680 0.077861 0.000000 0.055903 0.994694 0.086361 0.291300 -0.082861 -0.081576 0.993217 0.010900 0.000000 0.000000 0.000000 1.000000
0.994723 -0.066744 0.077913 -0.000000 0.060534 0.994995 0.079506 0.291300 -0.082830 -0.074370 0.993785 0.010900 0.000000 0.000000 0.000000 1.000000
0.994919 -0.064013 0.077706 -0.000000 0.058483 0.995727 0.071464 0.291300 -0.081949 -0.066557 0.994412 0.010900 0.000000 0.000000 0.000000 1.000000
0.995053 -0.058589 0.080234 0.000000 0.052538 0.995757 0.075551 0.291300 -0.084320 -0.070962 0.993909 0.010900 0.000000 0.000000 0.000000 1.000000
0.995222 -0.057214 0.079113 0.000000 0.050771 0.995405 0.081185 0.291300 -0.083395 -0.076780 0.993554 0.010900 0.000000 0.000000 0.000000 1.000000
0.995370 -0.056973 0.077410 0.000000 0.051066 0.995781 0.076245 0.291300 -0.081428 -0.071939 0.994080 0.010900 0.000000 0.000000 0.000000 1.000000
0.995430 -0.057658 0.076119 0.000000 0.052768 0.996504 0.064767 0.291300 -0.079588 -0.060454 0.994993 0.010900 0.000000 0.000000 0.000000 1.000000
0.995144 -0.062498 0.076045 0.000000 0.058519 0.996853 0.053479 0.291300 -0.079148 -0.048769 0.995669 0.010900 0.000000 0.000000 0.000000 1.000000
0.994718 -0.067610 0.077231 0.000000 0.064403 0.996984 0.043299 0.291300 -0.079926 -0.038096 0.996073 0.010900 0.000000 0.000000 0.000000 1.000000
0.994378 -0.071074 0.078486 0.000000 0.068598 0.997072 0.033799 0.291300 -0.080658 -0.028225 0.996342 0.010900 0.000000 0.000000 0.000000 1.000000
0.994068 -0.075567 0.078220 0.000000 0.073845 0.996964 0.024680 0.291300 -0.079847 -0.018757 0.996631 0.010900 0.000000 0.000000 0.000000 1.000000
0.993801 -0.081351 0.075768 -0.000000 0.080262 0.996623 0.017322 0.291300 -0.076922 -0.011134 0.996975 0.010900 0.000000 0.000000 0.000000 1.000000
0.993420 -0.087185 0.074266 -0.000000 0.086313 0.996157 0.014873 0.291300 -0.075277 -0.008365 0.997128 0.010900 0.000000 0.000000 0.000000 1.000000
0.993053 -0.092811 0.072337 0.000000 0.091678 0.995610 0.018841 0.291300 -0.073769 -0.012078 0.997202 0.010900 0.000000 0.000000 0.000000 1.000000
0.992651 -0.098239 0.070669 0.000000 0.096978 0.995064 0.021067 0.291300 -0.072390 -0.014059 0.997277 0.010900 0.000000 0.000000 0.000000 1.000000
0.992222 -0.103430 0.069272 0.000000 0.102041 0.994507 0.023313 0.291300 -0.071303 -0.016063 0.997325 0.010900 0.000000 0.000000 0.000000 1.000000
0.991760 -0.108478 0.068150 0.000000 0.107169 0.993984 0.022583 0.291300 -0.070190 -0.015093 0.997419 0.010900 0.000000 0.000000 0.000000 1.000000
0.991327 -0.113104 0.066914 0.000000 0.111809 0.993468 0.022806 0.291300 -0.069056 -0.015126 0.997498 0.010900 0.000000 0.000000 0.000000 1.000000
0.990844 -0.117823 0.065929 0.000000 0.116557 0.992924 0.022735 0.291300 -0.068141 -0.014843 0.997565 0.010900 0.000000 0.000000 0.000000 1.000000
0.990180 -0.123596 0.065325 -0.000000 0.122756 0.992296 0.016728 0.291300 -0.066889 -0.008545 0.997724 0.010900 0.000000 0.000000 0.000000 1.000000
0.989211 -0.131083 0.065414 0.000000 0.131331 0.991338 0.000500 0.291300 -0.064913 0.008097 0.997858 0.010900 0.000000 0.000000 0.000000 1.000000
0.988084 -0.138976 0.066144 -0.000000 0.140809 0.989749 -0.023875 0.291300 -0.062148 0.032904 0.997524 0.010900 0.000000 0.000000 0.000000 1.000000
0.987165 -0.145425 0.066004 0.000000 0.148345 0.988055 -0.041721 0.291300 -0.059149 0.050977 0.996947 0.010900 0.000000 0.000000 0.000000 1.000000
0.986495 -0.150213 0.065302 -0.000000 0.153834 0.986594 -0.054472 0.291300 -0.056245 0.063782 0.996378 0.010900 0.000000 0.000000 0.000000 1.000000
0.985980 -0.153934 0.064408 0.000000 0.158179 0.985135 -0.067000 0.291300 -0.053137 0.076248 0.995672 0.010900 0.000000 0.000000 0.000000 1.000000
0.985602 -0.156980 0.062811 0.000000 0.161484 0.984056 -0.074543 0.291300 -0.050108 0.083613 0.995238 0.010900 0.000000 0.000000 0.000000 1.000000
0.985329 -0.159485 0.060752 -0.000000 0.164122 0.983106 -0.081039 0.291300 -0.046801 0.089821 0.994858 0.010900 0.000000 0.000000 0.000000 1.000000
0.985118 -0.161561 0.058656 0.000000 0.166277 0.982216 -0.087195 0.291300 -0.043526 0.095650 0.994463 0.010900 0.000000 0.000000 0.000000 1.000000
0.984991 -0.163107 0.056468 0.000000 0.167848 0.981413 -0.093037 0.291300 -0.040243 0.101119 0.994060 0.010900 0.000000 0.000000 0.000000 1.000000
0.984957 -0.164030 0.054344 0.000000 0.168768 0.980698 -0.098735 0.291300 -0.037099 0.106421 0.993629 0.010900 0.000000 0.000000 0.000000 1.000000
0.984967 -0.164817 0.051717 0.000000 0.169467 0.979986 -0.104445 0.291300 -0.033467 0.111639 0.993185 0.010900 0.000000 0.000000 0.000000 1.000000
0.984958 -0.165508 0.049650 -0.000000 0.170093 0.979284 -0.109871 0.291300 -0.030437 0.116664 0.992705 0.010900 0.000000 0.000000 0.000000 1.000000
0.984842 -0.166361 0.049103 0.000000 0.171192 0.977820 -0.120673 0.291300 -0.027938 0.127250 0.991477 0.010900 0.000000 0.000000 0.000000 1.000000
0.984456 -0.168215 0.050503 -0.000000 0.173634 0.975404 -0.135790 0.291300 -0.026418 0.142448 0.989450 0.010900 0.000000 0.000000 0.000000 1.000000
0.983691 -0.171587 0.053939 0.000000 0.177937 0.972151 -0.152517 0.291300 -0.026267 0.159627 0.986828 0.010900 0.000000 0.000000 0.000000 1.000000
0.982544 -0.176109 0.059935 0.000000 0.183948 0.967799 -0.171836 0.291300 -0.027743 0.179861 0.983301 0.010900 0.000000 0.000000 0.000000 1.000000
0.982791 -0.171475 0.068695 -0.000000 0.181897 0.963146 -0.198149 0.291300 -0.032186 0.207235 0.977762 0.010900 0.000000 0.000000 0.000000 1.000000
0.982978 -0.164848 0.081116 0.000000 0.179540 0.955583 -0.233721 0.291300 -0.038985 0.244306 0.968914 0.010900 0.000000 0.000000 0.000000 1.000000
0.978660 -0.171159 0.113708 0.000000 0.196465 0.941545 -0.273667 0.291300 -0.060220 0.290166 0.955080 0.010900 0.000000 0.000000 0.000000 1.000000
0.979170 -0.145399 0.141725 0.000000 0.185386 0.924903 -0.331943 0.291300 -0.082817 0.351303 0.932592 0.010900 0.000000 0.000000 0.000000 1.000000
0.981246 -0.124309 0.147321 0.000000 0.169722 0.919492 -0.354584 0.291300 -0.091383 0.372937 0.923345 0.010900 0.000000 0.000000 0.000000 1.000000
0.977641 -0.144831 0.152452 0.000000 0.187010 0.930341 -0.315425 0.291300 -0.096149 0.336882 0.936625 0.010900 0.000000 0.000000 0.000000 1.000000
0.974589 -0.160006 0.156760 -0.000000 0.201156 0.933058 -0.298226 0.291300 -0.098548 0.322181 0.941535 0.010900 0.000000 0.000000 0.000000 1.000000
0.979364 -0.125225 0.158637 -0.000000 0.171371 0.930630 -0.323357 0.291300 -0.107140 0.343869 0.932885 0.010900 0.000000 0.000000 0.000000 1.000000
0.983233 -0.097225 0.154273 0.000000 0.146869 0.923665 -0.353939 0.291300 -0.108084 0.370662 0.922457 0.010900 0.000000 0.000000 0.000000 1.000000
0.984714 -0.094465 0.146340 0.000000 0.141925 0.922210 -0.359703 0.291300 -0.100977 0.374974 0.921520 0.010900 0.000000 0.000000 0.000000 1.000000
0.985195 -0.102116 0.137703 0.000000 0.145234 0.923933 -0.353914 0.291300 -0.091088 0.368674 0.925085 0.010900 0.000000 0.000000 0.000000 1.000000
0.986528 -0.103339 0.126820 -0.000000 0.141090 0.929834 -0.339857 0.291300 -0.082801 0.353172 0.931887 0.010900 0.000000 0.000000 0.000000 1.000000
0.986714 -0.111956 0.117731 0.000000 0.146024 0.928796 -0.340609 0.291300 -0.071215 0.353276 0.932805 0.010900 0.000000 0.000000 0.000000 1.000000
0.986253 -0.123126 0.110203 0.000000 0.154227 0.925317 -0.346415 0.291300 -0.059320 0.358649 0.931586 0.010900 0.000000 0.000000 0.000000 1.000000
0.985486 -0.134180 0.103987 0.000000 0.162367 0.923817 -0.346697 0.291300 -0.049545 0.358549 0.932195 0.010900 0.000000 0.000000 0.000000 1.000000
0.984931 -0.143016 0.097251 0.000000 0.168080 0.924026 -0.343403 0.291300 -0.040750 0.354574 0.934140 0.010900 0.000000 0.000000 0.000000 1.000000
0.985016 -0.147512 0.089352 0.000000 0.169381 0.924968 -0.340212 0.291300 -0.032463 0.350249 0.936094 0.010900 0.000000 0.000000 0.000000 1.000000
0.987116 -0.140787 0.076030 0.000000 0.158383 0.927240 -0.339323 0.291300 -0.022726 0.346993 0.937592 0.010900 0.000000 0.000000 0.000000 1.000000
0.988606 -0.134021 0.068539 0.000000 0.149464 0.928037 -0.341186 0.291300 -0.017881 0.347542 0.937494 0.010900 0.000000 0.000000 0.000000 1.000000
0.989916 -0.125812 0.065100 0.000000 0.140616 0.928342 -0.344104 0.291300 -0.017143 0.349788 0.936672 0.010900 0.000000 0.000000 0.000000 1.000000
0.991117 -0.118420 0.060536 0.000000 0.132095 0.929420 -0.344572 0.291300 -0.015459 0.349508 0.936806 0.010900 0.000000 0.000000 0.000000 1.000000
0.992267 -0.111600 0.054324 0.000000 0.123527 0.930633 -0.344475 0.291300 -0.012112 0.348522 0.937222 0.010900 0.000000 0.000000 0.000000 1.000000
0.993526 -0.102352 0.049294 -0.000000 0.113130 0.930998 -0.347052 0.291300 -0.010371 0.350382 0.936550 0.010900 0.000000 0.000000 0.000000 1.000000
0.995006 -0.089709 0.043763 0.000000 0.099405 0.930265 -0.353165 0.291300 -0.009029 0.355751 0.934537 0.010900 0.000000 0.000000 0.000000 1.000000
0.996572 -0.074284 0.036427 0.000000 0.082401 0.930696 -0.356392 0.291300 -0.007428 0.358172 0.933626 0.010900 0.000000 0.000000 0.000000 1.000000
0.998107 -0.055361 0.026786 0.000000 0.061255 0.933763 -0.352611 0.291300 -0.005491 0.353585 0.935386 0.010900 0.000000 0.000000 0.000000 1.000000
0.999355 -0.032886 0.014445 0.000000 0.035839 0.939706 -0.340101 0.291300 -0.002390 0.340399 0.940278 0.010900 0.000000 0.000000 0.000000 1.000000
0.999993 -0.003429 -0.001444 0.000000 0.002789 0.947802 -0.318847 0.291300 0.002461 0.318841 0.947805 0.010900 0.000000 0.000000 0.000000 1.000000
0.998986 0.040297 -0.020078 0.000000 -0.044459 0.953266 -0.298843 0.291300 0.007097 0.299433 0.954091 0.010900 0.000000 0.000000 0.000000 1.000000
0.996681 0.074671 -0.032411 -0.000000 -0.080791 0.956089 -0.281722 0.291300 0.009952 0.283406 0.958948 0.010900 0.000000 0.000000 0.000000 1.000000
0.993984 0.102067 -0.039723 0.000000 -0.109020 0.956800 -0.269535 0.291300 0.010496 0.272244 0.962171 0.010900 0.000000 0.000000 0.000000 1.000000
0.991019 0.127036 -0.041751 0.000000 -0.133584 0.954618 -0.266194 0.291300 0.006040 0.269381 0.963015 0.010900 0.000000 0.000000 0.000000 1.000000
0.992612 0.117842 -0.028883 -0.000000 -0.121250 0.954805 -0.271378 0.291300 -0.004402 0.272875 0.962039 0.010900 0.000000 0.000000 0.000000 1.000000
0.995646 0.092795 -0.008793 -0.000000 -0.091620 0.956940 -0.275447 0.291300 -0.017146 0.275053 0.961276 0.010900 0.000000 0.000000 0.000000 1.000000
0.996638 0.081881 0.002853 -0.000000 -0.077785 0.956577 -0.280908 0.291300 -0.025730 0.279741 0.959731 0.010900 0.000000 0.000000 0.000000 1.000000
0.997087 0.075719 0.009207 0.000000 -0.069976 0.956079 -0.284635 0.291300 -0.030355 0.283161 0.958592 0.010900 0.000000 0.000000 0.000000 1.000000
0.997522 0.069160 0.012921 0.000000 -0.062497 0.955367 -0.288736 0.291300 -0.032313 0.287213 0.957322 0.010900 0.000000 0.000000 0.000000 1.000000
0.997471 0.070197 0.011138 -0.000000 -0.063637 0.951836 -0.299930 0.291300 -0.031656 0.298463 0.953896 0.010900 0.000000 0.000000 0.000000 1.000000
0.997303 0.073041 0.007218 -0.000000 -0.067309 0.949366 -0.306878 0.291300 -0.029267 0.305565 0.951721 0.010900 0.000000 0.000000 0.000000 1.000000
0.997161 0.075224 0.003338 0.000000 -0.070592 0.949351 -0.306186 0.291300 -0.026201 0.305081 0.951966 0.010900 0.000000 0.000000 0.000000 1.000000
0.996921 0.078414 0.000015 0.000000 -0.074675 0.949434 -0.304956 0.291300 -0.023927 0.304016 0.952366 0.010900 0.000000 0.000000 0.000000 1.000000
0.996927 0.078331 -0.000816 0.000000 -0.074937 0.950585 -0.301284 0.291300 -0.022824 0.300419 0.953534 0.010900 0.000000 0.000000 0.000000 1.000000
0.997163 0.075271 0.000441 -0.000000 -0.071806 0.952985 -0.294387 0.291300 -0.022579 0.293520 0.955686 0.010900 0.000000 0.000000 0.000000 1.000000
0.997266 0.073883 0.001166 0.000000 -0.070355 0.954227 -0.290690 0.291300 -0.022590 0.289813 0.956817 0.010900 0.000000 0.000000 0.000000 1.000000
0.997240 0.074234 0.001183 0.000000 -0.070753 0.955065 -0.287828 0.291300 -0.022497 0.286950 0.957681 0.010900 0.000000 0.000000 0.000000 1.000000
0.997318 0.073171 0.001410 0.000000 -0.069752 0.956196 -0.284297 0.291300 -0.022150 0.283436 0.958735 0.010900 0.000000 0.000000 0.000000 1.000000</float_array><technique_common><accessor source="#mixamorig_Spine-Matrix-animation-output-transform-array" count="90" stride="16"><param type="float4x4"/></accessor></technique_common></source><source id="mixamorig_Spine-Interpolations"><Name_array id="mixamorig_Spine-Interpolations-array" count="90">
 LINEAR LINEAR LINEAR LINEAR LINEAR LINEAR LINEAR LINEAR LINEAR LINEAR LINEAR
LINEAR LINEAR LINEAR LINEAR LINEAR LINEAR LINEAR LINEAR LINEAR LINEAR LINEAR LINEAR
LINEAR LINEAR LINEAR LINEAR LINEAR LINEAR LINEAR LINEAR LINEAR LINEAR LINEAR LINEAR
LINEAR LINEAR LINEAR LINEAR LINEAR LINEAR LINEAR LINEAR LINEAR LINEAR LINEAR LINEAR
LINEAR LINEAR LINEAR LINEAR LINEAR LINEAR LINEAR LINEAR LINEAR LINEAR LINEAR LINEAR
LINEAR LINEAR LINEAR LINEAR LINEAR LINEAR LINEAR LINEAR LINEAR LINEAR LINEAR LINEAR
LINEAR LINEAR LINEAR LINEAR LINEAR LINEAR LINEAR LINEAR LINEAR LINEAR LINEAR LINEAR
LINEAR LINEAR LINEAR LINEAR LINEAR LINEAR LINEAR</Name_array><technique_common><accessor source="#mixamorig_Spine-Interpolations-array" count="90"><param type="name"/></accessor></technique_common></source><sampler id="mixamorig_Spine-Matrix-animation-transform"><input semantic="INPUT" source="#mixamorig_Spine-Matrix-animation-input"/><input semantic="OUTPUT" source="#mixamorig_Spine-Matrix-animation-output-transform"/><input semantic="INTERPOLATION" source="#mixamorig_Spine-Interpolations"/></sampler><channel source="#mixamorig_Spine-Matrix-animation-transform" target="mixamorig_Spine/matrix"/></animation>
    <animation id="mixamorig_Spine1-anim" name="mixamorig_Spine1"><source id="mixamorig_Spine1-Matrix-animation-input"><float_array id="mixamorig_Spine1-Matrix-animation-input-array" count="90">

0.000000 0.033333 0.066667 0.100000 0.133333 0.166667 0.200000 0.233333 0.266667 0.300000 0.333333 0.366667 0.400000 0.433333 0.466667 0.500000
0.533333 0.566667 0.600000 0.633333 0.666667 0.700000 0.733333 0.766667 0.800000 0.833333 0.866667 0.900000 0.933333 0.966667 1.000000 1.033333
1.066667 1.100000 1.133333 1.166667 1.200000 1.233333 1.266667 1.300000 1.333333 1.366667 1.400000 1.433333 1.466667 1.500000 1.533333 1.566667
1.600000 1.633333 1.666667 1.700000 1.733333 1.766667 1.800000 1.833333 1.866667 1.900000 1.933333 1.966667 2.000000 2.033333 2.066667 2.100000
2.133333 2.166667 2.200000 2.233333 2.266667 2.300000 2.333333 2.366667 2.400000 2.433333 2.466667 2.500000 2.533333 2.566667 2.600000 2.633333
2.666667 2.700000 2.733333 2.766667 2.800000 2.833333 2.866667 2.900000 2.933333 2.966667</float_array><technique_common><accessor source="#mixamorig_Spine1-Matrix-animation-input-array" count="90"><param name="TIME" type="float"/></accessor></technique_common></source><source id="mixamorig_Spine1-Matrix-animation-output-transform"><float_array id="mixamorig_Spine1-Matrix-animation-output-transform-array" count="1440">

0.999795 -0.004493 0.019737 0.000000 0.006161 0.996336 -0.085302 0.340000 -0.019281 0.085406 0.996160 0.000000 0.000000 0.000000 0.000000 1.000000
0.999767 -0.006874 0.020479 0.000000 0.008526 0.996620 -0.081712 0.340000 -0.019848 0.081867 0.996446 0.000000 0.000000 0.000000 0.000000 1.000000
0.999700 -0.011575 0.021583 0.000000 0.013154 0.997132 -0.074528 0.340000 -0.020658 0.074790 0.996985 0.000000 0.000000 0.000000 0.000000 1.000000
0.999419 -0.019101 0.028227 0.000000 0.020845 0.997806 -0.062845 0.340000 -0.026964 0.063397 0.997624 0.000000 0.000000 0.000000 0.000000 1.000000
0.999010 -0.030327 0.032539 0.000000 0.031860 0.998354 -0.047689 0.340000 -0.031039 0.048678 0.998332 0.000000 0.000000 0.000000 0.000000 1.000000
0.997936 -0.045229 0.045584 -0.000000 0.046619 0.998465 -0.029905 0.340000 -0.044161 0.031968 0.998513 0.000000 0.000000 0.000000 0.000000 1.000000
0.995817 -0.061132 0.067910 -0.000000 0.062017 0.998014 -0.010999 0.340000 -0.067103 0.015165 0.997631 0.000000 0.000000 0.000000 0.000000 1.000000
0.993384 -0.069450 0.091458 0.000000 0.069157 0.997585 0.006367 0.340000 -0.091679 0.000000 0.995789 0.000000 0.000000 0.000000 0.000000 1.000000
0.992337 -0.071493 0.100776 0.000000 0.069825 0.997359 0.019982 0.340000 -0.101939 -0.012793 0.994708 0.000000 0.000000 0.000000 0.000000 1.000000
0.992353 -0.069655 0.101898 0.000000 0.066868 0.997295 0.030516 0.340000 -0.103748 -0.023469 0.994327 0.000000 0.000000 0.000000 0.000000 1.000000
0.992465 -0.064327 0.104288 -0.000000 0.060827 0.997484 0.036399 0.340000 -0.106367 -0.029781 0.993881 -0.000000 0.000000 0.000000 0.000000 1.000000
0.992324 -0.056512 0.110001 0.000000 0.052668 0.997906 0.037545 0.340000 -0.111892 -0.031463 0.993222 0.000000 0.000000 0.000000 0.000000 1.000000
0.992534 -0.051177 0.110709 -0.000000 0.047334 0.998191 0.037068 0.340000 -0.112406 -0.031551 0.993161 -0.000000 0.000000 0.000000 0.000000 1.000000
0.992703 -0.050293 0.109596 0.000000 0.046840 0.998328 0.033858 0.340000 -0.111115 -0.028477 0.993399 0.000000 0.000000 0.000000 0.000000 1.000000
0.992798 -0.051651 0.108091 0.000000 0.049068 0.998446 0.026421 0.340000 -0.109288 -0.020927 0.993790 0.000000 0.000000 0.000000 0.000000 1.000000
0.992820 -0.052531 0.107470 -0.000000 0.050791 0.998531 0.018863 0.340000 -0.108303 -0.013269 0.994029 -0.000000 0.000000 0.000000 0.000000 1.000000
0.992726 -0.051850 0.108662 0.000000 0.050862 0.998635 0.011843 0.340000 -0.109128 -0.006230 0.994008 0.000000 0.000000 0.000000 0.000000 1.000000
0.992573 -0.052083 0.109941 0.000000 0.051840 0.998643 0.005072 0.340000 -0.110056 0.000665 0.993925 0.000000 0.000000 0.000000 0.000000 1.000000
0.992598 -0.053377 0.109090 0.000000 0.053894 0.998545 -0.001792 0.340000 -0.108835 0.007658 0.994030 0.000000 0.000000 0.000000 0.000000 1.000000
0.992825 -0.055688 0.105813 0.000000 0.056841 0.998352 -0.007910 0.340000 -0.105198 0.013868 0.994355 -0.000000 0.000000 0.000000 0.000000 1.000000
0.992886 -0.058090 0.103937 0.000000 0.059631 0.998151 -0.011778 0.340000 -0.103060 0.017892 0.994514 0.000000 0.000000 0.000000 0.000000 1.000000
0.992993 -0.060633 0.101433 0.000000 0.062242 0.997979 -0.012773 0.340000 -0.100454 0.018997 0.994760 0.000000 0.000000 0.000000 0.000000 1.000000
0.993040 -0.063288 0.099330 0.000000 0.065173 0.997748 -0.015840 0.340000 -0.098104 0.022203 0.994928 0.000000 0.000000 0.000000 0.000000 1.000000
0.993012 -0.066122 0.097753 -0.000000 0.068492 0.997429 -0.021084 0.340000 -0.096108 0.027632 0.994987 0.000000 0.000000 0.000000 0.000000 1.000000
0.992915 -0.069229 0.096581 -0.000000 0.072308 0.996968 -0.028750 0.340000 -0.094298 0.035530 0.994910 0.000000 0.000000 0.000000 0.000000 1.000000
0.992795 -0.072804 0.095176 0.000000 0.076341 0.996500 -0.034053 0.340000 -0.092364 0.041074 0.994878 0.000000 0.000000 0.000000 0.000000 1.000000
0.992584 -0.077086 0.093989 -0.000000 0.081204 0.995862 -0.040796 0.340000 -0.090455 0.048126 0.994737 0.000000 0.000000 0.000000 0.000000 1.000000
0.992230 -0.082735 0.092926 0.000000 0.087502 0.994986 -0.048439 0.340000 -0.088452 0.056194 0.994494 0.000000 0.000000 0.000000 0.000000 1.000000
0.991646 -0.090053 0.092354 0.000000 0.095649 0.993720 -0.058063 0.340000 -0.086546 0.066412 0.994032 -0.000000 0.000000 0.000000 0.000000 1.000000
0.990937 -0.097725 0.092162 0.000000 0.104790 0.991646 -0.075216 0.340000 -0.084041 0.084192 0.992899 -0.000000 0.000000 0.000000 0.000000 1.000000
0.990378 -0.104603 0.090609 -0.000000 0.112818 0.989452 -0.090872 0.340000 -0.080148 0.100220 0.991732 -0.000000 0.000000 0.000000 0.000000 1.000000
0.989889 -0.110984 0.088333 -0.000000 0.119727 0.987681 -0.100751 0.340000 -0.076063 0.110308 0.990983 0.000000 0.000000 0.000000 0.000000 1.000000
0.989413 -0.117188 0.085605 -0.000000 0.126298 0.985856 -0.110165 0.340000 -0.071484 0.119810 0.990220 0.000000 0.000000 0.000000 0.000000 1.000000
0.988990 -0.123264 0.081880 0.000000 0.132259 0.984469 -0.115451 0.340000 -0.066377 0.125009 0.989933 -0.000000 0.000000 0.000000 0.000000 1.000000
0.988608 -0.129162 0.077277 0.000000 0.137721 0.983391 -0.118214 0.340000 -0.060725 0.127510 0.989977 0.000000 0.000000 0.000000 0.000000 1.000000
0.988234 -0.134717 0.072424 0.000000 0.142818 0.982241 -0.121681 0.340000 -0.054745 0.130592 0.989924 0.000000 0.000000 0.000000 0.000000 1.000000
0.987892 -0.139881 0.067106 -0.000000 0.147437 0.981089 -0.125405 0.340000 -0.048295 0.133780 0.989834 0.000000 0.000000 0.000000 0.000000 1.000000
0.987577 -0.144424 0.061907 0.000000 0.151405 0.980018 -0.128999 0.340000 -0.042039 0.136770 0.989710 -0.000000 0.000000 0.000000 0.000000 1.000000
0.987337 -0.148174 0.056665 0.000000 0.154523 0.979117 -0.132109 0.340000 -0.035907 0.139192 0.989614 0.000000 0.000000 0.000000 0.000000 1.000000
0.987231 -0.150519 0.052153 0.000000 0.156287 0.978543 -0.134269 0.340000 -0.030824 0.140706 0.989572 0.000000 0.000000 0.000000 0.000000 1.000000
