<?xml version="1.0" encoding="utf-8"?>
<COLLADA xmlns="http://www.collada.org/2005/11/COLLADASchema" version="1.4.1">
  <asset><contributor><author>Mixamo</author><authoring_tool>COLLADA Mixamo exporter</authoring_tool><comments></comments></contributor><created>2020-05-06T13:49:34Z</created><modified>2020-05-06T13:49:34Z</modified><revision></revision><title></title><unit meter="0.010000"/><up_axis>Y_UP</up_axis></asset>
  <library_animations>
    <animation id="mixamorig_Hips-anim" name="mixamorig_Hips"><source id="mixamorig_Hips-Matrix-animation-input"><float_array id="mixamorig_Hips-Matrix-animation-input-array" count="34">

0.000000 0.033333 0.066667 0.100000 0.133333 0.166667 0.200000 0.233333 0.266667 0.300000 0.333333 0.366667 0.400000 0.433333 0.466667 0.500000
0.533333 0.566667 0.600000 0.633333 0.666667 0.700000 0.733333 0.766667 0.800000 0.833333 0.866667 0.900000 0.933333 0.966667 1.000000 1.033333
1.066667 1.100000</float_array><technique_common><accessor source="#mixamorig_Hips-Matrix-animation-input-array" count="34"><param name="TIME" type="float"/></accessor></technique_common></source><source id="mixamorig_Hips-Matrix-animation-output-transform"><float_array id="mixamorig_Hips-Matrix-animation-output-transform-array" count="544">

0.637191 -0.127748 -0.760045 -0.005249 0.041510 0.990424 -0.131670 1.770882 0.769587 0.052349 0.636392 0.006939 0.000000 0.000000 0.000000 1.000000
0.664405 -0.098715 -0.740825 -0.017779 0.038001 0.994419 -0.098425 1.765071 0.746406 0.037242 0.664448 0.017459 0.000000 0.000000 0.000000 1.000000
0.701656 -0.083575 -0.707597 -0.020619 0.030305 0.995699 -0.087553 1.766174 0.711871 0.039988 0.701171 0.020130 0.000000 0.000000 0.000000 1.000000
0.745001 -0.115448 -0.656998 -0.005470 0.003389 0.985552 -0.169339 1.778699 0.667055 0.123931 0.734628 0.008578 0.000000 0.000000 0.000000 1.000000
0.778897 -0.206160 -0.592299 0.023924 0.006030 0.946844 -0.321636 1.796226 0.627123 0.246949 0.738737 -0.016512 0.000000 0.000000 0.000000 1.000000
0.792193 -0.281676 -0.541376 0.059151 0.026251 0.902016 -0.430903 1.823135 0.609705 0.327147 0.721966 -0.048919 0.000000 0.000000 0.000000 1.000000
0.774913 -0.322707 -0.543479 0.083265 0.030152 0.877738 -0.478191 1.862404 0.631348 0.354170 0.689901 -0.069252 0.000000 0.000000 0.000000 1.000000
0.740183 -0.346855 -0.576039 0.092239 0.003671 0.858756 -0.512372 1.883837 0.672396 0.377135 0.636910 -0.072270 0.000000 0.000000 0.000000 1.000000
0.710820 -0.301481 -0.635488 0.099122 -0.043122 0.883106 -0.467187 1.884265 0.702051 0.359489 0.614729 -0.066117 0.000000 0.000000 0.000000 1.000000
0.691051 -0.282950 -0.665122 0.108438 -0.040684 0.903509 -0.426633 1.868868 0.721660 0.321885 0.612859 -0.066163 0.000000 0.000000 0.000000 1.000000
0.674806 -0.278783 -0.683314 0.111936 -0.014191 0.920832 -0.389701 1.858562 0.737859 0.272669 0.617427 -0.071593 0.000000 0.000000 0.000000 1.000000
0.667035 -0.270595 -0.694149 0.114418 -0.022440 0.923991 -0.381756 1.845440 0.744688 0.270221 0.610262 -0.074275 0.000000 0.000000 0.000000 1.000000
0.662715 -0.254293 -0.704375 0.118059 -0.030573 0.930610 -0.364733 1.835212 0.748248 0.263249 0.608954 -0.077694 0.000000 0.000000 0.000000 1.000000
0.656829 -0.246477 -0.712618 0.122744 -0.026297 0.937005 -0.348325 1.825599 0.753581 0.247529 0.608971 -0.085884 0.000000 0.000000 0.000000 1.000000
0.657411 -0.245111 -0.712552 0.124968 -0.024625 0.938123 -0.345425 1.814139 0.753130 0.244633 0.610697 -0.096547 0.000000 0.000000 0.000000 1.000000
0.669761 -0.235466 -0.704255 0.125465 -0.024195 0.940971 -0.337621 1.806323 0.742182 0.243165 0.624529 -0.110293 0.000000 0.000000 0.000000 1.000000
0.675734 -0.227564 -0.701141 0.126737 -0.019425 0.945329 -0.325539 1.802802 0.736890 0.233597 0.634370 -0.123337 0.000000 0.000000 0.000000 1.000000
0.677143 -0.225997 -0.700287 0.126504 -0.011680 0.948249 -0.317313 1.800449 0.735758 0.223046 0.639461 -0.133570 0.000000 0.000000 0.000000 1.000000
0.682275 -0.219187 -0.697465 0.123606 -0.002706 0.953237 -0.302213 1.796735 0.731091 0.208080 0.649776 -0.143713 0.000000 0.000000 0.000000 1.000000
0.683421 -0.212297 -0.698473 0.121005 0.006450 0.958500 -0.285020 1.794730 0.729996 0.190284 0.656429 -0.153345 0.000000 0.000000 0.000000 1.000000
0.682944 -0.206278 -0.700740 0.118855 0.014139 0.962853 -0.269656 1.795341 0.730334 0.174252 0.660491 -0.160211 0.000000 0.000000 0.000000 1.000000
0.684664 -0.200358 -0.700779 0.116847 0.020436 0.966374 -0.256328 1.797402 0.728572 0.161177 0.665736 -0.164871 0.000000 0.000000 0.000000 1.000000
0.684202 -0.196127 -0.702426 0.115118 0.024938 0.968889 -0.246237 1.801573 0.728866 0.150959 0.667806 -0.167250 0.000000 0.000000 0.000000 1.000000
0.680063 -0.194773 -0.706809 0.113358 0.029884 0.970629 -0.238720 1.808323 0.732545 0.141223 0.665909 -0.167288 0.000000 0.000000 0.000000 1.000000
0.678405 -0.193775 -0.708674 0.112508 0.034591 0.971945 -0.232649 1.816716 0.733874 0.133316 0.666075 -0.164530 0.000000 0.000000 0.000000 1.000000
0.679960 -0.189952 -0.708218 0.112662 0.035390 0.973239 -0.227055 1.825176 0.732395 0.129325 0.668485 -0.158593 0.000000 0.000000 0.000000 1.000000
0.681547 -0.186031 -0.707733 0.113497 0.034376 0.974218 -0.222973 1.832475 0.730966 0.127637 0.670371 -0.149906 0.000000 0.000000 0.000000 1.000000
0.682768 -0.181684 -0.707686 0.115017 0.032380 0.975162 -0.219113 1.838338 0.729918 0.126688 0.671692 -0.138753 0.000000 0.000000 0.000000 1.000000
0.684555 -0.176442 -0.707285 0.117567 0.028915 0.976074 -0.215510 1.841860 0.728387 0.127077 0.673278 -0.125058 0.000000 0.000000 0.000000 1.000000
0.685623 -0.170406 -0.707731 0.120235 0.024675 0.977097 -0.211360 1.844044 0.727539 0.127450 0.674125 -0.109449 0.000000 0.000000 0.000000 1.000000
0.685343 -0.165876 -0.709077 0.122778 0.021344 0.977869 -0.208125 1.844905 0.727907 0.127502 0.673716 -0.092137 0.000000 0.000000 0.000000 1.000000
0.684711 -0.159995 -0.711036 0.124759 0.017018 0.978850 -0.203869 1.845109 0.728616 0.127491 0.672952 -0.073946 0.000000 0.000000 0.000000 1.000000
0.685001 -0.144681 -0.714031 0.125782 0.007215 0.981382 -0.191932 1.847005 0.728506 0.126322 0.673291 -0.056030 0.000000 0.000000 0.000000 1.000000
0.685098 -0.137180 -0.715418 0.126105 0.001629 0.982394 -0.186813 1.848350 0.728449 0.126820 0.673260 -0.037953 0.000000 0.000000 0.000000 1.000000</float_array><technique_common><accessor source="#mixamorig_Hips-Matrix-animation-output-transform-array" count="34" stride="16"><param type="float4x4"/></accessor></technique_common></source><source id="mixamorig_Hips-Interpolations"><Name_array id="mixamorig_Hips-Interpolations-array" count="34">
 LINEAR LINEAR LINEAR LINEAR LINEAR LINEAR LINEAR LINEAR LINEAR LINEAR LINEAR
LINEAR LINEAR LINEAR LINEAR LINEAR LINEAR LINEAR LINEAR LINEAR LINEAR LINEAR LINEAR
LINEAR LINEAR LINEAR LINEAR LINEAR LINEAR LINEAR LINEAR LINEAR LINEAR LINEAR</Name_array><technique_common><accessor source="#mixamorig_Hips-Interpolations-array" count="34"><param type="name"/></accessor></technique_common></source><sampler id="mixamorig_Hips-Matrix-animation-transform"><input semantic="INPUT" source="#mixamorig_Hips-Matrix-animation-input"/><input semantic="OUTPUT" source="#mixamorig_Hips-Matrix-animation-output-transform"/><input semantic="INTERPOLATION" source="#mixamorig_Hips-Interpolations"/></sampler><channel source="#mixamorig_Hips-Matrix-animation-transform" target="mixamorig_Hips/matrix"/></animation>
    <animation id="mixamorig_Spine-anim" name="mixamorig_Spine"><source id="mixamorig_Spine-Matrix-animation-input"><float_array id="mixamorig_Spine-Matrix-animation-input-array" count="34">

0.000000 0.033333 0.066667 0.100000 0.133333 0.166667 0.200000 0.233333 0.266667 0.300000 0.333333 0.366667 0.400000 0.433333 0.466667 0.500000
0.533333 0.566667 0.600000 0.633333 0.666667 0.700000 0.733333 0.766667 0.800000 0.833333 0.866667 0.900000 0.933333 0.966667 1.000000 1.033333
1.066667 1.100000</float_array><technique_common><accessor source="#mixamorig_Spine-Matrix-animation-input-array" count="34"><param name="TIME" type="float"/></accessor></technique_common></source><source id="mixamorig_Spine-Matrix-animation-output-transform"><float_array id="mixamorig_Spine-Matrix-animation-output-transform-array" count="544">

0.998133 0.038346 0.047546 -0.000000 -0.026602 0.973590 -0.226750 0.291300 -0.054986 0.225062 0.972792 0.010900 0.000000 0.000000 0.000000 1.000000
0.998171 0.040489 0.044892 0.000000 -0.029210 0.973170 -0.228226 0.291300 -0.052928 0.226497 0.972573 0.010900 0.000000 0.000000 0.000000 1.000000
0.998819 0.033695 0.035010 0.000000 -0.025015 0.974264 -0.224019 0.291300 -0.041657 0.222879 0.973956 0.010900 0.000000 0.000000 0.000000 1.000000
0.999590 0.015413 0.024128 -0.000000 -0.010123 0.978556 -0.205730 0.291300 -0.026782 0.205402 0.978311 0.010900 0.000000 0.000000 0.000000 1.000000
0.999979 0.001995 0.006177 -0.000000 -0.000743 0.980548 -0.196278 0.291300 -0.006449 0.196269 0.980529 0.010900 0.000000 0.000000 0.000000 1.000000
0.999833 -0.003452 -0.017928 0.000000 -0.000594 0.975299 -0.220888 0.291300 0.018247 0.220862 0.975134 0.010900 0.000000 0.000000 0.000000 1.000000
0.999124 -0.002971 -0.041734 -0.000000 -0.007992 0.965558 -0.260066 0.291300 0.041069 0.260172 0.964689 0.010900 0.000000 0.000000 0.000000 1.000000
0.998490 0.001204 -0.054920 -0.000000 -0.016560 0.959849 -0.280027 0.291300 0.052378 0.280514 0.958420 0.010900 0.000000 0.000000 0.000000 1.000000
0.998283 0.016902 -0.056080 -0.000000 -0.033313 0.951363 -0.306267 0.291300 0.048176 0.307609 0.950292 0.010900 0.000000 0.000000 0.000000 1.000000
0.997947 0.030059 -0.056552 -0.000000 -0.046250 0.949048 -0.311720 0.291300 0.044301 0.313695 0.948490 0.010900 0.000000 0.000000 0.000000 1.000000
0.997898 0.039398 -0.051455 -0.000000 -0.053888 0.945496 -0.321144 0.291300 0.035998 0.323242 0.945631 0.010900 0.000000 0.000000 0.000000 1.000000
0.998276 0.037963 -0.044770 -0.000000 -0.050769 0.941227 -0.333936 0.291300 0.029462 0.335633 0.941532 0.010900 0.000000 0.000000 0.000000 1.000000
0.998080 0.040416 -0.046936 0.000000 -0.054125 0.937538 -0.343647 0.291300 0.030115 0.345528 0.937925 0.010900 0.000000 0.000000 0.000000 1.000000
0.997746 0.044596 -0.050149 -0.000000 -0.059360 0.935052 -0.349506 0.291300 0.031306 0.351695 0.935591 0.010900 0.000000 0.000000 0.000000 1.000000
0.997789 0.044294 -0.049548 0.000000 -0.058899 0.934699 -0.350527 0.291300 0.030786 0.352670 0.935241 0.010900 0.000000 0.000000 0.000000 1.000000
0.998018 0.040575 -0.048110 -0.000000 -0.054951 0.934450 -0.351828 0.291300 0.030681 0.353774 0.934827 0.010900 0.000000 0.000000 0.000000 1.000000
0.998132 0.039298 -0.046775 0.000000 -0.053318 0.934126 -0.352938 0.291300 0.029824 0.354772 0.934477 0.010900 0.000000 0.000000 0.000000 1.000000
0.998183 0.039063 -0.045871 -0.000000 -0.052768 0.934259 -0.352670 0.291300 0.029080 0.354449 0.934623 0.010900 0.000000 0.000000 0.000000 1.000000
0.998198 0.038395 -0.046118 0.000000 -0.052239 0.934193 -0.352923 0.291300 0.029532 0.354696 0.934515 0.010900 0.000000 0.000000 0.000000 1.000000
0.998195 0.038924 -0.045742 0.000000 -0.052592 0.934282 -0.352636 0.291300 0.029010 0.354405 0.934642 0.010900 0.000000 0.000000 0.000000 1.000000
0.998193 0.039571 -0.045214 0.000000 -0.052987 0.934533 -0.351911 0.291300 0.028328 0.353671 0.934941 0.010900 0.000000 0.000000 0.000000 1.000000
0.998220 0.039000 -0.045116 -0.000000 -0.052364 0.935232 -0.350142 0.291300 0.028538 0.351882 0.935609 0.010900 0.000000 0.000000 0.000000 1.000000
0.998287 0.038093 -0.044399 0.000000 -0.051179 0.936315 -0.347412 0.291300 0.028337 0.349089 0.936661 0.010900 0.000000 0.000000 0.000000 1.000000
0.998359 0.037993 -0.042851 0.000000 -0.050466 0.937359 -0.344690 0.291300 0.027071 0.346287 0.937738 0.010900 0.000000 0.000000 0.000000 1.000000
0.998400 0.038501 -0.041415 0.000000 -0.050360 0.938509 -0.341562 0.291300 0.025718 0.343101 0.938946 0.010900 0.000000 0.000000 0.000000 1.000000
0.998437 0.039565 -0.039478 0.000000 -0.050595 0.939929 -0.337600 0.291300 0.023750 0.339070 0.940461 0.010900 0.000000 0.000000 0.000000 1.000000
0.998534 0.040070 -0.036397 0.000000 -0.049921 0.941652 -0.332865 0.291300 0.020935 0.334194 0.942272 0.010900 0.000000 0.000000 0.000000 1.000000
0.998673 0.040050 -0.032362 -0.000000 -0.048450 0.943673 -0.327314 0.291300 0.017430 0.328447 0.944361 0.010900 0.000000 0.000000 0.000000 1.000000
0.998784 0.040498 -0.028111 0.000000 -0.047392 0.945799 -0.321276 0.291300 0.013577 0.322218 0.946568 0.010900 0.000000 0.000000 0.000000 1.000000
0.998902 0.040919 -0.022822 0.000000 -0.046030 0.947935 -0.315120 0.291300 0.008739 0.315825 0.948777 0.010900 0.000000 0.000000 0.000000 1.000000
0.999020 0.040867 -0.016977 0.000000 -0.044109 0.950547 -0.307433 0.291300 0.003574 0.307880 0.951418 0.010900 0.000000 0.000000 0.000000 1.000000
0.999082 0.041447 -0.010860 0.000000 -0.042795 0.952919 -0.300191 0.291300 -0.002093 0.300380 0.953817 0.010900 0.000000 0.000000 0.000000 1.000000
0.999114 0.041823 -0.004740 -0.000000 -0.041362 0.954715 -0.294631 0.291300 -0.007797 0.294566 0.955599 0.010900 0.000000 0.000000 0.000000 1.000000
0.999112 0.042125 0.001075 0.000000 -0.040042 0.957036 -0.287191 0.291300 -0.013127 0.286893 0.957873 0.010900 0.000000 0.000000 0.000000 1.000000</float_array><technique_common><accessor source="#mixamorig_Spine-Matrix-animation-output-transform-array" count="34" stride="16"><param type="float4x4"/></accessor></technique_common></source><source id="mixamorig_Spine-Interpolations"><Name_array id="mixamorig_Spine-Interpolations-array" count="34">
 LINEAR LINEAR LINEAR LINEAR LINEAR LINEAR LINEAR LINEAR LINEAR LINEAR LINEAR
LINEAR LINEAR LINEAR LINEAR LINEAR LINEAR LINEAR LINEAR LINEAR LINEAR LINEAR LINEAR
LINEAR LINEAR LINEAR LINEAR LINEAR LINEAR LINEAR LINEAR LINEAR LINEAR LINEAR</Name_array><technique_common><accessor source="#mixamorig_Spine-Interpolations-array" count="34"><param type="name"/></accessor></technique_common></source><sampler id="mixamorig_Spine-Matrix-animation-transform"><input semantic="INPUT" source="#mixamorig_Spine-Matrix-animation-input"/><input semantic="OUTPUT" source="#mixamorig_Spine-Matrix-animation-output-transform"/><input semantic="INTERPOLATION" source="#mixamorig_Spine-Interpolations"/></sampler><channel source="#mixamorig_Spine-Matrix-animation-transform" target="mixamorig_Spine/matrix"/></animation>
    <animation id="mixamorig_Spine1-anim" name="mixamorig_Spine1"><source id="mixamorig_Spine1-Matrix-animation-input"><float_array id="mixamorig_Spine1-Matrix-animation-input-array" count="34">

0.000000 0.033333 0.066667 0.100000 0.133333 0.166667 0.200000 0.233333 0.266667 0.300000 0.333333 0.366667 0.400000 0.433333 0.466667 0.500000
0.533333 0.566667 0.600000 0.633333 0.666667 0.700000 0.733333 0.766667 0.800000 0.833333 0.866667 0.900000 0.933333 0.966667 1.000000 1.033333
1.066667 1.100000</float_array><technique_common><accessor source="#mixamorig_Spine1-Matrix-animation-input-array" count="34"><param name="TIME" type="float"/></accessor></technique_common></source><source id="mixamorig_Spine1-Matrix-animation-output-transform"><float_array id="mixamorig_Spine1-Matrix-animation-output-transform-array" count="544">

0.992503 0.077938 0.094151 0.000000 -0.067861 0.992062 -0.105865 0.340000 -0.101655 0.098683 0.989913 0.000000 0.000000 0.000000 0.000000 1.000000
0.994241 0.069141 0.081883 0.000000 -0.060001 0.992201 -0.109260 0.340000 -0.088799 0.103717 0.990635 0.000000 0.000000 0.000000 0.000000 1.000000
0.996868 0.050934 0.060490 -0.000000 -0.044635 0.993856 -0.101280 0.340000 -0.065277 0.098263 0.993017 0.000000 0.000000 0.000000 0.000000 1.000000
0.999026 0.015207 0.041429 0.000000 -0.012537 0.997874 -0.063961 0.340000 -0.042314 0.063380 0.997092 0.000000 0.000000 0.000000 0.000000 1.000000
0.999936 -0.005789 0.009674 0.000000 0.006215 0.998984 -0.044638 0.340000 -0.009405 0.044695 0.998956 0.000000 0.000000 0.000000 0.000000 1.000000
0.999363 -0.011014 -0.033934 0.000000 0.007772 0.995520 -0.094230 0.340000 0.034820 0.093907 0.994972 0.000000 0.000000 0.000000 0.000000 1.000000
0.997026 -0.009277 -0.076506 -0.000000 -0.004119 0.984895 -0.173106 0.340000 0.076956 0.172906 0.981927 -0.000000 0.000000 0.000000 0.000000 1.000000
0.994906 -0.004750 -0.100697 0.000000 -0.016895 0.976904 -0.213008 0.340000 0.099383 0.213624 0.971848 -0.000000 0.000000 0.000000 0.000000 1.000000
0.994244 0.022367 -0.104779 -0.000000 -0.049638 0.962840 -0.265471 0.340000 0.094948 0.269144 0.958408 -0.000000 0.000000 0.000000 0.000000 1.000000
0.992883 0.048346 -0.108837 0.000000 -0.076875 0.958170 -0.275680 0.340000 0.090956 0.282085 0.955068 0.000000 0.000000 0.000000 0.000000 1.000000
0.992484 0.067789 -0.101880 0.000000 -0.095154 0.951002 -0.294180 0.340000 0.076946 0.301663 0.950304 0.000000 0.000000 0.000000 0.000000 1.000000
0.993913 0.065273 -0.088755 -0.000000 -0.090525 0.943008 -0.320220 0.340000 0.062795 0.326305 0.943177 0.000000 0.000000 0.000000 0.000000 1.000000
0.993218 0.069005 -0.093574 0.000000 -0.096985 0.935602 -0.339475 0.340000 0.064122 0.346248 0.935949 0.000000 0.000000 0.000000 0.000000 1.000000
0.991937 0.076420 -0.101103 0.000000 -0.107423 0.930277 -0.350777 0.340000 0.067248 0.358809 0.930985 0.000000 0.000000 0.000000 0.000000 1.000000
0.992091 0.075926 -0.099955 0.000000 -0.106693 0.929573 -0.352861 0.340000 0.066124 0.360735 0.930322 0.000000 0.000000 0.000000 0.000000 1.000000
0.992966 0.068746 -0.096394 0.000000 -0.098873 0.929352 -0.355710 0.340000 0.065130 0.362739 0.929612 0.000000 0.000000 0.000000 0.000000 1.000000
0.993388 0.066441 -0.093630 0.000000 -0.095866 0.928772 -0.358039 0.340000 0.063172 0.364647 0.929000 0.000000 0.000000 0.000000 0.000000 1.000000
0.993549 0.066292 -0.092004 0.000000 -0.095097 0.929042 -0.357543 0.340000 0.061774 0.363986 0.929354 0.000000 0.000000 0.000000 0.000000 1.000000
0.993565 0.065072 -0.092705 0.000000 -0.094247 0.928934 -0.358048 0.340000 0.062818 0.364481 0.929089 0.000000 0.000000 0.000000 0.000000 1.000000
0.993522 0.066282 -0.092311 0.000000 -0.095193 0.929073 -0.357437 0.340000 0.062072 0.363909 0.929364 0.000000 0.000000 0.000000 0.000000 1.000000
0.993497 0.067714 -0.091530 0.000000 -0.096151 0.929536 -0.355975 0.340000 0.060976 0.362461 0.930002 -0.000000 0.000000 0.000000 0.000000 1.000000
0.993587 0.066699 -0.091304 0.000000 -0.094887 0.930996 -0.352480 0.340000 0.061493 0.358883 0.931355 -0.000000 0.000000 0.000000 0.000000 1.000000
0.993842 0.065114 -0.089655 -0.000000 -0.092458 0.933254 -0.347114 0.340000 0.061069 0.353266 0.933528 -0.000000 0.000000 0.000000 0.000000 1.000000
0.994119 0.065139 -0.086518 0.000000 -0.091032 0.935367 -0.341763 0.340000 0.058664 0.347629 0.935795 0.000000 0.000000 0.000000 0.000000 1.000000
0.994307 0.065435 -0.084095 -0.000000 -0.090094 0.937678 -0.335624 0.340000 0.056892 0.341290 0.938235 -0.000000 0.000000 0.000000 0.000000 1.000000
0.994529 0.065654 -0.081250 0.000000 -0.088877 0.940520 -0.327908 0.340000 0.054889 0.333336 0.941209 0.000000 0.000000 0.000000 0.000000 1.000000
0.995007 0.064195 -0.076426 0.000000 -0.085386 0.943984 -0.318753 0.340000 0.051683 0.323687 0.944751 0.000000 0.000000 0.000000 0.000000 1.000000
0.995646 0.061882 -0.069709 0.000000 -0.080487 0.947954 -0.308067 0.340000 0.047017 0.312336 0.948807 0.000000 0.000000 0.000000 0.000000 1.000000
0.996189 0.060668 -0.062669 -0.000000 -0.076622 0.951984 -0.296406 0.340000 0.041678 0.300078 0.953004 0.000000 0.000000 0.000000 0.000000 1.000000
0.996781 0.059661 -0.053554 0.000000 -0.072502 0.955921 -0.284533 0.340000 0.034218 0.287500 0.957169 0.000000 0.000000 0.000000 0.000000 1.000000
0.997379 0.058018 -0.043229 -0.000000 -0.067562 0.960609 -0.269564 0.340000 0.025886 0.271778 0.962012 0.000000 0.000000 0.000000 0.000000 1.000000
0.997808 0.057740 -0.032327 0.000000 -0.064099 0.964703 -0.255421 0.340000 0.016438 0.256933 0.966289 0.000000 0.000000 0.000000 0.000000 1.000000
0.998156 0.056903 -0.021130 -0.000000 -0.060347 0.967736 -0.244632 0.340000 0.006528 0.245456 0.969386 -0.000000 0.000000 0.000000 0.000000 1.000000
0.998358 0.056323 -0.010460 0.000000 -0.057218 0.971523 -0.229932 0.340000 -0.002789 0.230153 0.973151 0.000000 0.000000 0.000000 0.000000 1.000000</float_array><technique_common><accessor source="#mixamorig_Spine1-Matrix-animation-output-transform-array" count="34" stride="16"><param type="float4x4"/></accessor></technique_common></source><source id="mixamorig_Spine1-Interpolations"><Name_array id="mixamorig_Spine1-Interpolations-array" count="34">
 LINEAR LINEAR LINEAR LINEAR LINEAR LINEAR LINEAR LINEAR LINEAR LINEAR LINEAR
LINEAR LINEAR LINEAR LINEAR LINEAR LINEAR LINEAR LINEAR LINEAR LINEAR LINEAR LINEAR
LINEAR LINEAR LINEAR LINEAR LINEAR LINEAR LINEAR LINEAR LINEAR LINEAR LINEAR</Name_array><technique_common><accessor source="#mixamorig_Spine1-Interpolations-array" count="34"><param type="name"/></accessor></technique_common></source><sampler id="mixamorig_Spine1-Matrix-animation-transform"><input semantic="INPUT" source="#mixamorig_Spine1-Matrix-animation-input"/><input semantic="OUTPUT" source="#mixamorig_Spine1-Matrix-animation-output-transform"/><input semantic="INTERPOLATION" source="#mixamorig_Spine1-Interpolations"/></sampler><channel source="#mixamorig_Spine1-Matrix-animation-transform" target="mixamorig_Spine1/matrix"/></animation>
    <animation id="mixamorig_Spine2-anim" name="mixamorig_Spine2"><source id="mixamorig_Spine2-Matrix-animation-input"><float_array id="mixamorig_Spine2-Matrix-animation-input-array" count="34">

0.000000 0.033333 0.066667 0.100000 0.133333 0.166667 0.200000 0.233333 0.266667 0.300000 0.333333 0.366667 0.400000 0.433333 0.466667 0.500000
0.533333 0.566667 0.600000 0.633333 0.666667 0.700000 0.733333 0.766667 0.800000 0.833333 0.866667 0.900000 0.933333 0.966667 1.000000 1.033333
1.066667 1.100000</float_array><technique_common><accessor source="#mixamorig_Spine2-Matrix-animation-input-array" count="34"><param name="TIME" type="float"/></accessor></technique_common></source><source id="mixamorig_Spine2-Matrix-animation-output-transform"><float_array id="mixamorig_Spine2-Matrix-animation-output-transform-array" count="544">

0.992503 0.056905 0.108169 0.000000 -0.067820 0.992666 0.100071 0.388600 -0.101681 -0.106657 0.989083 -0.000000 0.000000 0.000000 0.000000 1.000000
0.994218 0.053109 0.093328 -0.000000 -0.062295 0.993191 0.098441 0.388600 -0.087465 -0.103686 0.990757 0.000000 0.000000 0.000000 0.000000 1.000000
0.996855 0.040204 0.068288 -0.000000 -0.047412 0.993080 0.107448 0.388600 -0.063496 -0.110348 0.991863 0.000000 0.000000 0.000000 0.000000 1.000000
0.999065 0.008559 0.042375 -0.000000 -0.014618 0.989351 0.144813 0.388600 -0.040684 -0.145297 0.988551 0.000000 0.000000 0.000000 0.000000 1.000000
0.999951 -0.006537 0.007438 0.000000 0.005235 0.986561 0.163308 0.388600 -0.008405 -0.163261 0.986547 -0.000000 0.000000 0.000000 0.000000 1.000000
0.999355 -0.003739 -0.035730 0.000000 0.007759 0.993557 0.113067 0.388600 0.035077 -0.113271 0.992945 0.000000 0.000000 0.000000 0.000000 1.000000
0.997041 0.006099 -0.076629 -0.000000 -0.003593 0.999455 0.032802 0.388600 0.076787 -0.032430 0.996520 -0.000000 0.000000 0.000000 0.000000 1.000000
0.994922 0.015770 -0.099408 -0.000000 -0.016652 0.999829 -0.008045 0.388600 0.099264 0.009660 0.995014 -0.000000 0.000000 0.000000 0.000000 1.000000
0.994244 0.043441 -0.097938 0.000000 -0.049675 0.996831 -0.062133 0.388600 0.094928 0.066641 0.993251 -0.000000 0.000000 0.000000 0.000000 1.000000
0.992883 0.069699 -0.096565 0.000000 -0.076910 0.994356 -0.073084 0.388600 0.090926 0.079990 0.992640 0.000000 0.000000 0.000000 0.000000 1.000000
0.992484 0.087296 -0.085758 -0.000000 -0.095184 0.991137 -0.092663 0.388600 0.076909 0.100130 0.991998 0.000000 0.000000 0.000000 0.000000 1.000000
0.993913 0.082133 -0.073431 0.000000 -0.090549 0.988661 -0.119790 0.388600 0.062759 0.125709 0.990080 0.000000 0.000000 0.000000 0.000000 1.000000
0.993218 0.086777 -0.077379 0.000000 -0.097010 0.985366 -0.140155 0.388600 0.064084 0.146711 0.987101 -0.000000 0.000000 0.000000 0.000000 1.000000
0.991936 0.095583 -0.083222 -0.000000 -0.107450 0.982475 -0.152310 0.388600 0.067205 0.160024 0.984823 0.000000 0.000000 0.000000 0.000000 1.000000
0.992091 0.094862 -0.082200 -0.000000 -0.106718 0.982213 -0.154494 0.388600 0.066082 0.162044 0.984568 -0.000000 0.000000 0.000000 0.000000 1.000000
0.992966 0.087104 -0.080192 -0.000000 -0.098899 0.982582 -0.157327 0.388600 0.065091 0.164152 0.984285 0.000000 0.000000 0.000000 0.000000 1.000000
0.993388 0.084279 -0.077961 -0.000000 -0.095890 0.982493 -0.159726 0.388600 0.063135 0.166145 0.984078 0.000000 0.000000 0.000000 0.000000 1.000000
0.993550 0.083798 -0.076401 0.000000 -0.095120 0.982656 -0.159185 0.388600 0.061737 0.165426 0.984288 0.000000 0.000000 0.000000 0.000000 1.000000
0.993565 0.082750 -0.077338 0.000000 -0.094272 0.982654 -0.159702 0.388600 0.062781 0.165965 0.984131 0.000000 0.000000 0.000000 0.000000 1.000000
0.993522 0.083852 -0.076703 0.000000 -0.095217 0.982664 -0.159075 0.388600 0.062035 0.165348 0.984282 0.000000 0.000000 0.000000 0.000000 1.000000
0.993497 0.085094 -0.075645 0.000000 -0.096175 0.982817 -0.157548 0.388600 0.060938 0.163799 0.984610 0.000000 0.000000 0.000000 0.000000 1.000000
0.993587 0.084053 -0.075631 0.000000 -0.094911 0.983529 -0.153829 0.388600 0.061456 0.160021 0.985199 -0.000000 0.000000 0.000000 0.000000 1.000000
0.993842 0.082163 -0.074344 0.000000 -0.092481 0.984637 -0.148114 0.388600 0.061032 0.154077 0.986172 -0.000000 0.000000 0.000000 0.000000 1.000000
0.994117 0.081558 -0.071275 0.000000 -0.091072 0.985606 -0.142430 0.388600 0.058633 0.148083 0.987235 0.000000 0.000000 0.000000 0.000000 1.000000
0.994285 0.081533 -0.068914 -0.000000 -0.090317 0.986609 -0.135815 0.388600 0.056917 0.141263 0.988335 -0.000000 0.000000 0.000000 0.000000 1.000000
0.994464 0.081572 -0.066243 0.000000 -0.089511 0.987806 -0.127386 0.388600 0.055044 0.132610 0.989639 -0.000000 0.000000 0.000000 0.000000 1.000000
0.994887 0.079700 -0.062035 -0.000000 -0.086568 0.989315 -0.117311 0.388600 0.052022 0.122082 0.991156 0.000000 0.000000 0.000000 0.000000 1.000000
0.995480 0.076594 -0.056156 -0.000000 -0.082208 0.991003 -0.105616 0.388600 0.047562 0.109755 0.992820 -0.000000 0.000000 0.000000 0.000000 1.000000
0.995982 0.074470 -0.049731 -0.000000 -0.078855 0.992543 -0.092955 0.388600 0.042438 0.096503 0.994428 0.000000 0.000000 0.000000 0.000000 1.000000
0.996546 0.072089 -0.041226 0.000000 -0.075215 0.993944 -0.080117 0.388600 0.035201 0.082941 0.995933 -0.000000 0.000000 0.000000 0.000000 1.000000
0.997128 0.068798 -0.031662 0.000000 -0.070717 0.995434 -0.064114 0.388600 0.027106 0.066169 0.997440 0.000000 0.000000 0.000000 0.000000 1.000000
0.997548 0.066685 -0.021239 0.000000 -0.067660 0.996501 -0.049070 0.388600 0.017892 0.050387 0.998569 0.000000 0.000000 0.000000 0.000000 1.000000
0.997898 0.063921 -0.010629 0.000000 -0.064278 0.997225 -0.037566 0.388600 0.008198 0.038171 0.999238 0.000000 0.000000 0.000000 0.000000 1.000000
0.998109 0.061474 -0.000464 0.000000 -0.061469 0.997864 -0.022125 0.388600 -0.000897 0.022111 0.999755 0.000000 0.000000 0.000000 0.000000 1.000000</float_array><technique_common><accessor source="#mixamorig_Spine2-Matrix-animation-output-transform-array" count="34" stride="16"><param type="float4x4"/></accessor></technique_common></source><source id="mixamorig_Spine2-Interpolations"><Name_array id="mixamorig_Spine2-Interpolations-array" count="34">
 LINEAR LINEAR LINEAR LINEAR LINEAR LINEAR LINEAR LINEAR LINEAR LINEAR LINEAR
LINEAR LINEAR LINEAR LINEAR LINEAR LINEAR LINEAR LINEAR LINEAR LINEAR LINEAR LINEAR
LINEAR LINEAR LINEAR LINEAR LINEAR LINEAR LINEAR LINEAR LINEAR LINEAR LINEAR</Name_array><technique_common><accessor source="#mixamorig_Spine2-Interpolations-array" count="34"><param type="name"/></accessor></technique_common></source><sampler id="mixamorig_Spine2-Matrix-animation-transform"><input semantic="INPUT" source="#mixamorig_Spine2-Matrix-animation-input"/><input semantic="OUTPUT" source="#mixamorig_Spine2-Matrix-animation-output-transform"/><input semantic="INTERPOLATION" source="#mixamorig_Spine2-Interpolations"/></sampler><channel source="#mixamorig_Spine2-Matrix-animation-transform" target="mixamorig_Spine2/matrix"/></animation>
    <animation id="mixamorig_Neck-anim" name="mixamorig_Neck"><source id="mixamorig_Neck-Matrix-animation-input"><float_array id="mixamorig_Neck-Matrix-animation-input-array" count="34">

0.000000 0.033333 0.066667 0.100000 0.133333 0.166667 0.200000 0.233333 0.266667 0.300000 0.333333 0.366667 0.400000 0.433333 0.466667 0.500000
0.533333 0.566667 0.600000 0.633333 0.666667 0.700000 0.733333 0.766667 0.800000 0.833333 0.866667 0.900000 0.933333 0.966667 1.000000 1.033333
1.066667 1.100000</float_array><technique_common><accessor source="#mixamorig_Neck-Matrix-animation-input-array" count="34"><param name="TIME" type="float"/></accessor></technique_common></source><source id="mixamorig_Neck-Matrix-animation-output-transform"><float_array id="mixamorig_Neck-Matrix-animation-output-transform-array" count="544">

0.986666 0.004575 0.162696 0.000000 -0.004143 0.999987 -0.002990 0.551800 -0.162708 0.002276 0.986672 0.228800 0.000000 0.000000 0.000000 1.000000
0.990046 0.009856 0.140397 0.000000 0.001167 0.996936 -0.078211 0.551800 -0.140737 0.077596 0.987001 0.228800 0.000000 0.000000 0.000000 1.000000
0.994112 0.038403 0.101319 -0.000000 -0.021691 0.986689 -0.161163 0.551800 -0.106160 0.158016 0.981713 0.228800 0.000000 0.000000 0.000000 1.000000
0.997342 0.056766 0.045670 -0.000000 -0.048968 0.986427 -0.156730 0.551800 -0.053947 0.154077 0.986585 0.228800 0.000000 0.000000 0.000000 1.000000
0.999803 -0.017809 0.008729 0.000000 0.017133 0.997246 0.072157 0.551800 -0.009990 -0.071993 0.997355 0.228800 0.000000 0.000000 0.000000 1.000000
0.990457 -0.134854 -0.028458 0.000000 0.129332 0.838043 0.530054 0.551800 -0.047631 -0.528676 0.847486 0.228800 0.000000 0.000000 0.000000 1.000000
0.952566 -0.270038 -0.140350 0.000000 0.264582 0.506938 0.820372 0.551800 -0.150383 -0.818592 0.554339 0.228800 0.000000 0.000000 0.000000 1.000000
0.958795 -0.248005 -0.138584 -0.000000 0.269232 0.637458 0.721915 0.551800 -0.090698 -0.729480 0.677962 0.228800 0.000000 0.000000 0.000000 1.000000
0.967480 -0.230624 -0.103903 0.000000 0.252932 0.877270 0.407950 0.551800 -0.002932 -0.420964 0.907073 0.228800 0.000000 0.000000 0.000000 1.000000
0.996005 -0.089215 -0.003918 -0.000000 0.088174 0.989437 -0.115066 0.551800 0.014142 0.114261 0.993350 0.228800 0.000000 0.000000 0.000000 1.000000
0.999659 0.024427 -0.009278 0.000000 -0.026061 0.906364 -0.421694 0.551800 -0.001891 0.421792 0.906691 0.228800 0.000000 0.000000 0.000000 1.000000
0.995027 0.094983 -0.029985 0.000000 -0.098094 0.882265 -0.460420 0.551800 -0.017277 0.461072 0.887195 0.228800 0.000000 0.000000 0.000000 1.000000
0.988198 0.152700 -0.012160 0.000000 -0.138635 0.857761 -0.495001 0.551800 -0.065157 0.490845 0.868807 0.228800 0.000000 0.000000 0.000000 1.000000
0.986139 0.165820 0.005891 0.000000 -0.141544 0.859236 -0.491608 0.551800 -0.086580 0.483960 0.870797 0.228800 0.000000 0.000000 0.000000 1.000000
0.986259 0.164684 0.013159 0.000000 -0.138868 0.869523 -0.473968 0.551800 -0.089497 0.465628 0.880444 0.228800 0.000000 0.000000 0.000000 1.000000
0.984906 0.172275 0.016804 0.000000 -0.146068 0.879299 -0.453317 0.551800 -0.092871 0.444020 0.891191 0.228800 0.000000 0.000000 0.000000 1.000000
0.984358 0.174827 0.021774 0.000000 -0.148266 0.888810 -0.433629 0.551800 -0.095163 0.423618 0.900829 0.228800 0.000000 0.000000 0.000000 1.000000
0.985473 0.168077 0.024359 -0.000000 -0.143261 0.899722 -0.412283 0.551800 -0.091211 0.402804 0.910730 0.228800 0.000000 0.000000 0.000000 1.000000
0.986352 0.162785 0.024719 0.000000 -0.140055 0.908436 -0.393865 0.551800 -0.086571 0.385027 0.918836 0.228800 0.000000 0.000000 0.000000 1.000000
0.987566 0.155037 0.026011 0.000000 -0.134012 0.916768 -0.376268 0.551800 -0.082182 0.368103 0.926146 0.228800 0.000000 0.000000 0.000000 1.000000
0.990238 0.136547 0.028004 0.000000 -0.118709 0.931431 -0.344011 0.551800 -0.073058 0.337328 0.938548 0.228800 0.000000 0.000000 0.000000 1.000000
0.992385 0.118427 0.033864 -0.000000 -0.102170 0.945001 -0.310701 0.551800 -0.068796 0.304875 0.949904 0.228800 0.000000 0.000000 0.000000 1.000000
0.994020 0.101357 0.040639 0.000000 -0.086390 0.957529 -0.275090 0.551800 -0.066795 0.269934 0.960559 0.228800 0.000000 0.000000 0.000000 1.000000
0.995850 0.077928 0.047009 0.000000 -0.065171 0.971165 -0.229328 0.551800 -0.063524 0.225312 0.972213 0.228800 0.000000 0.000000 0.000000 1.000000
0.997619 0.045073 0.052197 0.000000 -0.034781 0.982395 -0.183552 0.551800 -0.059551 0.181299 0.981623 0.228800 0.000000 0.000000 0.000000 1.000000
0.998420 0.002958 0.056110 0.000000 0.005313 0.989169 -0.146684 0.551800 -0.055937 0.146750 0.987591 0.228800 0.000000 0.000000 0.000000 1.000000
0.997890 -0.017990 0.062384 0.000000 0.025163 0.992909 -0.116180 0.551800 -0.059852 0.117505 0.991267 0.228800 0.000000 0.000000 0.000000 1.000000
0.997280 -0.028466 0.067990 0.000000 0.035023 0.994639 -0.097292 0.551800 -0.064856 0.099409 0.992931 0.228800 0.000000 0.000000 0.000000 1.000000
0.996206 -0.046587 0.073513 0.000000 0.052508 0.995347 -0.080795 0.551800 -0.069407 0.084348 0.994016 0.228800 0.000000 0.000000 0.000000 1.000000
0.995404 -0.052262 0.080246 0.000000 0.057813 0.995976 -0.068484 0.551800 -0.076344 0.072808 0.994420 0.228800 0.000000 0.000000 0.000000 1.000000
0.995487 -0.035478 0.088020 -0.000000 0.041843 0.996558 -0.071559 0.551800 -0.085178 0.074920 0.993545 0.228800 0.000000 0.000000 0.000000 1.000000
0.995212 -0.031004 0.092695 -0.000000 0.037515 0.996887 -0.069341 0.551800 -0.090256 0.072486 0.993277 0.228800 0.000000 0.000000 0.000000 1.000000
0.994815 -0.032020 0.096529 0.000000 0.039051 0.996651 -0.071851 0.551800 -0.093905 0.075248 0.992733 0.228800 0.000000 0.000000 0.000000 1.000000
0.994588 -0.033183 0.098453 -0.000000 0.041211 0.995889 -0.080663 0.551800 -0.095371 0.084284 0.991867 0.228800 0.000000 0.000000 0.000000 1.000000</float_array><technique_common><accessor source="#mixamorig_Neck-Matrix-animation-output-transform-array" count="34" stride="16"><param type="float4x4"/></accessor></technique_common></source><source id="mixamorig_Neck-Interpolations"><Name_array id="mixamorig_Neck-Interpolations-array" count="34">
 LINEAR LINEAR LINEAR LINEAR LINEAR LINEAR LINEAR LINEAR LINEAR LINEAR LINEAR
LINEAR LINEAR LINEAR LINEAR LINEAR LINEAR LINEAR LINEAR LINEAR LINEAR LINEAR LINEAR
LINEAR LINEAR LINEAR LINEAR LINEAR LINEAR LINEAR LINEAR LINEAR LINEAR LINEAR</Name_array><technique_common><accessor source="#mixamorig_Neck-Interpolations-array" count="34"><param type="name"/></accessor></technique_common></source><sampler id="mixamorig_Neck-Matrix-animation-transform"><input semantic="INPUT" source="#mixamorig_Neck-Matrix-animation-input"/><input semantic="OUTPUT" source="#mixamorig_Neck-Matrix-animation-output-transform"/><input semantic="INTERPOLATION" source="#mixamorig_Neck-Interpolations"/></sampler><channel source="#mixamorig_Neck-Matrix-animation-transform" target="mixamorig_Neck/matrix"/></animation>
    <animation id="mixamorig_Head-anim" name="mixamorig_Head"><source id="mixamorig_Head-Matrix-animation-input"><float_array id="mixamorig_Head-Matrix-animation-input-array" count="34">

0.000000 0.033333 0.066667 0.100000 0.133333 0.166667 0.200000 0.233333 0.266667 0.300000 0.333333 0.366667 0.400000 0.433333 0.466667 0.500000
0.533333 0.566667 0.600000 0.633333 0.666667 0.700000 0.733333 0.766667 0.800000 0.833333 0.866667 0.900000 0.933333 0.966667 1.000000 1.033333
1.066667 1.100000</float_array><technique_common><accessor source="#mixamorig_Head-Matrix-animation-input-array" count="34"><param name="TIME" type="float"/></accessor></technique_common></source><source id="mixamorig_Head-Matrix-animation-output-transform"><float_array id="mixamorig_Head-Matrix-animation-output-transform-array" count="544">

0.917661 0.056494 0.393329 0.000000 -0.089671 0.993751 0.066474 0.329200 -0.387115 -0.096271 0.916992 0.741800 0.000000 0.000000 0.000000 1.000000
0.924905 0.050619 0.376814 0.000000 -0.086917 0.993003 0.079945 0.329200 -0.370130 -0.106693 0.922833 0.741800 0.000000 0.000000 0.000000 1.000000
0.942748 0.028281 0.332306 0.000000 -0.050615 0.996989 0.058747 0.329200 -0.329644 -0.072203 0.941340 0.741800 0.000000 0.000000 0.000000 1.000000
0.965304 -0.007401 0.261023 -0.000000 0.022106 0.998326 -0.053445 0.329200 -0.260191 0.057361 0.963852 0.741800 0.000000 0.000000 0.000000 1.000000
0.971702 -0.012919 0.235859 -0.000000 0.039696 0.993234 -0.109136 0.329200 -0.232853 0.115410 0.965640 0.741800 0.000000 0.000000 0.000000 1.000000
0.964898 -0.055640 0.256663 0.000000 0.087506 0.989568 -0.114448 0.329200 -0.247618 0.132890 0.959701 0.741800 0.000000 0.000000 0.000000 1.000000
0.954252 -0.001338 0.299000 0.000000 0.069855 0.973314 -0.218585 0.329200 -0.290728 0.229472 0.928881 0.741800 0.000000 0.000000 0.000000 1.000000
0.962426 -0.047487 0.267359 -0.000000 0.074249 0.993089 -0.090890 0.329200 -0.261195 0.107326 0.959301 0.741800 0.000000 0.000000 0.000000 1.000000
0.966914 -0.067312 0.246060 -0.000000 0.060574 0.997555 0.034858 0.329200 -0.247805 -0.018800 0.968628 0.741800 0.000000 0.000000 0.000000 1.000000
0.963820 -0.098025 0.247877 -0.000000 0.030550 0.964421 0.262599 0.329200 -0.264799 -0.245526 0.932523 0.741800 0.000000 0.000000 0.000000 1.000000
0.968549 -0.119684 0.218147 -0.000000 0.017499 0.907313 0.420092 0.329200 -0.248206 -0.403062 0.880871 0.741800 0.000000 0.000000 0.000000 1.000000
0.972515 -0.151865 0.176500 -0.000000 0.054500 0.885434 0.461558 0.329200 -0.226374 -0.439253 0.869374 0.741800 0.000000 0.000000 0.000000 1.000000
0.967220 -0.180139 0.178987 -0.000000 0.070457 0.867528 0.492373 0.329200 -0.243972 -0.463622 0.851782 0.741800 0.000000 0.000000 0.000000 1.000000
0.964593 -0.172323 0.199661 0.000000 0.055242 0.872248 0.485934 0.329200 -0.257891 -0.457699 0.850884 0.741800 0.000000 0.000000 0.000000 1.000000
0.963558 -0.170429 0.206180 0.000000 0.054087 0.878972 0.473796 0.329200 -0.261975 -0.445378 0.856159 0.741800 0.000000 0.000000 0.000000 1.000000
0.962755 -0.178444 0.203130 -0.000000 0.065550 0.882916 0.464934 0.329200 -0.262311 -0.434302 0.861728 0.741800 0.000000 0.000000 0.000000 1.000000
0.962985 -0.170399 0.208862 0.000000 0.058432 0.888382 0.455372 0.329200 -0.263144 -0.426313 0.865455 0.741800 0.000000 0.000000 0.000000 1.000000
0.964251 -0.150480 0.218117 0.000000 0.040562 0.897233 0.439691 0.329200 -0.261866 -0.415126 0.871262 0.741800 0.000000 0.000000 0.000000 1.000000
0.965378 -0.135036 0.223181 0.000000 0.026061 0.901229 0.432559 0.329200 -0.259548 -0.411766 0.873546 0.741800 0.000000 0.000000 0.000000 1.000000
0.965885 -0.120197 0.229390 -0.000000 0.010511 0.903232 0.429025 0.329200 -0.258760 -0.411977 0.873681 0.741800 0.000000 0.000000 0.000000 1.000000
0.966011 -0.098211 0.239117 0.000000 -0.007531 0.913931 0.405799 0.329200 -0.258391 -0.393808 0.882128 0.741800 0.000000 0.000000 0.000000 1.000000
0.964623 -0.075633 0.252550 0.000000 -0.027175 0.924335 0.380612 0.329200 -0.262228 -0.374010 0.889580 0.741800 0.000000 0.000000 0.000000 1.000000
0.962545 -0.056078 0.265259 0.000000 -0.043894 0.933236 0.356572 0.329200 -0.267545 -0.354860 0.895820 0.741800 0.000000 0.000000 0.000000 1.000000
0.959976 -0.036425 0.277702 0.000000 -0.057066 0.945271 0.321256 0.329200 -0.274206 -0.324246 0.905360 0.741800 0.000000 0.000000 0.000000 1.000000
0.956144 -0.012672 0.292624 -0.000000 -0.073758 0.956451 0.282422 0.329200 -0.283459 -0.291619 0.913569 0.741800 0.000000 0.000000 0.000000 1.000000
0.950322 0.015715 0.310871 0.000000 -0.095709 0.965093 0.243795 0.329200 -0.296188 -0.261437 0.918653 0.741800 0.000000 0.000000 0.000000 1.000000
