<?xml version="1.0" encoding="utf-8"?>
<COLLADA xmlns="http://www.collada.org/2005/11/COLLADASchema" version="1.4.1">
  <asset><contributor><author>Mixamo</author><authoring_tool>COLLADA Mixamo exporter</authoring_tool><comments></comments></contributor><created>2020-05-06T14:09:04Z</created><modified>2020-05-06T14:09:04Z</modified><revision></revision><title></title><unit meter="0.010000"/><up_axis>Y_UP</up_axis></asset>
  <library_animations>
    <animation id="mixamorig_Hips-anim" name="mixamorig_Hips"><source id="mixamorig_Hips-Matrix-animation-input"><float_array id="mixamorig_Hips-Matrix-animation-input-array" count="98">

0.000000 0.033333 0.066667 0.100000 0.133333 0.166667 0.200000 0.233333 0.266667 0.300000 0.333333 0.366667 0.400000 0.433333 0.466667 0.500000
0.533333 0.566667 0.600000 0.633333 0.666667 0.700000 0.733333 0.766667 0.800000 0.833333 0.866667 0.900000 0.933333 0.966667 1.000000 1.033333
1.066667 1.100000 1.133333 1.166667 1.200000 1.233333 1.266667 1.300000 1.333333 1.366667 1.400000 1.433333 1.466667 1.500000 1.533333 1.566667
1.600000 1.633333 1.666667 1.700000 1.733333 1.766667 1.800000 1.833333 1.866667 1.900000 1.933333 1.966667 2.000000 2.033333 2.066667 2.100000
2.133333 2.166667 2.200000 2.233333 2.266667 2.300000 2.333333 2.366667 2.400000 2.433333 2.466667 2.500000 2.533333 2.566667 2.600000 2.633333
2.666667 2.700000 2.733333 2.766667 2.800000 2.833333 2.866667 2.900000 2.933333 2.966667 3.000000 3.033333 3.066667 3.100000 3.133333 3.166667
3.200000 3.233333</float_array><technique_common><accessor source="#mixamorig_Hips-Matrix-animation-input-array" count="98"><param name="TIME" type="float"/></accessor></technique_common></source><source id="mixamorig_Hips-Matrix-animation-output-transform"><float_array id="mixamorig_Hips-Matrix-animation-output-transform-array" count="1568">

0.996843 -0.031375 -0.072930 0.005889 0.043715 0.983718 0.174322 2.031434 0.066274 -0.176960 0.981984 -0.020513 0.000000 0.000000 0.000000 1.000000
0.996323 -0.035370 -0.078035 -0.001805 0.049319 0.981538 0.184800 2.031489 0.070058 -0.187969 0.979673 -0.019894 0.000000 0.000000 0.000000 1.000000
0.995547 -0.040311 -0.085209 -0.009197 0.056917 0.977628 0.202495 2.030483 0.075140 -0.206443 0.975569 -0.017333 0.000000 0.000000 0.000000 1.000000
0.994829 -0.045844 -0.090633 -0.016058 0.065209 0.972432 0.223885 2.027925 0.077870 -0.228637 0.970392 -0.011975 0.000000 0.000000 0.000000 1.000000
0.994416 -0.050209 -0.092821 -0.020879 0.071434 0.967682 0.241846 2.024940 0.077678 -0.247126 0.965865 -0.004103 0.000000 0.000000 0.000000 1.000000
0.994304 -0.051880 -0.093106 -0.023669 0.073951 0.964869 0.252107 2.022286 0.076756 -0.257557 0.963210 0.003394 0.000000 0.000000 0.000000 1.000000
0.994306 -0.051396 -0.093348 -0.025197 0.073884 0.963756 0.256350 2.019120 0.076790 -0.261788 0.962066 0.011102 0.000000 0.000000 0.000000 1.000000
0.994297 -0.050852 -0.093744 -0.025170 0.073604 0.963301 0.258135 2.015017 0.077178 -0.263563 0.961550 0.019371 0.000000 0.000000 0.000000 1.000000
0.994263 -0.051294 -0.093859 -0.023066 0.074056 0.963289 0.258049 2.010468 0.077177 -0.263519 0.961562 0.028353 0.000000 0.000000 0.000000 1.000000
0.994232 -0.052228 -0.093675 -0.018863 0.074653 0.964105 0.254812 2.006491 0.077004 -0.260335 0.962443 0.038623 0.000000 0.000000 0.000000 1.000000
0.994243 -0.052822 -0.093227 -0.012894 0.074559 0.965920 0.247869 2.003655 0.076957 -0.253393 0.964297 0.050976 0.000000 0.000000 0.000000 1.000000
0.994288 -0.052591 -0.092876 -0.005460 0.073478 0.968418 0.238261 2.001463 0.077412 -0.243724 0.966750 0.064946 0.000000 0.000000 0.000000 1.000000
0.994285 -0.051410 -0.093560 0.003494 0.071614 0.971160 0.227421 1.999852 0.079170 -0.232822 0.969292 0.080186 0.000000 0.000000 0.000000 1.000000
0.994230 -0.049574 -0.095132 0.014173 0.069193 0.974034 0.215567 1.999019 0.081975 -0.220906 0.971844 0.096805 0.000000 0.000000 0.000000 1.000000
0.994209 -0.047828 -0.096230 0.026618 0.066561 0.977114 0.202036 1.998016 0.084365 -0.207271 0.974639 0.114451 0.000000 0.000000 0.000000 1.000000
0.994166 -0.046959 -0.097097 0.040886 0.064544 0.980283 0.186759 1.997027 0.086412 -0.191936 0.977596 0.132898 0.000000 0.000000 0.000000 1.000000
0.993875 -0.047103 -0.099973 0.056965 0.063750 0.983296 0.170482 1.997555 0.090273 -0.175811 0.980276 0.151240 0.000000 0.000000 0.000000 1.000000
0.993294 -0.047301 -0.105495 0.074416 0.063271 0.986108 0.153586 1.998567 0.096764 -0.159231 0.982488 0.168737 0.000000 0.000000 0.000000 1.000000
0.992580 -0.046255 -0.112450 0.092652 0.061471 0.988820 0.135857 1.998469 0.104909 -0.141762 0.984326 0.185295 0.000000 0.000000 0.000000 1.000000
0.991813 -0.042985 -0.120247 0.111313 0.057109 0.991536 0.116597 1.997262 0.114217 -0.122509 0.985873 0.200874 0.000000 0.000000 0.000000 1.000000
0.990817 -0.038464 -0.129624 0.130084 0.050978 0.994205 0.094649 1.995716 0.125232 -0.100388 0.987036 0.214322 0.000000 0.000000 0.000000 1.000000
0.989462 -0.034150 -0.140705 0.148348 0.044422 0.996520 0.070524 1.994460 0.137807 -0.076031 0.987537 0.224285 0.000000 0.000000 0.000000 1.000000
0.987776 -0.029094 -0.153142 0.164740 0.036794 0.998184 0.047690 1.994352 0.151477 -0.052741 0.987053 0.231970 0.000000 0.000000 0.000000 1.000000
0.985715 -0.021290 -0.167072 0.178003 0.026515 0.999225 0.029108 1.995797 0.166323 -0.033122 0.985515 0.237612 0.000000 0.000000 0.000000 1.000000
0.983370 -0.010525 -0.181308 0.187988 0.013218 0.999819 0.013651 1.998850 0.181132 -0.015821 0.983332 0.238795 0.000000 0.000000 0.000000 1.000000
0.981297 0.000885 -0.192496 0.195161 -0.001333 0.999997 -0.002200 2.003345 0.192493 0.002415 0.981295 0.235599 0.000000 0.000000 0.000000 1.000000
0.979961 0.009858 -0.198946 0.199685 -0.014131 0.999699 -0.020069 2.008545 0.198688 0.022478 0.979805 0.229946 0.000000 0.000000 0.000000 1.000000
0.979157 0.014967 -0.202552 0.201182 -0.023348 0.998964 -0.039052 2.014880 0.201758 0.042968 0.978492 0.221530 0.000000 0.000000 0.000000 1.000000
0.978580 0.016769 -0.205185 0.199514 -0.029067 0.997947 -0.057067 2.022714 0.203807 0.061809 0.977058 0.209831 0.000000 0.000000 0.000000 1.000000
0.978440 0.016321 -0.205886 0.195639 -0.031631 0.996954 -0.071287 2.029832 0.204095 0.076262 0.975976 0.196649 0.000000 0.000000 0.000000 1.000000
0.979116 0.014357 -0.202796 0.190130 -0.031067 0.996354 -0.079458 2.034435 0.200916 0.084099 0.975992 0.183785 0.000000 0.000000 0.000000 1.000000
0.980415 0.011759 -0.196589 0.182553 -0.028473 0.996192 -0.082411 2.036241 0.194872 0.086394 0.977016 0.170478 0.000000 0.000000 0.000000 1.000000
0.981846 0.009610 -0.189437 0.172755 -0.025628 0.996279 -0.082288 2.035715 0.187941 0.085649 0.978439 0.156386 0.000000 0.000000 0.000000 1.000000
0.983093 0.008356 -0.182918 0.161442 -0.023298 0.996547 -0.079689 2.034112 0.181620 0.082604 0.979893 0.141642 0.000000 0.000000 0.000000 1.000000
0.984061 0.007609 -0.177668 0.148931 -0.020918 0.997101 -0.073159 2.033133 0.176597 0.075709 0.981367 0.125633 0.000000 0.000000 0.000000 1.000000
0.984768 0.006479 -0.173751 0.134932 -0.017410 0.997958 -0.061461 2.033771 0.172997 0.063550 0.982870 0.109498 0.000000 0.000000 0.000000 1.000000
0.985450 0.003955 -0.169920 0.119522 -0.012032 0.998844 -0.046531 2.035384 0.169540 0.047899 0.984359 0.094362 0.000000 0.000000 0.000000 1.000000
0.986500 -0.000410 -0.163762 0.103020 -0.004829 0.999489 -0.031596 2.036630 0.163691 0.031960 0.985994 0.079153 0.000000 0.000000 0.000000 1.000000
0.988130 -0.005845 -0.153509 0.085656 0.003205 0.999843 -0.017437 2.037290 0.153587 0.016738 0.987993 0.062577 0.000000 0.000000 0.000000 1.000000
0.990151 -0.010801 -0.139588 0.068036 0.010665 0.999942 -0.001718 2.037834 0.139598 0.000212 0.990208 0.044425 0.000000 0.000000 0.000000 1.000000
0.992235 -0.014682 -0.123509 0.050935 0.016850 0.999722 0.016522 2.038116 0.123232 -0.018475 0.992206 0.025475 0.000000 0.000000 0.000000 1.000000
0.994244 -0.018594 -0.105509 0.034441 0.022250 0.999188 0.033587 2.038038 0.104799 -0.035741 0.993851 0.006712 0.000000 0.000000 0.000000 1.000000
0.996111 -0.023456 -0.084925 0.018453 0.027438 0.998563 0.046027 2.037537 0.083723 -0.048178 0.995324 -0.011211 0.000000 0.000000 0.000000 1.000000
0.997614 -0.028444 -0.062907 0.003777 0.031982 0.997921 0.055959 2.036406 0.061185 -0.057837 0.996449 -0.027445 0.000000 0.000000 0.000000 1.000000
0.998541 -0.032288 -0.043280 -0.008410 0.035210 0.997026 0.068555 2.035192 0.040938 -0.069979 0.996708 -0.040867 0.000000 0.000000 0.000000 1.000000
0.998909 -0.035850 -0.029918 -0.017667 0.038268 0.995680 0.084602 2.033787 0.026756 -0.085654 0.995966 -0.051310 0.000000 0.000000 0.000000 1.000000
0.998871 -0.041386 -0.023316 -0.024374 0.043517 0.994052 0.099832 2.032021 0.019045 -0.100734 0.994731 -0.058828 0.000000 0.000000 0.000000 1.000000
0.998557 -0.049413 -0.021035 -0.029408 0.051466 0.992379 0.111960 2.030002 0.015342 -0.112881 0.993490 -0.062734 0.000000 0.000000 0.000000 1.000000
0.998113 -0.058090 -0.019877 -0.033600 0.060111 0.990495 0.123722 2.028247 0.012501 -0.124684 0.992118 -0.062789 0.000000 0.000000 0.000000 1.000000
0.997697 -0.065342 -0.018172 -0.036902 0.067238 0.988013 0.138961 2.026793 0.008874 -0.139863 0.990131 -0.059870 0.000000 0.000000 0.000000 1.000000
0.997373 -0.070476 -0.016730 -0.038837 0.072232 0.984963 0.156943 2.024930 0.005418 -0.157739 0.987466 -0.054057 0.000000 0.000000 0.000000 1.000000
0.997155 -0.073439 -0.016997 -0.039903 0.075274 0.982082 0.172767 2.022296 0.004004 -0.173555 0.984816 -0.045922 0.000000 0.000000 0.000000 1.000000
0.997067 -0.074225 -0.018650 -0.041231 0.076388 0.980126 0.183076 2.018965 0.004691 -0.183964 0.982922 -0.037337 0.000000 0.000000 0.000000 1.000000
0.997086 -0.073597 -0.020096 -0.042698 0.076074 0.979003 0.189116 2.015754 0.005756 -0.190094 0.981749 -0.028252 0.000000 0.000000 0.000000 1.000000
0.997138 -0.072652 -0.020934 -0.042949 0.075337 0.978148 0.193779 2.013230 0.006399 -0.194801 0.980822 -0.018037 0.000000 0.000000 0.000000 1.000000
0.997174 -0.071613 -0.022709 -0.041334 0.074694 0.977464 0.197448 2.011110 0.008057 -0.198586 0.980050 -0.007556 0.000000 0.000000 0.000000 1.000000
0.997185 -0.070010 -0.026827 -0.038310 0.073957 0.977263 0.198716 2.009509 0.012305 -0.200140 0.979690 0.003313 0.000000 0.000000 0.000000 1.000000
0.997163 -0.067576 -0.033166 -0.034207 0.072811 0.977676 0.197097 2.008428 0.019106 -0.198953 0.979823 0.015465 0.000000 0.000000 0.000000 1.000000
0.997092 -0.064635 -0.040385 -0.028886 0.071262 0.978543 0.193329 2.007465 0.027022 -0.195645 0.980303 0.028665 0.000000 0.000000 0.000000 1.000000
0.996982 -0.061799 -0.046982 -0.022422 0.069588 0.979698 0.188016 2.006559 0.034409 -0.190718 0.981042 0.042426 0.000000 0.000000 0.000000 1.000000
0.996862 -0.059393 -0.052330 -0.014852 0.067960 0.981119 0.181071 2.005734 0.040588 -0.184059 0.982077 0.057315 0.000000 0.000000 0.000000 1.000000
0.996753 -0.057505 -0.056368 -0.005725 0.066450 0.982780 0.172420 2.004955 0.045483 -0.175606 0.983409 0.072948 0.000000 0.000000 0.000000 1.000000
0.996712 -0.056119 -0.058444 0.004946 0.064974 0.984532 0.162714 2.004272 0.048409 -0.165976 0.984941 0.088917 0.000000 0.000000 0.000000 1.000000
0.996804 -0.055081 -0.057861 0.016547 0.063365 0.986226 0.152784 2.003759 0.048648 -0.155962 0.986564 0.105527 0.000000 0.000000 0.000000 1.000000
0.996998 -0.054054 -0.055432 0.028944 0.061484 0.987880 0.142520 2.003437 0.047057 -0.145500 0.988239 0.122387 0.000000 0.000000 0.000000 1.000000
0.997214 -0.052396 -0.053102 0.042300 0.058968 0.989641 0.130895 2.002434 0.045694 -0.133662 0.989973 0.138727 0.000000 0.000000 0.000000 1.000000
0.997418 -0.049628 -0.051904 0.056657 0.055452 0.991516 0.117559 2.000505 0.045629 -0.120134 0.991709 0.154208 0.000000 0.000000 0.000000 1.000000
0.997584 -0.046240 -0.051847 0.072140 0.051430 0.993278 0.103699 1.998406 0.046703 -0.106115 0.993256 0.169338 0.000000 0.000000 0.000000 1.000000
0.997642 -0.043499 -0.053089 0.088805 0.048217 0.994674 0.091098 1.996522 0.048843 -0.093443 0.994426 0.184119 0.000000 0.000000 0.000000 1.000000
0.997513 -0.042076 -0.056540 0.106609 0.046571 0.995650 0.080696 1.995358 0.052899 -0.083128 0.995134 0.197762 0.000000 0.000000 0.000000 1.000000
0.997193 -0.041011 -0.062637 0.125332 0.045475 0.996397 0.071586 1.995867 0.059475 -0.074234 0.995466 0.209834 0.000000 0.000000 0.000000 1.000000
0.996756 -0.038629 -0.070600 0.144247 0.043008 0.997174 0.061597 1.998393 0.068021 -0.064434 0.995601 0.220236 0.000000 0.000000 0.000000 1.000000
0.996267 -0.034003 -0.079347 0.162358 0.037977 0.998071 0.049117 2.002247 0.077523 -0.051947 0.995636 0.227798 0.000000 0.000000 0.000000 1.000000
0.995661 -0.027374 -0.088942 0.178798 0.030575 0.998925 0.034834 2.006514 0.087893 -0.037402 0.995428 0.230460 0.000000 0.000000 0.000000 1.000000
0.994785 -0.019398 -0.100135 0.192821 0.021545 0.999560 0.020408 2.010812 0.099695 -0.022459 0.994765 0.226754 0.000000 0.000000 0.000000 1.000000
0.993678 -0.010950 -0.111730 0.204217 0.011529 0.999923 0.004538 2.015126 0.111671 -0.005797 0.993728 0.216495 0.000000 0.000000 0.000000 1.000000
0.992695 -0.003167 -0.120608 0.213641 0.001140 0.999857 -0.016870 2.018870 0.120644 0.016609 0.992557 0.201470 0.000000 0.000000 0.000000 1.000000
0.992089 0.003520 -0.125485 0.221526 -0.009185 0.998963 -0.044591 2.021645 0.125198 0.045391 0.991093 0.183955 0.000000 0.000000 0.000000 1.000000
0.991633 0.009845 -0.128712 0.227600 -0.019166 0.997265 -0.071381 2.023651 0.127657 0.073250 0.989110 0.164793 0.000000 0.000000 0.000000 1.000000
0.991109 0.015797 -0.132110 0.231993 -0.027506 0.995804 -0.087280 2.025192 0.130177 0.090138 0.987385 0.145470 0.000000 0.000000 0.000000 1.000000
0.990792 0.020764 -0.133794 0.235199 -0.033097 0.995336 -0.090618 2.025822 0.131288 0.094212 0.986857 0.128406 0.000000 0.000000 0.000000 1.000000
0.990926 0.024458 -0.132165 0.236794 -0.036173 0.995553 -0.086978 2.025284 0.129450 0.090970 0.987404 0.113824 0.000000 0.000000 0.000000 1.000000
0.991279 0.026865 -0.129011 0.235687 -0.037504 0.996027 -0.080764 2.024170 0.126329 0.084898 0.988349 0.100316 0.000000 0.000000 0.000000 1.000000
0.991535 0.027622 -0.126864 0.231381 -0.036910 0.996761 -0.071455 2.023637 0.124480 0.075532 0.989343 0.087639 0.000000 0.000000 0.000000 1.000000
0.991768 0.026312 -0.125312 0.224276 -0.033769 0.997759 -0.057757 2.024367 0.123512 0.061513 0.990435 0.075659 0.000000 0.000000 0.000000 1.000000
0.992222 0.023230 -0.122293 0.214676 -0.028436 0.998755 -0.040993 2.026690 0.121188 0.044151 0.991647 0.064060 0.000000 0.000000 0.000000 1.000000
0.992874 0.019158 -0.117618 0.202210 -0.021998 0.999496 -0.022901 2.029940 0.117120 0.025325 0.992795 0.052778 0.000000 0.000000 0.000000 1.000000
0.993357 0.014576 -0.114148 0.186698 -0.014935 0.999886 -0.002293 2.032437 0.114102 0.003982 0.993461 0.040744 0.000000 0.000000 0.000000 1.000000
0.993261 0.009574 -0.115503 0.168995 -0.006768 0.999673 0.024665 2.034107 0.115701 -0.023717 0.993001 0.029288 0.000000 0.000000 0.000000 1.000000
0.992640 0.004572 -0.121013 0.149905 0.002405 0.998345 0.057450 2.036215 0.121075 -0.057319 0.990987 0.021968 0.000000 0.000000 0.000000 1.000000
0.992153 0.000709 -0.125026 0.129341 0.010391 0.996057 0.088107 2.037926 0.124595 -0.088715 0.988234 0.015947 0.000000 0.000000 0.000000 1.000000
0.992495 -0.001197 -0.122283 0.107744 0.014669 0.993897 0.109334 2.037692 0.121406 -0.110307 0.986455 0.007306 0.000000 0.000000 0.000000 1.000000
0.993642 -0.002224 -0.112567 0.086053 0.016084 0.992354 0.122370 2.036180 0.111434 -0.123402 0.986080 -0.001105 0.000000 0.000000 0.000000 1.000000
0.994995 -0.005238 -0.099790 0.064122 0.018657 0.990804 0.134014 2.034870 0.098171 -0.135205 0.985942 -0.007105 0.000000 0.000000 0.000000 1.000000
0.996058 -0.011784 -0.087913 0.043222 0.024710 0.988763 0.147435 2.033266 0.085188 -0.149026 0.985157 -0.012645 0.000000 0.000000 0.000000 1.000000
0.996702 -0.019899 -0.078668 0.026831 0.032308 0.986626 0.159767 2.031536 0.074437 -0.161782 0.984015 -0.016970 0.000000 0.000000 0.000000 1.000000
0.996962 -0.026690 -0.073177 0.015036 0.038704 0.985021 0.168033 2.031092 0.067596 -0.170355 0.983062 -0.019088 0.000000 0.000000 0.000000 1.000000
0.996843 -0.031375 -0.072930 0.005889 0.043715 0.983718 0.174322 2.031433 0.066274 -0.176960 0.981984 -0.020513 0.000000 0.000000 0.000000 1.000000</float_array><technique_common><accessor source="#mixamorig_Hips-Matrix-animation-output-transform-array" count="98" stride="16"><param type="float4x4"/></accessor></technique_common></source><source id="mixamorig_Hips-Interpolations"><Name_array id="mixamorig_Hips-Interpolations-array" count="98">
 LINEAR LINEAR LINEAR LINEAR LINEAR LINEAR LINEAR LINEAR LINEAR LINEAR LINEAR
LINEAR LINEAR LINEAR LINEAR LINEAR LINEAR LINEAR LINEAR LINEAR LINEAR LINEAR LINEAR
LINEAR LINEAR LINEAR LINEAR LINEAR LINEAR LINEAR LINEAR LINEAR LINEAR LINEAR LINEAR
LINEAR LINEAR LINEAR LINEAR LINEAR LINEAR LINEAR LINEAR LINEAR LINEAR LINEAR LINEAR
LINEAR LINEAR LINEAR LINEAR LINEAR LINEAR LINEAR LINEAR LINEAR LINEAR LINEAR LINEAR
LINEAR LINEAR LINEAR LINEAR LINEAR LINEAR LINEAR LINEAR LINEAR LINEAR LINEAR LINEAR
LINEAR LINEAR LINEAR LINEAR LINEAR LINEAR LINEAR LINEAR LINEAR LINEAR LINEAR LINEAR
LINEAR LINEAR LINEAR LINEAR LINEAR LINEAR LINEAR LINEAR LINEAR LINEAR LINEAR LINEAR
LINEAR LINEAR LINEAR</Name_array><technique_common><accessor source="#mixamorig_Hips-Interpolations-array" count="98"><param type="name"/></accessor></technique_common></source><sampler id="mixamorig_Hips-Matrix-animation-transform"><input semantic="INPUT" source="#mixamorig_Hips-Matrix-animation-input"/><input semantic="OUTPUT" source="#mixamorig_Hips-Matrix-animation-output-transform"/><input semantic="INTERPOLATION" source="#mixamorig_Hips-Interpolations"/></sampler><channel source="#mixamorig_Hips-Matrix-animation-transform" target="mixamorig_Hips/matrix"/></animation>
    <animation id="mixamorig_Spine-anim" name="mixamorig_Spine"><source id="mixamorig_Spine-Matrix-animation-input"><float_array id="mixamorig_Spine-Matrix-animation-input-array" count="98">

0.000000 0.033333 0.066667 0.100000 0.133333 0.166667 0.200000 0.233333 0.266667 0.300000 0.333333 0.366667 0.400000 0.433333 0.466667 0.500000
0.533333 0.566667 0.600000 0.633333 0.666667 0.700000 0.733333 0.766667 0.800000 0.833333 0.866667 0.900000 0.933333 0.966667 1.000000 1.033333
1.066667 1.100000 1.133333 1.166667 1.200000 1.233333 1.266667 1.300000 1.333333 1.366667 1.400000 1.433333 1.466667 1.500000 1.533333 1.566667
1.600000 1.633333 1.666667 1.700000 1.733333 1.766667 1.800000 1.833333 1.866667 1.900000 1.933333 1.966667 2.000000 2.033333 2.066667 2.100000
2.133333 2.166667 2.200000 2.233333 2.266667 2.300000 2.333333 2.366667 2.400000 2.433333 2.466667 2.500000 2.533333 2.566667 2.600000 2.633333
2.666667 2.700000 2.733333 2.766667 2.800000 2.833333 2.866667 2.900000 2.933333 2.966667 3.000000 3.033333 3.066667 3.100000 3.133333 3.166667
3.200000 3.233333</float_array><technique_common><accessor source="#mixamorig_Spine-Matrix-animation-input-array" count="98"><param name="TIME" type="float"/></accessor></technique_common></source><source id="mixamorig_Spine-Matrix-animation-output-transform"><float_array id="mixamorig_Spine-Matrix-animation-output-transform-array" count="1568">

0.999165 0.039267 0.011268 -0.000000 -0.038437 0.997063 -0.066241 0.291300 -0.013836 0.065753 0.997740 0.010900 0.000000 0.000000 0.000000 1.000000
0.999498 0.031153 0.005734 0.000000 -0.030797 0.998055 -0.054194 0.291300 -0.007411 0.053991 0.998514 0.010900 0.000000 0.000000 0.000000 1.000000
0.999737 0.022923 -0.000248 -0.000000 -0.022914 0.998902 -0.040854 0.291300 -0.000689 0.040849 0.999165 0.010900 0.000000 0.000000 0.000000 1.000000
0.999865 0.015112 -0.006457 0.000000 -0.015282 0.999514 -0.027155 0.291300 0.006043 0.027250 0.999610 0.010900 0.000000 0.000000 0.000000 1.000000
0.999894 0.008833 -0.011573 -0.000000 -0.009012 0.999838 -0.015577 0.291300 0.011433 0.015680 0.999812 0.010900 0.000000 0.000000 0.000000 1.000000
0.999888 0.003920 -0.014431 0.000000 -0.004031 0.999962 -0.007716 0.291300 0.014400 0.007773 0.999866 0.010900 0.000000 0.000000 0.000000 1.000000
0.999880 -0.001014 -0.015427 0.000000 0.000962 0.999994 -0.003394 0.291300 0.015431 0.003379 0.999875 0.010900 0.000000 0.000000 0.000000 1.000000
0.999849 -0.006531 -0.016078 -0.000000 0.006506 0.999978 -0.001614 0.291300 0.016089 0.001509 0.999869 0.010900 0.000000 0.000000 0.000000 1.000000
0.999777 -0.012252 -0.017206 0.000000 0.012232 0.999924 -0.001234 0.291300 0.017220 0.001024 0.999851 0.010900 0.000000 0.000000 0.000000 1.000000
0.999673 -0.017684 -0.018450 0.000000 0.017665 0.999843 -0.001180 0.291300 0.018468 0.000853 0.999829 0.010900 0.000000 0.000000 0.000000 1.000000
0.999565 -0.022424 -0.019142 0.000000 0.022405 0.999748 -0.001197 0.291300 0.019164 0.000768 0.999816 0.010900 0.000000 0.000000 0.000000 1.000000
0.999469 -0.026372 -0.019123 0.000000 0.026339 0.999651 -0.001949 0.291300 0.019168 0.001445 0.999815 0.010900 0.000000 0.000000 0.000000 1.000000
0.999387 -0.029613 -0.018655 0.000000 0.029544 0.999556 -0.003988 0.291300 0.018765 0.003435 0.999818 0.010900 0.000000 0.000000 0.000000 1.000000
0.999320 -0.032029 -0.018254 0.000000 0.031903 0.999466 -0.007135 0.291300 0.018472 0.006548 0.999808 0.010900 0.000000 0.000000 0.000000 1.000000
0.999275 -0.033378 -0.018321 0.000000 0.033180 0.999389 -0.011008 0.291300 0.018677 0.010392 0.999772 0.010900 0.000000 0.000000 0.000000 1.000000
0.999271 -0.033353 -0.018567 0.000000 0.033066 0.999332 -0.015562 0.291300 0.019074 0.014937 0.999706 0.010900 0.000000 0.000000 0.000000 1.000000
0.999324 -0.031773 -0.018519 0.000000 0.031392 0.999297 -0.020481 0.291300 0.019157 0.019886 0.999619 0.010900 0.000000 0.000000 0.000000 1.000000
0.999401 -0.029295 -0.018418 -0.000000 0.028829 0.999270 -0.025078 0.291300 0.019139 0.024532 0.999516 0.010900 0.000000 0.000000 0.000000 1.000000
0.999459 -0.027096 -0.018638 0.000000 0.026543 0.999218 -0.029321 0.291300 0.019418 0.028810 0.999396 0.010900 0.000000 0.000000 0.000000 1.000000
0.999471 -0.026374 -0.019008 -0.000000 0.025724 0.999101 -0.033704 0.291300 0.019879 0.033197 0.999251 0.010900 0.000000 0.000000 0.000000 1.000000
0.999465 -0.026743 -0.018825 0.000000 0.026012 0.998936 -0.038089 0.291300 0.019824 0.037579 0.999097 0.010900 0.000000 0.000000 0.000000 1.000000
0.999484 -0.026668 -0.017879 0.000000 0.025890 0.998765 -0.042407 0.291300 0.018988 0.041922 0.998940 0.010900 0.000000 0.000000 0.000000 1.000000
0.999554 -0.025060 -0.016264 0.000000 0.024247 0.998532 -0.048438 0.291300 0.017454 0.048022 0.998694 0.010900 0.000000 0.000000 0.000000 1.000000
0.999676 -0.021544 -0.013571 -0.000000 0.020717 0.998077 -0.058420 0.291300 0.014803 0.058120 0.998200 0.010900 0.000000 0.000000 0.000000 1.000000
0.999810 -0.016798 -0.009906 0.000000 0.016041 0.997273 -0.072042 0.291300 0.011090 0.071870 0.997352 0.010900 0.000000 0.000000 0.000000 1.000000
0.999905 -0.011910 -0.006884 0.000000 0.011271 0.996204 -0.086315 0.291300 0.007886 0.086230 0.996244 0.010900 0.000000 0.000000 0.000000 1.000000
0.999962 -0.006461 -0.005801 0.000000 0.005859 0.995139 -0.098305 0.291300 0.006408 0.098267 0.995139 0.010900 0.000000 0.000000 0.000000 1.000000
0.999983 0.001012 -0.005756 -0.000000 -0.001622 0.994257 -0.107002 0.291300 0.005615 0.107010 0.994242 0.010900 0.000000 0.000000 0.000000 1.000000
0.999932 0.010490 -0.005137 0.000000 -0.011004 0.993508 -0.113227 0.291300 0.003916 0.113276 0.993556 0.010900 0.000000 0.000000 0.000000 1.000000
0.999784 0.020428 -0.003865 0.000000 -0.020742 0.992683 -0.118955 0.291300 0.001406 0.119010 0.992892 0.010900 0.000000 0.000000 0.000000 1.000000
0.999562 0.029436 -0.002922 0.000000 -0.029570 0.991660 -0.125447 0.291300 -0.000795 0.125478 0.992096 0.010900 0.000000 0.000000 0.000000 1.000000
0.999306 0.037184 -0.002378 0.000000 -0.037173 0.990596 -0.131670 0.291300 -0.002540 0.131667 0.991291 0.010900 0.000000 0.000000 0.000000 1.000000
0.999047 0.043613 -0.001489 -0.000000 -0.043410 0.989762 -0.135963 0.291300 -0.004456 0.135898 0.990713 0.010900 0.000000 0.000000 0.000000 1.000000
0.998805 0.048881 0.000044 0.000000 -0.048405 0.989209 -0.138284 0.291300 -0.006803 0.138116 0.990393 0.010900 0.000000 0.000000 0.000000 1.000000
0.998585 0.053140 0.001923 0.000000 -0.052347 0.988753 -0.140099 0.291300 -0.009346 0.139800 0.990136 0.010900 0.000000 0.000000 0.000000 1.000000
0.998416 0.056138 0.003802 -0.000000 -0.055025 0.988276 -0.142419 0.291300 -0.011753 0.141985 0.989799 0.010900 0.000000 0.000000 0.000000 1.000000
0.998325 0.057613 0.005250 0.000000 -0.056253 0.987913 -0.144445 0.291300 -0.013508 0.143908 0.989499 0.010900 0.000000 0.000000 0.000000 1.000000
0.998332 0.057483 0.005283 0.000000 -0.056113 0.987851 -0.144918 0.291300 -0.013549 0.144380 0.989429 0.010900 0.000000 0.000000 0.000000 1.000000
0.998447 0.055623 0.002991 0.000000 -0.054611 0.988040 -0.144200 0.291300 -0.010976 0.143813 0.989544 0.010900 0.000000 0.000000 0.000000 1.000000
0.998649 0.051943 -0.001074 0.000000 -0.051555 0.988204 -0.144202 0.291300 -0.006429 0.144062 0.989548 0.010900 0.000000 0.000000 0.000000 1.000000
0.998885 0.046934 -0.005097 0.000000 -0.047176 0.988221 -0.145578 0.291300 -0.001796 0.145656 0.989334 0.010900 0.000000 0.000000 0.000000 1.000000
0.999114 0.041251 -0.008324 0.000000 -0.042025 0.988401 -0.145937 0.291300 0.002207 0.146157 0.989259 0.010900 0.000000 0.000000 0.000000 1.000000
0.999328 0.034765 -0.011617 0.000000 -0.036069 0.989087 -0.142846 0.291300 0.006524 0.143169 0.989677 0.010900 0.000000 0.000000 0.000000 1.000000
0.999517 0.026853 -0.015622 0.000000 -0.028743 0.990142 -0.137089 0.291300 0.011787 0.137472 0.990436 0.010900 0.000000 0.000000 0.000000 1.000000
0.999653 0.017645 -0.019560 0.000000 -0.020066 0.991121 -0.131438 0.291300 0.017068 0.131785 0.991131 0.010900 0.000000 0.000000 0.000000 1.000000
0.999715 0.008632 -0.022255 -0.000000 -0.011377 0.991923 -0.126329 0.291300 0.020985 0.126546 0.991739 0.010900 0.000000 0.000000 0.000000 1.000000
0.999717 0.001567 -0.023729 -0.000000 -0.004387 0.992854 -0.119254 0.291300 0.023372 0.119325 0.992580 0.010900 0.000000 0.000000 0.000000 1.000000
0.999694 -0.002588 -0.024600 0.000000 -0.000109 0.994043 -0.108986 0.291300 0.024736 0.108955 0.993739 0.010900 0.000000 0.000000 0.000000 1.000000
0.999682 -0.003920 -0.024910 0.000000 0.001470 0.995223 -0.097621 0.291300 0.025174 0.097554 0.994912 0.010900 0.000000 0.000000 0.000000 1.000000
0.999692 -0.003781 -0.024543 -0.000000 0.001609 0.996125 -0.087929 0.291300 0.024780 0.087863 0.995824 0.010900 0.000000 0.000000 0.000000 1.000000
0.999697 -0.004356 -0.024228 0.000000 0.002412 0.996816 -0.079694 0.291300 0.024498 0.079611 0.996525 0.010900 0.000000 0.000000 0.000000 1.000000
0.999669 -0.006875 -0.024795 0.000000 0.005111 0.997497 -0.070523 0.291300 0.025218 0.070373 0.997202 0.010900 0.000000 0.000000 0.000000 1.000000
0.999599 -0.010741 -0.026210 0.000000 0.009159 0.998172 -0.059745 0.291300 0.026804 0.059481 0.997869 0.010900 0.000000 0.000000 0.000000 1.000000
0.999510 -0.014228 -0.027884 -0.000000 0.012834 0.998688 -0.049567 0.291300 0.028553 0.049185 0.998381 0.010900 0.000000 0.000000 0.000000 1.000000
0.999435 -0.016135 -0.029468 0.000000 0.014880 0.998993 -0.042334 0.291300 0.030122 0.041872 0.998669 0.010900 0.000000 0.000000 0.000000 1.000000
0.999378 -0.016811 -0.030991 -0.000000 0.015633 0.999161 -0.037865 0.291300 0.031602 0.037357 0.998802 0.010900 0.000000 0.000000 0.000000 1.000000
0.999321 -0.017411 -0.032479 0.000000 0.016281 0.999263 -0.034749 0.291300 0.033060 0.034197 0.998868 0.010900 0.000000 0.000000 0.000000 1.000000
0.999251 -0.018735 -0.033872 0.000000 0.017646 0.999327 -0.032172 0.291300 0.034452 0.031550 0.998908 0.010900 0.000000 0.000000 0.000000 1.000000
0.999175 -0.020568 -0.035021 0.000000 0.019519 0.999358 -0.030027 0.291300 0.035616 0.029319 0.998935 0.010900 0.000000 0.000000 0.000000 1.000000
0.999126 -0.021958 -0.035579 0.000000 0.020951 0.999376 -0.028438 0.291300 0.036181 0.027668 0.998962 0.010900 0.000000 0.000000 0.000000 1.000000
0.999137 -0.022182 -0.035117 -0.000000 0.021227 0.999401 -0.027326 0.291300 0.035702 0.026557 0.999010 0.010900 0.000000 0.000000 0.000000 1.000000
0.999228 -0.020804 -0.033315 0.000000 0.019926 0.999451 -0.026475 0.291300 0.033847 0.025791 0.999094 0.010900 0.000000 0.000000 0.000000 1.000000
0.999390 -0.017563 -0.030194 0.000000 0.016783 0.999524 -0.025887 0.291300 0.030635 0.025365 0.999209 0.010900 0.000000 0.000000 0.000000 1.000000
0.999569 -0.012930 -0.026364 -0.000000 0.012250 0.999592 -0.025815 0.291300 0.026687 0.025481 0.999319 0.010900 0.000000 0.000000 0.000000 1.000000
0.999698 -0.008428 -0.023067 0.000000 0.007821 0.999624 -0.026299 0.291300 0.023280 0.026110 0.999388 0.010900 0.000000 0.000000 0.000000 1.000000
0.999760 -0.005542 -0.021201 0.000000 0.004970 0.999625 -0.026922 0.291300 0.021342 0.026810 0.999413 0.010900 0.000000 0.000000 0.000000 1.000000
0.999783 -0.004419 -0.020363 0.000000 0.003858 0.999614 -0.027506 0.291300 0.020477 0.027422 0.999414 0.010900 0.000000 0.000000 0.000000 1.000000
0.999801 -0.004089 -0.019530 -0.000000 0.003529 0.999584 -0.028639 0.291300 0.019639 0.028565 0.999399 0.010900 0.000000 0.000000 0.000000 1.000000
0.999828 -0.003473 -0.018202 0.000000 0.002902 0.999506 -0.031293 0.291300 0.018302 0.031235 0.999344 0.010900 0.000000 0.000000 0.000000 1.000000
0.999863 -0.002001 -0.016446 0.000000 0.001408 0.999352 -0.035958 0.291300 0.016507 0.035930 0.999218 0.010900 0.000000 0.000000 0.000000 1.000000
0.999894 0.000059 -0.014579 0.000000 -0.000671 0.999118 -0.041989 0.291300 0.014563 0.041995 0.999012 0.010900 0.000000 0.000000 0.000000 1.000000
0.999913 0.001649 -0.013090 0.000000 -0.002280 0.998826 -0.048394 0.291300 0.012994 0.048420 0.998743 0.010900 0.000000 0.000000 0.000000 1.000000
0.999923 0.001967 -0.012214 0.000000 -0.002639 0.998468 -0.055267 0.291300 0.012086 0.055295 0.998397 0.010900 0.000000 0.000000 0.000000 1.000000
0.999932 0.001700 -0.011572 0.000000 -0.002443 0.997915 -0.064494 0.291300 0.011439 0.064518 0.997851 0.010900 0.000000 0.000000 0.000000 1.000000
0.999939 0.002689 -0.010681 0.000000 -0.003514 0.996944 -0.078041 0.291300 0.010438 0.078074 0.996893 0.010900 0.000000 0.000000 0.000000 1.000000
0.999935 0.006177 -0.009557 0.000000 -0.007055 0.995476 -0.094749 0.291300 0.008928 0.094811 0.995455 0.010900 0.000000 0.000000 0.000000 1.000000
0.999893 0.012094 -0.008289 0.000000 -0.012936 0.993787 -0.110541 0.291300 0.006901 0.110636 0.993837 0.010900 0.000000 0.000000 0.000000 1.000000
0.999793 0.019360 -0.006260 0.000000 -0.019980 0.992318 -0.122091 0.291300 0.003848 0.122191 0.992499 0.010900 0.000000 0.000000 0.000000 1.000000
0.999643 0.026580 -0.002533 0.000000 -0.026683 0.991104 -0.130389 0.291300 -0.000955 0.130410 0.991460 0.010900 0.000000 0.000000 0.000000 1.000000
0.999449 0.033100 0.002328 -0.000000 -0.032455 0.989752 -0.139060 0.291300 -0.006907 0.138908 0.990281 0.010900 0.000000 0.000000 0.000000 1.000000
0.999237 0.038529 0.006433 0.000000 -0.037144 0.988171 -0.148786 0.291300 -0.012089 0.148434 0.988848 0.010900 0.000000 0.000000 0.000000 1.000000
0.999042 0.042860 0.008895 -0.000000 -0.040937 0.986774 -0.156846 0.291300 -0.015500 0.156331 0.987583 0.010900 0.000000 0.000000 0.000000 1.000000
0.998848 0.046778 0.010692 0.000000 -0.044451 0.985952 -0.161003 0.291300 -0.018073 0.160342 0.986896 0.010900 0.000000 0.000000 0.000000 1.000000
0.998589 0.051390 0.013345 0.000000 -0.048568 0.985679 -0.161486 0.291300 -0.021453 0.160610 0.986785 0.010900 0.000000 0.000000 0.000000 1.000000
0.998228 0.057018 0.017051 -0.000000 -0.053575 0.985712 -0.159693 0.291300 -0.025913 0.158497 0.987019 0.010900 0.000000 0.000000 0.000000 1.000000
0.997827 0.062619 0.020503 -0.000000 -0.058657 0.985931 -0.156525 0.291300 -0.030016 0.154982 0.987461 0.010900 0.000000 0.000000 0.000000 1.000000
0.997484 0.067245 0.022439 0.000000 -0.063059 0.986284 -0.152535 0.291300 -0.032388 0.150736 0.988043 0.010900 0.000000 0.000000 0.000000 1.000000
0.997189 0.071239 0.023231 0.000000 -0.067011 0.986573 -0.148939 0.291300 -0.033530 0.146963 0.988574 0.010900 0.000000 0.000000 0.000000 1.000000
0.996851 0.075241 0.025045 -0.000000 -0.070750 0.986505 -0.147656 0.291300 -0.035817 0.145420 0.988722 0.010900 0.000000 0.000000 0.000000 1.000000
0.996469 0.078745 0.029139 0.000000 -0.073587 0.986166 -0.148528 0.291300 -0.040431 0.145859 0.988479 0.010900 0.000000 0.000000 0.000000 1.000000
0.996180 0.080569 0.033679 0.000000 -0.074756 0.986162 -0.147974 0.291300 -0.045135 0.144891 0.988418 0.010900 0.000000 0.000000 0.000000 1.000000
0.996136 0.080126 0.035963 0.000000 -0.074240 0.986984 -0.142656 0.291300 -0.046925 0.139435 0.989119 0.010900 0.000000 0.000000 0.000000 1.000000
0.996364 0.077557 0.035264 -0.000000 -0.072245 0.988507 -0.132799 0.291300 -0.045158 0.129768 0.990516 0.010900 0.000000 0.000000 0.000000 1.000000
0.996823 0.072768 0.032399 0.000000 -0.068386 0.990375 -0.120332 0.291300 -0.040843 0.117734 0.992205 0.010900 0.000000 0.000000 0.000000 1.000000
0.997452 0.065597 0.028034 0.000000 -0.062277 0.992388 -0.106245 0.291300 -0.034789 0.104228 0.993945 0.010900 0.000000 0.000000 0.000000 1.000000
0.998135 0.056710 0.022600 -0.000000 -0.054417 0.994303 -0.091655 0.291300 -0.027669 0.090254 0.995534 0.010900 0.000000 0.000000 0.000000 1.000000
0.998723 0.047645 0.016832 -0.000000 -0.046190 0.995865 -0.078226 0.291300 -0.020489 0.077349 0.996794 0.010900 0.000000 0.000000 0.000000 1.000000
0.999165 0.039267 0.011268 0.000000 -0.038437 0.997063 -0.066241 0.291300 -0.013836 0.065753 0.997740 0.010900 0.000000 0.000000 0.000000 1.000000</float_array><technique_common><accessor source="#mixamorig_Spine-Matrix-animation-output-transform-array" count="98" stride="16"><param type="float4x4"/></accessor></technique_common></source><source id="mixamorig_Spine-Interpolations"><Name_array id="mixamorig_Spine-Interpolations-array" count="98">
 LINEAR LINEAR LINEAR LINEAR LINEAR LINEAR LINEAR LINEAR LINEAR LINEAR LINEAR
LINEAR LINEAR LINEAR LINEAR LINEAR LINEAR LINEAR LINEAR LINEAR LINEAR LINEAR LINEAR
LINEAR LINEAR LINEAR LINEAR LINEAR LINEAR LINEAR LINEAR LINEAR LINEAR LINEAR LINEAR
LINEAR LINEAR LINEAR LINEAR LINEAR LINEAR LINEAR LINEAR LINEAR LINEAR LINEAR LINEAR
LINEAR LINEAR LINEAR LINEAR LINEAR LINEAR LINEAR LINEAR LINEAR LINEAR LINEAR LINEAR
LINEAR LINEAR LINEAR LINEAR LINEAR LINEAR LINEAR LINEAR LINEAR LINEAR LINEAR LINEAR
LINEAR LINEAR LINEAR LINEAR LINEAR LINEAR LINEAR LINEAR LINEAR LINEAR LINEAR LINEAR
LINEAR LINEAR LINEAR LINEAR LINEAR LINEAR LINEAR LINEAR LINEAR LINEAR LINEAR LINEAR
LINEAR LINEAR LINEAR</Name_array><technique_common><accessor source="#mixamorig_Spine-Interpolations-array" count="98"><param type="name"/></accessor></technique_common></source><sampler id="mixamorig_Spine-Matrix-animation-transform"><input semantic="INPUT" source="#mixamorig_Spine-Matrix-animation-input"/><input semantic="OUTPUT" source="#mixamorig_Spine-Matrix-animation-output-transform"/><input semantic="INTERPOLATION" source="#mixamorig_Spine-Interpolations"/></sampler><channel source="#mixamorig_Spine-Matrix-animation-transform" target="mixamorig_Spine/matrix"/></animation>
    <animation id="mixamorig_Spine1-anim" name="mixamorig_Spine1"><source id="mixamorig_Spine1-Matrix-animation-input"><float_array id="mixamorig_Spine1-Matrix-animation-input-array" count="98">

0.000000 0.033333 0.066667 0.100000 0.133333 0.166667 0.200000 0.233333 0.266667 0.300000 0.333333 0.366667 0.400000 0.433333 0.466667 0.500000
0.533333 0.566667 0.600000 0.633333 0.666667 0.700000 0.733333 0.766667 0.800000 0.833333 0.866667 0.900000 0.933333 0.966667 1.000000 1.033333
1.066667 1.100000 1.133333 1.166667 1.200000 1.233333 1.266667 1.300000 1.333333 1.366667 1.400000 1.433333 1.466667 1.500000 1.533333 1.566667
1.600000 1.633333 1.666667 1.700000 1.733333 1.766667 1.800000 1.833333 1.866667 1.900000 1.933333 1.966667 2.000000 2.033333 2.066667 2.100000
2.133333 2.166667 2.200000 2.233333 2.266667 2.300000 2.333333 2.366667 2.400000 2.433333 2.466667 2.500000 2.533333 2.566667 2.600000 2.633333
2.666667 2.700000 2.733333 2.766667 2.800000 2.833333 2.866667 2.900000 2.933333 2.966667 3.000000 3.033333 3.066667 3.100000 3.133333 3.166667
3.200000 3.233333</float_array><technique_common><accessor source="#mixamorig_Spine1-Matrix-animation-input-array" count="98"><param name="TIME" type="float"/></accessor></technique_common></source><source id="mixamorig_Spine1-Matrix-animation-output-transform"><float_array id="mixamorig_Spine1-Matrix-animation-output-transform-array" count="1568">

0.999682 0.024017 0.007672 -0.000000 -0.023964 0.999689 -0.006902 0.340000 -0.007836 0.006716 0.999947 0.000000 0.000000 0.000000 0.000000 1.000000
0.999805 0.019388 0.003649 0.000000 -0.019394 0.999811 0.001667 0.340000 -0.003616 -0.001737 0.999992 0.000000 0.000000 0.000000 0.000000 1.000000
0.999885 0.015155 -0.000580 0.000000 -0.015148 0.999824 0.011072 0.340000 0.000748 -0.011062 0.999939 0.000000 0.000000 0.000000 0.000000 1.000000
0.999923 0.011465 -0.004846 0.000000 -0.011363 0.999721 0.020717 0.340000 0.005082 -0.020660 0.999774 -0.000000 0.000000 0.000000 0.000000 1.000000
0.999930 0.008361 -0.008315 0.000000 -0.008117 0.999548 0.028958 0.340000 0.008553 -0.028888 0.999546 0.000000 0.000000 0.000000 0.000000 1.000000
0.999933 0.005507 -0.010167 -0.000000 -0.005152 0.999386 0.034667 0.340000 0.010351 -0.034612 0.999347 0.000000 0.000000 0.000000 0.000000 1.000000
0.999941 0.002451 -0.010596 -0.000000 -0.002049 0.999283 0.037798 0.340000 0.010681 -0.037774 0.999229 -0.000000 0.000000 0.000000 0.000000 1.000000
0.999942 -0.000873 -0.010745 0.000000 0.001291 0.999241 0.038923 0.340000 0.010703 -0.038934 0.999184 0.000000 0.000000 0.000000 0.000000 1.000000
0.999927 -0.004264 -0.011281 0.000000 0.004701 0.999231 0.038933 0.340000 0.011107 -0.038983 0.999178 0.000000 0.000000 0.000000 0.000000 1.000000
0.999901 -0.007471 -0.011913 0.000000 0.007928 0.999216 0.038782 0.340000 0.011614 -0.038873 0.999177 0.000000 0.000000 0.000000 0.000000 1.000000
0.999873 -0.010338 -0.012168 -0.000000 0.010802 0.999191 0.038747 0.340000 0.011757 -0.038873 0.999175 0.000000 0.000000 0.000000 0.000000 1.000000
0.999845 -0.012909 -0.012002 -0.000000 0.013360 0.999178 0.038266 0.340000 0.011498 -0.038421 0.999195 0.000000 0.000000 0.000000 0.000000 1.000000
0.999818 -0.015150 -0.011589 0.000000 0.015567 0.999202 0.036783 0.340000 0.011022 -0.036957 0.999256 0.000000 0.000000 0.000000 0.000000 1.000000
0.999797 -0.016725 -0.011224 0.000000 0.017103 0.999261 0.034425 0.340000 0.010640 -0.034610 0.999344 -0.000000 0.000000 0.000000 0.000000 1.000000
0.999785 -0.017417 -0.011222 0.000000 0.017765 0.999341 0.031647 0.340000 0.010663 -0.031839 0.999436 -0.000000 0.000000 0.000000 0.000000 1.000000
0.999781 -0.017490 -0.011527 0.000000 0.017813 0.999434 0.028538 0.340000 0.011021 -0.028737 0.999526 0.000000 0.000000 0.000000 0.000000 1.000000
0.999778 -0.017373 -0.011909 -0.000000 0.017667 0.999530 0.025071 0.340000 0.011468 -0.025276 0.999615 -0.000000 0.000000 0.000000 0.000000 1.000000
0.999774 -0.017250 -0.012452 0.000000 0.017515 0.999615 0.021523 0.340000 0.012075 -0.021736 0.999691 0.000000 0.000000 0.000000 0.000000 1.000000
0.999765 -0.017215 -0.013203 0.000000 0.017451 0.999685 0.018019 0.340000 0.012888 -0.018245 0.999750 0.000000 0.000000 0.000000 0.000000 1.000000
0.999756 -0.017307 -0.013745 0.000000 0.017505 0.999742 0.014456 0.340000 0.013491 -0.014693 0.999801 -0.000000 0.000000 0.000000 0.000000 1.000000
0.999759 -0.017239 -0.013594 0.000000 0.017390 0.999788 0.011052 0.340000 0.013400 -0.011286 0.999847 0.000000 0.000000 0.000000 0.000000 1.000000
0.999781 -0.016511 -0.012848 0.000000 0.016612 0.999832 0.007784 0.340000 0.012717 -0.007996 0.999887 0.000000 0.000000 0.000000 0.000000 1.000000
