<?xml version="1.0" encoding="utf-8"?>
<COLLADA xmlns="http://www.collada.org/2005/11/COLLADASchema" version="1.4.1">
  <asset><contributor><author>Mixamo</author><authoring_tool>COLLADA Mixamo exporter</authoring_tool><comments></comments></contributor><created>2020-05-06T14:13:43Z</created><modified>2020-05-06T14:13:43Z</modified><revision></revision><title></title><unit meter="0.010000"/><up_axis>Y_UP</up_axis></asset>
  <library_animations>
    <animation id="mixamorig_Hips-anim" name="mixamorig_Hips"><source id="mixamorig_Hips-Matrix-animation-input"><float_array id="mixamorig_Hips-Matrix-animation-input-array" count="67">

0.000000 0.033333 0.066667 0.100000 0.133333 0.166667 0.200000 0.233333 0.266667 0.300000 0.333333 0.366667 0.400000 0.433333 0.466667 0.500000
0.533333 0.566667 0.600000 0.633333 0.666667 0.700000 0.733333 0.766667 0.800000 0.833333 0.866667 0.900000 0.933333 0.966667 1.000000 1.033333
1.066667 1.100000 1.133333 1.166667 1.200000 1.233333 1.266667 1.300000 1.333333 1.366667 1.400000 1.433333 1.466667 1.500000 1.533333 1.566667
1.600000 1.633333 1.666667 1.700000 1.733333 1.766667 1.800000 1.833333 1.866667 1.900000 1.933333 1.966667 2.000000 2.033333 2.066667 2.100000
2.133333 2.166667 2.200000</float_array><technique_common><accessor source="#mixamorig_Hips-Matrix-animation-input-array" count="67"><param name="TIME" type="float"/></accessor></technique_common></source><source id="mixamorig_Hips-Matrix-animation-output-transform"><float_array id="mixamorig_Hips-Matrix-animation-output-transform-array" count="1072">

0.990202 0.037183 -0.134604 0.020261 -0.035798 0.999278 0.012696 2.106749 0.134979 -0.007754 0.990818 -0.002668 0.000000 0.000000 0.000000 1.000000
0.986038 0.033409 -0.163134 0.019072 -0.033126 0.999441 0.004458 2.107603 0.163191 0.001009 0.986594 -0.005378 0.000000 0.000000 0.000000 1.000000
0.979574 0.029092 -0.198970 0.018179 -0.030510 0.999526 -0.004064 2.108709 0.198758 0.010052 0.979997 -0.008447 0.000000 0.000000 0.000000 1.000000
0.969897 0.024312 -0.242300 0.018175 -0.028383 0.999508 -0.013324 2.109625 0.241857 0.019800 0.970110 -0.011793 0.000000 0.000000 0.000000 1.000000
0.956399 0.018502 -0.291476 0.019738 -0.026490 0.999373 -0.023484 2.109677 0.290859 0.030182 0.956290 -0.015271 0.000000 0.000000 0.000000 1.000000
0.938409 0.011080 -0.345349 0.023081 -0.024254 0.999133 -0.033851 2.108873 0.344675 0.040143 0.937863 -0.018446 0.000000 0.000000 0.000000 1.000000
0.915807 0.002878 -0.401607 0.027951 -0.022540 0.998767 -0.044242 2.107570 0.400985 0.049570 0.914743 -0.020327 0.000000 0.000000 0.000000 1.000000
0.889950 -0.005113 -0.456029 0.034141 -0.022452 0.998234 -0.055007 2.105815 0.455505 0.059192 0.888263 -0.019920 0.000000 0.000000 0.000000 1.000000
0.863052 -0.013094 -0.504945 0.041792 -0.023353 0.997561 -0.065783 2.103644 0.504574 0.068566 0.860641 -0.016742 0.000000 0.000000 0.000000 1.000000
0.836829 -0.020740 -0.547071 0.051384 -0.024637 0.996843 -0.075476 2.101180 0.546910 0.076639 0.833676 -0.010826 0.000000 0.000000 0.000000 1.000000
0.810785 -0.027081 -0.584718 0.063546 -0.026519 0.996204 -0.082911 2.098095 0.584743 0.082729 0.806989 -0.002293 0.000000 0.000000 0.000000 1.000000
0.781516 -0.033107 -0.623006 0.078061 -0.028254 0.995688 -0.088355 2.093471 0.623245 0.086653 0.777211 0.008432 0.000000 0.000000 0.000000 1.000000
0.746601 -0.040359 -0.664046 0.094159 -0.028138 0.995349 -0.092130 2.086414 0.664676 0.087469 0.741994 0.020395 0.000000 0.000000 0.000000 1.000000
0.708950 -0.047197 -0.703677 0.112225 -0.025677 0.995369 -0.092631 2.076313 0.704791 0.083739 0.704456 0.033125 0.000000 0.000000 0.000000 1.000000
0.675731 -0.050078 -0.735445 0.132669 -0.023247 0.995746 -0.089162 2.062845 0.736782 0.077347 0.671692 0.047591 0.000000 0.000000 0.000000 1.000000
0.654877 -0.046936 -0.754277 0.153905 -0.024262 0.996249 -0.083058 2.047563 0.755346 0.072693 0.651282 0.065151 0.000000 0.000000 0.000000 1.000000
0.655159 -0.037131 -0.754578 0.173735 -0.030919 0.996637 -0.075888 2.034320 0.754858 0.073050 0.651807 0.085446 0.000000 0.000000 0.000000 1.000000
0.685410 -0.019709 -0.727891 0.190421 -0.043827 0.996705 -0.068257 2.028451 0.726838 0.078685 0.682287 0.106360 0.000000 0.000000 0.000000 1.000000
0.743583 0.006078 -0.668616 0.202511 -0.061484 0.996344 -0.059321 2.032125 0.665810 0.085219 0.741238 0.125293 0.000000 0.000000 0.000000 1.000000
0.812863 0.036062 -0.581337 0.210189 -0.079231 0.995650 -0.049023 2.044098 0.577040 0.085908 0.812185 0.140735 0.000000 0.000000 0.000000 1.000000
0.878588 0.065012 -0.473136 0.215661 -0.094962 0.994690 -0.039663 2.063749 0.468045 0.079778 0.880096 0.153070 0.000000 0.000000 0.000000 1.000000
0.933700 0.091367 -0.346202 0.220864 -0.109578 0.993418 -0.033355 2.087920 0.340876 0.069079 0.937567 0.161733 0.000000 0.000000 0.000000 1.000000
0.970383 0.111070 -0.214522 0.224839 -0.119937 0.992366 -0.028729 2.109122 0.209693 0.053608 0.976297 0.162812 0.000000 0.000000 0.000000 1.000000
0.987277 0.121203 -0.102927 0.225157 -0.124080 0.992028 -0.021995 2.126328 0.099441 0.034486 0.994446 0.153479 0.000000 0.000000 0.000000 1.000000
0.991453 0.129677 -0.014345 0.219498 -0.129876 0.991432 -0.013949 2.141899 0.012413 0.015693 0.999800 0.138868 0.000000 0.000000 0.000000 1.000000
0.987465 0.141619 0.069685 0.207619 -0.141005 0.989914 -0.013690 2.156736 -0.070921 0.003692 0.997475 0.128760 0.000000 0.000000 0.000000 1.000000
0.976098 0.149672 0.157578 0.190925 -0.146842 0.988719 -0.029517 2.166165 -0.160219 0.005673 0.987065 0.126453 0.000000 0.000000 0.000000 1.000000
0.958687 0.158117 0.236469 0.176564 -0.149062 0.987252 -0.055810 2.163805 -0.242279 0.018255 0.970035 0.129589 0.000000 0.000000 0.000000 1.000000
0.942948 0.172152 0.284978 0.172886 -0.155953 0.984618 -0.078773 2.149296 -0.294156 0.029836 0.955292 0.132834 0.000000 0.000000 0.000000 1.000000
0.937313 0.179533 0.298683 0.174293 -0.159377 0.983039 -0.090737 2.126265 -0.309908 0.037445 0.950029 0.131332 0.000000 0.000000 0.000000 1.000000
0.938572 0.174481 0.297724 0.176862 -0.152080 0.983596 -0.097007 2.107919 -0.309766 0.045771 0.949711 0.126461 0.000000 0.000000 0.000000 1.000000
0.938927 0.166059 0.301397 0.179852 -0.139928 0.984421 -0.106469 2.098839 -0.314382 0.057793 0.947536 0.123170 0.000000 0.000000 0.000000 1.000000
0.937227 0.160650 0.309510 0.183323 -0.129941 0.984530 -0.117543 2.095427 -0.323605 0.069947 0.943603 0.122343 0.000000 0.000000 0.000000 1.000000
0.936615 0.154729 0.314343 0.186634 -0.121314 0.984921 -0.123340 2.093995 -0.328687 0.077388 0.941263 0.120738 0.000000 0.000000 0.000000 1.000000
0.938820 0.146363 0.311762 0.189849 -0.113105 0.986026 -0.122314 2.094865 -0.325307 0.079569 0.942255 0.117715 0.000000 0.000000 0.000000 1.000000
0.944919 0.136808 0.297341 0.192521 -0.106834 0.987616 -0.114899 2.098764 -0.309378 0.076804 0.947833 0.114644 0.000000 0.000000 0.000000 1.000000
0.954856 0.125927 0.269057 0.193330 -0.102101 0.989650 -0.100841 2.103913 -0.278971 0.068818 0.957831 0.111881 0.000000 0.000000 0.000000 1.000000
0.966086 0.113415 0.231979 0.191720 -0.096387 0.991835 -0.083504 2.107175 -0.239555 0.058313 0.969130 0.109011 0.000000 0.000000 0.000000 1.000000
0.976341 0.099383 0.192045 0.187621 -0.087977 0.993863 -0.067052 2.108011 -0.197530 0.048570 0.979093 0.106059 0.000000 0.000000 0.000000 1.000000
0.984733 0.084289 0.152302 0.180488 -0.077005 0.995615 -0.053119 2.108346 -0.156112 0.040580 0.986905 0.103176 0.000000 0.000000 0.000000 1.000000
0.990786 0.070560 0.115602 0.170085 -0.065970 0.996892 -0.043064 2.109454 -0.118282 0.035041 0.992362 0.100224 0.000000 0.000000 0.000000 1.000000
0.994719 0.060017 0.083259 0.156891 -0.057127 0.997693 -0.036671 2.110987 -0.085268 0.031721 0.995853 0.096570 0.000000 0.000000 0.000000 1.000000
0.997246 0.051215 0.053644 0.141346 -0.049579 0.998277 -0.031397 2.112253 -0.055160 0.028651 0.998066 0.091155 0.000000 0.000000 0.000000 1.000000
0.998738 0.043037 0.025907 0.123848 -0.042354 0.998755 -0.026342 2.113104 -0.027008 0.025211 0.999317 0.083627 0.000000 0.000000 0.000000 1.000000
0.999290 0.037647 0.001207 0.105497 -0.037611 0.999039 -0.022495 2.113930 -0.002053 0.022434 0.999746 0.075109 0.000000 0.000000 0.000000 1.000000
0.999139 0.036465 -0.019804 0.087777 -0.036854 0.999128 -0.019643 2.115187 0.019070 0.020356 0.999611 0.066720 0.000000 0.000000 0.000000 1.000000
0.998623 0.036843 -0.037358 0.071342 -0.037490 0.999156 -0.016759 2.116432 0.036709 0.018136 0.999161 0.058230 0.000000 0.000000 0.000000 1.000000
0.997975 0.035703 -0.052646 0.056319 -0.036491 0.999235 -0.014075 2.116760 0.052104 0.015968 0.998514 0.049201 0.000000 0.000000 0.000000 1.000000
0.997187 0.032904 -0.067348 0.043108 -0.033797 0.999355 -0.012158 2.116506 0.066905 0.014400 0.997655 0.040255 0.000000 0.000000 0.000000 1.000000
0.996267 0.030283 -0.080842 0.032470 -0.031207 0.999461 -0.010190 2.117228 0.080490 0.012675 0.996675 0.032471 0.000000 0.000000 0.000000 1.000000
0.995326 0.028499 -0.092269 0.024509 -0.029290 0.999545 -0.007223 2.118702 0.092021 0.009891 0.995708 0.026010 0.000000 0.000000 0.000000 1.000000
0.994201 0.027229 -0.104030 0.018752 -0.027752 0.999608 -0.003585 2.119905 0.103892 0.006451 0.994568 0.020264 0.000000 0.000000 0.000000 1.000000
0.992721 0.026787 -0.117422 0.014855 -0.026985 0.999636 -0.000094 2.120241 0.117377 0.003262 0.993082 0.014910 0.000000 0.000000 0.000000 1.000000
0.991245 0.027304 -0.129185 0.012461 -0.027187 0.999627 0.002670 2.120059 0.129210 0.000866 0.991617 0.010302 0.000000 0.000000 0.000000 1.000000
0.990260 0.027521 -0.136486 0.010953 -0.027164 0.999621 0.004483 2.119914 0.136557 -0.000732 0.990632 0.006695 0.000000 0.000000 0.000000 1.000000
0.989712 0.027001 -0.140504 0.010036 -0.026470 0.999634 0.005647 2.119795 0.140605 -0.001870 0.990064 0.003911 0.000000 0.000000 0.000000 1.000000
0.989314 0.026967 -0.143286 0.009851 -0.026273 0.999632 0.006731 2.119364 0.143415 -0.002894 0.989658 0.001768 0.000000 0.000000 0.000000 1.000000
0.989001 0.028051 -0.145226 0.010287 -0.027160 0.999598 0.008118 2.118485 0.145395 -0.004084 0.989365 0.000235 0.000000 0.000000 0.000000 1.000000
0.988812 0.029575 -0.146206 0.010964 -0.028443 0.999547 0.009831 2.117252 0.146431 -0.005562 0.989205 -0.000820 0.000000 0.000000 0.000000 1.000000
0.988756 0.030960 -0.146299 0.011792 -0.029578 0.999495 0.011615 2.115778 0.146585 -0.007157 0.989172 -0.001630 0.000000 0.000000 0.000000 1.000000
0.988839 0.032388 -0.145425 0.012850 -0.030787 0.999438 0.013249 2.114168 0.145773 -0.008624 0.989281 -0.002289 0.000000 0.000000 0.000000 1.000000
0.989045 0.033871 -0.143675 0.014077 -0.032122 0.999379 0.014478 2.112565 0.144076 -0.009704 0.989519 -0.002764 0.000000 0.000000 0.000000 1.000000
0.989310 0.034798 -0.141615 0.015407 -0.032987 0.999342 0.015111 2.111105 0.142047 -0.010278 0.989807 -0.003035 0.000000 0.000000 0.000000 1.000000
0.989560 0.035091 -0.139783 0.016778 -0.033260 0.999328 0.015414 2.109828 0.140230 -0.010604 0.990062 -0.003055 0.000000 0.000000 0.000000 1.000000
0.989780 0.035615 -0.138087 0.018006 -0.033826 0.999311 0.015283 2.108688 0.138536 -0.010456 0.990302 -0.002875 0.000000 0.000000 0.000000 1.000000
0.989994 0.036599 -0.136282 0.019078 -0.034985 0.999287 0.014222 2.107647 0.136705 -0.009312 0.990568 -0.002717 0.000000 0.000000 0.000000 1.000000
0.990202 0.037183 -0.134604 0.020261 -0.035798 0.999278 0.012696 2.106749 0.134979 -0.007754 0.990818 -0.002668 0.000000 0.000000 0.000000 1.000000</float_array><technique_common><accessor source="#mixamorig_Hips-Matrix-animation-output-transform-array" count="67" stride="16"><param type="float4x4"/></accessor></technique_common></source><source id="mixamorig_Hips-Interpolations"><Name_array id="mixamorig_Hips-Interpolations-array" count="67">
 LINEAR LINEAR LINEAR LINEAR LINEAR LINEAR LINEAR LINEAR LINEAR LINEAR LINEAR
LINEAR LINEAR LINEAR LINEAR LINEAR LINEAR LINEAR LINEAR LINEAR LINEAR LINEAR LINEAR
LINEAR LINEAR LINEAR LINEAR LINEAR LINEAR LINEAR LINEAR LINEAR LINEAR LINEAR LINEAR
LINEAR LINEAR LINEAR LINEAR LINEAR LINEAR LINEAR LINEAR LINEAR LINEAR LINEAR LINEAR
LINEAR LINEAR LINEAR LINEAR LINEAR LINEAR LINEAR LINEAR LINEAR LINEAR LINEAR LINEAR
LINEAR LINEAR LINEAR LINEAR LINEAR LINEAR LINEAR LINEAR</Name_array><technique_common><accessor source="#mixamorig_Hips-Interpolations-array" count="67"><param type="name"/></accessor></technique_common></source><sampler id="mixamorig_Hips-Matrix-animation-transform"><input semantic="INPUT" source="#mixamorig_Hips-Matrix-animation-input"/><input semantic="OUTPUT" source="#mixamorig_Hips-Matrix-animation-output-transform"/><input semantic="INTERPOLATION" source="#mixamorig_Hips-Interpolations"/></sampler><channel source="#mixamorig_Hips-Matrix-animation-transform" target="mixamorig_Hips/matrix"/></animation>
    <animation id="mixamorig_Spine-anim" name="mixamorig_Spine"><source id="mixamorig_Spine-Matrix-animation-input"><float_array id="mixamorig_Spine-Matrix-animation-input-array" count="67">

0.000000 0.033333 0.066667 0.100000 0.133333 0.166667 0.200000 0.233333 0.266667 0.300000 0.333333 0.366667 0.400000 0.433333 0.466667 0.500000
0.533333 0.566667 0.600000 0.633333 0.666667 0.700000 0.733333 0.766667 0.800000 0.833333 0.866667 0.900000 0.933333 0.966667 1.000000 1.033333
1.066667 1.100000 1.133333 1.166667 1.200000 1.233333 1.266667 1.300000 1.333333 1.366667 1.400000 1.433333 1.466667 1.500000 1.533333 1.566667
1.600000 1.633333 1.666667 1.700000 1.733333 1.766667 1.800000 1.833333 1.866667 1.900000 1.933333 1.966667 2.000000 2.033333 2.066667 2.100000
2.133333 2.166667 2.200000</float_array><technique_common><accessor source="#mixamorig_Spine-Matrix-animation-input-array" count="67"><param name="TIME" type="float"/></accessor></technique_common></source><source id="mixamorig_Spine-Matrix-animation-output-transform"><float_array id="mixamorig_Spine-Matrix-animation-output-transform-array" count="1072">

0.998664 -0.040431 0.032167 -0.000000 0.043419 0.994200 -0.098391 0.291300 -0.028002 0.099656 0.994628 0.010900 0.000000 0.000000 0.000000 1.000000
0.998421 -0.050048 0.025521 0.000000 0.052275 0.994031 -0.095756 0.291300 -0.020576 0.096939 0.995078 0.010900 0.000000 0.000000 0.000000 1.000000
0.997948 -0.060871 0.019841 0.000000 0.062471 0.993637 -0.093715 0.291300 -0.014010 0.094762 0.995401 0.010900 0.000000 0.000000 0.000000 1.000000
0.997212 -0.073158 0.014721 0.000000 0.074210 0.992946 -0.092474 0.291300 -0.007852 0.093308 0.995606 0.010900 0.000000 0.000000 0.000000 1.000000
0.996195 -0.086693 0.008952 -0.000000 0.087150 0.991906 -0.092343 0.291300 -0.000874 0.092772 0.995687 0.010900 0.000000 0.000000 0.000000 1.000000
0.994886 -0.100998 0.001006 -0.000000 0.100650 0.990532 -0.093363 0.291300 0.008433 0.092987 0.995632 0.010900 0.000000 0.000000 0.000000 1.000000
0.993214 -0.115852 -0.010171 0.000000 0.114376 0.988892 -0.094920 0.291300 0.021054 0.093113 0.995433 0.010900 0.000000 0.000000 0.000000 1.000000
0.991079 -0.130955 -0.024779 0.000000 0.128027 0.987103 -0.096105 0.291300 0.037045 0.092075 0.995063 0.010900 0.000000 0.000000 0.000000 1.000000
0.988473 -0.145499 -0.041853 0.000000 0.140942 0.985295 -0.096591 0.291300 0.055291 0.089579 0.994444 0.010900 0.000000 0.000000 0.000000 1.000000
0.985616 -0.158394 -0.058934 -0.000000 0.152278 0.983583 -0.096826 0.291300 0.073303 0.086458 0.993555 0.010900 0.000000 0.000000 0.000000 1.000000
0.983031 -0.168393 -0.072756 0.000000 0.161036 0.982137 -0.097337 0.291300 0.087848 0.083969 0.992589 0.010900 0.000000 0.000000 0.000000 1.000000
0.981356 -0.174163 -0.081287 0.000000 0.165984 0.981205 -0.098417 0.291300 0.096900 0.083090 0.991820 0.010900 0.000000 0.000000 0.000000 1.000000
0.980858 -0.175047 -0.085304 -0.000000 0.166295 0.980915 -0.100756 0.291300 0.101313 0.084641 0.991247 0.010900 0.000000 0.000000 0.000000 1.000000
0.981092 -0.172575 -0.087618 0.000000 0.163129 0.980949 -0.105484 0.291300 0.104153 0.089197 0.990553 0.010900 0.000000 0.000000 0.000000 1.000000
0.981114 -0.170529 -0.091292 0.000000 0.159999 0.980698 -0.112393 0.291300 0.108696 0.095664 0.989461 0.010900 0.000000 0.000000 0.000000 1.000000
0.979965 -0.172557 -0.099461 0.000000 0.160516 0.979893 -0.118510 0.291300 0.117910 0.100170 0.987959 0.010900 0.000000 0.000000 0.000000 1.000000
0.976825 -0.180060 -0.115724 0.000000 0.166196 0.978759 -0.120040 0.291300 0.134880 0.098026 0.986001 0.010900 0.000000 0.000000 0.000000 1.000000
0.971862 -0.189015 -0.140564 0.000000 0.173521 0.978042 -0.115430 0.291300 0.159295 0.087791 0.983320 0.010900 0.000000 0.000000 0.000000 1.000000
0.967687 -0.190548 -0.165145 0.000000 0.174957 0.979022 -0.104432 0.291300 0.181580 0.072164 0.980725 0.010900 0.000000 0.000000 0.000000 1.000000
0.969332 -0.175775 -0.171750 0.000000 0.163244 0.982947 -0.084654 0.291300 0.183701 0.054020 0.981497 0.010900 0.000000 0.000000 0.000000 1.000000
0.979467 -0.141365 -0.143741 -0.000000 0.134701 0.989352 -0.055127 0.291300 0.150003 0.034633 0.988079 0.010900 0.000000 0.000000 0.000000 1.000000
0.992744 -0.091219 -0.078352 0.000000 0.089471 0.995662 -0.025541 0.291300 0.080342 0.018345 0.996599 0.010900 0.000000 0.000000 0.000000 1.000000
0.999377 -0.034755 0.006172 -0.000000 0.034841 0.999289 -0.014408 0.291300 -0.005667 0.014614 0.999877 0.010900 0.000000 0.000000 0.000000 1.000000
0.996688 0.018835 0.079107 0.000000 -0.016433 0.999387 -0.030909 0.291300 -0.079641 0.029507 0.996387 0.010900 0.000000 0.000000 0.000000 1.000000
0.990668 0.064411 0.120116 0.000000 -0.056942 0.996284 -0.064614 0.291300 -0.123831 0.057171 0.990655 0.010900 0.000000 0.000000 0.000000 1.000000
0.986141 0.099135 0.133032 0.000000 -0.086532 0.991476 -0.097402 0.291300 -0.141554 0.084541 0.986314 0.010900 0.000000 0.000000 0.000000 1.000000
0.983222 0.123045 0.134665 -0.000000 -0.107095 0.986993 -0.119901 0.291300 -0.147666 0.103467 0.983610 0.010900 0.000000 0.000000 0.000000 1.000000
0.981523 0.132125 0.138402 0.000000 -0.113675 0.984485 -0.133666 0.291300 -0.153915 0.115464 0.981315 0.010900 0.000000 0.000000 0.000000 1.000000
0.980146 0.128124 0.151324 0.000000 -0.106194 0.983708 -0.145060 0.291300 -0.167444 0.126110 0.977783 0.010900 0.000000 0.000000 0.000000 1.000000
0.976390 0.125867 0.175559 0.000000 -0.098021 0.982375 -0.159158 0.291300 -0.192497 0.138191 0.971518 0.010900 0.000000 0.000000 0.000000 1.000000
0.969232 0.134787 0.205967 0.000000 -0.098904 0.979487 -0.175566 0.291300 -0.225406 0.149793 0.962681 0.010900 0.000000 0.000000 0.000000 1.000000
0.961509 0.149574 0.230497 -0.000000 -0.106509 0.976155 -0.189149 0.291300 -0.253292 0.157318 0.954512 0.010900 0.000000 0.000000 0.000000 1.000000
0.957745 0.158211 0.240197 -0.000000 -0.112112 0.974416 -0.194793 0.291300 -0.264870 0.159633 0.950979 0.010900 0.000000 0.000000 0.000000 1.000000
0.959028 0.155994 0.236499 -0.000000 -0.111064 0.974952 -0.192701 0.291300 -0.260635 0.158539 0.952331 0.010900 0.000000 0.000000 0.000000 1.000000
0.962575 0.146290 0.228143 0.000000 -0.104134 0.976825 -0.187002 0.291300 -0.250212 0.156246 0.955500 0.010900 0.000000 0.000000 0.000000 1.000000
0.965642 0.134053 0.222633 0.000000 -0.094176 0.978967 -0.180983 0.291300 -0.242212 0.153798 0.957956 0.010900 0.000000 0.000000 0.000000 1.000000
0.967791 0.121734 0.220367 0.000000 -0.083453 0.980955 -0.175392 0.291300 -0.237522 0.151352 0.959519 0.010900 0.000000 0.000000 0.000000 1.000000
0.970170 0.109844 0.216112 0.000000 -0.073504 0.982777 -0.169546 0.291300 -0.231013 0.148603 0.961535 0.010900 0.000000 0.000000 0.000000 1.000000
0.973677 0.098520 0.205542 -0.000000 -0.065311 0.984541 -0.162521 0.291300 -0.218376 0.144819 0.965059 0.010900 0.000000 0.000000 0.000000 1.000000
0.977923 0.088031 0.189518 0.000000 -0.058991 0.986345 -0.153762 0.291300 -0.200466 0.139187 0.969763 0.010900 0.000000 0.000000 0.000000 1.000000
0.981935 0.078218 0.172297 0.000000 -0.053524 0.988191 -0.143574 0.291300 -0.181493 0.131758 0.974526 0.010900 0.000000 0.000000 0.000000 1.000000
0.985195 0.068686 0.157078 -0.000000 -0.047732 0.989902 -0.133478 0.291300 -0.164660 0.124004 0.978524 0.010900 0.000000 0.000000 0.000000 1.000000
0.987806 0.059428 0.143898 0.000000 -0.041379 0.991253 -0.125319 0.291300 -0.150087 0.117836 0.981625 0.010900 0.000000 0.000000 0.000000 1.000000
0.990124 0.050164 0.130915 -0.000000 -0.034462 0.992228 -0.119564 0.291300 -0.135895 0.113872 0.984157 0.010900 0.000000 0.000000 0.000000 1.000000
0.992356 0.039599 0.116882 0.000000 -0.026063 0.993007 -0.115147 0.291300 -0.120625 0.111220 0.986448 0.010900 0.000000 0.000000 0.000000 1.000000
0.994387 0.026866 0.102335 -0.000000 -0.015414 0.993690 -0.111093 0.291300 -0.104674 0.108892 0.988527 0.010900 0.000000 0.000000 0.000000 1.000000
0.995968 0.013523 0.088684 0.000000 -0.003931 0.994202 -0.107460 0.291300 -0.089623 0.106678 0.990246 0.010900 0.000000 0.000000 0.000000 1.000000
0.997061 0.002371 0.076581 0.000000 0.005666 0.994502 -0.104560 0.291300 -0.076408 0.104687 0.991566 0.010900 0.000000 0.000000 0.000000 1.000000
0.997841 -0.005627 0.065441 0.000000 0.012317 0.994680 -0.102270 0.291300 -0.064518 0.102855 0.992602 0.010900 0.000000 0.000000 0.000000 1.000000
0.998430 -0.011923 0.054722 0.000000 0.017383 0.994795 -0.100405 0.291300 -0.053240 0.101199 0.993441 0.010900 0.000000 0.000000 0.000000 1.000000
0.998817 -0.017592 0.045336 0.000000 0.022025 0.994822 -0.099217 0.291300 -0.043356 0.100098 0.994033 0.010900 0.000000 0.000000 0.000000 1.000000
0.998978 -0.022870 0.038980 0.000000 0.026637 0.994729 -0.099020 0.291300 -0.036510 0.099957 0.994322 0.010900 0.000000 0.000000 0.000000 1.000000
0.998975 -0.027665 0.035833 0.000000 0.031114 0.994543 -0.099578 0.291300 -0.032883 0.100590 0.994384 0.010900 0.000000 0.000000 0.000000 1.000000
0.998914 -0.031755 0.034087 -0.000000 0.035027 0.994361 -0.100099 0.291300 -0.030716 0.101185 0.994393 0.010900 0.000000 0.000000 0.000000 1.000000
0.998879 -0.034773 0.032133 -0.000000 0.037828 0.994275 -0.099934 0.291300 -0.028474 0.101038 0.994475 0.010900 0.000000 0.000000 0.000000 1.000000
0.998871 -0.036759 0.030093 -0.000000 0.039576 0.994288 -0.099126 0.291300 -0.026277 0.100205 0.994620 0.010900 0.000000 0.000000 0.000000 1.000000
0.998849 -0.038298 0.028869 -0.000000 0.040965 0.994315 -0.098279 0.291300 -0.024941 0.099348 0.994740 0.010900 0.000000 0.000000 0.000000 1.000000
0.998797 -0.039721 0.028744 0.000000 0.042362 0.994282 -0.098020 0.291300 -0.024686 0.099120 0.994769 0.010900 0.000000 0.000000 0.000000 1.000000
0.998738 -0.040777 0.029306 0.000000 0.043483 0.994179 -0.098574 0.291300 -0.025116 0.099724 0.994698 0.010900 0.000000 0.000000 0.000000 1.000000
0.998695 -0.041308 0.030031 0.000000 0.044112 0.994042 -0.099675 0.291300 -0.025734 0.100869 0.994567 0.010900 0.000000 0.000000 0.000000 1.000000
0.998669 -0.041564 0.030546 0.000000 0.044449 0.993913 -0.100807 0.291300 -0.026171 0.102031 0.994437 0.010900 0.000000 0.000000 0.000000 1.000000
0.998658 -0.041702 0.030709 0.000000 0.044624 0.993828 -0.101563 0.291300 -0.026284 0.102797 0.994355 0.010900 0.000000 0.000000 0.000000 1.000000
0.998665 -0.041554 0.030683 -0.000000 0.044480 0.993808 -0.101817 0.291300 -0.026262 0.103046 0.994330 0.010900 0.000000 0.000000 0.000000 1.000000
0.998681 -0.041081 0.030802 0.000000 0.044015 0.993851 -0.101599 0.291300 -0.026439 0.102821 0.994348 0.010900 0.000000 0.000000 0.000000 1.000000
0.998687 -0.040617 0.031205 0.000000 0.043576 0.993941 -0.100906 0.291300 -0.026918 0.102134 0.994406 0.010900 0.000000 0.000000 0.000000 1.000000
0.998678 -0.040431 0.031729 0.000000 0.043414 0.994062 -0.099776 0.291300 -0.027507 0.101021 0.994504 0.010900 0.000000 0.000000 0.000000 1.000000
0.998664 -0.040430 0.032167 0.000000 0.043419 0.994200 -0.098391 0.291300 -0.028002 0.099656 0.994628 0.010900 0.000000 0.000000 0.000000 1.000000</float_array><technique_common><accessor source="#mixamorig_Spine-Matrix-animation-output-transform-array" count="67" stride="16"><param type="float4x4"/></accessor></technique_common></source><source id="mixamorig_Spine-Interpolations"><Name_array id="mixamorig_Spine-Interpolations-array" count="67">
 LINEAR LINEAR LINEAR LINEAR LINEAR LINEAR LINEAR LINEAR LINEAR LINEAR LINEAR
LINEAR LINEAR LINEAR LINEAR LINEAR LINEAR LINEAR LINEAR LINEAR LINEAR LINEAR LINEAR
LINEAR LINEAR LINEAR LINEAR LINEAR LINEAR LINEAR LINEAR LINEAR LINEAR LINEAR LINEAR
LINEAR LINEAR LINEAR LINEAR LINEAR LINEAR LINEAR LINEAR LINEAR LINEAR LINEAR LINEAR
LINEAR LINEAR LINEAR LINEAR LINEAR LINEAR LINEAR LINEAR LINEAR LINEAR LINEAR LINEAR
LINEAR LINEAR LINEAR LINEAR LINEAR LINEAR LINEAR LINEAR</Name_array><technique_common><accessor source="#mixamorig_Spine-Interpolations-array" count="67"><param type="name"/></accessor></technique_common></source><sampler id="mixamorig_Spine-Matrix-animation-transform"><input semantic="INPUT" source="#mixamorig_Spine-Matrix-animation-input"/><input semantic="OUTPUT" source="#mixamorig_Spine-Matrix-animation-output-transform"/><input semantic="INTERPOLATION" source="#mixamorig_Spine-Interpolations"/></sampler><channel source="#mixamorig_Spine-Matrix-animation-transform" target="mixamorig_Spine/matrix"/></animation>
    <animation id="mixamorig_Spine1-anim" name="mixamorig_Spine1"><source id="mixamorig_Spine1-Matrix-animation-input"><float_array id="mixamorig_Spine1-Matrix-animation-input-array" count="67">

0.000000 0.033333 0.066667 0.100000 0.133333 0.166667 0.200000 0.233333 0.266667 0.300000 0.333333 0.366667 0.400000 0.433333 0.466667 0.500000
0.533333 0.566667 0.600000 0.633333 0.666667 0.700000 0.733333 0.766667 0.800000 0.833333 0.866667 0.900000 0.933333 0.966667 1.000000 1.033333
1.066667 1.100000 1.133333 1.166667 1.200000 1.233333 1.266667 1.300000 1.333333 1.366667 1.400000 1.433333 1.466667 1.500000 1.533333 1.566667
1.600000 1.633333 1.666667 1.700000 1.733333 1.766667 1.800000 1.833333 1.866667 1.900000 1.933333 1.966667 2.000000 2.033333 2.066667 2.100000
2.133333 2.166667 2.200000</float_array><technique_common><accessor source="#mixamorig_Spine1-Matrix-animation-input-array" count="67"><param name="TIME" type="float"/></accessor></technique_common></source><source id="mixamorig_Spine1-Matrix-animation-output-transform"><float_array id="mixamorig_Spine1-Matrix-animation-output-transform-array" count="1072">

0.999779 -0.017650 0.011427 0.000000 0.017833 0.999712 -0.016087 0.340000 -0.011140 0.016288 0.999805 0.000000 0.000000 0.000000 0.000000 1.000000
0.999744 -0.020698 0.009096 -0.000000 0.020833 0.999670 -0.015012 0.340000 -0.008782 0.015198 0.999846 -0.000000 0.000000 0.000000 0.000000 1.000000
0.999683 -0.024154 0.007079 0.000000 0.024252 0.999606 -0.014162 0.340000 -0.006734 0.014329 0.999875 0.000000 0.000000 0.000000 0.000000 1.000000
0.999592 -0.028079 0.005221 0.000000 0.028149 0.999510 -0.013725 0.340000 -0.004833 0.013866 0.999892 0.000000 0.000000 0.000000 0.000000 1.000000
0.999470 -0.032391 0.003101 -0.000000 0.032431 0.999378 -0.013862 0.340000 -0.002650 0.013955 0.999899 0.000000 0.000000 0.000000 0.000000 1.000000
0.999318 -0.036938 0.000202 0.000000 0.036937 0.999213 -0.014473 0.340000 0.000332 0.014470 0.999895 -0.000000 0.000000 0.000000 0.000000 1.000000
0.999125 -0.041642 -0.003811 0.000000 0.041580 0.999021 -0.015127 0.340000 0.004437 0.014956 0.999878 0.000000 0.000000 0.000000 0.000000 1.000000
0.998883 -0.046385 -0.008990 0.000000 0.046244 0.998812 -0.015366 0.340000 0.009692 0.014933 0.999842 0.000000 0.000000 0.000000 0.000000 1.000000
0.998592 -0.050870 -0.015009 -0.000000 0.050644 0.998602 -0.015118 0.340000 0.015757 0.014337 0.999773 -0.000000 0.000000 0.000000 0.000000 1.000000
0.998280 -0.054726 -0.021041 -0.000000 0.054422 0.998409 -0.014734 0.340000 0.021814 0.013564 0.999670 -0.000000 0.000000 0.000000 0.000000 1.000000
0.998002 -0.057607 -0.025957 -0.000000 0.057241 0.998253 -0.014614 0.340000 0.026754 0.013099 0.999556 0.000000 0.000000 0.000000 0.000000 1.000000
0.997828 -0.059127 -0.029033 -0.000000 0.058712 0.998163 -0.014964 0.340000 0.029864 0.013227 0.999466 0.000000 0.000000 0.000000 0.000000 1.000000
0.997789 -0.059025 -0.030536 0.000000 0.058559 0.998156 -0.015952 0.340000 0.031421 0.014129 0.999406 -0.000000 0.000000 0.000000 0.000000 1.000000
0.997838 -0.057697 -0.031469 0.000000 0.057158 0.998207 -0.017777 0.340000 0.032438 0.015940 0.999347 0.000000 0.000000 0.000000 0.000000 1.000000
0.997862 -0.056487 -0.032873 -0.000000 0.055842 0.998234 -0.020238 0.340000 0.033959 0.018359 0.999255 -0.000000 0.000000 0.000000 0.000000 1.000000
0.997726 -0.057151 -0.035742 0.000000 0.056370 0.998157 -0.022479 0.340000 0.036961 0.020413 0.999108 0.000000 0.000000 0.000000 0.000000 1.000000
0.997314 -0.060528 -0.041252 0.000000 0.059592 0.997945 -0.023555 0.340000 0.042593 0.021033 0.998871 0.000000 0.000000 0.000000 0.000000 1.000000
0.996651 -0.064958 -0.049674 0.000000 0.063873 0.997690 -0.023133 0.340000 0.051062 0.019882 0.998498 0.000000 0.000000 0.000000 0.000000 1.000000
0.996114 -0.066120 -0.058181 -0.000000 0.064982 0.997660 -0.021252 0.340000 0.059450 0.017389 0.998080 -0.000000 0.000000 0.000000 0.000000 1.000000
0.996355 -0.060022 -0.060620 0.000000 0.059038 0.998095 -0.017901 0.340000 0.061579 0.014257 0.998000 -0.000000 0.000000 0.000000 0.000000 1.000000
0.997601 -0.046964 -0.050859 -0.000000 0.046315 0.998831 -0.013874 0.340000 0.051451 0.011485 0.998609 -0.000000 0.000000 0.000000 0.000000 1.000000
0.999127 -0.031367 -0.027596 0.000000 0.031065 0.999453 -0.011322 0.340000 0.027936 0.010455 0.999555 0.000000 0.000000 0.000000 0.000000 1.000000
0.999847 -0.017250 0.002897 0.000000 0.017284 0.999779 -0.011937 0.340000 -0.002691 0.011985 0.999925 -0.000000 0.000000 0.000000 0.000000 1.000000
0.999548 -0.005061 0.029627 0.000000 0.005512 0.999870 -0.015153 0.340000 -0.029547 0.015309 0.999446 0.000000 0.000000 0.000000 0.000000 1.000000
0.998965 0.006848 0.044957 -0.000000 -0.005994 0.999800 -0.019091 0.340000 -0.045078 0.018802 0.998807 -0.000000 0.000000 0.000000 0.000000 1.000000
0.998578 0.018713 0.049928 0.000000 -0.017603 0.999590 -0.022593 0.340000 -0.050330 0.021682 0.998497 0.000000 0.000000 0.000000 0.000000 1.000000
0.998323 0.028010 0.050655 -0.000000 -0.026726 0.999308 -0.025857 0.340000 -0.051344 0.024460 0.998381 0.000000 0.000000 0.000000 0.000000 1.000000
0.998134 0.032111 0.051945 -0.000000 -0.030604 0.999095 -0.029550 0.340000 -0.052847 0.027905 0.998213 -0.000000 0.000000 0.000000 0.000000 1.000000
0.997903 0.032200 0.056144 0.000000 -0.030323 0.998963 -0.033965 0.340000 -0.057180 0.032192 0.997845 0.000000 0.000000 0.000000 0.000000 1.000000
0.997390 0.032763 0.064340 0.000000 -0.030297 0.998782 -0.038946 0.340000 -0.065537 0.036895 0.997168 -0.000000 0.000000 0.000000 0.000000 1.000000
0.996506 0.036493 0.075122 0.000000 -0.033266 0.998488 -0.043762 0.340000 -0.076606 0.041110 0.996214 -0.000000 0.000000 0.000000 0.000000 1.000000
0.995582 0.041511 0.084221 0.000000 -0.037634 0.998181 -0.047109 0.340000 -0.086024 0.043731 0.995333 0.000000 0.000000 0.000000 0.000000 1.000000
0.995138 0.044195 0.088020 0.000000 -0.040078 0.998043 -0.048000 0.340000 -0.089969 0.044239 0.994962 0.000000 0.000000 0.000000 0.000000 1.000000
0.995296 0.043040 0.086798 0.000000 -0.039089 0.998143 -0.046712 0.340000 -0.088648 0.043100 0.995130 -0.000000 0.000000 0.000000 0.000000 1.000000
0.995714 0.039245 0.083751 0.000000 -0.035615 0.998378 -0.044410 0.340000 -0.085358 0.041236 0.995497 0.000000 0.000000 0.000000 0.000000 1.000000
0.996058 0.034837 0.081583 -0.000000 -0.031477 0.998616 -0.042125 0.340000 -0.082938 0.039391 0.995776 -0.000000 0.000000 0.000000 0.000000 1.000000
0.996281 0.030985 0.080400 -0.000000 -0.027818 0.998803 -0.040223 0.340000 -0.081550 0.037837 0.995951 0.000000 0.000000 0.000000 0.000000 1.000000
0.996535 0.027708 0.078417 0.000000 -0.024749 0.998954 -0.038454 0.340000 -0.079401 0.036380 0.996179 0.000000 0.000000 0.000000 0.000000 1.000000
0.996935 0.024569 0.074272 -0.000000 -0.021913 0.999098 -0.036363 0.340000 -0.075099 0.034624 0.996575 0.000000 0.000000 0.000000 0.000000 1.000000
0.997431 0.021344 0.068374 0.000000 -0.019075 0.999251 -0.033662 0.340000 -0.069042 0.032271 0.997092 -0.000000 0.000000 0.000000 0.000000 1.000000
0.997901 0.018149 0.062159 0.000000 -0.016284 0.999406 -0.030365 0.340000 -0.062674 0.029290 0.997604 0.000000 0.000000 0.000000 0.000000 1.000000
0.998279 0.015271 0.056616 -0.000000 -0.013764 0.999543 -0.026903 0.340000 -0.057001 0.026078 0.998033 0.000000 0.000000 0.000000 0.000000 1.000000
0.998579 0.012886 0.051717 -0.000000 -0.011659 0.999645 -0.023957 0.340000 -0.052008 0.023319 0.998374 0.000000 0.000000 0.000000 0.000000 1.000000
0.998843 0.010721 0.046873 0.000000 -0.009704 0.999714 -0.021869 0.340000 -0.047094 0.021389 0.998661 -0.000000 0.000000 0.000000 0.000000 1.000000
0.999098 0.008159 0.041674 0.000000 -0.007313 0.999765 -0.020397 0.340000 -0.041830 0.020074 0.998923 -0.000000 0.000000 0.000000 0.000000 1.000000
0.999329 0.004948 0.036283 -0.000000 -0.004253 0.999806 -0.019216 0.340000 -0.036371 0.019049 0.999157 -0.000000 0.000000 0.000000 0.000000 1.000000
0.999512 0.001567 0.031203 -0.000000 -0.000996 0.999832 -0.018323 0.340000 -0.031227 0.018283 0.999345 -0.000000 0.000000 0.000000 0.000000 1.000000
0.999642 -0.001388 0.026736 -0.000000 0.001863 0.999841 -0.017761 0.340000 -0.026707 0.017804 0.999485 0.000000 0.000000 0.000000 0.000000 1.000000
0.999734 -0.003905 0.022748 0.000000 0.004300 0.999841 -0.017333 0.340000 -0.022677 0.017426 0.999591 0.000000 0.000000 0.000000 0.000000 1.000000
0.999799 -0.006346 0.019043 -0.000000 0.006667 0.999836 -0.016841 0.340000 -0.018933 0.016964 0.999677 0.000000 0.000000 0.000000 0.000000 1.000000
0.999836 -0.008795 0.015856 0.000000 0.009055 0.999825 -0.016387 0.340000 -0.015709 0.016528 0.999740 0.000000 0.000000 0.000000 0.000000 1.000000
0.999846 -0.011018 0.013694 -0.000000 0.011240 0.999805 -0.016234 0.340000 -0.013513 0.016385 0.999774 -0.000000 0.000000 0.000000 0.000000 1.000000
0.999837 -0.012900 0.012607 0.000000 0.013107 0.999779 -0.016416 0.340000 -0.012393 0.016578 0.999786 0.000000 0.000000 0.000000 0.000000 1.000000
0.999823 -0.014506 0.012009 0.000000 0.014705 0.999753 -0.016659 0.340000 -0.011764 0.016832 0.999789 0.000000 0.000000 0.000000 0.000000 1.000000
0.999811 -0.015801 0.011364 0.000000 0.015989 0.999733 -0.016684 0.340000 -0.011098 0.016863 0.999796 0.000000 0.000000 0.000000 0.000000 1.000000
0.999803 -0.016706 0.010692 -0.000000 0.016881 0.999722 -0.016488 0.340000 -0.010414 0.016666 0.999807 -0.000000 0.000000 0.000000 0.000000 1.000000
0.999797 -0.017321 0.010281 0.000000 0.017487 0.999715 -0.016280 0.340000 -0.009996 0.016456 0.999815 -0.000000 0.000000 0.000000 0.000000 1.000000
0.999789 -0.017813 0.010238 0.000000 0.017978 0.999706 -0.016248 0.340000 -0.009946 0.016429 0.999816 0.000000 0.000000 0.000000 0.000000 1.000000
0.999780 -0.018201 0.010442 0.000000 0.018371 0.999696 -0.016432 0.340000 -0.010140 0.016620 0.999810 -0.000000 0.000000 0.000000 0.000000 1.000000
0.999773 -0.018410 0.010706 0.000000 0.018588 0.999687 -0.016743 0.340000 -0.010394 0.016939 0.999803 0.000000 0.000000 0.000000 0.000000 1.000000
0.999770 -0.018458 0.010885 0.000000 0.018642 0.999681 -0.017052 0.340000 -0.010566 0.017251 0.999795 0.000000 0.000000 0.000000 0.000000 1.000000
0.999771 -0.018417 0.010933 0.000000 0.018604 0.999678 -0.017252 0.340000 -0.010611 0.017451 0.999791 -0.000000 0.000000 0.000000 0.000000 1.000000
0.999773 -0.018302 0.010922 -0.000000 0.018490 0.999679 -0.017297 0.340000 -0.010602 0.017495 0.999791 0.000000 0.000000 0.000000 0.000000 1.000000
0.999776 -0.018107 0.010969 0.000000 0.018294 0.999685 -0.017181 0.340000 -0.010654 0.017378 0.999792 0.000000 0.000000 0.000000 0.000000 1.000000
0.999778 -0.017893 0.011109 -0.000000 0.018079 0.999694 -0.016912 0.340000 -0.010803 0.017109 0.999795 0.000000 0.000000 0.000000 0.000000 1.000000
0.999779 -0.017736 0.011283 0.000000 0.017921 0.999703 -0.016524 0.340000 -0.010987 0.016722 0.999800 0.000000 0.000000 0.000000 0.000000 1.000000
0.999779 -0.017650 0.011427 0.000000 0.017833 0.999712 -0.016087 0.340000 -0.011140 0.016288 0.999805 0.000000 0.000000 0.000000 0.000000 1.000000</float_array><technique_common><accessor source="#mixamorig_Spine1-Matrix-animation-output-transform-array" count="67" stride="16"><param type="float4x4"/></accessor></technique_common></source><source id="mixamorig_Spine1-Interpolations"><Name_array id="mixamorig_Spine1-Interpolations-array" count="67">
 LINEAR LINEAR LINEAR LINEAR LINEAR LINEAR LINEAR LINEAR LINEAR LINEAR LINEAR
LINEAR LINEAR LINEAR LINEAR LINEAR LINEAR LINEAR LINEAR LINEAR LINEAR LINEAR LINEAR
LINEAR LINEAR LINEAR LINEAR LINEAR LINEAR LINEAR LINEAR LINEAR LINEAR LINEAR LINEAR
LINEAR LINEAR LINEAR LINEAR LINEAR LINEAR LINEAR LINEAR LINEAR LINEAR LINEAR LINEAR
LINEAR LINEAR LINEAR LINEAR LINEAR LINEAR LINEAR LINEAR LINEAR LINEAR LINEAR LINEAR
LINEAR LINEAR LINEAR LINEAR LINEAR LINEAR LINEAR LINEAR</Name_array><technique_common><accessor source="#mixamorig_Spine1-Interpolations-array" count="67"><param type="name"/></accessor></technique_common></source><sampler id="mixamorig_Spine1-Matrix-animation-transform"><input semantic="INPUT" source="#mixamorig_Spine1-Matrix-animation-input"/><input semantic="OUTPUT" source="#mixamorig_Spine1-Matrix-animation-output-transform"/><input semantic="INTERPOLATION" source="#mixamorig_Spine1-Interpolations"/></sampler><channel source="#mixamorig_Spine1-Matrix-animation-transform" target="mixamorig_Spine1/matrix"/></animation>
    <animation id="mixamorig_Spine2-anim" name="mixamorig_Spine2"><source id="mixamorig_Spine2-Matrix-animation-input"><float_array id="mixamorig_Spine2-Matrix-animation-input-array" count="67">

0.000000 0.033333 0.066667 0.100000 0.133333 0.166667 0.200000 0.233333 0.266667 0.300000 0.333333 0.366667 0.400000 0.433333 0.466667 0.500000
0.533333 0.566667 0.600000 0.633333 0.666667 0.700000 0.733333 0.766667 0.800000 0.833333 0.866667 0.900000 0.933333 0.966667 1.000000 1.033333
1.066667 1.100000 1.133333 1.166667 1.200000 1.233333 1.266667 1.300000 1.333333 1.366667 1.400000 1.433333 1.466667 1.500000 1.533333 1.566667
1.600000 1.633333 1.666667 1.700000 1.733333 1.766667 1.800000 1.833333 1.866667 1.900000 1.933333 1.966667 2.000000 2.033333 2.066667 2.100000
2.133333 2.166667 2.200000</float_array><technique_common><accessor source="#mixamorig_Spine2-Matrix-animation-input-array" count="67"><param name="TIME" type="float"/></accessor></technique_common></source><source id="mixamorig_Spine2-Matrix-animation-output-transform"><float_array id="mixamorig_Spine2-Matrix-animation-output-transform-array" count="1072">

0.999778 -0.017505 0.011691 0.000000 0.017692 0.999715 -0.016054 0.388600 -0.011407 0.016257 0.999803 0.000000 0.000000 0.000000 0.000000 1.000000
0.999744 -0.020586 0.009410 0.000000 0.020726 0.999673 -0.014981 0.388600 -0.009098 0.015172 0.999844 0.000000 0.000000 0.000000 0.000000 1.000000
0.999683 -0.024069 0.007442 0.000000 0.024172 0.999608 -0.014135 0.388600 -0.007099 0.014310 0.999872 -0.000000 0.000000 0.000000 0.000000 1.000000
0.999592 -0.028015 0.005623 0.000000 0.028089 0.999512 -0.013702 0.388600 -0.005236 0.013854 0.999890 -0.000000 0.000000 0.000000 0.000000 1.000000
0.999470 -0.032348 0.003519 0.000000 0.032394 0.999379 -0.013839 0.388600 -0.003069 0.013946 0.999898 0.000000 0.000000 0.000000 0.000000 1.000000
0.999318 -0.036926 0.000623 0.000000 0.036931 0.999213 -0.014446 0.388600 -0.000089 0.014459 0.999895 0.000000 0.000000 0.000000 0.000000 1.000000
0.999126 -0.041674 -0.003380 0.000000 0.041619 0.999020 -0.015093 0.388600 0.004006 0.014939 0.999880 -0.000000 0.000000 0.000000 0.000000 1.000000
0.998883 -0.046477 -0.008527 0.000000 0.046343 0.998808 -0.015320 0.388600 0.009229 0.014908 0.999846 0.000000 0.000000 0.000000 0.000000 1.000000
0.998592 -0.051031 -0.014499 -0.000000 0.050813 0.998595 -0.015054 0.388600 0.015247 0.014296 0.999782 0.000000 0.000000 0.000000 0.000000 1.000000
