<?xml version="1.0" encoding="utf-8"?>
<COLLADA xmlns="http://www.collada.org/2005/11/COLLADASchema" version="1.4.1">
  <asset><contributor><author>Mixamo</author><authoring_tool>COLLADA Mixamo exporter</authoring_tool><comments></comments></contributor><created>2020-05-06T13:36:50Z</created><modified>2020-05-06T13:36:50Z</modified><revision></revision><title></title><unit meter="0.010000"/><up_axis>Y_UP</up_axis></asset>
  <library_animations>
    <animation id="mixamorig_Hips-anim" name="mixamorig_Hips"><source id="mixamorig_Hips-Matrix-animation-input"><float_array id="mixamorig_Hips-Matrix-animation-input-array" count="39">

0.000000 0.033333 0.066667 0.100000 0.133333 0.166667 0.200000 0.233333 0.266667 0.300000 0.333333 0.366667 0.400000 0.433333 0.466667 0.500000
0.533333 0.566667 0.600000 0.633333 0.666667 0.700000 0.733333 0.766667 0.800000 0.833333 0.866667 0.900000 0.933333 0.966667 1.000000 1.033333
1.066667 1.100000 1.133333 1.166667 1.200000 1.233333 1.266667</float_array><technique_common><accessor source="#mixamorig_Hips-Matrix-animation-input-array" count="39"><param name="TIME" type="float"/></accessor></technique_common></source><source id="mixamorig_Hips-Matrix-animation-output-transform"><float_array id="mixamorig_Hips-Matrix-animation-output-transform-array" count="624">

0.993459 -0.009035 0.113828 0.034836 0.083454 0.737836 -0.669801 1.042589 -0.077935 0.674919 0.733764 0.011949 0.000000 0.000000 0.000000 1.000000
0.993682 -0.014133 0.111337 0.039107 0.085283 0.739965 -0.667217 1.041955 -0.072956 0.672497 0.736495 0.013266 0.000000 0.000000 0.000000 1.000000
0.993957 -0.020144 0.107904 0.043921 0.087333 0.740644 -0.666198 1.042104 -0.066499 0.671596 0.737927 0.018464 0.000000 0.000000 0.000000 1.000000
0.994384 -0.029068 0.101760 0.049453 0.090049 0.737550 -0.669261 1.042817 -0.055599 0.674666 0.736026 0.027511 0.000000 0.000000 0.000000 1.000000
0.994694 -0.039455 0.095013 0.055047 0.093513 0.731769 -0.675108 1.047632 -0.042891 0.680410 0.731575 0.040918 0.000000 0.000000 0.000000 1.000000
0.994641 -0.051425 0.089696 0.059927 0.099056 0.722556 -0.684179 1.060729 -0.029626 0.689397 0.723778 0.059321 0.000000 0.000000 0.000000 1.000000
0.994477 -0.062224 0.084517 0.064441 0.103550 0.712923 -0.693555 1.081022 -0.017099 0.698476 0.715429 0.081324 0.000000 0.000000 0.000000 1.000000
0.994459 -0.068562 0.079689 0.068957 0.104808 0.705406 -0.701012 1.109699 -0.008151 0.705480 0.708683 0.106002 0.000000 0.000000 0.000000 1.000000
0.994895 -0.071626 0.071089 0.072741 0.100913 0.701763 -0.705227 1.143629 0.000625 0.708800 0.705409 0.132637 0.000000 0.000000 0.000000 1.000000
0.996020 -0.070918 0.053997 0.074736 0.088344 0.704947 -0.703736 1.180381 0.011842 0.705705 0.708406 0.160876 0.000000 0.000000 0.000000 1.000000
0.997193 -0.068159 0.031001 0.075359 0.070452 0.713814 -0.696783 1.218733 0.025363 0.697011 0.716612 0.190495 0.000000 0.000000 0.000000 1.000000
0.997906 -0.064625 0.002650 0.075058 0.048982 0.728319 -0.683486 1.257411 0.042241 0.682184 0.729959 0.223322 0.000000 0.000000 0.000000 1.000000
0.997808 -0.059478 -0.029018 0.073885 0.025241 0.747371 -0.663927 1.296651 0.061176 0.661739 0.747234 0.261280 0.000000 0.000000 0.000000 1.000000
0.996749 -0.052450 -0.061152 0.071544 0.001333 0.769686 -0.638421 1.335534 0.080553 0.636264 0.767254 0.304752 0.000000 0.000000 0.000000 1.000000
0.994464 -0.044108 -0.095369 0.067936 -0.022875 0.794977 -0.606208 1.376173 0.102555 0.605034 0.789568 0.351844 0.000000 0.000000 0.000000 1.000000
0.990467 -0.033491 -0.133617 0.063487 -0.048467 0.823241 -0.565619 1.419739 0.128942 0.566703 0.813770 0.401525 0.000000 0.000000 0.000000 1.000000
0.984706 -0.022580 -0.172756 0.058305 -0.071517 0.851789 -0.518981 1.466859 0.158870 0.523399 0.837146 0.451969 0.000000 0.000000 0.000000 1.000000
0.977367 -0.014313 -0.211065 0.053761 -0.088450 0.878670 -0.469165 1.518844 0.192172 0.477215 0.857517 0.501508 0.000000 0.000000 0.000000 1.000000
0.968489 -0.007713 -0.248937 0.049525 -0.099940 0.903484 -0.416808 1.573477 0.228126 0.428553 0.874243 0.548723 0.000000 0.000000 0.000000 1.000000
0.958224 -0.003538 -0.285997 0.046235 -0.104892 0.925909 -0.362892 1.629444 0.266091 0.377730 0.886857 0.591915 0.000000 0.000000 0.000000 1.000000
0.946331 -0.000388 -0.323197 0.044391 -0.105737 0.944597 -0.310736 1.686638 0.305412 0.328233 0.893861 0.630204 0.000000 0.000000 0.000000 1.000000
0.932522 0.002524 -0.361104 0.044523 -0.104790 0.958838 -0.263912 1.746090 0.345574 0.283944 0.894402 0.662654 0.000000 0.000000 0.000000 1.000000
0.916943 0.004191 -0.398997 0.045948 -0.101269 0.969649 -0.222542 1.803247 0.385954 0.244464 0.889538 0.689258 0.000000 0.000000 0.000000 1.000000
0.899853 0.003523 -0.436179 0.047384 -0.095468 0.977314 -0.189059 1.854771 0.425618 0.211766 0.879775 0.708914 0.000000 0.000000 0.000000 1.000000
0.881257 0.001551 -0.472634 0.049369 -0.087193 0.983364 -0.159350 1.899530 0.464524 0.181639 0.866732 0.722136 0.000000 0.000000 0.000000 1.000000
0.860944 0.000197 -0.508701 0.051863 -0.076827 0.988580 -0.129641 1.935407 0.502866 0.150695 0.851127 0.730855 0.000000 0.000000 0.000000 1.000000
0.839945 0.000887 -0.542671 0.053500 -0.066216 0.992694 -0.100866 1.965119 0.538617 0.120656 0.833867 0.736864 0.000000 0.000000 0.000000 1.000000
0.819124 0.003304 -0.573606 0.054168 -0.054399 0.995924 -0.071946 1.986568 0.571031 0.090137 0.815965 0.740645 0.000000 0.000000 0.000000 1.000000
0.799807 0.007469 -0.600211 0.053716 -0.042849 0.998082 -0.044678 2.000335 0.598726 0.061452 0.798593 0.741114 0.000000 0.000000 0.000000 1.000000
0.784014 0.013276 -0.620602 0.051802 -0.032635 0.999270 -0.019852 2.006466 0.619885 0.035818 0.783875 0.738155 0.000000 0.000000 0.000000 1.000000
0.771753 0.019934 -0.635610 0.048851 -0.023990 0.999710 0.002224 2.006769 0.635470 0.013532 0.772007 0.731972 0.000000 0.000000 0.000000 1.000000
0.764137 0.027655 -0.644461 0.045106 -0.018571 0.999610 0.020876 2.003971 0.644786 -0.003984 0.764352 0.722881 0.000000 0.000000 0.000000 1.000000
0.759386 0.034917 -0.649703 0.040633 -0.014682 0.999224 0.036541 1.998306 0.650475 -0.018209 0.759309 0.711740 0.000000 0.000000 0.000000 1.000000
0.756275 0.041248 -0.652952 0.036005 -0.012055 0.998720 0.049128 1.991652 0.654143 -0.029283 0.755804 0.700331 0.000000 0.000000 0.000000 1.000000
0.753347 0.046260 -0.655994 0.031206 -0.010062 0.998217 0.058837 1.984561 0.657546 -0.037724 0.752469 0.689010 0.000000 0.000000 0.000000 1.000000
0.748170 0.049531 -0.661656 0.026416 -0.008319 0.997832 0.065290 1.977757 0.663455 -0.043343 0.746959 0.678184 0.000000 0.000000 0.000000 1.000000
0.742128 0.051257 -0.668296 0.021667 -0.005928 0.997535 0.069926 1.972137 0.670232 -0.047932 0.740602 0.669303 0.000000 0.000000 0.000000 1.000000
0.735784 0.051027 -0.675292 0.017185 -0.001270 0.997259 0.073972 1.969290 0.677216 -0.053570 0.733832 0.663525 0.000000 0.000000 0.000000 1.000000
0.729153 0.050164 -0.682509 0.012654 0.003959 0.996984 0.077507 1.967400 0.684339 -0.059217 0.726755 0.662058 0.000000 0.000000 0.000000 1.000000</float_array><technique_common><accessor source="#mixamorig_Hips-Matrix-animation-output-transform-array" count="39" stride="16"><param type="float4x4"/></accessor></technique_common></source><source id="mixamorig_Hips-Interpolations"><Name_array id="mixamorig_Hips-Interpolations-array" count="39">
 LINEAR LINEAR LINEAR LINEAR LINEAR LINEAR LINEAR LINEAR LINEAR LINEAR LINEAR
LINEAR LINEAR LINEAR LINEAR LINEAR LINEAR LINEAR LINEAR LINEAR LINEAR LINEAR LINEAR
LINEAR LINEAR LINEAR LINEAR LINEAR LINEAR LINEAR LINEAR LINEAR LINEAR LINEAR LINEAR
LINEAR LINEAR LINEAR LINEAR</Name_array><technique_common><accessor source="#mixamorig_Hips-Interpolations-array" count="39"><param type="name"/></accessor></technique_common></source><sampler id="mixamorig_Hips-Matrix-animation-transform"><input semantic="INPUT" source="#mixamorig_Hips-Matrix-animation-input"/><input semantic="OUTPUT" source="#mixamorig_Hips-Matrix-animation-output-transform"/><input semantic="INTERPOLATION" source="#mixamorig_Hips-Interpolations"/></sampler><channel source="#mixamorig_Hips-Matrix-animation-transform" target="mixamorig_Hips/matrix"/></animation>
    <animation id="mixamorig_Spine-anim" name="mixamorig_Spine"><source id="mixamorig_Spine-Matrix-animation-input"><float_array id="mixamorig_Spine-Matrix-animation-input-array" count="39">

0.000000 0.033333 0.066667 0.100000 0.133333 0.166667 0.200000 0.233333 0.266667 0.300000 0.333333 0.366667 0.400000 0.433333 0.466667 0.500000
0.533333 0.566667 0.600000 0.633333 0.666667 0.700000 0.733333 0.766667 0.800000 0.833333 0.866667 0.900000 0.933333 0.966667 1.000000 1.033333
1.066667 1.100000 1.133333 1.166667 1.200000 1.233333 1.266667</float_array><technique_common><accessor source="#mixamorig_Spine-Matrix-animation-input-array" count="39"><param name="TIME" type="float"/></accessor></technique_common></source><source id="mixamorig_Spine-Matrix-animation-output-transform"><float_array id="mixamorig_Spine-Matrix-animation-output-transform-array" count="624">

0.999923 0.010182 0.007155 0.000000 -0.008893 0.986829 -0.161520 0.291300 -0.008706 0.161443 0.986844 0.010900 0.000000 0.000000 0.000000 1.000000
0.999910 0.011005 0.007619 0.000000 -0.009632 0.986851 -0.161345 0.291300 -0.009295 0.161258 0.986869 0.010900 0.000000 0.000000 0.000000 1.000000
0.999892 0.012179 0.008256 0.000000 -0.010695 0.986954 -0.160649 0.291300 -0.010105 0.160543 0.986977 0.010900 0.000000 0.000000 0.000000 1.000000
0.999849 0.014552 0.009477 0.000000 -0.012866 0.987263 -0.158573 0.291300 -0.011664 0.158427 0.987302 0.010900 0.000000 0.000000 0.000000 1.000000
0.999790 0.017590 0.010560 0.000000 -0.015734 0.987695 -0.155602 0.291300 -0.013167 0.155403 0.987763 0.010900 0.000000 0.000000 0.000000 1.000000
0.999716 0.021324 0.010645 -0.000000 -0.019465 0.988249 -0.151608 0.291300 -0.013753 0.151358 0.988383 0.010900 0.000000 0.000000 0.000000 1.000000
0.999634 0.024991 0.010396 0.000000 -0.023184 0.988778 -0.147580 0.291300 -0.013967 0.147285 0.988995 0.010900 0.000000 0.000000 0.000000 1.000000
0.999566 0.027647 0.010199 0.000000 -0.025884 0.989161 -0.144538 0.291300 -0.014085 0.144211 0.989447 0.010900 0.000000 0.000000 0.000000 1.000000
0.999509 0.029577 0.010308 0.000000 -0.027813 0.989443 -0.142228 0.291300 -0.014406 0.141872 0.989780 0.010900 0.000000 0.000000 0.000000 1.000000
0.999463 0.030884 0.010962 -0.000000 -0.029034 0.989598 -0.140897 0.291300 -0.015199 0.140503 0.989964 0.010900 0.000000 0.000000 0.000000 1.000000
0.999417 0.031915 0.012123 0.000000 -0.029904 0.989685 -0.140107 0.291300 -0.016469 0.139662 0.990062 0.010900 0.000000 0.000000 0.000000 1.000000
0.999357 0.033061 0.013898 -0.000000 -0.030803 0.989742 -0.139509 0.291300 -0.018368 0.138991 0.990123 0.010900 0.000000 0.000000 0.000000 1.000000
0.999297 0.033918 0.015997 0.000000 -0.031369 0.989786 -0.139064 0.291300 -0.020551 0.138465 0.990154 0.010900 0.000000 0.000000 0.000000 1.000000
0.999241 0.034395 0.018311 -0.000000 -0.031533 0.989849 -0.138582 0.291300 -0.022892 0.137900 0.990182 0.010900 0.000000 0.000000 0.000000 1.000000
0.999207 0.034276 0.020246 0.000000 -0.031159 0.989922 -0.138145 0.291300 -0.024777 0.137404 0.990205 0.010900 0.000000 0.000000 0.000000 1.000000
0.999250 0.032482 0.021065 0.000000 -0.029274 0.990007 -0.137947 0.291300 -0.025335 0.137227 0.990216 0.010900 0.000000 0.000000 0.000000 1.000000
0.999289 0.030584 0.022031 -0.000000 -0.027275 0.990145 -0.137363 0.291300 -0.026015 0.136664 0.990276 0.010900 0.000000 0.000000 0.000000 1.000000
0.999256 0.030069 0.024165 0.000000 -0.026526 0.990422 -0.135499 0.291300 -0.028008 0.134757 0.990483 0.010900 0.000000 0.000000 0.000000 1.000000
0.999195 0.030015 0.026619 -0.000000 -0.026201 0.990692 -0.133576 0.291300 -0.030380 0.132771 0.990681 0.010900 0.000000 0.000000 0.000000 1.000000
0.999137 0.029844 0.028897 0.000000 -0.025756 0.990813 -0.132762 0.291300 -0.032593 0.131903 0.990727 0.010900 0.000000 0.000000 0.000000 1.000000
0.999080 0.029500 0.031135 0.000000 -0.025138 0.990900 -0.132232 0.291300 -0.034753 0.131327 0.990730 0.010900 0.000000 0.000000 0.000000 1.000000
0.999045 0.028170 0.033405 0.000000 -0.023544 0.991026 -0.131579 0.291300 -0.036812 0.130667 0.990743 0.010900 0.000000 0.000000 0.000000 1.000000
0.998972 0.027490 0.036050 -0.000000 -0.022559 0.991166 -0.130692 0.291300 -0.039324 0.129745 0.990767 0.010900 0.000000 0.000000 0.000000 1.000000
0.998801 0.028832 0.039554 0.000000 -0.023512 0.991375 -0.128927 0.291300 -0.042930 0.127843 0.990865 0.010900 0.000000 0.000000 0.000000 1.000000
0.998571 0.031144 0.043434 -0.000000 -0.025380 0.991517 -0.127475 0.291300 -0.047036 0.126190 0.990890 0.010900 0.000000 0.000000 0.000000 1.000000
0.998310 0.033406 0.047559 0.000000 -0.027102 0.991467 -0.127508 0.291300 -0.051412 0.126003 0.990697 0.010900 0.000000 0.000000 0.000000 1.000000
0.998081 0.034052 0.051720 0.000000 -0.027170 0.991354 -0.128368 0.291300 -0.055644 0.126717 0.990377 0.010900 0.000000 0.000000 0.000000 1.000000
0.997903 0.033375 0.055461 0.000000 -0.025915 0.991152 -0.130177 0.291300 -0.059315 0.128467 0.989938 0.010900 0.000000 0.000000 0.000000 1.000000
0.997756 0.032164 0.058727 0.000000 -0.024167 0.990938 -0.132125 0.291300 -0.062444 0.130409 0.989492 0.010900 0.000000 0.000000 0.000000 1.000000
0.997645 0.030700 0.061329 -0.000000 -0.022291 0.990814 -0.133379 0.291300 -0.064860 0.131698 0.989166 0.010900 0.000000 0.000000 0.000000 1.000000
0.997551 0.029459 0.063438 0.000000 -0.020732 0.990755 -0.134068 0.291300 -0.066801 0.132425 0.988939 0.010900 0.000000 0.000000 0.000000 1.000000
0.997480 0.028353 0.065033 0.000000 -0.019443 0.990823 -0.133763 0.291300 -0.068229 0.132161 0.988877 0.010900 0.000000 0.000000 0.000000 1.000000
0.997402 0.027591 0.066549 0.000000 -0.018525 0.990918 -0.133185 0.291300 -0.069619 0.131606 0.988854 0.010900 0.000000 0.000000 0.000000 1.000000
0.997296 0.026804 0.068424 -0.000000 -0.017518 0.990978 -0.132875 0.291300 -0.071368 0.131317 0.988768 0.010900 0.000000 0.000000 0.000000 1.000000
0.997155 0.026266 0.070647 0.000000 -0.016690 0.990993 -0.132870 0.291300 -0.073501 0.131312 0.988612 0.010900 0.000000 0.000000 0.000000 1.000000
0.996937 0.026334 0.073638 0.000000 -0.016324 0.990932 -0.133373 0.291300 -0.076482 0.131762 0.988326 0.010900 0.000000 0.000000 0.000000 1.000000
0.996714 0.026491 0.076542 -0.000000 -0.016010 0.990794 -0.134427 0.291300 -0.079398 0.132760 0.987963 0.010900 0.000000 0.000000 0.000000 1.000000
0.996572 0.026359 0.078424 0.000000 -0.015470 0.990541 -0.136342 0.291300 -0.081276 0.134662 0.987553 0.010900 0.000000 0.000000 0.000000 1.000000
0.996453 0.026076 0.080009 0.000000 -0.014786 0.990242 -0.138575 0.291300 -0.082842 0.136900 0.987115 0.010900 0.000000 0.000000 0.000000 1.000000</float_array><technique_common><accessor source="#mixamorig_Spine-Matrix-animation-output-transform-array" count="39" stride="16"><param type="float4x4"/></accessor></technique_common></source><source id="mixamorig_Spine-Interpolations"><Name_array id="mixamorig_Spine-Interpolations-array" count="39">
 LINEAR LINEAR LINEAR LINEAR LINEAR LINEAR LINEAR LINEAR LINEAR LINEAR LINEAR
LINEAR LINEAR LINEAR LINEAR LINEAR LINEAR LINEAR LINEAR LINEAR LINEAR LINEAR LINEAR
LINEAR LINEAR LINEAR LINEAR LINEAR LINEAR LINEAR LINEAR LINEAR LINEAR LINEAR LINEAR
LINEAR LINEAR LINEAR LINEAR</Name_array><technique_common><accessor source="#mixamorig_Spine-Interpolations-array" count="39"><param type="name"/></accessor></technique_common></source><sampler id="mixamorig_Spine-Matrix-animation-transform"><input semantic="INPUT" source="#mixamorig_Spine-Matrix-animation-input"/><input semantic="OUTPUT" source="#mixamorig_Spine-Matrix-animation-output-transform"/><input semantic="INTERPOLATION" source="#mixamorig_Spine-Interpolations"/></sampler><channel source="#mixamorig_Spine-Matrix-animation-transform" target="mixamorig_Spine/matrix"/></animation>
    <animation id="mixamorig_Spine1-anim" name="mixamorig_Spine1"><source id="mixamorig_Spine1-Matrix-animation-input"><float_array id="mixamorig_Spine1-Matrix-animation-input-array" count="39">

0.000000 0.033333 0.066667 0.100000 0.133333 0.166667 0.200000 0.233333 0.266667 0.300000 0.333333 0.366667 0.400000 0.433333 0.466667 0.500000
0.533333 0.566667 0.600000 0.633333 0.666667 0.700000 0.733333 0.766667 0.800000 0.833333 0.866667 0.900000 0.933333 0.966667 1.000000 1.033333
1.066667 1.100000 1.133333 1.166667 1.200000 1.233333 1.266667</float_array><technique_common><accessor source="#mixamorig_Spine1-Matrix-animation-input-array" count="39"><param name="TIME" type="float"/></accessor></technique_common></source><source id="mixamorig_Spine1-Matrix-animation-output-transform"><float_array id="mixamorig_Spine1-Matrix-animation-output-transform-array" count="624">

0.999497 0.031682 0.001147 -0.000000 -0.030418 0.968538 -0.246998 0.340000 -0.008937 0.246839 0.969015 -0.000000 0.000000 0.000000 0.000000 1.000000
0.999425 0.033847 0.001839 -0.000000 -0.032348 0.968560 -0.246667 0.340000 -0.010130 0.246466 0.969098 0.000000 0.000000 0.000000 0.000000 1.000000
0.999320 0.036760 0.002873 0.000000 -0.034933 0.968813 -0.245316 0.340000 -0.011801 0.245049 0.969439 -0.000000 0.000000 0.000000 0.000000 1.000000
0.999108 0.041905 0.005175 0.000000 -0.039420 0.969654 -0.241282 0.340000 -0.015129 0.240862 0.970441 -0.000000 0.000000 0.000000 0.000000 1.000000
0.998830 0.047800 0.007401 0.000000 -0.044716 0.970848 -0.235487 0.340000 -0.018441 0.234880 0.971849 0.000000 0.000000 0.000000 0.000000 1.000000
0.998520 0.053761 0.008187 0.000000 -0.050490 0.972434 -0.227646 0.340000 -0.020199 0.226895 0.973710 0.000000 0.000000 0.000000 0.000000 1.000000
0.998218 0.059045 0.008620 0.000000 -0.055714 0.973971 -0.219718 0.340000 -0.021369 0.218846 0.975525 0.000000 0.000000 0.000000 0.000000 1.000000
0.998011 0.062381 0.009090 0.000000 -0.059003 0.975110 -0.213726 0.340000 -0.022197 0.212764 0.976851 0.000000 0.000000 0.000000 0.000000 1.000000
0.997867 0.064526 0.009920 0.000000 -0.061031 0.975970 -0.209182 0.340000 -0.023179 0.208130 0.977827 0.000000 0.000000 0.000000 0.000000 1.000000
0.997781 0.065550 0.011689 0.000000 -0.061730 0.976480 -0.206581 0.340000 -0.024956 0.205401 0.978360 -0.000000 0.000000 0.000000 0.000000 1.000000
0.997709 0.066211 0.013895 0.000000 -0.061967 0.976788 -0.205052 0.340000 -0.027149 0.203721 0.978652 0.000000 0.000000 0.000000 0.000000 1.000000
0.997575 0.067628 0.016435 0.000000 -0.062872 0.976968 -0.203915 0.340000 -0.029847 0.202387 0.978851 0.000000 0.000000 0.000000 0.000000 1.000000
0.997451 0.068815 0.018872 0.000000 -0.063568 0.977097 -0.203079 0.340000 -0.032414 0.201361 0.978981 0.000000 0.000000 0.000000 0.000000 1.000000
0.997372 0.069403 0.020795 0.000000 -0.063789 0.977272 -0.202163 0.340000 -0.034354 0.200305 0.979131 0.000000 0.000000 0.000000 0.000000 1.000000
0.997396 0.068660 0.022070 0.000000 -0.062836 0.977510 -0.201311 0.340000 -0.035396 0.199400 0.979279 -0.000000 0.000000 0.000000 0.000000 1.000000
0.997674 0.064615 0.021732 -0.000000 -0.058954 0.977838 -0.200893 0.340000 -0.034231 0.199144 0.979372 0.000000 0.000000 0.000000 0.000000 1.000000
0.997914 0.060535 0.022431 -0.000000 -0.054857 0.978316 -0.199723 0.340000 -0.034035 0.198076 0.979596 0.000000 0.000000 0.000000 0.000000 1.000000
0.997854 0.059791 0.026709 -0.000000 -0.053420 0.979130 -0.196091 0.340000 -0.037876 0.194243 0.980222 0.000000 0.000000 0.000000 0.000000 1.000000
0.997655 0.060263 0.032454 -0.000000 -0.052932 0.979895 -0.192365 0.340000 -0.043394 0.190196 0.980787 0.000000 0.000000 0.000000 0.000000 1.000000
0.997390 0.061110 0.038442 0.000000 -0.052701 0.980204 -0.190849 0.340000 -0.049344 0.188325 0.980866 0.000000 0.000000 0.000000 0.000000 1.000000
0.997067 0.061912 0.044995 0.000000 -0.052307 0.980407 -0.189910 0.340000 -0.055871 0.186999 0.980770 0.000000 0.000000 0.000000 0.000000 1.000000
0.996758 0.061437 0.051959 -0.000000 -0.050610 0.980723 -0.188737 0.340000 -0.062553 0.185495 0.980652 0.000000 0.000000 0.000000 0.000000 1.000000
0.996332 0.061225 0.059780 0.000000 -0.049064 0.981117 -0.187091 0.340000 -0.070106 0.183471 0.980522 -0.000000 0.000000 0.000000 0.000000 1.000000
0.995637 0.062776 0.069032 0.000000 -0.049165 0.981755 -0.183683 0.340000 -0.079304 0.179487 0.980559 0.000000 0.000000 0.000000 0.000000 1.000000
0.994787 0.064839 0.078711 0.000000 -0.049713 0.982254 -0.180848 0.340000 -0.089040 0.175992 0.980356 0.000000 0.000000 0.000000 0.000000 1.000000
0.993845 0.066861 0.088327 0.000000 -0.049999 0.982224 -0.180933 0.340000 -0.098854 0.175404 0.979521 0.000000 0.000000 0.000000 0.000000 1.000000
0.992879 0.068655 0.097358 0.000000 -0.049975 0.981887 -0.182756 0.340000 -0.108141 0.176589 0.978326 0.000000 0.000000 0.000000 0.000000 1.000000
0.991999 0.069827 0.105176 0.000000 -0.049292 0.981213 -0.186522 0.340000 -0.116224 0.179846 0.976805 0.000000 0.000000 0.000000 0.000000 1.000000
0.991231 0.070297 0.111894 0.000000 -0.048025 0.980499 -0.190566 0.340000 -0.123108 0.183521 0.975277 0.000000 0.000000 0.000000 0.000000 1.000000
0.990658 0.069646 0.117244 -0.000000 -0.046041 0.980084 -0.193175 0.340000 -0.128363 0.185972 0.974134 0.000000 0.000000 0.000000 0.000000 1.000000
0.990228 0.068216 0.121638 0.000000 -0.043604 0.979918 -0.194576 0.340000 -0.132468 0.187371 0.973316 0.000000 0.000000 0.000000 0.000000 1.000000
0.989952 0.066051 0.125026 -0.000000 -0.040905 0.980162 -0.193929 0.340000 -0.135354 0.186867 0.973016 0.000000 0.000000 0.000000 0.000000 1.000000
0.989702 0.063646 0.128218 0.000000 -0.038094 0.980522 -0.192681 0.340000 -0.137984 0.185813 0.972848 -0.000000 0.000000 0.000000 0.000000 1.000000
0.989336 0.061464 0.132047 0.000000 -0.035308 0.980764 -0.191978 0.340000 -0.141307 0.185268 0.972475 0.000000 0.000000 0.000000 0.000000 1.000000
0.988833 0.059782 0.136511 0.000000 -0.032811 0.980869 -0.191886 0.340000 -0.145371 0.185264 0.971877 0.000000 0.000000 0.000000 0.000000 1.000000
0.988027 0.059310 0.142428 0.000000 -0.031075 0.980740 -0.192829 0.340000 -0.151122 0.186094 0.970840 0.000000 0.000000 0.000000 0.000000 1.000000
0.987186 0.059290 0.148152 -0.000000 -0.029634 0.980379 -0.194879 0.340000 -0.156800 0.187991 0.969574 0.000000 0.000000 0.000000 0.000000 1.000000
0.986632 0.059108 0.151865 0.000000 -0.028117 0.979670 -0.198634 0.340000 -0.160519 0.191709 0.968236 0.000000 0.000000 0.000000 0.000000 1.000000
0.986155 0.058972 0.154985 0.000000 -0.026625 0.978810 -0.203032 0.340000 -0.163674 0.196094 0.966829 0.000000 0.000000 0.000000 0.000000 1.000000</float_array><technique_common><accessor source="#mixamorig_Spine1-Matrix-animation-output-transform-array" count="39" stride="16"><param type="float4x4"/></accessor></technique_common></source><source id="mixamorig_Spine1-Interpolations"><Name_array id="mixamorig_Spine1-Interpolations-array" count="39">
 LINEAR LINEAR LINEAR LINEAR LINEAR LINEAR LINEAR LINEAR LINEAR LINEAR LINEAR
LINEAR LINEAR LINEAR LINEAR LINEAR LINEAR LINEAR LINEAR LINEAR LINEAR LINEAR LINEAR
LINEAR LINEAR LINEAR LINEAR LINEAR LINEAR LINEAR LINEAR LINEAR LINEAR LINEAR LINEAR
LINEAR LINEAR LINEAR LINEAR</Name_array><technique_common><accessor source="#mixamorig_Spine1-Interpolations-array" count="39"><param type="name"/></accessor></technique_common></source><sampler id="mixamorig_Spine1-Matrix-animation-transform"><input semantic="INPUT" source="#mixamorig_Spine1-Matrix-animation-input"/><input semantic="OUTPUT" source="#mixamorig_Spine1-Matrix-animation-output-transform"/><input semantic="INTERPOLATION" source="#mixamorig_Spine1-Interpolations"/></sampler><channel source="#mixamorig_Spine1-Matrix-animation-transform" target="mixamorig_Spine1/matrix"/></animation>
    <animation id="mixamorig_Spine2-anim" name="mixamorig_Spine2"><source id="mixamorig_Spine2-Matrix-animation-input"><float_array id="mixamorig_Spine2-Matrix-animation-input-array" count="39">

0.000000 0.033333 0.066667 0.100000 0.133333 0.166667 0.200000 0.233333 0.266667 0.300000 0.333333 0.366667 0.400000 0.433333 0.466667 0.500000
0.533333 0.566667 0.600000 0.633333 0.666667 0.700000 0.733333 0.766667 0.800000 0.833333 0.866667 0.900000 0.933333 0.966667 1.000000 1.033333
1.066667 1.100000 1.133333 1.166667 1.200000 1.233333 1.266667</float_array><technique_common><accessor source="#mixamorig_Spine2-Matrix-animation-input-array" count="39"><param name="TIME" type="float"/></accessor></technique_common></source><source id="mixamorig_Spine2-Matrix-animation-output-transform"><float_array id="mixamorig_Spine2-Matrix-animation-output-transform-array" count="624">

0.999497 0.031682 0.001147 0.000000 -0.030418 0.968538 -0.246998 0.388600 -0.008937 0.246839 0.969015 -0.000000 0.000000 0.000000 0.000000 1.000000
0.999425 0.033847 0.001839 0.000000 -0.032348 0.968560 -0.246667 0.388600 -0.010130 0.246466 0.969099 -0.000000 0.000000 0.000000 0.000000 1.000000
0.999320 0.036760 0.002873 -0.000000 -0.034933 0.968813 -0.245317 0.388600 -0.011801 0.245050 0.969439 0.000000 0.000000 0.000000 0.000000 1.000000
0.999108 0.041905 0.005175 0.000000 -0.039420 0.969654 -0.241281 0.388600 -0.015129 0.240862 0.970441 0.000000 0.000000 0.000000 0.000000 1.000000
0.998830 0.047800 0.007401 0.000000 -0.044716 0.970848 -0.235486 0.388600 -0.018441 0.234880 0.971849 0.000000 0.000000 0.000000 0.000000 1.000000
0.998520 0.053761 0.008187 -0.000000 -0.050490 0.972434 -0.227646 0.388600 -0.020199 0.226896 0.973710 -0.000000 0.000000 0.000000 0.000000 1.000000
0.998218 0.059045 0.008620 0.000000 -0.055714 0.973971 -0.219718 0.388600 -0.021369 0.218846 0.975525 0.000000 0.000000 0.000000 0.000000 1.000000
0.998011 0.062381 0.009090 0.000000 -0.059003 0.975110 -0.213726 0.388600 -0.022197 0.212764 0.976851 0.000000 0.000000 0.000000 0.000000 1.000000
0.997867 0.064526 0.009920 -0.000000 -0.061031 0.975970 -0.209182 0.388600 -0.023179 0.208130 0.977827 -0.000000 0.000000 0.000000 0.000000 1.000000
0.997781 0.065550 0.011689 -0.000000 -0.061730 0.976480 -0.206581 0.388600 -0.024956 0.205401 0.978360 -0.000000 0.000000 0.000000 0.000000 1.000000
0.997709 0.066211 0.013895 0.000000 -0.061967 0.976788 -0.205052 0.388600 -0.027149 0.203721 0.978652 0.000000 0.000000 0.000000 0.000000 1.000000
0.997575 0.067628 0.016435 -0.000000 -0.062872 0.976968 -0.203915 0.388600 -0.029847 0.202387 0.978851 -0.000000 0.000000 0.000000 0.000000 1.000000
0.997451 0.068815 0.018872 0.000000 -0.063568 0.977097 -0.203079 0.388600 -0.032414 0.201361 0.978981 0.000000 0.000000 0.000000 0.000000 1.000000
0.997372 0.069403 0.020795 -0.000000 -0.063789 0.977272 -0.202162 0.388600 -0.034354 0.200305 0.979131 0.000000 0.000000 0.000000 0.000000 1.000000
0.997396 0.068660 0.022070 -0.000000 -0.062836 0.977510 -0.201312 0.388600 -0.035396 0.199401 0.979279 -0.000000 0.000000 0.000000 0.000000 1.000000
0.997674 0.064615 0.021732 -0.000000 -0.058954 0.977838 -0.200894 0.388600 -0.034231 0.199145 0.979372 -0.000000 0.000000 0.000000 0.000000 1.000000
0.997914 0.060535 0.022431 0.000000 -0.054857 0.978316 -0.199723 0.388600 -0.034035 0.198076 0.979596 0.000000 0.000000 0.000000 0.000000 1.000000
0.997854 0.059791 0.026709 -0.000000 -0.053420 0.979130 -0.196090 0.388600 -0.037876 0.194243 0.980222 -0.000000 0.000000 0.000000 0.000000 1.000000
0.997655 0.060263 0.032455 0.000000 -0.052932 0.979895 -0.192365 0.388600 -0.043394 0.190196 0.980787 0.000000 0.000000 0.000000 0.000000 1.000000
0.997390 0.061110 0.038442 -0.000000 -0.052701 0.980204 -0.190849 0.388600 -0.049344 0.188325 0.980866 0.000000 0.000000 0.000000 0.000000 1.000000
0.997067 0.061912 0.044995 -0.000000 -0.052307 0.980407 -0.189910 0.388600 -0.055872 0.186999 0.980770 -0.000000 0.000000 0.000000 0.000000 1.000000
0.996758 0.061437 0.051959 0.000000 -0.050610 0.980723 -0.188737 0.388600 -0.062553 0.185495 0.980652 0.000000 0.000000 0.000000 0.000000 1.000000
0.996332 0.061225 0.059780 0.000000 -0.049064 0.981117 -0.187090 0.388600 -0.070106 0.183471 0.980522 0.000000 0.000000 0.000000 0.000000 1.000000
0.995637 0.062776 0.069032 -0.000000 -0.049165 0.981755 -0.183683 0.388600 -0.079304 0.179487 0.980559 -0.000000 0.000000 0.000000 0.000000 1.000000
0.994787 0.064839 0.078711 0.000000 -0.049713 0.982254 -0.180848 0.388600 -0.089040 0.175992 0.980356 0.000000 0.000000 0.000000 0.000000 1.000000
0.993845 0.066861 0.088327 0.000000 -0.049999 0.982224 -0.180934 0.388600 -0.098854 0.175404 0.979521 0.000000 0.000000 0.000000 0.000000 1.000000
0.992879 0.068655 0.097358 -0.000000 -0.049975 0.981887 -0.182756 0.388600 -0.108141 0.176589 0.978326 -0.000000 0.000000 0.000000 0.000000 1.000000
0.991999 0.069827 0.105176 -0.000000 -0.049292 0.981213 -0.186523 0.388600 -0.116224 0.179846 0.976805 0.000000 0.000000 0.000000 0.000000 1.000000
0.991231 0.070297 0.111893 0.000000 -0.048025 0.980499 -0.190566 0.388600 -0.123108 0.183521 0.975277 -0.000000 0.000000 0.000000 0.000000 1.000000
0.990658 0.069646 0.117244 0.000000 -0.046041 0.980083 -0.193175 0.388600 -0.128363 0.185972 0.974134 0.000000 0.000000 0.000000 0.000000 1.000000
0.990228 0.068216 0.121637 0.000000 -0.043604 0.979918 -0.194576 0.388600 -0.132468 0.187370 0.973316 0.000000 0.000000 0.000000 0.000000 1.000000
0.989952 0.066051 0.125025 -0.000000 -0.040905 0.980162 -0.193929 0.388600 -0.135354 0.186867 0.973016 0.000000 0.000000 0.000000 0.000000 1.000000
0.989702 0.063646 0.128218 0.000000 -0.038094 0.980522 -0.192681 0.388600 -0.137984 0.185813 0.972848 0.000000 0.000000 0.000000 0.000000 1.000000
0.989336 0.061464 0.132047 -0.000000 -0.035308 0.980764 -0.191978 0.388600 -0.141307 0.185268 0.972475 -0.000000 0.000000 0.000000 0.000000 1.000000
0.988833 0.059782 0.136511 0.000000 -0.032810 0.980869 -0.191886 0.388600 -0.145371 0.185264 0.971877 0.000000 0.000000 0.000000 0.000000 1.000000
0.988027 0.059310 0.142428 -0.000000 -0.031075 0.980740 -0.192829 0.388600 -0.151122 0.186094 0.970840 -0.000000 0.000000 0.000000 0.000000 1.000000
0.987186 0.059290 0.148152 -0.000000 -0.029634 0.980379 -0.194879 0.388600 -0.156800 0.187991 0.969574 -0.000000 0.000000 0.000000 0.000000 1.000000
0.986632 0.059108 0.151866 0.000000 -0.028117 0.979670 -0.198634 0.388600 -0.160519 0.191709 0.968236 0.000000 0.000000 0.000000 0.000000 1.000000
0.986155 0.058973 0.154985 0.000000 -0.026625 0.978810 -0.203032 0.388600 -0.163674 0.196094 0.966829 0.000000 0.000000 0.000000 0.000000 1.000000</float_array><technique_common><accessor source="#mixamorig_Spine2-Matrix-animation-output-transform-array" count="39" stride="16"><param type="float4x4"/></accessor></technique_common></source><source id="mixamorig_Spine2-Interpolations"><Name_array id="mixamorig_Spine2-Interpolations-array" count="39">
 LINEAR LINEAR LINEAR LINEAR LINEAR LINEAR LINEAR LINEAR LINEAR LINEAR LINEAR
LINEAR LINEAR LINEAR LINEAR LINEAR LINEAR LINEAR LINEAR LINEAR LINEAR LINEAR LINEAR
LINEAR LINEAR LINEAR LINEAR LINEAR LINEAR LINEAR LINEAR LINEAR LINEAR LINEAR LINEAR
LINEAR LINEAR LINEAR LINEAR</Name_array><technique_common><accessor source="#mixamorig_Spine2-Interpolations-array" count="39"><param type="name"/></accessor></technique_common></source><sampler id="mixamorig_Spine2-Matrix-animation-transform"><input semantic="INPUT" source="#mixamorig_Spine2-Matrix-animation-input"/><input semantic="OUTPUT" source="#mixamorig_Spine2-Matrix-animation-output-transform"/><input semantic="INTERPOLATION" source="#mixamorig_Spine2-Interpolations"/></sampler><channel source="#mixamorig_Spine2-Matrix-animation-transform" target="mixamorig_Spine2/matrix"/></animation>
    <animation id="mixamorig_Neck-anim" name="mixamorig_Neck"><source id="mixamorig_Neck-Matrix-animation-input"><float_array id="mixamorig_Neck-Matrix-animation-input-array" count="39">

0.000000 0.033333 0.066667 0.100000 0.133333 0.166667 0.200000 0.233333 0.266667 0.300000 0.333333 0.366667 0.400000 0.433333 0.466667 0.500000
0.533333 0.566667 0.600000 0.633333 0.666667 0.700000 0.733333 0.766667 0.800000 0.833333 0.866667 0.900000 0.933333 0.966667 1.000000 1.033333
1.066667 1.100000 1.133333 1.166667 1.200000 1.233333 1.266667</float_array><technique_common><accessor source="#mixamorig_Neck-Matrix-animation-input-array" count="39"><param name="TIME" type="float"/></accessor></technique_common></source><source id="mixamorig_Neck-Matrix-animation-output-transform"><float_array id="mixamorig_Neck-Matrix-animation-output-transform-array" count="624">

0.998105 0.040064 -0.046705 0.000000 -0.028550 0.973877 0.225274 0.551800 0.054510 -0.223513 0.973175 0.228800 0.000000 0.000000 0.000000 1.000000
0.998196 0.036587 -0.047594 -0.000000 -0.024750 0.973118 0.228973 0.551800 0.054692 -0.227382 0.972269 0.228800 0.000000 0.000000 0.000000 1.000000
0.998310 0.031917 -0.048561 0.000000 -0.019771 0.972360 0.232648 0.551800 0.054645 -0.231295 0.971348 0.228800 0.000000 0.000000 0.000000 1.000000
0.998508 0.022028 -0.049974 -0.000000 -0.009717 0.972102 0.234358 0.551800 0.053742 -0.233522 0.970865 0.228800 0.000000 0.000000 0.000000 1.000000
0.998605 0.014050 -0.050903 -0.000000 -0.001488 0.971057 0.238845 0.551800 0.052785 -0.238436 0.969723 0.228800 0.000000 0.000000 0.000000 1.000000
0.998642 0.014869 -0.049933 0.000000 -0.001940 0.968361 0.249547 0.551800 0.052063 -0.249112 0.967074 0.228800 0.000000 0.000000 0.000000 1.000000
0.998594 0.021122 -0.048611 -0.000000 -0.007313 0.963301 0.268323 0.551800 0.052494 -0.267590 0.962102 0.228800 0.000000 0.000000 0.000000 1.000000
0.998221 0.035464 -0.047932 0.000000 -0.019404 0.953344 0.301261 0.551800 0.056379 -0.299795 0.952336 0.228800 0.000000 0.000000 0.000000 1.000000
0.997803 0.046924 -0.046772 0.000000 -0.028362 0.940531 0.338522 0.551800 0.059875 -0.336452 0.939795 0.228800 0.000000 0.000000 0.000000 1.000000
0.997972 0.043102 -0.046844 0.000000 -0.022561 0.927607 0.372876 0.551800 0.059525 -0.371062 0.926698 0.228800 0.000000 0.000000 0.000000 1.000000
0.998363 0.031188 -0.047944 0.000000 -0.009202 0.914919 0.403533 0.551800 0.056450 -0.402431 0.913708 0.228800 0.000000 0.000000 0.000000 1.000000
0.998708 0.011507 -0.049503 0.000000 0.010776 0.903941 0.427521 0.551800 0.049667 -0.427502 0.902649 0.228800 0.000000 0.000000 0.000000 1.000000
0.998658 -0.008251 -0.051137 0.000000 0.030204 0.894783 0.445478 0.551800 0.042081 -0.446424 0.893831 0.228800 0.000000 0.000000 0.000000 1.000000
0.998483 -0.019778 -0.051379 0.000000 0.041154 0.888041 0.457919 0.551800 0.036570 -0.459339 0.887508 0.228800 0.000000 0.000000 0.000000 1.000000
0.998472 -0.024930 -0.049319 0.000000 0.044918 0.885998 0.461509 0.551800 0.032191 -0.463019 0.885764 0.228800 0.000000 0.000000 0.000000 1.000000
0.998944 -0.018810 -0.041910 0.000000 0.035801 0.890437 0.453697 0.551800 0.028785 -0.454718 0.890170 0.228800 0.000000 0.000000 0.000000 1.000000
0.999279 -0.012564 -0.035833 -0.000000 0.026821 0.901543 0.431858 0.551800 0.026879 -0.432507 0.901230 0.228800 0.000000 0.000000 0.000000 1.000000
0.999067 -0.020071 -0.038252 0.000000 0.033347 0.921241 0.387559 0.551800 0.027460 -0.388473 0.921051 0.228800 0.000000 0.000000 0.000000 1.000000
0.998669 -0.030449 -0.041628 0.000000 0.042645 0.941451 0.334443 0.551800 0.029008 -0.335773 0.941496 0.228800 0.000000 0.000000 0.000000 1.000000
0.998411 -0.036676 -0.042776 -0.000000 0.047347 0.957652 0.284008 0.551800 0.030548 -0.285582 0.957867 0.228800 0.000000 0.000000 0.000000 1.000000
0.998410 -0.037939 -0.041684 0.000000 0.046813 0.970052 0.238342 0.551800 0.031394 -0.239914 0.970286 0.228800 0.000000 0.000000 0.000000 1.000000
0.998932 -0.028213 -0.036593 -0.000000 0.035138 0.978106 0.205122 0.551800 0.030005 -0.206188 0.978052 0.228800 0.000000 0.000000 0.000000 1.000000
0.999393 -0.015394 -0.031246 -0.000000 0.020767 0.983506 0.179679 0.551800 0.027965 -0.180219 0.983229 0.228800 0.000000 0.000000 0.000000 1.000000
0.999577 -0.006955 -0.028249 0.000000 0.011377 0.987127 0.159532 0.551800 0.026776 -0.159786 0.986789 0.228800 0.000000 0.000000 0.000000 1.000000
0.999677 0.000345 -0.025428 0.000000 0.003372 0.989282 0.145981 0.551800 0.025206 -0.146020 0.988961 0.228800 0.000000 0.000000 0.000000 1.000000
0.999741 0.007810 -0.021364 0.000000 -0.004727 0.990035 0.140741 0.551800 0.022250 -0.140603 0.989816 0.228800 0.000000 0.000000 0.000000 1.000000
0.999759 0.014059 -0.016883 0.000000 -0.011571 0.990176 0.139345 0.551800 0.018677 -0.139116 0.990100 0.228800 0.000000 0.000000 0.000000 1.000000
0.999757 0.018464 -0.012050 0.000000 -0.016616 0.990198 0.138681 0.551800 0.014493 -0.138447 0.990264 0.228800 0.000000 0.000000 0.000000 1.000000
0.999760 0.020258 -0.008294 0.000000 -0.018937 0.990467 0.136439 0.551800 0.010979 -0.136250 0.990614 0.228800 0.000000 0.000000 0.000000 1.000000
0.999813 0.017881 -0.007428 0.000000 -0.016785 0.991639 0.127946 0.551800 0.009654 -0.127797 0.991753 0.228800 0.000000 0.000000 0.000000 1.000000
0.999879 0.013166 -0.008323 0.000000 -0.012100 0.993033 0.117214 0.551800 0.009808 -0.117099 0.993072 0.228800 0.000000 0.000000 0.000000 1.000000
0.999920 0.006508 -0.010834 0.000000 -0.005329 0.994407 0.105485 0.551800 0.011460 -0.105419 0.994362 0.228800 0.000000 0.000000 0.000000 1.000000
0.999902 0.000550 -0.013959 -0.000000 0.000797 0.995352 0.096301 0.551800 0.013947 -0.096303 0.995254 0.228800 0.000000 0.000000 0.000000 1.000000
0.999858 -0.000917 -0.016814 0.000000 0.002508 0.995490 0.094834 0.551800 0.016651 -0.094863 0.995351 0.228800 0.000000 0.000000 0.000000 1.000000
0.999808 -0.000570 -0.019610 0.000000 0.002483 0.995215 0.097682 0.551800 0.019460 -0.097712 0.995024 0.228800 0.000000 0.000000 0.000000 1.000000
0.999746 0.000558 -0.022530 0.000000 0.001799 0.994528 0.104454 0.551800 0.022465 -0.104468 0.994274 0.228800 0.000000 0.000000 0.000000 1.000000
0.999700 0.001248 -0.024449 0.000000 0.001479 0.993798 0.111187 0.551800 0.024436 -0.111190 0.993499 0.228800 0.000000 0.000000 0.000000 1.000000
0.999717 -0.000749 -0.023780 0.000000 0.003422 0.993640 0.112550 0.551800 0.023545 -0.112599 0.993362 0.228800 0.000000 0.000000 0.000000 1.000000
0.999747 -0.003600 -0.022215 0.000000 0.006073 0.993660 0.112266 0.551800 0.021670 -0.112373 0.993430 0.228800 0.000000 0.000000 0.000000 1.000000</float_array><technique_common><accessor source="#mixamorig_Neck-Matrix-animation-output-transform-array" count="39" stride="16"><param type="float4x4"/></accessor></technique_common></source><source id="mixamorig_Neck-Interpolations"><Name_array id="mixamorig_Neck-Interpolations-array" count="39">
 LINEAR LINEAR LINEAR LINEAR LINEAR LINEAR LINEAR LINEAR LINEAR LINEAR LINEAR
LINEAR LINEAR LINEAR LINEAR LINEAR LINEAR LINEAR LINEAR LINEAR LINEAR LINEAR LINEAR
LINEAR LINEAR LINEAR LINEAR LINEAR LINEAR LINEAR LINEAR LINEAR LINEAR LINEAR LINEAR
LINEAR LINEAR LINEAR LINEAR</Name_array><technique_common><accessor source="#mixamorig_Neck-Interpolations-array" count="39"><param type="name"/></accessor></technique_common></source><sampler id="mixamorig_Neck-Matrix-animation-transform"><input semantic="INPUT" source="#mixamorig_Neck-Matrix-animation-input"/><input semantic="OUTPUT" source="#mixamorig_Neck-Matrix-animation-output-transform"/><input semantic="INTERPOLATION" source="#mixamorig_Neck-Interpolations"/></sampler><channel source="#mixamorig_Neck-Matrix-animation-transform" target="mixamorig_Neck/matrix"/></animation>
    <animation id="mixamorig_Head-anim" name="mixamorig_Head"><source id="mixamorig_Head-Matrix-animation-input"><float_array id="mixamorig_Head-Matrix-animation-input-array" count="39">

0.000000 0.033333 0.066667 0.100000 0.133333 0.166667 0.200000 0.233333 0.266667 0.300000 0.333333 0.366667 0.400000 0.433333 0.466667 0.500000
0.533333 0.566667 0.600000 0.633333 0.666667 0.700000 0.733333 0.766667 0.800000 0.833333 0.866667 0.900000 0.933333 0.966667 1.000000 1.033333
