<?xml version="1.0" encoding="utf-8"?>
<COLLADA xmlns="http://www.collada.org/2005/11/COLLADASchema" version="1.4.1">
  <asset><contributor><author>Mixamo</author><authoring_tool>COLLADA Mixamo exporter</authoring_tool><comments></comments></contributor><created>2020-03-23T21:13:59Z</created><modified>2020-03-23T21:13:59Z</modified><revision></revision><title></title><unit meter="0.010000"/><up_axis>Y_UP</up_axis></asset>
  <library_animations>
    <animation id="mixamorig_Hips-anim" name="mixamorig_Hips"><source id="mixamorig_Hips-Matrix-animation-input"><float_array id="mixamorig_Hips-Matrix-animation-input-array" count="62">

0.000000 0.033333 0.066667 0.100000 0.133333 0.166667 0.200000 0.233333 0.266667 0.300000 0.333333 0.366667 0.400000 0.433333 0.466667 0.500000
0.533333 0.566667 0.600000 0.633333 0.666667 0.700000 0.733333 0.766667 0.800000 0.833333 0.866667 0.900000 0.933333 0.966667 1.000000 1.033333
1.066667 1.100000 1.133333 1.166667 1.200000 1.233333 1.266667 1.300000 1.333333 1.366667 1.400000 1.433333 1.466667 1.500000 1.533333 1.566667
1.600000 1.633333 1.666667 1.700000 1.733333 1.766667 1.800000 1.833333 1.866667 1.900000 1.933333 1.966667 2.000000 2.033333</float_array><technique_common><accessor source="#mixamorig_Hips-Matrix-animation-input-array" count="62"><param name="TIME" type="float"/></accessor></technique_common></source><source id="mixamorig_Hips-Matrix-animation-output-transform"><float_array id="mixamorig_Hips-Matrix-animation-output-transform-array" count="992">

-0.377691 0.029939 0.925448 -0.039509 0.162339 0.986137 0.034351 2.950246 -0.911590 0.163210 -0.377315 0.060145 0.000000 0.000000 0.000000 1.000000
-0.376640 0.028185 0.925931 -0.038451 0.161082 0.986302 0.035501 2.960367 -0.912247 0.162522 -0.376021 0.057402 0.000000 0.000000 0.000000 1.000000
-0.375980 0.026587 0.926246 -0.037141 0.160866 0.986283 0.036988 2.969984 -0.912557 0.162908 -0.375100 0.055161 0.000000 0.000000 0.000000 1.000000
-0.377443 0.024982 0.925696 -0.035446 0.161959 0.986009 0.039428 2.978933 -0.911760 0.164807 -0.376209 0.053798 0.000000 0.000000 0.000000 1.000000
-0.382146 0.023173 0.923811 -0.033404 0.163549 0.985601 0.042931 2.986949 -0.909514 0.167494 -0.380434 0.052851 0.000000 0.000000 0.000000 1.000000
-0.388882 0.021456 0.921038 -0.029821 0.165315 0.985127 0.046851 2.994489 -0.906334 0.170480 -0.386646 0.052645 0.000000 0.000000 0.000000 1.000000
-0.396136 0.020294 0.917967 -0.024188 0.167454 0.984586 0.050496 3.002963 -0.902793 0.173721 -0.393428 0.052769 0.000000 0.000000 0.000000 1.000000
-0.404802 0.019788 0.914190 -0.016531 0.170129 0.983939 0.054035 3.013798 -0.898438 0.177403 -0.401667 0.052394 0.000000 0.000000 0.000000 1.000000
-0.425211 0.019495 0.904884 -0.005030 0.174139 0.982851 0.060654 3.027980 -0.888184 0.183367 -0.421314 0.051469 0.000000 0.000000 0.000000 1.000000
-0.461599 0.019247 0.886880 0.009983 0.179141 0.981189 0.071944 3.046272 -0.868812 0.192086 -0.456364 0.048914 0.000000 0.000000 0.000000 1.000000
-0.515461 0.012568 0.856821 0.025738 0.183883 0.978222 0.096275 3.070266 -0.836951 0.207181 -0.506546 0.044719 0.000000 0.000000 0.000000 1.000000
-0.576976 -0.003172 0.816755 0.038239 0.188421 0.972502 0.136883 3.096527 -0.794730 0.232872 -0.560513 0.042823 0.000000 0.000000 0.000000 1.000000
-0.630552 -0.014966 0.776002 0.047790 0.191703 0.965834 0.174398 3.115750 -0.752100 0.258729 -0.606140 0.043987 0.000000 0.000000 0.000000 1.000000
-0.670722 -0.016230 0.741531 0.059260 0.187897 0.963430 0.191041 3.124050 -0.717514 0.267467 -0.643144 0.054014 0.000000 0.000000 0.000000 1.000000
-0.701000 -0.014577 0.713013 0.070881 0.174601 0.965857 0.191405 3.125971 -0.691458 0.258667 -0.674520 0.075160 0.000000 0.000000 0.000000 1.000000
-0.727983 -0.011080 0.685505 0.074486 0.160436 0.969354 0.186045 3.132785 -0.666559 0.245417 -0.703896 0.108127 0.000000 0.000000 0.000000 1.000000
-0.762016 -0.004810 0.647540 0.065939 0.145969 0.972960 0.179002 3.158453 -0.630891 0.230923 -0.740709 0.148429 0.000000 0.000000 0.000000 1.000000
-0.814360 0.001830 0.580357 0.044308 0.124108 0.977412 0.171067 3.211610 -0.566934 0.211337 -0.796192 0.184853 0.000000 0.000000 0.000000 1.000000
-0.867223 0.007942 0.497857 0.019761 0.103368 0.980961 0.164410 3.274453 -0.487073 0.194043 -0.851532 0.209349 0.000000 0.000000 0.000000 1.000000
-0.897322 0.010662 0.441248 0.004048 0.091563 0.982457 0.162464 3.314195 -0.431775 0.186184 -0.882557 0.221592 0.000000 0.000000 0.000000 1.000000
-0.927721 0.012018 0.373082 -0.013832 0.077929 0.983693 0.162096 3.359553 -0.365050 0.179454 -0.913529 0.234585 0.000000 0.000000 0.000000 1.000000
-0.954086 0.012071 0.299288 -0.031040 0.063316 0.984737 0.162126 3.407801 -0.292763 0.173632 -0.940288 0.249220 0.000000 0.000000 0.000000 1.000000
-0.975068 0.011047 0.221630 -0.046984 0.047374 0.986097 0.159275 3.457856 -0.216789 0.165804 -0.962035 0.265432 0.000000 0.000000 0.000000 1.000000
-0.990294 0.009808 0.138644 -0.061210 0.030730 0.988272 0.149582 3.512054 -0.135551 0.152391 -0.978981 0.284868 0.000000 0.000000 0.000000 1.000000
-0.992783 -0.004235 -0.119846 -0.095255 -0.012910 0.997343 0.071701 3.670686 0.119224 0.072731 -0.990200 0.345733 0.000000 0.000000 0.000000 1.000000
-0.974913 -0.028686 -0.220729 -0.096002 -0.029494 0.999565 0.000366 3.743567 0.220623 0.006867 -0.975335 0.358682 0.000000 0.000000 0.000000 1.000000
-0.972058 -0.036024 -0.231960 -0.105204 -0.032959 0.999311 -0.017077 3.789080 0.232416 -0.008954 -0.972575 0.378070 0.000000 0.000000 0.000000 1.000000
-0.968282 -0.033494 -0.247604 -0.138592 -0.029664 0.999376 -0.019183 3.765213 0.248092 -0.011230 -0.968671 0.394510 0.000000 0.000000 0.000000 1.000000
-0.947488 -0.029084 -0.318465 -0.190544 -0.026469 0.999571 -0.012537 3.716863 0.318693 -0.003449 -0.947852 0.446151 0.000000 0.000000 0.000000 1.000000
-0.905975 -0.026549 -0.422497 -0.237662 -0.022099 0.999637 -0.015429 3.644300 0.422753 -0.004641 -0.906233 0.506829 0.000000 0.000000 0.000000 1.000000
-0.878500 -0.018288 -0.477392 -0.278748 -0.008757 0.999716 -0.022183 3.565259 0.477662 -0.015307 -0.878410 0.530470 0.000000 0.000000 0.000000 1.000000
-0.878322 -0.002636 -0.478062 -0.305010 0.001635 0.999962 -0.008519 3.530812 0.478067 -0.008264 -0.878285 0.531281 0.000000 0.000000 0.000000 1.000000
-0.884604 0.001356 -0.466341 -0.313441 -0.000961 0.999988 0.004732 3.511804 0.466342 0.004635 -0.884592 0.517614 0.000000 0.000000 0.000000 1.000000
-0.909912 0.006400 -0.414753 -0.320925 0.003666 0.999966 0.007389 3.519574 0.414786 0.005203 -0.909904 0.495383 0.000000 0.000000 0.000000 1.000000
-0.947678 0.015129 -0.318871 -0.327776 0.012062 0.999860 0.011589 3.553640 0.319001 0.007136 -0.947727 0.470412 0.000000 0.000000 0.000000 1.000000
-0.974159 0.020414 -0.224938 -0.321926 0.015841 0.999630 0.022114 3.583284 0.225306 0.017979 -0.974122 0.441098 0.000000 0.000000 0.000000 1.000000
-0.992253 0.028925 -0.120816 -0.310935 0.026518 0.999417 0.021486 3.613759 0.121367 0.018115 -0.992442 0.408696 0.000000 0.000000 0.000000 1.000000
-0.999314 0.035894 -0.009083 -0.295281 0.035696 0.999139 0.021136 3.641723 0.009834 0.020798 -0.999735 0.374440 0.000000 0.000000 0.000000 1.000000
-0.993777 0.043762 0.102428 -0.275784 0.045927 0.998767 0.018867 3.658975 -0.101476 0.023454 -0.994562 0.338649 0.000000 0.000000 0.000000 1.000000
-0.976088 0.048851 0.211816 -0.252276 0.051564 0.998643 0.007297 3.662718 -0.211172 0.018044 -0.977282 0.299911 0.000000 0.000000 0.000000 1.000000
-0.946262 0.052540 0.319104 -0.226485 0.053532 0.998550 -0.005668 3.662591 -0.318939 0.011719 -0.947703 0.266008 0.000000 0.000000 0.000000 1.000000
-0.905514 0.056758 0.420504 -0.202271 0.061847 0.998084 -0.001537 3.653928 -0.419785 0.024615 -0.907290 0.239455 0.000000 0.000000 0.000000 1.000000
-0.855714 0.060588 0.513889 -0.179095 0.074578 0.997193 0.006615 3.640122 -0.512046 0.043986 -0.857831 0.217655 0.000000 0.000000 0.000000 1.000000
-0.798103 0.065313 0.598971 -0.157440 0.089332 0.995947 0.010431 3.614540 -0.595862 0.061832 -0.800703 0.198048 0.000000 0.000000 0.000000 1.000000
-0.736584 0.070932 0.672616 -0.138675 0.106241 0.994274 0.011493 3.576621 -0.667949 0.079925 -0.739903 0.176998 0.000000 0.000000 0.000000 1.000000
-0.677868 0.073087 0.731542 -0.121632 0.121319 0.992525 0.013257 3.532445 -0.725104 0.097736 -0.681668 0.153539 0.000000 0.000000 0.000000 1.000000
-0.621188 0.069077 0.780611 -0.107627 0.130300 0.991346 0.015964 3.481444 -0.772753 0.111631 -0.624813 0.126872 0.000000 0.000000 0.000000 1.000000
-0.564339 0.059630 0.823387 -0.096075 0.139262 0.989971 0.023755 3.422155 -0.813712 0.128072 -0.566983 0.104905 0.000000 0.000000 0.000000 1.000000
-0.513242 0.048104 0.856895 -0.087184 0.148348 0.988372 0.033369 3.347212 -0.845326 0.144245 -0.514410 0.085612 0.000000 0.000000 0.000000 1.000000
-0.476823 0.043885 0.877903 -0.077559 0.160803 0.986253 0.038038 3.271352 -0.864166 0.159307 -0.477325 0.072200 0.000000 0.000000 0.000000 1.000000
-0.450994 0.046601 0.891309 -0.068419 0.169442 0.984945 0.034239 3.201041 -0.876295 0.166466 -0.452101 0.066031 0.000000 0.000000 0.000000 1.000000
-0.424270 0.048831 0.904218 -0.062817 0.168493 0.985364 0.025845 3.128259 -0.889722 0.163320 -0.426288 0.062892 0.000000 0.000000 0.000000 1.000000
-0.399753 0.047972 0.915367 -0.058052 0.168665 0.985428 0.022015 3.057983 -0.900971 0.163191 -0.402019 0.063005 0.000000 0.000000 0.000000 1.000000
-0.384585 0.049081 0.921784 -0.054493 0.169915 0.985286 0.018429 2.999609 -0.907317 0.163712 -0.387266 0.064750 0.000000 0.000000 0.000000 1.000000
-0.379104 0.049139 0.924049 -0.051966 0.167612 0.985717 0.016347 2.951092 -0.910048 0.161079 -0.381926 0.067014 0.000000 0.000000 0.000000 1.000000
-0.375038 0.046470 0.925844 -0.050411 0.165891 0.985985 0.017710 2.919446 -0.912045 0.160231 -0.377491 0.068601 0.000000 0.000000 0.000000 1.000000
-0.373044 0.043099 0.926812 -0.049001 0.164189 0.986222 0.020224 2.905804 -0.913170 0.159717 -0.374980 0.068377 0.000000 0.000000 0.000000 1.000000
-0.373937 0.039767 0.926601 -0.047240 0.162935 0.986359 0.023422 2.907406 -0.913030 0.159734 -0.375315 0.066595 0.000000 0.000000 0.000000 1.000000
-0.376359 0.036763 0.925744 -0.045068 0.162800 0.986289 0.027018 2.917324 -0.912058 0.160880 -0.377184 0.064635 0.000000 0.000000 0.000000 1.000000
-0.378082 0.034086 0.925144 -0.042942 0.163243 0.986118 0.030380 2.929031 -0.911266 0.162510 -0.378398 0.063124 0.000000 0.000000 0.000000 1.000000
-0.378360 0.031814 0.925112 -0.041109 0.163182 0.986050 0.032830 2.939961 -0.911162 0.163383 -0.378273 0.061782 0.000000 0.000000 0.000000 1.000000
-0.377690 0.029939 0.925448 -0.039509 0.162339 0.986137 0.034351 2.950246 -0.911590 0.163211 -0.377314 0.060145 0.000000 0.000000 0.000000 1.000000</float_array><technique_common><accessor source="#mixamorig_Hips-Matrix-animation-output-transform-array" count="62" stride="16"><param type="float4x4"/></accessor></technique_common></source><source id="mixamorig_Hips-Interpolations"><Name_array id="mixamorig_Hips-Interpolations-array" count="62">
 LINEAR LINEAR LINEAR LINEAR LINEAR LINEAR LINEAR LINEAR LINEAR LINEAR LINEAR
LINEAR LINEAR LINEAR LINEAR LINEAR LINEAR LINEAR LINEAR LINEAR LINEAR LINEAR LINEAR
LINEAR LINEAR LINEAR LINEAR LINEAR LINEAR LINEAR LINEAR LINEAR LINEAR LINEAR LINEAR
LINEAR LINEAR LINEAR LINEAR LINEAR LINEAR LINEAR LINEAR LINEAR LINEAR LINEAR LINEAR
LINEAR LINEAR LINEAR LINEAR LINEAR LINEAR LINEAR LINEAR LINEAR LINEAR LINEAR LINEAR
LINEAR LINEAR LINEAR</Name_array><technique_common><accessor source="#mixamorig_Hips-Interpolations-array" count="62"><param type="name"/></accessor></technique_common></source><sampler id="mixamorig_Hips-Matrix-animation-transform"><input semantic="INPUT" source="#mixamorig_Hips-Matrix-animation-input"/><input semantic="OUTPUT" source="#mixamorig_Hips-Matrix-animation-output-transform"/><input semantic="INTERPOLATION" source="#mixamorig_Hips-Interpolations"/></sampler><channel source="#mixamorig_Hips-Matrix-animation-transform" target="mixamorig_Hips/matrix"/></animation>
    <animation id="mixamorig_Spine-anim" name="mixamorig_Spine"><source id="mixamorig_Spine-Matrix-animation-input"><float_array id="mixamorig_Spine-Matrix-animation-input-array" count="62">

0.000000 0.033333 0.066667 0.100000 0.133333 0.166667 0.200000 0.233333 0.266667 0.300000 0.333333 0.366667 0.400000 0.433333 0.466667 0.500000
0.533333 0.566667 0.600000 0.633333 0.666667 0.700000 0.733333 0.766667 0.800000 0.833333 0.866667 0.900000 0.933333 0.966667 1.000000 1.033333
1.066667 1.100000 1.133333 1.166667 1.200000 1.233333 1.266667 1.300000 1.333333 1.366667 1.400000 1.433333 1.466667 1.500000 1.533333 1.566667
1.600000 1.633333 1.666667 1.700000 1.733333 1.766667 1.800000 1.833333 1.866667 1.900000 1.933333 1.966667 2.000000 2.033333</float_array><technique_common><accessor source="#mixamorig_Spine-Matrix-animation-input-array" count="62"><param name="TIME" type="float"/></accessor></technique_common></source><source id="mixamorig_Spine-Matrix-animation-output-transform"><float_array id="mixamorig_Spine-Matrix-animation-output-transform-array" count="992">

0.993248 -0.011427 -0.115450 0.000000 -0.003210 0.992050 -0.125802 0.620300 0.115970 0.125323 0.985315 0.186600 0.000000 0.000000 0.000000 1.000000
0.993245 -0.012682 -0.115342 0.000000 -0.002062 0.991924 -0.126817 0.620300 0.116018 0.126198 0.985197 0.186600 0.000000 0.000000 0.000000 1.000000
0.993126 -0.013564 -0.116263 -0.000000 -0.001371 0.991847 -0.127431 0.620300 0.117044 0.126714 0.985010 0.186600 0.000000 0.000000 0.000000 1.000000
0.992772 -0.013426 -0.119258 0.000000 -0.001946 0.991791 -0.127858 0.620300 0.119996 0.127166 0.984596 0.186600 0.000000 0.000000 0.000000 1.000000
0.992174 -0.012528 -0.124229 0.000000 -0.003553 0.991718 -0.128389 0.620300 0.124809 0.127826 0.983912 0.186600 0.000000 0.000000 0.000000 1.000000
0.991476 -0.011339 -0.129795 -0.000000 -0.005504 0.991672 -0.128675 0.620300 0.130173 0.128292 0.983156 0.186600 0.000000 0.000000 0.000000 1.000000
0.990768 -0.010211 -0.135181 -0.000000 -0.007211 0.991778 -0.127764 0.620300 0.135374 0.127560 0.982549 0.186600 0.000000 0.000000 0.000000 1.000000
0.989942 -0.008880 -0.141197 0.000000 -0.008929 0.992117 -0.124996 0.620300 0.141194 0.125000 0.982059 0.186600 0.000000 0.000000 0.000000 1.000000
0.988511 -0.004671 -0.151080 0.000000 -0.013694 0.992645 -0.120286 0.620300 0.150530 0.120973 0.981176 0.186600 0.000000 0.000000 0.000000 1.000000
0.986380 0.002533 -0.164462 -0.000000 -0.021512 0.993280 -0.113720 0.620300 0.163069 0.115709 0.979806 0.186600 0.000000 0.000000 0.000000 1.000000
0.983108 0.014625 -0.182440 -0.000000 -0.035344 0.993210 -0.110840 0.620300 0.179580 0.115416 0.976949 0.186600 0.000000 0.000000 0.000000 1.000000
0.978828 0.028388 -0.202704 -0.000000 -0.052586 0.991972 -0.115007 0.620300 0.197812 0.123232 0.972463 0.186600 0.000000 0.000000 0.000000 1.000000
0.974800 0.040353 -0.219402 0.000000 -0.067602 0.990693 -0.118144 0.620300 0.212592 0.129998 0.968455 0.186600 0.000000 0.000000 0.000000 1.000000
0.972420 0.047016 -0.228447 0.000000 -0.075085 0.990434 -0.115770 0.620300 0.220819 0.129730 0.966649 0.186600 0.000000 0.000000 0.000000 1.000000
0.972461 0.047705 -0.228131 0.000000 -0.074700 0.990986 -0.111202 0.620300 0.220770 0.125181 0.967259 0.186600 0.000000 0.000000 0.000000 1.000000
0.974529 0.052587 -0.218009 0.000000 -0.077858 0.990988 -0.108998 0.620300 0.210312 0.123196 0.969841 0.186600 0.000000 0.000000 0.000000 1.000000
0.979216 0.065682 -0.191890 -0.000000 -0.088336 0.989775 -0.111989 0.620300 0.182572 0.126612 0.975006 0.186600 0.000000 0.000000 0.000000 1.000000
0.984355 0.082165 -0.155866 0.000000 -0.101353 0.987655 -0.119439 0.620300 0.144128 0.133368 0.980531 0.186600 0.000000 0.000000 0.000000 1.000000
0.987341 0.093609 -0.128044 0.000000 -0.110073 0.985619 -0.128212 0.620300 0.114201 0.140683 0.983446 0.186600 0.000000 0.000000 0.000000 1.000000
0.988782 0.099507 -0.111391 0.000000 -0.114406 0.984009 -0.136519 0.620300 0.096025 0.147732 0.984355 0.186600 0.000000 0.000000 0.000000 1.000000
0.990165 0.106545 -0.090668 0.000000 -0.119271 0.981613 -0.149030 0.620300 0.073123 0.158379 0.984667 0.186600 0.000000 0.000000 0.000000 1.000000
0.991116 0.114733 -0.067272 -0.000000 -0.124449 0.978456 -0.164734 0.620300 0.046923 0.171642 0.984041 0.186600 0.000000 0.000000 0.000000 1.000000
0.991471 0.123236 -0.042412 0.000000 -0.128941 0.974897 -0.181523 0.620300 0.018977 0.185443 0.982472 0.186600 0.000000 0.000000 0.000000 1.000000
0.991106 0.132021 -0.016731 -0.000000 -0.132714 0.971269 -0.197546 0.620300 -0.009830 0.198009 0.980151 0.186600 0.000000 0.000000 0.000000 1.000000
0.983855 0.159678 0.080822 0.000000 -0.137511 0.963510 -0.229651 0.620300 -0.114543 0.214829 0.969912 0.186600 0.000000 0.000000 0.000000 1.000000
0.957768 0.194902 0.211410 0.000000 -0.142019 0.959933 -0.241575 0.620300 -0.250023 0.201349 0.947073 0.186600 0.000000 0.000000 0.000000 1.000000
0.922564 0.227578 0.311582 0.000000 -0.147218 0.954063 -0.260943 0.620300 -0.356654 0.194866 0.913688 0.186600 0.000000 0.000000 0.000000 1.000000
0.906133 0.230687 0.354551 -0.000000 -0.140068 0.954547 -0.263098 0.620300 -0.399129 0.188741 0.897259 0.186600 0.000000 0.000000 0.000000 1.000000
0.891123 0.224955 0.394074 0.000000 -0.122762 0.955595 -0.267894 0.620300 -0.436839 0.190349 0.879169 0.186600 0.000000 0.000000 0.000000 1.000000
0.879269 0.215346 0.424868 0.000000 -0.106506 0.958269 -0.265286 0.620300 -0.464266 0.188006 0.865512 0.186600 0.000000 0.000000 0.000000 1.000000
0.873067 0.212067 0.439070 0.000000 -0.109507 0.962744 -0.247250 0.620300 -0.475145 0.167785 0.863762 0.186600 0.000000 0.000000 0.000000 1.000000
0.872947 0.203533 0.443326 0.000000 -0.104221 0.965631 -0.238106 0.620300 -0.476552 0.161650 0.864157 0.186600 0.000000 0.000000 0.000000 1.000000
0.881059 0.193579 0.431582 0.000000 -0.097590 0.967184 -0.234587 0.620300 -0.462830 0.164567 0.871037 0.186600 0.000000 0.000000 0.000000 1.000000
0.889942 0.189673 0.414762 -0.000000 -0.101259 0.968894 -0.225813 0.620300 -0.444691 0.158963 0.881465 0.186600 0.000000 0.000000 0.000000 1.000000
0.898631 0.183075 0.398679 0.000000 -0.102383 0.971188 -0.215199 0.620300 -0.426590 0.152567 0.891484 0.186600 0.000000 0.000000 0.000000 1.000000
0.912567 0.176484 0.368882 0.000000 -0.101377 0.971553 -0.214026 0.620300 -0.396161 0.157916 0.904499 0.186600 0.000000 0.000000 0.000000 1.000000
0.927302 0.174203 0.331306 0.000000 -0.107723 0.971857 -0.209499 0.620300 -0.358477 0.158580 0.919971 0.186600 0.000000 0.000000 0.000000 1.000000
0.940919 0.159011 0.298976 -0.000000 -0.100170 0.974080 -0.202815 0.620300 -0.323477 0.160884 0.932459 0.186600 0.000000 0.000000 0.000000 1.000000
0.953494 0.144700 0.264408 -0.000000 -0.094160 0.976323 -0.194747 0.620300 -0.286328 0.160793 0.944543 0.186600 0.000000 0.000000 0.000000 1.000000
0.967476 0.129134 0.217520 0.000000 -0.089991 0.979332 -0.181136 0.620300 -0.236415 0.155670 0.959101 0.186600 0.000000 0.000000 0.000000 1.000000
0.978570 0.109624 0.174307 -0.000000 -0.080271 0.982626 -0.167341 0.620300 -0.189623 0.149763 0.970368 0.186600 0.000000 0.000000 0.000000 1.000000
0.985952 0.093613 0.138332 0.000000 -0.069997 0.983523 -0.166682 0.620300 -0.151656 0.154658 0.976259 0.186600 0.000000 0.000000 0.000000 1.000000
0.990964 0.080961 0.106934 -0.000000 -0.061968 0.983440 -0.170310 0.620300 -0.118952 0.162145 0.979571 0.186600 0.000000 0.000000 0.000000 1.000000
0.994427 0.069748 0.079057 0.000000 -0.055419 0.983744 -0.170811 0.620300 -0.089686 0.165478 0.982127 0.186600 0.000000 0.000000 0.000000 1.000000
0.997078 0.054242 0.053786 0.000000 -0.044440 0.984594 -0.169115 0.620300 -0.062130 0.166231 0.984128 0.186600 0.000000 0.000000 0.000000 1.000000
0.998828 0.038753 0.029006 0.000000 -0.033390 0.985430 -0.166773 0.620300 -0.035046 0.165609 0.985569 0.186600 0.000000 0.000000 0.000000 1.000000
0.999601 0.027474 0.006600 0.000000 -0.026033 0.986304 -0.162869 0.620300 -0.010984 0.162632 0.986626 0.186600 0.000000 0.000000 0.000000 1.000000
0.999739 0.019208 -0.012400 -0.000000 -0.020951 0.986790 -0.160642 0.620300 0.009151 0.160860 0.986935 0.186600 0.000000 0.000000 0.000000 1.000000
0.999508 0.009602 -0.029864 0.000000 -0.014232 0.987188 -0.158923 0.620300 0.027956 0.159270 0.986839 0.186600 0.000000 0.000000 0.000000 1.000000
0.998539 0.003142 -0.053945 0.000000 -0.011390 0.988119 -0.153270 0.620300 0.052823 0.153660 0.986711 0.186600 0.000000 0.000000 0.000000 1.000000
0.996929 -0.001863 -0.078284 -0.000000 -0.009397 0.989645 -0.143226 0.620300 0.077740 0.143521 0.986589 0.186600 0.000000 0.000000 0.000000 1.000000
0.995816 -0.009083 -0.090932 0.000000 -0.003136 0.991065 -0.133340 0.620300 0.091331 0.133067 0.986890 0.186600 0.000000 0.000000 0.000000 1.000000
0.995354 -0.010866 -0.095663 0.000000 -0.001403 0.991868 -0.127261 0.620300 0.096268 0.126804 0.987245 0.186600 0.000000 0.000000 0.000000 1.000000
0.994889 -0.008522 -0.100615 0.000000 -0.003636 0.992763 -0.120037 0.620300 0.100910 0.119790 0.987658 0.186600 0.000000 0.000000 0.000000 1.000000
0.994215 -0.009117 -0.107020 0.000000 -0.003214 0.993420 -0.114486 0.620300 0.107360 0.114168 0.987643 0.186600 0.000000 0.000000 0.000000 1.000000
0.993825 -0.010583 -0.110456 0.000000 -0.001982 0.993590 -0.113026 0.620300 0.110944 0.112547 0.987433 0.186600 0.000000 0.000000 0.000000 1.000000
0.993733 -0.011990 -0.111139 0.000000 -0.000830 0.993412 -0.114592 0.620300 0.111781 0.113966 0.987176 0.186600 0.000000 0.000000 0.000000 1.000000
0.993520 -0.013833 -0.112815 -0.000000 0.000684 0.993276 -0.115769 0.620300 0.113658 0.114942 0.986849 0.186600 0.000000 0.000000 0.000000 1.000000
0.993316 -0.012738 -0.114719 0.000000 -0.000974 0.992931 -0.118687 0.620300 0.115420 0.118006 0.986282 0.186600 0.000000 0.000000 0.000000 1.000000
0.993231 -0.011510 -0.115583 0.000000 -0.002671 0.992552 -0.121793 0.620300 0.116123 0.121277 0.985803 0.186600 0.000000 0.000000 0.000000 1.000000
0.993224 -0.011025 -0.115691 0.000000 -0.003456 0.992248 -0.124226 0.620300 0.116164 0.123784 0.985486 0.186600 0.000000 0.000000 0.000000 1.000000
0.993248 -0.011426 -0.115450 -0.000000 -0.003210 0.992050 -0.125802 0.620300 0.115969 0.125323 0.985315 0.186600 0.000000 0.000000 0.000000 1.000000</float_array><technique_common><accessor source="#mixamorig_Spine-Matrix-animation-output-transform-array" count="62" stride="16"><param type="float4x4"/></accessor></technique_common></source><source id="mixamorig_Spine-Interpolations"><Name_array id="mixamorig_Spine-Interpolations-array" count="62">
 LINEAR LINEAR LINEAR LINEAR LINEAR LINEAR LINEAR LINEAR LINEAR LINEAR LINEAR
LINEAR LINEAR LINEAR LINEAR LINEAR LINEAR LINEAR LINEAR LINEAR LINEAR LINEAR LINEAR
LINEAR LINEAR LINEAR LINEAR LINEAR LINEAR LINEAR LINEAR LINEAR LINEAR LINEAR LINEAR
LINEAR LINEAR LINEAR LINEAR LINEAR LINEAR LINEAR LINEAR LINEAR LINEAR LINEAR LINEAR
LINEAR LINEAR LINEAR LINEAR LINEAR LINEAR LINEAR LINEAR LINEAR LINEAR LINEAR LINEAR
LINEAR LINEAR LINEAR</Name_array><technique_common><accessor source="#mixamorig_Spine-Interpolations-array" count="62"><param type="name"/></accessor></technique_common></source><sampler id="mixamorig_Spine-Matrix-animation-transform"><input semantic="INPUT" source="#mixamorig_Spine-Matrix-animation-input"/><input semantic="OUTPUT" source="#mixamorig_Spine-Matrix-animation-output-transform"/><input semantic="INTERPOLATION" source="#mixamorig_Spine-Interpolations"/></sampler><channel source="#mixamorig_Spine-Matrix-animation-transform" target="mixamorig_Spine/matrix"/></animation>
    <animation id="mixamorig_Spine1-anim" name="mixamorig_Spine1"><source id="mixamorig_Spine1-Matrix-animation-input"><float_array id="mixamorig_Spine1-Matrix-animation-input-array" count="62">

0.000000 0.033333 0.066667 0.100000 0.133333 0.166667 0.200000 0.233333 0.266667 0.300000 0.333333 0.366667 0.400000 0.433333 0.466667 0.500000
0.533333 0.566667 0.600000 0.633333 0.666667 0.700000 0.733333 0.766667 0.800000 0.833333 0.866667 0.900000 0.933333 0.966667 1.000000 1.033333
1.066667 1.100000 1.133333 1.166667 1.200000 1.233333 1.266667 1.300000 1.333333 1.366667 1.400000 1.433333 1.466667 1.500000 1.533333 1.566667
1.600000 1.633333 1.666667 1.700000 1.733333 1.766667 1.800000 1.833333 1.866667 1.900000 1.933333 1.966667 2.000000 2.033333</float_array><technique_common><accessor source="#mixamorig_Spine1-Matrix-animation-input-array" count="62"><param name="TIME" type="float"/></accessor></technique_common></source><source id="mixamorig_Spine1-Matrix-animation-output-transform"><float_array id="mixamorig_Spine1-Matrix-animation-output-transform-array" count="992">

0.994464 -0.057334 -0.088061 -0.000000 0.070613 0.985234 0.155974 0.755700 0.077818 -0.161328 0.983828 0.000000 0.000000 0.000000 0.000000 1.000000
0.994415 -0.058267 -0.087999 0.000000 0.071460 0.985309 0.155112 0.755700 0.077668 -0.160534 0.983970 -0.000000 0.000000 0.000000 0.000000 1.000000
0.994302 -0.058442 -0.089157 -0.000000 0.071783 0.985359 0.154644 0.755700 0.078814 -0.160162 0.983939 0.000000 0.000000 0.000000 0.000000 1.000000
0.994055 -0.057392 -0.092527 0.000000 0.071261 0.985444 0.154343 0.755700 0.082322 -0.160019 0.983675 0.000000 0.000000 0.000000 0.000000 1.000000
0.993656 -0.055437 -0.097854 -0.000000 0.070154 0.985574 0.154022 0.755700 0.087904 -0.159910 0.983210 0.000000 0.000000 0.000000 0.000000 1.000000
0.993179 -0.053344 -0.103683 0.000000 0.069027 0.985640 0.154108 0.755700 0.093973 -0.160214 0.982599 -0.000000 0.000000 0.000000 0.000000 1.000000
0.992682 -0.051253 -0.109346 0.000000 0.068003 0.985503 0.155430 0.755700 0.099795 -0.161728 0.981776 -0.000000 0.000000 0.000000 0.000000 1.000000
0.992093 -0.048138 -0.115909 0.000000 0.066302 0.985155 0.158349 0.755700 0.106566 -0.164782 0.980556 -0.000000 0.000000 0.000000 0.000000 1.000000
0.991068 -0.041633 -0.126690 0.000000 0.062127 0.984769 0.162388 0.755700 0.118000 -0.168809 0.978560 -0.000000 0.000000 0.000000 0.000000 1.000000
0.989492 -0.032806 -0.140815 0.000000 0.056608 0.984072 0.168517 0.755700 0.133044 -0.174718 0.975589 0.000000 0.000000 0.000000 0.000000 1.000000
0.986768 -0.015655 -0.161379 0.000000 0.043809 0.984050 0.172416 0.755700 0.156106 -0.177204 0.971715 -0.000000 0.000000 0.000000 0.000000 1.000000
0.982729 0.006547 -0.184936 -0.000000 0.026107 0.984473 0.173586 0.755700 0.183201 -0.175416 0.967299 -0.000000 0.000000 0.000000 0.000000 1.000000
0.978675 0.026959 -0.203636 -0.000000 0.009915 0.983995 0.177919 0.755700 0.205173 -0.176144 0.962745 0.000000 0.000000 0.000000 0.000000 1.000000
0.976020 0.039001 -0.214158 -0.000000 0.001064 0.982953 0.183855 0.755700 0.217677 -0.179674 0.959340 0.000000 0.000000 0.000000 0.000000 1.000000
0.975608 0.041645 -0.215533 0.000000 0.000005 0.981837 0.189728 0.755700 0.219520 -0.185102 0.957888 0.000000 0.000000 0.000000 0.000000 1.000000
0.977245 0.046685 -0.206911 -0.000000 -0.005661 0.980871 0.194574 0.755700 0.212037 -0.188975 0.958816 0.000000 0.000000 0.000000 0.000000 1.000000
0.981369 0.059635 -0.182645 0.000000 -0.022884 0.980124 0.197061 0.755700 0.190766 -0.189210 0.963228 0.000000 0.000000 0.000000 0.000000 1.000000
0.985863 0.076363 -0.149144 0.000000 -0.046425 0.979750 0.194766 0.755700 0.160996 -0.185089 0.969444 0.000000 0.000000 0.000000 0.000000 1.000000
0.988304 0.088135 -0.124446 -0.000000 -0.063897 0.980312 0.186832 0.755700 0.138463 -0.176695 0.974478 0.000000 0.000000 0.000000 0.000000 1.000000
0.989508 0.093958 -0.109752 0.000000 -0.073316 0.981126 0.178930 0.755700 0.124492 -0.169006 0.977721 0.000000 0.000000 0.000000 0.000000 1.000000
0.990784 0.100485 -0.090832 0.000000 -0.084190 0.982151 0.168199 0.755700 0.106112 -0.159001 0.981559 -0.000000 0.000000 0.000000 0.000000 1.000000
0.991789 0.107740 -0.068901 0.000000 -0.095947 0.983067 0.156122 0.755700 0.084555 -0.148229 0.985332 -0.000000 0.000000 0.000000 0.000000 1.000000
0.992185 0.116116 -0.045672 0.000000 -0.108478 0.983601 0.144091 0.755700 0.061654 -0.138011 0.988510 -0.000000 0.000000 0.000000 0.000000 1.000000
0.991875 0.125325 -0.021845 -0.000000 -0.121367 0.983689 0.132762 0.755700 0.038128 -0.129032 0.990907 -0.000000 0.000000 0.000000 0.000000 1.000000
0.986324 0.148841 0.070786 0.000000 -0.155766 0.982175 0.105208 0.755700 -0.053865 -0.114796 0.991928 0.000000 0.000000 0.000000 0.000000 1.000000
0.964786 0.175530 0.195901 0.000000 -0.193961 0.977815 0.079100 0.755700 -0.177671 -0.114312 0.977428 0.000000 0.000000 0.000000 0.000000 1.000000
0.934754 0.196041 0.296316 -0.000000 -0.218431 0.974855 0.044101 0.755700 -0.280220 -0.105948 0.954071 0.000000 0.000000 0.000000 0.000000 1.000000
0.921540 0.189211 0.339063 0.000000 -0.210553 0.977211 0.026939 0.755700 -0.326239 -0.096216 0.940378 0.000000 0.000000 0.000000 0.000000 1.000000
0.908851 0.181001 0.375803 0.000000 -0.201236 0.979429 0.014946 0.755700 -0.365367 -0.089209 0.926579 0.000000 0.000000 0.000000 0.000000 1.000000
0.898173 0.184220 0.399185 -0.000000 -0.209625 0.977566 0.020522 0.755700 -0.386449 -0.102112 0.916641 0.000000 0.000000 0.000000 0.000000 1.000000
0.893134 0.192190 0.406663 0.000000 -0.228135 0.972752 0.041317 0.755700 -0.387642 -0.129676 0.912643 0.000000 0.000000 0.000000 0.000000 1.000000
0.893399 0.185906 0.408995 0.000000 -0.227170 0.972343 0.054252 0.755700 -0.387598 -0.141380 0.910923 -0.000000 0.000000 0.000000 0.000000 1.000000
0.900620 0.179330 0.395884 -0.000000 -0.223776 0.972218 0.068679 0.755700 -0.372570 -0.150443 0.915728 -0.000000 0.000000 0.000000 0.000000 1.000000
0.908128 0.173915 0.380864 -0.000000 -0.221348 0.971559 0.084135 0.755700 -0.355399 -0.160709 0.920795 -0.000000 0.000000 0.000000 0.000000 1.000000
0.915185 0.162369 0.368881 0.000000 -0.211354 0.972661 0.096231 0.755700 -0.343171 -0.166033 0.924482 0.000000 0.000000 0.000000 0.000000 1.000000
0.926740 0.154703 0.342375 0.000000 -0.201313 0.973898 0.104856 0.755700 -0.317217 -0.166099 0.933694 0.000000 0.000000 0.000000 0.000000 1.000000
0.938938 0.151147 0.309112 0.000000 -0.194344 0.974295 0.113925 0.755700 -0.283947 -0.167042 0.944177 0.000000 0.000000 0.000000 0.000000 1.000000
0.950541 0.131278 0.281493 -0.000000 -0.169043 0.978962 0.114270 0.755700 -0.260570 -0.156203 0.952735 0.000000 0.000000 0.000000 0.000000 1.000000
0.961173 0.113810 0.251382 0.000000 -0.146625 0.982383 0.115867 0.755700 -0.233767 -0.148227 0.960928 0.000000 0.000000 0.000000 0.000000 1.000000
0.973015 0.101579 0.207179 -0.000000 -0.129089 0.983865 0.123879 0.755700 -0.191252 -0.147281 0.970428 0.000000 0.000000 0.000000 0.000000 1.000000
0.982352 0.087139 0.165504 -0.000000 -0.109455 0.985337 0.130887 0.755700 -0.151672 -0.146692 0.977485 0.000000 0.000000 0.000000 0.000000 1.000000
0.988548 0.074031 0.131499 0.000000 -0.091499 0.986992 0.132191 0.755700 -0.120002 -0.142709 0.982463 0.000000 0.000000 0.000000 0.000000 1.000000
0.992772 0.062374 0.102535 0.000000 -0.075674 0.988435 0.131415 0.755700 -0.093152 -0.138224 0.986011 0.000000 0.000000 0.000000 0.000000 1.000000
0.995752 0.048819 0.078072 -0.000000 -0.058936 0.989359 0.133027 0.755700 -0.070747 -0.137063 0.988033 0.000000 0.000000 0.000000 0.000000 1.000000
0.997971 0.025217 0.058471 -0.000000 -0.032954 0.990245 0.135382 0.755700 -0.054486 -0.137034 0.989067 0.000000 0.000000 0.000000 0.000000 1.000000
0.999258 0.003507 0.038346 0.000000 -0.008694 0.990677 0.135951 0.755700 -0.037511 -0.136183 0.989973 -0.000000 0.000000 0.000000 0.000000 1.000000
0.999815 -0.007441 0.017730 -0.000000 0.004944 0.990565 0.136952 0.755700 -0.018581 -0.136839 0.990419 0.000000 0.000000 0.000000 0.000000 1.000000
0.999851 -0.017220 0.000905 0.000000 0.016933 0.990385 0.137298 0.755700 -0.003260 -0.137262 0.990529 0.000000 0.000000 0.000000 0.000000 1.000000
0.999531 -0.026868 -0.014678 0.000000 0.028640 0.990004 0.138101 0.755700 0.010821 -0.138457 0.990309 -0.000000 0.000000 0.000000 0.000000 1.000000
0.998775 -0.033895 -0.036045 0.000000 0.038709 0.989027 0.142571 0.755700 0.030817 -0.143792 0.989128 0.000000 0.000000 0.000000 0.000000 1.000000
0.997485 -0.042608 -0.056638 -0.000000 0.050631 0.987577 0.148757 0.755700 0.049596 -0.151250 0.987251 0.000000 0.000000 0.000000 0.000000 1.000000
0.996434 -0.050795 -0.067375 0.000000 0.060711 0.986141 0.154402 0.755700 0.058598 -0.157941 0.985708 0.000000 0.000000 0.000000 0.000000 1.000000
0.996073 -0.052971 -0.070946 -0.000000 0.063679 0.985324 0.158371 0.755700 0.061516 -0.162267 0.984828 0.000000 0.000000 0.000000 0.000000 1.000000
0.995851 -0.052524 -0.074311 0.000000 0.064156 0.984373 0.163995 0.755700 0.064536 -0.168082 0.983658 -0.000000 0.000000 0.000000 0.000000 1.000000
0.995340 -0.055144 -0.079098 0.000000 0.067864 0.983381 0.168394 0.755700 0.068498 -0.172978 0.982541 0.000000 0.000000 0.000000 0.000000 1.000000
0.994976 -0.058627 -0.081156 0.000000 0.071760 0.982868 0.169767 0.755700 0.069813 -0.174738 0.982137 -0.000000 0.000000 0.000000 0.000000 1.000000
0.994840 -0.059853 -0.081923 0.000000 0.073013 0.983001 0.168461 0.755700 0.070448 -0.173573 0.982298 0.000000 0.000000 0.000000 0.000000 1.000000
0.994624 -0.059817 -0.084533 -0.000000 0.073271 0.983353 0.166277 0.755700 0.073180 -0.171577 0.982449 -0.000000 0.000000 0.000000 0.000000 1.000000
0.994519 -0.057936 -0.087032 0.000000 0.071577 0.984051 0.162851 0.755700 0.076209 -0.168188 0.982805 0.000000 0.000000 0.000000 0.000000 1.000000
0.994493 -0.056641 -0.088181 0.000000 0.070242 0.984662 0.159711 0.755700 0.077783 -0.165026 0.983217 0.000000 0.000000 0.000000 0.000000 1.000000
0.994486 -0.056519 -0.088340 0.000000 0.069966 0.985051 0.157417 0.755700 0.078122 -0.162730 0.983573 -0.000000 0.000000 0.000000 0.000000 1.000000
0.994464 -0.057334 -0.088061 0.000000 0.070613 0.985234 0.155974 0.755700 0.077818 -0.161328 0.983828 0.000000 0.000000 0.000000 0.000000 1.000000</float_array><technique_common><accessor source="#mixamorig_Spine1-Matrix-animation-output-transform-array" count="62" stride="16"><param type="float4x4"/></accessor></technique_common></source><source id="mixamorig_Spine1-Interpolations"><Name_array id="mixamorig_Spine1-Interpolations-array" count="62">
 LINEAR LINEAR LINEAR LINEAR LINEAR LINEAR LINEAR LINEAR LINEAR LINEAR LINEAR
LINEAR LINEAR LINEAR LINEAR LINEAR LINEAR LINEAR LINEAR LINEAR LINEAR LINEAR LINEAR
LINEAR LINEAR LINEAR LINEAR LINEAR LINEAR LINEAR LINEAR LINEAR LINEAR LINEAR LINEAR
LINEAR LINEAR LINEAR LINEAR LINEAR LINEAR LINEAR LINEAR LINEAR LINEAR LINEAR LINEAR
LINEAR LINEAR LINEAR LINEAR LINEAR LINEAR LINEAR LINEAR LINEAR LINEAR LINEAR LINEAR
LINEAR LINEAR LINEAR</Name_array><technique_common><accessor source="#mixamorig_Spine1-Interpolations-array" count="62"><param type="name"/></accessor></technique_common></source><sampler id="mixamorig_Spine1-Matrix-animation-transform"><input semantic="INPUT" source="#mixamorig_Spine1-Matrix-animation-input"/><input semantic="OUTPUT" source="#mixamorig_Spine1-Matrix-animation-output-transform"/><input semantic="INTERPOLATION" source="#mixamorig_Spine1-Interpolations"/></sampler><channel source="#mixamorig_Spine1-Matrix-animation-transform" target="mixamorig_Spine1/matrix"/></animation>
    <animation id="mixamorig_Spine2-anim" name="mixamorig_Spine2"><source id="mixamorig_Spine2-Matrix-animation-input"><float_array id="mixamorig_Spine2-Matrix-animation-input-array" count="62">

0.000000 0.033333 0.066667 0.100000 0.133333 0.166667 0.200000 0.233333 0.266667 0.300000 0.333333 0.366667 0.400000 0.433333 0.466667 0.500000
0.533333 0.566667 0.600000 0.633333 0.666667 0.700000 0.733333 0.766667 0.800000 0.833333 0.866667 0.900000 0.933333 0.966667 1.000000 1.033333
1.066667 1.100000 1.133333 1.166667 1.200000 1.233333 1.266667 1.300000 1.333333 1.366667 1.400000 1.433333 1.466667 1.500000 1.533333 1.566667
1.600000 1.633333 1.666667 1.700000 1.733333 1.766667 1.800000 1.833333 1.866667 1.900000 1.933333 1.966667 2.000000 2.033333</float_array><technique_common><accessor source="#mixamorig_Spine2-Matrix-animation-input-array" count="62"><param name="TIME" type="float"/></accessor></technique_common></source><source id="mixamorig_Spine2-Matrix-animation-output-transform"><float_array id="mixamorig_Spine2-Matrix-animation-output-transform-array" count="992">

0.994268 -0.057676 -0.090022 -0.000000 0.071159 0.985413 0.154591 0.863700 0.079793 -0.160111 0.983869 -0.000000 0.000000 0.000000 0.000000 1.000000
0.994221 -0.058608 -0.089944 0.000000 0.072001 0.985486 0.153732 0.863700 0.079629 -0.159320 0.984010 0.000000 0.000000 0.000000 0.000000 1.000000
0.994105 -0.058781 -0.091107 0.000000 0.072319 0.985539 0.153242 0.863700 0.080781 -0.158928 0.983980 0.000000 0.000000 0.000000 0.000000 1.000000
0.993848 -0.057731 -0.094512 -0.000000 0.071792 0.985634 0.152875 0.863700 0.084329 -0.158720 0.983716 0.000000 0.000000 0.000000 0.000000 1.000000
0.993434 -0.055780 -0.099887 -0.000000 0.070679 0.985780 0.152453 0.863700 0.089963 -0.158512 0.983250 0.000000 0.000000 0.000000 0.000000 1.000000
0.992943 -0.053694 -0.105744 -0.000000 0.069545 0.985862 0.152446 0.863700 0.096063 -0.158724 0.982639 0.000000 0.000000 0.000000 0.000000 1.000000
0.992433 -0.051613 -0.111411 0.000000 0.068520 0.985738 0.153704 0.863700 0.101889 -0.160175 0.981816 0.000000 0.000000 0.000000 0.000000 1.000000
0.991830 -0.048521 -0.117980 0.000000 0.066830 0.985404 0.156563 0.863700 0.108661 -0.163168 0.980596 0.000000 0.000000 0.000000 0.000000 1.000000
0.990775 -0.042109 -0.128813 0.000000 0.062727 0.985048 0.160455 0.863700 0.120130 -0.167054 0.978602 -0.000000 0.000000 0.000000 0.000000 1.000000
0.989148 -0.033446 -0.143065 0.000000 0.057344 0.984399 0.166345 0.863700 0.135269 -0.172743 0.975634 0.000000 0.000000 0.000000 0.000000 1.000000
0.986343 -0.016559 -0.163869 0.000000 0.044740 0.984460 0.169812 0.863700 0.158511 -0.174824 0.971757 0.000000 0.000000 0.000000 0.000000 1.000000
0.982221 0.005336 -0.187652 0.000000 0.027221 0.984983 0.170491 0.863700 0.185743 -0.172567 0.967326 0.000000 0.000000 0.000000 0.000000 1.000000
0.978116 0.025564 -0.206484 -0.000000 0.011115 0.984586 0.174549 0.863700 0.207764 -0.173024 0.962755 -0.000000 0.000000 0.000000 0.000000 1.000000
0.975436 0.037557 -0.217060 -0.000000 0.002278 0.983587 0.180422 0.863700 0.220273 -0.176484 0.959340 0.000000 0.000000 0.000000 0.000000 1.000000
0.975040 0.040259 -0.218348 0.000000 0.001198 0.982456 0.186492 0.863700 0.222025 -0.182099 0.957886 0.000000 0.000000 0.000000 0.000000 1.000000
0.976734 0.045437 -0.209583 -0.000000 -0.004516 0.981438 0.191727 0.863700 0.214405 -0.186320 0.958809 -0.000000 0.000000 0.000000 0.000000 1.000000
0.980975 0.058670 -0.185056 0.000000 -0.021881 0.980581 0.194891 0.863700 0.192897 -0.187134 0.963209 0.000000 0.000000 0.000000 0.000000 1.000000
0.985596 0.075814 -0.151174 -0.000000 -0.045740 0.980073 0.193299 0.863700 0.162816 -0.183600 0.969424 0.000000 0.000000 0.000000 0.000000 1.000000
0.988096 0.087760 -0.126350 0.000000 -0.063349 0.980568 0.185671 0.863700 0.140189 -0.175456 0.974455 -0.000000 0.000000 0.000000 0.000000 1.000000
0.989332 0.093584 -0.111641 0.000000 -0.072752 0.981352 0.177920 0.863700 0.126209 -0.167900 0.977692 -0.000000 0.000000 0.000000 0.000000 1.000000
0.990654 0.100085 -0.092672 -0.000000 -0.083583 0.982336 0.167422 0.863700 0.107792 -0.158111 0.981520 0.000000 0.000000 0.000000 0.000000 1.000000
0.991710 0.107304 -0.070696 0.000000 -0.095288 0.983207 0.155641 0.863700 0.086210 -0.147614 0.985281 0.000000 0.000000 0.000000 0.000000 1.000000
0.992152 0.115668 -0.047493 -0.000000 -0.107793 0.983700 0.143925 0.863700 0.063366 -0.137676 0.988448 0.000000 0.000000 0.000000 0.000000 1.000000
0.991879 0.124947 -0.023760 0.000000 -0.120739 0.983747 0.132904 0.863700 0.039980 -0.128956 0.990844 0.000000 0.000000 0.000000 0.000000 1.000000
0.986340 0.149566 0.069013 -0.000000 -0.156300 0.982055 0.105541 0.863700 -0.051989 -0.114886 0.992017 0.000000 0.000000 0.000000 0.000000 1.000000
