<?xml version="1.0" encoding="utf-8"?>
<COLLADA xmlns="http://www.collada.org/2005/11/COLLADASchema" version="1.4.1">
  <asset><contributor><author>Mixamo</author><authoring_tool>COLLADA Mixamo exporter</authoring_tool><comments></comments></contributor><created>2020-05-06T15:49:34Z</created><modified>2020-05-06T15:49:34Z</modified><revision></revision><title></title><unit meter="0.025400"/><up_axis>Y_UP</up_axis></asset>
  <library_animations>
    <animation id="mixamorig_Hips-anim" name="mixamorig_Hips"><source id="mixamorig_Hips-Matrix-animation-input"><float_array id="mixamorig_Hips-Matrix-animation-input-array" count="172">

0.000000 0.033333 0.066667 0.100000 0.133333 0.166667 0.200000 0.233333 0.266667 0.300000 0.333333 0.366667 0.400000 0.433333 0.466667 0.500000
0.533333 0.566667 0.600000 0.633333 0.666667 0.700000 0.733333 0.766667 0.800000 0.833333 0.866667 0.900000 0.933333 0.966667 1.000000 1.033333
1.066667 1.100000 1.133333 1.166667 1.200000 1.233333 1.266667 1.300000 1.333333 1.366667 1.400000 1.433333 1.466667 1.500000 1.533333 1.566667
1.600000 1.633333 1.666667 1.700000 1.733333 1.766667 1.800000 1.833333 1.866667 1.900000 1.933333 1.966667 2.000000 2.033333 2.066667 2.100000
2.133333 2.166667 2.200000 2.233333 2.266667 2.300000 2.333333 2.366667 2.400000 2.433333 2.466667 2.500000 2.533333 2.566667 2.600000 2.633333
2.666667 2.700000 2.733333 2.766667 2.800000 2.833333 2.866667 2.900000 2.933333 2.966667 3.000000 3.033333 3.066667 3.100000 3.133333 3.166667
3.200000 3.233333 3.266667 3.300000 3.333333 3.366667 3.400000 3.433333 3.466667 3.500000 3.533333 3.566667 3.600000 3.633333 3.666667 3.700000
3.733333 3.766667 3.800000 3.833333 3.866667 3.900000 3.933333 3.966667 4.000000 4.033333 4.066667 4.100000 4.133333 4.166667 4.200000 4.233333
4.266667 4.300000 4.333333 4.366667 4.400000 4.433333 4.466667 4.500000 4.533333 4.566667 4.600000 4.633333 4.666667 4.700000 4.733333 4.766667
4.800000 4.833333 4.866667 4.900000 4.933333 4.966667 5.000000 5.033333 5.066667 5.100000 5.133333 5.166667 5.200000 5.233333 5.266667 5.300000
5.333333 5.366667 5.400000 5.433333 5.466667 5.500000 5.533333 5.566667 5.600000 5.633333 5.666667 5.700000</float_array><technique_common><accessor source="#mixamorig_Hips-Matrix-animation-input-array" count="172"><param name="TIME" type="float"/></accessor></technique_common></source><source id="mixamorig_Hips-Matrix-animation-output-transform"><float_array id="mixamorig_Hips-Matrix-animation-output-transform-array" count="2752">

0.999217 0.011853 -0.037758 0.520264 -0.038376 0.057144 -0.997628 1.449304 -0.009667 0.998296 0.057554 -2.357543 0.000000 0.000000 0.000000 1.000000
0.999261 0.010695 -0.036933 0.521446 -0.037499 0.058706 -0.997571 1.449768 -0.008501 0.998218 0.059064 -2.357389 0.000000 0.000000 0.000000 1.000000
0.999277 0.009876 -0.036724 0.521050 -0.037232 0.057371 -0.997658 1.450128 -0.007746 0.998304 0.057698 -2.357045 0.000000 0.000000 0.000000 1.000000
0.999261 0.009847 -0.037161 0.519602 -0.037649 0.055197 -0.997765 1.450841 -0.007774 0.998427 0.055527 -2.355828 0.000000 0.000000 0.000000 1.000000
0.999232 0.010306 -0.037794 0.518178 -0.038292 0.053370 -0.997840 1.451666 -0.008266 0.998522 0.053723 -2.353768 0.000000 0.000000 0.000000 1.000000
0.999206 0.010412 -0.038454 0.518282 -0.038940 0.051399 -0.997919 1.453345 -0.008413 0.998624 0.051764 -2.352237 0.000000 0.000000 0.000000 1.000000
0.999204 0.010338 -0.038521 0.519899 -0.038993 0.050214 -0.997977 1.455931 -0.008383 0.998685 0.050577 -2.350681 0.000000 0.000000 0.000000 1.000000
0.999220 0.011227 -0.037867 0.520982 -0.038374 0.049088 -0.998057 1.458697 -0.009347 0.998731 0.049481 -2.348559 0.000000 0.000000 0.000000 1.000000
0.999238 0.012581 -0.036959 0.521372 -0.037505 0.046355 -0.998221 1.460826 -0.010846 0.998846 0.046792 -2.346542 0.000000 0.000000 0.000000 1.000000
0.999282 0.012782 -0.035677 0.522637 -0.036194 0.042855 -0.998425 1.461491 -0.011233 0.999000 0.043287 -2.343726 0.000000 0.000000 0.000000 1.000000
0.999336 0.014270 -0.033517 0.521631 -0.034070 0.040492 -0.998599 1.461676 -0.012893 0.999078 0.040951 -2.341409 0.000000 0.000000 0.000000 1.000000
0.999396 0.013839 -0.031886 0.518967 -0.032395 0.038257 -0.998743 1.463640 -0.012602 0.999172 0.038682 -2.340104 0.000000 0.000000 0.000000 1.000000
0.999479 0.010839 -0.030407 0.516033 -0.030750 0.032998 -0.998982 1.466686 -0.009824 0.999397 0.033314 -2.338861 0.000000 0.000000 0.000000 1.000000
0.999581 0.008286 -0.027719 0.512585 -0.027952 0.029433 -0.999176 1.471017 -0.007463 0.999532 0.029652 -2.336854 0.000000 0.000000 0.000000 1.000000
0.999696 0.005560 -0.024022 0.507537 -0.024171 0.028527 -0.999301 1.474140 -0.004871 0.999578 0.028653 -2.333248 0.000000 0.000000 0.000000 1.000000
0.999795 0.000777 -0.020212 0.502014 -0.020225 0.026117 -0.999454 1.477928 -0.000249 0.999659 0.026127 -2.330021 0.000000 0.000000 0.000000 1.000000
0.999871 -0.000677 -0.016048 0.492215 -0.016021 0.028932 -0.999453 1.479576 0.001141 0.999581 0.028917 -2.322792 0.000000 0.000000 0.000000 1.000000
0.999927 -0.002820 -0.011708 0.481039 -0.011605 0.034117 -0.999350 1.478859 0.003217 0.999414 0.034082 -2.322591 0.000000 0.000000 0.000000 1.000000
0.999962 -0.005662 -0.006632 0.462733 -0.006414 0.037794 -0.999265 1.477719 0.005909 0.999270 0.037756 -2.339548 0.000000 0.000000 0.000000 1.000000
0.999980 -0.006124 -0.001637 0.442305 -0.001374 0.042651 -0.999089 1.475207 0.006189 0.999071 0.042642 -2.352227 0.000000 0.000000 0.000000 1.000000
0.999979 -0.006427 -0.000113 0.427787 0.000185 0.046341 -0.998926 1.471145 0.006425 0.998905 0.046342 -2.357889 0.000000 0.000000 0.000000 1.000000
0.999978 -0.006330 -0.001744 0.415181 -0.001482 0.041264 -0.999147 1.473344 0.006396 0.999128 0.041253 -2.358115 0.000000 0.000000 0.000000 1.000000
0.999981 -0.004902 -0.003651 0.405484 -0.003467 0.037128 -0.999305 1.478361 0.005035 0.999298 0.037110 -2.356869 0.000000 0.000000 0.000000 1.000000
0.999981 -0.001236 -0.005999 0.401249 -0.005948 0.037698 -0.999271 1.479894 0.001461 0.999288 0.037690 -2.356218 0.000000 0.000000 0.000000 1.000000
0.999958 0.003066 -0.008621 0.395189 -0.008736 0.039891 -0.999166 1.477293 -0.002719 0.999199 0.039916 -2.350329 0.000000 0.000000 0.000000 1.000000
0.999926 0.006088 -0.010504 0.386235 -0.010754 0.042632 -0.999033 1.474645 -0.005634 0.999072 0.042695 -2.340264 0.000000 0.000000 0.000000 1.000000
0.999911 0.007441 -0.011100 0.381761 -0.011414 0.043623 -0.998983 1.474696 -0.006949 0.999020 0.043704 -2.332398 0.000000 0.000000 0.000000 1.000000
0.999913 0.006738 -0.011315 0.385578 -0.011613 0.046009 -0.998874 1.476024 -0.006209 0.998918 0.046083 -2.328969 0.000000 0.000000 0.000000 1.000000
0.999902 0.006508 -0.012427 0.395751 -0.012737 0.049968 -0.998670 1.478528 -0.005879 0.998730 0.050046 -2.331605 0.000000 0.000000 0.000000 1.000000
0.999882 0.007766 -0.013281 0.407350 -0.013696 0.056138 -0.998329 1.478223 -0.007007 0.998393 0.056238 -2.334193 0.000000 0.000000 0.000000 1.000000
0.999857 0.010694 -0.013129 0.415625 -0.013773 0.062606 -0.997943 1.473989 -0.009850 0.997981 0.062744 -2.334275 0.000000 0.000000 0.000000 1.000000
0.999825 0.012843 -0.013609 0.422876 -0.014384 0.062329 -0.997952 1.471152 -0.011969 0.997973 0.062503 -2.335179 0.000000 0.000000 0.000000 1.000000
0.999765 0.013850 -0.016680 0.430139 -0.017434 0.056212 -0.998267 1.472862 -0.012888 0.998323 0.056441 -2.333182 0.000000 0.000000 0.000000 1.000000
0.999676 0.014990 -0.020569 0.435739 -0.021304 0.050664 -0.998489 1.474371 -0.013925 0.998603 0.050967 -2.330486 0.000000 0.000000 0.000000 1.000000
0.999639 0.015381 -0.022026 0.439145 -0.022787 0.051179 -0.998430 1.470690 -0.014230 0.998571 0.051511 -2.329008 0.000000 0.000000 0.000000 1.000000
0.999703 0.013275 -0.020421 0.439834 -0.021093 0.052610 -0.998392 1.464977 -0.012179 0.998527 0.052874 -2.328799 0.000000 0.000000 0.000000 1.000000
0.999805 0.009021 -0.017552 0.437942 -0.018000 0.052192 -0.998475 1.461642 -0.008091 0.998596 0.052344 -2.328104 0.000000 0.000000 0.000000 1.000000
0.999901 0.004589 -0.013321 0.434726 -0.013569 0.059030 -0.998164 1.462318 -0.003794 0.998246 0.059087 -2.328442 0.000000 0.000000 0.000000 1.000000
0.999971 0.000906 -0.007554 0.430733 -0.007599 0.070363 -0.997493 1.470318 -0.000372 0.997521 0.070368 -2.332863 0.000000 0.000000 0.000000 1.000000
0.999998 -0.001973 0.000193 0.424348 0.000365 0.087533 -0.996162 1.477502 0.001949 0.996160 0.087533 -2.339470 0.000000 0.000000 0.000000 1.000000
0.999967 -0.001684 0.008008 0.413915 0.008137 0.100815 -0.994872 1.483524 0.000868 0.994904 0.100825 -2.349586 0.000000 0.000000 0.000000 1.000000
0.999931 -0.001560 0.011616 0.408266 0.011717 0.108238 -0.994056 1.488758 0.000293 0.994124 0.108249 -2.354392 0.000000 0.000000 0.000000 1.000000
0.999908 -0.001801 0.013428 0.407533 0.013547 0.119374 -0.992757 1.492873 0.000185 0.992848 0.119388 -2.350719 0.000000 0.000000 0.000000 1.000000
0.999888 -0.002338 0.014803 0.407642 0.014977 0.121143 -0.992522 1.503292 0.000527 0.992632 0.121164 -2.352058 0.000000 0.000000 0.000000 1.000000
0.999918 -0.002372 0.012566 0.406231 0.012762 0.122190 -0.992425 1.514833 0.000819 0.992504 0.122210 -2.353498 0.000000 0.000000 0.000000 1.000000
0.999952 -0.002081 0.009617 0.408527 0.009804 0.127853 -0.991745 1.526267 0.000834 0.991791 0.127867 -2.347901 0.000000 0.000000 0.000000 1.000000
0.999947 -0.003657 0.009587 0.413522 0.009993 0.135180 -0.990771 1.537127 0.002327 0.990814 0.135209 -2.341892 0.000000 0.000000 0.000000 1.000000
0.999892 -0.008041 0.012286 0.415295 0.013278 0.138004 -0.990343 1.546962 0.006268 0.990399 0.138096 -2.338855 0.000000 0.000000 0.000000 1.000000
0.999787 -0.010652 0.017671 0.410660 0.018967 0.137250 -0.990355 1.556835 0.008124 0.990479 0.137423 -2.337498 0.000000 0.000000 0.000000 1.000000
0.999674 -0.013169 0.021875 0.400397 0.023443 0.133918 -0.990715 1.565282 0.010117 0.990905 0.134183 -2.337485 0.000000 0.000000 0.000000 1.000000
0.999455 -0.015993 0.028881 0.388771 0.030733 0.131237 -0.990875 1.579232 0.012057 0.991222 0.131657 -2.332498 0.000000 0.000000 0.000000 1.000000
0.998932 -0.019918 0.041681 0.374001 0.044096 0.142243 -0.988849 1.602360 0.013767 0.989631 0.142969 -2.316441 0.000000 0.000000 0.000000 1.000000
0.998239 -0.026502 0.053073 0.356681 0.056736 0.165217 -0.984624 1.619545 0.017326 0.985901 0.166430 -2.298499 0.000000 0.000000 0.000000 1.000000
0.997437 -0.028494 0.065636 0.339663 0.069773 0.183884 -0.980469 1.640079 0.015868 0.982535 0.185400 -2.287912 0.000000 0.000000 0.000000 1.000000
0.996496 -0.023421 0.080292 0.317296 0.083325 0.195001 -0.977257 1.669126 0.007231 0.980523 0.196270 -2.281004 0.000000 0.000000 0.000000 1.000000
0.996089 -0.020636 0.085908 0.301385 0.088305 0.200723 -0.975660 1.701330 0.002890 0.979431 0.201760 -2.273979 0.000000 0.000000 0.000000 1.000000
0.996211 -0.022162 0.084098 0.297140 0.086880 0.209801 -0.973876 1.731945 0.003939 0.977493 0.210932 -2.265952 0.000000 0.000000 0.000000 1.000000
0.996280 -0.026789 0.081900 0.303429 0.085858 0.227824 -0.969910 1.748042 0.007325 0.973334 0.229276 -2.255690 0.000000 0.000000 0.000000 1.000000
0.996016 -0.029110 0.084294 0.316812 0.088853 0.243171 -0.965905 1.760476 0.007620 0.969547 0.244788 -2.250786 0.000000 0.000000 0.000000 1.000000
0.995547 -0.026362 0.090506 0.336078 0.094248 0.258989 -0.961271 1.777701 0.001901 0.965520 0.260321 -2.254255 0.000000 0.000000 0.000000 1.000000
0.995100 -0.023518 0.096040 0.359227 0.098838 0.264168 -0.959399 1.801913 -0.002808 0.964190 0.265198 -2.260190 0.000000 0.000000 0.000000 1.000000
0.994635 -0.025097 0.100353 0.384787 0.103420 0.261844 -0.959553 1.823996 -0.002195 0.964784 0.263035 -2.263796 0.000000 0.000000 0.000000 1.000000
0.994363 -0.029193 0.101934 0.410467 0.106027 0.263975 -0.958684 1.838054 0.001079 0.964088 0.265582 -2.265993 0.000000 0.000000 0.000000 1.000000
0.994838 -0.030172 0.096891 0.431120 0.101439 0.268402 -0.957951 1.847212 0.002897 0.962834 0.270077 -2.264597 0.000000 0.000000 0.000000 1.000000
0.995746 -0.027921 0.087806 0.442369 0.092094 0.272117 -0.957847 1.858339 0.002851 0.961859 0.273531 -2.268052 0.000000 0.000000 0.000000 1.000000
0.996000 -0.026777 0.085242 0.451496 0.089320 0.274212 -0.957512 1.877866 0.002265 0.961297 0.275507 -2.278110 0.000000 0.000000 0.000000 1.000000
0.995945 -0.028422 0.085352 0.456439 0.089907 0.281903 -0.955221 1.915939 0.003088 0.959022 0.283315 -2.275497 0.000000 0.000000 0.000000 1.000000
0.995687 -0.030634 0.087576 0.459246 0.092742 0.302000 -0.948786 1.975219 0.002618 0.952816 0.303538 -2.268263 0.000000 0.000000 0.000000 1.000000
0.995078 -0.027758 0.095132 0.458494 0.099017 0.317606 -0.943039 2.070085 -0.004037 0.947816 0.318791 -2.264163 0.000000 0.000000 0.000000 1.000000
0.994387 -0.021042 0.103688 0.436412 0.104736 0.334526 -0.936548 2.209166 -0.014979 0.942151 0.334853 -2.279725 0.000000 0.000000 0.000000 1.000000
0.992721 -0.014738 0.119529 0.417523 0.117184 0.347226 -0.930431 2.337992 -0.027790 0.937666 0.346426 -2.309929 0.000000 0.000000 0.000000 1.000000
0.991927 -0.013627 0.126077 0.402310 0.122699 0.354262 -0.927062 2.449692 -0.032031 0.935047 0.353074 -2.336099 0.000000 0.000000 0.000000 1.000000
0.991390 -0.015041 0.130075 0.396016 0.127057 0.350658 -0.927845 2.567594 -0.031656 0.936383 0.349549 -2.359081 0.000000 0.000000 0.000000 1.000000
0.991309 -0.010273 0.131153 0.381131 0.126081 0.358791 -0.924864 2.692051 -0.037555 0.933362 0.356968 -2.384379 0.000000 0.000000 0.000000 1.000000
0.992966 0.002555 0.118369 0.344566 0.108498 0.380554 -0.918372 2.831416 -0.047392 0.924755 0.377600 -2.412660 0.000000 0.000000 0.000000 1.000000
0.993280 0.003433 0.115684 0.307725 0.105750 0.379236 -0.919237 2.987721 -0.047027 0.925293 0.376325 -2.455549 0.000000 0.000000 0.000000 1.000000
0.992194 -0.002952 0.124666 0.245057 0.116311 0.382406 -0.916645 3.131552 -0.044967 0.923990 0.379764 -2.476304 0.000000 0.000000 0.000000 1.000000
0.990130 -0.001968 0.140136 0.144449 0.130322 0.380761 -0.915444 3.254196 -0.051556 0.924671 0.377260 -2.472726 0.000000 0.000000 0.000000 1.000000
0.987010 0.001827 0.160647 0.010425 0.147848 0.380931 -0.912706 3.367620 -0.062863 0.924602 0.375712 -2.434409 0.000000 0.000000 0.000000 1.000000
0.983897 0.003373 0.178706 -0.143067 0.164486 0.374134 -0.912671 3.521991 -0.069938 0.927368 0.367555 -2.377940 0.000000 0.000000 0.000000 1.000000
0.976344 0.006006 0.216138 -0.300931 0.199196 0.363816 -0.909922 3.741289 -0.084099 0.931451 0.354014 -2.353565 0.000000 0.000000 0.000000 1.000000
0.961627 0.001218 0.274357 -0.474905 0.257422 0.341916 -0.903785 4.016443 -0.094908 0.939730 0.328482 -2.309833 0.000000 0.000000 0.000000 1.000000
0.931154 -0.015024 0.364318 -0.689010 0.350294 0.314246 -0.882351 4.326647 -0.101229 0.949223 0.297874 -2.237204 0.000000 0.000000 0.000000 1.000000
0.877426 -0.013707 0.479516 -0.873764 0.463382 0.282808 -0.839819 4.521457 -0.124100 0.959079 0.254495 -2.237375 0.000000 0.000000 0.000000 1.000000
0.835861 -0.020805 0.548547 -0.905959 0.530063 0.290399 -0.796682 4.529897 -0.142723 0.956679 0.253761 -2.209386 0.000000 0.000000 0.000000 1.000000
0.833810 -0.044671 0.550240 -0.828336 0.534234 0.316474 -0.783861 4.396987 -0.139121 0.947549 0.287745 -2.085565 0.000000 0.000000 0.000000 1.000000
0.850942 -0.056102 0.522255 -0.760497 0.509788 0.327753 -0.795421 4.349819 -0.126546 0.943096 0.307499 -2.009447 0.000000 0.000000 0.000000 1.000000
0.865878 -0.069639 0.495385 -0.678942 0.487467 0.339932 -0.804252 4.410456 -0.112389 0.937868 0.328286 -1.994730 0.000000 0.000000 0.000000 1.000000
0.870152 -0.080555 0.486155 -0.638461 0.482361 0.341066 -0.806847 4.488748 -0.100816 0.936582 0.335636 -1.964652 0.000000 0.000000 0.000000 1.000000
0.875426 -0.077352 0.477123 -0.618885 0.474854 0.321918 -0.819074 4.560004 -0.090237 0.943602 0.318546 -1.943853 0.000000 0.000000 0.000000 1.000000
0.883132 -0.073951 0.463260 -0.612954 0.462186 0.306378 -0.832176 4.626200 -0.080392 0.949033 0.304752 -1.921860 0.000000 0.000000 0.000000 1.000000
0.889356 -0.080329 0.450104 -0.612472 0.451622 0.307855 -0.837414 4.668738 -0.071298 0.948036 0.310071 -1.897048 0.000000 0.000000 0.000000 1.000000
0.894816 -0.089532 0.437366 -0.604428 0.441998 0.315470 -0.839712 4.698647 -0.062795 0.944702 0.321861 -1.884015 0.000000 0.000000 0.000000 1.000000
0.898835 -0.102533 0.426124 -0.581239 0.435394 0.320408 -0.841291 4.737216 -0.050273 0.941714 0.332637 -1.875834 0.000000 0.000000 0.000000 1.000000
0.900247 -0.118428 0.418964 -0.542289 0.433995 0.320803 -0.841863 4.813499 -0.034705 0.939713 0.340199 -1.867342 0.000000 0.000000 0.000000 1.000000
0.904148 -0.120961 0.409737 -0.483521 0.426638 0.305641 -0.851213 4.986664 -0.022269 0.944432 0.327951 -1.839972 0.000000 0.000000 0.000000 1.000000
0.911968 -0.114756 0.393885 -0.411083 0.410105 0.281533 -0.867498 5.247205 -0.011342 0.952665 0.303811 -1.800359 0.000000 0.000000 0.000000 1.000000
0.920981 -0.108522 0.374189 -0.331072 0.389601 0.250554 -0.886247 5.534153 0.002423 0.962001 0.273036 -1.764278 0.000000 0.000000 0.000000 1.000000
0.927085 -0.105016 0.359840 -0.231424 0.374680 0.230610 -0.898017 5.786330 0.011323 0.967363 0.253143 -1.725806 0.000000 0.000000 0.000000 1.000000
0.929187 -0.110760 0.352624 -0.102363 0.369214 0.234004 -0.899401 6.024175 0.017102 0.965906 0.258328 -1.677004 0.000000 0.000000 0.000000 1.000000
0.933174 -0.109208 0.342431 0.038362 0.358942 0.233838 -0.903593 6.319724 0.018606 0.966123 0.257411 -1.631074 0.000000 0.000000 0.000000 1.000000
0.941827 -0.093400 0.322860 0.197606 0.335848 0.224486 -0.914774 6.653633 0.012962 0.969991 0.242795 -1.604828 0.000000 0.000000 0.000000 1.000000
0.956049 -0.067435 0.285348 0.362306 0.293208 0.221487 -0.930039 6.976301 -0.000484 0.972829 0.231525 -1.625744 0.000000 0.000000 0.000000 1.000000
0.969734 -0.049791 0.239034 0.494592 0.243800 0.250989 -0.936785 7.325067 -0.013351 0.966709 0.255532 -1.630272 0.000000 0.000000 0.000000 1.000000
0.981001 -0.032526 0.191256 0.569499 0.192600 0.281565 -0.940014 7.727342 -0.023276 0.958991 0.282480 -1.595576 0.000000 0.000000 0.000000 1.000000
0.991283 -0.007819 0.131518 0.574749 0.127889 0.297011 -0.946271 8.179912 -0.031664 0.954842 0.295421 -1.523876 0.000000 0.000000 0.000000 1.000000
0.997146 0.022217 0.072151 0.491456 0.061111 0.323595 -0.944220 8.581042 -0.044325 0.945935 0.321313 -1.447793 0.000000 0.000000 0.000000 1.000000
0.997924 0.049229 0.041527 0.255762 0.019459 0.384173 -0.923056 8.745527 -0.061395 0.921948 0.382418 -1.390415 0.000000 0.000000 0.000000 1.000000
0.994570 0.078168 0.068711 -0.085709 0.022502 0.483080 -0.875287 8.627633 -0.101612 0.872080 0.478698 -1.340974 0.000000 0.000000 0.000000 1.000000
0.983817 0.097483 0.150339 -0.418940 0.063257 0.596053 -0.800450 8.381032 -0.167641 0.797006 0.580240 -1.308825 0.000000 0.000000 0.000000 1.000000
0.973154 0.105127 0.204742 -0.662520 0.083278 0.668471 -0.739061 8.299399 -0.214560 0.736270 0.641771 -1.265186 0.000000 0.000000 0.000000 1.000000
0.972522 0.098080 0.211142 -0.779770 0.079891 0.711260 -0.698374 8.443307 -0.218673 0.696053 0.683880 -1.241671 0.000000 0.000000 0.000000 1.000000
0.974195 0.081971 0.210298 -0.805619 0.077147 0.754677 -0.651545 8.595825 -0.212115 0.650955 0.728879 -1.243889 0.000000 0.000000 0.000000 1.000000
0.973706 0.066609 0.217853 -0.788011 0.079390 0.797133 -0.598562 8.681339 -0.213528 0.600118 0.770885 -1.259966 0.000000 0.000000 0.000000 1.000000
0.974034 0.046341 0.221609 -0.734457 0.084814 0.832863 -0.546943 8.718670 -0.209915 0.551536 0.807306 -1.271732 0.000000 0.000000 0.000000 1.000000
0.977567 0.027600 0.208811 -0.663356 0.082369 0.862331 -0.499601 8.746827 -0.193853 0.505593 0.840712 -1.266929 0.000000 0.000000 0.000000 1.000000
0.981754 0.008583 0.189961 -0.578826 0.079863 0.887992 -0.452870 8.787013 -0.172570 0.459778 0.871105 -1.242292 0.000000 0.000000 0.000000 1.000000
0.985122 -0.014115 0.171273 -0.482783 0.081014 0.917075 -0.390397 8.845602 -0.151560 0.398464 0.904575 -1.203678 0.000000 0.000000 0.000000 1.000000
0.988145 -0.028422 0.150868 -0.391759 0.077656 0.940257 -0.331492 8.909592 -0.132433 0.339278 0.931317 -1.150680 0.000000 0.000000 0.000000 1.000000
0.991381 -0.036664 0.125775 -0.313604 0.070928 0.957382 -0.279980 8.962275 -0.110149 0.286488 0.951731 -1.094363 0.000000 0.000000 0.000000 1.000000
0.994151 -0.043374 0.098907 -0.246393 0.065026 0.971598 -0.227530 9.007852 -0.086229 0.232630 0.968735 -1.018067 0.000000 0.000000 0.000000 1.000000
0.996317 -0.046762 0.071869 -0.191825 0.059029 0.982007 -0.179380 9.055662 -0.062188 0.182962 0.981151 -0.927468 0.000000 0.000000 0.000000 1.000000
0.997655 -0.045706 0.050948 -0.152575 0.052506 0.988572 -0.141310 9.093557 -0.043907 0.143654 0.988653 -0.835512 0.000000 0.000000 0.000000 1.000000
0.998455 -0.043550 0.034516 -0.134540 0.046941 0.993422 -0.104449 9.130483 -0.029740 0.105908 0.993931 -0.735779 0.000000 0.000000 0.000000 1.000000
0.998884 -0.041953 0.021691 -0.131476 0.043296 0.996899 -0.065707 9.168141 -0.018867 0.066573 0.997603 -0.637912 0.000000 0.000000 0.000000 1.000000
0.999077 -0.038509 0.019020 -0.136829 0.039134 0.998667 -0.033651 9.199182 -0.017699 0.034364 0.999253 -0.546686 0.000000 0.000000 0.000000 1.000000
0.999069 -0.037627 0.021123 -0.146910 0.037962 0.999156 -0.015691 9.219104 -0.020515 0.016478 0.999654 -0.471331 0.000000 0.000000 0.000000 1.000000
0.999029 -0.039781 0.018913 -0.154571 0.039829 0.999204 -0.002212 9.234565 -0.018810 0.002963 0.999819 -0.401504 0.000000 0.000000 0.000000 1.000000
0.999179 -0.037963 0.014176 -0.166976 0.037781 0.999203 0.012891 9.245130 -0.014654 -0.012345 0.999816 -0.327056 0.000000 0.000000 0.000000 1.000000
0.999117 -0.038218 0.017472 -0.163771 0.037734 0.998917 0.027226 9.252086 -0.018494 -0.026543 0.999477 -0.246549 0.000000 0.000000 0.000000 1.000000
0.999137 -0.036950 0.018985 -0.158027 0.036232 0.998663 0.036871 9.254587 -0.020322 -0.036152 0.999140 -0.156857 0.000000 0.000000 0.000000 1.000000
0.999342 -0.032665 0.015793 -0.151470 0.032058 0.998792 0.037248 9.252522 -0.016991 -0.036717 0.999181 -0.060413 0.000000 0.000000 0.000000 1.000000
0.999267 -0.034026 0.017528 -0.130019 0.033236 0.998498 0.043558 9.246206 -0.018983 -0.042944 0.998897 0.036058 0.000000 0.000000 0.000000 1.000000
0.999243 -0.035109 0.016774 -0.112034 0.034429 0.998636 0.039252 9.239223 -0.018129 -0.038644 0.999089 0.115044 0.000000 0.000000 0.000000 1.000000
0.999263 -0.034746 0.016304 -0.088673 0.034127 0.998738 0.036848 9.231598 -0.017564 -0.036264 0.999188 0.193674 0.000000 0.000000 0.000000 1.000000
0.999350 -0.032009 0.016564 -0.062636 0.031147 0.998270 0.049868 9.219481 -0.018132 -0.049319 0.998618 0.293673 0.000000 0.000000 0.000000 1.000000
0.999253 -0.033972 0.018427 -0.035828 0.032705 0.997339 0.065154 9.206853 -0.020591 -0.064503 0.997705 0.376958 0.000000 0.000000 0.000000 1.000000
0.999163 -0.038403 0.014114 -0.012129 0.037025 0.995475 0.087511 9.195528 -0.017411 -0.086915 0.996064 0.433778 0.000000 0.000000 0.000000 1.000000
0.999022 -0.042759 0.011219 0.009158 0.041356 0.993659 0.104555 9.184618 -0.015619 -0.103989 0.994456 0.477408 0.000000 0.000000 0.000000 1.000000
0.998856 -0.046472 0.011234 0.028518 0.044829 0.992016 0.117872 9.172741 -0.016622 -0.117234 0.992965 0.513277 0.000000 0.000000 0.000000 1.000000
0.998766 -0.048297 0.011589 0.037223 0.046568 0.991721 0.119673 9.165913 -0.017273 -0.118986 0.992746 0.532966 0.000000 0.000000 0.000000 1.000000
0.998803 -0.046845 0.014048 0.036138 0.045101 0.993361 0.105828 9.169006 -0.018912 -0.105068 0.994285 0.521627 0.000000 0.000000 0.000000 1.000000
0.998909 -0.043244 0.017641 0.027301 0.041640 0.995687 0.082912 9.180241 -0.021150 -0.082087 0.996401 0.472977 0.000000 0.000000 0.000000 1.000000
0.998882 -0.041646 0.022357 0.019732 0.040275 0.997469 0.058598 9.198943 -0.024741 -0.057632 0.998031 0.390661 0.000000 0.000000 0.000000 1.000000
0.998723 -0.039397 0.031632 0.012613 0.038094 0.998442 0.040776 9.219592 -0.033190 -0.039519 0.998667 0.287974 0.000000 0.000000 0.000000 1.000000
0.998337 -0.034387 0.046274 -0.011665 0.033604 0.999280 0.017605 9.239664 -0.046846 -0.016021 0.998774 0.170771 0.000000 0.000000 0.000000 1.000000
0.997537 -0.025221 0.065456 -0.042362 0.025603 0.999660 -0.005004 9.256701 -0.065308 0.006667 0.997843 0.050777 0.000000 0.000000 0.000000 1.000000
0.996687 -0.013915 0.080128 -0.076120 0.015227 0.999759 -0.015786 9.268346 -0.079889 0.016953 0.996660 -0.067541 0.000000 0.000000 0.000000 1.000000
0.996382 -0.004760 0.084859 -0.100464 0.006442 0.999788 -0.019552 9.276342 -0.084748 0.020028 0.996201 -0.179653 0.000000 0.000000 0.000000 1.000000
0.996683 0.003533 0.081310 -0.114089 -0.001901 0.999795 -0.020139 9.281141 -0.081364 0.019918 0.996485 -0.279703 0.000000 0.000000 0.000000 1.000000
0.997262 0.008636 0.073440 -0.119538 -0.007624 0.999872 -0.014039 9.282745 -0.073552 0.013440 0.997201 -0.363877 0.000000 0.000000 0.000000 1.000000
0.997849 0.008627 0.064982 -0.117210 -0.008093 0.999931 -0.008485 9.280865 -0.065051 0.007941 0.997850 -0.418789 0.000000 0.000000 0.000000 1.000000
0.998227 0.008793 0.058863 -0.117449 -0.009024 0.999953 0.003650 9.277619 -0.058828 -0.004175 0.998259 -0.427247 0.000000 0.000000 0.000000 1.000000
0.998570 0.010431 0.052425 -0.120436 -0.011150 0.999847 0.013441 9.279281 -0.052277 -0.014007 0.998534 -0.397889 0.000000 0.000000 0.000000 1.000000
0.999017 0.005472 0.043999 -0.115819 -0.006721 0.999577 0.028285 9.277074 -0.043826 -0.028553 0.998631 -0.340880 0.000000 0.000000 0.000000 1.000000
0.999338 -0.005372 0.035969 -0.103139 0.003541 0.998703 0.050782 9.270217 -0.036196 -0.050621 0.998062 -0.270595 0.000000 0.000000 0.000000 1.000000
0.999369 -0.014574 0.032392 -0.084589 0.012339 0.997598 0.068156 9.262009 -0.033308 -0.067714 0.997149 -0.200178 0.000000 0.000000 0.000000 1.000000
0.999362 -0.020242 0.029411 -0.071046 0.017720 0.996340 0.083616 9.253195 -0.030996 -0.083042 0.996064 -0.116507 0.000000 0.000000 0.000000 1.000000
0.999480 -0.025810 0.019352 -0.054639 0.023691 0.994431 0.102695 9.241966 -0.021895 -0.102183 0.994525 -0.033504 0.000000 0.000000 0.000000 1.000000
0.999556 -0.028034 0.010086 -0.037419 0.026697 0.993064 0.114504 9.233628 -0.013226 -0.114184 0.993372 0.025653 0.000000 0.000000 0.000000 1.000000
0.999476 -0.029637 0.012998 -0.022347 0.027868 0.992399 0.119866 9.227012 -0.016451 -0.119441 0.992705 0.065115 0.000000 0.000000 0.000000 1.000000
0.999262 -0.032787 0.019990 -0.009767 0.030021 0.991610 0.125732 9.222969 -0.023944 -0.125039 0.991863 0.084558 0.000000 0.000000 0.000000 1.000000
0.999004 -0.035015 0.027643 -0.004097 0.031181 0.991199 0.128655 9.221676 -0.031905 -0.127665 0.991304 0.085571 0.000000 0.000000 0.000000 1.000000
0.998692 -0.036946 0.035358 -0.000291 0.032046 0.990952 0.130333 9.221821 -0.039854 -0.129029 0.990840 0.078700 0.000000 0.000000 0.000000 1.000000
0.998435 -0.037950 0.041070 0.003708 0.032298 0.990928 0.130458 9.221733 -0.045648 -0.128927 0.990603 0.070262 0.000000 0.000000 0.000000 1.000000
0.998451 -0.036112 0.042332 0.005628 0.030448 0.991364 0.127557 9.222610 -0.046573 -0.126070 0.990927 0.057936 0.000000 0.000000 0.000000 1.000000
0.998603 -0.032579 0.041607 0.005647 0.027120 0.991710 0.125602 9.224073 -0.045354 -0.124298 0.991208 0.044757 0.000000 0.000000 0.000000 1.000000
0.998645 -0.031051 0.041760 0.008296 0.025617 0.991840 0.124886 9.225069 -0.045298 -0.123647 0.991292 0.034740 0.000000 0.000000 0.000000 1.000000
0.998665 -0.031771 0.040739 0.012288 0.026436 0.991756 0.125387 9.224841 -0.044387 -0.124142 0.991271 0.028495 0.000000 0.000000 0.000000 1.000000
0.998630 -0.032903 0.040680 0.015193 0.027499 0.991533 0.126913 9.224194 -0.044511 -0.125620 0.991079 0.025621 0.000000 0.000000 0.000000 1.000000
0.998543 -0.033662 0.042178 0.017068 0.028069 0.991529 0.126813 9.224642 -0.046090 -0.125444 0.991030 0.023873 0.000000 0.000000 0.000000 1.000000
0.998458 -0.034119 0.043794 0.018246 0.028405 0.991744 0.125048 9.225607 -0.047699 -0.123611 0.991184 0.022766 0.000000 0.000000 0.000000 1.000000</float_array><technique_common><accessor source="#mixamorig_Hips-Matrix-animation-output-transform-array" count="172" stride="16"><param type="float4x4"/></accessor></technique_common></source><source id="mixamorig_Hips-Interpolations"><Name_array id="mixamorig_Hips-Interpolations-array" count="172">
 LINEAR LINEAR LINEAR LINEAR LINEAR LINEAR LINEAR LINEAR LINEAR LINEAR LINEAR
LINEAR LINEAR LINEAR LINEAR LINEAR LINEAR LINEAR LINEAR LINEAR LINEAR LINEAR LINEAR
LINEAR LINEAR LINEAR LINEAR LINEAR LINEAR LINEAR LINEAR LINEAR LINEAR LINEAR LINEAR
LINEAR LINEAR LINEAR LINEAR LINEAR LINEAR LINEAR LINEAR LINEAR LINEAR LINEAR LINEAR
LINEAR LINEAR LINEAR LINEAR LINEAR LINEAR LINEAR LINEAR LINEAR LINEAR LINEAR LINEAR
LINEAR LINEAR LINEAR LINEAR LINEAR LINEAR LINEAR LINEAR LINEAR LINEAR LINEAR LINEAR
LINEAR LINEAR LINEAR LINEAR LINEAR LINEAR LINEAR LINEAR LINEAR LINEAR LINEAR LINEAR
LINEAR LINEAR LINEAR LINEAR LINEAR LINEAR LINEAR LINEAR LINEAR LINEAR LINEAR LINEAR
LINEAR LINEAR LINEAR LINEAR LINEAR LINEAR LINEAR LINEAR LINEAR LINEAR LINEAR LINEAR
LINEAR LINEAR LINEAR LINEAR LINEAR LINEAR LINEAR LINEAR LINEAR LINEAR LINEAR LINEAR
LINEAR LINEAR LINEAR LINEAR LINEAR LINEAR LINEAR LINEAR LINEAR LINEAR LINEAR LINEAR
LINEAR LINEAR LINEAR LINEAR LINEAR LINEAR LINEAR LINEAR LINEAR LINEAR LINEAR LINEAR
LINEAR LINEAR LINEAR LINEAR LINEAR LINEAR LINEAR LINEAR LINEAR LINEAR LINEAR LINEAR
LINEAR LINEAR LINEAR LINEAR LINEAR LINEAR LINEAR LINEAR LINEAR LINEAR LINEAR LINEAR
LINEAR LINEAR LINEAR LINEAR LINEAR</Name_array><technique_common><accessor source="#mixamorig_Hips-Interpolations-array" count="172"><param type="name"/></accessor></technique_common></source><sampler id="mixamorig_Hips-Matrix-animation-transform"><input semantic="INPUT" source="#mixamorig_Hips-Matrix-animation-input"/><input semantic="OUTPUT" source="#mixamorig_Hips-Matrix-animation-output-transform"/><input semantic="INTERPOLATION" source="#mixamorig_Hips-Interpolations"/></sampler><channel source="#mixamorig_Hips-Matrix-animation-transform" target="mixamorig_Hips/matrix"/></animation>
    <animation id="mixamorig_Spine-anim" name="mixamorig_Spine"><source id="mixamorig_Spine-Matrix-animation-input"><float_array id="mixamorig_Spine-Matrix-animation-input-array" count="172">

0.000000 0.033333 0.066667 0.100000 0.133333 0.166667 0.200000 0.233333 0.266667 0.300000 0.333333 0.366667 0.400000 0.433333 0.466667 0.500000
0.533333 0.566667 0.600000 0.633333 0.666667 0.700000 0.733333 0.766667 0.800000 0.833333 0.866667 0.900000 0.933333 0.966667 1.000000 1.033333
1.066667 1.100000 1.133333 1.166667 1.200000 1.233333 1.266667 1.300000 1.333333 1.366667 1.400000 1.433333 1.466667 1.500000 1.533333 1.566667
1.600000 1.633333 1.666667 1.700000 1.733333 1.766667 1.800000 1.833333 1.866667 1.900000 1.933333 1.966667 2.000000 2.033333 2.066667 2.100000
2.133333 2.166667 2.200000 2.233333 2.266667 2.300000 2.333333 2.366667 2.400000 2.433333 2.466667 2.500000 2.533333 2.566667 2.600000 2.633333
2.666667 2.700000 2.733333 2.766667 2.800000 2.833333 2.866667 2.900000 2.933333 2.966667 3.000000 3.033333 3.066667 3.100000 3.133333 3.166667
3.200000 3.233333 3.266667 3.300000 3.333333 3.366667 3.400000 3.433333 3.466667 3.500000 3.533333 3.566667 3.600000 3.633333 3.666667 3.700000
3.733333 3.766667 3.800000 3.833333 3.866667 3.900000 3.933333 3.966667 4.000000 4.033333 4.066667 4.100000 4.133333 4.166667 4.200000 4.233333
4.266667 4.300000 4.333333 4.366667 4.400000 4.433333 4.466667 4.500000 4.533333 4.566667 4.600000 4.633333 4.666667 4.700000 4.733333 4.766667
4.800000 4.833333 4.866667 4.900000 4.933333 4.966667 5.000000 5.033333 5.066667 5.100000 5.133333 5.166667 5.200000 5.233333 5.266667 5.300000
5.333333 5.366667 5.400000 5.433333 5.466667 5.500000 5.533333 5.566667 5.600000 5.633333 5.666667 5.700000</float_array><technique_common><accessor source="#mixamorig_Spine-Matrix-animation-input-array" count="172"><param name="TIME" type="float"/></accessor></technique_common></source><source id="mixamorig_Spine-Matrix-animation-output-transform"><float_array id="mixamorig_Spine-Matrix-animation-output-transform-array" count="2752">

0.999719 0.004666 -0.023227 0.000000 -0.003486 0.998714 0.050577 1.039000 0.023433 -0.050482 0.998450 -0.061900 0.000000 0.000000 0.000000 1.000000
0.999733 0.006556 -0.022150 0.000000 -0.005421 0.998688 0.050920 1.039000 0.022455 -0.050786 0.998457 -0.061900 0.000000 0.000000 0.000000 1.000000
0.999739 0.007988 -0.021396 0.000000 -0.006854 0.998593 0.052589 1.039000 0.021786 -0.052429 0.998387 -0.061900 0.000000 0.000000 0.000000 1.000000
0.999728 0.007278 -0.022166 0.000000 -0.006123 0.998642 0.051743 1.039000 0.022513 -0.051593 0.998414 -0.061900 0.000000 0.000000 0.000000 1.000000
0.999718 0.005214 -0.023160 0.000000 -0.004054 0.998748 0.049864 1.039000 0.023391 -0.049757 0.998487 -0.061900 0.000000 0.000000 0.000000 1.000000
0.999728 0.003397 -0.023089 0.000000 -0.002251 0.998773 0.049466 1.039000 0.023229 -0.049401 0.998509 -0.061900 0.000000 0.000000 0.000000 1.000000
0.999753 0.002457 -0.022105 0.000000 -0.001363 0.998780 0.049369 1.039000 0.022199 -0.049327 0.998536 -0.061900 0.000000 0.000000 0.000000 1.000000
0.999808 0.000624 -0.019587 0.000000 0.000385 0.998673 0.051504 1.039000 0.019594 -0.051502 0.998481 -0.061900 0.000000 0.000000 0.000000 1.000000
0.999878 -0.002455 -0.015434 -0.000000 0.003383 0.998169 0.060399 1.039000 0.015257 -0.060444 0.998055 -0.061900 0.000000 0.000000 0.000000 1.000000
0.999937 -0.005551 -0.009735 0.000000 0.006273 0.997113 0.075676 1.039000 0.009287 -0.075733 0.997085 -0.061900 0.000000 0.000000 0.000000 1.000000
0.999937 -0.010428 -0.004050 0.000000 0.010752 0.995836 0.090529 1.039000 0.003089 -0.090567 0.995886 -0.061900 0.000000 0.000000 0.000000 1.000000
0.999914 -0.013085 0.000123 0.000000 0.013003 0.994585 0.103112 1.039000 -0.001472 -0.103101 0.994670 -0.061900 0.000000 0.000000 0.000000 1.000000
0.999921 -0.011192 0.005653 -0.000000 0.010449 0.992987 0.117762 1.039000 -0.006931 -0.117693 0.993026 -0.061900 0.000000 0.000000 0.000000 1.000000
0.999874 -0.011128 0.011307 0.000000 0.009559 0.991415 0.130404 1.039000 -0.012661 -0.130280 0.991396 -0.061900 0.000000 0.000000 0.000000 1.000000
0.999839 -0.013391 0.011955 -0.000000 0.011589 0.990109 0.139822 1.039000 -0.013709 -0.139661 0.990104 -0.061900 0.000000 0.000000 0.000000 1.000000
0.999884 -0.011604 0.009886 0.000000 0.010016 0.988964 0.147819 1.039000 -0.011492 -0.147703 0.988965 -0.061900 0.000000 0.000000 0.000000 1.000000
0.999947 -0.004395 0.009346 0.000000 0.002957 0.988891 0.148612 1.039000 -0.009896 -0.148576 0.988851 -0.061900 0.000000 0.000000 0.000000 1.000000
0.999986 0.001478 0.005080 0.000000 -0.002208 0.989158 0.146841 1.039000 -0.004808 -0.146850 0.989147 -0.061900 0.000000 0.000000 0.000000 1.000000
0.999962 0.004028 -0.007712 0.000000 -0.002829 0.988745 0.149584 1.039000 0.008228 -0.149556 0.988719 -0.061900 0.000000 0.000000 0.000000 1.000000
0.999720 0.006718 -0.022689 0.000000 -0.003186 0.988337 0.152250 1.039000 0.023447 -0.152135 0.988082 -0.061900 0.000000 0.000000 0.000000 1.000000
0.999386 0.008034 -0.034112 0.000000 -0.002575 0.987568 0.157170 1.039000 0.034951 -0.156986 0.986982 -0.061900 0.000000 0.000000 0.000000 1.000000
0.999071 0.009386 -0.042059 0.000000 -0.002242 0.985993 0.166774 1.039000 0.043035 -0.166525 0.985098 -0.061900 0.000000 0.000000 0.000000 1.000000
0.998919 0.014372 -0.044207 -0.000000 -0.006617 0.985283 0.170802 1.039000 0.046011 -0.170325 0.984313 -0.061900 0.000000 0.000000 0.000000 1.000000
0.998886 0.021244 -0.042127 0.000000 -0.013917 0.985831 0.167164 1.039000 0.045081 -0.166392 0.985029 -0.061900 0.000000 0.000000 0.000000 1.000000
0.998621 0.029117 -0.043693 0.000000 -0.021665 0.986511 0.162257 1.039000 0.047828 -0.161086 0.985781 -0.061900 0.000000 0.000000 0.000000 1.000000
0.998273 0.035102 -0.047106 0.000000 -0.027194 0.986885 0.159116 1.039000 0.052073 -0.157560 0.986135 -0.061900 0.000000 0.000000 0.000000 1.000000
0.998288 0.036527 -0.045680 0.000000 -0.028907 0.987085 0.157566 1.039000 0.050845 -0.155975 0.986451 -0.061900 0.000000 0.000000 0.000000 1.000000
0.998410 0.036369 -0.043072 0.000000 -0.029243 0.987348 0.155850 1.039000 0.048195 -0.154342 0.986841 -0.061900 0.000000 0.000000 0.000000 1.000000
0.998401 0.037496 -0.042292 0.000000 -0.030582 0.987646 0.153686 1.039000 0.047532 -0.152147 0.987214 -0.061900 0.000000 0.000000 0.000000 1.000000
0.998418 0.038432 -0.041034 0.000000 -0.031841 0.988071 0.150669 1.039000 0.046335 -0.149124 0.987732 -0.061900 0.000000 0.000000 0.000000 1.000000
0.998540 0.036699 -0.039646 0.000000 -0.030483 0.988612 0.147367 1.039000 0.044603 -0.145944 0.988287 -0.061900 0.000000 0.000000 0.000000 1.000000
0.998686 0.032240 -0.039838 0.000000 -0.026058 0.988797 0.146974 1.039000 0.044130 -0.145743 0.988338 -0.061900 0.000000 0.000000 0.000000 1.000000
0.998821 0.027809 -0.039797 0.000000 -0.021473 0.988209 0.151601 1.039000 0.043543 -0.150568 0.987640 -0.061900 0.000000 0.000000 0.000000 1.000000
0.998949 0.025916 -0.037808 0.000000 -0.019652 0.987321 0.157516 1.039000 0.041411 -0.156608 0.986792 -0.061900 0.000000 0.000000 0.000000 1.000000
0.999024 0.025779 -0.035855 0.000000 -0.019748 0.987013 0.159421 1.039000 0.039499 -0.158558 0.986559 -0.061900 0.000000 0.000000 0.000000 1.000000
0.999094 0.023708 -0.035345 0.000000 -0.017750 0.986919 0.160240 1.039000 0.038682 -0.159467 0.986445 -0.061900 0.000000 0.000000 0.000000 1.000000
0.999263 0.021956 -0.031489 0.000000 -0.016629 0.986904 0.160449 1.039000 0.034599 -0.159808 0.986542 -0.061900 0.000000 0.000000 0.000000 1.000000
0.999417 0.024151 -0.024115 0.000000 -0.020056 0.987300 0.157599 1.039000 0.027615 -0.157023 0.987209 -0.061900 0.000000 0.000000 0.000000 1.000000
0.999455 0.025936 -0.020435 0.000000 -0.022489 0.987834 0.153875 1.039000 0.024177 -0.153332 0.987879 -0.061900 0.000000 0.000000 0.000000 1.000000
0.999470 0.025222 -0.020597 0.000000 -0.021936 0.988957 0.146569 1.039000 0.024066 -0.146040 0.988986 -0.061900 0.000000 0.000000 0.000000 1.000000
0.999469 0.026141 -0.019435 0.000000 -0.023207 0.990119 0.138299 1.039000 0.022858 -0.137774 0.990200 -0.061900 0.000000 0.000000 0.000000 1.000000
0.999465 0.028189 -0.016567 0.000000 -0.025746 0.990827 0.132659 1.039000 0.020154 -0.132161 0.991023 -0.061900 0.000000 0.000000 0.000000 1.000000
0.999507 0.028071 -0.014098 -0.000000 -0.026076 0.991698 0.125914 1.039000 0.017516 -0.125484 0.991941 -0.061900 0.000000 0.000000 0.000000 1.000000
0.999572 0.026361 -0.012660 0.000000 -0.024651 0.992441 0.120223 1.039000 0.015733 -0.119859 0.992666 -0.061900 0.000000 0.000000 0.000000 1.000000
0.999690 0.022491 -0.010678 -0.000000 -0.021107 0.993061 0.115689 1.039000 0.013206 -0.115427 0.993228 -0.061900 0.000000 0.000000 0.000000 1.000000
0.999797 0.019566 -0.004913 0.000000 -0.018900 0.993649 0.110924 1.039000 0.007052 -0.110808 0.993817 -0.061900 0.000000 0.000000 0.000000 1.000000
0.999736 0.022903 0.001648 0.000000 -0.022950 0.994278 0.104333 1.039000 0.000751 -0.104343 0.994541 -0.061900 0.000000 0.000000 0.000000 1.000000
0.999684 0.025041 0.002043 -0.000000 -0.025120 0.994694 0.099762 1.039000 0.000466 -0.099782 0.995009 -0.061900 0.000000 0.000000 0.000000 1.000000
0.999763 0.021615 -0.002640 0.000000 -0.021222 0.994333 0.104171 1.039000 0.004877 -0.104091 0.994556 -0.061900 0.000000 0.000000 0.000000 1.000000
0.999744 0.021522 -0.006978 0.000000 -0.020636 0.993851 0.108783 1.039000 0.009276 -0.108611 0.994041 -0.061900 0.000000 0.000000 0.000000 1.000000
0.999671 0.025100 -0.005359 0.000000 -0.024355 0.993584 0.110443 1.039000 0.008097 -0.110276 0.993868 -0.061900 0.000000 0.000000 0.000000 1.000000
0.999637 0.026933 0.000082 0.000000 -0.026759 0.992807 0.116699 1.039000 0.003062 -0.116659 0.993167 -0.061900 0.000000 0.000000 0.000000 1.000000
0.999641 0.026633 0.002804 0.000000 -0.026774 0.991646 0.126182 1.039000 0.000580 -0.126212 0.992003 -0.061900 0.000000 0.000000 0.000000 1.000000
