<?xml version="1.0" encoding="utf-8"?>
<COLLADA xmlns="http://www.collada.org/2005/11/COLLADASchema" version="1.4.1">
  <asset>
    <contributor>
      <authoring_tool>FBX COLLADA exporter</authoring_tool>
    </contributor>
    <created>2020-05-06T10:02:06Z</created>
    <modified>2020-05-06T10:02:06Z</modified>
    <unit meter="0.010000" name="centimeter"/>
    <up_axis>Y_UP</up_axis>
  </asset>
  <library_animations>
    <animation id="mixamorig_Hips-anim" name="mixamorig_Hips">
      <animation>
        <source id="mixamorig_Hips-Matrix-animation-input">
          <float_array id="mixamorig_Hips-Matrix-animation-input-array" count="106">

0.000000 0.033333 0.066667 0.100000 0.133333 0.166667 0.200000 0.233333 0.266667 0.300000 0.333333 0.366667 0.400000 0.433333 0.466667 0.500000
0.533333 0.566667 0.600000 0.633333 0.666667 0.700000 0.733333 0.766667 0.800000 0.833333 0.866667 0.900000 0.933333 0.966667 1.000000 1.033333
1.066667 1.100000 1.133333 1.166667 1.200000 1.233333 1.266667 1.300000 1.333333 1.366667 1.400000 1.433333 1.466667 1.500000 1.533333 1.566667
1.600000 1.633333 1.666667 1.700000 1.733333 1.766667 1.800000 1.833333 1.866667 1.900000 1.933333 1.966667 2.000000 2.033333 2.066667 2.100000
2.133333 2.166667 2.200000 2.233333 2.266667 2.300000 2.333333 2.366667 2.400000 2.433333 2.466667 2.500000 2.533333 2.566667 2.600000 2.633333
2.666667 2.700000 2.733333 2.766667 2.800000 2.833333 2.866667 2.900000 2.933333 2.966667 3.000000 3.033333 3.066667 3.100000 3.133333 3.166667
3.200000 3.233333 3.266667 3.300000 3.333333 3.366667 3.400000 3.433333 3.466667 3.500000</float_array>
          <technique_common>
            <accessor source="#mixamorig_Hips-Matrix-animation-input-array" count="106">
              <param name="TIME" type="float"/>
            </accessor>
          </technique_common>
        </source>
        <source id="mixamorig_Hips-Matrix-animation-output-transform">
          <float_array id="mixamorig_Hips-Matrix-animation-output-transform-array" count="1696">

2.447254 -0.014543 -0.679954 -0.018095 -0.044806 2.530455 -0.215384 22.770044 0.678632 0.219514 2.437800 -0.370812 0.000000 0.000000 0.000000 1.000000
2.444285 -0.047624 -0.689061 -0.018095 -0.007993 2.531835 -0.203337 22.786156 0.690659 0.197843 2.436277 -0.370812 0.000000 0.000000 0.000000 1.000000
2.438620 -0.072008 -0.706788 -0.018095 0.023210 2.533646 -0.178048 22.789679 0.710067 0.164483 2.433176 -0.370812 0.000000 0.000000 0.000000 1.000000
2.422282 -0.059351 -0.761990 -0.018095 0.031694 2.537952 -0.096928 22.749285 0.763641 0.082928 2.421069 -0.370812 0.000000 0.000000 0.000000 1.000000
2.393974 -0.025172 -0.848443 -0.018095 0.031615 2.539765 0.013855 22.697979 0.848228 -0.023619 2.394065 -0.370812 0.000000 0.000000 0.000000 1.000000
2.351067 0.016859 -0.961146 -0.018095 0.037043 2.536134 0.135097 22.654053 0.960580 -0.139065 2.347242 -0.370812 0.000000 0.000000 0.000000 1.000000
2.293759 0.052171 -1.089747 -0.018095 0.057297 2.527832 0.241619 22.646729 1.089490 -0.242778 2.281594 -0.370812 0.000000 0.000000 0.000000 1.000000
2.224502 0.068162 -1.224150 -0.018095 0.094154 2.519085 0.311360 22.680815 1.222426 -0.318062 2.203658 -0.370812 0.000000 0.000000 0.000000 1.000000
2.144893 0.058573 -1.359266 -0.018095 0.142374 2.514049 0.332996 22.751148 1.353058 -0.357388 2.119695 -0.370812 0.000000 0.000000 0.000000 1.000000
2.053148 0.027450 -1.495135 -0.018095 0.190416 2.514100 0.307640 22.830997 1.483215 -0.360759 2.030154 -0.370812 0.000000 0.000000 0.000000 1.000000
1.945599 -0.017069 -1.632775 -0.018095 0.228168 2.517784 0.245562 22.873465 1.616844 -0.334768 1.930115 -0.370812 0.000000 0.000000 0.000000 1.000000
1.818333 -0.067641 -1.772199 -0.018095 0.251335 2.522363 0.161604 22.877113 1.755590 -0.291049 1.812400 -0.370812 0.000000 0.000000 0.000000 1.000000
1.673896 -0.115860 -1.906895 -0.018095 0.257477 2.525875 0.072548 22.840197 1.892982 -0.241110 1.676331 -0.370812 0.000000 0.000000 0.000000 1.000000
1.524091 -0.154759 -2.026029 -0.018095 0.250345 2.527628 -0.004751 22.730759 2.016451 -0.196837 1.531920 -0.370812 0.000000 0.000000 0.000000 1.000000
1.389238 -0.175639 -2.119143 -0.018095 0.234516 2.528534 -0.055829 22.542170 2.113438 -0.165123 1.399183 -0.370812 0.000000 0.000000 0.000000 1.000000
1.292992 -0.170614 -2.179601 -0.018095 0.212776 2.530053 -0.071823 22.320768 2.175891 -0.146024 1.302220 -0.370812 0.000000 0.000000 0.000000 1.000000
1.257280 -0.137217 -2.202729 -0.018095 0.185620 2.532678 -0.051822 22.084789 2.199180 -0.135321 1.263683 -0.370812 0.000000 0.000000 0.000000 1.000000
1.298960 -0.078828 -2.181304 -0.018095 0.147384 2.535717 -0.003869 21.771496 2.177747 -0.124592 1.301344 -0.370812 0.000000 0.000000 0.000000 1.000000
1.425015 -0.007014 -2.102589 -0.018095 0.093942 2.537662 0.055203 21.379034 2.100502 -0.108735 1.423962 -0.370812 0.000000 0.000000 0.000000 1.000000
1.627816 0.062120 -1.948834 -0.018095 0.025586 2.537811 0.102266 20.931341 1.949657 -0.085171 1.625787 -0.370812 0.000000 0.000000 0.000000 1.000000
1.877866 0.114370 -1.706499 -0.018095 -0.049846 2.536898 0.115172 20.474394 1.709601 -0.051659 1.877817 -0.370812 0.000000 0.000000 0.000000 1.000000
2.127734 0.140149 -1.380110 -0.018095 -0.112260 2.536112 0.084467 20.035652 1.382659 -0.009761 2.130671 -0.370812 0.000000 0.000000 0.000000 1.000000
2.330959 0.130652 -1.000579 -0.018095 -0.133665 2.536403 0.019808 19.637825 1.000182 0.034476 2.334533 -0.370812 0.000000 0.000000 0.000000 1.000000
2.462358 0.082412 -0.617741 -0.018095 -0.099744 2.537353 -0.059081 19.314947 0.615181 0.081534 2.463027 -0.370812 0.000000 0.000000 0.000000 1.000000
2.526884 0.031528 -0.255857 -0.018095 -0.045999 2.535619 -0.141837 19.223757 0.253655 0.145738 2.523097 -0.370812 0.000000 0.000000 0.000000 1.000000
2.538340 0.020463 0.089516 -0.018095 -0.012167 2.529245 -0.233179 19.480377 -0.091015 0.232598 2.527689 -0.370812 0.000000 0.000000 0.000000 1.000000
2.504833 0.067135 0.415820 -0.018095 -0.010056 2.516345 -0.345696 19.924297 -0.421085 0.339263 2.481771 -0.370812 0.000000 0.000000 0.000000 1.000000
2.415385 0.207000 0.758067 -0.018095 -0.056561 2.489732 -0.499637 20.194841 -0.783783 0.458244 2.372192 -0.370812 0.000000 0.000000 0.000000 1.000000
2.256593 0.397845 1.095951 -0.018095 -0.104829 2.447114 -0.672489 20.380033 -1.161207 0.552223 2.190490 -0.370812 0.000000 0.000000 0.000000 1.000000
2.005500 0.609181 1.434736 -0.018095 -0.136583 2.397669 -0.827120 20.635069 -1.552712 0.575917 1.925877 -0.370812 0.000000 0.000000 0.000000 1.000000
1.637296 0.831033 1.755062 -0.018095 -0.152603 2.343617 -0.967354 20.932430 -1.935865 0.518117 1.560635 -0.370812 0.000000 0.000000 0.000000 1.000000
1.189761 1.008774 2.004605 -0.018095 -0.142021 2.298206 -1.072230 21.273851 -2.239620 0.390158 1.132906 -0.370812 0.000000 0.000000 0.000000 1.000000
0.727451 1.063766 2.188793 -0.018095 -0.104234 2.296012 -1.081232 21.672195 -2.431368 0.219841 0.701227 -0.370812 0.000000 0.000000 0.000000 1.000000
0.268834 1.020184 2.310530 -0.018095 -0.072332 2.325739 -1.018483 22.063820 -2.524697 0.041999 0.275209 -0.370812 0.000000 0.000000 0.000000 1.000000
-0.167805 0.926930 2.358864 -0.018095 -0.060609 2.361886 -0.932428 22.405865 -2.533726 -0.117888 -0.133919 -0.370812 0.000000 0.000000 0.000000 1.000000
-0.555980 0.842415 2.330841 -0.018095 -0.056314 2.383860 -0.875009 22.562098 -2.477764 -0.243207 -0.503126 -0.370812 0.000000 0.000000 0.000000 1.000000
-0.872086 0.812864 2.242836 -0.018095 -0.036835 2.383129 -0.878032 22.406750 -2.385311 -0.333990 -0.806437 -0.370812 0.000000 0.000000 0.000000 1.000000
-1.092780 0.855449 2.127355 -0.018095 0.012519 2.358796 -0.942085 22.105026 -2.292875 -0.394827 -1.019036 -0.370812 0.000000 0.000000 0.000000 1.000000
-1.213958 0.956911 2.015496 -0.018095 0.086678 2.313018 -1.045960 21.692898 -2.229438 -0.431123 -1.138130 -0.370812 0.000000 0.000000 0.000000 1.000000
-1.246941 1.084630 1.928812 -0.018095 0.164485 2.253268 -1.160745 21.195576 -2.206736 -0.444929 -1.176416 -0.370812 0.000000 0.000000 0.000000 1.000000
-1.219092 1.202082 1.876277 -0.018095 0.227572 2.194696 -1.258221 20.602995 -2.216670 -0.435787 -1.161061 -0.370812 0.000000 0.000000 0.000000 1.000000
-1.166143 1.280240 1.858143 -0.018095 0.271053 2.155942 -1.315311 20.012489 -2.240143 -0.405585 -1.126437 -0.370812 0.000000 0.000000 0.000000 1.000000
-1.115789 1.306849 1.870497 -0.018095 0.307719 2.149314 -1.318088 19.411631 -2.260957 -0.352410 -1.102490 -0.370812 0.000000 0.000000 0.000000 1.000000
-1.077823 1.283812 1.908330 -0.018095 0.351263 2.174640 -1.264577 18.751795 -2.272996 -0.272703 -1.100328 -0.370812 0.000000 0.000000 0.000000 1.000000
-1.045214 1.221364 1.966570 -0.018095 0.403071 2.220781 -1.165016 18.210791 -2.279619 -0.167332 -1.107672 -0.370812 0.000000 0.000000 0.000000 1.000000
-0.981566 1.134010 2.049915 -0.018095 0.445163 2.272372 -1.043914 17.691439 -2.299991 -0.044143 -1.076890 -0.370812 0.000000 0.000000 0.000000 1.000000
-0.838593 1.036580 2.161912 -0.018095 0.461780 2.317287 -0.931956 17.278988 -2.352684 0.085353 -0.953516 -0.370812 0.000000 0.000000 0.000000 1.000000
-0.563330 0.936755 2.292760 -0.018095 0.437842 2.351950 -0.853361 17.073030 -2.437736 0.205961 -0.683100 -0.370812 0.000000 0.000000 0.000000 1.000000
-0.117668 0.833362 2.396510 -0.018095 0.364266 2.379782 -0.809659 17.024345 -2.510989 0.306180 -0.229760 -0.370812 0.000000 0.000000 0.000000 1.000000
0.478557 0.719915 2.388368 -0.018095 0.251731 2.405571 -0.775539 17.119535 -2.481777 0.382822 0.381881 -0.370812 0.000000 0.000000 0.000000 1.000000
1.125040 0.593697 2.198501 -0.018095 0.132838 2.430877 -0.724426 17.391636 -2.273376 0.435848 1.045656 -0.370812 0.000000 0.000000 0.000000 1.000000
1.683226 0.462110 1.845211 -0.018095 0.050576 2.452165 -0.660250 17.780325 -1.901524 0.474281 1.615817 -0.370812 0.000000 0.000000 0.000000 1.000000
2.067842 0.338975 1.435523 -0.018095 0.019799 2.465415 -0.610686 18.328411 -1.474870 0.508356 2.004478 -0.370812 0.000000 0.000000 0.000000 1.000000
2.284635 0.238610 1.084023 -0.018095 0.022205 2.470296 -0.590547 18.970325 -1.109752 0.540652 2.219852 -0.370812 0.000000 0.000000 0.000000 1.000000
2.390348 0.176236 0.840701 -0.018095 0.024608 2.470895 -0.587939 19.597288 -0.858622 0.561444 2.323606 -0.370812 0.000000 0.000000 0.000000 1.000000
2.446740 0.149318 0.665408 -0.018095 0.006444 2.473194 -0.578679 20.136961 -0.681925 0.559120 2.382008 -0.370812 0.000000 0.000000 0.000000 1.000000
2.494753 0.128924 0.459550 -0.018095 -0.028816 2.481805 -0.539826 20.693298 -0.476422 0.524996 2.439057 -0.370812 0.000000 0.000000 0.000000 1.000000
2.533747 0.106697 0.142622 -0.018095 -0.079657 2.497906 -0.453564 21.179585 -0.159311 0.447975 2.495102 -0.370812 0.000000 0.000000 0.000000 1.000000
2.517596 0.080824 -0.326771 -0.018095 -0.121730 2.517425 -0.315201 21.657913 0.313837 0.328082 2.499093 -0.370812 0.000000 0.000000 0.000000 1.000000
2.366309 0.059464 -0.921219 -0.018095 -0.120602 2.532914 -0.146291 22.120352 0.915224 0.180028 2.362531 -0.370812 0.000000 0.000000 0.000000 1.000000
2.015028 0.063714 -1.545057 -0.018095 -0.074618 2.538893 0.007382 22.465759 1.544569 0.039533 2.016021 -0.370812 0.000000 0.000000 0.000000 1.000000
1.462939 0.083102 -2.074729 -0.018095 0.002040 2.537906 0.103093 22.733704 2.076393 -0.061044 1.461666 -0.370812 0.000000 0.000000 0.000000 1.000000
0.775490 0.097009 -2.416775 -0.018095 0.079276 2.535573 0.127215 22.964701 2.417423 -0.114270 0.771110 -0.370812 0.000000 0.000000 0.000000 1.000000
0.042662 0.089892 -2.538050 -0.018095 0.140289 2.534449 0.092122 23.133135 2.535764 -0.141729 0.037604 -0.370812 0.000000 0.000000 0.000000 1.000000
-0.652170 0.064050 -2.454011 -0.018095 0.185534 2.533159 0.016809 23.313660 2.447826 -0.174937 -0.655092 -0.370812 0.000000 0.000000 0.000000 1.000000
-1.251318 0.026912 -2.210221 -0.018095 0.202954 2.530482 -0.084091 23.581785 2.201049 -0.218031 -1.248779 -0.370812 0.000000 0.000000 0.000000 1.000000
-1.724223 -0.014959 -1.865055 -0.018095 0.195052 2.524545 -0.200571 23.838516 1.854888 -0.279375 -1.712583 -0.370812 0.000000 0.000000 0.000000 1.000000
-2.065244 -0.043121 -1.478008 -0.018095 0.178986 2.512960 -0.323416 24.016098 1.467765 -0.367116 -2.040219 -0.370812 0.000000 0.000000 0.000000 1.000000
-2.294273 -0.043306 -1.089052 -0.018095 0.163567 2.495571 -0.443816 24.145910 1.077570 -0.471011 -2.251353 -0.370812 0.000000 0.000000 0.000000 1.000000
-2.439549 -0.007214 -0.707211 -0.018095 0.153287 2.474102 -0.554007 24.129520 0.690436 -0.574777 -2.375821 -0.370812 0.000000 0.000000 0.000000 1.000000
-2.519734 0.066308 -0.313277 -0.018095 0.144985 2.451888 -0.647168 23.955996 0.285515 -0.659886 -2.436109 -0.370812 0.000000 0.000000 0.000000 1.000000
-2.531842 0.164136 0.120144 -0.018095 0.123835 2.433972 -0.715573 23.753756 -0.161370 -0.707417 -2.434157 -0.370812 0.000000 0.000000 0.000000 1.000000
-2.454072 0.265120 0.599033 -0.018095 0.079548 2.426104 -0.747856 23.579916 -0.650232 -0.703796 -2.352332 -0.370812 0.000000 0.000000 0.000000 1.000000
-2.265697 0.341925 1.096040 -0.018095 0.013714 2.432636 -0.730544 23.437950 -1.148054 -0.645733 -2.171773 -0.370812 0.000000 0.000000 0.000000 1.000000
-1.966919 0.368378 1.564330 -0.018095 -0.061429 2.453334 -0.654964 23.320240 -1.605944 -0.545022 -1.890897 -0.370812 0.000000 0.000000 0.000000 1.000000
-1.581229 0.334046 1.959522 -0.018095 -0.128311 2.481504 -0.526570 23.260782 -1.983646 -0.426794 -1.527938 -0.370812 0.000000 0.000000 0.000000 1.000000
-1.142336 0.241572 2.255728 -0.018095 -0.181617 2.507715 -0.360531 23.241457 -2.261346 -0.323436 -1.110542 -0.370812 0.000000 0.000000 0.000000 1.000000
-0.676981 0.112551 2.445532 -0.018095 -0.219004 2.524357 -0.176804 23.179382 -2.438306 -0.257982 -0.663107 -0.370812 0.000000 0.000000 0.000000 1.000000
-0.197744 -0.026408 2.532153 -0.018095 -0.247117 2.527940 0.007066 23.100101 -2.520205 -0.245803 -0.199374 -0.370812 0.000000 0.000000 0.000000 1.000000
0.292576 -0.144910 2.518928 -0.018095 -0.266549 2.519842 0.175923 23.074999 -2.508974 -0.284601 0.275047 -0.370812 0.000000 0.000000 0.000000 1.000000
0.791787 -0.217846 2.403584 -0.018095 -0.266008 2.506342 0.314787 23.145931 -2.398732 -0.349849 0.758480 -0.370812 0.000000 0.000000 0.000000 1.000000
1.283587 -0.237371 2.178912 -0.018095 -0.233091 2.495958 0.409222 23.235262 -2.179375 -0.406755 1.239547 -0.370812 0.000000 0.000000 0.000000 1.000000
1.735253 -0.216609 1.842167 -0.018095 -0.167985 2.493902 0.451478 23.400366 -1.847236 -0.430269 1.689434 -0.370812 0.000000 0.000000 0.000000 1.000000
2.103674 -0.172040 1.412996 -0.018095 -0.096461 2.498354 0.447799 23.659140 -1.420159 -0.424536 2.062648 -0.370812 0.000000 0.000000 0.000000 1.000000
2.355904 -0.127324 0.940800 -0.018095 -0.031717 2.505093 0.418453 23.924479 -0.948847 -0.399872 2.321936 -0.370812 0.000000 0.000000 0.000000 1.000000
2.490457 -0.100456 0.489015 -0.018095 0.025353 2.510285 0.386560 24.128548 -0.498582 -0.374139 2.462323 -0.370812 0.000000 0.000000 0.000000 1.000000
2.535876 -0.094484 0.109574 -0.018095 0.077787 2.512277 0.366075 24.286926 -0.121996 -0.362125 2.511091 -0.370812 0.000000 0.000000 0.000000 1.000000
2.531076 -0.114863 -0.179057 -0.018095 0.139375 2.510540 0.359669 24.446661 0.160716 -0.368231 2.508022 -0.370812 0.000000 0.000000 0.000000 1.000000
2.506565 -0.154738 -0.380510 -0.018095 0.209895 2.505009 0.363972 24.585810 0.353095 -0.390624 2.484821 -0.370812 0.000000 0.000000 0.000000 1.000000
2.480600 -0.195466 -0.509919 -0.018095 0.273673 2.497359 0.374030 24.693554 0.472575 -0.420225 2.460017 -0.370812 0.000000 0.000000 0.000000 1.000000
2.460378 -0.224359 -0.589750 -0.018095 0.319258 2.490347 0.384506 24.750006 0.544258 -0.446580 2.440481 -0.370812 0.000000 0.000000 0.000000 1.000000
2.446244 -0.238437 -0.640812 -0.018095 0.344714 2.485949 0.390932 24.769474 0.590478 -0.463469 2.426547 -0.370812 0.000000 0.000000 0.000000 1.000000
2.437039 -0.237223 -0.675402 -0.018095 0.350428 2.485043 0.391613 24.734352 0.624215 -0.468920 2.417037 -0.370812 0.000000 0.000000 0.000000 1.000000
2.431344 -0.221151 -0.700898 -0.018095 0.337848 2.487492 0.387095 24.647757 0.652706 -0.463763 2.410497 -0.370812 0.000000 0.000000 0.000000 1.000000
2.428177 -0.192950 -0.719950 -0.018095 0.310273 2.492405 0.378480 24.490213 0.677708 -0.449763 2.406247 -0.370812 0.000000 0.000000 0.000000 1.000000
2.426352 -0.153703 -0.735385 -0.018095 0.268895 2.499238 0.364835 24.293766 0.701507 -0.426362 2.403685 -0.370812 0.000000 0.000000 0.000000 1.000000
2.424129 -0.104421 -0.751197 -0.018095 0.214150 2.507677 0.342485 24.045748 0.727558 -0.390195 2.402083 -0.370812 0.000000 0.000000 0.000000 1.000000
2.420065 -0.049785 -0.769681 -0.018095 0.149348 2.516978 0.306784 23.695608 0.756692 -0.337554 2.401056 -0.370812 0.000000 0.000000 0.000000 1.000000
2.414338 -0.001781 -0.789032 -0.018095 0.085155 2.525746 0.254862 23.326555 0.784425 -0.268706 2.400848 -0.370812 0.000000 0.000000 0.000000 1.000000
2.409191 0.030047 -0.804050 -0.018095 0.031054 2.532865 0.187700 22.949532 0.804012 -0.187864 2.402055 -0.370812 0.000000 0.000000 0.000000 1.000000
2.407652 0.040808 -0.808177 -0.018095 -0.005857 2.537581 0.110682 22.677687 0.809185 -0.103051 2.405452 -0.370812 0.000000 0.000000 0.000000 1.000000
2.411340 0.036668 -0.797304 -0.018095 -0.027963 2.539642 0.032228 22.511820 0.797657 -0.021818 2.411403 -0.370812 0.000000 0.000000 0.000000 1.000000
2.418996 0.021602 -0.774334 -0.018095 -0.035232 2.539453 -0.039220 22.407789 0.773834 0.048092 2.418774 -0.370812 0.000000 0.000000 0.000000 1.000000
2.428194 0.003298 -0.745296 -0.018095 -0.033693 2.537864 -0.098542 22.397808 0.744541 0.104090 2.426195 -0.370812 0.000000 0.000000 0.000000 1.000000
2.436965 -0.010938 -0.716017 -0.018095 -0.031389 2.535631 -0.145567 22.476465 0.715413 0.148511 2.432638 -0.370812 0.000000 0.000000 0.000000 1.000000
2.442576 -0.013973 -0.696583 -0.018095 -0.037308 2.533222 -0.181637 22.617601 0.695724 0.184902 2.435852 -0.370812 0.000000 0.000000 0.000000 1.000000</float_array>
          <technique_common>
            <accessor source="#mixamorig_Hips-Matrix-animation-output-transform-array" count="106" stride="16">
              <param type="float4x4"/>
            </accessor>
          </technique_common>
        </source>
        <source id="mixamorig_Hips-Interpolations">
          <Name_array id="mixamorig_Hips-Interpolations-array" count="106">
 LINEAR LINEAR LINEAR LINEAR LINEAR LINEAR LINEAR LINEAR LINEAR LINEAR LINEAR
LINEAR LINEAR LINEAR LINEAR LINEAR LINEAR LINEAR LINEAR LINEAR LINEAR LINEAR LINEAR
LINEAR LINEAR LINEAR LINEAR LINEAR LINEAR LINEAR LINEAR LINEAR LINEAR LINEAR LINEAR
LINEAR LINEAR LINEAR LINEAR LINEAR LINEAR LINEAR LINEAR LINEAR LINEAR LINEAR LINEAR
LINEAR LINEAR LINEAR LINEAR LINEAR LINEAR LINEAR LINEAR LINEAR LINEAR LINEAR LINEAR
LINEAR LINEAR LINEAR LINEAR LINEAR LINEAR LINEAR LINEAR LINEAR LINEAR LINEAR LINEAR
LINEAR LINEAR LINEAR LINEAR LINEAR LINEAR LINEAR LINEAR LINEAR LINEAR LINEAR LINEAR
LINEAR LINEAR LINEAR LINEAR LINEAR LINEAR LINEAR LINEAR LINEAR LINEAR LINEAR LINEAR
LINEAR LINEAR LINEAR LINEAR LINEAR LINEAR LINEAR LINEAR LINEAR LINEAR LINEAR</Name_array>
          <technique_common>
            <accessor source="#mixamorig_Hips-Interpolations-array" count="106">
              <param type="name"/>
            </accessor>
          </technique_common>
        </source>
        <sampler id="mixamorig_Hips-Matrix-animation-transform">
          <input semantic="INPUT" source="#mixamorig_Hips-Matrix-animation-input"/>
          <input semantic="OUTPUT" source="#mixamorig_Hips-Matrix-animation-output-transform"/>
          <input semantic="INTERPOLATION" source="#mixamorig_Hips-Interpolations"/>
        </sampler>
        <channel source="#mixamorig_Hips-Matrix-animation-transform" target="mixamorig_Hips/matrix"/>
      </animation>
    </animation>
    <animation id="mixamorig_Spine-anim" name="mixamorig_Spine">
      <animation>
        <source id="mixamorig_Spine-Matrix-animation-input">
          <float_array id="mixamorig_Spine-Matrix-animation-input-array" count="106">

0.000000 0.033333 0.066667 0.100000 0.133333 0.166667 0.200000 0.233333 0.266667 0.300000 0.333333 0.366667 0.400000 0.433333 0.466667 0.500000
0.533333 0.566667 0.600000 0.633333 0.666667 0.700000 0.733333 0.766667 0.800000 0.833333 0.866667 0.900000 0.933333 0.966667 1.000000 1.033333
1.066667 1.100000 1.133333 1.166667 1.200000 1.233333 1.266667 1.300000 1.333333 1.366667 1.400000 1.433333 1.466667 1.500000 1.533333 1.566667
1.600000 1.633333 1.666667 1.700000 1.733333 1.766667 1.800000 1.833333 1.866667 1.900000 1.933333 1.966667 2.000000 2.033333 2.066667 2.100000
2.133333 2.166667 2.200000 2.233333 2.266667 2.300000 2.333333 2.366667 2.400000 2.433333 2.466667 2.500000 2.533333 2.566667 2.600000 2.633333
2.666667 2.700000 2.733333 2.766667 2.800000 2.833333 2.866667 2.900000 2.933333 2.966667 3.000000 3.033333 3.066667 3.100000 3.133333 3.166667
3.200000 3.233333 3.266667 3.300000 3.333333 3.366667 3.400000 3.433333 3.466667 3.500000</float_array>
          <technique_common>
            <accessor source="#mixamorig_Spine-Matrix-animation-input-array" count="106">
              <param name="TIME" type="float"/>
            </accessor>
          </technique_common>
        </source>
        <source id="mixamorig_Spine-Matrix-animation-output-transform">
          <float_array id="mixamorig_Spine-Matrix-animation-output-transform-array" count="1696">

0.997296 0.002933 0.073432 0.000000 0.021959 0.941662 -0.335843 1.039000 -0.070133 0.336548 0.939051 -0.061900 0.000000 0.000000 0.000000 1.000000
0.994712 -0.019512 0.100834 0.000000 0.051088 0.945706 -0.320983 1.039000 -0.089096 0.324437 0.941702 -0.061900 0.000000 0.000000 0.000000 1.000000
0.990586 -0.045148 0.129232 0.000000 0.082498 0.950244 -0.300385 1.039000 -0.109240 0.308219 0.945022 -0.061900 0.000000 0.000000 0.000000 1.000000
0.983538 -0.083315 0.160347 -0.000000 0.123231 0.958262 -0.257969 1.039000 -0.132162 0.273482 0.952754 -0.061900 0.000000 0.000000 0.000000 1.000000
0.975473 -0.122588 0.182827 0.000000 0.159361 0.966253 -0.202384 1.039000 -0.151847 0.226556 0.962089 -0.061900 0.000000 0.000000 0.000000 1.000000
0.970561 -0.154497 0.184775 0.000000 0.182179 0.972723 -0.143599 1.039000 -0.157549 0.173034 0.972233 -0.061900 0.000000 0.000000 0.000000 1.000000
0.972689 -0.172934 0.154821 0.000000 0.188496 0.977744 -0.092124 1.039000 -0.135444 0.118791 0.983638 -0.061900 0.000000 0.000000 0.000000 1.000000
0.981216 -0.172644 0.086081 0.000000 0.177923 0.982338 -0.057924 1.039000 -0.074560 0.072152 0.994603 -0.061900 0.000000 0.000000 0.000000 1.000000
0.988079 -0.152753 -0.019173 0.000000 0.151798 0.987431 -0.044029 1.039000 0.025658 0.040593 0.998846 -0.061900 0.000000 0.000000 0.000000 1.000000
0.981959 -0.118116 -0.147666 0.000000 0.112380 0.992571 -0.046633 1.039000 0.152077 0.029197 0.987937 -0.061900 0.000000 0.000000 0.000000 1.000000
0.957380 -0.077499 -0.278242 0.000000 0.064028 0.996308 -0.057192 1.039000 0.281647 0.036939 0.958807 -0.061900 0.000000 0.000000 0.000000 1.000000
0.920665 -0.038614 -0.388438 -0.000000 0.013267 0.997616 -0.067728 1.039000 0.390127 0.057202 0.918982 -0.061900 0.000000 0.000000 0.000000 1.000000
0.886014 -0.005557 -0.463625 0.000000 -0.033343 0.996576 -0.075666 1.039000 0.462458 0.082500 0.882794 -0.061900 0.000000 0.000000 0.000000 1.000000
0.866640 0.016925 -0.498648 0.000000 -0.065970 0.994537 -0.080898 1.039000 0.494554 0.103005 0.863021 -0.061900 0.000000 0.000000 0.000000 1.000000
0.867461 0.027170 -0.496763 0.000000 -0.080079 0.993113 -0.085519 1.039000 0.491018 0.113965 0.863663 -0.061900 0.000000 0.000000 0.000000 1.000000
0.883924 0.025999 -0.466908 0.000000 -0.076630 0.993010 -0.089778 1.039000 0.461310 0.115136 0.879737 -0.061900 0.000000 0.000000 0.000000 1.000000
0.906761 0.017551 -0.421280 0.000000 -0.061829 0.993868 -0.091674 1.039000 0.417087 0.109174 0.902285 -0.061900 0.000000 0.000000 0.000000 1.000000
0.928075 0.007100 -0.372327 -0.000000 -0.043378 0.995073 -0.089149 1.039000 0.369859 0.098888 0.923810 -0.061900 0.000000 0.000000 0.000000 1.000000
0.944904 0.001037 -0.327347 -0.000000 -0.029000 0.996329 -0.080552 1.039000 0.326062 0.085607 0.941464 -0.061900 0.000000 0.000000 0.000000 1.000000
0.957754 0.005748 -0.287533 0.000000 -0.025990 0.997439 -0.066631 1.039000 0.286414 0.071289 0.955450 -0.061900 0.000000 0.000000 0.000000 1.000000
0.968579 0.023633 -0.247580 0.000000 -0.037503 0.997971 -0.051455 1.039000 0.245862 0.059123 0.967500 -0.061900 0.000000 0.000000 0.000000 1.000000
0.978533 0.055132 -0.198577 -0.000000 -0.064537 0.997065 -0.041201 1.039000 0.195723 0.053132 0.979219 -0.061900 0.000000 0.000000 0.000000 1.000000
0.985965 0.102407 -0.131854 0.000000 -0.108825 0.993156 -0.042407 1.039000 0.126609 0.056161 0.990361 -0.061900 0.000000 0.000000 0.000000 1.000000
0.985380 0.164853 -0.043012 0.000000 -0.167293 0.984007 -0.061179 1.039000 0.032239 0.067480 0.997199 -0.061900 0.000000 0.000000 0.000000 1.000000
0.971258 0.230853 0.058011 0.000000 -0.224408 0.969328 -0.100224 1.039000 -0.079369 0.084325 0.993272 -0.061900 0.000000 0.000000 0.000000 1.000000
0.945317 0.288288 0.152531 0.000000 -0.265397 0.951756 -0.154031 1.039000 -0.189578 0.105127 0.976221 -0.061900 0.000000 0.000000 0.000000 1.000000
0.913943 0.332423 0.232818 0.000000 -0.286212 0.934651 -0.210974 1.039000 -0.287736 0.126183 0.949361 -0.061900 0.000000 0.000000 0.000000 1.000000
0.892698 0.350137 0.283715 0.000000 -0.284559 0.926132 -0.247599 1.039000 -0.349451 0.140298 0.926391 -0.061900 0.000000 0.000000 0.000000 1.000000
0.881878 0.350103 0.315783 -0.000000 -0.267815 0.923205 -0.275623 1.039000 -0.388029 0.158494 0.907917 -0.061900 0.000000 0.000000 0.000000 1.000000
0.888991 0.324902 0.322698 -0.000000 -0.231672 0.926964 -0.295069 1.039000 -0.394998 0.187554 0.899333 -0.061900 0.000000 0.000000 0.000000 1.000000
0.912147 0.271677 0.306886 -0.000000 -0.178301 0.937215 -0.299729 1.039000 -0.369048 0.218679 0.903318 -0.061900 0.000000 0.000000 0.000000 1.000000
0.936282 0.202137 0.287257 0.000000 -0.110328 0.945668 -0.305844 1.039000 -0.333472 0.254664 0.907713 -0.061900 0.000000 0.000000 0.000000 1.000000
0.953640 0.124719 0.273889 0.000000 -0.027537 0.942430 -0.333268 1.039000 -0.299686 0.310276 0.902173 -0.061900 0.000000 0.000000 0.000000 1.000000
0.962194 0.034836 0.270127 0.000000 0.071177 0.925161 -0.372842 1.039000 -0.262899 0.377973 0.887705 -0.061900 0.000000 0.000000 0.000000 1.000000
0.959106 -0.065578 0.275347 0.000000 0.178595 0.894908 -0.408955 1.039000 -0.219591 0.441407 0.870022 -0.061900 0.000000 0.000000 0.000000 1.000000
0.944873 -0.162602 0.284211 -0.000000 0.277453 0.858522 -0.431231 1.039000 -0.173883 0.486314 0.856308 -0.061900 0.000000 0.000000 0.000000 1.000000
0.925888 -0.240737 0.291165 0.000000 0.353023 0.825789 -0.439826 1.039000 -0.134559 0.510018 0.849573 -0.061900 0.000000 0.000000 0.000000 1.000000
0.910427 -0.288189 0.296766 0.000000 0.398536 0.803327 -0.442533 1.039000 -0.110867 0.521166 0.846224 -0.061900 0.000000 0.000000 0.000000 1.000000
0.902831 -0.304129 0.303976 0.000000 0.417068 0.791399 -0.446926 1.039000 -0.104643 0.530277 0.841342 -0.061900 0.000000 0.000000 0.000000 1.000000
0.901412 -0.294734 0.317158 0.000000 0.417548 0.785502 -0.456772 1.039000 -0.114502 0.544168 0.831126 -0.061900 0.000000 0.000000 0.000000 1.000000
0.902052 -0.269667 0.337019 0.000000 0.409837 0.780078 -0.472770 1.039000 -0.135410 0.564587 0.814190 -0.061900 0.000000 0.000000 0.000000 1.000000
0.901577 -0.240484 0.359619 -0.000000 0.402552 0.770821 -0.493747 1.039000 -0.158464 0.589917 0.791762 -0.061900 0.000000 0.000000 0.000000 1.000000
0.901556 -0.215038 0.375439 0.000000 0.396749 0.757032 -0.519128 1.039000 -0.172587 0.616978 0.767823 -0.061900 0.000000 0.000000 0.000000 1.000000
0.907306 -0.196208 0.371885 0.000000 0.385665 0.740684 -0.550136 1.039000 -0.167509 0.642565 0.747697 -0.061900 0.000000 0.000000 0.000000 1.000000
0.923945 -0.183323 0.335735 -0.000000 0.357658 0.725297 -0.588240 1.039000 -0.135669 0.663580 0.735701 -0.061900 0.000000 0.000000 0.000000 1.000000
0.950341 -0.168498 0.261650 0.000000 0.300628 0.714436 -0.631826 1.039000 -0.080471 0.679109 0.729613 -0.061900 0.000000 0.000000 0.000000 1.000000
0.978424 -0.141385 0.150656 0.000000 0.206273 0.710017 -0.673296 1.039000 -0.011774 0.689845 0.723861 -0.061900 0.000000 0.000000 0.000000 1.000000
0.995419 -0.094005 0.017431 0.000000 0.079398 0.711241 -0.698449 1.039000 0.053260 0.696634 0.715447 -0.061900 0.000000 0.000000 0.000000 1.000000
0.993113 -0.022985 -0.114883 0.000000 -0.064008 0.714849 -0.696343 1.039000 0.098129 0.698901 0.708455 -0.061900 0.000000 0.000000 0.000000 1.000000
0.972088 0.068856 -0.224284 -0.000000 -0.204725 0.715876 -0.667539 1.039000 0.114596 0.694824 0.709991 -0.061900 0.000000 0.000000 0.000000 1.000000
0.938727 0.173892 -0.297578 0.000000 -0.328788 0.710803 -0.621818 1.039000 0.103390 0.681558 0.724424 -0.061900 0.000000 0.000000 0.000000 1.000000
0.900061 0.275042 -0.337997 -0.000000 -0.428149 0.702538 -0.568445 1.039000 0.081109 0.656348 0.750085 -0.061900 0.000000 0.000000 0.000000 1.000000
0.864069 0.349660 -0.362108 0.000000 -0.498447 0.694731 -0.518555 1.039000 0.070250 0.628559 0.774582 -0.061900 0.000000 0.000000 0.000000 1.000000
0.836181 0.384458 -0.391143 0.000000 -0.542227 0.686656 -0.484246 1.039000 0.082408 0.617006 0.782632 -0.061900 0.000000 0.000000 0.000000 1.000000
0.816328 0.375993 -0.438450 0.000000 -0.564602 0.679528 -0.468473 1.039000 0.121797 0.629977 0.767004 -0.061900 0.000000 0.000000 0.000000 1.000000
0.797643 0.340148 -0.498062 0.000000 -0.575791 0.675263 -0.460960 1.039000 0.179529 0.654461 0.734473 -0.061900 0.000000 0.000000 0.000000 1.000000
0.771202 0.308948 -0.556595 -0.000000 -0.590519 0.673760 -0.444223 1.039000 0.237769 0.671266 0.702045 -0.061900 0.000000 0.000000 0.000000 1.000000
0.740315 0.301736 -0.600740 -0.000000 -0.608614 0.680358 -0.408292 1.039000 0.285522 0.667884 0.687319 -0.061900 0.000000 0.000000 0.000000 1.000000
0.717464 0.322516 -0.617438 0.000000 -0.619326 0.701075 -0.353455 1.039000 0.318875 0.635986 0.702738 -0.061900 0.000000 0.000000 0.000000 1.000000
0.718052 0.356957 -0.597480 0.000000 -0.608566 0.738560 -0.290132 1.039000 0.337710 0.571937 0.747556 -0.061900 0.000000 0.000000 0.000000 1.000000
0.752698 0.377314 -0.539518 0.000000 -0.564723 0.791268 -0.234485 1.039000 0.338429 0.481175 0.808663 -0.061900 0.000000 0.000000 0.000000 1.000000
0.813199 0.361173 -0.456358 0.000000 -0.488225 0.850159 -0.197146 1.039000 0.316773 0.383124 0.867681 -0.061900 0.000000 0.000000 0.000000 1.000000
0.880594 0.299406 -0.367300 -0.000000 -0.384560 0.904428 -0.184727 1.039000 0.276888 0.303919 0.911573 -0.061900 0.000000 0.000000 0.000000 1.000000
0.935373 0.204380 -0.288628 -0.000000 -0.267668 0.942516 -0.200044 1.039000 0.231152 0.264372 0.936310 -0.061900 0.000000 0.000000 0.000000 1.000000
0.967804 0.104058 -0.229187 0.000000 -0.159753 0.957581 -0.239831 1.039000 0.194509 0.268722 0.943374 -0.061900 0.000000 0.000000 0.000000 1.000000
0.981839 0.019022 -0.188763 0.000000 -0.075266 0.952368 -0.295517 1.039000 0.174150 0.304358 0.936503 -0.061900 0.000000 0.000000 0.000000 1.000000
0.985576 -0.038522 -0.164793 0.000000 -0.022104 0.936106 -0.351024 1.039000 0.167786 0.349603 0.921751 -0.061900 0.000000 0.000000 0.000000 1.000000
0.985432 -0.068548 -0.155645 0.000000 0.002062 0.919924 -0.392091 1.039000 0.170059 0.386058 0.906663 -0.061900 0.000000 0.000000 0.000000 1.000000
0.984622 -0.080613 -0.154989 0.000000 0.009673 0.910968 -0.412364 1.039000 0.174432 0.404524 0.897738 -0.061900 0.000000 0.000000 0.000000 1.000000
0.984379 -0.083003 -0.155271 0.000000 0.011306 0.909881 -0.414716 1.039000 0.175701 0.406482 0.896605 -0.061900 0.000000 0.000000 0.000000 1.000000
0.985580 -0.078288 -0.150011 -0.000000 0.010213 0.912440 -0.409084 1.039000 0.168903 0.401653 0.900081 -0.061900 0.000000 0.000000 0.000000 1.000000
0.988632 -0.065950 -0.135119 0.000000 0.005268 0.913310 -0.407231 1.039000 0.150262 0.401890 0.903275 -0.061900 0.000000 0.000000 0.000000 1.000000
0.992704 -0.042331 -0.112906 0.000000 -0.008776 0.908505 -0.417781 1.039000 0.120261 0.415724 0.901505 -0.061900 0.000000 0.000000 0.000000 1.000000
0.995845 -0.002462 -0.091037 0.000000 -0.038192 0.896197 -0.442010 1.039000 0.082676 0.443650 0.892378 -0.061900 0.000000 0.000000 0.000000 1.000000
0.995227 0.057279 -0.079010 -0.000000 -0.087967 0.877096 -0.472191 1.039000 0.042252 0.476888 0.877948 -0.061900 0.000000 0.000000 0.000000 1.000000
0.987284 0.135216 -0.083589 -0.000000 -0.158906 0.853961 -0.495480 1.039000 0.004385 0.502462 0.864588 -0.061900 0.000000 0.000000 0.000000 1.000000
0.968673 0.224185 -0.106839 0.000000 -0.247282 0.831013 -0.498265 1.039000 -0.022919 0.509076 0.860416 -0.061900 0.000000 0.000000 0.000000 1.000000
0.937294 0.316342 -0.146316 0.000000 -0.347225 0.811052 -0.470775 1.039000 -0.030256 0.492060 0.870035 -0.061900 0.000000 0.000000 0.000000 1.000000
0.894340 0.403440 -0.193369 0.000000 -0.447252 0.795600 -0.408639 1.039000 -0.011017 0.451947 0.891977 -0.061900 0.000000 0.000000 0.000000 1.000000
0.844818 0.479533 -0.237340 -0.000000 -0.533814 0.785572 -0.312921 1.039000 0.036392 0.391058 0.919646 -0.061900 0.000000 0.000000 0.000000 1.000000
0.796383 0.541507 -0.269343 0.000000 -0.595185 0.780786 -0.190072 1.039000 0.107374 0.311679 0.944101 -0.061900 0.000000 0.000000 0.000000 1.000000
0.759061 0.585090 -0.285475 -0.000000 -0.622328 0.780870 -0.054314 1.039000 0.191140 0.218887 0.956846 -0.061900 0.000000 0.000000 0.000000 1.000000
0.741102 0.606617 -0.287721 0.000000 -0.614194 0.785642 0.074388 1.039000 0.271171 0.121587 0.954821 -0.061900 0.000000 0.000000 0.000000 1.000000
0.747368 0.600686 -0.283932 0.000000 -0.575916 0.798783 0.173973 1.039000 0.331304 0.033499 0.942929 -0.061900 0.000000 0.000000 0.000000 1.000000
0.769379 0.573367 -0.281614 0.000000 -0.524914 0.818702 0.232795 1.039000 0.364035 -0.031284 0.930860 -0.061900 0.000000 0.000000 0.000000 1.000000
0.795112 0.536711 -0.282379 0.000000 -0.477877 0.841153 0.253171 1.039000 0.373404 -0.066357 0.925292 -0.061900 0.000000 0.000000 0.000000 1.000000
0.817402 0.500080 -0.285963 0.000000 -0.441734 0.862742 0.246064 1.039000 0.369764 -0.074813 0.926109 -0.061900 0.000000 0.000000 0.000000 1.000000
0.833501 0.471474 -0.288078 0.000000 -0.419503 0.879332 0.225374 1.039000 0.359574 -0.067000 0.930708 -0.061900 0.000000 0.000000 0.000000 1.000000
0.845525 0.451026 -0.285767 0.000000 -0.407583 0.890946 0.200228 1.039000 0.344911 -0.052824 0.937148 -0.061900 0.000000 0.000000 0.000000 1.000000
0.857597 0.432851 -0.277790 -0.000000 -0.398466 0.900669 0.173265 1.039000 0.325194 -0.037902 0.944887 -0.061900 0.000000 0.000000 0.000000 1.000000
0.872618 0.412156 -0.262041 -0.000000 -0.387030 0.910797 0.143724 1.039000 0.297903 -0.023998 0.954294 -0.061900 0.000000 0.000000 0.000000 1.000000
0.891048 0.387067 -0.237094 0.000000 -0.371157 0.921994 0.110316 1.039000 0.261299 -0.010298 0.965203 -0.061900 0.000000 0.000000 0.000000 1.000000
0.911871 0.355969 -0.204396 0.000000 -0.348722 0.934479 0.071705 1.039000 0.216528 0.005892 0.976258 -0.061900 0.000000 0.000000 0.000000 1.000000
0.933699 0.317076 -0.166341 0.000000 -0.317016 0.948018 0.027629 1.039000 0.166455 0.026936 0.985681 -0.061900 0.000000 0.000000 0.000000 1.000000
0.954582 0.269948 -0.126099 0.000000 -0.274494 0.961384 -0.019852 1.039000 0.115871 0.053563 0.991819 -0.061900 0.000000 0.000000 0.000000 1.000000
0.972774 0.215151 -0.086151 0.000000 -0.221110 0.972956 -0.066836 1.039000 0.069441 0.084066 0.994037 -0.061900 0.000000 0.000000 0.000000 1.000000
0.986681 0.155388 -0.048116 0.000000 -0.159823 0.981119 -0.108919 1.039000 0.030283 0.115158 0.992885 -0.061900 0.000000 0.000000 0.000000 1.000000
0.995238 0.096502 -0.013737 0.000000 -0.097474 0.984837 -0.143510 1.039000 -0.000320 0.144165 0.989553 -0.061900 0.000000 0.000000 0.000000 1.000000
0.998768 0.047349 0.014845 0.000000 -0.044114 0.984231 -0.171302 1.039000 -0.022722 0.170436 0.985107 -0.061900 0.000000 0.000000 0.000000 1.000000
0.999245 0.013608 0.036391 0.000000 -0.006242 0.980718 -0.195328 1.039000 -0.038347 0.194953 0.980062 -0.061900 0.000000 0.000000 0.000000 1.000000
0.998707 -0.002989 0.050750 -0.000000 0.014009 0.975802 -0.218209 1.039000 -0.048870 0.218638 0.974581 -0.061900 0.000000 0.000000 0.000000 1.000000
0.998216 -0.006942 0.059304 0.000000 0.021106 0.970123 -0.241694 1.039000 -0.055854 0.242515 0.968538 -0.061900 0.000000 0.000000 0.000000 1.000000
0.997922 -0.003181 0.064362 0.000000 0.020205 0.963862 -0.265635 1.039000 -0.061191 0.266383 0.961923 -0.061900 0.000000 0.000000 0.000000 1.000000
0.997698 0.002659 0.067763 0.000000 0.017055 0.957278 -0.288668 1.039000 -0.065636 0.289159 0.955028 -0.061900 0.000000 0.000000 0.000000 1.000000
0.997506 0.006421 0.070291 0.000000 0.015661 0.950898 -0.309108 1.039000 -0.068824 0.309438 0.948426 -0.061900 0.000000 0.000000 0.000000 1.000000
0.997398 0.005214 0.071902 0.000000 0.018359 0.946127 -0.323276 1.039000 -0.069714 0.323755 0.943569 -0.061900 0.000000 0.000000 0.000000 1.000000</float_array>
          <technique_common>
            <accessor source="#mixamorig_Spine-Matrix-animation-output-transform-array" count="106" stride="16">
              <param type="float4x4"/>
            </accessor>
          </technique_common>
        </source>
        <source id="mixamorig_Spine-Interpolations">
          <Name_array id="mixamorig_Spine-Interpolations-array" count="106">
 LINEAR LINEAR LINEAR LINEAR LINEAR LINEAR LINEAR LINEAR LINEAR LINEAR LINEAR
LINEAR LINEAR LINEAR LINEAR LINEAR LINEAR LINEAR LINEAR LINEAR LINEAR LINEAR LINEAR
LINEAR LINEAR LINEAR LINEAR LINEAR LINEAR LINEAR LINEAR LINEAR LINEAR LINEAR LINEAR
LINEAR LINEAR LINEAR LINEAR LINEAR LINEAR LINEAR LINEAR LINEAR LINEAR LINEAR LINEAR
LINEAR LINEAR LINEAR LINEAR LINEAR LINEAR LINEAR LINEAR LINEAR LINEAR LINEAR LINEAR
LINEAR LINEAR LINEAR LINEAR LINEAR LINEAR LINEAR LINEAR LINEAR LINEAR LINEAR LINEAR
LINEAR LINEAR LINEAR LINEAR LINEAR LINEAR LINEAR LINEAR LINEAR LINEAR LINEAR LINEAR
LINEAR LINEAR LINEAR LINEAR LINEAR LINEAR LINEAR LINEAR LINEAR LINEAR LINEAR LINEAR
LINEAR LINEAR LINEAR LINEAR LINEAR LINEAR LINEAR LINEAR LINEAR LINEAR LINEAR</Name_array>
          <technique_common>
            <accessor source="#mixamorig_Spine-Interpolations-array" count="106">
              <param type="name"/>
            </accessor>
          </technique_common>
        </source>
        <sampler id="mixamorig_Spine-Matrix-animation-transform">
          <input semantic="INPUT" source="#mixamorig_Spine-Matrix-animation-input"/>
          <input semantic="OUTPUT" source="#mixamorig_Spine-Matrix-animation-output-transform"/>
          <input semantic="INTERPOLATION" source="#mixamorig_Spine-Interpolations"/>
        </sampler>
        <channel source="#mixamorig_Spine-Matrix-animation-transform" target="mixamorig_Spine/matrix"/>
      </animation>
    </animation>
    <animation id="mixamorig_Spine1-anim" name="mixamorig_Spine1">
      <animation>
        <source id="mixamorig_Spine1-Matrix-animation-input">
          <float_array id="mixamorig_Spine1-Matrix-animation-input-array" count="106">

0.000000 0.033333 0.066667 0.100000 0.133333 0.166667 0.200000 0.233333 0.266667 0.300000 0.333333 0.366667 0.400000 0.433333 0.466667 0.500000
0.533333 0.566667 0.600000 0.633333 0.666667 0.700000 0.733333 0.766667 0.800000 0.833333 0.866667 0.900000 0.933333 0.966667 1.000000 1.033333
1.066667 1.100000 1.133333 1.166667 1.200000 1.233333 1.266667 1.300000 1.333333 1.366667 1.400000 1.433333 1.466667 1.500000 1.533333 1.566667
1.600000 1.633333 1.666667 1.700000 1.733333 1.766667 1.800000 1.833333 1.866667 1.900000 1.933333 1.966667 2.000000 2.033333 2.066667 2.100000
2.133333 2.166667 2.200000 2.233333 2.266667 2.300000 2.333333 2.366667 2.400000 2.433333 2.466667 2.500000 2.533333 2.566667 2.600000 2.633333
