<?xml version="1.0" encoding="utf-8"?>
<COLLADA xmlns="http://www.collada.org/2005/11/COLLADASchema" version="1.4.1">
  <asset>
    <contributor>
      <authoring_tool>FBX COLLADA exporter</authoring_tool>
    </contributor>
    <created>2020-05-06T09:23:09Z</created>
    <modified>2020-05-06T09:23:09Z</modified>
    <unit meter="0.010000" name="centimeter"/>
    <up_axis>Y_UP</up_axis>
  </asset>
  <library_animations>
    <animation id="mixamorig_Hips-anim" name="mixamorig_Hips">
      <animation>
        <source id="mixamorig_Hips-Matrix-animation-input">
          <float_array id="mixamorig_Hips-Matrix-animation-input-array" count="106">

0.000000 0.033333 0.066667 0.100000 0.133333 0.166667 0.200000 0.233333 0.266667 0.300000 0.333333 0.366667 0.400000 0.433333 0.466667 0.500000
0.533333 0.566667 0.600000 0.633333 0.666667 0.700000 0.733333 0.766667 0.800000 0.833333 0.866667 0.900000 0.933333 0.966667 1.000000 1.033333
1.066667 1.100000 1.133333 1.166667 1.200000 1.233333 1.266667 1.300000 1.333333 1.366667 1.400000 1.433333 1.466667 1.500000 1.533333 1.566667
1.600000 1.633333 1.666667 1.700000 1.733333 1.766667 1.800000 1.833333 1.866667 1.900000 1.933333 1.966667 2.000000 2.033333 2.066667 2.100000
2.133333 2.166667 2.200000 2.233333 2.266667 2.300000 2.333333 2.366667 2.400000 2.433333 2.466667 2.500000 2.533333 2.566667 2.600000 2.633333
2.666667 2.700000 2.733333 2.766667 2.800000 2.833333 2.866667 2.900000 2.933333 2.966667 3.000000 3.033333 3.066667 3.100000 3.133333 3.166667
3.200000 3.233333 3.266667 3.300000 3.333333 3.366667 3.400000 3.433333 3.466667 3.500000</float_array>
          <technique_common>
            <accessor source="#mixamorig_Hips-Matrix-animation-input-array" count="106">
              <param name="TIME" type="float"/>
            </accessor>
          </technique_common>
        </source>
        <source id="mixamorig_Hips-Matrix-animation-output-transform">
          <float_array id="mixamorig_Hips-Matrix-animation-output-transform-array" count="1696">

2.447254 -0.014543 -0.679954 -0.018095 -0.044806 2.530455 -0.215385 22.770044 0.678632 0.219514 2.437800 -0.370812 0.000000 0.000000 0.000000 1.000000
2.444285 -0.047623 -0.689062 -0.018095 -0.007993 2.531837 -0.203337 22.786156 0.690659 0.197843 2.436279 -0.370812 0.000000 0.000000 0.000000 1.000000
2.438618 -0.072008 -0.706788 -0.018095 0.023210 2.533645 -0.178048 22.789679 0.710067 0.164483 2.433178 -0.370812 0.000000 0.000000 0.000000 1.000000
2.422281 -0.059351 -0.761991 -0.018095 0.031694 2.537953 -0.096929 22.749285 0.763641 0.082928 2.421069 -0.370812 0.000000 0.000000 0.000000 1.000000
2.393975 -0.025172 -0.848442 -0.018095 0.031615 2.539766 0.013854 22.697979 0.848227 -0.023618 2.394066 -0.370812 0.000000 0.000000 0.000000 1.000000
2.351065 0.016859 -0.961148 -0.018095 0.037043 2.536134 0.135098 22.654053 0.960581 -0.139066 2.347242 -0.370812 0.000000 0.000000 0.000000 1.000000
2.293760 0.052170 -1.089747 -0.018095 0.057297 2.527833 0.241619 22.646729 1.089490 -0.242778 2.281593 -0.370812 0.000000 0.000000 0.000000 1.000000
2.224503 0.068162 -1.224149 -0.018095 0.094153 2.519085 0.311359 22.680815 1.222425 -0.318062 2.203660 -0.370812 0.000000 0.000000 0.000000 1.000000
2.144891 0.058572 -1.359269 -0.018095 0.142374 2.514049 0.332996 22.751148 1.353059 -0.357388 2.119695 -0.370812 0.000000 0.000000 0.000000 1.000000
2.053148 0.027449 -1.495135 -0.018095 0.190416 2.514100 0.307640 22.830997 1.483215 -0.360759 2.030154 -0.370812 0.000000 0.000000 0.000000 1.000000
1.945601 -0.017069 -1.632774 -0.018095 0.228168 2.517785 0.245562 22.873465 1.616844 -0.334769 1.930117 -0.370812 0.000000 0.000000 0.000000 1.000000
1.818331 -0.067642 -1.772201 -0.018095 0.251335 2.522362 0.161603 22.877113 1.755591 -0.291049 1.812400 -0.370812 0.000000 0.000000 0.000000 1.000000
1.673895 -0.115861 -1.906895 -0.018095 0.257477 2.525875 0.072547 22.840197 1.892981 -0.241110 1.676331 -0.370812 0.000000 0.000000 0.000000 1.000000
1.524093 -0.154758 -2.026029 -0.018095 0.250345 2.527628 -0.004750 22.730761 2.016451 -0.196837 1.531922 -0.370812 0.000000 0.000000 0.000000 1.000000
1.389237 -0.175638 -2.119144 -0.018095 0.234516 2.528534 -0.055829 22.542168 2.113439 -0.165123 1.399181 -0.370812 0.000000 0.000000 0.000000 1.000000
1.292992 -0.170613 -2.179603 -0.018095 0.212776 2.530054 -0.071821 22.320768 2.175891 -0.146024 1.302221 -0.370812 0.000000 0.000000 0.000000 1.000000
1.257280 -0.137218 -2.202731 -0.018095 0.185620 2.532677 -0.051823 22.084793 2.199180 -0.135321 1.263684 -0.370812 0.000000 0.000000 0.000000 1.000000
1.298961 -0.078827 -2.181304 -0.018095 0.147384 2.535717 -0.003868 21.771492 2.177748 -0.124592 1.301343 -0.370812 0.000000 0.000000 0.000000 1.000000
1.425014 -0.007014 -2.102590 -0.018095 0.093942 2.537661 0.055203 21.379034 2.100501 -0.108735 1.423961 -0.370812 0.000000 0.000000 0.000000 1.000000
1.627812 0.062119 -1.948837 -0.018095 0.025587 2.537810 0.102265 20.931345 1.949658 -0.085171 1.625784 -0.370812 0.000000 0.000000 0.000000 1.000000
1.877868 0.114370 -1.706497 -0.018095 -0.049847 2.536899 0.115171 20.474390 1.709598 -0.051659 1.877819 -0.370812 0.000000 0.000000 0.000000 1.000000
2.127735 0.140150 -1.380111 -0.018095 -0.112260 2.536111 0.084468 20.035652 1.382659 -0.009761 2.130672 -0.370812 0.000000 0.000000 0.000000 1.000000
2.330957 0.130652 -1.000583 -0.018095 -0.133665 2.536403 0.019809 19.637829 1.000185 0.034476 2.334533 -0.370812 0.000000 0.000000 0.000000 1.000000
2.462359 0.082412 -0.617737 -0.018095 -0.099744 2.537353 -0.059081 19.314943 0.615177 0.081534 2.463029 -0.370812 0.000000 0.000000 0.000000 1.000000
2.526883 0.031529 -0.255856 -0.018095 -0.045999 2.535619 -0.141836 19.223757 0.253655 0.145738 2.523096 -0.370812 0.000000 0.000000 0.000000 1.000000
2.538339 0.020463 0.089512 -0.018095 -0.012167 2.529246 -0.233178 19.480373 -0.091012 0.232597 2.527691 -0.370812 0.000000 0.000000 0.000000 1.000000
2.504832 0.067136 0.415824 -0.018095 -0.010056 2.516345 -0.345697 19.924301 -0.421088 0.339264 2.481771 -0.370812 0.000000 0.000000 0.000000 1.000000
2.415385 0.207000 0.758067 -0.018095 -0.056561 2.489731 -0.499637 20.194841 -0.783783 0.458244 2.372192 -0.370812 0.000000 0.000000 0.000000 1.000000
2.256595 0.397843 1.095949 -0.018095 -0.104829 2.447114 -0.672487 20.380032 -1.161203 0.552222 2.190493 -0.370812 0.000000 0.000000 0.000000 1.000000
2.005498 0.609184 1.434739 -0.018095 -0.136583 2.397669 -0.827121 20.635071 -1.552716 0.575917 1.925874 -0.370812 0.000000 0.000000 0.000000 1.000000
1.637297 0.831034 1.755063 -0.018095 -0.152603 2.343617 -0.967354 20.932430 -1.935866 0.518117 1.560635 -0.370812 0.000000 0.000000 0.000000 1.000000
1.189765 1.008774 2.004602 -0.018095 -0.142021 2.298206 -1.072230 21.273848 -2.239617 0.390160 1.132910 -0.370812 0.000000 0.000000 0.000000 1.000000
0.727446 1.063767 2.188795 -0.018095 -0.104234 2.296013 -1.081233 21.672199 -2.431370 0.219839 0.701222 -0.370812 0.000000 0.000000 0.000000 1.000000
0.268834 1.020180 2.310533 -0.018095 -0.072332 2.325741 -1.018479 22.063820 -2.524697 0.041999 0.275208 -0.370812 0.000000 0.000000 0.000000 1.000000
-0.167801 0.926935 2.358864 -0.018095 -0.060608 2.361883 -0.932434 22.405863 -2.533726 -0.117885 -0.133916 -0.370812 0.000000 0.000000 0.000000 1.000000
-0.555984 0.842414 2.330840 -0.018095 -0.056313 2.383860 -0.875009 22.562099 -2.477763 -0.243208 -0.503130 -0.370812 0.000000 0.000000 0.000000 1.000000
-0.872086 0.812863 2.242836 -0.018095 -0.036835 2.383129 -0.878031 22.406750 -2.385311 -0.333990 -0.806437 -0.370812 0.000000 0.000000 0.000000 1.000000
-1.092778 0.855447 2.127356 -0.018095 0.012518 2.358796 -0.942083 22.105030 -2.292875 -0.394826 -1.019035 -0.370812 0.000000 0.000000 0.000000 1.000000
-1.213959 0.956913 2.015495 -0.018095 0.086679 2.313016 -1.045962 21.692894 -2.229437 -0.431123 -1.138131 -0.370812 0.000000 0.000000 0.000000 1.000000
-1.246942 1.084631 1.928812 -0.018095 0.164485 2.253268 -1.160745 21.195576 -2.206737 -0.444929 -1.176416 -0.370812 0.000000 0.000000 0.000000 1.000000
-1.219093 1.202081 1.876277 -0.018095 0.227572 2.194696 -1.258221 20.603001 -2.216671 -0.435787 -1.161061 -0.370812 0.000000 0.000000 0.000000 1.000000
-1.166142 1.280241 1.858143 -0.018095 0.271053 2.155941 -1.315312 20.012484 -2.240142 -0.405585 -1.126437 -0.370812 0.000000 0.000000 0.000000 1.000000
-1.115789 1.306848 1.870497 -0.018095 0.307719 2.149315 -1.318087 19.411631 -2.260956 -0.352410 -1.102489 -0.370812 0.000000 0.000000 0.000000 1.000000
-1.077823 1.283812 1.908330 -0.018095 0.351262 2.174639 -1.264578 18.751801 -2.272995 -0.272704 -1.100329 -0.370812 0.000000 0.000000 0.000000 1.000000
-1.045213 1.221365 1.966571 -0.018095 0.403072 2.220782 -1.165017 18.210785 -2.279619 -0.167331 -1.107672 -0.370812 0.000000 0.000000 0.000000 1.000000
-0.981565 1.134009 2.049916 -0.018095 0.445163 2.272371 -1.043913 17.691439 -2.299990 -0.044143 -1.076890 -0.370812 0.000000 0.000000 0.000000 1.000000
-0.838596 1.036580 2.161911 -0.018095 0.461780 2.317287 -0.931957 17.278990 -2.352684 0.085351 -0.953519 -0.370812 0.000000 0.000000 0.000000 1.000000
-0.563327 0.936754 2.292761 -0.018095 0.437841 2.351952 -0.853359 17.073029 -2.437736 0.205962 -0.683096 -0.370812 0.000000 0.000000 0.000000 1.000000
-0.117668 0.833360 2.396511 -0.018095 0.364266 2.379782 -0.809657 17.024345 -2.510988 0.306180 -0.229760 -0.370812 0.000000 0.000000 0.000000 1.000000
0.478550 0.719917 2.388370 -0.018095 0.251730 2.405571 -0.775540 17.119534 -2.481777 0.382819 0.381875 -0.370812 0.000000 0.000000 0.000000 1.000000
1.125046 0.593695 2.198499 -0.018095 0.132835 2.430878 -0.724424 17.391638 -2.273374 0.435846 1.045663 -0.370812 0.000000 0.000000 0.000000 1.000000
1.683225 0.462110 1.845212 -0.018095 0.050576 2.452164 -0.660250 17.780325 -1.901523 0.474281 1.615817 -0.370812 0.000000 0.000000 0.000000 1.000000
2.067839 0.338976 1.435527 -0.018095 0.019799 2.465415 -0.610687 18.328405 -1.474873 0.508356 2.004477 -0.370812 0.000000 0.000000 0.000000 1.000000
2.284637 0.238609 1.084019 -0.018095 0.022205 2.470295 -0.590547 18.970331 -1.109748 0.540652 2.219854 -0.370812 0.000000 0.000000 0.000000 1.000000
2.390348 0.176236 0.840700 -0.018095 0.024608 2.470894 -0.587940 19.597288 -0.858622 0.561444 2.323607 -0.370812 0.000000 0.000000 0.000000 1.000000
2.446739 0.149318 0.665410 -0.018095 0.006444 2.473193 -0.578679 20.136955 -0.681927 0.559120 2.382008 -0.370812 0.000000 0.000000 0.000000 1.000000
2.494754 0.128924 0.459548 -0.018095 -0.028816 2.481806 -0.539825 20.693304 -0.476420 0.524996 2.439057 -0.370812 0.000000 0.000000 0.000000 1.000000
2.533746 0.106697 0.142622 -0.018095 -0.079657 2.497907 -0.453564 21.179585 -0.159311 0.447975 2.495103 -0.370812 0.000000 0.000000 0.000000 1.000000
2.517596 0.080824 -0.326765 -0.018095 -0.121730 2.517425 -0.315203 21.657909 0.313831 0.328083 2.499095 -0.370812 0.000000 0.000000 0.000000 1.000000
2.366307 0.059463 -0.921225 -0.018095 -0.120602 2.532913 -0.146290 22.120356 0.915230 0.180026 2.362529 -0.370812 0.000000 0.000000 0.000000 1.000000
2.015028 0.063714 -1.545057 -0.018095 -0.074618 2.538892 0.007382 22.465759 1.544569 0.039533 2.016021 -0.370812 0.000000 0.000000 0.000000 1.000000
1.462945 0.083103 -2.074725 -0.018095 0.002039 2.537907 0.103092 22.733702 2.076388 -0.061043 1.461672 -0.370812 0.000000 0.000000 0.000000 1.000000
0.775482 0.097009 -2.416777 -0.018095 0.079276 2.535573 0.127215 22.964703 2.417425 -0.114270 0.771103 -0.370812 0.000000 0.000000 0.000000 1.000000
0.042662 0.089878 -2.538051 -0.018095 0.140289 2.534449 0.092108 23.133135 2.535763 -0.141729 0.037604 -0.370812 0.000000 0.000000 0.000000 1.000000
-0.652164 0.064049 -2.454014 -0.018095 0.185533 2.533160 0.016809 23.313658 2.447827 -0.174936 -0.655086 -0.370812 0.000000 0.000000 0.000000 1.000000
-1.251323 0.026912 -2.210219 -0.018095 0.202954 2.530483 -0.084092 23.581787 2.201045 -0.218031 -1.248784 -0.370812 0.000000 0.000000 0.000000 1.000000
-1.724223 -0.014959 -1.865055 -0.018095 0.195052 2.524544 -0.200571 23.838516 1.854888 -0.279375 -1.712583 -0.370812 0.000000 0.000000 0.000000 1.000000
-2.065241 -0.043121 -1.478012 -0.018095 0.178986 2.512959 -0.323415 24.016096 1.467768 -0.367115 -2.040217 -0.370812 0.000000 0.000000 0.000000 1.000000
-2.294276 -0.043306 -1.089049 -0.018095 0.163566 2.495570 -0.443817 24.145912 1.077566 -0.471012 -2.251356 -0.370812 0.000000 0.000000 0.000000 1.000000
-2.439548 -0.007214 -0.707210 -0.018095 0.153287 2.474102 -0.554007 24.129520 0.690436 -0.574777 -2.375822 -0.370812 0.000000 0.000000 0.000000 1.000000
-2.519734 0.066308 -0.313282 -0.018095 0.144985 2.451887 -0.647167 23.955997 0.285519 -0.659885 -2.436109 -0.370812 0.000000 0.000000 0.000000 1.000000
-2.531842 0.164138 0.120149 -0.018095 0.123835 2.433970 -0.715574 23.753754 -0.161374 -0.707417 -2.434157 -0.370812 0.000000 0.000000 0.000000 1.000000
-2.454072 0.265119 0.599034 -0.018095 0.079548 2.426104 -0.747856 23.579916 -0.650232 -0.703796 -2.352332 -0.370812 0.000000 0.000000 0.000000 1.000000
-2.265700 0.341772 1.096082 -0.018095 0.013573 2.432656 -0.730476 23.437952 -1.148049 -0.645733 -2.171776 -0.370812 0.000000 0.000000 0.000000 1.000000
-1.966920 0.368533 1.564293 -0.018095 -0.061306 2.453310 -0.655062 23.320238 -1.605949 -0.545021 -1.890894 -0.370812 0.000000 0.000000 0.000000 1.000000
-1.581229 0.334047 1.959521 -0.018095 -0.128311 2.481504 -0.526570 23.260782 -1.983646 -0.426794 -1.527937 -0.370812 0.000000 0.000000 0.000000 1.000000
-1.142340 0.241572 2.255726 -0.018095 -0.181616 2.507714 -0.360532 23.241457 -2.261344 -0.323436 -1.110547 -0.370812 0.000000 0.000000 0.000000 1.000000
-0.676976 0.112549 2.445534 -0.018095 -0.219004 2.524356 -0.176802 23.179382 -2.438307 -0.257981 -0.663102 -0.370812 0.000000 0.000000 0.000000 1.000000
-0.197744 -0.026408 2.532154 -0.018095 -0.247117 2.527940 0.007066 23.100101 -2.520206 -0.245803 -0.199374 -0.370812 0.000000 0.000000 0.000000 1.000000
0.292572 -0.144909 2.518929 -0.018095 -0.266547 2.519841 0.175921 23.074999 -2.508976 -0.284599 0.275043 -0.370812 0.000000 0.000000 0.000000 1.000000
0.791792 -0.217847 2.403583 -0.018095 -0.266006 2.506342 0.314789 23.145931 -2.398729 -0.349848 0.758485 -0.370812 0.000000 0.000000 0.000000 1.000000
1.283586 -0.237372 2.178912 -0.018095 -0.233091 2.495957 0.409224 23.235262 -2.179373 -0.406755 1.239547 -0.370812 0.000000 0.000000 0.000000 1.000000
1.735248 -0.216610 1.842171 -0.018095 -0.167985 2.493902 0.451478 23.400364 -1.847239 -0.430269 1.689430 -0.370812 0.000000 0.000000 0.000000 1.000000
2.103676 -0.172039 1.412992 -0.018095 -0.096460 2.498354 0.447799 23.659142 -1.420154 -0.424536 2.062651 -0.370812 0.000000 0.000000 0.000000 1.000000
2.355903 -0.127324 0.940801 -0.018095 -0.031717 2.505093 0.418453 23.924479 -0.948847 -0.399872 2.321936 -0.370812 0.000000 0.000000 0.000000 1.000000
2.490455 -0.100456 0.489018 -0.018095 0.025352 2.510284 0.386560 24.128546 -0.498586 -0.374139 2.462322 -0.370812 0.000000 0.000000 0.000000 1.000000
2.535875 -0.094484 0.109571 -0.018095 0.077787 2.512278 0.366075 24.286928 -0.121992 -0.362125 2.511092 -0.370812 0.000000 0.000000 0.000000 1.000000
2.531077 -0.114862 -0.179057 -0.018095 0.139375 2.510541 0.359670 24.446661 0.160716 -0.368231 2.508022 -0.370812 0.000000 0.000000 0.000000 1.000000
2.506566 -0.154737 -0.380509 -0.018095 0.209894 2.505009 0.363972 24.585808 0.353094 -0.390624 2.484821 -0.370812 0.000000 0.000000 0.000000 1.000000
2.480600 -0.195467 -0.509920 -0.018095 0.273674 2.497359 0.374030 24.693556 0.472576 -0.420225 2.460016 -0.370812 0.000000 0.000000 0.000000 1.000000
2.460376 -0.224359 -0.589751 -0.018095 0.319258 2.490348 0.384506 24.750006 0.544258 -0.446580 2.440481 -0.370812 0.000000 0.000000 0.000000 1.000000
2.446243 -0.238436 -0.640811 -0.018095 0.344714 2.485949 0.390932 24.769474 0.590477 -0.463469 2.426548 -0.370812 0.000000 0.000000 0.000000 1.000000
2.437039 -0.237224 -0.675403 -0.018095 0.350428 2.485042 0.391613 24.734352 0.624215 -0.468920 2.417036 -0.370812 0.000000 0.000000 0.000000 1.000000
2.431344 -0.221151 -0.700899 -0.018095 0.337848 2.487493 0.387095 24.647757 0.652706 -0.463763 2.410499 -0.370812 0.000000 0.000000 0.000000 1.000000
2.428177 -0.192951 -0.719950 -0.018095 0.310273 2.492405 0.378480 24.490215 0.677708 -0.449763 2.406248 -0.370812 0.000000 0.000000 0.000000 1.000000
2.426353 -0.153702 -0.735386 -0.018095 0.268895 2.499238 0.364835 24.293764 0.701507 -0.426362 2.403686 -0.370812 0.000000 0.000000 0.000000 1.000000
2.424128 -0.104421 -0.751197 -0.018095 0.214150 2.507676 0.342484 24.045748 0.727558 -0.390195 2.402083 -0.370812 0.000000 0.000000 0.000000 1.000000
2.420064 -0.049785 -0.769681 -0.018095 0.149349 2.516977 0.306785 23.695612 0.756692 -0.337555 2.401057 -0.370812 0.000000 0.000000 0.000000 1.000000
2.414336 -0.001781 -0.789032 -0.018095 0.085154 2.525745 0.254861 23.326551 0.784425 -0.268705 2.400849 -0.370812 0.000000 0.000000 0.000000 1.000000
2.409190 0.030047 -0.804050 -0.018095 0.031054 2.532865 0.187700 22.949532 0.804012 -0.187864 2.402056 -0.370812 0.000000 0.000000 0.000000 1.000000
2.407651 0.040808 -0.808177 -0.018095 -0.005857 2.537580 0.110683 22.677689 0.809185 -0.103052 2.405451 -0.370812 0.000000 0.000000 0.000000 1.000000
2.411341 0.036667 -0.797304 -0.018095 -0.027963 2.539642 0.032227 22.511818 0.797657 -0.021817 2.411405 -0.370812 0.000000 0.000000 0.000000 1.000000
2.418997 0.021602 -0.774334 -0.018095 -0.035232 2.539454 -0.039220 22.407789 0.773834 0.048092 2.418774 -0.370812 0.000000 0.000000 0.000000 1.000000
2.428194 0.003298 -0.745297 -0.018095 -0.033693 2.537864 -0.098541 22.397808 0.744542 0.104090 2.426195 -0.370812 0.000000 0.000000 0.000000 1.000000
2.436965 -0.010938 -0.716017 -0.018095 -0.031389 2.535631 -0.145567 22.476465 0.715412 0.148511 2.432639 -0.370812 0.000000 0.000000 0.000000 1.000000
2.442576 -0.013974 -0.696583 -0.018095 -0.037308 2.533223 -0.181637 22.617601 0.695724 0.184902 2.435852 -0.370812 0.000000 0.000000 0.000000 1.000000</float_array>
          <technique_common>
            <accessor source="#mixamorig_Hips-Matrix-animation-output-transform-array" count="106" stride="16">
              <param type="float4x4"/>
            </accessor>
          </technique_common>
        </source>
        <source id="mixamorig_Hips-Interpolations">
          <Name_array id="mixamorig_Hips-Interpolations-array" count="106">
 LINEAR LINEAR LINEAR LINEAR LINEAR LINEAR LINEAR LINEAR LINEAR LINEAR LINEAR
LINEAR LINEAR LINEAR LINEAR LINEAR LINEAR LINEAR LINEAR LINEAR LINEAR LINEAR LINEAR
LINEAR LINEAR LINEAR LINEAR LINEAR LINEAR LINEAR LINEAR LINEAR LINEAR LINEAR LINEAR
LINEAR LINEAR LINEAR LINEAR LINEAR LINEAR LINEAR LINEAR LINEAR LINEAR LINEAR LINEAR
LINEAR LINEAR LINEAR LINEAR LINEAR LINEAR LINEAR LINEAR LINEAR LINEAR LINEAR LINEAR
LINEAR LINEAR LINEAR LINEAR LINEAR LINEAR LINEAR LINEAR LINEAR LINEAR LINEAR LINEAR
LINEAR LINEAR LINEAR LINEAR LINEAR LINEAR LINEAR LINEAR LINEAR LINEAR LINEAR LINEAR
LINEAR LINEAR LINEAR LINEAR LINEAR LINEAR LINEAR LINEAR LINEAR LINEAR LINEAR LINEAR
LINEAR LINEAR LINEAR LINEAR LINEAR LINEAR LINEAR LINEAR LINEAR LINEAR LINEAR</Name_array>
          <technique_common>
            <accessor source="#mixamorig_Hips-Interpolations-array" count="106">
              <param type="name"/>
            </accessor>
          </technique_common>
        </source>
        <sampler id="mixamorig_Hips-Matrix-animation-transform">
          <input semantic="INPUT" source="#mixamorig_Hips-Matrix-animation-input"/>
          <input semantic="OUTPUT" source="#mixamorig_Hips-Matrix-animation-output-transform"/>
          <input semantic="INTERPOLATION" source="#mixamorig_Hips-Interpolations"/>
        </sampler>
        <channel source="#mixamorig_Hips-Matrix-animation-transform" target="mixamorig_Hips/matrix"/>
      </animation>
    </animation>
    <animation id="mixamorig_Spine-anim" name="mixamorig_Spine">
      <animation>
        <source id="mixamorig_Spine-Matrix-animation-input">
          <float_array id="mixamorig_Spine-Matrix-animation-input-array" count="106">

0.000000 0.033333 0.066667 0.100000 0.133333 0.166667 0.200000 0.233333 0.266667 0.300000 0.333333 0.366667 0.400000 0.433333 0.466667 0.500000
0.533333 0.566667 0.600000 0.633333 0.666667 0.700000 0.733333 0.766667 0.800000 0.833333 0.866667 0.900000 0.933333 0.966667 1.000000 1.033333
1.066667 1.100000 1.133333 1.166667 1.200000 1.233333 1.266667 1.300000 1.333333 1.366667 1.400000 1.433333 1.466667 1.500000 1.533333 1.566667
1.600000 1.633333 1.666667 1.700000 1.733333 1.766667 1.800000 1.833333 1.866667 1.900000 1.933333 1.966667 2.000000 2.033333 2.066667 2.100000
2.133333 2.166667 2.200000 2.233333 2.266667 2.300000 2.333333 2.366667 2.400000 2.433333 2.466667 2.500000 2.533333 2.566667 2.600000 2.633333
2.666667 2.700000 2.733333 2.766667 2.800000 2.833333 2.866667 2.900000 2.933333 2.966667 3.000000 3.033333 3.066667 3.100000 3.133333 3.166667
3.200000 3.233333 3.266667 3.300000 3.333333 3.366667 3.400000 3.433333 3.466667 3.500000</float_array>
          <technique_common>
            <accessor source="#mixamorig_Spine-Matrix-animation-input-array" count="106">
              <param name="TIME" type="float"/>
            </accessor>
          </technique_common>
        </source>
        <source id="mixamorig_Spine-Matrix-animation-output-transform">
          <float_array id="mixamorig_Spine-Matrix-animation-output-transform-array" count="1696">

0.997296 0.002933 0.073432 0.000000 0.021959 0.941662 -0.335843 1.039000 -0.070133 0.336548 0.939051 -0.061900 0.000000 0.000000 0.000000 1.000000
0.994712 -0.019512 0.100834 0.000000 0.051088 0.945706 -0.320983 1.039000 -0.089096 0.324437 0.941702 -0.061900 0.000000 0.000000 0.000000 1.000000
0.990586 -0.045148 0.129232 0.000000 0.082498 0.950244 -0.300386 1.039000 -0.109240 0.308219 0.945023 -0.061900 0.000000 0.000000 0.000000 1.000000
0.983538 -0.083315 0.160347 -0.000000 0.123231 0.958262 -0.257969 1.039000 -0.132162 0.273482 0.952754 -0.061900 0.000000 0.000000 0.000000 1.000000
0.975473 -0.122588 0.182827 -0.000000 0.159361 0.966253 -0.202385 1.039000 -0.151847 0.226556 0.962089 -0.061900 0.000000 0.000000 0.000000 1.000000
0.970561 -0.154497 0.184774 -0.000000 0.182179 0.972723 -0.143598 1.039000 -0.157549 0.173033 0.972234 -0.061900 0.000000 0.000000 0.000000 1.000000
0.972689 -0.172934 0.154821 -0.000000 0.188496 0.977744 -0.092124 1.039000 -0.135444 0.118791 0.983638 -0.061900 0.000000 0.000000 0.000000 1.000000
0.981216 -0.172644 0.086082 0.000000 0.177923 0.982338 -0.057924 1.039000 -0.074561 0.072152 0.994603 -0.061900 0.000000 0.000000 0.000000 1.000000
0.988078 -0.152753 -0.019174 0.000000 0.151798 0.987430 -0.044029 1.039000 0.025659 0.040593 0.998846 -0.061900 0.000000 0.000000 0.000000 1.000000
0.981959 -0.118116 -0.147666 -0.000000 0.112380 0.992570 -0.046633 1.039000 0.152077 0.029197 0.987937 -0.061900 0.000000 0.000000 0.000000 1.000000
0.957380 -0.077500 -0.278241 0.000000 0.064029 0.996308 -0.057192 1.039000 0.281646 0.036939 0.958807 -0.061900 0.000000 0.000000 0.000000 1.000000
0.920664 -0.038614 -0.388439 -0.000000 0.013266 0.997616 -0.067728 1.039000 0.390128 0.057202 0.918982 -0.061900 0.000000 0.000000 0.000000 1.000000
0.886014 -0.005557 -0.463625 0.000000 -0.033343 0.996576 -0.075666 1.039000 0.462458 0.082500 0.882795 -0.061900 0.000000 0.000000 0.000000 1.000000
0.866639 0.016925 -0.498648 0.000000 -0.065970 0.994537 -0.080898 1.039000 0.494554 0.103005 0.863021 -0.061900 0.000000 0.000000 0.000000 1.000000
0.867461 0.027170 -0.496763 0.000000 -0.080079 0.993113 -0.085519 1.039000 0.491018 0.113965 0.863663 -0.061900 0.000000 0.000000 0.000000 1.000000
0.883924 0.025999 -0.466908 0.000000 -0.076630 0.993009 -0.089778 1.039000 0.461310 0.115136 0.879737 -0.061900 0.000000 0.000000 0.000000 1.000000
0.906761 0.017551 -0.421280 -0.000000 -0.061829 0.993868 -0.091674 1.039000 0.417088 0.109174 0.902285 -0.061900 0.000000 0.000000 0.000000 1.000000
0.928075 0.007100 -0.372327 -0.000000 -0.043378 0.995073 -0.089149 1.039000 0.369859 0.098888 0.923810 -0.061900 0.000000 0.000000 0.000000 1.000000
0.944904 0.001037 -0.327347 0.000000 -0.029000 0.996328 -0.080552 1.039000 0.326062 0.085607 0.941464 -0.061900 0.000000 0.000000 0.000000 1.000000
0.957753 0.005748 -0.287533 0.000000 -0.025990 0.997439 -0.066631 1.039000 0.286414 0.071289 0.955450 -0.061900 0.000000 0.000000 0.000000 1.000000
0.968579 0.023633 -0.247580 0.000000 -0.037503 0.997971 -0.051455 1.039000 0.245861 0.059123 0.967500 -0.061900 0.000000 0.000000 0.000000 1.000000
0.978533 0.055132 -0.198578 0.000000 -0.064537 0.997064 -0.041201 1.039000 0.195723 0.053132 0.979219 -0.061900 0.000000 0.000000 0.000000 1.000000
0.985965 0.102405 -0.131855 0.000000 -0.108824 0.993156 -0.042407 1.039000 0.126610 0.056161 0.990361 -0.061900 0.000000 0.000000 0.000000 1.000000
0.985380 0.164854 -0.043011 -0.000000 -0.167294 0.984007 -0.061179 1.039000 0.032238 0.067480 0.997200 -0.061900 0.000000 0.000000 0.000000 1.000000
0.971258 0.230853 0.058011 0.000000 -0.224408 0.969328 -0.100224 1.039000 -0.079369 0.084325 0.993272 -0.061900 0.000000 0.000000 0.000000 1.000000
0.945317 0.288288 0.152531 0.000000 -0.265397 0.951756 -0.154031 1.039000 -0.189577 0.105127 0.976222 -0.061900 0.000000 0.000000 0.000000 1.000000
0.913942 0.332423 0.232819 0.000000 -0.286212 0.934651 -0.210974 1.039000 -0.287737 0.126183 0.949360 -0.061900 0.000000 0.000000 0.000000 1.000000
0.892698 0.350137 0.283715 0.000000 -0.284559 0.926132 -0.247599 1.039000 -0.349451 0.140298 0.926391 -0.061900 0.000000 0.000000 0.000000 1.000000
0.881878 0.350103 0.315783 0.000000 -0.267815 0.923205 -0.275623 1.039000 -0.388029 0.158494 0.907917 -0.061900 0.000000 0.000000 0.000000 1.000000
0.888991 0.324902 0.322698 0.000000 -0.231672 0.926964 -0.295069 1.039000 -0.394998 0.187554 0.899333 -0.061900 0.000000 0.000000 0.000000 1.000000
0.912147 0.271677 0.306887 0.000000 -0.178301 0.937215 -0.299729 1.039000 -0.369048 0.218679 0.903318 -0.061900 0.000000 0.000000 0.000000 1.000000
0.936282 0.202137 0.287257 -0.000000 -0.110329 0.945668 -0.305843 1.039000 -0.333472 0.254663 0.907713 -0.061900 0.000000 0.000000 0.000000 1.000000
0.953641 0.124718 0.273889 0.000000 -0.027536 0.942430 -0.333268 1.039000 -0.299686 0.310276 0.902173 -0.061900 0.000000 0.000000 0.000000 1.000000
0.962194 0.034836 0.270127 0.000000 0.071177 0.925161 -0.372841 1.039000 -0.262899 0.377973 0.887705 -0.061900 0.000000 0.000000 0.000000 1.000000
0.959106 -0.065578 0.275347 -0.000000 0.178594 0.894908 -0.408955 1.039000 -0.219592 0.441407 0.870023 -0.061900 0.000000 0.000000 0.000000 1.000000
0.944872 -0.162603 0.284212 -0.000000 0.277454 0.858521 -0.431231 1.039000 -0.173882 0.486314 0.856308 -0.061900 0.000000 0.000000 0.000000 1.000000
0.925888 -0.240736 0.291166 -0.000000 0.353023 0.825789 -0.439826 1.039000 -0.134559 0.510018 0.849574 -0.061900 0.000000 0.000000 0.000000 1.000000
0.910427 -0.288189 0.296766 0.000000 0.398536 0.803327 -0.442533 1.039000 -0.110867 0.521166 0.846224 -0.061900 0.000000 0.000000 0.000000 1.000000
0.902831 -0.304129 0.303976 0.000000 0.417068 0.791398 -0.446926 1.039000 -0.104643 0.530277 0.841342 -0.061900 0.000000 0.000000 0.000000 1.000000
0.901412 -0.294734 0.317158 0.000000 0.417548 0.785502 -0.456772 1.039000 -0.114502 0.544168 0.831126 -0.061900 0.000000 0.000000 0.000000 1.000000
0.902052 -0.269667 0.337019 0.000000 0.409837 0.780078 -0.472770 1.039000 -0.135410 0.564586 0.814191 -0.061900 0.000000 0.000000 0.000000 1.000000
0.901577 -0.240484 0.359620 -0.000000 0.402552 0.770821 -0.493748 1.039000 -0.158464 0.589917 0.791762 -0.061900 0.000000 0.000000 0.000000 1.000000
0.901556 -0.215038 0.375439 0.000000 0.396749 0.757031 -0.519128 1.039000 -0.172587 0.616978 0.767823 -0.061900 0.000000 0.000000 0.000000 1.000000
0.907306 -0.196208 0.371886 0.000000 0.385665 0.740684 -0.550136 1.039000 -0.167509 0.642564 0.747698 -0.061900 0.000000 0.000000 0.000000 1.000000
0.923945 -0.183323 0.335735 0.000000 0.357657 0.725296 -0.588240 1.039000 -0.135669 0.663580 0.735701 -0.061900 0.000000 0.000000 0.000000 1.000000
0.950341 -0.168498 0.261651 0.000000 0.300628 0.714436 -0.631826 1.039000 -0.080471 0.679109 0.729613 -0.061900 0.000000 0.000000 0.000000 1.000000
0.978423 -0.141385 0.150658 -0.000000 0.206274 0.710017 -0.673296 1.039000 -0.011775 0.689845 0.723862 -0.061900 0.000000 0.000000 0.000000 1.000000
0.995419 -0.094005 0.017429 0.000000 0.079397 0.711241 -0.698450 1.039000 0.053261 0.696634 0.715447 -0.061900 0.000000 0.000000 0.000000 1.000000
0.993113 -0.022985 -0.114883 0.000000 -0.064008 0.714849 -0.696343 1.039000 0.098129 0.698901 0.708455 -0.061900 0.000000 0.000000 0.000000 1.000000
0.972089 0.068855 -0.224284 -0.000000 -0.204724 0.715876 -0.667540 1.039000 0.114596 0.694824 0.709991 -0.061900 0.000000 0.000000 0.000000 1.000000
0.938726 0.173893 -0.297579 0.000000 -0.328789 0.710803 -0.621818 1.039000 0.103390 0.681557 0.724424 -0.061900 0.000000 0.000000 0.000000 1.000000
0.900061 0.275042 -0.337997 -0.000000 -0.428149 0.702537 -0.568445 1.039000 0.081109 0.656348 0.750086 -0.061900 0.000000 0.000000 0.000000 1.000000
0.864069 0.349659 -0.362108 0.000000 -0.498446 0.694731 -0.518555 1.039000 0.070250 0.628559 0.774582 -0.061900 0.000000 0.000000 0.000000 1.000000
0.836181 0.384458 -0.391143 -0.000000 -0.542227 0.686655 -0.484246 1.039000 0.082408 0.617005 0.782632 -0.061900 0.000000 0.000000 0.000000 1.000000
0.816328 0.375993 -0.438450 -0.000000 -0.564602 0.679528 -0.468473 1.039000 0.121797 0.629977 0.767004 -0.061900 0.000000 0.000000 0.000000 1.000000
0.797643 0.340148 -0.498061 -0.000000 -0.575791 0.675263 -0.460960 1.039000 0.179528 0.654461 0.734473 -0.061900 0.000000 0.000000 0.000000 1.000000
0.771202 0.308948 -0.556596 -0.000000 -0.590519 0.673760 -0.444223 1.039000 0.237770 0.671266 0.702045 -0.061900 0.000000 0.000000 0.000000 1.000000
0.740315 0.301736 -0.600740 0.000000 -0.608614 0.680357 -0.408292 1.039000 0.285522 0.667884 0.687319 -0.061900 0.000000 0.000000 0.000000 1.000000
0.717464 0.322515 -0.617438 0.000000 -0.619326 0.701074 -0.353455 1.039000 0.318875 0.635986 0.702737 -0.061900 0.000000 0.000000 0.000000 1.000000
0.718052 0.356957 -0.597480 -0.000000 -0.608566 0.738560 -0.290132 1.039000 0.337710 0.571936 0.747557 -0.061900 0.000000 0.000000 0.000000 1.000000
0.752698 0.377314 -0.539518 0.000000 -0.564723 0.791268 -0.234485 1.039000 0.338429 0.481175 0.808664 -0.061900 0.000000 0.000000 0.000000 1.000000
0.813198 0.361173 -0.456358 0.000000 -0.488226 0.850158 -0.197147 1.039000 0.316773 0.383125 0.867681 -0.061900 0.000000 0.000000 0.000000 1.000000
0.880595 0.299405 -0.367300 -0.000000 -0.384559 0.904429 -0.184727 1.039000 0.276888 0.303918 0.911574 -0.061900 0.000000 0.000000 0.000000 1.000000
0.935373 0.204380 -0.288628 -0.000000 -0.267668 0.942516 -0.200044 1.039000 0.231152 0.264372 0.936310 -0.061900 0.000000 0.000000 0.000000 1.000000
0.967804 0.104059 -0.229187 0.000000 -0.159754 0.957580 -0.239830 1.039000 0.194509 0.268722 0.943374 -0.061900 0.000000 0.000000 0.000000 1.000000
0.981839 0.019021 -0.188762 0.000000 -0.075265 0.952368 -0.295517 1.039000 0.174150 0.304358 0.936503 -0.061900 0.000000 0.000000 0.000000 1.000000
0.985576 -0.038522 -0.164793 0.000000 -0.022104 0.936106 -0.351024 1.039000 0.167786 0.349603 0.921751 -0.061900 0.000000 0.000000 0.000000 1.000000
0.985432 -0.068548 -0.155645 0.000000 0.002062 0.919924 -0.392091 1.039000 0.170059 0.386058 0.906664 -0.061900 0.000000 0.000000 0.000000 1.000000
0.984622 -0.080613 -0.154989 0.000000 0.009673 0.910968 -0.412364 1.039000 0.174432 0.404524 0.897738 -0.061900 0.000000 0.000000 0.000000 1.000000
0.984379 -0.083003 -0.155271 -0.000000 0.011306 0.909880 -0.414716 1.039000 0.175701 0.406482 0.896605 -0.061900 0.000000 0.000000 0.000000 1.000000
0.985580 -0.078288 -0.150012 0.000000 0.010213 0.912440 -0.409084 1.039000 0.168903 0.401653 0.900082 -0.061900 0.000000 0.000000 0.000000 1.000000
0.988632 -0.065950 -0.135119 0.000000 0.005268 0.913310 -0.407231 1.039000 0.150262 0.401890 0.903275 -0.061900 0.000000 0.000000 0.000000 1.000000
0.992704 -0.042331 -0.112906 -0.000000 -0.008776 0.908505 -0.417781 1.039000 0.120261 0.415724 0.901505 -0.061900 0.000000 0.000000 0.000000 1.000000
0.995844 -0.002462 -0.091037 0.000000 -0.038191 0.896197 -0.442010 1.039000 0.082676 0.443650 0.892379 -0.061900 0.000000 0.000000 0.000000 1.000000
0.995227 0.057279 -0.079010 0.000000 -0.087967 0.877096 -0.472191 1.039000 0.042252 0.476888 0.877948 -0.061900 0.000000 0.000000 0.000000 1.000000
0.987284 0.135215 -0.083589 -0.000000 -0.158906 0.853960 -0.495480 1.039000 0.004385 0.502462 0.864588 -0.061900 0.000000 0.000000 0.000000 1.000000
0.968673 0.224185 -0.106839 0.000000 -0.247281 0.831014 -0.498266 1.039000 -0.022919 0.509076 0.860416 -0.061900 0.000000 0.000000 0.000000 1.000000
0.937293 0.316343 -0.146317 0.000000 -0.347226 0.811051 -0.470775 1.039000 -0.030256 0.492059 0.870036 -0.061900 0.000000 0.000000 0.000000 1.000000
0.894340 0.403440 -0.193369 0.000000 -0.447252 0.795600 -0.408639 1.039000 -0.011017 0.451947 0.891977 -0.061900 0.000000 0.000000 0.000000 1.000000
0.844819 0.479532 -0.237340 0.000000 -0.533814 0.785571 -0.312923 1.039000 0.036391 0.391058 0.919646 -0.061900 0.000000 0.000000 0.000000 1.000000
0.796382 0.541508 -0.269343 0.000000 -0.595186 0.780786 -0.190070 1.039000 0.107375 0.311678 0.944101 -0.061900 0.000000 0.000000 0.000000 1.000000
0.759061 0.585090 -0.285475 0.000000 -0.622328 0.780870 -0.054314 1.039000 0.191140 0.218887 0.956846 -0.061900 0.000000 0.000000 0.000000 1.000000
0.741102 0.606617 -0.287721 0.000000 -0.614194 0.785641 0.074387 1.039000 0.271170 0.121588 0.954821 -0.061900 0.000000 0.000000 0.000000 1.000000
0.747368 0.600686 -0.283932 0.000000 -0.575915 0.798783 0.173975 1.039000 0.331304 0.033498 0.942929 -0.061900 0.000000 0.000000 0.000000 1.000000
0.769379 0.573367 -0.281615 -0.000000 -0.524914 0.818702 0.232795 1.039000 0.364035 -0.031284 0.930860 -0.061900 0.000000 0.000000 0.000000 1.000000
0.795112 0.536711 -0.282379 -0.000000 -0.477877 0.841153 0.253171 1.039000 0.373404 -0.066357 0.925293 -0.061900 0.000000 0.000000 0.000000 1.000000
0.817402 0.500079 -0.285964 0.000000 -0.441734 0.862742 0.246064 1.039000 0.369764 -0.074813 0.926109 -0.061900 0.000000 0.000000 0.000000 1.000000
0.833501 0.471473 -0.288078 0.000000 -0.419503 0.879331 0.225374 1.039000 0.359574 -0.067000 0.930708 -0.061900 0.000000 0.000000 0.000000 1.000000
0.845525 0.451026 -0.285767 0.000000 -0.407583 0.890946 0.200228 1.039000 0.344911 -0.052824 0.937148 -0.061900 0.000000 0.000000 0.000000 1.000000
0.857597 0.432851 -0.277789 0.000000 -0.398466 0.900668 0.173265 1.039000 0.325194 -0.037902 0.944887 -0.061900 0.000000 0.000000 0.000000 1.000000
0.872618 0.412156 -0.262041 -0.000000 -0.387030 0.910797 0.143724 1.039000 0.297903 -0.023998 0.954294 -0.061900 0.000000 0.000000 0.000000 1.000000
0.891047 0.387067 -0.237094 0.000000 -0.371157 0.921994 0.110316 1.039000 0.261299 -0.010298 0.965203 -0.061900 0.000000 0.000000 0.000000 1.000000
0.911871 0.355969 -0.204396 0.000000 -0.348722 0.934479 0.071705 1.039000 0.216528 0.005892 0.976259 -0.061900 0.000000 0.000000 0.000000 1.000000
0.933699 0.317076 -0.166341 0.000000 -0.317016 0.948018 0.027629 1.039000 0.166455 0.026936 0.985681 -0.061900 0.000000 0.000000 0.000000 1.000000
0.954582 0.269949 -0.126099 -0.000000 -0.274494 0.961384 -0.019851 1.039000 0.115871 0.053563 0.991819 -0.061900 0.000000 0.000000 0.000000 1.000000
0.972774 0.215150 -0.086151 0.000000 -0.221110 0.972956 -0.066837 1.039000 0.069441 0.084066 0.994038 -0.061900 0.000000 0.000000 0.000000 1.000000
0.986681 0.155388 -0.048116 0.000000 -0.159823 0.981118 -0.108919 1.039000 0.030283 0.115158 0.992886 -0.061900 0.000000 0.000000 0.000000 1.000000
0.995238 0.096503 -0.013737 0.000000 -0.097475 0.984837 -0.143510 1.039000 -0.000320 0.144165 0.989554 -0.061900 0.000000 0.000000 0.000000 1.000000
0.998768 0.047348 0.014845 0.000000 -0.044113 0.984231 -0.171302 1.039000 -0.022722 0.170436 0.985107 -0.061900 0.000000 0.000000 0.000000 1.000000
0.999245 0.013608 0.036391 0.000000 -0.006242 0.980718 -0.195328 1.039000 -0.038347 0.194953 0.980063 -0.061900 0.000000 0.000000 0.000000 1.000000
0.998707 -0.002989 0.050750 0.000000 0.014009 0.975801 -0.218209 1.039000 -0.048870 0.218638 0.974581 -0.061900 0.000000 0.000000 0.000000 1.000000
0.998216 -0.006942 0.059304 -0.000000 0.021106 0.970123 -0.241694 1.039000 -0.055854 0.242515 0.968539 -0.061900 0.000000 0.000000 0.000000 1.000000
0.997922 -0.003181 0.064362 -0.000000 0.020205 0.963862 -0.265635 1.039000 -0.061191 0.266383 0.961923 -0.061900 0.000000 0.000000 0.000000 1.000000
0.997698 0.002659 0.067763 0.000000 0.017055 0.957278 -0.288668 1.039000 -0.065636 0.289159 0.955028 -0.061900 0.000000 0.000000 0.000000 1.000000
0.997506 0.006421 0.070291 0.000000 0.015661 0.950898 -0.309108 1.039000 -0.068824 0.309438 0.948426 -0.061900 0.000000 0.000000 0.000000 1.000000
0.997398 0.005214 0.071902 0.000000 0.018359 0.946127 -0.323276 1.039000 -0.069714 0.323755 0.943569 -0.061900 0.000000 0.000000 0.000000 1.000000</float_array>
          <technique_common>
            <accessor source="#mixamorig_Spine-Matrix-animation-output-transform-array" count="106" stride="16">
              <param type="float4x4"/>
            </accessor>
          </technique_common>
        </source>
        <source id="mixamorig_Spine-Interpolations">
          <Name_array id="mixamorig_Spine-Interpolations-array" count="106">
 LINEAR LINEAR LINEAR LINEAR LINEAR LINEAR LINEAR LINEAR LINEAR LINEAR LINEAR
LINEAR LINEAR LINEAR LINEAR LINEAR LINEAR LINEAR LINEAR LINEAR LINEAR LINEAR LINEAR
LINEAR LINEAR LINEAR LINEAR LINEAR LINEAR LINEAR LINEAR LINEAR LINEAR LINEAR LINEAR
LINEAR LINEAR LINEAR LINEAR LINEAR LINEAR LINEAR LINEAR LINEAR LINEAR LINEAR LINEAR
LINEAR LINEAR LINEAR LINEAR LINEAR LINEAR LINEAR LINEAR LINEAR LINEAR LINEAR LINEAR
LINEAR LINEAR LINEAR LINEAR LINEAR LINEAR LINEAR LINEAR LINEAR LINEAR LINEAR LINEAR
LINEAR LINEAR LINEAR LINEAR LINEAR LINEAR LINEAR LINEAR LINEAR LINEAR LINEAR LINEAR
LINEAR LINEAR LINEAR LINEAR LINEAR LINEAR LINEAR LINEAR LINEAR LINEAR LINEAR LINEAR
LINEAR LINEAR LINEAR LINEAR LINEAR LINEAR LINEAR LINEAR LINEAR LINEAR LINEAR</Name_array>
          <technique_common>
            <accessor source="#mixamorig_Spine-Interpolations-array" count="106">
              <param type="name"/>
            </accessor>
          </technique_common>
        </source>
        <sampler id="mixamorig_Spine-Matrix-animation-transform">
          <input semantic="INPUT" source="#mixamorig_Spine-Matrix-animation-input"/>
          <input semantic="OUTPUT" source="#mixamorig_Spine-Matrix-animation-output-transform"/>
          <input semantic="INTERPOLATION" source="#mixamorig_Spine-Interpolations"/>
        </sampler>
        <channel source="#mixamorig_Spine-Matrix-animation-transform" target="mixamorig_Spine/matrix"/>
      </animation>
    </animation>
    <animation id="mixamorig_Spine1-anim" name="mixamorig_Spine1">
      <animation>
        <source id="mixamorig_Spine1-Matrix-animation-input">
          <float_array id="mixamorig_Spine1-Matrix-animation-input-array" count="106">

0.000000 0.033333 0.066667 0.100000 0.133333 0.166667 0.200000 0.233333 0.266667 0.300000 0.333333 0.366667 0.400000 0.433333 0.466667 0.500000
0.533333 0.566667 0.600000 0.633333 0.666667 0.700000 0.733333 0.766667 0.800000 0.833333 0.866667 0.900000 0.933333 0.966667 1.000000 1.033333
1.066667 1.100000 1.133333 1.166667 1.200000 1.233333 1.266667 1.300000 1.333333 1.366667 1.400000 1.433333 1.466667 1.500000 1.533333 1.566667
1.600000 1.633333 1.666667 1.700000 1.733333 1.766667 1.800000 1.833333 1.866667 1.900000 1.933333 1.966667 2.000000 2.033333 2.066667 2.100000
2.133333 2.166667 2.200000 2.233333 2.266667 2.300000 2.333333 2.366667 2.400000 2.433333 2.466667 2.500000 2.533333 2.566667 2.600000 2.633333
