<?xml version="1.0" encoding="utf-8"?>
<COLLADA xmlns="http://www.collada.org/2005/11/COLLADASchema" version="1.4.1">
  <asset><contributor><author>Mixamo</author><authoring_tool>COLLADA Mixamo exporter</authoring_tool><comments></comments></contributor><created>2020-05-06T10:16:01Z</created><modified>2020-05-06T10:16:01Z</modified><revision></revision><title></title><unit meter="0.025400"/><up_axis>Y_UP</up_axis></asset>
  <library_animations>
    <animation id="mixamorig_Hips-anim" name="mixamorig_Hips"><source id="mixamorig_Hips-Matrix-animation-input"><float_array id="mixamorig_Hips-Matrix-animation-input-array" count="62">

0.000000 0.033333 0.066667 0.100000 0.133333 0.166667 0.200000 0.233333 0.266667 0.300000 0.333333 0.366667 0.400000 0.433333 0.466667 0.500000
0.533333 0.566667 0.600000 0.633333 0.666667 0.700000 0.733333 0.766667 0.800000 0.833333 0.866667 0.900000 0.933333 0.966667 1.000000 1.033333
1.066667 1.100000 1.133333 1.166667 1.200000 1.233333 1.266667 1.300000 1.333333 1.366667 1.400000 1.433333 1.466667 1.500000 1.533333 1.566667
1.600000 1.633333 1.666667 1.700000 1.733333 1.766667 1.800000 1.833333 1.866667 1.900000 1.933333 1.966667 2.000000 2.033333</float_array><technique_common><accessor source="#mixamorig_Hips-Matrix-animation-input-array" count="62"><param name="TIME" type="float"/></accessor></technique_common></source><source id="mixamorig_Hips-Matrix-animation-output-transform"><float_array id="mixamorig_Hips-Matrix-animation-output-transform-array" count="992">

0.373708 0.025870 -0.927186 -0.141260 -0.151825 0.987835 -0.033632 6.718700 0.915036 0.153339 0.373090 0.075812 0.000000 0.000000 0.000000 1.000000
0.372645 0.024176 -0.927659 -0.137094 -0.150704 0.987967 -0.034790 6.740609 0.915655 0.152766 0.371804 0.071688 0.000000 0.000000 0.000000 1.000000
0.372009 0.022606 -0.927954 -0.132819 -0.150547 0.987937 -0.036286 6.761607 0.915939 0.153200 0.370924 0.067599 0.000000 0.000000 0.000000 1.000000
0.373625 0.020952 -0.927343 -0.128285 -0.151565 0.987687 -0.038750 6.781387 0.915113 0.155031 0.372200 0.063868 0.000000 0.000000 0.000000 1.000000
0.378610 0.019088 -0.925359 -0.122731 -0.153156 0.987296 -0.042298 6.799397 0.912797 0.157738 0.376724 0.060682 0.000000 0.000000 0.000000 1.000000
0.385729 0.017287 -0.922450 -0.113496 -0.154902 0.986845 -0.046280 6.816564 0.909516 0.160741 0.383332 0.058659 0.000000 0.000000 0.000000 1.000000
0.393423 0.015980 -0.919219 -0.099878 -0.156879 0.986352 -0.049996 6.835940 0.905874 0.163876 0.390560 0.056372 0.000000 0.000000 0.000000 1.000000
0.402605 0.015331 -0.915246 -0.081328 -0.159433 0.985752 -0.053620 6.860447 0.901383 0.167508 0.399312 0.052732 0.000000 0.000000 0.000000 1.000000
0.424110 0.014741 -0.905491 -0.053568 -0.163253 0.984732 -0.060433 6.892870 0.890775 0.173454 0.420041 0.045535 0.000000 0.000000 0.000000 1.000000
0.462338 0.014001 -0.886593 -0.017227 -0.167989 0.983150 -0.072076 6.934079 0.870645 0.182261 0.456900 0.032147 0.000000 0.000000 0.000000 1.000000
0.518733 0.006687 -0.854910 0.023189 -0.172438 0.980236 -0.096962 6.986252 0.837365 0.197716 0.509635 0.012335 0.000000 0.000000 0.000000 1.000000
0.582824 -0.009568 -0.812542 0.058259 -0.176729 0.974503 -0.138240 7.041484 0.793148 0.224169 0.566273 -0.004211 0.000000 0.000000 0.000000 1.000000
0.638300 -0.021570 -0.769486 0.084736 -0.179879 0.967754 -0.176340 7.079999 0.748476 0.250972 0.613837 -0.011673 0.000000 0.000000 0.000000 1.000000
0.679641 -0.023107 -0.733181 0.112444 -0.175732 0.965270 -0.193320 7.093106 0.712184 0.260231 0.651976 0.007074 0.000000 0.000000 0.000000 1.000000
0.710632 -0.022149 -0.703215 0.138797 -0.161572 0.967654 -0.193754 7.090093 0.684760 0.251308 0.684067 0.056486 0.000000 0.000000 0.000000 1.000000
0.738108 -0.019846 -0.674391 0.144213 -0.145994 0.971187 -0.188366 7.096968 0.658698 0.237491 0.713943 0.132517 0.000000 0.000000 0.000000 1.000000
0.772406 -0.015220 -0.634946 0.117857 -0.129780 0.974838 -0.181243 7.136780 0.621728 0.222396 0.750996 0.222266 0.000000 0.000000 0.000000 1.000000
0.824339 -0.009663 -0.566014 0.059417 -0.107347 0.979045 -0.173054 7.222003 0.555826 0.203415 0.806028 0.302026 0.000000 0.000000 0.000000 1.000000
0.876137 -0.004230 -0.482044 -0.005634 -0.086636 0.982298 -0.166085 7.321474 0.474213 0.187275 0.860261 0.354881 0.000000 0.000000 0.000000 1.000000
0.905325 -0.001871 -0.424714 -0.047327 -0.074874 0.983625 -0.163937 7.383269 0.418067 0.180216 0.890361 0.379030 0.000000 0.000000 0.000000 1.000000
0.934473 -0.000748 -0.356032 -0.094659 -0.061434 0.984660 -0.163314 7.451957 0.350693 0.174485 0.920092 0.403859 0.000000 0.000000 0.000000 1.000000
0.959456 -0.001158 -0.281858 -0.138156 -0.046712 0.985510 -0.163061 7.517188 0.277962 0.169616 0.945499 0.439272 0.000000 0.000000 0.000000 1.000000
0.978918 -0.002690 -0.204237 -0.179514 -0.030648 0.986659 -0.159890 7.581384 0.201942 0.162779 0.965776 0.478353 0.000000 0.000000 0.000000 1.000000
0.992539 -0.004638 -0.121837 -0.218300 -0.013777 0.988610 -0.149866 7.648200 0.121144 0.150427 0.981171 0.524717 0.000000 0.000000 0.000000 1.000000
0.991186 -0.018235 0.131218 -0.323350 0.027792 0.997062 -0.071372 7.825838 -0.129531 0.074390 0.988781 0.681097 0.000000 0.000000 0.000000 1.000000
0.972871 -0.041640 0.227571 -0.334789 0.042767 0.999085 -0.000022 7.892727 -0.227362 0.009754 0.973761 0.727813 0.000000 0.000000 0.000000 1.000000
0.970248 -0.050985 0.236686 -0.353822 0.048246 0.998685 0.017354 7.940582 -0.237260 -0.005419 0.971431 0.754991 0.000000 0.000000 0.000000 1.000000
0.966373 -0.049331 0.252366 -0.430250 0.045907 0.998757 0.019440 7.888807 -0.253011 -0.007201 0.967436 0.779780 0.000000 0.000000 0.000000 1.000000
0.945525 -0.047723 0.322034 -0.554927 0.046087 0.998857 0.012707 7.757654 -0.322272 0.002827 0.946643 0.855643 0.000000 0.000000 0.000000 1.000000
0.904256 -0.045897 0.424517 -0.673095 0.043438 0.998936 0.015474 7.578941 -0.424775 0.004447 0.905288 0.958340 0.000000 0.000000 0.000000 1.000000
0.876524 -0.036855 0.479945 -0.774890 0.029872 0.999308 0.022182 7.430007 -0.480430 -0.005106 0.877018 1.009004 0.000000 0.000000 0.000000 1.000000
0.876096 -0.021456 0.481659 -0.834028 0.019821 0.999768 0.008481 7.370687 -0.481729 0.002117 0.876318 1.005692 0.000000 0.000000 0.000000 1.000000
0.881985 -0.016889 0.470975 -0.848353 0.021677 0.999754 -0.004744 7.342239 -0.470778 0.014393 0.882134 0.983339 0.000000 0.000000 0.000000 1.000000
0.906975 -0.012087 0.421012 -0.858061 0.016756 0.999832 -0.007392 7.391279 -0.420852 0.013759 0.907025 0.946943 0.000000 0.000000 0.000000 1.000000
0.944871 -0.004036 0.327418 -0.863065 0.008297 0.999898 -0.011619 7.517943 -0.327338 0.013695 0.944808 0.907588 0.000000 0.000000 0.000000 1.000000
0.971842 0.001788 0.235627 -0.840440 0.003533 0.999748 -0.022161 7.634428 -0.235608 0.022369 0.971591 0.862804 0.000000 0.000000 0.000000 1.000000
0.991068 0.011357 0.132875 -0.806703 -0.008554 0.999729 -0.021646 7.752682 -0.133085 0.020316 0.990896 0.814087 0.000000 0.000000 0.000000 1.000000
0.999550 0.020538 0.021856 -0.759913 -0.020070 0.999569 -0.021412 7.866615 -0.022287 0.020964 0.999532 0.765988 0.000000 0.000000 0.000000 1.000000
0.995488 0.030430 -0.089871 -0.704914 -0.032287 0.999293 -0.019280 7.951951 0.089221 0.022094 0.995767 0.708402 0.000000 0.000000 0.000000 1.000000
0.979034 0.038333 -0.200060 -0.638922 -0.040711 0.999141 -0.007788 8.011332 0.199589 0.015769 0.979753 0.647387 0.000000 0.000000 0.000000 1.000000
0.950148 0.044021 -0.308676 -0.568081 -0.044602 0.998991 0.005178 8.053118 0.308593 0.008847 0.951153 0.591537 0.000000 0.000000 0.000000 1.000000
0.910114 0.048820 -0.411472 -0.504620 -0.053111 0.998588 0.001005 8.065855 0.410940 0.020938 0.911422 0.536752 0.000000 0.000000 0.000000 1.000000
0.860735 0.052643 -0.506324 -0.446412 -0.065263 0.997842 -0.007200 8.061319 0.504852 0.039242 0.862313 0.485643 0.000000 0.000000 0.000000 1.000000
0.803267 0.057144 -0.592871 -0.394297 -0.079066 0.996808 -0.011048 8.031048 0.590348 0.055750 0.805221 0.436065 0.000000 0.000000 0.000000 1.000000
0.741582 0.062770 -0.667919 -0.351350 -0.095168 0.995388 -0.012118 7.970984 0.664078 0.072551 0.744135 0.381278 0.000000 0.000000 0.000000 1.000000
0.682461 0.064982 -0.728028 -0.314044 -0.109408 0.993900 -0.013847 7.892109 0.722687 0.089102 0.685408 0.320482 0.000000 0.000000 0.000000 1.000000
0.625059 0.061533 -0.778148 -0.284146 -0.118233 0.992849 -0.016462 7.792929 0.771571 0.102292 0.627865 0.252681 0.000000 0.000000 0.000000 1.000000
0.567124 0.052881 -0.821933 -0.256566 -0.127398 0.991559 -0.024109 7.687047 0.813720 0.118385 0.569074 0.201405 0.000000 0.000000 0.000000 1.000000
0.514805 0.042204 -0.856268 -0.234130 -0.136980 0.990005 -0.033559 7.551519 0.846293 0.134568 0.515441 0.157102 0.000000 0.000000 0.000000 1.000000
0.477336 0.038763 -0.877865 -0.215162 -0.150246 0.987915 -0.038074 7.403692 0.865781 0.150069 0.477392 0.119512 0.000000 0.000000 0.000000 1.000000
0.450625 0.041887 -0.891730 -0.198730 -0.159215 0.986655 -0.034111 7.256943 0.878401 0.157348 0.451280 0.099817 0.000000 0.000000 0.000000 1.000000
0.422716 0.044572 -0.905165 -0.188891 -0.158680 0.987001 -0.025502 7.102061 0.892262 0.154412 0.424294 0.092999 0.000000 0.000000 0.000000 1.000000
0.396957 0.044110 -0.916777 -0.180706 -0.159227 0.987009 -0.021455 6.952011 0.903920 0.154492 0.398824 0.092470 0.000000 0.000000 0.000000 1.000000
0.380883 0.045444 -0.923506 -0.176088 -0.160670 0.986849 -0.017704 6.825932 0.910557 0.155123 0.383175 0.094245 0.000000 0.000000 0.000000 1.000000
0.374891 0.045621 -0.925946 -0.172362 -0.158528 0.987232 -0.015543 6.720486 0.913414 0.152615 0.377337 0.098571 0.000000 0.000000 0.000000 1.000000
0.370463 0.043005 -0.927851 -0.169802 -0.156846 0.987479 -0.016856 6.651021 0.915509 0.151774 0.372569 0.101427 0.000000 0.000000 0.000000 1.000000
0.368325 0.039592 -0.928854 -0.166721 -0.154993 0.987726 -0.019358 6.621201 0.916687 0.151096 0.369940 0.099956 0.000000 0.000000 0.000000 1.000000
0.369305 0.036188 -0.928603 -0.161767 -0.153582 0.987878 -0.022581 6.624516 0.916529 0.150956 0.370386 0.095339 0.000000 0.000000 0.000000 1.000000
0.371956 0.033064 -0.927661 -0.155803 -0.153206 0.987846 -0.026220 6.646090 0.915520 0.151876 0.372501 0.089649 0.000000 0.000000 0.000000 1.000000
0.373889 0.030252 -0.926980 -0.150221 -0.153351 0.987728 -0.029618 6.671796 0.914708 0.153227 0.373940 0.084566 0.000000 0.000000 0.000000 1.000000
0.374302 0.027851 -0.926889 -0.145489 -0.152964 0.987710 -0.032093 6.696074 0.914604 0.153793 0.373962 0.080155 0.000000 0.000000 0.000000 1.000000
0.373707 0.025870 -0.927186 -0.141258 -0.151826 0.987835 -0.033632 6.718701 0.915037 0.153339 0.373088 0.075812 0.000000 0.000000 0.000000 1.000000</float_array><technique_common><accessor source="#mixamorig_Hips-Matrix-animation-output-transform-array" count="62" stride="16"><param type="float4x4"/></accessor></technique_common></source><source id="mixamorig_Hips-Interpolations"><Name_array id="mixamorig_Hips-Interpolations-array" count="62">
 LINEAR LINEAR LINEAR LINEAR LINEAR LINEAR LINEAR LINEAR LINEAR LINEAR LINEAR
LINEAR LINEAR LINEAR LINEAR LINEAR LINEAR LINEAR LINEAR LINEAR LINEAR LINEAR LINEAR
LINEAR LINEAR LINEAR LINEAR LINEAR LINEAR LINEAR LINEAR LINEAR LINEAR LINEAR LINEAR
LINEAR LINEAR LINEAR LINEAR LINEAR LINEAR LINEAR LINEAR LINEAR LINEAR LINEAR LINEAR
LINEAR LINEAR LINEAR LINEAR LINEAR LINEAR LINEAR LINEAR LINEAR LINEAR LINEAR LINEAR
LINEAR LINEAR LINEAR</Name_array><technique_common><accessor source="#mixamorig_Hips-Interpolations-array" count="62"><param type="name"/></accessor></technique_common></source><sampler id="mixamorig_Hips-Matrix-animation-transform"><input semantic="INPUT" source="#mixamorig_Hips-Matrix-animation-input"/><input semantic="OUTPUT" source="#mixamorig_Hips-Matrix-animation-output-transform"/><input semantic="INTERPOLATION" source="#mixamorig_Hips-Interpolations"/></sampler><channel source="#mixamorig_Hips-Matrix-animation-transform" target="mixamorig_Hips/matrix"/></animation>
    <animation id="mixamorig_Spine-anim" name="mixamorig_Spine"><source id="mixamorig_Spine-Matrix-animation-input"><float_array id="mixamorig_Spine-Matrix-animation-input-array" count="62">

0.000000 0.033333 0.066667 0.100000 0.133333 0.166667 0.200000 0.233333 0.266667 0.300000 0.333333 0.366667 0.400000 0.433333 0.466667 0.500000
0.533333 0.566667 0.600000 0.633333 0.666667 0.700000 0.733333 0.766667 0.800000 0.833333 0.866667 0.900000 0.933333 0.966667 1.000000 1.033333
1.066667 1.100000 1.133333 1.166667 1.200000 1.233333 1.266667 1.300000 1.333333 1.366667 1.400000 1.433333 1.466667 1.500000 1.533333 1.566667
1.600000 1.633333 1.666667 1.700000 1.733333 1.766667 1.800000 1.833333 1.866667 1.900000 1.933333 1.966667 2.000000 2.033333</float_array><technique_common><accessor source="#mixamorig_Spine-Matrix-animation-input-array" count="62"><param name="TIME" type="float"/></accessor></technique_common></source><source id="mixamorig_Spine-Matrix-animation-output-transform"><float_array id="mixamorig_Spine-Matrix-animation-output-transform-array" count="992">

0.993750 -0.004268 -0.111546 -0.000000 -0.007531 0.994429 -0.105137 1.039000 0.111373 0.105320 0.988182 -0.061900 0.000000 0.000000 0.000000 1.000000
0.993735 -0.003159 -0.111718 -0.000000 -0.008546 0.994527 -0.104132 1.039000 0.111435 0.104435 0.988269 -0.061900 0.000000 0.000000 0.000000 1.000000
0.993608 -0.002574 -0.112854 0.000000 -0.009180 0.994586 -0.103511 1.039000 0.112509 0.103885 0.988205 -0.061900 0.000000 0.000000 0.000000 1.000000
0.993253 -0.003336 -0.115917 0.000000 -0.008684 0.994639 -0.103040 1.039000 0.115639 0.103352 0.987900 -0.061900 0.000000 0.000000 0.000000 1.000000
0.992655 -0.005386 -0.120858 0.000000 -0.007077 0.994713 -0.102453 1.039000 0.120771 0.102556 0.987369 -0.061900 0.000000 0.000000 0.000000 1.000000
0.991946 -0.007852 -0.126418 0.000000 -0.005138 0.994761 -0.102103 1.039000 0.126558 0.101930 0.986708 -0.061900 0.000000 0.000000 0.000000 1.000000
0.991212 -0.010080 -0.131896 0.000000 -0.003581 0.994682 -0.102935 1.039000 0.132232 0.102503 0.985905 -0.061900 0.000000 0.000000 0.000000 1.000000
0.990346 -0.012707 -0.138036 0.000000 -0.001963 0.994404 -0.105626 1.039000 0.138606 0.104877 0.984779 -0.061900 0.000000 0.000000 0.000000 1.000000
0.988816 -0.019057 -0.147919 0.000000 0.002670 0.993905 -0.110203 1.039000 0.149117 0.108576 0.982840 -0.061900 0.000000 0.000000 0.000000 1.000000
0.986459 -0.029234 -0.161383 0.000000 0.010361 0.993128 -0.116571 1.039000 0.163681 0.113321 0.979983 -0.061900 0.000000 0.000000 0.000000 1.000000
0.982775 -0.045485 -0.179121 0.000000 0.024219 0.992579 -0.119167 1.039000 0.183212 0.112776 0.976583 -0.061900 0.000000 0.000000 0.000000 1.000000
0.977884 -0.064228 -0.199041 -0.000000 0.041846 0.992520 -0.114683 1.039000 0.204918 0.103818 0.973258 -0.061900 0.000000 0.000000 0.000000 1.000000
0.973213 -0.080571 -0.215323 0.000000 0.057512 0.992121 -0.111300 1.039000 0.222594 0.095935 0.970179 -0.061900 0.000000 0.000000 0.000000 1.000000
0.970328 -0.089562 -0.224596 0.000000 0.065232 0.991393 -0.113515 1.039000 0.232829 0.095496 0.967818 -0.061900 0.000000 0.000000 0.000000 1.000000
0.970048 -0.089816 -0.225700 -0.000000 0.064300 0.990933 -0.117975 1.039000 0.234250 0.099929 0.967027 -0.061900 0.000000 0.000000 0.000000 1.000000
0.972090 -0.091168 -0.216169 0.000000 0.066218 0.990565 -0.119988 1.039000 0.225068 0.102325 0.968955 -0.061900 0.000000 0.000000 0.000000 1.000000
0.977197 -0.096372 -0.189203 -0.000000 0.075040 0.990310 -0.116856 1.039000 0.198631 0.099994 0.974960 -0.061900 0.000000 0.000000 0.000000 1.000000
0.983009 -0.103659 -0.151488 -0.000000 0.087520 0.990116 -0.109589 1.039000 0.161351 0.094469 0.982365 -0.061900 0.000000 0.000000 0.000000 1.000000
0.986550 -0.108384 -0.122358 0.000000 0.096258 0.990217 -0.101014 1.039000 0.132110 0.087877 0.987332 -0.061900 0.000000 0.000000 0.000000 1.000000
0.988352 -0.110232 -0.104921 0.000000 0.100628 0.990585 -0.092815 1.039000 0.114164 0.081176 0.990140 -0.061900 0.000000 0.000000 0.000000 1.000000
0.990205 -0.112299 -0.082965 0.000000 0.105668 0.991145 -0.080411 1.039000 0.091260 0.070857 0.993303 -0.061900 0.000000 0.000000 0.000000 1.000000
0.991725 -0.114505 -0.058058 0.000000 0.110716 0.991741 -0.064748 1.039000 0.064992 0.057784 0.996211 -0.061900 0.000000 0.000000 0.000000 1.000000
0.992692 -0.116542 -0.031303 -0.000000 0.114973 0.992210 -0.047964 1.039000 0.036649 0.044015 0.998358 -0.061900 0.000000 0.000000 0.000000 1.000000
0.992960 -0.118410 -0.003242 0.000000 0.118247 0.992470 -0.031941 1.039000 0.007000 0.031333 0.999485 -0.061900 0.000000 0.000000 0.000000 1.000000
0.986945 -0.122915 0.104078 0.000000 0.123626 0.992329 -0.000381 1.039000 -0.103233 0.013243 0.994569 -0.061900 0.000000 0.000000 0.000000 1.000000
0.961303 -0.127893 0.244009 -0.000000 0.129298 0.991552 0.010318 1.039000 -0.243267 0.021631 0.969718 -0.061900 0.000000 0.000000 0.000000 1.000000
0.926446 -0.134464 0.351593 0.000000 0.133022 0.990707 0.028373 1.039000 -0.352141 0.020483 0.935723 -0.061900 0.000000 0.000000 0.000000 1.000000
0.910258 -0.126619 0.394206 0.000000 0.125244 0.991692 0.029332 1.039000 -0.394645 0.022673 0.918554 -0.061900 0.000000 0.000000 0.000000 1.000000
0.895008 -0.108539 0.432643 0.000000 0.105200 0.993945 0.031728 1.039000 -0.433467 0.017117 0.901007 -0.061900 0.000000 0.000000 0.000000 1.000000
0.882378 -0.090322 0.461790 -0.000000 0.087654 0.995777 0.027278 1.039000 -0.462304 0.016408 0.886570 -0.061900 0.000000 0.000000 0.000000 1.000000
0.876568 -0.084120 0.473870 0.000000 0.090942 0.995819 0.008549 1.039000 -0.472608 0.035601 0.880553 -0.061900 0.000000 0.000000 0.000000 1.000000
0.876931 -0.074584 0.474795 0.000000 0.085379 0.996348 -0.001178 1.039000 -0.472973 0.041570 0.880096 -0.061900 0.000000 0.000000 0.000000 1.000000
0.885304 -0.068434 0.459950 0.000000 0.079282 0.996843 -0.004285 1.039000 -0.458204 0.040259 0.887935 -0.061900 0.000000 0.000000 0.000000 1.000000
0.894862 -0.068959 0.440983 0.000000 0.083056 0.996464 -0.012719 1.039000 -0.438546 0.048008 0.897425 -0.061900 0.000000 0.000000 0.000000 1.000000
0.904337 -0.066548 0.421599 0.000000 0.084116 0.996186 -0.023186 1.039000 -0.418448 0.056431 0.906486 -0.061900 0.000000 0.000000 0.000000 1.000000
0.918637 -0.068206 0.389172 0.000000 0.083863 0.996203 -0.023363 1.039000 -0.386101 0.054100 0.920869 -0.061900 0.000000 0.000000 0.000000 1.000000
0.933354 -0.076185 0.350779 0.000000 0.091266 0.995470 -0.026637 1.039000 -0.347160 0.056876 0.936080 -0.061900 0.000000 0.000000 0.000000 1.000000
0.946403 -0.071228 0.315035 0.000000 0.085698 0.995797 -0.032301 1.039000 -0.311410 0.057567 0.948530 -0.061900 0.000000 0.000000 0.000000 1.000000
0.958208 -0.067242 0.278056 0.000000 0.081363 0.995900 -0.039547 1.039000 -0.274257 0.060518 0.959750 -0.061900 0.000000 0.000000 0.000000 1.000000
0.971162 -0.065603 0.229218 0.000000 0.079562 0.995463 -0.052191 1.039000 -0.224754 0.068923 0.971975 -0.061900 0.000000 0.000000 0.000000 1.000000
0.981278 -0.058371 0.183536 0.000000 0.071461 0.995289 -0.065528 1.039000 -0.178846 0.077417 0.980827 -0.061900 0.000000 0.000000 0.000000 1.000000
0.987987 -0.051203 0.145808 0.000000 0.061354 0.995932 -0.065987 1.039000 -0.141836 0.074140 0.987110 -0.061900 0.000000 0.000000 0.000000 1.000000
0.992506 -0.045473 0.113416 0.000000 0.052771 0.996668 -0.062202 1.039000 -0.110210 0.067721 0.991599 -0.061900 0.000000 0.000000 0.000000 1.000000
0.995596 -0.039945 0.084814 0.000000 0.045251 0.997075 -0.061591 1.039000 -0.082106 0.065158 0.994491 -0.061900 0.000000 0.000000 0.000000 1.000000
0.997883 -0.029764 0.057821 0.000000 0.033413 0.997442 -0.063197 1.039000 -0.055792 0.064995 0.996325 -0.061900 0.000000 0.000000 0.000000 1.000000
0.999323 -0.019469 0.031232 0.000000 0.021479 0.997629 -0.065390 1.039000 -0.029885 0.066016 0.997371 -0.061900 0.000000 0.000000 0.000000 1.000000
0.999878 -0.013418 0.007980 0.000000 0.013938 0.997513 -0.069095 1.039000 -0.007033 0.069198 0.997578 -0.061900 0.000000 0.000000 0.000000 1.000000
0.999890 -0.009851 -0.011048 0.000000 0.009041 0.997426 -0.071133 1.039000 0.011721 0.071025 0.997406 -0.061900 0.000000 0.000000 0.000000 1.000000
0.999570 -0.004899 -0.028897 -0.000000 0.002787 0.997351 -0.072685 1.039000 0.029176 0.072573 0.996936 -0.061900 0.000000 0.000000 0.000000 1.000000
0.998599 -0.004845 -0.052686 -0.000000 0.000714 0.996941 -0.078153 1.039000 0.052903 0.078006 0.995548 -0.061900 0.000000 0.000000 0.000000 1.000000
0.997045 -0.005793 -0.076600 0.000000 -0.000976 0.996117 -0.088038 1.039000 0.076813 0.087853 0.993167 -0.061900 0.000000 0.000000 0.000000 1.000000
0.995999 -0.001953 -0.089346 -0.000000 -0.006829 0.995174 -0.097885 1.039000 0.089106 0.098103 0.991179 -0.061900 0.000000 0.000000 0.000000 1.000000
0.995656 -0.001524 -0.093095 0.000000 -0.008200 0.994546 -0.103977 1.039000 0.092746 0.104289 0.990213 -0.061900 0.000000 0.000000 0.000000 1.000000
0.995322 -0.005013 -0.096479 -0.000000 -0.005773 0.993782 -0.111196 1.039000 0.096437 0.111233 0.989104 -0.061900 0.000000 0.000000 0.000000 1.000000
0.994729 -0.005996 -0.102360 0.000000 -0.006023 0.993148 -0.116711 1.039000 0.102359 0.116712 0.987877 -0.061900 0.000000 0.000000 0.000000 1.000000
0.994383 -0.005343 -0.105705 0.000000 -0.007223 0.992970 -0.118143 1.039000 0.105593 0.118243 0.987354 -0.061900 0.000000 0.000000 0.000000 1.000000
0.994297 -0.003957 -0.106575 0.000000 -0.008540 0.993148 -0.116553 1.039000 0.106306 0.116798 0.987450 -0.061900 0.000000 0.000000 0.000000 1.000000
0.994065 -0.002398 -0.108759 0.000000 -0.010223 0.993274 -0.115338 1.039000 0.108304 0.115766 0.987354 -0.061900 0.000000 0.000000 0.000000 1.000000
0.993856 -0.003689 -0.110620 0.000000 -0.008819 0.993627 -0.112374 1.039000 0.110330 0.112659 0.987489 -0.061900 0.000000 0.000000 0.000000 1.000000
0.993762 -0.004812 -0.111419 0.000000 -0.007433 0.993989 -0.109223 1.039000 0.111275 0.109370 0.987753 -0.061900 0.000000 0.000000 0.000000 1.000000
0.993743 -0.005001 -0.111581 0.000000 -0.006983 0.994262 -0.106748 1.039000 0.111475 0.106859 0.988005 -0.061900 0.000000 0.000000 0.000000 1.000000
0.993750 -0.004268 -0.111547 0.000000 -0.007531 0.994429 -0.105137 1.039000 0.111374 0.105320 0.988182 -0.061900 0.000000 0.000000 0.000000 1.000000</float_array><technique_common><accessor source="#mixamorig_Spine-Matrix-animation-output-transform-array" count="62" stride="16"><param type="float4x4"/></accessor></technique_common></source><source id="mixamorig_Spine-Interpolations"><Name_array id="mixamorig_Spine-Interpolations-array" count="62">
 LINEAR LINEAR LINEAR LINEAR LINEAR LINEAR LINEAR LINEAR LINEAR LINEAR LINEAR
LINEAR LINEAR LINEAR LINEAR LINEAR LINEAR LINEAR LINEAR LINEAR LINEAR LINEAR LINEAR
LINEAR LINEAR LINEAR LINEAR LINEAR LINEAR LINEAR LINEAR LINEAR LINEAR LINEAR LINEAR
LINEAR LINEAR LINEAR LINEAR LINEAR LINEAR LINEAR LINEAR LINEAR LINEAR LINEAR LINEAR
LINEAR LINEAR LINEAR LINEAR LINEAR LINEAR LINEAR LINEAR LINEAR LINEAR LINEAR LINEAR
LINEAR LINEAR LINEAR</Name_array><technique_common><accessor source="#mixamorig_Spine-Interpolations-array" count="62"><param type="name"/></accessor></technique_common></source><sampler id="mixamorig_Spine-Matrix-animation-transform"><input semantic="INPUT" source="#mixamorig_Spine-Matrix-animation-input"/><input semantic="OUTPUT" source="#mixamorig_Spine-Matrix-animation-output-transform"/><input semantic="INTERPOLATION" source="#mixamorig_Spine-Interpolations"/></sampler><channel source="#mixamorig_Spine-Matrix-animation-transform" target="mixamorig_Spine/matrix"/></animation>
    <animation id="mixamorig_Spine1-anim" name="mixamorig_Spine1"><source id="mixamorig_Spine1-Matrix-animation-input"><float_array id="mixamorig_Spine1-Matrix-animation-input-array" count="62">

0.000000 0.033333 0.066667 0.100000 0.133333 0.166667 0.200000 0.233333 0.266667 0.300000 0.333333 0.366667 0.400000 0.433333 0.466667 0.500000
0.533333 0.566667 0.600000 0.633333 0.666667 0.700000 0.733333 0.766667 0.800000 0.833333 0.866667 0.900000 0.933333 0.966667 1.000000 1.033333
1.066667 1.100000 1.133333 1.166667 1.200000 1.233333 1.266667 1.300000 1.333333 1.366667 1.400000 1.433333 1.466667 1.500000 1.533333 1.566667
1.600000 1.633333 1.666667 1.700000 1.733333 1.766667 1.800000 1.833333 1.866667 1.900000 1.933333 1.966667 2.000000 2.033333</float_array><technique_common><accessor source="#mixamorig_Spine1-Matrix-animation-input-array" count="62"><param name="TIME" type="float"/></accessor></technique_common></source><source id="mixamorig_Spine1-Matrix-animation-output-transform"><float_array id="mixamorig_Spine1-Matrix-animation-output-transform-array" count="992">

0.994464 0.035480 -0.098909 0.000000 -0.050764 0.986361 -0.156574 1.214300 0.092004 0.160728 0.982701 0.000000 0.000000 0.000000 0.000000 1.000000
0.994415 0.036403 -0.099064 0.000000 -0.051623 0.986454 -0.155701 1.214300 0.092055 0.159945 0.982824 0.000000 0.000000 0.000000 0.000000 1.000000
0.994302 0.036306 -0.100231 0.000000 -0.051673 0.986522 -0.155256 1.214300 0.093244 0.159550 0.982776 -0.000000 0.000000 0.000000 0.000000 1.000000
0.994055 0.034507 -0.103268 -0.000000 -0.050355 0.986624 -0.155042 1.214300 0.096537 0.159320 0.982496 0.000000 0.000000 0.000000 0.000000 1.000000
0.993655 0.031376 -0.108001 0.000000 -0.047991 0.986769 -0.154866 1.214300 0.101713 0.159066 0.982014 0.000000 0.000000 0.000000 0.000000 1.000000
0.993179 0.027995 -0.113190 0.000000 -0.045495 0.986848 -0.155116 1.214300 0.107359 0.159207 0.981390 0.000000 0.000000 0.000000 0.000000 1.000000
0.992682 0.024655 -0.118218 -0.000000 -0.043156 0.986719 -0.156601 1.214300 0.112787 0.160557 0.980561 0.000000 0.000000 0.000000 0.000000 1.000000
0.992093 0.020110 -0.123886 -0.000000 -0.039939 0.986354 -0.159723 1.214300 0.118984 0.163408 0.979357 0.000000 0.000000 0.000000 0.000000 1.000000
0.991068 0.011294 -0.132877 0.000000 -0.033240 0.985880 -0.164123 1.214300 0.129147 0.167074 0.977449 -0.000000 0.000000 0.000000 0.000000 1.000000
0.989492 -0.000552 -0.144585 -0.000000 -0.024401 0.985012 -0.170750 1.214300 0.142512 0.172484 0.974648 0.000000 0.000000 0.000000 0.000000 1.000000
0.986768 -0.021984 -0.160639 0.000000 -0.006628 0.984468 -0.175438 1.214300 0.162001 0.174182 0.971296 0.000000 0.000000 0.000000 0.000000 1.000000
0.982729 -0.049020 -0.178442 -0.000000 0.016845 0.983970 -0.177537 1.214300 0.184284 0.171465 0.967801 -0.000000 0.000000 0.000000 0.000000 1.000000
0.978675 -0.073193 -0.191930 0.000000 0.037668 0.982467 -0.182593 1.214300 0.201929 0.171470 0.964273 0.000000 0.000000 0.000000 0.000000 1.000000
0.976020 -0.087337 -0.199391 0.000000 0.049164 0.980759 -0.188931 1.214300 0.212055 0.174598 0.961534 0.000000 0.000000 0.000000 0.000000 1.000000
0.975608 -0.090227 -0.200120 -0.000000 0.050620 0.979525 -0.194857 1.214300 0.213604 0.179974 0.960199 0.000000 0.000000 0.000000 0.000000 1.000000
0.977245 -0.093143 -0.190568 0.000000 0.054407 0.978442 -0.199225 1.214300 0.205016 0.184324 0.961246 -0.000000 0.000000 0.000000 0.000000 1.000000
0.981369 -0.100148 -0.163969 0.000000 0.066261 0.977464 -0.200435 1.214300 0.180347 0.185836 0.965888 -0.000000 0.000000 0.000000 0.000000 1.000000
0.985863 -0.108699 -0.127513 -0.000000 0.082301 0.977031 -0.196564 1.214300 0.145951 0.183290 0.972164 -0.000000 0.000000 0.000000 0.000000 1.000000
0.988304 -0.114458 -0.100767 -0.000000 0.094106 0.977727 -0.187602 1.214300 0.119995 0.175925 0.977063 0.000000 0.000000 0.000000 0.000000 1.000000
0.989508 -0.116736 -0.085125 0.000000 0.100050 0.978718 -0.179166 1.214300 0.104229 0.168770 0.980129 -0.000000 0.000000 0.000000 0.000000 1.000000
0.990784 -0.118724 -0.065210 0.000000 0.106392 0.980056 -0.167842 1.214300 0.083836 0.159358 0.983655 -0.000000 0.000000 0.000000 0.000000 1.000000
0.991789 -0.120726 -0.042197 0.000000 0.112860 0.981416 -0.155194 1.214300 0.060149 0.149157 0.986982 -0.000000 0.000000 0.000000 0.000000 1.000000
0.992185 -0.123518 -0.017663 -0.000000 0.119773 0.982497 -0.142667 1.214300 0.034975 0.139436 0.989613 0.000000 0.000000 0.000000 0.000000 1.000000
0.991875 -0.126985 0.007645 0.000000 0.126888 0.983236 -0.130944 1.214300 0.009111 0.130850 0.991360 0.000000 0.000000 0.000000 0.000000 1.000000
0.986324 -0.128505 0.103203 0.000000 0.139145 0.984845 -0.103530 1.214300 -0.088335 0.116474 0.989258 -0.000000 0.000000 0.000000 0.000000 1.000000
0.964786 -0.125621 0.231100 -0.000000 0.147760 0.985696 -0.081059 1.214300 -0.217612 0.112352 0.969547 0.000000 0.000000 0.000000 0.000000 1.000000
0.934754 -0.122423 0.333538 0.000000 0.147921 0.987628 -0.052054 1.214300 -0.323039 0.097995 0.941298 0.000000 0.000000 0.000000 0.000000 1.000000
0.921540 -0.105918 0.373558 0.000000 0.129643 0.990798 -0.038889 1.214300 -0.366001 0.084267 0.926791 -0.000000 0.000000 0.000000 0.000000 1.000000
0.908852 -0.089456 0.407414 -0.000000 0.111553 0.993282 -0.030755 1.214300 -0.401926 0.073400 0.912725 0.000000 0.000000 0.000000 0.000000 1.000000
0.898173 -0.087197 0.430909 0.000000 0.114854 0.992635 -0.038533 1.214300 -0.424375 0.084101 0.901572 0.000000 0.000000 0.000000 0.000000 1.000000
0.893134 -0.093227 0.440023 -0.000000 0.132590 0.989383 -0.059505 1.214300 -0.429804 0.111489 0.896013 0.000000 0.000000 0.000000 0.000000 1.000000
0.893399 -0.086575 0.440843 0.000000 0.131661 0.988628 -0.072668 1.214300 -0.429539 0.122964 0.894638 0.000000 0.000000 0.000000 0.000000 1.000000
0.900620 -0.083200 0.426569 0.000000 0.131824 0.987561 -0.085704 1.214300 -0.414132 0.133419 0.900385 0.000000 0.000000 0.000000 0.000000 1.000000
0.908128 -0.081395 0.410705 0.000000 0.133422 0.986042 -0.099599 1.214300 -0.396866 0.145245 0.906312 0.000000 0.000000 0.000000 0.000000 1.000000
0.915185 -0.072923 0.396382 0.000000 0.126517 0.985762 -0.110754 1.214300 -0.382662 0.151509 0.911381 0.000000 0.000000 0.000000 0.000000 1.000000
0.926740 -0.071576 0.368823 -0.000000 0.122732 0.985503 -0.117135 1.214300 -0.355092 0.153820 0.922089 0.000000 0.000000 0.000000 0.000000 1.000000
0.938938 -0.075787 0.335636 -0.000000 0.123623 0.984613 -0.123508 1.214300 -0.321111 0.157459 0.933860 0.000000 0.000000 0.000000 0.000000 1.000000
0.950541 -0.062823 0.304180 0.000000 0.104396 0.986977 -0.122385 1.214300 -0.292530 0.148088 0.944720 0.000000 0.000000 0.000000 0.000000 1.000000
0.961173 -0.052770 0.270853 0.000000 0.088763 0.988503 -0.122403 1.214300 -0.261280 0.141692 0.954807 0.000000 0.000000 0.000000 0.000000 1.000000
0.973015 -0.051063 0.225020 0.000000 0.081504 0.988402 -0.128139 1.214300 -0.215867 0.143021 0.965892 -0.000000 0.000000 0.000000 0.000000 1.000000
0.982352 -0.046622 0.181138 -0.000000 0.071527 0.988466 -0.133489 1.214300 -0.172825 0.144089 0.974356 0.000000 0.000000 0.000000 0.000000 1.000000
0.988548 -0.041710 0.145027 0.000000 0.061359 0.989112 -0.133767 1.214300 -0.137869 0.141133 0.980344 0.000000 0.000000 0.000000 0.000000 1.000000
0.992772 -0.037047 0.114155 0.000000 0.052152 0.989834 -0.132321 1.214300 -0.108093 0.137318 0.984611 -0.000000 0.000000 0.000000 0.000000 1.000000
0.995752 -0.029499 0.087226 -0.000000 0.041032 0.990194 -0.133539 1.214300 -0.082432 0.136551 0.987197 -0.000000 0.000000 0.000000 0.000000 1.000000
0.997971 -0.011054 0.062711 0.000000 0.019501 0.990553 -0.135735 1.214300 -0.060618 0.136682 0.988759 0.000000 0.000000 0.000000 0.000000 1.000000
0.999258 0.005431 0.038121 0.000000 -0.000191 0.990692 -0.136121 1.214300 -0.038505 0.136013 0.989959 0.000000 0.000000 0.000000 0.000000 1.000000
0.999815 0.011329 0.015535 0.000000 -0.009096 0.990532 -0.136979 1.214300 -0.016940 0.136813 0.990452 -0.000000 0.000000 0.000000 0.000000 1.000000
0.999851 0.016965 -0.003091 0.000000 -0.017229 0.990385 -0.137263 1.214300 0.000733 0.137296 0.990530 -0.000000 0.000000 0.000000 0.000000 1.000000
0.999531 0.022759 -0.020479 -0.000000 -0.025372 0.990100 -0.138051 1.214300 0.017134 0.138506 0.990213 -0.000000 0.000000 0.000000 0.000000 1.000000
0.998775 0.024669 -0.042890 0.000000 -0.030559 0.989307 -0.142614 1.214300 0.038913 0.143750 0.988849 -0.000000 0.000000 0.000000 0.000000 1.000000
0.997485 0.028398 -0.064937 0.000000 -0.037829 0.988119 -0.148963 1.214300 0.059935 0.151045 0.986708 -0.000000 0.000000 0.000000 0.000000 1.000000
0.996434 0.033889 -0.077273 0.000000 -0.045561 0.986912 -0.154687 1.214300 0.071019 0.157656 0.984937 0.000000 0.000000 0.000000 0.000000 1.000000
0.996073 0.035182 -0.081250 0.000000 -0.047777 0.986172 -0.158689 1.214300 0.074543 0.161948 0.983980 -0.000000 0.000000 0.000000 0.000000 1.000000
0.995851 0.033971 -0.084421 -0.000000 -0.047543 0.985252 -0.164373 1.214300 0.077592 0.167704 0.982779 0.000000 0.000000 0.000000 0.000000 1.000000
0.995340 0.035417 -0.089683 -0.000000 -0.050238 0.984365 -0.168826 1.214300 0.082302 0.172545 0.981557 -0.000000 0.000000 0.000000 0.000000 1.000000
0.994976 0.038331 -0.092489 -0.000000 -0.053726 0.983945 -0.170196 1.214300 0.084480 0.174310 0.981060 0.000000 0.000000 0.000000 0.000000 1.000000
0.994840 0.039347 -0.093518 0.000000 -0.054799 0.984110 -0.168890 1.214300 0.085387 0.173144 0.981188 0.000000 0.000000 0.000000 0.000000 1.000000
0.994624 0.038710 -0.096049 0.000000 -0.054419 0.984494 -0.166762 1.214300 0.088105 0.171092 0.981308 0.000000 0.000000 0.000000 0.000000 1.000000
0.994519 0.036303 -0.098047 0.000000 -0.052073 0.985182 -0.163414 1.214300 0.090662 0.167624 0.981673 0.000000 0.000000 0.000000 0.000000 1.000000
0.994493 0.034778 -0.098867 0.000000 -0.050411 0.985777 -0.160318 1.214300 0.091885 0.164419 0.982102 0.000000 0.000000 0.000000 0.000000 1.000000
0.994486 0.034623 -0.098993 -0.000000 -0.050064 0.986164 -0.158031 1.214300 0.092152 0.162116 0.982459 0.000000 0.000000 0.000000 0.000000 1.000000
0.994464 0.035480 -0.098909 -0.000000 -0.050764 0.986361 -0.156574 1.214300 0.092004 0.160728 0.982701 -0.000000 0.000000 0.000000 0.000000 1.000000</float_array><technique_common><accessor source="#mixamorig_Spine1-Matrix-animation-output-transform-array" count="62" stride="16"><param type="float4x4"/></accessor></technique_common></source><source id="mixamorig_Spine1-Interpolations"><Name_array id="mixamorig_Spine1-Interpolations-array" count="62">
 LINEAR LINEAR LINEAR LINEAR LINEAR LINEAR LINEAR LINEAR LINEAR LINEAR LINEAR
LINEAR LINEAR LINEAR LINEAR LINEAR LINEAR LINEAR LINEAR LINEAR LINEAR LINEAR LINEAR
LINEAR LINEAR LINEAR LINEAR LINEAR LINEAR LINEAR LINEAR LINEAR LINEAR LINEAR LINEAR
LINEAR LINEAR LINEAR LINEAR LINEAR LINEAR LINEAR LINEAR LINEAR LINEAR LINEAR LINEAR
LINEAR LINEAR LINEAR LINEAR LINEAR LINEAR LINEAR LINEAR LINEAR LINEAR LINEAR LINEAR
LINEAR LINEAR LINEAR</Name_array><technique_common><accessor source="#mixamorig_Spine1-Interpolations-array" count="62"><param type="name"/></accessor></technique_common></source><sampler id="mixamorig_Spine1-Matrix-animation-transform"><input semantic="INPUT" source="#mixamorig_Spine1-Matrix-animation-input"/><input semantic="OUTPUT" source="#mixamorig_Spine1-Matrix-animation-output-transform"/><input semantic="INTERPOLATION" source="#mixamorig_Spine1-Interpolations"/></sampler><channel source="#mixamorig_Spine1-Matrix-animation-transform" target="mixamorig_Spine1/matrix"/></animation>
    <animation id="mixamorig_Spine2-anim" name="mixamorig_Spine2"><source id="mixamorig_Spine2-Matrix-animation-input"><float_array id="mixamorig_Spine2-Matrix-animation-input-array" count="62">

0.000000 0.033333 0.066667 0.100000 0.133333 0.166667 0.200000 0.233333 0.266667 0.300000 0.333333 0.366667 0.400000 0.433333 0.466667 0.500000
0.533333 0.566667 0.600000 0.633333 0.666667 0.700000 0.733333 0.766667 0.800000 0.833333 0.866667 0.900000 0.933333 0.966667 1.000000 1.033333
1.066667 1.100000 1.133333 1.166667 1.200000 1.233333 1.266667 1.300000 1.333333 1.366667 1.400000 1.433333 1.466667 1.500000 1.533333 1.566667
1.600000 1.633333 1.666667 1.700000 1.733333 1.766667 1.800000 1.833333 1.866667 1.900000 1.933333 1.966667 2.000000 2.033333</float_array><technique_common><accessor source="#mixamorig_Spine2-Matrix-animation-input-array" count="62"><param name="TIME" type="float"/></accessor></technique_common></source><source id="mixamorig_Spine2-Matrix-animation-output-transform"><float_array id="mixamorig_Spine2-Matrix-animation-output-transform-array" count="992">

0.994268 0.035361 -0.100896 0.000000 -0.050840 0.986569 -0.155231 1.387800 0.094052 0.159471 0.982712 0.000000 0.000000 0.000000 0.000000 1.000000
0.994221 0.036286 -0.101036 0.000000 -0.051696 0.986661 -0.154361 1.387800 0.094087 0.158692 0.982835 0.000000 0.000000 0.000000 0.000000 1.000000
0.994105 0.036186 -0.102207 0.000000 -0.051740 0.986732 -0.153895 1.387800 0.095282 0.158275 0.982787 0.000000 0.000000 0.000000 0.000000 1.000000
0.993848 0.034379 -0.105278 0.000000 -0.050409 0.986844 -0.153617 1.387800 0.098612 0.157979 0.982506 0.000000 0.000000 0.000000 0.000000 1.000000
0.993434 0.031241 -0.110058 -0.000000 -0.048027 0.987005 -0.153343 1.387800 0.103838 0.157622 0.982025 0.000000 0.000000 0.000000 0.000000 1.000000
0.992943 0.027860 -0.115276 -0.000000 -0.045517 0.987099 -0.153503 1.387800 0.109512 0.157667 0.981401 -0.000000 0.000000 0.000000 0.000000 1.000000
0.992433 0.024529 -0.120311 -0.000000 -0.043176 0.986982 -0.154928 1.387800 0.114944 0.158950 0.980573 0.000000 0.000000 0.000000 0.000000 1.000000
0.991830 0.020006 -0.125989 0.000000 -0.039970 0.986631 -0.157993 1.387800 0.121144 0.161738 0.979370 -0.000000 0.000000 0.000000 0.000000 1.000000
0.990775 0.011268 -0.135051 0.000000 -0.033332 0.986186 -0.162252 1.387800 0.131357 0.165257 0.977464 -0.000000 0.000000 0.000000 0.000000 1.000000
0.989148 -0.000449 -0.146922 0.000000 -0.024604 0.985369 -0.168652 1.387800 0.144848 0.170436 0.974664 -0.000000 0.000000 0.000000 0.000000 1.000000
0.986343 -0.021677 -0.163271 0.000000 -0.006979 0.984910 -0.172929 1.387800 0.164556 0.171707 0.971307 0.000000 0.000000 0.000000 0.000000 1.000000
0.982221 -0.048468 -0.181363 0.000000 0.016348 0.984510 -0.174563 1.387800 0.187015 0.168495 0.967799 0.000000 0.000000 0.000000 0.000000 1.000000
0.978116 -0.072493 -0.195023 0.000000 0.037098 0.983083 -0.179367 1.387800 0.204727 0.168206 0.964258 0.000000 0.000000 0.000000 0.000000 1.000000
0.975436 -0.086601 -0.202548 0.000000 0.048581 0.981414 -0.185653 1.387800 0.214861 0.171253 0.961513 -0.000000 0.000000 0.000000 0.000000 1.000000
0.975040 -0.089527 -0.203178 0.000000 0.050036 0.980163 -0.191772 1.387800 0.216316 0.176819 0.960178 0.000000 0.000000 0.000000 0.000000 1.000000
0.976735 -0.092545 -0.193456 0.000000 0.053839 0.979021 -0.196517 1.387800 0.207584 0.181529 0.961226 -0.000000 0.000000 0.000000 0.000000 1.000000
0.980975 -0.099765 -0.166538 -0.000000 0.065776 0.977916 -0.198376 1.387800 0.182652 0.183648 0.965874 0.000000 0.000000 0.000000 0.000000 1.000000
0.985596 -0.108633 -0.129615 0.000000 0.082055 0.977330 -0.195172 1.387800 0.147879 0.181726 0.972166 -0.000000 0.000000 0.000000 0.000000 1.000000
0.988096 -0.114532 -0.102705 0.000000 0.093971 0.977951 -0.186499 1.387800 0.121801 0.174628 0.977072 -0.000000 0.000000 0.000000 0.000000 1.000000
0.989332 -0.116807 -0.087050 0.000000 0.099896 0.978909 -0.178208 1.387800 0.106030 0.167611 0.980135 -0.000000 0.000000 0.000000 0.000000 1.000000
0.990654 -0.118758 -0.067094 0.000000 0.106188 0.980203 -0.167109 1.387800 0.085611 0.158423 0.983653 0.000000 0.000000 0.000000 0.000000 1.000000
0.991710 -0.120715 -0.044045 0.000000 0.112601 0.981516 -0.154749 1.387800 0.061911 0.148506 0.986972 -0.000000 0.000000 0.000000 0.000000 1.000000
0.992152 -0.123503 -0.019538 -0.000000 0.119501 0.982551 -0.142527 1.387800 0.036799 0.139074 0.989598 0.000000 0.000000 0.000000 0.000000 1.000000
0.991879 -0.127058 0.005695 -0.000000 0.126704 0.983239 -0.131102 1.387800 0.011058 0.130759 0.991353 0.000000 0.000000 0.000000 0.000000 1.000000
0.986340 -0.129619 0.101645 -0.000000 0.140098 0.984681 -0.103802 1.387800 -0.086633 0.116625 0.989390 0.000000 0.000000 0.000000 0.000000 1.000000
