<?xml version="1.0" encoding="utf-8"?>
<COLLADA xmlns="http://www.collada.org/2005/11/COLLADASchema" version="1.4.1">
  <asset><contributor><author>Mixamo</author><authoring_tool>COLLADA Mixamo exporter</authoring_tool><comments></comments></contributor><created>2020-05-06T09:13:53Z</created><modified>2020-05-06T09:13:53Z</modified><revision></revision><title></title><unit meter="0.025400"/><up_axis>Y_UP</up_axis></asset>
  <library_animations>
    <animation id="mixamorig_Hips-anim" name="mixamorig_Hips"><source id="mixamorig_Hips-Matrix-animation-input"><float_array id="mixamorig_Hips-Matrix-animation-input-array" count="144">

0.000000 0.033333 0.066667 0.100000 0.133333 0.166667 0.200000 0.233333 0.266667 0.300000 0.333333 0.366667 0.400000 0.433333 0.466667 0.500000
0.533333 0.566667 0.600000 0.633333 0.666667 0.700000 0.733333 0.766667 0.800000 0.833333 0.866667 0.900000 0.933333 0.966667 1.000000 1.033333
1.066667 1.100000 1.133333 1.166667 1.200000 1.233333 1.266667 1.300000 1.333333 1.366667 1.400000 1.433333 1.466667 1.500000 1.533333 1.566667
1.600000 1.633333 1.666667 1.700000 1.733333 1.766667 1.800000 1.833333 1.866667 1.900000 1.933333 1.966667 2.000000 2.033333 2.066667 2.100000
2.133333 2.166667 2.200000 2.233333 2.266667 2.300000 2.333333 2.366667 2.400000 2.433333 2.466667 2.500000 2.533333 2.566667 2.600000 2.633333
2.666667 2.700000 2.733333 2.766667 2.800000 2.833333 2.866667 2.900000 2.933333 2.966667 3.000000 3.033333 3.066667 3.100000 3.133333 3.166667
3.200000 3.233333 3.266667 3.300000 3.333333 3.366667 3.400000 3.433333 3.466667 3.500000 3.533333 3.566667 3.600000 3.633333 3.666667 3.700000
3.733333 3.766667 3.800000 3.833333 3.866667 3.900000 3.933333 3.966667 4.000000 4.033333 4.066667 4.100000 4.133333 4.166667 4.200000 4.233333
4.266667 4.300000 4.333333 4.366667 4.400000 4.433333 4.466667 4.500000 4.533333 4.566667 4.600000 4.633333 4.666667 4.700000 4.733333 4.766667</float_array><technique_common><accessor source="#mixamorig_Hips-Matrix-animation-input-array" count="144"><param name="TIME" type="float"/></accessor></technique_common></source><source id="mixamorig_Hips-Matrix-animation-output-transform"><float_array id="mixamorig_Hips-Matrix-animation-output-transform-array" count="2304">

0.317656 0.027233 -0.947815 -0.121669 -0.023812 0.999501 0.020738 8.476387 0.947907 0.015982 0.318146 -0.009806 0.000000 0.000000 0.000000 1.000000
0.317728 0.024217 -0.947873 -0.124976 -0.023840 0.999562 0.017547 8.486715 0.947882 0.017022 0.318166 -0.005869 0.000000 0.000000 0.000000 1.000000
0.317772 0.021237 -0.947929 -0.128519 -0.023894 0.999611 0.014385 8.496883 0.947866 0.018079 0.318156 -0.002064 0.000000 0.000000 0.000000 1.000000
0.317760 0.018386 -0.947993 -0.132252 -0.024005 0.999648 0.011341 8.506533 0.947867 0.019153 0.318090 0.001575 0.000000 0.000000 0.000000 1.000000
0.317643 0.015853 -0.948078 -0.136404 -0.024213 0.999670 0.008603 8.514877 0.947901 0.020223 0.317922 0.004803 0.000000 0.000000 0.000000 1.000000
0.317411 0.013842 -0.948187 -0.141287 -0.024503 0.999679 0.006391 8.521117 0.947971 0.021205 0.317649 0.007392 0.000000 0.000000 0.000000 1.000000
0.317138 0.012415 -0.948298 -0.146778 -0.024763 0.999682 0.004806 8.525090 0.948056 0.021959 0.317345 0.009416 0.000000 0.000000 0.000000 1.000000
0.316951 0.011475 -0.948372 -0.152515 -0.024857 0.999684 0.003789 8.527256 0.948116 0.022373 0.317136 0.010850 0.000000 0.000000 0.000000 1.000000
0.316922 0.010854 -0.948389 -0.158307 -0.024746 0.999689 0.003171 8.528549 0.948129 0.022464 0.317092 0.011738 0.000000 0.000000 0.000000 1.000000
0.317109 0.010453 -0.948332 -0.163926 -0.024441 0.999697 0.002846 8.529951 0.948074 0.022275 0.317268 0.012250 0.000000 0.000000 0.000000 1.000000
0.317497 0.010180 -0.948205 -0.169213 -0.023995 0.999708 0.002698 8.532059 0.947956 0.021896 0.317649 0.012487 0.000000 0.000000 0.000000 1.000000
0.318027 0.009981 -0.948029 -0.174284 -0.023515 0.999720 0.002637 8.535307 0.947790 0.021454 0.318172 0.012533 0.000000 0.000000 0.000000 1.000000
0.318630 0.009835 -0.947828 -0.179263 -0.023111 0.999730 0.002604 8.540044 0.947598 0.021075 0.318771 0.012646 0.000000 0.000000 0.000000 1.000000
0.319270 0.009739 -0.947614 -0.184252 -0.022859 0.999735 0.002573 8.546278 0.947388 0.020840 0.319408 0.013041 0.000000 0.000000 0.000000 1.000000
0.319950 0.009702 -0.947385 -0.189203 -0.022777 0.999737 0.002546 8.553460 0.947161 0.020764 0.320087 0.013815 0.000000 0.000000 0.000000 1.000000
0.320679 0.009743 -0.947138 -0.193907 -0.022838 0.999736 0.002551 8.560658 0.946913 0.020813 0.320817 0.014998 0.000000 0.000000 0.000000 1.000000
0.321422 0.009883 -0.946884 -0.198210 -0.022993 0.999732 0.002630 8.567043 0.946657 0.020926 0.321563 0.016530 0.000000 0.000000 0.000000 1.000000
0.322060 0.010142 -0.946665 -0.201892 -0.023174 0.999727 0.002826 8.571701 0.946436 0.021028 0.322207 0.018229 0.000000 0.000000 0.000000 1.000000
0.322394 0.010522 -0.946547 -0.204733 -0.023318 0.999723 0.003171 8.573675 0.946318 0.021049 0.322550 0.019753 0.000000 0.000000 0.000000 1.000000
0.322218 0.011022 -0.946601 -0.206636 -0.023402 0.999719 0.003675 8.572624 0.946376 0.020968 0.322385 0.020951 0.000000 0.000000 0.000000 1.000000
0.321416 0.011630 -0.946867 -0.207655 -0.023451 0.999716 0.004319 8.568913 0.946648 0.020817 0.321597 0.021586 0.000000 0.000000 0.000000 1.000000
0.320050 0.012321 -0.947320 -0.207938 -0.023501 0.999711 0.005062 8.563322 0.947109 0.020643 0.320247 0.021452 0.000000 0.000000 0.000000 1.000000
0.318386 0.013057 -0.947871 -0.207525 -0.023577 0.999705 0.005852 8.556617 0.947668 0.020484 0.318600 0.020335 0.000000 0.000000 0.000000 1.000000
0.316838 0.013799 -0.948379 -0.206293 -0.023669 0.999698 0.006638 8.549416 0.948184 0.020344 0.317069 0.018223 0.000000 0.000000 0.000000 1.000000
0.315838 0.014515 -0.948702 -0.204100 -0.023733 0.999691 0.007394 8.542177 0.948516 0.020180 0.316085 0.015241 0.000000 0.000000 0.000000 1.000000
0.315685 0.015192 -0.948742 -0.200811 -0.023691 0.999686 0.008125 8.534987 0.948568 0.019912 0.315946 0.011557 0.000000 0.000000 0.000000 1.000000
0.316450 0.015852 -0.948477 -0.196442 -0.023477 0.999685 0.008875 8.527514 0.948319 0.019459 0.316723 0.007208 0.000000 0.000000 0.000000 1.000000
0.317937 0.016559 -0.947967 -0.191362 -0.023082 0.999686 0.009721 8.519560 0.947831 0.018790 0.318220 0.002285 0.000000 0.000000 0.000000 1.000000
0.319768 0.017402 -0.947336 -0.185839 -0.022540 0.999688 0.010756 8.510868 0.947228 0.017914 0.320061 -0.003138 0.000000 0.000000 0.000000 1.000000
0.321487 0.018471 -0.946734 -0.179893 -0.021925 0.999687 0.012059 8.501179 0.946660 0.016880 0.321791 -0.008892 0.000000 0.000000 0.000000 1.000000
0.322719 0.019819 -0.946287 -0.173829 -0.021331 0.999679 0.013663 8.490876 0.946254 0.015776 0.323038 -0.014842 0.000000 0.000000 0.000000 1.000000
0.323262 0.021440 -0.946067 -0.167982 -0.020856 0.999662 0.015528 8.480621 0.946080 0.014711 0.323600 -0.020999 0.000000 0.000000 0.000000 1.000000
0.323137 0.023243 -0.946067 -0.162179 -0.020538 0.999635 0.017544 8.470877 0.946129 0.013761 0.323496 -0.027072 0.000000 0.000000 0.000000 1.000000
0.322526 0.025086 -0.946228 -0.156351 -0.020366 0.999601 0.019559 8.462110 0.946342 0.012962 0.322908 -0.032860 0.000000 0.000000 0.000000 1.000000
0.321710 0.026828 -0.946458 -0.150692 -0.020295 0.999564 0.021435 8.454573 0.946621 0.012312 0.322115 -0.038336 0.000000 0.000000 0.000000 1.000000
0.320946 0.028389 -0.946672 -0.145232 -0.020262 0.999528 0.023105 8.448061 0.946881 0.011766 0.321370 -0.043475 0.000000 0.000000 0.000000 1.000000
0.320396 0.029791 -0.946815 -0.139854 -0.020207 0.999493 0.024610 8.442044 0.947068 0.011248 0.320836 -0.048178 0.000000 0.000000 0.000000 1.000000
0.320115 0.031158 -0.946866 -0.134595 -0.020095 0.999457 0.026095 8.435936 0.947165 0.010674 0.320568 -0.052443 0.000000 0.000000 0.000000 1.000000
0.320068 0.032681 -0.946831 -0.129642 -0.019934 0.999416 0.027757 8.429394 0.947185 0.009990 0.320532 -0.056299 0.000000 0.000000 0.000000 1.000000
0.320198 0.034534 -0.946721 -0.125075 -0.019739 0.999362 0.029778 8.422237 0.947145 0.009152 0.320675 -0.059710 0.000000 0.000000 0.000000 1.000000
0.320466 0.036804 -0.946545 -0.120833 -0.019501 0.999289 0.032253 8.414330 0.947059 0.008123 0.320956 -0.062767 0.000000 0.000000 0.000000 1.000000
0.320859 0.039464 -0.946305 -0.116854 -0.019203 0.999197 0.035159 8.405739 0.946932 0.006891 0.321359 -0.065677 0.000000 0.000000 0.000000 1.000000
0.321349 0.042383 -0.946012 -0.113058 -0.018839 0.999086 0.038361 8.396826 0.946773 0.005494 0.321854 -0.068341 0.000000 0.000000 0.000000 1.000000
0.321871 0.045358 -0.945696 -0.109373 -0.018405 0.998963 0.041648 8.388201 0.946605 0.004000 0.322372 -0.070613 0.000000 0.000000 0.000000 1.000000
0.322292 0.048171 -0.945414 -0.105767 -0.017904 0.998836 0.044789 8.380372 0.946471 0.002491 0.322780 -0.072613 0.000000 0.000000 0.000000 1.000000
0.322460 0.050643 -0.945228 -0.102210 -0.017364 0.998716 0.047585 8.373714 0.946424 0.001068 0.322925 -0.074216 0.000000 0.000000 0.000000 1.000000
0.322255 0.052679 -0.945186 -0.098734 -0.016836 0.998611 0.049916 8.368580 0.946503 -0.000173 0.322694 -0.075239 0.000000 0.000000 0.000000 1.000000
0.321659 0.054266 -0.945299 -0.095400 -0.016358 0.998526 0.051756 8.364946 0.946714 -0.001184 0.322073 -0.075845 0.000000 0.000000 0.000000 1.000000
0.320780 0.055468 -0.945528 -0.092279 -0.015950 0.998459 0.053162 8.362372 0.947019 -0.001972 0.321170 -0.076216 0.000000 0.000000 0.000000 1.000000
0.319822 0.056391 -0.945798 -0.089447 -0.015610 0.998405 0.054249 8.360368 0.947349 -0.002587 0.320192 -0.076404 0.000000 0.000000 0.000000 1.000000
0.319009 0.057151 -0.946027 -0.087013 -0.015319 0.998361 0.055147 8.358604 0.947628 -0.003100 0.319362 -0.076386 0.000000 0.000000 0.000000 1.000000
0.318504 0.057829 -0.946156 -0.085040 -0.015052 0.998320 0.055951 8.356867 0.947802 -0.003579 0.318840 -0.076042 0.000000 0.000000 0.000000 1.000000
0.318344 0.058453 -0.946172 -0.083448 -0.014773 0.998282 0.056702 8.354969 0.947860 -0.004073 0.318660 -0.075353 0.000000 0.000000 0.000000 1.000000
0.318435 0.058987 -0.946108 -0.082111 -0.014470 0.998248 0.057368 8.352998 0.947834 -0.004578 0.318731 -0.074337 0.000000 0.000000 0.000000 1.000000
0.318610 0.059357 -0.946026 -0.081028 -0.014174 0.998224 0.057859 8.351453 0.947780 -0.005025 0.318885 -0.072916 0.000000 0.000000 0.000000 1.000000
0.318710 0.059461 -0.945985 -0.080222 -0.013941 0.998216 0.058048 8.350769 0.947750 -0.005313 0.318970 -0.071174 0.000000 0.000000 0.000000 1.000000
0.318650 0.059200 -0.946022 -0.079708 -0.013834 0.998232 0.057808 8.351254 0.947771 -0.005333 0.318906 -0.069374 0.000000 0.000000 0.000000 1.000000
0.318457 0.058516 -0.946129 -0.079602 -0.013938 0.998274 0.057050 8.353314 0.947835 -0.004981 0.318723 -0.067656 0.000000 0.000000 0.000000 1.000000
0.318236 0.057407 -0.946272 -0.080005 -0.014318 0.998342 0.055750 8.357233 0.947903 -0.004193 0.318531 -0.065981 0.000000 0.000000 0.000000 1.000000
0.318114 0.055929 -0.946401 -0.080897 -0.014997 0.998430 0.053963 8.363012 0.947934 -0.002974 0.318453 -0.064332 0.000000 0.000000 0.000000 1.000000
0.318150 0.054189 -0.946490 -0.082187 -0.015951 0.998530 0.051806 8.370486 0.947906 -0.001385 0.318547 -0.062580 0.000000 0.000000 0.000000 1.000000
0.318298 0.052314 -0.946546 -0.083822 -0.017131 0.998631 0.049432 8.379651 0.947836 0.000482 0.318758 -0.060436 0.000000 0.000000 0.000000 1.000000
0.318403 0.050417 -0.946614 -0.085753 -0.018462 0.998725 0.046983 8.390552 0.947776 0.002517 0.318928 -0.057645 0.000000 0.000000 0.000000 1.000000
0.318264 0.048564 -0.946757 -0.087808 -0.019860 0.998809 0.044558 8.403020 0.947794 0.004622 0.318850 -0.053978 0.000000 0.000000 0.000000 1.000000
0.317711 0.046761 -0.947034 -0.089770 -0.021261 0.998883 0.042189 8.416623 0.947949 0.006731 0.318351 -0.049266 0.000000 0.000000 0.000000 1.000000
0.316681 0.044970 -0.947465 -0.091590 -0.022624 0.998949 0.039852 8.430788 0.948262 0.008815 0.317366 -0.043558 0.000000 0.000000 0.000000 1.000000
0.315244 0.043128 -0.948030 -0.093420 -0.023919 0.999011 0.037494 8.445018 0.948709 0.010856 0.315964 -0.037192 0.000000 0.000000 0.000000 1.000000
0.313575 0.041190 -0.948670 -0.095436 -0.025126 0.999069 0.035073 8.458896 0.949231 0.012838 0.314318 -0.030612 0.000000 0.000000 0.000000 1.000000
0.311896 0.039154 -0.949309 -0.097693 -0.026229 0.999125 0.032591 8.472011 0.949754 0.014735 0.312650 -0.024163 0.000000 0.000000 0.000000 1.000000
0.310402 0.037066 -0.949882 -0.100125 -0.027209 0.999177 0.030098 8.484056 0.950216 0.016503 0.311155 -0.018058 0.000000 0.000000 0.000000 1.000000
0.309213 0.035002 -0.950348 -0.102657 -0.028045 0.999223 0.027677 8.495044 0.950579 0.018094 0.309955 -0.012405 0.000000 0.000000 0.000000 1.000000
0.308351 0.033038 -0.950699 -0.105227 -0.028723 0.999264 0.025410 8.505099 0.950839 0.019472 0.309074 -0.007344 0.000000 0.000000 0.000000 1.000000
0.307767 0.031218 -0.950949 -0.107687 -0.029237 0.999300 0.023343 8.514219 0.951012 0.020618 0.308464 -0.002903 0.000000 0.000000 0.000000 1.000000
0.307357 0.029535 -0.951136 -0.109914 -0.029594 0.999331 0.021469 8.522562 0.951134 0.021549 0.308026 0.001104 0.000000 0.000000 0.000000 1.000000
0.307006 0.027946 -0.951297 -0.112129 -0.029835 0.999360 0.019730 8.530690 0.951240 0.022325 0.307644 0.004749 0.000000 0.000000 0.000000 1.000000
0.306609 0.026394 -0.951470 -0.114484 -0.030013 0.999386 0.018051 8.538948 0.951362 0.023022 0.307213 0.008003 0.000000 0.000000 0.000000 1.000000
0.306104 0.024831 -0.951674 -0.116922 -0.030179 0.999410 0.016370 8.547422 0.951520 0.023710 0.306672 0.010857 0.000000 0.000000 0.000000 1.000000
0.305495 0.023253 -0.951910 -0.119472 -0.030384 0.999431 0.014663 8.556324 0.951709 0.024443 0.306028 0.013289 0.000000 0.000000 0.000000 1.000000
0.304846 0.021694 -0.952155 -0.122109 -0.030678 0.999445 0.012950 8.565733 0.951908 0.025263 0.305342 0.015322 0.000000 0.000000 0.000000 1.000000
0.304280 0.020215 -0.952368 -0.124831 -0.031089 0.999453 0.011281 8.575587 0.952075 0.026176 0.304742 0.016871 0.000000 0.000000 0.000000 1.000000
0.303947 0.018867 -0.952502 -0.127884 -0.031616 0.999453 0.009709 8.585739 0.952164 0.027163 0.304377 0.017698 0.000000 0.000000 0.000000 1.000000
0.303981 0.017688 -0.952514 -0.131456 -0.032236 0.999446 0.008272 8.595662 0.952133 0.028191 0.304382 0.017725 0.000000 0.000000 0.000000 1.000000
0.304450 0.016681 -0.952382 -0.135516 -0.032902 0.999434 0.006987 8.604777 0.951960 0.029208 0.304826 0.017021 0.000000 0.000000 0.000000 1.000000
0.305332 0.015838 -0.952114 -0.140029 -0.033548 0.999420 0.005866 8.612575 0.951655 0.030150 0.305686 0.015663 0.000000 0.000000 0.000000 1.000000
0.306509 0.015151 -0.951747 -0.144872 -0.034104 0.999406 0.004926 8.618673 0.951257 0.030949 0.306844 0.013930 0.000000 0.000000 0.000000 1.000000
0.307801 0.014619 -0.951338 -0.149790 -0.034508 0.999396 0.004193 8.622985 0.950825 0.031538 0.308120 0.012178 0.000000 0.000000 0.000000 1.000000
0.309006 0.014245 -0.950954 -0.154508 -0.034712 0.999391 0.003691 8.625774 0.950427 0.031869 0.309312 0.010743 0.000000 0.000000 0.000000 1.000000
0.309963 0.014017 -0.950645 -0.158732 -0.034701 0.999392 0.003421 8.627518 0.950115 0.031928 0.310261 0.009919 0.000000 0.000000 0.000000 1.000000
0.310589 0.013897 -0.950443 -0.162107 -0.034486 0.999400 0.003343 8.628558 0.949919 0.031739 0.310882 0.009860 0.000000 0.000000 0.000000 1.000000
0.310888 0.013829 -0.950346 -0.164298 -0.034103 0.999413 0.003387 8.628887 0.949835 0.031357 0.311177 0.010489 0.000000 0.000000 0.000000 1.000000
0.310945 0.013776 -0.950328 -0.165252 -0.033612 0.999429 0.003490 8.628339 0.949833 0.030857 0.311230 0.011495 0.000000 0.000000 0.000000 1.000000
0.310892 0.013766 -0.950346 -0.165194 -0.033091 0.999446 0.003652 8.626523 0.949869 0.030312 0.311175 0.012361 0.000000 0.000000 0.000000 1.000000
0.310875 0.013906 -0.950349 -0.164248 -0.032603 0.999461 0.003959 8.622616 0.949891 0.029754 0.311161 0.012547 0.000000 0.000000 0.000000 1.000000
0.311006 0.014374 -0.950299 -0.162803 -0.032209 0.999471 0.004576 8.616092 0.949862 0.029185 0.311304 0.011577 0.000000 0.000000 0.000000 1.000000
0.311366 0.015352 -0.950166 -0.161464 -0.031945 0.999473 0.005681 8.607020 0.949753 0.028585 0.311693 0.009109 0.000000 0.000000 0.000000 1.000000
0.311990 0.016943 -0.949934 -0.160554 -0.031819 0.999466 0.007376 8.595799 0.949552 0.027925 0.312363 0.005140 0.000000 0.000000 0.000000 1.000000
0.312883 0.019097 -0.949600 -0.160134 -0.031817 0.999447 0.009616 8.583155 0.949259 0.027205 0.313317 0.000045 0.000000 0.000000 0.000000 1.000000
0.314034 0.021607 -0.949166 -0.160112 -0.031892 0.999417 0.012200 8.570143 0.948876 0.026440 0.314540 -0.005576 0.000000 0.000000 0.000000 1.000000
0.315416 0.024161 -0.948646 -0.160134 -0.031958 0.999379 0.014828 8.557732 0.948415 0.025640 0.315992 -0.011411 0.000000 0.000000 0.000000 1.000000
0.316965 0.026457 -0.948068 -0.159701 -0.031931 0.999342 0.017212 8.546362 0.947900 0.024817 0.317601 -0.016973 0.000000 0.000000 0.000000 1.000000
0.318566 0.028310 -0.947478 -0.158505 -0.031738 0.999312 0.019188 8.535995 0.947369 0.023958 0.319245 -0.021918 0.000000 0.000000 0.000000 1.000000
0.320055 0.029708 -0.946933 -0.156366 -0.031320 0.999294 0.020765 8.526402 0.946881 0.023012 0.320759 -0.025976 0.000000 0.000000 0.000000 1.000000
0.321256 0.030793 -0.946492 -0.153175 -0.030648 0.999286 0.022108 8.517252 0.946496 0.021906 0.321970 -0.028915 0.000000 0.000000 0.000000 1.000000
0.322044 0.031792 -0.946191 -0.149031 -0.029727 0.999283 0.023458 8.507979 0.946258 0.020573 0.322758 -0.030844 0.000000 0.000000 0.000000 1.000000
0.322400 0.032924 -0.946031 -0.144299 -0.028612 0.999277 0.025026 8.498198 0.946171 0.018999 0.323109 -0.032083 0.000000 0.000000 0.000000 1.000000
0.322425 0.034330 -0.945972 -0.139433 -0.027419 0.999262 0.026918 8.488072 0.946198 0.017259 0.323129 -0.032742 0.000000 0.000000 0.000000 1.000000
0.322287 0.036031 -0.945956 -0.134717 -0.026283 0.999231 0.029105 8.477800 0.946277 0.015482 0.322986 -0.033118 0.000000 0.000000 0.000000 1.000000
0.322131 0.037939 -0.945935 -0.130309 -0.025308 0.999185 0.031456 8.467697 0.946357 0.013807 0.322828 -0.033527 0.000000 0.000000 0.000000 1.000000
0.321995 0.039914 -0.945900 -0.126245 -0.024568 0.999127 0.033797 8.458140 0.946423 0.012356 0.322694 -0.034144 0.000000 0.000000 0.000000 1.000000
0.321768 0.041826 -0.945894 -0.122405 -0.024085 0.999062 0.035984 8.449282 0.946512 0.011204 0.322474 -0.035029 0.000000 0.000000 0.000000 1.000000
0.321250 0.043590 -0.945991 -0.118686 -0.023833 0.998996 0.037939 8.441203 0.946694 0.010358 0.321967 -0.036270 0.000000 0.000000 0.000000 1.000000
0.320258 0.045185 -0.946252 -0.115007 -0.023759 0.998931 0.039659 8.433957 0.947032 0.009780 0.320989 -0.037976 0.000000 0.000000 0.000000 1.000000
0.318722 0.046645 -0.946700 -0.110999 -0.023810 0.998867 0.041199 8.427149 0.947549 0.009410 0.319472 -0.040077 0.000000 0.000000 0.000000 1.000000
0.316771 0.048031 -0.947285 -0.106563 -0.023946 0.998804 0.042635 8.420540 0.948200 0.009178 0.317542 -0.042518 0.000000 0.000000 0.000000 1.000000
0.314685 0.049411 -0.947909 -0.101978 -0.024136 0.998738 0.044048 8.414520 0.948889 0.009018 0.315480 -0.045093 0.000000 0.000000 0.000000 1.000000
0.312817 0.050827 -0.948453 -0.097378 -0.024317 0.998668 0.045498 8.409098 0.949502 0.008831 0.313636 -0.047651 0.000000 0.000000 0.000000 1.000000
0.311471 0.052301 -0.948815 -0.092852 -0.024405 0.998595 0.047033 8.403898 0.949942 0.008506 0.312310 -0.050093 0.000000 0.000000 0.000000 1.000000
0.310823 0.053834 -0.948942 -0.088724 -0.024338 0.998518 0.048675 8.398976 0.950156 0.007966 0.311673 -0.051947 0.000000 0.000000 0.000000 1.000000
0.310881 0.055409 -0.948832 -0.085217 -0.024080 0.998438 0.050416 8.394355 0.950144 0.007174 0.311730 -0.053033 0.000000 0.000000 0.000000 1.000000
0.311513 0.056971 -0.948532 -0.082430 -0.023624 0.998357 0.052205 8.389959 0.949948 0.006145 0.312347 -0.053346 0.000000 0.000000 0.000000 1.000000
0.312489 0.058440 -0.948122 -0.080340 -0.023001 0.998279 0.053950 8.385833 0.949643 0.004949 0.313296 -0.052953 0.000000 0.000000 0.000000 1.000000
0.313544 0.059713 -0.947694 -0.078890 -0.022275 0.998209 0.055526 8.382086 0.949312 0.003700 0.314313 -0.051947 0.000000 0.000000 0.000000 1.000000
0.314430 0.060689 -0.947339 -0.078025 -0.021520 0.998154 0.056802 8.378879 0.949037 0.002526 0.315155 -0.050481 0.000000 0.000000 0.000000 1.000000
0.314964 0.061289 -0.947123 -0.077669 -0.020804 0.998119 0.057671 8.376368 0.948875 0.001540 0.315647 -0.048672 0.000000 0.000000 0.000000 1.000000
0.315068 0.061476 -0.947076 -0.077832 -0.020188 0.998108 0.058073 8.374539 0.948855 0.000822 0.315713 -0.046746 0.000000 0.000000 0.000000 1.000000
0.314783 0.061259 -0.947185 -0.078643 -0.019717 0.998122 0.058001 8.373255 0.948959 0.000418 0.315400 -0.045028 0.000000 0.000000 0.000000 1.000000
0.314268 0.060686 -0.947393 -0.080048 -0.019428 0.998157 0.057493 8.372390 0.949135 0.000338 0.314868 -0.043660 0.000000 0.000000 0.000000 1.000000
0.313751 0.059824 -0.947619 -0.081920 -0.019350 0.998209 0.056611 8.372016 0.949308 0.000574 0.314347 -0.042713 0.000000 0.000000 0.000000 1.000000
0.313460 0.058739 -0.947783 -0.084242 -0.019496 0.998273 0.055420 8.372297 0.949401 0.001106 0.314064 -0.042338 0.000000 0.000000 0.000000 1.000000
0.313552 0.057474 -0.947830 -0.086915 -0.019861 0.998345 0.053967 8.373455 0.949363 0.001903 0.314175 -0.042497 0.000000 0.000000 0.000000 1.000000
0.314060 0.056049 -0.947747 -0.089777 -0.020413 0.998424 0.052281 8.375885 0.949184 0.002927 0.314709 -0.042985 0.000000 0.000000 0.000000 1.000000
0.314883 0.054450 -0.947568 -0.092637 -0.021083 0.998508 0.050371 8.379932 0.948896 0.004117 0.315561 -0.043468 0.000000 0.000000 0.000000 1.000000
0.315821 0.052658 -0.947356 -0.095381 -0.021790 0.998598 0.048242 8.385647 0.948569 0.005407 0.316526 -0.043592 0.000000 0.000000 0.000000 1.000000
0.316652 0.050666 -0.947188 -0.097958 -0.022450 0.998693 0.045915 8.392820 0.948276 0.006725 0.317375 -0.042987 0.000000 0.000000 0.000000 1.000000
0.317207 0.048499 -0.947115 -0.100300 -0.022992 0.998791 0.043445 8.400952 0.948078 0.007995 0.317939 -0.041484 0.000000 0.000000 0.000000 1.000000
0.317430 0.046231 -0.947154 -0.102394 -0.023382 0.998889 0.040920 8.409413 0.947993 0.009157 0.318158 -0.039076 0.000000 0.000000 0.000000 1.000000
0.317389 0.043964 -0.947276 -0.104323 -0.023629 0.998981 0.038447 8.417669 0.948001 0.010180 0.318104 -0.035927 0.000000 0.000000 0.000000 1.000000
0.317220 0.041799 -0.947430 -0.106140 -0.023760 0.999065 0.036122 8.425357 0.948054 0.011052 0.317916 -0.032274 0.000000 0.000000 0.000000 1.000000
0.317137 0.039831 -0.947543 -0.107978 -0.023812 0.999137 0.034030 8.432320 0.948081 0.011771 0.317811 -0.028548 0.000000 0.000000 0.000000 1.000000
0.317173 0.037876 -0.947611 -0.110085 -0.023825 0.999205 0.031964 8.439273 0.948069 0.012438 0.317823 -0.024923 0.000000 0.000000 0.000000 1.000000
0.317299 0.035686 -0.947654 -0.112620 -0.023814 0.999276 0.029656 8.447048 0.948027 0.013158 0.317919 -0.021347 0.000000 0.000000 0.000000 1.000000
0.317442 0.033109 -0.947700 -0.115494 -0.023803 0.999354 0.026940 8.456091 0.947979 0.014006 0.318024 -0.017649 0.000000 0.000000 0.000000 1.000000
0.317563 0.030233 -0.947755 -0.118514 -0.023801 0.999431 0.023907 8.466064 0.947938 0.014965 0.318102 -0.013735 0.000000 0.000000 0.000000 1.000000
0.317656 0.027233 -0.947815 -0.121669 -0.023812 0.999501 0.020738 8.476387 0.947907 0.015981 0.318147 -0.009808 0.000000 0.000000 0.000000 1.000000</float_array><technique_common><accessor source="#mixamorig_Hips-Matrix-animation-output-transform-array" count="144" stride="16"><param type="float4x4"/></accessor></technique_common></source><source id="mixamorig_Hips-Interpolations"><Name_array id="mixamorig_Hips-Interpolations-array" count="144">
 LINEAR LINEAR LINEAR LINEAR LINEAR LINEAR LINEAR LINEAR LINEAR LINEAR LINEAR
LINEAR LINEAR LINEAR LINEAR LINEAR LINEAR LINEAR LINEAR LINEAR LINEAR LINEAR LINEAR
LINEAR LINEAR LINEAR LINEAR LINEAR LINEAR LINEAR LINEAR LINEAR LINEAR LINEAR LINEAR
LINEAR LINEAR LINEAR LINEAR LINEAR LINEAR LINEAR LINEAR LINEAR LINEAR LINEAR LINEAR
LINEAR LINEAR LINEAR LINEAR LINEAR LINEAR LINEAR LINEAR LINEAR LINEAR LINEAR LINEAR
LINEAR LINEAR LINEAR LINEAR LINEAR LINEAR LINEAR LINEAR LINEAR LINEAR LINEAR LINEAR
LINEAR LINEAR LINEAR LINEAR LINEAR LINEAR LINEAR LINEAR LINEAR LINEAR LINEAR LINEAR
LINEAR LINEAR LINEAR LINEAR LINEAR LINEAR LINEAR LINEAR LINEAR LINEAR LINEAR LINEAR
LINEAR LINEAR LINEAR LINEAR LINEAR LINEAR LINEAR LINEAR LINEAR LINEAR LINEAR LINEAR
LINEAR LINEAR LINEAR LINEAR LINEAR LINEAR LINEAR LINEAR LINEAR LINEAR LINEAR LINEAR
LINEAR LINEAR LINEAR LINEAR LINEAR LINEAR LINEAR LINEAR LINEAR LINEAR LINEAR LINEAR
LINEAR LINEAR LINEAR LINEAR LINEAR LINEAR LINEAR LINEAR LINEAR LINEAR LINEAR LINEAR
LINEAR</Name_array><technique_common><accessor source="#mixamorig_Hips-Interpolations-array" count="144"><param type="name"/></accessor></technique_common></source><sampler id="mixamorig_Hips-Matrix-animation-transform"><input semantic="INPUT" source="#mixamorig_Hips-Matrix-animation-input"/><input semantic="OUTPUT" source="#mixamorig_Hips-Matrix-animation-output-transform"/><input semantic="INTERPOLATION" source="#mixamorig_Hips-Interpolations"/></sampler><channel source="#mixamorig_Hips-Matrix-animation-transform" target="mixamorig_Hips/matrix"/></animation>
    <animation id="mixamorig_Spine-anim" name="mixamorig_Spine"><source id="mixamorig_Spine-Matrix-animation-input"><float_array id="mixamorig_Spine-Matrix-animation-input-array" count="144">

0.000000 0.033333 0.066667 0.100000 0.133333 0.166667 0.200000 0.233333 0.266667 0.300000 0.333333 0.366667 0.400000 0.433333 0.466667 0.500000
0.533333 0.566667 0.600000 0.633333 0.666667 0.700000 0.733333 0.766667 0.800000 0.833333 0.866667 0.900000 0.933333 0.966667 1.000000 1.033333
1.066667 1.100000 1.133333 1.166667 1.200000 1.233333 1.266667 1.300000 1.333333 1.366667 1.400000 1.433333 1.466667 1.500000 1.533333 1.566667
1.600000 1.633333 1.666667 1.700000 1.733333 1.766667 1.800000 1.833333 1.866667 1.900000 1.933333 1.966667 2.000000 2.033333 2.066667 2.100000
2.133333 2.166667 2.200000 2.233333 2.266667 2.300000 2.333333 2.366667 2.400000 2.433333 2.466667 2.500000 2.533333 2.566667 2.600000 2.633333
2.666667 2.700000 2.733333 2.766667 2.800000 2.833333 2.866667 2.900000 2.933333 2.966667 3.000000 3.033333 3.066667 3.100000 3.133333 3.166667
3.200000 3.233333 3.266667 3.300000 3.333333 3.366667 3.400000 3.433333 3.466667 3.500000 3.533333 3.566667 3.600000 3.633333 3.666667 3.700000
3.733333 3.766667 3.800000 3.833333 3.866667 3.900000 3.933333 3.966667 4.000000 4.033333 4.066667 4.100000 4.133333 4.166667 4.200000 4.233333
4.266667 4.300000 4.333333 4.366667 4.400000 4.433333 4.466667 4.500000 4.533333 4.566667 4.600000 4.633333 4.666667 4.700000 4.733333 4.766667</float_array><technique_common><accessor source="#mixamorig_Spine-Matrix-animation-input-array" count="144"><param name="TIME" type="float"/></accessor></technique_common></source><source id="mixamorig_Spine-Matrix-animation-output-transform"><float_array id="mixamorig_Spine-Matrix-animation-output-transform-array" count="2304">

0.999617 0.009712 -0.025927 0.000000 -0.014029 0.985017 -0.171884 1.039000 0.023869 0.172182 0.984776 -0.061900 0.000000 0.000000 0.000000 1.000000
0.999612 0.008412 -0.026563 0.000000 -0.012733 0.985883 -0.166948 1.039000 0.024784 0.167222 0.985608 -0.061900 0.000000 0.000000 0.000000 1.000000
0.999591 0.007017 -0.027738 -0.000000 -0.011435 0.986649 -0.162457 1.039000 0.026228 0.162707 0.986326 -0.061900 0.000000 0.000000 0.000000 1.000000
0.999565 0.005787 -0.028930 0.000000 -0.010303 0.987305 -0.158503 1.039000 0.027645 0.158732 0.986935 -0.061900 0.000000 0.000000 0.000000 1.000000
0.999537 0.004501 -0.030081 0.000000 -0.009095 0.987965 -0.154407 1.039000 0.029025 0.154609 0.987549 -0.061900 0.000000 0.000000 0.000000 1.000000
0.999511 0.003490 -0.031085 -0.000000 -0.008131 0.988584 -0.150449 1.039000 0.030205 0.150628 0.988129 -0.061900 0.000000 0.000000 0.000000 1.000000
0.999494 0.003069 -0.031648 -0.000000 -0.007702 0.989060 -0.147309 1.039000 0.030850 0.147479 0.988584 -0.061900 0.000000 0.000000 0.000000 1.000000
0.999484 0.003230 -0.031949 0.000000 -0.007830 0.989416 -0.144897 1.039000 0.031143 0.145072 0.988931 -0.061900 0.000000 0.000000 0.000000 1.000000
0.999478 0.003240 -0.032154 0.000000 -0.007803 0.989716 -0.142831 1.039000 0.031361 0.143007 0.989225 -0.061900 0.000000 0.000000 0.000000 1.000000
0.999460 0.003221 -0.032706 0.000000 -0.007832 0.989854 -0.141874 1.039000 0.031917 0.142053 0.989344 -0.061900 0.000000 0.000000 0.000000 1.000000
0.999416 0.003619 -0.033987 0.000000 -0.008412 0.989835 -0.141970 1.039000 0.033128 0.142173 0.989287 -0.061900 0.000000 0.000000 0.000000 1.000000
0.999376 0.003901 -0.035104 0.000000 -0.008830 0.989914 -0.141393 1.039000 0.034198 0.141614 0.989331 -0.061900 0.000000 0.000000 0.000000 1.000000
0.999367 0.003943 -0.035369 -0.000000 -0.008855 0.990139 -0.139808 1.039000 0.034469 0.140033 0.989547 -0.061900 0.000000 0.000000 0.000000 1.000000
0.999370 0.003938 -0.035268 0.000000 -0.008786 0.990342 -0.138367 1.039000 0.034383 0.138590 0.989753 -0.061900 0.000000 0.000000 0.000000 1.000000
0.999371 0.003729 -0.035264 0.000000 -0.008531 0.990535 -0.136997 1.039000 0.034419 0.137212 0.989944 -0.061900 0.000000 0.000000 0.000000 1.000000
0.999368 0.003285 -0.035388 0.000000 -0.008045 0.990782 -0.135227 1.039000 0.034617 0.135427 0.990182 -0.061900 0.000000 0.000000 0.000000 1.000000
0.999359 0.002943 -0.035679 0.000000 -0.007682 0.991031 -0.133408 1.039000 0.034967 0.133596 0.990419 -0.061900 0.000000 0.000000 0.000000 1.000000
0.999345 0.002880 -0.036064 0.000000 -0.007622 0.991214 -0.132049 1.039000 0.035367 0.132237 0.990587 -0.061900 0.000000 0.000000 0.000000 1.000000
0.999334 0.002643 -0.036396 0.000000 -0.007405 0.991312 -0.131321 1.039000 0.035733 0.131503 0.990672 -0.061900 0.000000 0.000000 0.000000 1.000000
0.999325 0.002335 -0.036668 -0.000000 -0.007121 0.991365 -0.130941 1.039000 0.036046 0.131114 0.990712 -0.061900 0.000000 0.000000 0.000000 1.000000
0.999315 0.002640 -0.036911 -0.000000 -0.007459 0.991349 -0.131038 1.039000 0.036246 0.131223 0.990690 -0.061900 0.000000 0.000000 0.000000 1.000000
0.999307 0.003623 -0.037049 -0.000000 -0.008492 0.991195 -0.132136 1.039000 0.036244 0.132359 0.990539 -0.061900 0.000000 0.000000 0.000000 1.000000
0.999300 0.004708 -0.037117 -0.000000 -0.009638 0.990960 -0.133809 1.039000 0.036152 0.134073 0.990312 -0.061900 0.000000 0.000000 0.000000 1.000000
0.999285 0.005501 -0.037412 -0.000000 -0.010525 0.990727 -0.135461 1.039000 0.036320 0.135758 0.990076 -0.061900 0.000000 0.000000 0.000000 1.000000
0.999260 0.006171 -0.037975 0.000000 -0.011345 0.990427 -0.137569 1.039000 0.036763 0.137898 0.989764 -0.061900 0.000000 0.000000 0.000000 1.000000
0.999237 0.006858 -0.038461 0.000000 -0.012197 0.990028 -0.140342 1.039000 0.037115 0.140704 0.989356 -0.061900 0.000000 0.000000 0.000000 1.000000
0.999229 0.007313 -0.038566 0.000000 -0.012749 0.989687 -0.142677 1.039000 0.037125 0.143059 0.989018 -0.061900 0.000000 0.000000 0.000000 1.000000
0.999225 0.007886 -0.038553 -0.000000 -0.013398 0.989361 -0.144864 1.039000 0.037000 0.145268 0.988700 -0.061900 0.000000 0.000000 0.000000 1.000000
0.999210 0.009366 -0.038628 0.000000 -0.015009 0.988799 -0.148498 1.039000 0.036805 0.148961 0.988158 -0.061900 0.000000 0.000000 0.000000 1.000000
0.999195 0.011208 -0.038527 0.000000 -0.016989 0.988056 -0.153154 1.039000 0.036350 0.153685 0.987451 -0.061900 0.000000 0.000000 0.000000 1.000000
0.999192 0.012709 -0.038135 0.000000 -0.018566 0.987357 -0.157422 1.039000 0.035652 0.158003 0.986795 -0.061900 0.000000 0.000000 0.000000 1.000000
0.999195 0.014267 -0.037506 0.000000 -0.020145 0.986691 -0.161351 1.039000 0.034704 0.161976 0.986184 -0.061900 0.000000 0.000000 0.000000 1.000000
0.999195 0.016095 -0.036747 -0.000000 -0.021979 0.985914 -0.165802 1.039000 0.033561 0.166477 0.985474 -0.061900 0.000000 0.000000 0.000000 1.000000
0.999201 0.017954 -0.035718 -0.000000 -0.023797 0.985056 -0.170581 1.039000 0.032122 0.171295 0.984696 -0.061900 0.000000 0.000000 0.000000 1.000000
0.999208 0.019822 -0.034510 0.000000 -0.025578 0.984184 -0.175293 1.039000 0.030489 0.176037 0.983911 -0.061900 0.000000 0.000000 0.000000 1.000000
0.999198 0.021716 -0.033653 -0.000000 -0.027434 0.983273 -0.180058 1.039000 0.029180 0.180837 0.983080 -0.061900 0.000000 0.000000 0.000000 1.000000
0.999176 0.023503 -0.033097 -0.000000 -0.029225 0.982365 -0.184678 1.039000 0.028173 0.185493 0.982242 -0.061900 0.000000 0.000000 0.000000 1.000000
0.999153 0.025168 -0.032541 0.000000 -0.030873 0.981531 -0.188793 1.039000 0.027188 0.189638 0.981478 -0.061900 0.000000 0.000000 0.000000 1.000000
0.999134 0.026626 -0.031960 -0.000000 -0.032308 0.980664 -0.193011 1.039000 0.026203 0.193877 0.980676 -0.061900 0.000000 0.000000 0.000000 1.000000
0.999118 0.027998 -0.031308 0.000000 -0.033650 0.979675 -0.197747 1.039000 0.025135 0.198626 0.979753 -0.061900 0.000000 0.000000 0.000000 1.000000
0.999098 0.029483 -0.030576 0.000000 -0.035078 0.978649 -0.202524 1.039000 0.023952 0.203414 0.978800 -0.061900 0.000000 0.000000 0.000000 1.000000
0.999078 0.030651 -0.030060 0.000000 -0.036230 0.977597 -0.207343 1.039000 0.023031 0.208241 0.977806 -0.061900 0.000000 0.000000 0.000000 1.000000
0.999063 0.031314 -0.029871 0.000000 -0.036952 0.976527 -0.212200 1.039000 0.022525 0.213105 0.976770 -0.061900 0.000000 0.000000 0.000000 1.000000
0.999057 0.031864 -0.029486 0.000000 -0.037508 0.975530 -0.216645 1.039000 0.021862 0.217546 0.975805 -0.061900 0.000000 0.000000 0.000000 1.000000
0.999051 0.032374 -0.029128 0.000000 -0.038018 0.974573 -0.220821 1.039000 0.021238 0.221719 0.974879 -0.061900 0.000000 0.000000 0.000000 1.000000
0.999025 0.032813 -0.029523 0.000000 -0.038630 0.973565 -0.225121 1.039000 0.021356 0.226042 0.973883 -0.061900 0.000000 0.000000 0.000000 1.000000
0.998977 0.033371 -0.030509 0.000000 -0.039489 0.972581 -0.229188 1.039000 0.022024 0.230159 0.972904 -0.061900 0.000000 0.000000 0.000000 1.000000
0.998929 0.033941 -0.031445 -0.000000 -0.040343 0.971690 -0.232791 1.039000 0.022653 0.233811 0.972018 -0.061900 0.000000 0.000000 0.000000 1.000000
0.998904 0.034278 -0.031861 0.000000 -0.040840 0.970942 -0.235803 1.039000 0.022852 0.236845 0.971279 -0.061900 0.000000 0.000000 0.000000 1.000000
0.998909 0.034277 -0.031712 0.000000 -0.040869 0.970260 -0.238592 1.039000 0.022591 0.239628 0.970602 -0.061900 0.000000 0.000000 0.000000 1.000000
0.998935 0.034012 -0.031182 0.000000 -0.040545 0.969603 -0.241303 1.039000 0.022027 0.242310 0.969949 -0.061900 0.000000 0.000000 0.000000 1.000000
0.998969 0.033721 -0.030391 0.000000 -0.040122 0.969049 -0.243588 1.039000 0.021236 0.244556 0.969403 -0.061900 0.000000 0.000000 0.000000 1.000000
0.998999 0.033525 -0.029617 -0.000000 -0.039784 0.968556 -0.245594 1.039000 0.020452 0.246526 0.968920 -0.061900 0.000000 0.000000 0.000000 1.000000
0.999022 0.033251 -0.029139 0.000000 -0.039433 0.968170 -0.247170 1.039000 0.019993 0.248077 0.968534 -0.061900 0.000000 0.000000 0.000000 1.000000
0.999041 0.032720 -0.029094 0.000000 -0.038935 0.967849 -0.248501 1.039000 0.020027 0.249396 0.968195 -0.061900 0.000000 0.000000 0.000000 1.000000
0.999054 0.032201 -0.029219 -0.000000 -0.038480 0.967671 -0.249261 1.039000 0.020248 0.250150 0.967995 -0.061900 0.000000 0.000000 0.000000 1.000000
0.999068 0.031663 -0.029345 0.000000 -0.037980 0.967814 -0.248783 1.039000 0.020523 0.249666 0.968115 -0.061900 0.000000 0.000000 0.000000 1.000000
0.999095 0.030664 -0.029480 0.000000 -0.037015 0.968216 -0.247361 1.039000 0.020958 0.248228 0.968475 -0.061900 0.000000 0.000000 0.000000 1.000000
0.999126 0.029487 -0.029632 0.000000 -0.035872 0.968719 -0.245554 1.039000 0.021464 0.246402 0.968930 -0.061900 0.000000 0.000000 0.000000 1.000000
0.999145 0.028509 -0.029948 0.000000 -0.034943 0.969404 -0.242970 1.039000 0.022105 0.243809 0.969571 -0.061900 0.000000 0.000000 0.000000 1.000000
0.999158 0.027413 -0.030513 0.000000 -0.033930 0.970357 -0.239282 1.039000 0.023049 0.240116 0.970471 -0.061900 0.000000 0.000000 0.000000 1.000000
0.999171 0.026053 -0.031285 0.000000 -0.032695 0.971380 -0.235271 1.039000 0.024261 0.236099 0.971426 -0.061900 0.000000 0.000000 0.000000 1.000000
0.999185 0.024464 -0.032098 0.000000 -0.031235 0.972408 -0.231185 1.039000 0.025557 0.232000 0.972380 -0.061900 0.000000 0.000000 0.000000 1.000000
0.999202 0.022834 -0.032769 0.000000 -0.029688 0.973455 -0.226944 1.039000 0.026718 0.227736 0.973356 -0.061900 0.000000 0.000000 0.000000 1.000000
0.999224 0.021120 -0.033259 0.000000 -0.028026 0.974358 -0.223251 1.039000 0.027692 0.224010 0.974193 -0.061900 0.000000 0.000000 0.000000 1.000000
0.999250 0.019115 -0.033682 0.000000 -0.026061 0.975217 -0.219712 1.039000 0.028648 0.220425 0.974983 -0.061900 0.000000 0.000000 0.000000 1.000000
0.999274 0.017303 -0.033933 0.000000 -0.024216 0.976242 -0.215324 1.039000 0.029402 0.215989 0.975953 -0.061900 0.000000 0.000000 0.000000 1.000000
0.999300 0.015715 -0.033953 0.000000 -0.022517 0.977369 -0.210339 1.039000 0.029879 0.210956 0.977039 -0.061900 0.000000 0.000000 0.000000 1.000000
0.999327 0.013913 -0.033953 0.000000 -0.020598 0.978484 -0.205294 1.039000 0.030366 0.205855 0.978111 -0.061900 0.000000 0.000000 0.000000 1.000000
0.999345 0.012151 -0.034094 -0.000000 -0.018731 0.979637 -0.199902 1.039000 0.030971 0.200409 0.979223 -0.061900 0.000000 0.000000 0.000000 1.000000
0.999354 0.010666 -0.034307 0.000000 -0.017139 0.980787 -0.194325 1.039000 0.031576 0.194788 0.980337 -0.061900 0.000000 0.000000 0.000000 1.000000
0.999376 0.009320 -0.034064 -0.000000 -0.015604 0.981821 -0.189166 1.039000 0.031682 0.189580 0.981354 -0.061900 0.000000 0.000000 0.000000 1.000000
0.999418 0.008097 -0.033151 -0.000000 -0.014085 0.982710 -0.184614 1.039000 0.031083 0.184973 0.982252 -0.061900 0.000000 0.000000 0.000000 1.000000
0.999465 0.007195 -0.031920 0.000000 -0.012855 0.983432 -0.180822 1.039000 0.030090 0.181135 0.982998 -0.061900 0.000000 0.000000 0.000000 1.000000
0.999499 0.006341 -0.031019 -0.000000 -0.011749 0.984067 -0.177410 1.039000 0.029400 0.177685 0.983648 -0.061900 0.000000 0.000000 0.000000 1.000000
0.999519 0.005276 -0.030554 -0.000000 -0.010508 0.984744 -0.173693 1.039000 0.029171 0.173930 0.984326 -0.061900 0.000000 0.000000 0.000000 1.000000
0.999536 0.004189 -0.030175 0.000000 -0.009254 0.985445 -0.169740 1.039000 0.029025 0.169940 0.985027 -0.061900 0.000000 0.000000 0.000000 1.000000
0.999552 0.003255 -0.029741 0.000000 -0.008144 0.986133 -0.165759 1.039000 0.028789 0.165927 0.985718 -0.061900 0.000000 0.000000 0.000000 1.000000
0.999568 0.002313 -0.029295 -0.000000 -0.007015 0.986858 -0.161439 1.039000 0.028536 0.161575 0.986448 -0.061900 0.000000 0.000000 0.000000 1.000000
0.999575 0.001222 -0.029122 -0.000000 -0.005777 0.987609 -0.156826 1.039000 0.028569 0.156927 0.987197 -0.061900 0.000000 0.000000 0.000000 1.000000
0.999570 0.000386 -0.029314 0.000000 -0.004843 0.988346 -0.152145 1.039000 0.028914 0.152221 0.987923 -0.061900 0.000000 0.000000 0.000000 1.000000
0.999565 0.000042 -0.029482 0.000000 -0.004388 0.989072 -0.147369 1.039000 0.029153 0.147435 0.988642 -0.061900 0.000000 0.000000 0.000000 1.000000
0.999564 -0.000123 -0.029525 0.000000 -0.004090 0.989777 -0.142565 1.039000 0.029240 0.142623 0.989345 -0.061900 0.000000 0.000000 0.000000 1.000000
0.999558 -0.000674 -0.029730 0.000000 -0.003454 0.990348 -0.138562 1.039000 0.029537 0.138603 0.989907 -0.061900 0.000000 0.000000 0.000000 1.000000
0.999552 -0.001722 -0.029894 0.000000 -0.002370 0.990666 -0.136291 1.039000 0.029850 0.136301 0.990218 -0.061900 0.000000 0.000000 0.000000 1.000000
0.999545 -0.002635 -0.030045 0.000000 -0.001445 0.990849 -0.134966 1.039000 0.030126 0.134948 0.990395 -0.061900 0.000000 0.000000 0.000000 1.000000
