<?xml version="1.0" encoding="utf-8"?>
<COLLADA xmlns="http://www.collada.org/2005/11/COLLADASchema" version="1.4.1">
  <asset>
    <contributor>
      <authoring_tool>FBX COLLADA exporter</authoring_tool>
    </contributor>
    <created>2020-06-06T17:01:48Z</created>
    <modified>2020-06-06T17:01:48Z</modified>
    <unit meter="0.010000" name="centimeter"/>
    <up_axis>Y_UP</up_axis>
  </asset>
  <library_animations>
    <animation id="mixamorig_Hips-anim" name="mixamorig_Hips">
      <animation>
        <source id="mixamorig_Hips-Matrix-animation-input">
          <float_array id="mixamorig_Hips-Matrix-animation-input-array" count="28">

0.000000 0.033333 0.066667 0.100000 0.133333 0.166667 0.200000 0.233333 0.266667 0.300000 0.333333 0.366667 0.400000 0.433333 0.466667 0.500000
0.533333 0.566667 0.600000 0.633333 0.666667 0.700000 0.733333 0.766667 0.800000 0.833333 0.866667 0.900000</float_array>
          <technique_common>
            <accessor source="#mixamorig_Hips-Matrix-animation-input-array" count="28">
              <param name="TIME" type="float"/>
            </accessor>
          </technique_common>
        </source>
        <source id="mixamorig_Hips-Matrix-animation-output-transform">
          <float_array id="mixamorig_Hips-Matrix-animation-output-transform-array" count="448">

0.465283 -0.079698 -0.881567 0.020038 0.022401 0.996680 -0.078281 0.582907 0.884879 0.016675 0.465523 0.052007 0.000000 0.000000 0.000000 1.000000
0.437863 -0.092335 -0.894288 0.020756 -0.005806 0.994401 -0.105515 0.560870 0.899023 0.051393 0.434875 0.052007 0.000000 0.000000 0.000000 1.000000
0.407433 -0.108788 -0.906732 0.021127 -0.035943 0.990200 -0.134953 0.538029 0.912527 0.087575 0.399530 0.052007 0.000000 0.000000 0.000000 1.000000
0.376727 -0.127323 -0.917533 0.021019 -0.066683 0.984212 -0.163955 0.519723 0.923921 0.122950 0.362289 0.052007 0.000000 0.000000 0.000000 1.000000
0.348453 -0.145766 -0.925923 0.020094 -0.096153 0.977064 -0.190002 0.510613 0.932381 0.155237 0.326445 0.052007 0.000000 0.000000 0.000000 1.000000
0.325885 -0.159411 -0.931873 0.018855 -0.127857 0.969195 -0.210509 0.519994 0.936724 0.187748 0.295465 0.052007 0.000000 0.000000 0.000000 1.000000
0.310956 -0.171135 -0.934890 0.014971 -0.146031 0.963372 -0.224920 0.540200 0.939139 0.206463 0.274575 0.052007 0.000000 0.000000 0.000000 1.000000
0.304635 -0.177517 -0.935781 0.010730 -0.149967 0.961285 -0.231175 0.567898 0.940589 0.210760 0.266219 0.052007 0.000000 0.000000 0.000000 1.000000
0.308842 -0.174432 -0.934981 0.004985 -0.130889 0.965891 -0.223433 0.595698 0.942064 0.191385 0.275476 0.052007 0.000000 0.000000 0.000000 1.000000
0.328310 -0.165320 -0.929990 -0.002027 -0.100277 0.972901 -0.208348 0.616387 0.939232 0.161660 0.302835 0.052007 0.000000 0.000000 0.000000 1.000000
0.365045 -0.143476 -0.919868 -0.005135 -0.084488 0.978871 -0.186207 0.622102 0.927148 0.145692 0.345211 0.052007 0.000000 0.000000 0.000000 1.000000
0.410213 -0.108618 -0.905499 -0.006469 -0.073408 0.985728 -0.151497 0.624715 0.909030 0.128617 0.396385 0.052007 0.000000 0.000000 0.000000 1.000000
0.462768 -0.088904 -0.882010 -0.007243 -0.032463 0.992591 -0.117083 0.617868 0.885885 0.082815 0.456453 0.052007 0.000000 0.000000 0.000000 1.000000
0.512616 -0.067233 -0.855982 -0.008948 -0.001953 0.996836 -0.079466 0.600461 0.858617 0.042407 0.510862 0.052007 0.000000 0.000000 0.000000 1.000000
0.567909 -0.071347 -0.819993 -0.013631 0.064107 0.997044 -0.042352 0.595847 0.820590 -0.028515 0.570805 0.052007 0.000000 0.000000 0.000000 1.000000
0.586058 -0.106933 -0.803182 -0.015255 0.163971 0.986396 -0.011681 0.596781 0.793505 -0.124853 0.595619 0.052007 0.000000 0.000000 0.000000 1.000000
0.518980 -0.142917 -0.842754 -0.010425 0.228865 0.973160 -0.024093 0.589360 0.823578 -0.180373 0.537759 0.052007 0.000000 0.000000 0.000000 1.000000
0.402295 -0.158616 -0.901665 -0.001823 0.226843 0.971436 -0.069679 0.570015 0.886961 -0.176505 0.426785 0.052007 0.000000 0.000000 0.000000 1.000000
0.326759 -0.159750 -0.931509 0.005719 0.204955 0.974134 -0.095165 0.550702 0.922617 -0.159821 0.351049 0.052007 0.000000 0.000000 0.000000 1.000000
0.321686 -0.146219 -0.935488 0.016246 0.162779 0.981834 -0.097489 0.528687 0.932749 -0.120917 0.339644 0.052007 0.000000 0.000000 0.000000 1.000000
0.344288 -0.129589 -0.929878 0.023490 0.122500 0.988162 -0.092356 0.521601 0.930838 -0.082113 0.356087 0.052007 0.000000 0.000000 0.000000 1.000000
0.382578 -0.111487 -0.917172 0.025618 0.085065 0.992727 -0.085188 0.535488 0.919999 -0.045428 0.389279 0.052007 0.000000 0.000000 0.000000 1.000000
0.426194 -0.094365 -0.899696 0.023786 0.052616 0.995447 -0.079484 0.558732 0.903100 -0.013463 0.429219 0.052007 0.000000 0.000000 0.000000 1.000000
0.465283 -0.079698 -0.881567 0.020038 0.022401 0.996680 -0.078281 0.582906 0.884878 0.016675 0.465523 0.052007 0.000000 0.000000 0.000000 1.000000
0.465283 -0.079698 -0.881567 0.020038 0.022401 0.996680 -0.078281 0.582906 0.884878 0.016675 0.465524 0.052007 0.000000 0.000000 0.000000 1.000000
0.465283 -0.079698 -0.881567 0.020038 0.022401 0.996680 -0.078281 0.582906 0.884878 0.016675 0.465524 0.052007 0.000000 0.000000 0.000000 1.000000
0.465283 -0.079698 -0.881567 0.020038 0.022401 0.996680 -0.078281 0.582906 0.884878 0.016675 0.465524 0.052007 0.000000 0.000000 0.000000 1.000000
0.465283 -0.079698 -0.881567 0.020038 0.022401 0.996680 -0.078281 0.582906 0.884878 0.016675 0.465524 0.052007 0.000000 0.000000 0.000000 1.000000</float_array>
          <technique_common>
            <accessor source="#mixamorig_Hips-Matrix-animation-output-transform-array" count="28" stride="16">
              <param type="float4x4"/>
            </accessor>
          </technique_common>
        </source>
        <source id="mixamorig_Hips-Interpolations">
          <Name_array id="mixamorig_Hips-Interpolations-array" count="28">
 LINEAR LINEAR LINEAR LINEAR LINEAR LINEAR LINEAR LINEAR LINEAR LINEAR LINEAR
LINEAR LINEAR LINEAR LINEAR LINEAR LINEAR LINEAR LINEAR LINEAR LINEAR LINEAR LINEAR
LINEAR LINEAR LINEAR LINEAR LINEAR</Name_array>
          <technique_common>
            <accessor source="#mixamorig_Hips-Interpolations-array" count="28">
              <param type="name"/>
            </accessor>
          </technique_common>
        </source>
        <sampler id="mixamorig_Hips-Matrix-animation-transform">
          <input semantic="INPUT" source="#mixamorig_Hips-Matrix-animation-input"/>
          <input semantic="OUTPUT" source="#mixamorig_Hips-Matrix-animation-output-transform"/>
          <input semantic="INTERPOLATION" source="#mixamorig_Hips-Interpolations"/>
        </sampler>
        <channel source="#mixamorig_Hips-Matrix-animation-transform" target="mixamorig_Hips/matrix"/>
      </animation>
    </animation>
    <animation id="mixamorig_Spine-anim" name="mixamorig_Spine">
      <animation>
        <source id="mixamorig_Spine-Matrix-animation-input">
          <float_array id="mixamorig_Spine-Matrix-animation-input-array" count="28">

0.000000 0.033333 0.066667 0.100000 0.133333 0.166667 0.200000 0.233333 0.266667 0.300000 0.333333 0.366667 0.400000 0.433333 0.466667 0.500000
0.533333 0.566667 0.600000 0.633333 0.666667 0.700000 0.733333 0.766667 0.800000 0.833333 0.866667 0.900000</float_array>
          <technique_common>
            <accessor source="#mixamorig_Spine-Matrix-animation-input-array" count="28">
              <param name="TIME" type="float"/>
            </accessor>
          </technique_common>
        </source>
        <source id="mixamorig_Spine-Matrix-animation-output-transform">
          <float_array id="mixamorig_Spine-Matrix-animation-output-transform-array" count="448">

0.997658 0.067878 -0.008388 -0.000000 -0.066071 0.924797 -0.374680 0.080600 -0.017675 0.374357 0.927116 0.009800 0.000000 0.000000 0.000000 1.000000
0.997575 0.067398 -0.017371 0.000000 -0.068885 0.920369 -0.384935 0.080600 -0.009956 0.385198 0.922780 0.009800 0.000000 0.000000 0.000000 1.000000
0.996863 0.073849 -0.028453 0.000000 -0.079079 0.915271 -0.395001 0.080600 -0.003128 0.396012 0.918240 0.009800 0.000000 0.000000 0.000000 1.000000
0.995628 0.084048 -0.040743 -0.000000 -0.093345 0.910658 -0.402477 0.080600 0.003276 0.404521 0.914523 0.009800 0.000000 0.000000 0.000000 1.000000
0.994094 0.094493 -0.053369 0.000000 -0.108000 0.909616 -0.401165 0.080600 0.010638 0.404560 0.914449 0.009800 0.000000 0.000000 0.000000 1.000000
0.993327 0.097036 -0.062329 -0.000000 -0.113674 0.915016 -0.387071 0.080600 0.019472 0.391573 0.919941 0.009800 0.000000 0.000000 0.000000 1.000000
0.993404 0.099689 -0.056669 -0.000000 -0.113564 0.923768 -0.365726 0.080600 0.015890 0.369749 0.928996 0.009800 0.000000 0.000000 0.000000 1.000000
0.994936 0.098487 0.020071 0.000000 -0.085352 0.933320 -0.348754 0.080600 -0.053080 0.345275 0.936999 0.009800 0.000000 0.000000 0.000000 1.000000
0.994022 0.088713 0.063639 -0.000000 -0.062847 0.941571 -0.330899 0.080600 -0.089276 0.324921 0.941518 0.009800 0.000000 0.000000 0.000000 1.000000
0.994925 0.073249 0.068986 0.000000 -0.047237 0.945376 -0.322543 0.080600 -0.088844 0.317647 0.944038 0.009800 0.000000 0.000000 0.000000 1.000000
0.997154 0.046016 0.059719 0.000000 -0.023028 0.940168 -0.339932 0.080600 -0.071788 0.337589 0.938552 0.009800 0.000000 0.000000 0.000000 1.000000
0.998969 0.015715 0.042587 0.000000 0.001264 0.928168 -0.372159 0.080600 -0.045376 0.371829 0.927192 0.009800 0.000000 0.000000 0.000000 1.000000
0.998912 0.046525 0.003273 -0.000000 -0.041176 0.912682 -0.406590 0.080600 -0.021904 0.406013 0.913605 0.009800 0.000000 0.000000 0.000000 1.000000
0.995306 0.094878 -0.019100 0.000000 -0.093706 0.895357 -0.435380 0.080600 -0.024207 0.435126 0.900044 0.009800 0.000000 0.000000 0.000000 1.000000
0.987286 0.150761 -0.050363 0.000000 -0.157141 0.878096 -0.451944 0.080600 -0.023912 0.454113 0.890623 0.009800 0.000000 0.000000 0.000000 1.000000
0.980212 0.183654 -0.073863 0.000000 -0.196892 0.866006 -0.459639 0.080600 -0.020449 0.465087 0.885029 0.009800 0.000000 0.000000 0.000000 1.000000
0.975043 0.216546 -0.048970 -0.000000 -0.215480 0.869920 -0.443628 0.080600 -0.053466 0.443109 0.894871 0.009800 0.000000 0.000000 0.000000 1.000000
0.976230 0.216684 0.004783 0.000000 -0.200031 0.909260 -0.365012 0.080600 -0.083442 0.355379 0.930991 0.009800 0.000000 0.000000 0.000000 1.000000
0.981493 0.190260 0.021722 0.000000 -0.172129 0.926244 -0.335327 0.080600 -0.083919 0.325383 0.941851 0.009800 0.000000 0.000000 0.000000 1.000000
0.990029 0.139305 0.020899 0.000000 -0.121621 0.920177 -0.372134 0.080600 -0.071071 0.365881 0.927944 0.009800 0.000000 0.000000 0.000000 1.000000
0.994931 0.099401 0.015208 0.000000 -0.084820 0.910806 -0.404027 0.080600 -0.054012 0.400689 0.914621 0.009800 0.000000 0.000000 0.000000 1.000000
0.996877 0.078551 0.008098 0.000000 -0.068524 0.911444 -0.405677 0.080600 -0.039247 0.403855 0.913981 0.009800 0.000000 0.000000 0.000000 1.000000
0.997470 0.071082 -0.000704 -0.000000 -0.065732 0.918541 -0.389823 0.080600 -0.027063 0.388883 0.920889 0.009800 0.000000 0.000000 0.000000 1.000000
0.997658 0.067876 -0.008391 0.000000 -0.066070 0.924797 -0.374680 0.080600 -0.017672 0.374357 0.927116 0.009800 0.000000 0.000000 0.000000 1.000000
0.997658 0.067876 -0.008391 0.000000 -0.066070 0.924797 -0.374680 0.080600 -0.017672 0.374357 0.927116 0.009800 0.000000 0.000000 0.000000 1.000000
0.997658 0.067876 -0.008391 0.000000 -0.066070 0.924797 -0.374680 0.080600 -0.017672 0.374357 0.927116 0.009800 0.000000 0.000000 0.000000 1.000000
0.997658 0.067876 -0.008391 0.000000 -0.066070 0.924797 -0.374680 0.080600 -0.017672 0.374357 0.927116 0.009800 0.000000 0.000000 0.000000 1.000000
0.997658 0.067876 -0.008391 0.000000 -0.066070 0.924797 -0.374680 0.080600 -0.017672 0.374357 0.927116 0.009800 0.000000 0.000000 0.000000 1.000000</float_array>
          <technique_common>
            <accessor source="#mixamorig_Spine-Matrix-animation-output-transform-array" count="28" stride="16">
              <param type="float4x4"/>
            </accessor>
          </technique_common>
        </source>
        <source id="mixamorig_Spine-Interpolations">
          <Name_array id="mixamorig_Spine-Interpolations-array" count="28">
 LINEAR LINEAR LINEAR LINEAR LINEAR LINEAR LINEAR LINEAR LINEAR LINEAR LINEAR
LINEAR LINEAR LINEAR LINEAR LINEAR LINEAR LINEAR LINEAR LINEAR LINEAR LINEAR LINEAR
LINEAR LINEAR LINEAR LINEAR LINEAR</Name_array>
          <technique_common>
            <accessor source="#mixamorig_Spine-Interpolations-array" count="28">
              <param type="name"/>
            </accessor>
          </technique_common>
        </source>
        <sampler id="mixamorig_Spine-Matrix-animation-transform">
          <input semantic="INPUT" source="#mixamorig_Spine-Matrix-animation-input"/>
          <input semantic="OUTPUT" source="#mixamorig_Spine-Matrix-animation-output-transform"/>
          <input semantic="INTERPOLATION" source="#mixamorig_Spine-Interpolations"/>
        </sampler>
        <channel source="#mixamorig_Spine-Matrix-animation-transform" target="mixamorig_Spine/matrix"/>
      </animation>
    </animation>
    <animation id="mixamorig_Spine1-anim" name="mixamorig_Spine1">
      <animation>
        <source id="mixamorig_Spine1-Matrix-animation-input">
          <float_array id="mixamorig_Spine1-Matrix-animation-input-array" count="28">

0.000000 0.033333 0.066667 0.100000 0.133333 0.166667 0.200000 0.233333 0.266667 0.300000 0.333333 0.366667 0.400000 0.433333 0.466667 0.500000
0.533333 0.566667 0.600000 0.633333 0.666667 0.700000 0.733333 0.766667 0.800000 0.833333 0.866667 0.900000</float_array>
          <technique_common>
            <accessor source="#mixamorig_Spine1-Matrix-animation-input-array" count="28">
              <param name="TIME" type="float"/>
            </accessor>
          </technique_common>
        </source>
        <source id="mixamorig_Spine1-Matrix-animation-output-transform">
          <float_array id="mixamorig_Spine1-Matrix-animation-output-transform-array" count="448">

0.998755 0.049718 0.004012 -0.000000 -0.049049 0.993556 -0.102176 0.094700 -0.009066 0.101852 0.994758 0.000000 0.000000 0.000000 0.000000 1.000000
0.998727 0.050378 0.002386 0.000000 -0.049812 0.992705 -0.109794 0.094700 -0.007900 0.109535 0.993952 0.000000 0.000000 0.000000 0.000000 1.000000
0.998630 0.052326 0.000337 -0.000000 -0.051922 0.991670 -0.117875 0.094700 -0.006502 0.117696 0.993028 0.000000 0.000000 0.000000 0.000000 1.000000
0.998522 0.054334 -0.001552 0.000000 -0.054104 0.990737 -0.124553 0.094700 -0.005230 0.124453 0.992212 0.000000 0.000000 0.000000 0.000000 1.000000
0.998530 0.054140 -0.002773 0.000000 -0.054051 0.990353 -0.127589 0.094700 -0.004161 0.127551 0.991823 -0.000000 0.000000 0.000000 0.000000 1.000000
0.998717 0.050579 -0.002393 -0.000000 -0.050486 0.991018 -0.123829 0.094700 -0.003892 0.123791 0.992301 -0.000000 0.000000 0.000000 0.000000 1.000000
0.998982 0.044918 0.004073 -0.000000 -0.044157 0.992443 -0.114487 0.094700 -0.009185 0.114191 0.993416 -0.000000 0.000000 0.000000 0.000000 1.000000
0.999134 0.038357 0.016104 0.000000 -0.036398 0.993475 -0.108085 0.094700 -0.020145 0.107405 0.994011 -0.000000 0.000000 0.000000 0.000000 1.000000
0.999104 0.033610 0.025733 -0.000000 -0.030707 0.993901 -0.105917 0.094700 -0.029136 0.105032 0.994042 0.000000 0.000000 0.000000 0.000000 1.000000
0.998997 0.035485 0.027297 -0.000000 -0.032372 0.993723 -0.107079 0.094700 -0.030925 0.106088 0.993876 -0.000000 0.000000 0.000000 0.000000 1.000000
0.998990 0.039219 0.021942 0.000000 -0.036410 0.992542 -0.116342 0.094700 -0.026341 0.115425 0.992967 -0.000000 0.000000 0.000000 0.000000 1.000000
0.998930 0.044175 0.013661 0.000000 -0.041993 0.990376 -0.131876 0.094700 -0.019355 0.131161 0.991172 0.000000 0.000000 0.000000 0.000000 1.000000
0.999425 0.032734 0.008868 -0.000000 -0.031041 0.988257 -0.149612 0.094700 -0.013661 0.149251 0.988705 0.000000 0.000000 0.000000 0.000000 1.000000
0.999943 0.006057 0.008830 -0.000000 -0.004472 0.985502 -0.169602 0.094700 -0.009729 0.169553 0.985473 0.000000 0.000000 0.000000 0.000000 1.000000
0.999864 -0.014252 0.008329 0.000000 0.015558 0.982264 -0.186857 0.094700 -0.005518 0.186961 0.982352 -0.000000 0.000000 0.000000 0.000000 1.000000
0.999993 0.003510 -0.001355 0.000000 -0.003706 0.981003 -0.193958 0.094700 0.000648 0.193962 0.981009 0.000000 0.000000 0.000000 0.000000 1.000000
0.999093 0.040735 -0.012412 0.000000 -0.042406 0.978331 -0.202657 0.094700 0.003888 0.202999 0.979171 -0.000000 0.000000 0.000000 0.000000 1.000000
0.998045 0.060548 -0.015476 0.000000 -0.062492 0.969165 -0.238356 0.094700 0.000567 0.238858 0.971054 0.000000 0.000000 0.000000 0.000000 1.000000
0.997389 0.070080 -0.017424 -0.000000 -0.072213 0.968564 -0.238054 0.094700 0.000194 0.238691 0.971096 -0.000000 0.000000 0.000000 0.000000 1.000000
0.996899 0.076764 -0.017294 0.000000 -0.078669 0.977097 -0.197716 0.094700 0.001720 0.198464 0.980107 0.000000 0.000000 0.000000 0.000000 1.000000
0.996888 0.077561 -0.014069 0.000000 -0.078807 0.984583 -0.156161 0.094700 0.001740 0.156784 0.987631 -0.000000 0.000000 0.000000 0.000000 1.000000
0.997513 0.070014 -0.008055 0.000000 -0.070465 0.988861 -0.131104 0.094700 -0.001214 0.131346 0.991336 0.000000 0.000000 0.000000 0.000000 1.000000
0.998239 0.059299 -0.001562 0.000000 -0.059082 0.991546 -0.115526 0.094700 -0.005302 0.115415 0.993303 0.000000 0.000000 0.000000 0.000000 1.000000
0.998755 0.049718 0.004012 -0.000000 -0.049049 0.993556 -0.102176 0.094700 -0.009066 0.101852 0.994758 -0.000000 0.000000 0.000000 0.000000 1.000000
0.998755 0.049718 0.004012 -0.000000 -0.049049 0.993556 -0.102176 0.094700 -0.009066 0.101852 0.994758 -0.000000 0.000000 0.000000 0.000000 1.000000
0.998755 0.049718 0.004012 -0.000000 -0.049049 0.993556 -0.102176 0.094700 -0.009066 0.101852 0.994758 -0.000000 0.000000 0.000000 0.000000 1.000000
0.998755 0.049718 0.004012 -0.000000 -0.049049 0.993556 -0.102176 0.094700 -0.009066 0.101852 0.994758 -0.000000 0.000000 0.000000 0.000000 1.000000
0.998755 0.049718 0.004012 -0.000000 -0.049049 0.993556 -0.102176 0.094700 -0.009066 0.101852 0.994758 -0.000000 0.000000 0.000000 0.000000 1.000000</float_array>
          <technique_common>
            <accessor source="#mixamorig_Spine1-Matrix-animation-output-transform-array" count="28" stride="16">
              <param type="float4x4"/>
            </accessor>
          </technique_common>
        </source>
        <source id="mixamorig_Spine1-Interpolations">
          <Name_array id="mixamorig_Spine1-Interpolations-array" count="28">
 LINEAR LINEAR LINEAR LINEAR LINEAR LINEAR LINEAR LINEAR LINEAR LINEAR LINEAR
LINEAR LINEAR LINEAR LINEAR LINEAR LINEAR LINEAR LINEAR LINEAR LINEAR LINEAR LINEAR
LINEAR LINEAR LINEAR LINEAR LINEAR</Name_array>
          <technique_common>
            <accessor source="#mixamorig_Spine1-Interpolations-array" count="28">
              <param type="name"/>
            </accessor>
          </technique_common>
        </source>
        <sampler id="mixamorig_Spine1-Matrix-animation-transform">
          <input semantic="INPUT" source="#mixamorig_Spine1-Matrix-animation-input"/>
          <input semantic="OUTPUT" source="#mixamorig_Spine1-Matrix-animation-output-transform"/>
          <input semantic="INTERPOLATION" source="#mixamorig_Spine1-Interpolations"/>
        </sampler>
        <channel source="#mixamorig_Spine1-Matrix-animation-transform" target="mixamorig_Spine1/matrix"/>
      </animation>
    </animation>
    <animation id="mixamorig_Spine2-anim" name="mixamorig_Spine2">
      <animation>
        <source id="mixamorig_Spine2-Matrix-animation-input">
          <float_array id="mixamorig_Spine2-Matrix-animation-input-array" count="28">

0.000000 0.033333 0.066667 0.100000 0.133333 0.166667 0.200000 0.233333 0.266667 0.300000 0.333333 0.366667 0.400000 0.433333 0.466667 0.500000
0.533333 0.566667 0.600000 0.633333 0.666667 0.700000 0.733333 0.766667 0.800000 0.833333 0.866667 0.900000</float_array>
          <technique_common>
            <accessor source="#mixamorig_Spine2-Matrix-animation-input-array" count="28">
              <param name="TIME" type="float"/>
            </accessor>
          </technique_common>
        </source>
        <source id="mixamorig_Spine2-Matrix-animation-output-transform">
          <float_array id="mixamorig_Spine2-Matrix-animation-output-transform-array" count="448">

0.998694 0.050814 0.005243 0.000000 -0.050015 0.993516 -0.102098 0.108300 -0.010397 0.101703 0.994760 -0.000000 0.000000 0.000000 0.000000 1.000000
0.998627 0.052313 0.002675 0.000000 -0.051753 0.993249 -0.103822 0.108300 -0.008088 0.103541 0.994592 -0.000000 0.000000 0.000000 0.000000 1.000000
0.998403 0.056487 -0.000876 0.000000 -0.056255 0.992638 -0.107259 0.108300 -0.005189 0.107137 0.994231 0.000000 0.000000 0.000000 0.000000 1.000000
0.998099 0.061470 -0.004354 -0.000000 -0.061577 0.992079 -0.109484 0.108300 -0.002410 0.109544 0.993979 0.000000 0.000000 0.000000 0.000000 1.000000
0.997847 0.065214 -0.006974 0.000000 -0.065584 0.993015 -0.098077 0.108300 0.000529 0.098323 0.995154 0.000000 0.000000 0.000000 0.000000 1.000000
0.997807 0.065806 -0.007085 -0.000000 -0.066145 0.995251 -0.071413 0.108300 0.002352 0.071725 0.997422 0.000000 0.000000 0.000000 0.000000 1.000000
0.998216 0.059701 0.000824 -0.000000 -0.059555 0.996572 -0.057423 0.108300 -0.004249 0.057271 0.998350 0.000000 0.000000 0.000000 0.000000 1.000000
0.998719 0.048461 0.014545 0.000000 -0.047529 0.997141 -0.058745 0.108300 -0.017350 0.057978 0.998167 0.000000 0.000000 0.000000 0.000000 1.000000
0.998969 0.037660 0.025342 -0.000000 -0.035918 0.997174 -0.065978 0.108300 -0.027755 0.065000 0.997499 0.000000 0.000000 0.000000 0.000000 1.000000
0.998968 0.036837 0.026565 -0.000000 -0.034587 0.996140 -0.080680 0.108300 -0.029434 0.079678 0.996386 0.000000 0.000000 0.000000 0.000000 1.000000
0.998960 0.040287 0.021369 0.000000 -0.037921 0.994114 -0.101481 0.108300 -0.025332 0.100565 0.994608 0.000000 0.000000 0.000000 0.000000 1.000000
0.998894 0.044504 0.015197 0.000000 -0.042327 0.991643 -0.121875 0.108300 -0.020494 0.121097 0.992429 -0.000000 0.000000 0.000000 0.000000 1.000000
0.999341 0.033846 0.013123 0.000000 -0.031744 0.990148 -0.136380 0.108300 -0.017610 0.135874 0.990570 0.000000 0.000000 0.000000 0.000000 1.000000
0.999835 0.009600 0.015404 -0.000000 -0.007195 0.988781 -0.149201 0.108300 -0.016663 0.149065 0.988687 -0.000000 0.000000 0.000000 0.000000 1.000000
0.999820 -0.008985 0.016730 0.000000 0.011531 0.987222 -0.158934 0.108300 -0.015088 0.159098 0.987148 0.000000 0.000000 0.000000 0.000000 1.000000
0.999937 0.005270 0.009867 0.000000 -0.003590 0.986598 -0.163129 0.108300 -0.010594 0.163083 0.986556 -0.000000 0.000000 0.000000 0.000000 1.000000
0.999177 0.040545 0.001404 0.000000 -0.039675 0.983789 -0.174885 0.108300 -0.008472 0.174685 0.984588 0.000000 0.000000 0.000000 0.000000 1.000000
0.997903 0.064660 0.002945 0.000000 -0.062485 0.974204 -0.216844 0.108300 -0.016890 0.216206 0.976202 0.000000 0.000000 0.000000 0.000000 1.000000
0.997169 0.075195 0.000228 0.000000 -0.073303 0.972744 -0.219991 0.108300 -0.016764 0.219352 0.975502 0.000000 0.000000 0.000000 0.000000 1.000000
0.996917 0.078325 -0.004561 0.000000 -0.077841 0.980130 -0.182442 0.108300 -0.009819 0.182235 0.983206 -0.000000 0.000000 0.000000 0.000000 1.000000
0.997044 0.076601 -0.006002 0.000000 -0.076664 0.986550 -0.144370 0.108300 -0.005138 0.144403 0.989506 0.000000 0.000000 0.000000 0.000000 1.000000
0.997604 0.069116 -0.002948 0.000000 -0.068951 0.989964 -0.123361 0.108300 -0.005608 0.123269 0.992357 0.000000 0.000000 0.000000 0.000000 1.000000
0.998233 0.059403 0.001421 -0.000000 -0.058872 0.991983 -0.111823 0.108300 -0.008052 0.111542 0.993727 0.000000 0.000000 0.000000 0.000000 1.000000
0.998694 0.050815 0.005243 0.000000 -0.050015 0.993516 -0.102099 0.108300 -0.010397 0.101703 0.994760 0.000000 0.000000 0.000000 0.000000 1.000000
0.998694 0.050814 0.005243 0.000000 -0.050015 0.993516 -0.102099 0.108300 -0.010397 0.101703 0.994760 0.000000 0.000000 0.000000 0.000000 1.000000
0.998694 0.050814 0.005243 0.000000 -0.050015 0.993516 -0.102099 0.108300 -0.010397 0.101703 0.994760 0.000000 0.000000 0.000000 0.000000 1.000000
0.998694 0.050814 0.005243 0.000000 -0.050015 0.993516 -0.102099 0.108300 -0.010397 0.101703 0.994760 0.000000 0.000000 0.000000 0.000000 1.000000
0.998694 0.050814 0.005243 0.000000 -0.050015 0.993516 -0.102099 0.108300 -0.010397 0.101703 0.994760 0.000000 0.000000 0.000000 0.000000 1.000000</float_array>
          <technique_common>
            <accessor source="#mixamorig_Spine2-Matrix-animation-output-transform-array" count="28" stride="16">
              <param type="float4x4"/>
            </accessor>
          </technique_common>
        </source>
        <source id="mixamorig_Spine2-Interpolations">
          <Name_array id="mixamorig_Spine2-Interpolations-array" count="28">
 LINEAR LINEAR LINEAR LINEAR LINEAR LINEAR LINEAR LINEAR LINEAR LINEAR LINEAR
LINEAR LINEAR LINEAR LINEAR LINEAR LINEAR LINEAR LINEAR LINEAR LINEAR LINEAR LINEAR
LINEAR LINEAR LINEAR LINEAR LINEAR</Name_array>
          <technique_common>
            <accessor source="#mixamorig_Spine2-Interpolations-array" count="28">
              <param type="name"/>
            </accessor>
          </technique_common>
        </source>
        <sampler id="mixamorig_Spine2-Matrix-animation-transform">
          <input semantic="INPUT" source="#mixamorig_Spine2-Matrix-animation-input"/>
          <input semantic="OUTPUT" source="#mixamorig_Spine2-Matrix-animation-output-transform"/>
          <input semantic="INTERPOLATION" source="#mixamorig_Spine2-Interpolations"/>
        </sampler>
        <channel source="#mixamorig_Spine2-Matrix-animation-transform" target="mixamorig_Spine2/matrix"/>
      </animation>
    </animation>
    <animation id="mixamorig_Neck-anim" name="mixamorig_Neck">
      <animation>
        <source id="mixamorig_Neck-Matrix-animation-input">
          <float_array id="mixamorig_Neck-Matrix-animation-input-array" count="24">

0.000000 0.033333 0.066667 0.100000 0.133333 0.166667 0.200000 0.233333 0.266667 0.300000 0.333333 0.366667 0.400000 0.433333 0.466667 0.500000
0.533333 0.566667 0.600000 0.633333 0.666667 0.700000 0.733333 0.766667</float_array>
          <technique_common>
            <accessor source="#mixamorig_Neck-Matrix-animation-input-array" count="24">
              <param name="TIME" type="float"/>
            </accessor>
          </technique_common>
        </source>
        <source id="mixamorig_Neck-Matrix-animation-output-transform">
          <float_array id="mixamorig_Neck-Matrix-animation-output-transform-array" count="384">

0.997545 -0.065349 0.025156 0.000000 0.059668 0.981292 0.183045 0.121800 -0.036647 -0.181095 0.982783 -0.000000 0.000000 0.000000 0.000000 1.000000
0.997581 -0.064764 0.025255 0.000000 0.059050 0.981207 0.183703 0.121800 -0.036678 -0.181767 0.982657 0.000000 0.000000 0.000000 0.000000 1.000000
0.997620 -0.064118 0.025368 0.000000 0.058377 0.981159 0.184169 0.121800 -0.036699 -0.182250 0.982567 0.000000 0.000000 0.000000 0.000000 1.000000
0.997651 -0.063588 0.025457 0.000000 0.057824 0.981113 0.184589 0.121800 -0.036714 -0.182683 0.982486 0.000000 0.000000 0.000000 0.000000 1.000000
0.997644 -0.063703 0.025444 0.000000 0.057947 0.981144 0.184386 0.121800 -0.036710 -0.182477 0.982525 0.000000 0.000000 0.000000 0.000000 1.000000
0.997572 -0.064843 0.025416 -0.000000 0.059097 0.981195 0.183750 0.121800 -0.036853 -0.181802 0.982644 0.000000 0.000000 0.000000 0.000000 1.000000
0.997394 -0.067675 0.025003 0.000000 0.061955 0.981005 0.183824 0.121800 -0.036968 -0.181796 0.982641 -0.000000 0.000000 0.000000 0.000000 1.000000
0.997219 -0.070358 0.024575 -0.000000 0.064653 0.980741 0.184302 0.121800 -0.037069 -0.182201 0.982562 -0.000000 0.000000 0.000000 0.000000 1.000000
0.997221 -0.070322 0.024615 0.000000 0.064620 0.980789 0.184058 0.121800 -0.037085 -0.181956 0.982607 -0.000000 0.000000 0.000000 0.000000 1.000000
0.997299 -0.069117 0.024830 0.000000 0.063425 0.981012 0.183281 0.121800 -0.037026 -0.181211 0.982747 0.000000 0.000000 0.000000 0.000000 1.000000
0.997386 -0.067795 0.024996 0.000000 0.062025 0.980757 0.185116 0.121800 -0.037065 -0.183082 0.982399 -0.000000 0.000000 0.000000 0.000000 1.000000
0.997505 -0.065951 0.025192 -0.000000 0.060106 0.980525 0.186972 0.121800 -0.037032 -0.184991 0.982042 0.000000 0.000000 0.000000 0.000000 1.000000
0.997651 -0.063556 0.025543 -0.000000 0.057682 0.980642 0.187119 0.121800 -0.036941 -0.185206 0.982005 -0.000000 0.000000 0.000000 0.000000 1.000000
0.997769 -0.061556 0.025854 0.000000 0.055704 0.980989 0.185898 0.121800 -0.036806 -0.184043 0.982229 0.000000 0.000000 0.000000 0.000000 1.000000
0.997732 -0.062207 0.025704 0.000000 0.056410 0.981143 0.184867 0.121800 -0.036719 -0.182998 0.982427 0.000000 0.000000 0.000000 0.000000 1.000000
0.997458 -0.066777 0.024853 0.000000 0.061135 0.981236 0.182862 0.121800 -0.036598 -0.180878 0.982824 0.000000 0.000000 0.000000 0.000000 1.000000
0.997661 -0.057145 0.037513 -0.000000 0.049241 0.981419 0.185453 0.121800 -0.047414 -0.183172 0.981937 0.000000 0.000000 0.000000 0.000000 1.000000
0.997832 0.004886 0.065634 0.000000 -0.019594 0.974075 0.225373 0.121800 -0.062831 -0.226171 0.972059 0.000000 0.000000 0.000000 0.000000 1.000000
0.995678 0.022075 0.090214 -0.000000 -0.044588 0.965697 0.255813 0.121800 -0.081472 -0.258730 0.962508 0.000000 0.000000 0.000000 0.000000 1.000000
0.996018 -0.015821 0.087740 0.000000 -0.005636 0.970988 0.239062 0.121800 -0.088977 -0.238605 0.967032 0.000000 0.000000 0.000000 0.000000 1.000000
0.995951 -0.048169 0.075907 0.000000 0.030853 0.976201 0.214664 0.121800 -0.084441 -0.211453 0.973734 -0.000000 0.000000 0.000000 0.000000 1.000000
0.995949 -0.067360 0.059573 0.000000 0.054773 0.979824 0.192209 0.121800 -0.071318 -0.188167 0.979544 0.000000 0.000000 0.000000 0.000000 1.000000
0.996805 -0.067979 0.041930 -0.000000 0.059075 0.980818 0.185761 0.121800 -0.053754 -0.182691 0.981700 0.000000 0.000000 0.000000 0.000000 1.000000
0.997546 -0.065336 0.025163 -0.000000 0.059654 0.981294 0.183038 0.121800 -0.036651 -0.181088 0.982784 0.000000 0.000000 0.000000 0.000000 1.000000</float_array>
          <technique_common>
            <accessor source="#mixamorig_Neck-Matrix-animation-output-transform-array" count="24" stride="16">
              <param type="float4x4"/>
            </accessor>
          </technique_common>
        </source>
        <source id="mixamorig_Neck-Interpolations">
          <Name_array id="mixamorig_Neck-Interpolations-array" count="24">
 LINEAR LINEAR LINEAR LINEAR LINEAR LINEAR LINEAR LINEAR LINEAR LINEAR LINEAR
LINEAR LINEAR LINEAR LINEAR LINEAR LINEAR LINEAR LINEAR LINEAR LINEAR LINEAR LINEAR
LINEAR</Name_array>
          <technique_common>
            <accessor source="#mixamorig_Neck-Interpolations-array" count="24">
              <param type="name"/>
            </accessor>
          </technique_common>
        </source>
        <sampler id="mixamorig_Neck-Matrix-animation-transform">
          <input semantic="INPUT" source="#mixamorig_Neck-Matrix-animation-input"/>
          <input semantic="OUTPUT" source="#mixamorig_Neck-Matrix-animation-output-transform"/>
          <input semantic="INTERPOLATION" source="#mixamorig_Neck-Interpolations"/>
        </sampler>
        <channel source="#mixamorig_Neck-Matrix-animation-transform" target="mixamorig_Neck/matrix"/>
      </animation>
    </animation>
    <animation id="mixamorig_Head-anim" name="mixamorig_Head">
      <animation>
        <source id="mixamorig_Head-Matrix-animation-input">
          <float_array id="mixamorig_Head-Matrix-animation-input-array" count="24">

0.000000 0.033333 0.066667 0.100000 0.133333 0.166667 0.200000 0.233333 0.266667 0.300000 0.333333 0.366667 0.400000 0.433333 0.466667 0.500000
0.533333 0.566667 0.600000 0.633333 0.666667 0.700000 0.733333 0.766667</float_array>
          <technique_common>
            <accessor source="#mixamorig_Head-Matrix-animation-input-array" count="24">
              <param name="TIME" type="float"/>
            </accessor>
          </technique_common>
        </source>
        <source id="mixamorig_Head-Matrix-animation-output-transform">
          <float_array id="mixamorig_Head-Matrix-animation-output-transform-array" count="384">

0.575444 -0.024196 0.817483 0.000000 -0.239946 0.950579 0.197039 0.006000 -0.781850 -0.309537 0.541200 0.008700 0.000000 0.000000 0.000000 1.000000
0.575596 -0.024207 0.817376 0.000000 -0.239903 0.950579 0.197092 0.006000 -0.781751 -0.309536 0.541343 0.008700 0.000000 0.000000 0.000000 1.000000
0.575703 -0.024236 0.817300 -0.000000 -0.239845 0.950585 0.197134 0.006000 -0.781691 -0.309516 0.541442 0.008700 0.000000 0.000000 0.000000 1.000000
0.575911 -0.024272 0.817152 0.000000 -0.239769 0.950587 0.197220 0.006000 -0.781560 -0.309509 0.541634 0.008700 0.000000 0.000000 0.000000 1.000000
0.575660 -0.024223 0.817330 -0.000000 -0.239859 0.950587 0.197110 0.006000 -0.781718 -0.309512 0.541404 0.008700 0.000000 0.000000 0.000000 1.000000
0.575268 -0.023934 0.817615 -0.000000 -0.240067 0.950612 0.196737 0.006000 -0.781943 -0.309459 0.541111 0.008700 0.000000 0.000000 0.000000 1.000000
0.574989 -0.023838 0.817814 -0.000000 -0.240242 0.950592 0.196618 0.006000 -0.782094 -0.309526 0.540853 0.008700 0.000000 0.000000 0.000000 1.000000
0.575664 -0.023180 0.817358 0.000000 -0.240699 0.950505 0.196481 0.006000 -0.781457 -0.309844 0.541592 0.008700 0.000000 0.000000 0.000000 1.000000
0.574782 -0.023994 0.817955 -0.000000 -0.240384 0.950518 0.196801 0.006000 -0.782203 -0.309741 0.540573 0.008700 0.000000 0.000000 0.000000 1.000000
0.574920 -0.024106 0.817854 0.000000 -0.240435 0.950458 0.197031 0.006000 -0.782085 -0.309918 0.540641 0.008700 0.000000 0.000000 0.000000 1.000000
0.576260 -0.023021 0.816942 0.000000 -0.242000 0.949969 0.197473 0.006000 -0.780615 -0.311496 0.541858 0.008700 0.000000 0.000000 0.000000 1.000000
0.580140 -0.018853 0.814299 0.000000 -0.253040 0.946094 0.202181 0.006000 -0.774215 -0.323343 0.544096 0.008700 0.000000 0.000000 0.000000 1.000000
0.585194 -0.013262 0.810785 0.000000 -0.271742 0.938844 0.211490 0.006000 -0.764005 -0.344087 0.545802 0.008700 0.000000 0.000000 0.000000 1.000000
0.590738 -0.006992 0.806833 -0.000000 -0.294371 0.929170 0.223581 0.006000 -0.751249 -0.369586 0.546838 0.008700 0.000000 0.000000 0.000000 1.000000
0.596139 -0.000817 0.802881 -0.000000 -0.317381 0.918311 0.236590 0.006000 -0.737487 -0.395860 0.547182 0.008700 0.000000 0.000000 0.000000 1.000000
0.600714 0.004510 0.799451 0.000000 -0.337392 0.908001 0.248397 0.006000 -0.724782 -0.418944 0.546970 0.008700 0.000000 0.000000 0.000000 1.000000
0.603913 0.008276 0.797007 0.000000 -0.351585 0.900172 0.257057 0.006000 -0.715316 -0.435456 0.546535 0.008700 0.000000 0.000000 0.000000 1.000000
0.605023 0.009569 0.796150 0.000000 -0.356565 0.897311 0.260181 0.006000 -0.711905 -0.441295 0.546306 0.008700 0.000000 0.000000 0.000000 1.000000
0.602852 0.007040 0.797822 0.000000 -0.348300 0.901969 0.255224 0.006000 -0.717814 -0.431744 0.546205 0.008700 0.000000 0.000000 0.000000 1.000000
0.597445 0.000771 0.801909 0.000000 -0.327407 0.913089 0.243050 0.006000 -0.732027 -0.407759 0.545773 0.008700 0.000000 0.000000 0.000000 1.000000
0.590400 -0.007345 0.807077 0.000000 -0.299729 0.926455 0.227692 0.006000 -0.749393 -0.376334 0.544778 0.008700 0.000000 0.000000 0.000000 1.000000
0.583258 -0.015454 0.812140 0.000000 -0.271331 0.938684 0.212725 0.006000 -0.765630 -0.344432 0.543302 0.008700 0.000000 0.000000 0.000000 1.000000
0.577753 -0.021645 0.815924 0.000000 -0.249228 0.947228 0.201606 0.006000 -0.777230 -0.319830 0.541869 0.008700 0.000000 0.000000 0.000000 1.000000
0.575447 -0.024207 0.817481 0.000000 -0.239947 0.950576 0.197054 0.006000 -0.781848 -0.309546 0.541198 0.008700 0.000000 0.000000 0.000000 1.000000</float_array>
          <technique_common>
            <accessor source="#mixamorig_Head-Matrix-animation-output-transform-array" count="24" stride="16">
              <param type="float4x4"/>
            </accessor>
          </technique_common>
        </source>
        <source id="mixamorig_Head-Interpolations">
          <Name_array id="mixamorig_Head-Interpolations-array" count="24">
 LINEAR LINEAR LINEAR LINEAR LINEAR LINEAR LINEAR LINEAR LINEAR LINEAR LINEAR
LINEAR LINEAR LINEAR LINEAR LINEAR LINEAR LINEAR LINEAR LINEAR LINEAR LINEAR LINEAR
LINEAR</Name_array>
          <technique_common>
            <accessor source="#mixamorig_Head-Interpolations-array" count="24">
              <param type="name"/>
            </accessor>
          </technique_common>
        </source>
        <sampler id="mixamorig_Head-Matrix-animation-transform">
          <input semantic="INPUT" source="#mixamorig_Head-Matrix-animation-input"/>
          <input semantic="OUTPUT" source="#mixamorig_Head-Matrix-animation-output-transform"/>
          <input semantic="INTERPOLATION" source="#mixamorig_Head-Interpolations"/>
        </sampler>
        <channel source="#mixamorig_Head-Matrix-animation-transform" target="mixamorig_Head/matrix"/>
      </animation>
    </animation>
    <animation id="mixamorig_LeftShoulder-anim" name="mixamorig_LeftShoulder">
      <animation>
        <source id="mixamorig_LeftShoulder-Matrix-animation-input">
          <float_array id="mixamorig_LeftShoulder-Matrix-animation-input-array" count="24">

0.000000 0.033333 0.066667 0.100000 0.133333 0.166667 0.200000 0.233333 0.266667 0.300000 0.333333 0.366667 0.400000 0.433333 0.466667 0.500000
0.533333 0.566667 0.600000 0.633333 0.666667 0.700000 0.733333 0.766667</float_array>
          <technique_common>
            <accessor source="#mixamorig_LeftShoulder-Matrix-animation-input-array" count="24">
              <param name="TIME" type="float"/>
            </accessor>
          </technique_common>
        </source>
        <source id="mixamorig_LeftShoulder-Matrix-animation-output-transform">
          <float_array id="mixamorig_LeftShoulder-Matrix-animation-output-transform-array" count="384">

0.054940 0.996728 -0.059278 0.074800 0.032206 -0.061106 -0.997611 0.112900 -0.997970 0.052900 -0.035458 0.000400 0.000000 0.000000 0.000000 1.000000
0.062306 0.995084 -0.076978 0.074800 0.029266 -0.078916 -0.996451 0.112900 -0.997628 0.059832 -0.034039 0.000400 0.000000 0.000000 0.000000 1.000000
0.070346 0.992966 -0.095240 0.074800 0.026195 -0.097282 -0.994912 0.112900 -0.997179 0.067493 -0.032854 0.000400 0.000000 0.000000 0.000000 1.000000
0.078567 0.990386 -0.113855 0.074800 0.022811 -0.115964 -0.992992 0.112900 -0.996648 0.075419 -0.031703 0.000400 0.000000 0.000000 0.000000 1.000000
0.086448 0.987383 -0.132668 0.074800 0.019240 -0.134796 -0.990687 0.112900 -0.996071 0.083090 -0.030650 0.000400 0.000000 0.000000 0.000000 1.000000
0.093503 0.984021 -0.151522 0.074800 0.015679 -0.153625 -0.988005 0.112900 -0.995496 0.090006 -0.029793 0.000400 0.000000 0.000000 0.000000 1.000000
0.099237 0.980394 -0.170232 0.074800 0.012364 -0.172278 -0.984970 0.112900 -0.994987 0.095641 -0.029218 0.000400 0.000000 0.000000 0.000000 1.000000
0.103239 0.976599 -0.188670 0.074800 0.009532 -0.190646 -0.981613 0.112900 -0.994611 0.099542 -0.028991 0.000400 0.000000 0.000000 0.000000 1.000000
0.105309 0.972744 -0.206590 0.074800 0.007388 -0.208505 -0.977993 0.112900 -0.994412 0.101465 -0.029144 0.000400 0.000000 0.000000 0.000000 1.000000
0.106122 0.968869 -0.223675 0.074800 0.005784 -0.225543 -0.974216 0.112900 -0.994336 0.102092 -0.029539 0.000400 0.000000 0.000000 0.000000 1.000000
0.106298 0.965068 -0.239467 0.074800 0.004547 -0.241301 -0.970440 0.112900 -0.994324 0.102067 -0.030038 0.000400 0.000000 0.000000 0.000000 1.000000
0.106299 0.961434 -0.253664 0.074800 0.003510 -0.255471 -0.966810 0.112900 -0.994328 0.101881 -0.030531 0.000400 0.000000 0.000000 0.000000 1.000000
