<?xml version="1.0" encoding="utf-8"?>
<COLLADA xmlns="http://www.collada.org/2005/11/COLLADASchema" version="1.4.1">
  <asset><contributor><author>Mixamo</author><authoring_tool>COLLADA Mixamo exporter</authoring_tool><comments></comments></contributor><created>2020-03-17T20:32:34Z</created><modified>2020-03-17T20:32:34Z</modified><revision></revision><title></title><unit meter="0.010000"/><up_axis>Y_UP</up_axis></asset>
  <library_animations>
    <animation id="mixamorig_Hips-anim" name="mixamorig_Hips"><source id="mixamorig_Hips-Matrix-animation-input"><float_array id="mixamorig_Hips-Matrix-animation-input-array" count="28">

0.000000 0.033333 0.066667 0.100000 0.133333 0.166667 0.200000 0.233333 0.266667 0.300000 0.333333 0.366667 0.400000 0.433333 0.466667 0.500000
0.533333 0.566667 0.600000 0.633333 0.666667 0.700000 0.733333 0.766667 0.800000 0.833333 0.866667 0.900000</float_array><technique_common><accessor source="#mixamorig_Hips-Matrix-animation-input-array" count="28"><param name="TIME" type="float"/></accessor></technique_common></source><source id="mixamorig_Hips-Matrix-animation-output-transform"><float_array id="mixamorig_Hips-Matrix-animation-output-transform-array" count="448">

-0.968810 0.002959 0.247788 0.005123 0.024713 0.996097 0.084730 4.173480 -0.246570 0.088211 -0.965102 -0.015441 0.000000 0.000000 0.000000 1.000000
-0.959586 -0.000616 0.281414 0.001254 0.026911 0.995214 0.093943 4.056732 -0.280125 0.097720 -0.954977 0.024500 0.000000 0.000000 0.000000 1.000000
-0.948532 -0.004617 0.316647 -0.002671 0.028843 0.994478 0.100901 4.001713 -0.315365 0.104841 -0.943161 0.064729 0.000000 0.000000 0.000000 1.000000
-0.932147 -0.006570 0.362020 -0.005930 0.029839 0.995040 0.094890 4.197075 -0.360848 0.099254 -0.927328 0.115436 0.000000 0.000000 0.000000 1.000000
-0.896231 -0.020469 0.443115 -0.023622 0.014973 0.996970 0.076338 4.590464 -0.443335 0.075051 -0.893208 0.198512 0.000000 0.000000 0.000000 1.000000
-0.857618 -0.030472 0.513383 -0.030079 0.005534 0.997638 0.068461 5.010613 -0.514257 0.061555 -0.855424 0.270920 0.000000 0.000000 0.000000 1.000000
-0.823522 -0.038527 0.565975 -0.032501 -0.001768 0.997861 0.065353 5.392744 -0.567282 0.052819 -0.821828 0.316881 0.000000 0.000000 0.000000 1.000000
-0.802228 -0.035505 0.595961 -0.017603 0.000412 0.998197 0.060025 5.714749 -0.597017 0.048399 -0.800767 0.338532 0.000000 0.000000 0.000000 1.000000
-0.794828 -0.033956 0.605884 0.011086 0.004648 0.998063 0.062032 5.889704 -0.606817 0.052121 -0.793131 0.306249 0.000000 0.000000 0.000000 1.000000
-0.803325 -0.033964 0.594571 0.053974 0.015344 0.996861 0.077675 5.851051 -0.595343 0.071521 -0.800282 0.194539 0.000000 0.000000 0.000000 1.000000
-0.821557 -0.033616 0.569135 0.110715 0.028902 0.994521 0.100462 5.727026 -0.569394 0.098984 -0.816084 0.049784 0.000000 0.000000 0.000000 1.000000
-0.841680 -0.037665 0.538661 0.155775 0.037967 0.990967 0.128617 5.583549 -0.538640 0.128706 -0.832647 -0.068395 0.000000 0.000000 0.000000 1.000000
-0.857501 -0.046828 0.512346 0.169818 0.041649 0.986262 0.159850 5.469127 -0.512793 0.158411 -0.843771 -0.131101 0.000000 0.000000 0.000000 1.000000
-0.864254 -0.063189 0.499071 0.160758 0.040523 0.980111 0.194271 5.372880 -0.501420 0.188124 -0.844504 -0.141333 0.000000 0.000000 0.000000 1.000000
-0.869623 -0.094043 0.484677 0.115448 0.028734 0.970387 0.239842 5.239215 -0.492880 0.222499 -0.841168 -0.128854 0.000000 0.000000 0.000000 1.000000
-0.876403 -0.123773 0.465400 0.060480 0.013496 0.959715 0.280651 5.109181 -0.481388 0.252244 -0.839427 -0.100957 0.000000 0.000000 0.000000 1.000000
-0.892433 -0.135896 0.430227 0.011442 -0.001614 0.954515 0.298158 4.975645 -0.451176 0.265392 -0.852061 -0.049486 0.000000 0.000000 0.000000 1.000000
-0.915257 -0.117467 0.385364 -0.022726 -0.010854 0.963390 0.267883 4.814201 -0.402724 0.240999 -0.883025 0.043600 0.000000 0.000000 0.000000 1.000000
-0.931544 -0.092203 0.351744 -0.039171 -0.015789 0.976663 0.214197 4.661373 -0.363285 0.193980 -0.911261 0.150609 0.000000 0.000000 0.000000 1.000000
-0.936121 -0.083377 0.341651 -0.040818 -0.020114 0.982592 0.184682 4.495420 -0.351102 0.166013 -0.921503 0.177831 0.000000 0.000000 0.000000 1.000000
-0.934040 -0.070560 0.350128 -0.023217 -0.008651 0.984474 0.175320 4.192928 -0.357063 0.160727 -0.920149 0.142219 0.000000 0.000000 0.000000 1.000000
-0.933395 -0.064249 0.353053 -0.011715 -0.001203 0.984396 0.175961 4.032407 -0.358849 0.163817 -0.918908 0.098342 0.000000 0.000000 0.000000 1.000000
-0.938340 -0.058765 0.340683 -0.001339 0.007352 0.981833 0.189606 3.949220 -0.345636 0.180420 -0.920861 0.051055 0.000000 0.000000 0.000000 1.000000
-0.947462 -0.049129 0.316074 0.008442 0.015754 0.979768 0.199514 3.912036 -0.319482 0.194011 -0.927519 0.010907 0.000000 0.000000 0.000000 1.000000
-0.956299 -0.034610 0.290334 0.013110 0.020063 0.982862 0.183248 3.952674 -0.291700 0.181065 -0.939216 -0.000088 0.000000 0.000000 0.000000 1.000000
-0.961339 -0.021288 0.274542 0.012002 0.021883 0.987948 0.153230 4.040062 -0.274496 0.153314 -0.949288 -0.006160 0.000000 0.000000 0.000000 1.000000
-0.965117 -0.009030 0.261665 0.008481 0.022858 0.992683 0.118563 4.130581 -0.260821 0.120409 -0.957849 -0.010870 0.000000 0.000000 0.000000 1.000000
-0.968802 0.002956 0.247818 0.005135 0.024713 0.996097 0.084730 4.173481 -0.246601 0.088211 -0.965094 -0.015377 0.000000 0.000000 0.000000 1.000000</float_array><technique_common><accessor source="#mixamorig_Hips-Matrix-animation-output-transform-array" count="28" stride="16"><param type="float4x4"/></accessor></technique_common></source><source id="mixamorig_Hips-Interpolations"><Name_array id="mixamorig_Hips-Interpolations-array" count="28">
 LINEAR LINEAR LINEAR LINEAR LINEAR LINEAR LINEAR LINEAR LINEAR LINEAR LINEAR
LINEAR LINEAR LINEAR LINEAR LINEAR LINEAR LINEAR LINEAR LINEAR LINEAR LINEAR LINEAR
LINEAR LINEAR LINEAR LINEAR LINEAR</Name_array><technique_common><accessor source="#mixamorig_Hips-Interpolations-array" count="28"><param type="name"/></accessor></technique_common></source><sampler id="mixamorig_Hips-Matrix-animation-transform"><input semantic="INPUT" source="#mixamorig_Hips-Matrix-animation-input"/><input semantic="OUTPUT" source="#mixamorig_Hips-Matrix-animation-output-transform"/><input semantic="INTERPOLATION" source="#mixamorig_Hips-Interpolations"/></sampler><channel source="#mixamorig_Hips-Matrix-animation-transform" target="mixamorig_Hips/matrix"/></animation>
    <animation id="mixamorig_Spine-anim" name="mixamorig_Spine"><source id="mixamorig_Spine-Matrix-animation-input"><float_array id="mixamorig_Spine-Matrix-animation-input-array" count="28">

0.000000 0.033333 0.066667 0.100000 0.133333 0.166667 0.200000 0.233333 0.266667 0.300000 0.333333 0.366667 0.400000 0.433333 0.466667 0.500000
0.533333 0.566667 0.600000 0.633333 0.666667 0.700000 0.733333 0.766667 0.800000 0.833333 0.866667 0.900000</float_array><technique_common><accessor source="#mixamorig_Spine-Matrix-animation-input-array" count="28"><param name="TIME" type="float"/></accessor></technique_common></source><source id="mixamorig_Spine-Matrix-animation-output-transform"><float_array id="mixamorig_Spine-Matrix-animation-output-transform-array" count="448">

0.996864 0.020431 0.076444 0.000000 -0.028732 0.993614 0.109117 0.620300 -0.073727 -0.110971 0.991085 0.186600 0.000000 0.000000 0.000000 1.000000
0.994072 0.005782 0.108574 -0.000000 -0.010314 0.999097 0.041220 0.620300 -0.108237 -0.042096 0.993233 0.186600 0.000000 0.000000 0.000000 1.000000
0.989072 -0.004411 0.147367 0.000000 0.009700 0.999334 -0.035190 0.620300 -0.147114 0.036235 0.988456 0.186600 0.000000 0.000000 0.000000 1.000000
0.981243 -0.009542 0.192539 -0.000000 0.033313 0.992141 -0.120608 0.620300 -0.189875 0.124760 0.973849 0.186600 0.000000 0.000000 0.000000 1.000000
0.970396 -0.021886 0.240524 -0.000000 0.070643 0.978053 -0.196015 0.620300 -0.230955 0.207204 0.950645 0.186600 0.000000 0.000000 0.000000 1.000000
0.958087 -0.023341 0.285525 0.000000 0.098964 0.962283 -0.253412 0.620300 -0.268841 0.271048 0.924261 0.186600 0.000000 0.000000 0.000000 1.000000
0.951823 -0.020986 0.305929 0.000000 0.116464 0.947641 -0.297342 0.620300 -0.283671 0.318647 0.904431 0.186600 0.000000 0.000000 0.000000 1.000000
0.954084 -0.017688 0.299018 0.000000 0.113612 0.945033 -0.306601 0.620300 -0.277159 0.326495 0.903650 0.186600 0.000000 0.000000 0.000000 1.000000
0.960742 -0.023794 0.276420 0.000000 0.101617 0.957262 -0.270785 0.620300 -0.258163 0.288243 0.922100 0.186600 0.000000 0.000000 0.000000 1.000000
0.969680 -0.049940 0.239222 -0.000000 0.095239 0.978726 -0.181729 0.620300 -0.225058 0.199002 0.953807 0.186600 0.000000 0.000000 0.000000 1.000000
0.978624 -0.076375 0.190950 0.000000 0.087109 0.995020 -0.048454 0.620300 -0.186298 0.064052 0.980403 0.186600 0.000000 0.000000 0.000000 1.000000
0.985738 -0.093446 0.139959 0.000000 0.080681 0.992272 0.094268 0.620300 -0.147687 -0.081631 0.985660 0.186600 0.000000 0.000000 0.000000 1.000000
0.989970 -0.097196 0.102533 -0.000000 0.073578 0.974249 0.213133 0.620300 -0.120609 -0.203451 0.971628 0.186600 0.000000 0.000000 0.000000 1.000000
0.990331 -0.099653 0.096506 0.000000 0.068034 0.955163 0.288157 0.620300 -0.120895 -0.278806 0.952708 0.186600 0.000000 0.000000 0.000000 1.000000
0.985253 -0.125449 0.116355 0.000000 0.085708 0.950412 0.298949 0.620300 -0.148088 -0.284568 0.947149 0.186600 0.000000 0.000000 0.000000 1.000000
0.975137 -0.161198 0.152061 -0.000000 0.117905 0.958410 0.259901 0.620300 -0.187633 -0.235510 0.953587 0.186600 0.000000 0.000000 0.000000 1.000000
0.968153 -0.177880 0.176180 0.000000 0.143731 0.971085 0.190618 0.620300 -0.204993 -0.159225 0.965725 0.186600 0.000000 0.000000 0.000000 1.000000
0.971440 -0.165413 0.170127 -0.000000 0.144136 0.980891 0.130680 0.620300 -0.188493 -0.102426 0.976719 0.186600 0.000000 0.000000 0.000000 1.000000
0.977716 -0.143666 0.153076 -0.000000 0.129920 0.986832 0.096353 0.620300 -0.164902 -0.074318 0.983506 0.186600 0.000000 0.000000 0.000000 1.000000
0.977360 -0.136651 0.161538 -0.000000 0.125067 0.988928 0.079873 0.620300 -0.170664 -0.057862 0.983629 0.186600 0.000000 0.000000 0.000000 1.000000
0.975583 -0.123229 0.181804 0.000000 0.112453 0.991295 0.068476 0.620300 -0.188659 -0.046359 0.980948 0.186600 0.000000 0.000000 0.000000 1.000000
0.976073 -0.111092 0.186923 0.000000 0.100322 0.992753 0.066152 0.620300 -0.192917 -0.045816 0.980145 0.186600 0.000000 0.000000 0.000000 1.000000
0.982443 -0.089777 0.163544 -0.000000 0.077715 0.993863 0.078723 0.620300 -0.169607 -0.064631 0.983390 0.186600 0.000000 0.000000 0.000000 1.000000
0.989613 -0.064436 0.128511 -0.000000 0.051741 0.993663 0.099785 0.620300 -0.134126 -0.092100 0.986675 0.186600 0.000000 0.000000 0.000000 1.000000
0.993452 -0.041686 0.106378 0.000000 0.029867 0.993441 0.110373 0.620300 -0.110281 -0.106473 0.988181 0.186600 0.000000 0.000000 0.000000 1.000000
0.995348 -0.020504 0.094138 0.000000 0.009893 0.993679 0.111823 0.620300 -0.095836 -0.110372 0.989259 0.186600 0.000000 0.000000 0.000000 1.000000
0.996332 -0.000116 0.085572 0.000000 -0.009315 0.993909 0.109812 0.620300 -0.085064 -0.110206 0.990262 0.186600 0.000000 0.000000 0.000000 1.000000
0.996864 0.020431 0.076444 0.000000 -0.028732 0.993614 0.109117 0.620300 -0.073727 -0.110971 0.991085 0.186600 0.000000 0.000000 0.000000 1.000000</float_array><technique_common><accessor source="#mixamorig_Spine-Matrix-animation-output-transform-array" count="28" stride="16"><param type="float4x4"/></accessor></technique_common></source><source id="mixamorig_Spine-Interpolations"><Name_array id="mixamorig_Spine-Interpolations-array" count="28">
 LINEAR LINEAR LINEAR LINEAR LINEAR LINEAR LINEAR LINEAR LINEAR LINEAR LINEAR
LINEAR LINEAR LINEAR LINEAR LINEAR LINEAR LINEAR LINEAR LINEAR LINEAR LINEAR LINEAR
LINEAR LINEAR LINEAR LINEAR LINEAR</Name_array><technique_common><accessor source="#mixamorig_Spine-Interpolations-array" count="28"><param type="name"/></accessor></technique_common></source><sampler id="mixamorig_Spine-Matrix-animation-transform"><input semantic="INPUT" source="#mixamorig_Spine-Matrix-animation-input"/><input semantic="OUTPUT" source="#mixamorig_Spine-Matrix-animation-output-transform"/><input semantic="INTERPOLATION" source="#mixamorig_Spine-Interpolations"/></sampler><channel source="#mixamorig_Spine-Matrix-animation-transform" target="mixamorig_Spine/matrix"/></animation>
    <animation id="mixamorig_Spine1-anim" name="mixamorig_Spine1"><source id="mixamorig_Spine1-Matrix-animation-input"><float_array id="mixamorig_Spine1-Matrix-animation-input-array" count="28">

0.000000 0.033333 0.066667 0.100000 0.133333 0.166667 0.200000 0.233333 0.266667 0.300000 0.333333 0.366667 0.400000 0.433333 0.466667 0.500000
0.533333 0.566667 0.600000 0.633333 0.666667 0.700000 0.733333 0.766667 0.800000 0.833333 0.866667 0.900000</float_array><technique_common><accessor source="#mixamorig_Spine1-Matrix-animation-input-array" count="28"><param name="TIME" type="float"/></accessor></technique_common></source><source id="mixamorig_Spine1-Matrix-animation-output-transform"><float_array id="mixamorig_Spine1-Matrix-animation-output-transform-array" count="448">

0.999658 -0.007814 0.024955 0.000000 0.006192 0.997903 0.064435 0.755700 -0.025406 -0.064258 0.997610 0.000000 0.000000 0.000000 0.000000 1.000000
0.999814 -0.002152 0.019184 -0.000000 0.000534 0.996466 0.083992 0.755700 -0.019297 -0.083966 0.996282 -0.000000 0.000000 0.000000 0.000000 1.000000
0.999871 0.004249 0.015467 0.000000 -0.005875 0.994279 0.106654 0.755700 -0.014926 -0.106731 0.994176 0.000000 0.000000 0.000000 0.000000 1.000000
0.999841 0.011519 0.013594 -0.000000 -0.013219 0.991103 0.132443 0.755700 -0.011948 -0.132601 0.991097 0.000000 0.000000 0.000000 0.000000 1.000000
0.999737 0.018353 0.013739 0.000000 -0.020304 0.987089 0.158879 0.755700 -0.010646 -0.159116 0.987202 0.000000 0.000000 0.000000 0.000000 1.000000
0.999577 0.022559 0.018352 -0.000000 -0.025553 0.982599 0.183975 0.755700 -0.013883 -0.184366 0.982760 -0.000000 0.000000 0.000000 0.000000 1.000000
0.999436 0.022151 0.025256 -0.000000 -0.026858 0.978472 0.204623 0.755700 -0.020180 -0.205186 0.978515 0.000000 0.000000 0.000000 0.000000 1.000000
0.999334 0.019045 0.031133 -0.000000 -0.025472 0.974886 0.221242 0.755700 -0.026138 -0.221888 0.974722 0.000000 0.000000 0.000000 0.000000 1.000000
0.999505 0.009630 0.029954 0.000000 -0.016569 0.970404 0.240920 0.755700 -0.026748 -0.241297 0.970083 0.000000 0.000000 0.000000 0.000000 1.000000
0.999450 -0.003836 0.032943 0.000000 -0.004959 0.964833 0.262818 0.755700 -0.032793 -0.262837 0.964283 -0.000000 0.000000 0.000000 0.000000 1.000000
0.999412 -0.018313 0.028983 -0.000000 0.009631 0.961306 0.275313 0.755700 -0.032904 -0.274872 0.960918 -0.000000 0.000000 0.000000 0.000000 1.000000
0.999307 -0.028909 0.023432 0.000000 0.021557 0.962977 0.268721 0.755700 -0.030333 -0.268030 0.962933 0.000000 0.000000 0.000000 0.000000 1.000000
0.999143 -0.037390 0.017745 -0.000000 0.031817 0.968122 0.248449 0.755700 -0.026469 -0.247671 0.968482 0.000000 0.000000 0.000000 0.000000 1.000000
0.999096 -0.040907 0.011567 0.000000 0.037231 0.973322 0.226401 0.755700 -0.020519 -0.225766 0.973965 0.000000 0.000000 0.000000 0.000000 1.000000
0.999543 -0.029706 0.005522 0.000000 0.027978 0.978958 0.202133 0.755700 -0.011411 -0.201886 0.979342 0.000000 0.000000 0.000000 0.000000 1.000000
0.999958 -0.008443 -0.003500 0.000000 0.008922 0.984815 0.173378 0.755700 0.001983 -0.173402 0.984849 0.000000 0.000000 0.000000 0.000000 1.000000
0.999780 0.013666 -0.015933 0.000000 -0.011311 0.990152 0.139541 0.755700 0.017683 -0.139330 0.990088 0.000000 0.000000 0.000000 0.000000 1.000000
0.998960 0.035214 -0.028949 0.000000 -0.032339 0.995008 0.094407 0.755700 0.032129 -0.093373 0.995113 -0.000000 0.000000 0.000000 0.000000 1.000000
0.997914 0.050634 -0.040055 -0.000000 -0.049022 0.997986 0.040256 0.755700 0.042013 -0.038209 0.998386 -0.000000 0.000000 0.000000 0.000000 1.000000
0.997743 0.052604 -0.041732 0.000000 -0.052191 0.998577 0.010917 0.755700 0.042247 -0.008714 0.999069 0.000000 0.000000 0.000000 0.000000 1.000000
0.998031 0.048992 -0.039167 -0.000000 -0.049335 0.998752 -0.007828 0.755700 0.038735 0.009745 0.999202 0.000000 0.000000 0.000000 0.000000 1.000000
0.998580 0.042095 -0.032659 0.000000 -0.042797 0.998861 -0.021089 0.755700 0.031734 0.022457 0.999244 0.000000 0.000000 0.000000 0.000000 1.000000
0.999351 0.030270 -0.019509 0.000000 -0.030874 0.999030 -0.031404 0.755700 0.018539 0.031986 0.999316 0.000000 0.000000 0.000000 0.000000 1.000000
0.999869 0.015898 -0.003189 0.000000 -0.015996 0.999311 -0.033479 0.755700 0.002655 0.033526 0.999434 0.000000 0.000000 0.000000 0.000000 1.000000
0.999949 0.006389 0.007765 -0.000000 -0.006220 0.999748 -0.021577 0.755700 -0.007901 0.021528 0.999737 0.000000 0.000000 0.000000 0.000000 1.000000
0.999895 0.000743 0.014491 0.000000 -0.000794 0.999994 0.003514 0.755700 -0.014489 -0.003525 0.999889 0.000000 0.000000 0.000000 0.000000 1.000000
0.999803 -0.003379 0.019558 0.000000 0.002700 0.999396 0.034644 0.755700 -0.019663 -0.034584 0.999208 0.000000 0.000000 0.000000 0.000000 1.000000
0.999658 -0.007814 0.024955 0.000000 0.006192 0.997903 0.064435 0.755700 -0.025406 -0.064258 0.997610 0.000000 0.000000 0.000000 0.000000 1.000000</float_array><technique_common><accessor source="#mixamorig_Spine1-Matrix-animation-output-transform-array" count="28" stride="16"><param type="float4x4"/></accessor></technique_common></source><source id="mixamorig_Spine1-Interpolations"><Name_array id="mixamorig_Spine1-Interpolations-array" count="28">
 LINEAR LINEAR LINEAR LINEAR LINEAR LINEAR LINEAR LINEAR LINEAR LINEAR LINEAR
LINEAR LINEAR LINEAR LINEAR LINEAR LINEAR LINEAR LINEAR LINEAR LINEAR LINEAR LINEAR
LINEAR LINEAR LINEAR LINEAR LINEAR</Name_array><technique_common><accessor source="#mixamorig_Spine1-Interpolations-array" count="28"><param type="name"/></accessor></technique_common></source><sampler id="mixamorig_Spine1-Matrix-animation-transform"><input semantic="INPUT" source="#mixamorig_Spine1-Matrix-animation-input"/><input semantic="OUTPUT" source="#mixamorig_Spine1-Matrix-animation-output-transform"/><input semantic="INTERPOLATION" source="#mixamorig_Spine1-Interpolations"/></sampler><channel source="#mixamorig_Spine1-Matrix-animation-transform" target="mixamorig_Spine1/matrix"/></animation>
    <animation id="mixamorig_Spine2-anim" name="mixamorig_Spine2"><source id="mixamorig_Spine2-Matrix-animation-input"><float_array id="mixamorig_Spine2-Matrix-animation-input-array" count="28">

0.000000 0.033333 0.066667 0.100000 0.133333 0.166667 0.200000 0.233333 0.266667 0.300000 0.333333 0.366667 0.400000 0.433333 0.466667 0.500000
0.533333 0.566667 0.600000 0.633333 0.666667 0.700000 0.733333 0.766667 0.800000 0.833333 0.866667 0.900000</float_array><technique_common><accessor source="#mixamorig_Spine2-Matrix-animation-input-array" count="28"><param name="TIME" type="float"/></accessor></technique_common></source><source id="mixamorig_Spine2-Matrix-animation-output-transform"><float_array id="mixamorig_Spine2-Matrix-animation-output-transform-array" count="448">

0.999628 -0.007528 0.026209 -0.000000 0.005830 0.997913 0.064304 0.863700 -0.026638 -0.064127 0.997586 -0.000000 0.000000 0.000000 0.000000 1.000000
0.999792 -0.000964 0.020394 0.000000 -0.000744 0.996500 0.083592 0.863700 -0.020403 -0.083590 0.996291 -0.000000 0.000000 0.000000 0.000000 1.000000
0.999833 0.006200 0.017212 0.000000 -0.007991 0.994333 0.106007 0.863700 -0.016457 -0.106127 0.994216 0.000000 0.000000 0.000000 0.000000 1.000000
0.999763 0.014215 0.016473 -0.000000 -0.016260 0.991176 0.131555 0.863700 -0.014457 -0.131792 0.991172 0.000000 0.000000 0.000000 0.000000 1.000000
0.999618 0.021065 0.017882 0.000000 -0.023625 0.987198 0.157739 0.863700 -0.014330 -0.158102 0.987319 0.000000 0.000000 0.000000 0.000000 1.000000
0.999453 0.023022 0.023741 0.000000 -0.026977 0.982813 0.182622 0.863700 -0.019128 -0.183163 0.982896 0.000000 0.000000 0.000000 0.000000 1.000000
0.999328 0.019166 0.031230 0.000000 -0.025123 0.978812 0.203213 0.863700 -0.026674 -0.203861 0.978636 0.000000 0.000000 0.000000 0.000000 1.000000
0.999164 0.011468 0.039243 -0.000000 -0.019829 0.975335 0.219840 0.863700 -0.035754 -0.220434 0.974746 0.000000 0.000000 0.000000 0.000000 1.000000
0.998869 -0.006711 0.047078 0.000000 -0.004769 0.970861 0.239594 0.863700 -0.047315 -0.239548 0.969731 0.000000 0.000000 0.000000 0.000000 1.000000
0.998651 -0.022566 0.046758 0.000000 0.009509 0.964866 0.262571 0.863700 -0.051040 -0.261773 0.963779 0.000000 0.000000 0.000000 0.000000 1.000000
0.998351 -0.037559 0.043414 -0.000000 0.024160 0.960930 0.275735 0.863700 -0.052074 -0.274232 0.960253 0.000000 0.000000 0.000000 0.000000 1.000000
0.998355 -0.043132 0.037780 0.000000 0.031382 0.962478 0.269540 0.863700 -0.047988 -0.267911 0.962248 0.000000 0.000000 0.000000 0.000000 1.000000
0.998613 -0.042041 0.031699 0.000000 0.032829 0.967847 0.249389 0.863700 -0.041164 -0.248002 0.967884 0.000000 0.000000 0.000000 0.000000 1.000000
0.999054 -0.034274 0.026758 0.000000 0.027315 0.973489 0.227096 0.863700 -0.033833 -0.226151 0.973505 -0.000000 0.000000 0.000000 0.000000 1.000000
0.999448 -0.022324 0.024592 0.000000 0.016902 0.979239 0.202001 0.863700 -0.028591 -0.201474 0.979077 -0.000000 0.000000 0.000000 0.000000 1.000000
0.999766 -0.004010 0.021278 -0.000000 0.000292 0.985111 0.171917 0.863700 -0.021651 -0.171871 0.984882 0.000000 0.000000 0.000000 0.000000 1.000000
0.999696 0.018060 0.016772 0.000000 -0.020177 0.990489 0.136106 0.863700 -0.014155 -0.136403 0.990552 -0.000000 0.000000 0.000000 0.000000 1.000000
0.999116 0.040424 0.011518 0.000000 -0.041283 0.995260 0.088057 0.863700 -0.007904 -0.088455 0.996049 0.000000 0.000000 0.000000 0.000000 1.000000
0.998380 0.056449 0.007151 -0.000000 -0.056649 0.997887 0.031827 0.863700 -0.005339 -0.032180 0.999468 0.000000 0.000000 0.000000 0.000000 1.000000
0.998322 0.057618 0.005777 0.000000 -0.057630 0.998336 0.001924 0.863700 -0.005657 -0.002254 0.999981 0.000000 0.000000 0.000000 0.000000 1.000000
0.998594 0.052689 0.005798 0.000000 -0.052586 0.998478 -0.016650 0.863700 -0.006667 0.016322 0.999845 -0.000000 0.000000 0.000000 0.000000 1.000000
0.998978 0.044610 0.007332 0.000000 -0.044381 0.998598 -0.028862 0.863700 -0.008609 0.028507 0.999557 0.000000 0.000000 0.000000 0.000000 1.000000
0.999424 0.031950 0.011415 0.000000 -0.031512 0.998831 -0.036658 0.863700 -0.012573 0.036277 0.999263 0.000000 0.000000 0.000000 0.000000 1.000000
0.999717 0.016911 0.016758 0.000000 -0.016301 0.999224 -0.035865 0.863700 -0.017352 0.035582 0.999216 0.000000 0.000000 0.000000 0.000000 1.000000
0.999768 0.006981 0.020357 0.000000 -0.006523 0.999726 -0.022497 0.863700 -0.020508 0.022359 0.999540 0.000000 0.000000 0.000000 0.000000 1.000000
0.999744 0.001161 0.022615 -0.000000 -0.001231 0.999994 0.003091 0.863700 -0.022612 -0.003119 0.999739 -0.000000 0.000000 0.000000 0.000000 1.000000
0.999699 -0.003016 0.024361 0.000000 0.002179 0.999408 0.034347 0.863700 -0.024450 -0.034284 0.999113 0.000000 0.000000 0.000000 0.000000 1.000000
0.999628 -0.007528 0.026209 0.000000 0.005830 0.997913 0.064304 0.863700 -0.026638 -0.064127 0.997586 -0.000000 0.000000 0.000000 0.000000 1.000000</float_array><technique_common><accessor source="#mixamorig_Spine2-Matrix-animation-output-transform-array" count="28" stride="16"><param type="float4x4"/></accessor></technique_common></source><source id="mixamorig_Spine2-Interpolations"><Name_array id="mixamorig_Spine2-Interpolations-array" count="28">
 LINEAR LINEAR LINEAR LINEAR LINEAR LINEAR LINEAR LINEAR LINEAR LINEAR LINEAR
LINEAR LINEAR LINEAR LINEAR LINEAR LINEAR LINEAR LINEAR LINEAR LINEAR LINEAR LINEAR
LINEAR LINEAR LINEAR LINEAR LINEAR</Name_array><technique_common><accessor source="#mixamorig_Spine2-Interpolations-array" count="28"><param type="name"/></accessor></technique_common></source><sampler id="mixamorig_Spine2-Matrix-animation-transform"><input semantic="INPUT" source="#mixamorig_Spine2-Matrix-animation-input"/><input semantic="OUTPUT" source="#mixamorig_Spine2-Matrix-animation-output-transform"/><input semantic="INTERPOLATION" source="#mixamorig_Spine2-Interpolations"/></sampler><channel source="#mixamorig_Spine2-Matrix-animation-transform" target="mixamorig_Spine2/matrix"/></animation>
    <animation id="mixamorig_Neck-anim" name="mixamorig_Neck"><source id="mixamorig_Neck-Matrix-animation-input"><float_array id="mixamorig_Neck-Matrix-animation-input-array" count="28">

0.000000 0.033333 0.066667 0.100000 0.133333 0.166667 0.200000 0.233333 0.266667 0.300000 0.333333 0.366667 0.400000 0.433333 0.466667 0.500000
0.533333 0.566667 0.600000 0.633333 0.666667 0.700000 0.733333 0.766667 0.800000 0.833333 0.866667 0.900000</float_array><technique_common><accessor source="#mixamorig_Neck-Matrix-animation-input-array" count="28"><param name="TIME" type="float"/></accessor></technique_common></source><source id="mixamorig_Neck-Matrix-animation-output-transform"><float_array id="mixamorig_Neck-Matrix-animation-output-transform-array" count="448">

0.999013 0.039858 0.019593 0.000000 -0.041148 0.996659 0.070559 0.971700 -0.016715 -0.071296 0.997315 0.000000 0.000000 0.000000 0.000000 1.000000
0.998891 0.040401 0.024185 0.000000 -0.042791 0.993204 0.108234 0.971700 -0.019648 -0.109148 0.993831 0.000000 0.000000 0.000000 0.000000 1.000000
0.998625 0.040842 0.032866 0.000000 -0.045486 0.986726 0.155892 0.971700 -0.026063 -0.157172 0.987227 0.000000 0.000000 0.000000 0.000000 1.000000
0.998062 0.041968 0.045941 0.000000 -0.049947 0.980658 0.189248 0.971700 -0.037111 -0.191176 0.980854 0.000000 0.000000 0.000000 0.000000 1.000000
0.996994 0.044433 0.063479 -0.000000 -0.055560 0.980987 0.185953 0.971700 -0.054010 -0.188921 0.980506 -0.000000 0.000000 0.000000 0.000000 1.000000
0.995280 0.048032 0.084322 -0.000000 -0.059186 0.989049 0.135198 0.971700 -0.076904 -0.139551 0.987224 0.000000 0.000000 0.000000 0.000000 1.000000
0.992999 0.051011 0.106540 0.000000 -0.056213 0.997340 0.046407 0.971700 -0.103890 -0.052071 0.993225 0.000000 0.000000 0.000000 0.000000 1.000000
0.990460 0.050316 0.128287 0.000000 -0.043730 0.997602 -0.053651 0.971700 -0.130679 0.047529 0.990285 0.000000 0.000000 0.000000 0.000000 1.000000
0.987960 0.043119 0.148579 -0.000000 -0.022847 0.990509 -0.135538 0.971700 -0.153013 0.130512 0.979568 0.000000 0.000000 0.000000 0.000000 1.000000
0.985443 0.028921 0.167530 0.000000 0.002382 0.982979 -0.183701 0.971700 -0.169992 0.181425 0.968601 0.000000 0.000000 0.000000 0.000000 1.000000
0.982516 0.010751 0.185866 -0.000000 0.027545 0.978951 -0.202230 0.971700 -0.184128 0.203814 0.961539 -0.000000 0.000000 0.000000 0.000000 1.000000
0.978959 -0.005831 0.203973 0.000000 0.049210 0.976836 -0.208256 0.971700 -0.198034 0.213911 0.956569 0.000000 0.000000 0.000000 0.000000 1.000000
0.975137 -0.015783 0.221040 0.000000 0.065384 0.973547 -0.218932 0.971700 -0.211738 0.227942 0.950373 0.000000 0.000000 0.000000 0.000000 1.000000
0.971868 -0.017851 0.234847 -0.000000 0.075641 0.967958 -0.239449 0.971700 -0.223048 0.250477 0.942078 0.000000 0.000000 0.000000 0.000000 1.000000
0.970030 -0.015740 0.242474 0.000000 0.080413 0.962466 -0.259217 0.971700 -0.229293 0.270946 0.934886 -0.000000 0.000000 0.000000 0.000000 1.000000
0.970228 -0.016128 0.241655 0.000000 0.080400 0.962645 -0.258555 0.971700 -0.228458 0.270287 0.935282 0.000000 0.000000 0.000000 0.000000 1.000000
0.972412 -0.024590 0.231971 0.000000 0.077264 0.972248 -0.220826 0.971700 -0.220103 0.232656 0.947326 0.000000 0.000000 0.000000 0.000000 1.000000
0.975687 -0.041990 0.215109 -0.000000 0.073971 0.986976 -0.142855 0.971700 -0.206309 0.155294 0.966085 0.000000 0.000000 0.000000 0.000000 1.000000
0.978929 -0.063635 0.194031 0.000000 0.072563 0.996591 -0.039249 0.971700 -0.190872 0.052501 0.980210 0.000000 0.000000 0.000000 0.000000 1.000000
0.982517 -0.076719 0.169629 0.000000 0.066891 0.995774 0.062920 0.971700 -0.173739 -0.050473 0.983497 0.000000 0.000000 0.000000 0.000000 1.000000
0.987156 -0.072103 0.142566 -0.000000 0.052304 0.989043 0.138051 0.971700 -0.150958 -0.128821 0.980111 -0.000000 0.000000 0.000000 0.000000 1.000000
0.992105 -0.051008 0.114565 0.000000 0.030530 0.984297 0.173860 0.971700 -0.121635 -0.168989 0.978084 -0.000000 0.000000 0.000000 0.000000 1.000000
0.996029 -0.019381 0.086895 0.000000 0.004035 0.984843 0.173404 0.971700 -0.088939 -0.172365 0.981010 -0.000000 0.000000 0.000000 0.000000 1.000000
0.998017 0.013529 0.061479 0.000000 -0.022634 0.988440 0.149911 0.971700 -0.058740 -0.151005 0.986786 0.000000 0.000000 0.000000 0.000000 1.000000
0.998461 0.036641 0.041633 -0.000000 -0.041372 0.992016 0.119131 0.971700 -0.036936 -0.120671 0.992005 0.000000 0.000000 0.000000 0.000000 1.000000
0.998651 0.042127 0.030347 0.000000 -0.044779 0.994679 0.092787 0.971700 -0.026276 -0.094021 0.995223 0.000000 0.000000 0.000000 0.000000 1.000000
0.998927 0.039420 0.024296 0.000000 -0.041163 0.996257 0.076009 0.971700 -0.021209 -0.076928 0.996811 0.000000 0.000000 0.000000 0.000000 1.000000
0.999013 0.039858 0.019593 -0.000000 -0.041148 0.996659 0.070559 0.971700 -0.016715 -0.071296 0.997315 -0.000000 0.000000 0.000000 0.000000 1.000000</float_array><technique_common><accessor source="#mixamorig_Neck-Matrix-animation-output-transform-array" count="28" stride="16"><param type="float4x4"/></accessor></technique_common></source><source id="mixamorig_Neck-Interpolations"><Name_array id="mixamorig_Neck-Interpolations-array" count="28">
 LINEAR LINEAR LINEAR LINEAR LINEAR LINEAR LINEAR LINEAR LINEAR LINEAR LINEAR
LINEAR LINEAR LINEAR LINEAR LINEAR LINEAR LINEAR LINEAR LINEAR LINEAR LINEAR LINEAR
LINEAR LINEAR LINEAR LINEAR LINEAR</Name_array><technique_common><accessor source="#mixamorig_Neck-Interpolations-array" count="28"><param type="name"/></accessor></technique_common></source><sampler id="mixamorig_Neck-Matrix-animation-transform"><input semantic="INPUT" source="#mixamorig_Neck-Matrix-animation-input"/><input semantic="OUTPUT" source="#mixamorig_Neck-Matrix-animation-output-transform"/><input semantic="INTERPOLATION" source="#mixamorig_Neck-Interpolations"/></sampler><channel source="#mixamorig_Neck-Matrix-animation-transform" target="mixamorig_Neck/matrix"/></animation>
    <animation id="mixamorig_Head-anim" name="mixamorig_Head"><source id="mixamorig_Head-Matrix-animation-input"><float_array id="mixamorig_Head-Matrix-animation-input-array" count="28">

0.000000 0.033333 0.066667 0.100000 0.133333 0.166667 0.200000 0.233333 0.266667 0.300000 0.333333 0.366667 0.400000 0.433333 0.466667 0.500000
0.533333 0.566667 0.600000 0.633333 0.666667 0.700000 0.733333 0.766667 0.800000 0.833333 0.866667 0.900000</float_array><technique_common><accessor source="#mixamorig_Head-Matrix-animation-input-array" count="28"><param name="TIME" type="float"/></accessor></technique_common></source><source id="mixamorig_Head-Matrix-animation-output-transform"><float_array id="mixamorig_Head-Matrix-animation-output-transform-array" count="448">

0.989033 -0.057017 0.136242 0.000000 0.088931 0.966406 -0.241145 0.564100 -0.117916 0.250617 0.960878 -0.072900 0.000000 0.000000 0.000000 1.000000
0.989373 -0.054134 0.134948 0.000000 0.088841 0.959780 -0.266327 0.564100 -0.115103 0.275485 0.954389 -0.072900 0.000000 0.000000 0.000000 1.000000
0.990033 -0.049160 0.131975 0.000000 0.085552 0.954311 -0.286305 0.564100 -0.111870 0.294742 0.949006 -0.072900 0.000000 0.000000 0.000000 1.000000
0.990960 -0.046050 0.126005 0.000000 0.078333 0.961118 -0.264794 0.564100 -0.108912 0.272271 0.956037 -0.072900 0.000000 0.000000 0.000000 1.000000
0.992014 -0.044423 0.118048 0.000000 0.067276 0.978030 -0.197309 0.564100 -0.106690 0.203675 0.973208 -0.072900 0.000000 0.000000 0.000000 1.000000
0.993039 -0.042870 0.109704 -0.000000 0.053720 0.993741 -0.097940 0.564100 -0.104819 0.103152 0.989127 -0.072900 0.000000 0.000000 0.000000 1.000000
0.993948 -0.039644 0.102448 0.000000 0.039563 0.999213 0.002817 0.564100 -0.102479 0.001253 0.994734 -0.072900 0.000000 0.000000 0.000000 1.000000
0.994689 -0.032733 0.097578 0.000000 0.026539 0.997590 0.064106 0.564100 -0.099442 -0.061176 0.993161 -0.072900 0.000000 0.000000 0.000000 1.000000
0.995199 -0.021667 0.095442 0.000000 0.015883 0.998014 0.060950 0.564100 -0.096573 -0.059142 0.993567 -0.072900 0.000000 0.000000 0.000000 1.000000
0.995405 -0.008386 0.095387 -0.000000 0.008984 0.999943 -0.005841 0.564100 -0.095332 0.006672 0.995423 -0.072900 0.000000 0.000000 0.000000 1.000000
0.995394 0.003268 0.095816 -0.000000 0.007899 0.993226 -0.115934 0.564100 -0.095546 0.116157 0.988625 -0.072900 0.000000 0.000000 0.000000 1.000000
0.995549 0.008434 0.093868 0.000000 0.013489 0.972982 -0.230487 0.564100 -0.093276 0.230728 0.968537 -0.072900 0.000000 0.000000 0.000000 1.000000
0.996242 0.004188 0.086517 0.000000 0.023163 0.949575 -0.312683 0.564100 -0.083464 0.313511 0.945909 -0.072900 0.000000 0.000000 0.000000 1.000000
0.997343 -0.007943 0.072408 0.000000 0.032561 0.937815 -0.345606 0.564100 -0.065160 0.347046 0.935582 -0.072900 0.000000 0.000000 0.000000 1.000000
0.998339 -0.021938 0.053272 0.000000 0.038549 0.941546 -0.334672 0.564100 -0.042816 0.336169 0.940828 -0.072900 0.000000 0.000000 0.000000 1.000000
0.998976 -0.030247 0.033653 0.000000 0.038961 0.953198 -0.299827 0.564100 -0.023009 0.300831 0.953400 -0.072900 0.000000 0.000000 0.000000 1.000000
0.999429 -0.028097 0.018792 0.000000 0.032069 0.963873 -0.264425 0.564100 -0.010683 0.264877 0.964223 -0.072900 0.000000 0.000000 0.000000 1.000000
0.999794 -0.016312 0.012095 -0.000000 0.018772 0.969581 -0.244050 0.564100 -0.007746 0.244227 0.969687 -0.072900 0.000000 0.000000 0.000000 1.000000
0.999903 -0.000783 0.013873 0.000000 0.004099 0.970601 -0.240660 0.564100 -0.013277 0.240693 0.970510 -0.072900 0.000000 0.000000 0.000000 1.000000
0.999671 0.006347 0.024854 -0.000000 -0.000067 0.969543 -0.244921 0.564100 -0.025652 0.244839 0.969224 -0.072900 0.000000 0.000000 0.000000 1.000000
0.999051 -0.002044 0.043509 0.000000 0.012635 0.969549 -0.244571 0.564100 -0.041684 0.244888 0.968655 -0.072900 0.000000 0.000000 0.000000 1.000000
0.997586 -0.022689 0.065631 0.000000 0.037406 0.971852 -0.232603 0.564100 -0.058506 0.234496 0.970355 -0.072900 0.000000 0.000000 0.000000 1.000000
0.994903 -0.048505 0.088404 0.000000 0.066292 0.975242 -0.210971 0.564100 -0.075982 0.215756 0.973486 -0.072900 0.000000 0.000000 0.000000 1.000000
0.991453 -0.070914 0.109509 0.000000 0.090794 0.977805 -0.188825 0.564100 -0.093688 0.197153 0.975886 -0.072900 0.000000 0.000000 0.000000 1.000000
0.988781 -0.081306 0.125301 0.000000 0.102938 0.978778 -0.177193 0.564100 -0.108235 0.188104 0.976167 -0.072900 0.000000 0.000000 0.000000 1.000000
0.988408 -0.074943 0.132031 0.000000 0.098612 0.978153 -0.183008 0.564100 -0.115432 0.193906 0.974205 -0.072900 0.000000 0.000000 0.000000 1.000000
0.989002 -0.062597 0.134005 0.000000 0.089484 0.974632 -0.205144 0.564100 -0.117764 0.214879 0.969515 -0.072900 0.000000 0.000000 0.000000 1.000000
0.989033 -0.057017 0.136242 0.000000 0.088931 0.966406 -0.241146 0.564100 -0.117916 0.250617 0.960878 -0.072900 0.000000 0.000000 0.000000 1.000000</float_array><technique_common><accessor source="#mixamorig_Head-Matrix-animation-output-transform-array" count="28" stride="16"><param type="float4x4"/></accessor></technique_common></source><source id="mixamorig_Head-Interpolations"><Name_array id="mixamorig_Head-Interpolations-array" count="28">
 LINEAR LINEAR LINEAR LINEAR LINEAR LINEAR LINEAR LINEAR LINEAR LINEAR LINEAR
LINEAR LINEAR LINEAR LINEAR LINEAR LINEAR LINEAR LINEAR LINEAR LINEAR LINEAR LINEAR
LINEAR LINEAR LINEAR LINEAR LINEAR</Name_array><technique_common><accessor source="#mixamorig_Head-Interpolations-array" count="28"><param type="name"/></accessor></technique_common></source><sampler id="mixamorig_Head-Matrix-animation-transform"><input semantic="INPUT" source="#mixamorig_Head-Matrix-animation-input"/><input semantic="OUTPUT" source="#mixamorig_Head-Matrix-animation-output-transform"/><input semantic="INTERPOLATION" source="#mixamorig_Head-Interpolations"/></sampler><channel source="#mixamorig_Head-Matrix-animation-transform" target="mixamorig_Head/matrix"/></animation>
    <animation id="mixamorig_LeftShoulder-anim" name="mixamorig_LeftShoulder"><source id="mixamorig_LeftShoulder-Matrix-animation-input"><float_array id="mixamorig_LeftShoulder-Matrix-animation-input-array" count="28">

0.000000 0.033333 0.066667 0.100000 0.133333 0.166667 0.200000 0.233333 0.266667 0.300000 0.333333 0.366667 0.400000 0.433333 0.466667 0.500000
0.533333 0.566667 0.600000 0.633333 0.666667 0.700000 0.733333 0.766667 0.800000 0.833333 0.866667 0.900000</float_array><technique_common><accessor source="#mixamorig_LeftShoulder-Matrix-animation-input-array" count="28"><param name="TIME" type="float"/></accessor></technique_common></source><source id="mixamorig_LeftShoulder-Matrix-animation-output-transform"><float_array id="mixamorig_LeftShoulder-Matrix-animation-output-transform-array" count="448">

-0.390599 -0.919492 -0.044336 -0.711200 0.100162 0.005426 -0.994956 0.812300 0.915095 -0.393070 0.089979 0.045700 0.000000 0.000000 0.000000 1.000000
-0.365781 -0.924041 -0.111142 -0.711200 0.124553 0.069742 -0.989759 0.812300 0.922329 -0.375878 0.089582 0.045700 0.000000 0.000000 0.000000 1.000000
-0.341997 -0.924141 -0.170296 -0.711200 0.142825 0.127999 -0.981436 0.812300 0.928784 -0.359971 0.088215 0.045700 0.000000 0.000000 0.000000 1.000000
-0.336146 -0.923606 -0.184279 -0.711200 0.146670 0.141940 -0.978949 0.812300 0.930319 -0.356097 0.087752 0.045700 0.000000 0.000000 0.000000 1.000000
-0.347686 -0.924457 -0.156503 -0.711200 0.138852 0.114309 -0.983694 0.812300 0.927273 -0.363747 0.088619 0.045700 0.000000 0.000000 0.000000 1.000000
-0.366528 -0.923975 -0.109214 -0.711200 0.123904 0.067864 -0.989971 0.812300 0.922120 -0.376384 0.089610 0.045700 0.000000 0.000000 0.000000 1.000000
-0.383414 -0.921334 -0.064322 -0.711200 0.107865 0.024497 -0.993864 0.812300 0.917256 -0.387999 0.089987 0.045700 0.000000 0.000000 0.000000 1.000000
-0.390599 -0.919493 -0.044336 -0.711200 0.100162 0.005426 -0.994956 0.812300 0.915096 -0.393070 0.089979 0.045700 0.000000 0.000000 0.000000 1.000000
-0.390599 -0.919493 -0.044335 -0.711200 0.100162 0.005425 -0.994956 0.812300 0.915095 -0.393070 0.089979 0.045700 0.000000 0.000000 0.000000 1.000000
-0.390600 -0.919492 -0.044336 -0.711200 0.100162 0.005426 -0.994956 0.812300 0.915095 -0.393070 0.089979 0.045700 0.000000 0.000000 0.000000 1.000000
-0.390599 -0.919492 -0.044336 -0.711200 0.100162 0.005426 -0.994956 0.812300 0.915095 -0.393070 0.089979 0.045700 0.000000 0.000000 0.000000 1.000000
-0.390600 -0.919492 -0.044336 -0.711200 0.100162 0.005426 -0.994956 0.812300 0.915095 -0.393070 0.089979 0.045700 0.000000 0.000000 0.000000 1.000000
-0.390599 -0.919492 -0.044336 -0.711200 0.100162 0.005426 -0.994956 0.812300 0.915095 -0.393070 0.089979 0.045700 0.000000 0.000000 0.000000 1.000000
-0.390599 -0.919493 -0.044335 -0.711200 0.100162 0.005425 -0.994956 0.812300 0.915095 -0.393070 0.089979 0.045700 0.000000 0.000000 0.000000 1.000000
-0.390599 -0.919493 -0.044336 -0.711200 0.100162 0.005426 -0.994956 0.812300 0.915095 -0.393070 0.089979 0.045700 0.000000 0.000000 0.000000 1.000000
-0.390600 -0.919492 -0.044335 -0.711200 0.100162 0.005425 -0.994956 0.812300 0.915095 -0.393070 0.089979 0.045700 0.000000 0.000000 0.000000 1.000000
-0.389205 -0.919887 -0.048246 -0.711200 0.101567 0.009201 -0.994786 0.812300 0.915534 -0.392076 0.089849 0.045700 0.000000 0.000000 0.000000 1.000000
-0.380851 -0.921890 -0.071207 -0.711200 0.109587 0.031464 -0.993479 0.812300 0.918119 -0.386171 0.089045 0.045700 0.000000 0.000000 0.000000 1.000000
-0.371503 -0.923465 -0.095907 -0.711200 0.117837 0.055565 -0.991477 0.812300 0.920923 -0.379638 0.088176 0.045700 0.000000 0.000000 0.000000 1.000000
