<?xml version="1.0" encoding="utf-8"?>
<COLLADA xmlns="http://www.collada.org/2005/11/COLLADASchema" version="1.4.1">
  <asset><contributor><author>Mixamo</author><authoring_tool>COLLADA Mixamo exporter</authoring_tool><comments></comments></contributor><created>2020-03-17T20:26:02Z</created><modified>2020-03-17T20:26:02Z</modified><revision></revision><title></title><unit meter="0.010000"/><up_axis>Y_UP</up_axis></asset>
  <library_animations>
    <animation id="mixamorig_Hips-anim" name="mixamorig_Hips"><source id="mixamorig_Hips-Matrix-animation-input"><float_array id="mixamorig_Hips-Matrix-animation-input-array" count="19">

0.000000 0.033333 0.066667 0.100000 0.133333 0.166667 0.200000 0.233333 0.266667 0.300000 0.333333 0.366667 0.400000 0.433333 0.466667 0.500000
0.533333 0.566667 0.600000</float_array><technique_common><accessor source="#mixamorig_Hips-Matrix-animation-input-array" count="19"><param name="TIME" type="float"/></accessor></technique_common></source><source id="mixamorig_Hips-Matrix-animation-output-transform"><float_array id="mixamorig_Hips-Matrix-animation-output-transform-array" count="304">

-0.774320 -0.059336 0.630006 0.036226 0.207671 0.916625 0.341573 3.850658 -0.597747 0.395321 -0.697438 -0.219551 0.000000 0.000000 0.000000 1.000000
-0.788976 -0.098466 0.606483 0.023681 0.164328 0.917302 0.362704 3.894707 -0.592042 0.385826 -0.707548 -0.257449 0.000000 0.000000 0.000000 1.000000
-0.832187 -0.137005 0.537303 -0.017030 0.107776 0.910550 0.399104 3.976568 -0.543921 0.390037 -0.742981 -0.252416 0.000000 0.000000 0.000000 1.000000
-0.887276 -0.147880 0.436891 -0.069232 0.062333 0.900076 0.431252 4.070141 -0.457008 0.409872 -0.789397 -0.236771 0.000000 0.000000 0.000000 1.000000
-0.933150 -0.113045 0.341249 -0.090652 0.049895 0.899353 0.434367 4.131872 -0.356007 0.422357 -0.833591 -0.250982 0.000000 0.000000 0.000000 1.000000
-0.956889 -0.057169 0.284773 -0.066462 0.065796 0.912289 0.404228 4.099513 -0.282904 0.405538 -0.869197 -0.318498 0.000000 0.000000 0.000000 1.000000
-0.961185 -0.035048 0.273670 -0.025318 0.070862 0.927268 0.367631 3.973873 -0.266650 0.372754 -0.888793 -0.414085 0.000000 0.000000 0.000000 1.000000
-0.951640 -0.057936 0.301705 0.014296 0.053662 0.935613 0.348925 3.871563 -0.302494 0.348241 -0.887257 -0.470456 0.000000 0.000000 0.000000 1.000000
-0.929161 -0.080623 0.360778 0.048662 0.055532 0.934414 0.351832 3.846087 -0.365481 0.346944 -0.863744 -0.481181 0.000000 0.000000 0.000000 1.000000
-0.903777 -0.066319 0.422835 0.078561 0.107408 0.921166 0.374056 3.858590 -0.414308 0.383479 -0.825405 -0.456977 0.000000 0.000000 0.000000 1.000000
-0.886958 -0.029762 0.460890 0.096340 0.184331 0.892184 0.412346 3.883959 -0.423471 0.450690 -0.785844 -0.350717 0.000000 0.000000 0.000000 1.000000
-0.874212 0.012414 0.485386 0.107170 0.259373 0.857028 0.445229 3.897511 -0.410462 0.515120 -0.752444 -0.209472 0.000000 0.000000 0.000000 1.000000
-0.865191 0.016652 0.501166 0.100868 0.278888 0.846588 0.453332 3.888770 -0.416733 0.531988 -0.737104 -0.122859 0.000000 0.000000 0.000000 1.000000
-0.858620 -0.009177 0.512530 0.073741 0.250824 0.864452 0.435672 3.886458 -0.447056 0.502631 -0.739934 -0.100068 0.000000 0.000000 0.000000 1.000000
-0.843291 -0.012744 0.537306 0.037119 0.243313 0.882354 0.402804 3.828670 -0.479227 0.470414 -0.740980 -0.148069 0.000000 0.000000 0.000000 1.000000
-0.810277 0.009363 0.585973 0.021900 0.278607 0.885811 0.371101 3.760384 -0.515587 0.463951 -0.720361 -0.230861 0.000000 0.000000 0.000000 1.000000
-0.766604 0.012734 0.641993 0.019245 0.304164 0.887721 0.345595 3.731251 -0.565510 0.460206 -0.684404 -0.278557 0.000000 0.000000 0.000000 1.000000
-0.746607 -0.015598 0.665082 0.032692 0.277050 0.901619 0.332155 3.775556 -0.604831 0.432250 -0.668834 -0.284847 0.000000 0.000000 0.000000 1.000000
-0.774320 -0.059336 0.630006 0.036225 0.207671 0.916625 0.341573 3.850659 -0.597747 0.395321 -0.697438 -0.219550 0.000000 0.000000 0.000000 1.000000</float_array><technique_common><accessor source="#mixamorig_Hips-Matrix-animation-output-transform-array" count="19" stride="16"><param type="float4x4"/></accessor></technique_common></source><source id="mixamorig_Hips-Interpolations"><Name_array id="mixamorig_Hips-Interpolations-array" count="19">
 LINEAR LINEAR LINEAR LINEAR LINEAR LINEAR LINEAR LINEAR LINEAR LINEAR LINEAR
LINEAR LINEAR LINEAR LINEAR LINEAR LINEAR LINEAR LINEAR</Name_array><technique_common><accessor source="#mixamorig_Hips-Interpolations-array" count="19"><param type="name"/></accessor></technique_common></source><sampler id="mixamorig_Hips-Matrix-animation-transform"><input semantic="INPUT" source="#mixamorig_Hips-Matrix-animation-input"/><input semantic="OUTPUT" source="#mixamorig_Hips-Matrix-animation-output-transform"/><input semantic="INTERPOLATION" source="#mixamorig_Hips-Interpolations"/></sampler><channel source="#mixamorig_Hips-Matrix-animation-transform" target="mixamorig_Hips/matrix"/></animation>
    <animation id="mixamorig_Spine-anim" name="mixamorig_Spine"><source id="mixamorig_Spine-Matrix-animation-input"><float_array id="mixamorig_Spine-Matrix-animation-input-array" count="19">

0.000000 0.033333 0.066667 0.100000 0.133333 0.166667 0.200000 0.233333 0.266667 0.300000 0.333333 0.366667 0.400000 0.433333 0.466667 0.500000
0.533333 0.566667 0.600000</float_array><technique_common><accessor source="#mixamorig_Spine-Matrix-animation-input-array" count="19"><param name="TIME" type="float"/></accessor></technique_common></source><source id="mixamorig_Spine-Matrix-animation-output-transform"><float_array id="mixamorig_Spine-Matrix-animation-output-transform-array" count="304">

0.999040 0.043785 -0.000964 0.000000 -0.043796 0.998732 -0.024841 0.620300 -0.000125 0.024859 0.999691 0.186600 0.000000 0.000000 0.000000 1.000000
0.999220 0.000175 0.039497 0.000000 0.000969 0.999581 -0.028943 0.620300 -0.039486 0.028958 0.998800 0.186600 0.000000 0.000000 0.000000 1.000000
0.997006 -0.053760 0.055581 0.000000 0.056591 0.997110 -0.050685 0.620300 -0.052695 0.053679 0.997167 0.186600 0.000000 0.000000 0.000000 1.000000
0.995012 -0.090920 0.041054 0.000000 0.094259 0.991609 -0.088468 0.620300 -0.032666 0.091896 0.995233 0.186600 0.000000 0.000000 0.000000 1.000000
0.995600 -0.093270 -0.009030 -0.000000 0.091774 0.990005 -0.107084 0.620300 0.018928 0.105784 0.994209 0.186600 0.000000 0.000000 0.000000 1.000000
0.993650 -0.081691 -0.077368 0.000000 0.075906 0.994292 -0.074981 0.620300 0.083051 0.068632 0.994179 0.186600 0.000000 0.000000 0.000000 1.000000
0.986034 -0.092659 -0.138385 0.000000 0.089230 0.995535 -0.030799 0.620300 0.140620 0.018021 0.989900 0.186600 0.000000 0.000000 0.000000 1.000000
0.975364 -0.127779 -0.179825 -0.000000 0.127604 0.991745 -0.012591 0.620300 0.179949 -0.010666 0.983618 0.186600 0.000000 0.000000 0.000000 1.000000
0.967123 -0.143120 -0.210212 0.000000 0.143713 0.989540 -0.012535 0.620300 0.209807 -0.018088 0.977575 0.186600 0.000000 0.000000 0.000000 1.000000
0.959925 -0.099065 -0.262163 0.000000 0.099131 0.994989 -0.013009 0.620300 0.262138 -0.013501 0.964936 0.186600 0.000000 0.000000 0.000000 1.000000
0.937047 -0.010600 -0.349042 0.000000 0.009666 0.999944 -0.004417 0.620300 0.349069 0.000765 0.937097 0.186600 0.000000 0.000000 0.000000 1.000000
0.899069 0.093250 -0.427760 0.000000 -0.096779 0.995214 0.013542 0.620300 0.426976 0.029223 0.903791 0.186600 0.000000 0.000000 0.000000 1.000000
0.872396 0.141071 -0.468000 -0.000000 -0.154655 0.987923 0.009501 0.620300 0.463688 0.064090 0.883678 0.186600 0.000000 0.000000 0.000000 1.000000
0.879511 0.127150 -0.458578 0.000000 -0.147951 0.988948 -0.009552 0.620300 0.452295 0.076249 0.888603 0.186600 0.000000 0.000000 0.000000 1.000000
0.909664 0.110927 -0.400258 -0.000000 -0.129678 0.991355 -0.019975 0.620300 0.394582 0.070075 0.916185 0.186600 0.000000 0.000000 0.000000 1.000000
0.945729 0.121917 -0.301220 0.000000 -0.134285 0.990728 -0.020617 0.620300 0.295914 0.059947 0.953332 0.186600 0.000000 0.000000 0.000000 1.000000
0.974486 0.131626 -0.181804 -0.000000 -0.139835 0.989623 -0.033044 0.620300 0.175568 0.057623 0.982780 0.186600 0.000000 0.000000 0.000000 1.000000
0.992208 0.102203 -0.071254 0.000000 -0.104739 0.993959 -0.032794 0.620300 0.067472 0.040001 0.996919 0.186600 0.000000 0.000000 0.000000 1.000000
0.999041 0.043785 -0.000964 -0.000000 -0.043796 0.998732 -0.024841 0.620300 -0.000125 0.024859 0.999691 0.186600 0.000000 0.000000 0.000000 1.000000</float_array><technique_common><accessor source="#mixamorig_Spine-Matrix-animation-output-transform-array" count="19" stride="16"><param type="float4x4"/></accessor></technique_common></source><source id="mixamorig_Spine-Interpolations"><Name_array id="mixamorig_Spine-Interpolations-array" count="19">
 LINEAR LINEAR LINEAR LINEAR LINEAR LINEAR LINEAR LINEAR LINEAR LINEAR LINEAR
LINEAR LINEAR LINEAR LINEAR LINEAR LINEAR LINEAR LINEAR</Name_array><technique_common><accessor source="#mixamorig_Spine-Interpolations-array" count="19"><param type="name"/></accessor></technique_common></source><sampler id="mixamorig_Spine-Matrix-animation-transform"><input semantic="INPUT" source="#mixamorig_Spine-Matrix-animation-input"/><input semantic="OUTPUT" source="#mixamorig_Spine-Matrix-animation-output-transform"/><input semantic="INTERPOLATION" source="#mixamorig_Spine-Interpolations"/></sampler><channel source="#mixamorig_Spine-Matrix-animation-transform" target="mixamorig_Spine/matrix"/></animation>
    <animation id="mixamorig_Spine1-anim" name="mixamorig_Spine1"><source id="mixamorig_Spine1-Matrix-animation-input"><float_array id="mixamorig_Spine1-Matrix-animation-input-array" count="19">

0.000000 0.033333 0.066667 0.100000 0.133333 0.166667 0.200000 0.233333 0.266667 0.300000 0.333333 0.366667 0.400000 0.433333 0.466667 0.500000
0.533333 0.566667 0.600000</float_array><technique_common><accessor source="#mixamorig_Spine1-Matrix-animation-input-array" count="19"><param name="TIME" type="float"/></accessor></technique_common></source><source id="mixamorig_Spine1-Matrix-animation-output-transform"><float_array id="mixamorig_Spine1-Matrix-animation-output-transform-array" count="304">

1.000000 0.000623 -0.000495 -0.000000 -0.000593 0.998250 0.059138 0.755700 0.000531 -0.059138 0.998250 0.000000 0.000000 0.000000 0.000000 1.000000
0.999965 -0.005330 0.006455 0.000000 0.004938 0.998228 0.059299 0.755700 -0.006760 -0.059265 0.998219 -0.000000 0.000000 0.000000 0.000000 1.000000
0.999842 -0.014921 0.009650 0.000000 0.014354 0.998310 0.056313 0.755700 -0.010474 -0.056165 0.998367 -0.000000 0.000000 0.000000 0.000000 1.000000
0.999733 -0.021822 0.007596 0.000000 0.021432 0.998611 0.048134 0.755700 -0.008636 -0.047958 0.998812 0.000000 0.000000 0.000000 0.000000 1.000000
0.999767 -0.021592 -0.000748 0.000000 0.021604 0.998933 0.040811 0.755700 -0.000134 -0.040818 0.999167 0.000000 0.000000 0.000000 0.000000 1.000000
0.999718 -0.020249 -0.012389 0.000000 0.020772 0.998831 0.043644 0.755700 0.011491 -0.043889 0.998970 -0.000000 0.000000 0.000000 0.000000 1.000000
0.999442 -0.025318 -0.021796 0.000000 0.026402 0.998351 0.050971 0.755700 0.020470 -0.051518 0.998462 0.000000 0.000000 0.000000 0.000000 1.000000
0.999002 -0.036083 -0.026315 0.000000 0.037482 0.997796 0.054752 0.755700 0.024281 -0.055684 0.998153 -0.000000 0.000000 0.000000 0.000000 1.000000
0.998667 -0.041894 -0.030135 0.000000 0.043494 0.997564 0.054544 0.755700 0.027776 -0.055782 0.998057 0.000000 0.000000 0.000000 0.000000 1.000000
0.998642 -0.033513 -0.039881 0.000000 0.035625 0.997933 0.053483 0.755700 0.038006 -0.054831 0.997772 0.000000 0.000000 0.000000 0.000000 1.000000
0.998325 -0.014977 -0.055878 -0.000000 0.018011 0.998368 0.054189 0.755700 0.054976 -0.055104 0.996966 0.000000 0.000000 0.000000 0.000000 1.000000
0.997457 0.002314 -0.071235 -0.000000 0.001561 0.998524 0.054285 0.755700 0.071256 -0.054258 0.995981 0.000000 0.000000 0.000000 0.000000 1.000000
0.996846 0.008991 -0.078845 0.000000 -0.005104 0.998768 0.049367 0.755700 0.079192 -0.048809 0.995664 -0.000000 0.000000 0.000000 0.000000 1.000000
0.997101 0.004809 -0.075932 0.000000 -0.001407 0.998995 0.044789 0.755700 0.076071 -0.044552 0.996107 0.000000 0.000000 0.000000 0.000000 1.000000
0.997901 0.001353 -0.064736 -0.000000 0.001492 0.999036 0.043878 0.755700 0.064733 -0.043882 0.996937 0.000000 0.000000 0.000000 0.000000 1.000000
0.998816 0.004687 -0.048413 -0.000000 -0.002414 0.998896 0.046915 0.755700 0.048579 -0.046743 0.997725 -0.000000 0.000000 0.000000 0.000000 1.000000
0.999489 0.010873 -0.030051 0.000000 -0.009393 0.998758 0.048933 0.755700 0.030546 -0.048626 0.998350 0.000000 0.000000 0.000000 0.000000 1.000000
0.999882 0.008782 -0.012598 0.000000 -0.008089 0.998504 0.054077 0.755700 0.013054 -0.053969 0.998457 0.000000 0.000000 0.000000 0.000000 1.000000
1.000000 0.000623 -0.000495 0.000000 -0.000593 0.998250 0.059138 0.755700 0.000531 -0.059138 0.998250 0.000000 0.000000 0.000000 0.000000 1.000000</float_array><technique_common><accessor source="#mixamorig_Spine1-Matrix-animation-output-transform-array" count="19" stride="16"><param type="float4x4"/></accessor></technique_common></source><source id="mixamorig_Spine1-Interpolations"><Name_array id="mixamorig_Spine1-Interpolations-array" count="19">
 LINEAR LINEAR LINEAR LINEAR LINEAR LINEAR LINEAR LINEAR LINEAR LINEAR LINEAR
LINEAR LINEAR LINEAR LINEAR LINEAR LINEAR LINEAR LINEAR</Name_array><technique_common><accessor source="#mixamorig_Spine1-Interpolations-array" count="19"><param type="name"/></accessor></technique_common></source><sampler id="mixamorig_Spine1-Matrix-animation-transform"><input semantic="INPUT" source="#mixamorig_Spine1-Matrix-animation-input"/><input semantic="OUTPUT" source="#mixamorig_Spine1-Matrix-animation-output-transform"/><input semantic="INTERPOLATION" source="#mixamorig_Spine1-Interpolations"/></sampler><channel source="#mixamorig_Spine1-Matrix-animation-transform" target="mixamorig_Spine1/matrix"/></animation>
    <animation id="mixamorig_Spine2-anim" name="mixamorig_Spine2"><source id="mixamorig_Spine2-Matrix-animation-input"><float_array id="mixamorig_Spine2-Matrix-animation-input-array" count="19">

0.000000 0.033333 0.066667 0.100000 0.133333 0.166667 0.200000 0.233333 0.266667 0.300000 0.333333 0.366667 0.400000 0.433333 0.466667 0.500000
0.533333 0.566667 0.600000</float_array><technique_common><accessor source="#mixamorig_Spine2-Matrix-animation-input-array" count="19"><param name="TIME" type="float"/></accessor></technique_common></source><source id="mixamorig_Spine2-Matrix-animation-output-transform"><float_array id="mixamorig_Spine2-Matrix-animation-output-transform-array" count="304">

0.999999 0.000539 -0.000895 0.000000 -0.000486 0.998250 0.059134 0.863700 0.000925 -0.059134 0.998250 0.000000 0.000000 0.000000 0.000000 1.000000
0.999967 -0.005157 0.006321 -0.000000 0.004773 0.998227 0.059330 0.863700 -0.006615 -0.059298 0.998218 0.000000 0.000000 0.000000 0.000000 1.000000
0.999845 -0.014649 0.009718 0.000000 0.014079 0.998310 0.056376 0.863700 -0.010528 -0.056231 0.998362 0.000000 0.000000 0.000000 0.000000 1.000000
0.999735 -0.021673 0.007737 0.000000 0.021276 0.998612 0.048185 0.863700 -0.008770 -0.048008 0.998808 0.000000 0.000000 0.000000 0.000000 1.000000
0.999765 -0.021675 -0.000726 0.000000 0.021687 0.998934 0.040758 0.863700 -0.000158 -0.040764 0.999169 0.000000 0.000000 0.000000 0.000000 1.000000
0.999712 -0.020499 -0.012515 0.000000 0.021025 0.998834 0.043452 0.863700 0.011610 -0.043703 0.998977 0.000000 0.000000 0.000000 0.000000 1.000000
0.999427 -0.025734 -0.022003 0.000000 0.026820 0.998359 0.050598 0.863700 0.020665 -0.051160 0.998477 -0.000000 0.000000 0.000000 0.000000 1.000000
0.998976 -0.036649 -0.026544 0.000000 0.038044 0.997809 0.054134 0.863700 0.024502 -0.055088 0.998181 0.000000 0.000000 0.000000 0.000000 1.000000
0.998633 -0.042526 -0.030393 0.000000 0.044116 0.997581 0.053711 0.863700 0.028036 -0.054979 0.998094 -0.000000 0.000000 0.000000 0.000000 1.000000
0.998607 -0.034215 -0.040165 0.000000 0.036308 0.997956 0.052586 0.863700 0.038284 -0.053971 0.997808 0.000000 0.000000 0.000000 0.000000 1.000000
0.998294 -0.015895 -0.056184 0.000000 0.018901 0.998395 0.053385 0.863700 0.055245 -0.054356 0.996992 -0.000000 0.000000 0.000000 0.000000 1.000000
0.997434 0.001207 -0.071587 0.000000 0.002643 0.998555 0.053665 0.863700 0.071549 -0.053717 0.995990 -0.000000 0.000000 0.000000 0.000000 1.000000
0.996828 0.008080 -0.079172 -0.000000 -0.004222 0.998801 0.048779 0.863700 0.079471 -0.048290 0.995667 0.000000 0.000000 0.000000 0.000000 1.000000
0.997077 0.004119 -0.076293 0.000000 -0.000774 0.999039 0.043815 0.863700 0.076400 -0.043628 0.996122 0.000000 0.000000 0.000000 0.000000 1.000000
0.997873 0.000836 -0.065188 0.000000 0.001948 0.999089 0.042625 0.863700 0.065165 -0.042662 0.996962 0.000000 0.000000 0.000000 0.000000 1.000000
0.998790 0.004184 -0.048999 0.000000 -0.001934 0.998946 0.045862 0.863700 0.049139 -0.045712 0.997745 0.000000 0.000000 0.000000 0.000000 1.000000
0.999476 0.010486 -0.030628 -0.000000 -0.008994 0.998786 0.048431 0.863700 0.031099 -0.048130 0.998357 0.000000 0.000000 0.000000 0.000000 1.000000
0.999877 0.008509 -0.013167 -0.000000 -0.007787 0.998515 0.053921 0.863700 0.013606 -0.053812 0.998458 -0.000000 0.000000 0.000000 0.000000 1.000000
0.999999 0.000539 -0.000895 -0.000000 -0.000486 0.998250 0.059134 0.863700 0.000925 -0.059134 0.998250 0.000000 0.000000 0.000000 0.000000 1.000000</float_array><technique_common><accessor source="#mixamorig_Spine2-Matrix-animation-output-transform-array" count="19" stride="16"><param type="float4x4"/></accessor></technique_common></source><source id="mixamorig_Spine2-Interpolations"><Name_array id="mixamorig_Spine2-Interpolations-array" count="19">
 LINEAR LINEAR LINEAR LINEAR LINEAR LINEAR LINEAR LINEAR LINEAR LINEAR LINEAR
LINEAR LINEAR LINEAR LINEAR LINEAR LINEAR LINEAR LINEAR</Name_array><technique_common><accessor source="#mixamorig_Spine2-Interpolations-array" count="19"><param type="name"/></accessor></technique_common></source><sampler id="mixamorig_Spine2-Matrix-animation-transform"><input semantic="INPUT" source="#mixamorig_Spine2-Matrix-animation-input"/><input semantic="OUTPUT" source="#mixamorig_Spine2-Matrix-animation-output-transform"/><input semantic="INTERPOLATION" source="#mixamorig_Spine2-Interpolations"/></sampler><channel source="#mixamorig_Spine2-Matrix-animation-transform" target="mixamorig_Spine2/matrix"/></animation>
    <animation id="mixamorig_Neck-anim" name="mixamorig_Neck"><source id="mixamorig_Neck-Matrix-animation-input"><float_array id="mixamorig_Neck-Matrix-animation-input-array" count="19">

0.000000 0.033333 0.066667 0.100000 0.133333 0.166667 0.200000 0.233333 0.266667 0.300000 0.333333 0.366667 0.400000 0.433333 0.466667 0.500000
0.533333 0.566667 0.600000</float_array><technique_common><accessor source="#mixamorig_Neck-Matrix-animation-input-array" count="19"><param name="TIME" type="float"/></accessor></technique_common></source><source id="mixamorig_Neck-Matrix-animation-output-transform"><float_array id="mixamorig_Neck-Matrix-animation-output-transform-array" count="304">

0.981372 0.110328 0.157276 0.000000 -0.059027 0.952220 -0.299656 0.971700 -0.182822 0.284790 0.940994 0.000000 0.000000 0.000000 0.000000 1.000000
0.988328 0.088581 0.123938 0.000000 -0.040862 0.937901 -0.344488 0.971700 -0.146757 0.335403 0.930574 0.000000 0.000000 0.000000 0.000000 1.000000
0.992898 0.101596 0.061896 0.000000 -0.072307 0.928525 -0.364161 0.971700 -0.094469 0.357099 0.929277 0.000000 0.000000 0.000000 0.000000 1.000000
0.990234 0.139395 0.002445 0.000000 -0.130208 0.930954 -0.341131 0.971700 -0.049828 0.337482 0.940012 0.000000 0.000000 0.000000 0.000000 1.000000
0.985220 0.170152 -0.019743 0.000000 -0.167479 0.932674 -0.319485 0.971700 -0.035947 0.318069 0.947386 0.000000 0.000000 0.000000 0.000000 1.000000
0.980440 0.196427 -0.012390 -0.000000 -0.189150 0.922977 -0.335166 0.971700 -0.054400 0.330954 0.942078 -0.000000 0.000000 0.000000 0.000000 1.000000
0.975000 0.221861 0.012352 -0.000000 -0.204481 0.917600 -0.340879 0.971700 -0.086962 0.329832 0.940026 0.000000 0.000000 0.000000 0.000000 1.000000
0.966621 0.252877 0.041205 -0.000000 -0.226020 0.917355 -0.327682 0.971700 -0.120663 0.307431 0.943889 0.000000 0.000000 0.000000 0.000000 1.000000
0.955330 0.285719 0.075561 0.000000 -0.247858 0.913820 -0.321712 0.971700 -0.160969 0.288613 0.943818 0.000000 0.000000 0.000000 0.000000 1.000000
0.941533 0.310845 0.129964 0.000000 -0.252291 0.906130 -0.339527 0.971700 -0.223305 0.286887 0.931574 0.000000 0.000000 0.000000 0.000000 1.000000
0.919899 0.340189 0.195084 0.000000 -0.251822 0.893780 -0.371138 0.971700 -0.300619 0.292283 0.907854 0.000000 0.000000 0.000000 0.000000 1.000000
0.898150 0.357237 0.256334 0.000000 -0.252976 0.896683 -0.363266 0.971700 -0.359623 0.261421 0.895729 0.000000 0.000000 0.000000 0.000000 1.000000
0.895639 0.326977 0.301526 0.000000 -0.240115 0.926091 -0.291034 0.971700 -0.374401 0.188260 0.907955 0.000000 0.000000 0.000000 0.000000 1.000000
0.910686 0.286428 0.297673 0.000000 -0.222085 0.947061 -0.231848 0.971700 -0.348322 0.145032 0.926087 0.000000 0.000000 0.000000 0.000000 1.000000
0.928685 0.254788 0.269496 0.000000 -0.200940 0.956434 -0.211795 0.971700 -0.311718 0.142538 0.939423 0.000000 0.000000 0.000000 0.000000 1.000000
0.941217 0.234840 0.242820 0.000000 -0.182611 0.958456 -0.219125 0.971700 -0.284191 0.161903 0.944999 0.000000 0.000000 0.000000 0.000000 1.000000
0.954044 0.193283 0.229002 0.000000 -0.140753 0.963676 -0.226976 0.971700 -0.264555 0.184312 0.946594 0.000000 0.000000 0.000000 0.000000 1.000000
0.967804 0.150371 0.201850 0.000000 -0.094817 0.960660 -0.261039 0.971700 -0.233162 0.233496 0.943989 -0.000000 0.000000 0.000000 0.000000 1.000000
0.981372 0.110328 0.157276 -0.000000 -0.059027 0.952220 -0.299656 0.971700 -0.182822 0.284790 0.940994 0.000000 0.000000 0.000000 0.000000 1.000000</float_array><technique_common><accessor source="#mixamorig_Neck-Matrix-animation-output-transform-array" count="19" stride="16"><param type="float4x4"/></accessor></technique_common></source><source id="mixamorig_Neck-Interpolations"><Name_array id="mixamorig_Neck-Interpolations-array" count="19">
 LINEAR LINEAR LINEAR LINEAR LINEAR LINEAR LINEAR LINEAR LINEAR LINEAR LINEAR
LINEAR LINEAR LINEAR LINEAR LINEAR LINEAR LINEAR LINEAR</Name_array><technique_common><accessor source="#mixamorig_Neck-Interpolations-array" count="19"><param type="name"/></accessor></technique_common></source><sampler id="mixamorig_Neck-Matrix-animation-transform"><input semantic="INPUT" source="#mixamorig_Neck-Matrix-animation-input"/><input semantic="OUTPUT" source="#mixamorig_Neck-Matrix-animation-output-transform"/><input semantic="INTERPOLATION" source="#mixamorig_Neck-Interpolations"/></sampler><channel source="#mixamorig_Neck-Matrix-animation-transform" target="mixamorig_Neck/matrix"/></animation>
    <animation id="mixamorig_Head-anim" name="mixamorig_Head"><source id="mixamorig_Head-Matrix-animation-input"><float_array id="mixamorig_Head-Matrix-animation-input-array" count="19">

0.000000 0.033333 0.066667 0.100000 0.133333 0.166667 0.200000 0.233333 0.266667 0.300000 0.333333 0.366667 0.400000 0.433333 0.466667 0.500000
0.533333 0.566667 0.600000</float_array><technique_common><accessor source="#mixamorig_Head-Matrix-animation-input-array" count="19"><param name="TIME" type="float"/></accessor></technique_common></source><source id="mixamorig_Head-Matrix-animation-output-transform"><float_array id="mixamorig_Head-Matrix-animation-output-transform-array" count="304">

0.876912 -0.139061 0.460095 0.000000 0.134006 0.990011 0.043819 0.564100 -0.461593 0.023230 0.886788 -0.072900 0.000000 0.000000 0.000000 1.000000
0.902388 -0.093435 0.420672 0.000000 0.070704 0.995084 0.069349 0.564100 -0.425084 -0.032836 0.904558 -0.072900 0.000000 0.000000 0.000000 1.000000
0.924952 -0.062252 0.374951 -0.000000 0.032820 0.995893 0.084382 0.564100 -0.378664 -0.065744 0.923196 -0.072900 0.000000 0.000000 0.000000 1.000000
0.937300 -0.064109 0.342578 0.000000 0.035212 0.995326 0.089923 0.564100 -0.346741 -0.072222 0.935176 -0.072900 0.000000 0.000000 0.000000 1.000000
0.939601 -0.075632 0.333811 0.000000 0.042365 0.993480 0.105845 0.564100 -0.339640 -0.085310 0.936679 -0.072900 0.000000 0.000000 0.000000 1.000000
0.933401 -0.072571 0.351420 0.000000 0.030343 0.991791 0.124217 0.564100 -0.357550 -0.105281 0.927941 -0.072900 0.000000 0.000000 0.000000 1.000000
0.921430 -0.049147 0.385423 0.000000 0.009790 0.994590 0.103418 0.564100 -0.388420 -0.091519 0.916927 -0.072900 0.000000 0.000000 0.000000 1.000000
0.906205 -0.033277 0.421526 0.000000 0.008787 0.998165 0.059908 0.564100 -0.422746 -0.050585 0.904835 -0.072900 0.000000 0.000000 0.000000 1.000000
0.884005 -0.043865 0.465416 0.000000 0.032692 0.998951 0.032056 0.564100 -0.466334 -0.013123 0.884511 -0.072900 0.000000 0.000000 0.000000 1.000000
0.846159 -0.074573 0.527688 0.000000 0.065016 0.997210 0.036672 0.564100 -0.528950 0.003278 0.848647 -0.072900 0.000000 0.000000 0.000000 1.000000
0.789333 -0.118045 0.602511 0.000000 0.092834 0.993007 0.072932 0.564100 -0.606907 -0.001634 0.794771 -0.072900 0.000000 0.000000 0.000000 1.000000
0.733235 -0.163601 0.660001 0.000000 0.122581 0.986525 0.108358 0.564100 -0.668835 0.001452 0.743409 -0.072900 0.000000 0.000000 0.000000 1.000000
0.713517 -0.189836 0.674430 0.000000 0.159041 0.981351 0.107968 0.564100 -0.682349 0.030225 0.730402 -0.072900 0.000000 0.000000 0.000000 1.000000
0.729634 -0.196942 0.654865 0.000000 0.176959 0.979389 0.097376 0.564100 -0.660545 0.044835 0.749446 -0.072900 0.000000 0.000000 0.000000 1.000000
0.762000 -0.187482 0.619844 0.000000 0.167855 0.981643 0.090564 0.564100 -0.625445 0.035034 0.779481 -0.072900 0.000000 0.000000 0.000000 1.000000
0.788324 -0.177288 0.589164 0.000000 0.161586 0.983629 0.079779 0.564100 -0.593662 0.032309 0.804065 -0.072900 0.000000 0.000000 0.000000 1.000000
0.813093 -0.162189 0.559084 -0.000000 0.159611 0.985711 0.053827 0.564100 -0.559826 0.045470 0.827362 -0.072900 0.000000 0.000000 0.000000 1.000000
0.843416 -0.148004 0.516473 0.000000 0.150565 0.987899 0.037222 0.564100 -0.515732 0.046370 0.855494 -0.072900 0.000000 0.000000 0.000000 1.000000
0.876912 -0.139061 0.460095 -0.000000 0.134006 0.990011 0.043819 0.564100 -0.461593 0.023230 0.886788 -0.072900 0.000000 0.000000 0.000000 1.000000</float_array><technique_common><accessor source="#mixamorig_Head-Matrix-animation-output-transform-array" count="19" stride="16"><param type="float4x4"/></accessor></technique_common></source><source id="mixamorig_Head-Interpolations"><Name_array id="mixamorig_Head-Interpolations-array" count="19">
 LINEAR LINEAR LINEAR LINEAR LINEAR LINEAR LINEAR LINEAR LINEAR LINEAR LINEAR
LINEAR LINEAR LINEAR LINEAR LINEAR LINEAR LINEAR LINEAR</Name_array><technique_common><accessor source="#mixamorig_Head-Interpolations-array" count="19"><param type="name"/></accessor></technique_common></source><sampler id="mixamorig_Head-Matrix-animation-transform"><input semantic="INPUT" source="#mixamorig_Head-Matrix-animation-input"/><input semantic="OUTPUT" source="#mixamorig_Head-Matrix-animation-output-transform"/><input semantic="INTERPOLATION" source="#mixamorig_Head-Interpolations"/></sampler><channel source="#mixamorig_Head-Matrix-animation-transform" target="mixamorig_Head/matrix"/></animation>
    <animation id="mixamorig_LeftShoulder-anim" name="mixamorig_LeftShoulder"><source id="mixamorig_LeftShoulder-Matrix-animation-input"><float_array id="mixamorig_LeftShoulder-Matrix-animation-input-array" count="19">

0.000000 0.033333 0.066667 0.100000 0.133333 0.166667 0.200000 0.233333 0.266667 0.300000 0.333333 0.366667 0.400000 0.433333 0.466667 0.500000
0.533333 0.566667 0.600000</float_array><technique_common><accessor source="#mixamorig_LeftShoulder-Matrix-animation-input-array" count="19"><param name="TIME" type="float"/></accessor></technique_common></source><source id="mixamorig_LeftShoulder-Matrix-animation-output-transform"><float_array id="mixamorig_LeftShoulder-Matrix-animation-output-transform-array" count="304">

-0.419728 -0.907433 -0.019822 -0.711200 0.003059 0.020425 -0.999787 0.812300 0.907645 -0.419699 -0.005797 0.045700 0.000000 0.000000 0.000000 1.000000
-0.417834 -0.907447 -0.044207 -0.711200 0.010089 0.044021 -0.998980 0.812300 0.908467 -0.417854 -0.009238 0.045700 0.000000 0.000000 0.000000 1.000000
-0.405846 -0.912349 -0.053938 -0.711200 0.012795 0.053340 -0.998494 0.812300 0.913852 -0.405925 -0.009975 0.045700 0.000000 0.000000 0.000000 1.000000
-0.414903 -0.909276 -0.032748 -0.711200 0.006804 0.032891 -0.999436 0.812300 0.909840 -0.414892 -0.007460 0.045700 0.000000 0.000000 0.000000 1.000000
-0.418389 -0.908089 -0.018017 -0.711200 0.002555 0.018660 -0.999823 0.812300 0.908265 -0.418360 -0.005487 0.045700 0.000000 0.000000 0.000000 1.000000
-0.418921 -0.907830 -0.018721 -0.711200 0.002750 0.019348 -0.999809 0.812300 0.908018 -0.418893 -0.005609 0.045700 0.000000 0.000000 0.000000 1.000000
-0.424193 -0.905198 -0.026029 -0.711200 0.004813 0.026489 -0.999638 0.812300 0.905559 -0.424165 -0.006880 0.045700 0.000000 0.000000 0.000000 1.000000
-0.427446 -0.903515 -0.030826 -0.711200 0.006192 0.031172 -0.999495 0.812300 0.904020 -0.427421 -0.007730 0.045700 0.000000 0.000000 0.000000 1.000000
-0.428182 -0.903127 -0.031966 -0.711200 0.006522 0.032284 -0.999457 0.812300 0.903669 -0.428158 -0.007933 0.045700 0.000000 0.000000 0.000000 1.000000
-0.433392 -0.900306 -0.040259 -0.711200 0.008954 0.040368 -0.999145 0.812300 0.901161 -0.433382 -0.009434 0.045700 0.000000 0.000000 0.000000 1.000000
-0.410820 -0.908981 -0.070565 -0.711200 0.017506 0.069519 -0.997427 0.812300 0.911548 -0.410999 -0.012648 0.045700 0.000000 0.000000 0.000000 1.000000
-0.409255 -0.909313 -0.075233 -0.711200 0.018791 0.074037 -0.997078 0.812300 0.912226 -0.409473 -0.013213 0.045700 0.000000 0.000000 0.000000 1.000000
-0.431506 -0.901338 -0.037314 -0.711200 0.008085 0.037498 -0.999264 0.812300 0.902074 -0.431490 -0.008893 0.045700 0.000000 0.000000 0.000000 1.000000
-0.409617 -0.912233 -0.006743 -0.711200 -0.000524 0.007627 -0.999971 0.812300 0.912257 -0.409602 -0.003602 0.045700 0.000000 0.000000 0.000000 1.000000
-0.395971 -0.918222 0.008697 -0.711200 -0.004521 -0.007522 -0.999961 0.812300 0.918252 -0.395995 -0.001173 0.045700 0.000000 0.000000 0.000000 1.000000
-0.395731 -0.918322 0.009000 -0.711200 -0.004598 -0.007819 -0.999959 0.812300 0.918355 -0.395756 -0.001128 0.045700 0.000000 0.000000 0.000000 1.000000
-0.403454 -0.915000 0.000606 -0.711200 -0.002463 0.000423 -0.999997 0.812300 0.914997 -0.403454 -0.002424 0.045700 0.000000 0.000000 0.000000 1.000000
-0.413476 -0.910442 -0.011484 -0.711200 0.000755 0.012270 -0.999924 0.812300 0.910515 -0.413454 -0.004386 0.045700 0.000000 0.000000 0.000000 1.000000
-0.419727 -0.907434 -0.019822 -0.711200 0.003059 0.020424 -0.999787 0.812300 0.907645 -0.419698 -0.005797 0.045700 0.000000 0.000000 0.000000 1.000000</float_array><technique_common><accessor source="#mixamorig_LeftShoulder-Matrix-animation-output-transform-array" count="19" stride="16"><param type="float4x4"/></accessor></technique_common></source><source id="mixamorig_LeftShoulder-Interpolations"><Name_array id="mixamorig_LeftShoulder-Interpolations-array" count="19">
 LINEAR LINEAR LINEAR LINEAR LINEAR LINEAR LINEAR LINEAR LINEAR LINEAR LINEAR
LINEAR LINEAR LINEAR LINEAR LINEAR LINEAR LINEAR LINEAR</Name_array><technique_common><accessor source="#mixamorig_LeftShoulder-Interpolations-array" count="19"><param type="name"/></accessor></technique_common></source><sampler id="mixamorig_LeftShoulder-Matrix-animation-transform"><input semantic="INPUT" source="#mixamorig_LeftShoulder-Matrix-animation-input"/><input semantic="OUTPUT" source="#mixamorig_LeftShoulder-Matrix-animation-output-transform"/><input semantic="INTERPOLATION" source="#mixamorig_LeftShoulder-Interpolations"/></sampler><channel source="#mixamorig_LeftShoulder-Matrix-animation-transform" target="mixamorig_LeftShoulder/matrix"/></animation>
    <animation id="mixamorig_LeftArm-anim" name="mixamorig_LeftArm"><source id="mixamorig_LeftArm-Matrix-animation-input"><float_array id="mixamorig_LeftArm-Matrix-animation-input-array" count="19">

0.000000 0.033333 0.066667 0.100000 0.133333 0.166667 0.200000 0.233333 0.266667 0.300000 0.333333 0.366667 0.400000 0.433333 0.466667 0.500000
0.533333 0.566667 0.600000</float_array><technique_common><accessor source="#mixamorig_LeftArm-Matrix-animation-input-array" count="19"><param name="TIME" type="float"/></accessor></technique_common></source><source id="mixamorig_LeftArm-Matrix-animation-output-transform"><float_array id="mixamorig_LeftArm-Matrix-animation-output-transform-array" count="304">

-0.517189 -0.842672 -0.149733 0.000000 -0.576625 0.213788 0.788542 1.447200 -0.632471 0.494165 -0.596475 0.000000 0.000000 0.000000 0.000000 1.000000
-0.455775 -0.885985 -0.085444 0.000000 -0.610373 0.241230 0.754488 1.447200 -0.647853 0.396029 -0.650728 0.000000 0.000000 0.000000 0.000000 1.000000
-0.356645 -0.931484 -0.071701 0.000000 -0.626007 0.181303 0.758449 1.447200 -0.693483 0.315383 -0.647777 -0.000000 0.000000 0.000000 0.000000 1.000000
-0.283356 -0.954054 -0.097421 0.000000 -0.615175 0.102892 0.781647 1.447200 -0.735710 0.281416 -0.616065 -0.000000 0.000000 0.000000 0.000000 1.000000
-0.250427 -0.956332 -0.150716 0.000000 -0.608265 0.034308 0.792992 1.447200 -0.753193 0.290262 -0.590295 0.000000 0.000000 0.000000 0.000000 1.000000
-0.252770 -0.945973 -0.203084 0.000000 -0.647464 0.009411 0.762038 1.447200 -0.718956 0.324110 -0.614862 -0.000000 0.000000 0.000000 0.000000 1.000000
-0.276086 -0.931818 -0.235565 -0.000000 -0.687288 0.020073 0.726108 1.447200 -0.671872 0.362369 -0.645969 0.000000 0.000000 0.000000 0.000000 1.000000
-0.314194 -0.922833 -0.222847 0.000000 -0.672093 0.050432 0.738747 1.447200 -0.670502 0.381884 -0.636075 0.000000 0.000000 0.000000 0.000000 1.000000
-0.369797 -0.910280 -0.186117 0.000000 -0.624250 0.095056 0.775420 1.447200 -0.688158 0.402932 -0.603394 -0.000000 0.000000 0.000000 0.000000 1.000000
-0.431180 -0.887737 -0.161267 0.000000 -0.605892 0.152445 0.780804 1.447200 -0.668564 0.434378 -0.603604 0.000000 0.000000 0.000000 0.000000 1.000000
-0.466401 -0.863608 -0.191447 0.000000 -0.631131 0.173239 0.756084 1.447200 -0.619793 0.473466 -0.625848 0.000000 0.000000 0.000000 0.000000 1.000000
-0.516822 -0.827228 -0.220427 0.000000 -0.657151 0.218324 0.721448 1.447200 -0.548678 0.517714 -0.656448 0.000000 0.000000 0.000000 0.000000 1.000000
-0.582186 -0.781392 -0.224693 0.000000 -0.632166 0.261242 0.729465 1.447200 -0.511298 0.566727 -0.646061 -0.000000 0.000000 0.000000 0.000000 1.000000
-0.594059 -0.762465 -0.256403 0.000000 -0.603031 0.211149 0.769266 1.447200 -0.532399 0.611608 -0.585225 -0.000000 0.000000 0.000000 0.000000 1.000000
-0.601593 -0.771365 -0.207563 0.000000 -0.532601 0.193677 0.823909 1.447200 -0.595334 0.606206 -0.527344 0.000000 0.000000 0.000000 0.000000 1.000000
-0.602879 -0.776217 -0.184456 -0.000000 -0.507708 0.194911 0.839191 1.447200 -0.615442 0.599581 -0.511599 0.000000 0.000000 0.000000 0.000000 1.000000
-0.608945 -0.775797 -0.165304 0.000000 -0.521838 0.234866 0.820075 1.447200 -0.597387 0.585642 -0.547861 0.000000 0.000000 0.000000 0.000000 1.000000
-0.590780 -0.793126 -0.148090 0.000000 -0.542116 0.254266 0.800911 1.447200 -0.597569 0.553444 -0.580182 0.000000 0.000000 0.000000 0.000000 1.000000
-0.517178 -0.842677 -0.149740 0.000000 -0.576631 0.213776 0.788541 1.447200 -0.632474 0.494161 -0.596474 0.000000 0.000000 0.000000 0.000000 1.000000</float_array><technique_common><accessor source="#mixamorig_LeftArm-Matrix-animation-output-transform-array" count="19" stride="16"><param type="float4x4"/></accessor></technique_common></source><source id="mixamorig_LeftArm-Interpolations"><Name_array id="mixamorig_LeftArm-Interpolations-array" count="19">
 LINEAR LINEAR LINEAR LINEAR LINEAR LINEAR LINEAR LINEAR LINEAR LINEAR LINEAR
LINEAR LINEAR LINEAR LINEAR LINEAR LINEAR LINEAR LINEAR</Name_array><technique_common><accessor source="#mixamorig_LeftArm-Interpolations-array" count="19"><param type="name"/></accessor></technique_common></source><sampler id="mixamorig_LeftArm-Matrix-animation-transform"><input semantic="INPUT" source="#mixamorig_LeftArm-Matrix-animation-input"/><input semantic="OUTPUT" source="#mixamorig_LeftArm-Matrix-animation-output-transform"/><input semantic="INTERPOLATION" source="#mixamorig_LeftArm-Interpolations"/></sampler><channel source="#mixamorig_LeftArm-Matrix-animation-transform" target="mixamorig_LeftArm/matrix"/></animation>
    <animation id="mixamorig_LeftForeArm-anim" name="mixamorig_LeftForeArm"><source id="mixamorig_LeftForeArm-Matrix-animation-input"><float_array id="mixamorig_LeftForeArm-Matrix-animation-input-array" count="19">

0.000000 0.033333 0.066667 0.100000 0.133333 0.166667 0.200000 0.233333 0.266667 0.300000 0.333333 0.366667 0.400000 0.433333 0.466667 0.500000
0.533333 0.566667 0.600000</float_array><technique_common><accessor source="#mixamorig_LeftForeArm-Matrix-animation-input-array" count="19"><param name="TIME" type="float"/></accessor></technique_common></source><source id="mixamorig_LeftForeArm-Matrix-animation-output-transform"><float_array id="mixamorig_LeftForeArm-Matrix-animation-output-transform-array" count="304">

0.257820 0.956400 0.137211 0.000000 -0.793257 0.290605 -0.535063 1.787200 -0.551609 0.029106 0.833595 0.000000 0.000000 0.000000 0.000000 1.000000
0.300899 0.945886 0.121487 0.000000 -0.819349 0.321602 -0.474594 1.787200 -0.487982 0.043264 0.871781 0.000000 0.000000 0.000000 0.000000 1.000000
0.383643 0.897744 0.216506 -0.000000 -0.788106 0.440482 -0.429959 1.787200 -0.481360 -0.005679 0.876505 0.000000 0.000000 0.000000 0.000000 1.000000
0.473736 0.806639 0.353423 -0.000000 -0.717881 0.586165 -0.375576 1.787200 -0.510118 -0.075792 0.856758 0.000000 0.000000 0.000000 0.000000 1.000000
0.551231 0.712973 0.433374 0.000000 -0.642379 0.694123 -0.324874 1.787200 -0.532442 -0.099309 0.840621 0.000000 0.000000 0.000000 0.000000 1.000000
0.575598 0.714291 0.398090 0.000000 -0.635947 0.697050 -0.331198 1.787200 -0.514060 -0.062527 0.855472 0.000000 0.000000 0.000000 0.000000 1.000000
0.541570 0.786295 0.297392 0.000000 -0.708374 0.617331 -0.342212 1.787200 -0.452669 -0.025333 0.891319 0.000000 0.000000 0.000000 0.000000 1.000000
0.465258 0.848444 0.252346 0.000000 -0.820593 0.520309 -0.236443 1.787200 -0.331906 -0.097067 0.938305 0.000000 0.000000 0.000000 0.000000 1.000000
0.371347 0.890919 0.261465 0.000000 -0.909298 0.405917 -0.091693 1.787200 -0.187824 -0.203700 0.960848 0.000000 0.000000 0.000000 0.000000 1.000000
0.230941 0.941599 0.245065 0.000000 -0.959554 0.262093 -0.102774 1.787200 -0.161002 -0.211418 0.964044 -0.000000 0.000000 0.000000 0.000000 1.000000
0.093755 0.984263 0.149787 0.000000 -0.937610 0.137885 -0.319180 1.787200 -0.334810 -0.110517 0.935782 0.000000 0.000000 0.000000 0.000000 1.000000
0.045678 0.998642 0.025050 0.000000 -0.837832 0.051955 -0.543450 1.787200 -0.544013 0.003836 0.839068 0.000000 0.000000 0.000000 0.000000 1.000000
0.049190 0.998671 -0.015392 0.000000 -0.768629 0.028009 -0.639082 1.787200 -0.637801 0.043267 0.768985 0.000000 0.000000 0.000000 0.000000 1.000000
0.082764 0.995704 0.041528 0.000000 -0.736453 0.089183 -0.670584 1.787200 -0.671406 0.024917 0.740670 0.000000 0.000000 0.000000 0.000000 1.000000
0.059403 0.979373 0.193132 0.000000 -0.795176 0.163386 -0.583953 1.787200 -0.603463 -0.118886 0.788479 -0.000000 0.000000 0.000000 0.000000 1.000000
0.074935 0.965500 0.249389 0.000000 -0.815689 0.203210 -0.541625 1.787200 -0.573617 -0.162837 0.802775 0.000000 0.000000 0.000000 0.000000 1.000000
0.100692 0.971692 0.213720 0.000000 -0.816894 0.203367 -0.539747 1.787200 -0.567931 -0.120238 0.814246 0.000000 0.000000 0.000000 0.000000 1.000000
