<?xml version="1.0" encoding="utf-8"?>
<COLLADA xmlns="http://www.collada.org/2005/11/COLLADASchema" version="1.4.1">
  <asset><contributor><author>Mixamo</author><authoring_tool>COLLADA Mixamo exporter</authoring_tool><comments></comments></contributor><created>2020-03-17T20:33:24Z</created><modified>2020-03-17T20:33:24Z</modified><revision></revision><title></title><unit meter="0.010000"/><up_axis>Y_UP</up_axis></asset>
  <library_animations>
    <animation id="mixamorig_Hips-anim" name="mixamorig_Hips"><source id="mixamorig_Hips-Matrix-animation-input"><float_array id="mixamorig_Hips-Matrix-animation-input-array" count="20">

0.000000 0.033333 0.066667 0.100000 0.133333 0.166667 0.200000 0.233333 0.266667 0.300000 0.333333 0.366667 0.400000 0.433333 0.466667 0.500000
0.533333 0.566667 0.600000 0.633333</float_array><technique_common><accessor source="#mixamorig_Hips-Matrix-animation-input-array" count="20"><param name="TIME" type="float"/></accessor></technique_common></source><source id="mixamorig_Hips-Matrix-animation-output-transform"><float_array id="mixamorig_Hips-Matrix-animation-output-transform-array" count="320">

-0.925220 0.070890 0.372750 0.028680 0.154696 0.967512 0.199975 4.092922 -0.346464 0.242683 -0.906128 0.009553 0.000000 0.000000 0.000000 1.000000
-0.948072 -0.025723 0.317014 -0.043862 0.015067 0.991973 0.125550 4.398393 -0.317699 0.123807 -0.940074 -0.011631 0.000000 0.000000 0.000000 1.000000
-0.944834 -0.105215 0.310190 -0.122508 -0.094203 0.994281 0.050314 4.724286 -0.313710 0.018317 -0.949342 -0.040862 0.000000 0.000000 0.000000 1.000000
-0.935151 -0.143053 0.324080 -0.115833 -0.156084 0.987638 -0.014433 4.933414 -0.318009 -0.064081 -0.945920 -0.091519 0.000000 0.000000 0.000000 1.000000
-0.919630 -0.134474 0.369048 -0.045537 -0.172186 0.982497 -0.071068 5.035248 -0.353032 -0.128901 -0.926689 -0.143182 0.000000 0.000000 0.000000 1.000000
-0.893302 -0.113674 0.434845 0.011766 -0.180198 0.976907 -0.114806 5.095108 -0.411753 -0.180915 -0.893157 -0.231711 0.000000 0.000000 0.000000 1.000000
-0.856753 -0.108701 0.504140 0.057152 -0.199138 0.971449 -0.128960 5.132419 -0.475729 -0.210881 -0.853939 -0.319897 0.000000 0.000000 0.000000 1.000000
-0.822874 -0.114746 0.556517 0.090679 -0.208874 0.971911 -0.108449 5.125537 -0.528441 -0.205481 -0.823728 -0.392788 0.000000 0.000000 0.000000 1.000000
-0.807161 -0.121325 0.577730 0.118008 -0.186701 0.980884 -0.054856 5.070573 -0.560031 -0.152140 -0.814383 -0.431796 0.000000 0.000000 0.000000 1.000000
-0.812194 -0.123536 0.570157 0.133694 -0.134520 0.990643 0.023017 5.000317 -0.567666 -0.058003 -0.821213 -0.439477 0.000000 0.000000 0.000000 1.000000
-0.821746 -0.119854 0.557107 0.121339 -0.071955 0.991630 0.107201 4.950416 -0.565292 0.048005 -0.823493 -0.436823 0.000000 0.000000 0.000000 1.000000
-0.829705 -0.114465 0.546340 0.095004 -0.022210 0.984744 0.172588 4.913727 -0.557760 0.131063 -0.819589 -0.411435 0.000000 0.000000 0.000000 1.000000
-0.840565 -0.114417 0.529490 0.067677 -0.003941 0.978705 0.205232 4.869191 -0.541696 0.170425 -0.823116 -0.352711 0.000000 0.000000 0.000000 1.000000
-0.866333 -0.120111 0.484810 0.047760 -0.019803 0.978151 0.206950 4.784366 -0.499075 0.169687 -0.849783 -0.266883 0.000000 0.000000 0.000000 1.000000
-0.908323 -0.126299 0.398746 0.033085 -0.054236 0.980838 0.187126 4.644742 -0.414739 0.148344 -0.897767 -0.163640 0.000000 0.000000 0.000000 1.000000
-0.952255 -0.112004 0.284017 0.020928 -0.069776 0.985496 0.154691 4.474855 -0.297224 0.127488 -0.946258 -0.062169 0.000000 0.000000 0.000000 1.000000
-0.980594 -0.071909 0.182383 0.010527 -0.047575 0.989777 0.134455 4.279547 -0.190187 0.123169 -0.973991 0.005212 0.000000 0.000000 0.000000 1.000000
-0.987467 -0.016660 0.156942 0.003306 0.006369 0.989396 0.145100 4.139258 -0.157695 0.144281 -0.976891 0.074410 0.000000 0.000000 0.000000 1.000000
-0.967160 0.029497 0.252449 0.013696 0.075888 0.981450 0.176060 4.100500 -0.242573 0.189437 -0.951458 0.059493 0.000000 0.000000 0.000000 1.000000
-0.925220 0.070890 0.372750 0.028719 0.154696 0.967512 0.199975 4.092922 -0.346464 0.242683 -0.906128 0.009553 0.000000 0.000000 0.000000 1.000000</float_array><technique_common><accessor source="#mixamorig_Hips-Matrix-animation-output-transform-array" count="20" stride="16"><param type="float4x4"/></accessor></technique_common></source><source id="mixamorig_Hips-Interpolations"><Name_array id="mixamorig_Hips-Interpolations-array" count="20">
 LINEAR LINEAR LINEAR LINEAR LINEAR LINEAR LINEAR LINEAR LINEAR LINEAR LINEAR
LINEAR LINEAR LINEAR LINEAR LINEAR LINEAR LINEAR LINEAR LINEAR</Name_array><technique_common><accessor source="#mixamorig_Hips-Interpolations-array" count="20"><param type="name"/></accessor></technique_common></source><sampler id="mixamorig_Hips-Matrix-animation-transform"><input semantic="INPUT" source="#mixamorig_Hips-Matrix-animation-input"/><input semantic="OUTPUT" source="#mixamorig_Hips-Matrix-animation-output-transform"/><input semantic="INTERPOLATION" source="#mixamorig_Hips-Interpolations"/></sampler><channel source="#mixamorig_Hips-Matrix-animation-transform" target="mixamorig_Hips/matrix"/></animation>
    <animation id="mixamorig_Spine-anim" name="mixamorig_Spine"><source id="mixamorig_Spine-Matrix-animation-input"><float_array id="mixamorig_Spine-Matrix-animation-input-array" count="20">

0.000000 0.033333 0.066667 0.100000 0.133333 0.166667 0.200000 0.233333 0.266667 0.300000 0.333333 0.366667 0.400000 0.433333 0.466667 0.500000
0.533333 0.566667 0.600000 0.633333</float_array><technique_common><accessor source="#mixamorig_Spine-Matrix-animation-input-array" count="20"><param name="TIME" type="float"/></accessor></technique_common></source><source id="mixamorig_Spine-Matrix-animation-output-transform"><float_array id="mixamorig_Spine-Matrix-animation-output-transform-array" count="320">

0.986127 0.156563 0.055148 0.000000 -0.165992 0.929896 0.328237 0.620300 0.000108 -0.332838 0.942984 0.186600 0.000000 0.000000 0.000000 1.000000
0.997059 0.026651 0.071855 0.000000 -0.043209 0.969846 0.239859 0.620300 -0.063296 -0.242258 0.968145 0.186600 0.000000 0.000000 0.000000 1.000000
0.990888 -0.111297 0.075851 0.000000 0.095602 0.977894 0.185969 0.620300 -0.094871 -0.177023 0.979624 0.186600 0.000000 0.000000 0.000000 1.000000
0.975650 -0.209223 0.065825 -0.000000 0.194016 0.963224 0.185893 0.620300 -0.102298 -0.168596 0.980363 0.186600 0.000000 0.000000 0.000000 1.000000
0.959225 -0.276322 0.059435 -0.000000 0.254299 0.935520 0.245224 0.620300 -0.123364 -0.220110 0.967643 0.186600 0.000000 0.000000 0.000000 1.000000
0.934998 -0.349486 0.060325 0.000000 0.307282 0.883231 0.354231 0.620300 -0.177080 -0.312669 0.933210 0.186600 0.000000 0.000000 0.000000 1.000000
0.899379 -0.433710 0.054890 0.000000 0.357405 0.801768 0.478989 0.620300 -0.251751 -0.411174 0.876103 0.186600 0.000000 0.000000 0.000000 1.000000
0.868939 -0.494017 0.029890 0.000000 0.384864 0.712450 0.586767 0.620300 -0.311168 -0.498361 0.809204 0.186600 0.000000 0.000000 0.000000 1.000000
0.864671 -0.502255 -0.009152 -0.000000 0.385239 0.651306 0.653751 0.620300 -0.322389 -0.568805 0.756654 0.186600 0.000000 0.000000 0.000000 1.000000
0.886585 -0.460396 -0.044737 0.000000 0.365692 0.638401 0.677284 0.620300 -0.283259 -0.616830 0.734360 0.186600 0.000000 0.000000 0.000000 1.000000
0.915587 -0.397679 -0.059592 0.000000 0.332554 0.665518 0.668202 0.620300 -0.226071 -0.631615 0.741589 0.186600 0.000000 0.000000 0.000000 1.000000
0.940609 -0.334653 -0.057109 -0.000000 0.291685 0.710569 0.640321 0.620300 -0.173706 -0.618950 0.765981 0.186600 0.000000 0.000000 0.000000 1.000000
0.958968 -0.279166 -0.049456 -0.000000 0.251805 0.758498 0.601062 0.620300 -0.130284 -0.588853 0.797671 0.186600 0.000000 0.000000 0.000000 1.000000
0.973074 -0.224182 -0.053567 0.000000 0.216177 0.807018 0.549536 0.620300 -0.079966 -0.546320 0.833751 0.186600 0.000000 0.000000 0.000000 1.000000
0.982626 -0.166676 -0.081641 0.000000 0.185275 0.855017 0.484375 0.620300 -0.010929 -0.491086 0.871043 0.186600 0.000000 0.000000 0.000000 1.000000
0.987191 -0.098860 -0.125225 0.000000 0.143150 0.895403 0.421618 0.620300 0.070446 -0.434143 0.898085 0.186600 0.000000 0.000000 0.000000 1.000000
0.986826 -0.023834 -0.160019 -0.000000 0.082267 0.925594 0.369469 0.620300 0.139307 -0.377766 0.915362 0.186600 0.000000 0.000000 0.000000 1.000000
0.988327 0.048077 -0.144563 -0.000000 0.001427 0.945938 0.324346 0.620300 0.152341 -0.320766 0.934827 0.186600 0.000000 0.000000 0.000000 1.000000
0.994388 0.095929 -0.044620 0.000000 -0.077115 0.945922 0.315096 0.620300 0.072434 -0.309886 0.948010 0.186600 0.000000 0.000000 0.000000 1.000000
0.986127 0.156563 0.055148 0.000000 -0.165992 0.929896 0.328237 0.620300 0.000108 -0.332838 0.942984 0.186600 0.000000 0.000000 0.000000 1.000000</float_array><technique_common><accessor source="#mixamorig_Spine-Matrix-animation-output-transform-array" count="20" stride="16"><param type="float4x4"/></accessor></technique_common></source><source id="mixamorig_Spine-Interpolations"><Name_array id="mixamorig_Spine-Interpolations-array" count="20">
 LINEAR LINEAR LINEAR LINEAR LINEAR LINEAR LINEAR LINEAR LINEAR LINEAR LINEAR
LINEAR LINEAR LINEAR LINEAR LINEAR LINEAR LINEAR LINEAR LINEAR</Name_array><technique_common><accessor source="#mixamorig_Spine-Interpolations-array" count="20"><param type="name"/></accessor></technique_common></source><sampler id="mixamorig_Spine-Matrix-animation-transform"><input semantic="INPUT" source="#mixamorig_Spine-Matrix-animation-input"/><input semantic="OUTPUT" source="#mixamorig_Spine-Matrix-animation-output-transform"/><input semantic="INTERPOLATION" source="#mixamorig_Spine-Interpolations"/></sampler><channel source="#mixamorig_Spine-Matrix-animation-transform" target="mixamorig_Spine/matrix"/></animation>
    <animation id="mixamorig_Spine1-anim" name="mixamorig_Spine1"><source id="mixamorig_Spine1-Matrix-animation-input"><float_array id="mixamorig_Spine1-Matrix-animation-input-array" count="20">

0.000000 0.033333 0.066667 0.100000 0.133333 0.166667 0.200000 0.233333 0.266667 0.300000 0.333333 0.366667 0.400000 0.433333 0.466667 0.500000
0.533333 0.566667 0.600000 0.633333</float_array><technique_common><accessor source="#mixamorig_Spine1-Matrix-animation-input-array" count="20"><param name="TIME" type="float"/></accessor></technique_common></source><source id="mixamorig_Spine1-Matrix-animation-output-transform"><float_array id="mixamorig_Spine1-Matrix-animation-output-transform-array" count="320">

0.996527 -0.068712 0.047030 0.000000 0.071028 0.996246 -0.049478 0.755700 -0.043454 0.052646 0.997667 -0.000000 0.000000 0.000000 0.000000 1.000000
0.998099 -0.047082 0.039761 0.000000 0.049304 0.997162 -0.056888 0.755700 -0.036970 0.058740 0.997589 0.000000 0.000000 0.000000 0.000000 1.000000
0.999042 -0.027318 0.034199 0.000000 0.029205 0.998007 -0.055935 0.755700 -0.032603 0.056881 0.997849 0.000000 0.000000 0.000000 0.000000 1.000000
0.999489 0.008962 0.030679 0.000000 -0.007652 0.999065 -0.042561 0.755700 -0.031032 0.042305 0.998623 0.000000 0.000000 0.000000 0.000000 1.000000
0.998593 0.039162 0.035759 0.000000 -0.038307 0.998971 -0.024299 0.755700 -0.036674 0.022895 0.999065 0.000000 0.000000 0.000000 0.000000 1.000000
0.997678 0.047662 0.048658 0.000000 -0.047199 0.998829 -0.010627 0.755700 -0.049107 0.008306 0.998759 0.000000 0.000000 0.000000 0.000000 1.000000
0.997406 0.035473 0.062630 -0.000000 -0.035161 0.999363 -0.006081 0.755700 -0.062806 0.003863 0.998018 0.000000 0.000000 0.000000 0.000000 1.000000
0.997477 0.010693 0.070184 0.000000 -0.010068 0.999907 -0.009250 0.755700 -0.070277 0.008521 0.997491 0.000000 0.000000 0.000000 0.000000 1.000000
0.997412 -0.018579 0.069450 0.000000 0.019805 0.999659 -0.016997 0.755700 -0.069111 0.018329 0.997441 -0.000000 0.000000 0.000000 0.000000 1.000000
0.997045 -0.044120 0.062887 -0.000000 0.045853 0.998599 -0.026397 0.755700 -0.061634 0.029203 0.997672 0.000000 0.000000 0.000000 0.000000 1.000000
0.996701 -0.059464 0.055233 -0.000000 0.061396 0.997535 -0.033971 0.755700 -0.053076 0.037250 0.997895 0.000000 0.000000 0.000000 0.000000 1.000000
0.996820 -0.062931 0.048876 0.000000 0.064729 0.997249 -0.036114 0.755700 -0.046469 0.039162 0.998152 0.000000 0.000000 0.000000 0.000000 1.000000
0.997309 -0.058178 0.044616 0.000000 0.059677 0.997671 -0.033042 0.755700 -0.042589 0.035615 0.998458 0.000000 0.000000 0.000000 0.000000 1.000000
0.997774 -0.051888 0.041901 0.000000 0.053152 0.998146 -0.029650 0.755700 -0.040284 0.031811 0.998682 0.000000 0.000000 0.000000 0.000000 1.000000
0.997897 -0.051379 0.039512 0.000000 0.052597 0.998152 -0.030444 0.755700 -0.037875 0.032458 0.998755 0.000000 0.000000 0.000000 0.000000 1.000000
0.997628 -0.058423 0.036388 -0.000000 0.059651 0.997654 -0.033602 0.755700 -0.034340 0.035693 0.998773 -0.000000 0.000000 0.000000 0.000000 1.000000
0.996984 -0.069808 0.033902 -0.000000 0.071121 0.996697 -0.039214 0.755700 -0.031053 0.041507 0.998656 0.000000 0.000000 0.000000 0.000000 1.000000
0.996450 -0.076990 0.034069 0.000000 0.078670 0.995590 -0.051095 0.755700 -0.029985 0.053594 0.998112 0.000000 0.000000 0.000000 0.000000 1.000000
0.996359 -0.076701 0.037212 0.000000 0.078353 0.995902 -0.045164 0.755700 -0.033595 0.047915 0.998286 0.000000 0.000000 0.000000 0.000000 1.000000
0.996527 -0.068712 0.047030 0.000000 0.071028 0.996246 -0.049478 0.755700 -0.043454 0.052646 0.997667 0.000000 0.000000 0.000000 0.000000 1.000000</float_array><technique_common><accessor source="#mixamorig_Spine1-Matrix-animation-output-transform-array" count="20" stride="16"><param type="float4x4"/></accessor></technique_common></source><source id="mixamorig_Spine1-Interpolations"><Name_array id="mixamorig_Spine1-Interpolations-array" count="20">
 LINEAR LINEAR LINEAR LINEAR LINEAR LINEAR LINEAR LINEAR LINEAR LINEAR LINEAR
LINEAR LINEAR LINEAR LINEAR LINEAR LINEAR LINEAR LINEAR LINEAR</Name_array><technique_common><accessor source="#mixamorig_Spine1-Interpolations-array" count="20"><param type="name"/></accessor></technique_common></source><sampler id="mixamorig_Spine1-Matrix-animation-transform"><input semantic="INPUT" source="#mixamorig_Spine1-Matrix-animation-input"/><input semantic="OUTPUT" source="#mixamorig_Spine1-Matrix-animation-output-transform"/><input semantic="INTERPOLATION" source="#mixamorig_Spine1-Interpolations"/></sampler><channel source="#mixamorig_Spine1-Matrix-animation-transform" target="mixamorig_Spine1/matrix"/></animation>
    <animation id="mixamorig_Spine2-anim" name="mixamorig_Spine2"><source id="mixamorig_Spine2-Matrix-animation-input"><float_array id="mixamorig_Spine2-Matrix-animation-input-array" count="20">

0.000000 0.033333 0.066667 0.100000 0.133333 0.166667 0.200000 0.233333 0.266667 0.300000 0.333333 0.366667 0.400000 0.433333 0.466667 0.500000
0.533333 0.566667 0.600000 0.633333</float_array><technique_common><accessor source="#mixamorig_Spine2-Matrix-animation-input-array" count="20"><param name="TIME" type="float"/></accessor></technique_common></source><source id="mixamorig_Spine2-Matrix-animation-output-transform"><float_array id="mixamorig_Spine2-Matrix-animation-output-transform-array" count="320">

0.998379 -0.055898 0.010691 -0.000000 0.056228 0.997850 -0.033674 0.863700 -0.008786 0.034220 0.999376 0.000000 0.000000 0.000000 0.000000 1.000000
0.999004 -0.041385 0.016678 0.000000 0.042142 0.997962 -0.047917 0.863700 -0.014661 0.048573 0.998712 -0.000000 0.000000 0.000000 0.000000 1.000000
0.999411 -0.026281 0.022077 0.000000 0.027414 0.998233 -0.052725 0.863700 -0.020652 0.053299 0.998365 0.000000 0.000000 0.000000 0.000000 1.000000
0.999650 0.007775 0.025304 0.000000 -0.006680 0.999049 -0.043085 0.863700 -0.025614 0.042901 0.998751 0.000000 0.000000 0.000000 0.000000 1.000000
0.998731 0.037661 0.033439 0.000000 -0.036795 0.998981 -0.026151 0.863700 -0.034390 0.024888 0.999099 0.000000 0.000000 0.000000 0.000000 1.000000
0.997815 0.046548 0.046880 0.000000 -0.046032 0.998868 -0.012023 0.863700 -0.047386 0.009838 0.998828 0.000000 0.000000 0.000000 0.000000 1.000000
0.997612 0.034422 0.059879 0.000000 -0.034102 0.999398 -0.006351 0.863700 -0.060062 0.004293 0.998185 0.000000 0.000000 0.000000 0.000000 1.000000
0.997789 0.009415 0.065785 0.000000 -0.008874 0.999924 -0.008504 0.863700 -0.065860 0.007902 0.997798 0.000000 0.000000 0.000000 0.000000 1.000000
0.997815 -0.019587 0.063096 0.000000 0.020608 0.999666 -0.015565 0.863700 -0.062770 0.016832 0.997886 0.000000 0.000000 0.000000 0.000000 1.000000
0.997557 -0.043976 0.054282 -0.000000 0.045348 0.998675 -0.024307 0.863700 -0.053141 0.026709 0.998230 -0.000000 0.000000 0.000000 0.000000 1.000000
0.997368 -0.057573 0.044082 0.000000 0.058955 0.997788 -0.030710 0.863700 -0.042216 0.033228 0.998556 0.000000 0.000000 0.000000 0.000000 1.000000
0.997635 -0.059112 0.035077 0.000000 0.060215 0.997696 -0.031264 0.863700 -0.033148 0.033303 0.998895 0.000000 0.000000 0.000000 0.000000 1.000000
0.998227 -0.052468 0.028098 -0.000000 0.053212 0.998233 -0.026433 0.863700 -0.026661 0.027881 0.999256 0.000000 0.000000 0.000000 0.000000 1.000000
0.998767 -0.044313 0.022363 -0.000000 0.044790 0.998769 -0.021327 0.863700 -0.021390 0.022302 0.999522 0.000000 0.000000 0.000000 0.000000 1.000000
0.998986 -0.041871 0.016558 -0.000000 0.042209 0.998897 -0.020593 0.863700 -0.015677 0.021271 0.999651 0.000000 0.000000 0.000000 0.000000 1.000000
0.998852 -0.046885 0.009833 0.000000 0.047096 0.998637 -0.022496 0.863700 -0.008765 0.022933 0.999699 -0.000000 0.000000 0.000000 0.000000 1.000000
0.998391 -0.056569 0.003807 -0.000000 0.056651 0.998026 -0.027101 0.863700 -0.002266 0.027273 0.999625 0.000000 0.000000 0.000000 0.000000 1.000000
0.998009 -0.063076 0.000466 0.000000 0.063048 0.997287 -0.038001 0.863700 0.001933 0.037955 0.999278 -0.000000 0.000000 0.000000 0.000000 1.000000
0.998008 -0.063038 0.002568 0.000000 0.063087 0.997539 -0.030578 0.863700 -0.000634 0.030679 0.999529 0.000000 0.000000 0.000000 0.000000 1.000000
0.998379 -0.055898 0.010691 0.000000 0.056229 0.997850 -0.033674 0.863700 -0.008786 0.034220 0.999376 0.000000 0.000000 0.000000 0.000000 1.000000</float_array><technique_common><accessor source="#mixamorig_Spine2-Matrix-animation-output-transform-array" count="20" stride="16"><param type="float4x4"/></accessor></technique_common></source><source id="mixamorig_Spine2-Interpolations"><Name_array id="mixamorig_Spine2-Interpolations-array" count="20">
 LINEAR LINEAR LINEAR LINEAR LINEAR LINEAR LINEAR LINEAR LINEAR LINEAR LINEAR
LINEAR LINEAR LINEAR LINEAR LINEAR LINEAR LINEAR LINEAR LINEAR</Name_array><technique_common><accessor source="#mixamorig_Spine2-Interpolations-array" count="20"><param type="name"/></accessor></technique_common></source><sampler id="mixamorig_Spine2-Matrix-animation-transform"><input semantic="INPUT" source="#mixamorig_Spine2-Matrix-animation-input"/><input semantic="OUTPUT" source="#mixamorig_Spine2-Matrix-animation-output-transform"/><input semantic="INTERPOLATION" source="#mixamorig_Spine2-Interpolations"/></sampler><channel source="#mixamorig_Spine2-Matrix-animation-transform" target="mixamorig_Spine2/matrix"/></animation>
    <animation id="mixamorig_Neck-anim" name="mixamorig_Neck"><source id="mixamorig_Neck-Matrix-animation-input"><float_array id="mixamorig_Neck-Matrix-animation-input-array" count="20">

0.000000 0.033333 0.066667 0.100000 0.133333 0.166667 0.200000 0.233333 0.266667 0.300000 0.333333 0.366667 0.400000 0.433333 0.466667 0.500000
0.533333 0.566667 0.600000 0.633333</float_array><technique_common><accessor source="#mixamorig_Neck-Matrix-animation-input-array" count="20"><param name="TIME" type="float"/></accessor></technique_common></source><source id="mixamorig_Neck-Matrix-animation-output-transform"><float_array id="mixamorig_Neck-Matrix-animation-output-transform-array" count="320">

0.995432 0.069637 0.065313 0.000000 -0.068161 0.997372 -0.024568 0.971700 -0.066853 0.020004 0.997562 0.000000 0.000000 0.000000 0.000000 1.000000
0.999794 -0.017489 0.010304 0.000000 0.016832 0.998015 0.060688 0.971700 -0.011345 -0.060502 0.998104 0.000000 0.000000 0.000000 0.000000 1.000000
0.997083 -0.073552 -0.020390 0.000000 0.075471 0.989951 0.119584 0.971700 0.011390 -0.120774 0.992615 0.000000 0.000000 0.000000 0.000000 1.000000
0.999333 -0.036305 0.003826 0.000000 0.034538 0.974209 0.222989 0.971700 -0.011823 -0.222708 0.974813 0.000000 0.000000 0.000000 0.000000 1.000000
0.995815 0.082250 0.039835 -0.000000 -0.090351 0.951576 0.293836 0.971700 -0.013738 -0.296206 0.955025 0.000000 0.000000 0.000000 0.000000 1.000000
0.980855 0.178054 0.078870 -0.000000 -0.192852 0.944372 0.266402 0.971700 -0.027049 -0.276512 0.960630 -0.000000 0.000000 0.000000 0.000000 1.000000
0.963557 0.254590 0.082102 -0.000000 -0.266683 0.938240 0.220423 0.971700 -0.020914 -0.234286 0.971943 0.000000 0.000000 0.000000 0.000000 1.000000
0.946286 0.314766 0.073929 0.000000 -0.322855 0.932265 0.163236 0.971700 -0.017540 -0.178336 0.983813 0.000000 0.000000 0.000000 0.000000 1.000000
0.938379 0.337924 0.072470 -0.000000 -0.343895 0.933821 0.098566 0.971700 -0.034366 -0.117414 0.992488 0.000000 0.000000 0.000000 0.000000 1.000000
0.937571 0.338530 0.079734 -0.000000 -0.341799 0.939251 0.031309 0.971700 -0.064291 -0.056608 0.996324 0.000000 0.000000 0.000000 0.000000 1.000000
0.946432 0.310124 0.089947 0.000000 -0.309062 0.950690 -0.025853 0.971700 -0.093529 -0.003331 0.995611 0.000000 0.000000 0.000000 0.000000 1.000000
0.968013 0.229092 0.102307 0.000000 -0.222031 0.972079 -0.075921 0.971700 -0.116843 0.050778 0.991851 -0.000000 0.000000 0.000000 0.000000 1.000000
0.985112 0.128117 0.114635 0.000000 -0.111941 0.984102 -0.137886 0.971700 -0.130478 0.123001 0.983792 0.000000 0.000000 0.000000 0.000000 1.000000
0.991123 0.067403 0.114595 0.000000 -0.048743 0.986160 -0.158472 0.971700 -0.123691 0.151480 0.980691 0.000000 0.000000 0.000000 0.000000 1.000000
0.991995 0.090181 0.088396 0.000000 -0.082031 0.992387 -0.091860 0.971700 -0.096007 0.083873 0.991841 -0.000000 0.000000 0.000000 0.000000 1.000000
0.986898 0.153496 0.049712 0.000000 -0.154518 0.987837 0.017393 0.971700 -0.046438 -0.024846 0.998612 0.000000 0.000000 0.000000 0.000000 1.000000
0.981455 0.189984 0.025543 0.000000 -0.191506 0.977640 0.086865 0.971700 -0.008469 -0.090146 0.995893 0.000000 0.000000 0.000000 0.000000 1.000000
0.985298 0.168261 0.029605 0.000000 -0.170067 0.982494 0.076051 0.971700 -0.016290 -0.079967 0.996664 -0.000000 0.000000 0.000000 0.000000 1.000000
0.991726 0.119176 0.047720 0.000000 -0.120479 0.992390 0.025417 0.971700 -0.044328 -0.030956 0.998537 0.000000 0.000000 0.000000 0.000000 1.000000
0.995432 0.069638 0.065313 0.000000 -0.068162 0.997372 -0.024570 0.971700 -0.066852 0.020005 0.997562 -0.000000 0.000000 0.000000 0.000000 1.000000</float_array><technique_common><accessor source="#mixamorig_Neck-Matrix-animation-output-transform-array" count="20" stride="16"><param type="float4x4"/></accessor></technique_common></source><source id="mixamorig_Neck-Interpolations"><Name_array id="mixamorig_Neck-Interpolations-array" count="20">
 LINEAR LINEAR LINEAR LINEAR LINEAR LINEAR LINEAR LINEAR LINEAR LINEAR LINEAR
LINEAR LINEAR LINEAR LINEAR LINEAR LINEAR LINEAR LINEAR LINEAR</Name_array><technique_common><accessor source="#mixamorig_Neck-Interpolations-array" count="20"><param type="name"/></accessor></technique_common></source><sampler id="mixamorig_Neck-Matrix-animation-transform"><input semantic="INPUT" source="#mixamorig_Neck-Matrix-animation-input"/><input semantic="OUTPUT" source="#mixamorig_Neck-Matrix-animation-output-transform"/><input semantic="INTERPOLATION" source="#mixamorig_Neck-Interpolations"/></sampler><channel source="#mixamorig_Neck-Matrix-animation-transform" target="mixamorig_Neck/matrix"/></animation>
    <animation id="mixamorig_Head-anim" name="mixamorig_Head"><source id="mixamorig_Head-Matrix-animation-input"><float_array id="mixamorig_Head-Matrix-animation-input-array" count="20">

0.000000 0.033333 0.066667 0.100000 0.133333 0.166667 0.200000 0.233333 0.266667 0.300000 0.333333 0.366667 0.400000 0.433333 0.466667 0.500000
0.533333 0.566667 0.600000 0.633333</float_array><technique_common><accessor source="#mixamorig_Head-Matrix-animation-input-array" count="20"><param name="TIME" type="float"/></accessor></technique_common></source><source id="mixamorig_Head-Matrix-animation-output-transform"><float_array id="mixamorig_Head-Matrix-animation-output-transform-array" count="320">

0.970295 -0.063994 0.233307 0.000000 0.148248 0.919379 -0.364368 0.564100 -0.191180 0.388132 0.901556 -0.072900 0.000000 0.000000 0.000000 1.000000
0.987353 0.016001 0.157727 -0.000000 0.017852 0.977344 -0.210901 0.564100 -0.157528 0.211049 0.964698 -0.072900 0.000000 0.000000 0.000000 1.000000
0.992061 0.077099 0.099354 0.000000 -0.069388 0.994468 -0.078860 0.564100 -0.104884 0.071340 0.991922 -0.072900 0.000000 0.000000 0.000000 1.000000
0.990852 0.018825 0.133632 0.000000 -0.006371 0.995644 -0.093014 0.564100 -0.134801 0.091312 0.986656 -0.072900 0.000000 0.000000 0.000000 1.000000
0.968322 -0.114992 0.221651 -0.000000 0.150458 0.977112 -0.150378 0.564100 -0.199286 0.178964 0.963461 -0.072900 0.000000 0.000000 0.000000 1.000000
0.947334 -0.196562 0.252829 0.000000 0.246028 0.952090 -0.181647 0.564100 -0.205011 0.234283 0.950306 -0.072900 0.000000 0.000000 0.000000 1.000000
0.939131 -0.214223 0.268590 0.000000 0.276270 0.935620 -0.219750 0.564100 -0.204223 0.280577 0.937854 -0.072900 0.000000 0.000000 0.000000 1.000000
0.937932 -0.206999 0.278271 0.000000 0.282453 0.921509 -0.266536 0.564100 -0.201257 0.328591 0.922780 -0.072900 0.000000 0.000000 0.000000 1.000000
0.942037 -0.181054 0.282463 0.000000 0.272885 0.903271 -0.331113 0.564100 -0.195192 0.389001 0.900321 -0.072900 0.000000 0.000000 0.000000 1.000000
0.948460 -0.147702 0.280370 0.000000 0.256020 0.878541 -0.403261 0.564100 -0.186754 0.454258 0.871076 -0.072900 0.000000 0.000000 0.000000 1.000000
0.957230 -0.112270 0.266657 0.000000 0.227434 0.861674 -0.453643 0.564100 -0.178841 0.494888 0.850354 -0.072900 0.000000 0.000000 0.000000 1.000000
0.975327 -0.060149 0.212412 0.000000 0.153773 0.875462 -0.458170 0.564100 -0.158401 0.479529 0.863112 -0.072900 0.000000 0.000000 0.000000 1.000000
0.988722 0.001791 0.149754 0.000000 0.057911 0.917576 -0.393319 0.564100 -0.138115 0.397556 0.907124 -0.072900 0.000000 0.000000 0.000000 1.000000
0.992278 0.034690 0.119080 -0.000000 0.005923 0.945742 -0.324865 0.564100 -0.123889 0.323062 0.938234 -0.072900 0.000000 0.000000 0.000000 1.000000
0.989182 0.009180 0.146408 0.000000 0.034913 0.954629 -0.295744 0.564100 -0.142480 0.297656 0.943981 -0.072900 0.000000 0.000000 0.000000 1.000000
0.978352 -0.045662 0.201846 0.000000 0.102422 0.954361 -0.280542 0.564100 -0.179824 0.295143 0.938378 -0.072900 0.000000 0.000000 0.000000 1.000000
0.966558 -0.084398 0.242163 0.000000 0.152519 0.948323 -0.278248 0.564100 -0.206165 0.305877 0.929481 -0.072900 0.000000 0.000000 0.000000 1.000000
0.964483 -0.087157 0.249350 -0.000000 0.162330 0.940271 -0.299232 0.564100 -0.208376 0.329082 0.921024 -0.072900 0.000000 0.000000 0.000000 1.000000
0.967412 -0.074981 0.241852 -0.000000 0.155585 0.929592 -0.334144 0.564100 -0.199769 0.360883 0.910964 -0.072900 0.000000 0.000000 0.000000 1.000000
0.970295 -0.063995 0.233308 0.000000 0.148249 0.919380 -0.364367 0.564100 -0.191181 0.388131 0.901557 -0.072900 0.000000 0.000000 0.000000 1.000000</float_array><technique_common><accessor source="#mixamorig_Head-Matrix-animation-output-transform-array" count="20" stride="16"><param type="float4x4"/></accessor></technique_common></source><source id="mixamorig_Head-Interpolations"><Name_array id="mixamorig_Head-Interpolations-array" count="20">
 LINEAR LINEAR LINEAR LINEAR LINEAR LINEAR LINEAR LINEAR LINEAR LINEAR LINEAR
LINEAR LINEAR LINEAR LINEAR LINEAR LINEAR LINEAR LINEAR LINEAR</Name_array><technique_common><accessor source="#mixamorig_Head-Interpolations-array" count="20"><param type="name"/></accessor></technique_common></source><sampler id="mixamorig_Head-Matrix-animation-transform"><input semantic="INPUT" source="#mixamorig_Head-Matrix-animation-input"/><input semantic="OUTPUT" source="#mixamorig_Head-Matrix-animation-output-transform"/><input semantic="INTERPOLATION" source="#mixamorig_Head-Interpolations"/></sampler><channel source="#mixamorig_Head-Matrix-animation-transform" target="mixamorig_Head/matrix"/></animation>
    <animation id="mixamorig_LeftShoulder-anim" name="mixamorig_LeftShoulder"><source id="mixamorig_LeftShoulder-Matrix-animation-input"><float_array id="mixamorig_LeftShoulder-Matrix-animation-input-array" count="20">

0.000000 0.033333 0.066667 0.100000 0.133333 0.166667 0.200000 0.233333 0.266667 0.300000 0.333333 0.366667 0.400000 0.433333 0.466667 0.500000
0.533333 0.566667 0.600000 0.633333</float_array><technique_common><accessor source="#mixamorig_LeftShoulder-Matrix-animation-input-array" count="20"><param name="TIME" type="float"/></accessor></technique_common></source><source id="mixamorig_LeftShoulder-Matrix-animation-output-transform"><float_array id="mixamorig_LeftShoulder-Matrix-animation-output-transform-array" count="320">

-0.673892 -0.730494 -0.110668 -0.711200 0.032893 0.119976 -0.992232 0.812300 0.738097 -0.672297 -0.056823 0.045700 0.000000 0.000000 0.000000 1.000000
-0.704595 -0.705995 -0.071538 -0.711200 0.038192 0.062938 -0.997286 0.812300 0.708582 -0.705415 -0.017383 0.045700 0.000000 0.000000 0.000000 1.000000
-0.638671 -0.769404 -0.010823 -0.711200 0.132135 -0.095805 -0.986591 0.812300 0.758050 -0.631537 0.162853 0.045700 0.000000 0.000000 0.000000 1.000000
-0.662517 -0.744652 0.081017 -0.711200 0.089999 -0.186512 -0.978322 0.812300 0.743620 -0.640863 0.190586 0.045700 0.000000 0.000000 0.000000 1.000000
-0.721474 -0.677560 0.142789 -0.711200 -0.014256 -0.191634 -0.981363 0.812300 0.692295 -0.710063 0.128600 0.045700 0.000000 0.000000 0.000000 1.000000
-0.753925 -0.646677 0.115785 -0.711200 -0.103878 -0.056681 -0.992974 0.812300 0.648696 -0.760655 -0.024442 0.045700 0.000000 0.000000 0.000000 1.000000
-0.778258 -0.625530 -0.055015 -0.711200 -0.047044 0.145447 -0.988247 0.812300 0.626180 -0.766523 -0.142623 0.045700 0.000000 0.000000 0.000000 1.000000
-0.718997 -0.626702 -0.300478 -0.711200 0.067610 0.367216 -0.927675 0.812300 0.691717 -0.687311 -0.221656 0.045700 0.000000 0.000000 0.000000 1.000000
-0.600536 -0.631095 -0.490994 -0.711200 0.060120 0.576675 -0.814758 0.812300 0.797334 -0.518810 -0.308373 0.045700 0.000000 0.000000 0.000000 1.000000
-0.486162 -0.606396 -0.629230 -0.711200 0.079218 0.686504 -0.722798 0.812300 0.870271 -0.401243 -0.285715 0.045700 0.000000 0.000000 0.000000 1.000000
-0.461874 -0.585852 -0.665920 -0.711200 0.065365 0.726276 -0.684288 0.812300 0.884534 -0.359583 -0.297154 0.045700 0.000000 0.000000 0.000000 1.000000
-0.482079 -0.623364 -0.615644 -0.711200 0.074857 0.670812 -0.737840 0.812300 0.872924 -0.401782 -0.276721 0.045700 0.000000 0.000000 0.000000 1.000000
-0.551723 -0.694622 -0.461629 -0.711200 0.077443 0.508436 -0.857611 0.812300 0.830424 -0.508914 -0.226722 0.045700 0.000000 0.000000 0.000000 1.000000
-0.651978 -0.725643 -0.219926 -0.711200 0.017327 0.275714 -0.961083 0.812300 0.758040 -0.630416 -0.167186 0.045700 0.000000 0.000000 0.000000 1.000000
-0.688275 -0.725327 -0.013387 -0.711200 -0.069408 0.084209 -0.994028 0.812300 0.722122 -0.683235 -0.108303 0.045700 0.000000 0.000000 0.000000 1.000000
-0.684534 -0.727716 0.042916 -0.711200 -0.086685 0.022806 -0.995975 0.812300 0.723808 -0.685499 -0.078694 0.045700 0.000000 0.000000 0.000000 1.000000
-0.697749 -0.714046 -0.057321 -0.711200 -0.062100 0.140011 -0.988201 0.812300 0.713646 -0.685956 -0.142035 0.045700 0.000000 0.000000 0.000000 1.000000
-0.727263 -0.674099 -0.129145 -0.711200 -0.048117 0.237771 -0.970129 0.812300 0.684670 -0.699325 -0.205358 0.045700 0.000000 0.000000 0.000000 1.000000
-0.720763 -0.677920 -0.144659 -0.711200 0.000305 0.208378 -0.978048 0.812300 0.693182 -0.704985 -0.149984 0.045700 0.000000 0.000000 0.000000 1.000000
-0.673891 -0.730495 -0.110669 -0.711200 0.032893 0.119977 -0.992232 0.812300 0.738098 -0.672297 -0.056824 0.045700 0.000000 0.000000 0.000000 1.000000</float_array><technique_common><accessor source="#mixamorig_LeftShoulder-Matrix-animation-output-transform-array" count="20" stride="16"><param type="float4x4"/></accessor></technique_common></source><source id="mixamorig_LeftShoulder-Interpolations"><Name_array id="mixamorig_LeftShoulder-Interpolations-array" count="20">
 LINEAR LINEAR LINEAR LINEAR LINEAR LINEAR LINEAR LINEAR LINEAR LINEAR LINEAR
LINEAR LINEAR LINEAR LINEAR LINEAR LINEAR LINEAR LINEAR LINEAR</Name_array><technique_common><accessor source="#mixamorig_LeftShoulder-Interpolations-array" count="20"><param type="name"/></accessor></technique_common></source><sampler id="mixamorig_LeftShoulder-Matrix-animation-transform"><input semantic="INPUT" source="#mixamorig_LeftShoulder-Matrix-animation-input"/><input semantic="OUTPUT" source="#mixamorig_LeftShoulder-Matrix-animation-output-transform"/><input semantic="INTERPOLATION" source="#mixamorig_LeftShoulder-Interpolations"/></sampler><channel source="#mixamorig_LeftShoulder-Matrix-animation-transform" target="mixamorig_LeftShoulder/matrix"/></animation>
    <animation id="mixamorig_LeftArm-anim" name="mixamorig_LeftArm"><source id="mixamorig_LeftArm-Matrix-animation-input"><float_array id="mixamorig_LeftArm-Matrix-animation-input-array" count="20">

0.000000 0.033333 0.066667 0.100000 0.133333 0.166667 0.200000 0.233333 0.266667 0.300000 0.333333 0.366667 0.400000 0.433333 0.466667 0.500000
0.533333 0.566667 0.600000 0.633333</float_array><technique_common><accessor source="#mixamorig_LeftArm-Matrix-animation-input-array" count="20"><param name="TIME" type="float"/></accessor></technique_common></source><source id="mixamorig_LeftArm-Matrix-animation-output-transform"><float_array id="mixamorig_LeftArm-Matrix-animation-output-transform-array" count="320">

-0.949401 -0.280431 -0.141407 0.000000 -0.229943 0.313980 0.921164 1.447200 -0.213924 0.907070 -0.362576 0.000000 0.000000 0.000000 0.000000 1.000000
-0.980671 -0.179329 -0.078265 0.000000 -0.152053 0.446731 0.881653 1.447200 -0.123143 0.876512 -0.465364 0.000000 0.000000 0.000000 0.000000 1.000000
-0.955560 -0.294688 0.007956 0.000000 -0.210039 0.699519 0.683050 1.447200 -0.206852 0.651024 -0.730329 0.000000 0.000000 0.000000 0.000000 1.000000
-0.962696 -0.255923 0.087864 0.000000 -0.183503 0.856129 0.483083 1.447200 -0.198855 0.448939 -0.871155 0.000000 0.000000 0.000000 0.000000 1.000000
-0.984890 -0.128102 0.116543 -0.000000 -0.081370 0.936332 0.341558 1.447200 -0.152877 0.326913 -0.932607 0.000000 0.000000 0.000000 0.000000 1.000000
-0.992163 -0.064917 0.106759 0.000000 -0.024515 0.938967 0.343131 1.447200 -0.122518 0.337825 -0.933201 0.000000 0.000000 0.000000 0.000000 1.000000
-0.986594 -0.130102 0.098518 -0.000000 -0.078033 0.906292 0.415387 1.447200 -0.143329 0.402130 -0.904294 0.000000 0.000000 0.000000 0.000000 1.000000
-0.938190 -0.333145 0.093884 0.000000 -0.247409 0.835170 0.491203 1.447200 -0.242051 0.437614 -0.865971 -0.000000 0.000000 0.000000 0.000000 1.000000
-0.838790 -0.539341 0.074452 -0.000000 -0.413339 0.719814 0.557691 1.447200 -0.354377 0.437012 -0.826703 0.000000 0.000000 0.000000 0.000000 1.000000
-0.756199 -0.646842 0.098789 -0.000000 -0.510038 0.677252 0.530274 1.447200 -0.409908 0.350606 -0.842051 -0.000000 0.000000 0.000000 0.000000 1.000000
-0.761372 -0.638498 0.112399 0.000000 -0.507553 0.694902 0.509412 1.447200 -0.403365 0.330804 -0.853151 0.000000 0.000000 0.000000 0.000000 1.000000
-0.788760 -0.599870 0.134213 0.000000 -0.482856 0.739751 0.468634 1.447200 -0.380403 0.304834 -0.873138 0.000000 0.000000 0.000000 0.000000 1.000000
-0.829367 -0.538564 0.148661 0.000000 -0.436509 0.790695 0.429256 1.447200 -0.348727 0.291119 -0.890864 -0.000000 0.000000 0.000000 0.000000 1.000000
-0.884394 -0.447866 0.131390 0.000000 -0.353671 0.826741 0.437512 1.447200 -0.304572 0.340464 -0.889562 -0.000000 0.000000 0.000000 0.000000 1.000000
-0.934773 -0.347490 0.073821 0.000000 -0.254837 0.800706 0.542151 1.447200 -0.247501 0.487976 -0.837032 0.000000 0.000000 0.000000 0.000000 1.000000
-0.975862 -0.218340 0.004580 0.000000 -0.151344 0.691251 0.706588 1.447200 -0.157442 0.688839 -0.707611 0.000000 0.000000 0.000000 0.000000 1.000000
-0.996455 -0.067215 -0.050599 -0.000000 -0.076207 0.466310 0.881333 1.447200 -0.035644 0.882064 -0.469780 0.000000 0.000000 0.000000 0.000000 1.000000
-0.997229 0.038529 -0.063639 0.000000 -0.050564 0.276431 0.959703 1.447200 0.054568 0.960261 -0.273717 0.000000 0.000000 0.000000 0.000000 1.000000
-0.989474 -0.095111 -0.109067 -0.000000 -0.130680 0.263502 0.955766 1.447200 -0.062165 0.959959 -0.273157 0.000000 0.000000 0.000000 0.000000 1.000000
-0.949401 -0.280431 -0.141407 0.000000 -0.229943 0.313979 0.921164 1.447200 -0.213924 0.907070 -0.362575 -0.000000 0.000000 0.000000 0.000000 1.000000</float_array><technique_common><accessor source="#mixamorig_LeftArm-Matrix-animation-output-transform-array" count="20" stride="16"><param type="float4x4"/></accessor></technique_common></source><source id="mixamorig_LeftArm-Interpolations"><Name_array id="mixamorig_LeftArm-Interpolations-array" count="20">
 LINEAR LINEAR LINEAR LINEAR LINEAR LINEAR LINEAR LINEAR LINEAR LINEAR LINEAR
LINEAR LINEAR LINEAR LINEAR LINEAR LINEAR LINEAR LINEAR LINEAR</Name_array><technique_common><accessor source="#mixamorig_LeftArm-Interpolations-array" count="20"><param type="name"/></accessor></technique_common></source><sampler id="mixamorig_LeftArm-Matrix-animation-transform"><input semantic="INPUT" source="#mixamorig_LeftArm-Matrix-animation-input"/><input semantic="OUTPUT" source="#mixamorig_LeftArm-Matrix-animation-output-transform"/><input semantic="INTERPOLATION" source="#mixamorig_LeftArm-Interpolations"/></sampler><channel source="#mixamorig_LeftArm-Matrix-animation-transform" target="mixamorig_LeftArm/matrix"/></animation>
    <animation id="mixamorig_LeftForeArm-anim" name="mixamorig_LeftForeArm"><source id="mixamorig_LeftForeArm-Matrix-animation-input"><float_array id="mixamorig_LeftForeArm-Matrix-animation-input-array" count="20">

0.000000 0.033333 0.066667 0.100000 0.133333 0.166667 0.200000 0.233333 0.266667 0.300000 0.333333 0.366667 0.400000 0.433333 0.466667 0.500000
0.533333 0.566667 0.600000 0.633333</float_array><technique_common><accessor source="#mixamorig_LeftForeArm-Matrix-animation-input-array" count="20"><param name="TIME" type="float"/></accessor></technique_common></source><source id="mixamorig_LeftForeArm-Matrix-animation-output-transform"><float_array id="mixamorig_LeftForeArm-Matrix-animation-output-transform-array" count="320">

0.433623 0.891560 -0.130732 0.000000 -0.900456 0.423270 -0.100107 1.787200 -0.033917 0.161128 0.986351 0.000000 0.000000 0.000000 0.000000 1.000000
0.326546 0.926610 0.186446 0.000000 -0.944409 0.327840 0.024740 1.787200 -0.038200 -0.184160 0.982154 0.000000 0.000000 0.000000 0.000000 1.000000
0.252672 0.838023 0.483606 -0.000000 -0.966906 0.236964 0.094557 1.787200 -0.035356 -0.491493 0.870163 0.000000 0.000000 0.000000 0.000000 1.000000
0.098016 0.788952 0.606587 0.000000 -0.994609 0.098398 0.032734 1.787200 -0.033861 -0.606525 0.794343 0.000000 0.000000 0.000000 0.000000 1.000000
-0.016482 0.817818 0.575241 -0.000000 -0.999218 0.007202 -0.038870 1.787200 -0.035931 -0.575432 0.817060 -0.000000 0.000000 0.000000 0.000000 1.000000
-0.019229 0.876389 0.481220 -0.000000 -0.999092 0.001464 -0.042588 1.787200 -0.038028 -0.481602 0.875565 0.000000 0.000000 0.000000 0.000000 1.000000
0.036244 0.957145 0.287334 0.000000 -0.998558 0.046081 -0.027546 1.787200 -0.039606 -0.285921 0.957434 0.000000 0.000000 0.000000 0.000000 1.000000
0.117089 0.990454 0.072734 -0.000000 -0.992393 0.119493 -0.029615 1.787200 -0.038023 -0.068713 0.996912 0.000000 0.000000 0.000000 0.000000 1.000000
