<?xml version="1.0" encoding="utf-8"?>
<COLLADA xmlns="http://www.collada.org/2005/11/COLLADASchema" version="1.4.1">
  <asset><contributor><author>Mixamo</author><authoring_tool>COLLADA Mixamo exporter</authoring_tool><comments></comments></contributor><created>2020-04-23T13:26:32Z</created><modified>2020-04-23T13:26:32Z</modified><revision></revision><title></title><unit meter="0.010000"/><up_axis>Y_UP</up_axis></asset>
  <library_animations>
    <animation id="mixamorig8_Hips-anim" name="mixamorig8_Hips"><source id="mixamorig8_Hips-Matrix-animation-input"><float_array id="mixamorig8_Hips-Matrix-animation-input-array" count="110">

0.000000 0.033333 0.066667 0.100000 0.133333 0.166667 0.200000 0.233333 0.266667 0.300000 0.333333 0.366667 0.400000 0.433333 0.466667 0.500000
0.533333 0.566667 0.600000 0.633333 0.666667 0.700000 0.733333 0.766667 0.800000 0.833333 0.866667 0.900000 0.933333 0.966667 1.000000 1.033333
1.066667 1.100000 1.133333 1.166667 1.200000 1.233333 1.266667 1.300000 1.333333 1.366667 1.400000 1.433333 1.466667 1.500000 1.533333 1.566667
1.600000 1.633333 1.666667 1.700000 1.733333 1.766667 1.800000 1.833333 1.866667 1.900000 1.933333 1.966667 2.000000 2.033333 2.066667 2.100000
2.133333 2.166667 2.200000 2.233333 2.266667 2.300000 2.333333 2.366667 2.400000 2.433333 2.466667 2.500000 2.533333 2.566667 2.600000 2.633333
2.666667 2.700000 2.733333 2.766667 2.800000 2.833333 2.866667 2.900000 2.933333 2.966667 3.000000 3.033333 3.066667 3.100000 3.133333 3.166667
3.200000 3.233333 3.266667 3.300000 3.333333 3.366667 3.400000 3.433333 3.466667 3.500000 3.533333 3.566667 3.600000 3.633333</float_array><technique_common><accessor source="#mixamorig8_Hips-Matrix-animation-input-array" count="110"><param name="TIME" type="float"/></accessor></technique_common></source><source id="mixamorig8_Hips-Matrix-animation-output-transform"><float_array id="mixamorig8_Hips-Matrix-animation-output-transform-array" count="1760">

0.078155 -0.008454 -0.127281 -0.036152 0.009388 0.149247 -0.004149 12.696769 0.127216 -0.005820 0.078501 0.114900 0.000000 0.000000 0.000000 1.000000
0.077779 -0.008190 -0.127528 -0.083663 0.008581 0.149290 -0.004354 12.688229 0.127503 -0.005052 0.078088 0.069275 0.000000 0.000000 0.000000 1.000000
0.077467 0.001046 -0.127976 -0.384261 0.004832 0.149464 0.004147 12.763328 0.127889 -0.006281 0.077363 0.168397 0.000000 0.000000 0.000000 1.000000
0.079809 0.019172 -0.125073 -0.798709 0.002416 0.147615 0.024169 12.894592 0.126510 -0.014913 0.078440 0.412935 0.000000 0.000000 0.000000 1.000000
0.078351 0.020378 -0.125802 -0.884637 0.004419 0.147152 0.026589 13.025329 0.127365 -0.017641 0.076467 0.632554 0.000000 0.000000 0.000000 1.000000
0.080159 0.016975 -0.125166 -0.734033 0.009933 0.146937 0.026288 13.150312 0.125921 -0.022396 0.077605 0.799148 0.000000 0.000000 0.000000 1.000000
0.091253 0.012836 -0.117849 -0.540257 0.012680 0.146810 0.025810 13.261229 0.117866 -0.025732 0.088463 0.913985 0.000000 0.000000 0.000000 1.000000
0.102999 0.009278 -0.108099 -0.382955 0.014615 0.146507 0.026500 13.337874 0.107507 -0.028806 0.099963 0.993654 0.000000 0.000000 0.000000 1.000000
0.111220 0.005540 -0.099898 -0.292194 0.016156 0.146416 0.026107 13.385745 0.098738 -0.030198 0.108254 1.054055 0.000000 0.000000 0.000000 1.000000
0.117061 0.003968 -0.093065 -0.258446 0.017462 0.145880 0.028184 13.413193 0.091499 -0.032916 0.113687 1.093948 0.000000 0.000000 0.000000 1.000000
0.121084 0.002847 -0.087811 -0.248318 0.018402 0.145383 0.030089 13.428705 0.085908 -0.035154 0.117321 1.120799 0.000000 0.000000 0.000000 1.000000
0.123389 0.002681 -0.084547 -0.263657 0.017693 0.145399 0.030433 13.439334 0.082718 -0.035100 0.119607 1.141665 0.000000 0.000000 0.000000 1.000000
0.124623 0.002275 -0.082730 -0.286979 0.017323 0.145514 0.030096 13.447356 0.080928 -0.034651 0.120955 1.154939 0.000000 0.000000 0.000000 1.000000
0.125579 0.001791 -0.081283 -0.317091 0.017332 0.145536 0.029985 13.451200 0.079434 -0.034588 0.121960 1.162293 0.000000 0.000000 0.000000 1.000000
0.126794 0.001318 -0.079383 -0.360586 0.017309 0.145523 0.030062 13.454815 0.077484 -0.034664 0.123186 1.165486 0.000000 0.000000 0.000000 1.000000
0.128786 0.001150 -0.076112 -0.420813 0.017142 0.145303 0.031201 13.456972 0.074165 -0.035581 0.124955 1.164178 0.000000 0.000000 0.000000 1.000000
0.131493 0.000580 -0.071340 -0.489613 0.016868 0.145100 0.032272 13.457276 0.069320 -0.036410 0.127473 1.160826 0.000000 0.000000 0.000000 1.000000
0.133531 0.000306 -0.067450 -0.546442 0.016330 0.145001 0.032988 13.456075 0.065444 -0.036807 0.129393 1.155161 0.000000 0.000000 0.000000 1.000000
0.134482 0.000692 -0.065530 -0.577817 0.016049 0.144689 0.034463 13.452861 0.063538 -0.038011 0.129993 1.143249 0.000000 0.000000 0.000000 1.000000
0.134623 0.000551 -0.065241 -0.592724 0.016302 0.144566 0.034860 13.447669 0.063174 -0.038479 0.130033 1.130063 0.000000 0.000000 0.000000 1.000000
0.134475 0.000715 -0.065545 -0.595524 0.016390 0.144473 0.035201 13.439890 0.063467 -0.038824 0.129788 1.115428 0.000000 0.000000 0.000000 1.000000
0.134940 0.000286 -0.064586 -0.589276 0.016801 0.144293 0.035742 13.430996 0.062363 -0.039493 0.130120 1.099569 0.000000 0.000000 0.000000 1.000000
0.136502 -0.000189 -0.061215 -0.599669 0.016500 0.144176 0.036347 13.421144 0.058949 -0.039916 0.131574 1.084782 0.000000 0.000000 0.000000 1.000000
0.138466 -0.000526 -0.056632 -0.616072 0.015788 0.144022 0.037264 13.405114 0.054389 -0.040467 0.133358 1.069227 0.000000 0.000000 0.000000 1.000000
0.140442 -0.000739 -0.051532 -0.641449 0.014834 0.143834 0.038364 13.392382 0.049356 -0.041126 0.135103 1.053016 0.000000 0.000000 0.000000 1.000000
0.142403 -0.000716 -0.045836 -0.678527 0.013230 0.143859 0.038854 13.373963 0.043891 -0.041039 0.137002 1.038622 0.000000 0.000000 0.000000 1.000000
0.144154 -0.000547 -0.039994 -0.729711 0.011493 0.143844 0.039458 13.358719 0.038311 -0.041094 0.138650 1.015254 0.000000 0.000000 0.000000 1.000000
0.145503 -0.000990 -0.034757 -0.773308 0.010552 0.143744 0.040080 13.351892 0.033131 -0.041434 0.139878 0.998732 0.000000 0.000000 0.000000 1.000000
0.146879 -0.000681 -0.028393 -0.831390 0.008550 0.143678 0.040787 13.330783 0.027083 -0.041668 0.141105 0.962136 0.000000 0.000000 0.000000 1.000000
0.147942 -0.001061 -0.022185 -0.883464 0.007122 0.143805 0.040616 13.304233 0.021037 -0.041222 0.142261 0.916803 0.000000 0.000000 0.000000 1.000000
0.148732 -0.001650 -0.016008 -0.928005 0.006001 0.143763 0.040945 13.271694 0.014932 -0.041349 0.142995 0.870370 0.000000 0.000000 0.000000 1.000000
0.149275 -0.001790 -0.009695 -0.967495 0.004397 0.143758 0.041164 13.234426 0.008823 -0.041360 0.143498 0.821039 0.000000 0.000000 0.000000 1.000000
0.149553 -0.001729 -0.003323 -1.004133 0.002578 0.143795 0.041188 13.195822 0.002718 -0.041232 0.143780 0.765676 0.000000 0.000000 0.000000 1.000000
0.149547 -0.001830 0.003533 -1.033491 0.000793 0.143874 0.040986 13.155166 -0.003900 -0.040953 0.143833 0.700331 0.000000 0.000000 0.000000 1.000000
0.149216 -0.001467 0.010612 -1.059320 -0.001454 0.144047 0.040354 13.109641 -0.010614 -0.040354 0.143663 0.617554 0.000000 0.000000 0.000000 1.000000
0.148565 -0.000977 0.017541 -1.071006 -0.003722 0.144228 0.039555 13.068331 -0.017169 -0.039718 0.143206 0.468826 0.000000 0.000000 0.000000 1.000000
0.147777 -0.000479 0.023278 -1.073452 -0.005609 0.144431 0.038579 13.030059 -0.022597 -0.038982 0.142653 0.318800 0.000000 0.000000 0.000000 1.000000
0.147006 -0.000264 0.027736 -1.065471 -0.006864 0.144594 0.037757 12.988935 -0.026875 -0.038375 0.142075 0.166672 0.000000 0.000000 0.000000 1.000000
0.146285 -0.000169 0.031318 -1.051028 -0.007845 0.144630 0.037426 12.947686 -0.030320 -0.038239 0.141416 0.010300 0.000000 0.000000 0.000000 1.000000
0.145603 -0.000147 0.034348 -1.025443 -0.008579 0.144702 0.036984 12.900640 -0.033260 -0.037966 0.140828 -0.150063 0.000000 0.000000 0.000000 1.000000
0.144858 -0.000263 0.037366 -0.995729 -0.009278 0.144658 0.036988 12.852318 -0.036196 -0.038133 0.140057 -0.316181 0.000000 0.000000 0.000000 1.000000
0.144000 -0.000177 0.040548 -0.965837 -0.010489 0.144344 0.037880 12.796409 -0.039169 -0.039305 0.138928 -0.492482 0.000000 0.000000 0.000000 1.000000
0.143164 -0.000043 0.043408 -0.925119 -0.011822 0.143906 0.039132 12.726608 -0.041767 -0.040879 0.137712 -0.677407 0.000000 0.000000 0.000000 1.000000
0.142218 -0.000334 0.046412 -0.875962 -0.012950 0.143370 0.040713 12.642490 -0.044570 -0.042721 0.136267 -0.870328 0.000000 0.000000 0.000000 1.000000
0.141170 -0.001242 0.049495 -0.824355 -0.013587 0.142839 0.042338 12.538322 -0.047609 -0.044447 0.134677 -1.075770 0.000000 0.000000 0.000000 1.000000
0.140355 -0.003599 0.051648 -0.754636 -0.012426 0.142535 0.043699 12.409851 -0.050260 -0.045289 0.133428 -1.288113 0.000000 0.000000 0.000000 1.000000
0.139978 -0.004633 0.052583 -0.722004 -0.012479 0.141894 0.045721 12.238577 -0.051290 -0.047166 0.132381 -1.517188 0.000000 0.000000 0.000000 1.000000
0.139680 -0.005202 0.053315 -0.672460 -0.012111 0.141971 0.045581 12.046086 -0.052181 -0.046875 0.132136 -1.752496 0.000000 0.000000 0.000000 1.000000
0.139972 -0.006095 0.052449 -0.641588 -0.011415 0.141594 0.046915 11.828485 -0.051553 -0.047898 0.132016 -2.009346 0.000000 0.000000 0.000000 1.000000
0.139879 -0.007016 0.052581 -0.605824 -0.010813 0.141402 0.047631 11.573503 -0.051934 -0.048336 0.131707 -2.278076 0.000000 0.000000 0.000000 1.000000
0.138882 -0.007355 0.055118 -0.572175 -0.011347 0.141417 0.047463 11.289870 -0.054436 -0.048243 0.130727 -2.562379 0.000000 0.000000 0.000000 1.000000
0.136786 -0.006592 0.060219 -0.538548 -0.013840 0.141378 0.046914 10.980097 -0.058977 -0.048467 0.128658 -2.864223 0.000000 0.000000 0.000000 1.000000
0.134189 -0.004712 0.065963 -0.512765 -0.017684 0.141229 0.046064 10.631085 -0.063723 -0.049116 0.126123 -3.178399 0.000000 0.000000 0.000000 1.000000
0.131444 -0.003211 0.071360 -0.471290 -0.021401 0.140814 0.045756 10.217057 -0.068151 -0.050412 0.123265 -3.586853 0.000000 0.000000 0.000000 1.000000
0.127740 -0.002567 0.077821 -0.411011 -0.025619 0.139808 0.046665 9.763228 -0.073528 -0.053173 0.118939 -4.078579 0.000000 0.000000 0.000000 1.000000
0.123195 -0.000881 0.084866 -0.365954 -0.031657 0.138319 0.047390 9.266714 -0.078746 -0.056984 0.113719 -4.579784 0.000000 0.000000 0.000000 1.000000
0.117388 0.001080 0.092731 -0.320899 -0.038526 0.136639 0.047179 8.699349 -0.084356 -0.060901 0.107496 -5.073390 0.000000 0.000000 0.000000 1.000000
0.110945 0.002542 0.100324 -0.272557 -0.045447 0.134611 0.046848 8.042215 -0.089476 -0.065220 0.100601 -5.574951 0.000000 0.000000 0.000000 1.000000
0.105817 0.003666 0.105686 -0.240504 -0.050744 0.132933 0.046195 7.302962 -0.092780 -0.068523 0.095272 -6.097296 0.000000 0.000000 0.000000 1.000000
0.102361 0.004684 0.108997 -0.213373 -0.055966 0.130552 0.046949 6.504632 -0.093649 -0.072900 0.091080 -6.644620 0.000000 0.000000 0.000000 1.000000
0.100174 0.006618 0.110912 -0.166477 -0.062663 0.126684 0.049038 5.587924 -0.091753 -0.079294 0.087602 -7.190107 0.000000 0.000000 0.000000 1.000000
0.098432 0.009537 0.112251 -0.114226 -0.070535 0.121447 0.051533 4.582044 -0.087841 -0.086833 0.084405 -7.738515 0.000000 0.000000 0.000000 1.000000
0.098223 0.012229 0.112174 -0.047260 -0.078441 0.114308 0.056223 3.512109 -0.081115 -0.095731 0.081463 -8.337574 0.000000 0.000000 0.000000 1.000000
0.102196 0.016119 0.108057 0.001466 -0.087982 0.099863 0.068313 2.426071 -0.064771 -0.110217 0.077699 -8.889935 0.000000 0.000000 0.000000 1.000000
0.116166 0.014856 0.093085 -0.054548 -0.086648 0.074998 0.096164 1.780454 -0.037116 -0.128588 0.066841 -9.259562 0.000000 0.000000 0.000000 1.000000
0.125505 0.022138 0.078348 -0.250656 -0.080847 0.050882 0.115131 1.742122 -0.009610 -0.138929 0.054650 -9.549731 0.000000 0.000000 0.000000 1.000000
0.121613 0.031596 0.081191 -0.400174 -0.086525 0.027503 0.118900 2.045610 0.010186 -0.143616 0.040632 -9.807368 0.000000 0.000000 0.000000 1.000000
0.118844 0.030141 0.085719 -0.375670 -0.088649 0.007490 0.120273 2.441328 0.019941 -0.146341 0.023811 -10.246301 0.000000 0.000000 0.000000 1.000000
0.118708 0.026213 0.087186 -0.369510 -0.086903 -0.010078 0.121353 2.759683 0.027137 -0.146940 0.007230 -10.779252 0.000000 0.000000 0.000000 1.000000
0.119465 0.029384 0.085116 -0.524591 -0.081436 -0.025083 0.122960 3.018888 0.038423 -0.144525 -0.004034 -11.207854 0.000000 0.000000 0.000000 1.000000
0.120448 0.034916 0.081567 -0.649827 -0.074190 -0.035796 0.124878 3.216131 0.048663 -0.140995 -0.011505 -11.581030 0.000000 0.000000 0.000000 1.000000
0.121614 0.039081 0.077865 -0.721283 -0.068082 -0.040797 0.126810 3.404341 0.054362 -0.138522 -0.015379 -11.932757 0.000000 0.000000 0.000000 1.000000
0.122592 0.039856 0.075914 -0.795423 -0.063963 -0.045694 0.127283 3.549019 0.057097 -0.136762 -0.020403 -12.254540 0.000000 0.000000 0.000000 1.000000
0.123760 0.039054 0.074420 -0.900467 -0.060806 -0.049838 0.127275 3.648761 0.058019 -0.135540 -0.025356 -12.520054 0.000000 0.000000 0.000000 1.000000
0.124963 0.040048 0.071837 -1.041351 -0.056890 -0.052276 0.128105 3.699699 0.059396 -0.134326 -0.028438 -12.730641 0.000000 0.000000 0.000000 1.000000
0.125684 0.042574 0.069073 -1.196728 -0.052213 -0.055045 0.128934 3.710795 0.062108 -0.132430 -0.031386 -12.899634 0.000000 0.000000 0.000000 1.000000
0.126762 0.044548 0.065780 -1.333381 -0.047054 -0.057703 0.129755 3.691916 0.064011 -0.130637 -0.034882 -13.016962 0.000000 0.000000 0.000000 1.000000
0.129157 0.046022 0.059839 -1.458420 -0.039859 -0.059132 0.131510 3.639712 0.064109 -0.129482 -0.038789 -13.074911 0.000000 0.000000 0.000000 1.000000
0.131722 0.048206 0.052017 -1.586583 -0.031884 -0.057759 0.134266 3.546865 0.063348 -0.129307 -0.040583 -13.083628 0.000000 0.000000 0.000000 1.000000
0.133724 0.050785 0.043806 -1.705784 -0.024853 -0.053234 0.137582 3.403467 0.062293 -0.130258 -0.039148 -13.058214 0.000000 0.000000 0.000000 1.000000
0.135355 0.052303 0.036380 -1.805483 -0.019546 -0.047216 0.140602 3.226369 0.060639 -0.131967 -0.035886 -13.017633 0.000000 0.000000 0.000000 1.000000
0.136637 0.052888 0.030223 -1.878960 -0.015610 -0.041346 0.142923 3.057139 0.058881 -0.133692 -0.032244 -12.970488 0.000000 0.000000 0.000000 1.000000
0.137456 0.053214 0.025580 -1.939111 -0.013090 -0.035735 0.144678 2.902414 0.057573 -0.135172 -0.028178 -12.906898 0.000000 0.000000 0.000000 1.000000
0.137958 0.053642 0.021688 -1.995958 -0.011424 -0.029718 0.146173 2.761033 0.056721 -0.136454 -0.023309 -12.830694 0.000000 0.000000 0.000000 1.000000
0.138603 0.053370 0.017919 -2.045198 -0.010586 -0.022058 0.147586 2.608794 0.055294 -0.138004 -0.016660 -12.738961 0.000000 0.000000 0.000000 1.000000
0.139347 0.052814 0.013166 -2.083257 -0.009726 -0.011444 0.148844 2.422711 0.053554 -0.139499 -0.007226 -12.616640 0.000000 0.000000 0.000000 1.000000
0.139850 0.052604 0.007408 -2.132464 -0.008062 0.000395 0.149382 2.248423 0.052508 -0.140046 0.003204 -12.482579 0.000000 0.000000 0.000000 1.000000
0.140386 0.051682 0.000930 -2.191048 -0.005668 0.012717 0.148951 2.070191 0.051379 -0.139812 0.013892 -12.387506 0.000000 0.000000 0.000000 1.000000
0.140754 0.050229 -0.006756 -2.231347 -0.001148 0.023097 0.147802 1.950970 0.050668 -0.139010 0.022117 -12.308017 0.000000 0.000000 0.000000 1.000000
0.139808 0.051279 -0.014297 -2.277040 0.004951 0.027480 0.146971 1.888819 0.053005 -0.137824 0.023984 -12.222569 0.000000 0.000000 0.000000 1.000000
0.138419 0.054332 -0.016380 -2.370214 0.008036 0.023979 0.147447 1.925983 0.056176 -0.137307 0.019268 -12.117282 0.000000 0.000000 0.000000 1.000000
0.138966 0.054156 -0.011647 -2.421350 0.005118 0.018766 0.148330 2.013407 0.055157 -0.138185 0.015579 -12.068040 0.000000 0.000000 0.000000 1.000000
0.139533 0.053272 -0.008534 -2.435989 0.003035 0.015876 0.148724 2.035602 0.053865 -0.138889 0.013727 -12.064754 0.000000 0.000000 0.000000 1.000000
0.139505 0.053447 -0.007863 -2.442318 0.002770 0.014668 0.148853 2.002999 0.053951 -0.138955 0.012688 -12.079038 0.000000 0.000000 0.000000 1.000000
0.139470 0.053498 -0.008146 -2.432757 0.003335 0.013982 0.148908 1.954127 0.054012 -0.139006 0.011842 -12.113403 0.000000 0.000000 0.000000 1.000000
0.139652 0.053087 -0.007695 -2.379103 0.003209 0.013156 0.148986 1.911719 0.053546 -0.139244 0.011142 -12.190778 0.000000 0.000000 0.000000 1.000000
0.139757 0.052815 -0.007670 -2.310217 0.003046 0.013571 0.148952 1.857417 0.053282 -0.139308 0.011602 -12.264442 0.000000 0.000000 0.000000 1.000000
0.139751 0.052688 -0.008597 -2.276085 0.003701 0.014470 0.148852 1.803332 0.053256 -0.139265 0.012214 -12.290641 0.000000 0.000000 0.000000 1.000000
0.139665 0.052990 -0.008121 -2.278134 0.003715 0.013039 0.148984 1.794423 0.053479 -0.139292 0.010857 -12.287059 0.000000 0.000000 0.000000 1.000000
0.139683 0.053336 -0.004915 -2.272288 0.001393 0.010104 0.149252 1.815532 0.053544 -0.139404 0.008938 -12.300933 0.000000 0.000000 0.000000 1.000000
0.139728 0.053385 -0.002473 -2.265236 -0.000444 0.008083 0.149381 1.830143 0.053441 -0.139516 0.007708 -12.302577 0.000000 0.000000 0.000000 1.000000
0.139693 0.053443 -0.003149 -2.262792 -0.000133 0.009145 0.149320 1.807034 0.053536 -0.139429 0.008587 -12.300758 0.000000 0.000000 0.000000 1.000000
0.139648 0.053450 -0.004663 -2.272108 0.000924 0.010604 0.149221 1.785445 0.053645 -0.139323 0.009568 -12.287522 0.000000 0.000000 0.000000 1.000000
0.139678 0.053234 -0.006022 -2.282083 0.001951 0.011752 0.149125 1.770391 0.053538 -0.139313 0.010279 -12.269746 0.000000 0.000000 0.000000 1.000000
0.139723 0.052906 -0.007649 -2.291108 0.003071 0.013426 0.148965 1.750121 0.053368 -0.139287 0.011453 -12.254853 0.000000 0.000000 0.000000 1.000000
0.139646 0.053046 -0.008073 -2.303258 0.003409 0.013691 0.148933 1.750466 0.053548 -0.139208 0.011571 -12.244050 0.000000 0.000000 0.000000 1.000000
0.139526 0.053495 -0.007137 -2.312637 0.002839 0.012482 0.149051 1.761364 0.053895 -0.139150 0.010627 -12.243821 0.000000 0.000000 0.000000 1.000000
0.139513 0.053556 -0.006935 -2.314706 0.002809 0.011987 0.149093 1.762101 0.053930 -0.139170 0.010173 -12.247154 0.000000 0.000000 0.000000 1.000000
0.139461 0.053650 -0.007251 -2.316097 0.003221 0.011781 0.149101 1.757537 0.054042 -0.139151 0.009827 -12.253244 0.000000 0.000000 0.000000 1.000000
0.139444 0.053651 -0.007550 -2.317065 0.003585 0.011663 0.149102 1.754496 0.054061 -0.139161 0.009586 -12.258874 0.000000 0.000000 0.000000 1.000000</float_array><technique_common><accessor source="#mixamorig8_Hips-Matrix-animation-output-transform-array" count="110" stride="16"><param type="float4x4"/></accessor></technique_common></source><source id="mixamorig8_Hips-Interpolations"><Name_array id="mixamorig8_Hips-Interpolations-array" count="110">
 LINEAR LINEAR LINEAR LINEAR LINEAR LINEAR LINEAR LINEAR LINEAR LINEAR LINEAR
LINEAR LINEAR LINEAR LINEAR LINEAR LINEAR LINEAR LINEAR LINEAR LINEAR LINEAR LINEAR
LINEAR LINEAR LINEAR LINEAR LINEAR LINEAR LINEAR LINEAR LINEAR LINEAR LINEAR LINEAR
LINEAR LINEAR LINEAR LINEAR LINEAR LINEAR LINEAR LINEAR LINEAR LINEAR LINEAR LINEAR
LINEAR LINEAR LINEAR LINEAR LINEAR LINEAR LINEAR LINEAR LINEAR LINEAR LINEAR LINEAR
LINEAR LINEAR LINEAR LINEAR LINEAR LINEAR LINEAR LINEAR LINEAR LINEAR LINEAR LINEAR
LINEAR LINEAR LINEAR LINEAR LINEAR LINEAR LINEAR LINEAR LINEAR LINEAR LINEAR LINEAR
LINEAR LINEAR LINEAR LINEAR LINEAR LINEAR LINEAR LINEAR LINEAR LINEAR LINEAR LINEAR
LINEAR LINEAR LINEAR LINEAR LINEAR LINEAR LINEAR LINEAR LINEAR LINEAR LINEAR LINEAR
LINEAR LINEAR LINEAR</Name_array><technique_common><accessor source="#mixamorig8_Hips-Interpolations-array" count="110"><param type="name"/></accessor></technique_common></source><sampler id="mixamorig8_Hips-Matrix-animation-transform"><input semantic="INPUT" source="#mixamorig8_Hips-Matrix-animation-input"/><input semantic="OUTPUT" source="#mixamorig8_Hips-Matrix-animation-output-transform"/><input semantic="INTERPOLATION" source="#mixamorig8_Hips-Interpolations"/></sampler><channel source="#mixamorig8_Hips-Matrix-animation-transform" target="mixamorig8_Hips/matrix"/></animation>
    <animation id="mixamorig8_Spine-anim" name="mixamorig8_Spine"><source id="mixamorig8_Spine-Matrix-animation-input"><float_array id="mixamorig8_Spine-Matrix-animation-input-array" count="110">

0.000000 0.033333 0.066667 0.100000 0.133333 0.166667 0.200000 0.233333 0.266667 0.300000 0.333333 0.366667 0.400000 0.433333 0.466667 0.500000
0.533333 0.566667 0.600000 0.633333 0.666667 0.700000 0.733333 0.766667 0.800000 0.833333 0.866667 0.900000 0.933333 0.966667 1.000000 1.033333
1.066667 1.100000 1.133333 1.166667 1.200000 1.233333 1.266667 1.300000 1.333333 1.366667 1.400000 1.433333 1.466667 1.500000 1.533333 1.566667
1.600000 1.633333 1.666667 1.700000 1.733333 1.766667 1.800000 1.833333 1.866667 1.900000 1.933333 1.966667 2.000000 2.033333 2.066667 2.100000
2.133333 2.166667 2.200000 2.233333 2.266667 2.300000 2.333333 2.366667 2.400000 2.433333 2.466667 2.500000 2.533333 2.566667 2.600000 2.633333
2.666667 2.700000 2.733333 2.766667 2.800000 2.833333 2.866667 2.900000 2.933333 2.966667 3.000000 3.033333 3.066667 3.100000 3.133333 3.166667
3.200000 3.233333 3.266667 3.300000 3.333333 3.366667 3.400000 3.433333 3.466667 3.500000 3.533333 3.566667 3.600000 3.633333</float_array><technique_common><accessor source="#mixamorig8_Spine-Matrix-animation-input-array" count="110"><param name="TIME" type="float"/></accessor></technique_common></source><source id="mixamorig8_Spine-Matrix-animation-output-transform"><float_array id="mixamorig8_Spine-Matrix-animation-output-transform-array" count="1760">

0.999115 0.041252 0.008269 0.000000 -0.040297 0.994777 -0.093779 10.422600 -0.012095 0.093363 0.995559 -1.061300 0.000000 0.000000 0.000000 1.000000
0.997950 0.063884 0.003914 0.000000 -0.063254 0.993741 -0.092073 10.422600 -0.009772 0.091637 0.995745 -1.061300 0.000000 0.000000 0.000000 1.000000
0.997424 0.071581 -0.004669 0.000000 -0.071722 0.994005 -0.082527 10.422600 -0.001266 0.082649 0.996578 -1.061300 0.000000 0.000000 0.000000 1.000000
0.999262 0.036303 -0.012577 -0.000000 -0.037009 0.997429 -0.061360 10.422600 0.010318 0.061780 0.998036 -1.061300 0.000000 0.000000 0.000000 1.000000
0.999869 -0.002831 -0.015928 0.000000 0.002569 0.999861 -0.016445 10.422600 0.015972 0.016402 0.999738 -1.061300 0.000000 0.000000 0.000000 1.000000
0.999103 -0.039741 -0.014596 0.000000 0.039708 0.999208 -0.002578 10.422600 0.014687 0.001996 0.999890 -1.061300 0.000000 0.000000 0.000000 1.000000
0.997344 -0.071934 -0.011425 0.000000 0.071974 0.997402 0.003135 10.422600 0.011170 -0.003949 0.999930 -1.061300 0.000000 0.000000 0.000000 1.000000
0.996016 -0.088772 -0.008447 0.000000 0.088818 0.996034 0.005202 10.422600 0.007952 -0.005932 0.999951 -1.061300 0.000000 0.000000 0.000000 1.000000
0.996011 -0.088962 -0.006921 0.000000 0.089041 0.995953 0.012194 10.422600 0.005809 -0.012762 0.999902 -1.061300 0.000000 0.000000 0.000000 1.000000
0.996629 -0.081834 -0.005824 0.000000 0.081884 0.996601 0.008974 10.422600 0.005070 -0.009421 0.999943 -1.061300 0.000000 0.000000 0.000000 1.000000
0.997137 -0.075525 -0.003626 0.000000 0.075546 0.997123 0.006151 10.422600 0.003151 -0.006407 0.999975 -1.061300 0.000000 0.000000 0.000000 1.000000
0.997074 -0.076425 -0.001356 -0.000000 0.076434 0.997037 0.008713 10.422600 0.000686 -0.008791 0.999961 -1.061300 0.000000 0.000000 0.000000 1.000000
0.996954 -0.077972 0.001588 0.000000 0.077950 0.996898 0.010859 10.422600 -0.002429 -0.010703 0.999940 -1.061300 0.000000 0.000000 0.000000 1.000000
0.996618 -0.082093 0.003643 0.000000 0.082041 0.996549 0.012597 10.422600 -0.004664 -0.012255 0.999914 -1.061300 0.000000 0.000000 0.000000 1.000000
0.996331 -0.085237 0.007692 0.000000 0.085124 0.996272 0.013994 10.422600 -0.008856 -0.013288 0.999872 -1.061300 0.000000 0.000000 0.000000 1.000000
0.996374 -0.084181 0.012359 -0.000000 0.084024 0.996382 0.012745 10.422600 -0.013387 -0.011660 0.999842 -1.061300 0.000000 0.000000 0.000000 1.000000
0.996727 -0.079625 0.013988 0.000000 0.079427 0.996740 0.014169 10.422600 -0.015070 -0.013011 0.999802 -1.061300 0.000000 0.000000 0.000000 1.000000
0.996813 -0.078262 0.015471 0.000000 0.078014 0.996824 0.016014 10.422600 -0.016676 -0.014756 0.999752 -1.061300 0.000000 0.000000 0.000000 1.000000
0.996518 -0.081267 0.018665 0.000000 0.081023 0.996621 0.013492 10.422600 -0.019698 -0.011933 0.999735 -1.061300 0.000000 0.000000 0.000000 1.000000
0.996233 -0.083777 0.022411 0.000000 0.083498 0.996422 0.013091 10.422600 -0.023428 -0.011171 0.999663 -1.061300 0.000000 0.000000 0.000000 1.000000
0.995817 -0.087615 0.025929 0.000000 0.087335 0.996110 0.011733 10.422600 -0.026857 -0.009420 0.999595 -1.061300 0.000000 0.000000 0.000000 1.000000
0.995989 -0.085135 0.027515 0.000000 0.084834 0.996324 0.011933 10.422600 -0.028430 -0.009550 0.999550 -1.061300 0.000000 0.000000 0.000000 1.000000
0.996548 -0.078658 0.026547 0.000000 0.078244 0.996801 0.016295 10.422600 -0.027744 -0.014162 0.999515 -1.061300 0.000000 0.000000 0.000000 1.000000
0.997143 -0.071361 0.024787 -0.000000 0.070866 0.997279 0.020298 10.422600 -0.026168 -0.018483 0.999487 -1.061300 0.000000 0.000000 0.000000 1.000000
0.997641 -0.065005 0.022041 -0.000000 0.064437 0.997594 0.025575 10.422600 -0.023650 -0.024094 0.999430 -1.061300 0.000000 0.000000 0.000000 1.000000
0.998080 -0.058992 0.018856 -0.000000 0.058346 0.997746 0.033141 10.422600 -0.020769 -0.031978 0.999273 -1.061300 0.000000 0.000000 0.000000 1.000000
0.998500 -0.052046 0.016981 -0.000000 0.051379 0.997970 0.037627 10.422600 -0.018905 -0.036698 0.999148 -1.061300 0.000000 0.000000 0.000000 1.000000
0.998904 -0.043476 0.017321 0.000000 0.042708 0.998184 0.042487 10.422600 -0.019136 -0.041701 0.998947 -1.061300 0.000000 0.000000 0.000000 1.000000
0.999213 -0.035952 0.016775 -0.000000 0.035187 0.998418 0.043867 10.422600 -0.018326 -0.043242 0.998897 -1.061300 0.000000 0.000000 0.000000 1.000000
0.999523 -0.025776 0.016998 0.000000 0.024961 0.998604 0.046542 10.422600 -0.018174 -0.046096 0.998772 -1.061300 0.000000 0.000000 0.000000 1.000000
0.999712 -0.015614 0.018217 0.000000 0.014784 0.998884 0.044852 10.422600 -0.018897 -0.044570 0.998828 -1.061300 0.000000 0.000000 0.000000 1.000000
0.999760 -0.008200 0.020328 0.000000 0.007326 0.999061 0.042691 10.422600 -0.020659 -0.042532 0.998881 -1.061300 0.000000 0.000000 0.000000 1.000000
0.999725 -0.001428 0.023413 0.000000 0.000473 0.999169 0.040747 10.422600 -0.023452 -0.040725 0.998895 -1.061300 0.000000 0.000000 0.000000 1.000000
0.999633 0.006459 0.026307 0.000000 -0.007481 0.999213 0.038946 10.422600 -0.026035 -0.039128 0.998895 -1.061300 0.000000 0.000000 0.000000 1.000000
0.999526 0.012611 0.028083 0.000000 -0.013668 0.999194 0.037753 10.422600 -0.027584 -0.038119 0.998892 -1.061300 0.000000 0.000000 0.000000 1.000000
0.999464 0.015424 0.028883 -0.000000 -0.016468 0.999207 0.036241 10.422600 -0.028301 -0.036697 0.998926 -1.061300 0.000000 0.000000 0.000000 1.000000
0.999402 0.017830 0.029618 0.000000 -0.018860 0.999214 0.034865 10.422600 -0.028974 -0.035403 0.998953 -1.061300 0.000000 0.000000 0.000000 1.000000
0.999339 0.020106 0.030301 0.000000 -0.021107 0.999230 0.033088 10.422600 -0.029612 -0.033706 0.998993 -1.061300 0.000000 0.000000 0.000000 1.000000
0.999300 0.021420 0.030684 0.000000 -0.022305 0.999336 0.028823 10.422600 -0.030046 -0.029487 0.999113 -1.061300 0.000000 0.000000 0.000000 1.000000
0.999254 0.022986 0.031035 0.000000 -0.023769 0.999402 0.025104 10.422600 -0.030439 -0.025823 0.999203 -1.061300 0.000000 0.000000 0.000000 1.000000
0.999225 0.024636 0.030698 0.000000 -0.025260 0.999478 0.020129 10.422600 -0.030186 -0.020889 0.999326 -1.061300 0.000000 0.000000 0.000000 1.000000
0.999247 0.024726 0.029899 0.000000 -0.025109 0.999606 0.012530 10.422600 -0.029577 -0.013271 0.999474 -1.061300 0.000000 0.000000 0.000000 1.000000
0.999293 0.023717 0.029168 0.000000 -0.023841 0.999708 0.003922 10.422600 -0.029066 -0.004615 0.999567 -1.061300 0.000000 0.000000 0.000000 1.000000
0.999335 0.024117 0.027342 0.000000 -0.023942 0.999691 -0.006701 10.422600 -0.027495 0.006042 0.999604 -1.061300 0.000000 0.000000 0.000000 1.000000
0.999363 0.026367 0.024036 0.000000 -0.025921 0.999490 -0.018672 10.422600 -0.024516 0.018037 0.999537 -1.061300 0.000000 0.000000 0.000000 1.000000
0.999172 0.035437 0.019969 0.000000 -0.034802 0.998905 -0.031268 10.422600 -0.021055 0.030548 0.999312 -1.061300 0.000000 0.000000 0.000000 1.000000
0.999115 0.038900 0.016006 0.000000 -0.038105 0.998156 -0.047256 10.422600 -0.017815 0.046604 0.998755 -1.061300 0.000000 0.000000 0.000000 1.000000
0.999041 0.042266 0.011411 0.000000 -0.041523 0.997398 -0.058937 10.422600 -0.013872 0.058406 0.998197 -1.061300 0.000000 0.000000 0.000000 1.000000
0.998909 0.045772 0.009282 0.000000 -0.045025 0.996600 -0.068998 10.422600 -0.012408 0.068505 0.997574 -1.061300 0.000000 0.000000 0.000000 1.000000
0.998803 0.048572 0.005746 -0.000000 -0.047965 0.995705 -0.079187 10.422600 -0.009568 0.078817 0.996843 -1.061300 0.000000 0.000000 0.000000 1.000000
0.998776 0.049451 -0.000454 0.000000 -0.049294 0.994778 -0.089364 10.422600 -0.003968 0.089277 0.995999 -1.061300 0.000000 0.000000 0.000000 1.000000
0.999031 0.043291 -0.007974 0.000000 -0.043868 0.994127 -0.098933 10.422600 0.003644 0.099187 0.995062 -1.061300 0.000000 0.000000 0.000000 1.000000
0.999424 0.031139 -0.013500 0.000000 -0.032395 0.993859 -0.105806 10.422600 0.010122 0.106183 0.994295 -1.061300 0.000000 0.000000 0.000000 1.000000
0.999704 0.017271 -0.017159 -0.000000 -0.019087 0.993522 -0.112030 10.422600 0.015113 0.112324 0.993557 -1.061300 0.000000 0.000000 0.000000 1.000000
0.999769 0.002326 -0.021344 0.000000 -0.004901 0.992593 -0.121389 10.422600 0.020904 0.121466 0.992375 -1.061300 0.000000 0.000000 0.000000 1.000000
0.999566 -0.015663 -0.024931 -0.000000 0.012302 0.991480 -0.129678 10.422600 0.026750 0.129315 0.991243 -1.061300 0.000000 0.000000 0.000000 1.000000
0.999138 -0.030513 -0.028137 0.000000 0.026503 0.990727 -0.133255 10.422600 0.031942 0.132395 0.990682 -1.061300 0.000000 0.000000 0.000000 1.000000
0.998675 -0.041278 -0.030724 0.000000 0.036692 0.989858 -0.137238 10.422600 0.036078 0.135929 0.990062 -1.061300 0.000000 0.000000 0.000000 1.000000
0.998656 -0.041603 -0.030904 0.000000 0.036951 0.989705 -0.138271 10.422600 0.036338 0.136944 0.989912 -1.061300 0.000000 0.000000 0.000000 1.000000
0.998706 -0.041261 -0.029721 0.000000 0.036636 0.989165 -0.142161 10.422600 0.035264 0.140888 0.989397 -1.061300 0.000000 0.000000 0.000000 1.000000
0.998548 -0.046051 -0.027949 -0.000000 0.041559 0.988675 -0.144206 10.422600 0.034274 0.142835 0.989153 -1.061300 0.000000 0.000000 0.000000 1.000000
0.998103 -0.053845 -0.029844 0.000000 0.049122 0.988771 -0.141134 10.422600 0.037108 0.139400 0.989541 -1.061300 0.000000 0.000000 0.000000 1.000000
0.997535 -0.063255 -0.030370 -0.000000 0.058394 0.988353 -0.140528 10.422600 0.038905 0.138408 0.989611 -1.061300 0.000000 0.000000 0.000000 1.000000
0.995946 -0.086396 -0.025060 -0.000000 0.081612 0.984964 -0.152270 10.422600 0.037838 0.149608 0.988021 -1.061300 0.000000 0.000000 0.000000 1.000000
0.998111 -0.061407 -0.002088 -0.000000 0.059754 0.978030 -0.199715 10.422600 0.014306 0.199213 0.979852 -1.061300 0.000000 0.000000 0.000000 1.000000
0.999858 -0.015519 0.006580 0.000000 0.016406 0.985579 -0.168418 10.422600 -0.003871 0.168502 0.985694 -1.061300 0.000000 0.000000 0.000000 1.000000
0.999953 -0.006587 -0.007080 0.000000 0.005890 0.995526 -0.094304 10.422600 0.007669 0.094258 0.995518 -1.061300 0.000000 0.000000 0.000000 1.000000
0.999916 0.010909 -0.006966 0.000000 -0.011358 0.997626 -0.067924 10.422600 0.006209 0.067998 0.997666 -1.061300 0.000000 0.000000 0.000000 1.000000
0.999890 0.011587 -0.009298 0.000000 -0.012444 0.995084 -0.098245 10.422600 0.008114 0.098350 0.995119 -1.061300 0.000000 0.000000 0.000000 1.000000
0.999690 -0.013994 -0.020600 -0.000000 0.011019 0.990363 -0.138054 10.422600 0.022333 0.137784 0.990210 -1.061300 0.000000 0.000000 0.000000 1.000000
0.999072 -0.039148 -0.017935 0.000000 0.035838 0.986843 -0.157658 10.422600 0.023871 0.156869 0.987331 -1.061300 0.000000 0.000000 0.000000 1.000000
0.998781 -0.047498 -0.013450 0.000000 0.044870 0.987085 -0.153788 10.422600 0.020581 0.152997 0.988012 -1.061300 0.000000 0.000000 0.000000 1.000000
0.998883 -0.044098 -0.016961 0.000000 0.040792 0.986052 -0.161363 10.422600 0.023841 0.160491 0.986749 -1.061300 0.000000 0.000000 0.000000 1.000000
0.999173 -0.030680 -0.026696 -0.000000 0.025527 0.984135 -0.175573 10.422600 0.031659 0.174747 0.984104 -1.061300 0.000000 0.000000 0.000000 1.000000
0.999164 -0.020688 -0.035268 0.000000 0.013994 0.983488 -0.180433 10.422600 0.038419 0.179789 0.982955 -1.061300 0.000000 0.000000 0.000000 1.000000
0.999071 -0.018162 -0.039074 0.000000 0.010678 0.982899 -0.183833 10.422600 0.041744 0.183245 0.982181 -1.061300 0.000000 0.000000 0.000000 1.000000
0.998822 -0.016272 -0.045704 -0.000000 0.007279 0.981671 -0.190442 10.422600 0.047965 0.189885 0.980634 -1.061300 0.000000 0.000000 0.000000 1.000000
0.998631 -0.011912 -0.050942 0.000000 0.001561 0.980081 -0.198590 10.422600 0.052293 0.198239 0.978758 -1.061300 0.000000 0.000000 0.000000 1.000000
0.998965 -0.006681 -0.045003 0.000000 -0.002385 0.980111 -0.198436 10.422600 0.045434 0.198337 0.979080 -1.061300 0.000000 0.000000 0.000000 1.000000
0.999421 0.000216 -0.034033 -0.000000 -0.006580 0.982340 -0.186987 10.422600 0.033391 0.187102 0.981773 -1.061300 0.000000 0.000000 0.000000 1.000000
0.999633 0.009897 -0.025227 0.000000 -0.014070 0.985164 -0.171037 10.422600 0.023160 0.171329 0.984942 -1.061300 0.000000 0.000000 0.000000 1.000000
0.999602 0.018946 -0.020918 0.000000 -0.021952 0.987775 -0.154332 10.422600 0.017738 0.154730 0.987798 -1.061300 0.000000 0.000000 0.000000 1.000000
0.999449 0.026505 -0.019987 -0.000000 -0.028997 0.990157 -0.136927 10.422600 0.016161 0.137431 0.990379 -1.061300 0.000000 0.000000 0.000000 1.000000
0.999264 0.033072 -0.019426 0.000000 -0.035087 0.992784 -0.114666 10.422600 0.015493 0.115263 0.993214 -1.061300 0.000000 0.000000 0.000000 1.000000
0.998805 0.045200 -0.018607 0.000000 -0.046671 0.995015 -0.088130 10.422600 0.014531 0.088893 0.995935 -1.061300 0.000000 0.000000 0.000000 1.000000
0.998157 0.058336 -0.016704 0.000000 -0.059112 0.996972 -0.050519 10.422600 0.013706 0.051413 0.998583 -1.061300 0.000000 0.000000 0.000000 1.000000
0.997547 0.068285 -0.015421 0.000000 -0.068387 0.997640 -0.006157 10.422600 0.014965 0.007196 0.999862 -1.061300 0.000000 0.000000 0.000000 1.000000
0.996654 0.080599 -0.013572 0.000000 -0.080023 0.996044 0.038622 10.422600 0.016632 -0.037407 0.999162 -1.061300 0.000000 0.000000 0.000000 1.000000
0.996057 0.088285 -0.008752 -0.000000 -0.087298 0.992914 0.080630 10.422600 0.015808 -0.079548 0.996706 -1.061300 0.000000 0.000000 0.000000 1.000000
0.997454 0.071286 0.001980 0.000000 -0.071100 0.991927 0.105002 10.422600 0.005522 -0.104875 0.994470 -1.061300 0.000000 0.000000 0.000000 1.000000
0.998627 0.052085 0.005588 0.000000 -0.052382 0.993807 0.098003 10.422600 -0.000449 -0.098161 0.995170 -1.061300 0.000000 0.000000 0.000000 1.000000
0.998339 0.057605 0.001112 0.000000 -0.057496 0.994842 0.083564 10.422600 0.003707 -0.083489 0.996502 -1.061300 0.000000 0.000000 0.000000 1.000000
0.997900 0.064763 -0.000724 0.000000 -0.064541 0.995277 0.072507 10.422600 0.005417 -0.072308 0.997368 -1.061300 0.000000 0.000000 0.000000 1.000000
0.997968 0.063717 0.000502 0.000000 -0.063625 0.996041 0.062076 10.422600 0.003456 -0.061982 0.998071 -1.061300 0.000000 0.000000 0.000000 1.000000
0.998029 0.062740 0.001152 0.000000 -0.062709 0.996536 0.054628 10.422600 0.002279 -0.054593 0.998506 -1.061300 0.000000 0.000000 0.000000 1.000000
0.998015 0.062970 -0.000554 -0.000000 -0.062874 0.996913 0.047018 10.422600 0.003514 -0.046890 0.998894 -1.061300 0.000000 0.000000 0.000000 1.000000
0.998061 0.062199 -0.002209 0.000000 -0.062041 0.997088 0.044340 10.422600 0.004961 -0.044117 0.999014 -1.061300 0.000000 0.000000 0.000000 1.000000
0.998104 0.061353 -0.004840 0.000000 -0.061079 0.997143 0.044436 10.422600 0.007552 -0.044056 0.999001 -1.061300 0.000000 0.000000 0.000000 1.000000
0.998103 0.061450 -0.003697 -0.000000 -0.061281 0.997495 0.035332 10.422600 0.005859 -0.035038 0.999369 -1.061300 0.000000 0.000000 0.000000 1.000000
0.998104 0.061179 -0.006743 -0.000000 -0.061003 0.997856 0.023709 10.422600 0.008179 -0.023252 0.999696 -1.061300 0.000000 0.000000 0.000000 1.000000
0.998088 0.061220 -0.008546 -0.000000 -0.061069 0.997990 0.016914 10.422600 0.009565 -0.016360 0.999820 -1.061300 0.000000 0.000000 0.000000 1.000000
0.998083 0.061413 -0.007685 -0.000000 -0.061233 0.997885 0.021836 10.422600 0.009009 -0.021324 0.999732 -1.061300 0.000000 0.000000 0.000000 1.000000
0.998074 0.061665 -0.006688 0.000000 -0.061451 0.997701 0.028572 10.422600 0.008434 -0.028106 0.999569 -1.061300 0.000000 0.000000 0.000000 1.000000
0.998066 0.061888 -0.005914 0.000000 -0.061647 0.997491 0.034806 10.422600 0.008054 -0.034374 0.999377 -1.061300 0.000000 0.000000 0.000000 1.000000
0.998060 0.062059 -0.005060 0.000000 -0.061785 0.997164 0.042980 10.422600 0.007713 -0.042583 0.999063 -1.061300 0.000000 0.000000 0.000000 1.000000
0.998055 0.062154 -0.004856 0.000000 -0.061866 0.997024 0.046005 10.422600 0.007700 -0.045615 0.998929 -1.061300 0.000000 0.000000 0.000000 1.000000
0.998049 0.062248 -0.004924 0.000000 -0.061965 0.997069 0.044865 10.422600 0.007703 -0.044473 0.998981 -1.061300 0.000000 0.000000 0.000000 1.000000
0.998035 0.062451 -0.005050 0.000000 -0.062179 0.997150 0.042731 10.422600 0.007705 -0.042333 0.999074 -1.061300 0.000000 0.000000 0.000000 1.000000
0.998025 0.062596 -0.005192 0.000000 -0.062338 0.997246 0.040190 10.422600 0.007694 -0.039787 0.999179 -1.061300 0.000000 0.000000 0.000000 1.000000
0.998020 0.062680 -0.005321 0.000000 -0.062435 0.997331 0.037851 10.422600 0.007680 -0.037444 0.999269 -1.061300 0.000000 0.000000 0.000000 1.000000</float_array><technique_common><accessor source="#mixamorig8_Spine-Matrix-animation-output-transform-array" count="110" stride="16"><param type="float4x4"/></accessor></technique_common></source><source id="mixamorig8_Spine-Interpolations"><Name_array id="mixamorig8_Spine-Interpolations-array" count="110">
 LINEAR LINEAR LINEAR LINEAR LINEAR LINEAR LINEAR LINEAR LINEAR LINEAR LINEAR
LINEAR LINEAR LINEAR LINEAR LINEAR LINEAR LINEAR LINEAR LINEAR LINEAR LINEAR LINEAR
LINEAR LINEAR LINEAR LINEAR LINEAR LINEAR LINEAR LINEAR LINEAR LINEAR LINEAR LINEAR
LINEAR LINEAR LINEAR LINEAR LINEAR LINEAR LINEAR LINEAR LINEAR LINEAR LINEAR LINEAR
LINEAR LINEAR LINEAR LINEAR LINEAR LINEAR LINEAR LINEAR LINEAR LINEAR LINEAR LINEAR
LINEAR LINEAR LINEAR LINEAR LINEAR LINEAR LINEAR LINEAR LINEAR LINEAR LINEAR LINEAR
LINEAR LINEAR LINEAR LINEAR LINEAR LINEAR LINEAR LINEAR LINEAR LINEAR LINEAR LINEAR
LINEAR LINEAR LINEAR LINEAR LINEAR LINEAR LINEAR LINEAR LINEAR LINEAR LINEAR LINEAR
LINEAR LINEAR LINEAR LINEAR LINEAR LINEAR LINEAR LINEAR LINEAR LINEAR LINEAR LINEAR
LINEAR LINEAR LINEAR</Name_array><technique_common><accessor source="#mixamorig8_Spine-Interpolations-array" count="110"><param type="name"/></accessor></technique_common></source><sampler id="mixamorig8_Spine-Matrix-animation-transform"><input semantic="INPUT" source="#mixamorig8_Spine-Matrix-animation-input"/><input semantic="OUTPUT" source="#mixamorig8_Spine-Matrix-animation-output-transform"/><input semantic="INTERPOLATION" source="#mixamorig8_Spine-Interpolations"/></sampler><channel source="#mixamorig8_Spine-Matrix-animation-transform" target="mixamorig8_Spine/matrix"/></animation>
    <animation id="mixamorig8_Spine1-anim" name="mixamorig8_Spine1"><source id="mixamorig8_Spine1-Matrix-animation-input"><float_array id="mixamorig8_Spine1-Matrix-animation-input-array" count="110">

0.000000 0.033333 0.066667 0.100000 0.133333 0.166667 0.200000 0.233333 0.266667 0.300000 0.333333 0.366667 0.400000 0.433333 0.466667 0.500000
