<?xml version="1.0" encoding="utf-8"?>
<COLLADA xmlns="http://www.collada.org/2005/11/COLLADASchema" version="1.4.1">
  <asset><contributor><author>Mixamo</author><authoring_tool>COLLADA Mixamo exporter</authoring_tool><comments></comments></contributor><created>2020-04-22T17:04:05Z</created><modified>2020-04-22T17:04:05Z</modified><revision></revision><title></title><unit meter="0.010000"/><up_axis>Y_UP</up_axis></asset>
  <library_animations>
    <animation id="mixamorig8_Hips-anim" name="mixamorig8_Hips"><source id="mixamorig8_Hips-Matrix-animation-input"><float_array id="mixamorig8_Hips-Matrix-animation-input-array" count="67">

0.000000 0.033333 0.066667 0.100000 0.133333 0.166667 0.200000 0.233333 0.266667 0.300000 0.333333 0.366667 0.400000 0.433333 0.466667 0.500000
0.533333 0.566667 0.600000 0.633333 0.666667 0.700000 0.733333 0.766667 0.800000 0.833333 0.866667 0.900000 0.933333 0.966667 1.000000 1.033333
1.066667 1.100000 1.133333 1.166667 1.200000 1.233333 1.266667 1.300000 1.333333 1.366667 1.400000 1.433333 1.466667 1.500000 1.533333 1.566667
1.600000 1.633333 1.666667 1.700000 1.733333 1.766667 1.800000 1.833333 1.866667 1.900000 1.933333 1.966667 2.000000 2.033333 2.066667 2.100000
2.133333 2.166667 2.200000</float_array><technique_common><accessor source="#mixamorig8_Hips-Matrix-animation-input-array" count="67"><param name="TIME" type="float"/></accessor></technique_common></source><source id="mixamorig8_Hips-Matrix-animation-output-transform"><float_array id="mixamorig8_Hips-Matrix-animation-output-transform-array" count="1072">

0.078155 -0.008454 -0.127281 -0.036190 0.009388 0.149247 -0.004149 12.696858 0.127216 -0.005820 0.078501 0.114932 0.000000 0.000000 0.000000 1.000000
0.075718 -0.008223 -0.128761 -0.057770 0.009531 0.149244 -0.003926 12.684576 0.128670 -0.006216 0.076062 0.142116 0.000000 0.000000 0.000000 1.000000
0.071701 -0.007786 -0.131067 -0.098068 0.009677 0.149244 -0.003572 12.667679 0.130941 -0.006766 0.072034 0.189814 0.000000 0.000000 0.000000 1.000000
0.063747 -0.006658 -0.135174 -0.206882 0.009538 0.149268 -0.002854 12.665130 0.135002 -0.007402 0.064030 0.297953 0.000000 0.000000 0.000000 1.000000
0.058411 -0.005520 -0.137615 -0.339880 0.008991 0.149314 -0.002173 12.713081 0.137432 -0.007422 0.058631 0.401854 0.000000 0.000000 0.000000 1.000000
0.058618 -0.005014 -0.137546 -0.464263 0.007884 0.149378 -0.002085 12.802133 0.137412 -0.006432 0.058795 0.482852 0.000000 0.000000 0.000000 1.000000
0.065072 -0.005972 -0.134574 -0.562016 0.005836 0.149438 -0.003809 12.919212 0.134580 -0.003593 0.065235 0.547235 0.000000 0.000000 0.000000 1.000000
0.076209 -0.008758 -0.128435 -0.641533 0.004723 0.149343 -0.007381 13.035313 0.128647 -0.000294 0.076355 0.616000 0.000000 0.000000 0.000000 1.000000
0.090521 -0.011657 -0.118534 -0.700282 0.005950 0.149138 -0.010123 13.123235 0.118957 0.001411 0.090705 0.705687 0.000000 0.000000 0.000000 1.000000
0.105341 -0.013393 -0.105376 -0.732075 0.008147 0.148988 -0.010791 13.146509 0.105911 0.001860 0.105639 0.834271 0.000000 0.000000 0.000000 1.000000
0.119876 -0.013534 -0.088469 -0.771083 0.009511 0.148969 -0.009901 13.070186 0.088992 0.002309 0.120230 1.008484 0.000000 0.000000 0.000000 1.000000
0.134621 -0.011867 -0.064161 -0.863298 0.009540 0.149104 -0.007562 12.903708 0.064548 0.002714 0.134931 1.218724 0.000000 0.000000 0.000000 1.000000
0.145808 -0.009805 -0.031999 -0.978586 0.009115 0.149263 -0.004202 12.653419 0.032202 0.002145 0.146077 1.440519 0.000000 0.000000 0.000000 1.000000
0.149354 -0.008457 0.001404 -1.050157 0.008463 0.149359 -0.000634 12.312678 -0.001365 0.000712 0.149592 1.645469 0.000000 0.000000 0.000000 1.000000
0.146536 -0.007813 0.029090 -1.062292 0.007548 0.149395 0.002100 11.934695 -0.029160 -0.000589 0.146729 1.815235 0.000000 0.000000 0.000000 1.000000
0.140666 -0.007831 0.050319 -1.047469 0.006632 0.149379 0.004708 11.586308 -0.050491 -0.002196 0.140805 1.955701 0.000000 0.000000 0.000000 1.000000
0.134478 -0.009545 0.064843 -1.006397 0.006408 0.149211 0.008675 11.269990 -0.065228 -0.005021 0.134537 2.024112 0.000000 0.000000 0.000000 1.000000
0.130654 -0.013282 0.071647 -0.953555 0.007806 0.148799 0.013350 10.985801 -0.072449 -0.007921 0.130647 1.962777 0.000000 0.000000 0.000000 1.000000
0.127033 -0.016754 0.077214 -0.949252 0.009716 0.148401 0.016215 10.744604 -0.078411 -0.008754 0.127103 1.837357 0.000000 0.000000 0.000000 1.000000
0.120904 -0.018474 0.086146 -1.010228 0.010758 0.148275 0.016699 10.559243 -0.087445 -0.007300 0.121162 1.727730 0.000000 0.000000 0.000000 1.000000
0.113359 -0.019812 0.095590 -1.097057 0.011578 0.148181 0.016983 10.429908 -0.096932 -0.005471 0.113817 1.625049 0.000000 0.000000 0.000000 1.000000
0.105759 -0.020366 0.103829 -1.212953 0.011824 0.148158 0.017018 10.335313 -0.105145 -0.003824 0.106349 1.530617 0.000000 0.000000 0.000000 1.000000
0.097813 -0.019972 0.111418 -1.342379 0.011881 0.148251 0.016144 10.282259 -0.112569 -0.001707 0.098517 1.461652 0.000000 0.000000 0.000000 1.000000
0.089191 -0.019453 0.118519 -1.465559 0.012300 0.148328 0.015089 10.254776 -0.119473 0.000748 0.090032 1.413243 0.000000 0.000000 0.000000 1.000000
0.081014 -0.018719 0.124364 -1.574948 0.012391 0.148402 0.014265 10.242895 -0.125153 0.002576 0.081916 1.383572 0.000000 0.000000 0.000000 1.000000
0.074315 -0.017689 0.128626 -1.662605 0.012236 0.148500 0.013352 10.244651 -0.129258 0.003888 0.075215 1.363505 0.000000 0.000000 0.000000 1.000000
0.069789 -0.016259 0.131321 -1.730567 0.012625 0.148607 0.011690 10.258533 -0.131720 0.005629 0.070699 1.354803 0.000000 0.000000 0.000000 1.000000
0.067633 -0.014634 0.132634 -1.785602 0.013267 0.148698 0.009641 10.276810 -0.132778 0.007404 0.068523 1.364477 0.000000 0.000000 0.000000 1.000000
0.067097 -0.013498 0.133026 -1.822702 0.013774 0.148742 0.008145 10.297804 -0.132998 0.008595 0.067955 1.390755 0.000000 0.000000 0.000000 1.000000
0.067943 -0.012643 0.132680 -1.837867 0.014051 0.148775 0.006981 10.331953 -0.132539 0.009292 0.068756 1.427862 0.000000 0.000000 0.000000 1.000000
0.070601 -0.011945 0.131350 -1.837032 0.013717 0.148842 0.006163 10.384652 -0.131177 0.009135 0.071339 1.464943 0.000000 0.000000 0.000000 1.000000
0.075543 -0.011193 0.128640 -1.828969 0.013239 0.148923 0.005183 10.464901 -0.128445 0.008766 0.076191 1.494772 0.000000 0.000000 0.000000 1.000000
0.082143 -0.009920 0.124636 -1.816736 0.012513 0.149032 0.003615 10.580622 -0.124403 0.008440 0.082661 1.516296 0.000000 0.000000 0.000000 1.000000
0.089752 -0.008354 0.119394 -1.798866 0.011642 0.149137 0.001684 10.737502 -0.119119 0.008281 0.090124 1.519654 0.000000 0.000000 0.000000 1.000000
0.098156 -0.006700 0.112697 -1.771323 0.011050 0.149189 -0.000754 10.936302 -0.112354 0.008819 0.098382 1.501550 0.000000 0.000000 0.000000 1.000000
0.107559 -0.004833 0.103865 -1.738248 0.010441 0.149185 -0.003871 11.167451 -0.103452 0.010033 0.107598 1.470367 0.000000 0.000000 0.000000 1.000000
0.118212 -0.002868 0.091640 -1.694510 0.009156 0.149149 -0.007144 11.422299 -0.091227 0.011254 0.118031 1.429171 0.000000 0.000000 0.000000 1.000000
0.128458 -0.001750 0.076653 -1.616646 0.008430 0.148977 -0.010726 11.683669 -0.076208 0.013529 0.128021 1.382519 0.000000 0.000000 0.000000 1.000000
0.137049 -0.001834 0.059953 -1.511098 0.007891 0.148782 -0.013487 11.940634 -0.059460 0.015518 0.136396 1.366646 0.000000 0.000000 0.000000 1.000000
0.143757 -0.002439 0.041329 -1.402370 0.006667 0.148755 -0.014411 12.176317 -0.040860 0.015690 0.143054 1.373884 0.000000 0.000000 0.000000 1.000000
0.148132 -0.002502 0.020756 -1.293824 0.004557 0.148818 -0.014584 12.377068 -0.020403 0.015073 0.147434 1.370444 0.000000 0.000000 0.000000 1.000000
0.149573 -0.002577 -0.001152 -1.169033 0.002446 0.148801 -0.015241 12.542829 0.001409 0.015220 0.148817 1.355528 0.000000 0.000000 0.000000 1.000000
0.147804 -0.002513 -0.022976 -1.037617 0.000185 0.148837 -0.015087 12.677449 0.023112 0.014877 0.147053 1.345803 0.000000 0.000000 0.000000 1.000000
0.143143 -0.002792 -0.043388 -0.919756 -0.001440 0.148905 -0.014331 12.784286 0.043454 0.014130 0.142451 1.337888 0.000000 0.000000 0.000000 1.000000
0.136502 -0.004233 -0.061070 -0.824563 -0.001568 0.148951 -0.013830 12.869845 0.061196 0.013260 0.135865 1.319206 0.000000 0.000000 0.000000 1.000000
0.128440 -0.004616 -0.076563 -0.758006 -0.002119 0.149058 -0.012542 12.943075 0.076673 0.011853 0.127910 1.273742 0.000000 0.000000 0.000000 1.000000
0.119449 -0.005349 -0.089909 -0.695223 -0.002087 0.149132 -0.011644 13.001932 0.090043 0.010551 0.119000 1.197176 0.000000 0.000000 0.000000 1.000000
0.110312 -0.006347 -0.100853 -0.629925 -0.001634 0.149173 -0.011174 13.026592 0.101039 0.009341 0.109928 1.096159 0.000000 0.000000 0.000000 1.000000
0.101551 -0.006359 -0.109669 -0.577190 -0.001795 0.149233 -0.010316 13.037400 0.109838 0.008318 0.101225 0.978264 0.000000 0.000000 0.000000 1.000000
0.094563 -0.005578 -0.115788 -0.533410 -0.001914 0.149331 -0.008757 13.065571 0.115907 0.007016 0.094321 0.862488 0.000000 0.000000 0.000000 1.000000
0.089500 -0.005097 -0.119766 -0.486494 -0.001713 0.149395 -0.007638 13.089122 0.119863 0.005941 0.089319 0.752089 0.000000 0.000000 0.000000 1.000000
0.085561 -0.005753 -0.122582 -0.441470 -0.001038 0.149396 -0.007737 13.099176 0.122712 0.005275 0.085405 0.643818 0.000000 0.000000 0.000000 1.000000
0.082421 -0.006642 -0.124671 -0.396701 0.000075 0.149391 -0.007910 13.111429 0.124847 0.004295 0.082309 0.545930 0.000000 0.000000 0.000000 1.000000
0.079548 -0.007422 -0.126480 -0.349099 0.001195 0.149380 -0.008014 13.126433 0.126692 0.003251 0.079490 0.469670 0.000000 0.000000 0.000000 1.000000
0.077171 -0.008020 -0.127908 -0.307780 0.002269 0.149369 -0.007996 13.141253 0.128139 0.002185 0.077174 0.408707 0.000000 0.000000 0.000000 1.000000
0.075239 -0.008288 -0.129037 -0.273128 0.003212 0.149366 -0.007721 13.150763 0.129263 0.001113 0.075299 0.355194 0.000000 0.000000 0.000000 1.000000
0.073619 -0.008331 -0.129965 -0.245747 0.004021 0.149368 -0.007297 13.146443 0.130170 0.000098 0.073729 0.310504 0.000000 0.000000 0.000000 1.000000
0.073246 -0.008302 -0.130178 -0.219080 0.004865 0.149367 -0.006789 13.122277 0.130352 -0.000910 0.073401 0.273720 0.000000 0.000000 0.000000 1.000000
0.073807 -0.008666 -0.129837 -0.187981 0.006005 0.149336 -0.006554 13.082636 0.129987 -0.001978 0.074025 0.242295 0.000000 0.000000 0.000000 1.000000
0.074255 -0.009116 -0.129550 -0.159449 0.006960 0.149296 -0.006516 13.032187 0.129684 -0.002793 0.074528 0.212430 0.000000 0.000000 0.000000 1.000000
0.074453 -0.009197 -0.129431 -0.132507 0.007542 0.149278 -0.006268 12.970832 0.129538 -0.003405 0.074756 0.186442 0.000000 0.000000 0.000000 1.000000
0.074751 -0.009167 -0.129261 -0.105627 0.008141 0.149263 -0.005878 12.904583 0.129330 -0.004097 0.075081 0.168153 0.000000 0.000000 0.000000 1.000000
0.075269 -0.009301 -0.128951 -0.082025 0.008671 0.149240 -0.005704 12.839088 0.128995 -0.004604 0.075626 0.152260 0.000000 0.000000 0.000000 1.000000
0.076116 -0.009032 -0.128472 -0.062774 0.008997 0.149240 -0.005162 12.780081 0.128474 -0.005100 0.076476 0.136846 0.000000 0.000000 0.000000 1.000000
0.077283 -0.008556 -0.127806 -0.047084 0.009227 0.149250 -0.004412 12.731672 0.127759 -0.005604 0.077630 0.123423 0.000000 0.000000 0.000000 1.000000
0.077831 -0.008470 -0.127478 -0.040277 0.009333 0.149249 -0.004218 12.710793 0.127418 -0.005759 0.078177 0.117775 0.000000 0.000000 0.000000 1.000000
0.078155 -0.008454 -0.127281 -0.036190 0.009388 0.149247 -0.004149 12.696858 0.127216 -0.005820 0.078501 0.114932 0.000000 0.000000 0.000000 1.000000</float_array><technique_common><accessor source="#mixamorig8_Hips-Matrix-animation-output-transform-array" count="67" stride="16"><param type="float4x4"/></accessor></technique_common></source><source id="mixamorig8_Hips-Interpolations"><Name_array id="mixamorig8_Hips-Interpolations-array" count="67">
 LINEAR LINEAR LINEAR LINEAR LINEAR LINEAR LINEAR LINEAR LINEAR LINEAR LINEAR
LINEAR LINEAR LINEAR LINEAR LINEAR LINEAR LINEAR LINEAR LINEAR LINEAR LINEAR LINEAR
LINEAR LINEAR LINEAR LINEAR LINEAR LINEAR LINEAR LINEAR LINEAR LINEAR LINEAR LINEAR
LINEAR LINEAR LINEAR LINEAR LINEAR LINEAR LINEAR LINEAR LINEAR LINEAR LINEAR LINEAR
LINEAR LINEAR LINEAR LINEAR LINEAR LINEAR LINEAR LINEAR LINEAR LINEAR LINEAR LINEAR
LINEAR LINEAR LINEAR LINEAR LINEAR LINEAR LINEAR LINEAR</Name_array><technique_common><accessor source="#mixamorig8_Hips-Interpolations-array" count="67"><param type="name"/></accessor></technique_common></source><sampler id="mixamorig8_Hips-Matrix-animation-transform"><input semantic="INPUT" source="#mixamorig8_Hips-Matrix-animation-input"/><input semantic="OUTPUT" source="#mixamorig8_Hips-Matrix-animation-output-transform"/><input semantic="INTERPOLATION" source="#mixamorig8_Hips-Interpolations"/></sampler><channel source="#mixamorig8_Hips-Matrix-animation-transform" target="mixamorig8_Hips/matrix"/></animation>
    <animation id="mixamorig8_Spine-anim" name="mixamorig8_Spine"><source id="mixamorig8_Spine-Matrix-animation-input"><float_array id="mixamorig8_Spine-Matrix-animation-input-array" count="67">

0.000000 0.033333 0.066667 0.100000 0.133333 0.166667 0.200000 0.233333 0.266667 0.300000 0.333333 0.366667 0.400000 0.433333 0.466667 0.500000
0.533333 0.566667 0.600000 0.633333 0.666667 0.700000 0.733333 0.766667 0.800000 0.833333 0.866667 0.900000 0.933333 0.966667 1.000000 1.033333
1.066667 1.100000 1.133333 1.166667 1.200000 1.233333 1.266667 1.300000 1.333333 1.366667 1.400000 1.433333 1.466667 1.500000 1.533333 1.566667
1.600000 1.633333 1.666667 1.700000 1.733333 1.766667 1.800000 1.833333 1.866667 1.900000 1.933333 1.966667 2.000000 2.033333 2.066667 2.100000
2.133333 2.166667 2.200000</float_array><technique_common><accessor source="#mixamorig8_Spine-Matrix-animation-input-array" count="67"><param name="TIME" type="float"/></accessor></technique_common></source><source id="mixamorig8_Spine-Matrix-animation-output-transform"><float_array id="mixamorig8_Spine-Matrix-animation-output-transform-array" count="1072">

0.999115 0.041252 0.008268 0.000000 -0.040297 0.994777 -0.093779 10.422600 -0.012094 0.093363 0.995559 -1.061300 0.000000 0.000000 0.000000 1.000000
0.999141 0.040700 0.007819 -0.000000 -0.039805 0.994925 -0.092414 10.422600 -0.011541 0.092023 0.995690 -1.061300 0.000000 0.000000 0.000000 1.000000
0.999188 0.039773 0.006431 -0.000000 -0.039015 0.995007 -0.091868 10.422600 -0.010053 0.091542 0.995750 -1.061300 0.000000 0.000000 0.000000 1.000000
0.999305 0.037268 0.001032 0.000000 -0.037026 0.995306 -0.089409 10.422600 -0.004360 0.089309 0.995994 -1.061300 0.000000 0.000000 0.000000 1.000000
0.999448 0.032524 -0.006747 0.000000 -0.032988 0.995663 -0.086987 10.422600 0.003888 0.087162 0.996187 -1.061300 0.000000 0.000000 0.000000 1.000000
0.999535 0.024977 -0.017489 0.000000 -0.026371 0.996065 -0.084614 10.422600 0.015307 0.085036 0.996260 -1.061300 0.000000 0.000000 0.000000 1.000000
0.999472 0.013607 -0.029503 0.000000 -0.015985 0.996510 -0.081928 10.422600 0.028285 0.082356 0.996202 -1.061300 0.000000 0.000000 0.000000 1.000000
0.999192 0.001031 -0.040168 -0.000000 -0.004148 0.996975 -0.077608 10.422600 0.039967 0.077712 0.996174 -1.061300 0.000000 0.000000 0.000000 1.000000
0.998762 -0.006751 -0.049293 0.000000 0.003247 0.997485 -0.070809 10.422600 0.049647 0.070561 0.996271 -1.061300 0.000000 0.000000 0.000000 1.000000
0.998575 -0.011360 -0.052146 0.000000 0.008032 0.997944 -0.063589 10.422600 0.052761 0.063080 0.996613 -1.061300 0.000000 0.000000 0.000000 1.000000
0.998649 -0.016487 -0.049284 0.000000 0.013705 0.998322 -0.056259 10.422600 0.050129 0.055507 0.997199 -1.061300 0.000000 0.000000 0.000000 1.000000
0.998649 -0.024177 -0.045995 0.000000 0.022039 0.998677 -0.046452 10.422600 0.047057 0.045376 0.997861 -1.061300 0.000000 0.000000 0.000000 1.000000
0.998662 -0.030805 -0.041544 0.000000 0.029466 0.999038 -0.032467 10.422600 0.042504 0.031199 0.998609 -1.061300 0.000000 0.000000 0.000000 1.000000
0.998988 -0.034250 -0.029139 -0.000000 0.033732 0.999268 -0.018071 10.422600 0.029737 0.017070 0.999412 -1.061300 0.000000 0.000000 0.000000 1.000000
0.999323 -0.035590 -0.009318 0.000000 0.035544 0.999356 -0.005011 10.422600 0.009490 0.004676 0.999944 -1.061300 0.000000 0.000000 0.000000 1.000000
0.999414 -0.033400 0.007449 0.000000 0.033359 0.999428 0.005620 10.422600 -0.007633 -0.005368 0.999956 -1.061300 0.000000 0.000000 0.000000 1.000000
0.999201 -0.032855 0.022750 0.000000 0.032683 0.999435 0.007892 10.422600 -0.022997 -0.007142 0.999710 -1.061300 0.000000 0.000000 0.000000 1.000000
0.998364 -0.032631 0.046958 0.000000 0.032454 0.999463 0.004536 10.422600 -0.047081 -0.003004 0.998887 -1.061300 0.000000 0.000000 0.000000 1.000000
0.996865 -0.027993 0.074000 0.000000 0.027863 0.999608 0.002777 10.422600 -0.074049 -0.000707 0.997254 -1.061300 0.000000 0.000000 0.000000 1.000000
0.995434 -0.023132 0.092603 0.000000 0.023104 0.999732 0.001369 10.422600 -0.092610 0.000776 0.995702 -1.061300 0.000000 0.000000 0.000000 1.000000
0.994046 -0.020151 0.107083 0.000000 0.020544 0.999786 -0.002570 10.422600 -0.107008 0.004754 0.994247 -1.061300 0.000000 0.000000 0.000000 1.000000
0.992710 -0.017401 0.119261 0.000000 0.018338 0.999809 -0.006768 10.422600 -0.119121 0.008906 0.992840 -1.061300 0.000000 0.000000 0.000000 1.000000
0.991445 -0.013722 0.129804 -0.000000 0.015206 0.999830 -0.010454 10.422600 -0.129638 0.012338 0.991485 -1.061300 0.000000 0.000000 0.000000 1.000000
0.990334 -0.009976 0.138345 -0.000000 0.012177 0.999812 -0.015069 10.422600 -0.138169 0.016608 0.990269 -1.061300 0.000000 0.000000 0.000000 1.000000
0.989541 -0.007459 0.144061 0.000000 0.010436 0.999747 -0.019919 10.422600 -0.143876 0.021214 0.989368 -1.061300 0.000000 0.000000 0.000000 1.000000
0.988939 -0.006094 0.148196 -0.000000 0.009771 0.999662 -0.024099 10.422600 -0.147999 0.025280 0.988664 -1.061300 0.000000 0.000000 0.000000 1.000000
0.988421 -0.004907 0.151654 -0.000000 0.009206 0.999575 -0.027657 10.422600 -0.151454 0.028733 0.988047 -1.061300 0.000000 0.000000 0.000000 1.000000
0.987945 -0.003355 0.154766 0.000000 0.008262 0.999483 -0.031068 10.422600 -0.154582 0.031972 0.987463 -1.061300 0.000000 0.000000 0.000000 1.000000
0.987442 -0.002231 0.157968 0.000000 0.007848 0.999359 -0.034939 10.422600 -0.157789 0.035739 0.986826 -1.061300 0.000000 0.000000 0.000000 1.000000
0.987206 -0.001677 0.159442 0.000000 0.007754 0.999267 -0.037500 10.422600 -0.159263 0.038257 0.986495 -1.061300 0.000000 0.000000 0.000000 1.000000
0.987364 -0.001966 0.158456 0.000000 0.008353 0.999179 -0.039652 10.422600 -0.158248 0.040474 0.986570 -1.061300 0.000000 0.000000 0.000000 1.000000
0.987680 -0.001467 0.156478 0.000000 0.008121 0.999089 -0.041897 10.422600 -0.156274 0.042651 0.986792 -1.061300 0.000000 0.000000 0.000000 1.000000
0.988269 -0.000209 0.152726 -0.000000 0.006823 0.999061 -0.042780 10.422600 -0.152574 0.043320 0.987342 -1.061300 0.000000 0.000000 0.000000 1.000000
0.989304 0.000656 0.145864 0.000000 0.005605 0.999080 -0.042514 10.422600 -0.145757 0.042877 0.988391 -1.061300 0.000000 0.000000 0.000000 1.000000
0.990731 0.002039 0.135821 0.000000 0.003623 0.999135 -0.041424 10.422600 -0.135788 0.041532 0.989867 -1.061300 0.000000 0.000000 0.000000 1.000000
0.992366 0.003769 0.123267 0.000000 0.001145 0.999208 -0.039769 10.422600 -0.123319 0.039607 0.991576 -1.061300 0.000000 0.000000 0.000000 1.000000
0.993746 0.005443 0.111534 0.000000 -0.001109 0.999243 -0.038884 10.422600 -0.111661 0.038517 0.993000 -1.061300 0.000000 0.000000 0.000000 1.000000
0.994900 0.009880 0.100380 -0.000000 -0.006085 0.999258 -0.038035 10.422600 -0.100682 0.037230 0.994222 -1.061300 0.000000 0.000000 0.000000 1.000000
0.996058 0.015304 0.087376 0.000000 -0.012064 0.999224 -0.037485 10.422600 -0.087882 0.036283 0.995470 -1.061300 0.000000 0.000000 0.000000 1.000000
0.997141 0.019930 0.072889 0.000000 -0.017134 0.999101 -0.038789 10.422600 -0.073596 0.037429 0.996586 -1.061300 0.000000 0.000000 0.000000 1.000000
0.997924 0.022963 0.060177 0.000000 -0.020500 0.998939 -0.041231 10.422600 -0.061060 0.039912 0.997336 -1.061300 0.000000 0.000000 0.000000 1.000000
0.998265 0.025581 0.053028 0.000000 -0.023326 0.998815 -0.042714 10.422600 -0.054058 0.041403 0.997679 -1.061300 0.000000 0.000000 0.000000 1.000000
0.998421 0.026810 0.049365 -0.000000 -0.024601 0.998693 -0.044811 10.422600 -0.050502 0.043526 0.997775 -1.061300 0.000000 0.000000 0.000000 1.000000
0.998556 0.028361 0.045635 -0.000000 -0.026220 0.998558 -0.046845 10.422600 -0.046897 0.045581 0.997859 -1.061300 0.000000 0.000000 0.000000 1.000000
0.998642 0.031823 0.041256 0.000000 -0.029835 0.998405 -0.047928 10.422600 -0.042716 0.046632 0.997998 -1.061300 0.000000 0.000000 0.000000 1.000000
0.998754 0.033486 0.037013 0.000000 -0.031593 0.998219 -0.050607 10.422600 -0.038642 0.049374 0.998033 -1.061300 0.000000 0.000000 0.000000 1.000000
0.998869 0.034575 0.032640 0.000000 -0.032791 0.998018 -0.053709 10.422600 -0.034432 0.052578 0.998023 -1.061300 0.000000 0.000000 0.000000 1.000000
0.998967 0.035608 0.028236 0.000000 -0.033948 0.997783 -0.057246 10.422600 -0.030212 0.056228 0.997961 -1.061300 0.000000 0.000000 0.000000 1.000000
0.999066 0.035603 0.024499 0.000000 -0.034026 0.997492 -0.062058 10.422600 -0.026647 0.061166 0.997772 -1.061300 0.000000 0.000000 0.000000 1.000000
0.999177 0.035425 0.019768 -0.000000 -0.034022 0.997153 -0.067287 10.422600 -0.022095 0.066559 0.997538 -1.061300 0.000000 0.000000 0.000000 1.000000
0.999277 0.035000 0.014858 -0.000000 -0.033855 0.996874 -0.071394 10.422600 -0.017310 0.070839 0.997338 -1.061300 0.000000 0.000000 0.000000 1.000000
0.999335 0.034679 0.011243 0.000000 -0.033759 0.996713 -0.073651 10.422600 -0.013761 0.073222 0.997221 -1.061300 0.000000 0.000000 0.000000 1.000000
0.999349 0.035062 0.008553 -0.000000 -0.034312 0.996514 -0.076037 10.422600 -0.011189 0.075694 0.997068 -1.061300 0.000000 0.000000 0.000000 1.000000
0.999347 0.035423 0.007134 0.000000 -0.034757 0.996321 -0.078334 10.422600 -0.009882 0.078035 0.996902 -1.061300 0.000000 0.000000 0.000000 1.000000
0.999349 0.035584 0.005971 0.000000 -0.034992 0.996166 -0.080186 10.422600 -0.008802 0.079925 0.996762 -1.061300 0.000000 0.000000 0.000000 1.000000
0.999325 0.036329 0.005378 -0.000000 -0.035766 0.995994 -0.081955 10.422600 -0.008334 0.081707 0.996622 -1.061300 0.000000 0.000000 0.000000 1.000000
0.999288 0.037301 0.005745 0.000000 -0.036691 0.995830 -0.083526 10.422600 -0.008836 0.083255 0.996489 -1.061300 0.000000 0.000000 0.000000 1.000000
0.999264 0.037974 0.005352 0.000000 -0.037382 0.995671 -0.085099 10.422600 -0.008560 0.084836 0.996358 -1.061300 0.000000 0.000000 0.000000 1.000000
0.999238 0.038742 0.004686 0.000000 -0.038194 0.995531 -0.086372 10.422600 -0.008011 0.086127 0.996252 -1.061300 0.000000 0.000000 0.000000 1.000000
0.999207 0.039505 0.004923 0.000000 -0.038923 0.995398 -0.087564 10.422600 -0.008359 0.087303 0.996147 -1.061300 0.000000 0.000000 0.000000 1.000000
0.999184 0.039986 0.005726 0.000000 -0.039320 0.995262 -0.088923 10.422600 -0.009254 0.088626 0.996022 -1.061300 0.000000 0.000000 0.000000 1.000000
0.999155 0.040616 0.006296 -0.000000 -0.039883 0.995112 -0.090339 10.422600 -0.009935 0.090011 0.995891 -1.061300 0.000000 0.000000 0.000000 1.000000
0.999124 0.041240 0.007056 -0.000000 -0.040426 0.995003 -0.091299 10.422600 -0.010786 0.090934 0.995799 -1.061300 0.000000 0.000000 0.000000 1.000000
0.999111 0.041498 0.007416 -0.000000 -0.040638 0.994897 -0.092355 10.422600 -0.011211 0.091972 0.995699 -1.061300 0.000000 0.000000 0.000000 1.000000
0.999113 0.041409 0.007587 0.000000 -0.040520 0.994796 -0.093482 10.422600 -0.011419 0.093091 0.995592 -1.061300 0.000000 0.000000 0.000000 1.000000
0.999114 0.041319 0.007962 0.000000 -0.040393 0.994782 -0.093690 10.422600 -0.011792 0.093286 0.995570 -1.061300 0.000000 0.000000 0.000000 1.000000
0.999115 0.041252 0.008268 0.000000 -0.040297 0.994777 -0.093779 10.422600 -0.012094 0.093363 0.995559 -1.061300 0.000000 0.000000 0.000000 1.000000</float_array><technique_common><accessor source="#mixamorig8_Spine-Matrix-animation-output-transform-array" count="67" stride="16"><param type="float4x4"/></accessor></technique_common></source><source id="mixamorig8_Spine-Interpolations"><Name_array id="mixamorig8_Spine-Interpolations-array" count="67">
 LINEAR LINEAR LINEAR LINEAR LINEAR LINEAR LINEAR LINEAR LINEAR LINEAR LINEAR
LINEAR LINEAR LINEAR LINEAR LINEAR LINEAR LINEAR LINEAR LINEAR LINEAR LINEAR LINEAR
LINEAR LINEAR LINEAR LINEAR LINEAR LINEAR LINEAR LINEAR LINEAR LINEAR LINEAR LINEAR
LINEAR LINEAR LINEAR LINEAR LINEAR LINEAR LINEAR LINEAR LINEAR LINEAR LINEAR LINEAR
LINEAR LINEAR LINEAR LINEAR LINEAR LINEAR LINEAR LINEAR LINEAR LINEAR LINEAR LINEAR
LINEAR LINEAR LINEAR LINEAR LINEAR LINEAR LINEAR LINEAR</Name_array><technique_common><accessor source="#mixamorig8_Spine-Interpolations-array" count="67"><param type="name"/></accessor></technique_common></source><sampler id="mixamorig8_Spine-Matrix-animation-transform"><input semantic="INPUT" source="#mixamorig8_Spine-Matrix-animation-input"/><input semantic="OUTPUT" source="#mixamorig8_Spine-Matrix-animation-output-transform"/><input semantic="INTERPOLATION" source="#mixamorig8_Spine-Interpolations"/></sampler><channel source="#mixamorig8_Spine-Matrix-animation-transform" target="mixamorig8_Spine/matrix"/></animation>
    <animation id="mixamorig8_Spine1-anim" name="mixamorig8_Spine1"><source id="mixamorig8_Spine1-Matrix-animation-input"><float_array id="mixamorig8_Spine1-Matrix-animation-input-array" count="67">

0.000000 0.033333 0.066667 0.100000 0.133333 0.166667 0.200000 0.233333 0.266667 0.300000 0.333333 0.366667 0.400000 0.433333 0.466667 0.500000
0.533333 0.566667 0.600000 0.633333 0.666667 0.700000 0.733333 0.766667 0.800000 0.833333 0.866667 0.900000 0.933333 0.966667 1.000000 1.033333
1.066667 1.100000 1.133333 1.166667 1.200000 1.233333 1.266667 1.300000 1.333333 1.366667 1.400000 1.433333 1.466667 1.500000 1.533333 1.566667
1.600000 1.633333 1.666667 1.700000 1.733333 1.766667 1.800000 1.833333 1.866667 1.900000 1.933333 1.966667 2.000000 2.033333 2.066667 2.100000
2.133333 2.166667 2.200000</float_array><technique_common><accessor source="#mixamorig8_Spine1-Matrix-animation-input-array" count="67"><param name="TIME" type="float"/></accessor></technique_common></source><source id="mixamorig8_Spine1-Matrix-animation-output-transform"><float_array id="mixamorig8_Spine1-Matrix-animation-output-transform-array" count="1072">

0.995240 0.096899 0.010353 0.000000 -0.094333 0.984606 -0.147146 12.222600 -0.024452 0.145469 0.989061 -0.000000 0.000000 0.000000 0.000000 1.000000
0.995377 0.095547 0.009728 0.000000 -0.093152 0.985124 -0.144410 12.222600 -0.023381 0.142836 0.989470 0.000000 0.000000 0.000000 0.000000 1.000000
0.995616 0.093255 0.007297 0.000000 -0.091255 0.985472 -0.143241 12.222600 -0.020549 0.141947 0.989661 0.000000 0.000000 0.000000 0.000000 1.000000
0.996180 0.087283 -0.002663 -0.000000 -0.086814 0.986613 -0.138054 12.222600 -0.009423 0.137757 0.990421 -0.000000 0.000000 0.000000 0.000000 1.000000
0.996887 0.076915 -0.017343 0.000000 -0.078542 0.988018 -0.132855 12.222600 0.006916 0.133804 0.990984 0.000000 0.000000 0.000000 0.000000 1.000000
0.997400 0.061202 -0.038034 0.000000 -0.065596 0.989639 -0.127721 12.222600 0.029823 0.129884 0.991081 -0.000000 0.000000 0.000000 0.000000 1.000000
0.997320 0.039640 -0.061502 0.000000 -0.046933 0.991410 -0.122078 12.222600 0.056134 0.124638 0.990613 -0.000000 0.000000 0.000000 0.000000 1.000000
0.996460 0.016695 -0.082397 0.000000 -0.026019 0.993207 -0.113415 12.222600 0.079944 0.115158 0.990125 0.000000 0.000000 0.000000 0.000000 1.000000
0.995016 0.000612 -0.099715 0.000000 -0.010635 0.994929 -0.100013 12.222600 0.099149 0.100575 0.989977 0.000000 0.000000 0.000000 0.000000 1.000000
0.994502 -0.010541 -0.104190 -0.000000 0.001551 0.996295 -0.085990 12.222600 0.104711 0.085356 0.990833 -0.000000 0.000000 0.000000 0.000000 1.000000
0.995005 -0.022568 -0.097237 -0.000000 0.015599 0.997294 -0.071842 12.222600 0.098595 0.069966 0.992665 0.000000 0.000000 0.000000 0.000000 1.000000
0.995166 -0.039815 -0.089773 0.000000 0.035165 0.997986 -0.052799 12.222600 0.091694 0.049387 0.994562 -0.000000 0.000000 0.000000 0.000000 1.000000
0.995272 -0.053682 -0.080949 -0.000000 0.051800 0.998340 -0.025175 12.222600 0.082166 0.020863 0.996400 0.000000 0.000000 0.000000 0.000000 1.000000
0.996561 -0.060191 -0.056956 0.000000 0.060500 0.998161 0.003722 12.222600 0.056627 -0.007155 0.998370 -0.000000 0.000000 0.000000 0.000000 1.000000
0.997910 -0.061957 -0.018355 0.000000 0.062494 0.997586 0.030280 12.222600 0.016435 -0.031364 0.999373 -0.000000 0.000000 0.000000 0.000000 1.000000
0.998360 -0.055300 0.014832 -0.000000 0.054464 0.997169 0.051841 12.222600 -0.017657 -0.050948 0.998545 0.000000 0.000000 0.000000 0.000000 1.000000
0.997626 -0.051778 0.045399 -0.000000 0.049185 0.997191 0.056481 12.222600 -0.048196 -0.054114 0.997371 -0.000000 0.000000 0.000000 0.000000 1.000000
0.994365 -0.050145 0.093397 0.000000 0.045634 0.997715 0.049825 12.222600 -0.095682 -0.045282 0.994381 0.000000 0.000000 0.000000 0.000000 1.000000
0.988321 -0.041467 0.146639 0.000000 0.035055 0.998324 0.046048 12.222600 -0.148302 -0.040370 0.988118 -0.000000 0.000000 0.000000 0.000000 1.000000
0.982611 -0.032072 0.182886 0.000000 0.024647 0.998783 0.042728 12.222600 -0.184034 -0.037477 0.982205 0.000000 0.000000 0.000000 0.000000 1.000000
0.977180 -0.025484 0.210877 0.000000 0.018641 0.999235 0.034375 12.222600 -0.211592 -0.029660 0.976908 0.000000 0.000000 0.000000 0.000000 1.000000
0.972050 -0.019173 0.233988 -0.000000 0.013583 0.999583 0.025480 12.222600 -0.234379 -0.021590 0.971906 0.000000 0.000000 0.000000 0.000000 1.000000
0.967264 -0.011758 0.253501 0.000000 0.007542 0.999817 0.017597 12.222600 -0.253662 -0.015109 0.967175 0.000000 0.000000 0.000000 0.000000 1.000000
0.963054 -0.004294 0.269274 0.000000 0.002244 0.999966 0.007920 12.222600 -0.269298 -0.007023 0.963031 0.000000 0.000000 0.000000 0.000000 1.000000
0.960037 0.000926 0.279873 0.000000 -0.000374 0.999998 -0.002026 12.222600 -0.279874 0.001841 0.960035 0.000000 0.000000 0.000000 0.000000 1.000000
0.957762 0.003877 0.287537 0.000000 -0.000906 0.999945 -0.010466 12.222600 -0.287562 0.009763 0.957712 0.000000 0.000000 0.000000 0.000000 1.000000
0.955787 0.006304 0.293992 -0.000000 -0.001177 0.999844 -0.017614 12.222600 -0.294057 0.016489 0.955646 -0.000000 0.000000 0.000000 0.000000 1.000000
0.953952 0.009530 0.299807 -0.000000 -0.002277 0.999696 -0.024535 12.222600 -0.299950 0.022722 0.953684 0.000000 0.000000 0.000000 0.000000 1.000000
0.952004 0.012242 0.305841 0.000000 -0.002461 0.999474 -0.032345 12.222600 -0.306076 0.030040 0.951533 -0.000000 0.000000 0.000000 0.000000 1.000000
0.951081 0.013735 0.308636 0.000000 -0.002267 0.999295 -0.037485 12.222600 -0.308933 0.034952 0.950441 0.000000 0.000000 0.000000 0.000000 1.000000
0.951707 0.013502 0.306710 0.000000 -0.000752 0.999132 -0.041652 12.222600 -0.307006 0.039410 0.950891 -0.000000 0.000000 0.000000 0.000000 1.000000
0.952900 0.014773 0.302926 0.000000 -0.000830 0.998936 -0.046104 12.222600 -0.303285 0.043681 0.951898 0.000000 0.000000 0.000000 0.000000 1.000000
0.955097 0.017237 0.295792 0.000000 -0.003174 0.998844 -0.047957 12.222600 -0.296277 0.044865 0.954048 0.000000 0.000000 0.000000 0.000000 1.000000
0.959018 0.018238 0.282759 0.000000 -0.005040 0.998866 -0.047335 12.222600 -0.283302 0.043970 0.958022 -0.000000 0.000000 0.000000 0.000000 1.000000
0.964408 0.019855 0.263671 0.000000 -0.008251 0.998951 -0.045044 12.222600 -0.264289 0.041266 0.963560 -0.000000 0.000000 0.000000 0.000000 1.000000
0.970579 0.022002 0.239778 -0.000000 -0.012371 0.999058 -0.041600 12.222600 -0.240467 0.037410 0.969936 0.000000 0.000000 0.000000 0.000000 1.000000
0.975743 0.024025 0.217598 0.000000 -0.015761 0.999090 -0.039634 12.222600 -0.218353 0.035243 0.975233 0.000000 0.000000 0.000000 0.000000 1.000000
0.980025 0.030884 0.196463 0.000000 -0.023882 0.998996 -0.037914 12.222600 -0.197437 0.032465 0.979778 0.000000 0.000000 0.000000 0.000000 1.000000
0.984382 0.039320 0.171597 0.000000 -0.033493 0.998764 -0.036721 12.222600 -0.172829 0.030400 0.984483 0.000000 0.000000 0.000000 0.000000 1.000000
0.988526 0.046653 0.143663 0.000000 -0.041437 0.998376 -0.039090 12.222600 -0.145253 0.032688 0.988854 -0.000000 0.000000 0.000000 0.000000 1.000000
0.991548 0.051485 0.119085 0.000000 -0.046571 0.997959 -0.043694 12.222600 -0.121091 0.037779 0.991922 0.000000 0.000000 0.000000 0.000000 1.000000
0.992878 0.055517 0.105406 0.000000 -0.050845 0.997623 -0.046503 12.222600 -0.107737 0.040812 0.993341 -0.000000 0.000000 0.000000 0.000000 1.000000
0.993512 0.056712 0.098582 0.000000 -0.051916 0.997371 -0.050554 12.222600 -0.101190 0.045108 0.993844 0.000000 0.000000 0.000000 0.000000 1.000000
0.994027 0.059441 0.091526 0.000000 -0.054596 0.997017 -0.054558 12.222600 -0.094496 0.049235 0.994307 0.000000 0.000000 0.000000 0.000000 1.000000
0.994360 0.066423 0.082687 0.000000 -0.061846 0.996472 -0.056740 12.222600 -0.086164 0.051306 0.994959 0.000000 0.000000 0.000000 0.000000 1.000000
0.994676 0.072016 0.073709 0.000000 -0.067492 0.995783 -0.062133 12.222600 -0.077872 0.056827 0.995342 0.000000 0.000000 0.000000 0.000000 1.000000
0.994947 0.077197 0.064197 -0.000000 -0.072793 0.995003 -0.068333 12.222600 -0.069151 0.063314 0.995595 -0.000000 0.000000 0.000000 0.000000 1.000000
0.995137 0.082012 0.054557 0.000000 -0.077798 0.994119 -0.075334 12.222600 -0.060414 0.070723 0.995665 0.000000 0.000000 0.000000 0.000000 1.000000
0.995387 0.084038 0.046294 0.000000 -0.079908 0.993187 -0.084818 12.222600 -0.053107 0.080728 0.995320 -0.000000 0.000000 0.000000 0.000000 1.000000
0.995845 0.083432 0.036492 0.000000 -0.079653 0.992286 -0.094994 12.222600 -0.044136 0.091692 0.994809 0.000000 0.000000 0.000000 0.000000 1.000000
0.996357 0.081014 0.026654 0.000000 -0.077878 0.991639 -0.102896 12.222600 -0.034767 0.100446 0.994335 0.000000 0.000000 0.000000 0.000000 1.000000
0.996641 0.079587 0.019297 0.000000 -0.077081 0.991245 -0.107202 12.222600 -0.027660 0.105355 0.994050 0.000000 0.000000 0.000000 0.000000 1.000000
0.996723 0.079726 0.013711 0.000000 -0.077705 0.990685 -0.111823 12.222600 -0.022499 0.110391 0.993634 0.000000 0.000000 0.000000 0.000000 1.000000
0.996744 0.079913 0.010710 0.000000 -0.078134 0.990133 -0.116328 12.222600 -0.019900 0.115112 0.993153 -0.000000 0.000000 0.000000 0.000000 1.000000
0.996753 0.080095 0.008227 0.000000 -0.078535 0.989668 -0.119958 12.222600 -0.017750 0.118923 0.992745 0.000000 0.000000 0.000000 0.000000 1.000000
0.996615 0.081929 0.006804 0.000000 -0.080467 0.989083 -0.123453 12.222600 -0.016844 0.122488 0.992327 -0.000000 0.000000 0.000000 0.000000 1.000000
0.996383 0.084665 0.007236 0.000000 -0.083073 0.988469 -0.126600 12.222600 -0.017871 0.125541 0.991927 0.000000 0.000000 0.000000 0.000000 1.000000
0.996232 0.086501 0.006221 -0.000000 -0.084968 0.987904 -0.129714 12.222600 -0.017366 0.128697 0.991532 0.000000 0.000000 0.000000 0.000000 1.000000
0.996084 0.088289 0.004660 0.000000 -0.086901 0.987405 -0.132209 12.222600 -0.016274 0.131287 0.991211 0.000000 0.000000 0.000000 0.000000 1.000000
0.995903 0.090292 0.004870 0.000000 -0.088819 0.986912 -0.134597 12.222600 -0.016959 0.133613 0.990888 -0.000000 0.000000 0.000000 0.000000 1.000000
0.995753 0.091860 0.006200 0.000000 -0.090143 0.986414 -0.137340 12.222600 -0.018732 0.136198 0.990505 -0.000000 0.000000 0.000000 0.000000 1.000000
0.995574 0.093713 0.007082 0.000000 -0.091802 0.985860 -0.140187 12.222600 -0.020119 0.138917 0.990100 -0.000000 0.000000 0.000000 0.000000 1.000000
0.995390 0.095545 0.008331 0.000000 -0.093399 0.985430 -0.142144 12.222600 -0.021791 0.140710 0.989811 0.000000 0.000000 0.000000 0.000000 1.000000
0.995287 0.096568 0.008869 0.000000 -0.094288 0.985037 -0.144261 12.222600 -0.022667 0.142745 0.989500 0.000000 0.000000 0.000000 0.000000 1.000000
0.995260 0.096826 0.009076 0.000000 -0.094462 0.984688 -0.146513 12.222600 -0.023123 0.144961 0.989167 0.000000 0.000000 0.000000 0.000000 1.000000
0.995248 0.096879 0.009769 -0.000000 -0.094403 0.984629 -0.146952 12.222600 -0.023856 0.145331 0.989095 -0.000000 0.000000 0.000000 0.000000 1.000000
0.995240 0.096899 0.010353 0.000000 -0.094333 0.984606 -0.147146 12.222600 -0.024452 0.145469 0.989061 -0.000000 0.000000 0.000000 0.000000 1.000000</float_array><technique_common><accessor source="#mixamorig8_Spine1-Matrix-animation-output-transform-array" count="67" stride="16"><param type="float4x4"/></accessor></technique_common></source><source id="mixamorig8_Spine1-Interpolations"><Name_array id="mixamorig8_Spine1-Interpolations-array" count="67">
 LINEAR LINEAR LINEAR LINEAR LINEAR LINEAR LINEAR LINEAR LINEAR LINEAR LINEAR
LINEAR LINEAR LINEAR LINEAR LINEAR LINEAR LINEAR LINEAR LINEAR LINEAR LINEAR LINEAR
LINEAR LINEAR LINEAR LINEAR LINEAR LINEAR LINEAR LINEAR LINEAR LINEAR LINEAR LINEAR
LINEAR LINEAR LINEAR LINEAR LINEAR LINEAR LINEAR LINEAR LINEAR LINEAR LINEAR LINEAR
LINEAR LINEAR LINEAR LINEAR LINEAR LINEAR LINEAR LINEAR LINEAR LINEAR LINEAR LINEAR
LINEAR LINEAR LINEAR LINEAR LINEAR LINEAR LINEAR LINEAR</Name_array><technique_common><accessor source="#mixamorig8_Spine1-Interpolations-array" count="67"><param type="name"/></accessor></technique_common></source><sampler id="mixamorig8_Spine1-Matrix-animation-transform"><input semantic="INPUT" source="#mixamorig8_Spine1-Matrix-animation-input"/><input semantic="OUTPUT" source="#mixamorig8_Spine1-Matrix-animation-output-transform"/><input semantic="INTERPOLATION" source="#mixamorig8_Spine1-Interpolations"/></sampler><channel source="#mixamorig8_Spine1-Matrix-animation-transform" target="mixamorig8_Spine1/matrix"/></animation>
    <animation id="mixamorig8_Spine2-anim" name="mixamorig8_Spine2"><source id="mixamorig8_Spine2-Matrix-animation-input"><float_array id="mixamorig8_Spine2-Matrix-animation-input-array" count="67">

0.000000 0.033333 0.066667 0.100000 0.133333 0.166667 0.200000 0.233333 0.266667 0.300000 0.333333 0.366667 0.400000 0.433333 0.466667 0.500000
0.533333 0.566667 0.600000 0.633333 0.666667 0.700000 0.733333 0.766667 0.800000 0.833333 0.866667 0.900000 0.933333 0.966667 1.000000 1.033333
1.066667 1.100000 1.133333 1.166667 1.200000 1.233333 1.266667 1.300000 1.333333 1.366667 1.400000 1.433333 1.466667 1.500000 1.533333 1.566667
1.600000 1.633333 1.666667 1.700000 1.733333 1.766667 1.800000 1.833333 1.866667 1.900000 1.933333 1.966667 2.000000 2.033333 2.066667 2.100000
2.133333 2.166667 2.200000</float_array><technique_common><accessor source="#mixamorig8_Spine2-Matrix-animation-input-array" count="67"><param name="TIME" type="float"/></accessor></technique_common></source><source id="mixamorig8_Spine2-Matrix-animation-output-transform"><float_array id="mixamorig8_Spine2-Matrix-animation-output-transform-array" count="1072">

0.995241 0.096891 0.010355 -0.000000 -0.094315 0.984550 -0.147534 13.968700 -0.024490 0.145855 0.989003 -0.000000 0.000000 0.000000 0.000000 1.000000
0.995378 0.095539 0.009730 0.000000 -0.093134 0.985068 -0.144797 13.968700 -0.023418 0.143222 0.989413 0.000000 0.000000 0.000000 0.000000 1.000000
0.995616 0.093247 0.007299 0.000000 -0.091239 0.985417 -0.143629 13.968700 -0.020585 0.142333 0.989605 0.000000 0.000000 0.000000 0.000000 1.000000
0.996181 0.087275 -0.002662 0.000000 -0.086802 0.986559 -0.138442 13.968700 -0.009456 0.138144 0.990367 -0.000000 0.000000 0.000000 0.000000 1.000000
0.996887 0.076907 -0.017341 0.000000 -0.078537 0.987967 -0.133244 13.968700 0.006885 0.134191 0.990932 0.000000 0.000000 0.000000 0.000000 1.000000
0.997401 0.061194 -0.038032 -0.000000 -0.065600 0.989588 -0.128110 13.968700 0.029797 0.130272 0.991030 -0.000000 0.000000 0.000000 0.000000 1.000000
