<?xml version="1.0" encoding="utf-8"?>
<COLLADA xmlns="http://www.collada.org/2005/11/COLLADASchema" version="1.4.1">
  <asset><contributor><author>Mixamo</author><authoring_tool>COLLADA Mixamo exporter</authoring_tool><comments></comments></contributor><created>2020-04-22T17:01:30Z</created><modified>2020-04-22T17:01:30Z</modified><revision></revision><title></title><unit meter="0.010000"/><up_axis>Y_UP</up_axis></asset>
  <library_animations>
    <animation id="mixamorig8_Hips-anim" name="mixamorig8_Hips"><source id="mixamorig8_Hips-Matrix-animation-input"><float_array id="mixamorig8_Hips-Matrix-animation-input-array" count="82">

0.000000 0.033333 0.066667 0.100000 0.133333 0.166667 0.200000 0.233333 0.266667 0.300000 0.333333 0.366667 0.400000 0.433333 0.466667 0.500000
0.533333 0.566667 0.600000 0.633333 0.666667 0.700000 0.733333 0.766667 0.800000 0.833333 0.866667 0.900000 0.933333 0.966667 1.000000 1.033333
1.066667 1.100000 1.133333 1.166667 1.200000 1.233333 1.266667 1.300000 1.333333 1.366667 1.400000 1.433333 1.466667 1.500000 1.533333 1.566667
1.600000 1.633333 1.666667 1.700000 1.733333 1.766667 1.800000 1.833333 1.866667 1.900000 1.933333 1.966667 2.000000 2.033333 2.066667 2.100000
2.133333 2.166667 2.200000 2.233333 2.266667 2.300000 2.333333 2.366667 2.400000 2.433333 2.466667 2.500000 2.533333 2.566667 2.600000 2.633333
2.666667 2.700000</float_array><technique_common><accessor source="#mixamorig8_Hips-Matrix-animation-input-array" count="82"><param name="TIME" type="float"/></accessor></technique_common></source><source id="mixamorig8_Hips-Matrix-animation-output-transform"><float_array id="mixamorig8_Hips-Matrix-animation-output-transform-array" count="1312">

0.078155 -0.008454 -0.127281 -0.036190 0.009388 0.149247 -0.004149 12.696809 0.127216 -0.005820 0.078501 0.114935 0.000000 0.000000 0.000000 1.000000
0.079212 -0.011016 -0.126429 -0.032779 0.007021 0.149187 -0.008600 12.665582 0.126714 -0.001380 0.079511 0.125037 0.000000 0.000000 0.000000 1.000000
0.081890 -0.013797 -0.124434 -0.024652 0.003961 0.148900 -0.013903 12.585181 0.125134 0.004316 0.081872 0.141805 0.000000 0.000000 0.000000 1.000000
0.086017 -0.016210 -0.121320 -0.026604 0.000408 0.148319 -0.019528 12.480182 0.122397 0.010898 0.085325 0.163922 0.000000 0.000000 0.000000 1.000000
0.091341 -0.017653 -0.117155 -0.052685 -0.003517 0.147461 -0.024961 12.375015 0.118425 0.017995 0.089620 0.190751 0.000000 0.000000 0.000000 1.000000
0.099291 -0.016397 -0.110691 -0.151334 -0.008379 0.146480 -0.029214 12.283376 0.111585 0.025589 0.096302 0.228423 0.000000 0.000000 0.000000 1.000000
0.109131 -0.012590 -0.101549 -0.327773 -0.012522 0.145704 -0.031522 12.189395 0.101557 0.031495 0.105235 0.292285 0.000000 0.000000 0.000000 1.000000
0.118626 -0.007344 -0.090852 -0.550618 -0.015755 0.145217 -0.032310 12.089267 0.089777 0.035188 0.114377 0.385288 0.000000 0.000000 0.000000 1.000000
0.126478 -0.000505 -0.079895 -0.809294 -0.019134 0.145052 -0.031207 11.995488 0.077571 0.036602 0.122569 0.504817 0.000000 0.000000 0.000000 1.000000
0.132810 0.005958 -0.068601 -1.085860 -0.021577 0.145134 -0.029168 11.923605 0.065392 0.035789 0.129704 0.656206 0.000000 0.000000 0.000000 1.000000
0.137686 0.010101 -0.057627 -1.351803 -0.022368 0.145247 -0.027986 11.877841 0.054060 0.034373 0.135189 0.818471 0.000000 0.000000 0.000000 1.000000
0.141022 0.012898 -0.048234 -1.593226 -0.022485 0.145443 -0.026847 11.859160 0.044579 0.032558 0.139043 0.961182 0.000000 0.000000 0.000000 1.000000
0.143474 0.014622 -0.039770 -1.797908 -0.021916 0.145778 -0.025466 11.869957 0.036265 0.030250 0.141951 1.068261 0.000000 0.000000 0.000000 1.000000
0.145633 0.015528 -0.030497 -1.963537 -0.020834 0.145991 -0.025156 11.910395 0.027150 0.028736 0.144282 1.140496 0.000000 0.000000 0.000000 1.000000
0.147189 0.016504 -0.021052 -2.092903 -0.019979 0.146113 -0.025141 11.967296 0.017787 0.027547 0.145962 1.189960 0.000000 0.000000 0.000000 1.000000
0.147982 0.017279 -0.013526 -2.185993 -0.019277 0.146423 -0.023851 12.038940 0.010484 0.025336 0.147066 1.218807 0.000000 0.000000 0.000000 1.000000
0.148369 0.017310 -0.008186 -2.241729 -0.018345 0.146831 -0.022007 12.118951 0.005488 0.022830 0.147746 1.222681 0.000000 0.000000 0.000000 1.000000
0.148631 0.016509 -0.004063 -2.259386 -0.016906 0.147289 -0.020008 12.210919 0.001792 0.020338 0.148200 1.200445 0.000000 0.000000 0.000000 1.000000
0.148834 0.015079 -0.001161 -2.248816 -0.015113 0.147863 -0.016976 12.328255 -0.000563 0.017006 0.148629 1.133262 0.000000 0.000000 0.000000 1.000000
0.149004 0.013340 0.000072 -2.218871 -0.013281 0.148417 -0.013274 12.465338 -0.001255 0.013215 0.149010 1.022169 0.000000 0.000000 0.000000 1.000000
0.149145 0.011659 0.000083 -2.165797 -0.011637 0.148916 -0.008288 12.611010 -0.000728 0.008256 0.149370 0.883407 0.000000 0.000000 0.000000 1.000000
0.149230 0.010499 -0.000553 -2.095664 -0.010501 0.149230 -0.000651 12.761625 0.000506 0.000688 0.149598 0.729890 0.000000 0.000000 0.000000 1.000000
0.149267 0.009672 -0.002423 -2.014385 -0.009503 0.149006 0.009338 12.915905 0.003017 -0.009163 0.149289 0.566823 0.000000 0.000000 0.000000 1.000000
0.149215 0.008960 -0.005886 -1.924083 -0.008084 0.147989 0.020347 13.063369 0.007041 -0.019976 0.148093 0.399661 0.000000 0.000000 0.000000 1.000000
0.149013 0.008738 -0.009948 -1.827179 -0.006519 0.146247 0.030811 13.181911 0.011524 -0.030257 0.146054 0.237500 0.000000 0.000000 0.000000 1.000000
0.148681 0.008649 -0.014120 -1.713029 -0.004647 0.144240 0.039413 13.262891 0.015893 -0.038732 0.143622 0.094321 0.000000 0.000000 0.000000 1.000000
0.148384 0.008362 -0.017100 -1.587162 -0.002811 0.142545 0.045312 13.303612 0.018826 -0.044623 0.141543 -0.006319 0.000000 0.000000 0.000000 1.000000
0.148274 0.007701 -0.018319 -1.472798 -0.001377 0.141559 0.048366 13.279145 0.019824 -0.047769 0.140376 -0.113303 0.000000 0.000000 0.000000 1.000000
0.148242 0.006212 -0.019127 -1.358895 0.000275 0.141644 0.048136 13.177976 0.020108 -0.047734 0.140347 -0.277699 0.000000 0.000000 0.000000 1.000000
0.148396 0.004440 -0.018412 -1.219253 0.001344 0.142596 0.045217 13.001193 0.018892 -0.045019 0.141409 -0.500718 0.000000 0.000000 0.000000 1.000000
0.148617 0.002239 -0.016974 -1.072001 0.002342 0.144263 0.039534 12.800635 0.016960 -0.039540 0.143280 -0.797241 0.000000 0.000000 0.000000 1.000000
0.148890 -0.000157 -0.014552 -0.913176 0.003137 0.146421 0.030516 12.581094 0.014211 -0.030676 0.145730 -1.050017 0.000000 0.000000 0.000000 1.000000
0.149151 -0.002119 -0.011382 -0.765666 0.003563 0.148335 0.019081 12.389485 0.011015 -0.019295 0.147941 -1.144973 0.000000 0.000000 0.000000 1.000000
0.149369 -0.003014 -0.007738 -0.738463 0.003190 0.149529 0.003323 12.210609 0.007667 -0.003483 0.149363 -1.112457 0.000000 0.000000 0.000000 1.000000
0.149527 -0.002551 -0.003916 -0.848430 0.002120 0.148732 -0.015950 12.016607 0.004165 0.015887 0.148696 -0.985392 0.000000 0.000000 0.000000 1.000000
0.149598 -0.000750 -0.000220 -1.018760 0.000677 0.145382 -0.035268 11.830305 0.000391 0.035266 0.145383 -0.753378 0.000000 0.000000 0.000000 1.000000
0.149558 0.001841 0.003015 -1.175122 -0.000698 0.140567 -0.051191 11.675656 -0.003463 0.051163 0.140537 -0.402783 0.000000 0.000000 0.000000 1.000000
0.149432 0.004162 0.005731 -1.245670 -0.001468 0.136620 -0.060933 11.579732 -0.006930 0.060809 0.136508 0.077136 0.000000 0.000000 0.000000 1.000000
0.149300 0.005785 0.007489 -1.251143 -0.001941 0.134594 -0.065276 11.542306 -0.009261 0.065048 0.134399 0.597353 0.000000 0.000000 0.000000 1.000000
0.149240 0.007048 0.007611 -1.259795 -0.002915 0.133839 -0.066774 11.539082 -0.009955 0.066465 0.133654 1.025878 0.000000 0.000000 0.000000 1.000000
0.149271 0.007341 0.006661 -1.267319 -0.003615 0.133918 -0.066582 11.545844 -0.009230 0.066275 0.133801 1.213231 0.000000 0.000000 0.000000 1.000000
0.149343 0.007301 0.004836 -1.269937 -0.004426 0.134211 -0.065938 11.543546 -0.007556 0.065682 0.134197 1.327301 0.000000 0.000000 0.000000 1.000000
0.149383 0.007373 0.003233 -1.262009 -0.005239 0.134647 -0.064984 11.533710 -0.006113 0.064776 0.134710 1.400744 0.000000 0.000000 0.000000 1.000000
0.149402 0.007502 0.001749 -1.240722 -0.006041 0.135181 -0.063795 11.516874 -0.004780 0.063640 0.135304 1.424963 0.000000 0.000000 0.000000 1.000000
0.149408 0.007574 0.000203 -1.209181 -0.006797 0.135760 -0.062474 11.493679 -0.003348 0.062385 0.135930 1.399205 0.000000 0.000000 0.000000 1.000000
0.149405 0.007470 -0.001584 -1.166723 -0.007465 0.136340 -0.061122 11.473935 -0.001608 0.061122 0.136535 1.338068 0.000000 0.000000 0.000000 1.000000
0.149383 0.007097 -0.003797 -1.108460 -0.008024 0.136875 -0.059842 11.461105 0.000635 0.059959 0.137057 1.252505 0.000000 0.000000 0.000000 1.000000
0.149322 0.006276 -0.006613 -1.031970 -0.008370 0.137382 -0.058620 11.437871 0.003613 0.058881 0.137478 1.143599 0.000000 0.000000 0.000000 1.000000
0.149098 0.003536 -0.011725 -0.919703 -0.007786 0.137925 -0.057413 11.401028 0.009453 0.057830 0.137646 1.059101 0.000000 0.000000 0.000000 1.000000
0.148302 -0.001066 -0.019635 -0.778629 -0.006328 0.138845 -0.055336 11.374404 0.018618 0.055687 0.137596 1.015853 0.000000 0.000000 0.000000 1.000000
0.146390 -0.005702 -0.030292 -0.625563 -0.005180 0.140376 -0.051457 11.372327 0.030385 0.051402 0.137167 1.029140 0.000000 0.000000 0.000000 1.000000
0.142744 -0.010558 -0.043505 -0.471559 -0.003897 0.141898 -0.047221 11.385261 0.044598 0.046191 0.135121 1.083115 0.000000 0.000000 0.000000 1.000000
0.136511 -0.015651 -0.059161 -0.332396 -0.002236 0.143253 -0.043056 11.398504 0.061156 0.040173 0.130485 1.149965 0.000000 0.000000 0.000000 1.000000
0.127874 -0.019318 -0.075201 -0.225647 -0.000959 0.144492 -0.038748 11.405287 0.077637 0.033603 0.123383 1.207392 0.000000 0.000000 0.000000 1.000000
0.118359 -0.021639 -0.088899 -0.155693 0.000289 0.145443 -0.035019 11.408519 0.091494 0.027534 0.115112 1.232425 0.000000 0.000000 0.000000 1.000000
0.109219 -0.023106 -0.099587 -0.115224 0.001773 0.146135 -0.031962 11.427679 0.102217 0.022155 0.106963 1.220713 0.000000 0.000000 0.000000 1.000000
0.100976 -0.022871 -0.107985 -0.087271 0.002946 0.146860 -0.028350 11.479458 0.110341 0.017010 0.099577 1.213762 0.000000 0.000000 0.000000 1.000000
0.093948 -0.020953 -0.114520 -0.069074 0.003708 0.147621 -0.023967 11.561676 0.116362 0.012213 0.093225 1.211347 0.000000 0.000000 0.000000 1.000000
0.088307 -0.018350 -0.119354 -0.058257 0.004489 0.148259 -0.019473 11.653583 0.120672 0.007913 0.088067 1.209501 0.000000 0.000000 0.000000 1.000000
0.084394 -0.016013 -0.122480 -0.055733 0.005616 0.148682 -0.015569 11.765877 0.123395 0.004186 0.084477 1.203957 0.000000 0.000000 0.000000 1.000000
0.082649 -0.013908 -0.123919 -0.062346 0.006841 0.148948 -0.012154 11.888501 0.124509 0.001048 0.082925 1.202454 0.000000 0.000000 0.000000 1.000000
0.082506 -0.011635 -0.124248 -0.075276 0.007879 0.149137 -0.008733 12.008155 0.124543 -0.001727 0.082863 1.205727 0.000000 0.000000 0.000000 1.000000
0.082939 -0.009485 -0.124142 -0.085312 0.008868 0.149236 -0.005478 12.114497 0.124188 -0.004322 0.083300 1.205194 0.000000 0.000000 0.000000 1.000000
0.083439 -0.008105 -0.123905 -0.091440 0.009900 0.149240 -0.003095 12.205896 0.123774 -0.006474 0.083774 1.187693 0.000000 0.000000 0.000000 1.000000
0.083731 -0.007469 -0.123748 -0.096959 0.010747 0.149203 -0.001733 12.275696 0.123506 -0.007920 0.084046 1.150065 0.000000 0.000000 0.000000 1.000000
0.083748 -0.006963 -0.123766 -0.104630 0.011538 0.149153 -0.000584 12.330649 0.123423 -0.009219 0.084035 1.085255 0.000000 0.000000 0.000000 1.000000
0.083589 -0.006388 -0.123904 -0.114807 0.012311 0.149091 0.000619 12.371449 0.123456 -0.010542 0.083831 0.983471 0.000000 0.000000 0.000000 1.000000
0.083180 -0.006108 -0.124193 -0.124246 0.012839 0.149043 0.001269 12.404003 0.123679 -0.011364 0.083394 0.864889 0.000000 0.000000 0.000000 1.000000
0.082407 -0.006161 -0.124705 -0.130105 0.013171 0.149013 0.001342 12.433529 0.124160 -0.011718 0.082626 0.755752 0.000000 0.000000 0.000000 1.000000
0.081361 -0.006257 -0.125385 -0.132313 0.013323 0.149001 0.001210 12.458841 0.124832 -0.011824 0.081592 0.655409 0.000000 0.000000 0.000000 1.000000
0.080252 -0.006196 -0.126101 -0.134368 0.013227 0.149010 0.001097 12.488088 0.125558 -0.011738 0.080484 0.562469 0.000000 0.000000 0.000000 1.000000
0.079058 -0.006150 -0.126855 -0.134382 0.012983 0.149033 0.000866 12.521191 0.126339 -0.011467 0.079292 0.479258 0.000000 0.000000 0.000000 1.000000
0.077774 -0.006442 -0.127632 -0.129511 0.012745 0.149056 0.000243 12.555384 0.127157 -0.011000 0.078039 0.404011 0.000000 0.000000 0.000000 1.000000
0.076774 -0.006792 -0.128218 -0.122874 0.012301 0.149092 -0.000533 12.588535 0.127807 -0.010270 0.077072 0.334855 0.000000 0.000000 0.000000 1.000000
0.076357 -0.007064 -0.128452 -0.115432 0.011584 0.149145 -0.001316 12.619820 0.128123 -0.009275 0.076672 0.274026 0.000000 0.000000 0.000000 1.000000
0.076375 -0.007407 -0.128422 -0.106127 0.010907 0.149187 -0.002118 12.647117 0.128172 -0.008282 0.076704 0.223381 0.000000 0.000000 0.000000 1.000000
0.076554 -0.007724 -0.128296 -0.094763 0.010439 0.149210 -0.002755 12.667484 0.128104 -0.007542 0.076893 0.187423 0.000000 0.000000 0.000000 1.000000
0.076910 -0.007963 -0.128069 -0.080221 0.010092 0.149225 -0.003219 12.679764 0.127919 -0.006985 0.077254 0.162349 0.000000 0.000000 0.000000 1.000000
0.077331 -0.008165 -0.127802 -0.064630 0.009801 0.149235 -0.003604 12.688524 0.127687 -0.006510 0.077677 0.142169 0.000000 0.000000 0.000000 1.000000
0.077710 -0.008311 -0.127563 -0.051302 0.009594 0.149242 -0.003878 12.693616 0.127473 -0.006166 0.078057 0.128227 0.000000 0.000000 0.000000 1.000000
0.078018 -0.008412 -0.127368 -0.040798 0.009449 0.149246 -0.004069 12.696070 0.127295 -0.005922 0.078365 0.118790 0.000000 0.000000 0.000000 1.000000
0.078155 -0.008454 -0.127281 -0.036190 0.009388 0.149247 -0.004149 12.696858 0.127216 -0.005820 0.078501 0.114932 0.000000 0.000000 0.000000 1.000000</float_array><technique_common><accessor source="#mixamorig8_Hips-Matrix-animation-output-transform-array" count="82" stride="16"><param type="float4x4"/></accessor></technique_common></source><source id="mixamorig8_Hips-Interpolations"><Name_array id="mixamorig8_Hips-Interpolations-array" count="82">
 LINEAR LINEAR LINEAR LINEAR LINEAR LINEAR LINEAR LINEAR LINEAR LINEAR LINEAR
LINEAR LINEAR LINEAR LINEAR LINEAR LINEAR LINEAR LINEAR LINEAR LINEAR LINEAR LINEAR
LINEAR LINEAR LINEAR LINEAR LINEAR LINEAR LINEAR LINEAR LINEAR LINEAR LINEAR LINEAR
LINEAR LINEAR LINEAR LINEAR LINEAR LINEAR LINEAR LINEAR LINEAR LINEAR LINEAR LINEAR
LINEAR LINEAR LINEAR LINEAR LINEAR LINEAR LINEAR LINEAR LINEAR LINEAR LINEAR LINEAR
LINEAR LINEAR LINEAR LINEAR LINEAR LINEAR LINEAR LINEAR LINEAR LINEAR LINEAR LINEAR
LINEAR LINEAR LINEAR LINEAR LINEAR LINEAR LINEAR LINEAR LINEAR LINEAR LINEAR</Name_array><technique_common><accessor source="#mixamorig8_Hips-Interpolations-array" count="82"><param type="name"/></accessor></technique_common></source><sampler id="mixamorig8_Hips-Matrix-animation-transform"><input semantic="INPUT" source="#mixamorig8_Hips-Matrix-animation-input"/><input semantic="OUTPUT" source="#mixamorig8_Hips-Matrix-animation-output-transform"/><input semantic="INTERPOLATION" source="#mixamorig8_Hips-Interpolations"/></sampler><channel source="#mixamorig8_Hips-Matrix-animation-transform" target="mixamorig8_Hips/matrix"/></animation>
    <animation id="mixamorig8_Spine-anim" name="mixamorig8_Spine"><source id="mixamorig8_Spine-Matrix-animation-input"><float_array id="mixamorig8_Spine-Matrix-animation-input-array" count="82">

0.000000 0.033333 0.066667 0.100000 0.133333 0.166667 0.200000 0.233333 0.266667 0.300000 0.333333 0.366667 0.400000 0.433333 0.466667 0.500000
0.533333 0.566667 0.600000 0.633333 0.666667 0.700000 0.733333 0.766667 0.800000 0.833333 0.866667 0.900000 0.933333 0.966667 1.000000 1.033333
1.066667 1.100000 1.133333 1.166667 1.200000 1.233333 1.266667 1.300000 1.333333 1.366667 1.400000 1.433333 1.466667 1.500000 1.533333 1.566667
1.600000 1.633333 1.666667 1.700000 1.733333 1.766667 1.800000 1.833333 1.866667 1.900000 1.933333 1.966667 2.000000 2.033333 2.066667 2.100000
2.133333 2.166667 2.200000 2.233333 2.266667 2.300000 2.333333 2.366667 2.400000 2.433333 2.466667 2.500000 2.533333 2.566667 2.600000 2.633333
2.666667 2.700000</float_array><technique_common><accessor source="#mixamorig8_Spine-Matrix-animation-input-array" count="82"><param name="TIME" type="float"/></accessor></technique_common></source><source id="mixamorig8_Spine-Matrix-animation-output-transform"><float_array id="mixamorig8_Spine-Matrix-animation-output-transform-array" count="1312">

0.999115 0.041252 0.008268 0.000000 -0.040297 0.994777 -0.093778 10.422600 -0.012094 0.093362 0.995559 -1.061300 0.000000 0.000000 0.000000 1.000000
0.999171 0.039971 0.007693 0.000000 -0.039086 0.994909 -0.092885 10.422600 -0.011366 0.092507 0.995647 -1.061300 0.000000 0.000000 0.000000 1.000000
0.999305 0.036781 0.006024 0.000000 -0.036084 0.995220 -0.090750 10.422600 -0.009333 0.090469 0.995856 -1.061300 0.000000 0.000000 0.000000 1.000000
0.999456 0.032749 0.003903 0.000000 -0.032282 0.995634 -0.087584 10.422600 -0.006754 0.087410 0.996149 -1.061300 0.000000 0.000000 0.000000 1.000000
0.999589 0.028585 0.002006 -0.000000 -0.028317 0.996089 -0.083699 10.422600 -0.004391 0.083608 0.996489 -1.061300 0.000000 0.000000 0.000000 1.000000
0.999690 0.024858 0.001097 0.000000 -0.024694 0.996569 -0.079002 10.422600 -0.003057 0.078951 0.996874 -1.061300 0.000000 0.000000 0.000000 1.000000
0.999671 0.025630 0.000327 -0.000000 -0.025535 0.996897 -0.074458 10.422600 -0.002235 0.074425 0.997224 -1.061300 0.000000 0.000000 0.000000 1.000000
0.999528 0.030725 -0.000170 0.000000 -0.030661 0.997068 -0.070112 10.422600 -0.001985 0.070085 0.997539 -1.061300 0.000000 0.000000 0.000000 1.000000
0.999344 0.036216 0.000704 0.000000 -0.036088 0.997101 -0.066993 10.422600 -0.003128 0.066923 0.997753 -1.061300 0.000000 0.000000 0.000000 1.000000
0.999081 0.042800 0.002490 0.000000 -0.042551 0.997012 -0.064476 10.422600 -0.005242 0.064311 0.997916 -1.061300 0.000000 0.000000 0.000000 1.000000
0.998689 0.050872 0.005627 0.000000 -0.050439 0.996889 -0.060565 10.422600 -0.008690 0.060201 0.998148 -1.061300 0.000000 0.000000 0.000000 1.000000
0.998266 0.057867 0.010820 0.000000 -0.057159 0.996729 -0.057125 10.422600 -0.014091 0.056408 0.998308 -1.061300 0.000000 0.000000 0.000000 1.000000
0.997864 0.062727 0.018226 0.000000 -0.061634 0.996564 -0.055336 10.422600 -0.021634 0.054094 0.998301 -1.061300 0.000000 0.000000 0.000000 1.000000
0.997599 0.065099 0.023610 0.000000 -0.063782 0.996567 -0.052778 10.422600 -0.026965 0.051146 0.998327 -1.061300 0.000000 0.000000 0.000000 1.000000
0.997530 0.064800 0.027092 -0.000000 -0.063400 0.996751 -0.049687 10.422600 -0.030224 0.047847 0.998397 -1.061300 0.000000 0.000000 0.000000 1.000000
0.997522 0.062429 0.032455 -0.000000 -0.060839 0.996999 -0.047870 10.422600 -0.035346 0.045776 0.998326 -1.061300 0.000000 0.000000 0.000000 1.000000
0.997485 0.059788 0.038062 0.000000 -0.058037 0.997275 -0.045546 10.422600 -0.040681 0.043223 0.998237 -1.061300 0.000000 0.000000 0.000000 1.000000
0.997459 0.057713 0.041768 0.000000 -0.055971 0.997560 -0.041736 10.422600 -0.044075 0.039292 0.998255 -1.061300 0.000000 0.000000 0.000000 1.000000
0.997572 0.054931 0.042807 -0.000000 -0.053387 0.997910 -0.036401 10.422600 -0.044717 0.034027 0.998420 -1.061300 0.000000 0.000000 0.000000 1.000000
0.997790 0.050432 0.043265 0.000000 -0.049131 0.998323 -0.030621 10.422600 -0.044737 0.028427 0.998594 -1.061300 0.000000 0.000000 0.000000 1.000000
0.997855 0.042730 0.049584 -0.000000 -0.041300 0.998710 -0.029532 10.422600 -0.050782 0.027421 0.998333 -1.061300 0.000000 0.000000 0.000000 1.000000
0.998042 0.034335 0.052273 0.000000 -0.032909 0.999069 -0.027893 10.422600 -0.053182 0.026118 0.998243 -1.061300 0.000000 0.000000 0.000000 1.000000
0.998446 0.026656 0.048946 0.000000 -0.025448 0.999360 -0.025129 10.422600 -0.049585 0.023845 0.998485 -1.061300 0.000000 0.000000 0.000000 1.000000
0.998768 0.017759 0.046334 0.000000 -0.016595 0.999540 -0.025403 10.422600 -0.046764 0.024603 0.998603 -1.061300 0.000000 0.000000 0.000000 1.000000
0.999030 0.009605 0.042983 0.000000 -0.008457 0.999604 -0.026826 10.422600 -0.043223 0.026437 0.998716 -1.061300 0.000000 0.000000 0.000000 1.000000
0.999192 0.003349 0.040057 0.000000 -0.002244 0.999617 -0.027586 10.422600 -0.040134 0.027474 0.998817 -1.061300 0.000000 0.000000 0.000000 1.000000
0.999335 -0.001632 0.036436 0.000000 0.002645 0.999611 -0.027761 10.422600 -0.036376 0.027839 0.998950 -1.061300 0.000000 0.000000 0.000000 1.000000
0.999497 -0.005892 0.031165 -0.000000 0.006774 0.999577 -0.028268 10.422600 -0.030985 0.028465 0.999114 -1.061300 0.000000 0.000000 0.000000 1.000000
0.999656 -0.007198 0.025226 0.000000 0.007948 0.999526 -0.029739 10.422600 -0.025000 0.029930 0.999239 -1.061300 0.000000 0.000000 0.000000 1.000000
0.999823 -0.001600 0.018741 0.000000 0.002225 0.999439 -0.033417 10.422600 -0.018677 0.033453 0.999266 -1.061300 0.000000 0.000000 0.000000 1.000000
0.999866 0.001695 0.016302 0.000000 -0.001091 0.999315 -0.036986 10.422600 -0.016353 0.036963 0.999183 -1.061300 0.000000 0.000000 0.000000 1.000000
0.999882 0.003135 0.015019 0.000000 -0.002517 0.999157 -0.040963 10.422600 -0.015135 0.040921 0.999048 -1.061300 0.000000 0.000000 0.000000 1.000000
0.999894 0.002125 0.014381 -0.000000 -0.001480 0.998998 -0.044725 10.422600 -0.014461 0.044699 0.998896 -1.061300 0.000000 0.000000 0.000000 1.000000
0.999892 -0.002341 0.014477 0.000000 0.003120 0.998533 -0.054053 10.422600 -0.014329 0.054093 0.998433 -1.061300 0.000000 0.000000 0.000000 1.000000
0.999844 -0.008738 0.015323 0.000000 0.009787 0.997515 -0.069774 10.422600 -0.014675 0.069913 0.997445 -1.061300 0.000000 0.000000 0.000000 1.000000
0.999744 -0.015822 0.016175 -0.000000 0.017148 0.996201 -0.085375 10.422600 -0.014762 0.085631 0.996218 -1.061300 0.000000 0.000000 0.000000 1.000000
0.999602 -0.022688 0.016769 0.000000 0.024175 0.995223 -0.094591 10.422600 -0.014543 0.094959 0.995375 -1.061300 0.000000 0.000000 0.000000 1.000000
0.999455 -0.028380 0.016868 0.000000 0.029910 0.994668 -0.098695 10.422600 -0.013977 0.099146 0.994975 -1.061300 0.000000 0.000000 0.000000 1.000000
0.999325 -0.032868 0.016413 0.000000 0.034382 0.994132 -0.102564 10.422600 -0.012945 0.103059 0.994591 -1.061300 0.000000 0.000000 0.000000 1.000000
0.999207 -0.036523 0.015827 0.000000 0.037999 0.993639 -0.106010 10.422600 -0.011854 0.106527 0.994239 -1.061300 0.000000 0.000000 0.000000 1.000000
0.999168 -0.037762 0.015407 0.000000 0.039200 0.993454 -0.107293 10.422600 -0.011255 0.107808 0.994108 -1.061300 0.000000 0.000000 0.000000 1.000000
0.999148 -0.037866 0.016394 0.000000 0.039418 0.993373 -0.107964 10.422600 -0.012198 0.108518 0.994020 -1.061300 0.000000 0.000000 0.000000 1.000000
0.999136 -0.037270 0.018373 -0.000000 0.039050 0.993318 -0.108600 10.422600 -0.014203 0.109224 0.993916 -1.061300 0.000000 0.000000 0.000000 1.000000
0.999151 -0.036041 0.019956 0.000000 0.038002 0.993356 -0.108630 10.422600 -0.015908 0.109296 0.993882 -1.061300 0.000000 0.000000 0.000000 1.000000
0.999215 -0.033725 0.020772 0.000000 0.035784 0.993461 -0.108424 10.422600 -0.016979 0.109082 0.993888 -1.061300 0.000000 0.000000 0.000000 1.000000
0.999305 -0.030479 0.021481 0.000000 0.032636 0.993557 -0.108532 10.422600 -0.018034 0.109158 0.993861 -1.061300 0.000000 0.000000 0.000000 1.000000
0.999357 -0.027377 0.023163 0.000000 0.029740 0.993630 -0.108693 10.422600 -0.020040 0.109312 0.993805 -1.061300 0.000000 0.000000 0.000000 1.000000
0.999375 -0.023449 0.026452 0.000000 0.026171 0.993834 -0.107746 10.422600 -0.023763 0.108371 0.993826 -1.061300 0.000000 0.000000 0.000000 1.000000
0.999379 -0.016594 0.031077 0.000000 0.019782 0.994248 -0.105256 10.422600 -0.029151 0.105806 0.993959 -1.061300 0.000000 0.000000 0.000000 1.000000
0.999314 -0.009477 0.035802 0.000000 0.013129 0.994575 -0.103189 10.422600 -0.034630 0.103588 0.994017 -1.061300 0.000000 0.000000 0.000000 1.000000
0.999215 -0.002937 0.039496 -0.000000 0.006965 0.994733 -0.102261 10.422600 -0.038988 0.102456 0.993973 -1.061300 0.000000 0.000000 0.000000 1.000000
0.999100 0.004484 0.042177 0.000000 -0.000275 0.995060 -0.099274 10.422600 -0.042413 0.099173 0.994166 -1.061300 0.000000 0.000000 0.000000 1.000000
0.998885 0.012935 0.045400 0.000000 -0.008565 0.995423 -0.095180 10.422600 -0.046424 0.094685 0.994424 -1.061300 0.000000 0.000000 0.000000 1.000000
0.998604 0.019748 0.048999 -0.000000 -0.015168 0.995630 -0.092144 10.422600 -0.050605 0.091272 0.994539 -1.061300 0.000000 0.000000 0.000000 1.000000
0.998418 0.025786 0.049970 0.000000 -0.021249 0.995779 -0.089293 10.422600 -0.052062 0.088090 0.994751 -1.061300 0.000000 0.000000 0.000000 1.000000
0.998417 0.030531 0.047244 0.000000 -0.026367 0.995913 -0.086383 10.422600 -0.049688 0.085001 0.995141 -1.061300 0.000000 0.000000 0.000000 1.000000
0.998562 0.033036 0.042230 0.000000 -0.029348 0.995937 -0.085140 10.422600 -0.044871 0.083779 0.995474 -1.061300 0.000000 0.000000 0.000000 1.000000
0.998758 0.033277 0.037073 0.000000 -0.030015 0.995903 -0.085296 10.422600 -0.039760 0.084077 0.995666 -1.061300 0.000000 0.000000 0.000000 1.000000
0.998952 0.032499 0.032218 0.000000 -0.029658 0.995935 -0.085050 10.422600 -0.034851 0.084005 0.995856 -1.061300 0.000000 0.000000 0.000000 1.000000
0.999099 0.033031 0.026632 0.000000 -0.030682 0.995972 -0.084252 10.422600 -0.029307 0.083359 0.996089 -1.061300 0.000000 0.000000 0.000000 1.000000
0.999217 0.033346 0.021311 0.000000 -0.031473 0.996060 -0.082907 10.422600 -0.023992 0.082171 0.996329 -1.061300 0.000000 0.000000 0.000000 1.000000
0.999315 0.032545 0.017605 0.000000 -0.031003 0.996170 -0.081758 10.422600 -0.020198 0.081156 0.996497 -1.061300 0.000000 0.000000 0.000000 1.000000
0.999376 0.031980 0.015019 0.000000 -0.030657 0.996217 -0.081314 10.422600 -0.017562 0.080803 0.996575 -1.061300 0.000000 0.000000 0.000000 1.000000
0.999394 0.032261 0.013043 0.000000 -0.031108 0.996262 -0.080588 10.422600 -0.015594 0.080133 0.996662 -1.061300 0.000000 0.000000 0.000000 1.000000
0.999406 0.032372 0.011843 -0.000000 -0.031332 0.996351 -0.079393 10.422600 -0.014370 0.078975 0.996773 -1.061300 0.000000 0.000000 0.000000 1.000000
0.999414 0.032686 0.010165 -0.000000 -0.031783 0.996373 -0.078937 10.422600 -0.012708 0.078568 0.996828 -1.061300 0.000000 0.000000 0.000000 1.000000
0.999392 0.034101 0.007310 -0.000000 -0.033411 0.996257 -0.079721 10.422600 -0.010001 0.079428 0.996790 -1.061300 0.000000 0.000000 0.000000 1.000000
0.999344 0.035892 0.004828 -0.000000 -0.035387 0.996119 -0.080595 10.422600 -0.007702 0.080371 0.996735 -1.061300 0.000000 0.000000 0.000000 1.000000
0.999288 0.037540 0.003666 -0.000000 -0.037119 0.996002 -0.081251 10.422600 -0.006701 0.081057 0.996687 -1.061300 0.000000 0.000000 0.000000 1.000000
0.999236 0.038937 0.003411 0.000000 -0.038525 0.995866 -0.082259 10.422600 -0.006599 0.082065 0.996605 -1.061300 0.000000 0.000000 0.000000 1.000000
0.999185 0.040191 0.003700 0.000000 -0.039741 0.995707 -0.083591 10.422600 -0.007044 0.083376 0.996493 -1.061300 0.000000 0.000000 0.000000 1.000000
0.999139 0.041225 0.004669 0.000000 -0.040682 0.995569 -0.084778 10.422600 -0.008144 0.084515 0.996389 -1.061300 0.000000 0.000000 0.000000 1.000000
0.999100 0.042004 0.005938 -0.000000 -0.041343 0.995476 -0.085551 10.422600 -0.009505 0.085229 0.996316 -1.061300 0.000000 0.000000 0.000000 1.000000
0.999089 0.042135 0.006751 -0.000000 -0.041397 0.995410 -0.086285 10.422600 -0.010355 0.085926 0.996248 -1.061300 0.000000 0.000000 0.000000 1.000000
0.999100 0.041820 0.007122 0.000000 -0.041041 0.995344 -0.087215 10.422600 -0.010736 0.086844 0.996164 -1.061300 0.000000 0.000000 0.000000 1.000000
0.999107 0.041613 0.007372 0.000000 -0.040803 0.995274 -0.088116 10.422600 -0.011004 0.087737 0.996083 -1.061300 0.000000 0.000000 0.000000 1.000000
0.999108 0.041531 0.007673 -0.000000 -0.040684 0.995195 -0.089063 10.422600 -0.011335 0.088671 0.995996 -1.061300 0.000000 0.000000 0.000000 1.000000
0.999111 0.041452 0.007718 0.000000 -0.040588 0.995092 -0.090242 10.422600 -0.011421 0.089849 0.995890 -1.061300 0.000000 0.000000 0.000000 1.000000
0.999110 0.041451 0.007759 0.000000 -0.040569 0.994979 -0.091498 10.422600 -0.011512 0.091102 0.995775 -1.061300 0.000000 0.000000 0.000000 1.000000
0.999109 0.041456 0.007865 0.000000 -0.040552 0.994880 -0.092566 10.422600 -0.011662 0.092165 0.995675 -1.061300 0.000000 0.000000 0.000000 1.000000
0.999112 0.041331 0.008124 0.000000 -0.040393 0.994808 -0.093409 10.422600 -0.011943 0.092998 0.995595 -1.061300 0.000000 0.000000 0.000000 1.000000
0.999115 0.041252 0.008268 -0.000000 -0.040297 0.994777 -0.093779 10.422600 -0.012094 0.093363 0.995559 -1.061300 0.000000 0.000000 0.000000 1.000000</float_array><technique_common><accessor source="#mixamorig8_Spine-Matrix-animation-output-transform-array" count="82" stride="16"><param type="float4x4"/></accessor></technique_common></source><source id="mixamorig8_Spine-Interpolations"><Name_array id="mixamorig8_Spine-Interpolations-array" count="82">
 LINEAR LINEAR LINEAR LINEAR LINEAR LINEAR LINEAR LINEAR LINEAR LINEAR LINEAR
LINEAR LINEAR LINEAR LINEAR LINEAR LINEAR LINEAR LINEAR LINEAR LINEAR LINEAR LINEAR
LINEAR LINEAR LINEAR LINEAR LINEAR LINEAR LINEAR LINEAR LINEAR LINEAR LINEAR LINEAR
LINEAR LINEAR LINEAR LINEAR LINEAR LINEAR LINEAR LINEAR LINEAR LINEAR LINEAR LINEAR
LINEAR LINEAR LINEAR LINEAR LINEAR LINEAR LINEAR LINEAR LINEAR LINEAR LINEAR LINEAR
LINEAR LINEAR LINEAR LINEAR LINEAR LINEAR LINEAR LINEAR LINEAR LINEAR LINEAR LINEAR
LINEAR LINEAR LINEAR LINEAR LINEAR LINEAR LINEAR LINEAR LINEAR LINEAR LINEAR</Name_array><technique_common><accessor source="#mixamorig8_Spine-Interpolations-array" count="82"><param type="name"/></accessor></technique_common></source><sampler id="mixamorig8_Spine-Matrix-animation-transform"><input semantic="INPUT" source="#mixamorig8_Spine-Matrix-animation-input"/><input semantic="OUTPUT" source="#mixamorig8_Spine-Matrix-animation-output-transform"/><input semantic="INTERPOLATION" source="#mixamorig8_Spine-Interpolations"/></sampler><channel source="#mixamorig8_Spine-Matrix-animation-transform" target="mixamorig8_Spine/matrix"/></animation>
    <animation id="mixamorig8_Spine1-anim" name="mixamorig8_Spine1"><source id="mixamorig8_Spine1-Matrix-animation-input"><float_array id="mixamorig8_Spine1-Matrix-animation-input-array" count="82">

0.000000 0.033333 0.066667 0.100000 0.133333 0.166667 0.200000 0.233333 0.266667 0.300000 0.333333 0.366667 0.400000 0.433333 0.466667 0.500000
0.533333 0.566667 0.600000 0.633333 0.666667 0.700000 0.733333 0.766667 0.800000 0.833333 0.866667 0.900000 0.933333 0.966667 1.000000 1.033333
1.066667 1.100000 1.133333 1.166667 1.200000 1.233333 1.266667 1.300000 1.333333 1.366667 1.400000 1.433333 1.466667 1.500000 1.533333 1.566667
1.600000 1.633333 1.666667 1.700000 1.733333 1.766667 1.800000 1.833333 1.866667 1.900000 1.933333 1.966667 2.000000 2.033333 2.066667 2.100000
2.133333 2.166667 2.200000 2.233333 2.266667 2.300000 2.333333 2.366667 2.400000 2.433333 2.466667 2.500000 2.533333 2.566667 2.600000 2.633333
2.666667 2.700000</float_array><technique_common><accessor source="#mixamorig8_Spine1-Matrix-animation-input-array" count="82"><param name="TIME" type="float"/></accessor></technique_common></source><source id="mixamorig8_Spine1-Matrix-animation-output-transform"><float_array id="mixamorig8_Spine1-Matrix-animation-output-transform-array" count="1312">

0.995240 0.096899 0.010353 -0.000000 -0.094333 0.984606 -0.147146 12.222600 -0.024452 0.145469 0.989061 0.000000 0.000000 0.000000 0.000000 1.000000
0.995495 0.094396 0.008864 -0.000000 -0.092115 0.985087 -0.145319 12.222600 -0.022449 0.143848 0.989345 0.000000 0.000000 0.000000 0.000000 1.000000
0.996081 0.088291 0.005191 0.000000 -0.086681 0.986213 -0.140961 12.222600 -0.017565 0.139958 0.990002 0.000000 0.000000 0.000000 0.000000 1.000000
0.996771 0.080292 0.000659 -0.000000 -0.079474 0.987718 -0.134529 12.222600 -0.011452 0.134042 0.990909 0.000000 0.000000 0.000000 0.000000 1.000000
0.997391 0.072101 -0.003429 0.000000 -0.071954 0.989329 -0.126689 12.222600 -0.005741 0.126606 0.991937 -0.000000 0.000000 0.000000 0.000000 1.000000
0.997808 0.065926 -0.005687 0.000000 -0.066138 0.990894 -0.117284 12.222600 -0.002096 0.117403 0.993082 0.000000 0.000000 0.000000 0.000000 1.000000
0.997555 0.069441 -0.007834 0.000000 -0.069881 0.991674 -0.108168 12.222600 0.000258 0.108451 0.994102 0.000000 0.000000 0.000000 0.000000 1.000000
0.996638 0.081411 -0.009264 0.000000 -0.081929 0.991666 -0.099434 12.222600 0.001092 0.099858 0.995001 0.000000 0.000000 0.000000 0.000000 1.000000
0.995591 0.093497 -0.007512 -0.000000 -0.093790 0.991216 -0.093242 12.222600 -0.001272 0.093536 0.995615 -0.000000 0.000000 0.000000 0.000000 1.000000
0.994297 0.106580 -0.003658 0.000000 -0.106486 0.990382 -0.088340 12.222600 -0.005792 0.088225 0.996084 -0.000000 0.000000 0.000000 0.000000 1.000000
0.992517 0.122073 0.002824 0.000000 -0.121448 0.989305 -0.080780 12.222600 -0.012655 0.079832 0.996728 -0.000000 0.000000 0.000000 0.000000 1.000000
0.990692 0.135465 0.013380 0.000000 -0.134115 0.988171 -0.074376 12.222600 -0.023297 0.071890 0.997140 0.000000 0.000000 0.000000 0.000000 1.000000
0.989091 0.144573 0.028259 0.000000 -0.142260 0.987243 -0.071504 12.222600 -0.038236 0.066703 0.997040 -0.000000 0.000000 0.000000 0.000000 1.000000
0.988153 0.148420 0.039054 0.000000 -0.145614 0.987077 -0.066901 12.222600 -0.048479 0.060421 0.996995 -0.000000 0.000000 0.000000 0.000000 1.000000
0.988007 0.147369 0.046090 0.000000 -0.144466 0.987627 -0.061017 12.222600 -0.054512 0.053627 0.997072 -0.000000 0.000000 0.000000 0.000000 1.000000
0.988090 0.142844 0.057221 -0.000000 -0.139558 0.988524 -0.057823 12.222600 -0.064824 0.049149 0.996686 0.000000 0.000000 0.000000 0.000000 1.000000
0.987927 0.138599 0.069216 -0.000000 -0.135043 0.989385 -0.053675 12.222600 -0.075921 0.043680 0.996157 0.000000 0.000000 0.000000 0.000000 1.000000
0.987712 0.135609 0.077686 0.000000 -0.132290 0.990124 -0.046407 12.222600 -0.083212 0.035560 0.995897 -0.000000 0.000000 0.000000 0.000000 1.000000
0.988065 0.130929 0.081145 0.000000 -0.128383 0.991076 -0.035851 12.222600 -0.085115 0.025006 0.996057 0.000000 0.000000 0.000000 0.000000 1.000000
0.988973 0.122294 0.083523 0.000000 -0.120671 0.992397 -0.024229 12.222600 -0.085851 0.013883 0.996211 0.000000 0.000000 0.000000 0.000000 1.000000
0.989511 0.106850 0.097217 0.000000 -0.105172 0.994205 -0.022235 12.222600 -0.099030 0.011777 0.995015 0.000000 0.000000 0.000000 0.000000 1.000000
0.990553 0.089539 0.103859 -0.000000 -0.088063 0.995939 -0.018724 12.222600 -0.105114 0.009401 0.994416 -0.000000 0.000000 0.000000 0.000000 1.000000
0.992428 0.072960 0.098810 -0.000000 -0.072068 0.997321 -0.012568 12.222600 -0.099462 0.005351 0.995027 -0.000000 0.000000 0.000000 0.000000 1.000000
0.994013 0.053894 0.095045 -0.000000 -0.052946 0.998519 -0.012474 12.222600 -0.095577 0.007367 0.995395 0.000000 0.000000 0.000000 0.000000 1.000000
0.995332 0.036295 0.089424 0.000000 -0.035116 0.999275 -0.014722 12.222600 -0.089894 0.011513 0.995885 -0.000000 0.000000 0.000000 0.000000 1.000000
0.996196 0.022369 0.084216 0.000000 -0.021112 0.999652 -0.015791 12.222600 -0.084540 0.013953 0.996322 0.000000 0.000000 0.000000 0.000000 1.000000
0.996950 0.011257 0.077228 -0.000000 -0.010066 0.999825 -0.015794 12.222600 -0.077393 0.014968 0.996888 0.000000 0.000000 0.000000 0.000000 1.000000
0.997763 0.002375 0.066812 0.000000 -0.001273 0.999862 -0.016534 12.222600 -0.066842 0.016412 0.997629 0.000000 0.000000 0.000000 0.000000 1.000000
0.998506 -0.000188 0.054646 0.000000 0.001247 0.999812 -0.019355 12.222600 -0.054632 0.019395 0.998318 0.000000 0.000000 0.000000 0.000000 1.000000
0.999114 0.010945 0.040645 0.000000 -0.009864 0.999594 -0.026717 12.222600 -0.040921 0.026292 0.998816 0.000000 0.000000 0.000000 0.000000 1.000000
0.999251 0.017495 0.034524 0.000000 -0.016326 0.999293 -0.033858 12.222600 -0.035092 0.033269 0.998830 0.000000 0.000000 0.000000 0.000000 1.000000
0.999315 0.020778 0.030611 0.000000 -0.019489 0.998936 -0.041803 12.222600 -0.031447 0.041178 0.998657 -0.000000 0.000000 0.000000 0.000000 1.000000
0.999416 0.019652 0.027940 -0.000000 -0.018258 0.998617 -0.049302 12.222600 -0.028870 0.048763 0.998393 0.000000 0.000000 0.000000 0.000000 1.000000
0.999582 0.012218 0.026198 -0.000000 -0.010414 0.997637 -0.067909 12.222600 -0.026966 0.067608 0.997347 0.000000 0.000000 0.000000 0.000000 1.000000
0.999681 -0.000613 0.025243 0.000000 0.003116 0.995061 -0.099213 12.222600 -0.025057 0.099260 0.994746 -0.000000 0.000000 0.000000 0.000000 1.000000
0.999585 -0.014963 0.024628 0.000000 0.018048 0.991322 -0.130214 12.222600 -0.022466 0.130605 0.991180 0.000000 0.000000 0.000000 0.000000 1.000000
0.999329 -0.027905 0.023723 0.000000 0.031125 0.988426 -0.148475 12.222600 -0.019306 0.149114 0.988632 -0.000000 0.000000 0.000000 0.000000 1.000000
0.999019 -0.038091 0.022578 -0.000000 0.041164 0.986807 -0.156579 12.222600 -0.016316 0.157355 0.987407 -0.000000 0.000000 0.000000 0.000000 1.000000
0.998711 -0.046006 0.021444 0.000000 0.048910 0.985209 -0.164231 12.222600 -0.013571 0.165068 0.986189 0.000000 0.000000 0.000000 0.000000 1.000000
0.998421 -0.052337 0.020405 0.000000 0.055062 0.983724 -0.171040 12.222600 -0.011121 0.171894 0.985053 0.000000 0.000000 0.000000 0.000000 1.000000
0.998325 -0.054383 0.019754 0.000000 0.056992 0.983169 -0.173582 12.222600 -0.009982 0.174417 0.984621 0.000000 0.000000 0.000000 0.000000 1.000000
0.998305 -0.054019 0.021667 -0.000000 0.056984 0.982934 -0.174913 12.222600 -0.011849 0.175851 0.984346 0.000000 0.000000 0.000000 0.000000 1.000000
0.998282 -0.052609 0.025785 0.000000 0.056340 0.982748 -0.176160 12.222600 -0.016073 0.177310 0.984024 0.000000 0.000000 0.000000 0.000000 1.000000
0.998321 -0.050110 0.029056 0.000000 0.054461 0.982843 -0.176221 12.222600 -0.019727 0.177508 0.983922 0.000000 0.000000 0.000000 0.000000 1.000000
0.998486 -0.045639 0.030692 0.000000 0.050342 0.983131 -0.175838 12.222600 -0.022150 0.177117 0.983941 -0.000000 0.000000 0.000000 0.000000 1.000000
0.998706 -0.039498 0.032050 0.000000 0.044542 0.983365 -0.176096 12.222600 -0.024561 0.177295 0.983851 0.000000 0.000000 0.000000 0.000000 1.000000
0.998814 -0.033464 0.035357 -0.000000 0.039198 0.983529 -0.176450 12.222600 -0.028870 0.177627 0.983674 -0.000000 0.000000 0.000000 0.000000 1.000000
0.998776 -0.026303 0.041890 0.000000 0.033239 0.984075 -0.174620 12.222600 -0.036630 0.175798 0.983745 -0.000000 0.000000 0.000000 0.000000 1.000000
0.998626 -0.013057 0.050759 0.000000 0.021515 0.985237 -0.169836 12.222600 -0.047792 0.170695 0.984164 0.000000 0.000000 0.000000 0.000000 1.000000
0.998194 0.003057 0.059995 -0.000000 0.006961 0.986092 -0.166056 12.222600 -0.059668 0.166174 0.984290 -0.000000 0.000000 0.000000 0.000000 1.000000
0.997553 0.018185 0.067511 0.000000 -0.006842 0.986339 -0.164584 12.222600 -0.069582 0.163719 0.984050 -0.000000 0.000000 0.000000 0.000000 1.000000
0.996716 0.035254 0.072899 0.000000 -0.023272 0.986984 -0.159126 12.222600 -0.077560 0.156907 0.984563 0.000000 0.000000 0.000000 0.000000 1.000000
0.995447 0.052537 0.079533 0.000000 -0.040024 0.987652 -0.151462 12.222600 -0.086508 0.147589 0.985258 0.000000 0.000000 0.000000 0.000000 1.000000
0.994022 0.065786 0.087130 0.000000 -0.052597 0.987907 -0.145855 12.222600 -0.095671 0.140400 0.985462 0.000000 0.000000 0.000000 0.000000 1.000000
0.993048 0.076335 0.089603 -0.000000 -0.063282 0.988068 -0.140419 12.222600 -0.099253 0.133772 0.986029 -0.000000 0.000000 0.000000 0.000000 1.000000
0.992819 0.084550 0.084626 0.000000 -0.072682 0.988225 -0.134645 12.222600 -0.095013 0.127528 0.987274 -0.000000 0.000000 0.000000 0.000000 1.000000
