<?xml version="1.0" encoding="utf-8"?>
<COLLADA xmlns="http://www.collada.org/2005/11/COLLADASchema" version="1.4.1">
  <asset>
    <contributor>
      <authoring_tool>FBX COLLADA exporter</authoring_tool>
    </contributor>
    <created>2020-05-06T14:35:58Z</created>
    <modified>2020-05-06T14:35:58Z</modified>
    <unit meter="0.010000" name="centimeter"/>
    <up_axis>Y_UP</up_axis>
  </asset>
  <library_animations>
    <animation id="roots-anim" name="roots">
      <animation>
        <source id="roots-Matrix-animation-input">
          <float_array id="roots-Matrix-animation-input-array" count="21">

0.000000 0.033333 0.066667 0.100000 0.133333 0.166667 0.200000 0.233333 0.266667 0.300000 0.333333 0.366667 0.400000 0.433333 0.466667 0.500000
0.533333 0.566667 0.600000 0.633333 0.666667</float_array>
          <technique_common>
            <accessor source="#roots-Matrix-animation-input-array" count="21">
              <param name="TIME" type="float"/>
            </accessor>
          </technique_common>
        </source>
        <source id="roots-Matrix-animation-output-transform">
          <float_array id="roots-Matrix-animation-output-transform-array" count="336">

1.000000 0.000000 0.000000 0.000000 0.000000 1.000000 0.000000 0.000000 0.000000 0.000000 1.000000 0.000000 0.000000 0.000000 0.000000 1.000000
1.000000 0.000000 0.000000 0.000000 0.000000 1.000000 0.000000 0.000000 0.000000 0.000000 1.000000 0.000000 0.000000 0.000000 0.000000 1.000000
1.000000 0.000000 0.000000 0.000000 0.000000 1.000000 0.000000 0.000000 0.000000 0.000000 1.000000 0.000000 0.000000 0.000000 0.000000 1.000000
1.000000 0.000000 0.000000 0.000000 0.000000 1.000000 0.000000 0.000000 0.000000 0.000000 1.000000 0.000000 0.000000 0.000000 0.000000 1.000000
1.000000 0.000000 0.000000 0.000000 0.000000 1.000000 0.000000 0.000000 0.000000 0.000000 1.000000 0.000000 0.000000 0.000000 0.000000 1.000000
1.000000 0.000000 0.000000 0.000000 0.000000 1.000000 0.000000 0.000000 0.000000 0.000000 1.000000 0.000000 0.000000 0.000000 0.000000 1.000000
1.000000 0.000000 0.000000 0.000000 0.000000 1.000000 0.000000 0.000000 0.000000 0.000000 1.000000 0.000000 0.000000 0.000000 0.000000 1.000000
1.000000 0.000000 0.000000 0.000000 0.000000 1.000000 0.000000 0.000000 0.000000 0.000000 1.000000 0.000000 0.000000 0.000000 0.000000 1.000000
1.000000 0.000000 0.000000 0.000000 0.000000 1.000000 0.000000 0.000000 0.000000 0.000000 1.000000 0.000000 0.000000 0.000000 0.000000 1.000000
1.000000 0.000000 0.000000 0.000000 0.000000 1.000000 0.000000 0.000000 0.000000 0.000000 1.000000 0.000000 0.000000 0.000000 0.000000 1.000000
1.000000 0.000000 0.000000 0.000000 0.000000 1.000000 0.000000 0.000000 0.000000 0.000000 1.000000 0.000000 0.000000 0.000000 0.000000 1.000000
1.000000 0.000000 0.000000 0.000000 0.000000 1.000000 0.000000 0.000000 0.000000 0.000000 1.000000 0.000000 0.000000 0.000000 0.000000 1.000000
1.000000 0.000000 0.000000 0.000000 0.000000 1.000000 0.000000 0.000000 0.000000 0.000000 1.000000 0.000000 0.000000 0.000000 0.000000 1.000000
1.000000 0.000000 0.000000 0.000000 0.000000 1.000000 0.000000 0.000000 0.000000 0.000000 1.000000 0.000000 0.000000 0.000000 0.000000 1.000000
1.000000 0.000000 0.000000 0.000000 0.000000 1.000000 0.000000 0.000000 0.000000 0.000000 1.000000 0.000000 0.000000 0.000000 0.000000 1.000000
1.000000 0.000000 0.000000 0.000000 0.000000 1.000000 0.000000 0.000000 0.000000 0.000000 1.000000 0.000000 0.000000 0.000000 0.000000 1.000000
1.000000 0.000000 0.000000 0.000000 0.000000 1.000000 0.000000 0.000000 0.000000 0.000000 1.000000 0.000000 0.000000 0.000000 0.000000 1.000000
1.000000 0.000000 0.000000 0.000000 0.000000 1.000000 0.000000 0.000000 0.000000 0.000000 1.000000 0.000000 0.000000 0.000000 0.000000 1.000000
1.000000 0.000000 0.000000 0.000000 0.000000 1.000000 0.000000 0.000000 0.000000 0.000000 1.000000 0.000000 0.000000 0.000000 0.000000 1.000000
1.000000 0.000000 0.000000 0.000000 0.000000 1.000000 0.000000 0.000000 0.000000 0.000000 1.000000 0.000000 0.000000 0.000000 0.000000 1.000000
1.000000 0.000000 0.000000 0.000000 0.000000 1.000000 0.000000 0.000000 0.000000 0.000000 1.000000 0.000000 0.000000 0.000000 0.000000 1.000000</float_array>
          <technique_common>
            <accessor source="#roots-Matrix-animation-output-transform-array" count="21" stride="16">
              <param type="float4x4"/>
            </accessor>
          </technique_common>
        </source>
        <source id="roots-Interpolations">
          <Name_array id="roots-Interpolations-array" count="21">
 LINEAR LINEAR LINEAR LINEAR LINEAR LINEAR LINEAR LINEAR LINEAR LINEAR LINEAR
LINEAR LINEAR LINEAR LINEAR LINEAR LINEAR LINEAR LINEAR LINEAR LINEAR</Name_array>
          <technique_common>
            <accessor source="#roots-Interpolations-array" count="21">
              <param type="name"/>
            </accessor>
          </technique_common>
        </source>
        <sampler id="roots-Matrix-animation-transform">
          <input semantic="INPUT" source="#roots-Matrix-animation-input"/>
          <input semantic="OUTPUT" source="#roots-Matrix-animation-output-transform"/>
          <input semantic="INTERPOLATION" source="#roots-Interpolations"/>
        </sampler>
        <channel source="#roots-Matrix-animation-transform" target="roots/matrix"/>
      </animation>
      <animation>
        <source id="roots-visibility-animation-input">
          <float_array id="roots-visibility-animation-input-array" count="21">

0.000000 0.033333 0.066667 0.100000 0.133333 0.166667 0.200000 0.233333 0.266667 0.300000 0.333333 0.366667 0.400000 0.433333 0.466667 0.500000
0.533333 0.566667 0.600000 0.633333 0.666667</float_array>
          <technique_common>
            <accessor source="#roots-visibility-animation-input-array" count="21">
              <param name="TIME" type="float"/>
            </accessor>
          </technique_common>
        </source>
        <source id="roots-visibility-animation-output">
          <float_array id="roots-visibility-animation-output-array" count="21">

1.000000 1.000000 1.000000 1.000000 1.000000 1.000000 1.000000 1.000000 1.000000 1.000000 1.000000 1.000000 1.000000 1.000000 1.000000 1.000000
1.000000 1.000000 1.000000 1.000000 1.000000</float_array>
          <technique_common>
            <accessor source="#roots-visibility-animation-output-array" count="21">
              <param type="float"/>
            </accessor>
          </technique_common>
        </source>
        <source id="roots-visibility-animation-intan">
          <float_array id="roots-visibility-animation-intan-array" count="21">

0.000000 0.000000 0.000000 0.000000 0.000000 0.000000 0.000000 0.000000 0.000000 0.000000 0.000000 0.000000 0.000000 0.000000 0.000000 0.000000
0.000000 0.000000 0.000000 0.000000 0.000000</float_array>
          <technique_common>
            <accessor source="#roots-visibility-animation-intan-array" count="21">
              <param type="float"/>
            </accessor>
          </technique_common>
        </source>
        <source id="roots-visibility-animation-outtan">
          <float_array id="roots-visibility-animation-outtan-array" count="21">

0.000000 0.000000 0.000000 0.000000 0.000000 0.000000 0.000000 0.000000 0.000000 0.000000 0.000000 0.000000 0.000000 0.000000 0.000000 0.000000
0.000000 0.000000 0.000000 0.000000 0.000000</float_array>
          <technique_common>
            <accessor source="#roots-visibility-animation-outtan-array" count="21">
              <param type="float"/>
            </accessor>
          </technique_common>
        </source>
        <source id="roots-visibility-animation-interpolation">
          <Name_array id="roots-visibility-animation-interpolation-array" count="21">
 STEP STEP STEP STEP STEP STEP STEP STEP STEP STEP STEP STEP STEP STEP STEP STEP STEP
STEP STEP STEP BEZIER</Name_array>
          <technique_common>
            <accessor source="#roots-visibility-animation-interpolation-array" count="21">
              <param type="name"/>
            </accessor>
          </technique_common>
        </source>
        <sampler id="roots-visibility-animation">
          <input semantic="INPUT" source="#roots-visibility-animation-input"/>
          <input semantic="OUTPUT" source="#roots-visibility-animation-output"/>
          <input semantic="IN_TANGENT" source="#roots-visibility-animation-intan"/>
          <input semantic="OUT_TANGENT" source="#roots-visibility-animation-outtan"/>
          <input semantic="INTERPOLATION" source="#roots-visibility-animation-interpolation"/>
        </sampler>
        <channel source="#roots-visibility-animation" target="roots/visibility"/>
      </animation>
    </animation>
    <animation id="joint_root1-anim" name="joint_root1">
      <animation>
        <source id="joint_root1-Matrix-animation-input">
          <float_array id="joint_root1-Matrix-animation-input-array" count="21">

0.000000 0.033333 0.066667 0.100000 0.133333 0.166667 0.200000 0.233333 0.266667 0.300000 0.333333 0.366667 0.400000 0.433333 0.466667 0.500000
0.533333 0.566667 0.600000 0.633333 0.666667</float_array>
          <technique_common>
            <accessor source="#joint_root1-Matrix-animation-input-array" count="21">
              <param name="TIME" type="float"/>
            </accessor>
          </technique_common>
        </source>
        <source id="joint_root1-Matrix-animation-output-transform">
          <float_array id="joint_root1-Matrix-animation-output-transform-array" count="336">

-0.282081 0.955491 -0.086411 0.926479 0.958988 0.283426 0.003446 -7.129156 0.027784 -0.081895 -0.996254 -0.105760 0.000000 0.000000 0.000000 1.000000
-0.282081 0.955491 -0.086411 0.926479 0.958988 0.283426 0.003446 -6.891674 0.027784 -0.081895 -0.996254 -0.105760 0.000000 0.000000 0.000000 1.000000
-0.282081 0.955491 -0.086411 0.926479 0.958988 0.283426 0.003446 -6.201150 0.027784 -0.081895 -0.996254 -0.105760 0.000000 0.000000 0.000000 1.000000
-0.282081 0.955491 -0.086411 0.926479 0.958988 0.283426 0.003446 -5.441449 0.027784 -0.081895 -0.996254 -0.105760 0.000000 0.000000 0.000000 1.000000
-0.282081 0.955491 -0.086411 0.926479 0.958988 0.283426 0.003446 -4.683237 0.027784 -0.081895 -0.996254 -0.105760 0.000000 0.000000 0.000000 1.000000
-0.282081 0.955491 -0.086411 0.926479 0.958988 0.283426 0.003446 -4.028185 0.027784 -0.081895 -0.996254 -0.105760 0.000000 0.000000 0.000000 1.000000
-0.282081 0.955491 -0.086411 0.926479 0.958988 0.283426 0.003446 -3.560556 0.027784 -0.081895 -0.996254 -0.105760 0.000000 0.000000 0.000000 1.000000
-0.282081 0.955491 -0.086411 0.926479 0.958988 0.283426 0.003446 -3.117593 0.027784 -0.081895 -0.996254 -0.105760 0.000000 0.000000 0.000000 1.000000
-0.282081 0.955491 -0.086411 0.926479 0.958988 0.283426 0.003446 -2.677997 0.027784 -0.081895 -0.996254 -0.105760 0.000000 0.000000 0.000000 1.000000
-0.282081 0.955491 -0.086411 0.926479 0.958988 0.283426 0.003446 -2.239425 0.027784 -0.081895 -0.996254 -0.105760 0.000000 0.000000 0.000000 1.000000
-0.282081 0.955491 -0.086411 0.926479 0.958988 0.283426 0.003446 -1.815431 0.027784 -0.081895 -0.996254 -0.105760 0.000000 0.000000 0.000000 1.000000
-0.316349 0.944716 -0.086230 0.926479 0.948138 0.317838 0.003751 -1.463301 0.030951 -0.080571 -0.996268 -0.105760 0.000000 0.000000 0.000000 1.000000
-0.423901 0.901678 -0.085349 0.926479 0.904849 0.425719 0.003458 -1.181563 0.039453 -0.075762 -0.996345 -0.105760 0.000000 0.000000 0.000000 1.000000
-0.538440 0.838398 -0.084683 0.926479 0.841251 0.540633 0.003577 -0.920930 0.048781 -0.069314 -0.996402 -0.105760 0.000000 0.000000 0.000000 1.000000
-0.645801 0.758718 -0.085369 0.926479 0.761281 0.648410 0.003796 -0.690053 0.058234 -0.062538 -0.996342 -0.105760 0.000000 0.000000 0.000000 1.000000
-0.747182 0.658978 -0.086412 0.926479 0.661224 0.750181 0.003446 -0.562375 0.067095 -0.054563 -0.996254 -0.105760 0.000000 0.000000 0.000000 1.000000
-0.854847 0.512108 -0.083554 0.926479 0.513734 0.857946 0.002355 -0.562456 0.072891 -0.040911 -0.996500 -0.105760 0.000000 0.000000 0.000000 1.000000
-0.938064 0.336900 -0.080838 0.926479 0.337812 0.941210 0.002535 -0.562652 0.076939 -0.024930 -0.996724 -0.105760 0.000000 0.000000 0.000000 1.000000
-0.984742 0.154011 -0.081019 0.926479 0.154247 0.988027 0.003379 -0.562860 0.080569 -0.009170 -0.996707 -0.105760 0.000000 0.000000 0.000000 1.000000
-0.996374 -0.014556 -0.083827 0.926479 -0.014922 0.999882 0.003735 -0.563048 0.083763 0.004972 -0.996473 -0.105760 0.000000 0.000000 0.000000 1.000000
-0.990372 -0.108147 -0.086411 0.926479 -0.108850 0.994052 0.003446 -0.563154 0.085525 0.012819 -0.996254 -0.105760 0.000000 0.000000 0.000000 1.000000</float_array>
          <technique_common>
            <accessor source="#joint_root1-Matrix-animation-output-transform-array" count="21" stride="16">
              <param type="float4x4"/>
            </accessor>
          </technique_common>
        </source>
        <source id="joint_root1-Interpolations">
          <Name_array id="joint_root1-Interpolations-array" count="21">
 LINEAR LINEAR LINEAR LINEAR LINEAR LINEAR LINEAR LINEAR LINEAR LINEAR LINEAR
LINEAR LINEAR LINEAR LINEAR LINEAR LINEAR LINEAR LINEAR LINEAR LINEAR</Name_array>
          <technique_common>
            <accessor source="#joint_root1-Interpolations-array" count="21">
              <param type="name"/>
            </accessor>
          </technique_common>
        </source>
        <sampler id="joint_root1-Matrix-animation-transform">
          <input semantic="INPUT" source="#joint_root1-Matrix-animation-input"/>
          <input semantic="OUTPUT" source="#joint_root1-Matrix-animation-output-transform"/>
          <input semantic="INTERPOLATION" source="#joint_root1-Interpolations"/>
        </sampler>
        <channel source="#joint_root1-Matrix-animation-transform" target="joint_root1/matrix"/>
      </animation>
      <animation>
        <source id="joint_root1-visibility-animation-input">
          <float_array id="joint_root1-visibility-animation-input-array" count="21">

0.000000 0.033333 0.066667 0.100000 0.133333 0.166667 0.200000 0.233333 0.266667 0.300000 0.333333 0.366667 0.400000 0.433333 0.466667 0.500000
0.533333 0.566667 0.600000 0.633333 0.666667</float_array>
          <technique_common>
            <accessor source="#joint_root1-visibility-animation-input-array" count="21">
              <param name="TIME" type="float"/>
            </accessor>
          </technique_common>
        </source>
        <source id="joint_root1-visibility-animation-output">
          <float_array id="joint_root1-visibility-animation-output-array" count="21">

1.000000 1.000000 1.000000 1.000000 1.000000 1.000000 1.000000 1.000000 1.000000 1.000000 1.000000 1.000000 1.000000 1.000000 1.000000 1.000000
1.000000 1.000000 1.000000 1.000000 1.000000</float_array>
          <technique_common>
            <accessor source="#joint_root1-visibility-animation-output-array" count="21">
              <param type="float"/>
            </accessor>
          </technique_common>
        </source>
        <source id="joint_root1-visibility-animation-intan">
          <float_array id="joint_root1-visibility-animation-intan-array" count="21">

0.000000 0.000000 0.000000 0.000000 0.000000 0.000000 0.000000 0.000000 0.000000 0.000000 0.000000 0.000000 0.000000 0.000000 0.000000 0.000000
0.000000 0.000000 0.000000 0.000000 0.000000</float_array>
          <technique_common>
            <accessor source="#joint_root1-visibility-animation-intan-array" count="21">
              <param type="float"/>
            </accessor>
          </technique_common>
        </source>
        <source id="joint_root1-visibility-animation-outtan">
          <float_array id="joint_root1-visibility-animation-outtan-array" count="21">

0.000000 0.000000 0.000000 0.000000 0.000000 0.000000 0.000000 0.000000 0.000000 0.000000 0.000000 0.000000 0.000000 0.000000 0.000000 0.000000
0.000000 0.000000 0.000000 0.000000 0.000000</float_array>
          <technique_common>
            <accessor source="#joint_root1-visibility-animation-outtan-array" count="21">
              <param type="float"/>
            </accessor>
          </technique_common>
        </source>
        <source id="joint_root1-visibility-animation-interpolation">
          <Name_array id="joint_root1-visibility-animation-interpolation-array" count="21">
 STEP STEP STEP STEP STEP STEP STEP STEP STEP STEP STEP STEP STEP STEP STEP STEP STEP
STEP STEP STEP BEZIER</Name_array>
          <technique_common>
            <accessor source="#joint_root1-visibility-animation-interpolation-array" count="21">
              <param type="name"/>
            </accessor>
          </technique_common>
        </source>
        <sampler id="joint_root1-visibility-animation">
          <input semantic="INPUT" source="#joint_root1-visibility-animation-input"/>
          <input semantic="OUTPUT" source="#joint_root1-visibility-animation-output"/>
          <input semantic="IN_TANGENT" source="#joint_root1-visibility-animation-intan"/>
          <input semantic="OUT_TANGENT" source="#joint_root1-visibility-animation-outtan"/>
          <input semantic="INTERPOLATION" source="#joint_root1-visibility-animation-interpolation"/>
        </sampler>
        <channel source="#joint_root1-visibility-animation" target="joint_root1/visibility"/>
      </animation>
    </animation>
    <animation id="joint14-anim" name="joint14">
      <animation>
        <source id="joint14-Matrix-animation-input">
          <float_array id="joint14-Matrix-animation-input-array" count="21">

0.000000 0.033333 0.066667 0.100000 0.133333 0.166667 0.200000 0.233333 0.266667 0.300000 0.333333 0.366667 0.400000 0.433333 0.466667 0.500000
0.533333 0.566667 0.600000 0.633333 0.666667</float_array>
          <technique_common>
            <accessor source="#joint14-Matrix-animation-input-array" count="21">
              <param name="TIME" type="float"/>
            </accessor>
          </technique_common>
        </source>
        <source id="joint14-Matrix-animation-output-transform">
          <float_array id="joint14-Matrix-animation-output-transform-array" count="336">

0.664455 -0.747278 -0.008672 1.608016 0.747094 0.664492 -0.017356 0.295742 0.018732 0.005053 0.999812 0.000606 0.000000 0.000000 0.000000 1.000000
0.659881 -0.751320 -0.008680 1.608016 0.751135 0.659919 -0.017377 0.295742 0.018784 0.004947 0.999811 0.000606 0.000000 0.000000 0.000000 1.000000
0.654513 -0.756000 -0.008689 1.608016 0.755815 0.654553 -0.017403 0.295742 0.018844 0.004824 0.999811 0.000606 0.000000 0.000000 0.000000 1.000000
0.648798 -0.760911 -0.008698 1.608016 0.760726 0.648839 -0.017432 0.295742 0.018908 0.004693 0.999810 0.000606 0.000000 0.000000 0.000000 1.000000
0.645759 -0.763491 -0.008703 1.608016 0.763306 0.645802 -0.017448 0.295742 0.018942 0.004624 0.999810 0.000606 0.000000 0.000000 0.000000 1.000000
0.664455 -0.747278 -0.008672 1.608016 0.747094 0.664492 -0.017356 0.295742 0.018732 0.005053 0.999812 0.000606 0.000000 0.000000 0.000000 1.000000
0.724129 -0.689611 -0.008581 1.608016 0.689428 0.724151 -0.017134 0.295742 0.018030 0.006491 0.999816 0.000606 0.000000 0.000000 0.000000 1.000000
0.782908 -0.622080 -0.008520 1.608016 0.621898 0.782913 -0.017042 0.295742 0.017272 0.008043 0.999818 0.000606 0.000000 0.000000 0.000000 1.000000
0.834185 -0.551419 -0.008523 1.608016 0.551236 0.834174 -0.017089 0.295742 0.016533 0.009557 0.999818 0.000606 0.000000 0.000000 0.000000 1.000000
0.874719 -0.484554 -0.008597 1.608016 0.484370 0.874693 -0.017236 0.295742 0.015871 0.010912 0.999814 0.000606 0.000000 0.000000 0.000000 1.000000
0.894914 -0.446155 -0.008672 1.608016 0.445970 0.894880 -0.017356 0.295742 0.015504 0.011664 0.999812 0.000606 0.000000 0.000000 0.000000 1.000000
0.894914 -0.446155 -0.008672 1.608016 0.445970 0.894880 -0.017356 0.295742 0.015504 0.011664 0.999812 0.000606 0.000000 0.000000 0.000000 1.000000
0.894914 -0.446155 -0.008672 1.608016 0.445970 0.894880 -0.017356 0.295742 0.015504 0.011664 0.999812 0.000606 0.000000 0.000000 0.000000 1.000000
0.894914 -0.446155 -0.008672 1.608016 0.445970 0.894880 -0.017356 0.295742 0.015504 0.011664 0.999812 0.000606 0.000000 0.000000 0.000000 1.000000
0.894914 -0.446155 -0.008672 1.608016 0.445970 0.894880 -0.017356 0.295742 0.015504 0.011664 0.999812 0.000606 0.000000 0.000000 0.000000 1.000000
0.894914 -0.446155 -0.008672 1.608016 0.445970 0.894880 -0.017356 0.295742 0.015504 0.011664 0.999812 0.000606 0.000000 0.000000 0.000000 1.000000
0.894914 -0.446155 -0.008672 1.608016 0.445970 0.894880 -0.017356 0.295742 0.015504 0.011664 0.999812 0.000606 0.000000 0.000000 0.000000 1.000000
0.894914 -0.446155 -0.008672 1.608016 0.445970 0.894880 -0.017356 0.295742 0.015504 0.011664 0.999812 0.000606 0.000000 0.000000 0.000000 1.000000
0.894914 -0.446155 -0.008672 1.608016 0.445970 0.894880 -0.017356 0.295742 0.015504 0.011664 0.999812 0.000606 0.000000 0.000000 0.000000 1.000000
0.894914 -0.446155 -0.008672 1.608016 0.445970 0.894880 -0.017356 0.295742 0.015504 0.011664 0.999812 0.000606 0.000000 0.000000 0.000000 1.000000
0.894914 -0.446155 -0.008672 1.608016 0.445970 0.894880 -0.017356 0.295742 0.015504 0.011664 0.999812 0.000606 0.000000 0.000000 0.000000 1.000000</float_array>
          <technique_common>
            <accessor source="#joint14-Matrix-animation-output-transform-array" count="21" stride="16">
              <param type="float4x4"/>
            </accessor>
          </technique_common>
        </source>
        <source id="joint14-Interpolations">
          <Name_array id="joint14-Interpolations-array" count="21">
 LINEAR LINEAR LINEAR LINEAR LINEAR LINEAR LINEAR LINEAR LINEAR LINEAR LINEAR
LINEAR LINEAR LINEAR LINEAR LINEAR LINEAR LINEAR LINEAR LINEAR LINEAR</Name_array>
          <technique_common>
            <accessor source="#joint14-Interpolations-array" count="21">
              <param type="name"/>
            </accessor>
          </technique_common>
        </source>
        <sampler id="joint14-Matrix-animation-transform">
          <input semantic="INPUT" source="#joint14-Matrix-animation-input"/>
          <input semantic="OUTPUT" source="#joint14-Matrix-animation-output-transform"/>
          <input semantic="INTERPOLATION" source="#joint14-Interpolations"/>
        </sampler>
        <channel source="#joint14-Matrix-animation-transform" target="joint14/matrix"/>
      </animation>
      <animation>
        <source id="joint14-visibility-animation-input">
          <float_array id="joint14-visibility-animation-input-array" count="21">

0.000000 0.033333 0.066667 0.100000 0.133333 0.166667 0.200000 0.233333 0.266667 0.300000 0.333333 0.366667 0.400000 0.433333 0.466667 0.500000
0.533333 0.566667 0.600000 0.633333 0.666667</float_array>
          <technique_common>
            <accessor source="#joint14-visibility-animation-input-array" count="21">
              <param name="TIME" type="float"/>
            </accessor>
          </technique_common>
        </source>
        <source id="joint14-visibility-animation-output">
          <float_array id="joint14-visibility-animation-output-array" count="21">

1.000000 1.000000 1.000000 1.000000 1.000000 1.000000 1.000000 1.000000 1.000000 1.000000 1.000000 1.000000 1.000000 1.000000 1.000000 1.000000
1.000000 1.000000 1.000000 1.000000 1.000000</float_array>
          <technique_common>
            <accessor source="#joint14-visibility-animation-output-array" count="21">
              <param type="float"/>
            </accessor>
          </technique_common>
        </source>
        <source id="joint14-visibility-animation-intan">
          <float_array id="joint14-visibility-animation-intan-array" count="21">

0.000000 0.000000 0.000000 0.000000 0.000000 0.000000 0.000000 0.000000 0.000000 0.000000 0.000000 0.000000 0.000000 0.000000 0.000000 0.000000
0.000000 0.000000 0.000000 0.000000 0.000000</float_array>
          <technique_common>
            <accessor source="#joint14-visibility-animation-intan-array" count="21">
              <param type="float"/>
            </accessor>
          </technique_common>
        </source>
        <source id="joint14-visibility-animation-outtan">
          <float_array id="joint14-visibility-animation-outtan-array" count="21">

0.000000 0.000000 0.000000 0.000000 0.000000 0.000000 0.000000 0.000000 0.000000 0.000000 0.000000 0.000000 0.000000 0.000000 0.000000 0.000000
0.000000 0.000000 0.000000 0.000000 0.000000</float_array>
          <technique_common>
            <accessor source="#joint14-visibility-animation-outtan-array" count="21">
              <param type="float"/>
            </accessor>
          </technique_common>
        </source>
        <source id="joint14-visibility-animation-interpolation">
          <Name_array id="joint14-visibility-animation-interpolation-array" count="21">
 STEP STEP STEP STEP STEP STEP STEP STEP STEP STEP STEP STEP STEP STEP STEP STEP STEP
STEP STEP STEP BEZIER</Name_array>
          <technique_common>
            <accessor source="#joint14-visibility-animation-interpolation-array" count="21">
              <param type="name"/>
            </accessor>
          </technique_common>
        </source>
        <sampler id="joint14-visibility-animation">
          <input semantic="INPUT" source="#joint14-visibility-animation-input"/>
          <input semantic="OUTPUT" source="#joint14-visibility-animation-output"/>
          <input semantic="IN_TANGENT" source="#joint14-visibility-animation-intan"/>
          <input semantic="OUT_TANGENT" source="#joint14-visibility-animation-outtan"/>
          <input semantic="INTERPOLATION" source="#joint14-visibility-animation-interpolation"/>
        </sampler>
        <channel source="#joint14-visibility-animation" target="joint14/visibility"/>
      </animation>
    </animation>
    <animation id="joint15-anim" name="joint15">
      <animation>
        <source id="joint15-Matrix-animation-input">
          <float_array id="joint15-Matrix-animation-input-array" count="21">

0.000000 0.033333 0.066667 0.100000 0.133333 0.166667 0.200000 0.233333 0.266667 0.300000 0.333333 0.366667 0.400000 0.433333 0.466667 0.500000
0.533333 0.566667 0.600000 0.633333 0.666667</float_array>
          <technique_common>
            <accessor source="#joint15-Matrix-animation-input-array" count="21">
              <param name="TIME" type="float"/>
            </accessor>
          </technique_common>
        </source>
        <source id="joint15-Matrix-animation-output-transform">
          <float_array id="joint15-Matrix-animation-output-transform-array" count="336">

0.667355 -0.744607 -0.014044 1.047271 0.743592 0.665162 0.068056 -0.816560 -0.041333 -0.055861 0.997583 -0.015003 0.000000 0.000000 0.000000 1.000000
0.665640 -0.746141 -0.014047 1.047271 0.745120 0.663448 0.068067 -0.816560 -0.041468 -0.055775 0.997582 -0.015003 0.000000 0.000000 0.000000 1.000000
0.663634 -0.747925 -0.014051 1.047271 0.746898 0.661444 0.068081 -0.816560 -0.041626 -0.055675 0.997581 -0.015003 0.000000 0.000000 0.000000 1.000000
0.661507 -0.749808 -0.014055 1.047271 0.748774 0.659318 0.068096 -0.816560 -0.041792 -0.055570 0.997580 -0.015003 0.000000 0.000000 0.000000 1.000000
0.660379 -0.750801 -0.014057 1.047271 0.749764 0.658192 0.068104 -0.816560 -0.041880 -0.055514 0.997579 -0.015003 0.000000 0.000000 0.000000 1.000000
0.667355 -0.744607 -0.014044 1.047271 0.743592 0.665162 0.068056 -0.816560 -0.041333 -0.055861 0.997583 -0.015003 0.000000 0.000000 0.000000 1.000000
0.689073 -0.724557 -0.014020 1.047271 0.723609 0.686857 0.067951 -0.816560 -0.039604 -0.056968 0.997590 -0.015003 0.000000 0.000000 0.000000 1.000000
0.711907 -0.702134 -0.014012 1.047271 0.701260 0.709665 0.067902 -0.816560 -0.037732 -0.058166 0.997594 -0.015003 0.000000 0.000000 0.000000 1.000000
0.733751 -0.679274 -0.014019 1.047271 0.678470 0.731481 0.067920 -0.816560 -0.035882 -0.059348 0.997592 -0.015003 0.000000 0.000000 0.000000 1.000000
0.753455 -0.657350 -0.014034 1.047271 0.656612 0.751158 0.067992 -0.816560 -0.034153 -0.060444 0.997587 -0.015003 0.000000 0.000000 0.000000 1.000000
0.767217 -0.641234 -0.014044 1.047271 0.640544 0.764900 0.068056 -0.816560 -0.032897 -0.061210 0.997583 -0.015003 0.000000 0.000000 0.000000 1.000000
0.769532 -0.638454 -0.014044 1.047271 0.637771 0.767213 0.068056 -0.816560 -0.032675 -0.061328 0.997583 -0.015003 0.000000 0.000000 0.000000 1.000000
0.770443 -0.637354 -0.014044 1.047271 0.636676 0.768123 0.068056 -0.816560 -0.032588 -0.061375 0.997583 -0.015003 0.000000 0.000000 0.000000 1.000000
0.771103 -0.636556 -0.014044 1.047271 0.635879 0.768782 0.068056 -0.816560 -0.032524 -0.061408 0.997583 -0.015003 0.000000 0.000000 0.000000 1.000000
0.771653 -0.635889 -0.014044 1.047271 0.635215 0.769331 0.068056 -0.816560 -0.032471 -0.061437 0.997583 -0.015003 0.000000 0.000000 0.000000 1.000000
0.771951 -0.635527 -0.014044 1.047271 0.634854 0.769629 0.068056 -0.816560 -0.032442 -0.061452 0.997583 -0.015003 0.000000 0.000000 0.000000 1.000000
0.771951 -0.635527 -0.014044 1.047271 0.634854 0.769629 0.068056 -0.816560 -0.032442 -0.061452 0.997583 -0.015003 0.000000 0.000000 0.000000 1.000000
0.771951 -0.635527 -0.014044 1.047271 0.634854 0.769629 0.068056 -0.816560 -0.032442 -0.061452 0.997583 -0.015003 0.000000 0.000000 0.000000 1.000000
0.771951 -0.635527 -0.014044 1.047271 0.634854 0.769629 0.068056 -0.816560 -0.032442 -0.061452 0.997583 -0.015003 0.000000 0.000000 0.000000 1.000000
0.771951 -0.635527 -0.014044 1.047271 0.634854 0.769629 0.068056 -0.816560 -0.032442 -0.061452 0.997583 -0.015003 0.000000 0.000000 0.000000 1.000000
0.771951 -0.635527 -0.014044 1.047271 0.634854 0.769629 0.068056 -0.816560 -0.032442 -0.061452 0.997583 -0.015003 0.000000 0.000000 0.000000 1.000000</float_array>
          <technique_common>
            <accessor source="#joint15-Matrix-animation-output-transform-array" count="21" stride="16">
              <param type="float4x4"/>
            </accessor>
          </technique_common>
        </source>
        <source id="joint15-Interpolations">
          <Name_array id="joint15-Interpolations-array" count="21">
 LINEAR LINEAR LINEAR LINEAR LINEAR LINEAR LINEAR LINEAR LINEAR LINEAR LINEAR
LINEAR LINEAR LINEAR LINEAR LINEAR LINEAR LINEAR LINEAR LINEAR LINEAR</Name_array>
          <technique_common>
            <accessor source="#joint15-Interpolations-array" count="21">
              <param type="name"/>
            </accessor>
          </technique_common>
        </source>
        <sampler id="joint15-Matrix-animation-transform">
          <input semantic="INPUT" source="#joint15-Matrix-animation-input"/>
          <input semantic="OUTPUT" source="#joint15-Matrix-animation-output-transform"/>
          <input semantic="INTERPOLATION" source="#joint15-Interpolations"/>
        </sampler>
        <channel source="#joint15-Matrix-animation-transform" target="joint15/matrix"/>
      </animation>
      <animation>
        <source id="joint15-visibility-animation-input">
          <float_array id="joint15-visibility-animation-input-array" count="21">

0.000000 0.033333 0.066667 0.100000 0.133333 0.166667 0.200000 0.233333 0.266667 0.300000 0.333333 0.366667 0.400000 0.433333 0.466667 0.500000
0.533333 0.566667 0.600000 0.633333 0.666667</float_array>
          <technique_common>
            <accessor source="#joint15-visibility-animation-input-array" count="21">
              <param name="TIME" type="float"/>
            </accessor>
          </technique_common>
        </source>
        <source id="joint15-visibility-animation-output">
          <float_array id="joint15-visibility-animation-output-array" count="21">

1.000000 1.000000 1.000000 1.000000 1.000000 1.000000 1.000000 1.000000 1.000000 1.000000 1.000000 1.000000 1.000000 1.000000 1.000000 1.000000
1.000000 1.000000 1.000000 1.000000 1.000000</float_array>
          <technique_common>
            <accessor source="#joint15-visibility-animation-output-array" count="21">
              <param type="float"/>
            </accessor>
          </technique_common>
        </source>
        <source id="joint15-visibility-animation-intan">
          <float_array id="joint15-visibility-animation-intan-array" count="21">

0.000000 0.000000 0.000000 0.000000 0.000000 0.000000 0.000000 0.000000 0.000000 0.000000 0.000000 0.000000 0.000000 0.000000 0.000000 0.000000
0.000000 0.000000 0.000000 0.000000 0.000000</float_array>
          <technique_common>
            <accessor source="#joint15-visibility-animation-intan-array" count="21">
              <param type="float"/>
            </accessor>
          </technique_common>
        </source>
        <source id="joint15-visibility-animation-outtan">
          <float_array id="joint15-visibility-animation-outtan-array" count="21">

0.000000 0.000000 0.000000 0.000000 0.000000 0.000000 0.000000 0.000000 0.000000 0.000000 0.000000 0.000000 0.000000 0.000000 0.000000 0.000000
0.000000 0.000000 0.000000 0.000000 0.000000</float_array>
          <technique_common>
            <accessor source="#joint15-visibility-animation-outtan-array" count="21">
              <param type="float"/>
            </accessor>
          </technique_common>
        </source>
        <source id="joint15-visibility-animation-interpolation">
          <Name_array id="joint15-visibility-animation-interpolation-array" count="21">
 STEP STEP STEP STEP STEP STEP STEP STEP STEP STEP STEP STEP STEP STEP STEP STEP STEP
STEP STEP STEP BEZIER</Name_array>
          <technique_common>
            <accessor source="#joint15-visibility-animation-interpolation-array" count="21">
              <param type="name"/>
            </accessor>
          </technique_common>
        </source>
        <sampler id="joint15-visibility-animation">
          <input semantic="INPUT" source="#joint15-visibility-animation-input"/>
          <input semantic="OUTPUT" source="#joint15-visibility-animation-output"/>
          <input semantic="IN_TANGENT" source="#joint15-visibility-animation-intan"/>
          <input semantic="OUT_TANGENT" source="#joint15-visibility-animation-outtan"/>
          <input semantic="INTERPOLATION" source="#joint15-visibility-animation-interpolation"/>
        </sampler>
        <channel source="#joint15-visibility-animation" target="joint15/visibility"/>
      </animation>
    </animation>
    <animation id="joint16-anim" name="joint16">
      <animation>
        <source id="joint16-Matrix-animation-input">
          <float_array id="joint16-Matrix-animation-input-array" count="21">

0.000000 0.033333 0.066667 0.100000 0.133333 0.166667 0.200000 0.233333 0.266667 0.300000 0.333333 0.366667 0.400000 0.433333 0.466667 0.500000
0.533333 0.566667 0.600000 0.633333 0.666667</float_array>
          <technique_common>
            <accessor source="#joint16-Matrix-animation-input-array" count="21">
              <param name="TIME" type="float"/>
            </accessor>
          </technique_common>
        </source>
        <source id="joint16-Matrix-animation-output-transform">
          <float_array id="joint16-Matrix-animation-output-transform-array" count="336">

0.920226 -0.386884 0.059206 0.067917 0.389732 0.919689 -0.047766 -0.970951 -0.035971 0.067030 0.997102 -0.062598 0.000000 0.000000 0.000000 1.000000
0.938262 -0.340956 0.058432 0.067917 0.343758 0.937866 -0.047306 -0.970951 -0.038673 0.064472 0.997170 -0.062598 0.000000 0.000000 0.000000 1.000000
0.973702 -0.220494 0.057330 0.067917 0.223218 0.973663 -0.046418 -0.970951 -0.045585 0.057995 0.997276 -0.062598 0.000000 0.000000 0.000000 1.000000
0.994676 -0.085624 0.057337 0.067917 0.088313 0.995024 -0.046139 -0.970951 -0.053101 0.050957 0.997288 -0.062598 0.000000 0.000000 0.000000 1.000000
0.997308 0.044463 0.058311 0.067917 -0.041758 0.998030 -0.046825 -0.970951 -0.060278 0.044264 0.997200 -0.062598 0.000000 0.000000 0.000000 1.000000
0.991830 0.112991 0.059206 0.067917 -0.110245 0.992756 -0.047766 -0.970951 -0.064175 0.040849 0.997102 -0.062598 0.000000 0.000000 0.000000 1.000000
0.996313 0.062346 0.058934 0.067917 -0.059582 0.997091 -0.047536 -0.970951 -0.061726 0.043850 0.997129 -0.062598 0.000000 0.000000 0.000000 1.000000
0.998268 -0.003894 0.058707 0.067917 0.006682 0.998855 -0.047364 -0.970951 -0.058455 0.047674 0.997151 -0.062598 0.000000 0.000000 0.000000 1.000000
0.995809 -0.070112 0.058720 0.067917 0.072935 0.996209 -0.047404 -0.970951 -0.055174 0.051488 0.997148 -0.062598 0.000000 0.000000 0.000000 1.000000
0.989831 -0.129450 0.058966 0.067917 0.132316 0.990064 -0.047601 -0.970951 -0.052218 0.054919 0.997124 -0.062598 0.000000 0.000000 0.000000 1.000000
0.984976 -0.162227 0.059206 0.067917 0.165121 0.985116 -0.047766 -0.970951 -0.050576 0.056825 0.997102 -0.062598 0.000000 0.000000 0.000000 1.000000
0.991338 -0.117516 0.058642 0.067917 0.120352 0.991599 -0.047410 -0.970951 -0.052578 0.054057 0.997153 -0.062598 0.000000 0.000000 0.000000 1.000000
0.998290 -0.008133 0.057884 0.067917 0.010850 0.998846 -0.046790 -0.970951 -0.057437 0.047338 0.997226 -0.062598 0.000000 0.000000 0.000000 1.000000
0.992532 0.107353 0.057934 0.067917 -0.104724 0.993406 -0.046665 -0.970951 -0.062562 0.040249 0.997229 -0.062598 0.000000 0.000000 0.000000 1.000000
0.975699 0.211128 0.058615 0.067917 -0.208548 0.976874 -0.047176 -0.970951 -0.067219 0.033806 0.997165 -0.062598 0.000000 0.000000 0.000000 1.000000
0.961599 0.267997 0.059206 0.067917 -0.265431 0.962946 -0.047766 -0.970951 -0.069814 0.030217 0.997102 -0.062598 0.000000 0.000000 0.000000 1.000000
0.961599 0.267997 0.059206 0.067917 -0.265431 0.962946 -0.047766 -0.970951 -0.069814 0.030217 0.997102 -0.062598 0.000000 0.000000 0.000000 1.000000
0.961599 0.267997 0.059206 0.067917 -0.265431 0.962946 -0.047766 -0.970951 -0.069814 0.030217 0.997102 -0.062598 0.000000 0.000000 0.000000 1.000000
0.961599 0.267997 0.059206 0.067917 -0.265431 0.962946 -0.047766 -0.970951 -0.069814 0.030217 0.997102 -0.062598 0.000000 0.000000 0.000000 1.000000
0.961599 0.267997 0.059206 0.067917 -0.265431 0.962946 -0.047766 -0.970951 -0.069814 0.030217 0.997102 -0.062598 0.000000 0.000000 0.000000 1.000000
0.961599 0.267997 0.059206 0.067917 -0.265431 0.962946 -0.047766 -0.970951 -0.069814 0.030217 0.997102 -0.062598 0.000000 0.000000 0.000000 1.000000</float_array>
          <technique_common>
            <accessor source="#joint16-Matrix-animation-output-transform-array" count="21" stride="16">
              <param type="float4x4"/>
            </accessor>
          </technique_common>
        </source>
        <source id="joint16-Interpolations">
          <Name_array id="joint16-Interpolations-array" count="21">
 LINEAR LINEAR LINEAR LINEAR LINEAR LINEAR LINEAR LINEAR LINEAR LINEAR LINEAR
LINEAR LINEAR LINEAR LINEAR LINEAR LINEAR LINEAR LINEAR LINEAR LINEAR</Name_array>
          <technique_common>
            <accessor source="#joint16-Interpolations-array" count="21">
              <param type="name"/>
            </accessor>
          </technique_common>
        </source>
        <sampler id="joint16-Matrix-animation-transform">
          <input semantic="INPUT" source="#joint16-Matrix-animation-input"/>
          <input semantic="OUTPUT" source="#joint16-Matrix-animation-output-transform"/>
          <input semantic="INTERPOLATION" source="#joint16-Interpolations"/>
        </sampler>
        <channel source="#joint16-Matrix-animation-transform" target="joint16/matrix"/>
      </animation>
      <animation>
        <source id="joint16-visibility-animation-input">
          <float_array id="joint16-visibility-animation-input-array" count="21">

0.000000 0.033333 0.066667 0.100000 0.133333 0.166667 0.200000 0.233333 0.266667 0.300000 0.333333 0.366667 0.400000 0.433333 0.466667 0.500000
0.533333 0.566667 0.600000 0.633333 0.666667</float_array>
          <technique_common>
            <accessor source="#joint16-visibility-animation-input-array" count="21">
