<?xml version="1.0" encoding="utf-8"?>
<COLLADA xmlns="http://www.collada.org/2005/11/COLLADASchema" version="1.4.1">
  <asset>
    <contributor>
      <authoring_tool>FBX COLLADA exporter</authoring_tool>
    </contributor>
    <created>2020-05-07T08:44:30Z</created>
    <modified>2020-05-07T08:44:30Z</modified>
    <unit meter="0.010000" name="centimeter"/>
    <up_axis>Y_UP</up_axis>
  </asset>
  <library_animations>
    <animation id="roots-anim" name="roots">
      <animation>
        <source id="roots-Matrix-animation-input">
          <float_array id="roots-Matrix-animation-input-array" count="36">

0.000000 0.033333 0.066667 0.100000 0.133333 0.166667 0.200000 0.233333 0.266667 0.300000 0.333333 0.366667 0.400000 0.433333 0.466667 0.500000
0.533333 0.566667 0.600000 0.633333 0.666667 0.700000 0.733333 0.766667 0.800000 0.833333 0.866667 0.900000 0.933333 0.966667 1.000000 1.033333
1.066667 1.100000 1.133333 1.166667</float_array>
          <technique_common>
            <accessor source="#roots-Matrix-animation-input-array" count="36">
              <param name="TIME" type="float"/>
            </accessor>
          </technique_common>
        </source>
        <source id="roots-Matrix-animation-output-transform">
          <float_array id="roots-Matrix-animation-output-transform-array" count="576">

1.000000 0.000000 0.000000 0.000000 0.000000 1.000000 0.000000 -0.783635 0.000000 0.000000 1.000000 0.000000 0.000000 0.000000 0.000000 1.000000
1.000000 0.000000 0.000000 0.000000 0.000000 1.000000 0.000000 -0.773651 0.000000 0.000000 1.000000 0.000000 0.000000 0.000000 0.000000 1.000000
1.000000 0.000000 0.000000 0.000000 0.000000 1.000000 0.000000 -0.736547 0.000000 0.000000 1.000000 0.000000 0.000000 0.000000 0.000000 1.000000
1.000000 0.000000 0.000000 0.000000 0.000000 1.000000 0.000000 -0.677057 0.000000 0.000000 1.000000 0.000000 0.000000 0.000000 0.000000 1.000000
1.000000 0.000000 0.000000 0.000000 0.000000 1.000000 0.000000 -0.616127 0.000000 0.000000 1.000000 0.000000 0.000000 0.000000 0.000000 1.000000
1.000000 0.000000 0.000000 0.000000 0.000000 1.000000 0.000000 -0.555148 0.000000 0.000000 1.000000 0.000000 0.000000 0.000000 0.000000 1.000000
1.000000 0.000000 0.000000 0.000000 0.000000 1.000000 0.000000 -0.494234 0.000000 0.000000 1.000000 0.000000 0.000000 0.000000 0.000000 1.000000
1.000000 0.000000 0.000000 0.000000 0.000000 1.000000 0.000000 -0.433422 0.000000 0.000000 1.000000 0.000000 0.000000 0.000000 0.000000 1.000000
1.000000 0.000000 0.000000 0.000000 0.000000 1.000000 0.000000 -0.372754 0.000000 0.000000 1.000000 0.000000 0.000000 0.000000 0.000000 1.000000
1.000000 0.000000 0.000000 0.000000 0.000000 1.000000 0.000000 -0.312302 0.000000 0.000000 1.000000 0.000000 0.000000 0.000000 0.000000 1.000000
1.000000 0.000000 0.000000 0.000000 0.000000 1.000000 0.000000 -0.252189 0.000000 0.000000 1.000000 0.000000 0.000000 0.000000 0.000000 1.000000
1.000000 0.000000 0.000000 0.000000 0.000000 1.000000 0.000000 -0.192649 0.000000 0.000000 1.000000 0.000000 0.000000 0.000000 0.000000 1.000000
1.000000 0.000000 0.000000 0.000000 0.000000 1.000000 0.000000 -0.134176 0.000000 0.000000 1.000000 0.000000 0.000000 0.000000 0.000000 1.000000
1.000000 0.000000 0.000000 0.000000 0.000000 1.000000 0.000000 -0.076264 0.000000 0.000000 1.000000 0.000000 0.000000 0.000000 0.000000 1.000000
1.000000 0.000000 0.000000 0.000000 0.000000 1.000000 0.000000 -0.024084 0.000000 0.000000 1.000000 0.000000 0.000000 0.000000 0.000000 1.000000
1.000000 0.000000 0.000000 0.000000 0.000000 1.000000 0.000000 0.000000 0.000000 0.000000 1.000000 0.000000 0.000000 0.000000 0.000000 1.000000
1.000000 0.000000 0.000000 0.000000 0.000000 1.000000 0.000000 0.000000 0.000000 0.000000 1.000000 0.000000 0.000000 0.000000 0.000000 1.000000
1.000000 0.000000 0.000000 0.000000 0.000000 1.000000 0.000000 0.000000 0.000000 0.000000 1.000000 0.000000 0.000000 0.000000 0.000000 1.000000
1.000000 0.000000 0.000000 0.000000 0.000000 1.000000 0.000000 0.000000 0.000000 0.000000 1.000000 0.000000 0.000000 0.000000 0.000000 1.000000
1.000000 0.000000 0.000000 0.000000 0.000000 1.000000 0.000000 0.000000 0.000000 0.000000 1.000000 0.000000 0.000000 0.000000 0.000000 1.000000
1.000000 0.000000 0.000000 0.000000 0.000000 1.000000 0.000000 0.000000 0.000000 0.000000 1.000000 0.000000 0.000000 0.000000 0.000000 1.000000
1.000000 0.000000 0.000000 0.000000 0.000000 1.000000 0.000000 0.000000 0.000000 0.000000 1.000000 0.000000 0.000000 0.000000 0.000000 1.000000
1.000000 0.000000 0.000000 0.000000 0.000000 1.000000 0.000000 0.000000 0.000000 0.000000 1.000000 0.000000 0.000000 0.000000 0.000000 1.000000
1.000000 0.000000 0.000000 0.000000 0.000000 1.000000 0.000000 0.000000 0.000000 0.000000 1.000000 0.000000 0.000000 0.000000 0.000000 1.000000
1.000000 0.000000 0.000000 0.000000 0.000000 1.000000 0.000000 0.000000 0.000000 0.000000 1.000000 0.000000 0.000000 0.000000 0.000000 1.000000
1.000000 0.000000 0.000000 0.000000 0.000000 1.000000 0.000000 0.000000 0.000000 0.000000 1.000000 0.000000 0.000000 0.000000 0.000000 1.000000
1.000000 0.000000 0.000000 0.000000 0.000000 1.000000 0.000000 0.000000 0.000000 0.000000 1.000000 0.000000 0.000000 0.000000 0.000000 1.000000
1.000000 0.000000 0.000000 0.000000 0.000000 1.000000 0.000000 0.000000 0.000000 0.000000 1.000000 0.000000 0.000000 0.000000 0.000000 1.000000
1.000000 0.000000 0.000000 0.000000 0.000000 1.000000 0.000000 0.000000 0.000000 0.000000 1.000000 0.000000 0.000000 0.000000 0.000000 1.000000
1.000000 0.000000 0.000000 0.000000 0.000000 1.000000 0.000000 0.000000 0.000000 0.000000 1.000000 0.000000 0.000000 0.000000 0.000000 1.000000
1.000000 0.000000 0.000000 0.000000 0.000000 1.000000 0.000000 0.000000 0.000000 0.000000 1.000000 0.000000 0.000000 0.000000 0.000000 1.000000
1.000000 0.000000 0.000000 0.000000 0.000000 1.000000 0.000000 0.000000 0.000000 0.000000 1.000000 0.000000 0.000000 0.000000 0.000000 1.000000
1.000000 0.000000 0.000000 0.000000 0.000000 1.000000 0.000000 0.000000 0.000000 0.000000 1.000000 0.000000 0.000000 0.000000 0.000000 1.000000
1.000000 0.000000 0.000000 0.000000 0.000000 1.000000 0.000000 0.000000 0.000000 0.000000 1.000000 0.000000 0.000000 0.000000 0.000000 1.000000
1.000000 0.000000 0.000000 0.000000 0.000000 1.000000 0.000000 0.000000 0.000000 0.000000 1.000000 0.000000 0.000000 0.000000 0.000000 1.000000
1.000000 0.000000 0.000000 0.000000 0.000000 1.000000 0.000000 0.000000 0.000000 0.000000 1.000000 0.000000 0.000000 0.000000 0.000000 1.000000</float_array>
          <technique_common>
            <accessor source="#roots-Matrix-animation-output-transform-array" count="36" stride="16">
              <param type="float4x4"/>
            </accessor>
          </technique_common>
        </source>
        <source id="roots-Interpolations">
          <Name_array id="roots-Interpolations-array" count="36">
 LINEAR LINEAR LINEAR LINEAR LINEAR LINEAR LINEAR LINEAR LINEAR LINEAR LINEAR
LINEAR LINEAR LINEAR LINEAR LINEAR LINEAR LINEAR LINEAR LINEAR LINEAR LINEAR LINEAR
LINEAR LINEAR LINEAR LINEAR LINEAR LINEAR LINEAR LINEAR LINEAR LINEAR LINEAR LINEAR
LINEAR</Name_array>
          <technique_common>
            <accessor source="#roots-Interpolations-array" count="36">
              <param type="name"/>
            </accessor>
          </technique_common>
        </source>
        <sampler id="roots-Matrix-animation-transform">
          <input semantic="INPUT" source="#roots-Matrix-animation-input"/>
          <input semantic="OUTPUT" source="#roots-Matrix-animation-output-transform"/>
          <input semantic="INTERPOLATION" source="#roots-Interpolations"/>
        </sampler>
        <channel source="#roots-Matrix-animation-transform" target="roots/matrix"/>
      </animation>
      <animation>
        <source id="roots-visibility-animation-input">
          <float_array id="roots-visibility-animation-input-array" count="36">

0.000000 0.033333 0.066667 0.100000 0.133333 0.166667 0.200000 0.233333 0.266667 0.300000 0.333333 0.366667 0.400000 0.433333 0.466667 0.500000
0.533333 0.566667 0.600000 0.633333 0.666667 0.700000 0.733333 0.766667 0.800000 0.833333 0.866667 0.900000 0.933333 0.966667 1.000000 1.033333
1.066667 1.100000 1.133333 1.166667</float_array>
          <technique_common>
            <accessor source="#roots-visibility-animation-input-array" count="36">
              <param name="TIME" type="float"/>
            </accessor>
          </technique_common>
        </source>
        <source id="roots-visibility-animation-output">
          <float_array id="roots-visibility-animation-output-array" count="36">

1.000000 1.000000 1.000000 1.000000 1.000000 1.000000 1.000000 1.000000 1.000000 1.000000 1.000000 1.000000 1.000000 1.000000 1.000000 1.000000
1.000000 1.000000 1.000000 1.000000 1.000000 1.000000 1.000000 1.000000 1.000000 1.000000 1.000000 1.000000 1.000000 1.000000 1.000000 1.000000
1.000000 1.000000 1.000000 1.000000</float_array>
          <technique_common>
            <accessor source="#roots-visibility-animation-output-array" count="36">
              <param type="float"/>
            </accessor>
          </technique_common>
        </source>
        <source id="roots-visibility-animation-intan">
          <float_array id="roots-visibility-animation-intan-array" count="36">

0.000000 0.000000 0.000000 0.000000 0.000000 0.000000 0.000000 0.000000 0.000000 0.000000 0.000000 0.000000 0.000000 0.000000 0.000000 0.000000
0.000000 0.000000 0.000000 0.000000 0.000000 0.000000 0.000000 0.000000 0.000000 0.000000 0.000000 0.000000 0.000000 0.000000 0.000000 0.000000
0.000000 0.000000 0.000000 0.000000</float_array>
          <technique_common>
            <accessor source="#roots-visibility-animation-intan-array" count="36">
              <param type="float"/>
            </accessor>
          </technique_common>
        </source>
        <source id="roots-visibility-animation-outtan">
          <float_array id="roots-visibility-animation-outtan-array" count="36">

0.000000 0.000000 0.000000 0.000000 0.000000 0.000000 0.000000 0.000000 0.000000 0.000000 0.000000 0.000000 0.000000 0.000000 0.000000 0.000000
0.000000 0.000000 0.000000 0.000000 0.000000 0.000000 0.000000 0.000000 0.000000 0.000000 0.000000 0.000000 0.000000 0.000000 0.000000 0.000000
0.000000 0.000000 0.000000 0.000000</float_array>
          <technique_common>
            <accessor source="#roots-visibility-animation-outtan-array" count="36">
              <param type="float"/>
            </accessor>
          </technique_common>
        </source>
        <source id="roots-visibility-animation-interpolation">
          <Name_array id="roots-visibility-animation-interpolation-array" count="36">
 STEP STEP STEP STEP STEP STEP STEP STEP STEP STEP STEP STEP STEP STEP STEP STEP STEP
STEP STEP STEP STEP STEP STEP STEP STEP STEP STEP STEP STEP STEP STEP STEP STEP STEP STEP
STEP</Name_array>
          <technique_common>
            <accessor source="#roots-visibility-animation-interpolation-array" count="36">
              <param type="name"/>
            </accessor>
          </technique_common>
        </source>
        <sampler id="roots-visibility-animation">
          <input semantic="INPUT" source="#roots-visibility-animation-input"/>
          <input semantic="OUTPUT" source="#roots-visibility-animation-output"/>
          <input semantic="IN_TANGENT" source="#roots-visibility-animation-intan"/>
          <input semantic="OUT_TANGENT" source="#roots-visibility-animation-outtan"/>
          <input semantic="INTERPOLATION" source="#roots-visibility-animation-interpolation"/>
        </sampler>
        <channel source="#roots-visibility-animation" target="roots/visibility"/>
      </animation>
    </animation>
    <animation id="joint_root1-anim" name="joint_root1">
      <animation>
        <source id="joint_root1-Matrix-animation-input">
          <float_array id="joint_root1-Matrix-animation-input-array" count="36">

0.000000 0.033333 0.066667 0.100000 0.133333 0.166667 0.200000 0.233333 0.266667 0.300000 0.333333 0.366667 0.400000 0.433333 0.466667 0.500000
0.533333 0.566667 0.600000 0.633333 0.666667 0.700000 0.733333 0.766667 0.800000 0.833333 0.866667 0.900000 0.933333 0.966667 1.000000 1.033333
1.066667 1.100000 1.133333 1.166667</float_array>
          <technique_common>
            <accessor source="#joint_root1-Matrix-animation-input-array" count="36">
              <param name="TIME" type="float"/>
            </accessor>
          </technique_common>
        </source>
        <source id="joint_root1-Matrix-animation-output-transform">
          <float_array id="joint_root1-Matrix-animation-output-transform-array" count="576">

-0.092104 0.991993 -0.086411 1.620356 0.995684 0.092747 0.003446 -7.129156 0.011433 -0.085721 -0.996254 -0.039259 0.000000 0.000000 0.000000 1.000000
-0.092104 0.991993 -0.086411 1.620356 0.995684 0.092747 0.003446 -7.091474 0.011433 -0.085721 -0.996254 -0.039259 0.000000 0.000000 0.000000 1.000000
-0.092104 0.991993 -0.086411 1.620356 0.995684 0.092747 0.003446 -6.950709 0.011433 -0.085721 -0.996254 -0.039259 0.000000 0.000000 0.000000 1.000000
-0.092104 0.991993 -0.086411 1.620356 0.995684 0.092747 0.003446 -6.680114 0.011433 -0.085721 -0.996254 -0.039259 0.000000 0.000000 0.000000 1.000000
-0.092104 0.991993 -0.086411 1.620356 0.995684 0.092747 0.003446 -6.401025 0.011433 -0.085721 -0.996254 -0.039259 0.000000 0.000000 0.000000 1.000000
-0.092104 0.991993 -0.086411 1.620356 0.995684 0.092747 0.003446 -6.121448 0.011433 -0.085721 -0.996254 -0.039259 0.000000 0.000000 0.000000 1.000000
-0.092104 0.991993 -0.086411 1.620356 0.995684 0.092747 0.003446 -5.841981 0.011433 -0.085721 -0.996254 -0.039259 0.000000 0.000000 0.000000 1.000000
-0.092104 0.991993 -0.086411 1.620356 0.995684 0.092747 0.003446 -5.562727 0.011433 -0.085721 -0.996254 -0.039259 0.000000 0.000000 0.000000 1.000000
-0.092104 0.991993 -0.086411 1.620356 0.995684 0.092747 0.003446 -5.283783 0.011433 -0.085721 -0.996254 -0.039259 0.000000 0.000000 0.000000 1.000000
-0.092104 0.991993 -0.086411 1.620356 0.995684 0.092747 0.003446 -5.005299 0.011433 -0.085721 -0.996254 -0.039259 0.000000 0.000000 0.000000 1.000000
-0.092104 0.991993 -0.086411 1.620356 0.995684 0.092747 0.003446 -4.727540 0.011433 -0.085721 -0.996254 -0.039259 0.000000 0.000000 0.000000 1.000000
-0.092104 0.991993 -0.086411 1.620356 0.995684 0.092747 0.003446 -4.451004 0.011433 -0.085721 -0.996254 -0.039259 0.000000 0.000000 0.000000 1.000000
-0.092104 0.991993 -0.086411 1.620356 0.995684 0.092747 0.003446 -4.176748 0.011433 -0.085721 -0.996254 -0.039259 0.000000 0.000000 0.000000 1.000000
-0.092104 0.991993 -0.086411 1.620356 0.995684 0.092747 0.003446 -3.903690 0.011433 -0.085721 -0.996254 -0.039259 0.000000 0.000000 0.000000 1.000000
-0.092104 0.991993 -0.086411 1.620356 0.995684 0.092747 0.003446 -3.642872 0.011433 -0.085721 -0.996254 -0.039259 0.000000 0.000000 0.000000 1.000000
-0.092104 0.991993 -0.086411 1.620356 0.995684 0.092747 0.003446 -3.442063 0.011433 -0.085721 -0.996254 -0.039259 0.000000 0.000000 0.000000 1.000000
-0.092104 0.991993 -0.086411 1.615382 0.995684 0.092747 0.003446 -3.296084 0.011433 -0.085721 -0.996254 -0.040279 0.000000 0.000000 0.000000 1.000000
-0.092104 0.991993 -0.086411 1.596528 0.995684 0.092747 0.003446 -3.215750 0.011433 -0.085721 -0.996254 -0.044141 0.000000 0.000000 0.000000 1.000000
-0.092104 0.991993 -0.086411 1.558648 0.995684 0.092747 0.003446 -3.138543 0.011433 -0.085721 -0.996254 -0.051902 0.000000 0.000000 0.000000 1.000000
-0.092104 0.991993 -0.086411 1.519831 0.995684 0.092747 0.003446 -3.061509 0.011433 -0.085721 -0.996254 -0.059856 0.000000 0.000000 0.000000 1.000000
-0.092104 0.991993 -0.086411 1.480975 0.995684 0.092747 0.003446 -2.984504 0.011433 -0.085721 -0.996254 -0.067816 0.000000 0.000000 0.000000 1.000000
-0.092104 0.991993 -0.086411 1.442129 0.995684 0.092747 0.003446 -2.907527 0.011433 -0.085721 -0.996254 -0.075775 0.000000 0.000000 0.000000 1.000000
-0.092104 0.991993 -0.086411 1.403301 0.995684 0.092747 0.003446 -2.830584 0.011433 -0.085721 -0.996254 -0.083731 0.000000 0.000000 0.000000 1.000000
-0.092104 0.991993 -0.086411 1.364493 0.995684 0.092747 0.003446 -2.753681 0.011433 -0.085721 -0.996254 -0.091682 0.000000 0.000000 0.000000 1.000000
-0.092104 0.991993 -0.086411 1.325713 0.995684 0.092747 0.003446 -2.676833 0.011433 -0.085721 -0.996254 -0.099627 0.000000 0.000000 0.000000 1.000000
-0.092104 0.991993 -0.086411 1.286967 0.995684 0.092747 0.003446 -2.600053 0.011433 -0.085721 -0.996254 -0.107566 0.000000 0.000000 0.000000 1.000000
-0.092104 0.991993 -0.086411 1.248268 0.995684 0.092747 0.003446 -2.523367 0.011433 -0.085721 -0.996254 -0.115494 0.000000 0.000000 0.000000 1.000000
-0.092104 0.991993 -0.086411 1.209634 0.995684 0.092747 0.003446 -2.446808 0.011433 -0.085721 -0.996254 -0.123410 0.000000 0.000000 0.000000 1.000000
-0.092104 0.991993 -0.086411 1.171092 0.995684 0.092747 0.003446 -2.370432 0.011433 -0.085721 -0.996254 -0.131307 0.000000 0.000000 0.000000 1.000000
-0.092104 0.991993 -0.086411 1.132687 0.995684 0.092747 0.003446 -2.294327 0.011433 -0.085721 -0.996254 -0.139175 0.000000 0.000000 0.000000 1.000000
-0.092104 0.991993 -0.086411 1.094497 0.995684 0.092747 0.003446 -2.218649 0.011433 -0.085721 -0.996254 -0.147000 0.000000 0.000000 0.000000 1.000000
-0.092104 0.991993 -0.086411 1.056671 0.995684 0.092747 0.003446 -2.143693 0.011433 -0.085721 -0.996254 -0.154749 0.000000 0.000000 0.000000 1.000000
-0.092104 0.991993 -0.086411 1.019524 0.995684 0.092747 0.003446 -2.070080 0.011433 -0.085721 -0.996254 -0.162360 0.000000 0.000000 0.000000 1.000000
-0.092104 0.991993 -0.086411 0.983825 0.995684 0.092747 0.003446 -1.999339 0.011433 -0.085721 -0.996254 -0.169675 0.000000 0.000000 0.000000 1.000000
-0.092104 0.991993 -0.086411 0.951950 0.995684 0.092747 0.003446 -1.936174 0.011433 -0.085721 -0.996254 -0.176205 0.000000 0.000000 0.000000 1.000000
-0.092104 0.991993 -0.086411 0.934282 0.995684 0.092747 0.003446 -1.901163 0.011433 -0.085721 -0.996254 -0.179825 0.000000 0.000000 0.000000 1.000000</float_array>
          <technique_common>
            <accessor source="#joint_root1-Matrix-animation-output-transform-array" count="36" stride="16">
              <param type="float4x4"/>
            </accessor>
          </technique_common>
        </source>
        <source id="joint_root1-Interpolations">
          <Name_array id="joint_root1-Interpolations-array" count="36">
 LINEAR LINEAR LINEAR LINEAR LINEAR LINEAR LINEAR LINEAR LINEAR LINEAR LINEAR
LINEAR LINEAR LINEAR LINEAR LINEAR LINEAR LINEAR LINEAR LINEAR LINEAR LINEAR LINEAR
LINEAR LINEAR LINEAR LINEAR LINEAR LINEAR LINEAR LINEAR LINEAR LINEAR LINEAR LINEAR
LINEAR</Name_array>
          <technique_common>
            <accessor source="#joint_root1-Interpolations-array" count="36">
              <param type="name"/>
            </accessor>
          </technique_common>
        </source>
        <sampler id="joint_root1-Matrix-animation-transform">
          <input semantic="INPUT" source="#joint_root1-Matrix-animation-input"/>
          <input semantic="OUTPUT" source="#joint_root1-Matrix-animation-output-transform"/>
          <input semantic="INTERPOLATION" source="#joint_root1-Interpolations"/>
        </sampler>
        <channel source="#joint_root1-Matrix-animation-transform" target="joint_root1/matrix"/>
      </animation>
      <animation>
        <source id="joint_root1-visibility-animation-input">
          <float_array id="joint_root1-visibility-animation-input-array" count="36">

0.000000 0.033333 0.066667 0.100000 0.133333 0.166667 0.200000 0.233333 0.266667 0.300000 0.333333 0.366667 0.400000 0.433333 0.466667 0.500000
0.533333 0.566667 0.600000 0.633333 0.666667 0.700000 0.733333 0.766667 0.800000 0.833333 0.866667 0.900000 0.933333 0.966667 1.000000 1.033333
1.066667 1.100000 1.133333 1.166667</float_array>
          <technique_common>
            <accessor source="#joint_root1-visibility-animation-input-array" count="36">
              <param name="TIME" type="float"/>
            </accessor>
          </technique_common>
        </source>
        <source id="joint_root1-visibility-animation-output">
          <float_array id="joint_root1-visibility-animation-output-array" count="36">

1.000000 1.000000 1.000000 1.000000 1.000000 1.000000 1.000000 1.000000 1.000000 1.000000 1.000000 1.000000 1.000000 1.000000 1.000000 1.000000
1.000000 1.000000 1.000000 1.000000 1.000000 1.000000 1.000000 1.000000 1.000000 1.000000 1.000000 1.000000 1.000000 1.000000 1.000000 1.000000
1.000000 1.000000 1.000000 1.000000</float_array>
          <technique_common>
            <accessor source="#joint_root1-visibility-animation-output-array" count="36">
              <param type="float"/>
            </accessor>
          </technique_common>
        </source>
        <source id="joint_root1-visibility-animation-intan">
          <float_array id="joint_root1-visibility-animation-intan-array" count="36">

0.000000 0.000000 0.000000 0.000000 0.000000 0.000000 0.000000 0.000000 0.000000 0.000000 0.000000 0.000000 0.000000 0.000000 0.000000 0.000000
0.000000 0.000000 0.000000 0.000000 0.000000 0.000000 0.000000 0.000000 0.000000 0.000000 0.000000 0.000000 0.000000 0.000000 0.000000 0.000000
0.000000 0.000000 0.000000 0.000000</float_array>
          <technique_common>
            <accessor source="#joint_root1-visibility-animation-intan-array" count="36">
              <param type="float"/>
            </accessor>
          </technique_common>
        </source>
        <source id="joint_root1-visibility-animation-outtan">
          <float_array id="joint_root1-visibility-animation-outtan-array" count="36">

0.000000 0.000000 0.000000 0.000000 0.000000 0.000000 0.000000 0.000000 0.000000 0.000000 0.000000 0.000000 0.000000 0.000000 0.000000 0.000000
0.000000 0.000000 0.000000 0.000000 0.000000 0.000000 0.000000 0.000000 0.000000 0.000000 0.000000 0.000000 0.000000 0.000000 0.000000 0.000000
0.000000 0.000000 0.000000 0.000000</float_array>
          <technique_common>
            <accessor source="#joint_root1-visibility-animation-outtan-array" count="36">
              <param type="float"/>
            </accessor>
          </technique_common>
        </source>
        <source id="joint_root1-visibility-animation-interpolation">
          <Name_array id="joint_root1-visibility-animation-interpolation-array" count="36">
 STEP STEP STEP STEP STEP STEP STEP STEP STEP STEP STEP STEP STEP STEP STEP STEP STEP
STEP STEP STEP STEP STEP STEP STEP STEP STEP STEP STEP STEP STEP STEP STEP STEP STEP STEP
STEP</Name_array>
          <technique_common>
            <accessor source="#joint_root1-visibility-animation-interpolation-array" count="36">
              <param type="name"/>
            </accessor>
          </technique_common>
        </source>
        <sampler id="joint_root1-visibility-animation">
          <input semantic="INPUT" source="#joint_root1-visibility-animation-input"/>
          <input semantic="OUTPUT" source="#joint_root1-visibility-animation-output"/>
          <input semantic="IN_TANGENT" source="#joint_root1-visibility-animation-intan"/>
          <input semantic="OUT_TANGENT" source="#joint_root1-visibility-animation-outtan"/>
          <input semantic="INTERPOLATION" source="#joint_root1-visibility-animation-interpolation"/>
        </sampler>
        <channel source="#joint_root1-visibility-animation" target="joint_root1/visibility"/>
      </animation>
    </animation>
    <animation id="joint14-anim" name="joint14">
      <animation>
        <source id="joint14-Matrix-animation-input">
          <float_array id="joint14-Matrix-animation-input-array" count="36">

0.000000 0.033333 0.066667 0.100000 0.133333 0.166667 0.200000 0.233333 0.266667 0.300000 0.333333 0.366667 0.400000 0.433333 0.466667 0.500000
0.533333 0.566667 0.600000 0.633333 0.666667 0.700000 0.733333 0.766667 0.800000 0.833333 0.866667 0.900000 0.933333 0.966667 1.000000 1.033333
1.066667 1.100000 1.133333 1.166667</float_array>
          <technique_common>
            <accessor source="#joint14-Matrix-animation-input-array" count="36">
              <param name="TIME" type="float"/>
            </accessor>
          </technique_common>
        </source>
        <source id="joint14-Matrix-animation-output-transform">
          <float_array id="joint14-Matrix-animation-output-transform-array" count="576">

0.664455 -0.747278 -0.008672 1.608016 0.747094 0.664492 -0.017356 0.295742 0.018732 0.005053 0.999812 0.000606 0.000000 0.000000 0.000000 1.000000
0.664455 -0.747278 -0.008672 1.608016 0.747094 0.664492 -0.017356 0.295742 0.018732 0.005053 0.999812 0.000606 0.000000 0.000000 0.000000 1.000000
0.664455 -0.747278 -0.008672 1.608016 0.747094 0.664492 -0.017356 0.295742 0.018732 0.005053 0.999812 0.000606 0.000000 0.000000 0.000000 1.000000
0.664455 -0.747278 -0.008672 1.608016 0.747094 0.664492 -0.017356 0.295742 0.018732 0.005053 0.999812 0.000606 0.000000 0.000000 0.000000 1.000000
0.664455 -0.747278 -0.008672 1.608016 0.747094 0.664492 -0.017356 0.295742 0.018732 0.005053 0.999812 0.000606 0.000000 0.000000 0.000000 1.000000
0.664455 -0.747278 -0.008672 1.608016 0.747094 0.664492 -0.017356 0.295742 0.018732 0.005053 0.999812 0.000606 0.000000 0.000000 0.000000 1.000000
0.664455 -0.747278 -0.008672 1.608016 0.747094 0.664492 -0.017356 0.295742 0.018732 0.005053 0.999812 0.000606 0.000000 0.000000 0.000000 1.000000
0.664455 -0.747278 -0.008672 1.608016 0.747094 0.664492 -0.017356 0.295742 0.018732 0.005053 0.999812 0.000606 0.000000 0.000000 0.000000 1.000000
0.664455 -0.747278 -0.008672 1.608016 0.747094 0.664492 -0.017356 0.295742 0.018732 0.005053 0.999812 0.000606 0.000000 0.000000 0.000000 1.000000
0.664455 -0.747278 -0.008672 1.608016 0.747094 0.664492 -0.017356 0.295742 0.018732 0.005053 0.999812 0.000606 0.000000 0.000000 0.000000 1.000000
0.664455 -0.747278 -0.008672 1.608016 0.747094 0.664492 -0.017356 0.295742 0.018732 0.005053 0.999812 0.000606 0.000000 0.000000 0.000000 1.000000
0.664455 -0.747278 -0.008672 1.608016 0.747094 0.664492 -0.017356 0.295742 0.018732 0.005053 0.999812 0.000606 0.000000 0.000000 0.000000 1.000000
0.664455 -0.747278 -0.008672 1.608016 0.747094 0.664492 -0.017356 0.295742 0.018732 0.005053 0.999812 0.000606 0.000000 0.000000 0.000000 1.000000
0.664455 -0.747278 -0.008672 1.608016 0.747094 0.664492 -0.017356 0.295742 0.018732 0.005053 0.999812 0.000606 0.000000 0.000000 0.000000 1.000000
0.664455 -0.747278 -0.008672 1.608016 0.747094 0.664492 -0.017356 0.295742 0.018732 0.005053 0.999812 0.000606 0.000000 0.000000 0.000000 1.000000
0.664455 -0.747278 -0.008672 1.608016 0.747094 0.664492 -0.017356 0.295742 0.018732 0.005053 0.999812 0.000606 0.000000 0.000000 0.000000 1.000000
0.665701 -0.746178 -0.007757 1.608016 0.746028 0.665730 -0.015694 0.295742 0.016874 0.004661 0.999847 0.000606 0.000000 0.000000 0.000000 1.000000
0.670389 -0.741998 -0.004237 1.608016 0.741945 0.670395 -0.009422 0.295742 0.009831 0.003173 0.999947 0.000606 0.000000 0.000000 0.000000 1.000000
0.679630 -0.733549 0.003069 1.608016 0.733542 0.679637 0.003045 0.295742 -0.004320 0.000182 0.999991 0.000606 0.000000 0.000000 0.000000 1.000000
0.688847 -0.724825 0.010877 1.608016 0.724662 0.688927 0.015626 0.295742 -0.018820 -0.002882 0.999819 0.000606 0.000000 0.000000 0.000000 1.000000
0.697811 -0.716030 0.019011 1.608016 0.715507 0.698044 0.028015 0.295742 -0.033330 -0.005946 0.999427 0.000606 0.000000 0.000000 0.000000 1.000000
0.706501 -0.707179 0.027456 1.608016 0.706094 0.706977 0.040187 0.295742 -0.047830 -0.009006 0.998815 0.000606 0.000000 0.000000 0.000000 1.000000
0.714911 -0.698278 0.036201 1.608016 0.696434 0.715725 0.052133 0.295742 -0.062313 -0.012058 0.997984 0.000606 0.000000 0.000000 0.000000 1.000000
0.723032 -0.689331 0.045241 1.608016 0.686535 0.724289 0.063842 0.295742 -0.076776 -0.015100 0.996934 0.000606 0.000000 0.000000 0.000000 1.000000
0.730858 -0.680345 0.054565 1.608016 0.676407 0.732668 0.075306 0.295742 -0.091212 -0.018130 0.995666 0.000606 0.000000 0.000000 0.000000 1.000000
0.738382 -0.671323 0.064163 1.608016 0.666061 0.740863 0.086516 0.295742 -0.105616 -0.021146 0.994182 0.000606 0.000000 0.000000 0.000000 1.000000
0.745596 -0.662274 0.074024 1.608016 0.655508 0.748873 0.097461 0.295742 -0.119981 -0.024143 0.992483 0.000606 0.000000 0.000000 0.000000 1.000000
0.752492 -0.653205 0.084135 1.608016 0.644764 0.756695 0.108131 0.295742 -0.134296 -0.027120 0.990570 0.000606 0.000000 0.000000 0.000000 1.000000
0.759062 -0.644126 0.094480 1.608016 0.633844 0.764328 0.118511 0.295742 -0.148550 -0.030072 0.988448 0.000606 0.000000 0.000000 0.000000 1.000000
0.765296 -0.635051 0.105036 1.608016 0.622771 0.771765 0.128587 0.295742 -0.162722 -0.032994 0.986120 0.000606 0.000000 0.000000 0.000000 1.000000
0.771179 -0.626003 0.115769 1.608016 0.611581 0.778995 0.138335 0.295742 -0.176782 -0.035879 0.983596 0.000606 0.000000 0.000000 0.000000 1.000000
0.776692 -0.617021 0.126626 1.608016 0.600327 0.785994 0.147717 0.295742 -0.190672 -0.038713 0.980890 0.000606 0.000000 0.000000 0.000000 1.000000
0.781799 -0.608182 0.137499 1.608016 0.589120 0.792714 0.156661 0.295742 -0.204276 -0.041474 0.978034 0.000606 0.000000 0.000000 0.000000 1.000000
0.786414 -0.599674 0.148138 1.608016 0.578212 0.799028 0.165000 0.295742 -0.217312 -0.044103 0.975105 0.000606 0.000000 0.000000 0.000000 1.000000
0.790290 -0.592068 0.157789 1.608016 0.568363 0.804550 0.172229 0.295742 -0.228920 -0.046430 0.972337 0.000606 0.000000 0.000000 0.000000 1.000000
0.792339 -0.587848 0.163197 1.608016 0.562862 0.807563 0.176148 0.295742 -0.235340 -0.047711 0.970741 0.000606 0.000000 0.000000 0.000000 1.000000</float_array>
          <technique_common>
            <accessor source="#joint14-Matrix-animation-output-transform-array" count="36" stride="16">
              <param type="float4x4"/>
            </accessor>
          </technique_common>
        </source>
        <source id="joint14-Interpolations">
          <Name_array id="joint14-Interpolations-array" count="36">
 LINEAR LINEAR LINEAR LINEAR LINEAR LINEAR LINEAR LINEAR LINEAR LINEAR LINEAR
LINEAR LINEAR LINEAR LINEAR LINEAR LINEAR LINEAR LINEAR LINEAR LINEAR LINEAR LINEAR
LINEAR LINEAR LINEAR LINEAR LINEAR LINEAR LINEAR LINEAR LINEAR LINEAR LINEAR LINEAR
LINEAR</Name_array>
          <technique_common>
            <accessor source="#joint14-Interpolations-array" count="36">
              <param type="name"/>
            </accessor>
          </technique_common>
        </source>
        <sampler id="joint14-Matrix-animation-transform">
          <input semantic="INPUT" source="#joint14-Matrix-animation-input"/>
          <input semantic="OUTPUT" source="#joint14-Matrix-animation-output-transform"/>
          <input semantic="INTERPOLATION" source="#joint14-Interpolations"/>
        </sampler>
        <channel source="#joint14-Matrix-animation-transform" target="joint14/matrix"/>
      </animation>
      <animation>
        <source id="joint14-visibility-animation-input">
          <float_array id="joint14-visibility-animation-input-array" count="36">

0.000000 0.033333 0.066667 0.100000 0.133333 0.166667 0.200000 0.233333 0.266667 0.300000 0.333333 0.366667 0.400000 0.433333 0.466667 0.500000
0.533333 0.566667 0.600000 0.633333 0.666667 0.700000 0.733333 0.766667 0.800000 0.833333 0.866667 0.900000 0.933333 0.966667 1.000000 1.033333
1.066667 1.100000 1.133333 1.166667</float_array>
          <technique_common>
            <accessor source="#joint14-visibility-animation-input-array" count="36">
              <param name="TIME" type="float"/>
            </accessor>
          </technique_common>
        </source>
        <source id="joint14-visibility-animation-output">
          <float_array id="joint14-visibility-animation-output-array" count="36">

1.000000 1.000000 1.000000 1.000000 1.000000 1.000000 1.000000 1.000000 1.000000 1.000000 1.000000 1.000000 1.000000 1.000000 1.000000 1.000000
1.000000 1.000000 1.000000 1.000000 1.000000 1.000000 1.000000 1.000000 1.000000 1.000000 1.000000 1.000000 1.000000 1.000000 1.000000 1.000000
1.000000 1.000000 1.000000 1.000000</float_array>
          <technique_common>
            <accessor source="#joint14-visibility-animation-output-array" count="36">
              <param type="float"/>
            </accessor>
          </technique_common>
        </source>
        <source id="joint14-visibility-animation-intan">
          <float_array id="joint14-visibility-animation-intan-array" count="36">

0.000000 0.000000 0.000000 0.000000 0.000000 0.000000 0.000000 0.000000 0.000000 0.000000 0.000000 0.000000 0.000000 0.000000 0.000000 0.000000
0.000000 0.000000 0.000000 0.000000 0.000000 0.000000 0.000000 0.000000 0.000000 0.000000 0.000000 0.000000 0.000000 0.000000 0.000000 0.000000
0.000000 0.000000 0.000000 0.000000</float_array>
          <technique_common>
            <accessor source="#joint14-visibility-animation-intan-array" count="36">
              <param type="float"/>
            </accessor>
          </technique_common>
        </source>
        <source id="joint14-visibility-animation-outtan">
          <float_array id="joint14-visibility-animation-outtan-array" count="36">

0.000000 0.000000 0.000000 0.000000 0.000000 0.000000 0.000000 0.000000 0.000000 0.000000 0.000000 0.000000 0.000000 0.000000 0.000000 0.000000
0.000000 0.000000 0.000000 0.000000 0.000000 0.000000 0.000000 0.000000 0.000000 0.000000 0.000000 0.000000 0.000000 0.000000 0.000000 0.000000
0.000000 0.000000 0.000000 0.000000</float_array>
          <technique_common>
            <accessor source="#joint14-visibility-animation-outtan-array" count="36">
              <param type="float"/>
            </accessor>
          </technique_common>
        </source>
        <source id="joint14-visibility-animation-interpolation">
          <Name_array id="joint14-visibility-animation-interpolation-array" count="36">
 STEP STEP STEP STEP STEP STEP STEP STEP STEP STEP STEP STEP STEP STEP STEP STEP STEP
STEP STEP STEP STEP STEP STEP STEP STEP STEP STEP STEP STEP STEP STEP STEP STEP STEP STEP
STEP</Name_array>
          <technique_common>
            <accessor source="#joint14-visibility-animation-interpolation-array" count="36">
              <param type="name"/>
            </accessor>
          </technique_common>
        </source>
        <sampler id="joint14-visibility-animation">
          <input semantic="INPUT" source="#joint14-visibility-animation-input"/>
          <input semantic="OUTPUT" source="#joint14-visibility-animation-output"/>
          <input semantic="IN_TANGENT" source="#joint14-visibility-animation-intan"/>
          <input semantic="OUT_TANGENT" source="#joint14-visibility-animation-outtan"/>
          <input semantic="INTERPOLATION" source="#joint14-visibility-animation-interpolation"/>
        </sampler>
        <channel source="#joint14-visibility-animation" target="joint14/visibility"/>
      </animation>
    </animation>
    <animation id="joint15-anim" name="joint15">
      <animation>
        <source id="joint15-Matrix-animation-input">
          <float_array id="joint15-Matrix-animation-input-array" count="36">

0.000000 0.033333 0.066667 0.100000 0.133333 0.166667 0.200000 0.233333 0.266667 0.300000 0.333333 0.366667 0.400000 0.433333 0.466667 0.500000
0.533333 0.566667 0.600000 0.633333 0.666667 0.700000 0.733333 0.766667 0.800000 0.833333 0.866667 0.900000 0.933333 0.966667 1.000000 1.033333
1.066667 1.100000 1.133333 1.166667</float_array>
          <technique_common>
            <accessor source="#joint15-Matrix-animation-input-array" count="36">
              <param name="TIME" type="float"/>
            </accessor>
          </technique_common>
        </source>
        <source id="joint15-Matrix-animation-output-transform">
          <float_array id="joint15-Matrix-animation-output-transform-array" count="576">

0.667355 -0.744607 -0.014044 1.047271 0.743592 0.665162 0.068056 -0.816560 -0.041333 -0.055861 0.997583 -0.015003 0.000000 0.000000 0.000000 1.000000
0.669182 -0.743011 -0.011353 1.047271 0.741925 0.667191 0.066358 -0.816560 -0.041730 -0.052828 0.997731 -0.015003 0.000000 0.000000 0.000000 1.000000
0.675933 -0.736962 -0.001334 1.047271 0.735691 0.674659 0.059946 -0.816560 -0.043278 -0.041501 0.998201 -0.015003 0.000000 0.000000 0.000000 1.000000
0.686564 -0.726838 0.018375 1.047271 0.725491 0.686518 0.048530 -0.816560 -0.047889 -0.019988 0.998653 -0.015003 0.000000 0.000000 0.000000 1.000000
0.697180 -0.715774 0.040090 1.047271 0.714771 0.698328 0.037959 -0.816560 -0.055166 0.002191 0.998475 -0.015003 0.000000 0.000000 0.000000 1.000000
0.707591 -0.703929 0.061626 1.047271 0.703840 0.709851 0.026834 -0.816560 -0.062634 0.024387 0.997739 -0.015003 0.000000 0.000000 0.000000 1.000000
0.717779 -0.691330 0.082801 1.047271 0.692731 0.721039 0.015072 -0.816560 -0.070122 0.046540 0.996452 -0.015003 0.000000 0.000000 0.000000 1.000000
0.727734 -0.677994 0.103571 1.047271 0.681453 0.731857 0.002684 -0.816560 -0.077619 0.068626 0.994618 -0.015003 0.000000 0.000000 0.000000 1.000000
0.737446 -0.663943 0.123907 1.047271 0.670020 0.742272 -0.010307 -0.816560 -0.085129 0.090621 0.992240 -0.015003 0.000000 0.000000 0.000000 1.000000
0.746899 -0.649207 0.143778 1.047271 0.658450 0.752246 -0.023871 -0.816560 -0.092659 0.112499 0.989322 -0.015003 0.000000 0.000000 0.000000 1.000000
0.756070 -0.633828 0.163156 1.047271 0.646772 0.761738 -0.037958 -0.816560 -0.100224 0.134224 0.985870 -0.015003 0.000000 0.000000 0.000000 1.000000
0.764919 -0.617874 0.182018 1.047271 0.635034 0.770699 -0.052490 -0.816560 -0.107849 0.155738 0.981893 -0.015003 0.000000 0.000000 0.000000 1.000000
0.773365 -0.601472 0.200345 1.047271 0.623334 0.779053 -0.067313 -0.816560 -0.115592 0.176939 0.977410 -0.015003 0.000000 0.000000 0.000000 1.000000
0.781493 -0.584540 0.218131 1.047271 0.611590 0.786858 -0.082534 -0.816560 -0.123394 0.197906 0.972423 -0.015003 0.000000 0.000000 0.000000 1.000000
0.788472 -0.568234 0.235418 1.047271 0.600771 0.793548 -0.096725 -0.816560 -0.131853 0.217697 0.967069 -0.015003 0.000000 0.000000 0.000000 1.000000
0.790744 -0.557577 0.252648 1.047271 0.595075 0.796960 -0.103643 -0.816560 -0.143562 0.232300 0.961991 -0.015003 0.000000 0.000000 0.000000 1.000000
0.788477 -0.552108 0.271075 1.047271 0.594007 0.797873 -0.102737 -0.816560 -0.159561 0.242026 0.957060 -0.015003 0.000000 0.000000 0.000000 1.000000
0.784387 -0.548064 0.290454 1.047271 0.593339 0.799467 -0.093815 -0.816560 -0.180792 0.245925 0.952279 -0.015003 0.000000 0.000000 0.000000 1.000000
0.778726 -0.545484 0.309892 1.047271 0.593892 0.800156 -0.083922 -0.816560 -0.202184 0.249394 0.947061 -0.015003 0.000000 0.000000 0.000000 1.000000
0.772645 -0.542851 0.329139 1.047271 0.594200 0.800914 -0.073916 -0.816560 -0.223487 0.252685 0.941384 -0.015003 0.000000 0.000000 0.000000 1.000000
0.766206 -0.540094 0.348176 1.047271 0.594189 0.801787 -0.063849 -0.816560 -0.244678 0.255804 0.935252 -0.015003 0.000000 0.000000 0.000000 1.000000
0.759420 -0.537214 0.366992 1.047271 0.593852 0.802778 -0.053734 -0.816560 -0.265746 0.258746 0.928671 -0.015003 0.000000 0.000000 0.000000 1.000000
0.752292 -0.534215 0.385578 1.047271 0.593187 0.803884 -0.043580 -0.816560 -0.286679 0.261505 0.921646 -0.015003 0.000000 0.000000 0.000000 1.000000
0.744831 -0.531104 0.403924 1.047271 0.592193 0.805104 -0.033396 -0.816560 -0.307465 0.264075 0.914183 -0.015003 0.000000 0.000000 0.000000 1.000000
0.737044 -0.527886 0.422022 1.047271 0.590866 0.806436 -0.023193 -0.816560 -0.328090 0.266452 0.906289 -0.015003 0.000000 0.000000 0.000000 1.000000
0.728940 -0.524568 0.439859 1.047271 0.589207 0.807878 -0.012981 -0.816560 -0.348542 0.268630 0.897973 -0.015003 0.000000 0.000000 0.000000 1.000000
