<?xml version="1.0" encoding="utf-8"?>
<COLLADA xmlns="http://www.collada.org/2005/11/COLLADASchema" version="1.4.1">
  <asset><contributor><author>Mixamo</author><authoring_tool>COLLADA Mixamo exporter</authoring_tool><comments></comments></contributor><created>2020-03-29T15:37:15Z</created><modified>2020-03-29T15:37:15Z</modified><revision></revision><title></title><unit meter="0.025400"/><up_axis>Y_UP</up_axis></asset>
  <library_animations>
    <animation id="mixamorig_Hips-anim" name="mixamorig_Hips"><source id="mixamorig_Hips-Matrix-animation-input"><float_array id="mixamorig_Hips-Matrix-animation-input-array" count="54">

0.000000 0.033333 0.066667 0.100000 0.133333 0.166667 0.200000 0.233333 0.266667 0.300000 0.333333 0.366667 0.400000 0.433333 0.466667 0.500000
0.533333 0.566667 0.600000 0.633333 0.666667 0.700000 0.733333 0.766667 0.800000 0.833333 0.866667 0.900000 0.933333 0.966667 1.000000 1.033333
1.066667 1.100000 1.133333 1.166667 1.200000 1.233333 1.266667 1.300000 1.333333 1.366667 1.400000 1.433333 1.466667 1.500000 1.533333 1.566667
1.600000 1.633333 1.666667 1.700000 1.733333 1.766667</float_array><technique_common><accessor source="#mixamorig_Hips-Matrix-animation-input-array" count="54"><param name="TIME" type="float"/></accessor></technique_common></source><source id="mixamorig_Hips-Matrix-animation-output-transform"><float_array id="mixamorig_Hips-Matrix-animation-output-transform-array" count="864">

0.467922 -0.083537 -0.879813 0.573574 0.029696 0.996447 -0.078818 52.984642 0.883271 0.010754 0.468740 -0.569852 0.000000 0.000000 0.000000 1.000000
0.464030 -0.071348 -0.882941 0.618299 0.023707 0.997394 -0.068137 52.988605 0.885502 0.010685 0.464513 -0.572335 0.000000 0.000000 0.000000 1.000000
0.453950 -0.057495 -0.889170 0.659818 0.016674 0.998289 -0.056038 52.989620 0.890871 0.010612 0.454132 -0.568070 0.000000 0.000000 0.000000 1.000000
0.439860 -0.042633 -0.897054 0.702912 0.009108 0.999033 -0.043013 52.977844 0.898020 0.010750 0.439823 -0.559772 0.000000 0.000000 0.000000 1.000000
0.423989 -0.027416 -0.905252 0.747522 0.001427 0.999561 -0.029604 52.947109 0.905666 0.011260 0.423842 -0.541857 0.000000 0.000000 0.000000 1.000000
0.408671 -0.012519 -0.912596 0.783894 -0.006008 0.999847 -0.016406 52.890511 0.912662 0.012187 0.408533 -0.517416 0.000000 0.000000 0.000000 1.000000
0.396332 0.001391 -0.918106 0.813998 -0.012934 0.999908 -0.004068 52.802532 0.918016 0.013488 0.396313 -0.490980 0.000000 0.000000 0.000000 1.000000
0.390037 0.013474 -0.920701 0.837596 -0.019100 0.999796 0.006540 52.676876 0.920601 0.015035 0.390215 -0.463486 0.000000 0.000000 0.000000 1.000000
0.396363 0.020018 -0.917876 0.842449 -0.023570 0.999655 0.011624 52.508263 0.917791 0.017027 0.396698 -0.450411 0.000000 0.000000 0.000000 1.000000
0.408231 0.016215 -0.912735 0.813501 -0.024516 0.999676 0.006795 52.292732 0.912549 0.019602 0.408496 -0.444533 0.000000 0.000000 0.000000 1.000000
0.424616 0.007443 -0.905343 0.768802 -0.023323 0.999724 -0.002720 52.024452 0.905073 0.022270 0.424673 -0.460739 0.000000 0.000000 0.000000 1.000000
0.443986 -0.000539 -0.896033 0.735872 -0.021467 0.999706 -0.011239 51.714687 0.895776 0.024225 0.443844 -0.531714 0.000000 0.000000 0.000000 1.000000
0.465485 -0.005027 -0.885041 0.734225 -0.020300 0.999660 -0.016355 51.400867 0.884823 0.025579 0.465225 -0.622850 0.000000 0.000000 0.000000 1.000000
0.486796 -0.007135 -0.873487 0.761913 -0.019238 0.999637 -0.018887 51.096611 0.873304 0.025998 0.486482 -0.781116 0.000000 0.000000 0.000000 1.000000
0.510260 -0.004271 -0.860010 0.846824 -0.019358 0.999677 -0.016449 50.804482 0.859803 0.025041 0.510012 -0.932982 0.000000 0.000000 0.000000 1.000000
0.533266 0.000207 -0.845948 0.960036 -0.019633 0.999734 -0.012131 50.528484 0.845720 0.023078 0.533128 -1.100152 0.000000 0.000000 0.000000 1.000000
0.555713 0.006487 -0.831349 1.106313 -0.020827 0.999764 -0.006121 50.267956 0.831113 0.020716 0.555717 -1.281380 0.000000 0.000000 0.000000 1.000000
0.577432 0.012539 -0.816342 1.297572 -0.022222 0.999753 -0.000363 50.027168 0.816136 0.018351 0.577568 -1.468393 0.000000 0.000000 0.000000 1.000000
0.595557 0.011506 -0.803231 1.518272 -0.019725 0.999805 -0.000303 49.818565 0.803071 0.016024 0.595668 -1.661440 0.000000 0.000000 0.000000 1.000000
0.609276 0.005028 -0.792942 1.758808 -0.013952 0.999893 -0.004380 49.647171 0.792836 0.013732 0.609281 -1.862509 0.000000 0.000000 0.000000 1.000000
0.616480 -0.001880 -0.787369 1.978636 -0.007926 0.999932 -0.008594 49.516300 0.787331 0.011539 0.616423 -2.058275 0.000000 0.000000 0.000000 1.000000
0.617680 -0.009069 -0.786377 2.167404 -0.002064 0.999911 -0.013153 49.427612 0.786427 0.009747 0.617607 -2.241237 0.000000 0.000000 0.000000 1.000000
0.614002 -0.016059 -0.789141 2.334713 0.003094 0.999834 -0.017939 49.387028 0.789299 0.008573 0.613950 -2.396151 0.000000 0.000000 0.000000 1.000000
0.606816 -0.022394 -0.794527 2.447711 0.007174 0.999717 -0.022698 49.399155 0.794810 0.008073 0.606805 -2.504487 0.000000 0.000000 0.000000 1.000000
0.596236 -0.027605 -0.802335 2.519783 0.009805 0.999584 -0.027106 49.450584 0.802750 0.008295 0.596259 -2.567730 0.000000 0.000000 0.000000 1.000000
0.585496 -0.031381 -0.810067 2.575376 0.010801 0.999464 -0.030912 49.537041 0.810603 0.009350 0.585521 -2.598480 0.000000 0.000000 0.000000 1.000000
0.574948 -0.033995 -0.817483 2.630830 0.010535 0.999361 -0.034150 49.635052 0.818122 0.011022 0.574939 -2.616775 0.000000 0.000000 0.000000 1.000000
0.563916 -0.035637 -0.825063 2.672436 0.009250 0.999278 -0.036840 49.733147 0.825780 0.013142 0.563839 -2.627512 0.000000 0.000000 0.000000 1.000000
0.550956 -0.036490 -0.833736 2.720442 0.007143 0.999213 -0.039013 49.847427 0.834504 0.015539 0.550783 -2.633203 0.000000 0.000000 0.000000 1.000000
0.534678 -0.036756 -0.844256 2.803313 0.004399 0.999161 -0.040715 50.007973 0.845045 0.018055 0.534391 -2.635250 0.000000 0.000000 0.000000 1.000000
0.512743 -0.036615 -0.857761 2.898902 0.001169 0.999119 -0.041951 50.185024 0.858541 0.020507 0.512334 -2.635124 0.000000 0.000000 0.000000 1.000000
0.485114 -0.035261 -0.873740 2.980645 -0.003020 0.999113 -0.041997 50.435719 0.874446 0.023012 0.484577 -2.620161 0.000000 0.000000 0.000000 1.000000
0.449596 -0.031227 -0.892686 3.052077 -0.009508 0.999165 -0.039740 50.770912 0.893181 0.026355 0.448924 -2.579343 0.000000 0.000000 0.000000 1.000000
0.408278 -0.025465 -0.912502 3.090327 -0.015849 0.999262 -0.034977 51.150593 0.912720 0.028742 0.407573 -2.520982 0.000000 0.000000 0.000000 1.000000
0.364777 -0.018727 -0.930907 3.123415 -0.022476 0.999329 -0.028911 51.548985 0.930824 0.031469 0.364111 -2.441815 0.000000 0.000000 0.000000 1.000000
0.318720 -0.011648 -0.947777 3.132692 -0.028774 0.999345 -0.021958 51.982822 0.947412 0.034269 0.318176 -2.336389 0.000000 0.000000 0.000000 1.000000
0.274066 -0.004715 -0.961699 3.128434 -0.033864 0.999321 -0.014551 52.417122 0.961115 0.036555 0.273720 -2.201206 0.000000 0.000000 0.000000 1.000000
0.231232 0.001559 -0.972897 3.105486 -0.037984 0.999251 -0.007426 52.843636 0.972157 0.038671 0.231118 -2.041920 0.000000 0.000000 0.000000 1.000000
0.193028 0.006372 -0.981173 3.085802 -0.041648 0.999131 -0.001705 53.239830 0.980309 0.041192 0.193125 -1.873483 0.000000 0.000000 0.000000 1.000000
0.159919 0.007970 -0.987098 3.042339 -0.044059 0.999028 0.000928 53.556313 0.986146 0.043343 0.160114 -1.726772 0.000000 0.000000 0.000000 1.000000
0.129994 0.006280 -0.991495 2.995158 -0.044699 0.999000 0.000467 53.862106 0.990507 0.044258 0.130144 -1.562761 0.000000 0.000000 0.000000 1.000000
0.104585 0.003332 -0.994510 2.949211 -0.043468 0.999054 -0.001224 54.126686 0.993566 0.043357 0.104631 -1.410337 0.000000 0.000000 0.000000 1.000000
0.082001 -0.000430 -0.996632 2.898416 -0.040724 0.999163 -0.003781 54.366501 0.995800 0.040897 0.081915 -1.265254 0.000000 0.000000 0.000000 1.000000
0.061306 -0.004829 -0.998107 2.836083 -0.036980 0.999291 -0.007106 54.586914 0.997434 0.037345 0.061084 -1.119017 0.000000 0.000000 0.000000 1.000000
0.043718 -0.009695 -0.998997 2.775969 -0.033090 0.999390 -0.011147 54.771812 0.998496 0.033544 0.043371 -0.986426 0.000000 0.000000 0.000000 1.000000
0.028528 -0.014847 -0.999483 2.721649 -0.029351 0.999446 -0.015685 54.935280 0.999162 0.029783 0.028076 -0.844831 0.000000 0.000000 0.000000 1.000000
0.017191 -0.020106 -0.999650 2.682525 -0.026304 0.999443 -0.020554 55.079872 0.999506 0.026648 0.016653 -0.700508 0.000000 0.000000 0.000000 1.000000
0.008410 -0.025275 -0.999645 2.649657 -0.023277 0.999405 -0.025465 55.206135 0.999694 0.023483 0.007817 -0.562625 0.000000 0.000000 0.000000 1.000000
-0.000623 -0.030152 -0.999545 2.621877 -0.019861 0.999349 -0.030133 55.321167 0.999803 0.019833 -0.001221 -0.436290 0.000000 0.000000 0.000000 1.000000
-0.009172 -0.034560 -0.999361 2.601457 -0.016827 0.999266 -0.034402 55.409801 0.999816 0.016501 -0.009746 -0.331095 0.000000 0.000000 0.000000 1.000000
-0.016407 -0.038317 -0.999131 2.585806 -0.014582 0.999168 -0.038079 55.472130 0.999759 0.013945 -0.016953 -0.246507 0.000000 0.000000 0.000000 1.000000
-0.021133 -0.041246 -0.998925 2.577386 -0.013486 0.999069 -0.040967 55.511360 0.999686 0.012606 -0.021670 -0.180991 0.000000 0.000000 0.000000 1.000000
-0.023057 -0.043163 -0.998802 2.582881 -0.013067 0.998995 -0.042870 55.539021 0.999649 0.012063 -0.023597 -0.128359 0.000000 0.000000 0.000000 1.000000
-0.022601 -0.043893 -0.998781 2.609253 -0.012750 0.998967 -0.043613 55.552483 0.999663 0.011749 -0.023137 -0.092367 0.000000 0.000000 0.000000 1.000000</float_array><technique_common><accessor source="#mixamorig_Hips-Matrix-animation-output-transform-array" count="54" stride="16"><param type="float4x4"/></accessor></technique_common></source><source id="mixamorig_Hips-Interpolations"><Name_array id="mixamorig_Hips-Interpolations-array" count="54">
 LINEAR LINEAR LINEAR LINEAR LINEAR LINEAR LINEAR LINEAR LINEAR LINEAR LINEAR
LINEAR LINEAR LINEAR LINEAR LINEAR LINEAR LINEAR LINEAR LINEAR LINEAR LINEAR LINEAR
LINEAR LINEAR LINEAR LINEAR LINEAR LINEAR LINEAR LINEAR LINEAR LINEAR LINEAR LINEAR
LINEAR LINEAR LINEAR LINEAR LINEAR LINEAR LINEAR LINEAR LINEAR LINEAR LINEAR LINEAR
LINEAR LINEAR LINEAR LINEAR LINEAR LINEAR LINEAR</Name_array><technique_common><accessor source="#mixamorig_Hips-Interpolations-array" count="54"><param type="name"/></accessor></technique_common></source><sampler id="mixamorig_Hips-Matrix-animation-transform"><input semantic="INPUT" source="#mixamorig_Hips-Matrix-animation-input"/><input semantic="OUTPUT" source="#mixamorig_Hips-Matrix-animation-output-transform"/><input semantic="INTERPOLATION" source="#mixamorig_Hips-Interpolations"/></sampler><channel source="#mixamorig_Hips-Matrix-animation-transform" target="mixamorig_Hips/matrix"/></animation>
    <animation id="mixamorig_Spine-anim" name="mixamorig_Spine"><source id="mixamorig_Spine-Matrix-animation-input"><float_array id="mixamorig_Spine-Matrix-animation-input-array" count="54">

0.000000 0.033333 0.066667 0.100000 0.133333 0.166667 0.200000 0.233333 0.266667 0.300000 0.333333 0.366667 0.400000 0.433333 0.466667 0.500000
0.533333 0.566667 0.600000 0.633333 0.666667 0.700000 0.733333 0.766667 0.800000 0.833333 0.866667 0.900000 0.933333 0.966667 1.000000 1.033333
1.066667 1.100000 1.133333 1.166667 1.200000 1.233333 1.266667 1.300000 1.333333 1.366667 1.400000 1.433333 1.466667 1.500000 1.533333 1.566667
1.600000 1.633333 1.666667 1.700000 1.733333 1.766667</float_array><technique_common><accessor source="#mixamorig_Spine-Matrix-animation-input-array" count="54"><param name="TIME" type="float"/></accessor></technique_common></source><source id="mixamorig_Spine-Matrix-animation-output-transform"><float_array id="mixamorig_Spine-Matrix-animation-output-transform-array" count="864">

0.997226 0.074302 0.004310 0.000000 -0.073096 0.988652 -0.131239 10.622700 -0.014013 0.130560 0.991341 -1.407400 0.000000 0.000000 0.000000 1.000000
0.997257 0.073887 0.004369 0.000000 -0.072704 0.988938 -0.129289 10.622700 -0.013874 0.128617 0.991597 -1.407400 0.000000 0.000000 0.000000 1.000000
0.997363 0.072426 0.004684 0.000000 -0.071287 0.989698 -0.124158 10.622700 -0.013628 0.123496 0.992251 -1.407400 0.000000 0.000000 0.000000 1.000000
0.997526 0.070108 0.005241 0.000000 -0.069026 0.990814 -0.116293 10.622700 -0.013346 0.115643 0.993201 -1.407400 0.000000 0.000000 0.000000 1.000000
0.997728 0.067095 0.006021 0.000000 -0.066080 0.992153 -0.106139 10.622700 -0.013095 0.105500 0.994333 -1.407400 0.000000 0.000000 0.000000 1.000000
0.997953 0.063572 0.007004 -0.000000 -0.062633 0.993586 -0.094146 10.622700 -0.012944 0.093514 0.995534 -1.407400 0.000000 0.000000 0.000000 1.000000
0.998182 0.059713 0.008213 0.000000 -0.058858 0.994994 -0.080760 10.622700 -0.012995 0.080130 0.996700 -1.407400 0.000000 0.000000 0.000000 1.000000
0.998400 0.055719 0.009646 0.000000 -0.054959 0.996277 -0.066419 10.622700 -0.013311 0.065783 0.997745 -1.407400 0.000000 0.000000 0.000000 1.000000
0.998595 0.051796 0.011229 0.000000 -0.051151 0.997356 -0.051627 10.622700 -0.013874 0.050980 0.998603 -1.407400 0.000000 0.000000 0.000000 1.000000
0.998764 0.047972 0.013029 0.000000 -0.047463 0.998191 -0.036915 10.622700 -0.014776 0.036251 0.999233 -1.407400 0.000000 0.000000 0.000000 1.000000
0.998912 0.044154 0.014988 -0.000000 -0.043807 0.998781 -0.022730 10.622700 -0.015974 0.022049 0.999629 -1.407400 0.000000 0.000000 0.000000 1.000000
0.999050 0.040075 0.017126 0.000000 -0.039916 0.999158 -0.009530 10.622700 -0.017493 0.008837 0.999808 -1.407400 0.000000 0.000000 0.000000 1.000000
0.999182 0.035469 0.019433 0.000000 -0.035519 0.999367 0.002234 10.622700 -0.019341 -0.002922 0.999809 -1.407400 0.000000 0.000000 0.000000 1.000000
0.999290 0.029992 0.022816 0.000000 -0.030273 0.999469 0.012083 10.622700 -0.022442 -0.012766 0.999667 -1.407400 0.000000 0.000000 0.000000 1.000000
0.999262 0.023061 0.030734 0.000000 -0.023618 0.999561 0.017874 10.622700 -0.030308 -0.018587 0.999368 -1.407400 0.000000 0.000000 0.000000 1.000000
0.999016 0.014975 0.041737 -0.000000 -0.015824 0.999673 0.020088 10.622700 -0.041423 -0.020728 0.998927 -1.407400 0.000000 0.000000 0.000000 1.000000
0.998548 0.006571 0.053467 0.000000 -0.007608 0.999786 0.019227 10.622700 -0.053329 -0.019606 0.998384 -1.407400 0.000000 0.000000 0.000000 1.000000
0.997880 -0.001881 0.065049 0.000000 0.000730 0.999843 0.017713 10.622700 -0.065073 -0.017628 0.997725 -1.407400 0.000000 0.000000 0.000000 1.000000
0.996852 -0.008394 0.078842 0.000000 0.007196 0.999855 0.015465 10.622700 -0.078960 -0.014849 0.996767 -1.407400 0.000000 0.000000 0.000000 1.000000
0.995199 -0.011756 0.097160 0.000000 0.010598 0.999867 0.012424 10.622700 -0.097294 -0.011334 0.995191 -1.407400 0.000000 0.000000 0.000000 1.000000
0.992803 -0.010741 0.119277 0.000000 0.009813 0.999917 0.008365 10.622700 -0.119357 -0.007134 0.992826 -1.407400 0.000000 0.000000 0.000000 1.000000
0.989756 -0.007396 0.142577 0.000000 0.006994 0.999970 0.003321 10.622700 -0.142597 -0.002290 0.989778 -1.407400 0.000000 0.000000 0.000000 1.000000
0.986872 -0.003190 0.161476 -0.000000 0.003638 0.999990 -0.002481 10.622700 -0.161466 0.003036 0.986874 -1.407400 0.000000 0.000000 0.000000 1.000000
0.984522 0.001783 0.175251 -0.000000 -0.000220 0.999960 -0.008936 10.622700 -0.175260 0.008759 0.984483 -1.407400 0.000000 0.000000 0.000000 1.000000
0.982435 0.008282 0.186421 0.000000 -0.005372 0.999856 -0.016111 10.622700 -0.186527 0.014826 0.982338 -1.407400 0.000000 0.000000 0.000000 1.000000
0.980277 0.017862 0.196818 -0.000000 -0.013248 0.999606 -0.024735 10.622700 -0.197182 0.021639 0.980128 -1.407400 0.000000 0.000000 0.000000 1.000000
0.977609 0.031580 0.208047 0.000000 -0.024676 0.999058 -0.035700 10.622700 -0.208978 0.029767 0.977467 -1.407400 0.000000 0.000000 0.000000 1.000000
0.975040 0.042651 0.217894 0.000000 -0.033108 0.998334 -0.047263 10.622700 -0.219547 0.038870 0.974827 -1.407400 0.000000 0.000000 0.000000 1.000000
0.972969 0.052966 0.224780 0.000000 -0.040679 0.997432 -0.058947 10.622700 -0.227325 0.048209 0.972625 -1.407400 0.000000 0.000000 0.000000 1.000000
0.972129 0.063634 0.225645 0.000000 -0.048901 0.996327 -0.070297 10.622700 -0.229289 0.057304 0.971670 -1.407400 0.000000 0.000000 0.000000 1.000000
0.972744 0.074358 0.219634 0.000000 -0.058168 0.995153 -0.079289 10.622700 -0.224465 0.064353 0.972355 -1.407400 0.000000 0.000000 0.000000 1.000000
0.974562 0.084795 0.207460 0.000000 -0.069036 0.994233 -0.082069 10.622700 -0.213223 0.065660 0.974795 -1.407400 0.000000 0.000000 0.000000 1.000000
0.977322 0.094660 0.189425 -0.000000 -0.080610 0.993484 -0.080568 10.622700 -0.195818 0.063471 0.978584 -1.407400 0.000000 0.000000 0.000000 1.000000
0.979387 0.103247 0.173611 -0.000000 -0.090437 0.992670 -0.080169 10.622700 -0.180616 0.062816 0.981546 -1.407400 0.000000 0.000000 0.000000 1.000000
0.981532 0.110177 0.156383 -0.000000 -0.099197 0.992132 -0.076387 10.622700 -0.163569 0.059463 0.984738 -1.407400 0.000000 0.000000 0.000000 1.000000
0.983473 0.115608 0.139341 0.000000 -0.106303 0.991687 -0.072496 10.622700 -0.146564 0.056486 0.987587 -1.407400 0.000000 0.000000 0.000000 1.000000
0.984725 0.119727 0.126420 0.000000 -0.111763 0.991382 -0.068343 10.622700 -0.133513 0.053170 0.989620 -1.407400 0.000000 0.000000 0.000000 1.000000
0.985655 0.122758 0.115821 0.000000 -0.115757 0.991124 -0.065372 10.622700 -0.122818 0.051027 0.991117 -1.407400 0.000000 0.000000 0.000000 1.000000
0.986642 0.124981 0.104482 0.000000 -0.118981 0.990970 -0.061829 10.622700 -0.111266 0.048572 0.992603 -1.407400 0.000000 0.000000 0.000000 1.000000
0.988001 0.126689 0.088343 0.000000 -0.122133 0.990976 -0.055224 10.622700 -0.094542 0.043772 0.994558 -1.407400 0.000000 0.000000 0.000000 1.000000
0.988940 0.127727 0.075393 0.000000 -0.124487 0.991143 -0.046238 10.622700 -0.080631 0.036341 0.996081 -1.407400 0.000000 0.000000 0.000000 1.000000
0.989909 0.128476 0.059786 0.000000 -0.126527 0.991334 -0.035326 10.622700 -0.063806 0.027405 0.997586 -1.407400 0.000000 0.000000 0.000000 1.000000
0.990611 0.129036 0.045156 -0.000000 -0.128050 0.991475 -0.024091 10.622700 -0.047880 0.018082 0.998689 -1.407400 0.000000 0.000000 0.000000 1.000000
0.991073 0.129606 0.031255 0.000000 -0.129227 0.991518 -0.013875 10.622700 -0.032788 0.009712 0.999415 -1.407400 0.000000 0.000000 0.000000 1.000000
0.991274 0.130347 0.019625 0.000000 -0.130264 0.991464 -0.005447 10.622700 -0.020168 0.002843 0.999793 -1.407400 0.000000 0.000000 0.000000 1.000000
0.991282 0.131451 0.008925 0.000000 -0.131476 0.991317 0.002241 10.622700 -0.008553 -0.003395 0.999958 -1.407400 0.000000 0.000000 0.000000 1.000000
0.991153 0.132724 -0.000359 0.000000 -0.132714 0.991109 0.009494 10.622700 0.001616 -0.009363 0.999955 -1.407400 0.000000 0.000000 0.000000 1.000000
0.990804 0.135107 -0.007262 0.000000 -0.134978 0.990719 0.016043 10.622700 0.009362 -0.014916 0.999845 -1.407400 0.000000 0.000000 0.000000 1.000000
0.990525 0.136902 -0.010867 0.000000 -0.136645 0.990384 0.021606 10.622700 0.013720 -0.019916 0.999708 -1.407400 0.000000 0.000000 0.000000 1.000000
0.990341 0.137964 -0.013778 0.000000 -0.137569 0.990140 0.026430 10.622700 0.017289 -0.024279 0.999556 -1.407400 0.000000 0.000000 0.000000 1.000000
0.990152 0.139017 -0.016510 0.000000 -0.138473 0.989897 0.030477 10.622700 0.020580 -0.027890 0.999399 -1.407400 0.000000 0.000000 0.000000 1.000000
0.989982 0.139938 -0.018808 0.000000 -0.139258 0.989686 0.033587 10.622700 0.023314 -0.030631 0.999259 -1.407400 0.000000 0.000000 0.000000 1.000000
0.989950 0.139938 -0.020416 -0.000000 -0.139159 0.989631 0.035582 10.622700 0.025184 -0.032384 0.999158 -1.407400 0.000000 0.000000 0.000000 1.000000
0.990059 0.139060 -0.021097 -0.000000 -0.138241 0.989732 0.036321 10.622700 0.025931 -0.033044 0.999117 -1.407400 0.000000 0.000000 0.000000 1.000000</float_array><technique_common><accessor source="#mixamorig_Spine-Matrix-animation-output-transform-array" count="54" stride="16"><param type="float4x4"/></accessor></technique_common></source><source id="mixamorig_Spine-Interpolations"><Name_array id="mixamorig_Spine-Interpolations-array" count="54">
 LINEAR LINEAR LINEAR LINEAR LINEAR LINEAR LINEAR LINEAR LINEAR LINEAR LINEAR
LINEAR LINEAR LINEAR LINEAR LINEAR LINEAR LINEAR LINEAR LINEAR LINEAR LINEAR LINEAR
LINEAR LINEAR LINEAR LINEAR LINEAR LINEAR LINEAR LINEAR LINEAR LINEAR LINEAR LINEAR
LINEAR LINEAR LINEAR LINEAR LINEAR LINEAR LINEAR LINEAR LINEAR LINEAR LINEAR LINEAR
LINEAR LINEAR LINEAR LINEAR LINEAR LINEAR LINEAR</Name_array><technique_common><accessor source="#mixamorig_Spine-Interpolations-array" count="54"><param type="name"/></accessor></technique_common></source><sampler id="mixamorig_Spine-Matrix-animation-transform"><input semantic="INPUT" source="#mixamorig_Spine-Matrix-animation-input"/><input semantic="OUTPUT" source="#mixamorig_Spine-Matrix-animation-output-transform"/><input semantic="INTERPOLATION" source="#mixamorig_Spine-Interpolations"/></sampler><channel source="#mixamorig_Spine-Matrix-animation-transform" target="mixamorig_Spine/matrix"/></animation>
    <animation id="mixamorig_Spine1-anim" name="mixamorig_Spine1"><source id="mixamorig_Spine1-Matrix-animation-input"><float_array id="mixamorig_Spine1-Matrix-animation-input-array" count="54">

0.000000 0.033333 0.066667 0.100000 0.133333 0.166667 0.200000 0.233333 0.266667 0.300000 0.333333 0.366667 0.400000 0.433333 0.466667 0.500000
0.533333 0.566667 0.600000 0.633333 0.666667 0.700000 0.733333 0.766667 0.800000 0.833333 0.866667 0.900000 0.933333 0.966667 1.000000 1.033333
1.066667 1.100000 1.133333 1.166667 1.200000 1.233333 1.266667 1.300000 1.333333 1.366667 1.400000 1.433333 1.466667 1.500000 1.533333 1.566667
1.600000 1.633333 1.666667 1.700000 1.733333 1.766667</float_array><technique_common><accessor source="#mixamorig_Spine1-Matrix-animation-input-array" count="54"><param name="TIME" type="float"/></accessor></technique_common></source><source id="mixamorig_Spine1-Matrix-animation-output-transform"><float_array id="mixamorig_Spine1-Matrix-animation-output-transform-array" count="864">

0.998755 0.047140 0.016303 0.000000 -0.045230 0.993710 -0.102447 12.501400 -0.021030 0.101582 0.994605 0.000000 0.000000 0.000000 0.000000 1.000000
0.998824 0.045889 0.015652 0.000000 -0.044069 0.993855 -0.101537 12.501400 -0.020215 0.100728 0.994709 0.000000 0.000000 0.000000 0.000000 1.000000
0.998986 0.042790 0.013978 0.000000 -0.041199 0.994223 -0.099110 12.501400 -0.018138 0.098434 0.994978 0.000000 0.000000 0.000000 0.000000 1.000000
0.999198 0.038367 0.011482 0.000000 -0.037099 0.994746 -0.095418 12.501400 -0.015083 0.094916 0.995371 -0.000000 0.000000 0.000000 0.000000 1.000000
0.999416 0.033141 0.008372 0.000000 -0.032246 0.995355 -0.090711 12.501400 -0.011340 0.090388 0.995842 -0.000000 0.000000 0.000000 0.000000 1.000000
0.999606 0.027632 0.004854 -0.000000 -0.027118 0.995992 -0.085234 12.501400 -0.007189 0.085069 0.996349 -0.000000 0.000000 0.000000 0.000000 1.000000
0.999749 0.022362 0.001132 0.000000 -0.022202 0.996610 -0.079224 12.501400 -0.002899 0.079179 0.996856 0.000000 0.000000 0.000000 0.000000 1.000000
0.999836 0.017909 -0.002573 0.000000 -0.018049 0.997176 -0.072895 12.501400 0.001261 0.072929 0.997336 0.000000 0.000000 0.000000 0.000000 1.000000
0.999871 0.014909 -0.006014 0.000000 -0.015276 0.997671 -0.066478 12.501400 0.005009 0.066561 0.997770 0.000000 0.000000 0.000000 0.000000 1.000000
0.999863 0.013901 -0.008998 -0.000000 -0.014418 0.998083 -0.060181 12.501400 0.008144 0.060302 0.998147 0.000000 0.000000 0.000000 0.000000 1.000000
0.999820 0.015263 -0.011309 0.000000 -0.015855 0.998403 -0.054227 12.501400 0.010464 0.054396 0.998465 0.000000 0.000000 0.000000 0.000000 1.000000
0.999754 0.018204 -0.012710 0.000000 -0.018805 0.998629 -0.048861 12.501400 0.011803 0.049088 0.998725 0.000000 0.000000 0.000000 0.000000 1.000000
0.999686 0.021461 -0.012960 0.000000 -0.022017 0.998774 -0.044341 12.501400 0.011993 0.044613 0.998932 -0.000000 0.000000 0.000000 0.000000 1.000000
0.999669 0.023813 -0.009706 0.000000 -0.024191 0.998868 -0.040968 12.501400 0.008719 0.041190 0.999113 0.000000 0.000000 0.000000 0.000000 1.000000
0.999702 0.024057 -0.004024 0.000000 -0.024200 0.998891 -0.040383 12.501400 0.003048 0.040468 0.999176 -0.000000 0.000000 0.000000 0.000000 1.000000
0.999706 0.024071 0.002781 0.000000 -0.023936 0.998863 -0.041226 12.501400 -0.003770 0.041148 0.999146 0.000000 0.000000 0.000000 0.000000 1.000000
0.999663 0.023982 0.009936 -0.000000 -0.023526 0.998767 -0.043727 12.501400 -0.010972 0.043478 0.998994 0.000000 0.000000 0.000000 0.000000 1.000000
0.999571 0.023837 0.017008 0.000000 -0.023014 0.998627 -0.047067 12.501400 -0.018107 0.046655 0.998747 -0.000000 0.000000 0.000000 0.000000 1.000000
0.999420 0.023710 0.024453 0.000000 -0.022444 0.998456 -0.050810 12.501400 -0.025620 0.050232 0.998409 0.000000 0.000000 0.000000 0.000000 1.000000
0.999189 0.023641 0.032590 -0.000000 -0.021838 0.998268 -0.054620 12.501400 -0.033825 0.053864 0.997975 0.000000 0.000000 0.000000 0.000000 1.000000
0.998884 0.023647 0.040880 0.000000 -0.021248 0.998082 -0.058145 12.501400 -0.042177 0.057212 0.997471 0.000000 0.000000 0.000000 0.000000 1.000000
0.998520 0.023774 0.048913 -0.000000 -0.020775 0.997925 -0.060935 12.501400 -0.050260 0.059829 0.996943 0.000000 0.000000 0.000000 0.000000 1.000000
0.998169 0.024045 0.055496 0.000000 -0.020571 0.997842 -0.062354 12.501400 -0.056876 0.061098 0.996510 0.000000 0.000000 0.000000 0.000000 1.000000
0.997882 0.024633 0.060202 0.000000 -0.020907 0.997872 -0.061753 12.501400 -0.061595 0.060363 0.996274 -0.000000 0.000000 0.000000 0.000000 1.000000
0.997598 0.026485 0.064012 0.000000 -0.022586 0.997889 -0.060882 12.501400 -0.065489 0.059290 0.996090 0.000000 0.000000 0.000000 0.000000 1.000000
0.997288 0.028915 0.067675 0.000000 -0.024764 0.997806 -0.061393 12.501400 -0.069302 0.059551 0.995817 -0.000000 0.000000 0.000000 0.000000 1.000000
0.996918 0.031707 0.071753 -0.000000 -0.027182 0.997631 -0.063191 12.501400 -0.073586 0.061046 0.995419 0.000000 0.000000 0.000000 0.000000 1.000000
0.996587 0.033667 0.075368 -0.000000 -0.028756 0.997449 -0.065332 12.501400 -0.077375 0.062942 0.995013 0.000000 0.000000 0.000000 0.000000 1.000000
0.996311 0.035685 0.078043 0.000000 -0.030401 0.997231 -0.067871 12.501400 -0.080249 0.065248 0.994637 0.000000 0.000000 0.000000 0.000000 1.000000
0.996172 0.037838 0.078803 0.000000 -0.032265 0.996967 -0.070827 12.501400 -0.081244 0.068013 0.994371 0.000000 0.000000 0.000000 0.000000 1.000000
0.996217 0.039830 0.077236 -0.000000 -0.034252 0.996799 -0.072243 12.501400 -0.079866 0.069324 0.994392 -0.000000 0.000000 0.000000 0.000000 1.000000
0.996443 0.041378 0.073406 -0.000000 -0.036150 0.996809 -0.071172 12.501400 -0.076117 0.068265 0.994759 -0.000000 0.000000 0.000000 0.000000 1.000000
0.996826 0.042193 0.067507 0.000000 -0.037549 0.996935 -0.068642 12.501400 -0.070197 0.065889 0.995355 0.000000 0.000000 0.000000 0.000000 1.000000
0.997212 0.041247 0.062183 0.000000 -0.037101 0.997102 -0.066415 12.501400 -0.064742 0.063923 0.995853 0.000000 0.000000 0.000000 0.000000 1.000000
0.997609 0.040082 0.056307 0.000000 -0.036474 0.997302 -0.063712 12.501400 -0.058709 0.061506 0.996379 0.000000 0.000000 0.000000 0.000000 1.000000
0.997975 0.038732 0.050461 0.000000 -0.035599 0.997468 -0.061566 12.501400 -0.052718 0.059645 0.996827 0.000000 0.000000 0.000000 0.000000 1.000000
0.998266 0.036824 0.045918 0.000000 -0.034049 0.997629 -0.059810 12.501400 -0.048012 0.058143 0.997153 0.000000 0.000000 0.000000 0.000000 1.000000
0.998513 0.034647 0.042081 0.000000 -0.032158 0.997773 -0.058444 12.501400 -0.044012 0.057003 0.997403 0.000000 0.000000 0.000000 0.000000 1.000000
0.998755 0.032337 0.037992 0.000000 -0.030128 0.997901 -0.057323 12.501400 -0.039766 0.056107 0.997633 0.000000 0.000000 0.000000 0.000000 1.000000
0.999024 0.030033 0.032378 0.000000 -0.028178 0.998016 -0.056302 12.501400 -0.034005 0.055335 0.997889 0.000000 0.000000 0.000000 0.000000 1.000000
0.999228 0.027921 0.027640 -0.000000 -0.026356 0.998115 -0.055420 12.501400 -0.029136 0.054649 0.998080 0.000000 0.000000 0.000000 0.000000 1.000000
0.999410 0.026168 0.022254 -0.000000 -0.024920 0.998197 -0.054604 12.501400 -0.023643 0.054017 0.998260 0.000000 0.000000 0.000000 0.000000 1.000000
0.999543 0.024894 0.017139 0.000000 -0.023939 0.998263 -0.053832 12.501400 -0.018449 0.053397 0.998403 0.000000 0.000000 0.000000 0.000000 1.000000
0.999635 0.024105 0.012203 0.000000 -0.023425 0.998317 -0.053060 12.501400 -0.013461 0.052755 0.998517 0.000000 0.000000 0.000000 0.000000 1.000000
0.999688 0.023681 0.007951 -0.000000 -0.023234 0.998363 -0.052255 12.501400 -0.009175 0.052054 0.998602 0.000000 0.000000 0.000000 0.000000 1.000000
0.999715 0.023499 0.004093 0.000000 -0.023258 0.998410 -0.051348 12.501400 -0.005293 0.051238 0.998672 0.000000 0.000000 0.000000 0.000000 1.000000
0.999725 0.023435 0.000710 0.000000 -0.023370 0.998459 -0.050335 12.501400 -0.001889 0.050304 0.998732 0.000000 0.000000 0.000000 0.000000 1.000000
0.999725 0.023369 -0.001826 0.000000 -0.023431 0.998508 -0.049324 12.501400 0.000671 0.049353 0.998781 0.000000 0.000000 0.000000 0.000000 1.000000
0.999727 0.023157 -0.003157 0.000000 -0.023283 0.998554 -0.048455 12.501400 0.002030 0.048515 0.998820 0.000000 0.000000 0.000000 0.000000 1.000000
0.999734 0.022648 -0.004276 0.000000 -0.022827 0.998595 -0.047819 12.501400 0.003187 0.047904 0.998847 0.000000 0.000000 0.000000 0.000000 1.000000
0.999742 0.022082 -0.005345 0.000000 -0.022311 0.998620 -0.047540 12.501400 0.004288 0.047647 0.998855 0.000000 0.000000 0.000000 0.000000 1.000000
0.999751 0.021410 -0.006248 0.000000 -0.021683 0.998628 -0.047665 12.501400 0.005219 0.047789 0.998844 0.000000 0.000000 0.000000 0.000000 1.000000
0.999762 0.020713 -0.006878 0.000000 -0.021020 0.998625 -0.048022 12.501400 0.005874 0.048155 0.998823 0.000000 0.000000 0.000000 0.000000 1.000000
0.999776 0.019916 -0.007114 0.000000 -0.020238 0.998624 -0.048371 12.501400 0.006141 0.048504 0.998804 0.000000 0.000000 0.000000 0.000000 1.000000</float_array><technique_common><accessor source="#mixamorig_Spine1-Matrix-animation-output-transform-array" count="54" stride="16"><param type="float4x4"/></accessor></technique_common></source><source id="mixamorig_Spine1-Interpolations"><Name_array id="mixamorig_Spine1-Interpolations-array" count="54">
 LINEAR LINEAR LINEAR LINEAR LINEAR LINEAR LINEAR LINEAR LINEAR LINEAR LINEAR
LINEAR LINEAR LINEAR LINEAR LINEAR LINEAR LINEAR LINEAR LINEAR LINEAR LINEAR LINEAR
LINEAR LINEAR LINEAR LINEAR LINEAR LINEAR LINEAR LINEAR LINEAR LINEAR LINEAR LINEAR
LINEAR LINEAR LINEAR LINEAR LINEAR LINEAR LINEAR LINEAR LINEAR LINEAR LINEAR LINEAR
LINEAR LINEAR LINEAR LINEAR LINEAR LINEAR LINEAR</Name_array><technique_common><accessor source="#mixamorig_Spine1-Interpolations-array" count="54"><param type="name"/></accessor></technique_common></source><sampler id="mixamorig_Spine1-Matrix-animation-transform"><input semantic="INPUT" source="#mixamorig_Spine1-Matrix-animation-input"/><input semantic="OUTPUT" source="#mixamorig_Spine1-Matrix-animation-output-transform"/><input semantic="INTERPOLATION" source="#mixamorig_Spine1-Interpolations"/></sampler><channel source="#mixamorig_Spine1-Matrix-animation-transform" target="mixamorig_Spine1/matrix"/></animation>
    <animation id="mixamorig_Spine2-anim" name="mixamorig_Spine2"><source id="mixamorig_Spine2-Matrix-animation-input"><float_array id="mixamorig_Spine2-Matrix-animation-input-array" count="54">

0.000000 0.033333 0.066667 0.100000 0.133333 0.166667 0.200000 0.233333 0.266667 0.300000 0.333333 0.366667 0.400000 0.433333 0.466667 0.500000
0.533333 0.566667 0.600000 0.633333 0.666667 0.700000 0.733333 0.766667 0.800000 0.833333 0.866667 0.900000 0.933333 0.966667 1.000000 1.033333
1.066667 1.100000 1.133333 1.166667 1.200000 1.233333 1.266667 1.300000 1.333333 1.366667 1.400000 1.433333 1.466667 1.500000 1.533333 1.566667
1.600000 1.633333 1.666667 1.700000 1.733333 1.766667</float_array><technique_common><accessor source="#mixamorig_Spine2-Matrix-animation-input-array" count="54"><param name="TIME" type="float"/></accessor></technique_common></source><source id="mixamorig_Spine2-Matrix-animation-output-transform"><float_array id="mixamorig_Spine2-Matrix-animation-output-transform-array" count="864">

0.998694 0.047894 0.017769 -0.000000 -0.045833 0.993689 -0.102375 14.287300 -0.022560 0.101427 0.994587 0.000000 0.000000 0.000000 0.000000 1.000000
0.998770 0.046547 0.017090 -0.000000 -0.044581 0.993839 -0.101474 14.287300 -0.021708 0.100588 0.994691 0.000000 0.000000 0.000000 0.000000 1.000000
0.998948 0.043212 0.015338 0.000000 -0.041486 0.994215 -0.099070 14.287300 -0.019531 0.098330 0.994962 0.000000 0.000000 0.000000 0.000000 1.000000
0.999179 0.038452 0.012725 0.000000 -0.037066 0.994747 -0.095416 14.287300 -0.016327 0.094866 0.995356 0.000000 0.000000 0.000000 0.000000 1.000000
0.999416 0.032828 0.009462 0.000000 -0.031836 0.995363 -0.090764 14.287300 -0.012398 0.090410 0.995827 0.000000 0.000000 0.000000 0.000000 1.000000
0.999621 0.026905 0.005769 0.000000 -0.026315 0.996003 -0.085357 14.287300 -0.008043 0.085173 0.996334 -0.000000 0.000000 0.000000 0.000000 1.000000
0.999773 0.021241 0.001856 0.000000 -0.021027 0.996619 -0.079425 14.287300 -0.003537 0.079368 0.996839 0.000000 0.000000 0.000000 0.000000 1.000000
0.999862 0.016463 -0.002045 0.000000 -0.016568 0.997181 -0.073186 14.287300 0.000835 0.073209 0.997316 -0.000000 0.000000 0.000000 0.000000 1.000000
0.999896 0.013253 -0.005691 0.000000 -0.013604 0.997670 -0.066860 14.287300 0.004792 0.066931 0.997746 0.000000 0.000000 0.000000 0.000000 1.000000
0.999886 0.012193 -0.008858 -0.000000 -0.012708 0.998078 -0.060649 14.287300 0.008102 0.060755 0.998120 0.000000 0.000000 0.000000 0.000000 1.000000
0.999842 0.013686 -0.011330 -0.000000 -0.014287 0.998397 -0.054768 14.287300 0.010562 0.054921 0.998435 -0.000000 0.000000 0.000000 0.000000 1.000000
0.999775 0.016885 -0.012865 -0.000000 -0.017502 0.998623 -0.049458 14.287300 0.012013 0.049672 0.998693 0.000000 0.000000 0.000000 0.000000 1.000000
0.999704 0.020437 -0.013210 0.000000 -0.021012 0.998767 -0.044974 14.287300 0.012275 0.045238 0.998901 0.000000 0.000000 0.000000 0.000000 1.000000
0.999685 0.023029 -0.009957 -0.000000 -0.023424 0.998859 -0.041613 14.287300 0.008987 0.041833 0.999084 0.000000 0.000000 0.000000 0.000000 1.000000
0.999717 0.023404 -0.004320 -0.000000 -0.023562 0.998882 -0.040974 14.287300 0.003357 0.041064 0.999151 -0.000000 0.000000 0.000000 0.000000 1.000000
0.999721 0.023492 0.002445 -0.000000 -0.023369 0.998854 -0.041773 14.287300 -0.003423 0.041705 0.999124 0.000000 0.000000 0.000000 0.000000 1.000000
0.999679 0.023462 0.009534 -0.000000 -0.023019 0.998755 -0.044257 14.287300 -0.010561 0.044024 0.998975 0.000000 0.000000 0.000000 0.000000 1.000000
0.999590 0.023365 0.016522 0.000000 -0.022555 0.998611 -0.047616 14.287300 -0.017612 0.047224 0.998729 0.000000 0.000000 0.000000 0.000000 1.000000
0.999444 0.023274 0.023889 0.000000 -0.022022 0.998436 -0.051393 14.287300 -0.025048 0.050838 0.998393 0.000000 0.000000 0.000000 0.000000 1.000000
0.999219 0.023231 0.031955 0.000000 -0.021442 0.998243 -0.055245 14.287300 -0.033182 0.054517 0.997961 0.000000 0.000000 0.000000 0.000000 1.000000
0.998921 0.023256 0.040205 0.000000 -0.020869 0.998050 -0.058820 14.287300 -0.041495 0.057917 0.997459 0.000000 0.000000 0.000000 0.000000 1.000000
0.998561 0.023397 0.048257 -0.000000 -0.020402 0.997889 -0.061660 14.287300 -0.049598 0.060587 0.996930 -0.000000 0.000000 0.000000 0.000000 1.000000
0.998209 0.023682 0.054938 0.000000 -0.020198 0.997801 -0.063126 14.287300 -0.056312 0.061904 0.996492 0.000000 0.000000 0.000000 0.000000 1.000000
0.997923 0.024269 0.059675 0.000000 -0.020524 0.997828 -0.062590 14.287300 -0.061065 0.061236 0.996254 0.000000 0.000000 0.000000 0.000000 1.000000
0.997643 0.026178 0.063423 -0.000000 -0.022253 0.997840 -0.061808 14.287300 -0.064904 0.060251 0.996071 -0.000000 0.000000 0.000000 0.000000 1.000000
0.997340 0.028694 0.067009 0.000000 -0.024515 0.997752 -0.062368 14.287300 -0.068648 0.060559 0.995801 0.000000 0.000000 0.000000 0.000000 1.000000
0.996972 0.031509 0.071098 0.000000 -0.026952 0.997575 -0.064171 14.287300 -0.072948 0.062060 0.995403 0.000000 0.000000 0.000000 0.000000 1.000000
0.996642 0.033500 0.074713 0.000000 -0.028554 0.997390 -0.066318 14.287300 -0.076740 0.063962 0.994997 0.000000 0.000000 0.000000 0.000000 1.000000
0.996371 0.035574 0.077329 -0.000000 -0.030259 0.997168 -0.068852 14.287300 -0.079559 0.066262 0.994625 0.000000 0.000000 0.000000 0.000000 1.000000
0.996224 0.037800 0.078155 -0.000000 -0.032201 0.996906 -0.071698 14.287300 -0.080623 0.068911 0.994360 0.000000 0.000000 0.000000 0.000000 1.000000
0.996262 0.039874 0.076632 0.000000 -0.034278 0.996743 -0.073001 14.287300 -0.079293 0.070101 0.994383 0.000000 0.000000 0.000000 0.000000 1.000000
0.996480 0.041505 0.072837 0.000000 -0.036268 0.996759 -0.071805 14.287300 -0.075582 0.068911 0.994756 0.000000 0.000000 0.000000 0.000000 1.000000
0.996852 0.042400 0.066999 -0.000000 -0.037756 0.996893 -0.069123 14.287300 -0.069721 0.066376 0.995356 0.000000 0.000000 0.000000 0.000000 1.000000
0.997229 0.041511 0.061732 0.000000 -0.037371 0.997069 -0.066766 14.287300 -0.064322 0.064274 0.995857 0.000000 0.000000 0.000000 0.000000 1.000000
0.997618 0.040370 0.055935 -0.000000 -0.036772 0.997276 -0.063933 14.287300 -0.058364 0.061724 0.996385 0.000000 0.000000 0.000000 0.000000 1.000000
0.997978 0.039017 0.050178 0.000000 -0.035896 0.997451 -0.061669 14.287300 -0.052456 0.059743 0.996835 0.000000 0.000000 0.000000 0.000000 1.000000
0.998265 0.037077 0.045730 0.000000 -0.034313 0.997619 -0.059817 14.287300 -0.047839 0.058144 0.997161 0.000000 0.000000 0.000000 0.000000 1.000000
0.998510 0.034856 0.041995 0.000000 -0.032374 0.997769 -0.058390 14.287300 -0.043937 0.056943 0.997410 0.000000 0.000000 0.000000 0.000000 1.000000
0.998749 0.032496 0.038009 -0.000000 -0.030290 0.997901 -0.057237 14.287300 -0.039790 0.056015 0.997637 0.000000 0.000000 0.000000 0.000000 1.000000
0.999016 0.030147 0.032522 -0.000000 -0.028287 0.998019 -0.056200 14.287300 -0.034152 0.055224 0.997890 0.000000 0.000000 0.000000 0.000000 1.000000
0.999219 0.027991 0.027891 -0.000000 -0.026417 0.998120 -0.055312 14.287300 -0.029387 0.054532 0.998080 0.000000 0.000000 0.000000 0.000000 1.000000
0.999400 0.026207 0.022639 -0.000000 -0.024941 0.998202 -0.054499 14.287300 -0.024026 0.053902 0.998257 0.000000 0.000000 0.000000 0.000000 1.000000
0.999535 0.024914 0.017606 -0.000000 -0.023936 0.998268 -0.053733 14.287300 -0.018914 0.053286 0.998400 0.000000 0.000000 0.000000 0.000000 1.000000
0.999628 0.024116 0.012728 -0.000000 -0.023410 0.998322 -0.052969 14.287300 -0.013984 0.052651 0.998515 0.000000 0.000000 0.000000 0.000000 1.000000
0.999683 0.023689 0.008505 -0.000000 -0.023214 0.998369 -0.052167 14.287300 -0.009727 0.051953 0.998602 -0.000000 0.000000 0.000000 0.000000 1.000000
0.999713 0.023509 0.004674 0.000000 -0.023239 0.998415 -0.051262 14.287300 -0.005872 0.051139 0.998674 0.000000 0.000000 0.000000 0.000000 1.000000
0.999724 0.023450 0.001304 0.000000 -0.023355 0.998463 -0.050252 14.287300 -0.002481 0.050208 0.998736 0.000000 0.000000 0.000000 0.000000 1.000000
0.999726 0.023388 -0.001222 0.000000 -0.023420 0.998512 -0.049247 14.287300 0.000068 0.049262 0.998786 0.000000 0.000000 0.000000 0.000000 1.000000
0.999728 0.023178 -0.002534 -0.000000 -0.023274 0.998557 -0.048391 14.287300 0.001409 0.048436 0.998825 0.000000 0.000000 0.000000 0.000000 1.000000
0.999736 0.022672 -0.003617 0.000000 -0.022819 0.998598 -0.047772 14.287300 0.002529 0.047842 0.998852 0.000000 0.000000 0.000000 0.000000 1.000000
0.999745 0.022113 -0.004643 0.000000 -0.022309 0.998621 -0.047521 14.287300 0.003586 0.047612 0.998859 0.000000 0.000000 0.000000 0.000000 1.000000
