<?xml version="1.0" encoding="utf-8"?>
<COLLADA xmlns="http://www.collada.org/2005/11/COLLADASchema" version="1.4.1">
  <asset><contributor><author>Mixamo</author><authoring_tool>COLLADA Mixamo exporter</authoring_tool><comments></comments></contributor><created>2020-04-01T09:11:51Z</created><modified>2020-04-01T09:11:51Z</modified><revision></revision><title></title><unit meter="0.010000"/><up_axis>Y_UP</up_axis></asset>
  <library_animations>
    <animation id="mixamorig_Hips-anim" name="mixamorig_Hips"><source id="mixamorig_Hips-Matrix-animation-input"><float_array id="mixamorig_Hips-Matrix-animation-input-array" count="54">

0.000000 0.033333 0.066667 0.100000 0.133333 0.166667 0.200000 0.233333 0.266667 0.300000 0.333333 0.366667 0.400000 0.433333 0.466667 0.500000
0.533333 0.566667 0.600000 0.633333 0.666667 0.700000 0.733333 0.766667 0.800000 0.833333 0.866667 0.900000 0.933333 0.966667 1.000000 1.033333
1.066667 1.100000 1.133333 1.166667 1.200000 1.233333 1.266667 1.300000 1.333333 1.366667 1.400000 1.433333 1.466667 1.500000 1.533333 1.566667
1.600000 1.633333 1.666667 1.700000 1.733333 1.766667</float_array><technique_common><accessor source="#mixamorig_Hips-Matrix-animation-input-array" count="54"><param name="TIME" type="float"/></accessor></technique_common></source><source id="mixamorig_Hips-Matrix-animation-output-transform"><float_array id="mixamorig_Hips-Matrix-animation-output-transform-array" count="864">

-0.635408 -0.122841 0.762343 -0.036749 -0.033330 0.990708 0.131858 3.612637 -0.771457 0.058374 -0.633599 0.070083 0.000000 0.000000 0.000000 1.000000
-0.636940 -0.107861 0.763330 -0.026891 -0.027533 0.992715 0.117299 3.604218 -0.770421 0.053696 -0.635270 0.082284 0.000000 0.000000 0.000000 1.000000
-0.649715 -0.089728 0.754864 -0.017824 -0.021125 0.994757 0.100061 3.591595 -0.759884 0.049065 -0.648204 0.092865 0.000000 0.000000 0.000000 1.000000
-0.692366 -0.066943 0.718434 -0.021354 -0.008224 0.996354 0.084913 3.575977 -0.721500 0.052883 -0.690392 0.097451 0.000000 0.000000 0.000000 1.000000
-0.778618 -0.019521 0.627195 -0.047929 0.023838 0.997874 0.060652 3.569673 -0.627046 0.062176 -0.776497 0.100034 0.000000 0.000000 0.000000 1.000000
-0.874576 0.065697 0.480417 -0.088372 0.080834 0.996668 0.010861 3.581193 -0.478103 0.048332 -0.876973 0.102885 0.000000 0.000000 0.000000 1.000000
-0.939617 0.130366 0.316425 -0.141832 0.127875 0.991374 -0.028723 3.587305 -0.317440 0.013475 -0.948183 0.117381 0.000000 0.000000 0.000000 1.000000
-0.972222 0.152736 0.177361 -0.191842 0.146138 0.988012 -0.049764 3.595274 -0.182836 -0.022463 -0.982887 0.140762 0.000000 0.000000 0.000000 1.000000
-0.983890 0.156264 0.086849 -0.231833 0.152212 0.987005 -0.051510 3.598836 -0.093770 -0.037461 -0.994889 0.167973 0.000000 0.000000 0.000000 1.000000
-0.986420 0.160975 0.032599 -0.254662 0.158914 0.985576 -0.058196 3.600687 -0.041497 -0.052225 -0.997773 0.202937 0.000000 0.000000 0.000000 1.000000
-0.985289 0.167591 0.033447 -0.270433 0.165468 0.984480 -0.058476 3.605528 -0.042728 -0.052081 -0.997728 0.236493 0.000000 0.000000 0.000000 1.000000
-0.983547 0.175955 0.040936 -0.277317 0.174034 0.983638 -0.046561 3.594234 -0.048459 -0.038671 -0.998076 0.265873 0.000000 0.000000 0.000000 1.000000
-0.979314 0.202286 -0.004982 -0.276506 0.202323 0.978511 -0.039767 3.573141 -0.003169 -0.039953 -0.999197 0.290296 0.000000 0.000000 0.000000 1.000000
-0.974463 0.221042 -0.039525 -0.266470 0.222775 0.973750 -0.046707 3.557340 0.028163 -0.054320 -0.998126 0.303463 0.000000 0.000000 0.000000 1.000000
-0.976302 0.215147 -0.023356 -0.252348 0.216172 0.974602 -0.058490 3.554171 0.010179 -0.062152 -0.998015 0.315675 0.000000 0.000000 0.000000 1.000000
-0.978520 0.206055 0.006330 -0.236808 0.205249 0.976646 -0.063527 3.558656 -0.019272 -0.060864 -0.997960 0.322975 0.000000 0.000000 0.000000 1.000000
-0.980583 0.193156 0.033868 -0.222932 0.190724 0.979529 -0.064392 3.565193 -0.045612 -0.056682 -0.997350 0.323131 0.000000 0.000000 0.000000 1.000000
-0.981365 0.177295 0.074084 -0.213334 0.172958 0.983014 -0.061386 3.566204 -0.083709 -0.047429 -0.995361 0.312445 0.000000 0.000000 0.000000 1.000000
-0.978764 0.159039 0.129337 -0.205441 0.153286 0.986741 -0.053344 3.562055 -0.136106 -0.032386 -0.990165 0.288434 0.000000 0.000000 0.000000 1.000000
-0.971520 0.140184 0.191043 -0.195872 0.134557 0.990008 -0.042179 3.551785 -0.195047 -0.015272 -0.980675 0.252723 0.000000 0.000000 0.000000 1.000000
-0.961056 0.120919 0.248494 -0.180928 0.116350 0.992658 -0.033048 3.548083 -0.250665 -0.002849 -0.968070 0.216622 0.000000 0.000000 0.000000 1.000000
-0.945818 0.099902 0.308945 -0.164363 0.096843 0.994979 -0.025262 3.548956 -0.309918 0.006026 -0.950744 0.182418 0.000000 0.000000 0.000000 1.000000
-0.925110 0.075046 0.372210 -0.151507 0.075702 0.997047 -0.012873 3.548548 -0.372077 0.016268 -0.928059 0.142364 0.000000 0.000000 0.000000 1.000000
-0.903025 0.051381 0.426504 -0.141597 0.058893 0.998254 0.004432 3.553108 -0.425532 0.029120 -0.904475 0.103063 0.000000 0.000000 0.000000 1.000000
-0.879966 0.028092 0.474205 -0.134313 0.042904 0.998870 0.020442 3.559232 -0.473095 0.038333 -0.880177 0.069045 0.000000 0.000000 0.000000 1.000000
-0.861083 0.008530 0.508392 -0.132476 0.027842 0.999150 0.030393 3.559945 -0.507701 0.040325 -0.860589 0.036918 0.000000 0.000000 0.000000 1.000000
-0.843631 -0.009366 0.536841 -0.133067 0.013702 0.999147 0.038965 3.558879 -0.536748 0.040228 -0.842783 0.005815 0.000000 0.000000 0.000000 1.000000
-0.821060 -0.028804 0.570115 -0.132825 0.001174 0.998639 0.052145 3.561190 -0.570841 0.043483 -0.819908 -0.023150 0.000000 0.000000 0.000000 1.000000
-0.793624 -0.050252 0.606330 -0.133017 -0.010106 0.997534 0.069448 3.562458 -0.608325 0.048988 -0.792175 -0.046097 0.000000 0.000000 0.000000 1.000000
-0.769580 -0.069567 0.634750 -0.134547 -0.019133 0.996114 0.085974 3.562453 -0.638264 0.054019 -0.767920 -0.063896 0.000000 0.000000 0.000000 1.000000
-0.748691 -0.089440 0.656857 -0.137819 -0.029980 0.994411 0.101231 3.561264 -0.662240 0.056098 -0.747189 -0.079578 0.000000 0.000000 0.000000 1.000000
-0.729215 -0.109331 0.675494 -0.141631 -0.043041 0.992527 0.114180 3.559771 -0.682930 0.054188 -0.728471 -0.093474 0.000000 0.000000 0.000000 1.000000
-0.712058 -0.124886 0.690925 -0.144768 -0.053257 0.990826 0.124207 3.559885 -0.700098 0.051646 -0.712177 -0.102676 0.000000 0.000000 0.000000 1.000000
-0.697669 -0.136362 0.703323 -0.147644 -0.060860 0.989451 0.131467 3.560908 -0.713831 0.048916 -0.698608 -0.104598 0.000000 0.000000 0.000000 1.000000
-0.683644 -0.145864 0.715091 -0.148728 -0.066129 0.988174 0.138346 3.559830 -0.726814 0.047291 -0.685204 -0.100084 0.000000 0.000000 0.000000 1.000000
-0.668593 -0.153171 0.727682 -0.147743 -0.069860 0.987167 0.143603 3.553629 -0.740340 0.045176 -0.670713 -0.089979 0.000000 0.000000 0.000000 1.000000
-0.654258 -0.163859 0.738307 -0.145351 -0.077043 0.985608 0.150472 3.546304 -0.752337 0.041566 -0.657466 -0.078894 0.000000 0.000000 0.000000 1.000000
-0.647019 -0.169873 0.743310 -0.140500 -0.081544 0.984691 0.154057 3.540917 -0.758101 0.039066 -0.650966 -0.069372 0.000000 0.000000 0.000000 1.000000
-0.645747 -0.168874 0.744643 -0.131621 -0.079151 0.984786 0.154695 3.534727 -0.759438 0.040955 -0.649289 -0.058618 0.000000 0.000000 0.000000 1.000000
-0.642400 -0.167625 0.747813 -0.122051 -0.076144 0.984919 0.155362 3.528555 -0.762577 0.042863 -0.645476 -0.050335 0.000000 0.000000 0.000000 1.000000
-0.635555 -0.170958 0.752890 -0.112278 -0.077196 0.984360 0.158353 3.519819 -0.768187 0.042522 -0.638812 -0.043066 0.000000 0.000000 0.000000 1.000000
-0.631862 -0.171551 0.755857 -0.101693 -0.075718 0.984196 0.160078 3.511361 -0.771373 0.043916 -0.634866 -0.035530 0.000000 0.000000 0.000000 1.000000
-0.632467 -0.169274 0.755865 -0.090043 -0.072489 0.984482 0.159817 3.505611 -0.771188 0.046287 -0.634923 -0.028806 0.000000 0.000000 0.000000 1.000000
-0.634005 -0.165944 0.755314 -0.078994 -0.070160 0.985020 0.157519 3.503788 -0.770140 0.046876 -0.636151 -0.022504 0.000000 0.000000 0.000000 1.000000
-0.634728 -0.162662 0.755421 -0.069157 -0.067115 0.985504 0.155813 3.504426 -0.769815 0.048199 -0.636444 -0.016095 0.000000 0.000000 0.000000 1.000000
-0.635729 -0.159274 0.755302 -0.060662 -0.064030 0.985990 0.154027 3.507125 -0.769252 0.049558 -0.637020 -0.008963 0.000000 0.000000 0.000000 1.000000
-0.635794 -0.156104 0.755908 -0.053894 -0.061512 0.986468 0.151980 3.512176 -0.769404 0.050131 -0.636793 -0.000982 0.000000 0.000000 0.000000 1.000000
-0.635715 -0.153186 0.756571 -0.048432 -0.058349 0.986843 0.150783 3.520018 -0.769715 0.051710 -0.636289 0.007456 0.000000 0.000000 0.000000 1.000000
-0.637044 -0.149030 0.756284 -0.043730 -0.054901 0.987413 0.148331 3.531975 -0.768870 0.052972 -0.637207 0.017029 0.000000 0.000000 0.000000 1.000000
-0.638417 -0.143787 0.756141 -0.040082 -0.050534 0.988106 0.145231 3.546660 -0.768030 0.054507 -0.638090 0.027585 0.000000 0.000000 0.000000 1.000000
-0.639354 -0.137004 0.756609 -0.037918 -0.045497 0.989015 0.140641 3.562505 -0.767565 0.055496 -0.638564 0.038816 0.000000 0.000000 0.000000 1.000000
-0.639129 -0.131048 0.757852 -0.037193 -0.040645 0.989755 0.136871 3.579671 -0.768025 0.056676 -0.637908 0.049960 0.000000 0.000000 0.000000 1.000000
-0.638006 -0.126244 0.759612 -0.037143 -0.036932 0.990351 0.133573 3.597211 -0.769145 0.057166 -0.636513 0.060036 0.000000 0.000000 0.000000 1.000000
-0.635408 -0.122841 0.762343 -0.036749 -0.033331 0.990708 0.131858 3.612637 -0.771457 0.058374 -0.633599 0.070083 0.000000 0.000000 0.000000 1.000000</float_array><technique_common><accessor source="#mixamorig_Hips-Matrix-animation-output-transform-array" count="54" stride="16"><param type="float4x4"/></accessor></technique_common></source><source id="mixamorig_Hips-Interpolations"><Name_array id="mixamorig_Hips-Interpolations-array" count="54">
 LINEAR LINEAR LINEAR LINEAR LINEAR LINEAR LINEAR LINEAR LINEAR LINEAR LINEAR
LINEAR LINEAR LINEAR LINEAR LINEAR LINEAR LINEAR LINEAR LINEAR LINEAR LINEAR LINEAR
LINEAR LINEAR LINEAR LINEAR LINEAR LINEAR LINEAR LINEAR LINEAR LINEAR LINEAR LINEAR
LINEAR LINEAR LINEAR LINEAR LINEAR LINEAR LINEAR LINEAR LINEAR LINEAR LINEAR LINEAR
LINEAR LINEAR LINEAR LINEAR LINEAR LINEAR LINEAR</Name_array><technique_common><accessor source="#mixamorig_Hips-Interpolations-array" count="54"><param type="name"/></accessor></technique_common></source><sampler id="mixamorig_Hips-Matrix-animation-transform"><input semantic="INPUT" source="#mixamorig_Hips-Matrix-animation-input"/><input semantic="OUTPUT" source="#mixamorig_Hips-Matrix-animation-output-transform"/><input semantic="INTERPOLATION" source="#mixamorig_Hips-Interpolations"/></sampler><channel source="#mixamorig_Hips-Matrix-animation-transform" target="mixamorig_Hips/matrix"/></animation>
    <animation id="mixamorig_Spine-anim" name="mixamorig_Spine"><source id="mixamorig_Spine-Matrix-animation-input"><float_array id="mixamorig_Spine-Matrix-animation-input-array" count="54">

0.000000 0.033333 0.066667 0.100000 0.133333 0.166667 0.200000 0.233333 0.266667 0.300000 0.333333 0.366667 0.400000 0.433333 0.466667 0.500000
0.533333 0.566667 0.600000 0.633333 0.666667 0.700000 0.733333 0.766667 0.800000 0.833333 0.866667 0.900000 0.933333 0.966667 1.000000 1.033333
1.066667 1.100000 1.133333 1.166667 1.200000 1.233333 1.266667 1.300000 1.333333 1.366667 1.400000 1.433333 1.466667 1.500000 1.533333 1.566667
1.600000 1.633333 1.666667 1.700000 1.733333 1.766667</float_array><technique_common><accessor source="#mixamorig_Spine-Matrix-animation-input-array" count="54"><param name="TIME" type="float"/></accessor></technique_common></source><source id="mixamorig_Spine-Matrix-animation-output-transform"><float_array id="mixamorig_Spine-Matrix-animation-output-transform-array" count="864">

0.998104 -0.012783 0.060210 0.000000 0.018843 0.994691 -0.101170 0.620300 -0.058597 0.102113 0.993045 0.186600 0.000000 0.000000 0.000000 1.000000
0.998218 -0.016877 0.057228 0.000000 0.022265 0.995242 -0.094858 0.620300 -0.055355 0.095963 0.993844 0.186600 0.000000 0.000000 0.000000 1.000000
0.998229 -0.029450 0.051690 0.000000 0.033638 0.996055 -0.082115 0.620300 -0.049068 0.083708 0.995282 0.186600 0.000000 0.000000 0.000000 1.000000
0.997652 -0.053483 0.042772 0.000000 0.057046 0.994577 -0.086959 0.620300 -0.037889 0.089195 0.995293 0.186600 0.000000 0.000000 0.000000 1.000000
0.996534 -0.079645 0.023999 0.000000 0.081658 0.991650 -0.099807 0.620300 -0.015850 0.101420 0.994717 0.186600 0.000000 0.000000 0.000000 1.000000
0.994854 -0.101315 0.000777 -0.000000 0.101234 0.993686 -0.048377 0.620300 0.004129 0.048207 0.998829 0.186600 0.000000 0.000000 0.000000 1.000000
0.991399 -0.129509 -0.018859 0.000000 0.129754 0.991468 0.012439 0.620300 0.017087 -0.014779 0.999745 0.186600 0.000000 0.000000 0.000000 1.000000
0.985210 -0.168208 -0.032676 0.000000 0.169747 0.984110 0.052084 0.620300 0.023396 -0.056860 0.998108 0.186600 0.000000 0.000000 0.000000 1.000000
0.981634 -0.184526 -0.048423 0.000000 0.187459 0.980099 0.065313 0.620300 0.035407 -0.073190 0.996689 0.186600 0.000000 0.000000 0.000000 1.000000
0.983259 -0.171964 -0.060250 0.000000 0.176859 0.980251 0.088479 0.620300 0.043845 -0.097653 0.994254 0.186600 0.000000 0.000000 0.000000 1.000000
0.982532 -0.174528 -0.064581 -0.000000 0.180785 0.977481 0.108842 0.620300 0.044131 -0.118616 0.991959 0.186600 0.000000 0.000000 0.000000 1.000000
0.982181 -0.177447 -0.061918 0.000000 0.183341 0.977090 0.108081 0.620300 0.041321 -0.117507 0.992212 0.186600 0.000000 0.000000 0.000000 1.000000
0.984409 -0.162197 -0.068055 -0.000000 0.169476 0.978186 0.120122 0.620300 0.047087 -0.129782 0.990424 0.186600 0.000000 0.000000 0.000000 1.000000
0.986305 -0.146605 -0.075564 -0.000000 0.155332 0.979700 0.126724 0.620300 0.055452 -0.136726 0.989056 0.186600 0.000000 0.000000 0.000000 1.000000
0.983489 -0.166201 -0.071603 0.000000 0.174143 0.976806 0.124599 0.620300 0.049234 -0.135011 0.989620 0.186600 0.000000 0.000000 0.000000 1.000000
0.982930 -0.172628 -0.063630 0.000000 0.179103 0.976936 0.116271 0.620300 0.042090 -0.125683 0.991177 0.186600 0.000000 0.000000 0.000000 1.000000
0.984001 -0.168493 -0.057894 -0.000000 0.174112 0.978336 0.111995 0.620300 0.037770 -0.120283 0.992021 0.186600 0.000000 0.000000 0.000000 1.000000
0.984008 -0.170933 -0.050106 0.000000 0.175332 0.979086 0.103196 0.620300 0.031419 -0.110331 0.993398 0.186600 0.000000 0.000000 0.000000 1.000000
0.984223 -0.171810 -0.042253 0.000000 0.175132 0.979993 0.094568 0.620300 0.025160 -0.100476 0.994621 0.186600 0.000000 0.000000 0.000000 1.000000
0.985124 -0.168231 -0.035044 0.000000 0.170715 0.981416 0.087631 0.620300 0.019651 -0.092310 0.995536 0.186600 0.000000 0.000000 0.000000 1.000000
0.986977 -0.158008 -0.030176 0.000000 0.160023 0.983545 0.083862 0.620300 0.016429 -0.087598 0.996020 0.186600 0.000000 0.000000 0.000000 1.000000
0.988835 -0.147078 -0.023959 -0.000000 0.148551 0.985619 0.080544 0.620300 0.011768 -0.083204 0.996463 0.186600 0.000000 0.000000 0.000000 1.000000
0.990241 -0.138506 -0.015464 0.000000 0.139281 0.987411 0.074975 0.620300 0.004885 -0.076397 0.997066 0.186600 0.000000 0.000000 0.000000 1.000000
0.992122 -0.125065 -0.007313 0.000000 0.125276 0.990008 0.064730 0.620300 -0.000855 -0.065136 0.997876 0.186600 0.000000 0.000000 0.000000 1.000000
0.993480 -0.114006 0.000364 0.000000 0.113828 0.992097 0.052790 0.620300 -0.006379 -0.052405 0.998606 0.186600 0.000000 0.000000 0.000000 1.000000
0.994432 -0.105279 0.004655 0.000000 0.104916 0.993216 0.050149 0.620300 -0.009903 -0.049381 0.998731 0.186600 0.000000 0.000000 0.000000 1.000000
0.995002 -0.099510 0.008260 0.000000 0.098967 0.993792 0.050825 0.620300 -0.013266 -0.049753 0.998673 0.186600 0.000000 0.000000 0.000000 1.000000
0.995706 -0.091712 0.012629 0.000000 0.091035 0.994760 0.046530 0.620300 -0.016830 -0.045180 0.998837 0.186600 0.000000 0.000000 0.000000 1.000000
0.996518 -0.081322 0.018423 0.000000 0.080645 0.996131 0.034923 0.620300 -0.021192 -0.033316 0.999220 0.186600 0.000000 0.000000 0.000000 1.000000
0.997750 -0.063754 0.020753 -0.000000 0.063280 0.997736 0.022752 0.620300 -0.022157 -0.021388 0.999526 0.186600 0.000000 0.000000 0.000000 1.000000
0.998525 -0.049399 0.022546 -0.000000 0.049178 0.998737 0.010284 0.620300 -0.023026 -0.009160 0.999693 0.186600 0.000000 0.000000 0.000000 1.000000
0.998889 -0.039401 0.025868 0.000000 0.039376 0.999223 0.001489 0.620300 -0.025906 -0.000469 0.999664 0.186600 0.000000 0.000000 0.000000 1.000000
0.999166 -0.028845 0.028893 0.000000 0.029063 0.999552 -0.007145 0.620300 -0.028674 0.007979 0.999557 0.186600 0.000000 0.000000 0.000000 1.000000
0.999411 -0.015163 0.030772 0.000000 0.015637 0.999762 -0.015212 0.620300 -0.030534 0.015684 0.999411 0.186600 0.000000 0.000000 0.000000 1.000000
0.999460 -0.001400 0.032834 0.000000 0.002174 0.999720 -0.023550 0.620300 -0.032792 0.023608 0.999183 0.186600 0.000000 0.000000 0.000000 1.000000
0.999282 0.006202 0.037385 -0.000000 -0.005062 0.999522 -0.030511 0.620300 -0.037557 0.030300 0.998835 0.186600 0.000000 0.000000 0.000000 1.000000
0.998965 -0.000156 0.045484 0.000000 0.002008 0.999170 -0.040692 0.620300 -0.045440 0.040742 0.998136 0.186600 0.000000 0.000000 0.000000 1.000000
0.998736 -0.002907 0.050186 0.000000 0.005296 0.998855 -0.047545 0.620300 -0.049990 0.047750 0.997608 0.186600 0.000000 0.000000 0.000000 1.000000
0.998691 0.002949 0.051072 0.000000 -0.000544 0.998892 -0.047048 0.620300 -0.051154 0.046959 0.997586 0.186600 0.000000 0.000000 0.000000 1.000000
0.998631 0.004025 0.052161 0.000000 -0.001672 0.998983 -0.045066 0.620300 -0.052290 0.044917 0.997621 0.186600 0.000000 0.000000 0.000000 1.000000
0.998567 0.000202 0.053512 -0.000000 0.002398 0.998820 -0.048512 0.620300 -0.053459 0.048571 0.997388 0.186600 0.000000 0.000000 0.000000 1.000000
0.998602 0.000316 0.052854 0.000000 0.002503 0.998577 -0.053266 0.620300 -0.052796 0.053324 0.997181 0.186600 0.000000 0.000000 0.000000 1.000000
0.998648 0.002255 0.051932 0.000000 0.000597 0.998495 -0.054832 0.620300 -0.051977 0.054789 0.997144 0.186600 0.000000 0.000000 0.000000 1.000000
0.998673 0.002058 0.051459 0.000000 0.000807 0.998453 -0.055597 0.620300 -0.051493 0.055565 0.997126 0.186600 0.000000 0.000000 0.000000 1.000000
0.998664 0.000884 0.051658 -0.000000 0.002076 0.998359 -0.057220 0.620300 -0.051624 0.057251 0.997024 0.186600 0.000000 0.000000 0.000000 1.000000
0.998658 -0.000453 0.051781 -0.000000 0.003485 0.998282 -0.058484 0.620300 -0.051665 0.058586 0.996944 0.186600 0.000000 0.000000 0.000000 1.000000
0.998628 -0.002907 0.052277 0.000000 0.006201 0.997997 -0.062964 0.620300 -0.051989 0.063202 0.996646 0.186600 0.000000 0.000000 0.000000 1.000000
0.998593 -0.004074 0.052873 0.000000 0.007712 0.997602 -0.068784 0.620300 -0.052466 0.069095 0.996229 0.186600 0.000000 0.000000 0.000000 1.000000
0.998564 -0.005329 0.053303 0.000000 0.009268 0.997220 -0.073939 0.620300 -0.052761 0.074326 0.995837 0.186600 0.000000 0.000000 0.000000 1.000000
0.998557 -0.005008 0.053474 0.000000 0.009242 0.996812 -0.079243 0.620300 -0.052906 0.079623 0.995420 0.186600 0.000000 0.000000 0.000000 1.000000
0.998494 -0.005482 0.054586 0.000000 0.010075 0.996396 -0.084226 0.620300 -0.053928 0.084649 0.994950 0.186600 0.000000 0.000000 0.000000 1.000000
0.998410 -0.006312 0.056012 -0.000000 0.011374 0.995829 -0.090532 0.620300 -0.055207 0.091025 0.994317 0.186600 0.000000 0.000000 0.000000 1.000000
0.998250 -0.010011 0.058285 -0.000000 0.015604 0.995228 -0.096318 0.620300 -0.057042 0.097059 0.993643 0.186600 0.000000 0.000000 0.000000 1.000000
0.998104 -0.012784 0.060210 0.000000 0.018843 0.994691 -0.101170 0.620300 -0.058597 0.102113 0.993046 0.186600 0.000000 0.000000 0.000000 1.000000</float_array><technique_common><accessor source="#mixamorig_Spine-Matrix-animation-output-transform-array" count="54" stride="16"><param type="float4x4"/></accessor></technique_common></source><source id="mixamorig_Spine-Interpolations"><Name_array id="mixamorig_Spine-Interpolations-array" count="54">
 LINEAR LINEAR LINEAR LINEAR LINEAR LINEAR LINEAR LINEAR LINEAR LINEAR LINEAR
LINEAR LINEAR LINEAR LINEAR LINEAR LINEAR LINEAR LINEAR LINEAR LINEAR LINEAR LINEAR
LINEAR LINEAR LINEAR LINEAR LINEAR LINEAR LINEAR LINEAR LINEAR LINEAR LINEAR LINEAR
LINEAR LINEAR LINEAR LINEAR LINEAR LINEAR LINEAR LINEAR LINEAR LINEAR LINEAR LINEAR
LINEAR LINEAR LINEAR LINEAR LINEAR LINEAR LINEAR</Name_array><technique_common><accessor source="#mixamorig_Spine-Interpolations-array" count="54"><param type="name"/></accessor></technique_common></source><sampler id="mixamorig_Spine-Matrix-animation-transform"><input semantic="INPUT" source="#mixamorig_Spine-Matrix-animation-input"/><input semantic="OUTPUT" source="#mixamorig_Spine-Matrix-animation-output-transform"/><input semantic="INTERPOLATION" source="#mixamorig_Spine-Interpolations"/></sampler><channel source="#mixamorig_Spine-Matrix-animation-transform" target="mixamorig_Spine/matrix"/></animation>
    <animation id="mixamorig_Spine1-anim" name="mixamorig_Spine1"><source id="mixamorig_Spine1-Matrix-animation-input"><float_array id="mixamorig_Spine1-Matrix-animation-input-array" count="54">

0.000000 0.033333 0.066667 0.100000 0.133333 0.166667 0.200000 0.233333 0.266667 0.300000 0.333333 0.366667 0.400000 0.433333 0.466667 0.500000
0.533333 0.566667 0.600000 0.633333 0.666667 0.700000 0.733333 0.766667 0.800000 0.833333 0.866667 0.900000 0.933333 0.966667 1.000000 1.033333
1.066667 1.100000 1.133333 1.166667 1.200000 1.233333 1.266667 1.300000 1.333333 1.366667 1.400000 1.433333 1.466667 1.500000 1.533333 1.566667
1.600000 1.633333 1.666667 1.700000 1.733333 1.766667</float_array><technique_common><accessor source="#mixamorig_Spine1-Matrix-animation-input-array" count="54"><param name="TIME" type="float"/></accessor></technique_common></source><source id="mixamorig_Spine1-Matrix-animation-output-transform"><float_array id="mixamorig_Spine1-Matrix-animation-output-transform-array" count="864">

0.992503 -0.043259 0.114312 -0.000000 0.031295 0.994037 0.104454 0.755700 -0.118149 -0.100094 0.987938 0.000000 0.000000 0.000000 0.000000 1.000000
0.994043 -0.034790 0.103288 0.000000 0.023837 0.994139 0.105452 0.755700 -0.106351 -0.102362 0.989046 0.000000 0.000000 0.000000 0.000000 1.000000
0.996403 -0.018836 0.082617 -0.000000 0.009978 0.994279 0.106344 0.755700 -0.084147 -0.105137 0.990891 -0.000000 0.000000 0.000000 0.000000 1.000000
0.998879 0.010184 0.046217 -0.000000 -0.015559 0.992956 0.117458 0.755700 -0.044696 -0.118045 0.992002 0.000000 0.000000 0.000000 0.000000 1.000000
0.999325 0.036573 -0.003367 -0.000000 -0.035890 0.991890 0.121923 0.755700 0.007799 -0.121720 0.992534 0.000000 0.000000 0.000000 0.000000 1.000000
0.998100 0.042623 -0.044499 -0.000000 -0.038643 0.995480 0.086751 0.755700 0.047995 -0.084866 0.995236 0.000000 0.000000 0.000000 0.000000 1.000000
0.996776 0.040983 -0.068977 0.000000 -0.037896 0.998246 0.045479 0.755700 0.070720 -0.042719 0.996581 0.000000 0.000000 0.000000 0.000000 1.000000
0.997152 0.029374 -0.069460 0.000000 -0.028270 0.999459 0.016832 0.755700 0.069917 -0.014821 0.997443 -0.000000 0.000000 0.000000 0.000000 1.000000
0.998224 -0.013148 -0.058096 0.000000 0.013734 0.999859 0.009705 0.755700 0.057960 -0.010485 0.998264 0.000000 0.000000 0.000000 0.000000 1.000000
0.996935 -0.071479 -0.031811 0.000000 0.072037 0.997262 0.016737 0.755700 0.030527 -0.018977 0.999354 0.000000 0.000000 0.000000 0.000000 1.000000
0.992622 -0.120771 0.010731 0.000000 0.120554 0.992524 0.019033 0.755700 -0.012950 -0.017598 0.999761 0.000000 0.000000 0.000000 0.000000 1.000000
0.986688 -0.155832 0.046522 -0.000000 0.154765 0.987616 0.025731 0.755700 -0.049955 -0.018188 0.998586 -0.000000 0.000000 0.000000 0.000000 1.000000
0.985135 -0.166814 0.041007 0.000000 0.165262 0.985489 0.038728 0.755700 -0.046872 -0.031376 0.998408 0.000000 0.000000 0.000000 0.000000 1.000000
0.982842 -0.181585 0.032392 -0.000000 0.180087 0.982649 0.044386 0.755700 -0.039890 -0.037791 0.998489 -0.000000 0.000000 0.000000 0.000000 1.000000
0.983858 -0.174806 0.038293 0.000000 0.173053 0.983878 0.045124 0.755700 -0.045564 -0.037769 0.998247 0.000000 0.000000 0.000000 0.000000 1.000000
0.984862 -0.167285 0.045424 -0.000000 0.164954 0.984983 0.050983 0.755700 -0.053271 -0.042718 0.997666 -0.000000 0.000000 0.000000 0.000000 1.000000
0.985300 -0.163428 0.049741 -0.000000 0.160619 0.985423 0.056059 0.755700 -0.058177 -0.047246 0.997188 0.000000 0.000000 0.000000 0.000000 1.000000
0.986237 -0.156807 0.052414 -0.000000 0.153279 0.985998 0.065680 0.755700 -0.061979 -0.056742 0.996463 0.000000 0.000000 0.000000 0.000000 1.000000
0.987132 -0.149489 0.056770 0.000000 0.145428 0.986891 0.069981 0.755700 -0.066488 -0.060825 0.995932 -0.000000 0.000000 0.000000 0.000000 1.000000
0.987915 -0.142461 0.061056 0.000000 0.137981 0.987799 0.072212 0.755700 -0.070598 -0.062915 0.995519 0.000000 0.000000 0.000000 0.000000 1.000000
0.988007 -0.140862 0.063246 0.000000 0.135833 0.987671 0.077818 0.755700 -0.073428 -0.068294 0.994959 0.000000 0.000000 0.000000 0.000000 1.000000
0.987688 -0.140381 0.069036 0.000000 0.134321 0.987221 0.085747 0.755700 -0.080191 -0.075419 0.993922 0.000000 0.000000 0.000000 0.000000 1.000000
0.986935 -0.139799 0.080091 0.000000 0.132369 0.986959 0.091601 0.755700 -0.091852 -0.079803 0.992570 0.000000 0.000000 0.000000 0.000000 1.000000
0.985715 -0.141561 0.091253 0.000000 0.132727 0.986439 0.096554 0.755700 -0.103684 -0.083063 0.991136 0.000000 0.000000 0.000000 0.000000 1.000000
0.984822 -0.141888 0.099967 -0.000000 0.131734 0.986048 0.101764 0.755700 -0.113011 -0.087050 0.989773 -0.000000 0.000000 0.000000 0.000000 1.000000
0.985030 -0.137920 0.103414 -0.000000 0.127408 0.986573 0.102181 0.755700 -0.116118 -0.087475 0.989376 -0.000000 0.000000 0.000000 0.000000 1.000000
0.985879 -0.130630 0.104778 0.000000 0.120293 0.987732 0.099577 0.755700 -0.116501 -0.085567 0.989498 0.000000 0.000000 0.000000 0.000000 1.000000
0.986702 -0.123307 0.105896 0.000000 0.112882 0.988626 0.099384 0.755700 -0.116946 -0.086109 0.989398 0.000000 0.000000 0.000000 0.000000 1.000000
0.987155 -0.117037 0.108751 0.000000 0.106104 0.989170 0.101413 0.755700 -0.119442 -0.088571 0.988883 0.000000 0.000000 0.000000 0.000000 1.000000
0.987170 -0.116085 0.109630 0.000000 0.104839 0.989108 0.103313 0.755700 -0.120429 -0.090494 0.988589 0.000000 0.000000 0.000000 0.000000 1.000000
0.987391 -0.114598 0.109204 0.000000 0.103257 0.989160 0.104401 0.755700 -0.119985 -0.091808 0.988522 0.000000 0.000000 0.000000 0.000000 1.000000
0.987417 -0.111679 0.111965 0.000000 0.100148 0.989542 0.103816 0.755700 -0.122388 -0.091297 0.988274 0.000000 0.000000 0.000000 0.000000 1.000000
0.987322 -0.109378 0.115027 -0.000000 0.097528 0.989778 0.104054 0.755700 -0.125232 -0.091516 0.987898 0.000000 0.000000 0.000000 0.000000 1.000000
0.987280 -0.107062 0.117542 0.000000 0.094952 0.990013 0.104206 0.755700 -0.127524 -0.091720 0.987585 0.000000 0.000000 0.000000 0.000000 1.000000
0.987377 -0.102961 0.120353 0.000000 0.090917 0.990660 0.101618 0.755700 -0.129692 -0.089393 0.987517 0.000000 0.000000 0.000000 0.000000 1.000000
0.987261 -0.097244 0.125935 0.000000 0.085345 0.991650 0.096675 0.755700 -0.134284 -0.084696 0.987317 0.000000 0.000000 0.000000 0.000000 1.000000
0.988085 -0.084480 0.128652 0.000000 0.072796 0.993004 0.092969 0.755700 -0.135606 -0.082496 0.987322 0.000000 0.000000 0.000000 0.000000 1.000000
0.988837 -0.075357 0.128537 -0.000000 0.063889 0.993787 0.091132 0.755700 -0.134606 -0.081902 0.987509 0.000000 0.000000 0.000000 0.000000 1.000000
0.989472 -0.069270 0.127071 0.000000 0.058044 0.994247 0.090018 0.755700 -0.132575 -0.081694 0.987800 0.000000 0.000000 0.000000 0.000000 1.000000
0.990108 -0.063597 0.125070 0.000000 0.052568 0.994591 0.089586 0.755700 -0.130091 -0.082125 0.988095 0.000000 0.000000 0.000000 0.000000 1.000000
0.990582 -0.060286 0.122931 0.000000 0.049127 0.994558 0.091872 0.755700 -0.127801 -0.084968 0.988154 -0.000000 0.000000 0.000000 0.000000 1.000000
0.991096 -0.058923 0.119400 0.000000 0.047389 0.994133 0.097236 0.755700 -0.124428 -0.090712 0.988073 0.000000 0.000000 0.000000 0.000000 1.000000
0.991482 -0.057873 0.116682 0.000000 0.045875 0.993621 0.103016 0.755700 -0.121899 -0.096786 0.987812 0.000000 0.000000 0.000000 0.000000 1.000000
0.991628 -0.058361 0.115182 -0.000000 0.045940 0.993122 0.107697 0.755700 -0.120676 -0.101504 0.987489 0.000000 0.000000 0.000000 0.000000 1.000000
0.991732 -0.058189 0.114379 0.000000 0.045462 0.992792 0.110894 0.755700 -0.120007 -0.104777 0.987228 0.000000 0.000000 0.000000 0.000000 1.000000
0.991819 -0.058133 0.113647 0.000000 0.045394 0.992713 0.111628 0.755700 -0.119308 -0.105556 0.987230 -0.000000 0.000000 0.000000 0.000000 1.000000
0.991907 -0.058107 0.112892 0.000000 0.045325 0.992599 0.112666 0.755700 -0.118603 -0.106637 0.987199 -0.000000 0.000000 0.000000 0.000000 1.000000
0.991923 -0.057928 0.112837 0.000000 0.045164 0.992618 0.112558 0.755700 -0.118524 -0.106553 0.987217 0.000000 0.000000 0.000000 0.000000 1.000000
0.992107 -0.056599 0.111898 0.000000 0.044053 0.992779 0.111572 0.755700 -0.117405 -0.105762 0.987436 -0.000000 0.000000 0.000000 0.000000 1.000000
0.992196 -0.055760 0.111529 0.000000 0.043350 0.992902 0.110756 0.755700 -0.116913 -0.105057 0.987570 -0.000000 0.000000 0.000000 0.000000 1.000000
0.992308 -0.053058 0.111843 -0.000000 0.040706 0.993102 0.109960 0.755700 -0.116905 -0.104561 0.987623 0.000000 0.000000 0.000000 0.000000 1.000000
0.992350 -0.050423 0.112691 0.000000 0.038117 0.993332 0.108807 0.755700 -0.117426 -0.103679 0.987655 -0.000000 0.000000 0.000000 0.000000 1.000000
0.992454 -0.046577 0.113425 0.000000 0.034409 0.993667 0.106971 0.755700 -0.117689 -0.102261 0.987771 -0.000000 0.000000 0.000000 0.000000 1.000000
0.992503 -0.043259 0.114313 0.000000 0.031295 0.994037 0.104454 0.755700 -0.118150 -0.100094 0.987938 0.000000 0.000000 0.000000 0.000000 1.000000</float_array><technique_common><accessor source="#mixamorig_Spine1-Matrix-animation-output-transform-array" count="54" stride="16"><param type="float4x4"/></accessor></technique_common></source><source id="mixamorig_Spine1-Interpolations"><Name_array id="mixamorig_Spine1-Interpolations-array" count="54">
 LINEAR LINEAR LINEAR LINEAR LINEAR LINEAR LINEAR LINEAR LINEAR LINEAR LINEAR
LINEAR LINEAR LINEAR LINEAR LINEAR LINEAR LINEAR LINEAR LINEAR LINEAR LINEAR LINEAR
LINEAR LINEAR LINEAR LINEAR LINEAR LINEAR LINEAR LINEAR LINEAR LINEAR LINEAR LINEAR
LINEAR LINEAR LINEAR LINEAR LINEAR LINEAR LINEAR LINEAR LINEAR LINEAR LINEAR LINEAR
LINEAR LINEAR LINEAR LINEAR LINEAR LINEAR LINEAR</Name_array><technique_common><accessor source="#mixamorig_Spine1-Interpolations-array" count="54"><param type="name"/></accessor></technique_common></source><sampler id="mixamorig_Spine1-Matrix-animation-transform"><input semantic="INPUT" source="#mixamorig_Spine1-Matrix-animation-input"/><input semantic="OUTPUT" source="#mixamorig_Spine1-Matrix-animation-output-transform"/><input semantic="INTERPOLATION" source="#mixamorig_Spine1-Interpolations"/></sampler><channel source="#mixamorig_Spine1-Matrix-animation-transform" target="mixamorig_Spine1/matrix"/></animation>
    <animation id="mixamorig_Spine2-anim" name="mixamorig_Spine2"><source id="mixamorig_Spine2-Matrix-animation-input"><float_array id="mixamorig_Spine2-Matrix-animation-input-array" count="54">

0.000000 0.033333 0.066667 0.100000 0.133333 0.166667 0.200000 0.233333 0.266667 0.300000 0.333333 0.366667 0.400000 0.433333 0.466667 0.500000
0.533333 0.566667 0.600000 0.633333 0.666667 0.700000 0.733333 0.766667 0.800000 0.833333 0.866667 0.900000 0.933333 0.966667 1.000000 1.033333
1.066667 1.100000 1.133333 1.166667 1.200000 1.233333 1.266667 1.300000 1.333333 1.366667 1.400000 1.433333 1.466667 1.500000 1.533333 1.566667
1.600000 1.633333 1.666667 1.700000 1.733333 1.766667</float_array><technique_common><accessor source="#mixamorig_Spine2-Matrix-animation-input-array" count="54"><param name="TIME" type="float"/></accessor></technique_common></source><source id="mixamorig_Spine2-Matrix-animation-output-transform"><float_array id="mixamorig_Spine2-Matrix-animation-output-transform-array" count="864">

0.992503 -0.018821 0.120766 -0.000000 0.031249 0.994308 -0.101859 0.863700 -0.118161 0.104869 0.987441 0.000000 0.000000 0.000000 0.000000 1.000000
0.993945 -0.011160 0.109311 -0.000000 0.022188 0.994720 -0.100198 0.863700 -0.107615 0.102017 0.988945 0.000000 0.000000 0.000000 0.000000 1.000000
0.996109 0.003457 0.088062 0.000000 0.005170 0.995217 -0.097549 0.863700 -0.087978 0.097624 0.991327 -0.000000 0.000000 0.000000 0.000000 1.000000
0.998306 0.028175 0.050896 0.000000 -0.023902 0.996288 -0.082699 0.863700 -0.053037 0.081342 0.995274 -0.000000 0.000000 0.000000 0.000000 1.000000
0.998858 0.047782 0.000284 -0.000000 -0.047634 0.996199 -0.072923 0.863700 -0.003768 0.072826 0.997338 0.000000 0.000000 0.000000 0.000000 1.000000
0.997683 0.054011 -0.041368 0.000000 -0.058022 0.993002 -0.102862 0.863700 0.035523 0.105024 0.993835 -0.000000 0.000000 0.000000 0.000000 1.000000
0.996226 0.055733 -0.066543 0.000000 -0.064571 0.988178 -0.139052 0.863700 0.058006 0.142824 0.988047 0.000000 0.000000 0.000000 0.000000 1.000000
0.996599 0.047876 -0.067063 0.000000 -0.058417 0.984516 -0.165276 0.863700 0.058112 0.168632 0.983965 0.000000 0.000000 0.000000 0.000000 1.000000
0.998621 0.008393 -0.051817 -0.000000 -0.017309 0.984575 -0.174106 0.863700 0.049556 0.174763 0.983363 0.000000 0.000000 0.000000 0.000000 1.000000
0.998794 -0.045116 -0.019379 0.000000 0.041154 0.984448 -0.170787 0.863700 0.026783 0.169784 0.985117 -0.000000 0.000000 0.000000 0.000000 1.000000
0.995661 -0.088904 0.027466 0.000000 0.092305 0.980969 -0.170819 0.863700 -0.011756 0.172613 0.984920 -0.000000 0.000000 0.000000 0.000000 1.000000
0.990545 -0.119612 0.067184 0.000000 0.129249 0.977836 -0.164714 0.863700 -0.045993 0.171840 0.984051 0.000000 0.000000 0.000000 0.000000 1.000000
0.989453 -0.130118 0.063649 -0.000000 0.138417 0.978839 -0.150713 0.863700 -0.042692 0.157934 0.986526 0.000000 0.000000 0.000000 0.000000 1.000000
0.987764 -0.145368 0.056487 0.000000 0.152139 0.977811 -0.144012 0.863700 -0.034299 0.150844 0.987962 0.000000 0.000000 0.000000 0.000000 1.000000
0.988475 -0.138053 0.062117 -0.000000 0.145743 0.978809 -0.143846 0.863700 -0.040942 0.151241 0.987649 -0.000000 0.000000 0.000000 0.000000 1.000000
0.989105 -0.129896 0.069277 0.000000 0.138500 0.980584 -0.138826 0.863700 -0.049899 0.146909 0.987891 -0.000000 0.000000 0.000000 0.000000 1.000000
0.989323 -0.125896 0.073425 0.000000 0.134898 0.981710 -0.134345 0.863700 -0.055168 0.142816 0.988211 0.000000 0.000000 0.000000 0.000000 1.000000
0.989928 -0.119265 0.076286 -0.000000 0.128195 0.983776 -0.125505 0.863700 -0.060080 0.134020 0.989156 -0.000000 0.000000 0.000000 0.000000 1.000000
0.990465 -0.112006 0.080213 0.000000 0.121283 0.985085 -0.122054 0.863700 -0.065346 0.130619 0.989277 -0.000000 0.000000 0.000000 0.000000 1.000000
0.990920 -0.105234 0.083687 0.000000 0.114903 0.986024 -0.120643 0.863700 -0.069822 0.129163 0.989162 0.000000 0.000000 0.000000 0.000000 1.000000
0.990878 -0.104212 0.085449 0.000000 0.113749 0.986760 -0.115613 0.863700 -0.072269 0.124278 0.989612 0.000000 0.000000 0.000000 0.000000 1.000000
0.990416 -0.104021 0.090861 0.000000 0.113671 0.987584 -0.108429 0.863700 -0.078454 0.117718 0.989943 0.000000 0.000000 0.000000 0.000000 1.000000
0.989475 -0.103296 0.101336 0.000000 0.113754 0.988102 -0.103510 0.863700 -0.089438 0.113948 0.989453 -0.000000 0.000000 0.000000 0.000000 1.000000
0.988148 -0.104947 0.112028 -0.000000 0.116220 0.988242 -0.099347 0.863700 -0.100285 0.111190 0.988726 0.000000 0.000000 0.000000 0.000000 1.000000
0.987125 -0.105413 0.120299 -0.000000 0.117133 0.988572 -0.094901 0.863700 -0.108921 0.107770 0.988191 0.000000 0.000000 0.000000 0.000000 1.000000
0.987192 -0.102294 0.122427 -0.000000 0.114284 0.988868 -0.095281 0.863700 -0.111317 0.108052 0.987893 -0.000000 0.000000 0.000000 0.000000 1.000000
0.987861 -0.096075 0.122068 0.000000 0.108407 0.989189 -0.098761 0.863700 -0.111260 0.110795 0.987596 0.000000 0.000000 0.000000 0.000000 1.000000
0.988493 -0.089736 0.121777 0.000000 0.102149 0.989747 -0.099829 0.863700 -0.111570 0.111120 0.987524 0.000000 0.000000 0.000000 0.000000 1.000000
0.988749 -0.084230 0.123617 0.000000 0.096708 0.990410 -0.098673 0.863700 -0.114120 0.109517 0.987412 0.000000 0.000000 0.000000 0.000000 1.000000
0.988738 -0.084220 0.123707 -0.000000 0.096579 0.990533 -0.097555 0.863700 -0.114320 0.108403 0.987512 0.000000 0.000000 0.000000 0.000000 1.000000
0.988921 -0.083762 0.122557 -0.000000 0.095962 0.990619 -0.097285 0.863700 -0.113258 0.107968 0.987682 0.000000 0.000000 0.000000 0.000000 1.000000
0.988876 -0.081529 0.124406 0.000000 0.094092 0.990660 -0.098688 0.863700 -0.115199 0.109296 0.987311 0.000000 0.000000 0.000000 0.000000 1.000000
0.988731 -0.079829 0.126645 0.000000 0.092703 0.990736 -0.099241 0.863700 -0.117550 0.109863 0.986971 0.000000 0.000000 0.000000 0.000000 1.000000
0.988657 -0.078101 0.128286 0.000000 0.091234 0.990806 -0.099902 0.863700 -0.119304 0.110473 0.986693 0.000000 0.000000 0.000000 0.000000 1.000000
0.988694 -0.074500 0.130133 0.000000 0.088248 0.990729 -0.103287 0.863700 -0.121232 0.113603 0.986102 -0.000000 0.000000 0.000000 0.000000 1.000000
0.988472 -0.068949 0.134794 0.000000 0.083931 0.990512 -0.108818 0.863700 -0.126013 0.118877 0.984880 0.000000 0.000000 0.000000 0.000000 1.000000
0.989003 -0.056547 0.136658 0.000000 0.072257 0.990978 -0.112877 0.863700 -0.129043 0.121510 0.984166 0.000000 0.000000 0.000000 0.000000 1.000000
0.989571 -0.047905 0.135845 0.000000 0.063781 0.991312 -0.115031 0.863700 -0.129155 0.122495 0.984029 0.000000 0.000000 0.000000 0.000000 1.000000
0.990138 -0.042220 0.133584 0.000000 0.058000 0.991492 -0.116529 0.863700 -0.127527 0.123128 0.984163 0.000000 0.000000 0.000000 0.000000 1.000000
0.990699 -0.036855 0.130986 0.000000 0.052384 0.991731 -0.117160 0.863700 -0.125585 0.122932 0.984437 0.000000 0.000000 0.000000 0.000000 1.000000
0.991092 -0.033851 0.128808 -0.000000 0.048815 0.992182 -0.114853 0.863700 -0.123914 0.120118 0.984996 -0.000000 0.000000 0.000000 0.000000 1.000000
0.991557 -0.032905 0.125427 0.000000 0.046801 0.992884 -0.109508 0.863700 -0.120931 0.114453 0.986041 -0.000000 0.000000 0.000000 0.000000 1.000000
0.991918 -0.032161 0.122740 0.000000 0.045057 0.993579 -0.103783 0.863700 -0.118614 0.108474 0.986997 -0.000000 0.000000 0.000000 0.000000 1.000000
0.992062 -0.032821 0.121395 0.000000 0.045013 0.994059 -0.099096 0.863700 -0.117421 0.103774 0.987645 -0.000000 0.000000 0.000000 0.000000 1.000000
0.992146 -0.032773 0.120717 0.000000 0.044511 0.994399 -0.095864 0.863700 -0.116899 0.100484 0.988047 -0.000000 0.000000 0.000000 0.000000 1.000000
0.992222 -0.032812 0.120079 -0.000000 0.044394 0.994478 -0.095090 0.863700 -0.116296 0.099681 0.988200 -0.000000 0.000000 0.000000 0.000000 1.000000
0.992282 -0.032954 0.119543 0.000000 0.044353 0.994586 -0.093979 0.863700 -0.115799 0.098556 0.988371 0.000000 0.000000 0.000000 0.000000 1.000000
0.992269 -0.032906 0.119664 0.000000 0.044324 0.994581 -0.094043 0.863700 -0.115922 0.098620 0.988350 0.000000 0.000000 0.000000 0.000000 1.000000
0.992411 -0.031779 0.118791 0.000000 0.043217 0.994540 -0.094986 0.863700 -0.115124 0.099398 0.988366 -0.000000 0.000000 0.000000 0.000000 1.000000
0.992470 -0.031092 0.118473 0.000000 0.042591 0.994489 -0.095799 0.863700 -0.114841 0.100123 0.988325 0.000000 0.000000 0.000000 0.000000 1.000000
0.992524 -0.028481 0.118683 0.000000 0.040086 0.994519 -0.096571 0.863700 -0.115282 0.100607 0.988225 0.000000 0.000000 0.000000 0.000000 1.000000
0.992502 -0.025909 0.119451 0.000000 0.037719 0.994502 -0.097691 0.863700 -0.116263 0.101464 0.988022 0.000000 0.000000 0.000000 0.000000 1.000000
