<?xml version="1.0" encoding="utf-8"?>
<COLLADA xmlns="http://www.collada.org/2005/11/COLLADASchema" version="1.4.1">
  <asset><contributor><author>Mixamo</author><authoring_tool>COLLADA Mixamo exporter</authoring_tool><comments></comments></contributor><created>2020-03-27T17:38:07Z</created><modified>2020-03-27T17:38:07Z</modified><revision></revision><title></title><unit meter="0.025400"/><up_axis>Y_UP</up_axis></asset>
  <library_animations>
    <animation id="mixamorig_Hips-anim" name="mixamorig_Hips"><source id="mixamorig_Hips-Matrix-animation-input"><float_array id="mixamorig_Hips-Matrix-animation-input-array" count="41">

0.000000 0.033333 0.066667 0.100000 0.133333 0.166667 0.200000 0.233333 0.266667 0.300000 0.333333 0.366667 0.400000 0.433333 0.466667 0.500000
0.533333 0.566667 0.600000 0.633333 0.666667 0.700000 0.733333 0.766667 0.800000 0.833333 0.866667 0.900000 0.933333 0.966667 1.000000 1.033333
1.066667 1.100000 1.133333 1.166667 1.200000 1.233333 1.266667 1.300000 1.333333</float_array><technique_common><accessor source="#mixamorig_Hips-Matrix-animation-input-array" count="41"><param name="TIME" type="float"/></accessor></technique_common></source><source id="mixamorig_Hips-Matrix-animation-output-transform"><float_array id="mixamorig_Hips-Matrix-animation-output-transform-array" count="656">

0.838154 -0.060371 -0.542083 0.211771 -0.002905 0.993347 -0.115120 55.847328 0.545427 0.098063 0.832402 0.703981 0.000000 0.000000 0.000000 1.000000
0.831961 -0.065276 -0.550981 0.266169 0.001929 0.993389 -0.114776 56.390617 0.554831 0.094427 0.826587 0.172546 0.000000 0.000000 0.000000 1.000000
0.822621 -0.069536 -0.564323 0.365989 0.005548 0.993428 -0.114323 57.013630 0.568564 0.090913 0.817600 -0.079337 0.000000 0.000000 0.000000 1.000000
0.810384 -0.073148 -0.581315 0.518334 0.006911 0.993300 -0.115355 57.531937 0.585858 0.089464 0.805460 -0.270435 0.000000 0.000000 0.000000 1.000000
0.796369 -0.078409 -0.599706 0.700709 0.007377 0.992746 -0.120001 57.904404 0.604766 0.091141 0.791171 -0.439263 0.000000 0.000000 0.000000 1.000000
0.782002 -0.084363 -0.617540 0.891824 0.006203 0.991802 -0.127637 57.981129 0.623245 0.095981 0.776114 -0.503595 0.000000 0.000000 0.000000 1.000000
0.768439 -0.088579 -0.633763 1.104623 0.003350 0.990917 -0.134434 57.725044 0.639914 0.101181 0.761756 -0.487089 0.000000 0.000000 0.000000 1.000000
0.756194 -0.087414 -0.648482 1.372616 -0.001847 0.990748 -0.135705 57.131058 0.654345 0.103817 0.749036 -0.378645 0.000000 0.000000 0.000000 1.000000
0.745424 -0.078438 -0.661960 1.716585 -0.009874 0.991645 -0.128622 56.255817 0.666518 0.102415 0.738421 -0.136657 0.000000 0.000000 0.000000 1.000000
0.736463 -0.062951 -0.673542 2.152844 -0.019982 0.993202 -0.114676 55.214931 0.676183 0.097913 0.730199 0.303568 0.000000 0.000000 0.000000 1.000000
0.729807 -0.046847 -0.682046 2.713651 -0.028305 0.994723 -0.098611 54.195000 0.683067 0.091273 0.724630 1.008463 0.000000 0.000000 0.000000 1.000000
0.724545 -0.035299 -0.688323 3.376146 -0.033356 0.995721 -0.086175 53.290668 0.688420 0.085397 0.720267 1.757588 0.000000 0.000000 0.000000 1.000000
0.718717 -0.032207 -0.694557 4.024579 -0.034528 0.996041 -0.081916 52.656319 0.694445 0.082857 0.714759 2.399765 0.000000 0.000000 0.000000 1.000000
0.712721 -0.034894 -0.700579 4.567835 -0.037186 0.995478 -0.087413 52.436886 0.700461 0.088352 0.708201 2.858741 0.000000 0.000000 0.000000 1.000000
0.712219 -0.037410 -0.700960 5.010858 -0.044906 0.994105 -0.098682 52.699104 0.700519 0.101761 0.706341 3.239587 0.000000 0.000000 0.000000 1.000000
0.722168 -0.038539 -0.690643 5.315968 -0.051854 0.992621 -0.109610 53.172306 0.689771 0.114969 0.714841 3.310712 0.000000 0.000000 0.000000 1.000000
0.739804 -0.038873 -0.671699 5.436837 -0.054080 0.991664 -0.116953 53.718575 0.670646 0.122848 0.731535 3.134831 0.000000 0.000000 0.000000 1.000000
0.757070 -0.038051 -0.652224 5.447948 -0.054917 0.991063 -0.121564 54.302708 0.651021 0.127851 0.748215 2.926717 0.000000 0.000000 0.000000 1.000000
0.769209 -0.038045 -0.637863 5.387739 -0.054761 0.990629 -0.125122 54.859436 0.636646 0.131175 0.759918 2.669539 0.000000 0.000000 0.000000 1.000000
0.777609 -0.039444 -0.627510 5.279669 -0.052781 0.990412 -0.127661 55.411278 0.626529 0.132391 0.768072 2.418494 0.000000 0.000000 0.000000 1.000000
0.786049 -0.042062 -0.616732 5.149734 -0.047704 0.990580 -0.128360 55.958088 0.616321 0.130318 0.776638 2.213040 0.000000 0.000000 0.000000 1.000000
0.796789 -0.044780 -0.602596 5.014607 -0.040136 0.991126 -0.126723 56.471008 0.602923 0.125157 0.787921 2.018226 0.000000 0.000000 0.000000 1.000000
0.809293 -0.046730 -0.585544 4.860669 -0.031735 0.991897 -0.123020 56.903469 0.586548 0.118142 0.801252 1.830900 0.000000 0.000000 0.000000 1.000000
0.821291 -0.048061 -0.568481 4.671004 -0.023878 0.992676 -0.118421 57.200577 0.570009 0.110832 0.814129 1.643730 0.000000 0.000000 0.000000 1.000000
0.830978 -0.049543 -0.554095 4.466160 -0.017090 0.993283 -0.114443 57.300831 0.556043 0.104569 0.824549 1.459236 0.000000 0.000000 0.000000 1.000000
0.838432 -0.051819 -0.542538 4.234459 -0.011149 0.993631 -0.112134 57.121681 0.544893 0.100065 0.832514 1.320773 0.000000 0.000000 0.000000 1.000000
0.844958 -0.054872 -0.532010 3.963212 -0.005688 0.993745 -0.111530 56.648922 0.534802 0.097264 0.839361 1.273089 0.000000 0.000000 0.000000 1.000000
0.851792 -0.058615 -0.520591 3.645251 -0.000082 0.993706 -0.112019 55.953102 0.523881 0.095460 0.846426 1.330330 0.000000 0.000000 0.000000 1.000000
0.859790 -0.063430 -0.506693 3.260569 0.006676 0.993567 -0.113052 55.070461 0.510604 0.093818 0.854682 1.599742 0.000000 0.000000 0.000000 1.000000
0.868208 -0.069254 -0.491344 2.841711 0.014426 0.993317 -0.114516 54.056137 0.495991 0.092336 0.863405 2.100857 0.000000 0.000000 0.000000 1.000000
0.874133 -0.072666 -0.480221 2.496973 0.018531 0.993014 -0.116529 53.028450 0.485334 0.092962 0.869373 2.738164 0.000000 0.000000 0.000000 1.000000
0.874536 -0.066995 -0.480310 2.138761 0.010961 0.992890 -0.118532 52.283024 0.484836 0.098396 0.869053 3.068096 0.000000 0.000000 0.000000 1.000000
0.870433 -0.058249 -0.488829 2.011047 -0.000776 0.992812 -0.119684 51.773857 0.492287 0.104556 0.864131 3.121232 0.000000 0.000000 0.000000 1.000000
0.865314 -0.051592 -0.498567 1.644890 -0.009224 0.992881 -0.118754 51.866848 0.501145 0.107358 0.858678 3.126812 0.000000 0.000000 0.000000 1.000000
0.861651 -0.049241 -0.505107 1.184774 -0.011463 0.993140 -0.116372 52.300262 0.507372 0.106062 0.855175 2.971941 0.000000 0.000000 0.000000 1.000000
0.857706 -0.047695 -0.511923 0.879602 -0.013770 0.993200 -0.115606 52.700779 0.513955 0.106205 0.851217 2.548330 0.000000 0.000000 0.000000 1.000000
0.851515 -0.049553 -0.521983 0.615748 -0.014422 0.992934 -0.117788 53.260246 0.524132 0.107826 0.844784 2.147464 0.000000 0.000000 0.000000 1.000000
0.845749 -0.051239 -0.531116 0.473875 -0.015856 0.992526 -0.121002 53.836090 0.533346 0.110758 0.838615 1.699927 0.000000 0.000000 0.000000 1.000000
0.842636 -0.052470 -0.535921 0.346908 -0.015885 0.992386 -0.122137 54.454075 0.538250 0.111431 0.835387 1.261382 0.000000 0.000000 0.000000 1.000000
0.841020 -0.055429 -0.538158 0.248582 -0.011427 0.992696 -0.120103 55.183258 0.540884 0.107158 0.834243 0.970377 0.000000 0.000000 0.000000 1.000000
0.838154 -0.060371 -0.542083 0.211766 -0.002905 0.993347 -0.115120 55.847328 0.545427 0.098063 0.832402 0.703982 0.000000 0.000000 0.000000 1.000000</float_array><technique_common><accessor source="#mixamorig_Hips-Matrix-animation-output-transform-array" count="41" stride="16"><param type="float4x4"/></accessor></technique_common></source><source id="mixamorig_Hips-Interpolations"><Name_array id="mixamorig_Hips-Interpolations-array" count="41">
 LINEAR LINEAR LINEAR LINEAR LINEAR LINEAR LINEAR LINEAR LINEAR LINEAR LINEAR
LINEAR LINEAR LINEAR LINEAR LINEAR LINEAR LINEAR LINEAR LINEAR LINEAR LINEAR LINEAR
LINEAR LINEAR LINEAR LINEAR LINEAR LINEAR LINEAR LINEAR LINEAR LINEAR LINEAR LINEAR
LINEAR LINEAR LINEAR LINEAR LINEAR LINEAR</Name_array><technique_common><accessor source="#mixamorig_Hips-Interpolations-array" count="41"><param type="name"/></accessor></technique_common></source><sampler id="mixamorig_Hips-Matrix-animation-transform"><input semantic="INPUT" source="#mixamorig_Hips-Matrix-animation-input"/><input semantic="OUTPUT" source="#mixamorig_Hips-Matrix-animation-output-transform"/><input semantic="INTERPOLATION" source="#mixamorig_Hips-Interpolations"/></sampler><channel source="#mixamorig_Hips-Matrix-animation-transform" target="mixamorig_Hips/matrix"/></animation>
    <animation id="mixamorig_Spine-anim" name="mixamorig_Spine"><source id="mixamorig_Spine-Matrix-animation-input"><float_array id="mixamorig_Spine-Matrix-animation-input-array" count="41">

0.000000 0.033333 0.066667 0.100000 0.133333 0.166667 0.200000 0.233333 0.266667 0.300000 0.333333 0.366667 0.400000 0.433333 0.466667 0.500000
0.533333 0.566667 0.600000 0.633333 0.666667 0.700000 0.733333 0.766667 0.800000 0.833333 0.866667 0.900000 0.933333 0.966667 1.000000 1.033333
1.066667 1.100000 1.133333 1.166667 1.200000 1.233333 1.266667 1.300000 1.333333</float_array><technique_common><accessor source="#mixamorig_Spine-Matrix-animation-input-array" count="41"><param name="TIME" type="float"/></accessor></technique_common></source><source id="mixamorig_Spine-Matrix-animation-output-transform"><float_array id="mixamorig_Spine-Matrix-animation-output-transform-array" count="656">

0.998386 0.000092 -0.056801 0.000000 -0.008117 0.989968 -0.141061 10.622700 0.056218 0.141294 0.988370 -1.407400 0.000000 0.000000 0.000000 1.000000
0.998424 0.000544 -0.056125 0.000000 -0.008463 0.989981 -0.140949 10.622700 0.055486 0.141201 0.988425 -1.407400 0.000000 0.000000 0.000000 1.000000
0.998460 0.000611 -0.055464 0.000000 -0.008448 0.989947 -0.141187 10.622700 0.054820 0.141438 0.988428 -1.407400 0.000000 0.000000 0.000000 1.000000
0.998478 0.000827 -0.055138 -0.000000 -0.008592 0.990008 -0.140749 10.622700 0.054471 0.141009 0.988509 -1.407400 0.000000 0.000000 0.000000 1.000000
0.998451 0.002263 -0.055600 0.000000 -0.009936 0.990366 -0.138117 10.622700 0.054752 0.138455 0.988854 -1.407400 0.000000 0.000000 0.000000 1.000000
0.998401 0.003715 -0.056410 -0.000000 -0.011239 0.990966 -0.133642 10.622700 0.055404 0.134062 0.989423 -1.407400 0.000000 0.000000 0.000000 1.000000
0.998355 0.004896 -0.057133 0.000000 -0.012268 0.991516 -0.129401 10.622700 0.056015 0.129889 0.989945 -1.407400 0.000000 0.000000 0.000000 1.000000
0.998344 0.005325 -0.057274 0.000000 -0.012611 0.991743 -0.127623 10.622700 0.056122 0.128134 0.990168 -1.407400 0.000000 0.000000 0.000000 1.000000
0.998394 0.004379 -0.056488 0.000000 -0.011674 0.991516 -0.129460 10.622700 0.055442 0.129912 0.989974 -1.407400 0.000000 0.000000 0.000000 1.000000
0.998509 0.002076 -0.054547 -0.000000 -0.009410 0.990863 -0.134544 10.622700 0.053769 0.134856 0.989405 -1.407400 0.000000 0.000000 0.000000 1.000000
0.998670 0.000641 -0.051552 -0.000000 -0.007941 0.989902 -0.141530 10.622700 0.050941 0.141751 0.988591 -1.407400 0.000000 0.000000 0.000000 1.000000
0.998898 0.000495 -0.046941 -0.000000 -0.007471 0.988876 -0.148552 10.622700 0.046345 0.148739 0.987790 -1.407400 0.000000 0.000000 0.000000 1.000000
0.999120 0.003581 -0.041787 0.000000 -0.009939 0.988186 -0.152936 10.622700 0.040746 0.153217 0.987352 -1.407400 0.000000 0.000000 0.000000 1.000000
0.999278 0.007056 -0.037343 0.000000 -0.012713 0.988070 -0.153481 10.622700 0.035814 0.153844 0.987446 -1.407400 0.000000 0.000000 0.000000 1.000000
0.999366 0.006126 -0.035081 -0.000000 -0.011395 0.988312 -0.152021 10.622700 0.033739 0.152325 0.987754 -1.407400 0.000000 0.000000 0.000000 1.000000
0.999353 0.002380 -0.035886 0.000000 -0.007791 0.988442 -0.151398 10.622700 0.035111 0.151580 0.987821 -1.407400 0.000000 0.000000 0.000000 1.000000
0.999248 -0.001269 -0.038756 0.000000 -0.004650 0.988333 -0.152235 10.622700 0.038497 0.152301 0.987584 -1.407400 0.000000 0.000000 0.000000 1.000000
0.999134 -0.004394 -0.041376 -0.000000 -0.001982 0.988257 -0.152789 10.622700 0.041561 0.152739 0.987392 -1.407400 0.000000 0.000000 0.000000 1.000000
0.999056 -0.005006 -0.043155 0.000000 -0.001602 0.988418 -0.151750 10.622700 0.043415 0.151676 0.987476 -1.407400 0.000000 0.000000 0.000000 1.000000
0.998987 -0.004422 -0.044779 -0.000000 -0.002339 0.988714 -0.149800 10.622700 0.044936 0.149753 0.987702 -1.407400 0.000000 0.000000 0.000000 1.000000
0.998868 -0.004542 -0.047343 0.000000 -0.002525 0.988960 -0.148160 10.622700 0.047493 0.148112 0.987830 -1.407400 0.000000 0.000000 0.000000 1.000000
0.998664 -0.006406 -0.051279 0.000000 -0.001225 0.989071 -0.147433 10.622700 0.051663 0.147298 0.987742 -1.407400 0.000000 0.000000 0.000000 1.000000
0.998379 -0.009583 -0.056098 0.000000 0.001208 0.989067 -0.147461 10.622700 0.056897 0.147154 0.987476 -1.407400 0.000000 0.000000 0.000000 1.000000
0.998071 -0.013043 -0.060703 0.000000 0.003952 0.989051 -0.147524 10.622700 0.061963 0.146999 0.987194 -1.407400 0.000000 0.000000 0.000000 1.000000
0.997804 -0.016222 -0.064220 0.000000 0.006629 0.989136 -0.146856 10.622700 0.065904 0.146107 0.987071 -1.407400 0.000000 0.000000 0.000000 1.000000
0.997578 -0.019058 -0.066889 -0.000000 0.009165 0.989358 -0.145211 10.622700 0.068945 0.144246 0.987137 -1.407400 0.000000 0.000000 0.000000 1.000000
0.997344 -0.021580 -0.069560 0.000000 0.011443 0.989662 -0.142966 10.622700 0.071927 0.141790 0.987280 -1.407400 0.000000 0.000000 0.000000 1.000000
0.997078 -0.023409 -0.072714 -0.000000 0.012988 0.989979 -0.140618 10.622700 0.075277 0.139262 0.987390 -1.407400 0.000000 0.000000 0.000000 1.000000
0.996769 -0.023791 -0.076716 0.000000 0.012993 0.990306 -0.138297 10.622700 0.079262 0.136853 0.987415 -1.407400 0.000000 0.000000 0.000000 1.000000
0.996451 -0.023156 -0.080929 0.000000 0.011981 0.990645 -0.135939 10.622700 0.083319 0.134487 0.987406 -1.407400 0.000000 0.000000 0.000000 1.000000
0.996279 -0.022367 -0.083238 0.000000 0.011059 0.990933 -0.133904 10.622700 0.085478 0.132485 0.987492 -1.407400 0.000000 0.000000 0.000000 1.000000
0.996437 -0.025329 -0.080450 -0.000000 0.014435 0.990983 -0.133209 10.622700 0.083099 0.131573 0.987817 -1.407400 0.000000 0.000000 0.000000 1.000000
0.996838 -0.025817 -0.075154 0.000000 0.015589 0.990909 -0.133624 10.622700 0.077921 0.132030 0.988178 -1.407400 0.000000 0.000000 0.000000 1.000000
0.997379 -0.021802 -0.068991 0.000000 0.012350 0.990826 -0.134581 10.622700 0.071292 0.133376 0.988498 -1.407400 0.000000 0.000000 0.000000 1.000000
0.997811 -0.015350 -0.064319 0.000000 0.006510 0.990763 -0.135449 10.622700 0.065804 0.134734 0.988694 -1.407400 0.000000 0.000000 0.000000 1.000000
0.998072 -0.012594 -0.060778 0.000000 0.004229 0.990721 -0.135847 10.622700 0.061925 0.135328 0.988864 -1.407400 0.000000 0.000000 0.000000 1.000000
0.998280 -0.009865 -0.057797 -0.000000 0.001956 0.990798 -0.135333 10.622700 0.058601 0.134987 0.989113 -1.407400 0.000000 0.000000 0.000000 1.000000
0.998400 -0.008647 -0.055888 0.000000 0.001016 0.990825 -0.135147 10.622700 0.056544 0.134874 0.989248 -1.407400 0.000000 0.000000 0.000000 1.000000
0.998430 -0.007552 -0.055495 0.000000 -0.000091 0.990648 -0.136443 10.622700 0.056007 0.136234 0.989092 -1.407400 0.000000 0.000000 0.000000 1.000000
0.998410 -0.004426 -0.056203 0.000000 -0.003442 0.990269 -0.139124 10.622700 0.056272 0.139096 0.988679 -1.407400 0.000000 0.000000 0.000000 1.000000
0.998385 0.000092 -0.056803 0.000000 -0.008117 0.989967 -0.141062 10.622700 0.056220 0.141296 0.988370 -1.407400 0.000000 0.000000 0.000000 1.000000</float_array><technique_common><accessor source="#mixamorig_Spine-Matrix-animation-output-transform-array" count="41" stride="16"><param type="float4x4"/></accessor></technique_common></source><source id="mixamorig_Spine-Interpolations"><Name_array id="mixamorig_Spine-Interpolations-array" count="41">
 LINEAR LINEAR LINEAR LINEAR LINEAR LINEAR LINEAR LINEAR LINEAR LINEAR LINEAR
LINEAR LINEAR LINEAR LINEAR LINEAR LINEAR LINEAR LINEAR LINEAR LINEAR LINEAR LINEAR
LINEAR LINEAR LINEAR LINEAR LINEAR LINEAR LINEAR LINEAR LINEAR LINEAR LINEAR LINEAR
LINEAR LINEAR LINEAR LINEAR LINEAR LINEAR</Name_array><technique_common><accessor source="#mixamorig_Spine-Interpolations-array" count="41"><param type="name"/></accessor></technique_common></source><sampler id="mixamorig_Spine-Matrix-animation-transform"><input semantic="INPUT" source="#mixamorig_Spine-Matrix-animation-input"/><input semantic="OUTPUT" source="#mixamorig_Spine-Matrix-animation-output-transform"/><input semantic="INTERPOLATION" source="#mixamorig_Spine-Interpolations"/></sampler><channel source="#mixamorig_Spine-Matrix-animation-transform" target="mixamorig_Spine/matrix"/></animation>
    <animation id="mixamorig_Spine1-anim" name="mixamorig_Spine1"><source id="mixamorig_Spine1-Matrix-animation-input"><float_array id="mixamorig_Spine1-Matrix-animation-input-array" count="41">

0.000000 0.033333 0.066667 0.100000 0.133333 0.166667 0.200000 0.233333 0.266667 0.300000 0.333333 0.366667 0.400000 0.433333 0.466667 0.500000
0.533333 0.566667 0.600000 0.633333 0.666667 0.700000 0.733333 0.766667 0.800000 0.833333 0.866667 0.900000 0.933333 0.966667 1.000000 1.033333
1.066667 1.100000 1.133333 1.166667 1.200000 1.233333 1.266667 1.300000 1.333333</float_array><technique_common><accessor source="#mixamorig_Spine1-Matrix-animation-input-array" count="41"><param name="TIME" type="float"/></accessor></technique_common></source><source id="mixamorig_Spine1-Matrix-animation-output-transform"><float_array id="mixamorig_Spine1-Matrix-animation-output-transform-array" count="656">

0.995601 -0.007316 -0.093406 0.000000 -0.008472 0.985833 -0.167517 12.501400 0.093308 0.167571 0.981434 0.000000 0.000000 0.000000 0.000000 1.000000
0.995688 -0.004362 -0.092668 -0.000000 -0.011255 0.985837 -0.167326 12.501400 0.092085 0.167648 0.981537 0.000000 0.000000 0.000000 0.000000 1.000000
0.995747 -0.000921 -0.092127 0.000000 -0.014568 0.985797 -0.167310 12.501400 0.090972 0.167941 0.981591 0.000000 0.000000 0.000000 0.000000 1.000000
0.995743 0.002296 -0.092144 0.000000 -0.017659 0.985923 -0.166265 12.501400 0.090465 0.167185 0.981766 -0.000000 0.000000 0.000000 0.000000 1.000000
0.995674 0.005016 -0.092775 0.000000 -0.020117 0.986493 -0.162560 12.501400 0.090707 0.163724 0.982327 0.000000 0.000000 0.000000 0.000000 1.000000
0.995576 0.007194 -0.093681 0.000000 -0.021863 0.987433 -0.156520 12.501400 0.091377 0.157876 0.983222 0.000000 0.000000 0.000000 0.000000 1.000000
0.995511 0.008780 -0.094233 0.000000 -0.022993 0.988293 -0.150824 12.501400 0.091806 0.152313 0.984059 0.000000 0.000000 0.000000 0.000000 1.000000
0.995539 0.009375 -0.093881 0.000000 -0.023316 0.988635 -0.148516 12.501400 0.091422 0.150043 0.984444 0.000000 0.000000 0.000000 0.000000 1.000000
0.995694 0.008211 -0.092337 0.000000 -0.022169 0.988258 -0.151175 12.501400 0.090012 0.152571 0.984185 0.000000 0.000000 0.000000 0.000000 1.000000
0.995977 0.005164 -0.089460 -0.000000 -0.019304 0.987263 -0.157922 12.501400 0.087505 0.159013 0.983391 0.000000 0.000000 0.000000 0.000000 1.000000
0.996372 0.001828 -0.085088 -0.000000 -0.016043 0.985881 -0.166678 12.501400 0.083582 0.167438 0.982333 0.000000 0.000000 0.000000 0.000000 1.000000
0.996868 0.000709 -0.079083 -0.000000 -0.014588 0.984448 -0.175068 12.501400 0.077729 0.175674 0.981375 -0.000000 0.000000 0.000000 0.000000 1.000000
0.997416 0.002314 -0.071806 -0.000000 -0.015282 0.983439 -0.180593 12.501400 0.070199 0.181224 0.980933 0.000000 0.000000 0.000000 0.000000 1.000000
0.997880 0.003839 -0.064965 0.000000 -0.015634 0.983168 -0.182035 12.501400 0.063172 0.182665 0.981144 0.000000 0.000000 0.000000 0.000000 1.000000
0.998117 0.001819 -0.061312 0.000000 -0.012931 0.983339 -0.181323 12.501400 0.059961 0.181774 0.981511 -0.000000 0.000000 0.000000 0.000000 1.000000
0.998042 -0.004147 -0.062410 0.000000 -0.007274 0.983336 -0.181653 12.501400 0.062123 0.181751 0.981380 -0.000000 0.000000 0.000000 0.000000 1.000000
0.997721 -0.011659 -0.066465 0.000000 -0.000755 0.982970 -0.183763 12.501400 0.067476 0.183394 0.980721 0.000000 0.000000 0.000000 0.000000 1.000000
0.997368 -0.017870 -0.070269 0.000000 0.004543 0.982650 -0.185413 12.501400 0.072363 0.184606 0.980145 0.000000 0.000000 0.000000 0.000000 1.000000
0.997144 -0.021213 -0.072484 -0.000000 0.007477 0.982758 -0.184746 12.501400 0.075153 0.183677 0.980110 0.000000 0.000000 0.000000 0.000000 1.000000
0.996993 -0.022185 -0.074249 0.000000 0.008287 0.983174 -0.182481 12.501400 0.077048 0.181317 0.980402 0.000000 0.000000 0.000000 0.000000 1.000000
0.996746 -0.022781 -0.077324 0.000000 0.008490 0.983567 -0.180342 12.501400 0.080162 0.179099 0.980560 0.000000 0.000000 0.000000 0.000000 1.000000
0.996290 -0.024694 -0.082445 0.000000 0.009539 0.983734 -0.179380 12.501400 0.085533 0.177928 0.980319 0.000000 0.000000 0.000000 0.000000 1.000000
0.995655 -0.027877 -0.088843 0.000000 0.011533 0.983706 -0.179415 12.501400 0.092397 0.177611 0.979754 0.000000 0.000000 0.000000 0.000000 1.000000
0.995007 -0.031098 -0.094835 -0.000000 0.013648 0.983687 -0.179370 12.501400 0.098866 0.177180 0.979200 0.000000 0.000000 0.000000 0.000000 1.000000
0.994508 -0.033403 -0.099191 0.000000 0.015283 0.983894 -0.178099 12.501400 0.103543 0.175605 0.979000 0.000000 0.000000 0.000000 0.000000 1.000000
0.994174 -0.034576 -0.102095 0.000000 0.016228 0.984372 -0.175350 12.501400 0.106563 0.172671 0.979198 -0.000000 0.000000 0.000000 0.000000 1.000000
0.993890 -0.034705 -0.104777 -0.000000 0.016274 0.984984 -0.171876 12.501400 0.109169 0.169120 0.979531 0.000000 0.000000 0.000000 0.000000 1.000000
0.993522 -0.033921 -0.108463 -0.000000 0.015274 0.985612 -0.168334 12.501400 0.112612 0.165587 0.979745 0.000000 0.000000 0.000000 0.000000 1.000000
0.993000 -0.032576 -0.113531 0.000000 0.013488 0.986201 -0.165001 12.501400 0.117339 0.162315 0.979737 0.000000 0.000000 0.000000 0.000000 1.000000
0.992438 -0.031649 -0.118593 0.000000 0.012140 0.986758 -0.161742 12.501400 0.122142 0.159079 0.979681 0.000000 0.000000 0.000000 0.000000 1.000000
0.992210 -0.032269 -0.120321 -0.000000 0.012826 0.987197 -0.158989 12.501400 0.123911 0.156208 0.979921 0.000000 0.000000 0.000000 0.000000 1.000000
0.992622 -0.034279 -0.116302 0.000000 0.015608 0.987347 -0.157804 12.501400 0.120239 0.154825 0.980598 0.000000 0.000000 0.000000 0.000000 1.000000
0.993435 -0.035988 -0.108591 0.000000 0.018399 0.987135 -0.158825 12.501400 0.112910 0.155784 0.981317 0.000000 0.000000 0.000000 0.000000 1.000000
0.994163 -0.036029 -0.101696 -0.000000 0.019245 0.986696 -0.161436 12.501400 0.106159 0.158537 0.981629 0.000000 0.000000 0.000000 0.000000 1.000000
0.994683 -0.034215 -0.097132 -0.000000 0.017942 0.986345 -0.163711 12.501400 0.101407 0.161098 0.981715 0.000000 0.000000 0.000000 0.000000 1.000000
0.995161 -0.031137 -0.093193 -0.000000 0.015483 0.986305 -0.164204 12.501400 0.097029 0.161966 0.982014 0.000000 0.000000 0.000000 0.000000 1.000000
0.995608 -0.027305 -0.089544 -0.000000 0.012384 0.986525 -0.163138 12.501400 0.092792 0.161313 0.982531 -0.000000 0.000000 0.000000 0.000000 1.000000
0.995854 -0.022934 -0.088026 0.000000 0.008384 0.986719 -0.162222 12.501400 0.090577 0.160811 0.982820 0.000000 0.000000 0.000000 0.000000 1.000000
0.995845 -0.018159 -0.089232 -0.000000 0.003382 0.986615 -0.163031 12.501400 0.090998 0.162052 0.982577 0.000000 0.000000 0.000000 0.000000 1.000000
0.995695 -0.012787 -0.091802 -0.000000 -0.002594 0.986205 -0.165507 12.501400 0.092652 0.165033 0.981927 -0.000000 0.000000 0.000000 0.000000 1.000000
0.995601 -0.007316 -0.093405 0.000000 -0.008472 0.985833 -0.167517 12.501400 0.093307 0.167571 0.981434 -0.000000 0.000000 0.000000 0.000000 1.000000</float_array><technique_common><accessor source="#mixamorig_Spine1-Matrix-animation-output-transform-array" count="41" stride="16"><param type="float4x4"/></accessor></technique_common></source><source id="mixamorig_Spine1-Interpolations"><Name_array id="mixamorig_Spine1-Interpolations-array" count="41">
 LINEAR LINEAR LINEAR LINEAR LINEAR LINEAR LINEAR LINEAR LINEAR LINEAR LINEAR
LINEAR LINEAR LINEAR LINEAR LINEAR LINEAR LINEAR LINEAR LINEAR LINEAR LINEAR LINEAR
LINEAR LINEAR LINEAR LINEAR LINEAR LINEAR LINEAR LINEAR LINEAR LINEAR LINEAR LINEAR
LINEAR LINEAR LINEAR LINEAR LINEAR LINEAR</Name_array><technique_common><accessor source="#mixamorig_Spine1-Interpolations-array" count="41"><param type="name"/></accessor></technique_common></source><sampler id="mixamorig_Spine1-Matrix-animation-transform"><input semantic="INPUT" source="#mixamorig_Spine1-Matrix-animation-input"/><input semantic="OUTPUT" source="#mixamorig_Spine1-Matrix-animation-output-transform"/><input semantic="INTERPOLATION" source="#mixamorig_Spine1-Interpolations"/></sampler><channel source="#mixamorig_Spine1-Matrix-animation-transform" target="mixamorig_Spine1/matrix"/></animation>
    <animation id="mixamorig_Spine2-anim" name="mixamorig_Spine2"><source id="mixamorig_Spine2-Matrix-animation-input"><float_array id="mixamorig_Spine2-Matrix-animation-input-array" count="41">

0.000000 0.033333 0.066667 0.100000 0.133333 0.166667 0.200000 0.233333 0.266667 0.300000 0.333333 0.366667 0.400000 0.433333 0.466667 0.500000
0.533333 0.566667 0.600000 0.633333 0.666667 0.700000 0.733333 0.766667 0.800000 0.833333 0.866667 0.900000 0.933333 0.966667 1.000000 1.033333
1.066667 1.100000 1.133333 1.166667 1.200000 1.233333 1.266667 1.300000 1.333333</float_array><technique_common><accessor source="#mixamorig_Spine2-Matrix-animation-input-array" count="41"><param name="TIME" type="float"/></accessor></technique_common></source><source id="mixamorig_Spine2-Matrix-animation-output-transform"><float_array id="mixamorig_Spine2-Matrix-animation-output-transform-array" count="656">

0.995558 0.008845 -0.093732 0.000000 -0.005280 0.999256 0.038216 14.287300 0.094001 -0.037551 0.994864 -0.000000 0.000000 0.000000 0.000000 1.000000
0.995662 0.011562 -0.092327 0.000000 -0.008044 0.999231 0.038385 14.287300 0.092700 -0.037476 0.994989 -0.000000 0.000000 0.000000 0.000000 1.000000
0.995739 0.014801 -0.091020 0.000000 -0.011344 0.999199 0.038381 14.287300 0.091515 -0.037185 0.995109 0.000000 0.000000 0.000000 0.000000 1.000000
0.995751 0.017943 -0.090327 0.000000 -0.014426 0.999118 0.039430 14.287300 0.090955 -0.037959 0.995131 -0.000000 0.000000 0.000000 0.000000 1.000000
0.995696 0.020719 -0.090337 0.000000 -0.016869 0.998925 0.043176 14.287300 0.091134 -0.041467 0.994975 0.000000 0.000000 0.000000 0.000000 1.000000
0.995611 0.023012 -0.090713 0.000000 -0.018592 0.998612 0.049278 14.287300 0.091721 -0.047375 0.994657 -0.000000 0.000000 0.000000 0.000000 1.000000
0.995559 0.024653 -0.090857 0.000000 -0.019700 0.998291 0.055015 14.287300 0.092058 -0.052980 0.994343 -0.000000 0.000000 0.000000 0.000000 1.000000
0.995595 0.025145 -0.090326 0.000000 -0.020009 0.998155 0.057321 14.287300 0.091601 -0.055261 0.994261 -0.000000 0.000000 0.000000 0.000000 1.000000
0.995748 0.023681 -0.089021 0.000000 -0.018860 0.998330 0.054612 14.287300 0.090166 -0.052701 0.994531 0.000000 0.000000 0.000000 0.000000 1.000000
0.996018 0.020111 -0.086856 0.000000 -0.015999 0.998730 0.047778 14.287300 0.087707 -0.046198 0.995075 0.000000 0.000000 0.000000 0.000000 1.000000
0.996391 0.015946 -0.083366 -0.000000 -0.012734 0.999161 0.038913 14.287300 0.083917 -0.037711 0.995759 -0.000000 0.000000 0.000000 0.000000 1.000000
0.996869 0.013570 -0.077893 -0.000000 -0.011229 0.999474 0.030414 14.287300 0.078264 -0.029444 0.996498 -0.000000 0.000000 0.000000 0.000000 1.000000
0.997412 0.013548 -0.070614 0.000000 -0.011822 0.999622 0.024806 14.287300 0.070924 -0.023907 0.997195 -0.000000 0.000000 0.000000 0.000000 1.000000
0.997876 0.013515 -0.063719 -0.000000 -0.012049 0.999655 0.023329 14.287300 0.064012 -0.022511 0.997695 -0.000000 0.000000 0.000000 0.000000 1.000000
0.998104 0.010713 -0.060608 0.000000 -0.009270 0.999668 0.024041 14.287300 0.060845 -0.023434 0.997872 0.000000 0.000000 0.000000 0.000000 1.000000
0.998005 0.005121 -0.062925 -0.000000 -0.003635 0.999712 0.023701 14.287300 0.063028 -0.023425 0.997737 -0.000000 0.000000 0.000000 0.000000 1.000000
0.997654 -0.001316 -0.068444 0.000000 0.002798 0.999764 0.021554 14.287300 0.068399 -0.021695 0.997422 0.000000 0.000000 0.000000 0.000000 1.000000
0.997278 -0.006539 -0.073440 -0.000000 0.008018 0.999770 0.019868 14.287300 0.073293 -0.020403 0.997102 -0.000000 0.000000 0.000000 0.000000 1.000000
0.997043 -0.009321 -0.076284 -0.000000 0.010917 0.999729 0.020539 14.287300 0.076072 -0.021311 0.996875 0.000000 0.000000 0.000000 0.000000 1.000000
0.996890 -0.009890 -0.078187 0.000000 0.011709 0.999671 0.022840 14.287300 0.077935 -0.023685 0.996677 0.000000 0.000000 0.000000 0.000000 1.000000
0.996644 -0.009797 -0.081273 -0.000000 0.011866 0.999617 0.025015 14.287300 0.080996 -0.025895 0.996378 0.000000 0.000000 0.000000 0.000000 1.000000
0.996186 -0.010527 -0.086623 -0.000000 0.012823 0.999580 0.025992 14.287300 0.086313 -0.027003 0.995902 0.000000 0.000000 0.000000 0.000000 1.000000
0.995545 -0.012204 -0.093498 0.000000 0.014691 0.999555 0.025956 14.287300 0.093140 -0.027214 0.995281 0.000000 0.000000 0.000000 0.000000 1.000000
0.994889 -0.014006 -0.100001 0.000000 0.016684 0.999523 0.026002 14.287300 0.099589 -0.027537 0.994648 0.000000 0.000000 0.000000 0.000000 1.000000
0.994385 -0.015279 -0.104715 0.000000 0.018230 0.999461 0.027289 14.287300 0.104242 -0.029044 0.994128 -0.000000 0.000000 0.000000 0.000000 1.000000
0.994050 -0.015777 -0.107772 -0.000000 0.019122 0.999365 0.030075 14.287300 0.107229 -0.031957 0.993721 -0.000000 0.000000 0.000000 0.000000 1.000000
0.993770 -0.015318 -0.110397 -0.000000 0.019135 0.999252 0.033604 14.287300 0.109800 -0.035508 0.993319 -0.000000 0.000000 0.000000 0.000000 1.000000
0.993406 -0.013779 -0.113816 0.000000 0.018131 0.999140 0.037294 14.287300 0.113204 -0.039112 0.992802 0.000000 0.000000 0.000000 0.000000 1.000000
0.992884 -0.011703 -0.118512 -0.000000 0.016645 0.999029 0.040791 14.287300 0.117920 -0.042473 0.992114 0.000000 0.000000 0.000000 0.000000 1.000000
0.992317 -0.010214 -0.123303 0.000000 0.015777 0.998897 0.044220 14.287300 0.122715 -0.045825 0.991383 0.000000 0.000000 0.000000 0.000000 1.000000
0.992093 -0.010413 -0.125074 -0.000000 0.016415 0.998757 0.047059 14.287300 0.124428 -0.048741 0.991031 0.000000 0.000000 0.000000 0.000000 1.000000
0.992525 -0.012308 -0.121420 -0.000000 0.018302 0.998661 0.048380 14.287300 0.120662 -0.050241 0.991422 0.000000 0.000000 0.000000 0.000000 1.000000
0.993351 -0.014683 -0.114184 0.000000 0.020213 0.998670 0.047427 14.287300 0.113335 -0.049420 0.992327 0.000000 0.000000 0.000000 0.000000 1.000000
0.994078 -0.015750 -0.107517 0.000000 0.020668 0.998783 0.044785 14.287300 0.106681 -0.046742 0.993194 0.000000 0.000000 0.000000 0.000000 1.000000
0.994598 -0.014854 -0.102734 -0.000000 0.019296 0.998915 0.042384 14.287300 0.101993 -0.044138 0.993805 -0.000000 0.000000 0.000000 0.000000 1.000000
0.995085 -0.012686 -0.098209 0.000000 0.016857 0.998986 0.041758 14.287300 0.097579 -0.043209 0.994289 0.000000 0.000000 0.000000 0.000000 1.000000
0.995541 -0.009940 -0.093806 -0.000000 0.013995 0.998992 0.042660 14.287300 0.093287 -0.043782 0.994676 -0.000000 0.000000 0.000000 0.000000 1.000000
0.995790 -0.006397 -0.091444 0.000000 0.010417 0.998997 0.043553 14.287300 0.091074 -0.044322 0.994857 0.000000 0.000000 0.000000 0.000000 1.000000
0.995782 -0.001938 -0.091733 0.000000 0.005881 0.999069 0.042728 14.287300 0.091565 -0.043087 0.994867 0.000000 0.000000 0.000000 0.000000 1.000000
0.995637 0.003412 -0.093253 0.000000 0.000344 0.999190 0.040230 14.287300 0.093315 -0.040086 0.994829 0.000000 0.000000 0.000000 0.000000 1.000000
0.995558 0.008845 -0.093732 0.000000 -0.005280 0.999256 0.038216 14.287300 0.094000 -0.037551 0.994864 0.000000 0.000000 0.000000 0.000000 1.000000</float_array><technique_common><accessor source="#mixamorig_Spine2-Matrix-animation-output-transform-array" count="41" stride="16"><param type="float4x4"/></accessor></technique_common></source><source id="mixamorig_Spine2-Interpolations"><Name_array id="mixamorig_Spine2-Interpolations-array" count="41">
 LINEAR LINEAR LINEAR LINEAR LINEAR LINEAR LINEAR LINEAR LINEAR LINEAR LINEAR
LINEAR LINEAR LINEAR LINEAR LINEAR LINEAR LINEAR LINEAR LINEAR LINEAR LINEAR LINEAR
LINEAR LINEAR LINEAR LINEAR LINEAR LINEAR LINEAR LINEAR LINEAR LINEAR LINEAR LINEAR
LINEAR LINEAR LINEAR LINEAR LINEAR LINEAR</Name_array><technique_common><accessor source="#mixamorig_Spine2-Interpolations-array" count="41"><param type="name"/></accessor></technique_common></source><sampler id="mixamorig_Spine2-Matrix-animation-transform"><input semantic="INPUT" source="#mixamorig_Spine2-Matrix-animation-input"/><input semantic="OUTPUT" source="#mixamorig_Spine2-Matrix-animation-output-transform"/><input semantic="INTERPOLATION" source="#mixamorig_Spine2-Interpolations"/></sampler><channel source="#mixamorig_Spine2-Matrix-animation-transform" target="mixamorig_Spine2/matrix"/></animation>
    <animation id="mixamorig_Neck-anim" name="mixamorig_Neck"><source id="mixamorig_Neck-Matrix-animation-input"><float_array id="mixamorig_Neck-Matrix-animation-input-array" count="41">

0.000000 0.033333 0.066667 0.100000 0.133333 0.166667 0.200000 0.233333 0.266667 0.300000 0.333333 0.366667 0.400000 0.433333 0.466667 0.500000
0.533333 0.566667 0.600000 0.633333 0.666667 0.700000 0.733333 0.766667 0.800000 0.833333 0.866667 0.900000 0.933333 0.966667 1.000000 1.033333
1.066667 1.100000 1.133333 1.166667 1.200000 1.233333 1.266667 1.300000 1.333333</float_array><technique_common><accessor source="#mixamorig_Neck-Matrix-animation-input-array" count="41"><param name="TIME" type="float"/></accessor></technique_common></source><source id="mixamorig_Neck-Matrix-animation-output-transform"><float_array id="mixamorig_Neck-Matrix-animation-output-transform-array" count="656">

0.879162 0.037027 0.475083 -0.000000 -0.090893 0.991702 0.090910 16.073200 -0.467775 -0.123107 0.875232 0.000000 0.000000 0.000000 0.000000 1.000000
0.878149 0.037650 0.476904 0.000000 -0.090445 0.991986 0.088226 16.073200 -0.469760 -0.120609 0.874516 0.000000 0.000000 0.000000 0.000000 1.000000
0.876283 0.039229 0.480198 0.000000 -0.090209 0.992413 0.083544 16.073200 -0.473277 -0.116526 0.873173 0.000000 0.000000 0.000000 0.000000 1.000000
0.873637 0.040887 0.484858 0.000000 -0.089460 0.992974 0.077456 16.073200 -0.478285 -0.111044 0.871156 -0.000000 0.000000 0.000000 0.000000 1.000000
0.870762 0.040556 0.490030 -0.000000 -0.086504 0.993684 0.071474 16.073200 -0.484036 -0.104626 0.868771 0.000000 0.000000 0.000000 0.000000 1.000000
0.868211 0.037171 0.494801 -0.000000 -0.080430 0.994545 0.066415 16.073200 -0.489633 -0.097460 0.866465 -0.000000 0.000000 0.000000 0.000000 1.000000
0.866186 0.031580 0.498723 -0.000000 -0.072778 0.995333 0.063374 16.073200 -0.494394 -0.091190 0.864442 0.000000 0.000000 0.000000 0.000000 1.000000
0.864501 0.025890 0.501965 0.000000 -0.066811 0.995730 0.063707 16.073200 -0.498172 -0.088611 0.862539 0.000000 0.000000 0.000000 0.000000 1.000000
0.863050 0.021992 0.504639 0.000000 -0.064604 0.995653 0.067098 16.073200 -0.500969 -0.090511 0.860719 0.000000 0.000000 0.000000 0.000000 1.000000
0.862230 0.020984 0.506082 0.000000 -0.065820 0.995312 0.070871 16.073200 -0.502222 -0.094418 0.859568 0.000000 0.000000 0.000000 0.000000 1.000000
0.862914 0.023020 0.504827 0.000000 -0.068939 0.994985 0.072469 16.073200 -0.500627 -0.097337 0.860173 -0.000000 0.000000 0.000000 0.000000 1.000000
0.865447 0.026905 0.500278 0.000000 -0.071892 0.994892 0.070863 16.073200 -0.495816 -0.097294 0.862960 0.000000 0.000000 0.000000 0.000000 1.000000
0.868920 0.030580 0.494007 -0.000000 -0.072360 0.995214 0.065670 16.073200 -0.489635 -0.092808 0.866974 0.000000 0.000000 0.000000 0.000000 1.000000
0.871837 0.032963 0.488686 0.000000 -0.070087 0.995861 0.057865 16.073200 -0.484756 -0.084700 0.870539 0.000000 0.000000 0.000000 0.000000 1.000000
0.873698 0.034187 0.485267 0.000000 -0.067881 0.996336 0.052024 16.073200 -0.481710 -0.078393 0.872817 0.000000 0.000000 0.000000 0.000000 1.000000
0.875279 0.034274 0.482403 -0.000000 -0.068217 0.996262 0.052991 16.073200 -0.478783 -0.079290 0.874345 0.000000 0.000000 0.000000 0.000000 1.000000
0.877193 0.033057 0.478998 0.000000 -0.070338 0.995711 0.060094 16.073200 -0.474957 -0.086406 0.875757 0.000000 0.000000 0.000000 0.000000 1.000000
0.879124 0.031127 0.475576 0.000000 -0.071731 0.995140 0.067464 16.073200 -0.471165 -0.093423 0.877084 0.000000 0.000000 0.000000 0.000000 1.000000
0.880559 0.029604 0.473012 -0.000000 -0.071681 0.994885 0.071176 16.073200 -0.468485 -0.096581 0.878176 0.000000 0.000000 0.000000 0.000000 1.000000
0.881388 0.029122 0.471495 0.000000 -0.071860 0.994748 0.072889 16.073200 -0.466896 -0.098125 0.878851 0.000000 0.000000 0.000000 0.000000 1.000000
0.881690 0.029412 0.470912 0.000000 -0.073790 0.994370 0.076052 16.073200 -0.466024 -0.101803 0.878896 0.000000 0.000000 0.000000 0.000000 1.000000
0.881826 0.029005 0.470682 0.000000 -0.076198 0.993755 0.081518 16.073200 -0.465378 -0.107750 0.878529 0.000000 0.000000 0.000000 0.000000 1.000000
0.882582 0.026107 0.469433 0.000000 -0.075900 0.993272 0.087460 16.073200 -0.463991 -0.112821 0.878626 -0.000000 0.000000 0.000000 0.000000 1.000000
0.884407 0.020976 0.466245 0.000000 -0.071797 0.993213 0.091505 16.073200 -0.461161 -0.114402 0.879911 0.000000 0.000000 0.000000 0.000000 1.000000
0.886745 0.016253 0.461972 -0.000000 -0.066480 0.993476 0.092656 16.073200 -0.457453 -0.112874 0.882041 0.000000 0.000000 0.000000 0.000000 1.000000
0.888573 0.014239 0.458513 0.000000 -0.063612 0.993686 0.092418 16.073200 -0.454303 -0.111288 0.883869 0.000000 0.000000 0.000000 0.000000 1.000000
0.889438 0.014670 0.456820 0.000000 -0.064604 0.993485 0.093883 16.073200 -0.452466 -0.113015 0.884591 0.000000 0.000000 0.000000 0.000000 1.000000
0.889708 0.016161 0.456245 0.000000 -0.068187 0.992867 0.097801 16.073200 -0.451410 -0.118124 0.884464 0.000000 0.000000 0.000000 0.000000 1.000000
0.889962 0.018414 0.455663 -0.000000 -0.071942 0.992342 0.100408 16.073200 -0.450325 -0.122141 0.884471 0.000000 0.000000 0.000000 0.000000 1.000000
0.890516 0.021212 0.454457 0.000000 -0.073503 0.992497 0.097706 16.073200 -0.448975 -0.120412 0.885394 0.000000 0.000000 0.000000 0.000000 1.000000
0.891445 0.022688 0.452560 -0.000000 -0.072373 0.993053 0.092774 16.073200 -0.447312 -0.115456 0.886895 0.000000 0.000000 0.000000 0.000000 1.000000
0.892532 0.021583 0.450467 -0.000000 -0.071057 0.993108 0.093207 16.073200 -0.445351 -0.115199 0.887914 0.000000 0.000000 0.000000 0.000000 1.000000
0.893366 0.019618 0.448901 0.000000 -0.071988 0.992390 0.099895 16.073200 -0.443526 -0.121559 0.887980 0.000000 0.000000 0.000000 0.000000 1.000000
0.893630 0.019687 0.448372 -0.000000 -0.073158 0.992065 0.102249 16.073200 -0.442801 -0.124175 0.887979 -0.000000 0.000000 0.000000 0.000000 1.000000
0.893065 0.022291 0.449376 -0.000000 -0.071231 0.993181 0.092293 16.073200 -0.444254 -0.114433 0.888563 0.000000 0.000000 0.000000 0.000000 1.000000
0.891298 0.025819 0.452681 0.000000 -0.068215 0.994650 0.077579 16.073200 -0.448256 -0.100026 0.888291 0.000000 0.000000 0.000000 0.000000 1.000000
0.888155 0.029380 0.458605 0.000000 -0.069542 0.995054 0.070931 16.073200 -0.454253 -0.094890 0.885805 0.000000 0.000000 0.000000 0.000000 1.000000
0.884351 0.032990 0.465656 -0.000000 -0.076216 0.994319 0.074300 16.073200 -0.460559 -0.101198 0.881841 0.000000 0.000000 0.000000 0.000000 1.000000
0.881212 0.036094 0.471342 0.000000 -0.083632 0.993256 0.080297 16.073200 -0.465265 -0.110178 0.878287 0.000000 0.000000 0.000000 0.000000 1.000000
0.879343 0.037897 0.474679 0.000000 -0.088798 0.992393 0.085269 16.073200 -0.467836 -0.117131 0.876019 0.000000 0.000000 0.000000 0.000000 1.000000
