<?xml version="1.0" encoding="utf-8"?>
<COLLADA xmlns="http://www.collada.org/2005/11/COLLADASchema" version="1.4.1">
  <asset><contributor><author>Mixamo</author><authoring_tool>COLLADA Mixamo exporter</authoring_tool><comments></comments></contributor><created>2020-03-23T19:53:46Z</created><modified>2020-03-23T19:53:46Z</modified><revision></revision><title></title><unit meter="0.010000"/><up_axis>Y_UP</up_axis></asset>
  <library_animations>
    <animation id="mixamorig_Hips-anim" name="mixamorig_Hips"><source id="mixamorig_Hips-Matrix-animation-input"><float_array id="mixamorig_Hips-Matrix-animation-input-array" count="73">

0.000000 0.033333 0.066667 0.100000 0.133333 0.166667 0.200000 0.233333 0.266667 0.300000 0.333333 0.366667 0.400000 0.433333 0.466667 0.500000
0.533333 0.566667 0.600000 0.633333 0.666667 0.700000 0.733333 0.766667 0.800000 0.833333 0.866667 0.900000 0.933333 0.966667 1.000000 1.033333
1.066667 1.100000 1.133333 1.166667 1.200000 1.233333 1.266667 1.300000 1.333333 1.366667 1.400000 1.433333 1.466667 1.500000 1.533333 1.566667
1.600000 1.633333 1.666667 1.700000 1.733333 1.766667 1.800000 1.833333 1.866667 1.900000 1.933333 1.966667 2.000000 2.033333 2.066667 2.100000
2.133333 2.166667 2.200000 2.233333 2.266667 2.300000 2.333333 2.366667 2.400000</float_array><technique_common><accessor source="#mixamorig_Hips-Matrix-animation-input-array" count="73"><param name="TIME" type="float"/></accessor></technique_common></source><source id="mixamorig_Hips-Matrix-animation-output-transform"><float_array id="mixamorig_Hips-Matrix-animation-output-transform-array" count="1168">

-0.635408 -0.122841 0.762343 -0.036749 -0.033331 0.990708 0.131858 3.612637 -0.771457 0.058374 -0.633599 0.070083 0.000000 0.000000 0.000000 1.000000
-0.619310 -0.121809 0.775640 -0.037407 -0.037286 0.991340 0.125912 3.616670 -0.784261 0.049058 -0.618489 0.063155 0.000000 0.000000 0.000000 1.000000
-0.593183 -0.117505 0.796446 -0.040712 -0.041254 0.992428 0.115694 3.627487 -0.804010 0.035771 -0.593539 0.051096 0.000000 0.000000 0.000000 1.000000
-0.557403 -0.110488 0.822858 -0.047680 -0.040990 0.993559 0.105642 3.644053 -0.829230 0.025157 -0.558341 0.034020 0.000000 0.000000 0.000000 1.000000
-0.511076 -0.105283 0.853063 -0.057685 -0.040588 0.994319 0.098400 3.664824 -0.858577 0.015666 -0.512446 0.011124 0.000000 0.000000 0.000000 1.000000
-0.450413 -0.105859 0.886522 -0.069398 -0.043399 0.994368 0.096687 3.687903 -0.891765 0.005075 -0.452471 -0.025880 0.000000 0.000000 0.000000 1.000000
-0.393436 -0.122079 0.911211 -0.077300 -0.048164 0.992520 0.112176 3.708544 -0.918089 0.000246 -0.396373 -0.067249 0.000000 0.000000 0.000000 1.000000
-0.356189 -0.143335 0.923355 -0.080479 -0.054775 0.989668 0.132499 3.725942 -0.932807 -0.003382 -0.360360 -0.112055 0.000000 0.000000 0.000000 1.000000
-0.339130 -0.172612 0.924768 -0.081039 -0.066554 0.984962 0.159440 3.739957 -0.938382 -0.007476 -0.345518 -0.157029 0.000000 0.000000 0.000000 1.000000
-0.330957 -0.196648 0.922929 -0.080561 -0.080960 0.980356 0.179852 3.754495 -0.940167 -0.015197 -0.340376 -0.197255 0.000000 0.000000 0.000000 1.000000
-0.322939 -0.214732 0.921738 -0.073435 -0.087756 0.976519 0.196748 3.761850 -0.942342 -0.017350 -0.334201 -0.222607 0.000000 0.000000 0.000000 1.000000
-0.313437 -0.225316 0.922491 -0.055295 -0.083751 0.974217 0.209493 3.744360 -0.945909 -0.011597 -0.324226 -0.220668 0.000000 0.000000 0.000000 1.000000
-0.318616 -0.242571 0.916320 -0.020603 -0.084067 0.970123 0.227583 3.700921 -0.944149 -0.004520 -0.329489 -0.197425 0.000000 0.000000 0.000000 1.000000
-0.346335 -0.259295 0.901564 0.016119 -0.082708 0.965740 0.245980 3.669189 -0.934458 0.010625 -0.355916 -0.179651 0.000000 0.000000 0.000000 1.000000
-0.388538 -0.277769 0.878569 0.048108 -0.077636 0.959959 0.269168 3.662865 -0.918156 0.036374 -0.394545 -0.165443 0.000000 0.000000 0.000000 1.000000
-0.444348 -0.295473 0.845725 0.090114 -0.071404 0.952721 0.295339 3.652976 -0.893004 0.070845 -0.444437 -0.134169 0.000000 0.000000 0.000000 1.000000
-0.516681 -0.308947 0.798494 0.139073 -0.077040 0.945619 0.316021 3.635658 -0.852705 0.101767 -0.512385 -0.085795 0.000000 0.000000 0.000000 1.000000
-0.604891 -0.316871 0.730547 0.188953 -0.091312 0.938968 0.331666 3.621688 -0.791055 0.133914 -0.596908 -0.036625 0.000000 0.000000 0.000000 1.000000
-0.710307 -0.308405 0.632732 0.244222 -0.111375 0.936825 0.331595 3.610976 -0.695025 0.165064 -0.699782 0.010643 0.000000 0.000000 0.000000 1.000000
-0.802780 -0.294564 0.518437 0.292788 -0.133977 0.936334 0.324545 3.603484 -0.581029 0.191079 -0.791135 0.052747 0.000000 0.000000 0.000000 1.000000
-0.878976 -0.259040 0.400374 0.337490 -0.147664 0.946179 0.287994 3.609407 -0.453427 0.194019 -0.869920 0.102828 0.000000 0.000000 0.000000 1.000000
-0.939817 -0.215349 0.265270 0.377735 -0.154586 0.960364 0.231957 3.617301 -0.304707 0.176990 -0.935857 0.159976 0.000000 0.000000 0.000000 1.000000
-0.980079 -0.171103 0.100843 0.414469 -0.153590 0.974870 0.161367 3.623950 -0.125919 0.142664 -0.981729 0.222611 0.000000 0.000000 0.000000 1.000000
-0.987719 -0.141945 -0.065293 0.442970 -0.147841 0.984276 0.096668 3.621742 0.050545 0.105134 -0.993173 0.273477 0.000000 0.000000 0.000000 1.000000
-0.923750 -0.126323 -0.361563 0.499480 -0.125212 0.991773 -0.026605 3.631337 0.361949 0.020696 -0.931968 0.356255 0.000000 0.000000 0.000000 1.000000
-0.813892 -0.151087 -0.561029 0.556128 -0.113376 0.988335 -0.101686 3.631329 0.569848 -0.019154 -0.821527 0.378529 0.000000 0.000000 0.000000 1.000000
-0.762681 -0.176399 -0.622255 0.596479 -0.101320 0.982796 -0.154422 3.594530 0.638790 -0.054728 -0.767432 0.351260 0.000000 0.000000 0.000000 1.000000
-0.773709 -0.212759 -0.596748 0.605165 -0.117524 0.973775 -0.194807 3.540729 0.622545 -0.080592 -0.778423 0.303858 0.000000 0.000000 0.000000 1.000000
-0.745040 -0.253079 -0.617144 0.587988 -0.150058 0.965103 -0.214614 3.484816 0.649921 -0.067288 -0.757017 0.297568 0.000000 0.000000 0.000000 1.000000
-0.659884 -0.270343 -0.701047 0.563962 -0.148875 0.961574 -0.230676 3.429443 0.736471 -0.047851 -0.674775 0.346863 0.000000 0.000000 0.000000 1.000000
-0.596639 -0.278590 -0.752602 0.535848 -0.148126 0.959927 -0.237906 3.366821 0.788721 -0.030464 -0.613996 0.402574 0.000000 0.000000 0.000000 1.000000
-0.557336 -0.282926 -0.780596 0.511165 -0.169267 0.959125 -0.226779 3.305176 0.812850 0.005737 -0.582445 0.445538 0.000000 0.000000 0.000000 1.000000
-0.517797 -0.275200 -0.810031 0.489323 -0.178348 0.960768 -0.212406 3.238228 0.836707 0.034484 -0.546564 0.480348 0.000000 0.000000 0.000000 1.000000
-0.493597 -0.270613 -0.826517 0.467662 -0.177427 0.961704 -0.208915 3.186595 0.851400 0.043527 -0.522708 0.506637 0.000000 0.000000 0.000000 1.000000
-0.472921 -0.268139 -0.839314 0.448077 -0.173915 0.962236 -0.209416 3.151062 0.863771 0.046932 -0.501695 0.519585 0.000000 0.000000 0.000000 1.000000
-0.471699 -0.260156 -0.842508 0.431931 -0.166747 0.964562 -0.204487 3.125566 0.865850 0.044029 -0.498363 0.519655 0.000000 0.000000 0.000000 1.000000
-0.487717 -0.249368 -0.836629 0.413974 -0.161443 0.967569 -0.194283 3.114244 0.857944 0.040313 -0.512159 0.513808 0.000000 0.000000 0.000000 1.000000
-0.508878 -0.234214 -0.828364 0.399835 -0.152113 0.971599 -0.181267 3.112909 0.847293 0.033762 -0.530052 0.501714 0.000000 0.000000 0.000000 1.000000
-0.532620 -0.219332 -0.817441 0.391965 -0.141088 0.975332 -0.169768 3.123841 0.834512 0.024909 -0.550426 0.476272 0.000000 0.000000 0.000000 1.000000
-0.569450 -0.206368 -0.795701 0.394433 -0.131562 0.978377 -0.159592 3.144911 0.811430 0.013805 -0.584287 0.448450 0.000000 0.000000 0.000000 1.000000
-0.613720 -0.196501 -0.764680 0.409642 -0.120474 0.980499 -0.155269 3.177952 0.780278 -0.003168 -0.625425 0.419343 0.000000 0.000000 0.000000 1.000000
-0.662692 -0.184730 -0.725751 0.437061 -0.108735 0.982564 -0.150811 3.224355 0.740956 -0.021027 -0.671224 0.391718 0.000000 0.000000 0.000000 1.000000
-0.720082 -0.166089 -0.673718 0.467387 -0.098331 0.985557 -0.137868 3.279298 0.686886 -0.033028 -0.726014 0.371100 0.000000 0.000000 0.000000 1.000000
-0.780400 -0.144257 -0.608413 0.499528 -0.086674 0.988587 -0.123223 3.337445 0.619245 -0.043429 -0.783996 0.353353 0.000000 0.000000 0.000000 1.000000
-0.836820 -0.118815 -0.534430 0.539583 -0.073064 0.991671 -0.106065 3.408657 0.542581 -0.049710 -0.838531 0.334650 0.000000 0.000000 0.000000 1.000000
-0.891719 -0.092707 -0.442993 0.582314 -0.060664 0.994447 -0.085999 3.468915 0.448506 -0.049813 -0.892391 0.319365 0.000000 0.000000 0.000000 1.000000
-0.941269 -0.065284 -0.331288 0.616802 -0.045642 0.996726 -0.066737 3.533641 0.334560 -0.047697 -0.941167 0.306661 0.000000 0.000000 0.000000 1.000000
-0.979569 -0.035298 -0.197985 0.629725 -0.026727 0.998593 -0.045800 3.585305 0.199323 -0.039573 -0.979134 0.289056 0.000000 0.000000 0.000000 1.000000
-0.998332 -0.009326 -0.056976 0.623006 -0.007700 0.999559 -0.028686 3.612189 0.057218 -0.028199 -0.997963 0.259640 0.000000 0.000000 0.000000 1.000000
-0.996857 0.002946 0.079166 0.603566 0.002345 0.999968 -0.007684 3.638982 -0.079186 -0.007474 -0.996832 0.227008 0.000000 0.000000 0.000000 1.000000
-0.977631 0.006192 0.210238 0.577516 0.008901 0.999889 0.011938 3.670416 -0.210141 0.013543 -0.977577 0.192705 0.000000 0.000000 0.000000 1.000000
-0.948915 0.004061 0.315506 0.550158 0.011776 0.999676 0.022549 3.696858 -0.315312 0.025113 -0.948656 0.170763 0.000000 0.000000 0.000000 1.000000
-0.918197 0.001634 0.396121 0.514174 0.011676 0.999669 0.022940 3.715803 -0.395952 0.025689 -0.917912 0.148538 0.000000 0.000000 0.000000 1.000000
-0.888579 0.001369 0.458722 0.466094 0.007542 0.999904 0.011624 3.730954 -0.458662 0.013788 -0.888504 0.121471 0.000000 0.000000 0.000000 1.000000
-0.856055 -0.000161 0.516884 0.406984 0.001367 0.999996 0.002574 3.737623 -0.516883 0.002910 -0.856051 0.089560 0.000000 0.000000 0.000000 1.000000
-0.821246 -0.000878 0.570574 0.334814 -0.004856 0.999973 -0.005451 3.741221 -0.570554 -0.007247 -0.821228 0.061714 0.000000 0.000000 0.000000 1.000000
-0.786503 -0.003468 0.617576 0.252943 -0.017229 0.999718 -0.016329 3.736465 -0.617346 -0.023483 -0.786341 0.036296 0.000000 0.000000 0.000000 1.000000
-0.752264 -0.007213 0.658822 0.183037 -0.025485 0.999510 -0.018157 3.725935 -0.658368 -0.030449 -0.752080 0.025547 0.000000 0.000000 0.000000 1.000000
-0.722315 -0.017035 0.691355 0.107842 -0.032418 0.999432 -0.009243 3.725351 -0.690804 -0.029089 -0.722456 0.021896 0.000000 0.000000 0.000000 1.000000
-0.691450 -0.027671 0.721894 0.040312 -0.038340 0.999263 0.001580 3.726928 -0.721406 -0.026585 -0.692002 0.019615 0.000000 0.000000 0.000000 1.000000
-0.656282 -0.044088 0.753226 -0.015443 -0.043605 0.998839 0.020471 3.726439 -0.753255 -0.019410 -0.657443 0.017822 0.000000 0.000000 0.000000 1.000000
-0.631239 -0.063115 0.773016 -0.057816 -0.047741 0.997955 0.042496 3.724331 -0.774118 -0.010079 -0.632962 0.018969 0.000000 0.000000 0.000000 1.000000
-0.621560 -0.076186 0.779653 -0.083579 -0.047310 0.997094 0.059716 3.719223 -0.781936 0.000232 -0.623358 0.022123 0.000000 0.000000 0.000000 1.000000
-0.621823 -0.088209 0.778175 -0.095979 -0.045887 0.996033 0.076237 3.708236 -0.781813 0.011698 -0.623404 0.031511 0.000000 0.000000 0.000000 1.000000
-0.619875 -0.097714 0.778593 -0.103075 -0.043113 0.994959 0.090544 3.695325 -0.783515 0.022559 -0.620963 0.038337 0.000000 0.000000 0.000000 1.000000
-0.618606 -0.103727 0.778824 -0.103772 -0.039224 0.994088 0.101241 3.682312 -0.784722 0.032079 -0.619018 0.041018 0.000000 0.000000 0.000000 1.000000
-0.620044 -0.108334 0.777052 -0.096328 -0.036938 0.993354 0.109015 3.669044 -0.783697 0.038891 -0.619925 0.045463 0.000000 0.000000 0.000000 1.000000
-0.622659 -0.112451 0.774371 -0.085272 -0.035313 0.992650 0.115754 3.655385 -0.781696 0.044729 -0.622053 0.050739 0.000000 0.000000 0.000000 1.000000
-0.625927 -0.115990 0.771208 -0.072363 -0.034255 0.992013 0.121397 3.642260 -0.779129 0.049568 -0.624901 0.056278 0.000000 0.000000 0.000000 1.000000
-0.629337 -0.118875 0.767987 -0.059343 -0.033655 0.991473 0.125888 3.630565 -0.776404 0.053379 -0.627971 0.061517 0.000000 0.000000 0.000000 1.000000
-0.632382 -0.121028 0.765144 -0.047928 -0.033389 0.991061 0.129167 3.621167 -0.773936 0.056136 -0.630770 0.065921 0.000000 0.000000 0.000000 1.000000
-0.634570 -0.122375 0.763116 -0.039829 -0.033324 0.990799 0.131176 3.614911 -0.772147 0.057810 -0.632809 0.068953 0.000000 0.000000 0.000000 1.000000
-0.635408 -0.122841 0.762343 -0.036750 -0.033331 0.990708 0.131858 3.612637 -0.771457 0.058374 -0.633599 0.070083 0.000000 0.000000 0.000000 1.000000</float_array><technique_common><accessor source="#mixamorig_Hips-Matrix-animation-output-transform-array" count="73" stride="16"><param type="float4x4"/></accessor></technique_common></source><source id="mixamorig_Hips-Interpolations"><Name_array id="mixamorig_Hips-Interpolations-array" count="73">
 LINEAR LINEAR LINEAR LINEAR LINEAR LINEAR LINEAR LINEAR LINEAR LINEAR LINEAR
LINEAR LINEAR LINEAR LINEAR LINEAR LINEAR LINEAR LINEAR LINEAR LINEAR LINEAR LINEAR
LINEAR LINEAR LINEAR LINEAR LINEAR LINEAR LINEAR LINEAR LINEAR LINEAR LINEAR LINEAR
LINEAR LINEAR LINEAR LINEAR LINEAR LINEAR LINEAR LINEAR LINEAR LINEAR LINEAR LINEAR
LINEAR LINEAR LINEAR LINEAR LINEAR LINEAR LINEAR LINEAR LINEAR LINEAR LINEAR LINEAR
LINEAR LINEAR LINEAR LINEAR LINEAR LINEAR LINEAR LINEAR LINEAR LINEAR LINEAR LINEAR
LINEAR LINEAR</Name_array><technique_common><accessor source="#mixamorig_Hips-Interpolations-array" count="73"><param type="name"/></accessor></technique_common></source><sampler id="mixamorig_Hips-Matrix-animation-transform"><input semantic="INPUT" source="#mixamorig_Hips-Matrix-animation-input"/><input semantic="OUTPUT" source="#mixamorig_Hips-Matrix-animation-output-transform"/><input semantic="INTERPOLATION" source="#mixamorig_Hips-Interpolations"/></sampler><channel source="#mixamorig_Hips-Matrix-animation-transform" target="mixamorig_Hips/matrix"/></animation>
    <animation id="mixamorig_Spine-anim" name="mixamorig_Spine"><source id="mixamorig_Spine-Matrix-animation-input"><float_array id="mixamorig_Spine-Matrix-animation-input-array" count="73">

0.000000 0.033333 0.066667 0.100000 0.133333 0.166667 0.200000 0.233333 0.266667 0.300000 0.333333 0.366667 0.400000 0.433333 0.466667 0.500000
0.533333 0.566667 0.600000 0.633333 0.666667 0.700000 0.733333 0.766667 0.800000 0.833333 0.866667 0.900000 0.933333 0.966667 1.000000 1.033333
1.066667 1.100000 1.133333 1.166667 1.200000 1.233333 1.266667 1.300000 1.333333 1.366667 1.400000 1.433333 1.466667 1.500000 1.533333 1.566667
1.600000 1.633333 1.666667 1.700000 1.733333 1.766667 1.800000 1.833333 1.866667 1.900000 1.933333 1.966667 2.000000 2.033333 2.066667 2.100000
2.133333 2.166667 2.200000 2.233333 2.266667 2.300000 2.333333 2.366667 2.400000</float_array><technique_common><accessor source="#mixamorig_Spine-Matrix-animation-input-array" count="73"><param name="TIME" type="float"/></accessor></technique_common></source><source id="mixamorig_Spine-Matrix-animation-output-transform"><float_array id="mixamorig_Spine-Matrix-animation-output-transform-array" count="1168">

0.998104 -0.012783 0.060210 0.000000 0.018843 0.994691 -0.101170 0.620300 -0.058597 0.102113 0.993046 0.186600 0.000000 0.000000 0.000000 1.000000
0.998156 -0.013052 0.059274 0.000000 0.019058 0.994610 -0.101920 0.620300 -0.057624 0.102862 0.993025 0.186600 0.000000 0.000000 0.000000 1.000000
0.998409 -0.014195 0.054577 0.000000 0.019682 0.994655 -0.101365 0.620300 -0.052846 0.102278 0.993351 0.186600 0.000000 0.000000 0.000000 1.000000
0.998820 -0.016426 0.045706 0.000000 0.020950 0.994734 -0.100331 0.620300 -0.043817 0.101170 0.993904 0.186600 0.000000 0.000000 0.000000 1.000000
0.999213 -0.019779 0.034389 -0.000000 0.023107 0.994795 -0.099238 0.620300 -0.032247 0.099955 0.994469 0.186600 0.000000 0.000000 0.000000 1.000000
0.999432 -0.024444 0.023211 -0.000000 0.026620 0.994773 -0.098585 0.620300 -0.020680 0.099146 0.994858 0.186600 0.000000 0.000000 0.000000 1.000000
0.999514 -0.029384 0.010458 0.000000 0.030282 0.994544 -0.099828 0.620300 -0.007468 0.100096 0.994950 0.186600 0.000000 0.000000 0.000000 1.000000
0.999441 -0.033214 -0.003839 0.000000 0.032657 0.994364 -0.100865 0.620300 0.007168 0.100683 0.994893 0.186600 0.000000 0.000000 0.000000 1.000000
0.999174 -0.036500 -0.017879 -0.000000 0.034484 0.994144 -0.102418 0.620300 0.021513 0.101717 0.994581 0.186600 0.000000 0.000000 0.000000 1.000000
0.998827 -0.039909 -0.027436 0.000000 0.036893 0.994019 -0.102785 0.620300 0.031374 0.101653 0.994325 0.186600 0.000000 0.000000 0.000000 1.000000
0.998671 -0.038761 -0.033976 0.000000 0.035121 0.994177 -0.101871 0.620300 0.037727 0.100543 0.994217 0.186600 0.000000 0.000000 0.000000 1.000000
0.998720 -0.031707 -0.039410 0.000000 0.027702 0.994769 -0.098321 0.620300 0.042321 0.097104 0.994374 0.186600 0.000000 0.000000 0.000000 1.000000
0.998611 -0.022314 -0.047723 0.000000 0.017727 0.995371 -0.094463 0.620300 0.049610 0.093486 0.994384 0.186600 0.000000 0.000000 0.000000 1.000000
0.998090 -0.014298 -0.060106 -0.000000 0.008835 0.995886 -0.090186 0.620300 0.061148 0.089482 0.994110 0.186600 0.000000 0.000000 0.000000 1.000000
0.997372 -0.008326 -0.071970 0.000000 0.002070 0.996244 -0.086563 0.620300 0.072420 0.086187 0.993643 0.186600 0.000000 0.000000 0.000000 1.000000
0.996878 0.002171 -0.078922 0.000000 -0.008857 0.996387 -0.084467 0.620300 0.078453 0.084903 0.993296 0.186600 0.000000 0.000000 0.000000 1.000000
0.996554 0.013708 -0.081812 0.000000 -0.020582 0.996272 -0.083782 0.620300 0.080358 0.085177 0.993120 0.186600 0.000000 0.000000 0.000000 1.000000
0.996320 0.025068 -0.081962 -0.000000 -0.032121 0.995786 -0.085901 0.620300 0.079463 0.088218 0.992927 0.186600 0.000000 0.000000 0.000000 1.000000
0.996171 0.038279 -0.078598 0.000000 -0.045386 0.994842 -0.090720 0.620300 0.074720 0.093940 0.992770 0.186600 0.000000 0.000000 0.000000 1.000000
0.996022 0.050412 -0.073473 0.000000 -0.057607 0.993384 -0.099342 0.620300 0.067979 0.103179 0.992337 0.186600 0.000000 0.000000 0.000000 1.000000
0.995990 0.060718 -0.065700 -0.000000 -0.067484 0.992050 -0.106224 0.620300 0.058728 0.110232 0.992169 0.186600 0.000000 0.000000 0.000000 1.000000
0.995816 0.069496 -0.059330 0.000000 -0.075897 0.990635 -0.113498 0.620300 0.050887 0.117526 0.991765 0.186600 0.000000 0.000000 0.000000 1.000000
0.995928 0.074777 -0.050363 0.000000 -0.080462 0.989215 -0.122395 0.620300 0.040667 0.125949 0.991203 0.186600 0.000000 0.000000 0.000000 1.000000
0.996465 0.076418 -0.034911 0.000000 -0.080399 0.987943 -0.132308 0.620300 0.024379 0.134647 0.990594 0.186600 0.000000 0.000000 0.000000 1.000000
0.996964 0.075321 -0.019752 0.000000 -0.077354 0.987073 -0.140367 0.620300 0.008924 0.141469 0.989903 0.186600 0.000000 0.000000 0.000000 1.000000
0.997259 0.073820 0.005092 -0.000000 -0.072244 0.986228 -0.148781 0.620300 -0.016005 0.148005 0.988857 0.186600 0.000000 0.000000 0.000000 1.000000
0.995893 0.082039 0.038299 0.000000 -0.075387 0.985652 -0.151021 0.620300 -0.050139 0.147514 0.987788 0.186600 0.000000 0.000000 0.000000 1.000000
0.992794 0.093943 0.074402 -0.000000 -0.081915 0.985157 -0.150849 0.620300 -0.087469 0.143667 0.985753 0.186600 0.000000 0.000000 0.000000 1.000000
0.989532 0.102345 0.101741 0.000000 -0.086139 0.984529 -0.152588 0.620300 -0.115783 0.142227 0.983039 0.186600 0.000000 0.000000 0.000000 1.000000
0.987261 0.114158 0.110833 0.000000 -0.096086 0.982981 -0.156576 0.620300 -0.126821 0.143932 0.981428 0.186600 0.000000 0.000000 0.000000 1.000000
0.985556 0.117550 0.121906 0.000000 -0.098210 0.983169 -0.154054 0.620300 -0.137963 0.139857 0.980513 0.186600 0.000000 0.000000 0.000000 1.000000
0.982949 0.112885 0.145152 0.000000 -0.091629 0.985090 -0.145608 0.620300 -0.159424 0.129825 0.978636 0.186600 0.000000 0.000000 0.000000 1.000000
0.979594 0.111072 0.167510 0.000000 -0.088559 0.986692 -0.136366 0.620300 -0.180427 0.118749 0.976394 0.186600 0.000000 0.000000 0.000000 1.000000
0.977763 0.108221 0.179632 -0.000000 -0.086478 0.988411 -0.124762 0.620300 -0.191052 0.106453 0.975790 0.186600 0.000000 0.000000 0.000000 1.000000
0.977120 0.104727 0.185118 0.000000 -0.084585 0.989924 -0.113563 0.620300 -0.195146 0.095307 0.976132 0.186600 0.000000 0.000000 0.000000 1.000000
0.976990 0.102110 0.187255 0.000000 -0.083688 0.991072 -0.103793 0.620300 -0.196181 0.085733 0.976813 0.186600 0.000000 0.000000 0.000000 1.000000
0.977815 0.096068 0.186140 0.000000 -0.079059 0.992163 -0.096755 0.620300 -0.193977 0.079892 0.977748 0.186600 0.000000 0.000000 0.000000 1.000000
0.978892 0.090244 0.183377 -0.000000 -0.074234 0.992953 -0.092381 0.620300 -0.190422 0.076818 0.978692 0.186600 0.000000 0.000000 0.000000 1.000000
0.980754 0.085224 0.175664 -0.000000 -0.070455 0.993566 -0.088672 0.620300 -0.182091 0.074589 0.980449 0.186600 0.000000 0.000000 0.000000 1.000000
0.982882 0.081307 0.165327 -0.000000 -0.067893 0.994045 -0.085240 0.620300 -0.171273 0.072556 0.982548 0.186600 0.000000 0.000000 0.000000 1.000000
0.984995 0.079130 0.153374 -0.000000 -0.066880 0.994265 -0.083456 0.620300 -0.159098 0.071946 0.984638 0.186600 0.000000 0.000000 0.000000 1.000000
0.986842 0.078947 0.141102 0.000000 -0.067535 0.994181 -0.083925 0.620300 -0.146907 0.073291 0.986431 0.186600 0.000000 0.000000 0.000000 1.000000
0.988537 0.078411 0.129022 0.000000 -0.067731 0.994060 -0.085191 0.620300 -0.134935 0.075476 0.987976 0.186600 0.000000 0.000000 0.000000 1.000000
0.990008 0.077647 0.117704 0.000000 -0.067723 0.993983 -0.086093 0.620300 -0.123680 0.077261 0.989310 0.186600 0.000000 0.000000 0.000000 1.000000
0.991650 0.076145 0.104081 -0.000000 -0.067081 0.993861 -0.087979 0.620300 -0.110141 0.080262 0.990670 0.186600 0.000000 0.000000 0.000000 1.000000
0.992918 0.074988 0.092144 0.000000 -0.066735 0.993740 -0.089597 0.620300 -0.098285 0.082813 0.991707 0.186600 0.000000 0.000000 0.000000 1.000000
0.993636 0.075457 0.083624 0.000000 -0.067954 0.993693 -0.089199 0.620300 -0.089827 0.082949 0.992497 0.186600 0.000000 0.000000 0.000000 1.000000
0.994366 0.073487 0.076396 0.000000 -0.066572 0.993766 -0.089433 0.620300 -0.082492 0.083844 0.993059 0.186600 0.000000 0.000000 0.000000 1.000000
0.995139 0.067906 0.071323 0.000000 -0.061535 0.994217 -0.088017 0.620300 -0.076887 0.083200 0.993562 0.186600 0.000000 0.000000 0.000000 1.000000
0.996017 0.058675 0.067137 0.000000 -0.052595 0.994643 -0.088994 0.620300 -0.071999 0.085108 0.993767 0.186600 0.000000 0.000000 0.000000 1.000000
0.996849 0.048710 0.062605 0.000000 -0.042862 0.994876 -0.091568 0.620300 -0.066745 0.088596 0.993829 0.186600 0.000000 0.000000 0.000000 1.000000
0.997717 0.039563 0.054734 0.000000 -0.034310 0.995000 -0.093794 0.620300 -0.058171 0.091702 0.994086 0.186600 0.000000 0.000000 0.000000 1.000000
0.998407 0.031642 0.046711 -0.000000 -0.027015 0.994960 -0.096562 0.620300 -0.049531 0.095146 0.994230 0.186600 0.000000 0.000000 0.000000 1.000000
0.999082 0.022189 0.036658 0.000000 -0.018524 0.995067 -0.097463 0.620300 -0.038639 0.096695 0.994564 0.186600 0.000000 0.000000 0.000000 1.000000
0.999477 0.014213 0.029057 0.000000 -0.011256 0.994974 -0.099500 0.620300 -0.030325 0.099120 0.994613 0.186600 0.000000 0.000000 0.000000 1.000000
0.999672 0.006992 0.024634 0.000000 -0.004465 0.994858 -0.101184 0.620300 -0.025215 0.101041 0.994563 0.186600 0.000000 0.000000 0.000000 1.000000
0.999716 0.000654 0.023836 0.000000 0.001770 0.994832 -0.101520 0.620300 -0.023779 0.101533 0.994548 0.186600 0.000000 0.000000 0.000000 1.000000
0.999678 -0.003116 0.025187 -0.000000 0.005679 0.994734 -0.102336 0.620300 -0.024735 0.102446 0.994431 0.186600 0.000000 0.000000 0.000000 1.000000
0.999635 -0.007367 0.025983 -0.000000 0.010049 0.994461 -0.104620 0.620300 -0.025069 0.104843 0.994173 0.186600 0.000000 0.000000 0.000000 1.000000
0.999559 -0.011084 0.027543 0.000000 0.013960 0.994214 -0.106506 0.620300 -0.026203 0.106843 0.993931 0.186600 0.000000 0.000000 0.000000 1.000000
0.999399 -0.014527 0.031489 0.000000 0.017866 0.993937 -0.108490 0.620300 -0.029722 0.108987 0.993599 0.186600 0.000000 0.000000 0.000000 1.000000
0.999248 -0.017973 0.034363 0.000000 0.021639 0.993754 -0.109478 0.620300 -0.032181 0.110140 0.993395 0.186600 0.000000 0.000000 0.000000 1.000000
0.999145 -0.019506 0.036447 -0.000000 0.023366 0.993803 -0.108669 0.620300 -0.034101 0.109428 0.993410 0.186600 0.000000 0.000000 0.000000 1.000000
0.999050 -0.019192 0.039114 0.000000 0.023334 0.993839 -0.108348 0.620300 -0.036794 0.109158 0.993343 0.186600 0.000000 0.000000 0.000000 1.000000
0.998888 -0.018979 0.043161 0.000000 0.023590 0.993764 -0.108982 0.620300 -0.040823 0.109879 0.993106 0.186600 0.000000 0.000000 0.000000 1.000000
0.998746 -0.018330 0.046594 0.000000 0.023327 0.993760 -0.109075 0.620300 -0.044304 0.110025 0.992941 0.186600 0.000000 0.000000 0.000000 1.000000
0.998622 -0.017421 0.049510 -0.000000 0.022703 0.993870 -0.108200 0.620300 -0.047322 0.109175 0.992895 0.186600 0.000000 0.000000 0.000000 1.000000
0.998497 -0.016385 0.052291 -0.000000 0.021910 0.994028 -0.106902 0.620300 -0.050228 0.107887 0.992894 0.186600 0.000000 0.000000 0.000000 1.000000
0.998378 -0.015320 0.054825 0.000000 0.021043 0.994209 -0.105385 0.620300 -0.052893 0.106368 0.992919 0.186600 0.000000 0.000000 0.000000 1.000000
0.998271 -0.014339 0.057004 0.000000 0.020213 0.994388 -0.103849 0.620300 -0.055195 0.104821 0.992958 0.186600 0.000000 0.000000 0.000000 1.000000
0.998183 -0.013532 0.058708 0.000000 0.019511 0.994542 -0.102497 0.620300 -0.057001 0.103456 0.992999 0.186600 0.000000 0.000000 0.000000 1.000000
0.998125 -0.012986 0.059815 0.000000 0.019026 0.994650 -0.101535 0.620300 -0.058177 0.102483 0.993032 0.186600 0.000000 0.000000 0.000000 1.000000
0.998104 -0.012783 0.060211 -0.000000 0.018843 0.994691 -0.101171 0.620300 -0.058598 0.102114 0.993045 0.186600 0.000000 0.000000 0.000000 1.000000</float_array><technique_common><accessor source="#mixamorig_Spine-Matrix-animation-output-transform-array" count="73" stride="16"><param type="float4x4"/></accessor></technique_common></source><source id="mixamorig_Spine-Interpolations"><Name_array id="mixamorig_Spine-Interpolations-array" count="73">
 LINEAR LINEAR LINEAR LINEAR LINEAR LINEAR LINEAR LINEAR LINEAR LINEAR LINEAR
LINEAR LINEAR LINEAR LINEAR LINEAR LINEAR LINEAR LINEAR LINEAR LINEAR LINEAR LINEAR
LINEAR LINEAR LINEAR LINEAR LINEAR LINEAR LINEAR LINEAR LINEAR LINEAR LINEAR LINEAR
LINEAR LINEAR LINEAR LINEAR LINEAR LINEAR LINEAR LINEAR LINEAR LINEAR LINEAR LINEAR
LINEAR LINEAR LINEAR LINEAR LINEAR LINEAR LINEAR LINEAR LINEAR LINEAR LINEAR LINEAR
LINEAR LINEAR LINEAR LINEAR LINEAR LINEAR LINEAR LINEAR LINEAR LINEAR LINEAR LINEAR
LINEAR LINEAR</Name_array><technique_common><accessor source="#mixamorig_Spine-Interpolations-array" count="73"><param type="name"/></accessor></technique_common></source><sampler id="mixamorig_Spine-Matrix-animation-transform"><input semantic="INPUT" source="#mixamorig_Spine-Matrix-animation-input"/><input semantic="OUTPUT" source="#mixamorig_Spine-Matrix-animation-output-transform"/><input semantic="INTERPOLATION" source="#mixamorig_Spine-Interpolations"/></sampler><channel source="#mixamorig_Spine-Matrix-animation-transform" target="mixamorig_Spine/matrix"/></animation>
    <animation id="mixamorig_Spine1-anim" name="mixamorig_Spine1"><source id="mixamorig_Spine1-Matrix-animation-input"><float_array id="mixamorig_Spine1-Matrix-animation-input-array" count="73">

0.000000 0.033333 0.066667 0.100000 0.133333 0.166667 0.200000 0.233333 0.266667 0.300000 0.333333 0.366667 0.400000 0.433333 0.466667 0.500000
0.533333 0.566667 0.600000 0.633333 0.666667 0.700000 0.733333 0.766667 0.800000 0.833333 0.866667 0.900000 0.933333 0.966667 1.000000 1.033333
1.066667 1.100000 1.133333 1.166667 1.200000 1.233333 1.266667 1.300000 1.333333 1.366667 1.400000 1.433333 1.466667 1.500000 1.533333 1.566667
1.600000 1.633333 1.666667 1.700000 1.733333 1.766667 1.800000 1.833333 1.866667 1.900000 1.933333 1.966667 2.000000 2.033333 2.066667 2.100000
2.133333 2.166667 2.200000 2.233333 2.266667 2.300000 2.333333 2.366667 2.400000</float_array><technique_common><accessor source="#mixamorig_Spine1-Matrix-animation-input-array" count="73"><param name="TIME" type="float"/></accessor></technique_common></source><source id="mixamorig_Spine1-Matrix-animation-output-transform"><float_array id="mixamorig_Spine1-Matrix-animation-output-transform-array" count="1168">

0.992503 -0.043259 0.114312 0.000000 0.031295 0.994037 0.104454 0.755700 -0.118149 -0.100094 0.987938 0.000000 0.000000 0.000000 0.000000 1.000000
0.992682 -0.042739 0.112939 0.000000 0.031103 0.994211 0.102847 0.755700 -0.116681 -0.098582 0.988265 0.000000 0.000000 0.000000 0.000000 1.000000
0.993581 -0.043534 0.104412 -0.000000 0.032642 0.994057 0.103851 0.755700 -0.108313 -0.099776 0.989097 0.000000 0.000000 0.000000 0.000000 1.000000
0.995130 -0.044959 0.087721 0.000000 0.035578 0.993759 0.105720 0.755700 -0.091926 -0.102084 0.990519 0.000000 0.000000 0.000000 0.000000 1.000000
0.996663 -0.047758 0.066201 -0.000000 0.040447 0.993361 0.107689 0.755700 -0.070904 -0.104652 0.991978 -0.000000 0.000000 0.000000 0.000000 1.000000
0.997624 -0.052246 0.044910 0.000000 0.047105 0.992950 0.108773 0.755700 -0.050277 -0.106399 0.993052 0.000000 0.000000 0.000000 0.000000 1.000000
0.998099 -0.058229 0.020186 0.000000 0.055775 0.992796 0.106042 0.755700 -0.026215 -0.104715 0.994157 0.000000 0.000000 0.000000 0.000000 1.000000
0.997927 -0.063865 -0.007948 0.000000 0.064345 0.992538 0.103579 0.755700 0.001274 -0.103876 0.994589 0.000000 0.000000 0.000000 0.000000 1.000000
0.996941 -0.069455 -0.035846 0.000000 0.072727 0.992334 0.099925 0.755700 0.028631 -0.102227 0.994349 0.000000 0.000000 0.000000 0.000000 1.000000
0.995795 -0.073551 -0.054617 -0.000000 0.078687 0.991995 0.098764 0.755700 0.046915 -0.102646 0.993611 0.000000 0.000000 0.000000 0.000000 1.000000
0.995207 -0.071006 -0.067247 0.000000 0.077551 0.991927 0.100332 0.755700 0.059580 -0.105066 0.992679 0.000000 0.000000 0.000000 0.000000 1.000000
0.994978 -0.062718 -0.078011 -0.000000 0.070911 0.991714 0.107121 0.755700 0.070646 -0.112115 0.991181 0.000000 0.000000 0.000000 0.000000 1.000000
0.994114 -0.053364 -0.094286 0.000000 0.064048 0.991393 0.114181 0.755700 0.087381 -0.119548 0.988976 0.000000 0.000000 0.000000 0.000000 1.000000
0.992175 -0.041024 -0.117924 -0.000000 0.055480 0.990973 0.122045 0.755700 0.111853 -0.127632 0.985494 0.000000 0.000000 0.000000 0.000000 1.000000
0.989768 -0.025200 -0.140445 -0.000000 0.043583 0.990635 0.129394 0.755700 0.135869 -0.134191 0.981597 0.000000 0.000000 0.000000 0.000000 1.000000
0.988006 -0.004813 -0.154343 0.000000 0.025800 0.990609 0.134267 0.755700 0.152248 -0.136639 0.978852 -0.000000 0.000000 0.000000 0.000000 1.000000
0.986819 0.013932 -0.161227 -0.000000 0.008316 0.990605 0.136501 0.755700 0.161614 -0.136042 0.977432 0.000000 0.000000 0.000000 0.000000 1.000000
0.986046 0.031559 -0.163457 -0.000000 -0.009605 0.991016 0.133396 0.755700 0.166199 -0.129965 0.977490 0.000000 0.000000 0.000000 0.000000 1.000000
0.985867 0.049947 -0.159914 0.000000 -0.029965 0.991703 0.125013 0.755700 0.164831 -0.118454 0.979183 0.000000 0.000000 0.000000 0.000000 1.000000
0.986003 0.066273 -0.152992 0.000000 -0.049805 0.992785 0.109073 0.755700 0.159117 -0.099926 0.982190 0.000000 0.000000 0.000000 0.000000 1.000000
0.987014 0.079915 -0.139341 0.000000 -0.066782 0.993089 0.096511 0.755700 0.146091 -0.085952 0.985530 0.000000 0.000000 0.000000 0.000000 1.000000
0.987462 0.093285 -0.127345 0.000000 -0.083104 0.993074 0.083053 0.755700 0.134211 -0.071428 0.988375 0.000000 0.000000 0.000000 0.000000 1.000000
0.988431 0.103903 -0.110493 0.000000 -0.096990 0.993080 0.066213 0.755700 0.116608 -0.054730 0.991669 -0.000000 0.000000 0.000000 0.000000 1.000000
0.990606 0.108379 -0.083387 0.000000 -0.104741 0.993396 0.046841 0.755700 0.087913 -0.037667 0.995416 0.000000 0.000000 0.000000 0.000000 1.000000
0.992872 0.103340 -0.059387 -0.000000 -0.101669 0.994350 0.030518 0.755700 0.062206 -0.024262 0.997768 0.000000 0.000000 0.000000 0.000000 1.000000
0.995248 0.096529 -0.012778 0.000000 -0.096356 0.995256 0.013471 0.755700 0.014018 -0.012176 0.999828 0.000000 0.000000 0.000000 0.000000 1.000000
0.992635 0.109656 0.051492 0.000000 -0.110218 0.993874 0.008197 0.755700 -0.050278 -0.013812 0.998640 0.000000 0.000000 0.000000 0.000000 1.000000
0.983776 0.132016 0.121475 0.000000 -0.133826 0.990981 0.006831 0.755700 -0.119477 -0.022977 0.992571 -0.000000 0.000000 0.000000 0.000000 1.000000
0.974240 0.147453 0.170629 0.000000 -0.149880 0.988703 0.001359 0.755700 -0.168501 -0.026898 0.985334 -0.000000 0.000000 0.000000 0.000000 1.000000
0.968784 0.166665 0.183524 0.000000 -0.168101 0.985739 -0.007819 0.755700 -0.182209 -0.023276 0.982984 0.000000 0.000000 0.000000 0.000000 1.000000
0.964893 0.169161 0.200911 0.000000 -0.172063 0.985081 -0.003063 0.755700 -0.198432 -0.031614 0.979605 0.000000 0.000000 0.000000 0.000000 1.000000
0.957676 0.157246 0.241104 0.000000 -0.165211 0.986172 0.013054 0.755700 -0.235717 -0.052335 0.970412 -0.000000 0.000000 0.000000 0.000000 1.000000
0.948552 0.150601 0.278510 -0.000000 -0.165414 0.985758 0.030330 0.755700 -0.269976 -0.074839 0.959954 -0.000000 0.000000 0.000000 0.000000 1.000000
0.944074 0.142540 0.297333 0.000000 -0.165364 0.984811 0.052942 0.755700 -0.285270 -0.099150 0.953305 0.000000 0.000000 0.000000 0.000000 1.000000
0.943042 0.134176 0.304417 -0.000000 -0.164197 0.983561 0.075144 0.755700 -0.289330 -0.120848 0.949570 0.000000 0.000000 0.000000 0.000000 1.000000
0.943444 0.128622 0.305565 0.000000 -0.164443 0.981856 0.094430 0.755700 -0.287875 -0.139337 0.947477 0.000000 0.000000 0.000000 0.000000 1.000000
0.946273 0.117600 0.301227 -0.000000 -0.156674 0.981623 0.108943 0.755700 -0.282880 -0.150285 0.947308 0.000000 0.000000 0.000000 0.000000 1.000000
0.949584 0.107840 0.294381 0.000000 -0.148148 0.981877 0.118190 0.755700 -0.276301 -0.155843 0.948352 0.000000 0.000000 0.000000 0.000000 1.000000
0.955006 0.100597 0.279006 -0.000000 -0.140324 0.982025 0.126241 0.755700 -0.261291 -0.159712 0.951955 0.000000 0.000000 0.000000 0.000000 1.000000
0.960791 0.095559 0.260288 0.000000 -0.133893 0.981930 0.133741 0.755700 -0.242804 -0.163348 0.956224 0.000000 0.000000 0.000000 0.000000 1.000000
0.966125 0.093530 0.240528 0.000000 -0.129394 0.981959 0.137894 0.755700 -0.223291 -0.164346 0.960797 0.000000 0.000000 0.000000 0.000000 1.000000
0.970357 0.095540 0.221988 0.000000 -0.128114 0.982212 0.137285 0.755700 -0.204923 -0.161656 0.965336 -0.000000 0.000000 0.000000 0.000000 1.000000
0.973918 0.097595 0.204838 0.000000 -0.126853 0.982702 0.134926 0.755700 -0.188127 -0.157391 0.969452 0.000000 0.000000 0.000000 0.000000 1.000000
0.976793 0.099253 0.189802 0.000000 -0.125774 0.983076 0.133203 0.755700 -0.173369 -0.153984 0.972745 0.000000 0.000000 0.000000 0.000000 1.000000
0.980237 0.098885 0.171338 0.000000 -0.121955 0.984010 0.129812 0.755700 -0.155761 -0.148143 0.976623 0.000000 0.000000 0.000000 0.000000 1.000000
0.982984 0.096968 0.156010 -0.000000 -0.117325 0.984932 0.127059 0.755700 -0.141338 -0.143201 0.979549 0.000000 0.000000 0.000000 0.000000 1.000000
0.984246 0.096973 0.147835 -0.000000 -0.116272 0.984929 0.128044 0.755700 -0.133191 -0.143216 0.980688 -0.000000 0.000000 0.000000 0.000000 1.000000
0.985698 0.093780 0.140018 0.000000 -0.111901 0.985478 0.127714 0.755700 -0.126008 -0.141555 0.981878 0.000000 0.000000 0.000000 0.000000 1.000000
0.987155 0.089087 0.132621 -0.000000 -0.106451 0.985759 0.130184 0.755700 -0.119135 -0.142630 0.982580 0.000000 0.000000 0.000000 0.000000 1.000000
0.988883 0.077689 0.126790 0.000000 -0.093982 0.987305 0.128044 0.755700 -0.115232 -0.138537 0.983631 -0.000000 0.000000 0.000000 0.000000 1.000000
0.990708 0.062711 0.120689 0.000000 -0.077608 0.989370 0.122983 0.755700 -0.111694 -0.131206 0.985043 0.000000 0.000000 0.000000 0.000000 1.000000
0.993110 0.047749 0.107020 0.000000 -0.060455 0.991074 0.118820 0.755700 -0.100391 -0.124471 0.987131 -0.000000 0.000000 0.000000 0.000000 1.000000
0.995140 0.034129 0.092368 0.000000 -0.044576 0.992536 0.113514 0.755700 -0.087804 -0.117080 0.989233 0.000000 0.000000 0.000000 0.000000 1.000000
0.997136 0.019337 0.073112 -0.000000 -0.027461 0.993351 0.111804 0.755700 -0.070464 -0.113492 0.991037 0.000000 0.000000 0.000000 0.000000 1.000000
0.998267 0.005023 0.058629 0.000000 -0.011334 0.994107 0.107810 0.755700 -0.057742 -0.108287 0.992441 0.000000 0.000000 0.000000 0.000000 1.000000
0.998725 -0.006909 0.050010 0.000000 0.001653 0.994535 0.104390 0.755700 -0.050458 -0.104174 0.993278 0.000000 0.000000 0.000000 0.000000 1.000000
0.998632 -0.019801 0.048395 0.000000 0.014689 0.994489 0.103811 0.755700 -0.050183 -0.102958 0.993419 0.000000 0.000000 0.000000 0.000000 1.000000
0.998255 -0.030485 0.050582 0.000000 0.025180 0.994425 0.102393 0.755700 -0.053422 -0.100941 0.993457 0.000000 0.000000 0.000000 0.000000 1.000000
0.998000 -0.037405 0.050961 0.000000 0.032285 0.994680 0.097827 0.755700 -0.054349 -0.095986 0.993898 0.000000 0.000000 0.000000 0.000000 1.000000
0.997713 -0.041855 0.053075 0.000000 0.036737 0.994895 0.093989 0.755700 -0.056738 -0.091824 0.994157 0.000000 0.000000 0.000000 0.000000 1.000000
0.997115 -0.046191 0.060231 0.000000 0.040660 0.995108 0.090038 0.755700 -0.064095 -0.087329 0.994115 0.000000 0.000000 0.000000 0.000000 1.000000
0.996600 -0.049924 0.065543 0.000000 0.044061 0.995142 0.088034 0.755700 -0.069619 -0.084847 0.993959 0.000000 0.000000 0.000000 0.000000 1.000000
0.996315 -0.050297 0.069479 0.000000 0.043988 0.995013 0.089525 0.755700 -0.073635 -0.086139 0.993558 0.000000 0.000000 0.000000 0.000000 1.000000
0.995967 -0.049983 0.074505 0.000000 0.043191 0.994992 0.090139 0.755700 -0.078638 -0.086557 0.993138 0.000000 0.000000 0.000000 0.000000 1.000000
0.995346 -0.050035 0.082363 -0.000000 0.042668 0.995127 0.088894 0.755700 -0.086410 -0.084966 0.992630 -0.000000 0.000000 0.000000 0.000000 1.000000
0.994817 -0.049100 0.089038 -0.000000 0.041182 0.995209 0.088676 0.755700 -0.092965 -0.084550 0.992073 -0.000000 0.000000 0.000000 0.000000 1.000000
0.994355 -0.048058 0.094598 0.000000 0.039495 0.995122 0.090405 0.755700 -0.098481 -0.086158 0.991402 0.000000 0.000000 0.000000 0.000000 1.000000
0.993897 -0.046945 0.099826 0.000000 0.037654 0.994954 0.092996 0.755700 -0.103688 -0.088670 0.990650 0.000000 0.000000 0.000000 0.000000 1.000000
0.993464 -0.045844 0.104532 -0.000000 0.035798 0.994734 0.096035 0.755700 -0.108384 -0.091665 0.989874 -0.000000 0.000000 0.000000 0.000000 1.000000
0.993082 -0.044840 0.108524 -0.000000 0.034073 0.994493 0.099108 0.755700 -0.112371 -0.094724 0.989141 0.000000 0.000000 0.000000 0.000000 1.000000
0.992776 -0.044018 0.111613 -0.000000 0.032639 0.994269 0.101807 0.755700 -0.115454 -0.097429 0.988523 0.000000 0.000000 0.000000 0.000000 1.000000
0.992575 -0.043463 0.113606 0.000000 0.031658 0.994102 0.103725 0.755700 -0.117444 -0.099358 0.988097 0.000000 0.000000 0.000000 0.000000 1.000000
0.992503 -0.043259 0.114313 0.000000 0.031295 0.994037 0.104455 0.755700 -0.118150 -0.100094 0.987938 0.000000 0.000000 0.000000 0.000000 1.000000</float_array><technique_common><accessor source="#mixamorig_Spine1-Matrix-animation-output-transform-array" count="73" stride="16"><param type="float4x4"/></accessor></technique_common></source><source id="mixamorig_Spine1-Interpolations"><Name_array id="mixamorig_Spine1-Interpolations-array" count="73">
 LINEAR LINEAR LINEAR LINEAR LINEAR LINEAR LINEAR LINEAR LINEAR LINEAR LINEAR
LINEAR LINEAR LINEAR LINEAR LINEAR LINEAR LINEAR LINEAR LINEAR LINEAR LINEAR LINEAR
LINEAR LINEAR LINEAR LINEAR LINEAR LINEAR LINEAR LINEAR LINEAR LINEAR LINEAR LINEAR
LINEAR LINEAR LINEAR LINEAR LINEAR LINEAR LINEAR LINEAR LINEAR LINEAR LINEAR LINEAR
LINEAR LINEAR LINEAR LINEAR LINEAR LINEAR LINEAR LINEAR LINEAR LINEAR LINEAR LINEAR
