<?xml version="1.0" encoding="utf-8"?>
<COLLADA xmlns="http://www.collada.org/2005/11/COLLADASchema" version="1.4.1">
  <asset>
    <contributor>
      <authoring_tool>FBX COLLADA exporter</authoring_tool>
    </contributor>
    <created>2020-04-29T08:35:11Z</created>
    <modified>2020-04-29T08:35:11Z</modified>
    <unit meter="0.010000" name="centimeter"/>
    <up_axis>Y_UP</up_axis>
  </asset>
  <library_animations>
    <animation id="Hip-anim" name="Hip">
      <animation>
        <source id="Hip-Matrix-animation-input">
          <float_array id="Hip-Matrix-animation-input-array" count="76">

0.000000 0.033333 0.066667 0.100000 0.133333 0.166667 0.200000 0.233333 0.266667 0.300000 0.333333 0.366667 0.400000 0.433333 0.466667 0.500000
0.533333 0.566667 0.600000 0.633333 0.666667 0.700000 0.733333 0.766667 0.800000 0.833333 0.866667 0.900000 0.933333 0.966667 1.000000 1.033333
1.066667 1.100000 1.133333 1.166667 1.200000 1.233333 1.266667 1.300000 1.333333 1.366667 1.400000 1.433333 1.466667 1.500000 1.533333 1.566667
1.600000 1.633333 1.666667 1.700000 1.733333 1.766667 1.800000 1.833333 1.866667 1.900000 1.933333 1.966667 2.000000 2.033333 2.066667 2.100000
2.133333 2.166667 2.200000 2.233333 2.266667 2.300000 2.333333 2.366667 2.400000 2.433333 2.466667 2.500000</float_array>
          <technique_common>
            <accessor source="#Hip-Matrix-animation-input-array" count="76">
              <param name="TIME" type="float"/>
            </accessor>
          </technique_common>
        </source>
        <source id="Hip-Matrix-animation-output-transform">
          <float_array id="Hip-Matrix-animation-output-transform-array" count="1216">

-0.654328 0.756211 0.000000 -0.320674 -0.595831 -0.515555 -0.615783 9.852866 -0.465662 -0.402924 0.787916 -0.128590 0.000000 0.000000 0.000000 1.000000
-0.654379 0.756167 -0.000050 -0.320674 -0.595789 -0.515631 -0.615760 9.852866 -0.465643 -0.402911 0.787934 -0.128590 0.000000 0.000000 0.000000 1.000000
-0.654581 0.755992 -0.000258 -0.320674 -0.595604 -0.515918 -0.615698 9.852866 -0.465596 -0.402870 0.787982 -0.128590 0.000000 0.000000 0.000000 1.000000
-0.655004 0.755625 -0.000709 -0.320674 -0.595188 -0.516509 -0.615605 9.852866 -0.465533 -0.402801 0.788055 -0.128590 0.000000 0.000000 0.000000 1.000000
-0.655719 0.755004 -0.001490 -0.320674 -0.594451 -0.517494 -0.615490 9.852866 -0.465468 -0.402702 0.788144 -0.128590 0.000000 0.000000 0.000000 1.000000
-0.656796 0.754064 -0.002686 -0.320674 -0.593304 -0.518964 -0.615359 9.852866 -0.465414 -0.402571 0.788242 -0.128590 0.000000 0.000000 0.000000 1.000000
-0.658303 0.752740 -0.004383 -0.320674 -0.591655 -0.521010 -0.615218 9.852866 -0.465383 -0.402407 0.788345 -0.128590 0.000000 0.000000 0.000000 1.000000
-0.660310 0.750963 -0.006667 -0.320674 -0.589413 -0.523722 -0.615067 9.852866 -0.465385 -0.402206 0.788446 -0.128590 0.000000 0.000000 0.000000 1.000000
-0.662881 0.748663 -0.009623 -0.320674 -0.586484 -0.527189 -0.614905 9.852866 -0.465430 -0.401965 0.788542 -0.128590 0.000000 0.000000 0.000000 1.000000
-0.666080 0.745761 -0.013338 -0.320674 -0.582772 -0.531499 -0.614724 9.852866 -0.465527 -0.401683 0.788629 -0.128590 0.000000 0.000000 0.000000 1.000000
-0.669965 0.742177 -0.017896 -0.320674 -0.578178 -0.536739 -0.614509 9.852866 -0.465680 -0.401352 0.788707 -0.128590 0.000000 0.000000 0.000000 1.000000
-0.674592 0.737821 -0.023383 -0.320674 -0.572599 -0.542996 -0.614236 9.852866 -0.465893 -0.400969 0.788776 -0.128590 0.000000 0.000000 0.000000 1.000000
-0.680010 0.732594 -0.029884 -0.320674 -0.565930 -0.550350 -0.613871 9.852866 -0.466164 -0.400527 0.788840 -0.128590 0.000000 0.000000 0.000000 1.000000
-0.686262 0.726388 -0.037481 -0.320674 -0.558060 -0.558882 -0.613368 9.852866 -0.466491 -0.400015 0.788907 -0.128590 0.000000 0.000000 0.000000 1.000000
-0.693383 0.719082 -0.046259 -0.320674 -0.548870 -0.568667 -0.612666 9.852866 -0.466863 -0.399422 0.788987 -0.128590 0.000000 0.000000 0.000000 1.000000
-0.701399 0.710543 -0.056295 -0.320674 -0.538239 -0.579775 -0.611685 9.852866 -0.467267 -0.398735 0.789096 -0.128590 0.000000 0.000000 0.000000 1.000000
-0.710500 0.700279 -0.069281 -0.316764 -0.525009 -0.593065 -0.610442 9.852573 -0.468568 -0.397346 0.789025 -0.128590 0.000000 0.000000 0.000000 1.000000
-0.720664 0.687874 -0.086444 -0.305390 -0.508300 -0.609042 -0.608850 9.851722 -0.471460 -0.394837 0.788561 -0.128590 0.000000 0.000000 0.000000 1.000000
-0.731574 0.673288 -0.107156 -0.287083 -0.488405 -0.627237 -0.606659 9.850351 -0.475669 -0.391480 0.787707 -0.128590 0.000000 0.000000 0.000000 1.000000
-0.742905 0.656497 -0.130782 -0.262379 -0.465626 -0.647163 -0.603633 9.848502 -0.480920 -0.387547 0.786462 -0.128590 0.000000 0.000000 0.000000 1.000000
-0.754337 0.637518 -0.156673 -0.231809 -0.440286 -0.668316 -0.599584 9.846213 -0.486953 -0.383308 0.784826 -0.128590 0.000000 0.000000 0.000000 1.000000
-0.765564 0.616432 -0.184182 -0.195908 -0.412734 -0.690181 -0.594391 9.843525 -0.493520 -0.379026 0.782801 -0.128590 0.000000 0.000000 0.000000 1.000000
-0.776305 0.593402 -0.212661 -0.155207 -0.383347 -0.712236 -0.588018 9.840479 -0.500396 -0.374958 0.780391 -0.128590 0.000000 0.000000 0.000000 1.000000
-0.786316 0.568677 -0.241481 -0.110242 -0.352531 -0.733964 -0.580533 9.837112 -0.507374 -0.371353 0.777604 -0.128590 0.000000 0.000000 0.000000 1.000000
-0.795398 0.542605 -0.270041 -0.061544 -0.320721 -0.754868 -0.572113 9.833467 -0.514277 -0.368449 0.774445 -0.128590 0.000000 0.000000 0.000000 1.000000
-0.803402 0.515630 -0.297778 -0.009646 -0.288376 -0.774480 -0.563045 9.829581 -0.520946 -0.366479 0.770914 -0.128590 0.000000 0.000000 0.000000 1.000000
-0.810238 0.488284 -0.324181 0.044917 -0.255973 -0.792380 -0.553725 9.825497 -0.527250 -0.365667 0.767004 -0.128590 0.000000 0.000000 0.000000 1.000000
-0.815876 0.461181 -0.348796 0.101613 -0.223998 -0.808198 -0.544647 9.821252 -0.533077 -0.366235 0.762693 -0.128590 0.000000 0.000000 0.000000 1.000000
-0.820349 0.434994 -0.371225 0.159908 -0.192942 -0.821621 -0.536388 9.816887 -0.538332 -0.368400 0.757945 -0.128590 0.000000 0.000000 0.000000 1.000000
-0.823745 0.410444 -0.391126 0.219270 -0.163293 -0.832387 -0.529591 9.812445 -0.542936 -0.372380 0.752698 -0.128590 0.000000 0.000000 0.000000 1.000000
-0.826208 0.388272 -0.408197 0.279165 -0.135530 -0.840277 -0.524944 9.807960 -0.546820 -0.378390 0.746866 -0.128590 0.000000 0.000000 0.000000 1.000000
-0.828391 0.354425 -0.433763 0.419135 -0.092076 -0.849995 -0.518681 9.753147 -0.552530 -0.389732 0.736763 -0.128590 0.000000 0.000000 0.000000 1.000000
-0.827404 0.298274 -0.475852 0.692159 -0.021231 -0.863311 -0.504226 9.613824 -0.561205 -0.407096 0.720640 -0.128590 0.000000 0.000000 0.000000 1.000000
-0.818229 0.226017 -0.528600 1.057860 0.067077 -0.875662 -0.478243 9.414186 -0.570966 -0.426769 0.701332 -0.128590 0.000000 0.000000 0.000000 1.000000
-0.797810 0.144580 -0.585316 1.475863 0.162256 -0.883516 -0.439400 9.178429 -0.580665 -0.445529 0.681419 -0.128590 0.000000 0.000000 0.000000 1.000000
-0.766545 0.061546 -0.639235 1.905790 0.253962 -0.885203 -0.389768 8.930752 -0.589841 -0.461116 0.662917 -0.128590 0.000000 0.000000 0.000000 1.000000
-0.728626 -0.015310 -0.684741 2.307266 0.333420 -0.881220 -0.335086 8.695350 -0.598277 -0.472458 0.647184 -0.128590 0.000000 0.000000 0.000000 1.000000
-0.691250 -0.078533 -0.718335 2.639913 0.394379 -0.873975 -0.283960 8.496422 -0.605507 -0.479584 0.635107 -0.128590 0.000000 0.000000 0.000000 1.000000
-0.653780 -0.134413 -0.744651 2.940051 0.444578 -0.864563 -0.234268 8.309347 -0.612308 -0.484215 0.624991 -0.128590 0.000000 0.000000 0.000000 1.000000
-0.611085 -0.191705 -0.768000 3.258857 0.492160 -0.851913 -0.178952 8.102551 -0.619963 -0.487334 0.614940 -0.128590 0.000000 0.000000 0.000000 1.000000
-0.565638 -0.247218 -0.786726 3.578243 0.534150 -0.836667 -0.121130 7.889804 -0.628281 -0.488745 0.605302 -0.128590 0.000000 0.000000 0.000000 1.000000
-0.520599 -0.298007 -0.800106 3.880121 0.568659 -0.820035 -0.064576 7.684866 -0.636870 -0.488605 0.596373 -0.128590 0.000000 0.000000 0.000000 1.000000
-0.479514 -0.341432 -0.808388 4.146402 0.594906 -0.803683 -0.013438 7.501509 -0.645100 -0.487358 0.588497 -0.128590 0.000000 0.000000 0.000000 1.000000
-0.446011 -0.375143 -0.812614 4.358997 0.613022 -0.789568 0.028041 7.353495 -0.652133 -0.485644 0.582127 -0.128590 0.000000 0.000000 0.000000 1.000000
-0.423575 -0.396980 -0.814243 4.499820 0.623625 -0.779734 0.055741 7.254591 -0.657020 -0.484172 0.577842 -0.128590 0.000000 0.000000 0.000000 1.000000
-0.415429 -0.404775 -0.814602 4.550780 0.627184 -0.776088 0.065787 7.218564 -0.658831 -0.483576 0.576278 -0.128590 0.000000 0.000000 0.000000 1.000000
-0.415429 -0.404775 -0.814602 4.550780 0.627184 -0.776088 0.065787 7.218564 -0.658831 -0.483576 0.576278 -0.128590 0.000000 0.000000 0.000000 1.000000
-0.415429 -0.404775 -0.814602 4.550780 0.627184 -0.776088 0.065787 7.218564 -0.658831 -0.483576 0.576278 -0.128590 0.000000 0.000000 0.000000 1.000000
-0.415429 -0.404775 -0.814602 4.550780 0.627184 -0.776088 0.065787 7.218564 -0.658831 -0.483576 0.576278 -0.128590 0.000000 0.000000 0.000000 1.000000
-0.415429 -0.404775 -0.814602 4.550780 0.627184 -0.776088 0.065787 7.218564 -0.658831 -0.483576 0.576278 -0.128590 0.000000 0.000000 0.000000 1.000000
-0.415429 -0.404775 -0.814602 4.550780 0.627184 -0.776088 0.065787 7.218564 -0.658831 -0.483576 0.576278 -0.128590 0.000000 0.000000 0.000000 1.000000
-0.415429 -0.404775 -0.814602 4.550780 0.627184 -0.776088 0.065787 7.218564 -0.658831 -0.483576 0.576278 -0.128590 0.000000 0.000000 0.000000 1.000000
-0.415429 -0.404775 -0.814602 4.550780 0.627184 -0.776088 0.065787 7.218564 -0.658831 -0.483576 0.576278 -0.128590 0.000000 0.000000 0.000000 1.000000
-0.415429 -0.404775 -0.814602 4.550780 0.627184 -0.776088 0.065787 7.218564 -0.658831 -0.483576 0.576278 -0.128590 0.000000 0.000000 0.000000 1.000000
-0.415429 -0.404775 -0.814602 4.550780 0.627184 -0.776088 0.065787 7.218564 -0.658831 -0.483576 0.576278 -0.128590 0.000000 0.000000 0.000000 1.000000
-0.415429 -0.404775 -0.814602 4.550780 0.627184 -0.776088 0.065787 7.218564 -0.658831 -0.483576 0.576278 -0.128590 0.000000 0.000000 0.000000 1.000000
-0.415429 -0.404775 -0.814602 4.550780 0.627184 -0.776088 0.065787 7.218564 -0.658831 -0.483576 0.576278 -0.128590 0.000000 0.000000 0.000000 1.000000
-0.415429 -0.404775 -0.814602 4.550780 0.627184 -0.776088 0.065787 7.218564 -0.658831 -0.483576 0.576278 -0.128590 0.000000 0.000000 0.000000 1.000000
-0.415429 -0.404775 -0.814602 4.550780 0.627184 -0.776088 0.065787 7.218564 -0.658831 -0.483576 0.576278 -0.128590 0.000000 0.000000 0.000000 1.000000
-0.415429 -0.404775 -0.814602 4.550780 0.627184 -0.776088 0.065787 7.218564 -0.658831 -0.483576 0.576278 -0.128590 0.000000 0.000000 0.000000 1.000000
-0.415429 -0.404775 -0.814602 4.550780 0.627184 -0.776088 0.065787 7.218564 -0.658831 -0.483576 0.576278 -0.128590 0.000000 0.000000 0.000000 1.000000
-0.415429 -0.404775 -0.814602 4.550780 0.627184 -0.776088 0.065787 7.218564 -0.658831 -0.483576 0.576278 -0.128590 0.000000 0.000000 0.000000 1.000000
-0.415429 -0.404775 -0.814602 4.550780 0.627184 -0.776088 0.065787 7.218564 -0.658831 -0.483576 0.576278 -0.128590 0.000000 0.000000 0.000000 1.000000
-0.415429 -0.404775 -0.814602 4.550780 0.627184 -0.776088 0.065787 7.218564 -0.658831 -0.483576 0.576278 -0.128590 0.000000 0.000000 0.000000 1.000000
-0.415429 -0.404775 -0.814602 4.550780 0.627184 -0.776088 0.065787 7.218564 -0.658831 -0.483576 0.576278 -0.128590 0.000000 0.000000 0.000000 1.000000
-0.415429 -0.404775 -0.814602 4.550780 0.627184 -0.776088 0.065787 7.218564 -0.658831 -0.483576 0.576278 -0.128590 0.000000 0.000000 0.000000 1.000000
-0.415429 -0.404775 -0.814602 4.550780 0.627184 -0.776088 0.065787 7.218564 -0.658831 -0.483576 0.576278 -0.128590 0.000000 0.000000 0.000000 1.000000
-0.415429 -0.404775 -0.814602 4.550780 0.627184 -0.776088 0.065787 7.218564 -0.658831 -0.483576 0.576278 -0.128590 0.000000 0.000000 0.000000 1.000000
-0.415429 -0.404775 -0.814602 4.550780 0.627184 -0.776088 0.065787 7.218564 -0.658831 -0.483576 0.576278 -0.128590 0.000000 0.000000 0.000000 1.000000
-0.415429 -0.404775 -0.814602 4.550780 0.627184 -0.776088 0.065787 7.218564 -0.658831 -0.483576 0.576278 -0.128590 0.000000 0.000000 0.000000 1.000000
-0.415429 -0.404775 -0.814602 4.550780 0.627184 -0.776088 0.065787 7.218564 -0.658831 -0.483576 0.576278 -0.128590 0.000000 0.000000 0.000000 1.000000
-0.415429 -0.404775 -0.814602 4.550780 0.627184 -0.776088 0.065787 7.218564 -0.658831 -0.483576 0.576278 -0.128590 0.000000 0.000000 0.000000 1.000000
-0.415429 -0.404775 -0.814602 4.550780 0.627184 -0.776088 0.065787 7.218564 -0.658831 -0.483576 0.576278 -0.128590 0.000000 0.000000 0.000000 1.000000
-0.415429 -0.404775 -0.814602 4.550780 0.627184 -0.776088 0.065787 7.218564 -0.658831 -0.483576 0.576278 -0.128590 0.000000 0.000000 0.000000 1.000000
-0.415429 -0.404775 -0.814602 4.550780 0.627184 -0.776088 0.065787 7.218564 -0.658831 -0.483576 0.576278 -0.128590 0.000000 0.000000 0.000000 1.000000
-0.415429 -0.404775 -0.814602 4.550780 0.627184 -0.776088 0.065787 7.218564 -0.658831 -0.483576 0.576278 -0.128590 0.000000 0.000000 0.000000 1.000000</float_array>
          <technique_common>
            <accessor source="#Hip-Matrix-animation-output-transform-array" count="76" stride="16">
              <param type="float4x4"/>
            </accessor>
          </technique_common>
        </source>
        <source id="Hip-Interpolations">
          <Name_array id="Hip-Interpolations-array" count="76">
 LINEAR LINEAR LINEAR LINEAR LINEAR LINEAR LINEAR LINEAR LINEAR LINEAR LINEAR
LINEAR LINEAR LINEAR LINEAR LINEAR LINEAR LINEAR LINEAR LINEAR LINEAR LINEAR LINEAR
LINEAR LINEAR LINEAR LINEAR LINEAR LINEAR LINEAR LINEAR LINEAR LINEAR LINEAR LINEAR
LINEAR LINEAR LINEAR LINEAR LINEAR LINEAR LINEAR LINEAR LINEAR LINEAR LINEAR LINEAR
LINEAR LINEAR LINEAR LINEAR LINEAR LINEAR LINEAR LINEAR LINEAR LINEAR LINEAR LINEAR
LINEAR LINEAR LINEAR LINEAR LINEAR LINEAR LINEAR LINEAR LINEAR LINEAR LINEAR LINEAR
LINEAR LINEAR LINEAR LINEAR LINEAR</Name_array>
          <technique_common>
            <accessor source="#Hip-Interpolations-array" count="76">
              <param type="name"/>
            </accessor>
          </technique_common>
        </source>
        <sampler id="Hip-Matrix-animation-transform">
          <input semantic="INPUT" source="#Hip-Matrix-animation-input"/>
          <input semantic="OUTPUT" source="#Hip-Matrix-animation-output-transform"/>
          <input semantic="INTERPOLATION" source="#Hip-Interpolations"/>
        </sampler>
        <channel source="#Hip-Matrix-animation-transform" target="Hip/matrix"/>
      </animation>
      <animation>
        <source id="Hip-visibility-animation-input">
          <float_array id="Hip-visibility-animation-input-array" count="7">

0.000000 0.500000 1.000000 1.233333 1.500000 2.000000 2.500000</float_array>
          <technique_common>
            <accessor source="#Hip-visibility-animation-input-array" count="7">
              <param name="TIME" type="float"/>
            </accessor>
          </technique_common>
        </source>
        <source id="Hip-visibility-animation-output">
          <float_array id="Hip-visibility-animation-output-array" count="7">

1.000000 1.000000 1.000000 1.000000 1.000000 1.000000 1.000000</float_array>
          <technique_common>
            <accessor source="#Hip-visibility-animation-output-array" count="7">
              <param type="float"/>
            </accessor>
          </technique_common>
        </source>
        <source id="Hip-visibility-animation-intan">
          <float_array id="Hip-visibility-animation-intan-array" count="7">

0.000000 0.000000 0.000000 0.000000 0.000000 0.000000 0.000000</float_array>
          <technique_common>
            <accessor source="#Hip-visibility-animation-intan-array" count="7">
              <param type="float"/>
            </accessor>
          </technique_common>
        </source>
        <source id="Hip-visibility-animation-outtan">
          <float_array id="Hip-visibility-animation-outtan-array" count="7">

0.000000 0.000000 0.000000 0.000000 0.000000 0.000000 0.000000</float_array>
          <technique_common>
            <accessor source="#Hip-visibility-animation-outtan-array" count="7">
              <param type="float"/>
            </accessor>
          </technique_common>
        </source>
        <source id="Hip-visibility-animation-interpolation">
          <Name_array id="Hip-visibility-animation-interpolation-array" count="7">
 STEP STEP STEP STEP STEP STEP STEP</Name_array>
          <technique_common>
            <accessor source="#Hip-visibility-animation-interpolation-array" count="7">
              <param type="name"/>
            </accessor>
          </technique_common>
        </source>
        <sampler id="Hip-visibility-animation">
          <input semantic="INPUT" source="#Hip-visibility-animation-input"/>
          <input semantic="OUTPUT" source="#Hip-visibility-animation-output"/>
          <input semantic="IN_TANGENT" source="#Hip-visibility-animation-intan"/>
          <input semantic="OUT_TANGENT" source="#Hip-visibility-animation-outtan"/>
          <input semantic="INTERPOLATION" source="#Hip-visibility-animation-interpolation"/>
        </sampler>
        <channel source="#Hip-visibility-animation" target="Hip/visibility"/>
      </animation>
    </animation>
    <animation id="RB_LegTop-anim" name="RB_LegTop">
      <animation>
        <source id="RB_LegTop-Matrix-animation-input">
          <float_array id="RB_LegTop-Matrix-animation-input-array" count="76">

0.000000 0.033333 0.066667 0.100000 0.133333 0.166667 0.200000 0.233333 0.266667 0.300000 0.333333 0.366667 0.400000 0.433333 0.466667 0.500000
0.533333 0.566667 0.600000 0.633333 0.666667 0.700000 0.733333 0.766667 0.800000 0.833333 0.866667 0.900000 0.933333 0.966667 1.000000 1.033333
1.066667 1.100000 1.133333 1.166667 1.200000 1.233333 1.266667 1.300000 1.333333 1.366667 1.400000 1.433333 1.466667 1.500000 1.533333 1.566667
1.600000 1.633333 1.666667 1.700000 1.733333 1.766667 1.800000 1.833333 1.866667 1.900000 1.933333 1.966667 2.000000 2.033333 2.066667 2.100000
2.133333 2.166667 2.200000 2.233333 2.266667 2.300000 2.333333 2.366667 2.400000 2.433333 2.466667 2.500000</float_array>
          <technique_common>
            <accessor source="#RB_LegTop-Matrix-animation-input-array" count="76">
              <param name="TIME" type="float"/>
            </accessor>
          </technique_common>
        </source>
        <source id="RB_LegTop-Matrix-animation-output-transform">
          <float_array id="RB_LegTop-Matrix-animation-output-transform-array" count="1216">

0.639333 -0.529182 -0.557871 1.467129 0.258820 0.831281 -0.491918 0.173375 0.724062 0.170112 0.668429 0.207080 0.000000 0.000000 0.000000 1.000000
0.639692 -0.528814 -0.557808 1.467129 0.258475 0.831450 -0.491814 0.173375 0.723868 0.170430 0.668557 0.207080 0.000000 0.000000 0.000000 1.000000
0.640699 -0.527779 -0.557633 1.467129 0.257505 0.831924 -0.491522 0.173375 0.723323 0.171324 0.668918 0.207080 0.000000 0.000000 0.000000 1.000000
0.642253 -0.526177 -0.557359 1.467129 0.256005 0.832652 -0.491072 0.173375 0.722477 0.172706 0.669477 0.207080 0.000000 0.000000 0.000000 1.000000
0.644251 -0.524110 -0.557001 1.467129 0.254069 0.833585 -0.490494 0.173375 0.721380 0.174484 0.670198 0.207080 0.000000 0.000000 0.000000 1.000000
0.646589 -0.521677 -0.556575 1.467129 0.251794 0.834671 -0.489820 0.173375 0.720085 0.176570 0.671045 0.207080 0.000000 0.000000 0.000000 1.000000
0.649167 -0.518980 -0.556095 1.467129 0.249274 0.835861 -0.489079 0.173375 0.718641 0.178874 0.671982 0.207080 0.000000 0.000000 0.000000 1.000000
0.651882 -0.516122 -0.555579 1.467129 0.246606 0.837106 -0.488302 0.173375 0.717102 0.181306 0.672973 0.207080 0.000000 0.000000 0.000000 1.000000
0.654635 -0.513204 -0.555044 1.467129 0.243886 0.838360 -0.487517 0.173375 0.715523 0.183778 0.673983 0.207080 0.000000 0.000000 0.000000 1.000000
0.657328 -0.510332 -0.554510 1.467129 0.241211 0.839577 -0.486751 0.173375 0.713959 0.186201 0.674976 0.207080 0.000000 0.000000 0.000000 1.000000
0.659865 -0.507609 -0.553996 1.467129 0.238678 0.840717 -0.486033 0.173375 0.712468 0.188489 0.675915 0.207080 0.000000 0.000000 0.000000 1.000000
0.662150 -0.505143 -0.553524 1.467129 0.236386 0.841736 -0.485389 0.173375 0.711112 0.190555 0.676764 0.207080 0.000000 0.000000 0.000000 1.000000
0.664089 -0.503038 -0.553117 1.467129 0.234431 0.842597 -0.484843 0.173375 0.709949 0.192311 0.677487 0.207080 0.000000 0.000000 0.000000 1.000000
0.665590 -0.501403 -0.552798 1.467129 0.232914 0.843259 -0.484422 0.173375 0.709042 0.193673 0.678049 0.207080 0.000000 0.000000 0.000000 1.000000
0.666559 -0.500343 -0.552590 1.467129 0.231931 0.843686 -0.484151 0.173375 0.708454 0.194553 0.678412 0.207080 0.000000 0.000000 0.000000 1.000000
0.666904 -0.499966 -0.552515 1.467129 0.231582 0.843837 -0.484055 0.173375 0.708244 0.194865 0.678541 0.207080 0.000000 0.000000 0.000000 1.000000
0.666904 -0.499966 -0.552515 1.467129 0.231582 0.843837 -0.484055 0.173375 0.708244 0.194865 0.678541 0.207080 0.000000 0.000000 0.000000 1.000000
0.666904 -0.499966 -0.552515 1.467129 0.231582 0.843837 -0.484055 0.173375 0.708244 0.194865 0.678541 0.207080 0.000000 0.000000 0.000000 1.000000
0.666904 -0.499966 -0.552515 1.467129 0.231582 0.843837 -0.484055 0.173375 0.708244 0.194865 0.678541 0.207080 0.000000 0.000000 0.000000 1.000000
0.666904 -0.499966 -0.552515 1.467129 0.231582 0.843837 -0.484055 0.173375 0.708244 0.194865 0.678541 0.207080 0.000000 0.000000 0.000000 1.000000
0.666904 -0.499966 -0.552515 1.467129 0.231582 0.843837 -0.484055 0.173375 0.708244 0.194865 0.678541 0.207080 0.000000 0.000000 0.000000 1.000000
0.666904 -0.499966 -0.552515 1.467129 0.231582 0.843837 -0.484055 0.173375 0.708244 0.194865 0.678541 0.207080 0.000000 0.000000 0.000000 1.000000
0.666904 -0.499966 -0.552515 1.467129 0.231582 0.843837 -0.484055 0.173375 0.708244 0.194865 0.678541 0.207080 0.000000 0.000000 0.000000 1.000000
0.666904 -0.499966 -0.552515 1.467129 0.231582 0.843837 -0.484055 0.173375 0.708244 0.194865 0.678541 0.207080 0.000000 0.000000 0.000000 1.000000
0.666904 -0.499966 -0.552515 1.467129 0.231582 0.843837 -0.484055 0.173375 0.708244 0.194865 0.678541 0.207080 0.000000 0.000000 0.000000 1.000000
0.666904 -0.499966 -0.552515 1.467129 0.231582 0.843837 -0.484055 0.173375 0.708244 0.194865 0.678541 0.207080 0.000000 0.000000 0.000000 1.000000
0.666904 -0.499966 -0.552515 1.467129 0.231582 0.843837 -0.484055 0.173375 0.708244 0.194865 0.678541 0.207080 0.000000 0.000000 0.000000 1.000000
0.666904 -0.499966 -0.552515 1.467129 0.231582 0.843837 -0.484055 0.173375 0.708244 0.194865 0.678541 0.207080 0.000000 0.000000 0.000000 1.000000
0.666904 -0.499966 -0.552515 1.467129 0.231582 0.843837 -0.484055 0.173375 0.708244 0.194865 0.678541 0.207080 0.000000 0.000000 0.000000 1.000000
0.666904 -0.499966 -0.552515 1.467129 0.231582 0.843837 -0.484055 0.173375 0.708244 0.194865 0.678541 0.207080 0.000000 0.000000 0.000000 1.000000
0.666904 -0.499966 -0.552515 1.467129 0.231582 0.843837 -0.484055 0.173375 0.708244 0.194865 0.678541 0.207080 0.000000 0.000000 0.000000 1.000000
0.663152 -0.505371 -0.552114 1.467129 0.236828 0.841418 -0.485724 0.173375 0.710030 0.191353 0.677674 0.207080 0.000000 0.000000 0.000000 1.000000
0.653021 -0.519481 -0.551092 1.467129 0.250556 0.834883 -0.490094 0.173375 0.714692 0.181962 0.675355 0.207080 0.000000 0.000000 0.000000 1.000000
0.638145 -0.539096 -0.549679 1.467129 0.269722 0.825238 -0.496218 0.173375 0.721125 0.168399 0.672027 0.207080 0.000000 0.000000 0.000000 1.000000
0.620248 -0.561073 -0.548169 1.467129 0.291297 0.813614 -0.503168 0.173375 0.728312 0.152409 0.668082 0.207080 0.000000 0.000000 0.000000 1.000000
0.601265 -0.582441 -0.547030 1.467129 0.312322 0.801446 -0.510038 0.173375 0.735483 0.135819 0.663791 0.207080 0.000000 0.000000 0.000000 1.000000
0.583377 -0.600448 -0.546930 1.467129 0.329944 0.790527 -0.515950 0.173375 0.742164 0.120537 0.659290 0.207080 0.000000 0.000000 0.000000 1.000000
0.568958 -0.612541 -0.548708 1.467129 0.341419 0.782953 -0.520017 0.173375 0.748144 0.108529 0.654600 0.207080 0.000000 0.000000 0.000000 1.000000
0.556667 -0.620255 -0.552635 1.467129 0.347390 0.778082 -0.523363 0.173375 0.754614 0.099359 0.648603 0.207080 0.000000 0.000000 0.000000 1.000000
0.543927 -0.626810 -0.557901 1.467129 0.350663 0.773806 -0.527503 0.173375 0.762351 0.091288 0.640693 0.207080 0.000000 0.000000 0.000000 1.000000
0.531351 -0.632253 -0.563846 1.467129 0.351799 0.770156 -0.532069 0.173375 0.770652 0.084355 0.631649 0.207080 0.000000 0.000000 0.000000 1.000000
0.519569 -0.636627 -0.569872 1.467129 0.351373 0.767156 -0.536664 0.173375 0.778836 0.078596 0.622284 0.207080 0.000000 0.000000 0.000000 1.000000
0.509233 -0.639972 -0.575428 1.467129 0.349978 0.764821 -0.540892 0.173375 0.786256 0.074053 0.613448 0.207080 0.000000 0.000000 0.000000 1.000000
0.501011 -0.642324 -0.580006 1.467129 0.348218 0.763159 -0.544364 0.173375 0.792295 0.070763 0.606020 0.207080 0.000000 0.000000 0.000000 1.000000
0.495583 -0.643715 -0.583119 1.467129 0.346712 0.762169 -0.546707 0.173375 0.796359 0.068764 0.600902 0.207080 0.000000 0.000000 0.000000 1.000000
0.493626 -0.644174 -0.584272 1.467129 0.346076 0.761843 -0.547565 0.173375 0.797850 0.068090 0.598998 0.207080 0.000000 0.000000 0.000000 1.000000
0.493626 -0.644174 -0.584272 1.467129 0.346076 0.761843 -0.547565 0.173375 0.797850 0.068090 0.598998 0.207080 0.000000 0.000000 0.000000 1.000000
0.493626 -0.644174 -0.584272 1.467129 0.346076 0.761843 -0.547565 0.173375 0.797850 0.068090 0.598998 0.207080 0.000000 0.000000 0.000000 1.000000
0.493626 -0.644174 -0.584272 1.467129 0.346076 0.761843 -0.547565 0.173375 0.797850 0.068090 0.598998 0.207080 0.000000 0.000000 0.000000 1.000000
0.493626 -0.644174 -0.584272 1.467129 0.346076 0.761843 -0.547565 0.173375 0.797850 0.068090 0.598998 0.207080 0.000000 0.000000 0.000000 1.000000
0.493626 -0.644174 -0.584272 1.467129 0.346076 0.761843 -0.547565 0.173375 0.797850 0.068090 0.598998 0.207080 0.000000 0.000000 0.000000 1.000000
0.493626 -0.644174 -0.584272 1.467129 0.346076 0.761843 -0.547565 0.173375 0.797850 0.068090 0.598998 0.207080 0.000000 0.000000 0.000000 1.000000
0.493626 -0.644174 -0.584272 1.467129 0.346076 0.761843 -0.547565 0.173375 0.797850 0.068090 0.598998 0.207080 0.000000 0.000000 0.000000 1.000000
0.493626 -0.644174 -0.584272 1.467129 0.346076 0.761843 -0.547565 0.173375 0.797850 0.068090 0.598998 0.207080 0.000000 0.000000 0.000000 1.000000
0.493626 -0.644174 -0.584272 1.467129 0.346076 0.761843 -0.547565 0.173375 0.797850 0.068090 0.598998 0.207080 0.000000 0.000000 0.000000 1.000000
0.493626 -0.644174 -0.584272 1.467129 0.346076 0.761843 -0.547565 0.173375 0.797850 0.068090 0.598998 0.207080 0.000000 0.000000 0.000000 1.000000
0.493626 -0.644174 -0.584272 1.467129 0.346076 0.761843 -0.547565 0.173375 0.797850 0.068090 0.598998 0.207080 0.000000 0.000000 0.000000 1.000000
0.493626 -0.644174 -0.584272 1.467129 0.346076 0.761843 -0.547565 0.173375 0.797850 0.068090 0.598998 0.207080 0.000000 0.000000 0.000000 1.000000
0.493626 -0.644174 -0.584272 1.467129 0.346076 0.761843 -0.547565 0.173375 0.797850 0.068090 0.598998 0.207080 0.000000 0.000000 0.000000 1.000000
0.493626 -0.644174 -0.584272 1.467129 0.346076 0.761843 -0.547565 0.173375 0.797850 0.068090 0.598998 0.207080 0.000000 0.000000 0.000000 1.000000
0.493626 -0.644174 -0.584272 1.467129 0.346076 0.761843 -0.547565 0.173375 0.797850 0.068090 0.598998 0.207080 0.000000 0.000000 0.000000 1.000000
0.493626 -0.644174 -0.584272 1.467129 0.346076 0.761843 -0.547565 0.173375 0.797850 0.068090 0.598998 0.207080 0.000000 0.000000 0.000000 1.000000
0.493626 -0.644174 -0.584272 1.467129 0.346076 0.761843 -0.547565 0.173375 0.797850 0.068090 0.598998 0.207080 0.000000 0.000000 0.000000 1.000000
0.493626 -0.644174 -0.584272 1.467129 0.346076 0.761843 -0.547565 0.173375 0.797850 0.068090 0.598998 0.207080 0.000000 0.000000 0.000000 1.000000
0.493626 -0.644174 -0.584272 1.467129 0.346076 0.761843 -0.547565 0.173375 0.797850 0.068090 0.598998 0.207080 0.000000 0.000000 0.000000 1.000000
0.493626 -0.644174 -0.584272 1.467129 0.346076 0.761843 -0.547565 0.173375 0.797850 0.068090 0.598998 0.207080 0.000000 0.000000 0.000000 1.000000
0.493626 -0.644174 -0.584272 1.467129 0.346076 0.761843 -0.547565 0.173375 0.797850 0.068090 0.598998 0.207080 0.000000 0.000000 0.000000 1.000000
0.493626 -0.644174 -0.584272 1.467129 0.346076 0.761843 -0.547565 0.173375 0.797850 0.068090 0.598998 0.207080 0.000000 0.000000 0.000000 1.000000
0.493626 -0.644174 -0.584272 1.467129 0.346076 0.761843 -0.547565 0.173375 0.797850 0.068090 0.598998 0.207080 0.000000 0.000000 0.000000 1.000000
0.493626 -0.644174 -0.584272 1.467129 0.346076 0.761843 -0.547565 0.173375 0.797850 0.068090 0.598998 0.207080 0.000000 0.000000 0.000000 1.000000
0.493626 -0.644174 -0.584272 1.467129 0.346076 0.761843 -0.547565 0.173375 0.797850 0.068090 0.598998 0.207080 0.000000 0.000000 0.000000 1.000000
0.493626 -0.644174 -0.584272 1.467129 0.346076 0.761843 -0.547565 0.173375 0.797850 0.068090 0.598998 0.207080 0.000000 0.000000 0.000000 1.000000
0.493626 -0.644174 -0.584272 1.467129 0.346076 0.761843 -0.547565 0.173375 0.797850 0.068090 0.598998 0.207080 0.000000 0.000000 0.000000 1.000000
0.493626 -0.644174 -0.584272 1.467129 0.346076 0.761843 -0.547565 0.173375 0.797850 0.068090 0.598998 0.207080 0.000000 0.000000 0.000000 1.000000
0.493626 -0.644174 -0.584272 1.467129 0.346076 0.761843 -0.547565 0.173375 0.797850 0.068090 0.598998 0.207080 0.000000 0.000000 0.000000 1.000000
0.493626 -0.644174 -0.584272 1.467129 0.346076 0.761843 -0.547565 0.173375 0.797850 0.068090 0.598998 0.207080 0.000000 0.000000 0.000000 1.000000</float_array>
          <technique_common>
            <accessor source="#RB_LegTop-Matrix-animation-output-transform-array" count="76" stride="16">
              <param type="float4x4"/>
            </accessor>
          </technique_common>
        </source>
        <source id="RB_LegTop-Interpolations">
          <Name_array id="RB_LegTop-Interpolations-array" count="76">
 LINEAR LINEAR LINEAR LINEAR LINEAR LINEAR LINEAR LINEAR LINEAR LINEAR LINEAR
LINEAR LINEAR LINEAR LINEAR LINEAR LINEAR LINEAR LINEAR LINEAR LINEAR LINEAR LINEAR
LINEAR LINEAR LINEAR LINEAR LINEAR LINEAR LINEAR LINEAR LINEAR LINEAR LINEAR LINEAR
LINEAR LINEAR LINEAR LINEAR LINEAR LINEAR LINEAR LINEAR LINEAR LINEAR LINEAR LINEAR
LINEAR LINEAR LINEAR LINEAR LINEAR LINEAR LINEAR LINEAR LINEAR LINEAR LINEAR LINEAR
LINEAR LINEAR LINEAR LINEAR LINEAR LINEAR LINEAR LINEAR LINEAR LINEAR LINEAR LINEAR
LINEAR LINEAR LINEAR LINEAR LINEAR</Name_array>
          <technique_common>
            <accessor source="#RB_LegTop-Interpolations-array" count="76">
              <param type="name"/>
            </accessor>
          </technique_common>
        </source>
        <sampler id="RB_LegTop-Matrix-animation-transform">
          <input semantic="INPUT" source="#RB_LegTop-Matrix-animation-input"/>
          <input semantic="OUTPUT" source="#RB_LegTop-Matrix-animation-output-transform"/>
          <input semantic="INTERPOLATION" source="#RB_LegTop-Interpolations"/>
        </sampler>
        <channel source="#RB_LegTop-Matrix-animation-transform" target="RB_LegTop/matrix"/>
      </animation>
      <animation>
        <source id="RB_LegTop-visibility-animation-input">
          <float_array id="RB_LegTop-visibility-animation-input-array" count="7">

0.000000 0.500000 1.000000 1.233333 1.500000 2.000000 2.500000</float_array>
          <technique_common>
            <accessor source="#RB_LegTop-visibility-animation-input-array" count="7">
              <param name="TIME" type="float"/>
            </accessor>
          </technique_common>
        </source>
        <source id="RB_LegTop-visibility-animation-output">
          <float_array id="RB_LegTop-visibility-animation-output-array" count="7">

1.000000 1.000000 1.000000 1.000000 1.000000 1.000000 1.000000</float_array>
          <technique_common>
            <accessor source="#RB_LegTop-visibility-animation-output-array" count="7">
              <param type="float"/>
            </accessor>
          </technique_common>
        </source>
        <source id="RB_LegTop-visibility-animation-intan">
          <float_array id="RB_LegTop-visibility-animation-intan-array" count="7">

0.000000 0.000000 0.000000 0.000000 0.000000 0.000000 0.000000</float_array>
          <technique_common>
            <accessor source="#RB_LegTop-visibility-animation-intan-array" count="7">
              <param type="float"/>
            </accessor>
          </technique_common>
        </source>
        <source id="RB_LegTop-visibility-animation-outtan">
          <float_array id="RB_LegTop-visibility-animation-outtan-array" count="7">

0.000000 0.000000 0.000000 0.000000 0.000000 0.000000 0.000000</float_array>
          <technique_common>
            <accessor source="#RB_LegTop-visibility-animation-outtan-array" count="7">
              <param type="float"/>
            </accessor>
          </technique_common>
        </source>
        <source id="RB_LegTop-visibility-animation-interpolation">
          <Name_array id="RB_LegTop-visibility-animation-interpolation-array" count="7">
 STEP STEP STEP STEP STEP STEP STEP</Name_array>
          <technique_common>
            <accessor source="#RB_LegTop-visibility-animation-interpolation-array" count="7">
              <param type="name"/>
            </accessor>
          </technique_common>
        </source>
        <sampler id="RB_LegTop-visibility-animation">
          <input semantic="INPUT" source="#RB_LegTop-visibility-animation-input"/>
          <input semantic="OUTPUT" source="#RB_LegTop-visibility-animation-output"/>
          <input semantic="IN_TANGENT" source="#RB_LegTop-visibility-animation-intan"/>
          <input semantic="OUT_TANGENT" source="#RB_LegTop-visibility-animation-outtan"/>
          <input semantic="INTERPOLATION" source="#RB_LegTop-visibility-animation-interpolation"/>
        </sampler>
        <channel source="#RB_LegTop-visibility-animation" target="RB_LegTop/visibility"/>
      </animation>
    </animation>
    <animation id="RB_Knee1-anim" name="RB_Knee1">
      <animation>
        <source id="RB_Knee1-Matrix-animation-input">
          <float_array id="RB_Knee1-Matrix-animation-input-array" count="76">

0.000000 0.033333 0.066667 0.100000 0.133333 0.166667 0.200000 0.233333 0.266667 0.300000 0.333333 0.366667 0.400000 0.433333 0.466667 0.500000
0.533333 0.566667 0.600000 0.633333 0.666667 0.700000 0.733333 0.766667 0.800000 0.833333 0.866667 0.900000 0.933333 0.966667 1.000000 1.033333
1.066667 1.100000 1.133333 1.166667 1.200000 1.233333 1.266667 1.300000 1.333333 1.366667 1.400000 1.433333 1.466667 1.500000 1.533333 1.566667
1.600000 1.633333 1.666667 1.700000 1.733333 1.766667 1.800000 1.833333 1.866667 1.900000 1.933333 1.966667 2.000000 2.033333 2.066667 2.100000
2.133333 2.166667 2.200000 2.233333 2.266667 2.300000 2.333333 2.366667 2.400000 2.433333 2.466667 2.500000</float_array>
          <technique_common>
            <accessor source="#RB_Knee1-Matrix-animation-input-array" count="76">
              <param name="TIME" type="float"/>
            </accessor>
          </technique_common>
        </source>
        <source id="RB_Knee1-Matrix-animation-output-transform">
          <float_array id="RB_Knee1-Matrix-animation-output-transform-array" count="1216">

0.114377 -0.222720 0.968150 2.283646 0.026130 0.974882 0.221182 0.012635 -0.993094 0.000000 0.117324 0.025549 0.000000 0.000000 0.000000 1.000000
0.114377 -0.222720 0.968150 2.283646 0.026130 0.974882 0.221182 0.012635 -0.993094 0.000000 0.117324 0.025549 0.000000 0.000000 0.000000 1.000000
0.114377 -0.222720 0.968150 2.283646 0.026130 0.974882 0.221182 0.012635 -0.993094 0.000000 0.117324 0.025549 0.000000 0.000000 0.000000 1.000000
0.114377 -0.222720 0.968150 2.283646 0.026130 0.974882 0.221182 0.012635 -0.993094 0.000000 0.117324 0.025549 0.000000 0.000000 0.000000 1.000000
0.114377 -0.222720 0.968150 2.283646 0.026130 0.974882 0.221182 0.012635 -0.993094 0.000000 0.117324 0.025549 0.000000 0.000000 0.000000 1.000000
0.114377 -0.222720 0.968150 2.283646 0.026130 0.974882 0.221182 0.012635 -0.993094 0.000000 0.117324 0.025549 0.000000 0.000000 0.000000 1.000000
0.114377 -0.222720 0.968150 2.283646 0.026130 0.974882 0.221182 0.012635 -0.993094 0.000000 0.117324 0.025549 0.000000 0.000000 0.000000 1.000000
0.114377 -0.222720 0.968150 2.283646 0.026130 0.974882 0.221182 0.012635 -0.993094 0.000000 0.117324 0.025549 0.000000 0.000000 0.000000 1.000000
0.114377 -0.222720 0.968150 2.283646 0.026130 0.974882 0.221182 0.012635 -0.993094 0.000000 0.117324 0.025549 0.000000 0.000000 0.000000 1.000000
0.114377 -0.222720 0.968150 2.283646 0.026130 0.974882 0.221182 0.012635 -0.993094 0.000000 0.117324 0.025549 0.000000 0.000000 0.000000 1.000000
0.114377 -0.222720 0.968150 2.283646 0.026130 0.974882 0.221182 0.012635 -0.993094 0.000000 0.117324 0.025549 0.000000 0.000000 0.000000 1.000000
0.114377 -0.222720 0.968150 2.283646 0.026130 0.974882 0.221182 0.012635 -0.993094 0.000000 0.117324 0.025549 0.000000 0.000000 0.000000 1.000000
0.114377 -0.222720 0.968150 2.283646 0.026130 0.974882 0.221182 0.012635 -0.993094 0.000000 0.117324 0.025549 0.000000 0.000000 0.000000 1.000000
0.114377 -0.222720 0.968150 2.283646 0.026130 0.974882 0.221182 0.012635 -0.993094 0.000000 0.117324 0.025549 0.000000 0.000000 0.000000 1.000000
0.114377 -0.222720 0.968150 2.283646 0.026130 0.974882 0.221182 0.012635 -0.993094 0.000000 0.117324 0.025549 0.000000 0.000000 0.000000 1.000000
0.114377 -0.222720 0.968150 2.283646 0.026130 0.974882 0.221182 0.012635 -0.993094 0.000000 0.117324 0.025549 0.000000 0.000000 0.000000 1.000000
0.114377 -0.222720 0.968150 2.283646 0.026130 0.974882 0.221182 0.012635 -0.993094 0.000000 0.117324 0.025549 0.000000 0.000000 0.000000 1.000000
0.114377 -0.222720 0.968150 2.283646 0.026130 0.974882 0.221182 0.012635 -0.993094 0.000000 0.117324 0.025549 0.000000 0.000000 0.000000 1.000000
0.114377 -0.222720 0.968150 2.283646 0.026130 0.974882 0.221182 0.012635 -0.993094 0.000000 0.117324 0.025549 0.000000 0.000000 0.000000 1.000000
0.114377 -0.222720 0.968150 2.283646 0.026130 0.974882 0.221182 0.012635 -0.993094 0.000000 0.117324 0.025549 0.000000 0.000000 0.000000 1.000000
0.114377 -0.222720 0.968150 2.283646 0.026130 0.974882 0.221182 0.012635 -0.993094 0.000000 0.117324 0.025549 0.000000 0.000000 0.000000 1.000000
0.114377 -0.222720 0.968150 2.283646 0.026130 0.974882 0.221182 0.012635 -0.993094 0.000000 0.117324 0.025549 0.000000 0.000000 0.000000 1.000000
0.114377 -0.222720 0.968150 2.283646 0.026130 0.974882 0.221182 0.012635 -0.993094 0.000000 0.117324 0.025549 0.000000 0.000000 0.000000 1.000000
0.114377 -0.222720 0.968150 2.283646 0.026130 0.974882 0.221182 0.012635 -0.993094 0.000000 0.117324 0.025549 0.000000 0.000000 0.000000 1.000000
0.114377 -0.222720 0.968150 2.283646 0.026130 0.974882 0.221182 0.012635 -0.993094 0.000000 0.117324 0.025549 0.000000 0.000000 0.000000 1.000000
0.114377 -0.222720 0.968150 2.283646 0.026130 0.974882 0.221182 0.012635 -0.993094 0.000000 0.117324 0.025549 0.000000 0.000000 0.000000 1.000000
0.114377 -0.222720 0.968150 2.283646 0.026130 0.974882 0.221182 0.012635 -0.993094 0.000000 0.117324 0.025549 0.000000 0.000000 0.000000 1.000000
0.114377 -0.222720 0.968150 2.283646 0.026130 0.974882 0.221182 0.012635 -0.993094 0.000000 0.117324 0.025549 0.000000 0.000000 0.000000 1.000000
0.114377 -0.222720 0.968150 2.283646 0.026130 0.974882 0.221182 0.012635 -0.993094 0.000000 0.117324 0.025549 0.000000 0.000000 0.000000 1.000000
