<?xml version="1.0" encoding="utf-8"?>
<COLLADA xmlns="http://www.collada.org/2005/11/COLLADASchema" version="1.4.1">
  <asset>
    <contributor>
      <authoring_tool>FBX COLLADA exporter</authoring_tool>
    </contributor>
    <created>2020-05-06T18:53:41Z</created>
    <modified>2020-05-06T18:53:41Z</modified>
    <unit meter="0.010000" name="centimeter"/>
    <up_axis>Y_UP</up_axis>
  </asset>
  <library_animations>
    <animation id="Hip-anim" name="Hip">
      <animation>
        <source id="Hip-Matrix-animation-input">
          <float_array id="Hip-Matrix-animation-input-array" count="21">

0.000000 0.033333 0.066667 0.100000 0.133333 0.166667 0.200000 0.233333 0.266667 0.300000 0.333333 0.366667 0.400000 0.433333 0.466667 0.500000
0.533333 0.566667 0.600000 0.633333 0.666667</float_array>
          <technique_common>
            <accessor source="#Hip-Matrix-animation-input-array" count="21">
              <param name="TIME" type="float"/>
            </accessor>
          </technique_common>
        </source>
        <source id="Hip-Matrix-animation-output-transform">
          <float_array id="Hip-Matrix-animation-output-transform-array" count="336">

-0.654328 0.756211 0.000000 -0.320674 -0.595831 -0.515555 -0.615783 5.277692 -0.465662 -0.402924 0.787916 -0.128590 0.000000 0.000000 0.000000 1.000000
-0.654328 0.756211 0.000000 -0.320674 -0.595831 -0.515555 -0.615783 5.264033 -0.465662 -0.402924 0.787916 -0.156022 0.000000 0.000000 0.000000 1.000000
-0.654328 0.756211 0.000000 -0.320674 -0.595831 -0.515555 -0.615783 5.228810 -0.465662 -0.402924 0.787916 -0.226769 0.000000 0.000000 0.000000 1.000000
-0.654328 0.756211 0.000000 -0.320674 -0.595831 -0.515555 -0.615783 5.180646 -0.465662 -0.402924 0.787916 -0.323504 0.000000 0.000000 0.000000 1.000000
-0.654328 0.756211 0.000000 -0.320674 -0.595831 -0.515555 -0.615783 5.128170 -0.465662 -0.402924 0.787916 -0.428902 0.000000 0.000000 0.000000 1.000000
-0.654328 0.756211 0.000000 -0.320674 -0.595831 -0.515555 -0.615783 5.080006 -0.465662 -0.402924 0.787916 -0.525638 0.000000 0.000000 0.000000 1.000000
-0.654328 0.756211 0.000000 -0.320674 -0.595831 -0.515555 -0.615783 5.044783 -0.465662 -0.402924 0.787916 -0.596384 0.000000 0.000000 0.000000 1.000000
-0.654328 0.756211 0.000000 -0.320674 -0.595831 -0.515555 -0.615783 5.031124 -0.465662 -0.402924 0.787916 -0.623817 0.000000 0.000000 0.000000 1.000000
-0.654328 0.756211 0.000000 -0.320674 -0.595831 -0.515555 -0.615783 5.035277 -0.465662 -0.402924 0.787916 -0.615476 0.000000 0.000000 0.000000 1.000000
-0.654328 0.756211 0.000000 -0.320674 -0.595831 -0.515555 -0.615783 5.046836 -0.465662 -0.402924 0.787916 -0.592259 0.000000 0.000000 0.000000 1.000000
-0.654328 0.756211 0.000000 -0.320674 -0.595831 -0.515555 -0.615783 5.064456 -0.465662 -0.402924 0.787916 -0.556870 0.000000 0.000000 0.000000 1.000000
-0.654328 0.756211 0.000000 -0.320674 -0.595831 -0.515555 -0.615783 5.086790 -0.465662 -0.402924 0.787916 -0.512013 0.000000 0.000000 0.000000 1.000000
-0.654328 0.756211 0.000000 -0.320674 -0.595831 -0.515555 -0.615783 5.112491 -0.465662 -0.402924 0.787916 -0.460394 0.000000 0.000000 0.000000 1.000000
-0.654328 0.756211 0.000000 -0.320674 -0.595831 -0.515555 -0.615783 5.140211 -0.465662 -0.402924 0.787916 -0.404718 0.000000 0.000000 0.000000 1.000000
-0.654328 0.756211 0.000000 -0.320674 -0.595831 -0.515555 -0.615783 5.168605 -0.465662 -0.402924 0.787916 -0.347689 0.000000 0.000000 0.000000 1.000000
-0.654328 0.756211 0.000000 -0.320674 -0.595831 -0.515555 -0.615783 5.196325 -0.465662 -0.402924 0.787916 -0.292012 0.000000 0.000000 0.000000 1.000000
-0.654328 0.756211 0.000000 -0.320674 -0.595831 -0.515555 -0.615783 5.222026 -0.465662 -0.402924 0.787916 -0.240393 0.000000 0.000000 0.000000 1.000000
-0.654328 0.756211 0.000000 -0.320674 -0.595831 -0.515555 -0.615783 5.244360 -0.465662 -0.402924 0.787916 -0.195537 0.000000 0.000000 0.000000 1.000000
-0.654328 0.756211 0.000000 -0.320674 -0.595831 -0.515555 -0.615783 5.261980 -0.465662 -0.402924 0.787916 -0.160147 0.000000 0.000000 0.000000 1.000000
-0.654328 0.756211 0.000000 -0.320674 -0.595831 -0.515555 -0.615783 5.273539 -0.465662 -0.402924 0.787916 -0.136930 0.000000 0.000000 0.000000 1.000000
-0.654328 0.756211 0.000000 -0.320674 -0.595831 -0.515555 -0.615783 5.277692 -0.465662 -0.402924 0.787916 -0.128590 0.000000 0.000000 0.000000 1.000000</float_array>
          <technique_common>
            <accessor source="#Hip-Matrix-animation-output-transform-array" count="21" stride="16">
              <param type="float4x4"/>
            </accessor>
          </technique_common>
        </source>
        <source id="Hip-Interpolations">
          <Name_array id="Hip-Interpolations-array" count="21">
 LINEAR LINEAR LINEAR LINEAR LINEAR LINEAR LINEAR LINEAR LINEAR LINEAR LINEAR
LINEAR LINEAR LINEAR LINEAR LINEAR LINEAR LINEAR LINEAR LINEAR LINEAR</Name_array>
          <technique_common>
            <accessor source="#Hip-Interpolations-array" count="21">
              <param type="name"/>
            </accessor>
          </technique_common>
        </source>
        <sampler id="Hip-Matrix-animation-transform">
          <input semantic="INPUT" source="#Hip-Matrix-animation-input"/>
          <input semantic="OUTPUT" source="#Hip-Matrix-animation-output-transform"/>
          <input semantic="INTERPOLATION" source="#Hip-Interpolations"/>
        </sampler>
        <channel source="#Hip-Matrix-animation-transform" target="Hip/matrix"/>
      </animation>
      <animation>
        <source id="Hip-visibility-animation-input">
          <float_array id="Hip-visibility-animation-input-array" count="3">

0.000000 0.233333 0.666667</float_array>
          <technique_common>
            <accessor source="#Hip-visibility-animation-input-array" count="3">
              <param name="TIME" type="float"/>
            </accessor>
          </technique_common>
        </source>
        <source id="Hip-visibility-animation-output">
          <float_array id="Hip-visibility-animation-output-array" count="3">

1.000000 1.000000 1.000000</float_array>
          <technique_common>
            <accessor source="#Hip-visibility-animation-output-array" count="3">
              <param type="float"/>
            </accessor>
          </technique_common>
        </source>
        <source id="Hip-visibility-animation-intan">
          <float_array id="Hip-visibility-animation-intan-array" count="3">

0.000000 0.000000 0.000000</float_array>
          <technique_common>
            <accessor source="#Hip-visibility-animation-intan-array" count="3">
              <param type="float"/>
            </accessor>
          </technique_common>
        </source>
        <source id="Hip-visibility-animation-outtan">
          <float_array id="Hip-visibility-animation-outtan-array" count="3">

0.000000 0.000000 0.000000</float_array>
          <technique_common>
            <accessor source="#Hip-visibility-animation-outtan-array" count="3">
              <param type="float"/>
            </accessor>
          </technique_common>
        </source>
        <source id="Hip-visibility-animation-interpolation">
          <Name_array id="Hip-visibility-animation-interpolation-array" count="3">
 STEP STEP STEP</Name_array>
          <technique_common>
            <accessor source="#Hip-visibility-animation-interpolation-array" count="3">
              <param type="name"/>
            </accessor>
          </technique_common>
        </source>
        <sampler id="Hip-visibility-animation">
          <input semantic="INPUT" source="#Hip-visibility-animation-input"/>
          <input semantic="OUTPUT" source="#Hip-visibility-animation-output"/>
          <input semantic="IN_TANGENT" source="#Hip-visibility-animation-intan"/>
          <input semantic="OUT_TANGENT" source="#Hip-visibility-animation-outtan"/>
          <input semantic="INTERPOLATION" source="#Hip-visibility-animation-interpolation"/>
        </sampler>
        <channel source="#Hip-visibility-animation" target="Hip/visibility"/>
      </animation>
    </animation>
    <animation id="RB_LegTop-anim" name="RB_LegTop">
      <animation>
        <source id="RB_LegTop-Matrix-animation-input">
          <float_array id="RB_LegTop-Matrix-animation-input-array" count="21">

0.000000 0.033333 0.066667 0.100000 0.133333 0.166667 0.200000 0.233333 0.266667 0.300000 0.333333 0.366667 0.400000 0.433333 0.466667 0.500000
0.533333 0.566667 0.600000 0.633333 0.666667</float_array>
          <technique_common>
            <accessor source="#RB_LegTop-Matrix-animation-input-array" count="21">
              <param name="TIME" type="float"/>
            </accessor>
          </technique_common>
        </source>
        <source id="RB_LegTop-Matrix-animation-output-transform">
          <float_array id="RB_LegTop-Matrix-animation-output-transform-array" count="336">

0.639333 -0.529182 -0.557871 1.467129 0.258820 0.831281 -0.491918 0.173375 0.724062 0.170112 0.668429 0.207080 0.000000 0.000000 0.000000 1.000000
0.636003 -0.529182 -0.561664 1.467129 0.255889 0.831281 -0.493449 0.173375 0.728025 0.170112 0.664109 0.207080 0.000000 0.000000 0.000000 1.000000
0.627311 -0.529182 -0.571355 1.467129 0.248288 0.831281 -0.497317 0.173375 0.738128 0.170112 0.652862 0.207080 0.000000 0.000000 0.000000 1.000000
0.615188 -0.529182 -0.584389 1.467129 0.237802 0.831281 -0.502416 0.173375 0.751661 0.170112 0.637235 0.207080 0.000000 0.000000 0.000000 1.000000
0.601671 -0.529182 -0.598296 1.467129 0.226257 0.831281 -0.507720 0.173375 0.766028 0.170112 0.619889 0.207080 0.000000 0.000000 0.000000 1.000000
0.588989 -0.529182 -0.610786 1.467129 0.215557 0.831281 -0.512354 0.173375 0.778863 0.170112 0.603684 0.207080 0.000000 0.000000 0.000000 1.000000
0.579549 -0.529182 -0.619750 1.467129 0.207671 0.831281 -0.515601 0.173375 0.788033 0.170112 0.591664 0.207080 0.000000 0.000000 0.000000 1.000000
0.575851 -0.529182 -0.623187 1.467129 0.204600 0.831281 -0.516827 0.173375 0.791539 0.170112 0.586965 0.207080 0.000000 0.000000 0.000000 1.000000
0.576978 -0.529182 -0.622144 1.467129 0.205534 0.831281 -0.516456 0.173375 0.790476 0.170112 0.588396 0.207080 0.000000 0.000000 0.000000 1.000000
0.580103 -0.529182 -0.619231 1.467129 0.208132 0.831281 -0.515415 0.173375 0.787504 0.170112 0.592368 0.207080 0.000000 0.000000 0.000000 1.000000
0.584838 -0.529182 -0.614761 1.467129 0.212081 0.831281 -0.513802 0.173375 0.782934 0.170112 0.598395 0.207080 0.000000 0.000000 0.000000 1.000000
0.590791 -0.529182 -0.609043 1.467129 0.217069 0.831281 -0.511715 0.173375 0.777076 0.170112 0.605982 0.207080 0.000000 0.000000 0.000000 1.000000
0.597571 -0.529182 -0.602391 1.467129 0.222784 0.831281 -0.509253 0.173375 0.770244 0.170112 0.614643 0.207080 0.000000 0.000000 0.000000 1.000000
0.604801 -0.529182 -0.595132 1.467129 0.228916 0.831281 -0.506526 0.173375 0.762767 0.170112 0.623898 0.207080 0.000000 0.000000 0.000000 1.000000
0.612115 -0.529182 -0.587607 1.467129 0.235163 0.831281 -0.503656 0.173375 0.754993 0.170112 0.633284 0.207080 0.000000 0.000000 0.000000 1.000000
0.619165 -0.529182 -0.580174 1.467129 0.241227 0.831281 -0.500780 0.173375 0.747291 0.170112 0.642353 0.207080 0.000000 0.000000 0.000000 1.000000
0.625620 -0.529182 -0.573206 1.467129 0.246818 0.831281 -0.498049 0.173375 0.740054 0.170112 0.650678 0.207080 0.000000 0.000000 0.000000 1.000000
0.631167 -0.529182 -0.567094 1.467129 0.251651 0.831281 -0.495624 0.173375 0.733689 0.170112 0.657846 0.207080 0.000000 0.000000 0.000000 1.000000
0.635500 -0.529182 -0.562233 1.467129 0.255447 0.831281 -0.493678 0.173375 0.728619 0.170112 0.663458 0.207080 0.000000 0.000000 0.000000 1.000000
0.638323 -0.529182 -0.559026 1.467129 0.257930 0.831281 -0.492386 0.173375 0.725269 0.170112 0.667118 0.207080 0.000000 0.000000 0.000000 1.000000
0.639333 -0.529182 -0.557871 1.467129 0.258820 0.831281 -0.491918 0.173375 0.724062 0.170112 0.668429 0.207080 0.000000 0.000000 0.000000 1.000000</float_array>
          <technique_common>
            <accessor source="#RB_LegTop-Matrix-animation-output-transform-array" count="21" stride="16">
              <param type="float4x4"/>
            </accessor>
          </technique_common>
        </source>
        <source id="RB_LegTop-Interpolations">
          <Name_array id="RB_LegTop-Interpolations-array" count="21">
 LINEAR LINEAR LINEAR LINEAR LINEAR LINEAR LINEAR LINEAR LINEAR LINEAR LINEAR
LINEAR LINEAR LINEAR LINEAR LINEAR LINEAR LINEAR LINEAR LINEAR LINEAR</Name_array>
          <technique_common>
            <accessor source="#RB_LegTop-Interpolations-array" count="21">
              <param type="name"/>
            </accessor>
          </technique_common>
        </source>
        <sampler id="RB_LegTop-Matrix-animation-transform">
          <input semantic="INPUT" source="#RB_LegTop-Matrix-animation-input"/>
          <input semantic="OUTPUT" source="#RB_LegTop-Matrix-animation-output-transform"/>
          <input semantic="INTERPOLATION" source="#RB_LegTop-Interpolations"/>
        </sampler>
        <channel source="#RB_LegTop-Matrix-animation-transform" target="RB_LegTop/matrix"/>
      </animation>
      <animation>
        <source id="RB_LegTop-visibility-animation-input">
          <float_array id="RB_LegTop-visibility-animation-input-array" count="3">

0.000000 0.233333 0.666667</float_array>
          <technique_common>
            <accessor source="#RB_LegTop-visibility-animation-input-array" count="3">
              <param name="TIME" type="float"/>
            </accessor>
          </technique_common>
        </source>
        <source id="RB_LegTop-visibility-animation-output">
          <float_array id="RB_LegTop-visibility-animation-output-array" count="3">

1.000000 1.000000 1.000000</float_array>
          <technique_common>
            <accessor source="#RB_LegTop-visibility-animation-output-array" count="3">
              <param type="float"/>
            </accessor>
          </technique_common>
        </source>
        <source id="RB_LegTop-visibility-animation-intan">
          <float_array id="RB_LegTop-visibility-animation-intan-array" count="3">

0.000000 0.000000 0.000000</float_array>
          <technique_common>
            <accessor source="#RB_LegTop-visibility-animation-intan-array" count="3">
              <param type="float"/>
            </accessor>
          </technique_common>
        </source>
        <source id="RB_LegTop-visibility-animation-outtan">
          <float_array id="RB_LegTop-visibility-animation-outtan-array" count="3">

0.000000 0.000000 0.000000</float_array>
          <technique_common>
            <accessor source="#RB_LegTop-visibility-animation-outtan-array" count="3">
              <param type="float"/>
            </accessor>
          </technique_common>
        </source>
        <source id="RB_LegTop-visibility-animation-interpolation">
          <Name_array id="RB_LegTop-visibility-animation-interpolation-array" count="3">
 STEP STEP STEP</Name_array>
          <technique_common>
            <accessor source="#RB_LegTop-visibility-animation-interpolation-array" count="3">
              <param type="name"/>
            </accessor>
          </technique_common>
        </source>
        <sampler id="RB_LegTop-visibility-animation">
          <input semantic="INPUT" source="#RB_LegTop-visibility-animation-input"/>
          <input semantic="OUTPUT" source="#RB_LegTop-visibility-animation-output"/>
          <input semantic="IN_TANGENT" source="#RB_LegTop-visibility-animation-intan"/>
          <input semantic="OUT_TANGENT" source="#RB_LegTop-visibility-animation-outtan"/>
          <input semantic="INTERPOLATION" source="#RB_LegTop-visibility-animation-interpolation"/>
        </sampler>
        <channel source="#RB_LegTop-visibility-animation" target="RB_LegTop/visibility"/>
      </animation>
    </animation>
    <animation id="RB_Knee1-anim" name="RB_Knee1">
      <animation>
        <source id="RB_Knee1-Matrix-animation-input">
          <float_array id="RB_Knee1-Matrix-animation-input-array" count="21">

0.000000 0.033333 0.066667 0.100000 0.133333 0.166667 0.200000 0.233333 0.266667 0.300000 0.333333 0.366667 0.400000 0.433333 0.466667 0.500000
0.533333 0.566667 0.600000 0.633333 0.666667</float_array>
          <technique_common>
            <accessor source="#RB_Knee1-Matrix-animation-input-array" count="21">
              <param name="TIME" type="float"/>
            </accessor>
          </technique_common>
        </source>
        <source id="RB_Knee1-Matrix-animation-output-transform">
          <float_array id="RB_Knee1-Matrix-animation-output-transform-array" count="336">

0.114377 -0.222720 0.968150 2.283646 0.026130 0.974882 0.221182 0.012635 -0.993094 0.000000 0.117324 0.025549 0.000000 0.000000 0.000000 1.000000
0.105313 -0.222720 0.969178 2.283646 0.024060 0.974882 0.221417 0.012635 -0.994148 0.000000 0.108026 0.025549 0.000000 0.000000 0.000000 1.000000
0.081895 -0.222720 0.971437 2.283646 0.018710 0.974882 0.221933 0.012635 -0.996465 0.000000 0.084005 0.025549 0.000000 0.000000 0.000000 1.000000
0.049800 -0.222720 0.973610 2.283646 0.011377 0.974882 0.222429 0.012635 -0.998694 0.000000 0.051083 0.025549 0.000000 0.000000 0.000000 1.000000
0.014770 -0.222720 0.974771 2.283646 0.003374 0.974882 0.222694 0.012635 -0.999885 0.000000 0.015150 0.025549 0.000000 0.000000 0.000000 1.000000
-0.017399 -0.222720 0.974727 2.283646 -0.003975 0.974882 0.222684 0.012635 -0.999841 0.000000 -0.017847 0.025549 0.000000 0.000000 0.000000 1.000000
-0.040915 -0.222720 0.974024 2.283646 -0.009347 0.974882 0.222524 0.012635 -0.999119 -0.000000 -0.041969 0.025549 0.000000 0.000000 0.000000 1.000000
-0.050028 -0.222720 0.973598 2.283646 -0.011429 0.974882 0.222426 0.012635 -0.998682 0.000000 -0.051317 0.025549 0.000000 0.000000 0.000000 1.000000
-0.047258 -0.222720 0.973736 2.283646 -0.010796 0.974882 0.222458 0.012635 -0.998824 -0.000000 -0.048476 0.025549 0.000000 0.000000 0.000000 1.000000
-0.039544 -0.222720 0.974080 2.283646 -0.009034 0.974882 0.222537 0.012635 -0.999177 0.000000 -0.040563 0.025549 0.000000 0.000000 0.000000 1.000000
-0.027783 -0.222720 0.974487 2.283646 -0.006347 0.974882 0.222629 0.012635 -0.999594 0.000000 -0.028498 0.025549 0.000000 0.000000 0.000000 1.000000
-0.012869 -0.222720 0.974798 2.283646 -0.002940 0.974882 0.222700 0.012635 -0.999913 -0.000000 -0.013200 0.025549 0.000000 0.000000 0.000000 1.000000
0.004297 -0.222720 0.974873 2.283646 0.000982 0.974882 0.222718 0.012635 -0.999990 0.000000 0.004408 0.025549 0.000000 0.000000 0.000000 1.000000
0.022811 -0.222720 0.974616 2.283646 0.005211 0.974882 0.222659 0.012635 -0.999726 0.000000 0.023399 0.025549 0.000000 0.000000 0.000000 1.000000
0.041766 -0.222720 0.973987 2.283646 0.009542 0.974882 0.222516 0.012635 -0.999082 0.000000 0.042842 0.025549 0.000000 0.000000 0.000000 1.000000
0.060256 -0.222720 0.973019 2.283646 0.013766 0.974882 0.222294 0.012635 -0.998088 0.000000 0.061808 0.025549 0.000000 0.000000 0.000000 1.000000
0.077379 -0.222720 0.971807 2.283646 0.017678 0.974882 0.222017 0.012635 -0.996845 0.000000 0.079372 0.025549 0.000000 0.000000 0.000000 1.000000
0.092240 -0.222720 0.970509 2.283646 0.021073 0.974882 0.221721 0.012635 -0.995514 0.000000 0.094616 0.025549 0.000000 0.000000 0.000000 1.000000
0.103949 -0.222720 0.969325 2.283646 0.023748 0.974882 0.221450 0.012635 -0.994299 0.000000 0.106627 0.025549 0.000000 0.000000 0.000000 1.000000
0.111623 -0.222720 0.968471 2.283646 0.025501 0.974882 0.221255 0.012635 -0.993423 0.000000 0.114498 0.025549 0.000000 0.000000 0.000000 1.000000
0.114377 -0.222720 0.968150 2.283646 0.026130 0.974882 0.221182 0.012635 -0.993094 0.000000 0.117324 0.025549 0.000000 0.000000 0.000000 1.000000</float_array>
          <technique_common>
            <accessor source="#RB_Knee1-Matrix-animation-output-transform-array" count="21" stride="16">
              <param type="float4x4"/>
            </accessor>
          </technique_common>
        </source>
        <source id="RB_Knee1-Interpolations">
          <Name_array id="RB_Knee1-Interpolations-array" count="21">
 LINEAR LINEAR LINEAR LINEAR LINEAR LINEAR LINEAR LINEAR LINEAR LINEAR LINEAR
LINEAR LINEAR LINEAR LINEAR LINEAR LINEAR LINEAR LINEAR LINEAR LINEAR</Name_array>
          <technique_common>
            <accessor source="#RB_Knee1-Interpolations-array" count="21">
              <param type="name"/>
            </accessor>
          </technique_common>
        </source>
        <sampler id="RB_Knee1-Matrix-animation-transform">
          <input semantic="INPUT" source="#RB_Knee1-Matrix-animation-input"/>
          <input semantic="OUTPUT" source="#RB_Knee1-Matrix-animation-output-transform"/>
          <input semantic="INTERPOLATION" source="#RB_Knee1-Interpolations"/>
        </sampler>
        <channel source="#RB_Knee1-Matrix-animation-transform" target="RB_Knee1/matrix"/>
      </animation>
      <animation>
        <source id="RB_Knee1-visibility-animation-input">
          <float_array id="RB_Knee1-visibility-animation-input-array" count="3">

0.000000 0.233333 0.666667</float_array>
          <technique_common>
            <accessor source="#RB_Knee1-visibility-animation-input-array" count="3">
              <param name="TIME" type="float"/>
            </accessor>
          </technique_common>
        </source>
        <source id="RB_Knee1-visibility-animation-output">
          <float_array id="RB_Knee1-visibility-animation-output-array" count="3">

1.000000 1.000000 1.000000</float_array>
          <technique_common>
            <accessor source="#RB_Knee1-visibility-animation-output-array" count="3">
              <param type="float"/>
            </accessor>
          </technique_common>
        </source>
        <source id="RB_Knee1-visibility-animation-intan">
          <float_array id="RB_Knee1-visibility-animation-intan-array" count="3">

0.000000 0.000000 0.000000</float_array>
          <technique_common>
            <accessor source="#RB_Knee1-visibility-animation-intan-array" count="3">
              <param type="float"/>
            </accessor>
          </technique_common>
        </source>
        <source id="RB_Knee1-visibility-animation-outtan">
          <float_array id="RB_Knee1-visibility-animation-outtan-array" count="3">

0.000000 0.000000 0.000000</float_array>
          <technique_common>
            <accessor source="#RB_Knee1-visibility-animation-outtan-array" count="3">
              <param type="float"/>
            </accessor>
          </technique_common>
        </source>
        <source id="RB_Knee1-visibility-animation-interpolation">
          <Name_array id="RB_Knee1-visibility-animation-interpolation-array" count="3">
 STEP STEP STEP</Name_array>
          <technique_common>
            <accessor source="#RB_Knee1-visibility-animation-interpolation-array" count="3">
              <param type="name"/>
            </accessor>
          </technique_common>
        </source>
        <sampler id="RB_Knee1-visibility-animation">
          <input semantic="INPUT" source="#RB_Knee1-visibility-animation-input"/>
          <input semantic="OUTPUT" source="#RB_Knee1-visibility-animation-output"/>
          <input semantic="IN_TANGENT" source="#RB_Knee1-visibility-animation-intan"/>
          <input semantic="OUT_TANGENT" source="#RB_Knee1-visibility-animation-outtan"/>
          <input semantic="INTERPOLATION" source="#RB_Knee1-visibility-animation-interpolation"/>
        </sampler>
        <channel source="#RB_Knee1-visibility-animation" target="RB_Knee1/visibility"/>
      </animation>
    </animation>
    <animation id="RB_Knee2-anim" name="RB_Knee2">
      <animation>
        <source id="RB_Knee2-Matrix-animation-input">
          <float_array id="RB_Knee2-Matrix-animation-input-array" count="21">

0.000000 0.033333 0.066667 0.100000 0.133333 0.166667 0.200000 0.233333 0.266667 0.300000 0.333333 0.366667 0.400000 0.433333 0.466667 0.500000
0.533333 0.566667 0.600000 0.633333 0.666667</float_array>
          <technique_common>
            <accessor source="#RB_Knee2-Matrix-animation-input-array" count="21">
              <param name="TIME" type="float"/>
            </accessor>
          </technique_common>
        </source>
        <source id="RB_Knee2-Matrix-animation-output-transform">
          <float_array id="RB_Knee2-Matrix-animation-output-transform-array" count="336">

0.306705 0.018880 -0.951617 1.566185 -0.061440 0.998111 -0.000000 0.084060 0.949819 0.058467 0.307286 -0.081977 0.000000 0.000000 0.000000 1.000000
0.298705 0.018880 -0.954159 1.566185 -0.061438 0.998111 0.000516 0.084060 0.952366 0.058467 0.299300 -0.081977 0.000000 0.000000 0.000000 1.000000
0.277976 0.018880 -0.960403 1.566185 -0.061412 0.998111 0.001846 0.084060 0.958623 0.058467 0.278610 -0.081977 0.000000 0.000000 0.000000 1.000000
0.249423 0.018880 -0.968211 1.566185 -0.061331 0.998111 0.003663 0.084060 0.966451 0.058467 0.250109 -0.081977 0.000000 0.000000 0.000000 1.000000
0.218065 0.018880 -0.975752 1.566185 -0.061180 0.998111 0.005639 0.084060 0.974015 0.058467 0.218808 -0.081977 0.000000 0.000000 0.000000 1.000000
0.189084 0.018880 -0.981779 1.566185 -0.060987 0.998111 0.007448 0.084060 0.980065 0.058467 0.189878 -0.081977 0.000000 0.000000 0.000000 1.000000
0.167783 0.018880 -0.985643 1.566185 -0.060811 0.998111 0.008767 0.084060 0.983947 0.058467 0.168614 -0.081977 0.000000 0.000000 0.000000 1.000000
0.159502 0.018880 -0.987017 1.566185 -0.060735 0.998111 0.009277 0.084060 0.985328 0.058467 0.160347 -0.081977 0.000000 0.000000 0.000000 1.000000
0.162020 0.018880 -0.986607 1.566185 -0.060759 0.998111 0.009122 0.084060 0.984915 0.058467 0.162861 -0.081977 0.000000 0.000000 0.000000 1.000000
0.169027 0.018880 -0.985431 1.566185 -0.060822 0.998111 0.008690 0.084060 0.983733 0.058467 0.169856 -0.081977 0.000000 0.000000 0.000000 1.000000
0.179691 0.018880 -0.983542 1.566185 -0.060913 0.998111 0.008031 0.084060 0.981835 0.058467 0.180501 -0.081977 0.000000 0.000000 0.000000 1.000000
0.193177 0.018880 -0.980982 1.566185 -0.061017 0.998111 0.007194 0.084060 0.979265 0.058467 0.193964 -0.081977 0.000000 0.000000 0.000000 1.000000
0.208650 0.018880 -0.977808 1.566185 -0.061123 0.998111 0.006229 0.084060 0.976078 0.058467 0.209410 -0.081977 0.000000 0.000000 0.000000 1.000000
0.225282 0.018880 -0.974111 1.566185 -0.061221 0.998111 0.005186 0.084060 0.972368 0.058467 0.226012 -0.081977 0.000000 0.000000 0.000000 1.000000
0.242249 0.018880 -0.970030 1.566185 -0.061302 0.998111 0.004117 0.084060 0.968275 0.058467 0.242949 -0.081977 0.000000 0.000000 0.000000 1.000000
0.258743 0.018880 -0.965762 1.566185 -0.061363 0.998111 0.003072 0.084060 0.963995 0.058467 0.259413 -0.081977 0.000000 0.000000 0.000000 1.000000
0.273968 0.018880 -0.961553 1.566185 -0.061404 0.998111 0.002102 0.084060 0.959776 0.058467 0.274610 -0.081977 0.000000 0.000000 0.000000 1.000000
0.287143 0.018880 -0.957702 1.566185 -0.061427 0.998111 0.001259 0.084060 0.955916 0.058467 0.287761 -0.081977 0.000000 0.000000 0.000000 1.000000
0.297500 0.018880 -0.954535 1.566185 -0.061437 0.998111 0.000593 0.084060 0.952743 0.058467 0.298098 -0.081977 0.000000 0.000000 0.000000 1.000000
0.304275 0.018880 -0.952397 1.566185 -0.061440 0.998111 0.000157 0.084060 0.950601 0.058467 0.304860 -0.081977 0.000000 0.000000 0.000000 1.000000
0.306705 0.018880 -0.951617 1.566185 -0.061440 0.998111 -0.000000 0.084060 0.949819 0.058467 0.307286 -0.081977 0.000000 0.000000 0.000000 1.000000</float_array>
          <technique_common>
            <accessor source="#RB_Knee2-Matrix-animation-output-transform-array" count="21" stride="16">
              <param type="float4x4"/>
            </accessor>
          </technique_common>
        </source>
        <source id="RB_Knee2-Interpolations">
          <Name_array id="RB_Knee2-Interpolations-array" count="21">
 LINEAR LINEAR LINEAR LINEAR LINEAR LINEAR LINEAR LINEAR LINEAR LINEAR LINEAR
LINEAR LINEAR LINEAR LINEAR LINEAR LINEAR LINEAR LINEAR LINEAR LINEAR</Name_array>
          <technique_common>
            <accessor source="#RB_Knee2-Interpolations-array" count="21">
              <param type="name"/>
            </accessor>
          </technique_common>
        </source>
        <sampler id="RB_Knee2-Matrix-animation-transform">
          <input semantic="INPUT" source="#RB_Knee2-Matrix-animation-input"/>
          <input semantic="OUTPUT" source="#RB_Knee2-Matrix-animation-output-transform"/>
          <input semantic="INTERPOLATION" source="#RB_Knee2-Interpolations"/>
        </sampler>
        <channel source="#RB_Knee2-Matrix-animation-transform" target="RB_Knee2/matrix"/>
      </animation>
      <animation>
        <source id="RB_Knee2-visibility-animation-input">
          <float_array id="RB_Knee2-visibility-animation-input-array" count="3">

0.000000 0.233333 0.666667</float_array>
          <technique_common>
            <accessor source="#RB_Knee2-visibility-animation-input-array" count="3">
              <param name="TIME" type="float"/>
            </accessor>
          </technique_common>
        </source>
        <source id="RB_Knee2-visibility-animation-output">
          <float_array id="RB_Knee2-visibility-animation-output-array" count="3">

1.000000 1.000000 1.000000</float_array>
          <technique_common>
            <accessor source="#RB_Knee2-visibility-animation-output-array" count="3">
              <param type="float"/>
            </accessor>
          </technique_common>
        </source>
        <source id="RB_Knee2-visibility-animation-intan">
          <float_array id="RB_Knee2-visibility-animation-intan-array" count="3">

0.000000 0.000000 0.000000</float_array>
          <technique_common>
            <accessor source="#RB_Knee2-visibility-animation-intan-array" count="3">
              <param type="float"/>
            </accessor>
          </technique_common>
        </source>
        <source id="RB_Knee2-visibility-animation-outtan">
          <float_array id="RB_Knee2-visibility-animation-outtan-array" count="3">

0.000000 0.000000 0.000000</float_array>
          <technique_common>
            <accessor source="#RB_Knee2-visibility-animation-outtan-array" count="3">
              <param type="float"/>
            </accessor>
          </technique_common>
        </source>
        <source id="RB_Knee2-visibility-animation-interpolation">
          <Name_array id="RB_Knee2-visibility-animation-interpolation-array" count="3">
 STEP STEP STEP</Name_array>
          <technique_common>
            <accessor source="#RB_Knee2-visibility-animation-interpolation-array" count="3">
              <param type="name"/>
            </accessor>
          </technique_common>
        </source>
        <sampler id="RB_Knee2-visibility-animation">
          <input semantic="INPUT" source="#RB_Knee2-visibility-animation-input"/>
          <input semantic="OUTPUT" source="#RB_Knee2-visibility-animation-output"/>
          <input semantic="IN_TANGENT" source="#RB_Knee2-visibility-animation-intan"/>
          <input semantic="OUT_TANGENT" source="#RB_Knee2-visibility-animation-outtan"/>
          <input semantic="INTERPOLATION" source="#RB_Knee2-visibility-animation-interpolation"/>
        </sampler>
        <channel source="#RB_Knee2-visibility-animation" target="RB_Knee2/visibility"/>
      </animation>
    </animation>
    <animation id="RB_Ankle-anim" name="RB_Ankle">
      <animation>
        <source id="RB_Ankle-Matrix-animation-input">
          <float_array id="RB_Ankle-Matrix-animation-input-array" count="21">

0.000000 0.033333 0.066667 0.100000 0.133333 0.166667 0.200000 0.233333 0.266667 0.300000 0.333333 0.366667 0.400000 0.433333 0.466667 0.500000
0.533333 0.566667 0.600000 0.633333 0.666667</float_array>
          <technique_common>
            <accessor source="#RB_Ankle-Matrix-animation-input-array" count="21">
              <param name="TIME" type="float"/>
            </accessor>
          </technique_common>
        </source>
        <source id="RB_Ankle-Matrix-animation-output-transform">
          <float_array id="RB_Ankle-Matrix-animation-output-transform-array" count="336">

0.922151 -0.061440 -0.381920 1.444890 0.056764 0.998111 -0.023509 0.095549 0.382642 0.000000 0.923897 0.118753 0.000000 0.000000 0.000000 1.000000
0.922151 -0.061440 -0.381920 1.444890 0.056764 0.998111 -0.023509 0.095549 0.382642 0.000000 0.923897 0.118753 0.000000 0.000000 0.000000 1.000000
0.922151 -0.061440 -0.381920 1.444890 0.056764 0.998111 -0.023509 0.095549 0.382642 0.000000 0.923897 0.118753 0.000000 0.000000 0.000000 1.000000
0.922151 -0.061440 -0.381920 1.444890 0.056764 0.998111 -0.023509 0.095549 0.382642 0.000000 0.923897 0.118753 0.000000 0.000000 0.000000 1.000000
0.922151 -0.061440 -0.381920 1.444890 0.056764 0.998111 -0.023509 0.095549 0.382642 0.000000 0.923897 0.118753 0.000000 0.000000 0.000000 1.000000
0.922151 -0.061440 -0.381920 1.444890 0.056764 0.998111 -0.023509 0.095549 0.382642 0.000000 0.923897 0.118753 0.000000 0.000000 0.000000 1.000000
0.922151 -0.061440 -0.381920 1.444890 0.056764 0.998111 -0.023509 0.095549 0.382642 0.000000 0.923897 0.118753 0.000000 0.000000 0.000000 1.000000
0.922151 -0.061440 -0.381920 1.444890 0.056764 0.998111 -0.023509 0.095549 0.382642 0.000000 0.923897 0.118753 0.000000 0.000000 0.000000 1.000000
0.922151 -0.061440 -0.381920 1.444890 0.056764 0.998111 -0.023509 0.095549 0.382642 0.000000 0.923897 0.118753 0.000000 0.000000 0.000000 1.000000
0.922151 -0.061440 -0.381920 1.444890 0.056764 0.998111 -0.023509 0.095549 0.382642 0.000000 0.923897 0.118753 0.000000 0.000000 0.000000 1.000000
0.922151 -0.061440 -0.381920 1.444890 0.056764 0.998111 -0.023509 0.095549 0.382642 0.000000 0.923897 0.118753 0.000000 0.000000 0.000000 1.000000
0.922151 -0.061440 -0.381920 1.444890 0.056764 0.998111 -0.023509 0.095549 0.382642 0.000000 0.923897 0.118753 0.000000 0.000000 0.000000 1.000000
0.922151 -0.061440 -0.381920 1.444890 0.056764 0.998111 -0.023509 0.095549 0.382642 0.000000 0.923897 0.118753 0.000000 0.000000 0.000000 1.000000
0.922151 -0.061440 -0.381920 1.444890 0.056764 0.998111 -0.023509 0.095549 0.382642 0.000000 0.923897 0.118753 0.000000 0.000000 0.000000 1.000000
0.922151 -0.061440 -0.381920 1.444890 0.056764 0.998111 -0.023509 0.095549 0.382642 0.000000 0.923897 0.118753 0.000000 0.000000 0.000000 1.000000
0.922151 -0.061440 -0.381920 1.444890 0.056764 0.998111 -0.023509 0.095549 0.382642 0.000000 0.923897 0.118753 0.000000 0.000000 0.000000 1.000000
0.922151 -0.061440 -0.381920 1.444890 0.056764 0.998111 -0.023509 0.095549 0.382642 0.000000 0.923897 0.118753 0.000000 0.000000 0.000000 1.000000
0.922151 -0.061440 -0.381920 1.444890 0.056764 0.998111 -0.023509 0.095549 0.382642 0.000000 0.923897 0.118753 0.000000 0.000000 0.000000 1.000000
0.922151 -0.061440 -0.381920 1.444890 0.056764 0.998111 -0.023509 0.095549 0.382642 0.000000 0.923897 0.118753 0.000000 0.000000 0.000000 1.000000
0.922151 -0.061440 -0.381920 1.444890 0.056764 0.998111 -0.023509 0.095549 0.382642 0.000000 0.923897 0.118753 0.000000 0.000000 0.000000 1.000000
0.922151 -0.061440 -0.381920 1.444890 0.056764 0.998111 -0.023509 0.095549 0.382642 0.000000 0.923897 0.118753 0.000000 0.000000 0.000000 1.000000</float_array>
          <technique_common>
            <accessor source="#RB_Ankle-Matrix-animation-output-transform-array" count="21" stride="16">
              <param type="float4x4"/>
            </accessor>
          </technique_common>
        </source>
        <source id="RB_Ankle-Interpolations">
          <Name_array id="RB_Ankle-Interpolations-array" count="21">
 LINEAR LINEAR LINEAR LINEAR LINEAR LINEAR LINEAR LINEAR LINEAR LINEAR LINEAR
LINEAR LINEAR LINEAR LINEAR LINEAR LINEAR LINEAR LINEAR LINEAR LINEAR</Name_array>
          <technique_common>
            <accessor source="#RB_Ankle-Interpolations-array" count="21">
              <param type="name"/>
            </accessor>
          </technique_common>
        </source>
        <sampler id="RB_Ankle-Matrix-animation-transform">
          <input semantic="INPUT" source="#RB_Ankle-Matrix-animation-input"/>
          <input semantic="OUTPUT" source="#RB_Ankle-Matrix-animation-output-transform"/>
          <input semantic="INTERPOLATION" source="#RB_Ankle-Interpolations"/>
        </sampler>
        <channel source="#RB_Ankle-Matrix-animation-transform" target="RB_Ankle/matrix"/>
      </animation>
      <animation>
        <source id="RB_Ankle-visibility-animation-input">
          <float_array id="RB_Ankle-visibility-animation-input-array" count="3">

0.000000 0.233333 0.666667</float_array>
          <technique_common>
            <accessor source="#RB_Ankle-visibility-animation-input-array" count="3">
              <param name="TIME" type="float"/>
            </accessor>
          </technique_common>
        </source>
        <source id="RB_Ankle-visibility-animation-output">
          <float_array id="RB_Ankle-visibility-animation-output-array" count="3">

1.000000 1.000000 1.000000</float_array>
          <technique_common>
            <accessor source="#RB_Ankle-visibility-animation-output-array" count="3">
              <param type="float"/>
            </accessor>
          </technique_common>
        </source>
        <source id="RB_Ankle-visibility-animation-intan">
          <float_array id="RB_Ankle-visibility-animation-intan-array" count="3">

0.000000 0.000000 0.000000</float_array>
          <technique_common>
            <accessor source="#RB_Ankle-visibility-animation-intan-array" count="3">
              <param type="float"/>
            </accessor>
          </technique_common>
        </source>
        <source id="RB_Ankle-visibility-animation-outtan">
          <float_array id="RB_Ankle-visibility-animation-outtan-array" count="3">

0.000000 0.000000 0.000000</float_array>
          <technique_common>
            <accessor source="#RB_Ankle-visibility-animation-outtan-array" count="3">
              <param type="float"/>
            </accessor>
          </technique_common>
        </source>
        <source id="RB_Ankle-visibility-animation-interpolation">
          <Name_array id="RB_Ankle-visibility-animation-interpolation-array" count="3">
 STEP STEP STEP</Name_array>
          <technique_common>
            <accessor source="#RB_Ankle-visibility-animation-interpolation-array" count="3">
              <param type="name"/>
            </accessor>
          </technique_common>
        </source>
        <sampler id="RB_Ankle-visibility-animation">
          <input semantic="INPUT" source="#RB_Ankle-visibility-animation-input"/>
          <input semantic="OUTPUT" source="#RB_Ankle-visibility-animation-output"/>
          <input semantic="IN_TANGENT" source="#RB_Ankle-visibility-animation-intan"/>
          <input semantic="OUT_TANGENT" source="#RB_Ankle-visibility-animation-outtan"/>
          <input semantic="INTERPOLATION" source="#RB_Ankle-visibility-animation-interpolation"/>
        </sampler>
        <channel source="#RB_Ankle-visibility-animation" target="RB_Ankle/visibility"/>
      </animation>
    </animation>
    <animation id="RB_Feet-anim" name="RB_Feet">
      <animation>
        <source id="RB_Feet-Matrix-animation-input">
          <float_array id="RB_Feet-Matrix-animation-input-array" count="21">

0.000000 0.033333 0.066667 0.100000 0.133333 0.166667 0.200000 0.233333 0.266667 0.300000 0.333333 0.366667 0.400000 0.433333 0.466667 0.500000
0.533333 0.566667 0.600000 0.633333 0.666667</float_array>
          <technique_common>
            <accessor source="#RB_Feet-Matrix-animation-input-array" count="21">
              <param name="TIME" type="float"/>
            </accessor>
          </technique_common>
        </source>
        <source id="RB_Feet-Matrix-animation-output-transform">
          <float_array id="RB_Feet-Matrix-animation-output-transform-array" count="336">

