<?xml version="1.0" encoding="utf-8"?>
<COLLADA xmlns="http://www.collada.org/2005/11/COLLADASchema" version="1.4.1">
  <asset>
    <contributor>
      <authoring_tool>FBX COLLADA exporter</authoring_tool>
    </contributor>
    <created>2020-04-29T09:04:10Z</created>
    <modified>2020-04-29T09:04:10Z</modified>
    <unit meter="0.010000" name="centimeter"/>
    <up_axis>Y_UP</up_axis>
  </asset>
  <library_animations>
    <animation id="Hip-anim" name="Hip">
      <animation>
        <source id="Hip-Matrix-animation-input">
          <float_array id="Hip-Matrix-animation-input-array" count="61">

0.000000 0.033333 0.066667 0.100000 0.133333 0.166667 0.200000 0.233333 0.266667 0.300000 0.333333 0.366667 0.400000 0.433333 0.466667 0.500000
0.533333 0.566667 0.600000 0.633333 0.666667 0.700000 0.733333 0.766667 0.800000 0.833333 0.866667 0.900000 0.933333 0.966667 1.000000 1.033333
1.066667 1.100000 1.133333 1.166667 1.200000 1.233333 1.266667 1.300000 1.333333 1.366667 1.400000 1.433333 1.466667 1.500000 1.533333 1.566667
1.600000 1.633333 1.666667 1.700000 1.733333 1.766667 1.800000 1.833333 1.866667 1.900000 1.933333 1.966667 2.000000</float_array>
          <technique_common>
            <accessor source="#Hip-Matrix-animation-input-array" count="61">
              <param name="TIME" type="float"/>
            </accessor>
          </technique_common>
        </source>
        <source id="Hip-Matrix-animation-output-transform">
          <float_array id="Hip-Matrix-animation-output-transform-array" count="976">

-0.654328 0.756211 0.000000 -0.320674 -0.315639 -0.273114 -0.908725 4.818220 -0.687188 -0.594604 0.417396 -0.128590 0.000000 0.000000 0.000000 1.000000
-0.654328 0.756211 0.000000 -0.320674 -0.315639 -0.273114 -0.908725 4.819146 -0.687188 -0.594604 0.417396 -0.128590 0.000000 0.000000 0.000000 1.000000
-0.654328 0.756211 0.000000 -0.320674 -0.315639 -0.273114 -0.908725 4.821660 -0.687188 -0.594604 0.417396 -0.128590 0.000000 0.000000 0.000000 1.000000
-0.654328 0.756211 0.000000 -0.320674 -0.315639 -0.273114 -0.908725 4.825366 -0.687188 -0.594604 0.417396 -0.128590 0.000000 0.000000 0.000000 1.000000
-0.654328 0.756211 0.000000 -0.320674 -0.315639 -0.273114 -0.908725 4.829865 -0.687188 -0.594604 0.417396 -0.128590 0.000000 0.000000 0.000000 1.000000
-0.654328 0.756211 0.000000 -0.320674 -0.315639 -0.273114 -0.908725 4.834762 -0.687188 -0.594604 0.417396 -0.128590 0.000000 0.000000 0.000000 1.000000
-0.654328 0.756211 0.000000 -0.320674 -0.315639 -0.273114 -0.908725 4.839658 -0.687188 -0.594604 0.417396 -0.128590 0.000000 0.000000 0.000000 1.000000
-0.654328 0.756211 0.000000 -0.320674 -0.315639 -0.273114 -0.908725 4.844157 -0.687188 -0.594604 0.417396 -0.128590 0.000000 0.000000 0.000000 1.000000
-0.654328 0.756211 0.000000 -0.320674 -0.315639 -0.273114 -0.908725 4.847863 -0.687188 -0.594604 0.417396 -0.128590 0.000000 0.000000 0.000000 1.000000
-0.654328 0.756211 0.000000 -0.320674 -0.315639 -0.273114 -0.908725 4.850377 -0.687188 -0.594604 0.417396 -0.128590 0.000000 0.000000 0.000000 1.000000
-0.654328 0.756211 0.000000 -0.320674 -0.315639 -0.273114 -0.908725 4.851303 -0.687188 -0.594604 0.417396 -0.128590 0.000000 0.000000 0.000000 1.000000
-0.654779 0.755821 0.000135 -0.320674 -0.305693 -0.264663 -0.914606 4.839378 -0.691243 -0.598906 0.404345 -0.128590 0.000000 0.000000 0.000000 1.000000
-0.655458 0.755232 0.000308 -0.320674 -0.281696 -0.244102 -0.927934 4.810359 -0.700730 -0.608309 0.372744 -0.128590 0.000000 0.000000 0.000000 1.000000
-0.655509 0.755187 0.000285 -0.320674 -0.252469 -0.218790 -0.942545 4.774384 -0.711736 -0.617918 0.334080 -0.128590 0.000000 0.000000 0.000000 1.000000
-0.654865 0.755746 0.000115 -0.320674 -0.227009 -0.196562 -0.953850 4.741587 -0.720846 -0.624669 0.300283 -0.128590 0.000000 0.000000 0.000000 1.000000
-0.654328 0.756211 -0.000000 -0.320674 -0.214422 -0.185533 -0.958958 4.722103 -0.725175 -0.627473 0.283548 -0.128590 0.000000 0.000000 0.000000 1.000000
-0.654267 0.756264 -0.000010 -0.320674 -0.210069 -0.181751 -0.960644 4.690188 -0.726502 -0.628516 0.277781 -0.128590 0.000000 0.000000 0.000000 1.000000
-0.654279 0.756253 -0.000006 -0.320674 -0.204195 -0.176668 -0.962857 4.627748 -0.728165 -0.629975 0.270013 -0.128590 0.000000 0.000000 0.000000 1.000000
-0.654306 0.756230 -0.000001 -0.320674 -0.198226 -0.171510 -0.965034 4.556393 -0.729788 -0.631427 0.262125 -0.128590 0.000000 0.000000 0.000000 1.000000
-0.654322 0.756216 0.000000 -0.320674 -0.193595 -0.167509 -0.966676 4.497732 -0.731015 -0.632517 0.256005 -0.128590 0.000000 0.000000 0.000000 1.000000
-0.654328 0.756211 0.000000 -0.320674 -0.191733 -0.165901 -0.967324 4.473376 -0.731501 -0.632947 0.253544 -0.128590 0.000000 0.000000 0.000000 1.000000
-0.654328 0.756211 0.000000 -0.320674 -0.191733 -0.165901 -0.967324 4.440929 -0.731501 -0.632947 0.253544 -0.128590 0.000000 0.000000 0.000000 1.000000
-0.654328 0.756211 0.000000 -0.320674 -0.191733 -0.165901 -0.967324 4.363555 -0.731501 -0.632947 0.253544 -0.128590 0.000000 0.000000 0.000000 1.000000
-0.654328 0.756211 0.000000 -0.320674 -0.191733 -0.165901 -0.967324 4.271206 -0.731501 -0.632947 0.253544 -0.128590 0.000000 0.000000 0.000000 1.000000
-0.654328 0.756211 0.000000 -0.320674 -0.191733 -0.165901 -0.967324 4.193833 -0.731501 -0.632947 0.253544 -0.128590 0.000000 0.000000 0.000000 1.000000
-0.654328 0.756211 0.000000 -0.320674 -0.191733 -0.165901 -0.967324 4.161386 -0.731501 -0.632947 0.253544 -0.128590 0.000000 0.000000 0.000000 1.000000
-0.654328 0.756211 0.000000 -0.320674 -0.191733 -0.165901 -0.967324 4.193833 -0.731501 -0.632947 0.253544 -0.128590 0.000000 0.000000 0.000000 1.000000
-0.654328 0.756211 0.000000 -0.320674 -0.191733 -0.165901 -0.967324 4.271206 -0.731501 -0.632947 0.253544 -0.128590 0.000000 0.000000 0.000000 1.000000
-0.654328 0.756211 0.000000 -0.320674 -0.191733 -0.165901 -0.967324 4.363555 -0.731501 -0.632947 0.253544 -0.128590 0.000000 0.000000 0.000000 1.000000
-0.654328 0.756211 0.000000 -0.320674 -0.191733 -0.165901 -0.967324 4.440929 -0.731501 -0.632947 0.253544 -0.128590 0.000000 0.000000 0.000000 1.000000
-0.654328 0.756211 0.000000 -0.320674 -0.191733 -0.165901 -0.967324 4.473376 -0.731501 -0.632947 0.253544 -0.128590 0.000000 0.000000 0.000000 1.000000
-0.654633 0.755947 0.000067 -0.320674 -0.200105 -0.173201 -0.964344 4.490340 -0.728981 -0.631305 0.264652 -0.128590 0.000000 0.000000 0.000000 1.000000
-0.655074 0.755565 0.000181 -0.320674 -0.220053 -0.190557 -0.956695 4.530794 -0.722810 -0.626746 0.291093 -0.128590 0.000000 0.000000 0.000000 1.000000
-0.655072 0.755567 0.000199 -0.320674 -0.243815 -0.211136 -0.946560 4.579076 -0.715147 -0.620113 0.322528 -0.128590 0.000000 0.000000 0.000000 1.000000
-0.654631 0.755949 0.000088 -0.320674 -0.263671 -0.228223 -0.937226 4.619530 -0.708474 -0.613560 0.348724 -0.128590 0.000000 0.000000 0.000000 1.000000
-0.654328 0.756211 0.000000 -0.320674 -0.271981 -0.235337 -0.933083 4.636494 -0.705607 -0.610542 0.359662 -0.128590 0.000000 0.000000 0.000000 1.000000
-0.654669 0.755915 0.000099 -0.320674 -0.263165 -0.227793 -0.937472 4.636494 -0.708627 -0.613761 0.348059 -0.128590 0.000000 0.000000 0.000000 1.000000
-0.655166 0.755485 0.000225 -0.320674 -0.242096 -0.209666 -0.947328 4.636494 -0.715644 -0.620712 0.320266 -0.128590 0.000000 0.000000 0.000000 1.000000
-0.655169 0.755482 0.000203 -0.320674 -0.216880 -0.187825 -0.957959 4.636494 -0.723683 -0.627669 0.286906 -0.128590 0.000000 0.000000 0.000000 1.000000
-0.654672 0.755913 0.000075 -0.320674 -0.195712 -0.169404 -0.965919 4.636494 -0.730138 -0.632375 0.258846 -0.128590 0.000000 0.000000 0.000000 1.000000
-0.654328 0.756211 0.000000 -0.320674 -0.186828 -0.161657 -0.969001 4.636494 -0.732769 -0.634044 0.247058 -0.128590 0.000000 0.000000 0.000000 1.000000
-0.654328 0.756211 0.000000 -0.320674 -0.186828 -0.161657 -0.969001 4.603191 -0.732769 -0.634044 0.247058 -0.128590 0.000000 0.000000 0.000000 1.000000
-0.654328 0.756211 0.000000 -0.320674 -0.186828 -0.161657 -0.969001 4.523777 -0.732769 -0.634044 0.247058 -0.128590 0.000000 0.000000 0.000000 1.000000
-0.654328 0.756211 0.000000 -0.320674 -0.186828 -0.161657 -0.969001 4.428991 -0.732769 -0.634044 0.247058 -0.128590 0.000000 0.000000 0.000000 1.000000
-0.654328 0.756211 0.000000 -0.320674 -0.186828 -0.161657 -0.969001 4.349576 -0.732769 -0.634044 0.247058 -0.128590 0.000000 0.000000 0.000000 1.000000
-0.654328 0.756211 0.000000 -0.320674 -0.186828 -0.161657 -0.969001 4.316274 -0.732769 -0.634044 0.247058 -0.128590 0.000000 0.000000 0.000000 1.000000
-0.654712 0.755878 0.000509 -0.320674 -0.180953 -0.156081 -0.971028 4.372609 -0.733899 -0.635836 0.238967 -0.128590 0.000000 0.000000 0.000000 1.000000
-0.655480 0.755211 0.001660 -0.320674 -0.166942 -0.142752 -0.975578 4.506948 -0.736530 -0.639749 0.219647 -0.128590 0.000000 0.000000 0.000000 1.000000
-0.656121 0.754650 0.002929 -0.320674 -0.150218 -0.126801 -0.980488 4.667288 -0.739553 -0.643759 0.196559 -0.128590 0.000000 0.000000 0.000000 1.000000
-0.656427 0.754379 0.003916 -0.320674 -0.136212 -0.113417 -0.984166 4.801628 -0.741990 -0.646567 0.177206 -0.128590 0.000000 0.000000 0.000000 1.000000
-0.656492 0.754320 0.004313 -0.320674 -0.130342 -0.107803 -0.985591 4.857963 -0.742986 -0.647595 0.169091 -0.128590 0.000000 0.000000 0.000000 1.000000
-0.656492 0.754320 0.004313 -0.320674 -0.130342 -0.107803 -0.985591 4.846646 -0.742986 -0.647595 0.169091 -0.128590 0.000000 0.000000 0.000000 1.000000
-0.656492 0.754320 0.004313 -0.320674 -0.130342 -0.107803 -0.985591 4.819171 -0.742986 -0.647595 0.169091 -0.128590 0.000000 0.000000 0.000000 1.000000
-0.656492 0.754320 0.004313 -0.320674 -0.130342 -0.107803 -0.985591 4.789302 -0.742986 -0.647595 0.169091 -0.128590 0.000000 0.000000 0.000000 1.000000
-0.656492 0.754320 0.004313 -0.320674 -0.130342 -0.107803 -0.985591 4.761889 -0.742986 -0.647595 0.169091 -0.128590 0.000000 0.000000 0.000000 1.000000
-0.656492 0.754320 0.004313 -0.320674 -0.130342 -0.107803 -0.985591 4.749151 -0.742986 -0.647595 0.169091 -0.128590 0.000000 0.000000 0.000000 1.000000
-0.657923 0.753073 0.004204 -0.320674 -0.149692 -0.125303 -0.980761 4.756334 -0.738058 -0.645895 0.195169 -0.128590 0.000000 0.000000 0.000000 1.000000
-0.659775 0.751454 0.003820 -0.320674 -0.196693 -0.167786 -0.966002 4.773774 -0.725265 -0.638095 0.258507 -0.128590 0.000000 0.000000 0.000000 1.000000
-0.659061 0.752084 0.002774 -0.320674 -0.251558 -0.216964 -0.943210 4.794184 -0.708771 -0.622331 0.332185 -0.128590 0.000000 0.000000 0.000000 1.000000
-0.656152 0.754628 0.001039 -0.320674 -0.296847 -0.256844 -0.919735 4.811140 -0.693791 -0.603795 0.392537 -0.128590 0.000000 0.000000 0.000000 1.000000
-0.654328 0.756211 0.000000 -0.320674 -0.315639 -0.273114 -0.908725 4.818220 -0.687188 -0.594604 0.417396 -0.128590 0.000000 0.000000 0.000000 1.000000</float_array>
          <technique_common>
            <accessor source="#Hip-Matrix-animation-output-transform-array" count="61" stride="16">
              <param type="float4x4"/>
            </accessor>
          </technique_common>
        </source>
        <source id="Hip-Interpolations">
          <Name_array id="Hip-Interpolations-array" count="61">
 LINEAR LINEAR LINEAR LINEAR LINEAR LINEAR LINEAR LINEAR LINEAR LINEAR LINEAR
LINEAR LINEAR LINEAR LINEAR LINEAR LINEAR LINEAR LINEAR LINEAR LINEAR LINEAR LINEAR
LINEAR LINEAR LINEAR LINEAR LINEAR LINEAR LINEAR LINEAR LINEAR LINEAR LINEAR LINEAR
LINEAR LINEAR LINEAR LINEAR LINEAR LINEAR LINEAR LINEAR LINEAR LINEAR LINEAR LINEAR
LINEAR LINEAR LINEAR LINEAR LINEAR LINEAR LINEAR LINEAR LINEAR LINEAR LINEAR LINEAR
LINEAR LINEAR</Name_array>
          <technique_common>
            <accessor source="#Hip-Interpolations-array" count="61">
              <param type="name"/>
            </accessor>
          </technique_common>
        </source>
        <sampler id="Hip-Matrix-animation-transform">
          <input semantic="INPUT" source="#Hip-Matrix-animation-input"/>
          <input semantic="OUTPUT" source="#Hip-Matrix-animation-output-transform"/>
          <input semantic="INTERPOLATION" source="#Hip-Interpolations"/>
        </sampler>
        <channel source="#Hip-Matrix-animation-transform" target="Hip/matrix"/>
      </animation>
      <animation>
        <source id="Hip-visibility-animation-input">
          <float_array id="Hip-visibility-animation-input-array" count="16">

0.000000 0.333333 0.500000 0.666667 0.833333 1.000000 1.166667 1.333333 1.500000 1.666667 1.700000 1.733333 1.800000 1.833333 1.866667 2.000000</float_array>
          <technique_common>
            <accessor source="#Hip-visibility-animation-input-array" count="16">
              <param name="TIME" type="float"/>
            </accessor>
          </technique_common>
        </source>
        <source id="Hip-visibility-animation-output">
          <float_array id="Hip-visibility-animation-output-array" count="16">

1.000000 1.000000 1.000000 1.000000 1.000000 1.000000 1.000000 1.000000 1.000000 1.000000 1.000000 1.000000 1.000000 1.000000 1.000000 1.000000</float_array>
          <technique_common>
            <accessor source="#Hip-visibility-animation-output-array" count="16">
              <param type="float"/>
            </accessor>
          </technique_common>
        </source>
        <source id="Hip-visibility-animation-intan">
          <float_array id="Hip-visibility-animation-intan-array" count="16">

0.000000 0.000000 0.000000 0.000000 0.000000 0.000000 0.000000 0.000000 0.000000 0.000000 0.000000 0.000000 0.000000 0.000000 0.000000 0.000000</float_array>
          <technique_common>
            <accessor source="#Hip-visibility-animation-intan-array" count="16">
              <param type="float"/>
            </accessor>
          </technique_common>
        </source>
        <source id="Hip-visibility-animation-outtan">
          <float_array id="Hip-visibility-animation-outtan-array" count="16">

0.000000 0.000000 0.000000 0.000000 0.000000 0.000000 0.000000 0.000000 0.000000 0.000000 0.000000 0.000000 0.000000 0.000000 0.000000 0.000000</float_array>
          <technique_common>
            <accessor source="#Hip-visibility-animation-outtan-array" count="16">
              <param type="float"/>
            </accessor>
          </technique_common>
        </source>
        <source id="Hip-visibility-animation-interpolation">
          <Name_array id="Hip-visibility-animation-interpolation-array" count="16">
 STEP STEP STEP STEP STEP STEP STEP STEP STEP STEP STEP STEP STEP STEP STEP STEP</Name_array>
          <technique_common>
            <accessor source="#Hip-visibility-animation-interpolation-array" count="16">
              <param type="name"/>
            </accessor>
          </technique_common>
        </source>
        <sampler id="Hip-visibility-animation">
          <input semantic="INPUT" source="#Hip-visibility-animation-input"/>
          <input semantic="OUTPUT" source="#Hip-visibility-animation-output"/>
          <input semantic="IN_TANGENT" source="#Hip-visibility-animation-intan"/>
          <input semantic="OUT_TANGENT" source="#Hip-visibility-animation-outtan"/>
          <input semantic="INTERPOLATION" source="#Hip-visibility-animation-interpolation"/>
        </sampler>
        <channel source="#Hip-visibility-animation" target="Hip/visibility"/>
      </animation>
    </animation>
    <animation id="RB_LegTop-anim" name="RB_LegTop">
      <animation>
        <source id="RB_LegTop-Matrix-animation-input">
          <float_array id="RB_LegTop-Matrix-animation-input-array" count="61">

0.000000 0.033333 0.066667 0.100000 0.133333 0.166667 0.200000 0.233333 0.266667 0.300000 0.333333 0.366667 0.400000 0.433333 0.466667 0.500000
0.533333 0.566667 0.600000 0.633333 0.666667 0.700000 0.733333 0.766667 0.800000 0.833333 0.866667 0.900000 0.933333 0.966667 1.000000 1.033333
1.066667 1.100000 1.133333 1.166667 1.200000 1.233333 1.266667 1.300000 1.333333 1.366667 1.400000 1.433333 1.466667 1.500000 1.533333 1.566667
1.600000 1.633333 1.666667 1.700000 1.733333 1.766667 1.800000 1.833333 1.866667 1.900000 1.933333 1.966667 2.000000</float_array>
          <technique_common>
            <accessor source="#RB_LegTop-Matrix-animation-input-array" count="61">
              <param name="TIME" type="float"/>
            </accessor>
          </technique_common>
        </source>
        <source id="RB_LegTop-Matrix-animation-output-transform">
          <float_array id="RB_LegTop-Matrix-animation-output-transform-array" count="976">

-0.311383 -0.529182 -0.789308 1.467129 -0.376750 0.831281 -0.408694 0.173375 0.872411 0.170112 -0.458216 0.207080 0.000000 0.000000 0.000000 1.000000
-0.280409 -0.529182 -0.800835 1.467129 -0.360549 0.831281 -0.423055 0.173375 0.889593 0.170112 -0.423895 0.207080 0.000000 0.000000 0.000000 1.000000
-0.194332 -0.529182 -0.825955 1.467129 -0.313891 0.831281 -0.458741 0.173375 0.929359 0.170112 -0.327650 0.207080 0.000000 0.000000 0.000000 1.000000
-0.063809 -0.529182 -0.846106 1.467129 -0.238903 0.831281 -0.501893 0.173375 0.968945 0.170112 -0.179467 0.207080 0.000000 0.000000 0.000000 1.000000
0.096454 -0.529182 -0.843009 1.467129 -0.140251 0.831281 -0.537867 0.173375 0.985407 0.170112 0.005962 0.207080 0.000000 0.000000 0.000000 1.000000
0.266757 -0.529182 -0.805486 1.467129 -0.027330 0.831281 -0.555180 0.173375 0.963376 0.170112 0.207288 0.207080 0.000000 0.000000 0.000000 1.000000
0.425793 -0.529182 -0.733939 1.467129 0.086746 0.831281 -0.549042 0.173375 0.900653 0.170112 0.399858 0.207080 0.000000 0.000000 0.000000 1.000000
0.556225 -0.529182 -0.640766 1.467129 0.188454 0.831281 -0.522930 0.173375 0.809382 0.170112 0.562106 0.207080 0.000000 0.000000 0.000000 1.000000
0.648919 -0.529182 -0.546691 1.467129 0.267318 0.831281 -0.487352 0.173375 0.712352 0.170112 0.680894 0.207080 0.000000 0.000000 0.000000 1.000000
0.702987 -0.529182 -0.475158 1.467129 0.317255 0.831281 -0.456421 0.173375 0.636520 0.170112 0.752266 0.207080 0.000000 0.000000 0.000000 1.000000
0.720958 -0.529182 -0.447422 1.467129 0.334789 0.831281 -0.443721 0.173375 0.606743 0.170112 0.776483 0.207080 0.000000 0.000000 0.000000 1.000000
0.709097 -0.529182 -0.465992 1.467129 0.323154 0.831281 -0.452264 0.173375 0.626700 0.170112 0.760466 0.207080 0.000000 0.000000 0.000000 1.000000
0.678354 -0.529182 -0.509709 1.467129 0.294041 0.831281 -0.471711 0.173375 0.673332 0.170112 0.719504 0.207080 0.000000 0.000000 0.000000 1.000000
0.636766 -0.529182 -0.560799 1.467129 0.256559 0.831281 -0.493101 0.173375 0.727122 0.170112 0.665098 0.207080 0.000000 0.000000 0.000000 1.000000
0.596010 -0.529182 -0.603936 1.467129 0.221465 0.831281 -0.509828 0.173375 0.771832 0.170112 0.612647 0.207080 0.000000 0.000000 0.000000 1.000000
0.571455 -0.529182 -0.627221 1.467129 0.200960 0.831281 -0.518253 0.173375 0.795647 0.170112 0.581384 0.207080 0.000000 0.000000 0.000000 1.000000
0.538422 -0.529182 -0.655796 1.467129 0.174025 0.831281 -0.527908 0.173375 0.824510 0.170112 0.539671 0.207080 0.000000 0.000000 0.000000 1.000000
0.471065 -0.529182 -0.705737 1.467129 0.121071 0.831281 -0.542507 0.173375 0.873750 0.170112 0.455656 0.207080 0.000000 0.000000 0.000000 1.000000
0.386932 -0.529182 -0.755149 1.467129 0.057990 0.831281 -0.552819 0.173375 0.920283 0.170112 0.352337 0.207080 0.000000 0.000000 0.000000 1.000000
0.309564 -0.529182 -0.790023 1.467129 0.002479 0.831281 -0.555846 0.173375 0.950875 0.170112 0.258647 0.207080 0.000000 0.000000 0.000000 1.000000
0.266576 -0.529182 -0.805546 1.467129 -0.027455 0.831281 -0.555174 0.173375 0.963423 0.170112 0.207071 0.207080 0.000000 0.000000 0.000000 1.000000
0.211553 -0.529182 -0.821713 1.467129 -0.064893 0.831281 -0.552051 0.173375 0.975210 0.170112 0.141520 0.207080 0.000000 0.000000 0.000000 1.000000
0.100976 -0.529182 -0.842479 1.467129 -0.137363 0.831281 -0.538612 0.173375 0.985361 0.170112 0.011250 0.207080 0.000000 0.000000 0.000000 1.000000
-0.029265 -0.529182 -0.848004 1.467129 -0.218245 0.831281 -0.511215 0.173375 0.975455 0.170112 -0.139819 0.207080 0.000000 0.000000 0.000000 1.000000
-0.139672 -0.529182 -0.836934 1.467129 -0.283088 0.831281 -0.478364 0.173375 0.948869 0.170112 -0.265912 0.207080 0.000000 0.000000 0.000000 1.000000
-0.192863 -0.529182 -0.826299 1.467129 -0.313075 0.831281 -0.459299 0.173375 0.929940 0.170112 -0.325997 0.207080 0.000000 0.000000 0.000000 1.000000
-0.228569 -0.529182 -0.817143 1.467129 -0.332728 0.831281 -0.445268 0.173375 0.914903 0.170112 -0.366079 0.207080 0.000000 0.000000 0.000000 1.000000
-0.293733 -0.529182 -0.796045 1.467129 -0.367558 0.831281 -0.416980 0.173375 0.882396 0.170112 -0.438679 0.207080 0.000000 0.000000 0.000000 1.000000
-0.364910 -0.529182 -0.766033 1.467129 -0.403956 0.831281 -0.381826 0.173375 0.838844 0.170112 -0.517109 0.207080 0.000000 0.000000 0.000000 1.000000
-0.420857 -0.529182 -0.736781 1.467129 -0.431228 0.831281 -0.350734 0.173375 0.798074 0.170112 -0.578048 0.207080 0.000000 0.000000 0.000000 1.000000
-0.443347 -0.529182 -0.723471 1.467129 -0.441824 0.831281 -0.337287 0.173375 0.779894 0.170112 -0.602352 0.207080 0.000000 0.000000 0.000000 1.000000
-0.421143 -0.529182 -0.736617 1.467129 -0.431364 0.831281 -0.350566 0.173375 0.797849 0.170112 -0.578358 0.207080 0.000000 0.000000 0.000000 1.000000
-0.365881 -0.529182 -0.765570 1.467129 -0.404440 0.831281 -0.381313 0.173375 0.838188 0.170112 -0.518172 0.207080 0.000000 0.000000 0.000000 1.000000
-0.295487 -0.529182 -0.795395 1.467129 -0.368476 0.831281 -0.416169 0.173375 0.881426 0.170112 -0.440624 0.207080 0.000000 0.000000 0.000000 1.000000
-0.230833 -0.529182 -0.816506 1.467129 -0.333961 0.831281 -0.444344 0.173375 0.913885 0.170112 -0.368613 0.207080 0.000000 0.000000 0.000000 1.000000
-0.194957 -0.529182 -0.825808 1.467129 -0.314238 0.831281 -0.458504 0.173375 0.929110 0.170112 -0.328353 0.207080 0.000000 0.000000 0.000000 1.000000
-0.065203 -0.529182 -0.845999 1.467129 -0.239730 0.831281 -0.501499 0.173375 0.968648 0.170112 -0.181063 0.207080 0.000000 0.000000 0.000000 1.000000
0.225099 -0.529182 -0.818106 1.467129 -0.055764 0.831281 -0.553048 0.173375 0.972739 0.170112 0.157611 0.207080 0.000000 0.000000 0.000000 1.000000
0.530374 -0.529182 -0.662322 1.467129 0.167566 0.831281 -0.529993 0.173375 0.831039 0.170112 0.529563 0.207080 0.000000 0.000000 0.000000 1.000000
0.720345 -0.529182 -0.448408 1.467129 0.334182 0.831281 -0.444178 0.173375 0.607804 0.170112 0.775652 0.207080 0.000000 0.000000 0.000000 1.000000
0.776433 -0.529182 -0.342225 1.467129 0.393540 0.831281 -0.392553 0.173375 0.492217 0.170112 0.853688 0.207080 0.000000 0.000000 0.000000 1.000000
0.767156 -0.529182 -0.362545 1.467129 0.383070 0.831281 -0.402776 0.173375 0.514519 0.170112 0.840436 0.207080 0.000000 0.000000 0.000000 1.000000
0.742617 -0.529182 -0.410472 1.467129 0.356753 0.831281 -0.426261 0.173375 0.566787 0.170112 0.806110 0.207080 0.000000 0.000000 0.000000 1.000000
0.708683 -0.529182 -0.466621 1.467129 0.322753 0.831281 -0.452551 0.173375 0.627375 0.170112 0.759910 0.207080 0.000000 0.000000 0.000000 1.000000
0.675369 -0.529182 -0.513657 1.467129 0.291285 0.831281 -0.473418 0.173375 0.677517 0.170112 0.715564 0.207080 0.000000 0.000000 0.000000 1.000000
0.656833 -0.529182 -0.537156 1.467129 0.274406 0.831281 -0.483397 0.173375 0.702333 0.170112 0.691224 0.207080 0.000000 0.000000 0.000000 1.000000
0.611561 -0.529182 -0.588184 1.467129 0.234689 0.831281 -0.503877 0.173375 0.755589 0.170112 0.632572 0.207080 0.000000 0.000000 0.000000 1.000000
0.498845 -0.529182 -0.686382 1.467129 0.142617 0.831281 -0.537244 0.173375 0.854877 0.170112 0.490151 0.207080 0.000000 0.000000 0.000000 1.000000
0.345803 -0.529182 -0.774847 1.467129 0.028206 0.831281 -0.555136 0.173375 0.937883 0.170112 0.302386 0.207080 0.000000 0.000000 0.000000 1.000000
0.203709 -0.529182 -0.823693 1.467129 -0.070154 0.831281 -0.551407 0.173375 0.976515 0.170112 0.132215 0.207080 0.000000 0.000000 0.000000 1.000000
0.135370 -0.529182 -0.837640 1.467129 -0.115204 0.831281 -0.543783 0.173375 0.984075 0.170112 0.051567 0.207080 0.000000 0.000000 0.000000 1.000000
0.083315 -0.529182 -0.844408 1.467129 -0.148609 0.831281 -0.535618 0.173375 0.985380 0.170112 -0.009383 0.207080 0.000000 0.000000 0.000000 1.000000
-0.025946 -0.529182 -0.848112 1.467129 -0.216242 0.831281 -0.512065 0.173375 0.975995 0.170112 -0.136000 0.207080 0.000000 0.000000 0.000000 1.000000
-0.143035 -0.529182 -0.836366 1.467129 -0.285009 0.831281 -0.477223 0.173375 0.947793 0.170112 -0.269724 0.207080 0.000000 0.000000 0.000000 1.000000
-0.248266 -0.529182 -0.811376 1.467129 -0.343400 0.831281 -0.437090 0.173375 0.905782 0.170112 -0.388099 0.207080 0.000000 0.000000 0.000000 1.000000
-0.297637 -0.529182 -0.794593 1.467129 -0.369601 0.831281 -0.415171 0.173375 0.880231 0.170112 -0.443006 0.207080 0.000000 0.000000 0.000000 1.000000
-0.301187 -0.529182 -0.793255 1.467129 -0.371453 0.831281 -0.413514 0.173375 0.878242 0.170112 -0.446937 0.207080 0.000000 0.000000 0.000000 1.000000
-0.304330 -0.529182 -0.792054 1.467129 -0.373090 0.831281 -0.412038 0.173375 0.876463 0.170112 -0.450417 0.207080 0.000000 0.000000 0.000000 1.000000
-0.307664 -0.529182 -0.790765 1.467129 -0.374822 0.831281 -0.410463 0.173375 0.874558 0.170112 -0.454104 0.207080 0.000000 0.000000 0.000000 1.000000
-0.310307 -0.529182 -0.789732 1.467129 -0.376193 0.831281 -0.409207 0.173375 0.873034 0.170112 -0.457027 0.207080 0.000000 0.000000 0.000000 1.000000
-0.311383 -0.529182 -0.789308 1.467129 -0.376750 0.831281 -0.408694 0.173375 0.872411 0.170112 -0.458216 0.207080 0.000000 0.000000 0.000000 1.000000</float_array>
          <technique_common>
            <accessor source="#RB_LegTop-Matrix-animation-output-transform-array" count="61" stride="16">
              <param type="float4x4"/>
            </accessor>
          </technique_common>
        </source>
        <source id="RB_LegTop-Interpolations">
          <Name_array id="RB_LegTop-Interpolations-array" count="61">
 LINEAR LINEAR LINEAR LINEAR LINEAR LINEAR LINEAR LINEAR LINEAR LINEAR LINEAR
LINEAR LINEAR LINEAR LINEAR LINEAR LINEAR LINEAR LINEAR LINEAR LINEAR LINEAR LINEAR
LINEAR LINEAR LINEAR LINEAR LINEAR LINEAR LINEAR LINEAR LINEAR LINEAR LINEAR LINEAR
LINEAR LINEAR LINEAR LINEAR LINEAR LINEAR LINEAR LINEAR LINEAR LINEAR LINEAR LINEAR
LINEAR LINEAR LINEAR LINEAR LINEAR LINEAR LINEAR LINEAR LINEAR LINEAR LINEAR LINEAR
LINEAR LINEAR</Name_array>
          <technique_common>
            <accessor source="#RB_LegTop-Interpolations-array" count="61">
              <param type="name"/>
            </accessor>
          </technique_common>
        </source>
        <sampler id="RB_LegTop-Matrix-animation-transform">
          <input semantic="INPUT" source="#RB_LegTop-Matrix-animation-input"/>
          <input semantic="OUTPUT" source="#RB_LegTop-Matrix-animation-output-transform"/>
          <input semantic="INTERPOLATION" source="#RB_LegTop-Interpolations"/>
        </sampler>
        <channel source="#RB_LegTop-Matrix-animation-transform" target="RB_LegTop/matrix"/>
      </animation>
      <animation>
        <source id="RB_LegTop-visibility-animation-input">
          <float_array id="RB_LegTop-visibility-animation-input-array" count="16">

0.000000 0.333333 0.500000 0.666667 0.833333 1.000000 1.166667 1.333333 1.500000 1.666667 1.700000 1.733333 1.800000 1.833333 1.866667 2.000000</float_array>
          <technique_common>
            <accessor source="#RB_LegTop-visibility-animation-input-array" count="16">
              <param name="TIME" type="float"/>
            </accessor>
          </technique_common>
        </source>
        <source id="RB_LegTop-visibility-animation-output">
          <float_array id="RB_LegTop-visibility-animation-output-array" count="16">

1.000000 1.000000 1.000000 1.000000 1.000000 1.000000 1.000000 1.000000 1.000000 1.000000 1.000000 1.000000 1.000000 1.000000 1.000000 1.000000</float_array>
          <technique_common>
            <accessor source="#RB_LegTop-visibility-animation-output-array" count="16">
              <param type="float"/>
            </accessor>
          </technique_common>
        </source>
        <source id="RB_LegTop-visibility-animation-intan">
          <float_array id="RB_LegTop-visibility-animation-intan-array" count="16">

0.000000 0.000000 0.000000 0.000000 0.000000 0.000000 0.000000 0.000000 0.000000 0.000000 0.000000 0.000000 0.000000 0.000000 0.000000 0.000000</float_array>
          <technique_common>
            <accessor source="#RB_LegTop-visibility-animation-intan-array" count="16">
              <param type="float"/>
            </accessor>
          </technique_common>
        </source>
        <source id="RB_LegTop-visibility-animation-outtan">
          <float_array id="RB_LegTop-visibility-animation-outtan-array" count="16">

0.000000 0.000000 0.000000 0.000000 0.000000 0.000000 0.000000 0.000000 0.000000 0.000000 0.000000 0.000000 0.000000 0.000000 0.000000 0.000000</float_array>
          <technique_common>
            <accessor source="#RB_LegTop-visibility-animation-outtan-array" count="16">
              <param type="float"/>
            </accessor>
          </technique_common>
        </source>
        <source id="RB_LegTop-visibility-animation-interpolation">
          <Name_array id="RB_LegTop-visibility-animation-interpolation-array" count="16">
 STEP STEP STEP STEP STEP STEP STEP STEP STEP STEP STEP STEP STEP STEP STEP STEP</Name_array>
          <technique_common>
            <accessor source="#RB_LegTop-visibility-animation-interpolation-array" count="16">
              <param type="name"/>
            </accessor>
          </technique_common>
        </source>
        <sampler id="RB_LegTop-visibility-animation">
          <input semantic="INPUT" source="#RB_LegTop-visibility-animation-input"/>
          <input semantic="OUTPUT" source="#RB_LegTop-visibility-animation-output"/>
          <input semantic="IN_TANGENT" source="#RB_LegTop-visibility-animation-intan"/>
          <input semantic="OUT_TANGENT" source="#RB_LegTop-visibility-animation-outtan"/>
          <input semantic="INTERPOLATION" source="#RB_LegTop-visibility-animation-interpolation"/>
        </sampler>
        <channel source="#RB_LegTop-visibility-animation" target="RB_LegTop/visibility"/>
      </animation>
    </animation>
    <animation id="RB_Knee1-anim" name="RB_Knee1">
      <animation>
        <source id="RB_Knee1-Matrix-animation-input">
          <float_array id="RB_Knee1-Matrix-animation-input-array" count="61">

0.000000 0.033333 0.066667 0.100000 0.133333 0.166667 0.200000 0.233333 0.266667 0.300000 0.333333 0.366667 0.400000 0.433333 0.466667 0.500000
0.533333 0.566667 0.600000 0.633333 0.666667 0.700000 0.733333 0.766667 0.800000 0.833333 0.866667 0.900000 0.933333 0.966667 1.000000 1.033333
1.066667 1.100000 1.133333 1.166667 1.200000 1.233333 1.266667 1.300000 1.333333 1.366667 1.400000 1.433333 1.466667 1.500000 1.533333 1.566667
1.600000 1.633333 1.666667 1.700000 1.733333 1.766667 1.800000 1.833333 1.866667 1.900000 1.933333 1.966667 2.000000</float_array>
          <technique_common>
            <accessor source="#RB_Knee1-Matrix-animation-input-array" count="61">
              <param name="TIME" type="float"/>
            </accessor>
          </technique_common>
        </source>
        <source id="RB_Knee1-Matrix-animation-output-transform">
          <float_array id="RB_Knee1-Matrix-animation-output-transform-array" count="976">

0.114377 -0.222720 0.968150 2.283646 0.026130 0.974882 0.221182 0.012635 -0.993094 0.000000 0.117324 0.025549 0.000000 0.000000 0.000000 1.000000
0.104290 -0.222720 0.969288 2.283646 0.023826 0.974882 0.221442 0.012635 -0.994262 0.000000 0.106977 0.025549 0.000000 0.000000 0.000000 1.000000
0.076856 -0.222720 0.971848 2.283646 0.017558 0.974882 0.222027 0.012635 -0.996888 0.000000 0.078836 0.025549 0.000000 0.000000 0.000000 1.000000
0.036321 -0.222720 0.974206 2.283646 0.008298 0.974882 0.222565 0.012635 -0.999306 0.000000 0.037257 0.025549 0.000000 0.000000 0.000000 1.000000
-0.012978 -0.222720 0.974796 2.283646 -0.002965 0.974882 0.222700 0.012635 -0.999911 -0.000000 -0.013313 0.025549 0.000000 0.000000 0.000000 1.000000
-0.066585 -0.222720 0.972606 2.283646 -0.015212 0.974882 0.222200 0.012635 -0.997665 -0.000000 -0.068301 0.025549 0.000000 0.000000 0.000000 1.000000
-0.119990 -0.222720 0.967470 2.283646 -0.027413 0.974882 0.221026 0.012635 -0.992397 0.000000 -0.123082 0.025549 0.000000 0.000000 0.000000 1.000000
-0.168749 -0.222720 0.960166 2.283646 -0.038552 0.974882 0.219358 0.012635 -0.984905 0.000000 -0.173097 0.025549 0.000000 0.000000 0.000000 1.000000
-0.208585 -0.222720 0.952307 2.283646 -0.047653 0.974882 0.217562 0.012635 -0.976843 -0.000000 -0.213959 0.025549 0.000000 0.000000 0.000000 1.000000
-0.235414 -0.222720 0.946032 2.283646 -0.053782 0.974882 0.216129 0.012635 -0.970406 0.000000 -0.241479 0.025549 0.000000 0.000000 0.000000 1.000000
-0.245252 -0.222720 0.943529 2.283646 -0.056030 0.974882 0.215557 0.012635 -0.967839 0.000000 -0.251571 0.025549 0.000000 0.000000 0.000000 1.000000
-0.245252 -0.222720 0.943529 2.283646 -0.056030 0.974882 0.215557 0.012635 -0.967839 -0.000000 -0.251571 0.025549 0.000000 0.000000 0.000000 1.000000
-0.245252 -0.222720 0.943529 2.283646 -0.056030 0.974882 0.215557 0.012635 -0.967839 0.000000 -0.251571 0.025549 0.000000 0.000000 0.000000 1.000000
-0.245252 -0.222720 0.943529 2.283646 -0.056030 0.974882 0.215557 0.012635 -0.967839 0.000000 -0.251571 0.025549 0.000000 0.000000 0.000000 1.000000
-0.245252 -0.222720 0.943529 2.283646 -0.056030 0.974882 0.215557 0.012635 -0.967839 0.000000 -0.251571 0.025549 0.000000 0.000000 0.000000 1.000000
-0.245252 -0.222720 0.943529 2.283646 -0.056030 0.974882 0.215557 0.012635 -0.967839 0.000000 -0.251571 0.025549 0.000000 0.000000 0.000000 1.000000
-0.245252 -0.222720 0.943529 2.283646 -0.056030 0.974882 0.215557 0.012635 -0.967839 0.000000 -0.251571 0.025549 0.000000 0.000000 0.000000 1.000000
-0.245252 -0.222720 0.943529 2.283646 -0.056030 0.974882 0.215557 0.012635 -0.967839 -0.000000 -0.251571 0.025549 0.000000 0.000000 0.000000 1.000000
-0.245252 -0.222720 0.943529 2.283646 -0.056030 0.974882 0.215557 0.012635 -0.967839 0.000000 -0.251571 0.025549 0.000000 0.000000 0.000000 1.000000
-0.245252 -0.222720 0.943529 2.283646 -0.056030 0.974882 0.215557 0.012635 -0.967839 0.000000 -0.251571 0.025549 0.000000 0.000000 0.000000 1.000000
-0.245252 -0.222720 0.943529 2.283646 -0.056030 0.974882 0.215557 0.012635 -0.967839 0.000000 -0.251571 0.025549 0.000000 0.000000 0.000000 1.000000
-0.245252 -0.222720 0.943529 2.283646 -0.056030 0.974882 0.215557 0.012635 -0.967839 0.000000 -0.251571 0.025549 0.000000 0.000000 0.000000 1.000000
-0.245252 -0.222720 0.943529 2.283646 -0.056030 0.974882 0.215557 0.012635 -0.967839 0.000000 -0.251571 0.025549 0.000000 0.000000 0.000000 1.000000
-0.245252 -0.222720 0.943529 2.283646 -0.056030 0.974882 0.215557 0.012635 -0.967839 0.000000 -0.251571 0.025549 0.000000 0.000000 0.000000 1.000000
-0.245252 -0.222720 0.943529 2.283646 -0.056030 0.974882 0.215557 0.012635 -0.967839 0.000000 -0.251571 0.025549 0.000000 0.000000 0.000000 1.000000
-0.245252 -0.222720 0.943529 2.283646 -0.056030 0.974882 0.215557 0.012635 -0.967839 -0.000000 -0.251571 0.025549 0.000000 0.000000 0.000000 1.000000
-0.139032 -0.222720 0.964918 2.283646 -0.031763 0.974882 0.220443 0.012635 -0.989778 0.000000 -0.142614 0.025549 0.000000 0.000000 0.000000 1.000000
0.118709 -0.222720 0.967628 2.283646 0.027120 0.974882 0.221063 0.012635 -0.992559 -0.000000 0.121767 0.025549 0.000000 0.000000 0.000000 1.000000
0.413976 -0.222720 0.882621 2.283646 0.094576 0.974882 0.201642 0.012635 -0.905361 0.000000 0.424642 0.025549 0.000000 0.000000 0.000000 1.000000
0.630820 -0.222720 0.743278 2.283646 0.144116 0.974882 0.169808 0.012635 -0.762428 0.000000 0.647073 0.025549 0.000000 0.000000 0.000000 1.000000
0.709407 -0.222720 0.668684 2.283646 0.162070 0.974882 0.152766 0.012635 -0.685912 -0.000000 0.727684 0.025549 0.000000 0.000000 0.000000 1.000000
0.670680 -0.222720 0.707520 2.283646 0.153222 0.974882 0.161639 0.012635 -0.725749 0.000000 0.687960 0.025549 0.000000 0.000000 0.000000 1.000000
0.570006 -0.222720 0.790878 2.283646 0.130223 0.974882 0.180683 0.012635 -0.811255 0.000000 0.584692 0.025549 0.000000 0.000000 0.000000 1.000000
0.436601 -0.222720 0.871651 2.283646 0.099745 0.974882 0.199136 0.012635 -0.894109 0.000000 0.447849 0.025549 0.000000 0.000000 0.000000 1.000000
0.316075 -0.222720 0.922221 2.283646 0.072210 0.974882 0.210689 0.012635 -0.945982 -0.000000 0.324219 0.025549 0.000000 0.000000 0.000000 1.000000
0.263712 -0.222720 0.938537 2.283646 0.060247 0.974882 0.214417 0.012635 -0.962718 0.000000 0.270507 0.025549 0.000000 0.000000 0.000000 1.000000
0.340936 -0.222720 0.913323 2.283646 0.077890 0.974882 0.208656 0.012635 -0.936854 0.000000 0.349720 0.025549 0.000000 0.000000 0.000000 1.000000
0.514567 -0.222720 0.828020 2.283646 0.117557 0.974882 0.189168 0.012635 -0.849354 0.000000 0.527824 0.025549 0.000000 0.000000 0.000000 1.000000
0.694752 -0.222720 0.683897 2.283646 0.158722 0.974882 0.156242 0.012635 -0.701517 -0.000000 0.712652 0.025549 0.000000 0.000000 0.000000 1.000000
0.816115 -0.222720 0.533247 2.283646 0.186448 0.974882 0.121825 0.012635 -0.546986 -0.000000 0.837142 0.025549 0.000000 0.000000 0.000000 1.000000
0.857677 -0.222720 0.463449 2.283646 0.195944 0.974882 0.105879 0.012635 -0.475390 -0.000000 0.879775 0.025549 0.000000 0.000000 0.000000 1.000000
0.811282 -0.222720 0.540572 2.283646 0.185344 0.974882 0.123498 0.012635 -0.554499 0.000000 0.832184 0.025549 0.000000 0.000000 0.000000 1.000000
0.673598 -0.222720 0.704742 2.283646 0.153889 0.974882 0.161004 0.012635 -0.722900 0.000000 0.690953 0.025549 0.000000 0.000000 0.000000 1.000000
0.467343 -0.222720 0.855562 2.283646 0.106768 0.974882 0.195460 0.012635 -0.877605 -0.000000 0.479384 0.025549 0.000000 0.000000 0.000000 1.000000
0.269155 -0.222720 0.936990 2.283646 0.061491 0.974882 0.214063 0.012635 -0.961132 0.000000 0.276090 0.025549 0.000000 0.000000 0.000000 1.000000
0.181597 -0.222720 0.957820 2.283646 0.041487 0.974882 0.218822 0.012635 -0.982498 -0.000000 0.186275 0.025549 0.000000 0.000000 0.000000 1.000000
0.181597 -0.222720 0.957820 2.283646 0.041487 0.974882 0.218822 0.012635 -0.982498 -0.000000 0.186275 0.025549 0.000000 0.000000 0.000000 1.000000
0.181597 -0.222720 0.957820 2.283646 0.041487 0.974882 0.218822 0.012635 -0.982498 -0.000000 0.186275 0.025549 0.000000 0.000000 0.000000 1.000000
0.181597 -0.222720 0.957820 2.283646 0.041487 0.974882 0.218822 0.012635 -0.982498 0.000000 0.186275 0.025549 0.000000 0.000000 0.000000 1.000000
0.181597 -0.222720 0.957820 2.283646 0.041487 0.974882 0.218822 0.012635 -0.982498 0.000000 0.186275 0.025549 0.000000 0.000000 0.000000 1.000000
0.181597 -0.222720 0.957820 2.283646 0.041487 0.974882 0.218822 0.012635 -0.982498 0.000000 0.186275 0.025549 0.000000 0.000000 0.000000 1.000000
0.124871 -0.222720 0.966852 2.283646 0.028528 0.974882 0.220885 0.012635 -0.991763 0.000000 0.128088 0.025549 0.000000 0.000000 0.000000 1.000000
-0.014264 -0.222720 0.974778 2.283646 -0.003259 0.974882 0.222696 0.012635 -0.999893 0.000000 -0.014631 0.025549 0.000000 0.000000 0.000000 1.000000
-0.165101 -0.222720 0.960800 2.283646 -0.037719 0.974882 0.219503 0.012635 -0.985555 0.000000 -0.169355 0.025549 0.000000 0.000000 0.000000 1.000000
-0.300114 -0.222720 0.927539 2.283646 -0.068563 0.974882 0.211904 0.012635 -0.951436 0.000000 -0.307846 0.025549 0.000000 0.000000 0.000000 1.000000
-0.360929 -0.222720 0.905608 2.283646 -0.082457 0.974882 0.206894 0.012635 -0.928941 0.000000 -0.370228 0.025549 0.000000 0.000000 0.000000 1.000000
-0.313673 -0.222720 0.923041 2.283646 -0.071661 0.974882 0.210876 0.012635 -0.946823 -0.000000 -0.321755 0.025549 0.000000 0.000000 0.000000 1.000000
