<?xml version="1.0" encoding="utf-8"?>
<COLLADA xmlns="http://www.collada.org/2005/11/COLLADASchema" version="1.4.1">
  <asset>
    <contributor>
      <authoring_tool>FBX COLLADA exporter</authoring_tool>
    </contributor>
    <created>2020-05-06T21:47:49Z</created>
    <modified>2020-05-06T21:47:49Z</modified>
    <unit meter="0.010000" name="centimeter"/>
    <up_axis>Y_UP</up_axis>
  </asset>
  <library_animations>
    <animation id="Hip-anim" name="Hip">
      <animation>
        <source id="Hip-Matrix-animation-input">
          <float_array id="Hip-Matrix-animation-input-array" count="40">

0.000000 0.033333 0.066667 0.100000 0.133333 0.166667 0.200000 0.233333 0.266667 0.300000 0.333333 0.366667 0.400000 0.433333 0.466667 0.500000
0.533333 0.566667 0.600000 0.633333 0.666667 0.700000 0.733333 0.766667 0.800000 0.833333 0.866667 0.900000 0.933333 0.966667 1.000000 1.033333
1.066667 1.100000 1.133333 1.166667 1.200000 1.233333 1.266667 1.300000</float_array>
          <technique_common>
            <accessor source="#Hip-Matrix-animation-input-array" count="40">
              <param name="TIME" type="float"/>
            </accessor>
          </technique_common>
        </source>
        <source id="Hip-Matrix-animation-output-transform">
          <float_array id="Hip-Matrix-animation-output-transform-array" count="640">

-0.654328 0.756211 0.000000 -0.320674 -0.595831 -0.515555 -0.615783 5.277692 -0.465662 -0.402924 0.787916 0.326611 0.000000 0.000000 0.000000 1.000000
-0.654328 0.756211 0.000000 -0.301783 -0.595831 -0.515555 -0.615783 5.277692 -0.465662 -0.402924 0.787916 0.313784 0.000000 0.000000 0.000000 1.000000
-0.654328 0.756211 0.000000 -0.250508 -0.595831 -0.515555 -0.615783 5.277692 -0.465662 -0.402924 0.787916 0.278003 0.000000 0.000000 0.000000 1.000000
-0.654328 0.756211 0.000000 -0.174945 -0.595831 -0.515555 -0.615783 5.277692 -0.465662 -0.402924 0.787916 0.223321 0.000000 0.000000 0.000000 1.000000
-0.654328 0.756211 0.000000 -0.083189 -0.595831 -0.515555 -0.615783 5.277692 -0.465662 -0.402924 0.787916 0.153787 0.000000 0.000000 0.000000 1.000000
-0.654328 0.756211 0.000000 0.016663 -0.595831 -0.515555 -0.615783 5.277692 -0.465662 -0.402924 0.787916 0.073454 0.000000 0.000000 0.000000 1.000000
-0.654328 0.756211 0.000000 0.116515 -0.595831 -0.515555 -0.615783 5.277692 -0.465662 -0.402924 0.787916 -0.013627 0.000000 0.000000 0.000000 1.000000
-0.654328 0.756211 0.000000 0.208270 -0.595831 -0.515555 -0.615783 5.277692 -0.465662 -0.402924 0.787916 -0.103405 0.000000 0.000000 0.000000 1.000000
-0.654328 0.756211 0.000000 0.283834 -0.595831 -0.515555 -0.615783 5.277692 -0.465662 -0.402924 0.787916 -0.191828 0.000000 0.000000 0.000000 1.000000
-0.654328 0.756211 0.000000 0.335109 -0.595831 -0.515555 -0.615783 5.277692 -0.465662 -0.402924 0.787916 -0.274845 0.000000 0.000000 0.000000 1.000000
-0.654328 0.756211 0.000000 0.354000 -0.595831 -0.515555 -0.615783 5.277692 -0.465662 -0.402924 0.787916 -0.348404 0.000000 0.000000 0.000000 1.000000
-0.654328 0.756211 0.000000 0.335109 -0.595831 -0.515555 -0.615783 5.277692 -0.465662 -0.402924 0.787916 -0.421952 0.000000 0.000000 0.000000 1.000000
-0.654328 0.756211 0.000000 0.283834 -0.595831 -0.515555 -0.615783 5.277692 -0.465662 -0.402924 0.787916 -0.504938 0.000000 0.000000 0.000000 1.000000
-0.654328 0.756211 0.000000 0.208270 -0.595831 -0.515555 -0.615783 5.277692 -0.465662 -0.402924 0.787916 -0.593314 0.000000 0.000000 0.000000 1.000000
-0.654328 0.756211 0.000000 0.116515 -0.595831 -0.515555 -0.615783 5.277692 -0.465662 -0.402924 0.787916 -0.683034 0.000000 0.000000 0.000000 1.000000
-0.654328 0.756211 0.000000 0.016663 -0.595831 -0.515555 -0.615783 5.277692 -0.465662 -0.402924 0.787916 -0.770053 0.000000 0.000000 0.000000 1.000000
-0.654328 0.756211 0.000000 -0.083189 -0.595831 -0.515555 -0.615783 5.277692 -0.465662 -0.402924 0.787916 -0.850324 0.000000 0.000000 0.000000 1.000000
-0.654328 0.756211 0.000000 -0.174945 -0.595831 -0.515555 -0.615783 5.277692 -0.465662 -0.402924 0.787916 -0.919800 0.000000 0.000000 0.000000 1.000000
-0.654328 0.756211 0.000000 -0.250508 -0.595831 -0.515555 -0.615783 5.277692 -0.465662 -0.402924 0.787916 -0.974436 0.000000 0.000000 0.000000 1.000000
-0.654328 0.756211 0.000000 -0.301783 -0.595831 -0.515555 -0.615783 5.277692 -0.465662 -0.402924 0.787916 -1.010185 0.000000 0.000000 0.000000 1.000000
-0.654328 0.756211 0.000000 -0.320674 -0.595831 -0.515555 -0.615783 5.277692 -0.465662 -0.402924 0.787916 -1.023000 0.000000 0.000000 0.000000 1.000000
-0.654328 0.756211 0.000000 -0.339583 -0.595831 -0.515555 -0.615783 5.277692 -0.465662 -0.402924 0.787916 -1.010432 0.000000 0.000000 0.000000 1.000000
-0.654328 0.756211 0.000000 -0.390908 -0.595831 -0.515555 -0.615783 5.277692 -0.465662 -0.402924 0.787916 -0.975314 0.000000 0.000000 0.000000 1.000000
-0.654328 0.756211 0.000000 -0.466545 -0.595831 -0.515555 -0.615783 5.277692 -0.465662 -0.402924 0.787916 -0.921525 0.000000 0.000000 0.000000 1.000000
-0.654328 0.756211 0.000000 -0.558389 -0.595831 -0.515555 -0.615783 5.277692 -0.465662 -0.402924 0.787916 -0.852943 0.000000 0.000000 0.000000 1.000000
-0.654328 0.756211 0.000000 -0.658337 -0.595831 -0.515555 -0.615783 5.277692 -0.465662 -0.402924 0.787916 -0.773447 0.000000 0.000000 0.000000 1.000000
-0.654328 0.756211 0.000000 -0.758285 -0.595831 -0.515555 -0.615783 5.277692 -0.465662 -0.402924 0.787916 -0.686915 0.000000 0.000000 0.000000 1.000000
-0.654328 0.756211 0.000000 -0.850130 -0.595831 -0.515555 -0.615783 5.277692 -0.465662 -0.402924 0.787916 -0.597226 0.000000 0.000000 0.000000 1.000000
-0.654328 0.756211 0.000000 -0.925766 -0.595831 -0.515555 -0.615783 5.277692 -0.465662 -0.402924 0.787916 -0.508258 0.000000 0.000000 0.000000 1.000000
-0.654328 0.756211 0.000000 -0.977091 -0.595831 -0.515555 -0.615783 5.277692 -0.465662 -0.402924 0.787916 -0.423890 0.000000 0.000000 0.000000 1.000000
-0.654328 0.756211 0.000000 -0.996000 -0.595831 -0.515555 -0.615783 5.277692 -0.465662 -0.402924 0.787916 -0.348000 0.000000 0.000000 0.000000 1.000000
-0.654328 0.756211 0.000000 -0.973489 -0.595831 -0.515555 -0.615783 5.277692 -0.465662 -0.402924 0.787916 -0.269713 0.000000 0.000000 0.000000 1.000000
-0.654328 0.756211 0.000000 -0.913160 -0.595831 -0.515555 -0.615783 5.277692 -0.465662 -0.402924 0.787916 -0.179357 0.000000 0.000000 0.000000 1.000000
-0.654328 0.756211 0.000000 -0.825818 -0.595831 -0.515555 -0.615783 5.277692 -0.465662 -0.402924 0.787916 -0.082613 0.000000 0.000000 0.000000 1.000000
-0.654328 0.756211 0.000000 -0.722268 -0.595831 -0.515555 -0.615783 5.277692 -0.465662 -0.402924 0.787916 0.014836 0.000000 0.000000 0.000000 1.000000
-0.654328 0.756211 0.000000 -0.613315 -0.595831 -0.515555 -0.615783 5.277692 -0.465662 -0.402924 0.787916 0.107309 0.000000 0.000000 0.000000 1.000000
-0.654328 0.756211 0.000000 -0.509766 -0.595831 -0.515555 -0.615783 5.277692 -0.465662 -0.402924 0.787916 0.189124 0.000000 0.000000 0.000000 1.000000
-0.654328 0.756211 0.000000 -0.422423 -0.595831 -0.515555 -0.615783 5.277692 -0.465662 -0.402924 0.787916 0.254598 0.000000 0.000000 0.000000 1.000000
-0.654328 0.756211 0.000000 -0.362094 -0.595831 -0.515555 -0.615783 5.277692 -0.465662 -0.402924 0.787916 0.298049 0.000000 0.000000 0.000000 1.000000
-0.654328 0.756211 0.000000 -0.339583 -0.595831 -0.515555 -0.615783 5.277692 -0.465662 -0.402924 0.787916 0.313795 0.000000 0.000000 0.000000 1.000000</float_array>
          <technique_common>
            <accessor source="#Hip-Matrix-animation-output-transform-array" count="40" stride="16">
              <param type="float4x4"/>
            </accessor>
          </technique_common>
        </source>
        <source id="Hip-Interpolations">
          <Name_array id="Hip-Interpolations-array" count="40">
 LINEAR LINEAR LINEAR LINEAR LINEAR LINEAR LINEAR LINEAR LINEAR LINEAR LINEAR
LINEAR LINEAR LINEAR LINEAR LINEAR LINEAR LINEAR LINEAR LINEAR LINEAR LINEAR LINEAR
LINEAR LINEAR LINEAR LINEAR LINEAR LINEAR LINEAR LINEAR LINEAR LINEAR LINEAR LINEAR
LINEAR LINEAR LINEAR LINEAR LINEAR</Name_array>
          <technique_common>
            <accessor source="#Hip-Interpolations-array" count="40">
              <param type="name"/>
            </accessor>
          </technique_common>
        </source>
        <sampler id="Hip-Matrix-animation-transform">
          <input semantic="INPUT" source="#Hip-Matrix-animation-input"/>
          <input semantic="OUTPUT" source="#Hip-Matrix-animation-output-transform"/>
          <input semantic="INTERPOLATION" source="#Hip-Interpolations"/>
        </sampler>
        <channel source="#Hip-Matrix-animation-transform" target="Hip/matrix"/>
      </animation>
      <animation>
        <source id="Hip-visibility-animation-input">
          <float_array id="Hip-visibility-animation-input-array" count="5">

0.000000 0.333333 0.666667 1.000000 1.300000</float_array>
          <technique_common>
            <accessor source="#Hip-visibility-animation-input-array" count="5">
              <param name="TIME" type="float"/>
            </accessor>
          </technique_common>
        </source>
        <source id="Hip-visibility-animation-output">
          <float_array id="Hip-visibility-animation-output-array" count="5">

1.000000 1.000000 1.000000 1.000000 1.000000</float_array>
          <technique_common>
            <accessor source="#Hip-visibility-animation-output-array" count="5">
              <param type="float"/>
            </accessor>
          </technique_common>
        </source>
        <source id="Hip-visibility-animation-intan">
          <float_array id="Hip-visibility-animation-intan-array" count="5">

0.000000 0.000000 0.000000 0.000000 0.000000</float_array>
          <technique_common>
            <accessor source="#Hip-visibility-animation-intan-array" count="5">
              <param type="float"/>
            </accessor>
          </technique_common>
        </source>
        <source id="Hip-visibility-animation-outtan">
          <float_array id="Hip-visibility-animation-outtan-array" count="5">

0.000000 0.000000 0.000000 0.000000 0.000000</float_array>
          <technique_common>
            <accessor source="#Hip-visibility-animation-outtan-array" count="5">
              <param type="float"/>
            </accessor>
          </technique_common>
        </source>
        <source id="Hip-visibility-animation-interpolation">
          <Name_array id="Hip-visibility-animation-interpolation-array" count="5">
 STEP STEP STEP STEP STEP</Name_array>
          <technique_common>
            <accessor source="#Hip-visibility-animation-interpolation-array" count="5">
              <param type="name"/>
            </accessor>
          </technique_common>
        </source>
        <sampler id="Hip-visibility-animation">
          <input semantic="INPUT" source="#Hip-visibility-animation-input"/>
          <input semantic="OUTPUT" source="#Hip-visibility-animation-output"/>
          <input semantic="IN_TANGENT" source="#Hip-visibility-animation-intan"/>
          <input semantic="OUT_TANGENT" source="#Hip-visibility-animation-outtan"/>
          <input semantic="INTERPOLATION" source="#Hip-visibility-animation-interpolation"/>
        </sampler>
        <channel source="#Hip-visibility-animation" target="Hip/visibility"/>
      </animation>
    </animation>
    <animation id="RB_LegTop-anim" name="RB_LegTop">
      <animation>
        <source id="RB_LegTop-Matrix-animation-input">
          <float_array id="RB_LegTop-Matrix-animation-input-array" count="40">

0.000000 0.033333 0.066667 0.100000 0.133333 0.166667 0.200000 0.233333 0.266667 0.300000 0.333333 0.366667 0.400000 0.433333 0.466667 0.500000
0.533333 0.566667 0.600000 0.633333 0.666667 0.700000 0.733333 0.766667 0.800000 0.833333 0.866667 0.900000 0.933333 0.966667 1.000000 1.033333
1.066667 1.100000 1.133333 1.166667 1.200000 1.233333 1.266667 1.300000</float_array>
          <technique_common>
            <accessor source="#RB_LegTop-Matrix-animation-input-array" count="40">
              <param name="TIME" type="float"/>
            </accessor>
          </technique_common>
        </source>
        <source id="RB_LegTop-Matrix-animation-output-transform">
          <float_array id="RB_LegTop-Matrix-animation-output-transform-array" count="640">

0.550937 -0.667052 -0.501508 1.467129 0.493805 0.745011 -0.448459 0.173375 0.672774 -0.000575 0.739848 0.207080 0.000000 0.000000 0.000000 1.000000
0.552776 -0.664643 -0.502681 1.467129 0.489209 0.747156 -0.449925 0.173375 0.674621 0.002792 0.738159 0.207080 0.000000 0.000000 0.000000 1.000000
0.557592 -0.658029 -0.506052 1.467129 0.476558 0.752898 -0.453913 0.173375 0.679694 0.011935 0.733399 0.207080 0.000000 0.000000 0.000000 1.000000
0.564282 -0.648083 -0.511443 1.467129 0.457514 0.761146 -0.459715 0.173375 0.687216 0.025416 0.726008 0.207080 0.000000 0.000000 0.000000 1.000000
0.571734 -0.635688 -0.518673 1.467129 0.433746 0.770814 -0.466594 0.173375 0.696409 0.041795 0.716427 0.207080 0.000000 0.000000 0.000000 1.000000
0.578876 -0.621807 -0.527502 1.467129 0.406994 0.780898 -0.473872 0.173375 0.706582 0.059623 0.705115 0.207080 0.000000 0.000000 0.000000 1.000000
0.584726 -0.607523 -0.537598 1.467129 0.379108 0.790518 -0.480998 0.173375 0.717198 0.077444 0.692553 0.207080 0.000000 0.000000 0.000000 1.000000
0.588415 -0.594045 -0.548523 1.467129 0.352044 0.798943 -0.487601 0.173375 0.727896 0.093807 0.679240 0.207080 0.000000 0.000000 0.000000 1.000000
0.589196 -0.582697 -0.559743 1.467129 0.327847 0.805579 -0.493516 0.173375 0.738488 0.107268 0.665680 0.207080 0.000000 0.000000 0.000000 1.000000
0.586424 -0.574871 -0.570640 1.467129 0.308613 0.809924 -0.498779 0.173375 0.748909 0.116389 0.652372 0.207080 0.000000 0.000000 0.000000 1.000000
0.579501 -0.571972 -0.580541 1.467129 0.296446 0.811488 -0.503595 0.173375 0.759143 0.119734 0.639817 0.207080 0.000000 0.000000 0.000000 1.000000
0.566502 -0.574676 -0.590612 1.467129 0.291086 0.810056 -0.508997 0.173375 0.770938 0.116428 0.626178 0.207080 0.000000 0.000000 0.000000 1.000000
0.546984 -0.581932 -0.601799 1.467129 0.290175 0.806104 -0.515747 0.173375 0.785243 0.107478 0.609789 0.207080 0.000000 0.000000 0.000000 1.000000
0.522567 -0.592470 -0.613110 1.467129 0.292633 0.800060 -0.523708 0.173375 0.800806 0.094256 0.591461 0.207080 0.000000 0.000000 0.000000 1.000000
0.494940 -0.605017 -0.623689 1.467129 0.297395 0.792368 -0.532644 0.173375 0.816450 0.078145 0.572103 0.207080 0.000000 0.000000 0.000000 1.000000
0.465916 -0.618357 -0.632896 1.467129 0.303457 0.783561 -0.542167 0.173375 0.831166 0.060548 0.552718 0.207080 0.000000 0.000000 0.000000 1.000000
0.437439 -0.631359 -0.640338 1.467129 0.309919 0.774303 -0.551729 0.173375 0.844155 0.042895 0.534380 0.207080 0.000000 0.000000 0.000000 1.000000
0.411565 -0.643002 -0.645881 1.467129 0.316004 0.765401 -0.560627 0.173375 0.854842 0.026633 0.518204 0.207080 0.000000 0.000000 0.000000 1.000000
0.390425 -0.652366 -0.649606 1.467129 0.321059 0.757789 -0.568047 0.173375 0.862838 0.013218 0.505307 0.207080 0.000000 0.000000 0.000000 1.000000
0.376177 -0.658602 -0.651716 1.467129 0.324511 0.752480 -0.573120 0.173375 0.867861 0.004106 0.496789 0.207080 0.000000 0.000000 0.000000 1.000000
0.370963 -0.660875 -0.652404 1.467129 0.325798 0.750495 -0.574989 0.173375 0.869622 0.000747 0.493718 0.207080 0.000000 0.000000 0.000000 1.000000
0.369707 -0.663265 -0.650689 1.467129 0.331023 0.748379 -0.574763 0.173375 0.868182 -0.002899 0.496237 0.207080 0.000000 0.000000 0.000000 1.000000
0.366365 -0.669674 -0.645998 1.467129 0.345294 0.742545 -0.573933 0.173375 0.864031 -0.012790 0.503277 0.207080 0.000000 0.000000 0.000000 1.000000
0.361514 -0.678911 -0.639053 1.467129 0.366466 0.733712 -0.572163 0.173375 0.857328 -0.027347 0.514044 0.207080 0.000000 0.000000 0.000000 1.000000
0.355737 -0.689787 -0.630591 1.467129 0.392381 0.722614 -0.569093 0.173375 0.848227 -0.044985 0.527720 0.207080 0.000000 0.000000 0.000000 1.000000
0.349707 -0.701194 -0.621315 1.467129 0.420904 0.710082 -0.564468 0.173375 0.836986 -0.064116 0.543456 0.207080 0.000000 0.000000 0.000000 1.000000
0.344219 -0.712151 -0.611845 1.467129 0.449965 0.697084 -0.558217 0.173375 0.824042 -0.083160 0.560392 0.207080 0.000000 0.000000 0.000000 1.000000
0.340207 -0.721822 -0.602687 1.467129 0.477588 0.684735 -0.550498 0.173375 0.810043 -0.100553 0.577685 0.207080 0.000000 0.000000 0.000000 1.000000
0.338717 -0.729509 -0.594211 1.467129 0.501908 0.674275 -0.541702 0.173375 0.795839 -0.114756 0.594535 0.207080 0.000000 0.000000 0.000000 1.000000
0.340869 -0.734605 -0.586655 1.467129 0.521161 0.667021 -0.532423 0.173375 0.782432 -0.124255 0.610214 0.207080 0.000000 0.000000 0.000000 1.000000
0.347806 -0.736515 -0.580152 1.467129 0.533633 0.664288 -0.523409 0.173375 0.770887 -0.127544 0.624072 0.207080 0.000000 0.000000 0.000000 1.000000
0.362583 -0.734597 -0.573499 1.467129 0.539393 0.667244 -0.513654 0.173375 0.759993 -0.123099 0.638167 0.207080 0.000000 0.000000 0.000000 1.000000
0.385597 -0.729170 -0.565355 1.467129 0.540208 0.675154 -0.502338 0.173375 0.747991 -0.111709 0.654240 0.207080 0.000000 0.000000 0.000000 1.000000
0.413951 -0.720979 -0.555727 1.467129 0.536919 0.686368 -0.490526 0.173375 0.735093 -0.095327 0.671231 0.207080 0.000000 0.000000 0.000000 1.000000
0.444786 -0.710816 -0.544892 1.467129 0.530480 0.699269 -0.479180 0.173375 0.721634 -0.075922 0.688099 0.207080 0.000000 0.000000 0.000000 1.000000
0.475359 -0.699614 -0.533455 1.467129 0.522019 0.712363 -0.469079 0.173375 0.708188 -0.055493 0.703840 0.207080 0.000000 0.000000 0.000000 1.000000
0.503108 -0.688498 -0.522353 1.467129 0.512844 0.724341 -0.460782 0.173375 0.695610 -0.036063 0.717514 0.207080 0.000000 0.000000 0.000000 1.000000
0.525662 -0.678774 -0.512782 1.467129 0.504409 0.734084 -0.454634 0.173375 0.685019 -0.019668 0.728260 0.207080 0.000000 0.000000 0.000000 1.000000
0.540801 -0.671874 -0.506082 1.467129 0.498241 0.740618 -0.450823 0.173375 0.677709 -0.008345 0.735282 0.207080 0.000000 0.000000 0.000000 1.000000
0.546347 -0.669262 -0.503580 1.467129 0.495860 0.743015 -0.449502 0.173375 0.675002 -0.004121 0.737804 0.207080 0.000000 0.000000 0.000000 1.000000</float_array>
          <technique_common>
            <accessor source="#RB_LegTop-Matrix-animation-output-transform-array" count="40" stride="16">
              <param type="float4x4"/>
            </accessor>
          </technique_common>
        </source>
        <source id="RB_LegTop-Interpolations">
          <Name_array id="RB_LegTop-Interpolations-array" count="40">
 LINEAR LINEAR LINEAR LINEAR LINEAR LINEAR LINEAR LINEAR LINEAR LINEAR LINEAR
LINEAR LINEAR LINEAR LINEAR LINEAR LINEAR LINEAR LINEAR LINEAR LINEAR LINEAR LINEAR
LINEAR LINEAR LINEAR LINEAR LINEAR LINEAR LINEAR LINEAR LINEAR LINEAR LINEAR LINEAR
LINEAR LINEAR LINEAR LINEAR LINEAR</Name_array>
          <technique_common>
            <accessor source="#RB_LegTop-Interpolations-array" count="40">
              <param type="name"/>
            </accessor>
          </technique_common>
        </source>
        <sampler id="RB_LegTop-Matrix-animation-transform">
          <input semantic="INPUT" source="#RB_LegTop-Matrix-animation-input"/>
          <input semantic="OUTPUT" source="#RB_LegTop-Matrix-animation-output-transform"/>
          <input semantic="INTERPOLATION" source="#RB_LegTop-Interpolations"/>
        </sampler>
        <channel source="#RB_LegTop-Matrix-animation-transform" target="RB_LegTop/matrix"/>
      </animation>
      <animation>
        <source id="RB_LegTop-visibility-animation-input">
          <float_array id="RB_LegTop-visibility-animation-input-array" count="5">

0.000000 0.333333 0.666667 1.000000 1.300000</float_array>
          <technique_common>
            <accessor source="#RB_LegTop-visibility-animation-input-array" count="5">
              <param name="TIME" type="float"/>
            </accessor>
          </technique_common>
        </source>
        <source id="RB_LegTop-visibility-animation-output">
          <float_array id="RB_LegTop-visibility-animation-output-array" count="5">

1.000000 1.000000 1.000000 1.000000 1.000000</float_array>
          <technique_common>
            <accessor source="#RB_LegTop-visibility-animation-output-array" count="5">
              <param type="float"/>
            </accessor>
          </technique_common>
        </source>
        <source id="RB_LegTop-visibility-animation-intan">
          <float_array id="RB_LegTop-visibility-animation-intan-array" count="5">

0.000000 0.000000 0.000000 0.000000 0.000000</float_array>
          <technique_common>
            <accessor source="#RB_LegTop-visibility-animation-intan-array" count="5">
              <param type="float"/>
            </accessor>
          </technique_common>
        </source>
        <source id="RB_LegTop-visibility-animation-outtan">
          <float_array id="RB_LegTop-visibility-animation-outtan-array" count="5">

0.000000 0.000000 0.000000 0.000000 0.000000</float_array>
          <technique_common>
            <accessor source="#RB_LegTop-visibility-animation-outtan-array" count="5">
              <param type="float"/>
            </accessor>
          </technique_common>
        </source>
        <source id="RB_LegTop-visibility-animation-interpolation">
          <Name_array id="RB_LegTop-visibility-animation-interpolation-array" count="5">
 STEP STEP STEP STEP STEP</Name_array>
          <technique_common>
            <accessor source="#RB_LegTop-visibility-animation-interpolation-array" count="5">
              <param type="name"/>
            </accessor>
          </technique_common>
        </source>
        <sampler id="RB_LegTop-visibility-animation">
          <input semantic="INPUT" source="#RB_LegTop-visibility-animation-input"/>
          <input semantic="OUTPUT" source="#RB_LegTop-visibility-animation-output"/>
          <input semantic="IN_TANGENT" source="#RB_LegTop-visibility-animation-intan"/>
          <input semantic="OUT_TANGENT" source="#RB_LegTop-visibility-animation-outtan"/>
          <input semantic="INTERPOLATION" source="#RB_LegTop-visibility-animation-interpolation"/>
        </sampler>
        <channel source="#RB_LegTop-visibility-animation" target="RB_LegTop/visibility"/>
      </animation>
    </animation>
    <animation id="RB_Knee1-anim" name="RB_Knee1">
      <animation>
        <source id="RB_Knee1-Matrix-animation-input">
          <float_array id="RB_Knee1-Matrix-animation-input-array" count="40">

0.000000 0.033333 0.066667 0.100000 0.133333 0.166667 0.200000 0.233333 0.266667 0.300000 0.333333 0.366667 0.400000 0.433333 0.466667 0.500000
0.533333 0.566667 0.600000 0.633333 0.666667 0.700000 0.733333 0.766667 0.800000 0.833333 0.866667 0.900000 0.933333 0.966667 1.000000 1.033333
1.066667 1.100000 1.133333 1.166667 1.200000 1.233333 1.266667 1.300000</float_array>
          <technique_common>
            <accessor source="#RB_Knee1-Matrix-animation-input-array" count="40">
              <param name="TIME" type="float"/>
            </accessor>
          </technique_common>
        </source>
        <source id="RB_Knee1-Matrix-animation-output-transform">
          <float_array id="RB_Knee1-Matrix-animation-output-transform-array" count="640">

0.114377 -0.222720 0.968150 2.283646 0.026130 0.974882 0.221182 0.012635 -0.993094 -0.000000 0.117324 0.025549 0.000000 0.000000 0.000000 1.000000
0.114377 -0.222720 0.968150 2.283646 0.026130 0.974882 0.221182 0.012635 -0.993094 0.000000 0.117324 0.025549 0.000000 0.000000 0.000000 1.000000
0.114377 -0.222720 0.968150 2.283646 0.026130 0.974882 0.221182 0.012635 -0.993094 0.000000 0.117324 0.025549 0.000000 0.000000 0.000000 1.000000
0.114377 -0.222720 0.968150 2.283646 0.026130 0.974882 0.221182 0.012635 -0.993094 0.000000 0.117324 0.025549 0.000000 0.000000 0.000000 1.000000
0.114377 -0.222720 0.968150 2.283646 0.026130 0.974882 0.221182 0.012635 -0.993094 0.000000 0.117324 0.025549 0.000000 0.000000 0.000000 1.000000
0.114377 -0.222720 0.968150 2.283646 0.026130 0.974882 0.221182 0.012635 -0.993094 0.000000 0.117324 0.025549 0.000000 0.000000 0.000000 1.000000
0.114377 -0.222720 0.968150 2.283646 0.026130 0.974882 0.221182 0.012635 -0.993094 0.000000 0.117324 0.025549 0.000000 0.000000 0.000000 1.000000
0.114377 -0.222720 0.968150 2.283646 0.026130 0.974882 0.221182 0.012635 -0.993094 0.000000 0.117324 0.025549 0.000000 0.000000 0.000000 1.000000
0.114377 -0.222720 0.968150 2.283646 0.026130 0.974882 0.221182 0.012635 -0.993094 0.000000 0.117324 0.025549 0.000000 0.000000 0.000000 1.000000
0.114377 -0.222720 0.968150 2.283646 0.026130 0.974882 0.221182 0.012635 -0.993094 0.000000 0.117324 0.025549 0.000000 0.000000 0.000000 1.000000
0.114377 -0.222720 0.968150 2.283646 0.026130 0.974882 0.221182 0.012635 -0.993094 0.000000 0.117324 0.025549 0.000000 0.000000 0.000000 1.000000
0.114377 -0.222720 0.968150 2.283646 0.026130 0.974882 0.221182 0.012635 -0.993094 0.000000 0.117324 0.025549 0.000000 0.000000 0.000000 1.000000
0.114377 -0.222720 0.968150 2.283646 0.026130 0.974882 0.221182 0.012635 -0.993094 0.000000 0.117324 0.025549 0.000000 0.000000 0.000000 1.000000
0.114377 -0.222720 0.968150 2.283646 0.026130 0.974882 0.221182 0.012635 -0.993094 0.000000 0.117324 0.025549 0.000000 0.000000 0.000000 1.000000
0.114377 -0.222720 0.968150 2.283646 0.026130 0.974882 0.221182 0.012635 -0.993094 0.000000 0.117324 0.025549 0.000000 0.000000 0.000000 1.000000
0.114377 -0.222720 0.968150 2.283646 0.026130 0.974882 0.221182 0.012635 -0.993094 0.000000 0.117324 0.025549 0.000000 0.000000 0.000000 1.000000
0.114377 -0.222720 0.968150 2.283646 0.026130 0.974882 0.221182 0.012635 -0.993094 0.000000 0.117324 0.025549 0.000000 0.000000 0.000000 1.000000
0.114377 -0.222720 0.968150 2.283646 0.026130 0.974882 0.221182 0.012635 -0.993094 0.000000 0.117324 0.025549 0.000000 0.000000 0.000000 1.000000
0.114377 -0.222720 0.968150 2.283646 0.026130 0.974882 0.221182 0.012635 -0.993094 0.000000 0.117324 0.025549 0.000000 0.000000 0.000000 1.000000
0.114377 -0.222720 0.968150 2.283646 0.026130 0.974882 0.221182 0.012635 -0.993094 0.000000 0.117324 0.025549 0.000000 0.000000 0.000000 1.000000
0.114377 -0.222720 0.968150 2.283646 0.026130 0.974882 0.221182 0.012635 -0.993094 0.000000 0.117324 0.025549 0.000000 0.000000 0.000000 1.000000
0.114377 -0.222720 0.968150 2.283646 0.026130 0.974882 0.221182 0.012635 -0.993094 0.000000 0.117324 0.025549 0.000000 0.000000 0.000000 1.000000
0.114377 -0.222720 0.968150 2.283646 0.026130 0.974882 0.221182 0.012635 -0.993094 0.000000 0.117324 0.025549 0.000000 0.000000 0.000000 1.000000
0.114377 -0.222720 0.968150 2.283646 0.026130 0.974882 0.221182 0.012635 -0.993094 -0.000000 0.117324 0.025549 0.000000 0.000000 0.000000 1.000000
0.114377 -0.222720 0.968150 2.283646 0.026130 0.974882 0.221182 0.012635 -0.993094 -0.000000 0.117324 0.025549 0.000000 0.000000 0.000000 1.000000
0.114377 -0.222720 0.968150 2.283646 0.026130 0.974882 0.221182 0.012635 -0.993094 -0.000000 0.117324 0.025549 0.000000 0.000000 0.000000 1.000000
0.114377 -0.222720 0.968150 2.283646 0.026130 0.974882 0.221182 0.012635 -0.993094 0.000000 0.117324 0.025549 0.000000 0.000000 0.000000 1.000000
0.114377 -0.222720 0.968150 2.283646 0.026130 0.974882 0.221182 0.012635 -0.993094 -0.000000 0.117324 0.025549 0.000000 0.000000 0.000000 1.000000
0.114377 -0.222720 0.968150 2.283646 0.026130 0.974882 0.221182 0.012635 -0.993094 0.000000 0.117324 0.025549 0.000000 0.000000 0.000000 1.000000
0.114377 -0.222720 0.968150 2.283646 0.026130 0.974882 0.221182 0.012635 -0.993094 0.000000 0.117324 0.025549 0.000000 0.000000 0.000000 1.000000
0.114377 -0.222720 0.968150 2.283646 0.026130 0.974882 0.221182 0.012635 -0.993094 0.000000 0.117324 0.025549 0.000000 0.000000 0.000000 1.000000
0.114377 -0.222720 0.968150 2.283646 0.026130 0.974882 0.221182 0.012635 -0.993094 -0.000000 0.117324 0.025549 0.000000 0.000000 0.000000 1.000000
0.114377 -0.222720 0.968150 2.283646 0.026130 0.974882 0.221182 0.012635 -0.993094 -0.000000 0.117324 0.025549 0.000000 0.000000 0.000000 1.000000
0.114377 -0.222720 0.968150 2.283646 0.026130 0.974882 0.221182 0.012635 -0.993094 0.000000 0.117324 0.025549 0.000000 0.000000 0.000000 1.000000
0.114377 -0.222720 0.968150 2.283646 0.026130 0.974882 0.221182 0.012635 -0.993094 0.000000 0.117324 0.025549 0.000000 0.000000 0.000000 1.000000
0.114377 -0.222720 0.968150 2.283646 0.026130 0.974882 0.221182 0.012635 -0.993094 0.000000 0.117324 0.025549 0.000000 0.000000 0.000000 1.000000
0.114377 -0.222720 0.968150 2.283646 0.026130 0.974882 0.221182 0.012635 -0.993094 -0.000000 0.117324 0.025549 0.000000 0.000000 0.000000 1.000000
0.114377 -0.222720 0.968150 2.283646 0.026130 0.974882 0.221182 0.012635 -0.993094 -0.000000 0.117324 0.025549 0.000000 0.000000 0.000000 1.000000
0.114377 -0.222720 0.968150 2.283646 0.026130 0.974882 0.221182 0.012635 -0.993094 -0.000000 0.117324 0.025549 0.000000 0.000000 0.000000 1.000000
0.114377 -0.222720 0.968150 2.283646 0.026130 0.974882 0.221182 0.012635 -0.993094 -0.000000 0.117324 0.025549 0.000000 0.000000 0.000000 1.000000</float_array>
          <technique_common>
            <accessor source="#RB_Knee1-Matrix-animation-output-transform-array" count="40" stride="16">
              <param type="float4x4"/>
            </accessor>
          </technique_common>
        </source>
        <source id="RB_Knee1-Interpolations">
          <Name_array id="RB_Knee1-Interpolations-array" count="40">
 LINEAR LINEAR LINEAR LINEAR LINEAR LINEAR LINEAR LINEAR LINEAR LINEAR LINEAR
LINEAR LINEAR LINEAR LINEAR LINEAR LINEAR LINEAR LINEAR LINEAR LINEAR LINEAR LINEAR
LINEAR LINEAR LINEAR LINEAR LINEAR LINEAR LINEAR LINEAR LINEAR LINEAR LINEAR LINEAR
LINEAR LINEAR LINEAR LINEAR LINEAR</Name_array>
          <technique_common>
            <accessor source="#RB_Knee1-Interpolations-array" count="40">
              <param type="name"/>
            </accessor>
          </technique_common>
        </source>
        <sampler id="RB_Knee1-Matrix-animation-transform">
          <input semantic="INPUT" source="#RB_Knee1-Matrix-animation-input"/>
          <input semantic="OUTPUT" source="#RB_Knee1-Matrix-animation-output-transform"/>
          <input semantic="INTERPOLATION" source="#RB_Knee1-Interpolations"/>
        </sampler>
        <channel source="#RB_Knee1-Matrix-animation-transform" target="RB_Knee1/matrix"/>
      </animation>
      <animation>
        <source id="RB_Knee1-visibility-animation-input">
          <float_array id="RB_Knee1-visibility-animation-input-array" count="5">

0.000000 0.333333 0.666667 1.000000 1.300000</float_array>
          <technique_common>
            <accessor source="#RB_Knee1-visibility-animation-input-array" count="5">
              <param name="TIME" type="float"/>
            </accessor>
          </technique_common>
        </source>
        <source id="RB_Knee1-visibility-animation-output">
          <float_array id="RB_Knee1-visibility-animation-output-array" count="5">

1.000000 1.000000 1.000000 1.000000 1.000000</float_array>
          <technique_common>
            <accessor source="#RB_Knee1-visibility-animation-output-array" count="5">
              <param type="float"/>
            </accessor>
          </technique_common>
        </source>
        <source id="RB_Knee1-visibility-animation-intan">
          <float_array id="RB_Knee1-visibility-animation-intan-array" count="5">

0.000000 0.000000 0.000000 0.000000 0.000000</float_array>
          <technique_common>
            <accessor source="#RB_Knee1-visibility-animation-intan-array" count="5">
              <param type="float"/>
            </accessor>
          </technique_common>
        </source>
        <source id="RB_Knee1-visibility-animation-outtan">
          <float_array id="RB_Knee1-visibility-animation-outtan-array" count="5">

0.000000 0.000000 0.000000 0.000000 0.000000</float_array>
          <technique_common>
            <accessor source="#RB_Knee1-visibility-animation-outtan-array" count="5">
              <param type="float"/>
            </accessor>
          </technique_common>
        </source>
        <source id="RB_Knee1-visibility-animation-interpolation">
          <Name_array id="RB_Knee1-visibility-animation-interpolation-array" count="5">
 STEP STEP STEP STEP STEP</Name_array>
          <technique_common>
            <accessor source="#RB_Knee1-visibility-animation-interpolation-array" count="5">
              <param type="name"/>
            </accessor>
          </technique_common>
        </source>
        <sampler id="RB_Knee1-visibility-animation">
          <input semantic="INPUT" source="#RB_Knee1-visibility-animation-input"/>
          <input semantic="OUTPUT" source="#RB_Knee1-visibility-animation-output"/>
          <input semantic="IN_TANGENT" source="#RB_Knee1-visibility-animation-intan"/>
          <input semantic="OUT_TANGENT" source="#RB_Knee1-visibility-animation-outtan"/>
          <input semantic="INTERPOLATION" source="#RB_Knee1-visibility-animation-interpolation"/>
        </sampler>
        <channel source="#RB_Knee1-visibility-animation" target="RB_Knee1/visibility"/>
      </animation>
    </animation>
    <animation id="RB_Knee2-anim" name="RB_Knee2">
      <animation>
        <source id="RB_Knee2-Matrix-animation-input">
          <float_array id="RB_Knee2-Matrix-animation-input-array" count="40">

0.000000 0.033333 0.066667 0.100000 0.133333 0.166667 0.200000 0.233333 0.266667 0.300000 0.333333 0.366667 0.400000 0.433333 0.466667 0.500000
0.533333 0.566667 0.600000 0.633333 0.666667 0.700000 0.733333 0.766667 0.800000 0.833333 0.866667 0.900000 0.933333 0.966667 1.000000 1.033333
1.066667 1.100000 1.133333 1.166667 1.200000 1.233333 1.266667 1.300000</float_array>
          <technique_common>
            <accessor source="#RB_Knee2-Matrix-animation-input-array" count="40">
              <param name="TIME" type="float"/>
            </accessor>
          </technique_common>
        </source>
        <source id="RB_Knee2-Matrix-animation-output-transform">
          <float_array id="RB_Knee2-Matrix-animation-output-transform-array" count="640">

0.306705 0.018880 -0.951617 1.566185 -0.061440 0.998111 -0.000000 0.084060 0.949819 0.058467 0.307286 -0.081977 0.000000 0.000000 0.000000 1.000000
0.306705 0.018880 -0.951617 1.566185 -0.061440 0.998111 -0.000000 0.084060 0.949819 0.058467 0.307286 -0.081977 0.000000 0.000000 0.000000 1.000000
0.306705 0.018880 -0.951617 1.566185 -0.061440 0.998111 -0.000000 0.084060 0.949819 0.058467 0.307286 -0.081977 0.000000 0.000000 0.000000 1.000000
0.306705 0.018880 -0.951617 1.566185 -0.061440 0.998111 -0.000000 0.084060 0.949819 0.058467 0.307286 -0.081977 0.000000 0.000000 0.000000 1.000000
0.306705 0.018880 -0.951617 1.566185 -0.061440 0.998111 -0.000000 0.084060 0.949819 0.058467 0.307286 -0.081977 0.000000 0.000000 0.000000 1.000000
0.306705 0.018880 -0.951617 1.566185 -0.061440 0.998111 -0.000000 0.084060 0.949819 0.058467 0.307286 -0.081977 0.000000 0.000000 0.000000 1.000000
0.306705 0.018880 -0.951617 1.566185 -0.061440 0.998111 -0.000000 0.084060 0.949819 0.058467 0.307286 -0.081977 0.000000 0.000000 0.000000 1.000000
0.306705 0.018880 -0.951617 1.566185 -0.061440 0.998111 -0.000000 0.084060 0.949819 0.058467 0.307286 -0.081977 0.000000 0.000000 0.000000 1.000000
0.306705 0.018880 -0.951617 1.566185 -0.061440 0.998111 -0.000000 0.084060 0.949819 0.058467 0.307286 -0.081977 0.000000 0.000000 0.000000 1.000000
0.306705 0.018880 -0.951617 1.566185 -0.061440 0.998111 -0.000000 0.084060 0.949819 0.058467 0.307286 -0.081977 0.000000 0.000000 0.000000 1.000000
0.306705 0.018880 -0.951617 1.566185 -0.061440 0.998111 -0.000000 0.084060 0.949819 0.058467 0.307286 -0.081977 0.000000 0.000000 0.000000 1.000000
0.306705 0.018880 -0.951617 1.566185 -0.061440 0.998111 -0.000000 0.084060 0.949819 0.058467 0.307286 -0.081977 0.000000 0.000000 0.000000 1.000000
0.306705 0.018880 -0.951617 1.566185 -0.061440 0.998111 -0.000000 0.084060 0.949819 0.058467 0.307286 -0.081977 0.000000 0.000000 0.000000 1.000000
0.306705 0.018880 -0.951617 1.566185 -0.061440 0.998111 -0.000000 0.084060 0.949819 0.058467 0.307286 -0.081977 0.000000 0.000000 0.000000 1.000000
0.306705 0.018880 -0.951617 1.566185 -0.061440 0.998111 -0.000000 0.084060 0.949819 0.058467 0.307286 -0.081977 0.000000 0.000000 0.000000 1.000000
0.306705 0.018880 -0.951617 1.566185 -0.061440 0.998111 -0.000000 0.084060 0.949819 0.058467 0.307286 -0.081977 0.000000 0.000000 0.000000 1.000000
0.306705 0.018880 -0.951617 1.566185 -0.061440 0.998111 -0.000000 0.084060 0.949819 0.058467 0.307286 -0.081977 0.000000 0.000000 0.000000 1.000000
0.306705 0.018880 -0.951617 1.566185 -0.061440 0.998111 -0.000000 0.084060 0.949819 0.058467 0.307286 -0.081977 0.000000 0.000000 0.000000 1.000000
0.306705 0.018880 -0.951617 1.566185 -0.061440 0.998111 -0.000000 0.084060 0.949819 0.058467 0.307286 -0.081977 0.000000 0.000000 0.000000 1.000000
0.306705 0.018880 -0.951617 1.566185 -0.061440 0.998111 -0.000000 0.084060 0.949819 0.058467 0.307286 -0.081977 0.000000 0.000000 0.000000 1.000000
0.306705 0.018880 -0.951617 1.566185 -0.061440 0.998111 -0.000000 0.084060 0.949819 0.058467 0.307286 -0.081977 0.000000 0.000000 0.000000 1.000000
0.306705 0.018880 -0.951617 1.566185 -0.061440 0.998111 -0.000000 0.084060 0.949819 0.058467 0.307286 -0.081977 0.000000 0.000000 0.000000 1.000000
0.306705 0.018880 -0.951617 1.566185 -0.061440 0.998111 -0.000000 0.084060 0.949819 0.058467 0.307286 -0.081977 0.000000 0.000000 0.000000 1.000000
0.306705 0.018880 -0.951617 1.566185 -0.061440 0.998111 -0.000000 0.084060 0.949819 0.058467 0.307286 -0.081977 0.000000 0.000000 0.000000 1.000000
0.306705 0.018880 -0.951617 1.566185 -0.061440 0.998111 -0.000000 0.084060 0.949819 0.058467 0.307286 -0.081977 0.000000 0.000000 0.000000 1.000000
0.306705 0.018880 -0.951617 1.566185 -0.061440 0.998111 -0.000000 0.084060 0.949819 0.058467 0.307286 -0.081977 0.000000 0.000000 0.000000 1.000000
0.306705 0.018880 -0.951617 1.566185 -0.061440 0.998111 -0.000000 0.084060 0.949819 0.058467 0.307286 -0.081977 0.000000 0.000000 0.000000 1.000000
0.306705 0.018880 -0.951617 1.566185 -0.061440 0.998111 -0.000000 0.084060 0.949819 0.058467 0.307286 -0.081977 0.000000 0.000000 0.000000 1.000000
0.306705 0.018880 -0.951617 1.566185 -0.061440 0.998111 -0.000000 0.084060 0.949819 0.058467 0.307286 -0.081977 0.000000 0.000000 0.000000 1.000000
0.306705 0.018880 -0.951617 1.566185 -0.061440 0.998111 -0.000000 0.084060 0.949819 0.058467 0.307286 -0.081977 0.000000 0.000000 0.000000 1.000000
0.306705 0.018880 -0.951617 1.566185 -0.061440 0.998111 -0.000000 0.084060 0.949819 0.058467 0.307286 -0.081977 0.000000 0.000000 0.000000 1.000000
0.306705 0.018880 -0.951617 1.566185 -0.061440 0.998111 -0.000000 0.084060 0.949819 0.058467 0.307286 -0.081977 0.000000 0.000000 0.000000 1.000000
0.306705 0.018880 -0.951617 1.566185 -0.061440 0.998111 -0.000000 0.084060 0.949819 0.058467 0.307286 -0.081977 0.000000 0.000000 0.000000 1.000000
0.306705 0.018880 -0.951617 1.566185 -0.061440 0.998111 -0.000000 0.084060 0.949819 0.058467 0.307286 -0.081977 0.000000 0.000000 0.000000 1.000000
0.306705 0.018880 -0.951617 1.566185 -0.061440 0.998111 -0.000000 0.084060 0.949819 0.058467 0.307286 -0.081977 0.000000 0.000000 0.000000 1.000000
0.306705 0.018880 -0.951617 1.566185 -0.061440 0.998111 -0.000000 0.084060 0.949819 0.058467 0.307286 -0.081977 0.000000 0.000000 0.000000 1.000000
0.306705 0.018880 -0.951617 1.566185 -0.061440 0.998111 -0.000000 0.084060 0.949819 0.058467 0.307286 -0.081977 0.000000 0.000000 0.000000 1.000000
0.306705 0.018880 -0.951617 1.566185 -0.061440 0.998111 -0.000000 0.084060 0.949819 0.058467 0.307286 -0.081977 0.000000 0.000000 0.000000 1.000000
0.306705 0.018880 -0.951617 1.566185 -0.061440 0.998111 -0.000000 0.084060 0.949819 0.058467 0.307286 -0.081977 0.000000 0.000000 0.000000 1.000000
