<?xml version="1.0" encoding="utf-8"?>
<COLLADA xmlns="http://www.collada.org/2005/11/COLLADASchema" version="1.4.1">
  <asset>
    <contributor>
      <authoring_tool>FBX COLLADA exporter</authoring_tool>
    </contributor>
    <created>2020-04-29T08:50:05Z</created>
    <modified>2020-04-29T08:50:05Z</modified>
    <unit meter="0.010000" name="centimeter"/>
    <up_axis>Y_UP</up_axis>
  </asset>
  <library_animations>
    <animation id="Idle_Hip-anim" name="Idle_Hip">
      <animation>
        <source id="Idle_Hip-Matrix-animation-input">
          <float_array id="Idle_Hip-Matrix-animation-input-array" count="61">

0.000000 0.033333 0.066667 0.100000 0.133333 0.166667 0.200000 0.233333 0.266667 0.300000 0.333333 0.366667 0.400000 0.433333 0.466667 0.500000
0.533333 0.566667 0.600000 0.633333 0.666667 0.700000 0.733333 0.766667 0.800000 0.833333 0.866667 0.900000 0.933333 0.966667 1.000000 1.033333
1.066667 1.100000 1.133333 1.166667 1.200000 1.233333 1.266667 1.300000 1.333333 1.366667 1.400000 1.433333 1.466667 1.500000 1.533333 1.566667
1.600000 1.633333 1.666667 1.700000 1.733333 1.766667 1.800000 1.833333 1.866667 1.900000 1.933333 1.966667 2.000000</float_array>
          <technique_common>
            <accessor source="#Idle_Hip-Matrix-animation-input-array" count="61">
              <param name="TIME" type="float"/>
            </accessor>
          </technique_common>
        </source>
        <source id="Idle_Hip-Matrix-animation-output-transform">
          <float_array id="Idle_Hip-Matrix-animation-output-transform-array" count="976">

-0.654328 0.756211 0.000000 -0.320674 -0.595831 -0.515555 -0.615783 9.852866 -0.465662 -0.402924 0.787916 -0.128590 0.000000 0.000000 0.000000 1.000000
-0.654328 0.756211 0.000000 -0.320674 -0.595831 -0.515555 -0.615783 9.854142 -0.465662 -0.402924 0.787916 -0.128590 0.000000 0.000000 0.000000 1.000000
-0.654328 0.756211 0.000000 -0.320674 -0.595831 -0.515555 -0.615783 9.857732 -0.465662 -0.402924 0.787916 -0.128590 0.000000 0.000000 0.000000 1.000000
-0.654328 0.756211 0.000000 -0.320674 -0.595831 -0.515555 -0.615783 9.863280 -0.465662 -0.402924 0.787916 -0.128590 0.000000 0.000000 0.000000 1.000000
-0.654328 0.756211 0.000000 -0.320674 -0.595831 -0.515555 -0.615783 9.870430 -0.465662 -0.402924 0.787916 -0.128590 0.000000 0.000000 0.000000 1.000000
-0.654328 0.756211 0.000000 -0.320674 -0.595831 -0.515555 -0.615783 9.878826 -0.465662 -0.402924 0.787916 -0.128590 0.000000 0.000000 0.000000 1.000000
-0.654328 0.756211 0.000000 -0.320674 -0.595831 -0.515555 -0.615783 9.888114 -0.465662 -0.402924 0.787916 -0.128590 0.000000 0.000000 0.000000 1.000000
-0.654328 0.756211 0.000000 -0.320674 -0.595831 -0.515555 -0.615783 9.897934 -0.465662 -0.402924 0.787916 -0.128590 0.000000 0.000000 0.000000 1.000000
-0.654328 0.756211 0.000000 -0.320674 -0.595831 -0.515555 -0.615783 9.907932 -0.465662 -0.402924 0.787916 -0.128590 0.000000 0.000000 0.000000 1.000000
-0.654328 0.756211 0.000000 -0.320674 -0.595831 -0.515555 -0.615783 9.917752 -0.465662 -0.402924 0.787916 -0.128590 0.000000 0.000000 0.000000 1.000000
-0.654328 0.756211 0.000000 -0.320674 -0.595831 -0.515555 -0.615783 9.927040 -0.465662 -0.402924 0.787916 -0.128590 0.000000 0.000000 0.000000 1.000000
-0.654328 0.756211 0.000000 -0.320674 -0.595831 -0.515555 -0.615783 9.935436 -0.465662 -0.402924 0.787916 -0.128590 0.000000 0.000000 0.000000 1.000000
-0.654328 0.756211 0.000000 -0.320674 -0.595831 -0.515555 -0.615783 9.942586 -0.465662 -0.402924 0.787916 -0.128590 0.000000 0.000000 0.000000 1.000000
-0.654328 0.756211 0.000000 -0.320674 -0.595831 -0.515555 -0.615783 9.948134 -0.465662 -0.402924 0.787916 -0.128590 0.000000 0.000000 0.000000 1.000000
-0.654328 0.756211 0.000000 -0.320674 -0.595831 -0.515555 -0.615783 9.951724 -0.465662 -0.402924 0.787916 -0.128590 0.000000 0.000000 0.000000 1.000000
-0.654328 0.756211 0.000000 -0.320674 -0.595831 -0.515555 -0.615783 9.953000 -0.465662 -0.402924 0.787916 -0.128590 0.000000 0.000000 0.000000 1.000000
-0.654328 0.756211 0.000000 -0.320674 -0.595831 -0.515555 -0.615783 9.951724 -0.465662 -0.402924 0.787916 -0.128590 0.000000 0.000000 0.000000 1.000000
-0.654328 0.756211 0.000000 -0.320674 -0.595831 -0.515555 -0.615783 9.948134 -0.465662 -0.402924 0.787916 -0.128590 0.000000 0.000000 0.000000 1.000000
-0.654328 0.756211 0.000000 -0.320674 -0.595831 -0.515555 -0.615783 9.942586 -0.465662 -0.402924 0.787916 -0.128590 0.000000 0.000000 0.000000 1.000000
-0.654328 0.756211 0.000000 -0.320674 -0.595831 -0.515555 -0.615783 9.935436 -0.465662 -0.402924 0.787916 -0.128590 0.000000 0.000000 0.000000 1.000000
-0.654328 0.756211 0.000000 -0.320674 -0.595831 -0.515555 -0.615783 9.927040 -0.465662 -0.402924 0.787916 -0.128590 0.000000 0.000000 0.000000 1.000000
-0.654328 0.756211 0.000000 -0.320674 -0.595831 -0.515555 -0.615783 9.917752 -0.465662 -0.402924 0.787916 -0.128590 0.000000 0.000000 0.000000 1.000000
-0.654328 0.756211 0.000000 -0.320674 -0.595831 -0.515555 -0.615783 9.907932 -0.465662 -0.402924 0.787916 -0.128590 0.000000 0.000000 0.000000 1.000000
-0.654328 0.756211 0.000000 -0.320674 -0.595831 -0.515555 -0.615783 9.897934 -0.465662 -0.402924 0.787916 -0.128590 0.000000 0.000000 0.000000 1.000000
-0.654328 0.756211 0.000000 -0.320674 -0.595831 -0.515555 -0.615783 9.888114 -0.465662 -0.402924 0.787916 -0.128590 0.000000 0.000000 0.000000 1.000000
-0.654328 0.756211 0.000000 -0.320674 -0.595831 -0.515555 -0.615783 9.878826 -0.465662 -0.402924 0.787916 -0.128590 0.000000 0.000000 0.000000 1.000000
-0.654328 0.756211 0.000000 -0.320674 -0.595831 -0.515555 -0.615783 9.870430 -0.465662 -0.402924 0.787916 -0.128590 0.000000 0.000000 0.000000 1.000000
-0.654328 0.756211 0.000000 -0.320674 -0.595831 -0.515555 -0.615783 9.863280 -0.465662 -0.402924 0.787916 -0.128590 0.000000 0.000000 0.000000 1.000000
-0.654328 0.756211 0.000000 -0.320674 -0.595831 -0.515555 -0.615783 9.857732 -0.465662 -0.402924 0.787916 -0.128590 0.000000 0.000000 0.000000 1.000000
-0.654328 0.756211 0.000000 -0.320674 -0.595831 -0.515555 -0.615783 9.854142 -0.465662 -0.402924 0.787916 -0.128590 0.000000 0.000000 0.000000 1.000000
-0.654328 0.756211 0.000000 -0.320674 -0.595831 -0.515555 -0.615783 9.852866 -0.465662 -0.402924 0.787916 -0.128590 0.000000 0.000000 0.000000 1.000000
-0.654328 0.756211 0.000000 -0.320674 -0.595831 -0.515555 -0.615783 9.854142 -0.465662 -0.402924 0.787916 -0.128590 0.000000 0.000000 0.000000 1.000000
-0.654328 0.756211 0.000000 -0.320674 -0.595831 -0.515555 -0.615783 9.857732 -0.465662 -0.402924 0.787916 -0.128590 0.000000 0.000000 0.000000 1.000000
-0.654328 0.756211 0.000000 -0.320674 -0.595831 -0.515555 -0.615783 9.863280 -0.465662 -0.402924 0.787916 -0.128590 0.000000 0.000000 0.000000 1.000000
-0.654328 0.756211 0.000000 -0.320674 -0.595831 -0.515555 -0.615783 9.870430 -0.465662 -0.402924 0.787916 -0.128590 0.000000 0.000000 0.000000 1.000000
-0.654328 0.756211 0.000000 -0.320674 -0.595831 -0.515555 -0.615783 9.878826 -0.465662 -0.402924 0.787916 -0.128590 0.000000 0.000000 0.000000 1.000000
-0.654328 0.756211 0.000000 -0.320674 -0.595831 -0.515555 -0.615783 9.888114 -0.465662 -0.402924 0.787916 -0.128590 0.000000 0.000000 0.000000 1.000000
-0.654328 0.756211 0.000000 -0.320674 -0.595831 -0.515555 -0.615783 9.897934 -0.465662 -0.402924 0.787916 -0.128590 0.000000 0.000000 0.000000 1.000000
-0.654328 0.756211 0.000000 -0.320674 -0.595831 -0.515555 -0.615783 9.907932 -0.465662 -0.402924 0.787916 -0.128590 0.000000 0.000000 0.000000 1.000000
-0.654328 0.756211 0.000000 -0.320674 -0.595831 -0.515555 -0.615783 9.917752 -0.465662 -0.402924 0.787916 -0.128590 0.000000 0.000000 0.000000 1.000000
-0.654328 0.756211 0.000000 -0.320674 -0.595831 -0.515555 -0.615783 9.927040 -0.465662 -0.402924 0.787916 -0.128590 0.000000 0.000000 0.000000 1.000000
-0.654328 0.756211 0.000000 -0.320674 -0.595831 -0.515555 -0.615783 9.935436 -0.465662 -0.402924 0.787916 -0.128590 0.000000 0.000000 0.000000 1.000000
-0.654328 0.756211 0.000000 -0.320674 -0.595831 -0.515555 -0.615783 9.942586 -0.465662 -0.402924 0.787916 -0.128590 0.000000 0.000000 0.000000 1.000000
-0.654328 0.756211 0.000000 -0.320674 -0.595831 -0.515555 -0.615783 9.948134 -0.465662 -0.402924 0.787916 -0.128590 0.000000 0.000000 0.000000 1.000000
-0.654328 0.756211 0.000000 -0.320674 -0.595831 -0.515555 -0.615783 9.951724 -0.465662 -0.402924 0.787916 -0.128590 0.000000 0.000000 0.000000 1.000000
-0.654328 0.756211 0.000000 -0.320674 -0.595831 -0.515555 -0.615783 9.953000 -0.465662 -0.402924 0.787916 -0.128590 0.000000 0.000000 0.000000 1.000000
-0.654328 0.756211 0.000000 -0.320674 -0.595831 -0.515555 -0.615783 9.951724 -0.465662 -0.402924 0.787916 -0.128590 0.000000 0.000000 0.000000 1.000000
-0.654328 0.756211 0.000000 -0.320674 -0.595831 -0.515555 -0.615783 9.948134 -0.465662 -0.402924 0.787916 -0.128590 0.000000 0.000000 0.000000 1.000000
-0.654328 0.756211 0.000000 -0.320674 -0.595831 -0.515555 -0.615783 9.942586 -0.465662 -0.402924 0.787916 -0.128590 0.000000 0.000000 0.000000 1.000000
-0.654328 0.756211 0.000000 -0.320674 -0.595831 -0.515555 -0.615783 9.935436 -0.465662 -0.402924 0.787916 -0.128590 0.000000 0.000000 0.000000 1.000000
-0.654328 0.756211 0.000000 -0.320674 -0.595831 -0.515555 -0.615783 9.927040 -0.465662 -0.402924 0.787916 -0.128590 0.000000 0.000000 0.000000 1.000000
-0.654328 0.756211 0.000000 -0.320674 -0.595831 -0.515555 -0.615783 9.917752 -0.465662 -0.402924 0.787916 -0.128590 0.000000 0.000000 0.000000 1.000000
-0.654328 0.756211 0.000000 -0.320674 -0.595831 -0.515555 -0.615783 9.907932 -0.465662 -0.402924 0.787916 -0.128590 0.000000 0.000000 0.000000 1.000000
-0.654328 0.756211 0.000000 -0.320674 -0.595831 -0.515555 -0.615783 9.897934 -0.465662 -0.402924 0.787916 -0.128590 0.000000 0.000000 0.000000 1.000000
-0.654328 0.756211 0.000000 -0.320674 -0.595831 -0.515555 -0.615783 9.888114 -0.465662 -0.402924 0.787916 -0.128590 0.000000 0.000000 0.000000 1.000000
-0.654328 0.756211 0.000000 -0.320674 -0.595831 -0.515555 -0.615783 9.878826 -0.465662 -0.402924 0.787916 -0.128590 0.000000 0.000000 0.000000 1.000000
-0.654328 0.756211 0.000000 -0.320674 -0.595831 -0.515555 -0.615783 9.870430 -0.465662 -0.402924 0.787916 -0.128590 0.000000 0.000000 0.000000 1.000000
-0.654328 0.756211 0.000000 -0.320674 -0.595831 -0.515555 -0.615783 9.863280 -0.465662 -0.402924 0.787916 -0.128590 0.000000 0.000000 0.000000 1.000000
-0.654328 0.756211 0.000000 -0.320674 -0.595831 -0.515555 -0.615783 9.857732 -0.465662 -0.402924 0.787916 -0.128590 0.000000 0.000000 0.000000 1.000000
-0.654328 0.756211 0.000000 -0.320674 -0.595831 -0.515555 -0.615783 9.854142 -0.465662 -0.402924 0.787916 -0.128590 0.000000 0.000000 0.000000 1.000000
-0.654328 0.756211 0.000000 -0.320674 -0.595831 -0.515555 -0.615783 9.852866 -0.465662 -0.402924 0.787916 -0.128590 0.000000 0.000000 0.000000 1.000000</float_array>
          <technique_common>
            <accessor source="#Idle_Hip-Matrix-animation-output-transform-array" count="61" stride="16">
              <param type="float4x4"/>
            </accessor>
          </technique_common>
        </source>
        <source id="Idle_Hip-Interpolations">
          <Name_array id="Idle_Hip-Interpolations-array" count="61">
 LINEAR LINEAR LINEAR LINEAR LINEAR LINEAR LINEAR LINEAR LINEAR LINEAR LINEAR
LINEAR LINEAR LINEAR LINEAR LINEAR LINEAR LINEAR LINEAR LINEAR LINEAR LINEAR LINEAR
LINEAR LINEAR LINEAR LINEAR LINEAR LINEAR LINEAR LINEAR LINEAR LINEAR LINEAR LINEAR
LINEAR LINEAR LINEAR LINEAR LINEAR LINEAR LINEAR LINEAR LINEAR LINEAR LINEAR LINEAR
LINEAR LINEAR LINEAR LINEAR LINEAR LINEAR LINEAR LINEAR LINEAR LINEAR LINEAR LINEAR
LINEAR LINEAR</Name_array>
          <technique_common>
            <accessor source="#Idle_Hip-Interpolations-array" count="61">
              <param type="name"/>
            </accessor>
          </technique_common>
        </source>
        <sampler id="Idle_Hip-Matrix-animation-transform">
          <input semantic="INPUT" source="#Idle_Hip-Matrix-animation-input"/>
          <input semantic="OUTPUT" source="#Idle_Hip-Matrix-animation-output-transform"/>
          <input semantic="INTERPOLATION" source="#Idle_Hip-Interpolations"/>
        </sampler>
        <channel source="#Idle_Hip-Matrix-animation-transform" target="Idle_Hip/matrix"/>
      </animation>
      <animation>
        <source id="Idle_Hip-visibility-animation-input">
          <float_array id="Idle_Hip-visibility-animation-input-array" count="5">

0.000000 0.500000 1.000000 1.500000 2.000000</float_array>
          <technique_common>
            <accessor source="#Idle_Hip-visibility-animation-input-array" count="5">
              <param name="TIME" type="float"/>
            </accessor>
          </technique_common>
        </source>
        <source id="Idle_Hip-visibility-animation-output">
          <float_array id="Idle_Hip-visibility-animation-output-array" count="5">

1.000000 1.000000 1.000000 1.000000 1.000000</float_array>
          <technique_common>
            <accessor source="#Idle_Hip-visibility-animation-output-array" count="5">
              <param type="float"/>
            </accessor>
          </technique_common>
        </source>
        <source id="Idle_Hip-visibility-animation-intan">
          <float_array id="Idle_Hip-visibility-animation-intan-array" count="5">

0.000000 0.000000 0.000000 0.000000 0.000000</float_array>
          <technique_common>
            <accessor source="#Idle_Hip-visibility-animation-intan-array" count="5">
              <param type="float"/>
            </accessor>
          </technique_common>
        </source>
        <source id="Idle_Hip-visibility-animation-outtan">
          <float_array id="Idle_Hip-visibility-animation-outtan-array" count="5">

0.000000 0.000000 0.000000 0.000000 0.000000</float_array>
          <technique_common>
            <accessor source="#Idle_Hip-visibility-animation-outtan-array" count="5">
              <param type="float"/>
            </accessor>
          </technique_common>
        </source>
        <source id="Idle_Hip-visibility-animation-interpolation">
          <Name_array id="Idle_Hip-visibility-animation-interpolation-array" count="5">
 STEP STEP STEP STEP STEP</Name_array>
          <technique_common>
            <accessor source="#Idle_Hip-visibility-animation-interpolation-array" count="5">
              <param type="name"/>
            </accessor>
          </technique_common>
        </source>
        <sampler id="Idle_Hip-visibility-animation">
          <input semantic="INPUT" source="#Idle_Hip-visibility-animation-input"/>
          <input semantic="OUTPUT" source="#Idle_Hip-visibility-animation-output"/>
          <input semantic="IN_TANGENT" source="#Idle_Hip-visibility-animation-intan"/>
          <input semantic="OUT_TANGENT" source="#Idle_Hip-visibility-animation-outtan"/>
          <input semantic="INTERPOLATION" source="#Idle_Hip-visibility-animation-interpolation"/>
        </sampler>
        <channel source="#Idle_Hip-visibility-animation" target="Idle_Hip/visibility"/>
      </animation>
    </animation>
    <animation id="RB_LegTop-anim" name="RB_LegTop">
      <animation>
        <source id="RB_LegTop-Matrix-animation-input">
          <float_array id="RB_LegTop-Matrix-animation-input-array" count="61">

0.000000 0.033333 0.066667 0.100000 0.133333 0.166667 0.200000 0.233333 0.266667 0.300000 0.333333 0.366667 0.400000 0.433333 0.466667 0.500000
0.533333 0.566667 0.600000 0.633333 0.666667 0.700000 0.733333 0.766667 0.800000 0.833333 0.866667 0.900000 0.933333 0.966667 1.000000 1.033333
1.066667 1.100000 1.133333 1.166667 1.200000 1.233333 1.266667 1.300000 1.333333 1.366667 1.400000 1.433333 1.466667 1.500000 1.533333 1.566667
1.600000 1.633333 1.666667 1.700000 1.733333 1.766667 1.800000 1.833333 1.866667 1.900000 1.933333 1.966667 2.000000</float_array>
          <technique_common>
            <accessor source="#RB_LegTop-Matrix-animation-input-array" count="61">
              <param name="TIME" type="float"/>
            </accessor>
          </technique_common>
        </source>
        <source id="RB_LegTop-Matrix-animation-output-transform">
          <float_array id="RB_LegTop-Matrix-animation-output-transform-array" count="976">

0.639333 -0.529182 -0.557871 1.467129 0.258820 0.831281 -0.491918 0.173375 0.724062 0.170112 0.668429 0.207080 0.000000 0.000000 0.000000 1.000000
0.639169 -0.529004 -0.558227 1.467129 0.258653 0.831432 -0.491751 0.173375 0.724266 0.169925 0.668254 0.207080 0.000000 0.000000 0.000000 1.000000
0.638707 -0.528505 -0.559228 1.467129 0.258182 0.831857 -0.491280 0.173375 0.724841 0.169402 0.667763 0.207080 0.000000 0.000000 0.000000 1.000000
0.637992 -0.527730 -0.560774 1.467129 0.257454 0.832513 -0.490551 0.173375 0.725729 0.168594 0.667003 0.207080 0.000000 0.000000 0.000000 1.000000
0.637069 -0.526726 -0.562763 1.467129 0.256515 0.833357 -0.489608 0.173375 0.726872 0.167557 0.666020 0.207080 0.000000 0.000000 0.000000 1.000000
0.635983 -0.525541 -0.565095 1.467129 0.255412 0.834348 -0.488496 0.173375 0.728211 0.166343 0.664860 0.207080 0.000000 0.000000 0.000000 1.000000
0.634778 -0.524223 -0.567668 1.467129 0.254190 0.835442 -0.487262 0.173375 0.729688 0.165007 0.663573 0.207080 0.000000 0.000000 0.000000 1.000000
0.633501 -0.522819 -0.570384 1.467129 0.252897 0.836597 -0.485950 0.173375 0.731245 0.163601 0.662204 0.207080 0.000000 0.000000 0.000000 1.000000
0.632196 -0.521379 -0.573142 1.467129 0.251579 0.837772 -0.484609 0.173375 0.732827 0.162177 0.660805 0.207080 0.000000 0.000000 0.000000 1.000000
0.630911 -0.519956 -0.575845 1.467129 0.250283 0.838924 -0.483285 0.173375 0.734377 0.160786 0.659423 0.207080 0.000000 0.000000 0.000000 1.000000
0.629693 -0.518601 -0.578394 1.467129 0.249056 0.840012 -0.482028 0.173375 0.735838 0.159477 0.658110 0.207080 0.000000 0.000000 0.000000 1.000000
0.628589 -0.517368 -0.580695 1.467129 0.247945 0.840994 -0.480886 0.173375 0.737156 0.158299 0.656919 0.207080 0.000000 0.000000 0.000000 1.000000
0.627646 -0.516313 -0.582650 1.467129 0.246999 0.841830 -0.479910 0.173375 0.738276 0.157300 0.655900 0.207080 0.000000 0.000000 0.000000 1.000000
0.626914 -0.515491 -0.584164 1.467129 0.246264 0.842477 -0.479151 0.173375 0.739143 0.156528 0.655108 0.207080 0.000000 0.000000 0.000000 1.000000
0.626439 -0.514957 -0.585143 1.467129 0.245788 0.842896 -0.478659 0.173375 0.739704 0.156029 0.654594 0.207080 0.000000 0.000000 0.000000 1.000000
0.626270 -0.514767 -0.585491 1.467129 0.245619 0.843045 -0.478484 0.173375 0.739903 0.155852 0.654411 0.207080 0.000000 0.000000 0.000000 1.000000
0.626439 -0.514957 -0.585143 1.467129 0.245788 0.842896 -0.478659 0.173375 0.739704 0.156029 0.654594 0.207080 0.000000 0.000000 0.000000 1.000000
0.626914 -0.515491 -0.584164 1.467129 0.246264 0.842477 -0.479151 0.173375 0.739143 0.156528 0.655108 0.207080 0.000000 0.000000 0.000000 1.000000
0.627646 -0.516313 -0.582650 1.467129 0.246999 0.841830 -0.479910 0.173375 0.738276 0.157300 0.655900 0.207080 0.000000 0.000000 0.000000 1.000000
0.628589 -0.517368 -0.580695 1.467129 0.247945 0.840994 -0.480886 0.173375 0.737156 0.158299 0.656919 0.207080 0.000000 0.000000 0.000000 1.000000
0.629693 -0.518601 -0.578394 1.467129 0.249056 0.840012 -0.482028 0.173375 0.735838 0.159477 0.658110 0.207080 0.000000 0.000000 0.000000 1.000000
0.630911 -0.519956 -0.575845 1.467129 0.250283 0.838924 -0.483285 0.173375 0.734377 0.160786 0.659423 0.207080 0.000000 0.000000 0.000000 1.000000
0.632196 -0.521379 -0.573142 1.467129 0.251579 0.837772 -0.484609 0.173375 0.732827 0.162177 0.660805 0.207080 0.000000 0.000000 0.000000 1.000000
0.633501 -0.522819 -0.570384 1.467129 0.252897 0.836597 -0.485950 0.173375 0.731245 0.163601 0.662204 0.207080 0.000000 0.000000 0.000000 1.000000
0.634778 -0.524223 -0.567668 1.467129 0.254190 0.835442 -0.487262 0.173375 0.729688 0.165007 0.663573 0.207080 0.000000 0.000000 0.000000 1.000000
0.635983 -0.525541 -0.565095 1.467129 0.255412 0.834348 -0.488496 0.173375 0.728211 0.166343 0.664860 0.207080 0.000000 0.000000 0.000000 1.000000
0.637069 -0.526726 -0.562763 1.467129 0.256515 0.833357 -0.489608 0.173375 0.726872 0.167557 0.666020 0.207080 0.000000 0.000000 0.000000 1.000000
0.637992 -0.527730 -0.560774 1.467129 0.257454 0.832513 -0.490551 0.173375 0.725729 0.168594 0.667003 0.207080 0.000000 0.000000 0.000000 1.000000
0.638707 -0.528505 -0.559228 1.467129 0.258182 0.831857 -0.491280 0.173375 0.724841 0.169402 0.667763 0.207080 0.000000 0.000000 0.000000 1.000000
0.639169 -0.529004 -0.558227 1.467129 0.258653 0.831432 -0.491751 0.173375 0.724266 0.169925 0.668254 0.207080 0.000000 0.000000 0.000000 1.000000
0.639333 -0.529182 -0.557871 1.467129 0.258820 0.831281 -0.491918 0.173375 0.724062 0.170112 0.668429 0.207080 0.000000 0.000000 0.000000 1.000000
0.639169 -0.529004 -0.558227 1.467129 0.258653 0.831432 -0.491751 0.173375 0.724266 0.169925 0.668254 0.207080 0.000000 0.000000 0.000000 1.000000
0.638707 -0.528505 -0.559228 1.467129 0.258182 0.831857 -0.491280 0.173375 0.724841 0.169402 0.667763 0.207080 0.000000 0.000000 0.000000 1.000000
0.637992 -0.527730 -0.560774 1.467129 0.257454 0.832513 -0.490551 0.173375 0.725729 0.168594 0.667003 0.207080 0.000000 0.000000 0.000000 1.000000
0.637069 -0.526726 -0.562763 1.467129 0.256515 0.833357 -0.489608 0.173375 0.726872 0.167557 0.666020 0.207080 0.000000 0.000000 0.000000 1.000000
0.635983 -0.525541 -0.565095 1.467129 0.255412 0.834348 -0.488496 0.173375 0.728211 0.166343 0.664860 0.207080 0.000000 0.000000 0.000000 1.000000
0.634778 -0.524223 -0.567668 1.467129 0.254190 0.835442 -0.487262 0.173375 0.729688 0.165007 0.663573 0.207080 0.000000 0.000000 0.000000 1.000000
0.633501 -0.522819 -0.570384 1.467129 0.252897 0.836597 -0.485950 0.173375 0.731245 0.163601 0.662204 0.207080 0.000000 0.000000 0.000000 1.000000
0.632196 -0.521379 -0.573142 1.467129 0.251579 0.837772 -0.484609 0.173375 0.732827 0.162177 0.660805 0.207080 0.000000 0.000000 0.000000 1.000000
0.630911 -0.519956 -0.575845 1.467129 0.250283 0.838924 -0.483285 0.173375 0.734377 0.160786 0.659423 0.207080 0.000000 0.000000 0.000000 1.000000
0.629693 -0.518601 -0.578394 1.467129 0.249056 0.840012 -0.482028 0.173375 0.735838 0.159477 0.658110 0.207080 0.000000 0.000000 0.000000 1.000000
0.628589 -0.517368 -0.580695 1.467129 0.247945 0.840994 -0.480886 0.173375 0.737156 0.158299 0.656919 0.207080 0.000000 0.000000 0.000000 1.000000
0.627646 -0.516313 -0.582650 1.467129 0.246999 0.841830 -0.479910 0.173375 0.738276 0.157300 0.655900 0.207080 0.000000 0.000000 0.000000 1.000000
0.626914 -0.515491 -0.584164 1.467129 0.246264 0.842477 -0.479151 0.173375 0.739143 0.156528 0.655108 0.207080 0.000000 0.000000 0.000000 1.000000
0.626439 -0.514957 -0.585143 1.467129 0.245788 0.842896 -0.478659 0.173375 0.739704 0.156029 0.654594 0.207080 0.000000 0.000000 0.000000 1.000000
0.626270 -0.514767 -0.585491 1.467129 0.245619 0.843045 -0.478484 0.173375 0.739903 0.155852 0.654411 0.207080 0.000000 0.000000 0.000000 1.000000
0.626439 -0.514957 -0.585143 1.467129 0.245788 0.842896 -0.478659 0.173375 0.739704 0.156029 0.654594 0.207080 0.000000 0.000000 0.000000 1.000000
0.626914 -0.515491 -0.584164 1.467129 0.246264 0.842477 -0.479151 0.173375 0.739143 0.156528 0.655108 0.207080 0.000000 0.000000 0.000000 1.000000
0.627646 -0.516313 -0.582650 1.467129 0.246999 0.841830 -0.479910 0.173375 0.738276 0.157300 0.655900 0.207080 0.000000 0.000000 0.000000 1.000000
0.628589 -0.517368 -0.580695 1.467129 0.247945 0.840994 -0.480886 0.173375 0.737156 0.158299 0.656919 0.207080 0.000000 0.000000 0.000000 1.000000
0.629693 -0.518601 -0.578394 1.467129 0.249056 0.840012 -0.482028 0.173375 0.735838 0.159477 0.658110 0.207080 0.000000 0.000000 0.000000 1.000000
0.630911 -0.519956 -0.575845 1.467129 0.250283 0.838924 -0.483285 0.173375 0.734377 0.160786 0.659423 0.207080 0.000000 0.000000 0.000000 1.000000
0.632196 -0.521379 -0.573142 1.467129 0.251579 0.837772 -0.484609 0.173375 0.732827 0.162177 0.660805 0.207080 0.000000 0.000000 0.000000 1.000000
0.633501 -0.522819 -0.570384 1.467129 0.252897 0.836597 -0.485950 0.173375 0.731245 0.163601 0.662204 0.207080 0.000000 0.000000 0.000000 1.000000
0.634778 -0.524223 -0.567668 1.467129 0.254190 0.835442 -0.487262 0.173375 0.729688 0.165007 0.663573 0.207080 0.000000 0.000000 0.000000 1.000000
0.635983 -0.525541 -0.565095 1.467129 0.255412 0.834348 -0.488496 0.173375 0.728211 0.166343 0.664860 0.207080 0.000000 0.000000 0.000000 1.000000
0.637069 -0.526726 -0.562763 1.467129 0.256515 0.833357 -0.489608 0.173375 0.726872 0.167557 0.666020 0.207080 0.000000 0.000000 0.000000 1.000000
0.637992 -0.527730 -0.560774 1.467129 0.257454 0.832513 -0.490551 0.173375 0.725729 0.168594 0.667003 0.207080 0.000000 0.000000 0.000000 1.000000
0.638707 -0.528505 -0.559228 1.467129 0.258182 0.831857 -0.491280 0.173375 0.724841 0.169402 0.667763 0.207080 0.000000 0.000000 0.000000 1.000000
0.639169 -0.529004 -0.558227 1.467129 0.258653 0.831432 -0.491751 0.173375 0.724266 0.169925 0.668254 0.207080 0.000000 0.000000 0.000000 1.000000
0.639333 -0.529182 -0.557871 1.467129 0.258820 0.831281 -0.491918 0.173375 0.724062 0.170112 0.668429 0.207080 0.000000 0.000000 0.000000 1.000000</float_array>
          <technique_common>
            <accessor source="#RB_LegTop-Matrix-animation-output-transform-array" count="61" stride="16">
              <param type="float4x4"/>
            </accessor>
          </technique_common>
        </source>
        <source id="RB_LegTop-Interpolations">
          <Name_array id="RB_LegTop-Interpolations-array" count="61">
 LINEAR LINEAR LINEAR LINEAR LINEAR LINEAR LINEAR LINEAR LINEAR LINEAR LINEAR
LINEAR LINEAR LINEAR LINEAR LINEAR LINEAR LINEAR LINEAR LINEAR LINEAR LINEAR LINEAR
LINEAR LINEAR LINEAR LINEAR LINEAR LINEAR LINEAR LINEAR LINEAR LINEAR LINEAR LINEAR
LINEAR LINEAR LINEAR LINEAR LINEAR LINEAR LINEAR LINEAR LINEAR LINEAR LINEAR LINEAR
LINEAR LINEAR LINEAR LINEAR LINEAR LINEAR LINEAR LINEAR LINEAR LINEAR LINEAR LINEAR
LINEAR LINEAR</Name_array>
          <technique_common>
            <accessor source="#RB_LegTop-Interpolations-array" count="61">
              <param type="name"/>
            </accessor>
          </technique_common>
        </source>
        <sampler id="RB_LegTop-Matrix-animation-transform">
          <input semantic="INPUT" source="#RB_LegTop-Matrix-animation-input"/>
          <input semantic="OUTPUT" source="#RB_LegTop-Matrix-animation-output-transform"/>
          <input semantic="INTERPOLATION" source="#RB_LegTop-Interpolations"/>
        </sampler>
        <channel source="#RB_LegTop-Matrix-animation-transform" target="RB_LegTop/matrix"/>
      </animation>
      <animation>
        <source id="RB_LegTop-visibility-animation-input">
          <float_array id="RB_LegTop-visibility-animation-input-array" count="5">

0.000000 0.500000 1.000000 1.500000 2.000000</float_array>
          <technique_common>
            <accessor source="#RB_LegTop-visibility-animation-input-array" count="5">
              <param name="TIME" type="float"/>
            </accessor>
          </technique_common>
        </source>
        <source id="RB_LegTop-visibility-animation-output">
          <float_array id="RB_LegTop-visibility-animation-output-array" count="5">

1.000000 1.000000 1.000000 1.000000 1.000000</float_array>
          <technique_common>
            <accessor source="#RB_LegTop-visibility-animation-output-array" count="5">
              <param type="float"/>
            </accessor>
          </technique_common>
        </source>
        <source id="RB_LegTop-visibility-animation-intan">
          <float_array id="RB_LegTop-visibility-animation-intan-array" count="5">

0.000000 0.000000 0.000000 0.000000 0.000000</float_array>
          <technique_common>
            <accessor source="#RB_LegTop-visibility-animation-intan-array" count="5">
              <param type="float"/>
            </accessor>
          </technique_common>
        </source>
        <source id="RB_LegTop-visibility-animation-outtan">
          <float_array id="RB_LegTop-visibility-animation-outtan-array" count="5">

0.000000 0.000000 0.000000 0.000000 0.000000</float_array>
          <technique_common>
            <accessor source="#RB_LegTop-visibility-animation-outtan-array" count="5">
              <param type="float"/>
            </accessor>
          </technique_common>
        </source>
        <source id="RB_LegTop-visibility-animation-interpolation">
          <Name_array id="RB_LegTop-visibility-animation-interpolation-array" count="5">
 STEP STEP STEP STEP STEP</Name_array>
          <technique_common>
            <accessor source="#RB_LegTop-visibility-animation-interpolation-array" count="5">
              <param type="name"/>
            </accessor>
          </technique_common>
        </source>
        <sampler id="RB_LegTop-visibility-animation">
          <input semantic="INPUT" source="#RB_LegTop-visibility-animation-input"/>
          <input semantic="OUTPUT" source="#RB_LegTop-visibility-animation-output"/>
          <input semantic="IN_TANGENT" source="#RB_LegTop-visibility-animation-intan"/>
          <input semantic="OUT_TANGENT" source="#RB_LegTop-visibility-animation-outtan"/>
          <input semantic="INTERPOLATION" source="#RB_LegTop-visibility-animation-interpolation"/>
        </sampler>
        <channel source="#RB_LegTop-visibility-animation" target="RB_LegTop/visibility"/>
      </animation>
    </animation>
    <animation id="RB_Knee1-anim" name="RB_Knee1">
      <animation>
        <source id="RB_Knee1-Matrix-animation-input">
          <float_array id="RB_Knee1-Matrix-animation-input-array" count="61">

0.000000 0.033333 0.066667 0.100000 0.133333 0.166667 0.200000 0.233333 0.266667 0.300000 0.333333 0.366667 0.400000 0.433333 0.466667 0.500000
0.533333 0.566667 0.600000 0.633333 0.666667 0.700000 0.733333 0.766667 0.800000 0.833333 0.866667 0.900000 0.933333 0.966667 1.000000 1.033333
1.066667 1.100000 1.133333 1.166667 1.200000 1.233333 1.266667 1.300000 1.333333 1.366667 1.400000 1.433333 1.466667 1.500000 1.533333 1.566667
1.600000 1.633333 1.666667 1.700000 1.733333 1.766667 1.800000 1.833333 1.866667 1.900000 1.933333 1.966667 2.000000</float_array>
          <technique_common>
            <accessor source="#RB_Knee1-Matrix-animation-input-array" count="61">
              <param name="TIME" type="float"/>
            </accessor>
          </technique_common>
        </source>
        <source id="RB_Knee1-Matrix-animation-output-transform">
          <float_array id="RB_Knee1-Matrix-animation-output-transform-array" count="976">

0.114377 -0.222720 0.968150 2.283646 0.026130 0.974882 0.221182 0.012635 -0.993094 0.000000 0.117324 0.025549 0.000000 0.000000 0.000000 1.000000
0.115224 -0.222720 0.968049 2.283646 0.026324 0.974882 0.221159 0.012635 -0.992991 0.000000 0.118193 0.025549 0.000000 0.000000 0.000000 1.000000
0.117606 -0.222720 0.967763 2.283646 0.026868 0.974882 0.221093 0.012635 -0.992697 0.000000 0.120636 0.025549 0.000000 0.000000 0.000000 1.000000
0.121285 -0.222720 0.967308 2.283646 0.027709 0.974882 0.220990 0.012635 -0.992231 0.000000 0.124410 0.025549 0.000000 0.000000 0.000000 1.000000
0.126024 -0.222720 0.966702 2.283646 0.028791 0.974882 0.220851 0.012635 -0.991609 0.000000 0.129271 0.025549 0.000000 0.000000 0.000000 1.000000
0.131586 -0.222720 0.965961 2.283646 0.030062 0.974882 0.220682 0.012635 -0.990849 0.000000 0.134976 0.025549 0.000000 0.000000 0.000000 1.000000
0.137732 -0.222720 0.965104 2.283646 0.031466 0.974882 0.220486 0.012635 -0.989970 0.000000 0.141280 0.025549 0.000000 0.000000 0.000000 1.000000
0.144225 -0.222720 0.964155 2.283646 0.032949 0.974882 0.220269 0.012635 -0.988996 0.000000 0.147941 0.025549 0.000000 0.000000 0.000000 1.000000
0.150829 -0.222720 0.963144 2.283646 0.034458 0.974882 0.220038 0.012635 -0.987959 0.000000 0.154715 0.025549 0.000000 0.000000 0.000000 1.000000
0.157309 -0.222720 0.962107 2.283646 0.035939 0.974882 0.219801 0.012635 -0.986895 0.000000 0.161362 0.025549 0.000000 0.000000 0.000000 1.000000
0.163430 -0.222720 0.961086 2.283646 0.037337 0.974882 0.219568 0.012635 -0.985848 0.000000 0.167640 0.025549 0.000000 0.000000 0.000000 1.000000
0.168958 -0.222720 0.960130 2.283646 0.038600 0.974882 0.219350 0.012635 -0.984867 0.000000 0.173311 0.025549 0.000000 0.000000 0.000000 1.000000
0.173662 -0.222720 0.959290 2.283646 0.039674 0.974882 0.219158 0.012635 -0.984006 0.000000 0.178136 0.025549 0.000000 0.000000 0.000000 1.000000
0.177308 -0.222720 0.958623 2.283646 0.040508 0.974882 0.219005 0.012635 -0.983321 0.000000 0.181877 0.025549 0.000000 0.000000 0.000000 1.000000
0.179667 -0.222720 0.958184 2.283646 0.041046 0.974882 0.218905 0.012635 -0.982871 0.000000 0.184296 0.025549 0.000000 0.000000 0.000000 1.000000
0.180505 -0.222720 0.958026 2.283646 0.041238 0.974882 0.218869 0.012635 -0.982709 0.000000 0.185155 0.025549 0.000000 0.000000 0.000000 1.000000
0.179667 -0.222720 0.958184 2.283646 0.041046 0.974882 0.218905 0.012635 -0.982871 0.000000 0.184296 0.025549 0.000000 0.000000 0.000000 1.000000
0.177308 -0.222720 0.958623 2.283646 0.040508 0.974882 0.219005 0.012635 -0.983321 0.000000 0.181877 0.025549 0.000000 0.000000 0.000000 1.000000
0.173662 -0.222720 0.959290 2.283646 0.039674 0.974882 0.219158 0.012635 -0.984006 0.000000 0.178136 0.025549 0.000000 0.000000 0.000000 1.000000
0.168958 -0.222720 0.960130 2.283646 0.038600 0.974882 0.219350 0.012635 -0.984867 0.000000 0.173311 0.025549 0.000000 0.000000 0.000000 1.000000
0.163430 -0.222720 0.961086 2.283646 0.037337 0.974882 0.219568 0.012635 -0.985848 0.000000 0.167640 0.025549 0.000000 0.000000 0.000000 1.000000
0.157309 -0.222720 0.962107 2.283646 0.035939 0.974882 0.219801 0.012635 -0.986895 0.000000 0.161362 0.025549 0.000000 0.000000 0.000000 1.000000
0.150829 -0.222720 0.963144 2.283646 0.034458 0.974882 0.220038 0.012635 -0.987959 0.000000 0.154715 0.025549 0.000000 0.000000 0.000000 1.000000
0.144225 -0.222720 0.964155 2.283646 0.032949 0.974882 0.220269 0.012635 -0.988996 0.000000 0.147941 0.025549 0.000000 0.000000 0.000000 1.000000
0.137732 -0.222720 0.965104 2.283646 0.031466 0.974882 0.220486 0.012635 -0.989970 0.000000 0.141280 0.025549 0.000000 0.000000 0.000000 1.000000
0.131586 -0.222720 0.965961 2.283646 0.030062 0.974882 0.220682 0.012635 -0.990849 0.000000 0.134976 0.025549 0.000000 0.000000 0.000000 1.000000
0.126024 -0.222720 0.966702 2.283646 0.028791 0.974882 0.220851 0.012635 -0.991609 0.000000 0.129271 0.025549 0.000000 0.000000 0.000000 1.000000
0.121285 -0.222720 0.967308 2.283646 0.027709 0.974882 0.220990 0.012635 -0.992231 0.000000 0.124410 0.025549 0.000000 0.000000 0.000000 1.000000
0.117606 -0.222720 0.967763 2.283646 0.026868 0.974882 0.221093 0.012635 -0.992697 0.000000 0.120636 0.025549 0.000000 0.000000 0.000000 1.000000
0.115224 -0.222720 0.968049 2.283646 0.026324 0.974882 0.221159 0.012635 -0.992991 0.000000 0.118193 0.025549 0.000000 0.000000 0.000000 1.000000
0.114377 -0.222720 0.968150 2.283646 0.026130 0.974882 0.221182 0.012635 -0.993094 0.000000 0.117324 0.025549 0.000000 0.000000 0.000000 1.000000
0.115224 -0.222720 0.968049 2.283646 0.026324 0.974882 0.221159 0.012635 -0.992991 0.000000 0.118193 0.025549 0.000000 0.000000 0.000000 1.000000
0.117606 -0.222720 0.967763 2.283646 0.026868 0.974882 0.221093 0.012635 -0.992697 0.000000 0.120636 0.025549 0.000000 0.000000 0.000000 1.000000
0.121285 -0.222720 0.967308 2.283646 0.027709 0.974882 0.220990 0.012635 -0.992231 0.000000 0.124410 0.025549 0.000000 0.000000 0.000000 1.000000
0.126024 -0.222720 0.966702 2.283646 0.028791 0.974882 0.220851 0.012635 -0.991609 0.000000 0.129271 0.025549 0.000000 0.000000 0.000000 1.000000
0.131586 -0.222720 0.965961 2.283646 0.030062 0.974882 0.220682 0.012635 -0.990849 0.000000 0.134976 0.025549 0.000000 0.000000 0.000000 1.000000
0.137732 -0.222720 0.965104 2.283646 0.031466 0.974882 0.220486 0.012635 -0.989970 0.000000 0.141280 0.025549 0.000000 0.000000 0.000000 1.000000
0.144225 -0.222720 0.964155 2.283646 0.032949 0.974882 0.220269 0.012635 -0.988996 0.000000 0.147941 0.025549 0.000000 0.000000 0.000000 1.000000
0.150829 -0.222720 0.963144 2.283646 0.034458 0.974882 0.220038 0.012635 -0.987959 0.000000 0.154715 0.025549 0.000000 0.000000 0.000000 1.000000
0.157309 -0.222720 0.962107 2.283646 0.035939 0.974882 0.219801 0.012635 -0.986895 0.000000 0.161362 0.025549 0.000000 0.000000 0.000000 1.000000
0.163430 -0.222720 0.961086 2.283646 0.037337 0.974882 0.219568 0.012635 -0.985848 0.000000 0.167640 0.025549 0.000000 0.000000 0.000000 1.000000
0.168958 -0.222720 0.960130 2.283646 0.038600 0.974882 0.219350 0.012635 -0.984867 0.000000 0.173311 0.025549 0.000000 0.000000 0.000000 1.000000
0.173662 -0.222720 0.959290 2.283646 0.039674 0.974882 0.219158 0.012635 -0.984006 0.000000 0.178136 0.025549 0.000000 0.000000 0.000000 1.000000
0.177308 -0.222720 0.958623 2.283646 0.040508 0.974882 0.219005 0.012635 -0.983321 0.000000 0.181877 0.025549 0.000000 0.000000 0.000000 1.000000
0.179667 -0.222720 0.958184 2.283646 0.041046 0.974882 0.218905 0.012635 -0.982871 0.000000 0.184296 0.025549 0.000000 0.000000 0.000000 1.000000
0.180505 -0.222720 0.958026 2.283646 0.041238 0.974882 0.218869 0.012635 -0.982709 0.000000 0.185155 0.025549 0.000000 0.000000 0.000000 1.000000
0.179667 -0.222720 0.958184 2.283646 0.041046 0.974882 0.218905 0.012635 -0.982871 0.000000 0.184296 0.025549 0.000000 0.000000 0.000000 1.000000
0.177308 -0.222720 0.958623 2.283646 0.040508 0.974882 0.219005 0.012635 -0.983321 0.000000 0.181877 0.025549 0.000000 0.000000 0.000000 1.000000
0.173662 -0.222720 0.959290 2.283646 0.039674 0.974882 0.219158 0.012635 -0.984006 0.000000 0.178136 0.025549 0.000000 0.000000 0.000000 1.000000
0.168958 -0.222720 0.960130 2.283646 0.038600 0.974882 0.219350 0.012635 -0.984867 0.000000 0.173311 0.025549 0.000000 0.000000 0.000000 1.000000
0.163430 -0.222720 0.961086 2.283646 0.037337 0.974882 0.219568 0.012635 -0.985848 0.000000 0.167640 0.025549 0.000000 0.000000 0.000000 1.000000
0.157309 -0.222720 0.962107 2.283646 0.035939 0.974882 0.219801 0.012635 -0.986895 0.000000 0.161362 0.025549 0.000000 0.000000 0.000000 1.000000
0.150829 -0.222720 0.963144 2.283646 0.034458 0.974882 0.220038 0.012635 -0.987959 0.000000 0.154715 0.025549 0.000000 0.000000 0.000000 1.000000
0.144225 -0.222720 0.964155 2.283646 0.032949 0.974882 0.220269 0.012635 -0.988996 0.000000 0.147941 0.025549 0.000000 0.000000 0.000000 1.000000
0.137732 -0.222720 0.965104 2.283646 0.031466 0.974882 0.220486 0.012635 -0.989970 0.000000 0.141280 0.025549 0.000000 0.000000 0.000000 1.000000
0.131586 -0.222720 0.965961 2.283646 0.030062 0.974882 0.220682 0.012635 -0.990849 0.000000 0.134976 0.025549 0.000000 0.000000 0.000000 1.000000
0.126024 -0.222720 0.966702 2.283646 0.028791 0.974882 0.220851 0.012635 -0.991609 0.000000 0.129271 0.025549 0.000000 0.000000 0.000000 1.000000
0.121285 -0.222720 0.967308 2.283646 0.027709 0.974882 0.220990 0.012635 -0.992231 0.000000 0.124410 0.025549 0.000000 0.000000 0.000000 1.000000
0.117606 -0.222720 0.967763 2.283646 0.026868 0.974882 0.221093 0.012635 -0.992697 0.000000 0.120636 0.025549 0.000000 0.000000 0.000000 1.000000
0.115224 -0.222720 0.968049 2.283646 0.026324 0.974882 0.221159 0.012635 -0.992991 0.000000 0.118193 0.025549 0.000000 0.000000 0.000000 1.000000
0.114377 -0.222720 0.968150 2.283646 0.026130 0.974882 0.221182 0.012635 -0.993094 0.000000 0.117324 0.025549 0.000000 0.000000 0.000000 1.000000</float_array>
          <technique_common>
            <accessor source="#RB_Knee1-Matrix-animation-output-transform-array" count="61" stride="16">
              <param type="float4x4"/>
            </accessor>
          </technique_common>
        </source>
        <source id="RB_Knee1-Interpolations">
          <Name_array id="RB_Knee1-Interpolations-array" count="61">
 LINEAR LINEAR LINEAR LINEAR LINEAR LINEAR LINEAR LINEAR LINEAR LINEAR LINEAR
