<?xml version="1.0" encoding="utf-8"?>
<COLLADA xmlns="http://www.collada.org/2005/11/COLLADASchema" version="1.4.1">
  <asset>
    <contributor>
      <authoring_tool>FBX COLLADA exporter</authoring_tool>
    </contributor>
    <created>2020-04-28T18:54:13Z</created>
    <modified>2020-04-28T18:54:13Z</modified>
    <unit meter="0.010000" name="centimeter"/>
    <up_axis>Y_UP</up_axis>
  </asset>
  <library_animations>
    <animation id="Hip-anim" name="Hip">
      <animation>
        <source id="Hip-Matrix-animation-input">
          <float_array id="Hip-Matrix-animation-input-array" count="76">

0.000000 0.033333 0.066667 0.100000 0.133333 0.166667 0.200000 0.233333 0.266667 0.300000 0.333333 0.366667 0.400000 0.433333 0.466667 0.500000
0.533333 0.566667 0.600000 0.633333 0.666667 0.700000 0.733333 0.766667 0.800000 0.833333 0.866667 0.900000 0.933333 0.966667 1.000000 1.033333
1.066667 1.100000 1.133333 1.166667 1.200000 1.233333 1.266667 1.300000 1.333333 1.366667 1.400000 1.433333 1.466667 1.500000 1.533333 1.566667
1.600000 1.633333 1.666667 1.700000 1.733333 1.766667 1.800000 1.833333 1.866667 1.900000 1.933333 1.966667 2.000000 2.033333 2.066667 2.100000
2.133333 2.166667 2.200000 2.233333 2.266667 2.300000 2.333333 2.366667 2.400000 2.433333 2.466667 2.500000</float_array>
          <technique_common>
            <accessor source="#Hip-Matrix-animation-input-array" count="76">
              <param name="TIME" type="float"/>
            </accessor>
          </technique_common>
        </source>
        <source id="Hip-Matrix-animation-output-transform">
          <float_array id="Hip-Matrix-animation-output-transform-array" count="1216">

-0.654328 0.756211 0.000000 -0.320674 -0.595831 -0.515555 -0.615783 5.341552 -0.465662 -0.402924 0.787916 -0.128590 0.000000 0.000000 0.000000 1.000000
-0.654328 0.756211 0.000000 -0.320674 -0.595831 -0.515555 -0.615783 5.308341 -0.465662 -0.402924 0.787916 -0.149775 0.000000 0.000000 0.000000 1.000000
-0.654328 0.756211 0.000000 -0.320674 -0.595831 -0.515555 -0.615783 5.218198 -0.465662 -0.402924 0.787916 -0.207279 0.000000 0.000000 0.000000 1.000000
-0.654328 0.756211 0.000000 -0.320674 -0.595831 -0.515555 -0.615783 5.085355 -0.465662 -0.402924 0.787916 -0.292022 0.000000 0.000000 0.000000 1.000000
-0.654328 0.756211 0.000000 -0.320674 -0.595831 -0.515555 -0.615783 4.924046 -0.465662 -0.402924 0.787916 -0.394923 0.000000 0.000000 0.000000 1.000000
-0.654328 0.756211 0.000000 -0.320674 -0.595831 -0.515555 -0.615783 4.748504 -0.465662 -0.402924 0.787916 -0.506904 0.000000 0.000000 0.000000 1.000000
-0.654328 0.756211 0.000000 -0.320674 -0.595831 -0.515555 -0.615783 4.572962 -0.465662 -0.402924 0.787916 -0.618885 0.000000 0.000000 0.000000 1.000000
-0.654328 0.756211 0.000000 -0.320674 -0.595831 -0.515555 -0.615783 4.411652 -0.465662 -0.402924 0.787916 -0.721787 0.000000 0.000000 0.000000 1.000000
-0.654328 0.756211 0.000000 -0.320674 -0.595831 -0.515555 -0.615783 4.278810 -0.465662 -0.402924 0.787916 -0.806529 0.000000 0.000000 0.000000 1.000000
-0.654328 0.756211 0.000000 -0.320674 -0.595831 -0.515555 -0.615783 4.188666 -0.465662 -0.402924 0.787916 -0.864033 0.000000 0.000000 0.000000 1.000000
-0.654328 0.756211 0.000000 -0.320674 -0.595831 -0.515555 -0.615783 4.155456 -0.465662 -0.402924 0.787916 -0.885219 0.000000 0.000000 0.000000 1.000000
-0.654328 0.756211 0.000000 -0.320674 -0.595831 -0.515555 -0.615783 4.155456 -0.465662 -0.402924 0.787916 -0.885219 0.000000 0.000000 0.000000 1.000000
-0.654328 0.756211 0.000000 -0.320674 -0.595831 -0.515555 -0.615783 4.155456 -0.465662 -0.402924 0.787916 -0.885219 0.000000 0.000000 0.000000 1.000000
-0.654328 0.756211 0.000000 -0.320674 -0.595831 -0.515555 -0.615783 4.155456 -0.465662 -0.402924 0.787916 -0.885219 0.000000 0.000000 0.000000 1.000000
-0.654328 0.756211 0.000000 -0.320674 -0.595831 -0.515555 -0.615783 4.155456 -0.465662 -0.402924 0.787916 -0.885219 0.000000 0.000000 0.000000 1.000000
-0.654328 0.756211 0.000000 -0.320674 -0.595831 -0.515555 -0.615783 4.155456 -0.465662 -0.402924 0.787916 -0.885219 0.000000 0.000000 0.000000 1.000000
-0.654328 0.756211 0.000000 -0.320674 -0.595831 -0.515555 -0.615783 4.188666 -0.465662 -0.402924 0.787916 -0.885212 0.000000 0.000000 0.000000 1.000000
-0.654328 0.756211 0.000000 -0.320674 -0.595831 -0.515555 -0.615783 4.278810 -0.465662 -0.402924 0.787916 -0.885196 0.000000 0.000000 0.000000 1.000000
-0.654328 0.756211 0.000000 -0.320674 -0.595831 -0.515555 -0.615783 4.411652 -0.465662 -0.402924 0.787916 -0.885171 0.000000 0.000000 0.000000 1.000000
-0.654328 0.756211 0.000000 -0.320674 -0.595831 -0.515555 -0.615783 4.572962 -0.465662 -0.402924 0.787916 -0.885142 0.000000 0.000000 0.000000 1.000000
-0.654328 0.756211 0.000000 -0.320674 -0.595831 -0.515555 -0.615783 4.748504 -0.465662 -0.402924 0.787916 -0.885109 0.000000 0.000000 0.000000 1.000000
-0.654328 0.756211 0.000000 -0.320674 -0.595831 -0.515555 -0.615783 4.924046 -0.465662 -0.402924 0.787916 -0.885077 0.000000 0.000000 0.000000 1.000000
-0.654328 0.756211 0.000000 -0.320674 -0.595831 -0.515555 -0.615783 5.085355 -0.465662 -0.402924 0.787916 -0.885047 0.000000 0.000000 0.000000 1.000000
-0.654328 0.756211 0.000000 -0.320674 -0.595831 -0.515555 -0.615783 5.218198 -0.465662 -0.402924 0.787916 -0.885023 0.000000 0.000000 0.000000 1.000000
-0.654328 0.756211 0.000000 -0.320674 -0.595831 -0.515555 -0.615783 5.308341 -0.465662 -0.402924 0.787916 -0.885006 0.000000 0.000000 0.000000 1.000000
-0.654328 0.756211 0.000000 -0.320674 -0.595831 -0.515555 -0.615783 5.341552 -0.465662 -0.402924 0.787916 -0.885000 0.000000 0.000000 0.000000 1.000000
-0.654328 0.756211 0.000000 -0.320674 -0.595831 -0.515555 -0.615783 5.341552 -0.465662 -0.402924 0.787916 -0.885000 0.000000 0.000000 0.000000 1.000000
-0.654328 0.756211 0.000000 -0.320674 -0.595831 -0.515555 -0.615783 5.341552 -0.465662 -0.402924 0.787916 -0.885000 0.000000 0.000000 0.000000 1.000000
-0.654328 0.756211 0.000000 -0.320674 -0.595831 -0.515555 -0.615783 5.341552 -0.465662 -0.402924 0.787916 -0.885000 0.000000 0.000000 0.000000 1.000000
-0.654328 0.756211 0.000000 -0.320674 -0.595831 -0.515555 -0.615783 5.341552 -0.465662 -0.402924 0.787916 -0.885000 0.000000 0.000000 0.000000 1.000000
-0.654328 0.756211 0.000000 -0.320674 -0.595831 -0.515555 -0.615783 5.341552 -0.465662 -0.402924 0.787916 -0.885000 0.000000 0.000000 0.000000 1.000000
-0.654328 0.756211 0.000000 -0.320674 -0.595831 -0.515555 -0.615783 5.341552 -0.465662 -0.402924 0.787916 -0.885000 0.000000 0.000000 0.000000 1.000000
-0.654328 0.756211 0.000000 -0.320674 -0.595831 -0.515555 -0.615783 5.341552 -0.465662 -0.402924 0.787916 -0.885000 0.000000 0.000000 0.000000 1.000000
-0.654328 0.756211 0.000000 -0.320674 -0.595831 -0.515555 -0.615783 5.341552 -0.465662 -0.402924 0.787916 -0.885000 0.000000 0.000000 0.000000 1.000000
-0.654328 0.756211 0.000000 -0.320674 -0.595831 -0.515555 -0.615783 5.341552 -0.465662 -0.402924 0.787916 -0.885000 0.000000 0.000000 0.000000 1.000000
-0.654328 0.756211 0.000000 -0.320674 -0.595831 -0.515555 -0.615783 5.341552 -0.465662 -0.402924 0.787916 -0.885000 0.000000 0.000000 0.000000 1.000000
-0.654328 0.756211 0.000000 -0.320674 -0.595831 -0.515555 -0.615783 5.341552 -0.465662 -0.402924 0.787916 -0.885000 0.000000 0.000000 0.000000 1.000000
-0.654328 0.756211 0.000000 -0.320674 -0.595831 -0.515555 -0.615783 5.341552 -0.465662 -0.402924 0.787916 -0.885000 0.000000 0.000000 0.000000 1.000000
-0.654328 0.756211 0.000000 -0.320674 -0.595831 -0.515555 -0.615783 5.341552 -0.465662 -0.402924 0.787916 -0.885000 0.000000 0.000000 0.000000 1.000000
-0.654328 0.756211 0.000000 -0.320674 -0.595831 -0.515555 -0.615783 5.341552 -0.465662 -0.402924 0.787916 -0.885000 0.000000 0.000000 0.000000 1.000000
-0.654328 0.756211 0.000000 -0.320674 -0.595831 -0.515555 -0.615783 5.341552 -0.465662 -0.402924 0.787916 -0.885000 0.000000 0.000000 0.000000 1.000000
-0.654328 0.756211 0.000000 -0.320674 -0.595831 -0.515555 -0.615783 5.341552 -0.465662 -0.402924 0.787916 -0.885000 0.000000 0.000000 0.000000 1.000000
-0.654328 0.756211 0.000000 -0.320674 -0.595831 -0.515555 -0.615783 5.341552 -0.465662 -0.402924 0.787916 -0.885000 0.000000 0.000000 0.000000 1.000000
-0.654328 0.756211 0.000000 -0.320674 -0.595831 -0.515555 -0.615783 5.341552 -0.465662 -0.402924 0.787916 -0.885000 0.000000 0.000000 0.000000 1.000000
-0.654328 0.756211 0.000000 -0.320674 -0.595831 -0.515555 -0.615783 5.341552 -0.465662 -0.402924 0.787916 -0.885000 0.000000 0.000000 0.000000 1.000000
-0.654328 0.756211 0.000000 -0.320674 -0.595831 -0.515555 -0.615783 5.341552 -0.465662 -0.402924 0.787916 -0.885000 0.000000 0.000000 0.000000 1.000000
-0.654328 0.756211 0.000000 -0.320674 -0.595831 -0.515555 -0.615783 5.341552 -0.465662 -0.402924 0.787916 -0.885000 0.000000 0.000000 0.000000 1.000000
-0.654328 0.756211 0.000000 -0.320674 -0.595831 -0.515555 -0.615783 5.341552 -0.465662 -0.402924 0.787916 -0.885000 0.000000 0.000000 0.000000 1.000000
-0.654328 0.756211 0.000000 -0.320674 -0.595831 -0.515555 -0.615783 5.341552 -0.465662 -0.402924 0.787916 -0.885000 0.000000 0.000000 0.000000 1.000000
-0.654328 0.756211 0.000000 -0.320674 -0.595831 -0.515555 -0.615783 5.341552 -0.465662 -0.402924 0.787916 -0.885000 0.000000 0.000000 0.000000 1.000000
-0.654328 0.756211 0.000000 -0.320674 -0.595831 -0.515555 -0.615783 5.341552 -0.465662 -0.402924 0.787916 -0.885000 0.000000 0.000000 0.000000 1.000000
-0.654328 0.756211 0.000000 -0.320674 -0.595831 -0.515555 -0.615783 5.341552 -0.465662 -0.402924 0.787916 -0.885000 0.000000 0.000000 0.000000 1.000000
-0.654328 0.756211 0.000000 -0.320674 -0.595831 -0.515555 -0.615783 5.341552 -0.465662 -0.402924 0.787916 -0.885000 0.000000 0.000000 0.000000 1.000000
-0.654328 0.756211 0.000000 -0.320674 -0.595831 -0.515555 -0.615783 5.341552 -0.465662 -0.402924 0.787916 -0.885000 0.000000 0.000000 0.000000 1.000000
-0.654328 0.756211 0.000000 -0.320674 -0.595831 -0.515555 -0.615783 5.341552 -0.465662 -0.402924 0.787916 -0.885000 0.000000 0.000000 0.000000 1.000000
-0.654328 0.756211 0.000000 -0.320674 -0.595831 -0.515555 -0.615783 5.341552 -0.465662 -0.402924 0.787916 -0.885000 0.000000 0.000000 0.000000 1.000000
-0.654328 0.756211 0.000000 -0.320674 -0.595831 -0.515555 -0.615783 5.341552 -0.465662 -0.402924 0.787916 -0.885000 0.000000 0.000000 0.000000 1.000000
-0.654328 0.756211 0.000000 -0.320674 -0.595831 -0.515555 -0.615783 5.341552 -0.465662 -0.402924 0.787916 -0.885000 0.000000 0.000000 0.000000 1.000000
-0.654328 0.756211 0.000000 -0.320674 -0.595831 -0.515555 -0.615783 5.341552 -0.465662 -0.402924 0.787916 -0.885000 0.000000 0.000000 0.000000 1.000000
-0.654328 0.756211 0.000000 -0.320674 -0.595831 -0.515555 -0.615783 5.341552 -0.465662 -0.402924 0.787916 -0.885000 0.000000 0.000000 0.000000 1.000000
-0.654328 0.756211 0.000000 -0.320674 -0.595831 -0.515555 -0.615783 5.341552 -0.465662 -0.402924 0.787916 -0.885000 0.000000 0.000000 0.000000 1.000000
-0.654328 0.756211 0.000000 -0.320674 -0.595831 -0.515555 -0.615783 5.218198 -0.465662 -0.402924 0.787916 -0.885023 0.000000 0.000000 0.000000 1.000000
-0.654328 0.756211 0.000000 -0.320674 -0.595831 -0.515555 -0.615783 4.924046 -0.465662 -0.402924 0.787916 -0.885077 0.000000 0.000000 0.000000 1.000000
-0.654328 0.756211 0.000000 -0.320674 -0.595831 -0.515555 -0.615783 4.572962 -0.465662 -0.402924 0.787916 -0.885142 0.000000 0.000000 0.000000 1.000000
-0.654328 0.756211 0.000000 -0.320674 -0.595831 -0.515555 -0.615783 4.278810 -0.465662 -0.402924 0.787916 -0.885196 0.000000 0.000000 0.000000 1.000000
-0.654328 0.756211 0.000000 -0.320674 -0.595831 -0.515555 -0.615783 4.155456 -0.465662 -0.402924 0.787916 -0.885219 0.000000 0.000000 0.000000 1.000000
-0.654328 0.756211 0.000000 -0.320674 -0.595831 -0.515555 -0.615783 4.188666 -0.465662 -0.402924 0.787916 -0.864033 0.000000 0.000000 0.000000 1.000000
-0.654328 0.756211 0.000000 -0.320674 -0.595831 -0.515555 -0.615783 4.278810 -0.465662 -0.402924 0.787916 -0.806529 0.000000 0.000000 0.000000 1.000000
-0.654328 0.756211 0.000000 -0.320674 -0.595831 -0.515555 -0.615783 4.411652 -0.465662 -0.402924 0.787916 -0.721787 0.000000 0.000000 0.000000 1.000000
-0.654328 0.756211 0.000000 -0.320674 -0.595831 -0.515555 -0.615783 4.572962 -0.465662 -0.402924 0.787916 -0.618885 0.000000 0.000000 0.000000 1.000000
-0.654328 0.756211 0.000000 -0.320674 -0.595831 -0.515555 -0.615783 4.748504 -0.465662 -0.402924 0.787916 -0.506904 0.000000 0.000000 0.000000 1.000000
-0.654328 0.756211 0.000000 -0.320674 -0.595831 -0.515555 -0.615783 4.924046 -0.465662 -0.402924 0.787916 -0.394923 0.000000 0.000000 0.000000 1.000000
-0.654328 0.756211 0.000000 -0.320674 -0.595831 -0.515555 -0.615783 5.085355 -0.465662 -0.402924 0.787916 -0.292022 0.000000 0.000000 0.000000 1.000000
-0.654328 0.756211 0.000000 -0.320674 -0.595831 -0.515555 -0.615783 5.218198 -0.465662 -0.402924 0.787916 -0.207279 0.000000 0.000000 0.000000 1.000000
-0.654328 0.756211 0.000000 -0.320674 -0.595831 -0.515555 -0.615783 5.308341 -0.465662 -0.402924 0.787916 -0.149775 0.000000 0.000000 0.000000 1.000000
-0.654328 0.756211 0.000000 -0.320674 -0.595831 -0.515555 -0.615783 5.341552 -0.465662 -0.402924 0.787916 -0.128590 0.000000 0.000000 0.000000 1.000000</float_array>
          <technique_common>
            <accessor source="#Hip-Matrix-animation-output-transform-array" count="76" stride="16">
              <param type="float4x4"/>
            </accessor>
          </technique_common>
        </source>
        <source id="Hip-Interpolations">
          <Name_array id="Hip-Interpolations-array" count="76">
 LINEAR LINEAR LINEAR LINEAR LINEAR LINEAR LINEAR LINEAR LINEAR LINEAR LINEAR
LINEAR LINEAR LINEAR LINEAR LINEAR LINEAR LINEAR LINEAR LINEAR LINEAR LINEAR LINEAR
LINEAR LINEAR LINEAR LINEAR LINEAR LINEAR LINEAR LINEAR LINEAR LINEAR LINEAR LINEAR
LINEAR LINEAR LINEAR LINEAR LINEAR LINEAR LINEAR LINEAR LINEAR LINEAR LINEAR LINEAR
LINEAR LINEAR LINEAR LINEAR LINEAR LINEAR LINEAR LINEAR LINEAR LINEAR LINEAR LINEAR
LINEAR LINEAR LINEAR LINEAR LINEAR LINEAR LINEAR LINEAR LINEAR LINEAR LINEAR LINEAR
LINEAR LINEAR LINEAR LINEAR LINEAR</Name_array>
          <technique_common>
            <accessor source="#Hip-Interpolations-array" count="76">
              <param type="name"/>
            </accessor>
          </technique_common>
        </source>
        <sampler id="Hip-Matrix-animation-transform">
          <input semantic="INPUT" source="#Hip-Matrix-animation-input"/>
          <input semantic="OUTPUT" source="#Hip-Matrix-animation-output-transform"/>
          <input semantic="INTERPOLATION" source="#Hip-Interpolations"/>
        </sampler>
        <channel source="#Hip-Matrix-animation-transform" target="Hip/matrix"/>
      </animation>
      <animation>
        <source id="Hip-visibility-animation-input">
          <float_array id="Hip-visibility-animation-input-array" count="7">

0.000000 0.333333 0.500000 0.833333 2.000000 2.166667 2.500000</float_array>
          <technique_common>
            <accessor source="#Hip-visibility-animation-input-array" count="7">
              <param name="TIME" type="float"/>
            </accessor>
          </technique_common>
        </source>
        <source id="Hip-visibility-animation-output">
          <float_array id="Hip-visibility-animation-output-array" count="7">

1.000000 1.000000 1.000000 1.000000 1.000000 1.000000 1.000000</float_array>
          <technique_common>
            <accessor source="#Hip-visibility-animation-output-array" count="7">
              <param type="float"/>
            </accessor>
          </technique_common>
        </source>
        <source id="Hip-visibility-animation-intan">
          <float_array id="Hip-visibility-animation-intan-array" count="7">

0.000000 0.000000 0.000000 0.000000 0.000000 0.000000 0.000000</float_array>
          <technique_common>
            <accessor source="#Hip-visibility-animation-intan-array" count="7">
              <param type="float"/>
            </accessor>
          </technique_common>
        </source>
        <source id="Hip-visibility-animation-outtan">
          <float_array id="Hip-visibility-animation-outtan-array" count="7">

0.000000 0.000000 0.000000 0.000000 0.000000 0.000000 0.000000</float_array>
          <technique_common>
            <accessor source="#Hip-visibility-animation-outtan-array" count="7">
              <param type="float"/>
            </accessor>
          </technique_common>
        </source>
        <source id="Hip-visibility-animation-interpolation">
          <Name_array id="Hip-visibility-animation-interpolation-array" count="7">
 STEP STEP STEP STEP STEP STEP STEP</Name_array>
          <technique_common>
            <accessor source="#Hip-visibility-animation-interpolation-array" count="7">
              <param type="name"/>
            </accessor>
          </technique_common>
        </source>
        <sampler id="Hip-visibility-animation">
          <input semantic="INPUT" source="#Hip-visibility-animation-input"/>
          <input semantic="OUTPUT" source="#Hip-visibility-animation-output"/>
          <input semantic="IN_TANGENT" source="#Hip-visibility-animation-intan"/>
          <input semantic="OUT_TANGENT" source="#Hip-visibility-animation-outtan"/>
          <input semantic="INTERPOLATION" source="#Hip-visibility-animation-interpolation"/>
        </sampler>
        <channel source="#Hip-visibility-animation" target="Hip/visibility"/>
      </animation>
    </animation>
    <animation id="RB_LegTop-anim" name="RB_LegTop">
      <animation>
        <source id="RB_LegTop-Matrix-animation-input">
          <float_array id="RB_LegTop-Matrix-animation-input-array" count="76">

0.000000 0.033333 0.066667 0.100000 0.133333 0.166667 0.200000 0.233333 0.266667 0.300000 0.333333 0.366667 0.400000 0.433333 0.466667 0.500000
0.533333 0.566667 0.600000 0.633333 0.666667 0.700000 0.733333 0.766667 0.800000 0.833333 0.866667 0.900000 0.933333 0.966667 1.000000 1.033333
1.066667 1.100000 1.133333 1.166667 1.200000 1.233333 1.266667 1.300000 1.333333 1.366667 1.400000 1.433333 1.466667 1.500000 1.533333 1.566667
1.600000 1.633333 1.666667 1.700000 1.733333 1.766667 1.800000 1.833333 1.866667 1.900000 1.933333 1.966667 2.000000 2.033333 2.066667 2.100000
2.133333 2.166667 2.200000 2.233333 2.266667 2.300000 2.333333 2.366667 2.400000 2.433333 2.466667 2.500000</float_array>
          <technique_common>
            <accessor source="#RB_LegTop-Matrix-animation-input-array" count="76">
              <param name="TIME" type="float"/>
            </accessor>
          </technique_common>
        </source>
        <source id="RB_LegTop-Matrix-animation-output-transform">
          <float_array id="RB_LegTop-Matrix-animation-output-transform-array" count="1216">

0.639333 -0.529182 -0.557871 1.467129 0.258820 0.831281 -0.491918 0.173375 0.724062 0.170112 0.668429 0.207080 0.000000 0.000000 0.000000 1.000000
0.639333 -0.529182 -0.557871 1.467129 0.258820 0.831281 -0.491918 0.173375 0.724062 0.170112 0.668429 0.207080 0.000000 0.000000 0.000000 1.000000
0.639333 -0.529182 -0.557871 1.467129 0.258820 0.831281 -0.491918 0.173375 0.724062 0.170112 0.668429 0.207080 0.000000 0.000000 0.000000 1.000000
0.639333 -0.529182 -0.557871 1.467129 0.258820 0.831281 -0.491918 0.173375 0.724062 0.170112 0.668429 0.207080 0.000000 0.000000 0.000000 1.000000
0.639333 -0.529182 -0.557871 1.467129 0.258820 0.831281 -0.491918 0.173375 0.724062 0.170112 0.668429 0.207080 0.000000 0.000000 0.000000 1.000000
0.639333 -0.529182 -0.557871 1.467129 0.258820 0.831281 -0.491918 0.173375 0.724062 0.170112 0.668429 0.207080 0.000000 0.000000 0.000000 1.000000
0.639333 -0.529182 -0.557871 1.467129 0.258820 0.831281 -0.491918 0.173375 0.724062 0.170112 0.668429 0.207080 0.000000 0.000000 0.000000 1.000000
0.639333 -0.529182 -0.557871 1.467129 0.258820 0.831281 -0.491918 0.173375 0.724062 0.170112 0.668429 0.207080 0.000000 0.000000 0.000000 1.000000
0.639333 -0.529182 -0.557871 1.467129 0.258820 0.831281 -0.491918 0.173375 0.724062 0.170112 0.668429 0.207080 0.000000 0.000000 0.000000 1.000000
0.639333 -0.529182 -0.557871 1.467129 0.258820 0.831281 -0.491918 0.173375 0.724062 0.170112 0.668429 0.207080 0.000000 0.000000 0.000000 1.000000
0.639333 -0.529182 -0.557871 1.467129 0.258820 0.831281 -0.491918 0.173375 0.724062 0.170112 0.668429 0.207080 0.000000 0.000000 0.000000 1.000000
0.639333 -0.529182 -0.557871 1.467129 0.258820 0.831281 -0.491918 0.173375 0.724062 0.170112 0.668429 0.207080 0.000000 0.000000 0.000000 1.000000
0.639333 -0.529182 -0.557871 1.467129 0.258820 0.831281 -0.491918 0.173375 0.724062 0.170112 0.668429 0.207080 0.000000 0.000000 0.000000 1.000000
0.639333 -0.529182 -0.557871 1.467129 0.258820 0.831281 -0.491918 0.173375 0.724062 0.170112 0.668429 0.207080 0.000000 0.000000 0.000000 1.000000
0.639333 -0.529182 -0.557871 1.467129 0.258820 0.831281 -0.491918 0.173375 0.724062 0.170112 0.668429 0.207080 0.000000 0.000000 0.000000 1.000000
0.639333 -0.529182 -0.557871 1.467129 0.258820 0.831281 -0.491918 0.173375 0.724062 0.170112 0.668429 0.207080 0.000000 0.000000 0.000000 1.000000
0.644181 -0.527414 -0.553955 1.467129 0.262057 0.832596 -0.487965 0.173375 0.718580 0.169170 0.674555 0.207080 0.000000 0.000000 0.000000 1.000000
0.657598 -0.522549 -0.542685 1.467129 0.271078 0.836219 -0.476713 0.173375 0.702910 0.166375 0.691547 0.207080 0.000000 0.000000 0.000000 1.000000
0.677668 -0.515367 -0.524560 1.467129 0.284759 0.841586 -0.458962 0.173375 0.677996 0.161651 0.717071 0.207080 0.000000 0.000000 0.000000 1.000000
0.702304 -0.506744 -0.499981 1.467129 0.301910 0.848071 -0.435461 0.173375 0.644686 0.154876 0.748594 0.207080 0.000000 0.000000 0.000000 1.000000
0.729390 -0.497587 -0.469466 1.467129 0.321336 0.855037 -0.407007 0.173375 0.603932 0.146010 0.783548 0.207080 0.000000 0.000000 0.000000 1.000000
0.756927 -0.488757 -0.433794 1.467129 0.341890 0.861884 -0.374523 0.173375 0.556931 0.135177 0.819484 0.207080 0.000000 0.000000 0.000000 1.000000
0.783164 -0.480992 -0.394083 1.467129 0.362522 0.868096 -0.339097 0.173375 0.505205 0.122705 0.854232 0.207080 0.000000 0.000000 0.000000 1.000000
0.806708 -0.474829 -0.351794 1.467129 0.382323 0.873287 -0.301991 0.173375 0.450612 0.109119 0.886026 0.207080 0.000000 0.000000 0.000000 1.000000
0.826612 -0.470558 -0.308687 1.467129 0.400552 0.877230 -0.264625 0.173375 0.395311 0.095097 0.913612 0.207080 0.000000 0.000000 0.000000 1.000000
0.842411 -0.468190 -0.266725 1.467129 0.416649 0.879871 -0.228541 0.173375 0.341684 0.081395 0.936284 0.207080 0.000000 0.000000 0.000000 1.000000
0.854107 -0.467473 -0.227970 1.467129 0.430228 0.881327 -0.195361 0.173375 0.292242 0.068780 0.953868 0.207080 0.000000 0.000000 0.000000 1.000000
0.862095 -0.467939 -0.194486 1.467129 0.441050 0.881858 -0.166739 0.173375 0.249533 0.057967 0.966630 0.207080 0.000000 0.000000 0.000000 1.000000
0.867028 -0.468984 -0.168273 1.467129 0.448971 0.881814 -0.144326 0.173375 0.216072 0.049585 0.975118 0.207080 0.000000 0.000000 0.000000 1.000000
0.869627 -0.469979 -0.151228 1.467129 0.453873 0.881571 -0.129738 0.173375 0.194292 0.044185 0.979948 0.207080 0.000000 0.000000 0.000000 1.000000
0.870437 -0.470392 -0.145158 1.467129 0.455572 0.881444 -0.124538 0.173375 0.186530 0.042273 0.981539 0.207080 0.000000 0.000000 0.000000 1.000000
0.870437 -0.470392 -0.145158 1.467129 0.455572 0.881444 -0.124538 0.173375 0.186530 0.042273 0.981539 0.207080 0.000000 0.000000 0.000000 1.000000
0.870437 -0.470392 -0.145158 1.467129 0.455572 0.881444 -0.124538 0.173375 0.186530 0.042273 0.981539 0.207080 0.000000 0.000000 0.000000 1.000000
0.870437 -0.470392 -0.145158 1.467129 0.455572 0.881444 -0.124538 0.173375 0.186530 0.042273 0.981539 0.207080 0.000000 0.000000 0.000000 1.000000
0.870437 -0.470392 -0.145158 1.467129 0.455572 0.881444 -0.124538 0.173375 0.186530 0.042273 0.981539 0.207080 0.000000 0.000000 0.000000 1.000000
0.870437 -0.470392 -0.145158 1.467129 0.455572 0.881444 -0.124538 0.173375 0.186530 0.042273 0.981539 0.207080 0.000000 0.000000 0.000000 1.000000
0.870437 -0.470392 -0.145158 1.467129 0.455572 0.881444 -0.124538 0.173375 0.186530 0.042273 0.981539 0.207080 0.000000 0.000000 0.000000 1.000000
0.870437 -0.470392 -0.145158 1.467129 0.455572 0.881444 -0.124538 0.173375 0.186530 0.042273 0.981539 0.207080 0.000000 0.000000 0.000000 1.000000
0.870437 -0.470392 -0.145158 1.467129 0.455572 0.881444 -0.124538 0.173375 0.186530 0.042273 0.981539 0.207080 0.000000 0.000000 0.000000 1.000000
0.870437 -0.470392 -0.145158 1.467129 0.455572 0.881444 -0.124538 0.173375 0.186530 0.042273 0.981539 0.207080 0.000000 0.000000 0.000000 1.000000
0.870437 -0.470392 -0.145158 1.467129 0.455572 0.881444 -0.124538 0.173375 0.186530 0.042273 0.981539 0.207080 0.000000 0.000000 0.000000 1.000000
0.870437 -0.470392 -0.145158 1.467129 0.455572 0.881444 -0.124538 0.173375 0.186530 0.042273 0.981539 0.207080 0.000000 0.000000 0.000000 1.000000
0.870437 -0.470392 -0.145158 1.467129 0.455572 0.881444 -0.124538 0.173375 0.186530 0.042273 0.981539 0.207080 0.000000 0.000000 0.000000 1.000000
0.870437 -0.470392 -0.145158 1.467129 0.455572 0.881444 -0.124538 0.173375 0.186530 0.042273 0.981539 0.207080 0.000000 0.000000 0.000000 1.000000
0.870437 -0.470392 -0.145158 1.467129 0.455572 0.881444 -0.124538 0.173375 0.186530 0.042273 0.981539 0.207080 0.000000 0.000000 0.000000 1.000000
0.870437 -0.470392 -0.145158 1.467129 0.455572 0.881444 -0.124538 0.173375 0.186530 0.042273 0.981539 0.207080 0.000000 0.000000 0.000000 1.000000
0.870437 -0.470392 -0.145158 1.467129 0.455572 0.881444 -0.124538 0.173375 0.186530 0.042273 0.981539 0.207080 0.000000 0.000000 0.000000 1.000000
0.870437 -0.470392 -0.145158 1.467129 0.455572 0.881444 -0.124538 0.173375 0.186530 0.042273 0.981539 0.207080 0.000000 0.000000 0.000000 1.000000
0.870437 -0.470392 -0.145158 1.467129 0.455572 0.881444 -0.124538 0.173375 0.186530 0.042273 0.981539 0.207080 0.000000 0.000000 0.000000 1.000000
0.870437 -0.470392 -0.145158 1.467129 0.455572 0.881444 -0.124538 0.173375 0.186530 0.042273 0.981539 0.207080 0.000000 0.000000 0.000000 1.000000
0.870437 -0.470392 -0.145158 1.467129 0.455572 0.881444 -0.124538 0.173375 0.186530 0.042273 0.981539 0.207080 0.000000 0.000000 0.000000 1.000000
0.870437 -0.470392 -0.145158 1.467129 0.455572 0.881444 -0.124538 0.173375 0.186530 0.042273 0.981539 0.207080 0.000000 0.000000 0.000000 1.000000
0.870437 -0.470392 -0.145158 1.467129 0.455572 0.881444 -0.124538 0.173375 0.186530 0.042273 0.981539 0.207080 0.000000 0.000000 0.000000 1.000000
0.870437 -0.470392 -0.145158 1.467129 0.455572 0.881444 -0.124538 0.173375 0.186530 0.042273 0.981539 0.207080 0.000000 0.000000 0.000000 1.000000
0.870437 -0.470392 -0.145158 1.467129 0.455572 0.881444 -0.124538 0.173375 0.186530 0.042273 0.981539 0.207080 0.000000 0.000000 0.000000 1.000000
0.870437 -0.470392 -0.145158 1.467129 0.455572 0.881444 -0.124538 0.173375 0.186530 0.042273 0.981539 0.207080 0.000000 0.000000 0.000000 1.000000
0.870437 -0.470392 -0.145158 1.467129 0.455572 0.881444 -0.124538 0.173375 0.186530 0.042273 0.981539 0.207080 0.000000 0.000000 0.000000 1.000000
0.870437 -0.470392 -0.145158 1.467129 0.455572 0.881444 -0.124538 0.173375 0.186530 0.042273 0.981539 0.207080 0.000000 0.000000 0.000000 1.000000
0.870437 -0.470392 -0.145158 1.467129 0.455572 0.881444 -0.124538 0.173375 0.186530 0.042273 0.981539 0.207080 0.000000 0.000000 0.000000 1.000000
0.870437 -0.470392 -0.145158 1.467129 0.455572 0.881444 -0.124538 0.173375 0.186530 0.042273 0.981539 0.207080 0.000000 0.000000 0.000000 1.000000
0.870437 -0.470392 -0.145158 1.467129 0.455572 0.881444 -0.124538 0.173375 0.186530 0.042273 0.981539 0.207080 0.000000 0.000000 0.000000 1.000000
0.862095 -0.467939 -0.194486 1.467129 0.441050 0.881858 -0.166739 0.173375 0.249533 0.057967 0.966630 0.207080 0.000000 0.000000 0.000000 1.000000
0.826612 -0.470558 -0.308687 1.467129 0.400552 0.877230 -0.264625 0.173375 0.395311 0.095097 0.913612 0.207080 0.000000 0.000000 0.000000 1.000000
0.756927 -0.488757 -0.433794 1.467129 0.341890 0.861884 -0.374523 0.173375 0.556931 0.135177 0.819484 0.207080 0.000000 0.000000 0.000000 1.000000
0.677668 -0.515367 -0.524560 1.467129 0.284759 0.841586 -0.458962 0.173375 0.677996 0.161651 0.717071 0.207080 0.000000 0.000000 0.000000 1.000000
0.639333 -0.529182 -0.557871 1.467129 0.258820 0.831281 -0.491918 0.173375 0.724062 0.170112 0.668429 0.207080 0.000000 0.000000 0.000000 1.000000
0.639333 -0.529182 -0.557871 1.467129 0.258820 0.831281 -0.491918 0.173375 0.724062 0.170112 0.668429 0.207080 0.000000 0.000000 0.000000 1.000000
0.639333 -0.529182 -0.557871 1.467129 0.258820 0.831281 -0.491918 0.173375 0.724062 0.170112 0.668429 0.207080 0.000000 0.000000 0.000000 1.000000
0.639333 -0.529182 -0.557871 1.467129 0.258820 0.831281 -0.491918 0.173375 0.724062 0.170112 0.668429 0.207080 0.000000 0.000000 0.000000 1.000000
0.639333 -0.529182 -0.557871 1.467129 0.258820 0.831281 -0.491918 0.173375 0.724062 0.170112 0.668429 0.207080 0.000000 0.000000 0.000000 1.000000
0.639333 -0.529182 -0.557871 1.467129 0.258820 0.831281 -0.491918 0.173375 0.724062 0.170112 0.668429 0.207080 0.000000 0.000000 0.000000 1.000000
0.639333 -0.529182 -0.557871 1.467129 0.258820 0.831281 -0.491918 0.173375 0.724062 0.170112 0.668429 0.207080 0.000000 0.000000 0.000000 1.000000
0.639333 -0.529182 -0.557871 1.467129 0.258820 0.831281 -0.491918 0.173375 0.724062 0.170112 0.668429 0.207080 0.000000 0.000000 0.000000 1.000000
0.639333 -0.529182 -0.557871 1.467129 0.258820 0.831281 -0.491918 0.173375 0.724062 0.170112 0.668429 0.207080 0.000000 0.000000 0.000000 1.000000
0.639333 -0.529182 -0.557871 1.467129 0.258820 0.831281 -0.491918 0.173375 0.724062 0.170112 0.668429 0.207080 0.000000 0.000000 0.000000 1.000000
0.639333 -0.529182 -0.557871 1.467129 0.258820 0.831281 -0.491918 0.173375 0.724062 0.170112 0.668429 0.207080 0.000000 0.000000 0.000000 1.000000</float_array>
          <technique_common>
            <accessor source="#RB_LegTop-Matrix-animation-output-transform-array" count="76" stride="16">
              <param type="float4x4"/>
            </accessor>
          </technique_common>
        </source>
        <source id="RB_LegTop-Interpolations">
          <Name_array id="RB_LegTop-Interpolations-array" count="76">
 LINEAR LINEAR LINEAR LINEAR LINEAR LINEAR LINEAR LINEAR LINEAR LINEAR LINEAR
LINEAR LINEAR LINEAR LINEAR LINEAR LINEAR LINEAR LINEAR LINEAR LINEAR LINEAR LINEAR
LINEAR LINEAR LINEAR LINEAR LINEAR LINEAR LINEAR LINEAR LINEAR LINEAR LINEAR LINEAR
LINEAR LINEAR LINEAR LINEAR LINEAR LINEAR LINEAR LINEAR LINEAR LINEAR LINEAR LINEAR
LINEAR LINEAR LINEAR LINEAR LINEAR LINEAR LINEAR LINEAR LINEAR LINEAR LINEAR LINEAR
LINEAR LINEAR LINEAR LINEAR LINEAR LINEAR LINEAR LINEAR LINEAR LINEAR LINEAR LINEAR
LINEAR LINEAR LINEAR LINEAR LINEAR</Name_array>
          <technique_common>
            <accessor source="#RB_LegTop-Interpolations-array" count="76">
              <param type="name"/>
            </accessor>
          </technique_common>
        </source>
        <sampler id="RB_LegTop-Matrix-animation-transform">
          <input semantic="INPUT" source="#RB_LegTop-Matrix-animation-input"/>
          <input semantic="OUTPUT" source="#RB_LegTop-Matrix-animation-output-transform"/>
          <input semantic="INTERPOLATION" source="#RB_LegTop-Interpolations"/>
        </sampler>
        <channel source="#RB_LegTop-Matrix-animation-transform" target="RB_LegTop/matrix"/>
      </animation>
      <animation>
        <source id="RB_LegTop-visibility-animation-input">
          <float_array id="RB_LegTop-visibility-animation-input-array" count="7">

0.000000 0.333333 0.500000 1.000000 2.000000 2.166667 2.500000</float_array>
          <technique_common>
            <accessor source="#RB_LegTop-visibility-animation-input-array" count="7">
              <param name="TIME" type="float"/>
            </accessor>
          </technique_common>
        </source>
        <source id="RB_LegTop-visibility-animation-output">
          <float_array id="RB_LegTop-visibility-animation-output-array" count="7">

1.000000 1.000000 1.000000 1.000000 1.000000 1.000000 1.000000</float_array>
          <technique_common>
            <accessor source="#RB_LegTop-visibility-animation-output-array" count="7">
              <param type="float"/>
            </accessor>
          </technique_common>
        </source>
        <source id="RB_LegTop-visibility-animation-intan">
          <float_array id="RB_LegTop-visibility-animation-intan-array" count="7">

0.000000 0.000000 0.000000 0.000000 0.000000 0.000000 0.000000</float_array>
          <technique_common>
            <accessor source="#RB_LegTop-visibility-animation-intan-array" count="7">
              <param type="float"/>
            </accessor>
          </technique_common>
        </source>
        <source id="RB_LegTop-visibility-animation-outtan">
          <float_array id="RB_LegTop-visibility-animation-outtan-array" count="7">

0.000000 0.000000 0.000000 0.000000 0.000000 0.000000 0.000000</float_array>
          <technique_common>
            <accessor source="#RB_LegTop-visibility-animation-outtan-array" count="7">
              <param type="float"/>
            </accessor>
          </technique_common>
        </source>
        <source id="RB_LegTop-visibility-animation-interpolation">
          <Name_array id="RB_LegTop-visibility-animation-interpolation-array" count="7">
 STEP STEP STEP STEP STEP STEP STEP</Name_array>
          <technique_common>
            <accessor source="#RB_LegTop-visibility-animation-interpolation-array" count="7">
              <param type="name"/>
            </accessor>
          </technique_common>
        </source>
        <sampler id="RB_LegTop-visibility-animation">
          <input semantic="INPUT" source="#RB_LegTop-visibility-animation-input"/>
          <input semantic="OUTPUT" source="#RB_LegTop-visibility-animation-output"/>
          <input semantic="IN_TANGENT" source="#RB_LegTop-visibility-animation-intan"/>
          <input semantic="OUT_TANGENT" source="#RB_LegTop-visibility-animation-outtan"/>
          <input semantic="INTERPOLATION" source="#RB_LegTop-visibility-animation-interpolation"/>
        </sampler>
        <channel source="#RB_LegTop-visibility-animation" target="RB_LegTop/visibility"/>
      </animation>
    </animation>
    <animation id="RB_Knee1-anim" name="RB_Knee1">
      <animation>
        <source id="RB_Knee1-Matrix-animation-input">
          <float_array id="RB_Knee1-Matrix-animation-input-array" count="76">

0.000000 0.033333 0.066667 0.100000 0.133333 0.166667 0.200000 0.233333 0.266667 0.300000 0.333333 0.366667 0.400000 0.433333 0.466667 0.500000
0.533333 0.566667 0.600000 0.633333 0.666667 0.700000 0.733333 0.766667 0.800000 0.833333 0.866667 0.900000 0.933333 0.966667 1.000000 1.033333
1.066667 1.100000 1.133333 1.166667 1.200000 1.233333 1.266667 1.300000 1.333333 1.366667 1.400000 1.433333 1.466667 1.500000 1.533333 1.566667
1.600000 1.633333 1.666667 1.700000 1.733333 1.766667 1.800000 1.833333 1.866667 1.900000 1.933333 1.966667 2.000000 2.033333 2.066667 2.100000
2.133333 2.166667 2.200000 2.233333 2.266667 2.300000 2.333333 2.366667 2.400000 2.433333 2.466667 2.500000</float_array>
          <technique_common>
            <accessor source="#RB_Knee1-Matrix-animation-input-array" count="76">
              <param name="TIME" type="float"/>
            </accessor>
          </technique_common>
        </source>
        <source id="RB_Knee1-Matrix-animation-output-transform">
          <float_array id="RB_Knee1-Matrix-animation-output-transform-array" count="1216">

0.114377 -0.222720 0.968150 2.283646 0.026130 0.974882 0.221182 0.012635 -0.993094 0.000000 0.117324 0.025549 0.000000 0.000000 0.000000 1.000000
0.111382 -0.222720 0.968499 2.272701 0.025446 0.974882 0.221262 0.010121 -0.993452 0.000000 0.114252 0.023503 0.000000 0.000000 0.000000 1.000000
0.103248 -0.222720 0.969400 2.242992 0.023588 0.974882 0.221467 0.003297 -0.994376 0.000000 0.105908 0.017951 0.000000 0.000000 0.000000 1.000000
0.091247 -0.222720 0.970603 2.199210 0.020846 0.974882 0.221742 -0.006758 -0.995610 0.000000 0.093598 0.009768 0.000000 0.000000 0.000000 1.000000
0.076656 -0.222720 0.971864 2.146046 0.017513 0.974882 0.222030 -0.018969 -0.996904 0.000000 0.078631 -0.000168 0.000000 0.000000 0.000000 1.000000
0.060758 -0.222720 0.972987 2.088192 0.013881 0.974882 0.222287 -0.032257 -0.998056 0.000000 0.062323 -0.010980 0.000000 0.000000 0.000000 1.000000
0.044843 -0.222720 0.973851 2.030337 0.010245 0.974882 0.222484 -0.045545 -0.998942 0.000000 0.045999 -0.021792 0.000000 0.000000 0.000000 1.000000
0.030209 -0.222720 0.974414 1.977174 0.006901 0.974882 0.222613 -0.057756 -0.999520 0.000000 0.030987 -0.031728 0.000000 0.000000 0.000000 1.000000
0.018151 -0.222720 0.974713 1.933392 0.004147 0.974882 0.222681 -0.067812 -0.999827 0.000000 0.018619 -0.039911 0.000000 0.000000 0.000000 1.000000
0.009968 -0.222720 0.974831 1.903683 0.002277 0.974882 0.222708 -0.074636 -0.999948 0.000000 0.010225 -0.045463 0.000000 0.000000 0.000000 1.000000
0.006953 -0.222720 0.974858 1.892737 0.001588 0.974882 0.222714 -0.077150 -0.999975 0.000000 0.007132 -0.047509 0.000000 0.000000 0.000000 1.000000
0.006953 -0.222720 0.974858 1.892737 0.001588 0.974882 0.222714 -0.077150 -0.999975 0.000000 0.007132 -0.047509 0.000000 0.000000 0.000000 1.000000
0.006953 -0.222720 0.974858 1.892737 0.001588 0.974882 0.222714 -0.077150 -0.999975 0.000000 0.007132 -0.047509 0.000000 0.000000 0.000000 1.000000
0.006953 -0.222720 0.974858 1.892737 0.001588 0.974882 0.222714 -0.077150 -0.999975 0.000000 0.007132 -0.047509 0.000000 0.000000 0.000000 1.000000
0.006953 -0.222720 0.974858 1.892737 0.001588 0.974882 0.222714 -0.077150 -0.999975 0.000000 0.007132 -0.047509 0.000000 0.000000 0.000000 1.000000
0.006953 -0.222720 0.974858 1.892737 0.001588 0.974882 0.222714 -0.077150 -0.999975 0.000000 0.007132 -0.047509 0.000000 0.000000 0.000000 1.000000
0.017004 -0.223089 0.974650 1.892737 0.004503 0.974798 0.223044 -0.077150 -0.999845 0.000596 0.017580 -0.047509 0.000000 0.000000 0.000000 1.000000
0.045272 -0.224126 0.973508 1.892737 0.012706 0.974558 0.223777 -0.077150 -0.998894 0.002239 0.046968 -0.047509 0.000000 0.000000 0.000000 1.000000
0.088869 -0.225719 0.970130 1.892737 0.025373 0.974181 0.224337 -0.077150 -0.995720 0.004678 0.092302 -0.047509 0.000000 0.000000 0.000000 1.000000
0.144770 -0.227746 0.962899 1.892737 0.041623 0.973691 0.224040 -0.077150 -0.988589 0.007644 0.150441 -0.047509 0.000000 0.000000 0.000000 1.000000
0.209768 -0.230065 0.950299 1.892737 0.060500 0.973114 0.222234 -0.077150 -0.975878 0.010875 0.218047 -0.047509 0.000000 0.000000 0.000000 1.000000
0.280502 -0.232525 0.931263 1.892737 0.080975 0.972488 0.218428 -0.077150 -0.956432 0.014140 0.291613 -0.047509 0.000000 0.000000 0.000000 1.000000
0.353558 -0.234968 0.905421 1.892737 0.101989 0.971850 0.212381 -0.077150 -0.929836 0.017254 0.367569 -0.047509 0.000000 0.000000 0.000000 1.000000
0.425628 -0.237248 0.873243 1.892737 0.122512 0.971241 0.204159 -0.077150 -0.896566 0.020087 0.442454 -0.047509 0.000000 0.000000 0.000000 1.000000
0.493697 -0.239246 0.836077 1.892737 0.141625 0.970697 0.194139 -0.077150 -0.858024 0.022564 0.513113 -0.047509 0.000000 0.000000 0.000000 1.000000
0.555196 -0.240883 0.796074 1.892737 0.158584 0.970241 0.182985 -0.077150 -0.816461 0.024652 0.576874 -0.047509 0.000000 0.000000 0.000000 1.000000
0.608107 -0.242129 0.756029 1.892737 0.172863 0.969886 0.171578 -0.077150 -0.774806 0.026352 0.631650 -0.047509 0.000000 0.000000 0.000000 1.000000
0.650960 -0.243001 0.719167 1.892737 0.184157 0.969631 0.160939 -0.077150 -0.736435 0.027675 0.675942 -0.047509 0.000000 0.000000 0.000000 1.000000
0.682716 -0.243550 0.688899 1.892737 0.192332 0.969466 0.152134 -0.077150 -0.704916 0.028632 0.708712 -0.047509 0.000000 0.000000 0.000000 1.000000
