<?xml version="1.0" encoding="utf-8"?>
<COLLADA xmlns="http://www.collada.org/2005/11/COLLADASchema" version="1.4.1">
  <asset><contributor><author>Mixamo</author><authoring_tool>COLLADA Mixamo exporter</authoring_tool><comments></comments></contributor><created>2020-04-02T11:36:24Z</created><modified>2020-04-02T11:36:24Z</modified><revision></revision><title></title><unit meter="0.010000"/><up_axis>Y_UP</up_axis></asset>
  <library_animations>
    <animation id="mixamorig_Hips-anim" name="mixamorig_Hips"><source id="mixamorig_Hips-Matrix-animation-input"><float_array id="mixamorig_Hips-Matrix-animation-input-array" count="66">

0.000000 0.033333 0.066667 0.100000 0.133333 0.166667 0.200000 0.233333 0.266667 0.300000 0.333333 0.366667 0.400000 0.433333 0.466667 0.500000
0.533333 0.566667 0.600000 0.633333 0.666667 0.700000 0.733333 0.766667 0.800000 0.833333 0.866667 0.900000 0.933333 0.966667 1.000000 1.033333
1.066667 1.100000 1.133333 1.166667 1.200000 1.233333 1.266667 1.300000 1.333333 1.366667 1.400000 1.433333 1.466667 1.500000 1.533333 1.566667
1.600000 1.633333 1.666667 1.700000 1.733333 1.766667 1.800000 1.833333 1.866667 1.900000 1.933333 1.966667 2.000000 2.033333 2.066667 2.100000
2.133333 2.166667</float_array><technique_common><accessor source="#mixamorig_Hips-Matrix-animation-input-array" count="66"><param name="TIME" type="float"/></accessor></technique_common></source><source id="mixamorig_Hips-Matrix-animation-output-transform"><float_array id="mixamorig_Hips-Matrix-animation-output-transform-array" count="1056">

-0.973224 -0.002729 -0.229842 1.550090 -0.054104 0.974555 0.217521 1.745872 0.223400 0.224132 -0.948608 -1.441289 0.000000 0.000000 0.000000 1.000000
-0.973224 -0.002729 -0.229842 1.550088 -0.054104 0.974555 0.217521 1.745869 0.223400 0.224132 -0.948608 -1.441294 0.000000 0.000000 0.000000 1.000000
-0.973087 -0.002723 -0.230424 1.550986 -0.053795 0.974986 0.215657 1.748681 0.224073 0.222249 -0.948893 -1.437126 0.000000 0.000000 0.000000 1.000000
-0.972871 -0.002573 -0.231333 1.551919 -0.053534 0.975302 0.214290 1.751401 0.225068 0.220861 -0.948981 -1.433113 0.000000 0.000000 0.000000 1.000000
-0.972648 -0.001739 -0.232279 1.552931 -0.052449 0.975791 0.212321 1.753810 0.226287 0.218697 -0.949192 -1.429529 0.000000 0.000000 0.000000 1.000000
-0.972463 0.001269 -0.233052 1.553839 -0.048694 0.976808 0.208506 1.756355 0.227912 0.214113 -0.949848 -1.426604 0.000000 0.000000 0.000000 1.000000
-0.972409 0.002131 -0.233271 1.554559 -0.047958 0.976773 0.208841 1.757181 0.228298 0.214266 -0.949721 -1.424514 0.000000 0.000000 0.000000 1.000000
-0.972517 0.003939 -0.232797 1.554566 -0.045918 0.976975 0.208354 1.757887 0.228258 0.213318 -0.949944 -1.423631 0.000000 0.000000 0.000000 1.000000
-0.972637 0.005930 -0.232256 1.553802 -0.044179 0.976713 0.209951 1.757930 0.228093 0.214467 -0.949725 -1.423331 0.000000 0.000000 0.000000 1.000000
-0.972806 0.005974 -0.231545 1.552575 -0.045459 0.975301 0.216150 1.756223 0.227117 0.220798 -0.948507 -1.423562 0.000000 0.000000 0.000000 1.000000
-0.972931 0.007785 -0.230964 1.550982 -0.045148 0.973770 0.223009 1.754527 0.226642 0.227400 -0.947060 -1.424004 0.000000 0.000000 0.000000 1.000000
-0.973238 0.010922 -0.229541 1.548795 -0.043319 0.972243 0.229929 1.751946 0.225681 0.233719 -0.945750 -1.426246 0.000000 0.000000 0.000000 1.000000
-0.973620 0.014774 -0.227696 1.545925 -0.041307 0.970001 0.239566 1.747872 0.224405 0.242652 -0.943802 -1.429003 0.000000 0.000000 0.000000 1.000000
-0.973959 0.018048 -0.226004 1.542721 -0.040419 0.967037 0.251409 1.741799 0.223091 0.253996 -0.941125 -1.433698 0.000000 0.000000 0.000000 1.000000
-0.974248 0.022399 -0.224366 1.539775 -0.039288 0.962970 0.266731 1.733885 0.222032 0.268677 -0.937291 -1.439409 0.000000 0.000000 0.000000 1.000000
-0.974652 0.025025 -0.222321 1.537684 -0.040941 0.956993 0.287209 1.723886 0.219947 0.289031 -0.931710 -1.444656 0.000000 0.000000 0.000000 1.000000
-0.974823 0.025175 -0.221556 1.536082 -0.043671 0.952809 0.300411 1.716297 0.218663 0.302523 -0.927721 -1.449223 0.000000 0.000000 0.000000 1.000000
-0.974984 0.023987 -0.220979 1.535959 -0.044680 0.952719 0.300550 1.714491 0.217740 0.302905 -0.927814 -1.453558 0.000000 0.000000 0.000000 1.000000
-0.974873 0.021227 -0.221747 1.537554 -0.045193 0.955902 0.290188 1.718265 0.218128 0.292917 -0.930924 -1.456243 0.000000 0.000000 0.000000 1.000000
-0.974641 0.016297 -0.223182 1.540167 -0.046132 0.961289 0.271653 1.726090 0.218969 0.275059 -0.936160 -1.455835 0.000000 0.000000 0.000000 1.000000
-0.974246 0.009914 -0.225269 1.542681 -0.047235 0.967895 0.246878 1.734300 0.220484 0.251161 -0.942499 -1.454066 0.000000 0.000000 0.000000 1.000000
-0.973418 0.004317 -0.228997 1.544820 -0.048577 0.973185 0.224838 1.742780 0.223827 0.229985 -0.947105 -1.449453 0.000000 0.000000 0.000000 1.000000
-0.972964 -0.000566 -0.230956 1.547538 -0.049358 0.977404 0.205537 1.751068 0.225621 0.211380 -0.951007 -1.443605 0.000000 0.000000 0.000000 1.000000
-0.972836 -0.005642 -0.231425 1.549734 -0.050453 0.980839 0.188176 1.759235 0.225929 0.194741 -0.954480 -1.437033 0.000000 0.000000 0.000000 1.000000
-0.972824 -0.009228 -0.231360 1.551726 -0.050576 0.983546 0.173432 1.766862 0.225953 0.180421 -0.957285 -1.429633 0.000000 0.000000 0.000000 1.000000
-0.972562 -0.012429 -0.232311 1.553863 -0.051626 0.985204 0.163423 1.773032 0.226842 0.170932 -0.958814 -1.421882 0.000000 0.000000 0.000000 1.000000
-0.972172 -0.014738 -0.233804 1.555885 -0.053287 0.985769 0.159434 1.777053 0.228127 0.167456 -0.959123 -1.414880 0.000000 0.000000 0.000000 1.000000
-0.971941 -0.015586 -0.234708 1.557994 -0.054090 0.985872 0.158524 1.779269 0.228921 0.166771 -0.959053 -1.408694 0.000000 0.000000 0.000000 1.000000
-0.971963 -0.014442 -0.234689 1.559270 -0.053374 0.985609 0.160395 1.780195 0.228995 0.168424 -0.958746 -1.403190 0.000000 0.000000 0.000000 1.000000
-0.972255 -0.011124 -0.233657 1.559667 -0.051237 0.984740 0.166317 1.779094 0.228241 0.173674 -0.957989 -1.399795 0.000000 0.000000 0.000000 1.000000
-0.973111 -0.004435 -0.230294 1.559085 -0.047089 0.982529 0.180052 1.775711 0.225472 0.186055 -0.956319 -1.397045 0.000000 0.000000 0.000000 1.000000
-0.973975 0.005673 -0.226585 1.556217 -0.040923 0.978856 0.200415 1.768821 0.222931 0.204471 -0.953149 -1.396725 0.000000 0.000000 0.000000 1.000000
-0.974692 0.008554 -0.223387 1.551914 -0.043799 0.972594 0.228348 1.757266 0.219218 0.232353 -0.947605 -1.399930 0.000000 0.000000 0.000000 1.000000
-0.975431 0.011696 -0.219995 1.546470 -0.046490 0.965175 0.257442 1.744963 0.215344 0.261345 -0.940917 -1.403762 0.000000 0.000000 0.000000 1.000000
-0.975542 0.013821 -0.219377 1.542130 -0.049372 0.958743 0.279953 1.734973 0.214196 0.283937 -0.934612 -1.410369 0.000000 0.000000 0.000000 1.000000
-0.975833 0.015579 -0.217963 1.539166 -0.050023 0.955044 0.292215 1.728460 0.212716 0.296056 -0.931183 -1.418970 0.000000 0.000000 0.000000 1.000000
-0.975961 0.015685 -0.217378 1.537730 -0.049768 0.955014 0.292354 1.725952 0.212185 0.296144 -0.931277 -1.428007 0.000000 0.000000 0.000000 1.000000
-0.975571 0.013362 -0.219278 1.537627 -0.049965 0.958493 0.280705 1.726865 0.213927 0.284804 -0.934410 -1.435047 0.000000 0.000000 0.000000 1.000000
-0.974988 0.008112 -0.222109 1.539134 -0.051911 0.963382 0.263058 1.730469 0.216110 0.268009 -0.938865 -1.439152 0.000000 0.000000 0.000000 1.000000
-0.974073 0.001722 -0.226228 1.543614 -0.054283 0.968980 0.241103 1.736921 0.219626 0.247133 -0.943764 -1.441553 0.000000 0.000000 0.000000 1.000000
-0.973278 -0.002480 -0.229617 1.549605 -0.054182 0.974188 0.219141 1.745203 0.223146 0.225726 -0.948290 -1.441432 0.000000 0.000000 0.000000 1.000000
-0.972986 -0.004878 -0.230813 1.554730 -0.052584 0.978180 0.200995 1.753017 0.224796 0.207702 -0.952012 -1.439021 0.000000 0.000000 0.000000 1.000000
-0.972972 -0.007396 -0.230806 1.558905 -0.051081 0.981620 0.183881 1.760239 0.225204 0.190701 -0.955467 -1.434771 0.000000 0.000000 0.000000 1.000000
-0.972785 -0.010245 -0.231482 1.561351 -0.051452 0.983632 0.172689 1.766279 0.225924 0.179900 -0.957389 -1.428995 0.000000 0.000000 0.000000 1.000000
-0.972233 -0.011621 -0.233727 1.562011 -0.051607 0.984824 0.165704 1.770933 0.228255 0.173165 -0.958078 -1.422551 0.000000 0.000000 0.000000 1.000000
-0.972082 -0.012208 -0.234325 1.562131 -0.052187 0.984881 0.165183 1.774646 0.228766 0.172800 -0.958022 -1.414953 0.000000 0.000000 0.000000 1.000000
-0.972174 -0.011164 -0.233994 1.561921 -0.052057 0.984185 0.169325 1.777340 0.228403 0.176794 -0.957380 -1.406723 0.000000 0.000000 0.000000 1.000000
-0.972403 -0.008322 -0.233161 1.560822 -0.050724 0.983000 0.176461 1.778441 0.227729 0.183418 -0.956294 -1.399212 0.000000 0.000000 0.000000 1.000000
-0.973226 -0.002947 -0.229832 1.559547 -0.048509 0.980030 0.192844 1.777370 0.224673 0.198830 -0.953933 -1.390307 0.000000 0.000000 0.000000 1.000000
-0.974476 0.005067 -0.224434 1.557940 -0.044891 0.975155 0.216926 1.773866 0.219957 0.221464 -0.950038 -1.380684 0.000000 0.000000 0.000000 1.000000
-0.975293 0.015029 -0.220405 1.554253 -0.039641 0.969584 0.241527 1.767172 0.217331 0.244296 -0.945033 -1.375139 0.000000 0.000000 0.000000 1.000000
-0.976418 0.027134 -0.214178 1.549534 -0.033845 0.960565 0.275990 1.756150 0.213220 0.276730 -0.936994 -1.370813 0.000000 0.000000 0.000000 1.000000
-0.977319 0.035415 -0.208790 1.543101 -0.033694 0.947355 0.318408 1.739809 0.209074 0.318221 -0.924675 -1.368420 0.000000 0.000000 0.000000 1.000000
-0.977698 0.040867 -0.206000 1.537040 -0.036236 0.933349 0.357138 1.724049 0.206865 0.356637 -0.911052 -1.367512 0.000000 0.000000 0.000000 1.000000
-0.977904 0.045563 -0.204027 1.530329 -0.038954 0.919152 0.391971 1.709098 0.205391 0.391258 -0.897068 -1.368674 0.000000 0.000000 0.000000 1.000000
-0.978170 0.048057 -0.202171 1.524833 -0.040972 0.909192 0.414356 1.696272 0.203725 0.413594 -0.887376 -1.373738 0.000000 0.000000 0.000000 1.000000
-0.978268 0.047285 -0.201881 1.521674 -0.043224 0.905752 0.421598 1.688579 0.202789 0.421162 -0.884024 -1.381946 0.000000 0.000000 0.000000 1.000000
-0.978137 0.041698 -0.203736 1.520247 -0.047824 0.908332 0.415506 1.679961 0.202386 0.416165 -0.886480 -1.395063 0.000000 0.000000 0.000000 1.000000
-0.977545 0.036270 -0.207580 1.523156 -0.051089 0.914895 0.400447 1.677735 0.204438 0.402060 -0.892498 -1.407842 0.000000 0.000000 0.000000 1.000000
-0.977028 0.030645 -0.210895 1.527537 -0.052598 0.924315 0.377988 1.679783 0.206517 0.380398 -0.901470 -1.421360 0.000000 0.000000 0.000000 1.000000
-0.976324 0.024735 -0.214895 1.531863 -0.053734 0.934569 0.351701 1.683858 0.209534 0.354921 -0.911113 -1.435268 0.000000 0.000000 0.000000 1.000000
-0.975858 0.018581 -0.217614 1.533991 -0.055170 0.943090 0.327928 1.686682 0.211323 0.332017 -0.919297 -1.448148 0.000000 0.000000 0.000000 1.000000
-0.975106 0.013063 -0.221355 1.533683 -0.056010 0.951382 0.302878 1.688241 0.214550 0.307737 -0.926966 -1.460413 0.000000 0.000000 0.000000 1.000000
-0.974463 0.007567 -0.224419 1.531163 -0.057096 0.958233 0.280231 1.690480 0.217166 0.285888 -0.933331 -1.471420 0.000000 0.000000 0.000000 1.000000
-0.974318 0.003373 -0.225153 1.527539 -0.057230 0.963346 0.262087 1.691359 0.217784 0.268241 -0.938412 -1.481202 0.000000 0.000000 0.000000 1.000000
-0.974261 -0.000265 -0.225424 1.521819 -0.057944 0.966694 0.249290 1.691430 0.217850 0.255935 -0.941827 -1.489486 0.000000 0.000000 0.000000 1.000000</float_array><technique_common><accessor source="#mixamorig_Hips-Matrix-animation-output-transform-array" count="66" stride="16"><param type="float4x4"/></accessor></technique_common></source><source id="mixamorig_Hips-Interpolations"><Name_array id="mixamorig_Hips-Interpolations-array" count="66">
 LINEAR LINEAR LINEAR LINEAR LINEAR LINEAR LINEAR LINEAR LINEAR LINEAR LINEAR
LINEAR LINEAR LINEAR LINEAR LINEAR LINEAR LINEAR LINEAR LINEAR LINEAR LINEAR LINEAR
LINEAR LINEAR LINEAR LINEAR LINEAR LINEAR LINEAR LINEAR LINEAR LINEAR LINEAR LINEAR
LINEAR LINEAR LINEAR LINEAR LINEAR LINEAR LINEAR LINEAR LINEAR LINEAR LINEAR LINEAR
LINEAR LINEAR LINEAR LINEAR LINEAR LINEAR LINEAR LINEAR LINEAR LINEAR LINEAR LINEAR
LINEAR LINEAR LINEAR LINEAR LINEAR LINEAR LINEAR</Name_array><technique_common><accessor source="#mixamorig_Hips-Interpolations-array" count="66"><param type="name"/></accessor></technique_common></source><sampler id="mixamorig_Hips-Matrix-animation-transform"><input semantic="INPUT" source="#mixamorig_Hips-Matrix-animation-input"/><input semantic="OUTPUT" source="#mixamorig_Hips-Matrix-animation-output-transform"/><input semantic="INTERPOLATION" source="#mixamorig_Hips-Interpolations"/></sampler><channel source="#mixamorig_Hips-Matrix-animation-transform" target="mixamorig_Hips/matrix"/></animation>
    <animation id="mixamorig_Spine-anim" name="mixamorig_Spine"><source id="mixamorig_Spine-Matrix-animation-input"><float_array id="mixamorig_Spine-Matrix-animation-input-array" count="66">

0.000000 0.033333 0.066667 0.100000 0.133333 0.166667 0.200000 0.233333 0.266667 0.300000 0.333333 0.366667 0.400000 0.433333 0.466667 0.500000
0.533333 0.566667 0.600000 0.633333 0.666667 0.700000 0.733333 0.766667 0.800000 0.833333 0.866667 0.900000 0.933333 0.966667 1.000000 1.033333
1.066667 1.100000 1.133333 1.166667 1.200000 1.233333 1.266667 1.300000 1.333333 1.366667 1.400000 1.433333 1.466667 1.500000 1.533333 1.566667
1.600000 1.633333 1.666667 1.700000 1.733333 1.766667 1.800000 1.833333 1.866667 1.900000 1.933333 1.966667 2.000000 2.033333 2.066667 2.100000
2.133333 2.166667</float_array><technique_common><accessor source="#mixamorig_Spine-Matrix-animation-input-array" count="66"><param name="TIME" type="float"/></accessor></technique_common></source><source id="mixamorig_Spine-Matrix-animation-output-transform"><float_array id="mixamorig_Spine-Matrix-animation-output-transform-array" count="1056">

0.993423 -0.109183 0.034497 0.000000 0.090732 0.934391 0.344500 0.620300 -0.069848 -0.339105 0.938152 0.186600 0.000000 0.000000 0.000000 1.000000
0.993423 -0.109183 0.034497 0.000000 0.090732 0.934391 0.344501 0.620300 -0.069848 -0.339105 0.938152 0.186600 0.000000 0.000000 0.000000 1.000000
0.993491 -0.108347 0.035175 0.000000 0.089738 0.934600 0.344194 0.620300 -0.070167 -0.338797 0.938240 0.186600 0.000000 0.000000 0.000000 1.000000
0.993567 -0.107630 0.035219 -0.000000 0.089057 0.934705 0.344086 0.620300 -0.069953 -0.338736 0.938277 0.186600 0.000000 0.000000 0.000000 1.000000
0.993842 -0.105003 0.035382 -0.000000 0.086423 0.934414 0.345546 0.620300 -0.069345 -0.340360 0.937735 0.186600 0.000000 0.000000 0.000000 1.000000
0.994073 -0.102432 0.036417 -0.000000 0.083296 0.932915 0.350330 0.620300 -0.069859 -0.345220 0.935918 0.186600 0.000000 0.000000 0.000000 1.000000
0.994075 -0.102490 0.036195 0.000000 0.083366 0.932603 0.351143 0.620300 -0.069745 -0.346045 0.935622 0.186600 0.000000 0.000000 0.000000 1.000000
0.994085 -0.102655 0.035460 0.000000 0.083550 0.931426 0.354211 0.620300 -0.069390 -0.349153 0.934493 0.186600 0.000000 0.000000 0.000000 1.000000
0.994071 -0.103112 0.034493 0.000000 0.084121 0.930360 0.356867 0.620300 -0.068888 -0.351850 0.933518 0.186600 0.000000 0.000000 0.000000 1.000000
0.993720 -0.107169 0.032190 0.000000 0.088716 0.929858 0.357061 0.620300 -0.068198 -0.351963 0.933526 0.186600 0.000000 0.000000 0.000000 1.000000
0.993508 -0.109633 0.030377 0.000000 0.091610 0.929309 0.357760 0.620300 -0.067452 -0.352655 0.933319 0.186600 0.000000 0.000000 0.000000 1.000000
0.993168 -0.112769 0.030008 0.000000 0.094310 0.927116 0.362713 0.620300 -0.068723 -0.357405 0.931418 0.186600 0.000000 0.000000 0.000000 1.000000
0.993061 -0.113730 0.029931 -0.000000 0.094834 0.924935 0.368105 0.620300 -0.069549 -0.362712 0.929302 0.186600 0.000000 0.000000 0.000000 1.000000
0.992806 -0.116317 0.028406 0.000000 0.097282 0.921913 0.374985 0.620300 -0.069805 -0.369524 0.926596 0.186600 0.000000 0.000000 0.000000 1.000000
0.992697 -0.117829 0.025863 0.000000 0.099211 0.919392 0.380626 0.620300 -0.068627 -0.375281 0.924367 0.186600 0.000000 0.000000 0.000000 1.000000
0.992068 -0.123415 0.023867 -0.000000 0.105203 0.919101 0.379717 0.620300 -0.068799 -0.374194 0.924795 0.186600 0.000000 0.000000 0.000000 1.000000
0.991499 -0.127812 0.024347 0.000000 0.109139 0.918869 0.379167 0.620300 -0.070834 -0.373287 0.925008 0.186600 0.000000 0.000000 0.000000 1.000000
0.991289 -0.128594 0.028463 0.000000 0.108212 0.918405 0.380555 0.620300 -0.075078 -0.374160 0.924320 0.186600 0.000000 0.000000 0.000000 1.000000
0.991557 -0.125593 0.032280 0.000000 0.104087 0.919307 0.379527 0.620300 -0.077341 -0.372962 0.924617 0.186600 0.000000 0.000000 0.000000 1.000000
0.991955 -0.121351 0.036045 0.000000 0.099112 0.921619 0.375227 0.620300 -0.078754 -0.368636 0.926232 0.186600 0.000000 0.000000 0.000000 1.000000
0.992198 -0.118362 0.039159 0.000000 0.095566 0.923781 0.370804 0.620300 -0.080063 -0.364169 0.927885 0.186600 0.000000 0.000000 0.000000 1.000000
0.992565 -0.115713 0.037751 0.000000 0.094266 0.927021 0.362968 0.620300 -0.076996 -0.356711 0.931036 0.186600 0.000000 0.000000 0.000000 1.000000
0.992847 -0.112081 0.041144 -0.000000 0.090400 0.930803 0.354167 0.620300 -0.077993 -0.347914 0.934277 0.186600 0.000000 0.000000 0.000000 1.000000
0.992964 -0.109887 0.044121 0.000000 0.087768 0.933108 0.348722 0.620300 -0.079490 -0.342396 0.936187 0.186600 0.000000 0.000000 0.000000 1.000000
0.993129 -0.106742 0.047970 -0.000000 0.083812 0.934843 0.345027 0.620300 -0.081673 -0.338636 0.937366 0.186600 0.000000 0.000000 0.000000 1.000000
0.993344 -0.103629 0.050288 0.000000 0.080431 0.936546 0.341193 0.620300 -0.082454 -0.334877 0.938647 0.186600 0.000000 0.000000 0.000000 1.000000
0.993615 -0.101326 0.049612 0.000000 0.078873 0.938300 0.336707 0.620300 -0.080668 -0.330644 0.940302 0.186600 0.000000 0.000000 0.000000 1.000000
0.993904 -0.098484 0.049554 0.000000 0.076410 0.939354 0.334329 0.620300 -0.079475 -0.328504 0.941153 0.186600 0.000000 0.000000 0.000000 1.000000
0.994121 -0.095753 0.050535 -0.000000 0.073454 0.939375 0.334932 0.620300 -0.079543 -0.329251 0.940886 0.186600 0.000000 0.000000 0.000000 1.000000
0.994375 -0.093884 0.049028 0.000000 0.071955 0.938486 0.337738 0.620300 -0.077720 -0.332311 0.939962 0.186600 0.000000 0.000000 0.000000 1.000000
0.994628 -0.092721 0.046027 0.000000 0.071681 0.937696 0.339983 0.620300 -0.074683 -0.334857 0.939305 0.186600 0.000000 0.000000 0.000000 1.000000
0.994884 -0.092034 0.041658 -0.000000 0.072224 0.936303 0.343686 0.620300 -0.070635 -0.338919 0.938160 0.186600 0.000000 0.000000 0.000000 1.000000
0.994620 -0.098456 0.032205 0.000000 0.081306 0.934617 0.346237 0.620300 -0.064188 -0.341756 0.937594 0.186600 0.000000 0.000000 0.000000 1.000000
0.993983 -0.106219 0.026741 0.000000 0.090246 0.932530 0.349633 0.620300 -0.062075 -0.345116 0.936505 0.186600 0.000000 0.000000 0.000000 1.000000
0.993604 -0.110748 0.022040 0.000000 0.095810 0.930134 0.354502 0.620300 -0.059761 -0.350123 0.934796 0.186600 0.000000 0.000000 0.000000 1.000000
0.993114 -0.114949 0.022598 0.000000 0.099247 0.928040 0.359015 0.620300 -0.062240 -0.354300 0.933058 0.186600 0.000000 0.000000 0.000000 1.000000
0.992866 -0.116541 0.025207 -0.000000 0.099452 0.926033 0.364104 0.620300 -0.065775 -0.359000 0.931017 0.186600 0.000000 0.000000 0.000000 1.000000
0.992906 -0.115466 0.028374 0.000000 0.097251 0.925946 0.364920 0.620300 -0.068409 -0.359572 0.930606 0.186600 0.000000 0.000000 0.000000 1.000000
0.992807 -0.115289 0.032278 0.000000 0.096110 0.928249 0.359329 0.620300 -0.071388 -0.353643 0.932652 0.186600 0.000000 0.000000 0.000000 1.000000
0.993014 -0.113260 0.033111 0.000000 0.094425 0.930978 0.352654 0.620300 -0.070767 -0.347064 0.935168 0.186600 0.000000 0.000000 0.000000 1.000000
0.993393 -0.109490 0.034393 0.000000 0.091012 0.934141 0.345104 0.620300 -0.069913 -0.339694 0.937934 0.186600 0.000000 0.000000 0.000000 1.000000
0.993592 -0.107204 0.035808 0.000000 0.088944 0.937100 0.337540 0.620300 -0.069741 -0.332192 0.940630 0.186600 0.000000 0.000000 0.000000 1.000000
0.993771 -0.104750 0.038033 0.000000 0.086252 0.939082 0.332695 0.620300 -0.070566 -0.327342 0.942267 0.186600 0.000000 0.000000 0.000000 1.000000
0.993879 -0.103178 0.039487 0.000000 0.084671 0.940997 0.327650 0.620300 -0.070964 -0.322301 0.943974 0.186600 0.000000 0.000000 0.000000 1.000000
0.994052 -0.101219 0.040182 0.000000 0.082763 0.941961 0.325362 0.620300 -0.070783 -0.320101 0.944736 0.186600 0.000000 0.000000 0.000000 1.000000
0.994128 -0.100511 0.040079 0.000000 0.082373 0.943137 0.322035 0.620300 -0.070168 -0.316842 0.945879 0.186600 0.000000 0.000000 0.000000 1.000000
0.994179 -0.100495 0.038836 0.000000 0.082906 0.943807 0.319930 0.620300 -0.068805 -0.314849 0.946645 0.186600 0.000000 0.000000 0.000000 1.000000
0.994276 -0.100437 0.036430 0.000000 0.083456 0.943011 0.322125 0.620300 -0.066707 -0.317241 0.945996 0.186600 0.000000 0.000000 0.000000 1.000000
0.994148 -0.102464 0.034214 -0.000000 0.086195 0.943318 0.320503 0.620300 -0.065115 -0.315678 0.946630 0.186600 0.000000 0.000000 0.000000 1.000000
0.994035 -0.104483 0.031277 0.000000 0.089128 0.943495 0.319175 0.620300 -0.062858 -0.314483 0.947180 0.186600 0.000000 0.000000 0.000000 1.000000
0.994134 -0.104932 0.026203 -0.000000 0.090744 0.941074 0.325800 0.620300 -0.058846 -0.321512 0.945075 0.186600 0.000000 0.000000 0.000000 1.000000
0.993987 -0.107840 0.018969 -0.000000 0.095620 0.939312 0.329468 0.620300 -0.053348 -0.325673 0.943976 0.186600 0.000000 0.000000 0.000000 1.000000
0.993360 -0.114666 0.009312 0.000000 0.105219 0.938276 0.329495 0.620300 -0.046519 -0.326328 0.944111 0.186600 0.000000 0.000000 0.000000 1.000000
0.992498 -0.122218 0.003379 0.000000 0.114164 0.936274 0.332200 0.620300 -0.043764 -0.329322 0.943203 0.186600 0.000000 0.000000 0.000000 1.000000
0.991288 -0.131698 0.001941 0.000000 0.123566 0.934979 0.332485 0.620300 -0.045603 -0.329348 0.943107 0.186600 0.000000 0.000000 0.000000 1.000000
0.989896 -0.141791 0.001193 0.000000 0.133240 0.933007 0.334284 0.620300 -0.048511 -0.330747 0.942472 0.186600 0.000000 0.000000 0.000000 1.000000
0.988996 -0.147940 -0.000169 0.000000 0.139227 0.930356 0.339195 0.620300 -0.050023 -0.335487 0.940716 0.186600 0.000000 0.000000 0.000000 1.000000
0.988244 -0.152882 0.000572 0.000000 0.143500 0.928879 0.341455 0.620300 -0.052734 -0.337359 0.939898 0.186600 0.000000 0.000000 0.000000 1.000000
0.988139 -0.153536 0.002993 0.000000 0.143511 0.930205 0.337821 0.620300 -0.054652 -0.333384 0.941206 0.186600 0.000000 0.000000 0.000000 1.000000
0.988683 -0.149801 0.008102 0.000000 0.138517 0.932283 0.334158 0.620300 -0.057611 -0.329254 0.942482 0.186600 0.000000 0.000000 0.000000 1.000000
0.989221 -0.145937 0.011965 0.000000 0.134063 0.935530 0.326819 0.620300 -0.058889 -0.321692 0.945011 0.186600 0.000000 0.000000 0.000000 1.000000
0.989509 -0.143663 0.015241 0.000000 0.131711 0.940439 0.313411 0.620300 -0.059359 -0.308116 0.949495 0.186600 0.000000 0.000000 0.000000 1.000000
0.990546 -0.136453 0.014133 0.000000 0.125627 0.943665 0.306127 0.620300 -0.055109 -0.301458 0.951886 0.186600 0.000000 0.000000 0.000000 1.000000
0.991583 -0.128587 0.015149 0.000000 0.118110 0.946263 0.301060 0.620300 -0.053047 -0.296736 0.953485 0.186600 0.000000 0.000000 0.000000 1.000000
0.992709 -0.119551 0.015393 0.000000 0.109716 0.949069 0.295348 0.620300 -0.049919 -0.291506 0.955266 0.186600 0.000000 0.000000 0.000000 1.000000
0.993862 -0.109513 0.015669 0.000000 0.100205 0.951165 0.291966 0.620300 -0.046878 -0.288603 0.956300 0.186600 0.000000 0.000000 0.000000 1.000000</float_array><technique_common><accessor source="#mixamorig_Spine-Matrix-animation-output-transform-array" count="66" stride="16"><param type="float4x4"/></accessor></technique_common></source><source id="mixamorig_Spine-Interpolations"><Name_array id="mixamorig_Spine-Interpolations-array" count="66">
 LINEAR LINEAR LINEAR LINEAR LINEAR LINEAR LINEAR LINEAR LINEAR LINEAR LINEAR
LINEAR LINEAR LINEAR LINEAR LINEAR LINEAR LINEAR LINEAR LINEAR LINEAR LINEAR LINEAR
LINEAR LINEAR LINEAR LINEAR LINEAR LINEAR LINEAR LINEAR LINEAR LINEAR LINEAR LINEAR
LINEAR LINEAR LINEAR LINEAR LINEAR LINEAR LINEAR LINEAR LINEAR LINEAR LINEAR LINEAR
LINEAR LINEAR LINEAR LINEAR LINEAR LINEAR LINEAR LINEAR LINEAR LINEAR LINEAR LINEAR
LINEAR LINEAR LINEAR LINEAR LINEAR LINEAR LINEAR</Name_array><technique_common><accessor source="#mixamorig_Spine-Interpolations-array" count="66"><param type="name"/></accessor></technique_common></source><sampler id="mixamorig_Spine-Matrix-animation-transform"><input semantic="INPUT" source="#mixamorig_Spine-Matrix-animation-input"/><input semantic="OUTPUT" source="#mixamorig_Spine-Matrix-animation-output-transform"/><input semantic="INTERPOLATION" source="#mixamorig_Spine-Interpolations"/></sampler><channel source="#mixamorig_Spine-Matrix-animation-transform" target="mixamorig_Spine/matrix"/></animation>
    <animation id="mixamorig_Spine1-anim" name="mixamorig_Spine1"><source id="mixamorig_Spine1-Matrix-animation-input"><float_array id="mixamorig_Spine1-Matrix-animation-input-array" count="66">

0.000000 0.033333 0.066667 0.100000 0.133333 0.166667 0.200000 0.233333 0.266667 0.300000 0.333333 0.366667 0.400000 0.433333 0.466667 0.500000
0.533333 0.566667 0.600000 0.633333 0.666667 0.700000 0.733333 0.766667 0.800000 0.833333 0.866667 0.900000 0.933333 0.966667 1.000000 1.033333
1.066667 1.100000 1.133333 1.166667 1.200000 1.233333 1.266667 1.300000 1.333333 1.366667 1.400000 1.433333 1.466667 1.500000 1.533333 1.566667
1.600000 1.633333 1.666667 1.700000 1.733333 1.766667 1.800000 1.833333 1.866667 1.900000 1.933333 1.966667 2.000000 2.033333 2.066667 2.100000
2.133333 2.166667</float_array><technique_common><accessor source="#mixamorig_Spine1-Matrix-animation-input-array" count="66"><param name="TIME" type="float"/></accessor></technique_common></source><source id="mixamorig_Spine1-Matrix-animation-output-transform"><float_array id="mixamorig_Spine1-Matrix-animation-output-transform-array" count="1056">

0.999950 0.009272 0.003657 -0.000000 -0.009438 0.998791 0.048236 0.755700 -0.003205 -0.048268 0.998829 0.000000 0.000000 0.000000 0.000000 1.000000
0.999950 0.009272 0.003657 0.000000 -0.009438 0.998791 0.048236 0.755700 -0.003205 -0.048268 0.998829 -0.000000 0.000000 0.000000 0.000000 1.000000
0.999951 0.009091 0.003853 0.000000 -0.009266 0.998805 0.047981 0.755700 -0.003412 -0.048014 0.998841 -0.000000 0.000000 0.000000 0.000000 1.000000
0.999950 0.009255 0.003741 0.000000 -0.009425 0.998796 0.048138 0.755700 -0.003291 -0.048171 0.998834 0.000000 0.000000 0.000000 0.000000 1.000000
0.999949 0.009348 0.003784 0.000000 -0.009520 0.998788 0.048296 0.755700 -0.003328 -0.048330 0.998826 -0.000000 0.000000 0.000000 0.000000 1.000000
0.999942 0.010101 0.003689 0.000000 -0.010267 0.998788 0.048145 0.755700 -0.003198 -0.048180 0.998834 0.000000 0.000000 0.000000 0.000000 1.000000
0.999941 0.010222 0.003617 -0.000000 -0.010383 0.998796 0.047940 0.755700 -0.003122 -0.047975 0.998844 0.000000 0.000000 0.000000 0.000000 1.000000
0.999936 0.010820 0.003314 0.000000 -0.010966 0.998801 0.047702 0.755700 -0.002794 -0.047735 0.998856 0.000000 0.000000 0.000000 0.000000 1.000000
0.999934 0.011081 0.003077 0.000000 -0.011215 0.998803 0.047613 0.755700 -0.002546 -0.047644 0.998861 0.000000 0.000000 0.000000 0.000000 1.000000
0.999939 0.010704 0.002861 0.000000 -0.010828 0.998813 0.047495 0.755700 -0.002350 -0.047523 0.998867 0.000000 0.000000 0.000000 0.000000 1.000000
0.999944 0.010208 0.002770 0.000000 -0.010326 0.998858 0.046649 0.755700 -0.002290 -0.046675 0.998908 0.000000 0.000000 0.000000 0.000000 1.000000
0.999944 0.010231 0.002752 0.000000 -0.010346 0.998919 0.045310 0.755700 -0.002285 -0.045336 0.998969 0.000000 0.000000 0.000000 0.000000 1.000000
0.999951 0.009412 0.003099 -0.000000 -0.009539 0.998993 0.043840 0.755700 -0.002683 -0.043867 0.999034 -0.000000 0.000000 0.000000 0.000000 1.000000
0.999959 0.008446 0.003284 0.000000 -0.008577 0.999080 0.042025 0.755700 -0.002926 -0.042051 0.999111 0.000000 0.000000 0.000000 0.000000 1.000000
0.999965 0.007781 0.003179 0.000000 -0.007902 0.999168 0.040007 0.755700 -0.002865 -0.040031 0.999194 0.000000 0.000000 0.000000 0.000000 1.000000
0.999972 0.006670 0.003411 -0.000000 -0.006790 0.999313 0.036439 0.755700 -0.003165 -0.036461 0.999330 -0.000000 0.000000 0.000000 0.000000 1.000000
0.999974 0.006096 0.003804 0.000000 -0.006223 0.999388 0.034419 0.755700 -0.003592 -0.034441 0.999400 -0.000000 0.000000 0.000000 0.000000 1.000000
0.999970 0.006440 0.004323 0.000000 -0.006589 0.999355 0.035291 0.755700 -0.004092 -0.035319 0.999368 0.000000 0.000000 0.000000 0.000000 1.000000
0.999963 0.007335 0.004499 0.000000 -0.007498 0.999272 0.037416 0.755700 -0.004221 -0.037449 0.999290 0.000000 0.000000 0.000000 0.000000 1.000000
0.999960 0.007520 0.004891 0.000000 -0.007710 0.999163 0.040171 0.755700 -0.004585 -0.040207 0.999181 0.000000 0.000000 0.000000 0.000000 1.000000
0.999960 0.007107 0.005473 0.000000 -0.007333 0.999073 0.042412 0.755700 -0.005167 -0.042451 0.999085 0.000000 0.000000 0.000000 0.000000 1.000000
0.999958 0.007759 0.004935 0.000000 -0.007974 0.998951 0.045087 0.755700 -0.004580 -0.045124 0.998971 0.000000 0.000000 0.000000 0.000000 1.000000
0.999955 0.007765 0.005400 0.000000 -0.008009 0.998872 0.046802 0.755700 -0.005031 -0.046843 0.998890 0.000000 0.000000 0.000000 0.000000 1.000000
0.999955 0.007298 0.006005 -0.000000 -0.007579 0.998806 0.048259 0.755700 -0.005645 -0.048303 0.998817 0.000000 0.000000 0.000000 0.000000 1.000000
0.999952 0.007348 0.006551 0.000000 -0.007667 0.998720 0.049989 0.755700 -0.006175 -0.050037 0.998728 0.000000 0.000000 0.000000 0.000000 1.000000
0.999946 0.007922 0.006678 0.000000 -0.008254 0.998652 0.051236 0.755700 -0.006263 -0.051289 0.998664 0.000000 0.000000 0.000000 0.000000 1.000000
0.999945 0.008238 0.006417 -0.000000 -0.008561 0.998614 0.051934 0.755700 -0.005980 -0.051986 0.998630 0.000000 0.000000 0.000000 0.000000 1.000000
0.999945 0.008316 0.006340 0.000000 -0.008637 0.998596 0.052272 0.755700 -0.005896 -0.052324 0.998613 -0.000000 0.000000 0.000000 0.000000 1.000000
0.999943 0.008567 0.006381 0.000000 -0.008890 0.998589 0.052360 0.755700 -0.005924 -0.052414 0.998608 0.000000 0.000000 0.000000 0.000000 1.000000
0.999946 0.008389 0.006190 0.000000 -0.008698 0.998624 0.051716 0.755700 -0.005748 -0.051767 0.998643 0.000000 0.000000 0.000000 0.000000 1.000000
0.999953 0.007759 0.005896 0.000000 -0.008047 0.998691 0.050518 0.755700 -0.005496 -0.050563 0.998706 0.000000 0.000000 0.000000 0.000000 1.000000
0.999961 0.006860 0.005487 0.000000 -0.007117 0.998808 0.048290 0.755700 -0.005149 -0.048327 0.998818 0.000000 0.000000 0.000000 0.000000 1.000000
0.999975 0.005314 0.004577 0.000000 -0.005518 0.998938 0.045740 0.755700 -0.004329 -0.045764 0.998943 0.000000 0.000000 0.000000 0.000000 1.000000
0.999978 0.005540 0.003755 -0.000000 -0.005696 0.999057 0.043035 0.755700 -0.003513 -0.043056 0.999066 0.000000 0.000000 0.000000 0.000000 1.000000
0.999981 0.005266 0.003218 0.000000 -0.005392 0.999168 0.040421 0.755700 -0.003003 -0.040437 0.999178 0.000000 0.000000 0.000000 0.000000 1.000000
0.999980 0.005243 0.003402 0.000000 -0.005374 0.999204 0.039529 0.755700 -0.003192 -0.039547 0.999213 0.000000 0.000000 0.000000 0.000000 1.000000
0.999976 0.005809 0.003660 -0.000000 -0.005950 0.999184 0.039937 0.755700 -0.003425 -0.039958 0.999195 0.000000 0.000000 0.000000 0.000000 1.000000
0.999966 0.007411 0.003608 -0.000000 -0.007552 0.999145 0.040640 0.755700 -0.003304 -0.040665 0.999167 0.000000 0.000000 0.000000 0.000000 1.000000
0.999961 0.007935 0.003961 0.000000 -0.008099 0.999035 0.043161 0.755700 -0.003614 -0.043191 0.999060 -0.000000 0.000000 0.000000 0.000000 1.000000
0.999956 0.008605 0.003750 0.000000 -0.008769 0.998896 0.046140 0.755700 -0.003349 -0.046171 0.998928 0.000000 0.000000 0.000000 0.000000 1.000000
0.999951 0.009224 0.003661 0.000000 -0.009390 0.998798 0.048108 0.755700 -0.003213 -0.048140 0.998835 -0.000000 0.000000 0.000000 0.000000 1.000000
0.999944 0.009994 0.003588 -0.000000 -0.010160 0.998716 0.049634 0.755700 -0.003088 -0.049668 0.998761 0.000000 0.000000 0.000000 0.000000 1.000000
0.999938 0.010477 0.003760 0.000000 -0.010656 0.998637 0.051093 0.755700 -0.003219 -0.051130 0.998687 0.000000 0.000000 0.000000 0.000000 1.000000
0.999931 0.011132 0.003754 -0.000000 -0.011313 0.998575 0.052155 0.755700 -0.003169 -0.052194 0.998632 0.000000 0.000000 0.000000 0.000000 1.000000
0.999924 0.011793 0.003522 -0.000000 -0.011961 0.998546 0.052568 0.755700 -0.002897 -0.052606 0.998611 0.000000 0.000000 0.000000 0.000000 1.000000
0.999923 0.011922 0.003357 0.000000 -0.012082 0.998545 0.052558 0.755700 -0.002726 -0.052595 0.998612 0.000000 0.000000 0.000000 0.000000 1.000000
0.999926 0.011713 0.003251 -0.000000 -0.011867 0.998567 0.052179 0.755700 -0.002635 -0.052214 0.998632 0.000000 0.000000 0.000000 0.000000 1.000000
0.999929 0.011463 0.003118 -0.000000 -0.011607 0.998625 0.051118 0.755700 -0.002528 -0.051151 0.998688 0.000000 0.000000 0.000000 0.000000 1.000000
0.999933 0.011189 0.002924 0.000000 -0.011321 0.998703 0.049646 0.755700 -0.002365 -0.049675 0.998763 0.000000 0.000000 0.000000 0.000000 1.000000
0.999940 0.010608 0.002651 0.000000 -0.010722 0.998803 0.047717 0.755700 -0.002142 -0.047743 0.998857 0.000000 0.000000 0.000000 0.000000 1.000000
0.999950 0.009731 0.002160 0.000000 -0.009818 0.998932 0.045156 0.755700 -0.001719 -0.045175 0.998978 -0.000000 0.000000 0.000000 0.000000 1.000000
0.999962 0.008655 0.001419 0.000000 -0.008706 0.999097 0.041584 0.755700 -0.001058 -0.041595 0.999134 -0.000000 0.000000 0.000000 0.000000 1.000000
0.999969 0.007906 0.000215 0.000000 -0.007909 0.999265 0.037506 0.755700 0.000081 -0.037507 0.999296 0.000000 0.000000 0.000000 0.000000 1.000000
0.999980 0.006378 -0.000013 0.000000 -0.006374 0.999468 0.031994 0.755700 0.000217 -0.031994 0.999488 0.000000 0.000000 0.000000 0.000000 1.000000
0.999983 0.005751 0.000201 0.000000 -0.005754 0.999620 0.026959 0.755700 -0.000046 -0.026960 0.999637 0.000000 0.000000 0.000000 0.000000 1.000000
0.999978 0.006653 -0.000043 0.000000 -0.006650 0.999670 0.024810 0.755700 0.000208 -0.024809 0.999692 -0.000000 0.000000 0.000000 0.000000 1.000000
0.999969 0.007869 -0.000571 0.000000 -0.007853 0.999661 0.024810 0.755700 0.000766 -0.024804 0.999692 0.000000 0.000000 0.000000 0.000000 1.000000
0.999959 0.009061 -0.000808 -0.000000 -0.009037 0.999620 0.026037 0.755700 0.001043 -0.026028 0.999661 0.000000 0.000000 0.000000 0.000000 1.000000
0.999951 0.009848 -0.000782 -0.000000 -0.009823 0.999559 0.028011 0.755700 0.001057 -0.028002 0.999607 -0.000000 0.000000 0.000000 0.000000 1.000000
0.999956 0.009348 0.000093 -0.000000 -0.009347 0.999520 0.029526 0.755700 0.000183 -0.029526 0.999564 0.000000 0.000000 0.000000 0.000000 1.000000
0.999951 0.009927 0.000316 0.000000 -0.009932 0.999418 0.032628 0.755700 0.000009 -0.032630 0.999468 0.000000 0.000000 0.000000 0.000000 1.000000
0.999951 0.009838 0.000680 0.000000 -0.009856 0.999334 0.035129 0.755700 -0.000334 -0.035134 0.999383 0.000000 0.000000 0.000000 0.000000 1.000000
0.999945 0.010520 0.000124 0.000000 -0.010518 0.999254 0.037154 0.755700 0.000267 -0.037153 0.999310 0.000000 0.000000 0.000000 0.000000 1.000000
0.999927 0.012058 -0.000573 0.000000 -0.012026 0.999169 0.038946 0.755700 0.001042 -0.038937 0.999241 -0.000000 0.000000 0.000000 0.000000 1.000000
0.999903 0.013859 -0.001212 0.000000 -0.013798 0.999093 0.040287 0.755700 0.001769 -0.040267 0.999187 0.000000 0.000000 0.000000 0.000000 1.000000
0.999885 0.015068 -0.001511 -0.000000 -0.014994 0.999065 0.040547 0.755700 0.002120 -0.040520 0.999176 0.000000 0.000000 0.000000 0.000000 1.000000</float_array><technique_common><accessor source="#mixamorig_Spine1-Matrix-animation-output-transform-array" count="66" stride="16"><param type="float4x4"/></accessor></technique_common></source><source id="mixamorig_Spine1-Interpolations"><Name_array id="mixamorig_Spine1-Interpolations-array" count="66">
 LINEAR LINEAR LINEAR LINEAR LINEAR LINEAR LINEAR LINEAR LINEAR LINEAR LINEAR
LINEAR LINEAR LINEAR LINEAR LINEAR LINEAR LINEAR LINEAR LINEAR LINEAR LINEAR LINEAR
LINEAR LINEAR LINEAR LINEAR LINEAR LINEAR LINEAR LINEAR LINEAR LINEAR LINEAR LINEAR
LINEAR LINEAR LINEAR LINEAR LINEAR LINEAR LINEAR LINEAR LINEAR LINEAR LINEAR LINEAR
LINEAR LINEAR LINEAR LINEAR LINEAR LINEAR LINEAR LINEAR LINEAR LINEAR LINEAR LINEAR
LINEAR LINEAR LINEAR LINEAR LINEAR LINEAR LINEAR</Name_array><technique_common><accessor source="#mixamorig_Spine1-Interpolations-array" count="66"><param type="name"/></accessor></technique_common></source><sampler id="mixamorig_Spine1-Matrix-animation-transform"><input semantic="INPUT" source="#mixamorig_Spine1-Matrix-animation-input"/><input semantic="OUTPUT" source="#mixamorig_Spine1-Matrix-animation-output-transform"/><input semantic="INTERPOLATION" source="#mixamorig_Spine1-Interpolations"/></sampler><channel source="#mixamorig_Spine1-Matrix-animation-transform" target="mixamorig_Spine1/matrix"/></animation>
    <animation id="mixamorig_Spine2-anim" name="mixamorig_Spine2"><source id="mixamorig_Spine2-Matrix-animation-input"><float_array id="mixamorig_Spine2-Matrix-animation-input-array" count="66">

0.000000 0.033333 0.066667 0.100000 0.133333 0.166667 0.200000 0.233333 0.266667 0.300000 0.333333 0.366667 0.400000 0.433333 0.466667 0.500000
0.533333 0.566667 0.600000 0.633333 0.666667 0.700000 0.733333 0.766667 0.800000 0.833333 0.866667 0.900000 0.933333 0.966667 1.000000 1.033333
1.066667 1.100000 1.133333 1.166667 1.200000 1.233333 1.266667 1.300000 1.333333 1.366667 1.400000 1.433333 1.466667 1.500000 1.533333 1.566667
1.600000 1.633333 1.666667 1.700000 1.733333 1.766667 1.800000 1.833333 1.866667 1.900000 1.933333 1.966667 2.000000 2.033333 2.066667 2.100000
2.133333 2.166667</float_array><technique_common><accessor source="#mixamorig_Spine2-Matrix-animation-input-array" count="66"><param name="TIME" type="float"/></accessor></technique_common></source><source id="mixamorig_Spine2-Matrix-animation-output-transform"><float_array id="mixamorig_Spine2-Matrix-animation-output-transform-array" count="1056">

0.999947 0.009224 0.004664 0.000000 -0.009438 0.998796 0.048139 0.863700 -0.004214 -0.048181 0.998830 0.000000 0.000000 0.000000 0.000000 1.000000
0.999947 0.009224 0.004664 0.000000 -0.009438 0.998796 0.048139 0.863700 -0.004214 -0.048181 0.998830 0.000000 0.000000 0.000000 0.000000 1.000000
0.999947 0.009040 0.004862 -0.000000 -0.009263 0.998810 0.047883 0.863700 -0.004423 -0.047925 0.998841 -0.000000 0.000000 0.000000 0.000000 1.000000
0.999946 0.009207 0.004760 0.000000 -0.009425 0.998801 0.048040 0.863700 -0.004312 -0.048082 0.998834 0.000000 0.000000 0.000000 0.000000 1.000000
0.999945 0.009299 0.004802 0.000000 -0.009520 0.998792 0.048199 0.863700 -0.004348 -0.048242 0.998826 0.000000 0.000000 0.000000 0.000000 1.000000
0.999938 0.010050 0.004734 0.000000 -0.010266 0.998792 0.048046 0.863700 -0.004246 -0.048092 0.998834 0.000000 0.000000 0.000000 0.000000 1.000000
0.999937 0.010173 0.004667 0.000000 -0.010384 0.998801 0.047841 0.863700 -0.004175 -0.047887 0.998844 -0.000000 0.000000 0.000000 0.000000 1.000000
0.999932 0.010781 0.004400 0.000000 -0.010979 0.998806 0.047605 0.863700 -0.003882 -0.047650 0.998857 -0.000000 0.000000 0.000000 0.000000 1.000000
0.999930 0.011051 0.004182 0.000000 -0.011237 0.998807 0.047518 0.863700 -0.003652 -0.047561 0.998862 0.000000 0.000000 0.000000 0.000000 1.000000
0.999935 0.010683 0.003962 0.000000 -0.010859 0.998817 0.047404 0.863700 -0.003451 -0.047444 0.998868 0.000000 0.000000 0.000000 0.000000 1.000000
0.999941 0.010188 0.003843 0.000000 -0.010356 0.998862 0.046561 0.863700 -0.003364 -0.046598 0.998908 0.000000 0.000000 0.000000 0.000000 1.000000
0.999940 0.010215 0.003850 0.000000 -0.010379 0.998923 0.045221 0.863700 -0.003384 -0.045259 0.998970 0.000000 0.000000 0.000000 0.000000 1.000000
