<?xml version="1.0" encoding="utf-8"?>
<COLLADA xmlns="http://www.collada.org/2005/11/COLLADASchema" version="1.4.1">
  <asset><contributor><author>Mixamo</author><authoring_tool>COLLADA Mixamo exporter</authoring_tool><comments></comments></contributor><created>2020-03-23T21:07:00Z</created><modified>2020-03-23T21:07:00Z</modified><revision></revision><title></title><unit meter="0.010000"/><up_axis>Y_UP</up_axis></asset>
  <library_animations>
    <animation id="mixamorig_Hips-anim" name="mixamorig_Hips"><source id="mixamorig_Hips-Matrix-animation-input"><float_array id="mixamorig_Hips-Matrix-animation-input-array" count="96">

0.000000 0.033333 0.066667 0.100000 0.133333 0.166667 0.200000 0.233333 0.266667 0.300000 0.333333 0.366667 0.400000 0.433333 0.466667 0.500000
0.533333 0.566667 0.600000 0.633333 0.666667 0.700000 0.733333 0.766667 0.800000 0.833333 0.866667 0.900000 0.933333 0.966667 1.000000 1.033333
1.066667 1.100000 1.133333 1.166667 1.200000 1.233333 1.266667 1.300000 1.333333 1.366667 1.400000 1.433333 1.466667 1.500000 1.533333 1.566667
1.600000 1.633333 1.666667 1.700000 1.733333 1.766667 1.800000 1.833333 1.866667 1.900000 1.933333 1.966667 2.000000 2.033333 2.066667 2.100000
2.133333 2.166667 2.200000 2.233333 2.266667 2.300000 2.333333 2.366667 2.400000 2.433333 2.466667 2.500000 2.533333 2.566667 2.600000 2.633333
2.666667 2.700000 2.733333 2.766667 2.800000 2.833333 2.866667 2.900000 2.933333 2.966667 3.000000 3.033333 3.066667 3.100000 3.133333 3.166667</float_array><technique_common><accessor source="#mixamorig_Hips-Matrix-animation-input-array" count="96"><param name="TIME" type="float"/></accessor></technique_common></source><source id="mixamorig_Hips-Matrix-animation-output-transform"><float_array id="mixamorig_Hips-Matrix-animation-output-transform-array" count="1536">

-0.635408 -0.122840 0.762343 -0.036746 -0.033329 0.990708 0.131858 3.612633 -0.771457 0.058375 -0.633598 0.070085 0.000000 0.000000 0.000000 1.000000
-0.638094 -0.120527 0.760466 -0.014398 -0.031083 0.990899 0.130968 3.626949 -0.769331 0.059933 -0.636034 0.051301 0.000000 0.000000 0.000000 1.000000
-0.629229 -0.120279 0.767857 0.006665 -0.032796 0.991182 0.128386 3.640887 -0.776528 0.055602 -0.627625 0.022293 0.000000 0.000000 0.000000 1.000000
-0.584550 -0.123459 0.801910 0.024651 -0.031558 0.991067 0.129577 3.653840 -0.810744 0.050437 -0.583224 -0.014232 0.000000 0.000000 0.000000 1.000000
-0.505713 -0.128989 0.853004 0.041251 -0.027207 0.990652 0.133674 3.667448 -0.862273 0.044393 -0.504495 -0.055316 0.000000 0.000000 0.000000 1.000000
-0.399489 -0.136000 0.906594 0.057479 -0.020215 0.990001 0.139605 3.681454 -0.916515 0.037444 -0.398244 -0.098974 0.000000 0.000000 0.000000 1.000000
-0.275998 -0.143591 0.950372 0.074229 -0.010409 0.989166 0.146429 3.693972 -0.961102 0.030521 -0.274503 -0.142951 0.000000 0.000000 0.000000 1.000000
-0.148580 -0.151665 0.977201 0.091189 0.001546 0.988132 0.153596 3.705735 -0.988899 0.024332 -0.146582 -0.184856 0.000000 0.000000 0.000000 1.000000
-0.000193 -0.167870 0.985809 0.101568 0.019422 0.985623 0.167842 3.715081 -0.999811 0.019179 0.003070 -0.223575 0.000000 0.000000 0.000000 1.000000
0.114073 -0.189238 0.975283 0.102179 0.037985 0.981804 0.186060 3.723606 -0.992746 0.015822 0.119185 -0.255674 0.000000 0.000000 0.000000 1.000000
0.160100 -0.222246 0.961756 0.089942 0.050941 0.974886 0.216800 3.731222 -0.985785 0.014284 0.167401 -0.278840 0.000000 0.000000 0.000000 1.000000
0.193824 -0.255960 0.947057 0.063223 0.067708 0.966552 0.247372 3.738913 -0.978697 0.016177 0.204671 -0.293184 0.000000 0.000000 0.000000 1.000000
0.213255 -0.287985 0.933588 0.028209 0.084534 0.957425 0.276028 3.747793 -0.973333 0.020056 0.228520 -0.292092 0.000000 0.000000 0.000000 1.000000
0.209616 -0.315951 0.925330 -0.006744 0.096916 0.948408 0.301877 3.758528 -0.972969 0.026401 0.229422 -0.280061 0.000000 0.000000 0.000000 1.000000
0.193850 -0.350048 0.916454 -0.029845 0.101275 0.936324 0.336216 3.769981 -0.975790 0.027638 0.216957 -0.253488 0.000000 0.000000 0.000000 1.000000
0.156180 -0.389754 0.907579 -0.037943 0.105800 0.920169 0.376955 3.781108 -0.982046 0.037149 0.184947 -0.220188 0.000000 0.000000 0.000000 1.000000
0.086407 -0.427926 0.899674 -0.022690 0.102670 0.902068 0.419204 3.791477 -0.990955 0.056147 0.121880 -0.177229 0.000000 0.000000 0.000000 1.000000
-0.012804 -0.457248 0.889247 0.019133 0.094958 0.884745 0.456300 3.799434 -0.995399 0.090283 0.032091 -0.127137 0.000000 0.000000 0.000000 1.000000
-0.137849 -0.476073 0.868535 0.082765 0.078104 0.868951 0.488697 3.807841 -0.987369 0.135203 -0.082601 -0.068955 0.000000 0.000000 0.000000 1.000000
-0.278589 -0.478390 0.832785 0.161158 0.046885 0.859306 0.509309 3.820571 -0.959265 0.180933 -0.216963 0.000956 0.000000 0.000000 0.000000 1.000000
-0.418638 -0.465548 0.779748 0.244647 0.001777 0.858187 0.513334 3.834412 -0.908151 0.216287 -0.358443 0.096453 0.000000 0.000000 0.000000 1.000000
-0.563026 -0.423412 0.709735 0.326225 -0.054390 0.875909 0.479401 3.854632 -0.824647 0.231313 -0.516189 0.228614 0.000000 0.000000 0.000000 1.000000
-0.698063 -0.366541 0.615106 0.403078 -0.114442 0.905113 0.409480 3.864993 -0.706831 0.215449 -0.673774 0.388734 0.000000 0.000000 0.000000 1.000000
-0.811553 -0.310333 0.495050 0.475629 -0.156573 0.931806 0.327448 3.870199 -0.562909 0.188231 -0.804800 0.546180 0.000000 0.000000 0.000000 1.000000
-0.901183 -0.245110 0.357479 0.522841 -0.168800 0.958102 0.231401 3.862148 -0.399220 0.148192 -0.904800 0.684630 0.000000 0.000000 0.000000 1.000000
-0.961784 -0.207586 0.178551 0.545939 -0.182776 0.972277 0.145842 3.871230 -0.203876 0.107634 -0.973062 0.790652 0.000000 0.000000 0.000000 1.000000
-0.983253 -0.180061 -0.028124 0.537855 -0.181749 0.980200 0.078587 3.869489 0.013417 0.082383 -0.996510 0.875914 0.000000 0.000000 0.000000 1.000000
-0.958658 -0.163180 -0.233123 0.512805 -0.169647 0.985474 0.007824 3.890467 0.228460 0.047049 -0.972416 0.975013 0.000000 0.000000 0.000000 1.000000
-0.893129 -0.172454 -0.415428 0.506391 -0.160356 0.984973 -0.064136 3.938963 0.420246 0.009334 -0.907362 1.076819 0.000000 0.000000 0.000000 1.000000
-0.760832 -0.204167 -0.615996 0.524156 -0.141775 0.978585 -0.149235 3.984121 0.633273 -0.026210 -0.773484 1.172650 0.000000 0.000000 0.000000 1.000000
-0.634839 -0.217333 -0.741449 0.548038 -0.095908 0.974369 -0.203488 4.009548 0.766669 -0.058071 -0.639411 1.261554 0.000000 0.000000 0.000000 1.000000
-0.442736 -0.227089 -0.867419 0.579765 -0.003588 0.967839 -0.251547 4.016205 0.896645 -0.108256 -0.429312 1.368860 0.000000 0.000000 0.000000 1.000000
-0.255578 -0.255603 -0.932388 0.620866 0.081825 0.955238 -0.284297 3.993977 0.963320 -0.148953 -0.223223 1.499946 0.000000 0.000000 0.000000 1.000000
-0.102058 -0.260571 -0.960045 0.657178 0.132307 0.952955 -0.272711 3.902096 0.985941 -0.154853 -0.062781 1.678914 0.000000 0.000000 0.000000 1.000000
0.045926 -0.243486 -0.968816 0.674914 0.146008 0.961060 -0.234615 3.772867 0.988217 -0.130680 0.079689 1.902717 0.000000 0.000000 0.000000 1.000000
0.188783 -0.209560 -0.959399 0.719536 0.125271 0.974123 -0.188126 3.696525 0.973996 -0.084669 0.210150 2.155847 0.000000 0.000000 0.000000 1.000000
0.329081 -0.144530 -0.933175 0.767011 0.101717 0.987893 -0.117135 3.659396 0.938807 -0.056373 0.339798 2.432546 0.000000 0.000000 0.000000 1.000000
0.452746 -0.104438 -0.885502 0.802363 0.119360 0.991277 -0.055887 3.676241 0.883614 -0.080391 0.461262 2.664174 0.000000 0.000000 0.000000 1.000000
0.550055 -0.073198 -0.831915 0.816371 0.137917 0.990436 0.004044 3.716742 0.823662 -0.116959 0.554889 2.836225 0.000000 0.000000 0.000000 1.000000
0.638689 -0.049469 -0.767873 0.818468 0.148012 0.987193 0.059512 3.755632 0.755095 -0.151664 0.637832 2.952998 0.000000 0.000000 0.000000 1.000000
0.696630 -0.025039 -0.716993 0.811660 0.150335 0.982298 0.111761 3.798120 0.701502 -0.185646 0.688063 3.048507 0.000000 0.000000 0.000000 1.000000
0.743562 -0.014586 -0.668508 0.797676 0.149554 0.978063 0.145005 3.813141 0.651728 -0.207798 0.729432 3.115631 0.000000 0.000000 0.000000 1.000000
0.783311 -0.015806 -0.621429 0.772675 0.143450 0.977291 0.155961 3.818496 0.604852 -0.211310 0.767791 3.172260 0.000000 0.000000 0.000000 1.000000
0.798204 0.001784 -0.602385 0.737775 0.130263 0.975824 0.175499 3.811853 0.588134 -0.218552 0.778674 3.215766 0.000000 0.000000 0.000000 1.000000
0.792235 0.023654 -0.609758 0.706604 0.113763 0.976005 0.185670 3.805933 0.599518 -0.216462 0.770534 3.252074 0.000000 0.000000 0.000000 1.000000
0.777215 0.050613 -0.627197 0.676353 0.097763 0.974943 0.199822 3.811363 0.621595 -0.216621 0.752792 3.273905 0.000000 0.000000 0.000000 1.000000
0.747827 0.067148 -0.660489 0.648778 0.092171 0.974736 0.203456 3.826448 0.657464 -0.213028 0.722745 3.280619 0.000000 0.000000 0.000000 1.000000
0.702526 0.072329 -0.707973 0.624002 0.097145 0.975763 0.196085 3.843022 0.704996 -0.206531 0.678473 3.269103 0.000000 0.000000 0.000000 1.000000
0.641889 0.081228 -0.762483 0.602766 0.099808 0.977063 0.188110 3.851519 0.760274 -0.196848 0.619059 3.240937 0.000000 0.000000 0.000000 1.000000
0.571340 0.090822 -0.815673 0.582310 0.104231 0.977781 0.181880 3.846170 0.814068 -0.188934 0.549178 3.201103 0.000000 0.000000 0.000000 1.000000
0.491314 0.102334 -0.864950 0.560721 0.107787 0.978296 0.176969 3.832433 0.864288 -0.180178 0.469620 3.147601 0.000000 0.000000 0.000000 1.000000
0.399925 0.101475 -0.910913 0.536897 0.115303 0.980386 0.159837 3.811410 0.909266 -0.168954 0.380380 3.064704 0.000000 0.000000 0.000000 1.000000
0.311280 0.095805 -0.945477 0.508884 0.128215 0.981575 0.141675 3.791659 0.941629 -0.165324 0.293261 2.952229 0.000000 0.000000 0.000000 1.000000
0.235370 0.097699 -0.966983 0.481608 0.143310 0.980570 0.133955 3.792269 0.961282 -0.170107 0.216796 2.810452 0.000000 0.000000 0.000000 1.000000
0.165686 0.125568 -0.978152 0.453732 0.158248 0.975622 0.152049 3.819599 0.973399 -0.179983 0.141776 2.637659 0.000000 0.000000 0.000000 1.000000
0.105387 0.159518 -0.981554 0.420640 0.174836 0.968703 0.176201 3.851146 0.978941 -0.190180 0.074200 2.451451 0.000000 0.000000 0.000000 1.000000
0.042546 0.185942 -0.981639 0.391602 0.187276 0.963629 0.190647 3.890966 0.981386 -0.191949 0.006176 2.241126 0.000000 0.000000 0.000000 1.000000
-0.077476 0.195238 -0.977691 0.380384 0.192381 0.965136 0.177486 3.934423 0.978257 -0.174339 -0.112335 2.013260 0.000000 0.000000 0.000000 1.000000
-0.243043 0.193505 -0.950519 0.382064 0.191436 0.970197 0.148562 3.984546 0.950938 -0.145857 -0.272843 1.786152 0.000000 0.000000 0.000000 1.000000
-0.413844 0.172454 -0.893864 0.399907 0.182400 0.977690 0.104178 4.034727 0.891888 -0.119927 -0.436066 1.583499 0.000000 0.000000 0.000000 1.000000
-0.577000 0.150467 -0.802765 0.424236 0.166215 0.983948 0.064958 4.076897 0.799652 -0.095951 -0.592747 1.399639 0.000000 0.000000 0.000000 1.000000
-0.715529 0.134215 -0.685569 0.439696 0.151414 0.987838 0.035359 4.084908 0.681977 -0.078504 -0.727148 1.301527 0.000000 0.000000 0.000000 1.000000
-0.824058 0.127315 -0.552014 0.442950 0.138181 0.990161 0.022088 4.084645 0.549395 -0.058076 -0.833542 1.223457 0.000000 0.000000 0.000000 1.000000
-0.907135 0.119575 -0.403494 0.435971 0.128448 0.991703 0.005114 4.070887 0.400758 -0.047189 -0.914968 1.161860 0.000000 0.000000 0.000000 1.000000
-0.960671 0.115601 -0.252483 0.417157 0.121922 0.992494 -0.009481 4.042170 0.249492 -0.039891 -0.967555 1.110511 0.000000 0.000000 0.000000 1.000000
-0.987931 0.106625 -0.112354 0.386788 0.110063 0.993614 -0.024837 4.027815 0.108989 -0.036904 -0.993358 1.071346 0.000000 0.000000 0.000000 1.000000
-0.993952 0.105713 0.029749 0.347116 0.104608 0.993843 -0.036515 4.009299 -0.033426 -0.033182 -0.998890 1.034715 0.000000 0.000000 0.000000 1.000000
-0.981604 0.109470 0.156431 0.289345 0.104752 0.993768 -0.038113 3.987832 -0.159629 -0.021025 -0.986953 0.987587 0.000000 0.000000 0.000000 1.000000
-0.960125 0.108008 0.257864 0.223428 0.098813 0.993928 -0.048396 3.974404 -0.261526 -0.020986 -0.964968 0.939644 0.000000 0.000000 0.000000 1.000000
-0.932245 0.106732 0.345727 0.146655 0.092278 0.994040 -0.058051 3.950650 -0.349862 -0.022214 -0.936538 0.878599 0.000000 0.000000 0.000000 1.000000
-0.901016 0.097130 0.422773 0.064013 0.083047 0.995206 -0.051653 3.912779 -0.425763 -0.011430 -0.904763 0.801785 0.000000 0.000000 0.000000 1.000000
-0.870502 0.081375 0.485390 -0.018318 0.067157 0.996651 -0.046646 3.892503 -0.487561 -0.008008 -0.873052 0.721077 0.000000 0.000000 0.000000 1.000000
-0.838707 0.062766 0.540954 -0.091621 0.048399 0.997996 -0.040758 3.871360 -0.542428 -0.008002 -0.840064 0.615227 0.000000 0.000000 0.000000 1.000000
-0.803617 0.043187 0.593578 -0.140178 0.032217 0.999058 -0.029071 3.848061 -0.594274 -0.004239 -0.804251 0.527023 0.000000 0.000000 0.000000 1.000000
-0.769172 0.024144 0.638585 -0.177414 0.013681 0.999679 -0.021317 3.823995 -0.638895 -0.007660 -0.769256 0.470050 0.000000 0.000000 0.000000 1.000000
-0.742507 0.005074 0.669819 -0.219274 -0.009888 0.999779 -0.018535 3.805274 -0.669766 -0.020385 -0.742293 0.418126 0.000000 0.000000 0.000000 1.000000
-0.727470 -0.006946 0.686105 -0.233646 -0.021597 0.999685 -0.012779 3.785348 -0.685800 -0.024114 -0.727390 0.380342 0.000000 0.000000 0.000000 1.000000
-0.714117 -0.017794 0.699800 -0.242882 -0.031259 0.999490 -0.006484 3.765606 -0.699328 -0.026505 -0.714310 0.350169 0.000000 0.000000 0.000000 1.000000
-0.702468 -0.027546 0.711182 -0.247393 -0.038953 0.999241 0.000227 3.747108 -0.710649 -0.027543 -0.703008 0.325288 0.000000 0.000000 0.000000 1.000000
-0.692466 -0.036449 0.720529 -0.247752 -0.045032 0.998959 0.007257 3.730330 -0.720043 -0.027422 -0.693387 0.302921 0.000000 0.000000 0.000000 1.000000
-0.684000 -0.044590 0.728118 -0.244506 -0.049632 0.998662 0.014534 3.714662 -0.727792 -0.026197 -0.685298 0.281365 0.000000 0.000000 0.000000 1.000000
-0.676906 -0.051788 0.734245 -0.237951 -0.052507 0.998378 0.022011 3.697768 -0.734194 -0.023654 -0.678527 0.260772 0.000000 0.000000 0.000000 1.000000
-0.671102 -0.058102 0.739085 -0.228927 -0.053769 0.998113 0.029642 3.680010 -0.739413 -0.019848 -0.672960 0.238398 0.000000 0.000000 0.000000 1.000000
-0.666446 -0.063841 0.742815 -0.217489 -0.053911 0.997845 0.037391 3.663024 -0.743601 -0.015127 -0.668452 0.218020 0.000000 0.000000 0.000000 1.000000
-0.662765 -0.069132 0.745630 -0.204119 -0.053168 0.997561 0.045231 3.647078 -0.746938 -0.009667 -0.664824 0.200359 0.000000 0.000000 0.000000 1.000000
-0.659893 -0.074048 0.747702 -0.189187 -0.051691 0.997248 0.053141 3.632390 -0.749579 -0.003582 -0.661905 0.185050 0.000000 0.000000 0.000000 1.000000
-0.657656 -0.078672 0.749199 -0.173072 -0.049648 0.996896 0.061100 3.619115 -0.751681 0.002986 -0.659520 0.171689 0.000000 0.000000 0.000000 1.000000
-0.655870 -0.083095 0.750286 -0.156153 -0.047213 0.996493 0.069091 3.607389 -0.753396 0.009892 -0.657493 0.159869 0.000000 0.000000 0.000000 1.000000
-0.654355 -0.087420 0.751118 -0.140104 -0.044570 0.996027 0.077096 3.597364 -0.754873 0.016970 -0.655651 0.149130 0.000000 0.000000 0.000000 1.000000
-0.652921 -0.091733 0.751850 -0.124435 -0.041875 0.995493 0.085095 3.589146 -0.756267 0.024076 -0.653820 0.139084 0.000000 0.000000 0.000000 1.000000
-0.651382 -0.096124 0.752636 -0.109107 -0.039278 0.994885 0.093070 3.582872 -0.757733 0.031062 -0.651826 0.129350 0.000000 0.000000 0.000000 1.000000
-0.649548 -0.100691 0.753623 -0.094099 -0.036936 0.994201 0.100999 3.579314 -0.759423 0.037768 -0.649501 0.119512 0.000000 0.000000 0.000000 1.000000
-0.647237 -0.105558 0.754945 -0.079433 -0.035042 0.993439 0.108862 3.581826 -0.761483 0.044005 -0.646690 0.109007 0.000000 0.000000 0.000000 1.000000
-0.644250 -0.110815 0.756744 -0.065035 -0.033728 0.992602 0.116638 3.589370 -0.764071 0.049621 -0.643221 0.097479 0.000000 0.000000 0.000000 1.000000
-0.640378 -0.116547 0.759166 -0.050828 -0.033117 0.991691 0.124309 3.600218 -0.767346 0.054463 -0.638916 0.084613 0.000000 0.000000 0.000000 1.000000
-0.635408 -0.122840 0.762343 -0.036746 -0.033329 0.990708 0.131857 3.612633 -0.771457 0.058375 -0.633598 0.070084 0.000000 0.000000 0.000000 1.000000</float_array><technique_common><accessor source="#mixamorig_Hips-Matrix-animation-output-transform-array" count="96" stride="16"><param type="float4x4"/></accessor></technique_common></source><source id="mixamorig_Hips-Interpolations"><Name_array id="mixamorig_Hips-Interpolations-array" count="96">
 LINEAR LINEAR LINEAR LINEAR LINEAR LINEAR LINEAR LINEAR LINEAR LINEAR LINEAR
LINEAR LINEAR LINEAR LINEAR LINEAR LINEAR LINEAR LINEAR LINEAR LINEAR LINEAR LINEAR
LINEAR LINEAR LINEAR LINEAR LINEAR LINEAR LINEAR LINEAR LINEAR LINEAR LINEAR LINEAR
LINEAR LINEAR LINEAR LINEAR LINEAR LINEAR LINEAR LINEAR LINEAR LINEAR LINEAR LINEAR
LINEAR LINEAR LINEAR LINEAR LINEAR LINEAR LINEAR LINEAR LINEAR LINEAR LINEAR LINEAR
LINEAR LINEAR LINEAR LINEAR LINEAR LINEAR LINEAR LINEAR LINEAR LINEAR LINEAR LINEAR
LINEAR LINEAR LINEAR LINEAR LINEAR LINEAR LINEAR LINEAR LINEAR LINEAR LINEAR LINEAR
LINEAR LINEAR LINEAR LINEAR LINEAR LINEAR LINEAR LINEAR LINEAR LINEAR LINEAR LINEAR
LINEAR</Name_array><technique_common><accessor source="#mixamorig_Hips-Interpolations-array" count="96"><param type="name"/></accessor></technique_common></source><sampler id="mixamorig_Hips-Matrix-animation-transform"><input semantic="INPUT" source="#mixamorig_Hips-Matrix-animation-input"/><input semantic="OUTPUT" source="#mixamorig_Hips-Matrix-animation-output-transform"/><input semantic="INTERPOLATION" source="#mixamorig_Hips-Interpolations"/></sampler><channel source="#mixamorig_Hips-Matrix-animation-transform" target="mixamorig_Hips/matrix"/></animation>
    <animation id="mixamorig_Spine-anim" name="mixamorig_Spine"><source id="mixamorig_Spine-Matrix-animation-input"><float_array id="mixamorig_Spine-Matrix-animation-input-array" count="96">

0.000000 0.033333 0.066667 0.100000 0.133333 0.166667 0.200000 0.233333 0.266667 0.300000 0.333333 0.366667 0.400000 0.433333 0.466667 0.500000
0.533333 0.566667 0.600000 0.633333 0.666667 0.700000 0.733333 0.766667 0.800000 0.833333 0.866667 0.900000 0.933333 0.966667 1.000000 1.033333
1.066667 1.100000 1.133333 1.166667 1.200000 1.233333 1.266667 1.300000 1.333333 1.366667 1.400000 1.433333 1.466667 1.500000 1.533333 1.566667
1.600000 1.633333 1.666667 1.700000 1.733333 1.766667 1.800000 1.833333 1.866667 1.900000 1.933333 1.966667 2.000000 2.033333 2.066667 2.100000
2.133333 2.166667 2.200000 2.233333 2.266667 2.300000 2.333333 2.366667 2.400000 2.433333 2.466667 2.500000 2.533333 2.566667 2.600000 2.633333
2.666667 2.700000 2.733333 2.766667 2.800000 2.833333 2.866667 2.900000 2.933333 2.966667 3.000000 3.033333 3.066667 3.100000 3.133333 3.166667</float_array><technique_common><accessor source="#mixamorig_Spine-Matrix-animation-input-array" count="96"><param name="TIME" type="float"/></accessor></technique_common></source><source id="mixamorig_Spine-Matrix-animation-output-transform"><float_array id="mixamorig_Spine-Matrix-animation-output-transform-array" count="1536">

0.998104 -0.012782 0.060212 0.000000 0.018844 0.994686 -0.101213 0.620300 -0.058598 0.102156 0.993041 0.186600 0.000000 0.000000 0.000000 1.000000
0.998224 -0.010510 0.058641 0.000000 0.016616 0.994372 -0.104631 0.620300 -0.057212 0.105420 0.992781 0.186600 0.000000 0.000000 0.000000 1.000000
0.998324 -0.016454 0.055491 0.000000 0.022012 0.994634 -0.101088 0.620300 -0.053530 0.102140 0.993329 0.186600 0.000000 0.000000 0.000000 1.000000
0.998610 -0.018827 0.049223 0.000000 0.023721 0.994623 -0.100812 0.620300 -0.047060 0.101840 0.993687 0.186600 0.000000 0.000000 0.000000 1.000000
0.998949 -0.021387 0.040550 -0.000000 0.025360 0.994649 -0.100152 0.620300 -0.038191 0.101075 0.994146 0.186600 0.000000 0.000000 0.000000 1.000000
0.999267 -0.024138 0.029717 -0.000000 0.026970 0.994730 -0.098921 0.620300 -0.027173 0.099650 0.994651 0.186600 0.000000 0.000000 0.000000 1.000000
0.999548 -0.024913 0.016814 0.000000 0.026430 0.994936 -0.096970 0.620300 -0.014313 0.097371 0.995145 0.186600 0.000000 0.000000 0.000000 1.000000
0.999716 -0.023748 0.002046 0.000000 0.023835 0.995391 -0.092892 0.620300 0.000170 0.092915 0.995674 0.186600 0.000000 0.000000 0.000000 1.000000
0.999588 -0.022210 -0.018201 0.000000 0.020567 0.996085 -0.085977 0.620300 0.020040 0.085568 0.996131 0.186600 0.000000 0.000000 0.000000 1.000000
0.998861 -0.022322 -0.042163 0.000000 0.019059 0.996905 -0.076265 0.620300 0.043735 0.075375 0.996196 0.186600 0.000000 0.000000 0.000000 1.000000
0.997808 -0.021556 -0.062573 0.000000 0.017495 0.997749 -0.064729 0.620300 0.063827 0.063492 0.995939 0.186600 0.000000 0.000000 0.000000 1.000000
0.996848 -0.019635 -0.076860 0.000000 0.015545 0.998449 -0.053464 0.620300 0.077791 0.052101 0.995607 0.186600 0.000000 0.000000 0.000000 1.000000
0.996079 -0.019348 -0.086331 0.000000 0.015441 0.998836 -0.045702 0.620300 0.087115 0.044189 0.995218 0.186600 0.000000 0.000000 0.000000 1.000000
0.995413 -0.017826 -0.093999 0.000000 0.014356 0.999195 -0.037469 0.620300 0.094591 0.035948 0.994867 0.186600 0.000000 0.000000 0.000000 1.000000
0.994896 -0.014577 -0.099843 0.000000 0.011342 0.999394 -0.032896 0.620300 0.100262 0.031596 0.994459 0.186600 0.000000 0.000000 0.000000 1.000000
0.994398 -0.006162 -0.105517 -0.000000 0.003079 0.999564 -0.029351 0.620300 0.105652 0.028861 0.993984 0.186600 0.000000 0.000000 0.000000 1.000000
0.993629 0.005928 -0.112542 0.000000 -0.008920 0.999619 -0.026108 0.620300 0.112345 0.026946 0.993304 0.186600 0.000000 0.000000 0.000000 1.000000
0.992714 0.024049 -0.118073 0.000000 -0.026953 0.999371 -0.023063 0.620300 0.117444 0.026078 0.992737 0.186600 0.000000 0.000000 0.000000 1.000000
0.991562 0.046153 -0.121140 -0.000000 -0.049294 0.998518 -0.023063 0.620300 0.119896 0.028840 0.992368 0.186600 0.000000 0.000000 0.000000 1.000000
0.990400 0.068133 -0.120276 -0.000000 -0.071844 0.997056 -0.026794 0.620300 0.118097 0.035178 0.992379 0.186600 0.000000 0.000000 0.000000 1.000000
0.989431 0.089648 -0.113969 0.000000 -0.094242 0.994914 -0.035569 0.620300 0.110201 0.045934 0.992847 0.186600 0.000000 0.000000 0.000000 1.000000
0.988192 0.111815 -0.104760 -0.000000 -0.116764 0.992256 -0.042350 0.620300 0.099214 0.054082 0.993595 0.186600 0.000000 0.000000 0.000000 1.000000
0.986371 0.133735 -0.095848 0.000000 -0.139079 0.988946 -0.051409 0.620300 0.087913 0.064039 0.994068 0.186600 0.000000 0.000000 0.000000 1.000000
0.984322 0.154308 -0.085432 -0.000000 -0.159874 0.985148 -0.062641 0.620300 0.074497 0.075318 0.994373 0.186600 0.000000 0.000000 0.000000 1.000000
0.982758 0.170017 -0.072676 0.000000 -0.175295 0.981752 -0.073725 0.620300 0.058815 0.085193 0.994627 0.186600 0.000000 0.000000 0.000000 1.000000
0.983080 0.172524 -0.061550 0.000000 -0.177569 0.980074 -0.089012 0.620300 0.044967 0.098436 0.994127 0.186600 0.000000 0.000000 0.000000 1.000000
0.984096 0.169913 -0.051807 0.000000 -0.174764 0.978324 -0.111081 0.620300 0.031810 0.118369 0.992460 0.186600 0.000000 0.000000 0.000000 1.000000
0.985829 0.162850 -0.040263 -0.000000 -0.166853 0.976712 -0.134888 0.620300 0.017359 0.139695 0.990042 0.186600 0.000000 0.000000 0.000000 1.000000
0.988863 0.146736 -0.024865 -0.000000 -0.148813 0.977256 -0.151082 0.620300 0.002130 0.153100 0.988208 0.186600 0.000000 0.000000 0.000000 1.000000
0.992605 0.120124 -0.017457 0.000000 -0.121366 0.979509 -0.160725 0.620300 -0.002207 0.161656 0.986845 0.186600 0.000000 0.000000 0.000000 1.000000
0.994941 0.100426 -0.002550 0.000000 -0.099415 0.980640 -0.168707 0.620300 -0.014442 0.168107 0.985663 0.186600 0.000000 0.000000 0.000000 1.000000
0.996573 0.082677 -0.002609 -0.000000 -0.081869 0.981334 -0.174017 0.620300 -0.011827 0.173634 0.984739 0.186600 0.000000 0.000000 0.000000 1.000000
0.997604 0.068424 -0.010207 0.000000 -0.069160 0.982840 -0.171005 0.620300 -0.001669 0.171301 0.985217 0.186600 0.000000 0.000000 0.000000 1.000000
0.998366 0.051662 -0.024408 0.000000 -0.055040 0.984232 -0.168098 0.620300 0.015339 0.169167 0.985468 0.186600 0.000000 0.000000 0.000000 1.000000
0.998841 0.033545 -0.034518 0.000000 -0.038661 0.986322 -0.160232 0.620300 0.028670 0.161381 0.986476 0.186600 0.000000 0.000000 0.000000 1.000000
0.999441 0.010048 -0.031887 0.000000 -0.014758 0.988405 -0.151125 0.620300 0.029999 0.151511 0.988000 0.186600 0.000000 0.000000 0.000000 1.000000
0.999516 -0.022074 -0.021927 0.000000 0.018611 0.988931 -0.147206 0.620300 0.024934 0.146727 0.988863 0.186600 0.000000 0.000000 0.000000 1.000000
0.999151 -0.041149 -0.002239 0.000000 0.040477 0.990137 -0.134131 0.620300 0.007736 0.133926 0.990961 0.186600 0.000000 0.000000 0.000000 1.000000
0.998418 -0.051628 0.022270 0.000000 0.053892 0.991641 -0.117233 0.620300 -0.016032 0.118248 0.992855 0.186600 0.000000 0.000000 0.000000 1.000000
0.997411 -0.058426 0.041922 0.000000 0.062374 0.993027 -0.100036 0.620300 -0.035785 0.102392 0.994100 0.186600 0.000000 0.000000 0.000000 1.000000
0.996368 -0.064638 0.055428 0.000000 0.069486 0.993467 -0.090525 0.620300 -0.049214 0.094047 0.994351 0.186600 0.000000 0.000000 0.000000 1.000000
0.995680 -0.065004 0.066297 0.000000 0.070497 0.993952 -0.084197 0.620300 -0.060423 0.088507 0.994241 0.186600 0.000000 0.000000 0.000000 1.000000
0.995419 -0.056666 0.077011 -0.000000 0.062251 0.995448 -0.072161 0.620300 -0.072572 0.076625 0.994415 0.186600 0.000000 0.000000 0.000000 1.000000
0.995127 -0.051536 0.084057 0.000000 0.057295 0.996066 -0.067596 0.620300 -0.080243 0.072082 0.994166 0.186600 0.000000 0.000000 0.000000 1.000000
0.995098 -0.050960 0.084757 0.000000 0.056457 0.996366 -0.063770 0.620300 -0.081200 0.068242 0.994359 0.186600 0.000000 0.000000 0.000000 1.000000
0.995177 -0.051773 0.083324 0.000000 0.057144 0.996350 -0.063414 0.620300 -0.079737 0.067869 0.994503 0.186600 0.000000 0.000000 0.000000 1.000000
0.995411 -0.051198 0.080840 0.000000 0.056456 0.996342 -0.064149 0.620300 -0.077260 0.068418 0.994661 0.186600 0.000000 0.000000 0.000000 1.000000
0.995659 -0.048075 0.079704 0.000000 0.053440 0.996347 -0.066609 0.620300 -0.076210 0.070580 0.994591 0.186600 0.000000 0.000000 0.000000 1.000000
0.995875 -0.046270 0.078055 0.000000 0.051887 0.996087 -0.071539 0.620300 -0.074440 0.075294 0.994379 0.186600 0.000000 0.000000 0.000000 1.000000
0.996180 -0.044476 0.075144 0.000000 0.050363 0.995653 -0.078351 0.620300 -0.071332 0.081837 0.994090 0.186600 0.000000 0.000000 0.000000 1.000000
0.996542 -0.043611 0.070724 0.000000 0.049576 0.995155 -0.084904 0.620300 -0.066679 0.088117 0.993876 0.186600 0.000000 0.000000 0.000000 1.000000
0.997170 -0.041280 0.062828 0.000000 0.046660 0.995139 -0.086721 0.620300 -0.058943 0.089407 0.994250 0.186600 0.000000 0.000000 0.000000 1.000000
0.998057 -0.037810 0.049517 -0.000000 0.042003 0.995359 -0.086582 0.620300 -0.046014 0.088494 0.995013 0.186600 0.000000 0.000000 0.000000 1.000000
0.998878 -0.033768 0.033208 0.000000 0.036581 0.995440 -0.088101 0.620300 -0.030082 0.089217 0.995558 0.186600 0.000000 0.000000 0.000000 1.000000
0.999539 -0.025722 0.016145 0.000000 0.027175 0.994875 -0.097389 0.620300 -0.013557 0.097783 0.995115 0.186600 0.000000 0.000000 0.000000 1.000000
0.999883 -0.015314 0.000021 0.000000 0.015228 0.994122 -0.107189 0.620300 0.001621 0.107176 0.994239 0.186600 0.000000 0.000000 0.000000 1.000000
0.999863 -0.002256 -0.016372 0.000000 0.000412 0.993729 -0.111810 0.620300 0.016521 0.111788 0.993595 0.186600 0.000000 0.000000 0.000000 1.000000
0.999592 0.005581 -0.028008 0.000000 -0.008643 0.993846 -0.110437 0.620300 0.027220 0.110634 0.993488 0.186600 0.000000 0.000000 0.000000 1.000000
0.999334 0.010920 -0.034804 0.000000 -0.014686 0.993839 -0.109859 0.620300 0.033390 0.110297 0.993338 0.186600 0.000000 0.000000 0.000000 1.000000
0.999137 0.014703 -0.038848 0.000000 -0.018964 0.993563 -0.111679 0.620300 0.036956 0.112319 0.992985 0.186600 0.000000 0.000000 0.000000 1.000000
0.998998 0.019435 -0.040319 -0.000000 -0.023928 0.993179 -0.114117 0.620300 0.037826 0.114967 0.992649 0.186600 0.000000 0.000000 0.000000 1.000000
0.998806 0.024811 -0.042076 0.000000 -0.029530 0.992864 -0.115539 0.620300 0.038909 0.116644 0.992411 0.186600 0.000000 0.000000 0.000000 1.000000
0.998709 0.028012 -0.042378 0.000000 -0.032836 0.992496 -0.117787 0.620300 0.038760 0.119027 0.992134 0.186600 0.000000 0.000000 0.000000 1.000000
0.998617 0.032342 -0.041456 0.000000 -0.037009 0.992410 -0.117268 0.620300 0.037349 0.118640 0.992235 0.186600 0.000000 0.000000 0.000000 1.000000
0.998416 0.039845 -0.039718 0.000000 -0.044246 0.992158 -0.116899 0.620300 0.034749 0.118471 0.992349 0.186600 0.000000 0.000000 0.000000 1.000000
0.998340 0.044706 -0.036323 0.000000 -0.048668 0.991969 -0.116742 0.620300 0.030812 0.118316 0.992498 0.186600 0.000000 0.000000 0.000000 1.000000
0.998121 0.051813 -0.032719 -0.000000 -0.055325 0.991518 -0.117605 0.620300 0.026348 0.119194 0.992521 0.186600 0.000000 0.000000 0.000000 1.000000
0.997810 0.058256 -0.031324 -0.000000 -0.061599 0.990952 -0.119249 0.620300 0.024094 0.120918 0.992370 0.186600 0.000000 0.000000 0.000000 1.000000
0.997650 0.060362 -0.032428 0.000000 -0.063771 0.991068 -0.117119 0.620300 0.025069 0.118912 0.992588 0.186600 0.000000 0.000000 0.000000 1.000000
0.997558 0.061339 -0.033404 -0.000000 -0.064810 0.991215 -0.115297 0.620300 0.026039 0.117181 0.992769 0.186600 0.000000 0.000000 0.000000 1.000000
0.997509 0.062386 -0.032914 0.000000 -0.065854 0.990861 -0.117720 0.620300 0.025269 0.119594 0.992501 0.186600 0.000000 0.000000 0.000000 1.000000
0.997565 0.061455 -0.032969 0.000000 -0.064938 0.990917 -0.117759 0.620300 0.025433 0.119613 0.992495 0.186600 0.000000 0.000000 0.000000 1.000000
0.997782 0.058473 -0.031809 0.000000 -0.061772 0.991420 -0.115198 0.620300 0.024801 0.116907 0.992833 0.186600 0.000000 0.000000 0.000000 1.000000
0.997946 0.056530 -0.030144 0.000000 -0.059558 0.991987 -0.111421 0.620300 0.023603 0.112988 0.993316 0.186600 0.000000 0.000000 0.000000 1.000000
0.998091 0.054552 -0.028969 0.000000 -0.057370 0.992543 -0.107548 0.620300 0.022886 0.109005 0.993778 0.186600 0.000000 0.000000 0.000000 1.000000
0.998218 0.049947 -0.032663 0.000000 -0.053077 0.993234 -0.103290 0.620300 0.027283 0.104840 0.994115 0.186600 0.000000 0.000000 0.000000 1.000000
0.998444 0.045692 -0.031960 0.000000 -0.048727 0.993620 -0.101715 0.620300 0.027109 0.103114 0.994300 0.186600 0.000000 0.000000 0.000000 1.000000
0.998673 0.041530 -0.030465 0.000000 -0.044399 0.993948 -0.100482 0.620300 0.026108 0.101702 0.994472 0.186600 0.000000 0.000000 0.000000 1.000000
0.998895 0.037541 -0.028276 0.000000 -0.040183 0.994220 -0.099563 0.620300 0.024375 0.100589 0.994629 0.186600 0.000000 0.000000 0.000000 1.000000
0.999114 0.033543 -0.025429 -0.000000 -0.035904 0.994448 -0.098919 0.620300 0.021970 0.099744 0.994771 0.186600 0.000000 0.000000 0.000000 1.000000
0.999321 0.029575 -0.021953 0.000000 -0.031600 0.994634 -0.098514 0.620300 0.018922 0.099141 0.994893 0.186600 0.000000 0.000000 0.000000 1.000000
0.999501 0.026050 -0.017855 0.000000 -0.027683 0.994771 -0.098310 0.620300 0.015200 0.098755 0.994996 0.186600 0.000000 0.000000 0.000000 1.000000
0.999669 0.022163 -0.013061 0.000000 -0.023352 0.994789 -0.099242 0.620300 0.010794 0.099514 0.994978 0.186600 0.000000 0.000000 0.000000 1.000000
0.999768 0.019917 -0.008177 0.000000 -0.020627 0.994907 -0.098666 0.620300 0.006170 0.098812 0.995087 0.186600 0.000000 0.000000 0.000000 1.000000
0.999807 0.019352 -0.003285 -0.000000 -0.019578 0.995152 -0.096379 0.620300 0.001404 0.096425 0.995339 0.186600 0.000000 0.000000 0.000000 1.000000
0.999768 0.021508 0.001299 -0.000000 -0.021299 0.995604 -0.091209 0.620300 -0.003255 0.091161 0.995831 0.186600 0.000000 0.000000 0.000000 1.000000
0.999685 0.024369 0.005983 -0.000000 -0.023770 0.996064 -0.085394 0.620300 -0.008041 0.085225 0.996329 0.186600 0.000000 0.000000 0.000000 1.000000
0.999557 0.027761 0.010729 0.000000 -0.026827 0.996506 -0.079099 0.620300 -0.012888 0.078776 0.996809 0.186600 0.000000 0.000000 0.000000 1.000000
0.999422 0.030113 0.015800 0.000000 -0.028865 0.996838 -0.074033 0.620300 -0.017979 0.073535 0.997131 0.186600 0.000000 0.000000 0.000000 1.000000
0.999299 0.030820 0.021233 0.000000 -0.029247 0.997060 -0.070825 0.620300 -0.023353 0.070154 0.997263 0.186600 0.000000 0.000000 0.000000 1.000000
0.999178 0.030381 0.026842 0.000000 -0.028473 0.997221 -0.068840 0.620300 -0.028859 0.068019 0.997267 0.186600 0.000000 0.000000 0.000000 1.000000
0.999074 0.027971 0.032702 0.000000 -0.025665 0.997292 -0.068922 0.620300 -0.034541 0.068019 0.997086 0.186600 0.000000 0.000000 0.000000 1.000000
0.998967 0.023901 0.038656 0.000000 -0.021130 0.997282 -0.070585 0.620300 -0.040238 0.069695 0.996756 0.186600 0.000000 0.000000 0.000000 1.000000
0.998858 0.015064 0.045342 0.000000 -0.011528 0.996944 -0.077263 0.620300 -0.046368 0.076652 0.995979 0.186600 0.000000 0.000000 0.000000 1.000000
0.998602 0.001446 0.052835 0.000000 0.003266 0.996028 -0.088981 0.620300 -0.052754 0.089029 0.994631 0.186600 0.000000 0.000000 0.000000 1.000000
0.998104 -0.012770 0.060211 0.000000 0.018835 0.994681 -0.101266 0.620300 -0.058598 0.102208 0.993036 0.186600 0.000000 0.000000 0.000000 1.000000</float_array><technique_common><accessor source="#mixamorig_Spine-Matrix-animation-output-transform-array" count="96" stride="16"><param type="float4x4"/></accessor></technique_common></source><source id="mixamorig_Spine-Interpolations"><Name_array id="mixamorig_Spine-Interpolations-array" count="96">
 LINEAR LINEAR LINEAR LINEAR LINEAR LINEAR LINEAR LINEAR LINEAR LINEAR LINEAR
LINEAR LINEAR LINEAR LINEAR LINEAR LINEAR LINEAR LINEAR LINEAR LINEAR LINEAR LINEAR
LINEAR LINEAR LINEAR LINEAR LINEAR LINEAR LINEAR LINEAR LINEAR LINEAR LINEAR LINEAR
LINEAR LINEAR LINEAR LINEAR LINEAR LINEAR LINEAR LINEAR LINEAR LINEAR LINEAR LINEAR
LINEAR LINEAR LINEAR LINEAR LINEAR LINEAR LINEAR LINEAR LINEAR LINEAR LINEAR LINEAR
LINEAR LINEAR LINEAR LINEAR LINEAR LINEAR LINEAR LINEAR LINEAR LINEAR LINEAR LINEAR
LINEAR LINEAR LINEAR LINEAR LINEAR LINEAR LINEAR LINEAR LINEAR LINEAR LINEAR LINEAR
LINEAR LINEAR LINEAR LINEAR LINEAR LINEAR LINEAR LINEAR LINEAR LINEAR LINEAR LINEAR
LINEAR</Name_array><technique_common><accessor source="#mixamorig_Spine-Interpolations-array" count="96"><param type="name"/></accessor></technique_common></source><sampler id="mixamorig_Spine-Matrix-animation-transform"><input semantic="INPUT" source="#mixamorig_Spine-Matrix-animation-input"/><input semantic="OUTPUT" source="#mixamorig_Spine-Matrix-animation-output-transform"/><input semantic="INTERPOLATION" source="#mixamorig_Spine-Interpolations"/></sampler><channel source="#mixamorig_Spine-Matrix-animation-transform" target="mixamorig_Spine/matrix"/></animation>
    <animation id="mixamorig_Spine1-anim" name="mixamorig_Spine1"><source id="mixamorig_Spine1-Matrix-animation-input"><float_array id="mixamorig_Spine1-Matrix-animation-input-array" count="96">

0.000000 0.033333 0.066667 0.100000 0.133333 0.166667 0.200000 0.233333 0.266667 0.300000 0.333333 0.366667 0.400000 0.433333 0.466667 0.500000
0.533333 0.566667 0.600000 0.633333 0.666667 0.700000 0.733333 0.766667 0.800000 0.833333 0.866667 0.900000 0.933333 0.966667 1.000000 1.033333
1.066667 1.100000 1.133333 1.166667 1.200000 1.233333 1.266667 1.300000 1.333333 1.366667 1.400000 1.433333 1.466667 1.500000 1.533333 1.566667
1.600000 1.633333 1.666667 1.700000 1.733333 1.766667 1.800000 1.833333 1.866667 1.900000 1.933333 1.966667 2.000000 2.033333 2.066667 2.100000
2.133333 2.166667 2.200000 2.233333 2.266667 2.300000 2.333333 2.366667 2.400000 2.433333 2.466667 2.500000 2.533333 2.566667 2.600000 2.633333
2.666667 2.700000 2.733333 2.766667 2.800000 2.833333 2.866667 2.900000 2.933333 2.966667 3.000000 3.033333 3.066667 3.100000 3.133333 3.166667</float_array><technique_common><accessor source="#mixamorig_Spine1-Matrix-animation-input-array" count="96"><param name="TIME" type="float"/></accessor></technique_common></source><source id="mixamorig_Spine1-Matrix-animation-output-transform"><float_array id="mixamorig_Spine1-Matrix-animation-output-transform-array" count="1536">

0.992503 -0.043259 0.114313 0.000000 0.031295 0.994037 0.104455 0.755700 -0.118150 -0.100094 0.987938 0.000000 0.000000 0.000000 0.000000 1.000000
0.992079 -0.051215 0.114698 -0.000000 0.038887 0.993472 0.107247 0.755700 -0.119441 -0.101938 0.987594 -0.000000 0.000000 0.000000 0.000000 1.000000
0.991825 -0.058225 0.113549 -0.000000 0.045790 0.992964 0.109209 0.755700 -0.119109 -0.103117 0.987512 0.000000 0.000000 0.000000 0.000000 1.000000
0.991572 -0.067592 0.110531 -0.000000 0.054888 0.991941 0.114192 0.755700 -0.117359 -0.107163 0.987291 0.000000 0.000000 0.000000 0.000000 1.000000
0.991423 -0.077626 0.105138 0.000000 0.064737 0.990552 0.120897 0.755700 -0.113529 -0.113054 0.987081 0.000000 0.000000 0.000000 0.000000 1.000000
0.991405 -0.087886 0.096909 -0.000000 0.075014 0.988765 0.129293 0.755700 -0.107183 -0.120912 0.986860 -0.000000 0.000000 0.000000 0.000000 1.000000
0.991517 -0.097989 0.085389 0.000000 0.085498 0.986546 0.139347 0.755700 -0.097895 -0.130864 0.986555 -0.000000 0.000000 0.000000 0.000000 1.000000
0.991764 -0.107209 0.070074 0.000000 0.095436 0.983462 0.153928 0.755700 -0.085417 -0.145973 0.985594 0.000000 0.000000 0.000000 0.000000 1.000000
0.991968 -0.115919 0.050624 -0.000000 0.105497 0.978988 0.174505 0.755700 -0.069789 -0.167763 0.983354 0.000000 0.000000 0.000000 0.000000 1.000000
0.991681 -0.127831 0.015077 0.000000 0.122323 0.972391 0.198729 0.755700 -0.040064 -0.195232 0.979938 0.000000 0.000000 0.000000 0.000000 1.000000
0.990366 -0.137331 -0.017746 0.000000 0.137774 0.964380 0.225809 0.755700 -0.013897 -0.226078 0.974010 0.000000 0.000000 0.000000 0.000000 1.000000
0.989054 -0.141548 -0.041660 0.000000 0.147490 0.956557 0.251486 0.755700 0.004253 -0.254878 0.966964 0.000000 0.000000 0.000000 0.000000 1.000000
0.987820 -0.143524 -0.060100 0.000000 0.154484 0.950789 0.268581 0.755700 0.018595 -0.274594 0.961380 -0.000000 0.000000 0.000000 0.000000 1.000000
0.987291 -0.138937 -0.077160 -0.000000 0.155430 0.945397 0.286471 0.755700 0.033145 -0.294823 0.954977 -0.000000 0.000000 0.000000 0.000000 1.000000
0.987285 -0.130893 -0.090199 0.000000 0.152052 0.943090 0.295739 0.755700 0.046355 -0.305693 0.951001 0.000000 0.000000 0.000000 0.000000 1.000000
0.988529 -0.111569 -0.101800 -0.000000 0.137497 0.943683 0.300925 0.755700 0.062493 -0.311471 0.948199 -0.000000 0.000000 0.000000 0.000000 1.000000
0.989631 -0.084475 -0.116164 0.000000 0.116447 0.945344 0.304575 0.755700 0.084086 -0.314944 0.945378 -0.000000 0.000000 0.000000 0.000000 1.000000
0.990639 -0.048084 -0.127756 -0.000000 0.085721 0.947490 0.308083 0.755700 0.106234 -0.316151 0.942742 0.000000 0.000000 0.000000 0.000000 1.000000
0.991126 -0.003081 -0.132889 0.000000 0.043665 0.951801 0.303593 0.755700 0.125548 -0.306702 0.943489 0.000000 0.000000 0.000000 0.000000 1.000000
0.990563 0.039683 -0.131190 -0.000000 0.000039 0.957089 0.289795 0.755700 0.137061 -0.287065 0.948055 -0.000000 0.000000 0.000000 0.000000 1.000000
0.989969 0.074668 -0.119939 -0.000000 -0.040475 0.963237 0.265588 0.755700 0.135360 -0.258070 0.956597 -0.000000 0.000000 0.000000 0.000000 1.000000
0.988760 0.108479 -0.102884 -0.000000 -0.080339 0.965861 0.246290 0.755700 0.126089 -0.235257 0.963720 0.000000 0.000000 0.000000 0.000000 1.000000
0.986942 0.137471 -0.083942 0.000000 -0.115827 0.967861 0.223225 0.755700 0.111931 -0.210588 0.971146 0.000000 0.000000 0.000000 0.000000 1.000000
0.985738 0.157941 -0.058093 -0.000000 -0.143871 0.970000 0.195962 0.755700 0.087300 -0.184809 0.978889 0.000000 0.000000 0.000000 0.000000 1.000000
0.984985 0.171042 -0.023453 0.000000 -0.164449 0.970892 0.174140 0.755700 0.052556 -0.167668 0.984442 0.000000 0.000000 0.000000 0.000000 1.000000
0.983583 0.180243 0.008769 0.000000 -0.179469 0.971970 0.151873 0.755700 0.018851 -0.150954 0.988361 -0.000000 0.000000 0.000000 0.000000 1.000000
