<?xml version="1.0" encoding="utf-8"?>
<COLLADA xmlns="http://www.collada.org/2005/11/COLLADASchema" version="1.4.1">
  <asset><contributor><authoring_tool>FBX COLLADA exporter</authoring_tool></contributor><created>2020-03-23T22:29:04Z</created><modified>2020-03-23T22:29:04Z</modified><unit meter="0.010000" name="centimeter"></unit><up_axis>Y_UP</up_axis></asset>
  <library_animations>
    <animation id="mixamorig_Hips-anim" name="mixamorig_Hips"><animation><source id="mixamorig_Hips-Matrix-animation-input"><float_array id="mixamorig_Hips-Matrix-animation-input-array" count="40">

0.000000 0.033333 0.066667 0.100000 0.133333 0.166667 0.200000 0.233333 0.266667 0.300000 0.333333 0.366667 0.400000 0.433333 0.466667 0.500000
0.533333 0.566667 0.600000 0.633333 0.666667 0.700000 0.733333 0.766667 0.800000 0.833333 0.866667 0.900000 0.933333 0.966667 1.000000 1.033333
1.066667 1.100000 1.133333 1.166667 1.200000 1.233333 1.266667 1.300000</float_array><technique_common><accessor source="#mixamorig_Hips-Matrix-animation-input-array" count="40"><param name="TIME" type="float"/></accessor></technique_common></source><source id="mixamorig_Hips-Matrix-animation-output-transform"><float_array id="mixamorig_Hips-Matrix-animation-output-transform-array" count="640">

-0.981337 -0.071241 0.178614 0.000000 -0.006440 0.940497 0.339741 3.807138 -0.192189 0.332250 -0.923403 0.000000 0.000000 0.000000 0.000000 1.000000
-0.909234 -0.134171 0.394070 0.000000 -0.016794 0.957688 0.287319 3.757067 -0.415946 0.254622 -0.873016 0.000000 0.000000 0.000000 0.000000 1.000000
-0.747938 -0.203258 0.631882 0.000000 -0.069317 0.970674 0.230190 3.720725 -0.660139 0.128367 -0.740093 0.000000 0.000000 0.000000 0.000000 1.000000
-0.458532 -0.218093 0.861501 0.000000 -0.110566 0.975887 0.188202 3.750941 -0.881773 -0.008956 -0.471589 0.000000 0.000000 0.000000 0.000000 1.000000
-0.137021 -0.171918 0.975536 0.000000 -0.089742 0.982929 0.160616 3.821072 -0.986495 -0.065539 -0.150110 0.000000 0.000000 0.000000 0.000000 1.000000
0.187592 -0.157748 0.969497 0.000000 -0.025424 0.985909 0.165338 3.891482 -0.981918 -0.055664 0.180938 0.000000 0.000000 0.000000 0.000000 1.000000
0.508889 -0.226916 0.830386 0.000000 0.019381 0.967407 0.252482 3.811736 -0.860614 -0.112392 0.496701 0.000000 0.000000 0.000000 0.000000 1.000000
0.699078 -0.172517 0.693923 0.000000 0.030984 0.976856 0.211643 3.777053 -0.714374 -0.126455 0.688243 0.000000 0.000000 0.000000 0.000000 1.000000
0.831594 -0.145412 0.536011 0.000000 0.053183 0.981531 0.183764 3.794329 -0.552832 -0.124310 0.823968 0.000000 0.000000 0.000000 0.000000 1.000000
0.927517 -0.167728 0.334036 0.000000 0.129017 0.982404 0.135047 3.821246 -0.350810 -0.082162 0.932835 0.000000 0.000000 0.000000 0.000000 1.000000
0.972285 -0.215306 0.091129 0.000000 0.206335 0.973502 0.098584 3.819257 -0.109940 -0.077049 0.990947 0.000000 0.000000 0.000000 0.000000 1.000000
0.945241 -0.230437 -0.231123 0.000000 0.251632 0.965539 0.066447 3.832094 0.207847 -0.120966 0.970653 0.000000 0.000000 0.000000 0.000000 1.000000
0.794364 -0.192018 -0.576294 0.000000 0.256380 0.966062 0.031507 3.858988 0.550686 -0.172778 0.816635 0.000000 0.000000 0.000000 0.000000 1.000000
0.482122 -0.171661 -0.859122 0.000000 0.227186 0.971569 -0.066636 3.926132 0.846135 -0.163054 0.507413 0.000000 0.000000 0.000000 0.000000 1.000000
0.020667 -0.163552 -0.986318 0.000000 0.093453 0.982526 -0.160965 3.954929 0.995409 -0.088848 0.035590 0.000000 0.000000 0.000000 0.000000 1.000000
-0.407795 -0.172987 -0.896537 0.000000 -0.051795 0.984691 -0.166437 3.904622 0.911603 -0.021436 -0.410512 0.000000 0.000000 0.000000 0.000000 1.000000
-0.670511 -0.163678 -0.723619 0.000000 -0.114183 0.986506 -0.117340 3.791656 0.733061 0.003947 -0.680152 0.000000 0.000000 0.000000 0.000000 1.000000
-0.803136 -0.136565 -0.579934 0.000000 -0.126459 0.990271 -0.058064 3.660965 0.582221 0.026705 -0.812592 0.000000 0.000000 0.000000 0.000000 1.000000
-0.886183 -0.064791 -0.458783 0.000000 -0.077362 0.996966 0.008635 3.557842 0.456832 0.043145 -0.888506 0.000000 0.000000 0.000000 0.000000 1.000000
-0.919225 0.009062 -0.393628 0.000000 -0.014038 0.998345 0.055767 3.540474 0.393482 0.056788 -0.917577 0.000000 0.000000 0.000000 0.000000 1.000000
-0.935814 0.014751 -0.352185 0.000000 -0.020933 0.995035 0.097298 3.571569 0.351872 0.098425 -0.930859 0.000000 0.000000 0.000000 0.000000 1.000000
-0.974152 -0.014530 -0.225425 0.000000 -0.047849 0.988557 0.143057 3.578580 0.220767 0.150145 -0.963700 0.000000 0.000000 0.000000 0.000000 1.000000
-0.995879 -0.090582 0.004457 0.000000 -0.088128 0.978162 0.188234 3.578046 -0.021410 0.187066 -0.982114 0.000000 0.000000 0.000000 0.000000 1.000000
-0.954582 -0.182417 0.235578 0.000000 -0.126010 0.963650 0.235586 3.588891 -0.269990 0.195201 -0.942869 0.000000 0.000000 0.000000 0.000000 1.000000
-0.858573 -0.279232 0.429979 0.000000 -0.161172 0.943152 0.290667 3.616552 -0.486699 0.180258 -0.854770 0.000000 0.000000 0.000000 0.000000 1.000000
-0.730560 -0.346282 0.588533 0.000000 -0.178452 0.928746 0.324940 3.612823 -0.659118 0.132363 -0.740299 0.000000 0.000000 0.000000 0.000000 1.000000
-0.578860 -0.357293 0.732982 0.000000 -0.170125 0.932030 0.319966 3.583422 -0.797483 0.060517 -0.600299 0.000000 0.000000 0.000000 0.000000 1.000000
-0.416083 -0.341574 0.842735 0.000000 -0.151909 0.939855 0.305936 3.510726 -0.896548 -0.000724 -0.442945 0.000000 0.000000 0.000000 0.000000 1.000000
-0.255249 -0.320740 0.912126 0.000000 -0.124510 0.946424 0.297958 3.390700 -0.958825 -0.037515 -0.281509 0.000000 0.000000 0.000000 0.000000 1.000000
-0.163916 -0.302930 0.938810 0.000000 -0.094828 0.952114 0.290666 3.327443 -0.981906 -0.041381 -0.184793 0.000000 0.000000 0.000000 0.000000 1.000000
-0.182736 -0.284095 0.941221 0.000000 -0.067420 0.958708 0.276284 3.355399 -0.980848 -0.012970 -0.194344 0.000000 0.000000 0.000000 0.000000 1.000000
-0.240318 -0.255633 0.936429 0.000000 -0.034397 0.966337 0.254970 3.414824 -0.970085 0.029064 -0.241021 0.000000 0.000000 0.000000 0.000000 1.000000
-0.297832 -0.243388 0.923070 0.000000 -0.016317 0.968109 0.249999 3.499663 -0.954479 0.059396 -0.292305 0.000000 0.000000 0.000000 0.000000 1.000000
-0.330150 -0.244443 0.911729 0.000000 -0.016174 0.967210 0.253461 3.571263 -0.943790 0.068933 -0.323278 0.000000 0.000000 0.000000 0.000000 1.000000
-0.336747 -0.229280 0.913253 0.000000 -0.009781 0.970700 0.240096 3.604550 -0.941544 0.071919 -0.329123 0.000000 0.000000 0.000000 0.000000 1.000000
-0.336588 -0.209512 0.918049 0.000000 -0.000426 0.974968 0.222346 3.625999 -0.941652 0.074448 -0.328251 0.000000 0.000000 0.000000 0.000000 1.000000
-0.336469 -0.191748 0.921966 0.000000 0.006991 0.978514 0.206060 3.635050 -0.941669 0.075779 -0.327899 0.000000 0.000000 0.000000 0.000000 1.000000
-0.336229 -0.176553 0.925083 0.000000 0.012220 0.981370 0.191737 3.633803 -0.941701 0.075772 -0.327808 0.000000 0.000000 0.000000 0.000000 1.000000
-0.335962 -0.161146 0.927988 0.000000 0.016959 0.984061 0.177023 3.629944 -0.941723 0.075211 -0.327874 0.000000 0.000000 0.000000 0.000000 1.000000
-0.335579 -0.142540 0.931165 0.000000 0.022652 0.986979 0.159247 3.626531 -0.941740 0.074532 -0.327981 0.000000 0.000000 0.000000 0.000000 1.000000</float_array><technique_common><accessor source="#mixamorig_Hips-Matrix-animation-output-transform-array" count="40" stride="16"><param type="float4x4"/></accessor></technique_common></source><source id="mixamorig_Hips-Interpolations"><Name_array id="mixamorig_Hips-Interpolations-array" count="40">
 LINEAR LINEAR LINEAR LINEAR LINEAR LINEAR LINEAR LINEAR LINEAR LINEAR LINEAR
LINEAR LINEAR LINEAR LINEAR LINEAR LINEAR LINEAR LINEAR LINEAR LINEAR LINEAR LINEAR
LINEAR LINEAR LINEAR LINEAR LINEAR LINEAR LINEAR LINEAR LINEAR LINEAR LINEAR LINEAR
LINEAR LINEAR LINEAR LINEAR LINEAR</Name_array><technique_common><accessor source="#mixamorig_Hips-Interpolations-array" count="40"><param type="name"/></accessor></technique_common></source><sampler id="mixamorig_Hips-Matrix-animation-transform"><input semantic="INPUT" source="#mixamorig_Hips-Matrix-animation-input"/><input semantic="OUTPUT" source="#mixamorig_Hips-Matrix-animation-output-transform"/><input semantic="INTERPOLATION" source="#mixamorig_Hips-Interpolations"/></sampler><channel source="#mixamorig_Hips-Matrix-animation-transform" target="mixamorig_Hips/matrix"/></animation></animation>
    <animation id="mixamorig_Spine-anim" name="mixamorig_Spine"><animation><source id="mixamorig_Spine-Matrix-animation-input"><float_array id="mixamorig_Spine-Matrix-animation-input-array" count="40">

0.000000 0.033333 0.066667 0.100000 0.133333 0.166667 0.200000 0.233333 0.266667 0.300000 0.333333 0.366667 0.400000 0.433333 0.466667 0.500000
0.533333 0.566667 0.600000 0.633333 0.666667 0.700000 0.733333 0.766667 0.800000 0.833333 0.866667 0.900000 0.933333 0.966667 1.000000 1.033333
1.066667 1.100000 1.133333 1.166667 1.200000 1.233333 1.266667 1.300000</float_array><technique_common><accessor source="#mixamorig_Spine-Matrix-animation-input-array" count="40"><param name="TIME" type="float"/></accessor></technique_common></source><source id="mixamorig_Spine-Matrix-animation-output-transform"><float_array id="mixamorig_Spine-Matrix-animation-output-transform-array" count="640">

0.991774 -0.039140 0.121871 0.000000 0.014632 0.980529 0.195830 0.620300 -0.127163 -0.192435 0.973036 0.186600 0.000000 0.000000 0.000000 1.000000
0.989964 0.020959 0.139760 0.000000 -0.033509 0.995551 0.088060 0.620300 -0.137292 -0.091860 0.986262 0.186600 0.000000 0.000000 0.000000 1.000000
0.976864 0.045192 0.209031 0.000000 -0.046841 0.998898 0.002943 0.620300 -0.208667 -0.012666 0.977905 0.186600 0.000000 0.000000 0.000000 1.000000
0.952037 0.060585 0.299926 0.000000 -0.049427 0.997779 -0.044659 0.620300 -0.301966 0.027693 0.952916 0.186600 0.000000 0.000000 0.000000 1.000000
0.946712 0.105536 0.304301 0.000000 -0.083433 0.992900 -0.084783 0.620300 -0.311088 0.054876 0.948795 0.186600 0.000000 0.000000 0.000000 1.000000
0.962169 0.141993 0.232526 0.000000 -0.121193 0.987427 -0.101492 0.620300 -0.244013 0.069472 0.967280 0.186600 0.000000 0.000000 0.000000 1.000000
0.967611 0.106395 0.228932 0.000000 -0.065279 0.981459 -0.180216 0.620300 -0.243862 0.159434 0.956615 0.186600 0.000000 0.000000 0.000000 1.000000
0.976660 0.032188 0.212367 -0.000000 -0.011407 0.995085 -0.098363 0.620300 -0.214490 0.093645 0.972227 0.186600 0.000000 0.000000 0.000000 1.000000
0.985177 0.022858 0.170011 0.000000 -0.012088 0.997869 -0.064117 0.620300 -0.171114 0.061111 0.983354 0.186600 0.000000 0.000000 0.000000 1.000000
0.991242 0.065868 0.114462 -0.000000 -0.061181 0.997157 -0.043996 0.620300 -0.117034 0.036608 0.992453 0.186600 0.000000 0.000000 0.000000 1.000000
0.993339 0.094727 0.065613 0.000000 -0.091353 0.994426 -0.052644 0.620300 -0.070234 0.046299 0.996456 0.186600 0.000000 0.000000 0.000000 1.000000
0.992980 0.108308 0.047550 -0.000000 -0.102410 0.988346 -0.112627 0.620300 -0.059194 0.106967 0.992499 0.186600 0.000000 0.000000 0.000000 1.000000
0.990784 0.130546 0.036124 0.000000 -0.120482 0.971234 -0.205400 0.620300 -0.061899 0.199155 0.978011 0.186600 0.000000 0.000000 0.000000 1.000000
0.987766 0.152483 -0.032656 0.000000 -0.155939 0.964906 -0.211279 0.620300 -0.000706 0.213786 0.976880 0.186600 0.000000 0.000000 0.000000 1.000000
0.992619 0.120694 -0.011849 0.000000 -0.120867 0.976547 -0.178176 0.620300 -0.009933 0.178293 0.983927 0.186600 0.000000 0.000000 0.000000 1.000000
0.996207 0.086720 0.007139 -0.000000 -0.084827 0.986172 -0.142367 0.620300 -0.019387 0.141221 0.989788 0.186600 0.000000 0.000000 0.000000 1.000000
0.996726 0.067513 -0.044484 0.000000 -0.071620 0.992574 -0.098320 0.620300 0.037516 0.101184 0.994160 0.186600 0.000000 0.000000 0.000000 1.000000
0.995885 0.057187 -0.070299 -0.000000 -0.064076 0.992923 -0.099995 0.620300 0.064083 0.104088 0.992501 0.186600 0.000000 0.000000 0.000000 1.000000
0.993603 0.097056 -0.057738 0.000000 -0.099960 0.993749 -0.049713 0.620300 0.052552 0.055167 0.997093 0.186600 0.000000 0.000000 0.000000 1.000000
0.989850 0.139743 -0.025883 0.000000 -0.139147 0.989992 0.023559 0.620300 0.028916 -0.019718 0.999387 0.186600 0.000000 0.000000 0.000000 1.000000
0.988595 0.145410 -0.039199 0.000000 -0.143145 0.988146 0.055477 0.620300 0.046801 -0.049233 0.997690 0.186600 0.000000 0.000000 0.000000 1.000000
0.991872 0.118213 -0.047078 0.000000 -0.114625 0.990741 0.072756 0.620300 0.055242 -0.066768 0.996238 0.186600 0.000000 0.000000 0.000000 1.000000
0.998140 0.059845 -0.011615 0.000000 -0.059051 0.996473 0.059618 0.620300 0.015142 -0.058821 0.998154 0.186600 0.000000 0.000000 0.000000 1.000000
0.999639 0.001485 0.026831 0.000000 -0.002443 0.999359 0.035713 0.620300 -0.026760 -0.035765 0.999002 0.186600 0.000000 0.000000 0.000000 1.000000
0.997628 -0.035789 0.058801 0.000000 0.037089 0.999088 -0.021169 0.620300 -0.057990 0.023300 0.998045 0.186600 0.000000 0.000000 0.000000 1.000000
0.995786 -0.047833 0.078239 -0.000000 0.053362 0.996107 -0.070172 0.620300 -0.074578 0.074052 0.994462 0.186600 0.000000 0.000000 0.000000 1.000000
0.996491 -0.028643 0.078651 0.000000 0.034834 0.996304 -0.078512 0.620300 -0.076112 0.080976 0.993806 0.186600 0.000000 0.000000 0.000000 1.000000
0.996965 -0.014009 0.076580 0.000000 0.020438 0.996271 -0.083829 0.620300 -0.075120 0.085140 0.993533 0.186600 0.000000 0.000000 0.000000 1.000000
0.995972 -0.015490 0.088312 -0.000000 0.023019 0.996124 -0.084890 0.620300 -0.086655 0.086581 0.992469 0.186600 0.000000 0.000000 0.000000 1.000000
0.995425 -0.055929 0.077472 0.000000 0.061585 0.995454 -0.072654 0.620300 -0.073056 0.077093 0.994344 0.186600 0.000000 0.000000 0.000000 1.000000
0.997148 -0.070693 0.026421 0.000000 0.072036 0.995944 -0.053906 0.620300 -0.022503 0.055655 0.998196 0.186600 0.000000 0.000000 0.000000 1.000000
0.997783 -0.064868 -0.014849 -0.000000 0.064171 0.996997 -0.043357 0.620300 0.017617 0.042308 0.998949 0.186600 0.000000 0.000000 0.000000 1.000000
0.997212 -0.072693 -0.016852 0.000000 0.071395 0.995137 -0.067855 0.620300 0.021703 0.066463 0.997553 0.186600 0.000000 0.000000 0.000000 1.000000
0.995805 -0.091503 -0.000188 0.000000 0.091040 0.990975 -0.098391 0.620300 0.009189 0.097961 0.995148 0.186600 0.000000 0.000000 0.000000 1.000000
0.995964 -0.088927 0.012141 0.000000 0.089728 0.989672 -0.111793 0.620300 -0.002074 0.112431 0.993657 0.186600 0.000000 0.000000 0.000000 1.000000
0.996662 -0.078353 0.022943 0.000000 0.080573 0.989309 -0.121556 0.620300 -0.013174 0.122999 0.992319 0.186600 0.000000 0.000000 0.000000 1.000000
0.997193 -0.065766 0.035801 -0.000000 0.069939 0.988833 -0.131599 0.620300 -0.026747 0.133733 0.990656 0.186600 0.000000 0.000000 0.000000 1.000000
0.997391 -0.052266 0.049804 0.000000 0.058860 0.988150 -0.141755 0.620300 -0.041805 0.144316 0.988648 0.186600 0.000000 0.000000 0.000000 1.000000
0.997193 -0.039038 0.063895 -0.000000 0.048393 0.987176 -0.152125 0.620300 -0.057137 0.154790 0.986294 0.186600 0.000000 0.000000 0.000000 1.000000
0.996623 -0.026083 0.077858 0.000000 0.038520 0.985908 -0.162791 0.620300 -0.072515 0.165240 0.983584 0.186600 0.000000 0.000000 0.000000 1.000000</float_array><technique_common><accessor source="#mixamorig_Spine-Matrix-animation-output-transform-array" count="40" stride="16"><param type="float4x4"/></accessor></technique_common></source><source id="mixamorig_Spine-Interpolations"><Name_array id="mixamorig_Spine-Interpolations-array" count="40">
 LINEAR LINEAR LINEAR LINEAR LINEAR LINEAR LINEAR LINEAR LINEAR LINEAR LINEAR
LINEAR LINEAR LINEAR LINEAR LINEAR LINEAR LINEAR LINEAR LINEAR LINEAR LINEAR LINEAR
LINEAR LINEAR LINEAR LINEAR LINEAR LINEAR LINEAR LINEAR LINEAR LINEAR LINEAR LINEAR
LINEAR LINEAR LINEAR LINEAR LINEAR</Name_array><technique_common><accessor source="#mixamorig_Spine-Interpolations-array" count="40"><param type="name"/></accessor></technique_common></source><sampler id="mixamorig_Spine-Matrix-animation-transform"><input semantic="INPUT" source="#mixamorig_Spine-Matrix-animation-input"/><input semantic="OUTPUT" source="#mixamorig_Spine-Matrix-animation-output-transform"/><input semantic="INTERPOLATION" source="#mixamorig_Spine-Interpolations"/></sampler><channel source="#mixamorig_Spine-Matrix-animation-transform" target="mixamorig_Spine/matrix"/></animation></animation>
    <animation id="mixamorig_Spine1-anim" name="mixamorig_Spine1"><animation><source id="mixamorig_Spine1-Matrix-animation-input"><float_array id="mixamorig_Spine1-Matrix-animation-input-array" count="40">

0.000000 0.033333 0.066667 0.100000 0.133333 0.166667 0.200000 0.233333 0.266667 0.300000 0.333333 0.366667 0.400000 0.433333 0.466667 0.500000
0.533333 0.566667 0.600000 0.633333 0.666667 0.700000 0.733333 0.766667 0.800000 0.833333 0.866667 0.900000 0.933333 0.966667 1.000000 1.033333
1.066667 1.100000 1.133333 1.166667 1.200000 1.233333 1.266667 1.300000</float_array><technique_common><accessor source="#mixamorig_Spine1-Matrix-animation-input-array" count="40"><param name="TIME" type="float"/></accessor></technique_common></source><source id="mixamorig_Spine1-Matrix-animation-output-transform"><float_array id="mixamorig_Spine1-Matrix-animation-output-transform-array" count="640">

0.999427 -0.001712 0.033797 -0.000000 0.000482 0.999338 0.036378 0.755700 -0.033837 -0.036341 0.998766 0.000000 0.000000 0.000000 0.000000 1.000000
0.999231 0.004036 0.038998 0.000000 -0.004978 0.999697 0.024089 0.755700 -0.038889 -0.024264 0.998949 0.000000 0.000000 0.000000 0.000000 1.000000
0.998198 0.007078 0.059583 0.000000 -0.007958 0.999863 0.014541 0.755700 -0.059472 -0.014989 0.998117 -0.000000 0.000000 0.000000 0.000000 1.000000
0.996415 0.018027 0.082657 -0.000000 -0.018612 0.999807 0.006312 0.755700 -0.082527 -0.007828 0.996558 0.000000 0.000000 0.000000 0.000000 1.000000
0.996146 0.022610 0.084746 0.000000 -0.022914 0.999734 0.002618 0.755700 -0.084664 -0.004550 0.996399 -0.000000 0.000000 0.000000 0.000000 1.000000
0.997614 0.019419 0.066250 -0.000000 -0.019505 0.999810 0.000661 0.755700 -0.066225 -0.001951 0.997803 0.000000 0.000000 0.000000 0.000000 1.000000
0.997538 0.016134 0.068240 -0.000000 -0.016035 0.999869 -0.001993 0.755700 -0.068263 0.000894 0.997667 -0.000000 0.000000 0.000000 0.000000 1.000000
0.997990 0.007289 0.062949 0.000000 -0.007127 0.999971 -0.002810 0.755700 -0.062967 0.002356 0.998013 0.000000 0.000000 0.000000 0.000000 1.000000
0.998559 -0.006607 0.053247 -0.000000 0.007100 0.999934 -0.009057 0.755700 -0.053184 0.009422 0.998540 -0.000000 0.000000 0.000000 0.000000 1.000000
0.999165 -0.013131 0.038687 -0.000000 0.013702 0.999800 -0.014550 0.755700 -0.038489 0.015068 0.999145 -0.000000 0.000000 0.000000 0.000000 1.000000
0.999693 -0.009220 0.023010 0.000000 0.009586 0.999829 -0.015833 0.755700 -0.022860 0.016049 0.999610 0.000000 0.000000 0.000000 0.000000 1.000000
0.999863 -0.002565 0.016328 0.000000 0.002865 0.999827 -0.018397 0.755700 -0.016278 0.018442 0.999697 0.000000 0.000000 0.000000 0.000000 1.000000
0.999908 0.003374 0.013148 0.000000 -0.003036 0.999666 -0.025684 0.755700 -0.013230 0.025642 0.999584 0.000000 0.000000 0.000000 0.000000 1.000000
0.999543 -0.029950 0.004164 0.000000 0.030024 0.999370 -0.018929 0.755700 -0.003595 0.019046 0.999812 0.000000 0.000000 0.000000 0.000000 1.000000
0.999336 -0.034475 0.011752 0.000000 0.034690 0.999225 -0.018596 0.755700 -0.011102 0.018991 0.999758 0.000000 0.000000 0.000000 0.000000 1.000000
0.999419 -0.029324 0.017399 0.000000 0.029604 0.999432 -0.016074 0.755700 -0.016917 0.016580 0.999719 -0.000000 0.000000 0.000000 0.000000 1.000000
0.999948 -0.010118 -0.001590 0.000000 0.010104 0.999910 -0.008838 0.755700 0.001679 0.008821 0.999960 -0.000000 0.000000 0.000000 0.000000 1.000000
0.999967 -0.001191 -0.008013 0.000000 0.001189 0.999999 -0.000276 0.755700 0.008013 0.000267 0.999968 0.000000 0.000000 0.000000 0.000000 1.000000
0.999918 0.011042 -0.006531 0.000000 -0.011006 0.999924 0.005532 0.755700 0.006592 -0.005459 0.999963 0.000000 0.000000 0.000000 0.000000 1.000000
0.999932 0.011615 0.000351 0.000000 -0.011618 0.999846 0.013116 0.755700 -0.000199 -0.013119 0.999914 0.000000 0.000000 0.000000 0.000000 1.000000
0.999968 0.006119 -0.005230 0.000000 -0.006039 0.999865 0.015264 0.755700 0.005323 -0.015232 0.999870 0.000000 0.000000 0.000000 0.000000 1.000000
0.999976 -0.003728 -0.005893 0.000000 0.003870 0.999700 0.024200 0.755700 0.005801 -0.024222 0.999690 0.000000 0.000000 0.000000 0.000000 1.000000
0.999952 -0.009152 0.003539 0.000000 0.009060 0.999645 0.025055 0.755700 -0.003767 -0.025022 0.999680 0.000000 0.000000 0.000000 0.000000 1.000000
0.999835 -0.012826 0.012855 -0.000000 0.012548 0.999691 0.021441 0.755700 -0.013126 -0.021276 0.999687 0.000000 0.000000 0.000000 0.000000 1.000000
0.999660 -0.015547 0.020928 0.000000 0.015253 0.999784 0.014097 0.755700 -0.021143 -0.013773 0.999682 0.000000 0.000000 0.000000 0.000000 1.000000
0.999496 -0.017709 0.026333 0.000000 0.017467 0.999803 0.009411 0.755700 -0.026494 -0.008946 0.999609 -0.000000 0.000000 0.000000 0.000000 1.000000
0.999370 -0.020982 0.028639 0.000000 0.020693 0.999732 0.010381 0.755700 -0.028849 -0.009782 0.999536 0.000000 0.000000 0.000000 0.000000 1.000000
0.999324 -0.022246 0.029262 -0.000000 0.022006 0.999722 0.008519 0.755700 -0.029443 -0.007869 0.999535 0.000000 0.000000 0.000000 0.000000 1.000000
0.999325 -0.018724 0.031607 0.000000 0.018664 0.999823 0.002220 0.755700 -0.031643 -0.001628 0.999498 0.000000 0.000000 0.000000 0.000000 1.000000
0.999502 -0.016014 0.027173 -0.000000 0.016024 0.999872 -0.000134 0.755700 -0.027168 0.000569 0.999631 0.000000 0.000000 0.000000 0.000000 1.000000
0.999752 -0.017946 0.013224 -0.000000 0.017928 0.999838 0.001416 0.755700 -0.013248 -0.001178 0.999912 -0.000000 0.000000 0.000000 0.000000 1.000000
0.999837 -0.017989 0.001683 0.000000 0.017982 0.999830 0.004108 0.755700 -0.001756 -0.004077 0.999990 0.000000 0.000000 0.000000 0.000000 1.000000
0.999896 -0.014434 -0.000402 0.000000 0.014436 0.999882 0.005191 0.755700 0.000327 -0.005197 0.999986 -0.000000 0.000000 0.000000 0.000000 1.000000
0.999933 -0.011225 0.002837 -0.000000 0.011203 0.999908 0.007647 0.755700 -0.002922 -0.007615 0.999967 -0.000000 0.000000 0.000000 0.000000 1.000000
0.999980 -0.004305 0.004602 0.000000 0.004256 0.999934 0.010652 0.755700 -0.004648 -0.010633 0.999933 -0.000000 0.000000 0.000000 0.000000 1.000000
0.999973 0.004665 0.005619 0.000000 -0.004739 0.999902 0.013167 0.755700 -0.005557 -0.013193 0.999898 0.000000 0.000000 0.000000 0.000000 1.000000
0.999869 0.014535 0.007054 -0.000000 -0.014642 0.999774 0.015398 0.755700 -0.006829 -0.015499 0.999857 -0.000000 0.000000 0.000000 0.000000 1.000000
0.999650 0.024991 0.008712 -0.000000 -0.025140 0.999532 0.017432 0.755700 -0.008273 -0.017645 0.999810 -0.000000 0.000000 0.000000 0.000000 1.000000
0.999316 0.035502 0.010392 0.000000 -0.035699 0.999174 0.019404 0.755700 -0.009695 -0.019762 0.999758 0.000000 0.000000 0.000000 0.000000 1.000000
0.998870 0.045980 0.012057 -0.000000 -0.046230 0.998703 0.021327 0.755700 -0.011061 -0.021860 0.999700 -0.000000 0.000000 0.000000 0.000000 1.000000</float_array><technique_common><accessor source="#mixamorig_Spine1-Matrix-animation-output-transform-array" count="40" stride="16"><param type="float4x4"/></accessor></technique_common></source><source id="mixamorig_Spine1-Interpolations"><Name_array id="mixamorig_Spine1-Interpolations-array" count="40">
 LINEAR LINEAR LINEAR LINEAR LINEAR LINEAR LINEAR LINEAR LINEAR LINEAR LINEAR
LINEAR LINEAR LINEAR LINEAR LINEAR LINEAR LINEAR LINEAR LINEAR LINEAR LINEAR LINEAR
LINEAR LINEAR LINEAR LINEAR LINEAR LINEAR LINEAR LINEAR LINEAR LINEAR LINEAR LINEAR
LINEAR LINEAR LINEAR LINEAR LINEAR</Name_array><technique_common><accessor source="#mixamorig_Spine1-Interpolations-array" count="40"><param type="name"/></accessor></technique_common></source><sampler id="mixamorig_Spine1-Matrix-animation-transform"><input semantic="INPUT" source="#mixamorig_Spine1-Matrix-animation-input"/><input semantic="OUTPUT" source="#mixamorig_Spine1-Matrix-animation-output-transform"/><input semantic="INTERPOLATION" source="#mixamorig_Spine1-Interpolations"/></sampler><channel source="#mixamorig_Spine1-Matrix-animation-transform" target="mixamorig_Spine1/matrix"/></animation></animation>
    <animation id="mixamorig_Spine2-anim" name="mixamorig_Spine2"><animation><source id="mixamorig_Spine2-Matrix-animation-input"><float_array id="mixamorig_Spine2-Matrix-animation-input-array" count="40">

0.000000 0.033333 0.066667 0.100000 0.133333 0.166667 0.200000 0.233333 0.266667 0.300000 0.333333 0.366667 0.400000 0.433333 0.466667 0.500000
0.533333 0.566667 0.600000 0.633333 0.666667 0.700000 0.733333 0.766667 0.800000 0.833333 0.866667 0.900000 0.933333 0.966667 1.000000 1.033333
1.066667 1.100000 1.133333 1.166667 1.200000 1.233333 1.266667 1.300000</float_array><technique_common><accessor source="#mixamorig_Spine2-Matrix-animation-input-array" count="40"><param name="TIME" type="float"/></accessor></technique_common></source><source id="mixamorig_Spine2-Matrix-animation-output-transform"><float_array id="mixamorig_Spine2-Matrix-animation-output-transform-array" count="640">

0.999388 -0.003049 0.034854 0.000000 0.001791 0.999347 0.036088 0.863700 -0.034941 -0.036004 0.998741 0.000000 0.000000 0.000000 0.000000 1.000000
0.999202 0.002898 0.039832 0.000000 -0.003861 0.999702 0.024113 0.863700 -0.039750 -0.024247 0.998915 -0.000000 0.000000 0.000000 0.000000 1.000000
0.998147 0.006016 0.060548 0.000000 -0.006923 0.999867 0.014774 0.863700 -0.060451 -0.015166 0.998056 -0.000000 0.000000 0.000000 0.000000 1.000000
0.996371 0.016865 0.083423 0.000000 -0.017478 0.999825 0.006620 0.863700 -0.083297 -0.008054 0.996492 0.000000 0.000000 0.000000 0.000000 1.000000
0.996128 0.021477 0.085248 0.000000 -0.021813 0.999758 0.003012 0.863700 -0.085163 -0.004860 0.996355 0.000000 0.000000 0.000000 0.000000 1.000000
0.997611 0.018581 0.066534 0.000000 -0.018697 0.999825 0.001120 0.863700 -0.066502 -0.002362 0.997784 -0.000000 0.000000 0.000000 0.000000 1.000000
0.997537 0.015659 0.068372 -0.000000 -0.015585 0.999877 -0.001617 0.863700 -0.068389 0.000547 0.997659 0.000000 0.000000 0.000000 0.000000 1.000000
0.997969 0.006763 0.063337 0.000000 -0.006589 0.999974 -0.002956 0.863700 -0.063356 0.002533 0.997988 0.000000 0.000000 0.000000 0.000000 1.000000
0.998518 -0.006833 0.053999 -0.000000 0.007361 0.999927 -0.009576 0.863700 -0.053929 0.009959 0.998495 0.000000 0.000000 0.000000 0.000000 1.000000
0.999134 -0.013146 0.039483 0.000000 0.013744 0.999794 -0.014918 0.863700 -0.039278 0.015448 0.999109 -0.000000 0.000000 0.000000 0.000000 1.000000
0.999684 -0.009201 0.023401 0.000000 0.009576 0.999827 -0.015942 0.863700 -0.023250 0.016161 0.999599 0.000000 0.000000 0.000000 0.000000 1.000000
0.999864 -0.002536 0.016280 0.000000 0.002835 0.999826 -0.018415 0.863700 -0.016231 0.018459 0.999698 -0.000000 0.000000 0.000000 0.000000 1.000000
0.999913 0.003448 0.012715 -0.000000 -0.003121 0.999666 -0.025646 0.863700 -0.012799 0.025604 0.999590 0.000000 0.000000 0.000000 0.000000 1.000000
0.999542 -0.029971 0.004124 0.000000 0.030044 0.999370 -0.018918 0.863700 -0.003554 0.019033 0.999813 0.000000 0.000000 0.000000 0.000000 1.000000
0.999336 -0.034391 0.012065 0.000000 0.034612 0.999226 -0.018678 0.863700 -0.011413 0.019083 0.999753 0.000000 0.000000 0.000000 0.000000 1.000000
0.999412 -0.029189 0.017970 0.000000 0.029482 0.999433 -0.016267 0.863700 -0.017485 0.016788 0.999706 0.000000 0.000000 0.000000 0.000000 1.000000
0.999948 -0.010072 -0.001372 -0.000000 0.010060 0.999910 -0.008823 0.863700 0.001461 0.008809 0.999960 -0.000000 0.000000 0.000000 0.000000 1.000000
0.999967 -0.001142 -0.008055 0.000000 0.001139 0.999999 -0.000315 0.863700 0.008056 0.000306 0.999968 -0.000000 0.000000 0.000000 0.000000 1.000000
0.999915 0.011031 -0.006925 0.000000 -0.010994 0.999925 0.005476 0.863700 0.006985 -0.005400 0.999961 -0.000000 0.000000 0.000000 0.000000 1.000000
0.999933 0.011536 0.000124 0.000000 -0.011537 0.999847 0.013122 0.863700 0.000028 -0.013123 0.999914 0.000000 0.000000 0.000000 0.000000 1.000000
0.999967 0.006218 -0.005323 -0.000000 -0.006136 0.999865 0.015216 0.863700 0.005417 -0.015183 0.999870 0.000000 0.000000 0.000000 0.000000 1.000000
0.999979 -0.003487 -0.005475 -0.000000 0.003619 0.999701 0.024177 0.863700 0.005389 -0.024196 0.999693 0.000000 0.000000 0.000000 0.000000 1.000000
0.999949 -0.009131 0.004211 -0.000000 0.009023 0.999647 0.024992 0.863700 -0.004437 -0.024952 0.999679 0.000000 0.000000 0.000000 0.000000 1.000000
0.999822 -0.013030 0.013642 0.000000 0.012737 0.999692 0.021295 0.863700 -0.013915 -0.021117 0.999680 0.000000 0.000000 0.000000 0.000000 1.000000
0.999639 -0.015829 0.021722 -0.000000 0.015531 0.999784 0.013817 0.863700 -0.021936 -0.013475 0.999669 0.000000 0.000000 0.000000 0.000000 1.000000
0.999472 -0.017975 0.027079 0.000000 0.017736 0.999802 0.009033 0.863700 -0.027236 -0.008548 0.999592 0.000000 0.000000 0.000000 0.000000 1.000000
0.999339 -0.021268 0.029481 0.000000 0.020982 0.999730 0.009984 0.863700 -0.029686 -0.009359 0.999515 0.000000 0.000000 0.000000 0.000000 1.000000
0.999292 -0.022502 0.030141 -0.000000 0.022266 0.999719 0.008130 0.863700 -0.030315 -0.007453 0.999513 0.000000 0.000000 0.000000 0.000000 1.000000
0.999295 -0.018934 0.032427 0.000000 0.018886 0.999820 0.001789 0.863700 -0.032455 -0.001175 0.999472 0.000000 0.000000 0.000000 0.000000 1.000000
0.999476 -0.016319 0.027972 0.000000 0.016344 0.999866 -0.000668 0.863700 -0.027957 0.001125 0.999608 0.000000 0.000000 0.000000 0.000000 1.000000
0.999726 -0.018675 0.014139 0.000000 0.018667 0.999826 0.000643 0.863700 -0.014149 -0.000379 0.999900 0.000000 0.000000 0.000000 0.000000 1.000000
0.999803 -0.019653 0.002772 0.000000 0.019645 0.999803 0.002672 0.863700 -0.002824 -0.002617 0.999993 -0.000000 0.000000 0.000000 0.000000 1.000000
0.999842 -0.017763 0.000925 0.000000 0.017760 0.999839 0.002444 0.863700 -0.000969 -0.002427 0.999997 0.000000 0.000000 0.000000 0.000000 1.000000
0.999849 -0.016750 0.004583 -0.000000 0.016736 0.999855 0.003136 0.863700 -0.004635 -0.003059 0.999985 0.000000 0.000000 0.000000 0.000000 1.000000
0.999899 -0.012452 0.006820 0.000000 0.012430 0.999918 0.003163 0.863700 -0.006859 -0.003078 0.999972 0.000000 0.000000 0.000000 0.000000 1.000000
0.999946 -0.006219 0.008288 -0.000000 0.006193 0.999976 0.003148 0.863700 -0.008307 -0.003097 0.999961 0.000000 0.000000 0.000000 0.000000 1.000000
0.999948 0.000901 0.010155 -0.000000 -0.000933 0.999995 0.003102 0.863700 -0.010152 -0.003111 0.999944 0.000000 0.000000 0.000000 0.000000 1.000000
0.999888 0.008596 0.012236 0.000000 -0.008634 0.999958 0.003013 0.863700 -0.012210 -0.003118 0.999921 0.000000 0.000000 0.000000 0.000000 1.000000
0.999764 0.016348 0.014340 0.000000 -0.016391 0.999862 0.002882 0.863700 -0.014291 -0.003116 0.999893 -0.000000 0.000000 0.000000 0.000000 1.000000
0.999575 0.024070 0.016430 0.000000 -0.024118 0.999705 0.002710 0.863700 -0.016360 -0.003105 0.999861 0.000000 0.000000 0.000000 0.000000 1.000000</float_array><technique_common><accessor source="#mixamorig_Spine2-Matrix-animation-output-transform-array" count="40" stride="16"><param type="float4x4"/></accessor></technique_common></source><source id="mixamorig_Spine2-Interpolations"><Name_array id="mixamorig_Spine2-Interpolations-array" count="40">
 LINEAR LINEAR LINEAR LINEAR LINEAR LINEAR LINEAR LINEAR LINEAR LINEAR LINEAR
LINEAR LINEAR LINEAR LINEAR LINEAR LINEAR LINEAR LINEAR LINEAR LINEAR LINEAR LINEAR
LINEAR LINEAR LINEAR LINEAR LINEAR LINEAR LINEAR LINEAR LINEAR LINEAR LINEAR LINEAR
LINEAR LINEAR LINEAR LINEAR LINEAR</Name_array><technique_common><accessor source="#mixamorig_Spine2-Interpolations-array" count="40"><param type="name"/></accessor></technique_common></source><sampler id="mixamorig_Spine2-Matrix-animation-transform"><input semantic="INPUT" source="#mixamorig_Spine2-Matrix-animation-input"/><input semantic="OUTPUT" source="#mixamorig_Spine2-Matrix-animation-output-transform"/><input semantic="INTERPOLATION" source="#mixamorig_Spine2-Interpolations"/></sampler><channel source="#mixamorig_Spine2-Matrix-animation-transform" target="mixamorig_Spine2/matrix"/></animation></animation>
    <animation id="mixamorig_Neck-anim" name="mixamorig_Neck"><animation><source id="mixamorig_Neck-Matrix-animation-input"><float_array id="mixamorig_Neck-Matrix-animation-input-array" count="40">

0.000000 0.033333 0.066667 0.100000 0.133333 0.166667 0.200000 0.233333 0.266667 0.300000 0.333333 0.366667 0.400000 0.433333 0.466667 0.500000
0.533333 0.566667 0.600000 0.633333 0.666667 0.700000 0.733333 0.766667 0.800000 0.833333 0.866667 0.900000 0.933333 0.966667 1.000000 1.033333
1.066667 1.100000 1.133333 1.166667 1.200000 1.233333 1.266667 1.300000</float_array><technique_common><accessor source="#mixamorig_Neck-Matrix-animation-input-array" count="40"><param name="TIME" type="float"/></accessor></technique_common></source><source id="mixamorig_Neck-Matrix-animation-output-transform"><float_array id="mixamorig_Neck-Matrix-animation-output-transform-array" count="640">

0.999574 -0.013516 0.025873 0.000000 0.010651 0.994111 0.107843 0.971700 -0.027178 -0.107522 0.993831 0.000000 0.000000 0.000000 0.000000 1.000000
0.995972 -0.028034 0.085174 0.000000 0.009855 0.978338 0.206779 0.971700 -0.089126 -0.205106 0.974673 0.000000 0.000000 0.000000 0.000000 1.000000
0.991126 -0.029288 0.129658 0.000000 -0.008200 0.960095 0.279555 0.971700 -0.132672 -0.278137 0.951335 0.000000 0.000000 0.000000 0.000000 1.000000
0.988964 -0.041753 0.142153 -0.000000 -0.005366 0.948744 0.315999 0.971700 -0.148061 -0.313275 0.938050 0.000000 0.000000 0.000000 0.000000 1.000000
0.986503 -0.013780 0.163165 0.000000 -0.033276 0.958791 0.282158 0.971700 -0.160329 -0.283779 0.945391 0.000000 0.000000 0.000000 0.000000 1.000000
0.976269 0.013990 0.216108 0.000000 -0.058566 0.977782 0.201277 0.971700 -0.208491 -0.209158 0.955398 0.000000 0.000000 0.000000 0.000000 1.000000
0.970145 0.019977 0.241700 0.000000 -0.046876 0.993254 0.106059 0.971700 -0.237951 -0.114223 0.964537 -0.000000 0.000000 0.000000 0.000000 1.000000
0.979809 0.033352 0.197134 0.000000 -0.048064 0.996366 0.070322 0.971700 -0.194072 -0.078377 0.977851 -0.000000 0.000000 0.000000 0.000000 1.000000
0.992627 0.041276 0.113967 -0.000000 -0.051771 0.994530 0.090718 0.971700 -0.109599 -0.095950 0.989334 0.000000 0.000000 0.000000 0.000000 1.000000
0.997583 0.062862 0.029605 0.000000 -0.065756 0.991772 0.109839 0.971700 -0.022457 -0.111520 0.993508 0.000000 0.000000 0.000000 0.000000 1.000000
0.997395 0.061557 -0.037601 -0.000000 -0.057103 0.992311 0.109814 0.971700 0.044072 -0.107381 0.993241 0.000000 0.000000 0.000000 0.000000 1.000000
0.995249 -0.003759 -0.097292 -0.000000 0.016322 0.991554 0.128664 0.971700 0.095987 -0.129641 0.986904 0.000000 0.000000 0.000000 0.000000 1.000000
0.986172 -0.000533 -0.165722 -0.000000 0.030643 0.983337 0.179192 0.971700 0.162865 -0.181792 0.969756 0.000000 0.000000 0.000000 0.000000 1.000000
0.962974 0.146143 -0.226545 0.000000 -0.085395 0.962403 0.257853 0.971700 0.255711 -0.228960 0.939249 -0.000000 0.000000 0.000000 0.000000 1.000000
0.949977 0.158282 -0.269239 0.000000 -0.060617 0.939115 0.338214 0.971700 0.306380 -0.304976 0.901732 -0.000000 0.000000 0.000000 0.000000 1.000000
0.963394 0.042958 -0.264626 0.000000 0.059515 0.928179 0.367345 0.971700 0.261401 -0.369647 0.891645 -0.000000 0.000000 0.000000 0.000000 1.000000
0.978126 -0.037434 -0.204616 0.000000 0.115514 0.915807 0.384649 0.971700 0.172990 -0.399871 0.900099 -0.000000 0.000000 0.000000 0.000000 1.000000
0.984534 0.010397 -0.174887 0.000000 0.062673 0.911277 0.406996 0.971700 0.163602 -0.411662 0.896532 0.000000 0.000000 0.000000 0.000000 1.000000
0.979770 0.086216 -0.180603 0.000000 -0.012215 0.926524 0.376037 0.971700 0.199753 -0.366224 0.908834 -0.000000 0.000000 0.000000 0.000000 1.000000
0.972189 0.142239 -0.186057 -0.000000 -0.074411 0.940875 0.330480 0.971700 0.222063 -0.307444 0.925292 -0.000000 0.000000 0.000000 0.000000 1.000000
0.979502 0.115498 -0.165032 0.000000 -0.050569 0.934046 0.353555 0.971700 0.194982 -0.337962 0.920741 0.000000 0.000000 0.000000 0.000000 1.000000
0.988894 0.062146 -0.135008 0.000000 -0.010968 0.936421 0.350707 0.971700 0.148219 -0.345331 0.926703 0.000000 0.000000 0.000000 0.000000 1.000000
0.994677 0.031443 -0.098123 -0.000000 0.003290 0.942124 0.335247 0.971700 0.102985 -0.333786 0.937006 0.000000 0.000000 0.000000 0.000000 1.000000
0.998549 0.002278 -0.053807 0.000000 0.016535 0.937880 0.346567 0.971700 0.051254 -0.346953 0.936481 -0.000000 0.000000 0.000000 0.000000 1.000000
0.999570 -0.026488 -0.012596 -0.000000 0.029258 0.930545 0.365006 0.971700 0.002053 -0.365217 0.930920 0.000000 0.000000 0.000000 0.000000 1.000000
0.997960 -0.056351 0.030006 -0.000000 0.041374 0.928802 0.368260 0.971700 -0.048621 -0.366267 0.929239 -0.000000 0.000000 0.000000 0.000000 1.000000
0.992798 -0.091560 0.077257 -0.000000 0.058134 0.932070 0.357584 0.971700 -0.104750 -0.350518 0.930680 0.000000 0.000000 0.000000 0.000000 1.000000
0.985384 -0.120547 0.120359 -0.000000 0.071535 0.934066 0.349861 0.971700 -0.154598 -0.336138 0.929038 0.000000 0.000000 0.000000 0.000000 1.000000
0.981614 -0.111922 0.154620 0.000000 0.054867 0.941312 0.333049 0.971700 -0.182821 -0.318442 0.930146 0.000000 0.000000 0.000000 0.000000 1.000000
0.979859 -0.082219 0.181981 -0.000000 0.023789 0.952878 0.302420 0.971700 -0.198270 -0.292000 0.935641 0.000000 0.000000 0.000000 0.000000 1.000000
0.977755 -0.060580 0.200812 -0.000000 0.002823 0.961098 0.276194 0.971700 -0.209732 -0.269483 0.939889 0.000000 0.000000 0.000000 0.000000 1.000000
0.976160 -0.034746 0.214253 0.000000 -0.021455 0.966823 0.254543 0.971700 -0.215990 -0.253071 0.943029 0.000000 0.000000 0.000000 0.000000 1.000000
0.974486 0.011453 0.224157 -0.000000 -0.064971 0.970334 0.232874 0.971700 -0.214840 -0.241496 0.946321 0.000000 0.000000 0.000000 0.000000 1.000000
0.972418 0.062149 0.224812 0.000000 -0.113440 0.968189 0.223028 0.971700 -0.203800 -0.242379 0.948535 0.000000 0.000000 0.000000 0.000000 1.000000
0.975571 0.079423 0.204826 0.000000 -0.127862 0.963449 0.235411 0.971700 -0.178642 -0.255849 0.950067 -0.000000 0.000000 0.000000 0.000000 1.000000
0.980723 0.080563 0.178021 0.000000 -0.124501 0.959811 0.251519 0.971700 -0.150604 -0.268834 0.951339 0.000000 0.000000 0.000000 0.000000 1.000000
0.986920 0.060530 0.149417 -0.000000 -0.097583 0.962055 0.254811 0.971700 -0.128323 -0.266058 0.955377 0.000000 0.000000 0.000000 0.000000 1.000000
0.989798 0.030465 0.139186 -0.000000 -0.065255 0.965326 0.252761 0.971700 -0.126659 -0.259265 0.957465 0.000000 0.000000 0.000000 0.000000 1.000000
0.988218 0.002335 0.153034 0.000000 -0.041431 0.966633 0.252791 0.971700 -0.147337 -0.256153 0.955341 0.000000 0.000000 0.000000 0.000000 1.000000
0.985070 -0.027001 0.170026 -0.000000 -0.017204 0.967242 0.253274 0.971700 -0.171295 -0.252418 0.952336 0.000000 0.000000 0.000000 0.000000 1.000000</float_array><technique_common><accessor source="#mixamorig_Neck-Matrix-animation-output-transform-array" count="40" stride="16"><param type="float4x4"/></accessor></technique_common></source><source id="mixamorig_Neck-Interpolations"><Name_array id="mixamorig_Neck-Interpolations-array" count="40">
 LINEAR LINEAR LINEAR LINEAR LINEAR LINEAR LINEAR LINEAR LINEAR LINEAR LINEAR
LINEAR LINEAR LINEAR LINEAR LINEAR LINEAR LINEAR LINEAR LINEAR LINEAR LINEAR LINEAR
LINEAR LINEAR LINEAR LINEAR LINEAR LINEAR LINEAR LINEAR LINEAR LINEAR LINEAR LINEAR
