<?xml version="1.0" encoding="utf-8"?>
<COLLADA xmlns="http://www.collada.org/2005/11/COLLADASchema" version="1.4.1">
  <asset><contributor><authoring_tool>FBX COLLADA exporter</authoring_tool></contributor><created>2020-03-23T23:44:17Z</created><modified>2020-03-23T23:44:17Z</modified><unit meter="0.010000" name="centimeter"></unit><up_axis>Y_UP</up_axis></asset>
  <library_animations>
    <animation id="mixamorig_Hips-anim" name="mixamorig_Hips"><animation><source id="mixamorig_Hips-Matrix-animation-input"><float_array id="mixamorig_Hips-Matrix-animation-input-array" count="57">

0.000000 0.033333 0.066667 0.100000 0.133333 0.166667 0.200000 0.233333 0.266667 0.300000 0.333333 0.366667 0.400000 0.433333 0.466667 0.500000
0.533333 0.566667 0.600000 0.633333 0.666667 0.700000 0.733333 0.766667 0.800000 0.833333 0.866667 0.900000 0.933333 0.966667 1.000000 1.033333
1.066667 1.100000 1.133333 1.166667 1.200000 1.233333 1.266667 1.300000 1.333333 1.366667 1.400000 1.433333 1.466667 1.500000 1.533333 1.566667
1.600000 1.633333 1.666667 1.700000 1.733333 1.766667 1.800000 1.833333 1.866667</float_array><technique_common><accessor source="#mixamorig_Hips-Matrix-animation-input-array" count="57"><param name="TIME" type="float"/></accessor></technique_common></source><source id="mixamorig_Hips-Matrix-animation-output-transform"><float_array id="mixamorig_Hips-Matrix-animation-output-transform-array" count="912">

-0.925220 0.070891 0.372750 0.000000 0.154696 0.967512 0.199974 4.092922 -0.346464 0.242683 -0.906128 0.000000 0.000000 0.000000 0.000000 1.000000
-0.947650 0.067492 0.312094 0.000000 0.130056 0.974243 0.184219 4.072244 -0.291622 0.215165 -0.932019 0.000000 0.000000 0.000000 0.000000 1.000000
-0.971953 0.078731 0.221606 0.000000 0.116118 0.980085 0.161089 4.113658 -0.204510 0.182303 -0.961739 0.000000 0.000000 0.000000 0.000000 1.000000
-0.989487 0.115386 0.087190 0.000000 0.126051 0.983628 0.128790 4.203532 -0.070902 0.138427 -0.987831 0.000000 0.000000 0.000000 0.000000 1.000000
-0.984993 0.157215 -0.071220 0.000000 0.149889 0.983772 0.098623 4.234886 0.085570 0.086467 -0.992573 0.000000 0.000000 0.000000 0.000000 1.000000
-0.955448 0.192588 -0.223671 0.000000 0.178304 0.980503 0.082588 4.194962 0.235216 0.039028 -0.971159 0.000000 0.000000 0.000000 0.000000 1.000000
-0.918513 0.191659 -0.345833 0.000000 0.175853 0.981413 0.076839 4.082052 0.354132 0.009762 -0.935145 0.000000 0.000000 0.000000 0.000000 1.000000
-0.888204 0.159743 -0.430786 0.000000 0.145032 0.987154 0.067023 3.942357 0.435959 -0.002948 -0.899962 0.000000 0.000000 0.000000 0.000000 1.000000
-0.866417 0.108757 -0.487333 0.000000 0.097884 0.994049 0.047815 3.859251 0.489632 -0.006274 -0.871906 0.000000 0.000000 0.000000 0.000000 1.000000
-0.842296 0.061112 -0.535539 0.000000 0.056996 0.998080 0.024251 3.857415 0.535993 -0.010097 -0.844162 0.000000 0.000000 0.000000 0.000000 1.000000
-0.800247 0.023172 -0.599222 0.000000 0.029174 0.999574 -0.000307 3.898145 0.598960 -0.017727 -0.800583 0.000000 0.000000 0.000000 0.000000 1.000000
-0.725473 -0.000045 -0.688251 0.000000 0.024340 0.999373 -0.025722 3.960091 0.687821 -0.035413 -0.725016 0.000000 0.000000 0.000000 0.000000 1.000000
-0.608572 -0.014140 -0.793373 0.000000 0.039474 0.998064 -0.048067 4.027480 0.792516 -0.060570 -0.606836 0.000000 0.000000 0.000000 0.000000 1.000000
-0.445046 -0.028012 -0.895069 0.000000 0.055367 0.996738 -0.058723 4.108215 0.893794 -0.075692 -0.442043 0.000000 0.000000 0.000000 0.000000 1.000000
-0.241171 -0.038489 -0.969720 0.000000 0.052225 0.997251 -0.052571 4.165097 0.969077 -0.063322 -0.238498 0.000000 0.000000 0.000000 0.000000 1.000000
-0.020643 -0.034064 -0.999206 0.000000 0.031838 0.998890 -0.034711 4.178615 0.999280 -0.032529 -0.019536 0.000000 0.000000 0.000000 0.000000 1.000000
0.187343 -0.013618 -0.982201 0.000000 0.001469 0.999907 -0.013584 4.181198 0.982294 0.001102 0.187345 0.000000 0.000000 0.000000 0.000000 1.000000
0.368981 0.018322 -0.929257 0.000000 -0.022595 0.999687 0.010739 4.197662 0.929162 0.017034 0.369280 0.000000 0.000000 0.000000 0.000000 1.000000
0.532266 0.058542 -0.844551 0.000000 -0.040105 0.998230 0.043919 4.237811 0.845627 0.010494 0.533672 0.000000 0.000000 0.000000 0.000000 1.000000
0.694262 0.097530 -0.713084 0.000000 -0.051357 0.994964 0.086082 4.317878 0.717887 -0.023141 0.695774 0.000000 0.000000 0.000000 0.000000 1.000000
0.852536 0.126346 -0.507168 0.000000 -0.071406 0.989400 0.126448 4.399730 0.517768 -0.071586 0.852521 0.000000 0.000000 0.000000 0.000000 1.000000
0.969310 0.133762 -0.206266 0.000000 -0.104569 0.983669 0.146497 4.464964 0.222493 -0.120432 0.967467 0.000000 0.000000 0.000000 0.000000 1.000000
0.978241 0.120854 0.168638 0.000000 -0.143921 0.980744 0.132014 4.497922 -0.149436 -0.153412 0.976797 0.000000 0.000000 0.000000 0.000000 1.000000
0.836994 0.098355 0.538300 0.000000 -0.172083 0.981117 0.088306 4.498736 -0.519450 -0.166544 0.838114 0.000000 0.000000 0.000000 0.000000 1.000000
0.581898 0.070472 0.810203 0.000000 -0.173642 0.984032 0.039120 4.474837 -0.794508 -0.163449 0.584843 0.000000 0.000000 0.000000 0.000000 1.000000
0.302695 0.040118 0.952243 0.000000 -0.146821 0.989151 0.004998 4.432089 -0.941711 -0.141322 0.305301 0.000000 0.000000 0.000000 0.000000 1.000000
0.059224 0.018033 0.998082 0.000000 -0.097879 0.995124 -0.012172 4.386551 -0.993435 -0.096970 0.060700 0.000000 0.000000 0.000000 0.000000 1.000000
-0.154150 0.016217 0.987914 0.000000 -0.036341 0.999096 -0.022071 4.333464 -0.987379 -0.039304 -0.153421 0.000000 0.000000 0.000000 0.000000 1.000000
-0.370199 0.040749 0.928058 0.000000 0.034785 0.998945 -0.029986 4.248660 -0.928301 0.021181 -0.371226 0.000000 0.000000 0.000000 0.000000 1.000000
-0.589687 0.088366 0.802783 0.000000 0.101998 0.994186 -0.034511 4.110656 -0.801166 0.061531 -0.595271 0.000000 0.000000 0.000000 0.000000 1.000000
-0.769072 0.141395 0.623326 0.000000 0.149169 0.988000 -0.040070 3.956301 -0.621512 0.062164 -0.780934 0.000000 0.000000 0.000000 0.000000 1.000000
-0.874727 0.182567 0.448913 0.000000 0.176939 0.982691 -0.054873 3.825575 -0.451161 0.031432 -0.891889 0.000000 0.000000 0.000000 0.000000 1.000000
-0.921579 0.199877 0.332780 0.000000 0.186230 0.979808 -0.072767 3.745870 -0.340605 -0.005087 -0.940192 0.000000 0.000000 0.000000 0.000000 1.000000
-0.944744 0.182981 0.271985 0.000000 0.170756 0.982952 -0.068168 3.722445 -0.279822 -0.017958 -0.959884 0.000000 0.000000 0.000000 0.000000 1.000000
-0.966831 0.135579 0.216461 0.000000 0.134930 0.990694 -0.017845 3.750087 -0.216866 0.011954 -0.976128 0.000000 0.000000 0.000000 0.000000 1.000000
-0.990027 0.080804 0.115399 0.000000 0.089780 0.993147 0.074823 3.808612 -0.108562 0.084437 -0.990497 0.000000 0.000000 0.000000 0.000000 1.000000
-0.998067 0.043183 -0.044702 0.000000 0.034413 0.982858 0.181125 3.866843 0.051757 0.179237 -0.982444 0.000000 0.000000 0.000000 0.000000 1.000000
-0.972220 0.035621 -0.231343 0.000000 -0.028821 0.962615 0.269337 3.897946 0.232289 0.268523 -0.934847 0.000000 0.000000 0.000000 0.000000 1.000000
-0.917369 0.056911 -0.393950 0.000000 -0.081408 0.941979 0.325651 3.901950 0.389625 0.330813 -0.859509 0.000000 0.000000 0.000000 0.000000 1.000000
-0.860407 0.091581 -0.501311 0.000000 -0.108707 0.928095 0.356122 3.886122 0.497878 0.360906 -0.788584 0.000000 0.000000 0.000000 0.000000 1.000000
-0.823546 0.123224 -0.553704 0.000000 -0.112612 0.921176 0.372496 3.860497 0.555959 0.369121 -0.744755 0.000000 0.000000 0.000000 0.000000 1.000000
-0.810283 0.144848 -0.567856 0.000000 -0.104085 0.917998 0.382682 3.833190 0.576722 0.369186 -0.728762 0.000000 0.000000 0.000000 0.000000 1.000000
-0.813068 0.159387 -0.559925 0.000000 -0.088831 0.916563 0.389898 3.806298 0.575352 0.366752 -0.731070 0.000000 0.000000 0.000000 0.000000 1.000000
-0.824626 0.172277 -0.538806 0.000000 -0.065249 0.917171 0.393115 3.777349 0.561902 0.359330 -0.745083 0.000000 0.000000 0.000000 0.000000 1.000000
-0.841130 0.185390 -0.508065 0.000000 -0.032144 0.920616 0.389144 3.749194 0.539876 0.343652 -0.768399 0.000000 0.000000 0.000000 0.000000 1.000000
-0.860695 0.194776 -0.470390 0.000000 0.003935 0.926443 0.376415 3.723981 0.509106 0.322128 -0.798151 0.000000 0.000000 0.000000 0.000000 1.000000
-0.881902 0.195792 -0.428852 0.000000 0.033662 0.933510 0.356969 3.704506 0.470229 0.300376 -0.829856 0.000000 0.000000 0.000000 0.000000 1.000000
-0.903989 0.186897 -0.384543 0.000000 0.052270 0.940962 0.334453 3.693925 0.424348 0.282242 -0.860388 0.000000 0.000000 0.000000 0.000000 1.000000
-0.926685 0.170740 -0.334817 0.000000 0.062493 0.948452 0.310699 3.700310 0.370606 0.266996 -0.889587 0.000000 0.000000 0.000000 0.000000 1.000000
-0.949951 0.149515 -0.274295 0.000000 0.068253 0.956151 0.284811 3.723701 0.304851 0.251835 -0.918501 0.000000 0.000000 0.000000 0.000000 1.000000
-0.971966 0.124901 -0.199206 0.000000 0.071648 0.964280 0.255011 3.763418 0.223942 0.233589 -0.946196 0.000000 0.000000 0.000000 0.000000 1.000000
-0.988933 0.098833 -0.110654 0.000000 0.072465 0.972569 0.221038 3.817995 0.129464 0.210573 -0.968968 0.000000 0.000000 0.000000 0.000000 1.000000
-0.997131 0.074093 -0.015497 0.000000 0.069948 0.980150 0.185508 3.885105 0.028934 0.183892 -0.982520 0.000000 0.000000 0.000000 0.000000 1.000000
-0.995674 0.053448 0.075998 0.000000 0.064594 0.986157 0.152713 3.960810 -0.066784 0.156961 -0.985344 0.000000 0.000000 0.000000 0.000000 1.000000
-0.987258 0.035102 0.155207 0.000000 0.054938 0.990581 0.125421 4.034785 -0.149343 0.132350 -0.979888 0.000000 0.000000 0.000000 0.000000 1.000000
-0.975380 0.017320 0.219852 0.000000 0.040921 0.993813 0.103252 4.103531 -0.216704 0.109707 -0.970054 0.000000 0.000000 0.000000 0.000000 1.000000
-0.962531 0.000814 0.271169 0.000000 0.024713 0.996097 0.084730 4.173481 -0.270041 0.088257 -0.958795 0.000000 0.000000 0.000000 0.000000 1.000000</float_array><technique_common><accessor source="#mixamorig_Hips-Matrix-animation-output-transform-array" count="57" stride="16"><param type="float4x4"/></accessor></technique_common></source><source id="mixamorig_Hips-Interpolations"><Name_array id="mixamorig_Hips-Interpolations-array" count="57">
 LINEAR LINEAR LINEAR LINEAR LINEAR LINEAR LINEAR LINEAR LINEAR LINEAR LINEAR
LINEAR LINEAR LINEAR LINEAR LINEAR LINEAR LINEAR LINEAR LINEAR LINEAR LINEAR LINEAR
LINEAR LINEAR LINEAR LINEAR LINEAR LINEAR LINEAR LINEAR LINEAR LINEAR LINEAR LINEAR
LINEAR LINEAR LINEAR LINEAR LINEAR LINEAR LINEAR LINEAR LINEAR LINEAR LINEAR LINEAR
LINEAR LINEAR LINEAR LINEAR LINEAR LINEAR LINEAR LINEAR LINEAR LINEAR</Name_array><technique_common><accessor source="#mixamorig_Hips-Interpolations-array" count="57"><param type="name"/></accessor></technique_common></source><sampler id="mixamorig_Hips-Matrix-animation-transform"><input semantic="INPUT" source="#mixamorig_Hips-Matrix-animation-input"/><input semantic="OUTPUT" source="#mixamorig_Hips-Matrix-animation-output-transform"/><input semantic="INTERPOLATION" source="#mixamorig_Hips-Interpolations"/></sampler><channel source="#mixamorig_Hips-Matrix-animation-transform" target="mixamorig_Hips/matrix"/></animation></animation>
    <animation id="mixamorig_Spine-anim" name="mixamorig_Spine"><animation><source id="mixamorig_Spine-Matrix-animation-input"><float_array id="mixamorig_Spine-Matrix-animation-input-array" count="57">

0.000000 0.033333 0.066667 0.100000 0.133333 0.166667 0.200000 0.233333 0.266667 0.300000 0.333333 0.366667 0.400000 0.433333 0.466667 0.500000
0.533333 0.566667 0.600000 0.633333 0.666667 0.700000 0.733333 0.766667 0.800000 0.833333 0.866667 0.900000 0.933333 0.966667 1.000000 1.033333
1.066667 1.100000 1.133333 1.166667 1.200000 1.233333 1.266667 1.300000 1.333333 1.366667 1.400000 1.433333 1.466667 1.500000 1.533333 1.566667
1.600000 1.633333 1.666667 1.700000 1.733333 1.766667 1.800000 1.833333 1.866667</float_array><technique_common><accessor source="#mixamorig_Spine-Matrix-animation-input-array" count="57"><param name="TIME" type="float"/></accessor></technique_common></source><source id="mixamorig_Spine-Matrix-animation-output-transform"><float_array id="mixamorig_Spine-Matrix-animation-output-transform-array" count="912">

0.986127 0.156563 0.055148 -0.000000 -0.165992 0.929896 0.328238 0.620300 0.000108 -0.332838 0.942984 0.186600 0.000000 0.000000 0.000000 1.000000
0.991940 0.113933 0.055445 0.000000 -0.124838 0.953667 0.273740 0.620300 -0.021688 -0.278455 0.960204 0.186600 0.000000 0.000000 0.000000 1.000000
0.995501 0.080778 0.049522 0.000000 -0.089567 0.972768 0.213775 0.620300 -0.030905 -0.217249 0.975627 0.186600 0.000000 0.000000 0.000000 1.000000
0.997231 0.067649 0.030886 0.000000 -0.071420 0.986961 0.144247 0.620300 -0.020725 -0.146053 0.989060 0.186600 0.000000 0.000000 0.000000 1.000000
0.998298 0.058309 0.001377 -0.000000 -0.058263 0.995850 0.069908 0.620300 0.002705 -0.069869 0.997552 0.186600 0.000000 0.000000 0.000000 1.000000
0.998419 0.048156 -0.029002 -0.000000 -0.048272 0.998829 -0.003324 0.620300 0.028808 0.004718 0.999574 0.186600 0.000000 0.000000 0.000000 1.000000
0.998682 0.016410 -0.048633 0.000000 -0.019524 0.997741 -0.064272 0.620300 0.047468 0.065137 0.996747 0.186600 0.000000 0.000000 0.000000 1.000000
0.998540 -0.022473 -0.049117 0.000000 0.017376 0.994649 -0.101843 0.620300 0.051143 0.100841 0.993587 0.186600 0.000000 0.000000 0.000000 1.000000
0.997918 -0.056010 -0.031976 0.000000 0.052021 0.992084 -0.114293 0.620300 0.038124 0.112392 0.992932 0.186600 0.000000 0.000000 0.000000 1.000000
0.997440 -0.070944 -0.009017 -0.000000 0.069505 0.991351 -0.111318 0.620300 0.016836 0.110406 0.993744 0.186600 0.000000 0.000000 0.000000 1.000000
0.997151 -0.075193 0.005953 -0.000000 0.075402 0.991601 -0.105080 0.620300 0.001998 0.105230 0.994446 0.186600 0.000000 0.000000 0.000000 1.000000
0.997316 -0.072941 0.006397 -0.000000 0.073210 0.991833 -0.104444 0.620300 0.001273 0.104632 0.994510 0.186600 0.000000 0.000000 0.000000 1.000000
0.997158 -0.075290 -0.002542 -0.000000 0.074514 0.990715 -0.113720 0.620300 0.011080 0.113207 0.993510 0.186600 0.000000 0.000000 0.000000 1.000000
0.995044 -0.098574 -0.013077 -0.000000 0.095994 0.986551 -0.132295 0.620300 0.025942 0.130384 0.991124 0.186600 0.000000 0.000000 0.000000 1.000000
0.989139 -0.145827 -0.018384 0.000000 0.141328 0.977980 -0.153564 0.620300 0.040373 0.149298 0.987968 0.186600 0.000000 0.000000 0.000000 1.000000
0.981409 -0.191384 -0.014444 -0.000000 0.186347 0.968185 -0.167009 0.620300 0.045947 0.161213 0.985850 0.186600 0.000000 0.000000 0.000000 1.000000
0.977155 -0.212528 0.000642 -0.000000 0.209601 0.963185 -0.168351 0.620300 0.035161 0.164640 0.985727 0.186600 0.000000 0.000000 0.000000 1.000000
0.980684 -0.194049 0.024562 -0.000000 0.195409 0.966475 -0.166558 0.620300 0.008582 0.168140 0.985726 0.186600 0.000000 0.000000 0.000000 1.000000
0.987728 -0.147212 0.052174 0.000000 0.154204 0.972208 -0.176158 0.620300 -0.024791 0.182042 0.982978 0.186600 0.000000 0.000000 0.000000 1.000000
0.993757 -0.085482 0.071690 -0.000000 0.098491 0.974039 -0.203832 0.620300 -0.052405 0.209620 0.976377 0.186600 0.000000 0.000000 0.000000 1.000000
0.996522 -0.031335 0.077210 0.000000 0.049305 0.968717 -0.243219 0.620300 -0.067173 0.246180 0.966894 0.186600 0.000000 0.000000 0.000000 1.000000
0.997808 0.004971 0.065982 0.000000 0.013873 0.959296 -0.282062 0.620300 -0.064698 0.282359 0.957125 0.186600 0.000000 0.000000 0.000000 1.000000
0.999035 0.017220 0.040408 0.000000 -0.003867 0.950858 -0.309604 0.620300 -0.043754 0.309149 0.950007 0.186600 0.000000 0.000000 0.000000 1.000000
0.999958 0.005442 0.007335 0.000000 -0.002794 0.946864 -0.321622 0.620300 -0.008695 0.321588 0.946840 0.186600 0.000000 0.000000 0.000000 1.000000
0.999554 -0.018753 -0.023242 0.000000 0.010309 0.947084 -0.320820 0.620300 0.028029 0.320437 0.946855 0.186600 0.000000 0.000000 0.000000 1.000000
0.998495 -0.037641 -0.039876 0.000000 0.023287 0.949434 -0.313103 0.620300 0.049645 0.311703 0.948882 0.186600 0.000000 0.000000 0.000000 1.000000
0.998624 -0.037864 -0.036272 -0.000000 0.025075 0.952390 -0.303849 0.620300 0.046050 0.302521 0.952030 0.186600 0.000000 0.000000 0.000000 1.000000
0.999659 -0.018905 -0.018022 0.000000 0.012715 0.954953 -0.296485 0.620300 0.022815 0.296155 0.954867 0.186600 0.000000 0.000000 0.000000 1.000000
0.999838 0.017863 -0.002046 0.000000 -0.017682 0.956301 -0.291850 0.620300 -0.003257 0.291839 0.956462 0.186600 0.000000 0.000000 0.000000 1.000000
0.998192 0.059991 0.003751 0.000000 -0.056418 0.956602 -0.285884 0.620300 -0.020739 0.285155 0.958257 0.186600 0.000000 0.000000 0.000000 1.000000
0.995402 0.095364 0.009005 0.000000 -0.089502 0.959455 -0.267273 0.620300 -0.034128 0.265238 0.963579 0.186600 0.000000 0.000000 0.000000 1.000000
0.991462 0.127178 0.028788 0.000000 -0.117461 0.966941 -0.226335 0.620300 -0.056621 0.221021 0.973624 0.186600 0.000000 0.000000 0.000000 1.000000
0.985681 0.152728 0.071464 -0.000000 -0.139182 0.976168 -0.166506 0.620300 -0.095191 0.154176 0.983447 0.186600 0.000000 0.000000 0.000000 1.000000
0.978939 0.155115 0.132729 0.000000 -0.141996 0.984470 -0.103223 0.620300 -0.146679 0.082202 0.985763 0.186600 0.000000 0.000000 0.000000 1.000000
0.972709 0.128431 0.193242 0.000000 -0.120739 0.991367 -0.051118 0.620300 -0.198138 0.026392 0.979819 0.186600 0.000000 0.000000 0.000000 1.000000
0.967466 0.089661 0.236581 -0.000000 -0.088703 0.995949 -0.014713 0.620300 -0.236942 -0.006751 0.971500 0.186600 0.000000 0.000000 0.000000 1.000000
0.963372 0.057788 0.261868 -0.000000 -0.062709 0.997977 0.010468 0.620300 -0.260733 -0.026506 0.965047 0.186600 0.000000 0.000000 0.000000 1.000000
0.959446 0.044492 0.278360 0.000000 -0.055114 0.998016 0.030447 0.620300 -0.276453 -0.044554 0.959994 0.186600 0.000000 0.000000 0.000000 1.000000
0.954614 0.053717 0.292961 0.000000 -0.070610 0.996378 0.047388 0.620300 -0.289354 -0.065923 0.954950 0.186600 0.000000 0.000000 0.000000 1.000000
0.949556 0.074897 0.304522 0.000000 -0.098460 0.993161 0.062748 0.620300 -0.297739 -0.089566 0.950437 0.186600 0.000000 0.000000 0.000000 1.000000
0.947339 0.090686 0.307125 0.000000 -0.120277 0.989609 0.078792 0.620300 -0.296788 -0.111583 0.948402 0.186600 0.000000 0.000000 0.000000 1.000000
0.950601 0.090662 0.296880 0.000000 -0.123745 0.987797 0.094572 0.620300 -0.284683 -0.126638 0.950220 0.186600 0.000000 0.000000 0.000000 1.000000
0.958191 0.077467 0.275443 0.000000 -0.110138 0.988336 0.105175 0.620300 -0.264083 -0.131115 0.955546 0.186600 0.000000 0.000000 0.000000 1.000000
0.966529 0.059822 0.249484 0.000000 -0.089134 0.990159 0.107890 0.620300 -0.240575 -0.126516 0.962350 0.186600 0.000000 0.000000 0.000000 1.000000
0.973218 0.043651 0.225704 -0.000000 -0.068816 0.992104 0.104855 0.620300 -0.219345 -0.117579 0.968537 0.186600 0.000000 0.000000 0.000000 1.000000
0.978207 0.027761 0.205768 -0.000000 -0.049251 0.993761 0.100063 0.620300 -0.201706 -0.108017 0.973472 0.186600 0.000000 0.000000 0.000000 1.000000
0.982285 0.009704 0.187141 0.000000 -0.028069 0.995011 0.095737 0.620300 -0.185278 -0.099294 0.977657 0.186600 0.000000 0.000000 0.000000 1.000000
0.985838 -0.009787 0.167418 -0.000000 -0.005831 0.995691 0.092546 0.620300 -0.167602 -0.092211 0.981533 0.186600 0.000000 0.000000 0.000000 1.000000
0.988806 -0.026253 0.146881 0.000000 0.012950 0.995784 0.090807 0.620300 -0.148646 -0.087888 0.984977 0.186600 0.000000 0.000000 0.000000 1.000000
0.991076 -0.037537 0.127902 0.000000 0.025937 0.995497 0.091180 0.620300 -0.130749 -0.087049 0.987587 0.186600 0.000000 0.000000 0.000000 1.000000
0.992681 -0.043733 0.112569 0.000000 0.033195 0.995034 0.093842 0.620300 -0.116114 -0.089418 0.989203 0.186600 0.000000 0.000000 0.000000 1.000000
0.993754 -0.045469 0.101913 0.000000 0.035441 0.994542 0.098139 0.620300 -0.105819 -0.093914 0.989941 0.186600 0.000000 0.000000 0.000000 1.000000
0.994518 -0.042158 0.095690 0.000000 0.032280 0.994206 0.102531 0.620300 -0.099458 -0.098880 0.990117 0.186600 0.000000 0.000000 0.000000 1.000000
0.995228 -0.032121 0.092136 0.000000 0.022339 0.994189 0.105304 0.620300 -0.094983 -0.102743 0.990163 0.186600 0.000000 0.000000 0.000000 1.000000
0.995937 -0.017357 0.088366 0.000000 0.007893 0.994298 0.106343 0.620300 -0.089708 -0.105213 0.990395 0.186600 0.000000 0.000000 0.000000 1.000000
0.996554 0.000062 0.082945 0.000000 -0.008976 0.994208 0.107102 0.620300 -0.082458 -0.107477 0.990782 0.186600 0.000000 0.000000 0.000000 1.000000
0.996864 0.020432 0.076445 0.000000 -0.028733 0.993614 0.109117 0.620300 -0.073727 -0.110971 0.991085 0.186600 0.000000 0.000000 0.000000 1.000000</float_array><technique_common><accessor source="#mixamorig_Spine-Matrix-animation-output-transform-array" count="57" stride="16"><param type="float4x4"/></accessor></technique_common></source><source id="mixamorig_Spine-Interpolations"><Name_array id="mixamorig_Spine-Interpolations-array" count="57">
 LINEAR LINEAR LINEAR LINEAR LINEAR LINEAR LINEAR LINEAR LINEAR LINEAR LINEAR
LINEAR LINEAR LINEAR LINEAR LINEAR LINEAR LINEAR LINEAR LINEAR LINEAR LINEAR LINEAR
LINEAR LINEAR LINEAR LINEAR LINEAR LINEAR LINEAR LINEAR LINEAR LINEAR LINEAR LINEAR
LINEAR LINEAR LINEAR LINEAR LINEAR LINEAR LINEAR LINEAR LINEAR LINEAR LINEAR LINEAR
LINEAR LINEAR LINEAR LINEAR LINEAR LINEAR LINEAR LINEAR LINEAR LINEAR</Name_array><technique_common><accessor source="#mixamorig_Spine-Interpolations-array" count="57"><param type="name"/></accessor></technique_common></source><sampler id="mixamorig_Spine-Matrix-animation-transform"><input semantic="INPUT" source="#mixamorig_Spine-Matrix-animation-input"/><input semantic="OUTPUT" source="#mixamorig_Spine-Matrix-animation-output-transform"/><input semantic="INTERPOLATION" source="#mixamorig_Spine-Interpolations"/></sampler><channel source="#mixamorig_Spine-Matrix-animation-transform" target="mixamorig_Spine/matrix"/></animation></animation>
    <animation id="mixamorig_Spine1-anim" name="mixamorig_Spine1"><animation><source id="mixamorig_Spine1-Matrix-animation-input"><float_array id="mixamorig_Spine1-Matrix-animation-input-array" count="57">

0.000000 0.033333 0.066667 0.100000 0.133333 0.166667 0.200000 0.233333 0.266667 0.300000 0.333333 0.366667 0.400000 0.433333 0.466667 0.500000
0.533333 0.566667 0.600000 0.633333 0.666667 0.700000 0.733333 0.766667 0.800000 0.833333 0.866667 0.900000 0.933333 0.966667 1.000000 1.033333
1.066667 1.100000 1.133333 1.166667 1.200000 1.233333 1.266667 1.300000 1.333333 1.366667 1.400000 1.433333 1.466667 1.500000 1.533333 1.566667
1.600000 1.633333 1.666667 1.700000 1.733333 1.766667 1.800000 1.833333 1.866667</float_array><technique_common><accessor source="#mixamorig_Spine1-Matrix-animation-input-array" count="57"><param name="TIME" type="float"/></accessor></technique_common></source><source id="mixamorig_Spine1-Matrix-animation-output-transform"><float_array id="mixamorig_Spine1-Matrix-animation-output-transform-array" count="912">

0.996527 -0.068712 0.047030 -0.000000 0.071028 0.996246 -0.049478 0.755700 -0.043454 0.052647 0.997667 0.000000 0.000000 0.000000 0.000000 1.000000
0.997106 -0.058040 0.049093 0.000000 0.060335 0.997089 -0.046622 0.755700 -0.046244 0.049449 0.997705 0.000000 0.000000 0.000000 0.000000 1.000000
0.998204 -0.042429 0.042288 -0.000000 0.044133 0.998216 -0.040212 0.755700 -0.040506 0.042006 0.998296 0.000000 0.000000 0.000000 0.000000 1.000000
0.999548 -0.020430 0.022066 0.000000 0.021100 0.999310 -0.030580 0.755700 -0.021426 0.031032 0.999289 0.000000 0.000000 0.000000 0.000000 1.000000
0.999978 0.001928 -0.006403 -0.000000 -0.002064 0.999769 -0.021402 0.755700 0.006360 0.021415 0.999750 0.000000 0.000000 0.000000 0.000000 1.000000
0.999245 0.017498 -0.034675 0.000000 -0.017985 0.999743 -0.013785 0.755700 0.034425 0.014398 0.999304 0.000000 0.000000 0.000000 0.000000 1.000000
0.998426 0.020616 -0.052161 0.000000 -0.020914 0.999768 -0.005180 0.755700 0.052042 0.006263 0.998625 0.000000 0.000000 0.000000 0.000000 1.000000
0.998603 0.011437 -0.051589 0.000000 -0.011089 0.999914 0.007037 0.755700 0.051665 -0.006455 0.998644 -0.000000 0.000000 0.000000 0.000000 1.000000
0.999421 -0.004425 -0.033731 0.000000 0.005149 0.999757 0.021412 0.755700 0.033628 -0.021573 0.999202 -0.000000 0.000000 0.000000 0.000000 1.000000
0.999760 -0.019642 -0.009693 -0.000000 0.019961 0.999224 0.033948 0.755700 0.009019 -0.034133 0.999377 0.000000 0.000000 0.000000 0.000000 1.000000
0.999462 -0.031396 0.009436 0.000000 0.030963 0.998595 0.043004 0.755700 -0.010773 -0.042689 0.999030 0.000000 0.000000 0.000000 0.000000 1.000000
0.999007 -0.041346 0.016603 0.000000 0.040496 0.997996 0.048632 0.755700 -0.018581 -0.047911 0.998679 -0.000000 0.000000 0.000000 0.000000 1.000000
0.998523 -0.053078 0.011633 0.000000 0.052416 0.997307 0.051302 0.755700 -0.014325 -0.050616 0.998615 0.000000 0.000000 0.000000 0.000000 1.000000
0.997609 -0.069108 0.000678 0.000000 0.068980 0.996273 0.051788 0.755700 -0.004254 -0.051617 0.998658 0.000000 0.000000 0.000000 0.000000 1.000000
0.996001 -0.089063 -0.007126 0.000000 0.089313 0.994660 0.051716 0.755700 0.002482 -0.052146 0.998636 -0.000000 0.000000 0.000000 0.000000 1.000000
0.994078 -0.108588 -0.004256 -0.000000 0.108660 0.992658 0.053141 0.755700 -0.001546 -0.053289 0.998578 0.000000 0.000000 0.000000 0.000000 1.000000
0.992609 -0.120813 0.011481 0.000000 0.119997 0.991207 0.055762 0.755700 -0.018117 -0.053972 0.998378 -0.000000 0.000000 0.000000 0.000000 1.000000
0.991974 -0.121213 0.035997 0.000000 0.119110 0.991316 0.055731 0.755700 -0.042440 -0.050996 0.997797 -0.000000 0.000000 0.000000 0.000000 1.000000
0.992016 -0.110580 0.060632 0.000000 0.107695 0.992978 0.048962 0.755700 -0.065620 -0.042041 0.996959 -0.000000 0.000000 0.000000 0.000000 1.000000
0.992715 -0.093461 0.076039 -0.000000 0.091030 0.995239 0.034837 0.755700 -0.078933 -0.027662 0.996496 -0.000000 0.000000 0.000000 0.000000 1.000000
0.994164 -0.075752 0.076811 0.000000 0.074698 0.997070 0.016505 0.755700 -0.077836 -0.010671 0.996909 0.000000 0.000000 0.000000 0.000000 1.000000
0.996018 -0.062511 0.063568 0.000000 0.062730 0.998029 -0.001457 0.755700 -0.063352 0.005439 0.997976 0.000000 0.000000 0.000000 0.000000 1.000000
0.997610 -0.055298 0.041422 0.000000 0.056001 0.998302 -0.016017 0.755700 -0.040466 0.018298 0.999013 0.000000 0.000000 0.000000 0.000000 1.000000
0.998537 -0.051359 0.016910 0.000000 0.051797 0.998304 -0.026573 0.755700 -0.015516 0.027410 0.999504 0.000000 0.000000 0.000000 0.000000 1.000000
0.998941 -0.045801 -0.004468 -0.000000 0.045625 0.998389 -0.033734 0.755700 0.006006 0.033494 0.999421 -0.000000 0.000000 0.000000 0.000000 1.000000
0.999204 -0.034855 -0.019405 -0.000000 0.034086 0.998670 -0.038672 0.755700 0.020727 0.037980 0.999064 0.000000 0.000000 0.000000 0.000000 1.000000
0.999492 -0.016970 -0.026961 0.000000 0.015817 0.998976 -0.042394 0.755700 0.027653 0.041946 0.998737 0.000000 0.000000 0.000000 0.000000 1.000000
0.999582 0.007792 -0.027852 0.000000 -0.009021 0.998979 -0.044268 0.755700 0.027479 0.044501 0.998631 -0.000000 0.000000 0.000000 0.000000 1.000000
0.999059 0.036810 -0.022946 -0.000000 -0.037771 0.998362 -0.042980 0.755700 0.021326 0.043806 0.998812 -0.000000 0.000000 0.000000 0.000000 1.000000
0.997832 0.064616 -0.012473 0.000000 -0.065046 0.997165 -0.037821 0.755700 0.009994 0.038550 0.999207 0.000000 0.000000 0.000000 0.000000 1.000000
0.996174 0.087318 0.003481 -0.000000 -0.087197 0.995841 -0.026399 0.755700 -0.005772 0.025994 0.999645 0.000000 0.000000 0.000000 0.000000 1.000000
0.994222 0.104402 0.024963 0.000000 -0.104292 0.994530 -0.005681 0.755700 -0.025419 0.003045 0.999672 0.000000 0.000000 0.000000 0.000000 1.000000
0.992269 0.112296 0.052841 -0.000000 -0.113611 0.993269 0.022560 0.755700 -0.049952 -0.028389 0.998348 0.000000 0.000000 0.000000 0.000000 1.000000
0.990512 0.105914 0.087567 0.000000 -0.110596 0.992584 0.050460 0.755700 -0.081573 -0.059666 0.994880 0.000000 0.000000 0.000000 0.000000 1.000000
0.987950 0.088817 0.126754 -0.000000 -0.098202 0.992715 0.069805 0.755700 -0.119630 -0.081411 0.989475 -0.000000 0.000000 0.000000 0.000000 1.000000
0.983590 0.071964 0.165444 0.000000 -0.086049 0.993106 0.079597 0.755700 -0.158576 -0.092527 0.983002 0.000000 0.000000 0.000000 0.000000 1.000000
0.978166 0.063984 0.197731 -0.000000 -0.082172 0.992971 0.085184 0.755700 -0.190891 -0.099572 0.976548 0.000000 0.000000 0.000000 0.000000 1.000000
0.973439 0.067425 0.218793 0.000000 -0.089124 0.991867 0.090865 0.755700 -0.210887 -0.107951 0.971531 -0.000000 0.000000 0.000000 0.000000 1.000000
0.970572 0.079725 0.227232 0.000000 -0.104008 0.989839 0.096960 0.755700 -0.217193 -0.117741 0.969002 -0.000000 0.000000 0.000000 0.000000 1.000000
0.969680 0.094003 0.225576 0.000000 -0.119757 0.987413 0.103319 0.755700 -0.213024 -0.127201 0.968732 0.000000 0.000000 0.000000 0.000000 1.000000
0.970560 0.102083 0.218158 -0.000000 -0.128595 0.985469 0.110973 0.755700 -0.203659 -0.135760 0.969584 0.000000 0.000000 0.000000 0.000000 1.000000
0.973027 0.099498 0.208131 0.000000 -0.126195 0.984821 0.119174 0.755700 -0.193114 -0.142225 0.970813 -0.000000 0.000000 0.000000 0.000000 1.000000
0.976597 0.087858 0.196315 0.000000 -0.113781 0.985621 0.124921 0.755700 -0.182517 -0.144334 0.972551 0.000000 0.000000 0.000000 0.000000 1.000000
0.980509 0.072545 0.182593 -0.000000 -0.096581 0.987269 0.126383 0.755700 -0.171100 -0.141555 0.975032 0.000000 0.000000 0.000000 0.000000 1.000000
0.984159 0.058145 0.167483 0.000000 -0.079630 0.989011 0.124566 0.755700 -0.158399 -0.135929 0.977974 -0.000000 0.000000 0.000000 0.000000 1.000000
0.987282 0.046124 0.152140 0.000000 -0.064998 0.990459 0.121520 0.755700 -0.145083 -0.129863 0.980860 0.000000 0.000000 0.000000 0.000000 1.000000
0.989858 0.035966 0.137435 0.000000 -0.052457 0.991589 0.118320 0.755700 -0.132024 -0.124329 0.983419 0.000000 0.000000 0.000000 0.000000 1.000000
0.991989 0.027090 0.123381 0.000000 -0.041404 0.992505 0.114974 0.755700 -0.119342 -0.119161 0.985676 -0.000000 0.000000 0.000000 0.000000 1.000000
0.993795 0.019450 0.109512 0.000000 -0.031702 0.993284 0.111274 0.755700 -0.106612 -0.114055 0.987738 -0.000000 0.000000 0.000000 0.000000 1.000000
0.995324 0.013107 0.095704 0.000000 -0.023396 0.993963 0.107192 0.755700 -0.093721 -0.108930 0.989622 0.000000 0.000000 0.000000 0.000000 1.000000
0.996556 0.007785 0.082560 -0.000000 -0.016286 0.994568 0.102804 0.755700 -0.081311 -0.103794 0.991270 0.000000 0.000000 0.000000 0.000000 1.000000
0.997475 0.002954 0.070952 0.000000 -0.009922 0.995132 0.098051 0.755700 -0.070317 -0.098507 0.992649 0.000000 0.000000 0.000000 0.000000 1.000000
0.998123 -0.001651 0.061215 -0.000000 -0.004035 0.995692 0.092640 0.755700 -0.061104 -0.092713 0.993816 0.000000 0.000000 0.000000 0.000000 1.000000
0.998591 -0.005640 0.052760 0.000000 0.001068 0.996270 0.086281 0.755700 -0.053050 -0.086103 0.994873 0.000000 0.000000 0.000000 0.000000 1.000000
0.998977 -0.008234 0.044459 0.000000 0.004697 0.996857 0.079080 0.755700 -0.044970 -0.078790 0.995876 0.000000 0.000000 0.000000 0.000000 1.000000
0.999333 -0.009017 0.035398 0.000000 0.006464 0.997414 0.071584 0.755700 -0.035952 -0.071308 0.996806 0.000000 0.000000 0.000000 0.000000 1.000000
0.999658 -0.007814 0.024955 -0.000000 0.006192 0.997903 0.064436 0.755700 -0.025406 -0.064259 0.997610 0.000000 0.000000 0.000000 0.000000 1.000000</float_array><technique_common><accessor source="#mixamorig_Spine1-Matrix-animation-output-transform-array" count="57" stride="16"><param type="float4x4"/></accessor></technique_common></source><source id="mixamorig_Spine1-Interpolations"><Name_array id="mixamorig_Spine1-Interpolations-array" count="57">
 LINEAR LINEAR LINEAR LINEAR LINEAR LINEAR LINEAR LINEAR LINEAR LINEAR LINEAR
LINEAR LINEAR LINEAR LINEAR LINEAR LINEAR LINEAR LINEAR LINEAR LINEAR LINEAR LINEAR
LINEAR LINEAR LINEAR LINEAR LINEAR LINEAR LINEAR LINEAR LINEAR LINEAR LINEAR LINEAR
LINEAR LINEAR LINEAR LINEAR LINEAR LINEAR LINEAR LINEAR LINEAR LINEAR LINEAR LINEAR
LINEAR LINEAR LINEAR LINEAR LINEAR LINEAR LINEAR LINEAR LINEAR LINEAR</Name_array><technique_common><accessor source="#mixamorig_Spine1-Interpolations-array" count="57"><param type="name"/></accessor></technique_common></source><sampler id="mixamorig_Spine1-Matrix-animation-transform"><input semantic="INPUT" source="#mixamorig_Spine1-Matrix-animation-input"/><input semantic="OUTPUT" source="#mixamorig_Spine1-Matrix-animation-output-transform"/><input semantic="INTERPOLATION" source="#mixamorig_Spine1-Interpolations"/></sampler><channel source="#mixamorig_Spine1-Matrix-animation-transform" target="mixamorig_Spine1/matrix"/></animation></animation>
    <animation id="mixamorig_Spine2-anim" name="mixamorig_Spine2"><animation><source id="mixamorig_Spine2-Matrix-animation-input"><float_array id="mixamorig_Spine2-Matrix-animation-input-array" count="57">

0.000000 0.033333 0.066667 0.100000 0.133333 0.166667 0.200000 0.233333 0.266667 0.300000 0.333333 0.366667 0.400000 0.433333 0.466667 0.500000
0.533333 0.566667 0.600000 0.633333 0.666667 0.700000 0.733333 0.766667 0.800000 0.833333 0.866667 0.900000 0.933333 0.966667 1.000000 1.033333
1.066667 1.100000 1.133333 1.166667 1.200000 1.233333 1.266667 1.300000 1.333333 1.366667 1.400000 1.433333 1.466667 1.500000 1.533333 1.566667
1.600000 1.633333 1.666667 1.700000 1.733333 1.766667 1.800000 1.833333 1.866667</float_array><technique_common><accessor source="#mixamorig_Spine2-Matrix-animation-input-array" count="57"><param name="TIME" type="float"/></accessor></technique_common></source><source id="mixamorig_Spine2-Matrix-animation-output-transform"><float_array id="mixamorig_Spine2-Matrix-animation-output-transform-array" count="912">

0.998379 -0.055897 0.010691 0.000000 0.056228 0.997850 -0.033673 0.863700 -0.008786 0.034220 0.999376 -0.000000 0.000000 0.000000 0.000000 1.000000
0.998742 -0.047229 0.016848 0.000000 0.047746 0.998356 -0.031716 0.863700 -0.015322 0.032481 0.999355 0.000000 0.000000 0.000000 0.000000 1.000000
0.999331 -0.033562 0.014505 0.000000 0.033937 0.999074 -0.026429 0.863700 -0.013605 0.026904 0.999545 0.000000 0.000000 0.000000 0.000000 1.000000
0.999910 -0.013401 -0.000895 0.000000 0.013382 0.999741 -0.018396 0.863700 0.001141 0.018382 0.999830 0.000000 0.000000 0.000000 0.000000 1.000000
0.999673 0.007268 -0.024506 0.000000 -0.007546 0.999908 -0.011287 0.863700 0.024421 0.011468 0.999636 0.000000 0.000000 0.000000 0.000000 1.000000
0.998613 0.021415 -0.048093 -0.000000 -0.021731 0.999746 -0.006051 0.863700 0.047951 0.007088 0.998825 -0.000000 0.000000 0.000000 0.000000 1.000000
0.997841 0.023392 -0.061365 0.000000 -0.023424 0.999726 0.000190 0.863700 0.061353 0.001248 0.998115 0.000000 0.000000 0.000000 0.000000 1.000000
0.998266 0.013237 -0.057363 0.000000 -0.012658 0.999865 0.010440 0.863700 0.057494 -0.009696 0.998299 0.000000 0.000000 0.000000 0.000000 1.000000
0.999312 -0.003361 -0.036930 0.000000 0.004227 0.999717 0.023401 0.863700 0.036841 -0.023541 0.999044 -0.000000 0.000000 0.000000 0.000000 1.000000
0.999756 -0.019044 -0.011204 -0.000000 0.019426 0.999197 0.035049 0.863700 0.010528 -0.035258 0.999323 0.000000 0.000000 0.000000 0.000000 1.000000
0.999479 -0.031049 0.008791 0.000000 0.030637 0.998579 0.043603 0.863700 -0.010132 -0.043311 0.999010 0.000000 0.000000 0.000000 0.000000 1.000000
0.999024 -0.041063 0.016253 0.000000 0.040222 0.997985 0.049065 0.863700 -0.018235 -0.048363 0.998663 0.000000 0.000000 0.000000 0.000000 1.000000
0.998544 -0.052734 0.011356 -0.000000 0.052079 0.997297 0.051833 0.863700 -0.014059 -0.051166 0.998591 -0.000000 0.000000 0.000000 0.000000 1.000000
0.997641 -0.068640 0.000559 0.000000 0.068516 0.996265 0.052548 0.863700 -0.004164 -0.052386 0.998618 0.000000 0.000000 0.000000 0.000000 1.000000
0.996056 -0.088468 -0.006836 0.000000 0.088706 0.994664 0.052672 0.863700 0.002140 -0.053071 0.998588 0.000000 0.000000 0.000000 0.000000 1.000000
0.994155 -0.107915 -0.003299 -0.000000 0.107935 0.992685 0.054091 0.863700 -0.002562 -0.054131 0.998531 0.000000 0.000000 0.000000 0.000000 1.000000
0.992676 -0.120088 0.013128 -0.000000 0.119171 0.991267 0.056469 0.863700 -0.019794 -0.054491 0.998318 0.000000 0.000000 0.000000 0.000000 1.000000
0.991993 -0.120471 0.037901 -0.000000 0.118258 0.991401 0.056033 0.863700 -0.044326 -0.051102 0.997709 0.000000 0.000000 0.000000 0.000000 1.000000
0.991987 -0.109969 0.062203 0.000000 0.107024 0.993056 0.048851 0.863700 -0.067143 -0.041802 0.996867 0.000000 0.000000 0.000000 0.000000 1.000000
0.992674 -0.093095 0.077019 -0.000000 0.090665 0.995285 0.034471 0.863700 -0.079865 -0.027236 0.996434 0.000000 0.000000 0.000000 0.000000 1.000000
0.994143 -0.075560 0.077264 0.000000 0.074531 0.997088 0.016117 0.863700 -0.078257 -0.010264 0.996880 -0.000000 0.000000 0.000000 0.000000 1.000000
0.996024 -0.062366 0.063618 0.000000 0.062594 0.998038 -0.001595 0.863700 -0.063394 0.005571 0.997973 0.000000 0.000000 0.000000 0.000000 1.000000
0.997628 -0.055184 0.041150 -0.000000 0.055872 0.998314 -0.015750 0.863700 -0.040212 0.018012 0.999029 -0.000000 0.000000 0.000000 0.000000 1.000000
0.998550 -0.051281 0.016351 -0.000000 0.051695 0.998324 -0.026002 0.863700 -0.014990 0.026810 0.999528 0.000000 0.000000 0.000000 0.000000 1.000000
0.998942 -0.045686 -0.005273 0.000000 0.045488 0.998418 -0.033055 0.863700 0.006775 0.032780 0.999440 0.000000 0.000000 0.000000 0.000000 1.000000
0.999193 -0.034646 -0.020303 0.000000 0.033857 0.998703 -0.038023 0.863700 0.021594 0.037305 0.999071 0.000000 0.000000 0.000000 0.000000 1.000000
0.999477 -0.016681 -0.027686 0.000000 0.015512 0.999002 -0.041896 0.863700 0.028357 0.041445 0.998738 -0.000000 0.000000 0.000000 0.000000 1.000000
0.999570 0.008090 -0.028171 0.000000 -0.009326 0.998988 -0.044009 0.863700 0.027786 0.044253 0.998634 -0.000000 0.000000 0.000000 0.000000 1.000000
0.999053 0.037058 -0.022821 0.000000 -0.038012 0.998355 -0.042927 0.863700 0.021193 0.043754 0.998818 -0.000000 0.000000 0.000000 0.000000 1.000000
0.997826 0.064820 -0.011912 0.000000 -0.065228 0.997155 -0.037779 0.863700 0.009429 0.038474 0.999215 0.000000 0.000000 0.000000 0.000000 1.000000
0.996166 0.087363 0.004528 0.000000 -0.087217 0.995849 -0.026024 0.863700 -0.006783 0.025529 0.999651 0.000000 0.000000 0.000000 0.000000 1.000000
0.994234 0.103956 0.026293 0.000000 -0.103865 0.994580 -0.004784 0.863700 -0.026648 0.002026 0.999643 0.000000 0.000000 0.000000 0.000000 1.000000
0.992333 0.111134 0.054082 0.000000 -0.112547 0.993361 0.023821 0.863700 -0.051076 -0.029725 0.998252 -0.000000 0.000000 0.000000 0.000000 1.000000
0.990628 0.104097 0.088429 -0.000000 -0.108952 0.992688 0.051957 0.863700 -0.082374 -0.061105 0.994727 0.000000 0.000000 0.000000 0.000000 1.000000
0.988097 0.086375 0.127298 0.000000 -0.095998 0.992810 0.071496 0.863700 -0.120207 -0.082865 0.989284 0.000000 0.000000 0.000000 0.000000 1.000000
0.983727 0.068813 0.165969 0.000000 -0.083168 0.993226 0.081147 0.863700 -0.159261 -0.093630 0.982787 -0.000000 0.000000 0.000000 0.000000 1.000000
0.978260 0.060381 0.198398 0.000000 -0.078768 0.993166 0.086127 0.863700 -0.191842 -0.099882 0.976330 0.000000 0.000000 0.000000 0.000000 1.000000
0.973494 0.063782 0.219638 0.000000 -0.085562 0.992158 0.091116 0.863700 -0.212104 -0.107494 0.971317 0.000000 0.000000 0.000000 0.000000 1.000000
0.970616 0.075816 0.228378 0.000000 -0.100129 0.990253 0.096812 0.863700 -0.218812 -0.116835 0.968747 -0.000000 0.000000 0.000000 0.000000 1.000000
0.969732 0.089280 0.227265 0.000000 -0.115092 0.988005 0.102960 0.863700 -0.215347 -0.126000 0.968375 -0.000000 0.000000 0.000000 0.000000 1.000000
0.970591 0.096742 0.220441 0.000000 -0.123332 0.986227 0.110211 0.863700 -0.206743 -0.134157 0.969154 0.000000 0.000000 0.000000 0.000000 1.000000
0.972985 0.094357 0.210708 -0.000000 -0.121096 0.985625 0.117814 0.863700 -0.196562 -0.140147 0.970424 0.000000 0.000000 0.000000 0.000000 1.000000
0.976476 0.083469 0.198813 0.000000 -0.109385 0.986342 0.123144 0.863700 -0.185819 -0.141994 0.972270 0.000000 0.000000 0.000000 0.000000 1.000000
