<?xml version="1.0" encoding="utf-8"?>
<COLLADA xmlns="http://www.collada.org/2005/11/COLLADASchema" version="1.4.1">
  <asset><contributor><author>Mixamo</author><authoring_tool>COLLADA Mixamo exporter</authoring_tool><comments></comments></contributor><created>2020-03-23T21:12:33Z</created><modified>2020-03-23T21:12:33Z</modified><revision></revision><title></title><unit meter="0.010000"/><up_axis>Y_UP</up_axis></asset>
  <library_animations>
    <animation id="mixamorig_Hips-anim" name="mixamorig_Hips"><source id="mixamorig_Hips-Matrix-animation-input"><float_array id="mixamorig_Hips-Matrix-animation-input-array" count="67">

0.000000 0.033333 0.066667 0.100000 0.133333 0.166667 0.200000 0.233333 0.266667 0.300000 0.333333 0.366667 0.400000 0.433333 0.466667 0.500000
0.533333 0.566667 0.600000 0.633333 0.666667 0.700000 0.733333 0.766667 0.800000 0.833333 0.866667 0.900000 0.933333 0.966667 1.000000 1.033333
1.066667 1.100000 1.133333 1.166667 1.200000 1.233333 1.266667 1.300000 1.333333 1.366667 1.400000 1.433333 1.466667 1.500000 1.533333 1.566667
1.600000 1.633333 1.666667 1.700000 1.733333 1.766667 1.800000 1.833333 1.866667 1.900000 1.933333 1.966667 2.000000 2.033333 2.066667 2.100000
2.133333 2.166667 2.200000</float_array><technique_common><accessor source="#mixamorig_Hips-Matrix-animation-input-array" count="67"><param name="TIME" type="float"/></accessor></technique_common></source><source id="mixamorig_Hips-Matrix-animation-output-transform"><float_array id="mixamorig_Hips-Matrix-animation-output-transform-array" count="1072">

-0.514396 -0.005470 0.857535 -0.049554 0.122095 0.989325 0.079549 3.031488 -0.848817 0.145621 -0.508237 0.051402 0.000000 0.000000 0.000000 1.000000
-0.530772 -0.000747 0.847514 -0.050723 0.126484 0.988731 0.080085 3.027268 -0.838023 0.149704 -0.524696 0.047282 0.000000 0.000000 0.000000 1.000000
-0.549934 0.009085 0.835158 -0.054675 0.133110 0.988113 0.076901 3.025091 -0.824532 0.153458 -0.544607 0.043753 0.000000 0.000000 0.000000 1.000000
-0.573293 0.023828 0.819004 -0.062758 0.140149 0.987698 0.069366 3.031503 -0.807276 0.154550 -0.569579 0.039917 0.000000 0.000000 0.000000 1.000000
-0.601672 0.040125 0.797735 -0.075599 0.144614 0.987704 0.059391 3.050709 -0.785543 0.151097 -0.600076 0.035059 0.000000 0.000000 0.000000 1.000000
-0.635233 0.053616 0.770457 -0.093918 0.144156 0.988287 0.050080 3.082013 -0.758748 0.142879 -0.635521 0.029070 0.000000 0.000000 0.000000 1.000000
-0.673700 0.062170 0.736386 -0.119521 0.138671 0.989390 0.043336 3.123512 -0.725878 0.131311 -0.675173 0.021983 0.000000 0.000000 0.000000 1.000000
-0.716142 0.066686 0.694762 -0.153868 0.130866 0.990600 0.039812 3.171833 -0.685577 0.119432 -0.718137 0.016534 0.000000 0.000000 0.000000 1.000000
-0.761239 0.068436 0.644850 -0.198336 0.122347 0.991714 0.039182 3.219386 -0.636825 0.108722 -0.763304 0.012260 0.000000 0.000000 0.000000 1.000000
-0.807153 0.070780 0.586084 -0.250029 0.116387 0.992380 0.040439 3.268290 -0.578756 0.100853 -0.809240 0.011889 0.000000 0.000000 0.000000 1.000000
-0.850993 0.080427 0.518982 -0.308413 0.118318 0.992159 0.040255 3.316989 -0.511675 0.095661 -0.853837 0.015753 0.000000 0.000000 0.000000 1.000000
-0.889256 0.091817 0.448099 -0.373133 0.119086 0.992336 0.032994 3.364428 -0.441635 0.082703 -0.893375 0.020711 0.000000 0.000000 0.000000 1.000000
-0.923405 0.095169 0.371842 -0.440403 0.113287 0.993192 0.027130 3.408185 -0.366728 0.067176 -0.927900 0.030040 0.000000 0.000000 0.000000 1.000000
-0.951366 0.094300 0.293274 -0.506686 0.104850 0.994278 0.020424 3.446387 -0.289670 0.050181 -0.955810 0.043838 0.000000 0.000000 0.000000 1.000000
-0.975255 0.093492 0.200343 -0.568344 0.098612 0.995002 0.015706 3.464191 -0.197874 0.035074 -0.979600 0.061654 0.000000 0.000000 0.000000 1.000000
-0.991491 0.086261 0.097491 -0.625722 0.087776 0.996076 0.011353 3.462282 -0.096129 0.019814 -0.995172 0.083652 0.000000 0.000000 0.000000 1.000000
-0.997186 0.073781 -0.013316 -0.677223 0.073802 0.997272 -0.001156 3.445685 0.013195 -0.002136 -0.999911 0.109914 0.000000 0.000000 0.000000 1.000000
-0.989329 0.060206 -0.132678 -0.719283 0.062887 0.997891 -0.016109 3.414872 0.131428 -0.024280 -0.991028 0.139125 0.000000 0.000000 0.000000 1.000000
-0.968292 0.044875 -0.245760 -0.753821 0.053128 0.998221 -0.027054 3.374412 0.244108 -0.039253 -0.968953 0.173167 0.000000 0.000000 0.000000 1.000000
-0.939290 0.031707 -0.341655 -0.783127 0.048220 0.998038 -0.039945 3.324760 0.339718 -0.053995 -0.938976 0.208567 0.000000 0.000000 0.000000 1.000000
-0.912114 0.021327 -0.409382 -0.806714 0.049311 0.997102 -0.057924 3.269172 0.406960 -0.073020 -0.910523 0.240716 0.000000 0.000000 0.000000 1.000000
-0.901442 0.017342 -0.432553 -0.815297 0.051210 0.996453 -0.066770 3.243953 0.429861 -0.082341 -0.899133 0.255328 0.000000 0.000000 0.000000 1.000000
-0.892026 0.014384 -0.451756 -0.822326 0.054108 0.995704 -0.075137 3.220291 0.448734 -0.091468 -0.888972 0.270537 0.000000 0.000000 0.000000 1.000000
-0.883789 0.012630 -0.467714 -0.827983 0.058125 0.994856 -0.082968 3.197525 0.464260 -0.100512 -0.879977 0.286517 0.000000 0.000000 0.000000 1.000000
-0.876916 0.012068 -0.480491 -0.832398 0.063327 0.993871 -0.090611 3.175401 0.476453 -0.109886 -0.872306 0.302702 0.000000 0.000000 0.000000 1.000000
-0.871525 0.012606 -0.490188 -0.835517 0.069598 0.992729 -0.098211 3.154073 0.485386 -0.119709 -0.866066 0.318684 0.000000 0.000000 0.000000 1.000000
-0.867632 0.013897 -0.497013 -0.837024 0.076198 0.991517 -0.105295 3.133817 0.491334 -0.129229 -0.861331 0.334382 0.000000 0.000000 0.000000 1.000000
-0.865223 0.015154 -0.501159 -0.837105 0.081422 0.990522 -0.110619 3.117314 0.494733 -0.136515 -0.858256 0.347591 0.000000 0.000000 0.000000 1.000000
-0.864207 0.016469 -0.502867 -0.832594 0.089828 0.988456 -0.122003 3.082855 0.495053 -0.150608 -0.855710 0.377210 0.000000 0.000000 0.000000 1.000000
-0.873203 0.024914 -0.486720 -0.824977 0.104655 0.984980 -0.137338 3.058601 0.475988 -0.170861 -0.862695 0.410236 0.000000 0.000000 0.000000 1.000000
-0.898786 0.041100 -0.436456 -0.812517 0.111501 0.984286 -0.136926 3.082997 0.423970 -0.171733 -0.889245 0.434379 0.000000 0.000000 0.000000 1.000000
-0.945079 0.062759 -0.320759 -0.794083 0.109358 0.985546 -0.129381 3.169336 0.308003 -0.157353 -0.938283 0.441765 0.000000 0.000000 0.000000 1.000000
-0.990093 0.092061 -0.106025 -0.766593 0.105018 0.986719 -0.123921 3.330170 0.093208 -0.133828 -0.986612 0.428089 0.000000 0.000000 0.000000 1.000000
-0.973989 0.103362 0.201649 -0.726739 0.085350 0.991707 -0.096081 3.548466 -0.209908 -0.076371 -0.974734 0.402574 0.000000 0.000000 0.000000 1.000000
-0.837595 0.078924 0.540560 -0.673080 0.069729 0.996861 -0.037501 3.759189 -0.541823 0.006282 -0.840469 0.365289 0.000000 0.000000 0.000000 1.000000
-0.617858 0.032229 0.785629 -0.604584 0.080432 0.996509 0.022376 3.902102 -0.782165 0.077015 -0.618293 0.326647 0.000000 0.000000 0.000000 1.000000
-0.437515 -0.004294 0.899201 -0.518799 0.104206 0.993009 0.055444 3.972134 -0.893153 0.117960 -0.434009 0.280326 0.000000 0.000000 0.000000 1.000000
-0.348774 -0.006919 0.937181 -0.428209 0.154026 0.985953 0.064601 4.006484 -0.924463 0.166881 -0.342809 0.272812 0.000000 0.000000 0.000000 1.000000
-0.378761 -0.011156 0.925427 -0.340100 0.210998 0.972553 0.098082 3.995667 -0.901122 0.232413 -0.366011 0.311270 0.000000 0.000000 0.000000 1.000000
-0.446283 -0.030619 0.894368 -0.280990 0.225749 0.963240 0.145624 3.925216 -0.865950 0.266892 -0.422965 0.390940 0.000000 0.000000 0.000000 1.000000
-0.466688 -0.077263 0.881040 -0.255108 0.194912 0.962699 0.187669 3.868424 -0.862677 0.259308 -0.434221 0.451295 0.000000 0.000000 0.000000 1.000000
-0.450940 -0.092870 0.887710 -0.242976 0.185366 0.963143 0.194924 3.823490 -0.873094 0.252450 -0.417104 0.492704 0.000000 0.000000 0.000000 1.000000
-0.416390 -0.086114 0.905099 -0.227004 0.185404 0.966543 0.177255 3.758708 -0.890081 0.241616 -0.386493 0.533320 0.000000 0.000000 0.000000 1.000000
-0.376555 -0.081778 0.922778 -0.217372 0.178291 0.971077 0.158814 3.693396 -0.909076 0.224325 -0.351084 0.565090 0.000000 0.000000 0.000000 1.000000
-0.353379 -0.083168 0.931776 -0.214427 0.176280 0.972276 0.153638 3.643295 -0.918721 0.218546 -0.328921 0.588463 0.000000 0.000000 0.000000 1.000000
-0.348381 -0.086841 0.933322 -0.211482 0.178621 0.971303 0.157049 3.613363 -0.920177 0.221423 -0.322872 0.598792 0.000000 0.000000 0.000000 1.000000
-0.347635 -0.090596 0.933243 -0.208057 0.176651 0.971169 0.160081 3.598441 -0.920839 0.220508 -0.321608 0.594986 0.000000 0.000000 0.000000 1.000000
-0.344420 -0.089649 0.934525 -0.203629 0.169806 0.973063 0.155928 3.581922 -0.923331 0.212393 -0.319920 0.580283 0.000000 0.000000 0.000000 1.000000
-0.343104 -0.081072 0.935792 -0.198393 0.162720 0.976075 0.144223 3.552756 -0.925095 0.201756 -0.321703 0.557704 0.000000 0.000000 0.000000 1.000000
-0.351528 -0.068519 0.933667 -0.194854 0.158238 0.978619 0.131395 3.507149 -0.922707 0.193931 -0.333170 0.528693 0.000000 0.000000 0.000000 1.000000
-0.373325 -0.053993 0.926128 -0.192427 0.154644 0.980715 0.119513 3.445613 -0.914721 0.187837 -0.357775 0.493088 0.000000 0.000000 0.000000 1.000000
-0.399617 -0.044743 0.915590 -0.191287 0.150697 0.982013 0.113762 3.370670 -0.904211 0.183438 -0.385686 0.451468 0.000000 0.000000 0.000000 1.000000
-0.423711 -0.037636 0.905015 -0.187911 0.150658 0.982291 0.111384 3.286789 -0.893180 0.183542 -0.410537 0.410523 0.000000 0.000000 0.000000 1.000000
-0.443961 -0.026626 0.895650 -0.180708 0.150406 0.983162 0.103782 3.194978 -0.883333 0.180786 -0.432481 0.372145 0.000000 0.000000 0.000000 1.000000
-0.456720 -0.017659 0.889435 -0.173376 0.143818 0.985186 0.093410 3.094669 -0.877908 0.170579 -0.447415 0.331078 0.000000 0.000000 0.000000 1.000000
-0.458448 -0.012669 0.888631 -0.160713 0.136951 0.986948 0.084725 3.003523 -0.878106 0.160541 -0.450730 0.294976 0.000000 0.000000 0.000000 1.000000
-0.455197 -0.005060 0.890377 -0.146630 0.134972 0.988036 0.074618 2.936462 -0.880101 0.154141 -0.449068 0.264033 0.000000 0.000000 0.000000 1.000000
-0.452310 0.002833 0.891857 -0.130170 0.133541 0.988937 0.064584 2.891080 -0.881807 0.148311 -0.447684 0.237775 0.000000 0.000000 0.000000 1.000000
-0.448868 0.003756 0.893590 -0.115279 0.128950 0.989797 0.060614 2.870348 -0.884245 0.142436 -0.444773 0.210981 0.000000 0.000000 0.000000 1.000000
-0.445583 0.004462 0.895230 -0.102408 0.123957 0.990663 0.056759 2.875965 -0.886618 0.136261 -0.441975 0.183601 0.000000 0.000000 0.000000 1.000000
-0.447683 0.002428 0.894189 -0.090847 0.120729 0.991004 0.057753 2.896349 -0.886005 0.133810 -0.443949 0.158054 0.000000 0.000000 0.000000 1.000000
-0.454508 0.000441 0.890742 -0.080920 0.120570 0.990827 0.061031 2.927837 -0.882545 0.135136 -0.450392 0.133274 0.000000 0.000000 0.000000 1.000000
-0.464684 -0.002702 0.885473 -0.071770 0.120578 0.990487 0.066301 2.962911 -0.877228 0.137578 -0.459938 0.108858 0.000000 0.000000 0.000000 1.000000
-0.475375 -0.005574 0.879766 -0.062600 0.120039 0.990217 0.071136 2.994268 -0.871556 0.139422 -0.470055 0.086603 0.000000 0.000000 0.000000 1.000000
-0.486890 -0.007039 0.873435 -0.055082 0.119566 0.990017 0.074630 3.017923 -0.865241 0.140770 -0.481188 0.068966 0.000000 0.000000 0.000000 1.000000
-0.499848 -0.007085 0.866084 -0.050834 0.119911 0.989771 0.077302 3.030308 -0.857772 0.142493 -0.493886 0.057502 0.000000 0.000000 0.000000 1.000000
-0.514398 -0.005469 0.857534 -0.049554 0.122095 0.989325 0.079550 3.031488 -0.848816 0.145621 -0.508239 0.051402 0.000000 0.000000 0.000000 1.000000</float_array><technique_common><accessor source="#mixamorig_Hips-Matrix-animation-output-transform-array" count="67" stride="16"><param type="float4x4"/></accessor></technique_common></source><source id="mixamorig_Hips-Interpolations"><Name_array id="mixamorig_Hips-Interpolations-array" count="67">
 LINEAR LINEAR LINEAR LINEAR LINEAR LINEAR LINEAR LINEAR LINEAR LINEAR LINEAR
LINEAR LINEAR LINEAR LINEAR LINEAR LINEAR LINEAR LINEAR LINEAR LINEAR LINEAR LINEAR
LINEAR LINEAR LINEAR LINEAR LINEAR LINEAR LINEAR LINEAR LINEAR LINEAR LINEAR LINEAR
LINEAR LINEAR LINEAR LINEAR LINEAR LINEAR LINEAR LINEAR LINEAR LINEAR LINEAR LINEAR
LINEAR LINEAR LINEAR LINEAR LINEAR LINEAR LINEAR LINEAR LINEAR LINEAR LINEAR LINEAR
LINEAR LINEAR LINEAR LINEAR LINEAR LINEAR LINEAR LINEAR</Name_array><technique_common><accessor source="#mixamorig_Hips-Interpolations-array" count="67"><param type="name"/></accessor></technique_common></source><sampler id="mixamorig_Hips-Matrix-animation-transform"><input semantic="INPUT" source="#mixamorig_Hips-Matrix-animation-input"/><input semantic="OUTPUT" source="#mixamorig_Hips-Matrix-animation-output-transform"/><input semantic="INTERPOLATION" source="#mixamorig_Hips-Interpolations"/></sampler><channel source="#mixamorig_Hips-Matrix-animation-transform" target="mixamorig_Hips/matrix"/></animation>
    <animation id="mixamorig_Spine-anim" name="mixamorig_Spine"><source id="mixamorig_Spine-Matrix-animation-input"><float_array id="mixamorig_Spine-Matrix-animation-input-array" count="67">

0.000000 0.033333 0.066667 0.100000 0.133333 0.166667 0.200000 0.233333 0.266667 0.300000 0.333333 0.366667 0.400000 0.433333 0.466667 0.500000
0.533333 0.566667 0.600000 0.633333 0.666667 0.700000 0.733333 0.766667 0.800000 0.833333 0.866667 0.900000 0.933333 0.966667 1.000000 1.033333
1.066667 1.100000 1.133333 1.166667 1.200000 1.233333 1.266667 1.300000 1.333333 1.366667 1.400000 1.433333 1.466667 1.500000 1.533333 1.566667
1.600000 1.633333 1.666667 1.700000 1.733333 1.766667 1.800000 1.833333 1.866667 1.900000 1.933333 1.966667 2.000000 2.033333 2.066667 2.100000
2.133333 2.166667 2.200000</float_array><technique_common><accessor source="#mixamorig_Spine-Matrix-animation-input-array" count="67"><param name="TIME" type="float"/></accessor></technique_common></source><source id="mixamorig_Spine-Matrix-animation-output-transform"><float_array id="mixamorig_Spine-Matrix-animation-output-transform-array" count="1072">

0.994510 -0.007149 -0.104398 -0.000000 -0.008953 0.988192 -0.152960 0.620300 0.104258 0.153055 0.982703 0.186600 0.000000 0.000000 0.000000 1.000000
0.993716 -0.003635 -0.111875 0.000000 -0.013485 0.988306 -0.151885 0.620300 0.111118 0.152439 0.982046 0.186600 0.000000 0.000000 0.000000 1.000000
0.992990 0.000090 -0.118195 -0.000000 -0.018028 0.988414 -0.150706 0.620300 0.116813 0.151781 0.981487 0.186600 0.000000 0.000000 0.000000 1.000000
0.992693 0.003334 -0.120621 0.000000 -0.021438 0.988589 -0.149107 0.620300 0.118748 0.150604 0.981436 0.186600 0.000000 0.000000 0.000000 1.000000
0.993098 0.005540 -0.117159 0.000000 -0.022881 0.988843 -0.147192 0.620300 0.115037 0.148857 0.982145 0.186600 0.000000 0.000000 0.000000 1.000000
0.994288 0.004427 -0.106641 -0.000000 -0.020573 0.988352 -0.150787 0.620300 0.104732 0.152120 0.982797 0.186600 0.000000 0.000000 0.000000 1.000000
0.995739 0.000289 -0.092218 -0.000000 -0.014883 0.987389 -0.157613 0.620300 0.091009 0.158314 0.983186 0.186600 0.000000 0.000000 0.000000 1.000000
0.997377 -0.001236 -0.072365 0.000000 -0.011079 0.985463 -0.169529 0.620300 0.071523 0.169886 0.982865 0.186600 0.000000 0.000000 0.000000 1.000000
0.998894 -0.002851 -0.046935 0.000000 -0.005903 0.982658 -0.185331 0.620300 0.046650 0.185404 0.981555 0.186600 0.000000 0.000000 0.000000 1.000000
0.999838 0.000285 -0.017991 0.000000 -0.003936 0.979133 -0.203180 0.620300 0.017558 0.203218 0.978976 0.186600 0.000000 0.000000 0.000000 1.000000
0.999885 0.007214 0.013361 -0.000000 -0.004120 0.975825 -0.218513 0.620300 -0.014614 0.218432 0.975743 0.186600 0.000000 0.000000 0.000000 1.000000
0.998702 0.011321 0.049651 -0.000000 0.000222 0.974001 -0.226543 0.620300 -0.050925 0.226260 0.972735 0.186600 0.000000 0.000000 0.000000 1.000000
0.995877 0.013228 0.089739 0.000000 0.008093 0.972407 -0.233150 0.620300 -0.090347 0.232915 0.968291 0.186600 0.000000 0.000000 0.000000 1.000000
0.991097 0.014168 0.132383 -0.000000 0.017590 0.971673 -0.235674 0.620300 -0.131972 0.235904 0.962773 0.186600 0.000000 0.000000 0.000000 1.000000
0.985247 0.016849 0.170307 0.000000 0.024506 0.970996 -0.237836 0.620300 -0.169374 0.238500 0.956258 0.186600 0.000000 0.000000 0.000000 1.000000
0.978550 0.017146 0.205297 0.000000 0.033209 0.970369 -0.239334 0.620300 -0.203317 0.241017 0.948985 0.186600 0.000000 0.000000 0.000000 1.000000
0.971208 0.018012 0.237550 -0.000000 0.039693 0.970965 -0.235905 0.620300 -0.234902 0.238542 0.942295 0.186600 0.000000 0.000000 0.000000 1.000000
0.964095 0.020839 0.264738 0.000000 0.042406 0.972043 -0.230942 0.620300 -0.262149 0.233876 0.936258 0.186600 0.000000 0.000000 0.000000 1.000000
0.956025 0.020885 0.292542 0.000000 0.048449 0.972511 -0.227759 0.620300 -0.289257 0.231917 0.928733 0.186600 0.000000 0.000000 0.000000 1.000000
0.946663 0.025404 0.321222 0.000000 0.049477 0.973606 -0.222809 0.620300 -0.318404 0.226818 0.920420 0.186600 0.000000 0.000000 0.000000 1.000000
0.936648 0.033850 0.348633 0.000000 0.044573 0.975710 -0.214486 0.620300 -0.347425 0.216437 0.912388 0.186600 0.000000 0.000000 0.000000 1.000000
0.931864 0.038125 0.360800 0.000000 0.041536 0.976714 -0.210485 0.620300 -0.360423 0.211130 0.908581 0.186600 0.000000 0.000000 0.000000 1.000000
0.927155 0.042309 0.372282 0.000000 0.038633 0.977513 -0.207306 0.620300 -0.372682 0.206587 0.904671 0.186600 0.000000 0.000000 0.000000 1.000000
0.922458 0.046659 0.383267 0.000000 0.035851 0.978031 -0.205353 0.620300 -0.384429 0.203170 0.900520 0.186600 0.000000 0.000000 0.000000 1.000000
0.917795 0.051613 0.393686 0.000000 0.032724 0.978310 -0.204547 0.620300 -0.395704 0.200615 0.896198 0.186600 0.000000 0.000000 0.000000 1.000000
0.913275 0.057408 0.403278 0.000000 0.028849 0.978418 -0.204613 0.620300 -0.406320 0.198502 0.891908 0.186600 0.000000 0.000000 0.000000 1.000000
0.909016 0.063668 0.411869 0.000000 0.024532 0.978374 -0.205384 0.620300 -0.416038 0.196801 0.887796 0.186600 0.000000 0.000000 0.000000 1.000000
0.905543 0.068938 0.418617 0.000000 0.020977 0.978228 -0.206472 0.620300 -0.423737 0.195750 0.884381 0.186600 0.000000 0.000000 0.000000 1.000000
0.898805 0.080995 0.430802 0.000000 0.012268 0.977748 -0.209423 0.620300 -0.438178 0.193516 0.877811 0.186600 0.000000 0.000000 0.000000 1.000000
0.896176 0.094627 0.433490 0.000000 0.000644 0.976715 -0.214539 0.620300 -0.443698 0.192544 0.875248 0.186600 0.000000 0.000000 0.000000 1.000000
0.902059 0.097532 0.420449 0.000000 0.000499 0.973898 -0.226987 0.620300 -0.431613 0.204965 0.878464 0.186600 0.000000 0.000000 0.000000 1.000000
0.913565 0.105834 0.392680 -0.000000 -0.004127 0.967909 -0.251265 0.620300 -0.406671 0.227927 0.884685 0.186600 0.000000 0.000000 0.000000 1.000000
0.928631 0.123503 0.349844 0.000000 -0.023210 0.960458 -0.277455 0.620300 -0.370277 0.249534 0.894778 0.186600 0.000000 0.000000 0.000000 1.000000
0.944656 0.132716 0.300018 0.000000 -0.039605 0.953965 -0.297292 0.620300 -0.325662 0.268957 0.906425 0.186600 0.000000 0.000000 0.000000 1.000000
0.959672 0.127582 0.250506 0.000000 -0.045479 0.949809 -0.309506 0.620300 -0.277420 0.285632 0.917307 0.186600 0.000000 0.000000 0.000000 1.000000
0.975192 0.106381 0.194121 0.000000 -0.043779 0.952318 -0.301951 0.620300 -0.216986 0.285962 0.933350 0.186600 0.000000 0.000000 0.000000 1.000000
0.987722 0.075546 0.136738 -0.000000 -0.034759 0.959633 -0.279098 0.620300 -0.152303 0.270919 0.950477 0.186600 0.000000 0.000000 0.000000 1.000000
0.993267 0.069046 0.093018 0.000000 -0.042448 0.964046 -0.262323 0.620300 -0.107786 0.256609 0.960486 0.186600 0.000000 0.000000 0.000000 1.000000
0.992902 0.091256 0.076270 0.000000 -0.069752 0.966236 -0.248036 0.620300 -0.096329 0.240956 0.965744 0.186600 0.000000 0.000000 0.000000 1.000000
0.991588 0.114680 0.060009 0.000000 -0.096831 0.964929 -0.243998 0.620300 -0.085887 0.236135 0.967917 0.186600 0.000000 0.000000 0.000000 1.000000
0.995161 0.097527 0.011972 0.000000 -0.091436 0.963766 -0.250590 0.620300 -0.035978 0.248283 0.968019 0.186600 0.000000 0.000000 0.000000 1.000000
0.995781 0.083745 -0.037509 0.000000 -0.090404 0.965396 -0.244616 0.620300 0.015726 0.246975 0.968894 0.186600 0.000000 0.000000 0.000000 1.000000
0.994279 0.075753 -0.075303 -0.000000 -0.091134 0.969347 -0.228170 0.620300 0.055711 0.233727 0.970705 0.186600 0.000000 0.000000 0.000000 1.000000
0.993706 0.065332 -0.090999 0.000000 -0.083585 0.973249 -0.214010 0.620300 0.074583 0.220269 0.972584 0.186600 0.000000 0.000000 0.000000 1.000000
0.992988 0.060259 -0.101708 0.000000 -0.080302 0.975206 -0.206214 0.620300 0.086760 0.212936 0.973207 0.186600 0.000000 0.000000 0.000000 1.000000
0.991276 0.057859 -0.118428 0.000000 -0.081106 0.976014 -0.202037 0.620300 0.103898 0.209879 0.972191 0.186600 0.000000 0.000000 0.000000 1.000000
0.990069 0.050984 -0.131010 0.000000 -0.076704 0.976892 -0.199494 0.620300 0.117812 0.207562 0.971102 0.186600 0.000000 0.000000 0.000000 1.000000
0.989930 0.040663 -0.135590 -0.000000 -0.067218 0.978004 -0.197456 0.620300 0.124579 0.204582 0.970889 0.186600 0.000000 0.000000 0.000000 1.000000
0.990437 0.029825 -0.134703 0.000000 -0.055816 0.979506 -0.193526 0.620300 0.126171 0.199194 0.971804 0.186600 0.000000 0.000000 0.000000 1.000000
0.990859 0.020593 -0.133317 0.000000 -0.045558 0.981299 -0.187022 0.620300 0.126972 0.191387 0.973267 0.186600 0.000000 0.000000 0.000000 1.000000
0.990784 0.014289 -0.134699 -0.000000 -0.038339 0.983338 -0.177695 0.620300 0.129916 0.181222 0.974823 0.186600 0.000000 0.000000 0.000000 1.000000
0.990698 0.009426 -0.135754 -0.000000 -0.032798 0.984729 -0.170979 0.620300 0.132069 0.173841 0.975878 0.186600 0.000000 0.000000 0.000000 1.000000
0.990404 0.006465 -0.138054 -0.000000 -0.029604 0.985644 -0.166223 0.620300 0.134998 0.168714 0.976377 0.186600 0.000000 0.000000 0.000000 1.000000
0.990032 0.003844 -0.140794 0.000000 -0.026584 0.986760 -0.159992 0.620300 0.138314 0.162140 0.977026 0.186600 0.000000 0.000000 0.000000 1.000000
0.990394 -0.002519 -0.138250 0.000000 -0.019243 0.987593 -0.155850 0.620300 0.136928 0.157014 0.978058 0.186600 0.000000 0.000000 0.000000 1.000000
0.991597 -0.009278 -0.129036 0.000000 -0.010733 0.988087 -0.153523 0.620300 0.128923 0.153618 0.979684 0.186600 0.000000 0.000000 0.000000 1.000000
0.993074 -0.011752 -0.116904 0.000000 -0.005802 0.988866 -0.148693 0.620300 0.117350 0.148341 0.981949 0.186600 0.000000 0.000000 0.000000 1.000000
0.994317 -0.009769 -0.106015 0.000000 -0.005576 0.989636 -0.143489 0.620300 0.106318 0.143264 0.983957 0.186600 0.000000 0.000000 0.000000 1.000000
0.995388 -0.009758 -0.095429 0.000000 -0.003921 0.989843 -0.142113 0.620300 0.095846 0.141832 0.985240 0.186600 0.000000 0.000000 0.000000 1.000000
0.996164 -0.011277 -0.086780 -0.000000 -0.001096 0.989976 -0.141229 0.620300 0.087502 0.140783 0.986166 0.186600 0.000000 0.000000 0.000000 1.000000
0.996429 -0.011708 -0.083622 -0.000000 -0.000429 0.989624 -0.143678 0.620300 0.084436 0.143201 0.986085 0.186600 0.000000 0.000000 0.000000 1.000000
0.996374 -0.011485 -0.084306 -0.000000 -0.000987 0.989221 -0.146425 0.620300 0.085079 0.145978 0.985623 0.186600 0.000000 0.000000 0.000000 1.000000
0.996185 -0.011440 -0.086517 -0.000000 -0.001603 0.988806 -0.149195 0.620300 0.087255 0.148764 0.985016 0.186600 0.000000 0.000000 0.000000 1.000000
0.995932 -0.011484 -0.089376 0.000000 -0.002303 0.988277 -0.152653 0.620300 0.090081 0.152238 0.984230 0.186600 0.000000 0.000000 0.000000 1.000000
0.995605 -0.011186 -0.092982 0.000000 -0.003267 0.988089 -0.153852 0.620300 0.093596 0.153479 0.983709 0.186600 0.000000 0.000000 0.000000 1.000000
0.995147 -0.009904 -0.097900 0.000000 -0.005298 0.988087 -0.153806 0.620300 0.098257 0.153578 0.983239 0.186600 0.000000 0.000000 0.000000 1.000000
0.994510 -0.007149 -0.104397 0.000000 -0.008953 0.988192 -0.152960 0.620300 0.104257 0.153055 0.982703 0.186600 0.000000 0.000000 0.000000 1.000000</float_array><technique_common><accessor source="#mixamorig_Spine-Matrix-animation-output-transform-array" count="67" stride="16"><param type="float4x4"/></accessor></technique_common></source><source id="mixamorig_Spine-Interpolations"><Name_array id="mixamorig_Spine-Interpolations-array" count="67">
 LINEAR LINEAR LINEAR LINEAR LINEAR LINEAR LINEAR LINEAR LINEAR LINEAR LINEAR
LINEAR LINEAR LINEAR LINEAR LINEAR LINEAR LINEAR LINEAR LINEAR LINEAR LINEAR LINEAR
LINEAR LINEAR LINEAR LINEAR LINEAR LINEAR LINEAR LINEAR LINEAR LINEAR LINEAR LINEAR
LINEAR LINEAR LINEAR LINEAR LINEAR LINEAR LINEAR LINEAR LINEAR LINEAR LINEAR LINEAR
LINEAR LINEAR LINEAR LINEAR LINEAR LINEAR LINEAR LINEAR LINEAR LINEAR LINEAR LINEAR
LINEAR LINEAR LINEAR LINEAR LINEAR LINEAR LINEAR LINEAR</Name_array><technique_common><accessor source="#mixamorig_Spine-Interpolations-array" count="67"><param type="name"/></accessor></technique_common></source><sampler id="mixamorig_Spine-Matrix-animation-transform"><input semantic="INPUT" source="#mixamorig_Spine-Matrix-animation-input"/><input semantic="OUTPUT" source="#mixamorig_Spine-Matrix-animation-output-transform"/><input semantic="INTERPOLATION" source="#mixamorig_Spine-Interpolations"/></sampler><channel source="#mixamorig_Spine-Matrix-animation-transform" target="mixamorig_Spine/matrix"/></animation>
    <animation id="mixamorig_Spine1-anim" name="mixamorig_Spine1"><source id="mixamorig_Spine1-Matrix-animation-input"><float_array id="mixamorig_Spine1-Matrix-animation-input-array" count="67">

0.000000 0.033333 0.066667 0.100000 0.133333 0.166667 0.200000 0.233333 0.266667 0.300000 0.333333 0.366667 0.400000 0.433333 0.466667 0.500000
0.533333 0.566667 0.600000 0.633333 0.666667 0.700000 0.733333 0.766667 0.800000 0.833333 0.866667 0.900000 0.933333 0.966667 1.000000 1.033333
1.066667 1.100000 1.133333 1.166667 1.200000 1.233333 1.266667 1.300000 1.333333 1.366667 1.400000 1.433333 1.466667 1.500000 1.533333 1.566667
1.600000 1.633333 1.666667 1.700000 1.733333 1.766667 1.800000 1.833333 1.866667 1.900000 1.933333 1.966667 2.000000 2.033333 2.066667 2.100000
2.133333 2.166667 2.200000</float_array><technique_common><accessor source="#mixamorig_Spine1-Matrix-animation-input-array" count="67"><param name="TIME" type="float"/></accessor></technique_common></source><source id="mixamorig_Spine1-Matrix-animation-output-transform"><float_array id="mixamorig_Spine1-Matrix-animation-output-transform-array" count="1072">

0.994840 -0.066153 -0.076918 0.000000 0.075985 0.988218 0.132860 0.755700 0.067222 -0.138019 0.988146 0.000000 0.000000 0.000000 0.000000 1.000000
0.994499 -0.061569 -0.084736 -0.000000 0.072622 0.988286 0.134229 0.755700 0.075479 -0.139644 0.987321 0.000000 0.000000 0.000000 0.000000 1.000000
0.994194 -0.056652 -0.091480 -0.000000 0.068833 0.988311 0.136025 0.755700 0.082704 -0.141532 0.986473 0.000000 0.000000 0.000000 0.000000 1.000000
0.994142 -0.052050 -0.094728 0.000000 0.064903 0.988290 0.138099 0.755700 0.086430 -0.143438 0.985878 0.000000 0.000000 0.000000 0.000000 1.000000
0.994522 -0.048124 -0.092789 -0.000000 0.060883 0.988280 0.139984 0.755700 0.084965 -0.144866 0.985796 0.000000 0.000000 0.000000 0.000000 1.000000
0.995293 -0.048320 -0.084011 -0.000000 0.059728 0.988481 0.139064 0.755700 0.076324 -0.143427 0.986713 0.000000 0.000000 0.000000 0.000000 1.000000
0.996076 -0.052423 -0.071306 0.000000 0.061820 0.988682 0.136695 0.755700 0.063333 -0.140567 0.988043 0.000000 0.000000 0.000000 0.000000 1.000000
0.997068 -0.054509 -0.053701 -0.000000 0.061145 0.989513 0.130862 0.755700 0.046005 -0.133761 0.989945 0.000000 0.000000 0.000000 0.000000 1.000000
0.997939 -0.056091 -0.031165 0.000000 0.059509 0.990680 0.122524 0.755700 0.024002 -0.124126 0.991976 0.000000 0.000000 0.000000 0.000000 1.000000
0.998537 -0.053814 -0.005260 0.000000 0.054064 0.992134 0.112907 0.755700 -0.000858 -0.113026 0.993592 0.000000 0.000000 0.000000 0.000000 1.000000
0.998503 -0.049450 0.023394 0.000000 0.046632 0.992991 0.108601 0.755700 -0.028600 -0.107348 0.993810 0.000000 0.000000 0.000000 0.000000 1.000000
0.997450 -0.044845 0.055518 0.000000 0.038580 0.993273 0.109183 0.755700 -0.060041 -0.106763 0.992470 0.000000 0.000000 0.000000 0.000000 1.000000
0.995087 -0.040710 0.090252 0.000000 0.030710 0.993507 0.109547 0.755700 -0.094125 -0.106237 0.989876 0.000000 0.000000 0.000000 0.000000 1.000000
0.991150 -0.037734 0.127272 0.000000 0.023470 0.993457 0.111765 0.755700 -0.130657 -0.107789 0.985551 -0.000000 0.000000 0.000000 0.000000 1.000000
0.986419 -0.035933 0.160269 0.000000 0.017419 0.993159 0.115462 0.755700 -0.163322 -0.111103 0.980297 0.000000 0.000000 0.000000 0.000000 1.000000
0.981220 -0.035563 0.189587 -0.000000 0.013096 0.992872 0.118466 0.755700 -0.192449 -0.113758 0.974691 0.000000 0.000000 0.000000 0.000000 1.000000
0.976131 -0.030214 0.215071 -0.000000 0.003610 0.992397 0.123028 0.755700 -0.217153 -0.119315 0.968818 0.000000 0.000000 0.000000 0.000000 1.000000
0.971631 -0.021430 0.235531 0.000000 -0.008919 0.991857 0.127041 0.755700 -0.236336 -0.125538 0.963528 0.000000 0.000000 0.000000 0.000000 1.000000
0.966245 -0.017740 0.257012 0.000000 -0.015758 0.991688 0.127694 0.755700 -0.257141 -0.127434 0.957935 -0.000000 0.000000 0.000000 0.000000 1.000000
0.959976 -0.009745 0.279912 0.000000 -0.027981 0.991058 0.130465 0.755700 -0.278680 -0.133076 0.951119 0.000000 0.000000 0.000000 0.000000 1.000000
0.952818 -0.001428 0.303539 0.000000 -0.041731 0.989877 0.135652 0.755700 -0.300660 -0.141919 0.943113 0.000000 0.000000 0.000000 0.000000 1.000000
0.949216 0.001331 0.314623 0.000000 -0.047178 0.989287 0.138151 0.755700 -0.311068 -0.145979 0.939110 0.000000 0.000000 0.000000 0.000000 1.000000
0.945603 0.003419 0.325306 -0.000000 -0.051826 0.988758 0.140258 0.755700 -0.321169 -0.149488 0.935149 -0.000000 0.000000 0.000000 0.000000 1.000000
0.941965 0.005327 0.335669 0.000000 -0.056108 0.988309 0.141767 0.755700 -0.330990 -0.152373 0.931251 0.000000 0.000000 0.000000 0.000000 1.000000
0.938323 0.007760 0.345672 0.000000 -0.060668 0.987933 0.142505 0.755700 -0.340395 -0.154687 0.927472 0.000000 0.000000 0.000000 0.000000 1.000000
0.934748 0.011097 0.355138 0.000000 -0.065773 0.987642 0.142258 0.755700 -0.349170 -0.156334 0.923926 0.000000 0.000000 0.000000 0.000000 1.000000
0.931320 0.014860 0.363899 -0.000000 -0.070850 0.987471 0.141003 0.755700 -0.357244 -0.157101 0.920704 0.000000 0.000000 0.000000 0.000000 1.000000
0.928492 0.017902 0.370920 0.000000 -0.074725 0.987413 0.139395 0.755700 -0.363756 -0.157144 0.918143 -0.000000 0.000000 0.000000 0.000000 1.000000
0.923012 0.024251 0.384005 0.000000 -0.082994 0.987067 0.137152 0.755700 -0.375713 -0.158463 0.913088 -0.000000 0.000000 0.000000 0.000000 1.000000
0.920243 0.028942 0.390277 -0.000000 -0.087282 0.987321 0.132588 0.755700 -0.381491 -0.156077 0.911101 -0.000000 0.000000 0.000000 0.000000 1.000000
0.924041 0.026486 0.381376 0.000000 -0.080144 0.988850 0.125507 0.755700 -0.373799 -0.146539 0.915861 0.000000 0.000000 0.000000 0.000000 1.000000
0.931709 0.027038 0.362197 0.000000 -0.073718 0.990546 0.115687 0.755700 -0.355645 -0.134487 0.924894 0.000000 0.000000 0.000000 0.000000 1.000000
0.940766 0.027468 0.337943 0.000000 -0.063287 0.993422 0.095433 0.755700 -0.333099 -0.111167 0.936316 0.000000 0.000000 0.000000 0.000000 1.000000
0.951502 0.017683 0.307133 -0.000000 -0.040693 0.996809 0.068678 0.755700 -0.304939 -0.077845 0.949185 0.000000 0.000000 0.000000 0.000000 1.000000
0.964088 0.015204 0.265149 0.000000 -0.025298 0.999078 0.034695 0.755700 -0.264377 -0.040157 0.963583 0.000000 0.000000 0.000000 0.000000 1.000000
0.978064 0.020193 0.207321 0.000000 -0.025717 0.999382 0.023983 0.755700 -0.206709 -0.028789 0.977979 0.000000 0.000000 0.000000 0.000000 1.000000
0.989175 0.022063 0.145071 0.000000 -0.027708 0.998931 0.037006 0.755700 -0.144100 -0.040625 0.988729 0.000000 0.000000 0.000000 0.000000 1.000000
0.994545 0.031654 0.099394 0.000000 -0.036378 0.998275 0.046079 0.755700 -0.097764 -0.049443 0.993981 0.000000 0.000000 0.000000 0.000000 1.000000
0.995299 0.040958 0.087765 -0.000000 -0.045990 0.997365 0.056100 0.755700 -0.085236 -0.059872 0.994560 0.000000 0.000000 0.000000 0.000000 1.000000
0.996019 0.034286 0.082285 0.000000 -0.040002 0.996824 0.068855 0.755700 -0.079663 -0.071873 0.994227 0.000000 0.000000 0.000000 0.000000 1.000000
0.999174 0.019829 0.035471 0.000000 -0.022231 0.997392 0.068662 0.755700 -0.034017 -0.069394 0.997009 0.000000 0.000000 0.000000 0.000000 1.000000
0.999809 0.013600 -0.014050 0.000000 -0.012628 0.997668 0.067071 0.755700 0.014930 -0.066880 0.997649 0.000000 0.000000 0.000000 0.000000 1.000000
0.998705 0.006524 -0.050457 0.000000 -0.002833 0.997338 0.072862 0.755700 0.050798 -0.072624 0.996065 0.000000 0.000000 0.000000 0.000000 1.000000
0.997816 -0.001118 -0.066048 0.000000 0.006596 0.996546 0.082777 0.755700 0.065727 -0.083032 0.994377 0.000000 0.000000 0.000000 0.000000 1.000000
0.997132 -0.006432 -0.075405 0.000000 0.013339 0.995720 0.091456 0.755700 0.074494 -0.092199 0.992950 0.000000 0.000000 0.000000 0.000000 1.000000
0.995829 -0.008157 -0.090870 -0.000000 0.016985 0.995158 0.096813 0.755700 0.089641 -0.097953 0.991146 0.000000 0.000000 0.000000 0.000000 1.000000
0.994603 -0.014248 -0.102774 0.000000 0.024542 0.994724 0.099609 0.755700 0.100813 -0.101594 0.989705 0.000000 0.000000 0.000000 0.000000 1.000000
0.993963 -0.025780 -0.106642 0.000000 0.036439 0.994396 0.099238 0.755700 0.103486 -0.102525 0.989333 0.000000 0.000000 0.000000 0.000000 1.000000
0.993722 -0.038092 -0.105196 0.000000 0.048445 0.994037 0.097687 0.755700 0.100848 -0.102170 0.989642 0.000000 0.000000 0.000000 0.000000 1.000000
0.993504 -0.048576 -0.102910 0.000000 0.058931 0.993231 0.100095 0.755700 0.097351 -0.105510 0.989642 0.000000 0.000000 0.000000 0.000000 1.000000
0.993100 -0.055848 -0.103114 0.000000 0.066972 0.991916 0.107785 0.755700 0.096261 -0.113947 0.988812 0.000000 0.000000 0.000000 0.000000 1.000000
0.992812 -0.059333 -0.103944 -0.000000 0.071281 0.990771 0.115290 0.755700 0.096144 -0.121871 0.987878 0.000000 0.000000 0.000000 0.000000 1.000000
0.992507 -0.059575 -0.106677 -0.000000 0.072369 0.990086 0.120383 0.755700 0.098447 -0.127201 0.986979 0.000000 0.000000 0.000000 0.000000 1.000000
0.992128 -0.060909 -0.109417 0.000000 0.074573 0.989289 0.125483 0.755700 0.100602 -0.132654 0.986044 0.000000 0.000000 0.000000 0.000000 1.000000
0.992100 -0.064766 -0.107438 -0.000000 0.078533 0.988490 0.129303 0.755700 0.097827 -0.136719 0.985768 0.000000 0.000000 0.000000 0.000000 1.000000
0.992665 -0.068793 -0.099421 -0.000000 0.081635 0.987952 0.131476 0.755700 0.089179 -0.138628 0.986321 -0.000000 0.000000 0.000000 0.000000 1.000000
0.993707 -0.069048 -0.088197 -0.000000 0.080636 0.987503 0.135410 0.755700 0.077745 -0.141669 0.986856 0.000000 0.000000 0.000000 0.000000 1.000000
0.994703 -0.068150 -0.076957 0.000000 0.078406 0.987150 0.139240 0.755700 0.066479 -0.144536 0.987264 0.000000 0.000000 0.000000 0.000000 1.000000
0.995430 -0.068356 -0.066687 -0.000000 0.077201 0.987048 0.140627 0.755700 0.056211 -0.145132 0.987814 0.000000 0.000000 0.000000 0.000000 1.000000
0.995910 -0.068484 -0.058929 0.000000 0.076204 0.987115 0.140703 0.755700 0.048534 -0.144618 0.988297 0.000000 0.000000 0.000000 0.000000 1.000000
0.996042 -0.068962 -0.056075 -0.000000 0.076142 0.987495 0.138044 0.755700 0.045854 -0.141767 0.988837 0.000000 0.000000 0.000000 0.000000 1.000000
0.995945 -0.070054 -0.056444 -0.000000 0.077196 0.987654 0.136309 0.755700 0.046198 -0.140114 0.989057 0.000000 0.000000 0.000000 0.000000 1.000000
0.995771 -0.070839 -0.058498 0.000000 0.078211 0.987721 0.135245 0.755700 0.048199 -0.139248 0.989084 -0.000000 0.000000 0.000000 0.000000 1.000000
0.995572 -0.071162 -0.061427 0.000000 0.078826 0.987976 0.133005 0.755700 0.051224 -0.137259 0.989210 0.000000 0.000000 0.000000 0.000000 1.000000
0.995350 -0.071099 -0.064991 0.000000 0.079200 0.988077 0.132027 0.755700 0.054829 -0.136560 0.989113 0.000000 0.000000 0.000000 0.000000 1.000000
0.995117 -0.069504 -0.070084 0.000000 0.078317 0.988145 0.132047 0.755700 0.060075 -0.136891 0.988763 0.000000 0.000000 0.000000 0.000000 1.000000
0.994840 -0.066153 -0.076918 -0.000000 0.075985 0.988218 0.132860 0.755700 0.067222 -0.138019 0.988146 -0.000000 0.000000 0.000000 0.000000 1.000000</float_array><technique_common><accessor source="#mixamorig_Spine1-Matrix-animation-output-transform-array" count="67" stride="16"><param type="float4x4"/></accessor></technique_common></source><source id="mixamorig_Spine1-Interpolations"><Name_array id="mixamorig_Spine1-Interpolations-array" count="67">
 LINEAR LINEAR LINEAR LINEAR LINEAR LINEAR LINEAR LINEAR LINEAR LINEAR LINEAR
LINEAR LINEAR LINEAR LINEAR LINEAR LINEAR LINEAR LINEAR LINEAR LINEAR LINEAR LINEAR
LINEAR LINEAR LINEAR LINEAR LINEAR LINEAR LINEAR LINEAR LINEAR LINEAR LINEAR LINEAR
LINEAR LINEAR LINEAR LINEAR LINEAR LINEAR LINEAR LINEAR LINEAR LINEAR LINEAR LINEAR
LINEAR LINEAR LINEAR LINEAR LINEAR LINEAR LINEAR LINEAR LINEAR LINEAR LINEAR LINEAR
LINEAR LINEAR LINEAR LINEAR LINEAR LINEAR LINEAR LINEAR</Name_array><technique_common><accessor source="#mixamorig_Spine1-Interpolations-array" count="67"><param type="name"/></accessor></technique_common></source><sampler id="mixamorig_Spine1-Matrix-animation-transform"><input semantic="INPUT" source="#mixamorig_Spine1-Matrix-animation-input"/><input semantic="OUTPUT" source="#mixamorig_Spine1-Matrix-animation-output-transform"/><input semantic="INTERPOLATION" source="#mixamorig_Spine1-Interpolations"/></sampler><channel source="#mixamorig_Spine1-Matrix-animation-transform" target="mixamorig_Spine1/matrix"/></animation>
    <animation id="mixamorig_Spine2-anim" name="mixamorig_Spine2"><source id="mixamorig_Spine2-Matrix-animation-input"><float_array id="mixamorig_Spine2-Matrix-animation-input-array" count="67">

0.000000 0.033333 0.066667 0.100000 0.133333 0.166667 0.200000 0.233333 0.266667 0.300000 0.333333 0.366667 0.400000 0.433333 0.466667 0.500000
0.533333 0.566667 0.600000 0.633333 0.666667 0.700000 0.733333 0.766667 0.800000 0.833333 0.866667 0.900000 0.933333 0.966667 1.000000 1.033333
1.066667 1.100000 1.133333 1.166667 1.200000 1.233333 1.266667 1.300000 1.333333 1.366667 1.400000 1.433333 1.466667 1.500000 1.533333 1.566667
1.600000 1.633333 1.666667 1.700000 1.733333 1.766667 1.800000 1.833333 1.866667 1.900000 1.933333 1.966667 2.000000 2.033333 2.066667 2.100000
2.133333 2.166667 2.200000</float_array><technique_common><accessor source="#mixamorig_Spine2-Matrix-animation-input-array" count="67"><param name="TIME" type="float"/></accessor></technique_common></source><source id="mixamorig_Spine2-Matrix-animation-output-transform"><float_array id="mixamorig_Spine2-Matrix-animation-output-transform-array" count="1072">

0.994665 -0.067077 -0.078377 0.000000 0.077007 0.988328 0.131441 0.863700 0.068645 -0.136776 0.988221 0.000000 0.000000 0.000000 0.000000 1.000000
0.994305 -0.062563 -0.086277 0.000000 0.073704 0.988416 0.132672 0.863700 0.076977 -0.138275 0.987398 0.000000 0.000000 0.000000 0.000000 1.000000
0.993980 -0.057704 -0.093130 0.000000 0.069970 0.988462 0.134336 0.863700 0.084304 -0.140043 0.986550 -0.000000 0.000000 0.000000 0.000000 1.000000
0.993916 -0.053121 -0.096488 0.000000 0.066065 0.988457 0.136339 0.863700 0.088132 -0.141884 0.985952 -0.000000 0.000000 0.000000 0.000000 1.000000
0.994299 -0.049158 -0.094619 -0.000000 0.062027 0.988451 0.138269 0.863700 0.086729 -0.143349 0.985865 -0.000000 0.000000 0.000000 0.000000 1.000000
0.995094 -0.049279 -0.085787 0.000000 0.060815 0.988630 0.137521 0.863700 0.078035 -0.142063 0.986777 -0.000000 0.000000 0.000000 0.000000 1.000000
0.995907 -0.053307 -0.072997 0.000000 0.062847 0.988803 0.135349 0.863700 0.064965 -0.139382 0.988105 0.000000 0.000000 0.000000 0.000000 1.000000
0.996939 -0.055313 -0.055251 0.000000 0.062099 0.989596 0.129786 0.863700 0.047497 -0.132819 0.990002 0.000000 0.000000 0.000000 0.000000 1.000000
