<?xml version="1.0" encoding="utf-8"?>
<COLLADA xmlns="http://www.collada.org/2005/11/COLLADASchema" version="1.4.1">
  <asset><contributor><author>Mixamo</author><authoring_tool>COLLADA Mixamo exporter</authoring_tool><comments></comments></contributor><created>2020-03-17T20:37:05Z</created><modified>2020-03-17T20:37:05Z</modified><revision></revision><title></title><unit meter="0.010000"/><up_axis>Y_UP</up_axis></asset>
  <library_animations>
    <animation id="mixamorig_Hips-anim" name="mixamorig_Hips"><source id="mixamorig_Hips-Matrix-animation-input"><float_array id="mixamorig_Hips-Matrix-animation-input-array" count="22">

0.000000 0.033333 0.066667 0.100000 0.133333 0.166667 0.200000 0.233333 0.266667 0.300000 0.333333 0.366667 0.400000 0.433333 0.466667 0.500000
0.533333 0.566667 0.600000 0.633333 0.666667 0.700000</float_array><technique_common><accessor source="#mixamorig_Hips-Matrix-animation-input-array" count="22"><param name="TIME" type="float"/></accessor></technique_common></source><source id="mixamorig_Hips-Matrix-animation-output-transform"><float_array id="mixamorig_Hips-Matrix-animation-output-transform-array" count="352">

-0.725082 0.066842 0.685411 -0.066361 0.018757 0.996826 -0.077369 3.817256 -0.688407 -0.043242 -0.724035 0.095039 0.000000 0.000000 0.000000 1.000000
-0.725223 0.065693 0.685372 -0.067596 0.017665 0.996885 -0.076859 3.817751 -0.688287 -0.043633 -0.724125 0.093487 0.000000 0.000000 0.000000 1.000000
-0.725567 0.063124 0.685250 -0.069609 0.015529 0.997032 -0.075403 3.818016 -0.687976 -0.044069 -0.724394 0.091558 0.000000 0.000000 0.000000 1.000000
-0.726055 0.059527 0.685056 -0.072109 0.012669 0.997235 -0.073227 3.818197 -0.687520 -0.044487 -0.724801 0.089490 0.000000 0.000000 0.000000 1.000000
-0.726630 0.055281 0.684802 -0.074795 0.009389 0.997463 -0.070558 3.818354 -0.686965 -0.044840 -0.725306 0.087532 0.000000 0.000000 0.000000 1.000000
-0.727234 0.050797 0.684507 -0.077317 0.006039 0.997693 -0.067624 3.818508 -0.686363 -0.045045 -0.725863 0.085977 0.000000 0.000000 0.000000 1.000000
-0.727812 0.046487 0.684199 -0.079341 0.002964 0.997904 -0.064648 3.818557 -0.685770 -0.045024 -0.726424 0.085126 0.000000 0.000000 0.000000 1.000000
-0.728320 0.042665 0.683908 -0.080765 0.000383 0.998085 -0.061857 3.818403 -0.685237 -0.044790 -0.726942 0.084997 0.000000 0.000000 0.000000 1.000000
-0.728716 0.039646 0.683667 -0.081489 -0.001489 0.998229 -0.059475 3.818272 -0.684814 -0.044359 -0.727366 0.085501 0.000000 0.000000 0.000000 1.000000
-0.728974 0.037680 0.683504 -0.081483 -0.002520 0.998329 -0.057724 3.818211 -0.684537 -0.043802 -0.727661 0.086526 0.000000 0.000000 0.000000 1.000000
-0.729069 0.037006 0.683439 -0.080770 -0.002596 0.998381 -0.056828 3.818199 -0.684435 -0.043206 -0.727793 0.087953 0.000000 0.000000 0.000000 1.000000
-0.728989 0.037738 0.683485 -0.079415 -0.001663 0.998379 -0.056898 3.818291 -0.684524 -0.042614 -0.727744 0.089667 0.000000 0.000000 0.000000 1.000000
-0.728761 0.039613 0.683622 -0.077589 0.000083 0.998330 -0.057761 3.818577 -0.684768 -0.042037 -0.727547 0.091531 0.000000 0.000000 0.000000 1.000000
-0.728412 0.042381 0.683828 -0.075455 0.002444 0.998239 -0.059265 3.819013 -0.685135 -0.041498 -0.727233 0.093423 0.000000 0.000000 0.000000 1.000000
-0.727964 0.045816 0.684082 -0.073156 0.005243 0.998108 -0.061268 3.819539 -0.685595 -0.041014 -0.726827 0.095233 0.000000 0.000000 0.000000 1.000000
-0.727451 0.049655 0.684360 -0.070849 0.008258 0.997939 -0.063630 3.820072 -0.686110 -0.040636 -0.726362 0.096827 0.000000 0.000000 0.000000 1.000000
-0.726907 0.053638 0.684638 -0.068716 0.011264 0.997742 -0.066209 3.820527 -0.686644 -0.040416 -0.725870 0.098053 0.000000 0.000000 0.000000 1.000000
-0.726372 0.057485 0.684893 -0.066981 0.014013 0.997528 -0.068864 3.820786 -0.687158 -0.040423 -0.725382 0.098743 0.000000 0.000000 0.000000 1.000000
-0.725902 0.060875 0.685099 -0.065961 0.016201 0.997313 -0.071451 3.820676 -0.687607 -0.040767 -0.724938 0.098770 0.000000 0.000000 0.000000 1.000000
-0.725526 0.063615 0.685248 -0.065658 0.017699 0.997114 -0.073828 3.820045 -0.687967 -0.041436 -0.724558 0.098123 0.000000 0.000000 0.000000 1.000000
-0.725253 0.065621 0.685348 -0.065860 0.018529 0.996947 -0.075849 3.818831 -0.688233 -0.042311 -0.724255 0.096825 0.000000 0.000000 0.000000 1.000000
-0.725082 0.066842 0.685411 -0.066361 0.018757 0.996826 -0.077369 3.817256 -0.688407 -0.043242 -0.724035 0.095039 0.000000 0.000000 0.000000 1.000000</float_array><technique_common><accessor source="#mixamorig_Hips-Matrix-animation-output-transform-array" count="22" stride="16"><param type="float4x4"/></accessor></technique_common></source><source id="mixamorig_Hips-Interpolations"><Name_array id="mixamorig_Hips-Interpolations-array" count="22">
 LINEAR LINEAR LINEAR LINEAR LINEAR LINEAR LINEAR LINEAR LINEAR LINEAR LINEAR
LINEAR LINEAR LINEAR LINEAR LINEAR LINEAR LINEAR LINEAR LINEAR LINEAR LINEAR</Name_array><technique_common><accessor source="#mixamorig_Hips-Interpolations-array" count="22"><param type="name"/></accessor></technique_common></source><sampler id="mixamorig_Hips-Matrix-animation-transform"><input semantic="INPUT" source="#mixamorig_Hips-Matrix-animation-input"/><input semantic="OUTPUT" source="#mixamorig_Hips-Matrix-animation-output-transform"/><input semantic="INTERPOLATION" source="#mixamorig_Hips-Interpolations"/></sampler><channel source="#mixamorig_Hips-Matrix-animation-transform" target="mixamorig_Hips/matrix"/></animation>
    <animation id="mixamorig_Spine-anim" name="mixamorig_Spine"><source id="mixamorig_Spine-Matrix-animation-input"><float_array id="mixamorig_Spine-Matrix-animation-input-array" count="22">

0.000000 0.033333 0.066667 0.100000 0.133333 0.166667 0.200000 0.233333 0.266667 0.300000 0.333333 0.366667 0.400000 0.433333 0.466667 0.500000
0.533333 0.566667 0.600000 0.633333 0.666667 0.700000</float_array><technique_common><accessor source="#mixamorig_Spine-Matrix-animation-input-array" count="22"><param name="TIME" type="float"/></accessor></technique_common></source><source id="mixamorig_Spine-Matrix-animation-output-transform"><float_array id="mixamorig_Spine-Matrix-animation-output-transform-array" count="352">

0.999209 -0.037111 0.014280 -0.000000 0.037581 0.998708 -0.034196 0.620300 -0.012993 0.034706 0.999313 0.186600 0.000000 0.000000 0.000000 1.000000
0.999171 -0.037934 0.014745 -0.000000 0.038419 0.998680 -0.034087 0.620300 -0.013433 0.034625 0.999310 0.186600 0.000000 0.000000 0.000000 1.000000
0.999118 -0.039209 0.015032 0.000000 0.039700 0.998636 -0.033910 0.620300 -0.013682 0.034477 0.999312 0.186600 0.000000 0.000000 0.000000 1.000000
0.999055 -0.040746 0.015107 -0.000000 0.041236 0.998581 -0.033689 0.620300 -0.013713 0.034281 0.999318 0.186600 0.000000 0.000000 0.000000 1.000000
0.998990 -0.042375 0.014938 0.000000 0.042855 0.998521 -0.033451 0.620300 -0.013498 0.034058 0.999329 0.186600 0.000000 0.000000 0.000000 1.000000
0.998932 -0.043880 0.014495 -0.000000 0.044341 0.998464 -0.033225 0.620300 -0.013015 0.033833 0.999343 0.186600 0.000000 0.000000 0.000000 1.000000
0.998890 -0.045049 0.013770 -0.000000 0.045483 0.998419 -0.033040 0.620300 -0.012260 0.033630 0.999359 0.186600 0.000000 0.000000 0.000000 1.000000
0.998867 -0.045813 0.012853 -0.000000 0.046214 0.998389 -0.032906 0.620300 -0.011325 0.033463 0.999376 0.186600 0.000000 0.000000 0.000000 1.000000
0.998866 -0.046107 0.011874 -0.000000 0.046475 0.998380 -0.032827 0.620300 -0.010341 0.033342 0.999391 0.186600 0.000000 0.000000 0.000000 1.000000
0.998884 -0.045951 0.010932 -0.000000 0.046287 0.998389 -0.032805 0.620300 -0.009407 0.033275 0.999402 0.186600 0.000000 0.000000 0.000000 1.000000
0.998918 -0.045384 0.010126 0.000000 0.045694 0.998416 -0.032840 0.620300 -0.008620 0.033267 0.999409 0.186600 0.000000 0.000000 0.000000 1.000000
0.998967 -0.044433 0.009525 0.000000 0.044724 0.998457 -0.032926 0.620300 -0.008047 0.033318 0.999412 0.186600 0.000000 0.000000 0.000000 1.000000
0.999025 -0.043186 0.009126 -0.000000 0.043465 0.998508 -0.033048 0.620300 -0.007685 0.033412 0.999412 0.186600 0.000000 0.000000 0.000000 1.000000
0.999088 -0.041743 0.008931 -0.000000 0.042018 0.998565 -0.033193 0.620300 -0.007533 0.033538 0.999409 0.186600 0.000000 0.000000 0.000000 1.000000
0.999152 -0.040191 0.008945 0.000000 0.040468 0.998624 -0.033350 0.620300 -0.007592 0.033684 0.999404 0.186600 0.000000 0.000000 0.000000 1.000000
0.999210 -0.038662 0.009169 0.000000 0.038949 0.998679 -0.033511 0.620300 -0.007862 0.033842 0.999396 0.186600 0.000000 0.000000 0.000000 1.000000
0.999258 -0.037293 0.009604 -0.000000 0.037597 0.998726 -0.033665 0.620300 -0.008336 0.034001 0.999387 0.186600 0.000000 0.000000 0.000000 1.000000
0.999290 -0.036244 0.010252 0.000000 0.036572 0.998759 -0.033803 0.620300 -0.009014 0.034154 0.999376 0.186600 0.000000 0.000000 0.000000 1.000000
0.999299 -0.035733 0.011127 0.000000 0.036092 0.998772 -0.033932 0.620300 -0.009901 0.034310 0.999362 0.186600 0.000000 0.000000 0.000000 1.000000
0.999285 -0.035796 0.012164 -0.000000 0.036192 0.998765 -0.034050 0.620300 -0.010930 0.034466 0.999346 0.186600 0.000000 0.000000 0.000000 1.000000
0.999253 -0.036311 0.013252 0.000000 0.036745 0.998741 -0.034143 0.620300 -0.011995 0.034605 0.999329 0.186600 0.000000 0.000000 0.000000 1.000000
0.999209 -0.037111 0.014280 -0.000000 0.037581 0.998708 -0.034196 0.620300 -0.012993 0.034706 0.999313 0.186600 0.000000 0.000000 0.000000 1.000000</float_array><technique_common><accessor source="#mixamorig_Spine-Matrix-animation-output-transform-array" count="22" stride="16"><param type="float4x4"/></accessor></technique_common></source><source id="mixamorig_Spine-Interpolations"><Name_array id="mixamorig_Spine-Interpolations-array" count="22">
 LINEAR LINEAR LINEAR LINEAR LINEAR LINEAR LINEAR LINEAR LINEAR LINEAR LINEAR
LINEAR LINEAR LINEAR LINEAR LINEAR LINEAR LINEAR LINEAR LINEAR LINEAR LINEAR</Name_array><technique_common><accessor source="#mixamorig_Spine-Interpolations-array" count="22"><param type="name"/></accessor></technique_common></source><sampler id="mixamorig_Spine-Matrix-animation-transform"><input semantic="INPUT" source="#mixamorig_Spine-Matrix-animation-input"/><input semantic="OUTPUT" source="#mixamorig_Spine-Matrix-animation-output-transform"/><input semantic="INTERPOLATION" source="#mixamorig_Spine-Interpolations"/></sampler><channel source="#mixamorig_Spine-Matrix-animation-transform" target="mixamorig_Spine/matrix"/></animation>
    <animation id="mixamorig_Spine1-anim" name="mixamorig_Spine1"><source id="mixamorig_Spine1-Matrix-animation-input"><float_array id="mixamorig_Spine1-Matrix-animation-input-array" count="22">

0.000000 0.033333 0.066667 0.100000 0.133333 0.166667 0.200000 0.233333 0.266667 0.300000 0.333333 0.366667 0.400000 0.433333 0.466667 0.500000
0.533333 0.566667 0.600000 0.633333 0.666667 0.700000</float_array><technique_common><accessor source="#mixamorig_Spine1-Matrix-animation-input-array" count="22"><param name="TIME" type="float"/></accessor></technique_common></source><source id="mixamorig_Spine1-Matrix-animation-output-transform"><float_array id="mixamorig_Spine1-Matrix-animation-output-transform-array" count="352">

0.992710 -0.120427 0.004855 -0.000000 0.102295 0.863180 0.494425 0.755700 -0.063732 -0.490324 0.869207 0.000000 0.000000 0.000000 0.000000 1.000000
0.992629 -0.121062 0.005619 0.000000 0.102457 0.863042 0.494632 0.755700 -0.064731 -0.490410 0.869084 0.000000 0.000000 0.000000 0.000000 1.000000
0.992459 -0.122436 0.005898 -0.000000 0.103493 0.862744 0.494937 0.755700 -0.065686 -0.490594 0.868909 0.000000 0.000000 0.000000 0.000000 1.000000
0.992223 -0.124341 0.005669 0.000000 0.105233 0.862325 0.495299 0.755700 -0.066475 -0.490850 0.868704 0.000000 0.000000 0.000000 0.000000 1.000000
0.991946 -0.126568 0.004915 0.000000 0.107510 0.861830 0.495672 0.755700 -0.066972 -0.491151 0.868496 -0.000000 0.000000 0.000000 0.000000 1.000000
0.991650 -0.128909 0.003617 -0.000000 0.110155 0.861303 0.496008 0.755700 -0.067055 -0.491467 0.868311 0.000000 0.000000 0.000000 0.000000 1.000000
0.991359 -0.131161 0.001778 0.000000 0.112997 0.860791 0.496257 0.755700 -0.066620 -0.491768 0.868174 0.000000 0.000000 0.000000 0.000000 1.000000
0.991093 -0.133169 -0.000407 0.000000 0.115803 0.860332 0.496406 0.755700 -0.065756 -0.492032 0.868090 0.000000 0.000000 0.000000 0.000000 1.000000
0.990871 -0.134789 -0.002679 0.000000 0.118324 0.859959 0.496458 0.755700 -0.064613 -0.492243 0.868057 0.000000 0.000000 0.000000 0.000000 1.000000
0.990714 -0.135874 -0.004801 0.000000 0.120313 0.859707 0.496416 0.755700 -0.063323 -0.492385 0.868071 0.000000 0.000000 0.000000 0.000000 1.000000
0.990649 -0.136277 -0.006535 -0.000000 0.121525 0.859608 0.496292 0.755700 -0.062016 -0.492445 0.868131 -0.000000 0.000000 0.000000 0.000000 1.000000
0.990687 -0.135937 -0.007724 0.000000 0.121828 0.859675 0.496101 0.755700 -0.060798 -0.492422 0.868230 -0.000000 0.000000 0.000000 0.000000 1.000000
0.990809 -0.135005 -0.008403 0.000000 0.121369 0.859872 0.495873 0.755700 -0.059720 -0.492335 0.868355 0.000000 0.000000 0.000000 0.000000 1.000000
0.990996 -0.133614 -0.008590 -0.000000 0.120271 0.860167 0.495628 0.755700 -0.058834 -0.492198 0.868493 0.000000 0.000000 0.000000 0.000000 1.000000
0.991230 -0.131886 -0.008296 0.000000 0.118643 0.860534 0.495384 0.755700 -0.058195 -0.492024 0.868634 0.000000 0.000000 0.000000 0.000000 1.000000
0.991493 -0.129945 -0.007533 -0.000000 0.116598 0.860944 0.495157 0.755700 -0.057858 -0.491823 0.868771 0.000000 0.000000 0.000000 0.000000 1.000000
0.991765 -0.127915 -0.006310 0.000000 0.114246 0.861373 0.494959 0.755700 -0.057878 -0.491604 0.868894 0.000000 0.000000 0.000000 0.000000 1.000000
0.992030 -0.125920 -0.004632 0.000000 0.111700 0.861797 0.494801 0.755700 -0.058313 -0.491375 0.868994 0.000000 0.000000 0.000000 0.000000 1.000000
0.992268 -0.124091 -0.002472 0.000000 0.109059 0.862212 0.494668 0.755700 -0.059252 -0.491113 0.869078 -0.000000 0.000000 0.000000 0.000000 1.000000
0.992466 -0.122518 0.000011 -0.000000 0.106481 0.862602 0.494550 0.755700 -0.060601 -0.490823 0.869149 0.000000 0.000000 0.000000 0.000000 1.000000
0.992616 -0.121273 0.002545 -0.000000 0.104162 0.862935 0.494463 0.755700 -0.062161 -0.490546 0.869195 0.000000 0.000000 0.000000 0.000000 1.000000
0.992710 -0.120427 0.004855 -0.000000 0.102295 0.863180 0.494425 0.755700 -0.063732 -0.490324 0.869207 0.000000 0.000000 0.000000 0.000000 1.000000</float_array><technique_common><accessor source="#mixamorig_Spine1-Matrix-animation-output-transform-array" count="22" stride="16"><param type="float4x4"/></accessor></technique_common></source><source id="mixamorig_Spine1-Interpolations"><Name_array id="mixamorig_Spine1-Interpolations-array" count="22">
 LINEAR LINEAR LINEAR LINEAR LINEAR LINEAR LINEAR LINEAR LINEAR LINEAR LINEAR
LINEAR LINEAR LINEAR LINEAR LINEAR LINEAR LINEAR LINEAR LINEAR LINEAR LINEAR</Name_array><technique_common><accessor source="#mixamorig_Spine1-Interpolations-array" count="22"><param type="name"/></accessor></technique_common></source><sampler id="mixamorig_Spine1-Matrix-animation-transform"><input semantic="INPUT" source="#mixamorig_Spine1-Matrix-animation-input"/><input semantic="OUTPUT" source="#mixamorig_Spine1-Matrix-animation-output-transform"/><input semantic="INTERPOLATION" source="#mixamorig_Spine1-Interpolations"/></sampler><channel source="#mixamorig_Spine1-Matrix-animation-transform" target="mixamorig_Spine1/matrix"/></animation>
    <animation id="mixamorig_Spine2-anim" name="mixamorig_Spine2"><source id="mixamorig_Spine2-Matrix-animation-input"><float_array id="mixamorig_Spine2-Matrix-animation-input-array" count="22">

0.000000 0.033333 0.066667 0.100000 0.133333 0.166667 0.200000 0.233333 0.266667 0.300000 0.333333 0.366667 0.400000 0.433333 0.466667 0.500000
0.533333 0.566667 0.600000 0.633333 0.666667 0.700000</float_array><technique_common><accessor source="#mixamorig_Spine2-Matrix-animation-input-array" count="22"><param name="TIME" type="float"/></accessor></technique_common></source><source id="mixamorig_Spine2-Matrix-animation-output-transform"><float_array id="mixamorig_Spine2-Matrix-animation-output-transform-array" count="352">

0.992710 -0.120427 0.004855 -0.000000 0.102295 0.863180 0.494425 0.863700 -0.063733 -0.490324 0.869207 -0.000000 0.000000 0.000000 0.000000 1.000000
0.992629 -0.121062 0.005620 0.000000 0.102457 0.863042 0.494632 0.863700 -0.064731 -0.490410 0.869084 0.000000 0.000000 0.000000 0.000000 1.000000
0.992459 -0.122436 0.005898 0.000000 0.103493 0.862744 0.494937 0.863700 -0.065686 -0.490594 0.868909 -0.000000 0.000000 0.000000 0.000000 1.000000
0.992223 -0.124341 0.005669 -0.000000 0.105233 0.862325 0.495299 0.863700 -0.066475 -0.490850 0.868704 0.000000 0.000000 0.000000 0.000000 1.000000
0.991946 -0.126568 0.004915 0.000000 0.107510 0.861830 0.495672 0.863700 -0.066973 -0.491152 0.868496 0.000000 0.000000 0.000000 0.000000 1.000000
0.991650 -0.128909 0.003618 0.000000 0.110155 0.861303 0.496008 0.863700 -0.067056 -0.491467 0.868311 0.000000 0.000000 0.000000 0.000000 1.000000
0.991359 -0.131161 0.001778 -0.000000 0.112997 0.860791 0.496257 0.863700 -0.066620 -0.491768 0.868174 0.000000 0.000000 0.000000 0.000000 1.000000
0.991093 -0.133169 -0.000407 0.000000 0.115803 0.860332 0.496406 0.863700 -0.065756 -0.492032 0.868090 0.000000 0.000000 0.000000 0.000000 1.000000
0.990871 -0.134789 -0.002679 -0.000000 0.118324 0.859959 0.496458 0.863700 -0.064613 -0.492242 0.868057 0.000000 0.000000 0.000000 0.000000 1.000000
0.990714 -0.135875 -0.004801 0.000000 0.120313 0.859707 0.496417 0.863700 -0.063323 -0.492385 0.868071 -0.000000 0.000000 0.000000 0.000000 1.000000
0.990649 -0.136277 -0.006536 -0.000000 0.121525 0.859608 0.496292 0.863700 -0.062015 -0.492445 0.868131 0.000000 0.000000 0.000000 0.000000 1.000000
0.990687 -0.135937 -0.007724 0.000000 0.121829 0.859675 0.496102 0.863700 -0.060798 -0.492423 0.868230 0.000000 0.000000 0.000000 0.000000 1.000000
0.990809 -0.135006 -0.008403 -0.000000 0.121370 0.859872 0.495873 0.863700 -0.059720 -0.492335 0.868354 -0.000000 0.000000 0.000000 0.000000 1.000000
0.990996 -0.133614 -0.008590 0.000000 0.120271 0.860167 0.495628 0.863700 -0.058834 -0.492199 0.868492 0.000000 0.000000 0.000000 0.000000 1.000000
0.991230 -0.131886 -0.008296 0.000000 0.118643 0.860534 0.495384 0.863700 -0.058195 -0.492024 0.868635 0.000000 0.000000 0.000000 0.000000 1.000000
0.991493 -0.129945 -0.007533 -0.000000 0.116598 0.860944 0.495157 0.863700 -0.057858 -0.491822 0.868771 -0.000000 0.000000 0.000000 0.000000 1.000000
0.991765 -0.127915 -0.006310 0.000000 0.114246 0.861373 0.494959 0.863700 -0.057877 -0.491604 0.868894 0.000000 0.000000 0.000000 0.000000 1.000000
0.992030 -0.125920 -0.004632 0.000000 0.111700 0.861798 0.494801 0.863700 -0.058314 -0.491375 0.868994 0.000000 0.000000 0.000000 0.000000 1.000000
0.992268 -0.124091 -0.002472 -0.000000 0.109059 0.862212 0.494668 0.863700 -0.059252 -0.491113 0.869078 0.000000 0.000000 0.000000 0.000000 1.000000
0.992466 -0.122518 0.000011 -0.000000 0.106481 0.862602 0.494550 0.863700 -0.060601 -0.490823 0.869149 0.000000 0.000000 0.000000 0.000000 1.000000
0.992616 -0.121274 0.002545 0.000000 0.104162 0.862935 0.494462 0.863700 -0.062161 -0.490546 0.869195 0.000000 0.000000 0.000000 0.000000 1.000000
0.992710 -0.120427 0.004855 -0.000000 0.102295 0.863180 0.494425 0.863700 -0.063733 -0.490324 0.869207 -0.000000 0.000000 0.000000 0.000000 1.000000</float_array><technique_common><accessor source="#mixamorig_Spine2-Matrix-animation-output-transform-array" count="22" stride="16"><param type="float4x4"/></accessor></technique_common></source><source id="mixamorig_Spine2-Interpolations"><Name_array id="mixamorig_Spine2-Interpolations-array" count="22">
 LINEAR LINEAR LINEAR LINEAR LINEAR LINEAR LINEAR LINEAR LINEAR LINEAR LINEAR
LINEAR LINEAR LINEAR LINEAR LINEAR LINEAR LINEAR LINEAR LINEAR LINEAR LINEAR</Name_array><technique_common><accessor source="#mixamorig_Spine2-Interpolations-array" count="22"><param type="name"/></accessor></technique_common></source><sampler id="mixamorig_Spine2-Matrix-animation-transform"><input semantic="INPUT" source="#mixamorig_Spine2-Matrix-animation-input"/><input semantic="OUTPUT" source="#mixamorig_Spine2-Matrix-animation-output-transform"/><input semantic="INTERPOLATION" source="#mixamorig_Spine2-Interpolations"/></sampler><channel source="#mixamorig_Spine2-Matrix-animation-transform" target="mixamorig_Spine2/matrix"/></animation>
    <animation id="mixamorig_Neck-anim" name="mixamorig_Neck"><source id="mixamorig_Neck-Matrix-animation-input"><float_array id="mixamorig_Neck-Matrix-animation-input-array" count="22">

0.000000 0.033333 0.066667 0.100000 0.133333 0.166667 0.200000 0.233333 0.266667 0.300000 0.333333 0.366667 0.400000 0.433333 0.466667 0.500000
0.533333 0.566667 0.600000 0.633333 0.666667 0.700000</float_array><technique_common><accessor source="#mixamorig_Neck-Matrix-animation-input-array" count="22"><param name="TIME" type="float"/></accessor></technique_common></source><source id="mixamorig_Neck-Matrix-animation-output-transform"><float_array id="mixamorig_Neck-Matrix-animation-output-transform-array" count="352">

0.990538 -0.113187 0.077608 0.000000 0.082985 0.944393 0.318175 0.971700 -0.109306 -0.308725 0.944850 0.000000 0.000000 0.000000 0.000000 1.000000
0.991340 -0.107496 0.075431 0.000000 0.078262 0.944865 0.317972 0.971700 -0.105453 -0.309314 0.945095 -0.000000 0.000000 0.000000 0.000000 1.000000
0.992218 -0.100957 0.072873 0.000000 0.072842 0.945337 0.317857 0.971700 -0.100979 -0.310075 0.945334 0.000000 0.000000 0.000000 0.000000 1.000000
0.993046 -0.094450 0.070282 -0.000000 0.067457 0.945743 0.317835 0.971700 -0.096489 -0.310883 0.945538 -0.000000 0.000000 0.000000 0.000000 1.000000
0.993719 -0.088866 0.068008 0.000000 0.062844 0.946034 0.317916 0.971700 -0.092590 -0.311645 0.945677 0.000000 0.000000 0.000000 0.000000 1.000000
0.994157 -0.085099 0.066403 0.000000 0.059744 0.946171 0.318106 0.971700 -0.089899 -0.312280 0.945727 0.000000 0.000000 0.000000 0.000000 1.000000
0.994297 -0.083945 0.065782 0.000000 0.058813 0.946128 0.318405 0.971700 -0.088967 -0.312720 0.945669 0.000000 0.000000 0.000000 0.000000 1.000000
0.994170 -0.085201 0.066087 -0.000000 0.059879 0.945943 0.318759 0.971700 -0.089673 -0.312943 0.945529 0.000000 0.000000 0.000000 0.000000 1.000000
0.993824 -0.088349 0.067139 -0.000000 0.062511 0.945660 0.319091 0.971700 -0.091682 -0.312923 0.945343 0.000000 0.000000 0.000000 0.000000 1.000000
0.993289 -0.092974 0.068797 0.000000 0.066365 0.945314 0.319339 0.971700 -0.094725 -0.312630 0.945140 0.000000 0.000000 0.000000 0.000000 1.000000
0.992591 -0.098660 0.070923 0.000000 0.071099 0.944937 0.319437 0.971700 -0.098534 -0.312027 0.944950 0.000000 0.000000 0.000000 0.000000 1.000000
0.991764 -0.104982 0.073364 0.000000 0.076362 0.944555 0.319351 0.971700 -0.102822 -0.311119 0.944792 0.000000 0.000000 0.000000 0.000000 1.000000
0.990861 -0.111486 0.075932 0.000000 0.081778 0.944179 0.319122 0.971700 -0.107271 -0.309996 0.944667 0.000000 0.000000 0.000000 0.000000 1.000000
0.989943 -0.117723 0.078446 0.000000 0.086977 0.943826 0.318790 0.971700 -0.111568 -0.308760 0.944574 0.000000 0.000000 0.000000 0.000000 1.000000
0.989087 -0.123252 0.080722 0.000000 0.091590 0.943525 0.318389 0.971700 -0.115405 -0.307521 0.944517 0.000000 0.000000 0.000000 0.000000 1.000000
0.988378 -0.127632 0.082579 0.000000 0.095247 0.943311 0.317949 0.971700 -0.118478 -0.306389 0.944505 -0.000000 0.000000 0.000000 0.000000 1.000000
0.987907 -0.130426 0.083834 -0.000000 0.097582 0.943219 0.317514 0.971700 -0.120486 -0.305494 0.944541 -0.000000 0.000000 0.000000 0.000000 1.000000
0.987768 -0.131182 0.084299 0.000000 0.098211 0.943286 0.317121 0.971700 -0.121118 -0.304963 0.944631 0.000000 0.000000 0.000000 0.000000 1.000000
0.988064 -0.129316 0.083704 0.000000 0.096623 0.943479 0.317035 0.971700 -0.119971 -0.305164 0.944713 0.000000 0.000000 0.000000 0.000000 1.000000
0.988732 -0.125136 0.082159 0.000000 0.093075 0.943743 0.317312 0.971700 -0.117244 -0.306089 0.944756 0.000000 0.000000 0.000000 0.000000 1.000000
0.989607 -0.119479 0.080012 0.000000 0.088288 0.944053 0.317755 0.971700 -0.113501 -0.307389 0.944791 -0.000000 0.000000 0.000000 0.000000 1.000000
0.990538 -0.113187 0.077608 0.000000 0.082985 0.944393 0.318175 0.971700 -0.109306 -0.308725 0.944850 0.000000 0.000000 0.000000 0.000000 1.000000</float_array><technique_common><accessor source="#mixamorig_Neck-Matrix-animation-output-transform-array" count="22" stride="16"><param type="float4x4"/></accessor></technique_common></source><source id="mixamorig_Neck-Interpolations"><Name_array id="mixamorig_Neck-Interpolations-array" count="22">
 LINEAR LINEAR LINEAR LINEAR LINEAR LINEAR LINEAR LINEAR LINEAR LINEAR LINEAR
LINEAR LINEAR LINEAR LINEAR LINEAR LINEAR LINEAR LINEAR LINEAR LINEAR LINEAR</Name_array><technique_common><accessor source="#mixamorig_Neck-Interpolations-array" count="22"><param type="name"/></accessor></technique_common></source><sampler id="mixamorig_Neck-Matrix-animation-transform"><input semantic="INPUT" source="#mixamorig_Neck-Matrix-animation-input"/><input semantic="OUTPUT" source="#mixamorig_Neck-Matrix-animation-output-transform"/><input semantic="INTERPOLATION" source="#mixamorig_Neck-Interpolations"/></sampler><channel source="#mixamorig_Neck-Matrix-animation-transform" target="mixamorig_Neck/matrix"/></animation>
    <animation id="mixamorig_Head-anim" name="mixamorig_Head"><source id="mixamorig_Head-Matrix-animation-input"><float_array id="mixamorig_Head-Matrix-animation-input-array" count="22">

0.000000 0.033333 0.066667 0.100000 0.133333 0.166667 0.200000 0.233333 0.266667 0.300000 0.333333 0.366667 0.400000 0.433333 0.466667 0.500000
0.533333 0.566667 0.600000 0.633333 0.666667 0.700000</float_array><technique_common><accessor source="#mixamorig_Head-Matrix-animation-input-array" count="22"><param name="TIME" type="float"/></accessor></technique_common></source><source id="mixamorig_Head-Matrix-animation-output-transform"><float_array id="mixamorig_Head-Matrix-animation-output-transform-array" count="352">

0.991466 0.026911 0.127560 -0.000000 -0.031816 0.998824 0.036572 0.564100 -0.126426 -0.040319 0.991156 -0.072900 0.000000 0.000000 0.000000 1.000000
0.991530 0.023655 0.127703 -0.000000 -0.028545 0.998922 0.036605 0.564100 -0.126699 -0.039940 0.991137 -0.072900 0.000000 0.000000 0.000000 1.000000
0.991639 0.020424 0.127413 0.000000 -0.025165 0.999045 0.035708 0.564100 -0.126562 -0.038616 0.991207 -0.072900 0.000000 0.000000 0.000000 1.000000
0.991778 0.017637 0.126753 0.000000 -0.022119 0.999176 0.034040 0.564100 -0.126048 -0.036564 0.991350 -0.072900 0.000000 0.000000 0.000000 1.000000
0.991934 0.015712 0.125777 0.000000 -0.019855 0.999299 0.031749 0.564100 -0.125190 -0.033990 0.991550 -0.072900 0.000000 0.000000 0.000000 1.000000
0.992101 0.015071 0.124531 -0.000000 -0.018821 0.999402 0.028991 0.564100 -0.124019 -0.031106 0.991792 -0.072900 0.000000 0.000000 0.000000 1.000000
0.992269 0.016076 0.123056 -0.000000 -0.019409 0.999475 0.025934 0.564100 -0.122575 -0.028122 0.992061 -0.072900 0.000000 0.000000 0.000000 1.000000
0.992423 0.018469 0.121473 0.000000 -0.021399 0.999510 0.022857 0.564100 -0.120991 -0.025283 0.992332 -0.072900 0.000000 0.000000 0.000000 1.000000
0.992543 0.021799 0.119931 0.000000 -0.024377 0.999501 0.020074 0.564100 -0.119434 -0.022848 0.992579 -0.072900 0.000000 0.000000 0.000000 1.000000
0.992612 0.025684 0.118583 0.000000 -0.027996 0.999448 0.017880 0.564100 -0.118059 -0.021068 0.992783 -0.072900 0.000000 0.000000 0.000000 1.000000
0.992616 0.029743 0.117592 0.000000 -0.031907 0.999354 0.016565 0.564100 -0.117024 -0.020195 0.992924 -0.072900 0.000000 0.000000 0.000000 1.000000
0.992554 0.033655 0.117068 0.000000 -0.035802 0.999226 0.016285 0.564100 -0.116429 -0.020355 0.992990 -0.072900 0.000000 0.000000 0.000000 1.000000
0.992437 0.037235 0.116968 0.000000 -0.039472 0.999078 0.016870 0.564100 -0.116232 -0.021359 0.992992 -0.072900 0.000000 0.000000 0.000000 1.000000
0.992284 0.040289 0.117257 0.000000 -0.042705 0.998923 0.018167 0.564100 -0.116399 -0.023034 0.992935 -0.072900 0.000000 0.000000 0.000000 1.000000
0.992111 0.042619 0.117898 -0.000000 -0.045286 0.998773 0.020037 0.564100 -0.116900 -0.025219 0.992823 -0.072900 0.000000 0.000000 0.000000 1.000000
0.991936 0.044025 0.118849 0.000000 -0.047001 0.998645 0.022352 0.564100 -0.117704 -0.027758 0.992661 -0.072900 0.000000 0.000000 0.000000 1.000000
0.991777 0.044309 0.120061 -0.000000 -0.047634 0.998553 0.024968 0.564100 -0.118781 -0.030481 0.992453 -0.072900 0.000000 0.000000 0.000000 1.000000
0.991650 0.043263 0.121481 0.000000 -0.046963 0.998511 0.027757 0.564100 -0.120100 -0.033230 0.992206 -0.072900 0.000000 0.000000 0.000000 1.000000
0.991568 0.040584 0.123072 0.000000 -0.044649 0.998539 0.030449 0.564100 -0.121656 -0.035688 0.991930 -0.072900 0.000000 0.000000 0.000000 1.000000
0.991519 0.036548 0.124718 0.000000 -0.040943 0.998621 0.032860 0.564100 -0.123345 -0.037687 0.991648 -0.072900 0.000000 0.000000 0.000000 1.000000
0.991488 0.031780 0.126263 -0.000000 -0.036460 0.998725 0.034925 0.564100 -0.124992 -0.039231 0.991382 -0.072900 0.000000 0.000000 0.000000 1.000000
0.991466 0.026911 0.127560 -0.000000 -0.031816 0.998824 0.036572 0.564100 -0.126426 -0.040319 0.991156 -0.072900 0.000000 0.000000 0.000000 1.000000</float_array><technique_common><accessor source="#mixamorig_Head-Matrix-animation-output-transform-array" count="22" stride="16"><param type="float4x4"/></accessor></technique_common></source><source id="mixamorig_Head-Interpolations"><Name_array id="mixamorig_Head-Interpolations-array" count="22">
 LINEAR LINEAR LINEAR LINEAR LINEAR LINEAR LINEAR LINEAR LINEAR LINEAR LINEAR
LINEAR LINEAR LINEAR LINEAR LINEAR LINEAR LINEAR LINEAR LINEAR LINEAR LINEAR</Name_array><technique_common><accessor source="#mixamorig_Head-Interpolations-array" count="22"><param type="name"/></accessor></technique_common></source><sampler id="mixamorig_Head-Matrix-animation-transform"><input semantic="INPUT" source="#mixamorig_Head-Matrix-animation-input"/><input semantic="OUTPUT" source="#mixamorig_Head-Matrix-animation-output-transform"/><input semantic="INTERPOLATION" source="#mixamorig_Head-Interpolations"/></sampler><channel source="#mixamorig_Head-Matrix-animation-transform" target="mixamorig_Head/matrix"/></animation>
    <animation id="mixamorig_LeftShoulder-anim" name="mixamorig_LeftShoulder"><source id="mixamorig_LeftShoulder-Matrix-animation-input"><float_array id="mixamorig_LeftShoulder-Matrix-animation-input-array" count="22">

0.000000 0.033333 0.066667 0.100000 0.133333 0.166667 0.200000 0.233333 0.266667 0.300000 0.333333 0.366667 0.400000 0.433333 0.466667 0.500000
0.533333 0.566667 0.600000 0.633333 0.666667 0.700000</float_array><technique_common><accessor source="#mixamorig_LeftShoulder-Matrix-animation-input-array" count="22"><param name="TIME" type="float"/></accessor></technique_common></source><source id="mixamorig_LeftShoulder-Matrix-animation-output-transform"><float_array id="mixamorig_LeftShoulder-Matrix-animation-output-transform-array" count="352">

0.021894 -0.999602 -0.017806 -0.711200 -0.077766 0.016054 -0.996842 0.812300 0.996731 0.023210 -0.077383 0.045700 0.000000 0.000000 0.000000 1.000000
0.021625 -0.999609 -0.017705 -0.711200 -0.077674 0.015976 -0.996851 0.812300 0.996744 0.022932 -0.077298 0.045700 0.000000 0.000000 0.000000 1.000000
0.020840 -0.999630 -0.017461 -0.711200 -0.077403 0.015799 -0.996875 0.812300 0.996782 0.022126 -0.077045 0.045700 0.000000 0.000000 0.000000 1.000000
0.019642 -0.999660 -0.017160 -0.711200 -0.076989 0.015601 -0.996910 0.812300 0.996838 0.020902 -0.076656 0.045700 0.000000 0.000000 0.000000 1.000000
0.018135 -0.999693 -0.016900 -0.711200 -0.076466 0.015466 -0.996952 0.812300 0.996907 0.019372 -0.076162 0.045700 0.000000 0.000000 0.000000 1.000000
0.016424 -0.999725 -0.016761 -0.711200 -0.075869 0.015469 -0.996998 0.812300 0.996983 0.017646 -0.075594 0.045700 0.000000 0.000000 0.000000 1.000000
0.014611 -0.999752 -0.016836 -0.711200 -0.075232 0.015691 -0.997043 0.812300 0.997059 0.015834 -0.074984 0.045700 0.000000 0.000000 0.000000 1.000000
0.012831 -0.999771 -0.017131 -0.711200 -0.074602 0.016127 -0.997083 0.812300 0.997131 0.014071 -0.074378 0.045700 0.000000 0.000000 0.000000 1.000000
0.011251 -0.999783 -0.017545 -0.711200 -0.074039 0.016665 -0.997116 0.812300 0.997192 0.012517 -0.073836 0.045700 0.000000 0.000000 0.000000 1.000000
0.010043 -0.999788 -0.017990 -0.711200 -0.073606 0.017203 -0.997139 0.812300 0.997237 0.011338 -0.073418 0.045700 0.000000 0.000000 0.000000 1.000000
0.009380 -0.999788 -0.018345 -0.711200 -0.073365 0.017608 -0.997150 0.812300 0.997261 0.010699 -0.073184 0.045700 0.000000 0.000000 0.000000 1.000000
0.009364 -0.999785 -0.018519 -0.711200 -0.073356 0.017783 -0.997147 0.812300 0.997262 0.010696 -0.073174 0.045700 0.000000 0.000000 0.000000 1.000000
0.009892 -0.999780 -0.018504 -0.711200 -0.073540 0.017728 -0.997135 0.812300 0.997243 0.011224 -0.073349 0.045700 0.000000 0.000000 0.000000 1.000000
0.010819 -0.999771 -0.018445 -0.711200 -0.073866 0.017596 -0.997113 0.812300 0.997209 0.012151 -0.073659 0.045700 0.000000 0.000000 0.000000 1.000000
0.012053 -0.999759 -0.018374 -0.711200 -0.074298 0.017429 -0.997084 0.812300 0.997163 0.013383 -0.074070 0.045700 0.000000 0.000000 0.000000 1.000000
0.013504 -0.999742 -0.018289 -0.711200 -0.074808 0.017229 -0.997049 0.812300 0.997106 0.014833 -0.074556 0.045700 0.000000 0.000000 0.000000 1.000000
0.015086 -0.999721 -0.018200 -0.711200 -0.075364 0.017013 -0.997011 0.812300 0.997042 0.016413 -0.075087 0.045700 0.000000 0.000000 0.000000 1.000000
0.016712 -0.999696 -0.018101 -0.711200 -0.075937 0.016783 -0.996971 0.812300 0.996973 0.018036 -0.075633 0.045700 0.000000 0.000000 0.000000 1.000000
0.018292 -0.999670 -0.018011 -0.711200 -0.076494 0.016562 -0.996932 0.812300 0.996902 0.019614 -0.076166 0.045700 0.000000 0.000000 0.000000 1.000000
0.019741 -0.999644 -0.017933 -0.711200 -0.077005 0.016362 -0.996896 0.812300 0.996835 0.021061 -0.076655 0.045700 0.000000 0.000000 0.000000 1.000000
0.020971 -0.999621 -0.017858 -0.711200 -0.077440 0.016184 -0.996866 0.812300 0.996776 0.022288 -0.077071 0.045700 0.000000 0.000000 0.000000 1.000000
0.021894 -0.999602 -0.017806 -0.711200 -0.077766 0.016054 -0.996842 0.812300 0.996731 0.023210 -0.077383 0.045700 0.000000 0.000000 0.000000 1.000000</float_array><technique_common><accessor source="#mixamorig_LeftShoulder-Matrix-animation-output-transform-array" count="22" stride="16"><param type="float4x4"/></accessor></technique_common></source><source id="mixamorig_LeftShoulder-Interpolations"><Name_array id="mixamorig_LeftShoulder-Interpolations-array" count="22">
 LINEAR LINEAR LINEAR LINEAR LINEAR LINEAR LINEAR LINEAR LINEAR LINEAR LINEAR
LINEAR LINEAR LINEAR LINEAR LINEAR LINEAR LINEAR LINEAR LINEAR LINEAR LINEAR</Name_array><technique_common><accessor source="#mixamorig_LeftShoulder-Interpolations-array" count="22"><param type="name"/></accessor></technique_common></source><sampler id="mixamorig_LeftShoulder-Matrix-animation-transform"><input semantic="INPUT" source="#mixamorig_LeftShoulder-Matrix-animation-input"/><input semantic="OUTPUT" source="#mixamorig_LeftShoulder-Matrix-animation-output-transform"/><input semantic="INTERPOLATION" source="#mixamorig_LeftShoulder-Interpolations"/></sampler><channel source="#mixamorig_LeftShoulder-Matrix-animation-transform" target="mixamorig_LeftShoulder/matrix"/></animation>
    <animation id="mixamorig_LeftArm-anim" name="mixamorig_LeftArm"><source id="mixamorig_LeftArm-Matrix-animation-input"><float_array id="mixamorig_LeftArm-Matrix-animation-input-array" count="22">

0.000000 0.033333 0.066667 0.100000 0.133333 0.166667 0.200000 0.233333 0.266667 0.300000 0.333333 0.366667 0.400000 0.433333 0.466667 0.500000
0.533333 0.566667 0.600000 0.633333 0.666667 0.700000</float_array><technique_common><accessor source="#mixamorig_LeftArm-Matrix-animation-input-array" count="22"><param name="TIME" type="float"/></accessor></technique_common></source><source id="mixamorig_LeftArm-Matrix-animation-output-transform"><float_array id="mixamorig_LeftArm-Matrix-animation-output-transform-array" count="352">

-0.977283 0.159583 0.139470 -0.000000 0.146279 0.984074 -0.100994 1.447200 -0.153365 -0.078298 -0.985063 0.000000 0.000000 0.000000 0.000000 1.000000
-0.977512 0.157347 0.140398 0.000000 0.144954 0.984908 -0.094573 1.447200 -0.153160 -0.072095 -0.985568 0.000000 0.000000 0.000000 0.000000 1.000000
-0.978114 0.152504 0.141544 0.000000 0.141317 0.986219 -0.086036 1.447200 -0.152715 -0.064150 -0.986186 0.000000 0.000000 0.000000 0.000000 1.000000
-0.978960 0.145649 0.142910 0.000000 0.135797 0.987781 -0.076473 1.447200 -0.152302 -0.055457 -0.986777 0.000000 0.000000 0.000000 0.000000 1.000000
-0.979917 0.137389 0.144526 0.000000 0.128840 0.989401 -0.066979 1.447200 -0.152196 -0.047013 -0.987232 0.000000 0.000000 0.000000 0.000000 1.000000
-0.980853 0.128349 0.146474 0.000000 0.120909 0.990930 -0.058646 1.447200 -0.152672 -0.039813 -0.987475 0.000000 0.000000 0.000000 0.000000 1.000000
-0.981666 0.119046 0.148863 0.000000 0.112366 0.992277 -0.052533 1.447200 -0.153967 -0.034843 -0.987461 -0.000000 0.000000 0.000000 0.000000 1.000000
-0.982381 0.109357 0.151557 0.000000 0.103029 0.993470 -0.049019 1.447200 -0.155928 -0.032540 -0.987232 0.000000 0.000000 0.000000 0.000000 1.000000
-0.982958 0.099975 0.154267 0.000000 0.093654 0.994460 -0.047732 1.447200 -0.158185 -0.032470 -0.986876 -0.000000 0.000000 0.000000 0.000000 1.000000
-0.983361 0.091917 0.156689 0.000000 0.085335 0.995184 -0.048244 1.447200 -0.160369 -0.034070 -0.986469 0.000000 0.000000 0.000000 0.000000 1.000000
-0.983593 0.086194 0.158477 -0.000000 0.079168 0.995600 -0.050140 1.447200 -0.162101 -0.036772 -0.986089 0.000000 0.000000 0.000000 0.000000 1.000000
-0.983676 0.083809 0.159243 0.000000 0.076249 0.995678 -0.053015 1.447200 -0.162998 -0.040007 -0.985815 0.000000 0.000000 0.000000 0.000000 1.000000
-0.983618 0.085699 0.158589 0.000000 0.077507 0.995352 -0.057152 1.447200 -0.162750 -0.043924 -0.985689 0.000000 0.000000 0.000000 0.000000 1.000000
-0.983411 0.091682 0.156516 0.000000 0.082636 0.994563 -0.063371 1.447200 -0.161475 -0.049386 -0.985640 0.000000 0.000000 0.000000 0.000000 1.000000
-0.983031 0.100544 0.153433 0.000000 0.090530 0.993364 -0.070934 1.447200 -0.159547 -0.055840 -0.985610 0.000000 0.000000 0.000000 0.000000 1.000000
-0.982463 0.111022 0.149804 0.000000 0.100046 0.991847 -0.078935 1.447200 -0.157346 -0.062564 -0.985560 0.000000 0.000000 0.000000 0.000000 1.000000
-0.981730 0.121859 0.146141 -0.000000 0.110030 0.990158 -0.086488 1.447200 -0.155242 -0.068828 -0.985476 0.000000 0.000000 0.000000 0.000000 1.000000
-0.980900 0.131852 0.143007 0.000000 0.119354 0.988511 -0.092743 1.447200 -0.153592 -0.073903 -0.985367 0.000000 0.000000 0.000000 0.000000 1.000000
-0.979975 0.140714 0.140888 0.000000 0.127759 0.987035 -0.097159 1.447200 -0.152733 -0.077213 -0.985247 0.000000 0.000000 0.000000 0.000000 1.000000
-0.978983 0.148539 0.139744 -0.000000 0.135313 0.985758 -0.099859 1.447200 -0.152587 -0.078851 -0.985139 0.000000 0.000000 0.000000 0.000000 1.000000
-0.978044 0.154956 0.139352 0.000000 0.141618 0.984749 -0.101068 1.447200 -0.152888 -0.079114 -0.985072 0.000000 0.000000 0.000000 0.000000 1.000000
-0.977283 0.159583 0.139470 -0.000000 0.146279 0.984074 -0.100994 1.447200 -0.153365 -0.078298 -0.985063 0.000000 0.000000 0.000000 0.000000 1.000000</float_array><technique_common><accessor source="#mixamorig_LeftArm-Matrix-animation-output-transform-array" count="22" stride="16"><param type="float4x4"/></accessor></technique_common></source><source id="mixamorig_LeftArm-Interpolations"><Name_array id="mixamorig_LeftArm-Interpolations-array" count="22">
