<?xml version="1.0" encoding="utf-8"?>
<COLLADA xmlns="http://www.collada.org/2005/11/COLLADASchema" version="1.4.1">
  <asset><contributor><author>Mixamo</author><authoring_tool>COLLADA Mixamo exporter</authoring_tool><comments></comments></contributor><created>2020-03-30T18:46:38Z</created><modified>2020-03-30T18:46:38Z</modified><revision></revision><title></title><unit meter="0.010000"/><up_axis>Y_UP</up_axis></asset>
  <library_animations>
    <animation id="mixamorig_Hips-anim" name="mixamorig_Hips"><source id="mixamorig_Hips-Matrix-animation-input"><float_array id="mixamorig_Hips-Matrix-animation-input-array" count="62">

0.000000 0.033333 0.066667 0.100000 0.133333 0.166667 0.200000 0.233333 0.266667 0.300000 0.333333 0.366667 0.400000 0.433333 0.466667 0.500000
0.533333 0.566667 0.600000 0.633333 0.666667 0.700000 0.733333 0.766667 0.800000 0.833333 0.866667 0.900000 0.933333 0.966667 1.000000 1.033333
1.066667 1.100000 1.133333 1.166667 1.200000 1.233333 1.266667 1.300000 1.333333 1.366667 1.400000 1.433333 1.466667 1.500000 1.533333 1.566667
1.600000 1.633333 1.666667 1.700000 1.733333 1.766667 1.800000 1.833333 1.866667 1.900000 1.933333 1.966667 2.000000 2.033333</float_array><technique_common><accessor source="#mixamorig_Hips-Matrix-animation-input-array" count="62"><param name="TIME" type="float"/></accessor></technique_common></source><source id="mixamorig_Hips-Matrix-animation-output-transform"><float_array id="mixamorig_Hips-Matrix-animation-output-transform-array" count="992">

-0.994151 -0.048386 -0.096558 -0.064145 0.106995 -0.319364 -0.941572 0.710551 0.014721 -0.946396 0.322673 0.294450 0.000000 0.000000 0.000000 1.000000
-0.993772 -0.050468 -0.099353 -0.067668 0.110390 -0.323968 -0.939606 0.709178 0.015233 -0.944721 0.327521 0.291387 0.000000 0.000000 0.000000 1.000000
-0.993302 -0.049048 -0.104621 -0.062607 0.114933 -0.326136 -0.938310 0.709910 0.011902 -0.944049 0.329589 0.307438 0.000000 0.000000 0.000000 1.000000
-0.993240 -0.040471 -0.108798 -0.034926 0.116050 -0.324264 -0.938821 0.714043 0.002715 -0.945101 0.326768 0.346662 0.000000 0.000000 0.000000 1.000000
-0.993597 -0.029155 -0.109160 0.012383 0.112742 -0.319330 -0.940913 0.719798 -0.007426 -0.947195 0.320572 0.387794 0.000000 0.000000 0.000000 1.000000
-0.994065 -0.019824 -0.106962 0.076016 0.107737 -0.315490 -0.942793 0.729435 -0.015056 -0.948722 0.315754 0.417045 0.000000 0.000000 0.000000 1.000000
-0.994621 -0.013203 -0.102736 0.132500 0.101625 -0.316196 -0.943235 0.768940 -0.020031 -0.948602 0.315837 0.434653 0.000000 0.000000 0.000000 1.000000
-0.995469 -0.007869 -0.094766 0.160024 0.092281 -0.320443 -0.942762 0.826417 -0.022948 -0.947235 0.319717 0.441499 0.000000 0.000000 0.000000 1.000000
-0.996593 -0.002380 -0.082446 0.157025 0.078755 -0.324468 -0.942612 0.897687 -0.024508 -0.945894 0.323550 0.444741 0.000000 0.000000 0.000000 1.000000
-0.997663 0.004534 -0.068178 0.138876 0.062952 -0.326964 -0.942938 0.980305 -0.026567 -0.945026 0.325915 0.442088 0.000000 0.000000 0.000000 1.000000
-0.998416 0.010985 -0.055173 0.113941 0.048427 -0.331261 -0.942296 1.068511 -0.028628 -0.943475 0.330204 0.421854 0.000000 0.000000 0.000000 1.000000
-0.998886 0.013085 -0.045332 0.082113 0.038114 -0.342582 -0.938715 1.155045 -0.027813 -0.939397 0.341702 0.378905 0.000000 0.000000 0.000000 1.000000
-0.999245 0.011582 -0.037073 0.049198 0.030322 -0.363847 -0.930965 1.232609 -0.024272 -0.931387 0.363221 0.314129 0.000000 0.000000 0.000000 1.000000
-0.999592 0.008812 -0.027174 0.022901 0.021488 -0.394876 -0.918483 1.297337 -0.018824 -0.918692 0.394525 0.232964 0.000000 0.000000 0.000000 1.000000
-0.999863 0.006427 -0.015277 0.005514 0.010946 -0.436085 -0.899839 1.348680 -0.012446 -0.899882 0.435955 0.141228 0.000000 0.000000 0.000000 1.000000
-0.999976 0.004759 -0.005023 -0.004153 0.002036 -0.491379 -0.870944 1.385094 -0.006613 -0.870933 0.491357 0.040643 0.000000 0.000000 0.000000 1.000000
-0.999996 0.002795 -0.000287 -0.010517 -0.001341 -0.564530 -0.825411 1.404351 -0.002469 -0.825407 0.564532 -0.069858 0.000000 0.000000 0.000000 1.000000
-1.000000 -0.000140 -0.000986 -0.018457 0.000840 -0.650488 -0.759516 1.407938 -0.000535 -0.759516 0.650488 -0.189386 0.000000 0.000000 0.000000 1.000000
-0.999990 -0.002655 -0.003544 -0.030807 0.004356 -0.733683 -0.679478 1.405274 -0.000796 -0.679486 0.733688 -0.311404 0.000000 0.000000 0.000000 1.000000
-0.999987 -0.002073 -0.004563 -0.046761 0.004396 -0.800020 -0.599958 1.418108 -0.002407 -0.599970 0.800019 -0.425217 0.000000 0.000000 0.000000 1.000000
-0.999991 0.003863 -0.001568 -0.061217 -0.002440 -0.847258 -0.531176 1.470901 -0.003381 -0.531168 0.847260 -0.522836 0.000000 0.000000 0.000000 1.000000
-0.999851 0.015756 0.007116 -0.068569 -0.017246 -0.880140 -0.474400 1.576347 -0.001212 -0.474452 0.880281 -0.599499 0.000000 0.000000 0.000000 1.000000
-0.999341 0.031284 0.018398 -0.068542 -0.036169 -0.900224 -0.433922 1.748071 0.002988 -0.434302 0.900763 -0.650097 0.000000 0.000000 0.000000 1.000000
-0.998540 0.046667 0.027188 -0.067672 -0.053795 -0.904163 -0.423787 1.993437 0.004806 -0.424631 0.905354 -0.667294 0.000000 0.000000 0.000000 1.000000
-0.997654 0.059507 0.033843 -0.071449 -0.068390 -0.888281 -0.454180 2.274521 0.003035 -0.455429 0.890267 -0.640460 0.000000 0.000000 0.000000 1.000000
-0.996915 0.066861 0.041100 -0.079202 -0.078482 -0.852532 -0.516750 2.517048 0.000489 -0.518382 0.855149 -0.576658 0.000000 0.000000 0.000000 1.000000
-0.996678 0.065527 0.048363 -0.088949 -0.081442 -0.801684 -0.592174 2.683445 -0.000031 -0.594146 0.804357 -0.512870 0.000000 0.000000 0.000000 1.000000
-0.997050 0.056638 0.051805 -0.097694 -0.076756 -0.739175 -0.669125 2.801182 0.000395 -0.671127 0.741342 -0.470280 0.000000 0.000000 0.000000 1.000000
-0.997827 0.046243 0.046943 -0.098212 -0.065792 -0.659440 -0.748873 2.900730 -0.003674 -0.750334 0.661049 -0.444582 0.000000 0.000000 0.000000 1.000000
-0.998746 0.036829 0.033910 -0.090366 -0.048597 -0.550480 -0.833433 2.990216 -0.012028 -0.834036 0.551579 -0.430883 0.000000 0.000000 0.000000 1.000000
-0.999409 0.028830 0.018705 -0.080363 -0.028748 -0.403081 -0.914713 3.057570 -0.018831 -0.914710 0.403672 -0.402529 0.000000 0.000000 0.000000 1.000000
-0.999621 0.027473 0.002019 -0.063086 -0.008003 -0.219510 -0.975577 3.054716 -0.026358 -0.975223 0.219647 -0.329921 0.000000 0.000000 0.000000 1.000000
-0.999163 0.035919 -0.019581 -0.030385 0.019001 -0.016421 -0.999685 2.920041 -0.036230 -0.999220 0.015725 -0.212475 0.000000 0.000000 0.000000 1.000000
-0.997963 0.049774 -0.039897 0.013515 0.048386 0.183083 -0.981906 2.611892 -0.041569 -0.981837 -0.185118 -0.077816 0.000000 0.000000 0.000000 1.000000
-0.997248 0.060736 -0.042522 0.050608 0.061637 0.360396 -0.930761 2.168039 -0.041206 -0.930820 -0.363148 0.021117 0.000000 0.000000 0.000000 1.000000
-0.997819 0.063757 -0.017099 0.058607 0.046865 0.501823 -0.863700 1.735846 -0.046486 -0.862618 -0.503716 0.034994 0.000000 0.000000 0.000000 1.000000
-0.997423 0.068322 0.021918 0.052009 0.023155 0.595623 -0.802931 1.473033 -0.067913 -0.800354 -0.595669 -0.033713 0.000000 0.000000 0.000000 1.000000
-0.995310 0.077924 0.057314 0.004019 0.006183 0.642541 -0.766226 1.329371 -0.096535 -0.762278 -0.640010 -0.156413 0.000000 0.000000 0.000000 1.000000
-0.991722 0.101338 0.078850 0.025524 0.008936 0.667074 -0.744938 1.306281 -0.128090 -0.738067 -0.662458 -0.269685 0.000000 0.000000 0.000000 1.000000
-0.986949 0.122562 0.104449 0.060875 0.013290 0.708408 -0.705678 1.370764 -0.160481 -0.695081 -0.700791 -0.343227 0.000000 0.000000 0.000000 1.000000
-0.980179 0.130089 0.149422 0.094995 0.009166 0.783182 -0.621725 1.500765 -0.197904 -0.608032 -0.768850 -0.377776 0.000000 0.000000 0.000000 1.000000
-0.969216 0.126553 0.211196 0.125052 0.003259 0.864307 -0.502955 1.672115 -0.246188 -0.486784 -0.838113 -0.389408 0.000000 0.000000 0.000000 1.000000
-0.953023 0.122674 0.276945 0.156775 0.003872 0.919177 -0.393827 1.874219 -0.302873 -0.374253 -0.876471 -0.396345 0.000000 0.000000 0.000000 1.000000
-0.930429 0.125164 0.344435 0.201229 0.006944 0.945721 -0.324906 2.098776 -0.366406 -0.299910 -0.880795 -0.398172 0.000000 0.000000 0.000000 1.000000
-0.895382 0.129947 0.425916 0.259974 0.004160 0.958873 -0.283805 2.345515 -0.445279 -0.252342 -0.859098 -0.390195 0.000000 0.000000 0.000000 1.000000
-0.838759 0.128634 0.529090 0.333351 -0.004019 0.970205 -0.242251 2.602470 -0.544488 -0.205316 -0.813252 -0.375354 0.000000 0.000000 0.000000 1.000000
-0.760957 0.113486 0.638800 0.403846 -0.011510 0.982067 -0.188179 2.851878 -0.648700 -0.150549 -0.746005 -0.352666 0.000000 0.000000 0.000000 1.000000
-0.688868 0.085524 0.719824 0.456150 -0.012643 0.991447 -0.129896 3.059146 -0.724776 -0.098582 -0.681895 -0.329819 0.000000 0.000000 0.000000 1.000000
-0.671357 0.051994 0.739308 0.475995 -0.016754 0.996216 -0.085277 3.202793 -0.740945 -0.069638 -0.667945 -0.317353 0.000000 0.000000 0.000000 1.000000
-0.727179 0.028039 0.685875 0.451826 -0.027161 0.997208 -0.069564 3.282969 -0.685910 -0.069215 -0.724387 -0.307810 0.000000 0.000000 0.000000 1.000000
-0.812750 0.021021 0.582234 0.415360 -0.030643 0.996423 -0.078751 3.305446 -0.581807 -0.081847 -0.809198 -0.292058 0.000000 0.000000 0.000000 1.000000
-0.869103 0.024225 0.494038 0.405017 -0.022551 0.995821 -0.088502 3.297831 -0.494117 -0.088058 -0.864924 -0.259686 0.000000 0.000000 0.000000 1.000000
-0.876685 0.028485 0.480221 0.412076 -0.014533 0.996222 -0.085622 3.273614 -0.480845 -0.082042 -0.872959 -0.216200 0.000000 0.000000 0.000000 1.000000
-0.846994 0.031069 0.530693 0.434946 -0.013834 0.996664 -0.080429 3.259717 -0.531422 -0.075464 -0.843739 -0.194891 0.000000 0.000000 0.000000 1.000000
-0.809197 0.040994 0.586106 0.466328 -0.012706 0.996109 -0.087213 3.271440 -0.587400 -0.078020 -0.805527 -0.185784 0.000000 0.000000 0.000000 1.000000
-0.790678 0.056397 0.609629 0.489544 -0.008587 0.994629 -0.103151 3.299342 -0.612172 -0.086795 -0.785946 -0.174981 0.000000 0.000000 0.000000 1.000000
-0.788777 0.064786 0.611255 0.500064 -0.005611 0.993630 -0.112555 3.328150 -0.614654 -0.092210 -0.783389 -0.158463 0.000000 0.000000 0.000000 1.000000
-0.785821 0.061484 0.615390 0.503050 -0.007965 0.993957 -0.109477 3.353826 -0.618403 -0.090931 -0.780583 -0.142969 0.000000 0.000000 0.000000 1.000000
-0.776419 0.054374 0.627867 0.505426 -0.013658 0.994585 -0.103022 3.378728 -0.630069 -0.088564 -0.771472 -0.135142 0.000000 0.000000 0.000000 1.000000
-0.768466 0.052539 0.637731 0.509315 -0.016950 0.994602 -0.102365 3.405960 -0.639667 -0.089474 -0.763427 -0.134345 0.000000 0.000000 0.000000 1.000000
-0.768421 0.055243 0.637556 0.512051 -0.016178 0.994272 -0.105650 3.434613 -0.639740 -0.091498 -0.763125 -0.136210 0.000000 0.000000 0.000000 1.000000
-0.774595 0.055348 0.630031 0.509964 -0.013991 0.994420 -0.104561 3.461955 -0.632303 -0.089807 -0.769498 -0.137701 0.000000 0.000000 0.000000 1.000000</float_array><technique_common><accessor source="#mixamorig_Hips-Matrix-animation-output-transform-array" count="62" stride="16"><param type="float4x4"/></accessor></technique_common></source><source id="mixamorig_Hips-Interpolations"><Name_array id="mixamorig_Hips-Interpolations-array" count="62">
 LINEAR LINEAR LINEAR LINEAR LINEAR LINEAR LINEAR LINEAR LINEAR LINEAR LINEAR
LINEAR LINEAR LINEAR LINEAR LINEAR LINEAR LINEAR LINEAR LINEAR LINEAR LINEAR LINEAR
LINEAR LINEAR LINEAR LINEAR LINEAR LINEAR LINEAR LINEAR LINEAR LINEAR LINEAR LINEAR
LINEAR LINEAR LINEAR LINEAR LINEAR LINEAR LINEAR LINEAR LINEAR LINEAR LINEAR LINEAR
LINEAR LINEAR LINEAR LINEAR LINEAR LINEAR LINEAR LINEAR LINEAR LINEAR LINEAR LINEAR
LINEAR LINEAR LINEAR</Name_array><technique_common><accessor source="#mixamorig_Hips-Interpolations-array" count="62"><param type="name"/></accessor></technique_common></source><sampler id="mixamorig_Hips-Matrix-animation-transform"><input semantic="INPUT" source="#mixamorig_Hips-Matrix-animation-input"/><input semantic="OUTPUT" source="#mixamorig_Hips-Matrix-animation-output-transform"/><input semantic="INTERPOLATION" source="#mixamorig_Hips-Interpolations"/></sampler><channel source="#mixamorig_Hips-Matrix-animation-transform" target="mixamorig_Hips/matrix"/></animation>
    <animation id="mixamorig_Spine-anim" name="mixamorig_Spine"><source id="mixamorig_Spine-Matrix-animation-input"><float_array id="mixamorig_Spine-Matrix-animation-input-array" count="62">

0.000000 0.033333 0.066667 0.100000 0.133333 0.166667 0.200000 0.233333 0.266667 0.300000 0.333333 0.366667 0.400000 0.433333 0.466667 0.500000
0.533333 0.566667 0.600000 0.633333 0.666667 0.700000 0.733333 0.766667 0.800000 0.833333 0.866667 0.900000 0.933333 0.966667 1.000000 1.033333
1.066667 1.100000 1.133333 1.166667 1.200000 1.233333 1.266667 1.300000 1.333333 1.366667 1.400000 1.433333 1.466667 1.500000 1.533333 1.566667
1.600000 1.633333 1.666667 1.700000 1.733333 1.766667 1.800000 1.833333 1.866667 1.900000 1.933333 1.966667 2.000000 2.033333</float_array><technique_common><accessor source="#mixamorig_Spine-Matrix-animation-input-array" count="62"><param name="TIME" type="float"/></accessor></technique_common></source><source id="mixamorig_Spine-Matrix-animation-output-transform"><float_array id="mixamorig_Spine-Matrix-animation-output-transform-array" count="992">

0.999471 -0.016103 -0.028253 0.000000 0.015747 0.999794 -0.012803 0.620300 0.028454 0.012351 0.999519 0.186600 0.000000 0.000000 0.000000 1.000000
0.999432 -0.016986 -0.029111 0.000000 0.016794 0.999836 -0.006848 0.620300 0.029223 0.006355 0.999553 0.186600 0.000000 0.000000 0.000000 1.000000
0.999409 -0.017603 -0.029512 -0.000000 0.017550 0.999844 -0.002064 0.620300 0.029544 0.001545 0.999562 0.186600 0.000000 0.000000 0.000000 1.000000
0.999512 -0.010904 -0.029287 0.000000 0.010823 0.999937 -0.002953 0.620300 0.029317 0.002635 0.999567 0.186600 0.000000 0.000000 0.000000 1.000000
0.999566 0.003055 -0.029301 0.000000 -0.003305 0.999959 -0.008477 0.620300 0.029274 0.008570 0.999535 0.186600 0.000000 0.000000 0.000000 1.000000
0.999311 0.019668 -0.031480 0.000000 -0.020047 0.999730 -0.011786 0.620300 0.031240 0.012409 0.999435 0.186600 0.000000 0.000000 0.000000 1.000000
0.998857 0.033375 -0.034222 -0.000000 -0.033624 0.999412 -0.006713 0.620300 0.033978 0.007856 0.999392 0.186600 0.000000 0.000000 0.000000 1.000000
0.998595 0.040315 -0.034380 0.000000 -0.040137 0.999177 0.005849 0.620300 0.034588 -0.004460 0.999392 0.186600 0.000000 0.000000 0.000000 1.000000
0.998741 0.039362 -0.031084 0.000000 -0.038757 0.999052 0.019831 0.620300 0.031836 -0.018601 0.999320 0.186600 0.000000 0.000000 0.000000 1.000000
0.999145 0.033264 -0.024558 -0.000000 -0.032466 0.998954 0.032189 0.620300 0.025603 -0.031364 0.999180 0.186600 0.000000 0.000000 0.000000 1.000000
0.999587 0.024988 -0.014168 -0.000000 -0.024290 0.998577 0.047473 0.620300 0.015334 -0.047109 0.998772 0.186600 0.000000 0.000000 0.000000 1.000000
0.999880 0.015401 -0.001351 0.000000 -0.015262 0.997235 0.072730 0.620300 0.002467 -0.072701 0.997351 0.186600 0.000000 0.000000 0.000000 1.000000
0.999925 0.006396 0.010457 -0.000000 -0.007509 0.993895 0.110071 0.620300 -0.009689 -0.110142 0.993869 0.186600 0.000000 0.000000 0.000000 1.000000
0.999818 -0.001628 0.019015 0.000000 -0.001370 0.987663 0.156590 0.620300 -0.019036 -0.156587 0.987481 0.186600 0.000000 0.000000 0.000000 1.000000
0.999663 -0.007714 0.024775 0.000000 0.002349 0.977773 0.209653 0.620300 -0.025841 -0.209525 0.977462 0.186600 0.000000 0.000000 0.000000 1.000000
0.999539 -0.009229 0.028939 0.000000 0.001031 0.962491 0.271311 0.620300 -0.030357 -0.271156 0.962057 0.186600 0.000000 0.000000 0.000000 1.000000
0.999465 -0.006319 0.032104 0.000000 -0.005264 0.937339 0.348379 0.620300 -0.032294 -0.348361 0.936804 0.186600 0.000000 0.000000 0.000000 1.000000
0.999344 -0.003139 0.036089 0.000000 -0.013158 0.896747 0.442349 0.620300 -0.033752 -0.442533 0.896117 0.186600 0.000000 0.000000 0.000000 1.000000
0.999034 -0.001578 0.043915 -0.000000 -0.022215 0.844111 0.535709 0.620300 -0.037915 -0.536167 0.843260 0.186600 0.000000 0.000000 0.000000 1.000000
0.998436 0.001698 0.055877 0.000000 -0.035054 0.797639 0.602115 0.620300 -0.043547 -0.603133 0.796451 0.186600 0.000000 0.000000 0.000000 1.000000
0.997564 0.008566 0.069227 0.000000 -0.050439 0.774108 0.631041 0.620300 -0.048184 -0.632995 0.772655 0.186600 0.000000 0.000000 0.000000 1.000000
0.996607 0.014901 0.080953 0.000000 -0.062321 0.779073 0.623828 0.620300 -0.053773 -0.626756 0.777358 0.186600 0.000000 0.000000 0.000000 1.000000
0.996145 0.018708 0.085706 0.000000 -0.064610 0.817328 0.572539 0.620300 -0.059339 -0.575870 0.815385 0.186600 0.000000 0.000000 0.000000 1.000000
0.996614 0.023868 0.078678 0.000000 -0.057868 0.883407 0.465019 0.620300 -0.058405 -0.467998 0.881798 0.186600 0.000000 0.000000 0.000000 1.000000
0.997506 0.030532 0.063641 0.000000 -0.048959 0.948748 0.312218 0.620300 -0.050846 -0.314555 0.947876 0.186600 0.000000 0.000000 0.000000 1.000000
0.998251 0.031457 0.050049 0.000000 -0.038572 0.988200 0.148233 0.620300 -0.044795 -0.149904 0.987685 0.186600 0.000000 0.000000 0.000000 1.000000
0.998870 0.022080 0.042083 0.000000 -0.022101 0.999756 0.000016 0.620300 -0.042072 -0.000946 0.999114 0.186600 0.000000 0.000000 0.000000 1.000000
0.999401 0.008473 0.033544 -0.000000 -0.004102 0.991726 -0.128305 0.620300 -0.034354 0.128091 0.991167 0.186600 0.000000 0.000000 0.000000 1.000000
0.999866 0.000415 0.016345 0.000000 0.003605 0.969489 -0.245108 0.620300 -0.015948 0.245134 0.969358 0.186600 0.000000 0.000000 0.000000 1.000000
0.999980 -0.001621 -0.006176 -0.000000 -0.000670 0.935263 -0.353954 0.620300 0.006350 0.353951 0.935242 0.186600 0.000000 0.000000 0.000000 1.000000
0.999759 -0.000553 -0.021966 0.000000 -0.009443 0.891841 -0.452250 0.620300 0.019840 0.452349 0.891621 0.186600 0.000000 0.000000 0.000000 1.000000
0.999531 0.003480 -0.030431 -0.000000 -0.019201 0.845249 -0.534028 0.620300 0.023863 0.534362 0.844919 0.186600 0.000000 0.000000 0.000000 1.000000
0.999123 0.006171 -0.041417 0.000000 -0.029187 0.811871 -0.583107 0.620300 0.030027 0.583804 0.811339 0.186600 0.000000 0.000000 0.000000 1.000000
0.998259 0.004785 -0.058785 0.000000 -0.037749 0.817652 -0.574474 0.620300 0.045317 0.575693 0.816409 0.186600 0.000000 0.000000 0.000000 1.000000
0.997336 0.004634 -0.072803 0.000000 -0.039760 0.871248 -0.489230 0.620300 0.061163 0.490821 0.869111 0.186600 0.000000 0.000000 0.000000 1.000000
0.997719 0.008302 -0.066988 -0.000000 -0.030002 0.943531 -0.329922 0.620300 0.060466 0.331179 0.941628 0.186600 0.000000 0.000000 0.000000 1.000000
0.998918 0.016193 -0.043591 0.000000 -0.021387 0.992368 -0.121442 0.620300 0.041292 0.122243 0.991641 0.186600 0.000000 0.000000 0.000000 1.000000
0.999556 0.027475 -0.011535 -0.000000 -0.026122 0.994183 0.104485 0.620300 0.014339 -0.104138 0.994460 0.186600 0.000000 0.000000 0.000000 1.000000
0.998344 0.055805 0.013968 0.000000 -0.057403 0.950537 0.305262 0.620300 0.003758 -0.305559 0.952166 0.186600 0.000000 0.000000 0.000000 1.000000
0.995734 0.085955 0.033561 0.000000 -0.092047 0.899711 0.426671 0.620300 0.006479 -0.427940 0.903784 0.186600 0.000000 0.000000 0.000000 1.000000
0.994045 0.099603 0.044201 0.000000 -0.108824 0.886384 0.449978 0.620300 0.005640 -0.452109 0.891945 0.186600 0.000000 0.000000 0.000000 1.000000
0.994582 0.095516 0.041036 0.000000 -0.103934 0.905062 0.412383 0.620300 0.002249 -0.414414 0.910086 0.186600 0.000000 0.000000 0.000000 1.000000
0.996122 0.085680 0.020009 -0.000000 -0.086942 0.923614 0.373335 0.620300 0.013506 -0.373627 0.927481 0.186600 0.000000 0.000000 0.000000 1.000000
0.996773 0.079375 -0.011942 0.000000 -0.069872 0.931248 0.357624 0.620300 0.039508 -0.355636 0.933789 0.186600 0.000000 0.000000 0.000000 1.000000
0.996446 0.076527 -0.035208 0.000000 -0.059561 0.935616 0.347958 0.620300 0.059569 -0.344624 0.936849 0.186600 0.000000 0.000000 0.000000 1.000000
0.996805 0.072876 -0.032692 0.000000 -0.058140 0.942669 0.328626 0.620300 0.054767 -0.325676 0.943894 0.186600 0.000000 0.000000 0.000000 1.000000
0.998101 0.061211 -0.006920 0.000000 -0.056310 0.952156 0.300380 0.620300 0.024976 -0.299420 0.953795 0.186600 0.000000 0.000000 0.000000 1.000000
0.998911 0.041119 0.022068 0.000000 -0.045500 0.963246 0.264741 0.620300 -0.010371 -0.265457 0.964067 0.186600 0.000000 0.000000 0.000000 1.000000
0.999428 0.017022 0.029210 -0.000000 -0.022957 0.975954 0.216763 0.620300 -0.024818 -0.217310 0.975787 0.186600 0.000000 0.000000 0.000000 1.000000
0.999984 0.003070 0.004696 0.000000 -0.003776 0.987310 0.158759 0.620300 -0.004149 -0.158774 0.987306 0.186600 0.000000 0.000000 0.000000 1.000000
0.999502 0.002507 -0.031463 -0.000000 0.000684 0.994885 0.101010 0.620300 0.031555 -0.100981 0.994388 0.186600 0.000000 0.000000 0.000000 1.000000
0.998562 0.004698 -0.053410 0.000000 -0.002465 0.999122 0.041815 0.620300 0.053559 -0.041623 0.997697 0.186600 0.000000 0.000000 0.000000 1.000000
0.998942 -0.000906 -0.045973 0.000000 0.000372 0.999932 -0.011615 0.620300 0.045980 0.011586 0.998875 0.186600 0.000000 0.000000 0.000000 1.000000
0.999790 -0.013561 -0.015346 -0.000000 0.012938 0.999116 -0.039997 0.620300 0.015875 0.039790 0.999082 0.186600 0.000000 0.000000 0.000000 1.000000
0.999757 -0.020152 0.008926 0.000000 0.020502 0.998946 -0.041074 0.620300 -0.008089 0.041247 0.999116 0.186600 0.000000 0.000000 0.000000 1.000000
0.999835 -0.016463 0.007676 0.000000 0.016716 0.999277 -0.034150 0.620300 -0.007109 0.034273 0.999387 0.186600 0.000000 0.000000 0.000000 1.000000
0.999937 -0.008198 -0.007665 0.000000 0.007913 0.999303 -0.036489 0.620300 0.007959 0.036426 0.999305 0.186600 0.000000 0.000000 0.000000 1.000000
0.999813 -0.005125 -0.018638 0.000000 0.004163 0.998675 -0.051288 0.620300 0.018876 0.051201 0.998510 0.186600 0.000000 0.000000 0.000000 1.000000
0.999725 -0.006545 -0.022525 0.000000 0.005130 0.998043 -0.062319 0.620300 0.022888 0.062186 0.997802 0.186600 0.000000 0.000000 0.000000 1.000000
0.999630 -0.008432 -0.025869 -0.000000 0.006837 0.998107 -0.061115 0.620300 0.026335 0.060916 0.997795 0.186600 0.000000 0.000000 0.000000 1.000000
0.999423 -0.008531 -0.032882 0.000000 0.006687 0.998421 -0.055771 0.620300 0.033306 0.055519 0.997902 0.186600 0.000000 0.000000 0.000000 1.000000
0.999110 -0.007886 -0.041442 0.000000 0.005406 0.998206 -0.059622 0.620300 0.041838 0.059344 0.997360 0.186600 0.000000 0.000000 0.000000 1.000000</float_array><technique_common><accessor source="#mixamorig_Spine-Matrix-animation-output-transform-array" count="62" stride="16"><param type="float4x4"/></accessor></technique_common></source><source id="mixamorig_Spine-Interpolations"><Name_array id="mixamorig_Spine-Interpolations-array" count="62">
 LINEAR LINEAR LINEAR LINEAR LINEAR LINEAR LINEAR LINEAR LINEAR LINEAR LINEAR
LINEAR LINEAR LINEAR LINEAR LINEAR LINEAR LINEAR LINEAR LINEAR LINEAR LINEAR LINEAR
LINEAR LINEAR LINEAR LINEAR LINEAR LINEAR LINEAR LINEAR LINEAR LINEAR LINEAR LINEAR
LINEAR LINEAR LINEAR LINEAR LINEAR LINEAR LINEAR LINEAR LINEAR LINEAR LINEAR LINEAR
LINEAR LINEAR LINEAR LINEAR LINEAR LINEAR LINEAR LINEAR LINEAR LINEAR LINEAR LINEAR
LINEAR LINEAR LINEAR</Name_array><technique_common><accessor source="#mixamorig_Spine-Interpolations-array" count="62"><param type="name"/></accessor></technique_common></source><sampler id="mixamorig_Spine-Matrix-animation-transform"><input semantic="INPUT" source="#mixamorig_Spine-Matrix-animation-input"/><input semantic="OUTPUT" source="#mixamorig_Spine-Matrix-animation-output-transform"/><input semantic="INTERPOLATION" source="#mixamorig_Spine-Interpolations"/></sampler><channel source="#mixamorig_Spine-Matrix-animation-transform" target="mixamorig_Spine/matrix"/></animation>
    <animation id="mixamorig_Spine1-anim" name="mixamorig_Spine1"><source id="mixamorig_Spine1-Matrix-animation-input"><float_array id="mixamorig_Spine1-Matrix-animation-input-array" count="62">

0.000000 0.033333 0.066667 0.100000 0.133333 0.166667 0.200000 0.233333 0.266667 0.300000 0.333333 0.366667 0.400000 0.433333 0.466667 0.500000
0.533333 0.566667 0.600000 0.633333 0.666667 0.700000 0.733333 0.766667 0.800000 0.833333 0.866667 0.900000 0.933333 0.966667 1.000000 1.033333
1.066667 1.100000 1.133333 1.166667 1.200000 1.233333 1.266667 1.300000 1.333333 1.366667 1.400000 1.433333 1.466667 1.500000 1.533333 1.566667
1.600000 1.633333 1.666667 1.700000 1.733333 1.766667 1.800000 1.833333 1.866667 1.900000 1.933333 1.966667 2.000000 2.033333</float_array><technique_common><accessor source="#mixamorig_Spine1-Matrix-animation-input-array" count="62"><param name="TIME" type="float"/></accessor></technique_common></source><source id="mixamorig_Spine1-Matrix-animation-output-transform"><float_array id="mixamorig_Spine1-Matrix-animation-output-transform-array" count="992">

0.999286 0.003038 -0.037664 0.000000 -0.001801 0.999459 0.032831 0.755700 0.037744 -0.032740 0.998751 -0.000000 0.000000 0.000000 0.000000 1.000000
0.999268 0.002267 -0.038181 0.000000 -0.000988 0.999439 0.033481 0.755700 0.038236 -0.033419 0.998710 -0.000000 0.000000 0.000000 0.000000 1.000000
0.999263 0.001425 -0.038359 -0.000000 -0.000187 0.999479 0.032273 0.755700 0.038385 -0.032242 0.998743 0.000000 0.000000 0.000000 0.000000 1.000000
0.999298 0.002051 -0.037402 0.000000 -0.000945 0.999562 0.029573 0.755700 0.037446 -0.029517 0.998863 0.000000 0.000000 0.000000 0.000000 1.000000
0.999367 0.003634 -0.035390 0.000000 -0.002730 0.999670 0.025551 0.755700 0.035471 -0.025438 0.999047 0.000000 0.000000 0.000000 0.000000 1.000000
0.999437 0.004707 -0.033210 -0.000000 -0.004028 0.999782 0.020487 0.755700 0.033300 -0.020342 0.999238 0.000000 0.000000 0.000000 0.000000 1.000000
0.999490 0.004940 -0.031542 0.000000 -0.004485 0.999885 0.014477 0.755700 0.031610 -0.014328 0.999398 0.000000 0.000000 0.000000 0.000000 1.000000
0.999521 0.005431 -0.030456 -0.000000 -0.005210 0.999959 0.007340 0.755700 0.030495 -0.007177 0.999509 0.000000 0.000000 0.000000 0.000000 1.000000
0.999545 0.006593 -0.029430 0.000000 -0.006639 0.999977 -0.001443 0.755700 0.029420 0.001638 0.999566 0.000000 0.000000 0.000000 0.000000 1.000000
0.999598 0.007320 -0.027398 0.000000 -0.007653 0.999898 -0.012073 0.755700 0.027307 0.012278 0.999552 -0.000000 0.000000 0.000000 0.000000 1.000000
0.999700 0.006471 -0.023641 0.000000 -0.007025 0.999701 -0.023438 0.755700 0.023483 0.023597 0.999446 0.000000 0.000000 0.000000 0.000000 1.000000
0.999811 0.004152 -0.019009 0.000000 -0.004787 0.999428 -0.033484 0.755700 0.018859 0.033568 0.999258 0.000000 0.000000 0.000000 0.000000 1.000000
0.999879 0.001601 -0.015479 0.000000 -0.002230 0.999169 -0.040709 0.755700 0.015401 0.040738 0.999051 0.000000 0.000000 0.000000 0.000000 1.000000
0.999901 0.000141 -0.014074 0.000000 -0.000769 0.999002 -0.044659 0.755700 0.014054 0.044665 0.998903 0.000000 0.000000 0.000000 0.000000 1.000000
0.999901 0.000111 -0.014080 0.000000 -0.000741 0.998997 -0.044779 0.755700 0.014061 0.044785 0.998898 0.000000 0.000000 0.000000 0.000000 1.000000
0.999895 0.000444 -0.014451 0.000000 -0.001010 0.999230 -0.039215 0.755700 0.014422 0.039226 0.999126 0.000000 0.000000 0.000000 0.000000 1.000000
0.999887 -0.000396 -0.015030 0.000000 -0.000001 0.999651 -0.026425 0.755700 0.015035 0.026422 0.999538 -0.000000 0.000000 0.000000 0.000000 1.000000
0.999871 -0.002390 -0.015907 0.000000 0.002253 0.999961 -0.008573 0.755700 0.015927 0.008536 0.999837 -0.000000 0.000000 0.000000 0.000000 1.000000
0.999864 -0.003306 -0.016181 0.000000 0.003465 0.999946 0.009783 0.755700 0.016147 -0.009838 0.999821 -0.000000 0.000000 0.000000 0.000000 1.000000
0.999896 -0.000785 -0.014413 -0.000000 0.001207 0.999569 0.029321 0.755700 0.014383 -0.029336 0.999466 0.000000 0.000000 0.000000 0.000000 1.000000
0.999931 0.005509 -0.010371 0.000000 -0.004906 0.998346 0.057289 0.755700 0.010670 -0.057234 0.998304 0.000000 0.000000 0.000000 0.000000 1.000000
0.999902 0.013048 -0.005107 0.000000 -0.012510 0.995498 0.093953 0.755700 0.006310 -0.093879 0.995564 0.000000 0.000000 0.000000 0.000000 1.000000
0.999836 0.018115 0.000036 0.000000 -0.017979 0.992122 0.123979 0.755700 0.002210 -0.123959 0.992285 -0.000000 0.000000 0.000000 0.000000 1.000000
0.999779 0.020745 0.003273 0.000000 -0.020995 0.991263 0.130217 0.755700 -0.000543 -0.130257 0.991480 0.000000 0.000000 0.000000 0.000000 1.000000
0.999700 0.024249 0.003502 0.000000 -0.024487 0.993573 0.110515 0.755700 -0.000799 -0.110567 0.993868 0.000000 0.000000 0.000000 0.000000 1.000000
0.999586 0.028648 0.002537 -0.000000 -0.028759 0.996654 0.076513 0.755700 -0.000337 -0.076555 0.997065 0.000000 0.000000 0.000000 0.000000 1.000000
0.999538 0.030186 0.003420 -0.000000 -0.030306 0.998592 0.043534 0.755700 -0.002101 -0.043617 0.999046 0.000000 0.000000 0.000000 0.000000 1.000000
0.999634 0.026567 0.005089 0.000000 -0.026662 0.999455 0.019443 0.755700 -0.004570 -0.019572 0.999798 0.000000 0.000000 0.000000 0.000000 1.000000
0.999820 0.018649 0.003557 0.000000 -0.018648 0.999826 -0.000271 0.755700 -0.003561 0.000204 0.999994 0.000000 0.000000 0.000000 0.000000 1.000000
0.999960 0.008792 -0.001808 0.000000 -0.008833 0.999680 -0.023718 0.755700 0.001598 0.023733 0.999717 -0.000000 0.000000 0.000000 0.000000 1.000000
0.999960 0.000208 -0.008956 -0.000000 -0.000664 0.998700 -0.050977 0.755700 0.008934 0.050981 0.998660 0.000000 0.000000 0.000000 0.000000 1.000000
0.999823 -0.004091 -0.018342 0.000000 0.002767 0.997430 -0.071596 0.755700 0.018588 0.071533 0.997265 0.000000 0.000000 0.000000 0.000000 1.000000
0.999514 -0.004042 -0.030922 0.000000 0.001809 0.997410 -0.071905 0.755700 0.031132 0.071814 0.996932 0.000000 0.000000 0.000000 0.000000 1.000000
0.999088 -0.000844 -0.042683 0.000000 -0.001151 0.998908 -0.046700 0.755700 0.042676 0.046707 0.997997 0.000000 0.000000 0.000000 0.000000 1.000000
0.998915 0.006340 -0.046141 0.000000 -0.006508 0.999973 -0.003488 0.755700 0.046118 0.003784 0.998929 0.000000 0.000000 0.000000 0.000000 1.000000
0.999190 0.014483 -0.037556 -0.000000 -0.012803 0.998924 0.044578 0.755700 0.038161 -0.044061 0.998300 -0.000000 0.000000 0.000000 0.000000 1.000000
0.999575 0.017762 -0.023102 0.000000 -0.015671 0.996020 0.087745 0.755700 0.024569 -0.087346 0.995875 0.000000 0.000000 0.000000 0.000000 1.000000
0.999757 0.018591 -0.011835 0.000000 -0.016962 0.991966 0.125362 0.755700 0.014070 -0.125131 0.992040 -0.000000 0.000000 0.000000 0.000000 1.000000
0.999745 0.022125 -0.004433 -0.000000 -0.021148 0.987239 0.157836 0.755700 0.007868 -0.157702 0.987455 0.000000 0.000000 0.000000 0.000000 1.000000
0.999662 0.025866 0.002513 0.000000 -0.025901 0.983772 0.177545 0.755700 0.002120 -0.177550 0.984109 0.000000 0.000000 0.000000 0.000000 1.000000
0.999621 0.026392 0.007882 0.000000 -0.027376 0.983564 0.178474 0.755700 -0.003042 -0.178622 0.983913 0.000000 0.000000 0.000000 0.000000 1.000000
0.999617 0.026813 0.006861 0.000000 -0.027583 0.985559 0.167073 0.755700 -0.002283 -0.167198 0.985921 -0.000000 0.000000 0.000000 0.000000 1.000000
0.999607 0.027618 -0.004849 0.000000 -0.026510 0.987158 0.157532 0.755700 0.009138 -0.157341 0.987502 0.000000 0.000000 0.000000 0.000000 1.000000
0.999475 0.023250 -0.022554 0.000000 -0.019467 0.987656 0.155426 0.755700 0.025889 -0.154905 0.987590 -0.000000 0.000000 0.000000 0.000000 1.000000
0.999374 0.013643 -0.032633 0.000000 -0.008432 0.987910 0.154801 0.755700 0.034350 -0.154429 0.987407 0.000000 0.000000 0.000000 0.000000 1.000000
0.999653 0.005521 -0.025754 0.000000 -0.001544 0.988386 0.151957 0.755700 0.026294 -0.151865 0.988051 -0.000000 0.000000 0.000000 0.000000 1.000000
0.999981 0.001653 -0.005866 -0.000000 -0.000771 0.989096 0.147272 0.755700 0.006045 -0.147265 0.989079 0.000000 0.000000 0.000000 0.000000 1.000000
0.999906 -0.000634 0.013688 -0.000000 -0.001287 0.990174 0.139836 0.755700 -0.013642 -0.139841 0.990080 0.000000 0.000000 0.000000 0.000000 1.000000
0.999860 -0.000060 0.016747 0.000000 -0.001975 0.992593 0.121475 0.755700 -0.016631 -0.121491 0.992453 0.000000 0.000000 0.000000 0.000000 1.000000
0.999906 0.009382 -0.009956 0.000000 -0.008298 0.994563 0.103802 0.755700 0.010876 -0.103710 0.994548 0.000000 0.000000 0.000000 0.000000 1.000000
0.998587 0.019309 -0.049510 0.000000 -0.014467 0.995241 0.096364 0.755700 0.051136 -0.095511 0.994114 0.000000 0.000000 0.000000 0.000000 1.000000
0.996753 0.021710 -0.077539 -0.000000 -0.014920 0.996088 0.087099 0.755700 0.079127 -0.085659 0.993177 0.000000 0.000000 0.000000 0.000000 1.000000
0.996896 0.015866 -0.077111 0.000000 -0.010351 0.997394 0.071406 0.755700 0.078043 -0.070386 0.994462 -0.000000 0.000000 0.000000 0.000000 1.000000
0.998882 0.012705 -0.045530 0.000000 -0.009975 0.998166 0.059708 0.755700 0.046205 -0.059188 0.997177 0.000000 0.000000 0.000000 0.000000 1.000000
0.999816 0.016057 -0.010510 -0.000000 -0.015440 0.998288 0.056413 0.755700 0.011398 -0.056240 0.998352 0.000000 0.000000 0.000000 0.000000 1.000000
0.999824 0.018586 0.002574 0.000000 -0.018701 0.998264 0.055858 0.755700 -0.001531 -0.055896 0.998435 0.000000 0.000000 0.000000 0.000000 1.000000
0.999872 0.015947 -0.001362 0.000000 -0.015851 0.998431 0.053714 0.755700 0.002216 -0.053685 0.998555 0.000000 0.000000 0.000000 0.000000 1.000000
0.999940 0.009633 -0.005188 -0.000000 -0.009359 0.998681 0.050483 0.755700 0.005668 -0.050431 0.998711 0.000000 0.000000 0.000000 0.000000 1.000000
0.999964 0.005691 -0.006279 -0.000000 -0.005373 0.998756 0.049573 0.755700 0.006553 -0.049538 0.998751 0.000000 0.000000 0.000000 0.000000 1.000000
0.999953 0.005635 -0.007887 -0.000000 -0.005222 0.998658 0.051520 0.755700 0.008166 -0.051476 0.998641 -0.000000 0.000000 0.000000 0.000000 1.000000
0.999912 0.006429 -0.011580 0.000000 -0.005793 0.998517 0.054135 0.755700 0.011911 -0.054063 0.998466 -0.000000 0.000000 0.000000 0.000000 1.000000
0.999868 0.004158 -0.015731 0.000000 -0.003282 0.998464 0.055315 0.755700 0.015937 -0.055256 0.998345 0.000000 0.000000 0.000000 0.000000 1.000000</float_array><technique_common><accessor source="#mixamorig_Spine1-Matrix-animation-output-transform-array" count="62" stride="16"><param type="float4x4"/></accessor></technique_common></source><source id="mixamorig_Spine1-Interpolations"><Name_array id="mixamorig_Spine1-Interpolations-array" count="62">
 LINEAR LINEAR LINEAR LINEAR LINEAR LINEAR LINEAR LINEAR LINEAR LINEAR LINEAR
LINEAR LINEAR LINEAR LINEAR LINEAR LINEAR LINEAR LINEAR LINEAR LINEAR LINEAR LINEAR
LINEAR LINEAR LINEAR LINEAR LINEAR LINEAR LINEAR LINEAR LINEAR LINEAR LINEAR LINEAR
LINEAR LINEAR LINEAR LINEAR LINEAR LINEAR LINEAR LINEAR LINEAR LINEAR LINEAR LINEAR
LINEAR LINEAR LINEAR LINEAR LINEAR LINEAR LINEAR LINEAR LINEAR LINEAR LINEAR LINEAR
LINEAR LINEAR LINEAR</Name_array><technique_common><accessor source="#mixamorig_Spine1-Interpolations-array" count="62"><param type="name"/></accessor></technique_common></source><sampler id="mixamorig_Spine1-Matrix-animation-transform"><input semantic="INPUT" source="#mixamorig_Spine1-Matrix-animation-input"/><input semantic="OUTPUT" source="#mixamorig_Spine1-Matrix-animation-output-transform"/><input semantic="INTERPOLATION" source="#mixamorig_Spine1-Interpolations"/></sampler><channel source="#mixamorig_Spine1-Matrix-animation-transform" target="mixamorig_Spine1/matrix"/></animation>
    <animation id="mixamorig_Spine2-anim" name="mixamorig_Spine2"><source id="mixamorig_Spine2-Matrix-animation-input"><float_array id="mixamorig_Spine2-Matrix-animation-input-array" count="62">

0.000000 0.033333 0.066667 0.100000 0.133333 0.166667 0.200000 0.233333 0.266667 0.300000 0.333333 0.366667 0.400000 0.433333 0.466667 0.500000
0.533333 0.566667 0.600000 0.633333 0.666667 0.700000 0.733333 0.766667 0.800000 0.833333 0.866667 0.900000 0.933333 0.966667 1.000000 1.033333
1.066667 1.100000 1.133333 1.166667 1.200000 1.233333 1.266667 1.300000 1.333333 1.366667 1.400000 1.433333 1.466667 1.500000 1.533333 1.566667
1.600000 1.633333 1.666667 1.700000 1.733333 1.766667 1.800000 1.833333 1.866667 1.900000 1.933333 1.966667 2.000000 2.033333</float_array><technique_common><accessor source="#mixamorig_Spine2-Matrix-animation-input-array" count="62"><param name="TIME" type="float"/></accessor></technique_common></source><source id="mixamorig_Spine2-Matrix-animation-output-transform"><float_array id="mixamorig_Spine2-Matrix-animation-output-transform-array" count="992">

0.999299 0.005737 -0.037005 -0.000000 -0.004523 0.999451 0.032816 0.863700 0.037173 -0.032626 0.998776 0.000000 0.000000 0.000000 0.000000 1.000000
0.999282 0.004993 -0.037548 -0.000000 -0.003736 0.999433 0.033455 0.863700 0.037693 -0.033291 0.998735 0.000000 0.000000 0.000000 0.000000 1.000000
0.999279 0.004202 -0.037730 0.000000 -0.002986 0.999477 0.032212 0.863700 0.037846 -0.032076 0.998769 0.000000 0.000000 0.000000 0.000000 1.000000
0.999313 0.004855 -0.036739 0.000000 -0.003773 0.999558 0.029480 0.863700 0.036866 -0.029321 0.998890 0.000000 0.000000 0.000000 0.000000 1.000000
0.999377 0.006401 -0.034712 -0.000000 -0.005519 0.999661 0.025442 0.863700 0.034863 -0.025234 0.999073 0.000000 0.000000 0.000000 0.000000 1.000000
0.999442 0.007377 -0.032582 0.000000 -0.006716 0.999770 0.020371 0.863700 0.032725 -0.020141 0.999261 0.000000 0.000000 0.000000 0.000000 1.000000
0.999492 0.007530 -0.030970 0.000000 -0.007088 0.999872 0.014359 0.863700 0.031074 -0.014132 0.999417 -0.000000 0.000000 0.000000 0.000000 1.000000
0.999523 0.008026 -0.029836 0.000000 -0.007814 0.999943 0.007226 0.863700 0.029892 -0.006990 0.999529 0.000000 0.000000 0.000000 0.000000 1.000000
0.999547 0.009256 -0.028633 0.000000 -0.009304 0.999956 -0.001547 0.863700 0.028617 0.001812 0.999589 -0.000000 0.000000 0.000000 0.000000 1.000000
0.999602 0.010002 -0.026369 0.000000 -0.010326 0.999873 -0.012176 0.863700 0.026244 0.012443 0.999578 0.000000 0.000000 0.000000 0.000000 1.000000
0.999709 0.009025 -0.022383 0.000000 -0.009552 0.999677 -0.023563 0.863700 0.022163 0.023770 0.999472 -0.000000 0.000000 0.000000 0.000000 1.000000
0.999826 0.006484 -0.017493 0.000000 -0.007070 0.999409 -0.033650 0.863700 0.017264 0.033767 0.999281 0.000000 0.000000 0.000000 0.000000 1.000000
0.999900 0.003790 -0.013621 0.000000 -0.004345 0.999153 -0.040912 0.863700 0.013454 0.040967 0.999070 0.000000 0.000000 0.000000 0.000000 1.000000
0.999928 0.002365 -0.011802 -0.000000 -0.002892 0.998988 -0.044885 0.863700 0.011684 0.044916 0.998922 -0.000000 0.000000 0.000000 0.000000 1.000000
0.999932 0.002474 -0.011400 -0.000000 -0.002985 0.998982 -0.045011 0.863700 0.011277 0.045042 0.998921 0.000000 0.000000 0.000000 0.000000 1.000000
0.999930 0.002978 -0.011472 0.000000 -0.003429 0.999216 -0.039445 0.863700 0.011346 0.039482 0.999156 0.000000 0.000000 0.000000 0.000000 1.000000
0.999927 0.002460 -0.011854 -0.000000 -0.002775 0.999641 -0.026656 0.863700 0.011784 0.026687 0.999574 0.000000 0.000000 0.000000 0.000000 1.000000
0.999922 0.001090 -0.012408 0.000000 -0.001200 0.999960 -0.008824 0.863700 0.012398 0.008838 0.999884 0.000000 0.000000 0.000000 0.000000 1.000000
0.999927 0.000791 -0.012032 -0.000000 -0.000677 0.999955 0.009511 0.863700 0.012039 -0.009502 0.999882 0.000000 0.000000 0.000000 0.000000 1.000000
0.999950 0.003070 -0.009483 0.000000 -0.002793 0.999573 0.029070 0.863700 0.009568 -0.029042 0.999532 -0.000000 0.000000 0.000000 0.000000 1.000000
0.999954 0.007896 -0.005354 -0.000000 -0.007577 0.998339 0.057117 0.863700 0.005796 -0.057074 0.998353 0.000000 0.000000 0.000000 0.000000 1.000000
0.999905 0.013714 -0.001317 0.000000 -0.013530 0.995494 0.093858 0.863700 0.002599 -0.093831 0.995585 -0.000000 0.000000 0.000000 0.000000 1.000000
0.999838 0.017880 0.002215 -0.000000 -0.018016 0.992128 0.123925 0.863700 0.000018 -0.123945 0.992289 0.000000 0.000000 0.000000 0.000000 1.000000
0.999780 0.020348 0.005004 -0.000000 -0.020826 0.991269 0.130197 0.863700 -0.002311 -0.130272 0.991476 0.000000 0.000000 0.000000 0.000000 1.000000
