<?xml version="1.0" encoding="utf-8"?>
<COLLADA xmlns="http://www.collada.org/2005/11/COLLADASchema" version="1.4.1">
  <asset><contributor><author>Mixamo</author><authoring_tool>COLLADA Mixamo exporter</authoring_tool><comments></comments></contributor><created>2020-03-17T20:30:57Z</created><modified>2020-03-17T20:30:57Z</modified><revision></revision><title></title><unit meter="0.010000"/><up_axis>Y_UP</up_axis></asset>
  <library_animations>
    <animation id="mixamorig_Hips-anim" name="mixamorig_Hips"><source id="mixamorig_Hips-Matrix-animation-input"><float_array id="mixamorig_Hips-Matrix-animation-input-array" count="39">

0.000000 0.033333 0.066667 0.100000 0.133333 0.166667 0.200000 0.233333 0.266667 0.300000 0.333333 0.366667 0.400000 0.433333 0.466667 0.500000
0.533333 0.566667 0.600000 0.633333 0.666667 0.700000 0.733333 0.766667 0.800000 0.833333 0.866667 0.900000 0.933333 0.966667 1.000000 1.033333
1.066667 1.100000 1.133333 1.166667 1.200000 1.233333 1.266667</float_array><technique_common><accessor source="#mixamorig_Hips-Matrix-animation-input-array" count="39"><param name="TIME" type="float"/></accessor></technique_common></source><source id="mixamorig_Hips-Matrix-animation-output-transform"><float_array id="mixamorig_Hips-Matrix-animation-output-transform-array" count="624">

-0.962531 0.000814 0.271169 0.005496 0.024713 0.996097 0.084730 4.173481 -0.270042 0.088257 -0.958795 -0.015312 0.000000 0.000000 0.000000 1.000000
-0.947799 -0.018496 0.318332 0.013122 0.011005 0.995824 0.090627 4.186116 -0.318679 0.089400 -0.943637 -0.000542 0.000000 0.000000 0.000000 1.000000
-0.927439 -0.027702 0.372948 0.025809 0.000586 0.997144 0.075523 4.175880 -0.373975 0.070261 -0.924774 0.022159 0.000000 0.000000 0.000000 1.000000
-0.904053 -0.029862 0.426375 0.046889 -0.008034 0.998567 0.052901 4.132909 -0.427344 0.044400 -0.902998 0.054572 0.000000 0.000000 0.000000 1.000000
-0.880187 -0.030762 0.473629 0.087591 -0.019957 0.999414 0.027822 4.058790 -0.474207 0.015036 -0.880285 0.098722 0.000000 0.000000 0.000000 1.000000
-0.861922 -0.038158 0.505604 0.141388 -0.037220 0.999236 0.011962 3.976646 -0.505674 -0.008508 -0.862683 0.150028 0.000000 0.000000 0.000000 1.000000
-0.856803 -0.056972 0.512487 0.197491 -0.057711 0.998228 0.014487 3.912205 -0.512405 -0.017163 -0.858573 0.206394 0.000000 0.000000 0.000000 1.000000
-0.867731 -0.084025 0.489880 0.247025 -0.077436 0.996426 0.033746 3.880845 -0.490964 -0.008652 -0.871137 0.273029 0.000000 0.000000 0.000000 1.000000
-0.889690 -0.109505 0.443239 0.277981 -0.092834 0.993919 0.059214 3.888060 -0.447028 0.011534 -0.894446 0.353888 0.000000 0.000000 0.000000 1.000000
-0.913171 -0.125443 0.387792 0.284900 -0.102376 0.991550 0.079673 3.934204 -0.394510 0.033054 -0.918297 0.448986 0.000000 0.000000 0.000000 1.000000
-0.931260 -0.128589 0.340910 0.276696 -0.103991 0.990538 0.089553 4.009546 -0.349200 0.047946 -0.935821 0.561451 0.000000 0.000000 0.000000 1.000000
-0.942401 -0.120368 0.312077 0.266748 -0.097246 0.991301 0.088685 4.098466 -0.320037 0.053229 -0.945908 0.690633 0.000000 0.000000 0.000000 1.000000
-0.947885 -0.103135 0.301457 0.257334 -0.083658 0.993526 0.076856 4.177170 -0.307432 0.047631 -0.950377 0.814679 0.000000 0.000000 0.000000 1.000000
-0.950052 -0.071205 0.303860 0.265001 -0.058322 0.996980 0.051280 4.197783 -0.306593 0.030997 -0.951336 0.928948 0.000000 0.000000 0.000000 1.000000
-0.952084 -0.014056 0.305513 0.313379 -0.011482 0.999882 0.010222 4.091228 -0.305620 0.006224 -0.952133 1.048792 0.000000 0.000000 0.000000 1.000000
-0.959294 0.044074 0.278948 0.356709 0.034766 0.998664 -0.038229 3.939195 -0.280260 -0.026975 -0.959545 1.148409 0.000000 0.000000 0.000000 1.000000
-0.976431 0.085759 0.198058 0.368736 0.072585 0.994698 -0.072857 3.782034 -0.203256 -0.056764 -0.977479 1.227606 0.000000 0.000000 0.000000 1.000000
-0.993636 0.097959 0.055599 0.349088 0.093713 0.992813 -0.074439 3.662277 -0.062492 -0.068755 -0.995674 1.299112 0.000000 0.000000 0.000000 1.000000
-0.989148 0.081365 -0.122340 0.307268 0.087454 0.995140 -0.045248 3.588496 0.118063 -0.055456 -0.991456 1.367918 0.000000 0.000000 0.000000 1.000000
-0.956813 0.050255 -0.286329 0.261023 0.054222 0.998511 -0.005939 3.544522 0.285604 -0.021208 -0.958113 1.433058 0.000000 0.000000 0.000000 1.000000
-0.916558 0.020998 -0.399351 0.230829 0.010361 0.999532 0.028777 3.516689 0.399768 0.022238 -0.916346 1.491869 0.000000 0.000000 0.000000 1.000000
-0.888266 0.003410 -0.459316 0.221339 -0.026232 0.997964 0.058138 3.496676 0.458579 0.063691 -0.886368 1.539502 0.000000 0.000000 0.000000 1.000000
-0.873770 -0.002796 -0.486331 0.221633 -0.048895 0.995422 0.082126 3.475266 0.483875 0.095539 -0.869907 1.562414 0.000000 0.000000 0.000000 1.000000
-0.866438 -0.001734 -0.499282 0.220281 -0.057107 0.993776 0.095650 3.455857 0.496009 0.111387 -0.861144 1.553892 0.000000 0.000000 0.000000 1.000000
-0.865355 0.001232 -0.501158 0.210280 -0.053426 0.994072 0.094696 3.447288 0.498303 0.108721 -0.860159 1.508953 0.000000 0.000000 0.000000 1.000000
-0.875645 0.002233 -0.482951 0.187398 -0.042882 0.995680 0.082354 3.460915 0.481048 0.092822 -0.871766 1.443023 0.000000 0.000000 0.000000 1.000000
-0.899283 0.000513 -0.437367 0.148620 -0.032028 0.997237 0.067023 3.504984 0.436193 0.074280 -0.896782 1.366161 0.000000 0.000000 0.000000 1.000000
-0.929112 -0.001975 -0.369792 0.093493 -0.025113 0.998014 0.057765 3.583213 0.368944 0.062957 -0.927317 1.268761 0.000000 0.000000 0.000000 1.000000
-0.953902 -0.004760 -0.300081 0.022624 -0.024118 0.997856 0.060840 3.691296 0.299148 0.065273 -0.951972 1.143545 0.000000 0.000000 0.000000 1.000000
-0.968267 -0.008851 -0.249761 -0.050296 -0.028920 0.996627 0.076800 3.817003 0.248239 0.081586 -0.965257 0.993774 0.000000 0.000000 0.000000 1.000000
-0.974924 -0.015480 -0.221998 -0.106673 -0.038502 0.994267 0.099755 3.928989 0.219181 0.105800 -0.969931 0.826950 0.000000 0.000000 0.000000 1.000000
-0.980378 -0.018422 -0.196265 -0.123535 -0.042546 0.991932 0.119418 3.991631 0.192481 0.125425 -0.973252 0.669538 0.000000 0.000000 0.000000 1.000000
-0.988786 -0.019490 -0.148064 -0.103682 -0.038696 0.991024 0.127964 4.018701 0.144241 0.132259 -0.980664 0.532747 0.000000 0.000000 0.000000 1.000000
-0.997696 -0.016892 -0.065705 -0.070104 -0.024901 0.992086 0.123068 4.032479 0.063106 0.124420 -0.990221 0.412563 0.000000 0.000000 0.000000 1.000000
-0.999207 -0.014186 0.037202 -0.038851 -0.009985 0.993796 0.110765 4.044226 -0.038542 0.110306 -0.993150 0.302179 0.000000 0.000000 0.000000 1.000000
-0.990833 -0.013712 0.134395 -0.019156 -0.000239 0.995012 0.099753 4.060993 -0.135093 0.098806 -0.985894 0.197040 0.000000 0.000000 0.000000 1.000000
-0.978232 -0.012719 0.207123 -0.010267 0.006716 0.995656 0.092863 4.091158 -0.207404 0.092233 -0.973898 0.102441 0.000000 0.000000 0.000000 1.000000
-0.967259 -0.009617 0.253608 -0.004594 0.012856 0.996142 0.086807 4.132133 -0.253464 0.087226 -0.963404 0.031391 0.000000 0.000000 0.000000 1.000000
-0.962531 0.000815 0.271169 0.005494 0.024714 0.996097 0.084730 4.173480 -0.270042 0.088257 -0.958795 -0.015310 0.000000 0.000000 0.000000 1.000000</float_array><technique_common><accessor source="#mixamorig_Hips-Matrix-animation-output-transform-array" count="39" stride="16"><param type="float4x4"/></accessor></technique_common></source><source id="mixamorig_Hips-Interpolations"><Name_array id="mixamorig_Hips-Interpolations-array" count="39">
 LINEAR LINEAR LINEAR LINEAR LINEAR LINEAR LINEAR LINEAR LINEAR LINEAR LINEAR
LINEAR LINEAR LINEAR LINEAR LINEAR LINEAR LINEAR LINEAR LINEAR LINEAR LINEAR LINEAR
LINEAR LINEAR LINEAR LINEAR LINEAR LINEAR LINEAR LINEAR LINEAR LINEAR LINEAR LINEAR
LINEAR LINEAR LINEAR LINEAR</Name_array><technique_common><accessor source="#mixamorig_Hips-Interpolations-array" count="39"><param type="name"/></accessor></technique_common></source><sampler id="mixamorig_Hips-Matrix-animation-transform"><input semantic="INPUT" source="#mixamorig_Hips-Matrix-animation-input"/><input semantic="OUTPUT" source="#mixamorig_Hips-Matrix-animation-output-transform"/><input semantic="INTERPOLATION" source="#mixamorig_Hips-Interpolations"/></sampler><channel source="#mixamorig_Hips-Matrix-animation-transform" target="mixamorig_Hips/matrix"/></animation>
    <animation id="mixamorig_Spine-anim" name="mixamorig_Spine"><source id="mixamorig_Spine-Matrix-animation-input"><float_array id="mixamorig_Spine-Matrix-animation-input-array" count="39">

0.000000 0.033333 0.066667 0.100000 0.133333 0.166667 0.200000 0.233333 0.266667 0.300000 0.333333 0.366667 0.400000 0.433333 0.466667 0.500000
0.533333 0.566667 0.600000 0.633333 0.666667 0.700000 0.733333 0.766667 0.800000 0.833333 0.866667 0.900000 0.933333 0.966667 1.000000 1.033333
1.066667 1.100000 1.133333 1.166667 1.200000 1.233333 1.266667</float_array><technique_common><accessor source="#mixamorig_Spine-Matrix-animation-input-array" count="39"><param name="TIME" type="float"/></accessor></technique_common></source><source id="mixamorig_Spine-Matrix-animation-output-transform"><float_array id="mixamorig_Spine-Matrix-animation-output-transform-array" count="624">

0.996864 0.020431 0.076445 0.000000 -0.028732 0.993614 0.109117 0.620300 -0.073727 -0.110971 0.991085 0.186600 0.000000 0.000000 0.000000 1.000000
0.992346 0.046877 0.114249 -0.000000 -0.057252 0.994359 0.089289 0.620300 -0.109419 -0.095147 0.989431 0.186600 0.000000 0.000000 0.000000 1.000000
0.988344 0.077073 0.131284 -0.000000 -0.087269 0.993450 0.073763 0.620300 -0.124739 -0.084360 0.988597 0.186600 0.000000 0.000000 0.000000 1.000000
0.985913 0.106062 0.129333 0.000000 -0.114982 0.991333 0.063552 0.620300 -0.121472 -0.077527 0.989563 0.186600 0.000000 0.000000 0.000000 1.000000
0.986154 0.128072 0.105343 0.000000 -0.135406 0.988611 0.065671 0.620300 -0.095733 -0.079025 0.992265 0.186600 0.000000 0.000000 0.000000 1.000000
0.988846 0.136307 0.060037 0.000000 -0.140785 0.986959 0.078045 0.620300 -0.048616 -0.085627 0.995140 0.186600 0.000000 0.000000 0.000000 1.000000
0.991990 0.126188 -0.005700 0.000000 -0.125090 0.987627 0.094579 0.620300 0.017565 -0.093108 0.995501 0.186600 0.000000 0.000000 0.000000 1.000000
0.991295 0.095108 -0.091038 0.000000 -0.084975 0.990363 0.109365 0.620300 0.100562 -0.100677 0.989824 0.186600 0.000000 0.000000 0.000000 1.000000
0.980064 0.044529 -0.193629 0.000000 -0.021311 0.992499 0.120380 0.620300 0.197537 -0.113854 0.973661 0.186600 0.000000 0.000000 0.000000 1.000000
0.953172 -0.023002 -0.301552 0.000000 0.062820 0.990414 0.123020 0.620300 0.295831 -0.136203 0.945480 0.186600 0.000000 0.000000 0.000000 1.000000
0.914094 -0.100645 -0.392814 0.000000 0.154308 0.982164 0.107435 0.620300 0.374995 -0.158820 0.913321 0.186600 0.000000 0.000000 0.000000 1.000000
0.874535 -0.175946 -0.451919 0.000000 0.229761 0.970966 0.066599 0.620300 0.427080 -0.162076 0.889570 0.186600 0.000000 0.000000 0.000000 1.000000
0.853542 -0.237354 -0.463820 0.000000 0.271819 0.962317 0.007762 0.620300 0.444499 -0.132700 0.885896 0.186600 0.000000 0.000000 0.000000 1.000000
0.863053 -0.273333 -0.424770 -0.000000 0.282346 0.958348 -0.043009 0.620300 0.418833 -0.082812 0.904279 0.186600 0.000000 0.000000 0.000000 1.000000
0.902458 -0.260115 -0.343381 0.000000 0.253574 0.965151 -0.064681 0.620300 0.348239 -0.028701 0.936966 0.186600 0.000000 0.000000 0.000000 1.000000
0.946430 -0.219559 -0.236777 0.000000 0.209812 0.975516 -0.065931 0.620300 0.245455 0.012720 0.969324 0.186600 0.000000 0.000000 0.000000 1.000000
0.975679 -0.180995 -0.123661 0.000000 0.174990 0.982866 -0.057898 0.620300 0.132021 0.034851 0.990634 0.186600 0.000000 0.000000 0.000000 1.000000
0.987423 -0.156387 -0.023212 0.000000 0.155035 0.986556 -0.051689 0.620300 0.030984 0.047441 0.998393 0.186600 0.000000 0.000000 0.000000 1.000000
0.985598 -0.152080 0.073942 0.000000 0.155520 0.986887 -0.043209 0.620300 -0.066401 0.054086 0.996326 0.186600 0.000000 0.000000 0.000000 1.000000
0.969735 -0.174411 0.170865 0.000000 0.178914 0.983801 -0.011201 0.620300 -0.166143 0.041432 0.985231 0.186600 0.000000 0.000000 0.000000 1.000000
0.940065 -0.191508 0.282140 0.000000 0.185969 0.981452 0.046547 0.620300 -0.285821 0.008712 0.958244 0.186600 0.000000 0.000000 0.000000 1.000000
0.899403 -0.195256 0.391087 -0.000000 0.163685 0.980035 0.112863 0.620300 -0.405316 -0.037495 0.913407 0.186600 0.000000 0.000000 0.000000 1.000000
0.858367 -0.187699 0.477468 -0.000000 0.121656 0.978594 0.165991 0.620300 -0.498403 -0.084394 0.862828 0.186600 0.000000 0.000000 0.000000 1.000000
0.833260 -0.171751 0.525527 -0.000000 0.073008 0.976383 0.203338 0.620300 -0.548039 -0.131066 0.826120 0.186600 0.000000 0.000000 0.000000 1.000000
0.831780 -0.144528 0.535961 0.000000 0.022697 0.973559 0.227307 0.620300 -0.554642 -0.176905 0.813067 0.186600 0.000000 0.000000 0.000000 1.000000
0.850210 -0.112654 0.514249 -0.000000 -0.016314 0.970729 0.239625 0.620300 -0.526191 -0.212121 0.823485 0.186600 0.000000 0.000000 0.000000 1.000000
0.878262 -0.088998 0.469825 -0.000000 -0.033654 0.968587 0.246388 0.620300 -0.476994 -0.232205 0.847678 0.186600 0.000000 0.000000 0.000000 1.000000
0.909307 -0.086081 0.407124 -0.000000 -0.022144 0.966974 0.253913 0.620300 -0.415535 -0.239900 0.877370 0.186600 0.000000 0.000000 0.000000 1.000000
0.939215 -0.104065 0.327179 -0.000000 0.015728 0.964999 0.261783 0.620300 -0.342969 -0.240725 0.907978 0.186600 0.000000 0.000000 0.000000 1.000000
0.963760 -0.134625 0.230311 0.000000 0.070540 0.961201 0.266676 0.620300 -0.257276 -0.240766 0.935864 0.186600 0.000000 0.000000 0.000000 1.000000
0.978958 -0.159173 0.127689 0.000000 0.121377 0.957220 0.262673 0.620300 -0.164036 -0.241648 0.956399 0.186600 0.000000 0.000000 0.000000 1.000000
0.986169 -0.158558 0.048274 0.000000 0.141603 0.957369 0.251780 0.620300 -0.086138 -0.241462 0.966580 0.186600 0.000000 0.000000 0.000000 1.000000
0.991109 -0.132923 0.005933 -0.000000 0.127944 0.964330 0.231729 0.620300 -0.036523 -0.228909 0.972762 0.186600 0.000000 0.000000 0.000000 1.000000
0.995509 -0.094590 0.003766 0.000000 0.091675 0.973227 0.210772 0.620300 -0.023602 -0.209480 0.977528 0.186600 0.000000 0.000000 0.000000 1.000000
0.997887 -0.056889 0.031381 0.000000 0.050199 0.981744 0.183462 0.620300 -0.041245 -0.181499 0.982526 0.186600 0.000000 0.000000 0.000000 1.000000
0.997498 -0.026176 0.065664 -0.000000 0.016161 0.988757 0.148658 0.620300 -0.068817 -0.147225 0.986706 0.186600 0.000000 0.000000 0.000000 1.000000
0.996132 -0.004289 0.087767 -0.000000 -0.006094 0.993032 0.117691 0.620300 -0.087660 -0.117771 0.989164 0.186600 0.000000 0.000000 0.000000 1.000000
0.995677 0.009199 0.092429 0.000000 -0.018710 0.994550 0.102565 0.620300 -0.090982 -0.103851 0.990423 0.186600 0.000000 0.000000 0.000000 1.000000
0.996864 0.020431 0.076445 -0.000000 -0.028732 0.993614 0.109117 0.620300 -0.073727 -0.110971 0.991085 0.186600 0.000000 0.000000 0.000000 1.000000</float_array><technique_common><accessor source="#mixamorig_Spine-Matrix-animation-output-transform-array" count="39" stride="16"><param type="float4x4"/></accessor></technique_common></source><source id="mixamorig_Spine-Interpolations"><Name_array id="mixamorig_Spine-Interpolations-array" count="39">
 LINEAR LINEAR LINEAR LINEAR LINEAR LINEAR LINEAR LINEAR LINEAR LINEAR LINEAR
LINEAR LINEAR LINEAR LINEAR LINEAR LINEAR LINEAR LINEAR LINEAR LINEAR LINEAR LINEAR
LINEAR LINEAR LINEAR LINEAR LINEAR LINEAR LINEAR LINEAR LINEAR LINEAR LINEAR LINEAR
LINEAR LINEAR LINEAR LINEAR</Name_array><technique_common><accessor source="#mixamorig_Spine-Interpolations-array" count="39"><param type="name"/></accessor></technique_common></source><sampler id="mixamorig_Spine-Matrix-animation-transform"><input semantic="INPUT" source="#mixamorig_Spine-Matrix-animation-input"/><input semantic="OUTPUT" source="#mixamorig_Spine-Matrix-animation-output-transform"/><input semantic="INTERPOLATION" source="#mixamorig_Spine-Interpolations"/></sampler><channel source="#mixamorig_Spine-Matrix-animation-transform" target="mixamorig_Spine/matrix"/></animation>
    <animation id="mixamorig_Spine1-anim" name="mixamorig_Spine1"><source id="mixamorig_Spine1-Matrix-animation-input"><float_array id="mixamorig_Spine1-Matrix-animation-input-array" count="39">

0.000000 0.033333 0.066667 0.100000 0.133333 0.166667 0.200000 0.233333 0.266667 0.300000 0.333333 0.366667 0.400000 0.433333 0.466667 0.500000
0.533333 0.566667 0.600000 0.633333 0.666667 0.700000 0.733333 0.766667 0.800000 0.833333 0.866667 0.900000 0.933333 0.966667 1.000000 1.033333
1.066667 1.100000 1.133333 1.166667 1.200000 1.233333 1.266667</float_array><technique_common><accessor source="#mixamorig_Spine1-Matrix-animation-input-array" count="39"><param name="TIME" type="float"/></accessor></technique_common></source><source id="mixamorig_Spine1-Matrix-animation-output-transform"><float_array id="mixamorig_Spine1-Matrix-animation-output-transform-array" count="624">

0.999658 -0.007814 0.024955 0.000000 0.006192 0.997903 0.064435 0.755700 -0.025406 -0.064258 0.997610 0.000000 0.000000 0.000000 0.000000 1.000000
0.999356 -0.009610 0.034565 0.000000 0.007417 0.997984 0.063029 0.755700 -0.035101 -0.062732 0.997413 0.000000 0.000000 0.000000 0.000000 1.000000
0.999244 -0.004882 0.038571 0.000000 0.002436 0.997998 0.063196 0.755700 -0.038802 -0.063055 0.997255 0.000000 0.000000 0.000000 0.000000 1.000000
0.999314 0.002574 0.036946 -0.000000 -0.004921 0.997965 0.063567 0.755700 -0.036707 -0.063706 0.997293 0.000000 0.000000 0.000000 0.000000 1.000000
0.999635 0.009277 0.025354 -0.000000 -0.010885 0.997890 0.064012 0.755700 -0.024707 -0.064264 0.997627 0.000000 0.000000 0.000000 0.000000 1.000000
0.999880 0.015432 0.001239 -0.000000 -0.015479 0.997844 0.063772 0.755700 -0.000252 -0.063783 0.997964 0.000000 0.000000 0.000000 0.000000 1.000000
0.999222 0.022255 -0.032569 0.000000 -0.020278 0.998004 0.059811 0.755700 0.033835 -0.059104 0.997678 0.000000 0.000000 0.000000 0.000000 1.000000
0.996633 0.032163 -0.075413 0.000000 -0.028160 0.998168 0.053556 0.755700 0.076998 -0.051252 0.995713 0.000000 0.000000 0.000000 0.000000 1.000000
0.990698 0.050165 -0.126492 0.000000 -0.044413 0.997865 0.047893 0.755700 0.128625 -0.041830 0.990811 -0.000000 0.000000 0.000000 0.000000 1.000000
0.980425 0.078368 -0.180627 0.000000 -0.071015 0.996375 0.046828 0.755700 0.183642 -0.033084 0.982436 0.000000 0.000000 0.000000 0.000000 1.000000
0.967419 0.110844 -0.227629 0.000000 -0.101487 0.993454 0.052445 0.755700 0.231952 -0.027635 0.972335 0.000000 0.000000 0.000000 0.000000 1.000000
0.957748 0.135675 -0.253595 0.000000 -0.124000 0.990372 0.061546 0.755700 0.259503 -0.027500 0.965351 -0.000000 0.000000 0.000000 0.000000 1.000000
0.957020 0.140618 -0.253651 -0.000000 -0.127413 0.989527 0.067843 0.755700 0.260534 -0.032608 0.964914 0.000000 0.000000 0.000000 0.000000 1.000000
0.964738 0.128178 -0.229894 -0.000000 -0.115553 0.990997 0.067619 0.755700 0.236492 -0.038670 0.970864 0.000000 0.000000 0.000000 0.000000 1.000000
0.975948 0.109590 -0.188454 0.000000 -0.098939 0.992965 0.065055 0.755700 0.194258 -0.044845 0.979925 -0.000000 0.000000 0.000000 0.000000 1.000000
0.986743 0.089008 -0.135702 -0.000000 -0.081472 0.994860 0.060126 0.755700 0.140356 -0.048273 0.988924 0.000000 0.000000 0.000000 0.000000 1.000000
0.995033 0.060909 -0.078738 -0.000000 -0.056328 0.996659 0.059145 0.755700 0.082078 -0.054416 0.995139 0.000000 0.000000 0.000000 0.000000 1.000000
0.999077 0.031324 -0.029381 0.000000 -0.029305 0.997335 0.066816 0.755700 0.031396 -0.065893 0.997333 0.000000 0.000000 0.000000 0.000000 1.000000
0.999979 0.004193 0.004904 0.000000 -0.004614 0.995998 0.089261 0.755700 -0.004510 -0.089282 0.995996 0.000000 0.000000 0.000000 0.000000 1.000000
0.999560 0.002958 0.029502 0.000000 -0.006416 0.993014 0.117826 0.755700 -0.028948 -0.117964 0.992596 0.000000 0.000000 0.000000 0.000000 1.000000
0.998614 0.016434 0.049990 -0.000000 -0.023476 0.989341 0.143711 0.755700 -0.047095 -0.144685 0.988356 0.000000 0.000000 0.000000 0.000000 1.000000
0.996702 0.034907 0.073253 0.000000 -0.046174 0.986318 0.158254 0.755700 -0.066727 -0.161115 0.984677 0.000000 0.000000 0.000000 0.000000 1.000000
0.994351 0.050291 0.093472 0.000000 -0.065572 0.983541 0.168369 0.755700 -0.083466 -0.173547 0.981282 0.000000 0.000000 0.000000 0.000000 1.000000
0.992727 0.058696 0.105110 0.000000 -0.076495 0.981726 0.174250 0.755700 -0.092961 -0.181023 0.979076 0.000000 0.000000 0.000000 0.000000 1.000000
0.992749 0.056238 0.106236 0.000000 -0.074348 0.981747 0.175056 0.755700 -0.094452 -0.181685 0.978810 -0.000000 0.000000 0.000000 0.000000 1.000000
0.993754 0.047173 0.101128 -0.000000 -0.064024 0.983280 0.170474 0.755700 -0.091395 -0.175884 0.980159 0.000000 0.000000 0.000000 0.000000 1.000000
0.995148 0.033771 0.092416 -0.000000 -0.048222 0.986114 0.158914 0.755700 -0.085766 -0.162599 0.982958 -0.000000 0.000000 0.000000 0.000000 1.000000
0.996471 0.018913 0.081774 0.000000 -0.030270 0.989693 0.139968 0.755700 -0.078284 -0.141950 0.986773 0.000000 0.000000 0.000000 0.000000 1.000000
0.997677 0.003789 0.068023 0.000000 -0.011700 0.993148 0.116276 0.755700 -0.067116 -0.116801 0.990885 -0.000000 0.000000 0.000000 0.000000 1.000000
0.998726 -0.006936 0.049992 0.000000 0.002432 0.995976 0.089587 0.755700 -0.050413 -0.089352 0.994724 0.000000 0.000000 0.000000 0.000000 1.000000
0.999480 -0.012590 0.029678 -0.000000 0.010569 0.997677 0.067292 0.755700 -0.030456 -0.066943 0.997292 0.000000 0.000000 0.000000 0.000000 1.000000
0.999849 -0.014165 0.010074 0.000000 0.013606 0.998475 0.053494 0.755700 -0.010816 -0.053349 0.998517 0.000000 0.000000 0.000000 0.000000 1.000000
0.999878 -0.015617 0.001024 0.000000 0.015540 0.998445 0.053543 0.755700 -0.001859 -0.053521 0.998565 0.000000 0.000000 0.000000 0.000000 1.000000
0.999883 -0.014817 0.003788 0.000000 0.014581 0.998308 0.056286 0.755700 -0.004615 -0.056224 0.998407 -0.000000 0.000000 0.000000 0.000000 1.000000
0.999824 -0.013588 0.012967 -0.000000 0.012772 0.998053 0.061049 0.755700 -0.013771 -0.060872 0.998051 0.000000 0.000000 0.000000 0.000000 1.000000
0.999647 -0.013969 0.022620 0.000000 0.012427 0.997681 0.066917 0.755700 -0.023503 -0.066612 0.997502 0.000000 0.000000 0.000000 0.000000 1.000000
0.999511 -0.013510 0.028207 0.000000 0.011509 0.997484 0.069946 0.755700 -0.029081 -0.069587 0.997152 0.000000 0.000000 0.000000 0.000000 1.000000
0.999516 -0.011118 0.029061 0.000000 0.009100 0.997597 0.068690 0.755700 -0.029755 -0.068393 0.997215 -0.000000 0.000000 0.000000 0.000000 1.000000
0.999658 -0.007814 0.024955 0.000000 0.006192 0.997903 0.064435 0.755700 -0.025406 -0.064258 0.997610 0.000000 0.000000 0.000000 0.000000 1.000000</float_array><technique_common><accessor source="#mixamorig_Spine1-Matrix-animation-output-transform-array" count="39" stride="16"><param type="float4x4"/></accessor></technique_common></source><source id="mixamorig_Spine1-Interpolations"><Name_array id="mixamorig_Spine1-Interpolations-array" count="39">
 LINEAR LINEAR LINEAR LINEAR LINEAR LINEAR LINEAR LINEAR LINEAR LINEAR LINEAR
LINEAR LINEAR LINEAR LINEAR LINEAR LINEAR LINEAR LINEAR LINEAR LINEAR LINEAR LINEAR
LINEAR LINEAR LINEAR LINEAR LINEAR LINEAR LINEAR LINEAR LINEAR LINEAR LINEAR LINEAR
LINEAR LINEAR LINEAR LINEAR</Name_array><technique_common><accessor source="#mixamorig_Spine1-Interpolations-array" count="39"><param type="name"/></accessor></technique_common></source><sampler id="mixamorig_Spine1-Matrix-animation-transform"><input semantic="INPUT" source="#mixamorig_Spine1-Matrix-animation-input"/><input semantic="OUTPUT" source="#mixamorig_Spine1-Matrix-animation-output-transform"/><input semantic="INTERPOLATION" source="#mixamorig_Spine1-Interpolations"/></sampler><channel source="#mixamorig_Spine1-Matrix-animation-transform" target="mixamorig_Spine1/matrix"/></animation>
    <animation id="mixamorig_Spine2-anim" name="mixamorig_Spine2"><source id="mixamorig_Spine2-Matrix-animation-input"><float_array id="mixamorig_Spine2-Matrix-animation-input-array" count="39">

0.000000 0.033333 0.066667 0.100000 0.133333 0.166667 0.200000 0.233333 0.266667 0.300000 0.333333 0.366667 0.400000 0.433333 0.466667 0.500000
0.533333 0.566667 0.600000 0.633333 0.666667 0.700000 0.733333 0.766667 0.800000 0.833333 0.866667 0.900000 0.933333 0.966667 1.000000 1.033333
1.066667 1.100000 1.133333 1.166667 1.200000 1.233333 1.266667</float_array><technique_common><accessor source="#mixamorig_Spine2-Matrix-animation-input-array" count="39"><param name="TIME" type="float"/></accessor></technique_common></source><source id="mixamorig_Spine2-Matrix-animation-output-transform"><float_array id="mixamorig_Spine2-Matrix-animation-output-transform-array" count="624">

0.999628 -0.007528 0.026209 0.000000 0.005830 0.997913 0.064304 0.863700 -0.026638 -0.064127 0.997586 0.000000 0.000000 0.000000 0.000000 1.000000
0.999300 -0.010277 0.035970 0.000000 0.007987 0.997966 0.063244 0.863700 -0.036547 -0.062912 0.997350 0.000000 0.000000 0.000000 0.000000 1.000000
0.999169 -0.005991 0.040319 0.000000 0.003411 0.997960 0.063758 0.863700 -0.040619 -0.063568 0.997151 -0.000000 0.000000 0.000000 0.000000 1.000000
0.999232 0.001718 0.039135 -0.000000 -0.004238 0.997916 0.064382 0.863700 -0.038943 -0.064499 0.997158 0.000000 0.000000 0.000000 0.000000 1.000000
0.999573 0.009409 0.027664 0.000000 -0.011168 0.997879 0.064139 0.863700 -0.027001 -0.064420 0.997557 -0.000000 0.000000 0.000000 0.000000 1.000000
0.999851 0.016914 0.003412 0.000000 -0.017093 0.997920 0.062150 0.863700 -0.002354 -0.062199 0.998061 0.000000 0.000000 0.000000 0.000000 1.000000
0.999221 0.024948 -0.030565 -0.000000 -0.023209 0.998161 0.055993 0.863700 0.031906 -0.055240 0.997963 0.000000 0.000000 0.000000 0.000000 1.000000
0.996595 0.036734 -0.073813 0.000000 -0.033295 0.998326 0.047302 0.863700 0.075427 -0.044684 0.996150 -0.000000 0.000000 0.000000 0.000000 1.000000
0.990406 0.058002 -0.125427 0.000000 -0.053447 0.997794 0.039382 0.863700 0.127434 -0.032301 0.991321 -0.000000 0.000000 0.000000 0.000000 1.000000
0.979495 0.090927 -0.179783 0.000000 -0.085528 0.995627 0.037573 0.863700 0.182414 -0.021426 0.982988 0.000000 0.000000 0.000000 0.000000 1.000000
0.965604 0.128177 -0.226230 -0.000000 -0.121196 0.991629 0.044545 0.863700 0.230046 -0.015595 0.973055 0.000000 0.000000 0.000000 0.000000 1.000000
0.955501 0.154108 -0.251534 -0.000000 -0.144973 0.987930 0.054567 0.863700 0.256907 -0.015673 0.966309 0.000000 0.000000 0.000000 0.000000 1.000000
0.954736 0.158838 -0.251493 -0.000000 -0.147911 0.987062 0.061901 0.863700 0.258071 -0.021900 0.965878 0.000000 0.000000 0.000000 0.000000 1.000000
0.962869 0.145326 -0.227516 -0.000000 -0.134559 0.988950 0.062229 0.863700 0.234045 -0.029304 0.971784 0.000000 0.000000 0.000000 0.000000 1.000000
0.974551 0.126373 -0.185151 0.000000 -0.117154 0.991302 0.059955 0.863700 0.191117 -0.036738 0.980879 -0.000000 0.000000 0.000000 0.000000 1.000000
0.985778 0.104889 -0.131299 0.000000 -0.098435 0.993637 0.054734 0.863700 0.136204 -0.041031 0.989831 0.000000 0.000000 0.000000 0.000000 1.000000
0.994540 0.073386 -0.074190 -0.000000 -0.069491 0.996132 0.053786 0.863700 0.077851 -0.048337 0.995793 0.000000 0.000000 0.000000 0.000000 1.000000
0.998840 0.040612 -0.025852 0.000000 -0.038915 0.997249 0.063087 0.863700 0.028343 -0.062007 0.997673 0.000000 0.000000 0.000000 0.000000 1.000000
0.999889 0.013787 0.005662 0.000000 -0.014227 0.996125 0.086789 0.863700 -0.004444 -0.086860 0.996211 0.000000 0.000000 0.000000 0.000000 1.000000
0.999517 0.010988 0.029077 0.000000 -0.014292 0.993150 0.115968 0.863700 -0.027603 -0.116327 0.992827 0.000000 0.000000 0.000000 0.000000 1.000000
0.998537 0.022959 0.048956 0.000000 -0.029681 0.989514 0.141356 0.863700 -0.045197 -0.142602 0.988748 0.000000 0.000000 0.000000 0.000000 1.000000
0.996583 0.039237 0.072684 -0.000000 -0.050156 0.986626 0.155092 0.863700 -0.065627 -0.158207 0.985223 0.000000 0.000000 0.000000 0.000000 1.000000
0.994228 0.051921 0.093891 0.000000 -0.066876 0.984207 0.163903 0.863700 -0.083898 -0.169236 0.981998 -0.000000 0.000000 0.000000 0.000000 1.000000
0.992619 0.057888 0.106563 -0.000000 -0.075435 0.982760 0.168800 0.863700 -0.094954 -0.175592 0.979873 0.000000 0.000000 0.000000 0.000000 1.000000
0.992643 0.055334 0.107693 0.000000 -0.073233 0.982704 0.170088 0.863700 -0.096418 -0.176723 0.979527 0.000000 0.000000 0.000000 0.000000 1.000000
0.993688 0.045671 0.102457 0.000000 -0.062425 0.984011 0.166811 0.863700 -0.093201 -0.172154 0.980651 0.000000 0.000000 0.000000 0.000000 1.000000
0.995092 0.031445 0.093826 -0.000000 -0.045952 0.986576 0.156705 0.863700 -0.087639 -0.160247 0.983179 0.000000 0.000000 0.000000 0.000000 1.000000
0.996385 0.016083 0.083419 -0.000000 -0.027585 0.989961 0.138624 0.863700 -0.080352 -0.140424 0.986826 0.000000 0.000000 0.000000 0.000000 1.000000
0.997572 0.001026 0.069628 0.000000 -0.009058 0.993309 0.115135 0.863700 -0.069044 -0.115486 0.990907 -0.000000 0.000000 0.000000 0.000000 1.000000
0.998628 -0.009150 0.051563 0.000000 0.004555 0.996062 0.088540 0.863700 -0.052170 -0.088183 0.994737 0.000000 0.000000 0.000000 0.000000 1.000000
0.999423 -0.013982 0.030944 -0.000000 0.011909 0.997735 0.066206 0.863700 -0.031800 -0.065800 0.997326 -0.000000 0.000000 0.000000 0.000000 1.000000
0.999865 -0.012253 0.010927 0.000000 0.011664 0.998553 0.052490 0.863700 -0.011555 -0.052356 0.998562 0.000000 0.000000 0.000000 0.000000 1.000000
0.999930 -0.011784 0.001088 0.000000 0.011710 0.998547 0.052603 0.863700 -0.001707 -0.052587 0.998615 0.000000 0.000000 0.000000 0.000000 1.000000
0.999916 -0.012254 0.004223 0.000000 0.012001 0.998389 0.055454 0.863700 -0.004895 -0.055399 0.998452 0.000000 0.000000 0.000000 0.000000 1.000000
0.999820 -0.012746 0.014044 0.000000 0.011875 0.998100 0.060453 0.863700 -0.014787 -0.060275 0.998072 0.000000 0.000000 0.000000 0.000000 1.000000
0.999624 -0.013779 0.023692 -0.000000 0.012177 0.997713 0.066488 0.863700 -0.024554 -0.066174 0.997506 0.000000 0.000000 0.000000 0.000000 1.000000
0.999484 -0.013287 0.029227 -0.000000 0.011223 0.997507 0.069666 0.863700 -0.030080 -0.069302 0.997142 -0.000000 0.000000 0.000000 0.000000 1.000000
0.999483 -0.010891 0.030262 0.000000 0.008796 0.997609 0.068546 0.863700 -0.030936 -0.068244 0.997189 0.000000 0.000000 0.000000 0.000000 1.000000
0.999628 -0.007528 0.026209 -0.000000 0.005830 0.997913 0.064304 0.863700 -0.026638 -0.064127 0.997586 0.000000 0.000000 0.000000 0.000000 1.000000</float_array><technique_common><accessor source="#mixamorig_Spine2-Matrix-animation-output-transform-array" count="39" stride="16"><param type="float4x4"/></accessor></technique_common></source><source id="mixamorig_Spine2-Interpolations"><Name_array id="mixamorig_Spine2-Interpolations-array" count="39">
 LINEAR LINEAR LINEAR LINEAR LINEAR LINEAR LINEAR LINEAR LINEAR LINEAR LINEAR
LINEAR LINEAR LINEAR LINEAR LINEAR LINEAR LINEAR LINEAR LINEAR LINEAR LINEAR LINEAR
LINEAR LINEAR LINEAR LINEAR LINEAR LINEAR LINEAR LINEAR LINEAR LINEAR LINEAR LINEAR
LINEAR LINEAR LINEAR LINEAR</Name_array><technique_common><accessor source="#mixamorig_Spine2-Interpolations-array" count="39"><param type="name"/></accessor></technique_common></source><sampler id="mixamorig_Spine2-Matrix-animation-transform"><input semantic="INPUT" source="#mixamorig_Spine2-Matrix-animation-input"/><input semantic="OUTPUT" source="#mixamorig_Spine2-Matrix-animation-output-transform"/><input semantic="INTERPOLATION" source="#mixamorig_Spine2-Interpolations"/></sampler><channel source="#mixamorig_Spine2-Matrix-animation-transform" target="mixamorig_Spine2/matrix"/></animation>
    <animation id="mixamorig_Neck-anim" name="mixamorig_Neck"><source id="mixamorig_Neck-Matrix-animation-input"><float_array id="mixamorig_Neck-Matrix-animation-input-array" count="39">

0.000000 0.033333 0.066667 0.100000 0.133333 0.166667 0.200000 0.233333 0.266667 0.300000 0.333333 0.366667 0.400000 0.433333 0.466667 0.500000
0.533333 0.566667 0.600000 0.633333 0.666667 0.700000 0.733333 0.766667 0.800000 0.833333 0.866667 0.900000 0.933333 0.966667 1.000000 1.033333
1.066667 1.100000 1.133333 1.166667 1.200000 1.233333 1.266667</float_array><technique_common><accessor source="#mixamorig_Neck-Matrix-animation-input-array" count="39"><param name="TIME" type="float"/></accessor></technique_common></source><source id="mixamorig_Neck-Matrix-animation-output-transform"><float_array id="mixamorig_Neck-Matrix-animation-output-transform-array" count="624">

0.999013 0.039858 0.019593 0.000000 -0.041148 0.996659 0.070559 0.971700 -0.016715 -0.071296 0.997315 0.000000 0.000000 0.000000 0.000000 1.000000
0.999615 0.015420 0.023086 -0.000000 -0.016804 0.997995 0.061017 0.971700 -0.022099 -0.061381 0.997870 0.000000 0.000000 0.000000 0.000000 1.000000
0.998921 -0.006167 0.046026 -0.000000 0.004771 0.999527 0.030376 0.971700 -0.046192 -0.030124 0.998478 0.000000 0.000000 0.000000 0.000000 1.000000
0.996271 -0.015141 0.084941 -0.000000 0.016503 0.999746 -0.015360 0.971700 -0.084687 0.016705 0.996268 0.000000 0.000000 0.000000 0.000000 1.000000
0.992112 -0.007859 0.125109 0.000000 0.016954 0.997275 -0.071796 0.971700 -0.124204 0.073351 0.989542 -0.000000 0.000000 0.000000 0.000000 1.000000
0.986529 0.010548 0.163244 -0.000000 0.012399 0.990227 -0.138914 0.971700 -0.163114 0.139067 0.976757 0.000000 0.000000 0.000000 0.000000 1.000000
0.979118 0.031488 0.200838 0.000000 0.012967 0.976246 -0.216275 0.971700 -0.202877 0.214363 0.955452 -0.000000 0.000000 0.000000 0.000000 1.000000
0.970050 0.047997 0.238115 0.000000 0.028843 0.950587 -0.309115 0.971700 -0.241186 0.306725 0.920733 0.000000 0.000000 0.000000 0.000000 1.000000
0.959067 0.043740 0.279780 0.000000 0.066785 0.925193 -0.373574 0.971700 -0.275191 0.376968 0.884401 0.000000 0.000000 0.000000 0.000000 1.000000
0.947890 0.003052 0.318583 0.000000 0.121219 0.921294 -0.369491 0.971700 -0.294636 0.388855 0.872916 0.000000 0.000000 0.000000 0.000000 1.000000
0.935071 -0.064441 0.348554 -0.000000 0.178150 0.935555 -0.304959 0.971700 -0.306439 0.347253 0.886290 0.000000 0.000000 0.000000 0.000000 1.000000
0.923273 -0.130794 0.361193 -0.000000 0.211382 0.958080 -0.193392 0.971700 -0.320757 0.254904 0.912217 0.000000 0.000000 0.000000 0.000000 1.000000
0.926253 -0.161769 0.340421 0.000000 0.195450 0.978433 -0.066849 0.971700 -0.322265 0.128455 0.937894 0.000000 0.000000 0.000000 0.000000 1.000000
0.949756 -0.130087 0.284678 0.000000 0.123772 0.991498 0.040144 0.971700 -0.287480 -0.002891 0.957782 0.000000 0.000000 0.000000 0.000000 1.000000
0.963411 -0.120132 0.239600 0.000000 0.095817 0.989223 0.110709 0.971700 -0.250318 -0.083701 0.964539 -0.000000 0.000000 0.000000 0.000000 1.000000
0.970826 -0.133948 0.198882 0.000000 0.102427 0.981604 0.161127 0.971700 -0.216806 -0.136056 0.966687 0.000000 0.000000 0.000000 0.000000 1.000000
0.992819 -0.050994 0.108217 0.000000 0.032607 0.985698 0.165335 0.971700 -0.115100 -0.160619 0.980282 0.000000 0.000000 0.000000 0.000000 1.000000
0.999307 0.037145 0.002418 0.000000 -0.037135 0.990347 0.133541 0.971700 0.002566 -0.133539 0.991040 0.000000 0.000000 0.000000 0.000000 1.000000
0.987095 0.090009 -0.132444 -0.000000 -0.082794 0.994818 0.059016 0.971700 0.137069 -0.047289 0.989432 -0.000000 0.000000 0.000000 0.000000 1.000000
0.974390 0.093728 -0.204400 0.000000 -0.109252 0.991820 -0.066011 0.971700 0.196541 0.086652 0.976659 0.000000 0.000000 0.000000 0.000000 1.000000
0.969048 0.041600 -0.243344 0.000000 -0.093124 0.974479 -0.204250 0.971700 0.228636 0.220589 0.948191 -0.000000 0.000000 0.000000 0.000000 1.000000
0.976090 -0.018004 -0.216620 0.000000 -0.045750 0.957225 -0.285705 0.971700 0.212498 0.288784 0.933514 -0.000000 0.000000 0.000000 0.000000 1.000000
0.986579 -0.031541 -0.160212 0.000000 -0.018338 0.953557 -0.300654 0.971700 0.162254 0.299557 0.940180 0.000000 0.000000 0.000000 0.000000 1.000000
0.991170 -0.003062 -0.132558 -0.000000 -0.035526 0.957050 -0.287739 0.971700 0.127746 0.289908 0.948491 0.000000 0.000000 0.000000 0.000000 1.000000
0.987812 0.031002 -0.152535 -0.000000 -0.073123 0.957523 -0.278931 0.971700 0.137408 0.286685 0.948120 0.000000 0.000000 0.000000 0.000000 1.000000
0.980635 0.054269 -0.188178 -0.000000 -0.100941 0.963441 -0.248177 0.971700 0.167830 0.262366 0.950262 0.000000 0.000000 0.000000 0.000000 1.000000
0.978309 0.072873 -0.193912 0.000000 -0.105638 0.980721 -0.164400 0.971700 0.178193 0.181318 0.967146 0.000000 0.000000 0.000000 0.000000 1.000000
0.980303 0.079504 -0.180792 0.000000 -0.091464 0.994071 -0.058798 0.971700 0.175046 0.074176 0.981762 0.000000 0.000000 0.000000 0.000000 1.000000
0.982625 0.080447 -0.167262 -0.000000 -0.076214 0.996591 0.031589 0.971700 0.169233 -0.018293 0.985406 0.000000 0.000000 0.000000 0.000000 1.000000
0.985910 0.084797 -0.144188 0.000000 -0.072412 0.993389 0.089082 0.971700 0.150789 -0.077386 0.985532 -0.000000 0.000000 0.000000 0.000000 1.000000
0.989094 0.094419 -0.113044 -0.000000 -0.082295 0.990793 0.107500 0.971700 0.122153 -0.097025 0.987757 0.000000 0.000000 0.000000 0.000000 1.000000
0.991253 0.098623 -0.087695 -0.000000 -0.090433 0.991558 0.092921 0.971700 0.096118 -0.084178 0.991804 -0.000000 0.000000 0.000000 0.000000 1.000000
0.992984 0.096145 -0.068834 0.000000 -0.092710 0.994361 0.051488 0.971700 0.073397 -0.044745 0.996299 -0.000000 0.000000 0.000000 0.000000 1.000000
0.995440 0.080393 -0.051334 0.000000 -0.079268 0.996574 0.023591 0.971700 0.053055 -0.019414 0.998403 0.000000 0.000000 0.000000 0.000000 1.000000
0.997681 0.059323 -0.033373 0.000000 -0.058594 0.998030 0.022411 0.971700 0.034637 -0.020404 0.999192 -0.000000 0.000000 0.000000 0.000000 1.000000
0.998773 0.045739 -0.018984 0.000000 -0.044980 0.998240 0.038638 0.971700 0.020718 -0.037737 0.999073 0.000000 0.000000 0.000000 0.000000 1.000000
0.999163 0.040611 -0.004944 0.000000 -0.040253 0.997481 0.058409 0.971700 0.007303 -0.058161 0.998280 0.000000 0.000000 0.000000 0.000000 1.000000
0.999175 0.039416 0.009736 -0.000000 -0.040022 0.996529 0.072989 0.971700 -0.006826 -0.073318 0.997285 0.000000 0.000000 0.000000 0.000000 1.000000
0.999013 0.039858 0.019593 -0.000000 -0.041148 0.996659 0.070559 0.971700 -0.016715 -0.071296 0.997315 -0.000000 0.000000 0.000000 0.000000 1.000000</float_array><technique_common><accessor source="#mixamorig_Neck-Matrix-animation-output-transform-array" count="39" stride="16"><param type="float4x4"/></accessor></technique_common></source><source id="mixamorig_Neck-Interpolations"><Name_array id="mixamorig_Neck-Interpolations-array" count="39">
 LINEAR LINEAR LINEAR LINEAR LINEAR LINEAR LINEAR LINEAR LINEAR LINEAR LINEAR
LINEAR LINEAR LINEAR LINEAR LINEAR LINEAR LINEAR LINEAR LINEAR LINEAR LINEAR LINEAR
LINEAR LINEAR LINEAR LINEAR LINEAR LINEAR LINEAR LINEAR LINEAR LINEAR LINEAR LINEAR
LINEAR LINEAR LINEAR LINEAR</Name_array><technique_common><accessor source="#mixamorig_Neck-Interpolations-array" count="39"><param type="name"/></accessor></technique_common></source><sampler id="mixamorig_Neck-Matrix-animation-transform"><input semantic="INPUT" source="#mixamorig_Neck-Matrix-animation-input"/><input semantic="OUTPUT" source="#mixamorig_Neck-Matrix-animation-output-transform"/><input semantic="INTERPOLATION" source="#mixamorig_Neck-Interpolations"/></sampler><channel source="#mixamorig_Neck-Matrix-animation-transform" target="mixamorig_Neck/matrix"/></animation>
    <animation id="mixamorig_Head-anim" name="mixamorig_Head"><source id="mixamorig_Head-Matrix-animation-input"><float_array id="mixamorig_Head-Matrix-animation-input-array" count="39">

0.000000 0.033333 0.066667 0.100000 0.133333 0.166667 0.200000 0.233333 0.266667 0.300000 0.333333 0.366667 0.400000 0.433333 0.466667 0.500000
0.533333 0.566667 0.600000 0.633333 0.666667 0.700000 0.733333 0.766667 0.800000 0.833333 0.866667 0.900000 0.933333 0.966667 1.000000 1.033333
