<?xml version="1.0" encoding="utf-8"?>
<COLLADA xmlns="http://www.collada.org/2005/11/COLLADASchema" version="1.4.1">
  <asset>
    <contributor>
      <authoring_tool>FBX COLLADA exporter</authoring_tool>
    </contributor>
    <created>2020-04-21T19:04:44Z</created>
    <modified>2020-04-21T19:04:44Z</modified>
    <unit meter="0.010000" name="centimeter"/>
    <up_axis>Y_UP</up_axis>
  </asset>
  <library_animations>
    <animation id="Geralt-anim" name="Geralt">
      <animation>
        <source id="Geralt-Matrix-animation-input">
          <float_array id="Geralt-Matrix-animation-input-array" count="42">

0.000000 0.041667 0.083333 0.125000 0.166667 0.208333 0.250000 0.291667 0.333333 0.375000 0.416667 0.458333 0.500000 0.541667 0.583333 0.625000
0.666667 0.708333 0.750000 0.791667 0.833333 0.875000 0.916667 0.958333 1.000000 1.041667 1.083333 1.125000 1.166667 1.208333 1.250000 1.291667
1.333333 1.375000 1.416667 1.458333 1.500000 1.541667 1.583333 1.625000 1.666667 1.708333</float_array>
          <technique_common>
            <accessor source="#Geralt-Matrix-animation-input-array" count="42">
              <param name="TIME" type="float"/>
            </accessor>
          </technique_common>
        </source>
        <source id="Geralt-Matrix-animation-output-transform">
          <float_array id="Geralt-Matrix-animation-output-transform-array" count="672">

0.097781 -0.013416 -0.016088 0.000000 0.007379 0.093938 -0.033484 -0.004274 0.019605 0.031554 0.092844 0.000000 0.000000 0.000000 0.000000 1.000000
0.096672 -0.013005 -0.022031 0.000000 0.006591 0.095869 -0.027671 -0.040749 0.024720 0.025298 0.093536 0.000000 0.000000 0.000000 0.000000 1.000000
0.094701 -0.012413 -0.029624 0.000000 0.005767 0.097303 -0.022337 -0.075030 0.031598 0.019445 0.092863 0.000000 0.000000 0.000000 0.000000 1.000000
0.088861 -0.012636 -0.044090 0.000000 0.004612 0.098105 -0.018821 -0.097024 0.045633 0.014692 0.087760 0.000000 0.000000 0.000000 0.000000 1.000000
0.077067 -0.013562 -0.062264 0.000000 0.003078 0.098387 -0.017620 -0.103338 0.063649 0.011663 0.076242 0.000000 0.000000 0.000000 0.000000 1.000000
0.058849 -0.014954 -0.079455 0.000000 0.002119 0.098526 -0.016973 -0.104975 0.080822 0.008305 0.058299 0.000000 0.000000 0.000000 0.000000 1.000000
0.033660 -0.015681 -0.092850 0.000000 0.000467 0.098630 -0.016488 -0.101398 0.094163 0.005116 0.033272 0.000000 0.000000 0.000000 0.000000 1.000000
-0.004676 -0.015903 -0.098617 0.000000 -0.006193 0.098581 -0.015603 -0.094780 0.099698 0.005378 -0.005595 0.000000 0.000000 0.000000 0.000000 1.000000
-0.028234 -0.014734 -0.094793 0.000000 -0.001198 0.098860 -0.015009 -0.092500 0.095924 -0.003102 -0.028089 0.000000 0.000000 0.000000 0.000000 1.000000
-0.057691 -0.011816 -0.080822 0.000000 -0.000792 0.099025 -0.013912 -0.094961 0.081677 -0.007386 -0.057222 0.000000 0.000000 0.000000 0.000000 1.000000
-0.081154 -0.008229 -0.057848 0.000000 -0.000822 0.099154 -0.012951 -0.097303 0.058424 -0.010035 -0.080535 0.000000 0.000000 0.000000 0.000000 1.000000
-0.095550 -0.005988 -0.028885 0.000000 -0.002543 0.099226 -0.012156 -0.097812 0.029389 -0.010880 -0.094962 0.000000 0.000000 0.000000 0.000000 1.000000
-0.099914 -0.003340 0.002448 0.000000 -0.003592 0.099315 -0.011121 -0.101102 -0.002060 -0.011199 -0.099350 0.000000 0.000000 0.000000 0.000000 1.000000
-0.093287 0.000340 0.036020 0.000000 -0.003539 0.099425 -0.010106 -0.104611 -0.035847 -0.010702 -0.092738 0.000000 0.000000 0.000000 0.000000 1.000000
-0.069068 0.004330 0.072186 0.000000 -0.003368 0.099520 -0.009192 -0.108826 -0.072238 -0.008780 -0.068590 0.000000 0.000000 0.000000 0.000000 1.000000
-0.030627 0.006371 0.094981 0.000000 -0.000476 0.099765 -0.006846 -0.116965 -0.095193 -0.002549 -0.030525 0.000000 0.000000 0.000000 0.000000 1.000000
0.009870 0.004175 0.099424 0.000000 0.005049 0.099762 -0.004690 -0.127825 -0.099384 0.005483 0.009636 0.000000 0.000000 0.000000 0.000000 1.000000
0.039968 -0.001624 0.091651 0.000000 0.012326 0.099172 -0.003618 -0.141318 -0.090833 0.012743 0.039837 0.000000 0.000000 0.000000 0.000000 1.000000
0.057824 -0.007838 0.081210 0.000000 0.018427 0.098220 -0.003640 -0.152580 -0.079479 0.017069 0.058239 0.000000 0.000000 0.000000 0.000000 1.000000
0.071408 -0.013796 0.068634 0.000000 0.023480 0.097080 -0.004914 -0.158170 -0.065952 0.019624 0.072563 0.000000 0.000000 0.000000 0.000000 1.000000
0.082358 -0.019563 0.053240 0.000000 0.027644 0.095805 -0.007559 -0.155424 -0.049528 0.020943 0.084311 0.000000 0.000000 0.000000 0.000000 1.000000
0.089275 -0.025050 0.037450 0.000000 0.030988 0.094476 -0.010677 -0.150222 -0.032706 0.021137 0.092106 0.000000 0.000000 0.000000 0.000000 1.000000
0.092909 -0.029753 0.021971 0.000000 0.033195 0.093276 -0.014060 -0.146379 -0.016310 0.020356 0.096539 0.000000 0.000000 0.000000 0.000000 1.000000
0.093734 -0.034220 0.006559 0.000000 0.034843 0.092054 -0.017668 -0.139488 0.000008 0.018847 0.098208 0.000000 0.000000 0.000000 0.000000 1.000000
0.091984 -0.038452 -0.007772 0.000000 0.036183 0.090814 -0.021062 -0.130216 0.015157 0.016562 0.097447 0.000000 0.000000 0.000000 0.000000 1.000000
0.088886 -0.041121 -0.020204 0.000000 0.036195 0.090061 -0.024060 -0.126460 0.028089 0.014073 0.094937 0.000000 0.000000 0.000000 0.000000 1.000000
0.084950 -0.042737 -0.030938 0.000000 0.035418 0.089655 -0.026599 -0.124383 0.039105 0.011638 0.091298 0.000000 0.000000 0.000000 0.000000 1.000000
0.080606 -0.043614 -0.040007 0.000000 0.034245 0.089503 -0.028574 -0.126331 0.048270 0.009332 0.087080 0.000000 0.000000 0.000000 0.000000 1.000000
0.076435 -0.043561 -0.047541 0.000000 0.032417 0.089695 -0.030067 -0.131669 0.055739 0.007570 0.082679 0.000000 0.000000 0.000000 0.000000 1.000000
0.073046 -0.042743 -0.053266 0.000000 0.030247 0.090175 -0.030881 -0.135625 0.061232 0.006446 0.078797 0.000000 0.000000 0.000000 0.000000 1.000000
0.070504 -0.041366 -0.057602 0.000000 0.027895 0.090854 -0.031102 -0.136252 0.065199 0.005860 0.075596 0.000000 0.000000 0.000000 0.000000 1.000000
0.068805 -0.039669 -0.060763 0.000000 0.025690 0.091628 -0.030730 -0.132035 0.067866 0.005534 0.073236 0.000000 0.000000 0.000000 0.000000 1.000000
0.067797 -0.037675 -0.063120 0.000000 0.023518 0.092470 -0.029935 -0.125430 0.069646 0.005450 0.071553 0.000000 0.000000 0.000000 0.000000 1.000000
0.067473 -0.035341 -0.064794 0.000000 0.021261 0.093376 -0.028791 -0.117329 0.070677 0.005651 0.070518 0.000000 0.000000 0.000000 0.000000 1.000000
0.067569 -0.032762 -0.066038 0.000000 0.018922 0.094288 -0.027417 -0.108355 0.071249 0.006030 0.069909 0.000000 0.000000 0.000000 0.000000 1.000000
0.067939 -0.029956 -0.066985 0.000000 0.016438 0.095180 -0.025894 -0.101830 0.071513 0.006582 0.069589 0.000000 0.000000 0.000000 0.000000 1.000000
0.068439 -0.026998 -0.067729 0.000000 0.013850 0.096015 -0.024278 -0.097214 0.071584 0.007235 0.069451 0.000000 0.000000 0.000000 0.000000 1.000000
0.068916 -0.023983 -0.068376 0.000000 0.011231 0.096759 -0.022618 -0.093470 0.071585 0.007908 0.069376 0.000000 0.000000 0.000000 0.000000 1.000000
0.069194 -0.021025 -0.069067 0.000000 0.008642 0.097390 -0.020989 -0.089766 0.071677 0.008554 0.069205 0.000000 0.000000 0.000000 0.000000 1.000000
0.069131 -0.018224 -0.069920 0.000000 0.006142 0.097899 -0.019444 -0.085548 0.071995 0.009147 0.068798 0.000000 0.000000 0.000000 0.000000 1.000000
0.068787 -0.015637 -0.070879 0.000000 0.003795 0.098293 -0.018002 -0.080607 0.072484 0.009693 0.068207 0.000000 0.000000 0.000000 0.000000 1.000000
0.068674 -0.013028 -0.071514 0.000000 0.001480 0.098611 -0.016543 -0.075195 0.072676 0.010302 0.067912 0.000000 0.000000 0.000000 0.000000 1.000000</float_array>
          <technique_common>
            <accessor source="#Geralt-Matrix-animation-output-transform-array" count="42" stride="16">
              <param type="float4x4"/>
            </accessor>
          </technique_common>
        </source>
        <source id="Geralt-Interpolations">
          <Name_array id="Geralt-Interpolations-array" count="42">
 LINEAR LINEAR LINEAR LINEAR LINEAR LINEAR LINEAR LINEAR LINEAR LINEAR LINEAR
LINEAR LINEAR LINEAR LINEAR LINEAR LINEAR LINEAR LINEAR LINEAR LINEAR LINEAR LINEAR
LINEAR LINEAR LINEAR LINEAR LINEAR LINEAR LINEAR LINEAR LINEAR LINEAR LINEAR LINEAR
LINEAR LINEAR LINEAR LINEAR LINEAR LINEAR LINEAR</Name_array>
          <technique_common>
            <accessor source="#Geralt-Interpolations-array" count="42">
              <param type="name"/>
            </accessor>
          </technique_common>
        </source>
        <sampler id="Geralt-Matrix-animation-transform">
          <input semantic="INPUT" source="#Geralt-Matrix-animation-input"/>
          <input semantic="OUTPUT" source="#Geralt-Matrix-animation-output-transform"/>
          <input semantic="INTERPOLATION" source="#Geralt-Interpolations"/>
        </sampler>
        <channel source="#Geralt-Matrix-animation-transform" target="Geralt/matrix"/>
      </animation>
    </animation>
    <animation id="mixamorig_Hips-anim" name="mixamorig_Hips">
      <animation>
        <source id="mixamorig_Hips-Matrix-animation-input">
          <float_array id="mixamorig_Hips-Matrix-animation-input-array" count="42">

0.000000 0.041667 0.083333 0.125000 0.166667 0.208333 0.250000 0.291667 0.333333 0.375000 0.416667 0.458333 0.500000 0.541667 0.583333 0.625000
0.666667 0.708333 0.750000 0.791667 0.833333 0.875000 0.916667 0.958333 1.000000 1.041667 1.083333 1.125000 1.166667 1.208333 1.250000 1.291667
1.333333 1.375000 1.416667 1.458333 1.500000 1.541667 1.583333 1.625000 1.666667 1.708333</float_array>
          <technique_common>
            <accessor source="#mixamorig_Hips-Matrix-animation-input-array" count="42">
              <param name="TIME" type="float"/>
            </accessor>
          </technique_common>
        </source>
        <source id="mixamorig_Hips-Matrix-animation-output-transform">
          <float_array id="mixamorig_Hips-Matrix-animation-output-transform-array" count="672">

-0.994733 0.002958 -0.102461 -0.079300 -0.006107 0.996097 0.088049 3.696700 0.102322 0.088211 -0.990832 0.497700 0.000000 0.000000 0.000000 1.000000
-0.994733 0.002958 -0.102461 -0.079300 -0.006107 0.996097 0.088049 3.696700 0.102322 0.088211 -0.990832 0.497700 0.000000 0.000000 0.000000 1.000000
-0.994733 0.002958 -0.102461 -0.079300 -0.006107 0.996097 0.088049 3.696700 0.102322 0.088211 -0.990832 0.497700 0.000000 0.000000 0.000000 1.000000
-0.994733 0.002958 -0.102461 -0.079300 -0.006107 0.996097 0.088049 3.696700 0.102322 0.088211 -0.990832 0.497700 0.000000 0.000000 0.000000 1.000000
-0.994733 0.002958 -0.102461 -0.079300 -0.006107 0.996097 0.088049 3.696700 0.102322 0.088211 -0.990832 0.497700 0.000000 0.000000 0.000000 1.000000
-0.994733 0.002958 -0.102461 -0.079300 -0.006107 0.996097 0.088049 3.696700 0.102322 0.088211 -0.990832 0.497700 0.000000 0.000000 0.000000 1.000000
-0.994733 0.002958 -0.102461 -0.079300 -0.006107 0.996097 0.088049 3.696700 0.102322 0.088211 -0.990832 0.497700 0.000000 0.000000 0.000000 1.000000
-0.994733 0.002958 -0.102461 -0.079300 -0.006107 0.996097 0.088049 3.696700 0.102322 0.088211 -0.990832 0.497700 0.000000 0.000000 0.000000 1.000000
-0.994733 0.002958 -0.102461 -0.079300 -0.006107 0.996097 0.088049 3.696700 0.102322 0.088211 -0.990832 0.497700 0.000000 0.000000 0.000000 1.000000
-0.994733 0.002958 -0.102461 -0.079300 -0.006107 0.996097 0.088049 3.696700 0.102322 0.088211 -0.990832 0.497700 0.000000 0.000000 0.000000 1.000000
-0.994733 0.002958 -0.102461 -0.079300 -0.006107 0.996097 0.088049 3.696700 0.102322 0.088211 -0.990832 0.497700 0.000000 0.000000 0.000000 1.000000
-0.994733 0.002958 -0.102461 -0.079300 -0.006107 0.996097 0.088049 3.696700 0.102322 0.088211 -0.990832 0.497700 0.000000 0.000000 0.000000 1.000000
-0.994733 0.002958 -0.102461 -0.079300 -0.006107 0.996097 0.088049 3.696700 0.102322 0.088211 -0.990832 0.497700 0.000000 0.000000 0.000000 1.000000
-0.994733 0.002958 -0.102461 -0.079300 -0.006107 0.996097 0.088049 3.696700 0.102322 0.088211 -0.990832 0.497700 0.000000 0.000000 0.000000 1.000000
-0.994733 0.002958 -0.102461 -0.079300 -0.006107 0.996097 0.088049 3.696700 0.102322 0.088211 -0.990832 0.497700 0.000000 0.000000 0.000000 1.000000
-0.994733 0.002958 -0.102461 -0.079300 -0.006107 0.996097 0.088049 3.696700 0.102322 0.088211 -0.990832 0.497700 0.000000 0.000000 0.000000 1.000000
-0.994733 0.002958 -0.102461 -0.079300 -0.006107 0.996097 0.088049 3.696700 0.102322 0.088211 -0.990832 0.497700 0.000000 0.000000 0.000000 1.000000
-0.994733 0.002958 -0.102461 -0.079300 -0.006107 0.996097 0.088049 3.696700 0.102322 0.088211 -0.990832 0.497700 0.000000 0.000000 0.000000 1.000000
-0.994733 0.002958 -0.102461 -0.079300 -0.006107 0.996097 0.088049 3.696700 0.102322 0.088211 -0.990832 0.497700 0.000000 0.000000 0.000000 1.000000
-0.994733 0.002958 -0.102461 -0.079300 -0.006107 0.996097 0.088049 3.696700 0.102322 0.088211 -0.990832 0.497700 0.000000 0.000000 0.000000 1.000000
-0.994733 0.002958 -0.102461 -0.079300 -0.006107 0.996097 0.088049 3.696700 0.102322 0.088211 -0.990832 0.497700 0.000000 0.000000 0.000000 1.000000
-0.994733 0.002958 -0.102461 -0.079300 -0.006107 0.996097 0.088049 3.696700 0.102322 0.088211 -0.990832 0.497700 0.000000 0.000000 0.000000 1.000000
-0.994733 0.002958 -0.102461 -0.079300 -0.006107 0.996097 0.088049 3.696700 0.102322 0.088211 -0.990832 0.497700 0.000000 0.000000 0.000000 1.000000
-0.994733 0.002958 -0.102461 -0.079300 -0.006107 0.996097 0.088049 3.696700 0.102322 0.088211 -0.990832 0.497700 0.000000 0.000000 0.000000 1.000000
-0.994733 0.002958 -0.102461 -0.079300 -0.006107 0.996097 0.088049 3.696700 0.102322 0.088211 -0.990832 0.497700 0.000000 0.000000 0.000000 1.000000
-0.994733 0.002958 -0.102461 -0.079300 -0.006107 0.996097 0.088049 3.696700 0.102322 0.088211 -0.990832 0.497700 0.000000 0.000000 0.000000 1.000000
-0.994733 0.002958 -0.102461 -0.079300 -0.006107 0.996097 0.088049 3.696700 0.102322 0.088211 -0.990832 0.497700 0.000000 0.000000 0.000000 1.000000
-0.994733 0.002958 -0.102461 -0.079300 -0.006107 0.996097 0.088049 3.696700 0.102322 0.088211 -0.990832 0.497700 0.000000 0.000000 0.000000 1.000000
-0.994733 0.002958 -0.102461 -0.079300 -0.006107 0.996097 0.088049 3.696700 0.102322 0.088211 -0.990832 0.497700 0.000000 0.000000 0.000000 1.000000
-0.994733 0.002958 -0.102461 -0.079300 -0.006107 0.996097 0.088049 3.696700 0.102322 0.088211 -0.990832 0.497700 0.000000 0.000000 0.000000 1.000000
-0.994733 0.002958 -0.102461 -0.079300 -0.006107 0.996097 0.088049 3.696700 0.102322 0.088211 -0.990832 0.497700 0.000000 0.000000 0.000000 1.000000
-0.994733 0.002958 -0.102461 -0.079300 -0.006107 0.996097 0.088049 3.696700 0.102322 0.088211 -0.990832 0.497700 0.000000 0.000000 0.000000 1.000000
-0.994733 0.002958 -0.102461 -0.079300 -0.006107 0.996097 0.088049 3.696700 0.102322 0.088211 -0.990832 0.497700 0.000000 0.000000 0.000000 1.000000
-0.994733 0.002958 -0.102461 -0.079300 -0.006107 0.996097 0.088049 3.696700 0.102322 0.088211 -0.990832 0.497700 0.000000 0.000000 0.000000 1.000000
-0.994733 0.002958 -0.102461 -0.079300 -0.006107 0.996097 0.088049 3.696700 0.102322 0.088211 -0.990832 0.497700 0.000000 0.000000 0.000000 1.000000
-0.994733 0.002958 -0.102461 -0.079300 -0.006107 0.996097 0.088049 3.696700 0.102322 0.088211 -0.990832 0.497700 0.000000 0.000000 0.000000 1.000000
-0.994733 0.002958 -0.102461 -0.079300 -0.006107 0.996097 0.088049 3.696700 0.102322 0.088211 -0.990832 0.497700 0.000000 0.000000 0.000000 1.000000
-0.994733 0.002958 -0.102461 -0.079300 -0.006107 0.996097 0.088049 3.696700 0.102322 0.088211 -0.990832 0.497700 0.000000 0.000000 0.000000 1.000000
-0.994733 0.002958 -0.102461 -0.079300 -0.006107 0.996097 0.088049 3.696700 0.102322 0.088211 -0.990832 0.497700 0.000000 0.000000 0.000000 1.000000
-0.994733 0.002958 -0.102461 -0.079300 -0.006107 0.996097 0.088049 3.696700 0.102322 0.088211 -0.990832 0.497700 0.000000 0.000000 0.000000 1.000000
-0.994733 0.002958 -0.102461 -0.079300 -0.006107 0.996097 0.088049 3.696700 0.102322 0.088211 -0.990832 0.497700 0.000000 0.000000 0.000000 1.000000
-0.994733 0.002958 -0.102461 -0.079300 -0.006107 0.996097 0.088049 3.696700 0.102322 0.088211 -0.990832 0.497700 0.000000 0.000000 0.000000 1.000000</float_array>
          <technique_common>
            <accessor source="#mixamorig_Hips-Matrix-animation-output-transform-array" count="42" stride="16">
              <param type="float4x4"/>
            </accessor>
          </technique_common>
        </source>
        <source id="mixamorig_Hips-Interpolations">
          <Name_array id="mixamorig_Hips-Interpolations-array" count="42">
 LINEAR LINEAR LINEAR LINEAR LINEAR LINEAR LINEAR LINEAR LINEAR LINEAR LINEAR
LINEAR LINEAR LINEAR LINEAR LINEAR LINEAR LINEAR LINEAR LINEAR LINEAR LINEAR LINEAR
LINEAR LINEAR LINEAR LINEAR LINEAR LINEAR LINEAR LINEAR LINEAR LINEAR LINEAR LINEAR
LINEAR LINEAR LINEAR LINEAR LINEAR LINEAR LINEAR</Name_array>
          <technique_common>
            <accessor source="#mixamorig_Hips-Interpolations-array" count="42">
              <param type="name"/>
            </accessor>
          </technique_common>
        </source>
        <sampler id="mixamorig_Hips-Matrix-animation-transform">
          <input semantic="INPUT" source="#mixamorig_Hips-Matrix-animation-input"/>
          <input semantic="OUTPUT" source="#mixamorig_Hips-Matrix-animation-output-transform"/>
          <input semantic="INTERPOLATION" source="#mixamorig_Hips-Interpolations"/>
        </sampler>
        <channel source="#mixamorig_Hips-Matrix-animation-transform" target="mixamorig_Hips/matrix"/>
      </animation>
    </animation>
    <animation id="mixamorig_Spine-anim" name="mixamorig_Spine">
      <animation>
        <source id="mixamorig_Spine-Matrix-animation-input">
          <float_array id="mixamorig_Spine-Matrix-animation-input-array" count="42">

0.000000 0.041667 0.083333 0.125000 0.166667 0.208333 0.250000 0.291667 0.333333 0.375000 0.416667 0.458333 0.500000 0.541667 0.583333 0.625000
0.666667 0.708333 0.750000 0.791667 0.833333 0.875000 0.916667 0.958333 1.000000 1.041667 1.083333 1.125000 1.166667 1.208333 1.250000 1.291667
1.333333 1.375000 1.416667 1.458333 1.500000 1.541667 1.583333 1.625000 1.666667 1.708333</float_array>
          <technique_common>
            <accessor source="#mixamorig_Spine-Matrix-animation-input-array" count="42">
              <param name="TIME" type="float"/>
            </accessor>
          </technique_common>
        </source>
        <source id="mixamorig_Spine-Matrix-animation-output-transform">
          <float_array id="mixamorig_Spine-Matrix-animation-output-transform-array" count="672">

0.987634 -0.077364 0.136357 -0.042100 -0.016595 0.813287 0.581626 0.746100 -0.155894 -0.576696 0.801947 0.157600 0.000000 0.000000 0.000000 1.000000
0.981450 -0.074489 0.176654 -0.042100 -0.037604 0.828740 0.558369 0.746100 -0.187993 -0.554654 0.810566 0.157600 0.000000 0.000000 0.000000 1.000000
0.971755 -0.065862 0.226613 -0.042100 -0.066260 0.845488 0.529867 0.746100 -0.226497 -0.529917 0.817243 0.157600 0.000000 0.000000 0.000000 1.000000
0.960255 -0.063846 0.271723 -0.042100 -0.084645 0.861038 0.501447 0.746100 -0.265980 -0.504517 0.821412 0.157600 0.000000 0.000000 0.000000 1.000000
0.951362 -0.068297 0.300409 -0.042100 -0.087517 0.875030 0.476092 0.746100 -0.295383 -0.479227 0.826493 0.157600 0.000000 0.000000 0.000000 1.000000
0.953672 -0.074814 0.291399 -0.042100 -0.071501 0.884471 0.461084 0.746100 -0.292230 -0.460558 0.838146 0.157600 0.000000 0.000000 0.000000 1.000000
0.964034 -0.066265 0.257384 -0.042100 -0.057801 0.892968 0.446393 0.746100 -0.259416 -0.445215 0.857022 0.157600 0.000000 0.000000 0.000000 1.000000
0.976469 -0.051864 0.209331 -0.042100 -0.044310 0.901696 0.430095 0.746100 -0.211059 -0.429250 0.878179 0.157600 0.000000 0.000000 0.000000 1.000000
0.985590 -0.036198 0.165234 -0.042100 -0.034806 0.912532 0.407521 0.746100 -0.165533 -0.407400 0.898123 0.157600 0.000000 0.000000 0.000000 1.000000
0.989914 -0.025416 0.139370 -0.042100 -0.029829 0.924327 0.380435 0.746100 -0.138492 -0.380755 0.914246 0.157600 0.000000 0.000000 0.000000 1.000000
0.989732 -0.004534 0.142865 -0.042100 -0.045907 0.936462 0.347751 0.746100 -0.135364 -0.350739 0.926638 0.157600 0.000000 0.000000 0.000000 1.000000
0.985027 0.041345 0.167370 -0.042100 -0.093096 0.944666 0.314547 0.746100 -0.145103 -0.325419 0.934370 0.157600 0.000000 0.000000 0.000000 1.000000
0.977237 0.098236 0.188034 -0.042100 -0.152201 0.942093 0.298822 0.746100 -0.147790 -0.320639 0.935601 0.157600 0.000000 0.000000 0.000000 1.000000
0.966234 0.151084 0.208725 -0.042100 -0.210819 0.929293 0.303266 0.746100 -0.148148 -0.337029 0.929765 0.157600 0.000000 0.000000 0.000000 1.000000
0.955582 0.186885 0.227899 -0.042100 -0.253253 0.916186 0.310589 0.746100 -0.150753 -0.354509 0.922820 0.157600 0.000000 0.000000 0.000000 1.000000
0.951922 0.195305 0.236008 -0.042100 -0.265426 0.910485 0.317122 0.746100 -0.152946 -0.364519 0.918550 0.157600 0.000000 0.000000 0.000000 1.000000
0.955241 0.185112 0.230757 -0.042100 -0.255881 0.908465 0.330478 0.746100 -0.148459 -0.374732 0.915170 0.157600 0.000000 0.000000 0.000000 1.000000
0.957338 0.195824 0.212502 -0.042100 -0.263025 0.895046 0.360153 0.746100 -0.119672 -0.400681 0.908368 0.157600 0.000000 0.000000 0.000000 1.000000
0.955023 0.216806 0.202302 -0.042100 -0.282800 0.871125 0.401455 0.746100 -0.089192 -0.440610 0.893257 0.157600 0.000000 0.000000 0.000000 1.000000
0.953690 0.218716 0.206491 -0.042100 -0.290410 0.848328 0.442721 0.746100 -0.078342 -0.482186 0.872559 0.157600 0.000000 0.000000 0.000000 1.000000
0.959785 0.198527 0.198493 -0.042100 -0.272091 0.831935 0.483581 0.746100 -0.069130 -0.518141 0.852497 0.157600 0.000000 0.000000 0.000000 1.000000
0.973992 0.176523 0.142055 -0.042100 -0.225450 0.817630 0.529768 0.746100 -0.022632 -0.548016 0.836162 0.157600 0.000000 0.000000 0.000000 1.000000
0.987316 0.140954 0.073072 -0.042100 -0.157243 0.804458 0.572819 0.746100 0.021957 -0.577044 0.816418 0.157600 0.000000 0.000000 0.000000 1.000000
0.996931 0.077051 0.013843 -0.042100 -0.069705 0.793187 0.604975 0.746100 0.035635 -0.604083 0.796124 0.157600 0.000000 0.000000 0.000000 1.000000
0.999489 0.008251 -0.030868 -0.042100 0.012706 0.783780 0.620909 0.746100 0.029317 -0.620984 0.783275 0.157600 0.000000 0.000000 0.000000 1.000000
0.998548 -0.029524 -0.045050 -0.042100 0.051129 0.782607 0.620413 0.746100 0.016940 -0.621815 0.782980 0.157600 0.000000 0.000000 0.000000 1.000000
0.997927 -0.047216 -0.043720 -0.042100 0.064127 0.786073 0.614798 0.746100 0.005339 -0.616328 0.787472 0.157600 0.000000 0.000000 0.000000 1.000000
0.997542 -0.055982 -0.042152 -0.042100 0.070074 0.791651 0.606942 0.746100 -0.000608 -0.608403 0.793628 0.157600 0.000000 0.000000 0.000000 1.000000
0.997315 -0.056721 -0.046310 -0.042100 0.073146 0.801017 0.594156 0.746100 0.003394 -0.595948 0.803016 0.157600 0.000000 0.000000 0.000000 1.000000
0.996899 -0.051501 -0.059496 -0.042100 0.076405 0.814383 0.575276 0.746100 0.018825 -0.578038 0.815793 0.157600 0.000000 0.000000 0.000000 1.000000
0.996447 -0.046547 -0.070186 -0.042100 0.077734 0.829011 0.553804 0.746100 0.032407 -0.557292 0.829684 0.157600 0.000000 0.000000 0.000000 1.000000
0.996219 -0.045202 -0.074190 -0.042100 0.077861 0.843363 0.531673 0.746100 0.038537 -0.535440 0.843694 0.157600 0.000000 0.000000 0.000000 1.000000
0.996362 -0.046917 -0.071143 -0.042100 0.076696 0.857596 0.508574 0.746100 0.037151 -0.512180 0.858074 0.157600 0.000000 0.000000 0.000000 1.000000
0.996823 -0.050876 -0.061272 -0.042100 0.074259 0.871768 0.484259 0.746100 0.028778 -0.487270 0.872777 0.157600 0.000000 0.000000 0.000000 1.000000
0.997373 -0.056209 -0.045687 -0.042100 0.070938 0.885522 0.459150 0.746100 0.014649 -0.461184 0.887183 0.157600 0.000000 0.000000 0.000000 1.000000
0.997792 -0.061085 -0.026099 -0.042100 0.066359 0.898955 0.432987 0.746100 -0.002987 -0.433763 0.901022 0.157600 0.000000 0.000000 0.000000 1.000000
0.997956 -0.063669 -0.005484 -0.042100 0.060417 0.912041 0.405623 0.746100 -0.020824 -0.405125 0.914024 0.157600 0.000000 0.000000 0.000000 1.000000
0.997882 -0.063194 0.015406 -0.042100 0.052727 0.924590 0.377298 0.746100 -0.038087 -0.375687 0.925964 0.157600 0.000000 0.000000 0.000000 1.000000
0.997467 -0.060718 0.037037 -0.042100 0.044052 0.936268 0.348513 0.746100 -0.055838 -0.345999 0.936572 0.157600 0.000000 0.000000 0.000000 1.000000
0.996597 -0.057154 0.059393 -0.042100 0.035247 0.946853 0.319730 0.746100 -0.074510 -0.316549 0.945645 0.157600 0.000000 0.000000 0.000000 1.000000
0.995174 -0.053058 0.082538 -0.042100 0.026800 0.956187 0.291529 0.746100 -0.094390 -0.287910 0.952994 0.157600 0.000000 0.000000 0.000000 1.000000
0.993003 -0.048954 0.107462 -0.042100 0.018889 0.964152 0.264676 0.746100 -0.116566 -0.260794 0.958331 0.157600 0.000000 0.000000 0.000000 1.000000</float_array>
          <technique_common>
            <accessor source="#mixamorig_Spine-Matrix-animation-output-transform-array" count="42" stride="16">
              <param type="float4x4"/>
            </accessor>
          </technique_common>
        </source>
        <source id="mixamorig_Spine-Interpolations">
          <Name_array id="mixamorig_Spine-Interpolations-array" count="42">
 LINEAR LINEAR LINEAR LINEAR LINEAR LINEAR LINEAR LINEAR LINEAR LINEAR LINEAR
LINEAR LINEAR LINEAR LINEAR LINEAR LINEAR LINEAR LINEAR LINEAR LINEAR LINEAR LINEAR
LINEAR LINEAR LINEAR LINEAR LINEAR LINEAR LINEAR LINEAR LINEAR LINEAR LINEAR LINEAR
LINEAR LINEAR LINEAR LINEAR LINEAR LINEAR LINEAR</Name_array>
          <technique_common>
            <accessor source="#mixamorig_Spine-Interpolations-array" count="42">
              <param type="name"/>
            </accessor>
          </technique_common>
        </source>
        <sampler id="mixamorig_Spine-Matrix-animation-transform">
          <input semantic="INPUT" source="#mixamorig_Spine-Matrix-animation-input"/>
          <input semantic="OUTPUT" source="#mixamorig_Spine-Matrix-animation-output-transform"/>
          <input semantic="INTERPOLATION" source="#mixamorig_Spine-Interpolations"/>
        </sampler>
        <channel source="#mixamorig_Spine-Matrix-animation-transform" target="mixamorig_Spine/matrix"/>
      </animation>
    </animation>
    <animation id="mixamorig_Spine1-anim" name="mixamorig_Spine1">
      <animation>
        <source id="mixamorig_Spine1-Matrix-animation-input">
          <float_array id="mixamorig_Spine1-Matrix-animation-input-array" count="42">

0.000000 0.041667 0.083333 0.125000 0.166667 0.208333 0.250000 0.291667 0.333333 0.375000 0.416667 0.458333 0.500000 0.541667 0.583333 0.625000
0.666667 0.708333 0.750000 0.791667 0.833333 0.875000 0.916667 0.958333 1.000000 1.041667 1.083333 1.125000 1.166667 1.208333 1.250000 1.291667
1.333333 1.375000 1.416667 1.458333 1.500000 1.541667 1.583333 1.625000 1.666667 1.708333</float_array>
          <technique_common>
            <accessor source="#mixamorig_Spine1-Matrix-animation-input-array" count="42">
              <param name="TIME" type="float"/>
            </accessor>
          </technique_common>
        </source>
        <source id="mixamorig_Spine1-Matrix-animation-output-transform">
          <float_array id="mixamorig_Spine1-Matrix-animation-output-transform-array" count="672">

0.998384 -0.020442 0.053025 -0.000000 0.014858 0.994503 0.103644 0.755700 -0.054852 -0.102689 0.993200 0.000000 0.000000 0.000000 0.000000 1.000000
0.997791 -0.020857 0.063071 -0.000000 0.014252 0.994537 0.103417 0.755700 -0.064884 -0.102289 0.992636 0.000000 0.000000 0.000000 0.000000 1.000000
0.997035 -0.021146 0.073987 0.000000 0.013399 0.994520 0.103684 0.755700 -0.075774 -0.102385 0.991855 -0.000000 0.000000 0.000000 0.000000 1.000000
0.996183 -0.021748 0.084538 0.000000 0.012923 0.994538 0.103574 0.755700 -0.086328 -0.102086 0.991023 -0.000000 0.000000 0.000000 0.000000 1.000000
0.995482 -0.022741 0.092190 -0.000000 0.013306 0.994726 0.101697 0.755700 -0.094017 -0.100011 0.990534 -0.000000 0.000000 0.000000 0.000000 1.000000
0.995543 -0.022928 0.091479 0.000000 0.014149 0.995330 0.095487 0.755700 -0.093241 -0.093767 0.991218 0.000000 0.000000 0.000000 0.000000 1.000000
0.996342 -0.021672 0.082659 0.000000 0.014548 0.996203 0.085833 0.755700 -0.084205 -0.084316 0.992875 0.000000 0.000000 0.000000 0.000000 1.000000
0.997347 -0.019675 0.070088 0.000000 0.014287 0.996962 0.076558 0.755700 -0.071382 -0.075353 0.994599 0.000000 0.000000 0.000000 0.000000 1.000000
0.998144 -0.017621 0.058299 0.000000 0.013459 0.997383 0.071030 0.755700 -0.059398 -0.070113 0.995769 0.000000 0.000000 0.000000 0.000000 1.000000
0.998635 -0.015256 0.049954 0.000000 0.011794 0.997554 0.068894 0.755700 -0.050883 -0.068211 0.996373 0.000000 0.000000 0.000000 0.000000 1.000000
0.998897 -0.012278 0.045321 0.000000 0.009211 0.997693 0.067260 0.755700 -0.046042 -0.066768 0.996706 0.000000 0.000000 0.000000 0.000000 1.000000
0.999017 -0.008599 0.043486 -0.000000 0.005757 0.997865 0.065064 0.755700 -0.043953 -0.064750 0.996933 0.000000 0.000000 0.000000 0.000000 1.000000
0.999088 -0.004138 0.042498 0.000000 0.001509 0.998093 0.061711 0.755700 -0.042672 -0.061591 0.997189 -0.000000 0.000000 0.000000 0.000000 1.000000
0.999121 0.001009 0.041908 -0.000000 -0.003420 0.998340 0.057498 0.755700 -0.041781 -0.057591 0.997466 0.000000 0.000000 0.000000 0.000000 1.000000
0.999044 0.005906 0.043327 0.000000 -0.008266 0.998480 0.054485 0.755700 -0.042939 -0.054791 0.997574 0.000000 0.000000 0.000000 0.000000 1.000000
0.998849 0.009779 0.046960 0.000000 -0.012314 0.998464 0.054008 0.755700 -0.046360 -0.054524 0.997435 -0.000000 0.000000 0.000000 0.000000 1.000000
0.998691 0.013012 0.049457 0.000000 -0.015779 0.998307 0.055983 0.755700 -0.048645 -0.056690 0.997206 0.000000 0.000000 0.000000 0.000000 1.000000
0.998682 0.017748 0.048169 -0.000000 -0.020673 0.997929 0.060910 0.755700 -0.046988 -0.061826 0.996980 -0.000000 0.000000 0.000000 0.000000 1.000000
0.998508 0.023439 0.049324 -0.000000 -0.026845 0.997217 0.069552 0.755700 -0.047556 -0.070773 0.996358 0.000000 0.000000 0.000000 0.000000 1.000000
0.998213 0.025688 0.053947 -0.000000 -0.030068 0.996177 0.082017 0.755700 -0.051634 -0.083492 0.995170 0.000000 0.000000 0.000000 0.000000 1.000000
0.998406 0.020926 0.052427 0.000000 -0.025903 0.995032 0.096125 0.755700 -0.050155 -0.097330 0.993988 -0.000000 0.000000 0.000000 0.000000 1.000000
0.999197 0.009372 0.038957 -0.000000 -0.013532 0.994067 0.107929 0.755700 -0.037714 -0.108370 0.993395 0.000000 0.000000 0.000000 0.000000 1.000000
0.999686 -0.005796 0.024364 0.000000 0.002924 0.993210 0.116299 0.755700 -0.024872 -0.116191 0.992915 0.000000 0.000000 0.000000 0.000000 1.000000
0.999620 -0.023522 0.014366 -0.000000 0.021611 0.992400 0.121143 0.755700 -0.017107 -0.120786 0.992531 0.000000 0.000000 0.000000 0.000000 1.000000
0.999117 -0.041080 0.008808 0.000000 0.039712 0.991838 0.121167 0.755700 -0.013714 -0.120710 0.992593 -0.000000 0.000000 0.000000 0.000000 1.000000
0.998509 -0.054217 0.006317 -0.000000 0.053139 0.992001 0.114503 0.755700 -0.012475 -0.113997 0.993403 0.000000 0.000000 0.000000 0.000000 1.000000
0.997990 -0.063181 0.004863 0.000000 0.062330 0.992588 0.104322 0.755700 -0.011419 -0.103809 0.994532 0.000000 0.000000 0.000000 0.000000 1.000000
0.997676 -0.068087 0.002846 -0.000000 0.067521 0.993296 0.093832 0.755700 -0.009215 -0.093422 0.995584 0.000000 0.000000 0.000000 0.000000 1.000000
0.997738 -0.067211 -0.001595 -0.000000 0.067100 0.994063 0.085647 0.755700 -0.004171 -0.085560 0.996324 0.000000 0.000000 0.000000 0.000000 1.000000
0.998119 -0.060655 -0.008921 -0.000000 0.061181 0.994810 0.081306 0.755700 0.003943 -0.081699 0.996649 0.000000 0.000000 0.000000 0.000000 1.000000
0.998413 -0.054230 -0.015156 -0.000000 0.055265 0.995319 0.079290 0.755700 0.010785 -0.080002 0.996737 -0.000000 0.000000 0.000000 0.000000 1.000000
0.998590 -0.050069 -0.017612 0.000000 0.051304 0.995586 0.078593 0.755700 0.013599 -0.079386 0.996751 0.000000 0.000000 0.000000 0.000000 1.000000
0.998774 -0.046650 -0.016554 -0.000000 0.047812 0.995761 0.078573 0.755700 0.012818 -0.079268 0.996771 -0.000000 0.000000 0.000000 0.000000 1.000000
0.999041 -0.041949 -0.012550 -0.000000 0.042808 0.995987 0.078604 0.755700 0.009203 -0.079066 0.996827 0.000000 0.000000 0.000000 0.000000 1.000000
0.999341 -0.035762 -0.006182 0.000000 0.036137 0.996258 0.078513 0.755700 0.003351 -0.078684 0.996894 -0.000000 0.000000 0.000000 0.000000 1.000000
0.999601 -0.028171 0.002243 0.000000 0.027908 0.996507 0.078710 0.755700 -0.004452 -0.078616 0.996895 -0.000000 0.000000 0.000000 0.000000 1.000000
0.999736 -0.019768 0.011720 -0.000000 0.018777 0.996668 0.079371 0.755700 -0.013250 -0.079130 0.996776 0.000000 0.000000 0.000000 0.000000 1.000000
0.999718 -0.011274 0.020896 0.000000 0.009571 0.996758 0.079887 0.755700 -0.021729 -0.079664 0.996585 -0.000000 0.000000 0.000000 0.000000 1.000000
0.999561 -0.002788 0.029497 -0.000000 0.000423 0.996806 0.079861 0.755700 -0.029625 -0.079814 0.996369 -0.000000 0.000000 0.000000 0.000000 1.000000
0.999267 0.005781 0.037855 0.000000 -0.008779 0.996796 0.079508 0.755700 -0.037274 -0.079782 0.996115 -0.000000 0.000000 0.000000 0.000000 1.000000
0.998829 0.014396 0.046179 -0.000000 -0.018019 0.996710 0.079025 0.755700 -0.044889 -0.079765 0.995802 0.000000 0.000000 0.000000 0.000000 1.000000
0.998250 0.023005 0.054476 0.000000 -0.027245 0.996548 0.078427 0.755700 -0.052484 -0.079774 0.995430 0.000000 0.000000 0.000000 0.000000 1.000000</float_array>
          <technique_common>
            <accessor source="#mixamorig_Spine1-Matrix-animation-output-transform-array" count="42" stride="16">
              <param type="float4x4"/>
            </accessor>
          </technique_common>
        </source>
        <source id="mixamorig_Spine1-Interpolations">
          <Name_array id="mixamorig_Spine1-Interpolations-array" count="42">
 LINEAR LINEAR LINEAR LINEAR LINEAR LINEAR LINEAR LINEAR LINEAR LINEAR LINEAR
LINEAR LINEAR LINEAR LINEAR LINEAR LINEAR LINEAR LINEAR LINEAR LINEAR LINEAR LINEAR
LINEAR LINEAR LINEAR LINEAR LINEAR LINEAR LINEAR LINEAR LINEAR LINEAR LINEAR LINEAR
LINEAR LINEAR LINEAR LINEAR LINEAR LINEAR LINEAR</Name_array>
          <technique_common>
            <accessor source="#mixamorig_Spine1-Interpolations-array" count="42">
              <param type="name"/>
            </accessor>
          </technique_common>
        </source>
        <sampler id="mixamorig_Spine1-Matrix-animation-transform">
          <input semantic="INPUT" source="#mixamorig_Spine1-Matrix-animation-input"/>
          <input semantic="OUTPUT" source="#mixamorig_Spine1-Matrix-animation-output-transform"/>
          <input semantic="INTERPOLATION" source="#mixamorig_Spine1-Interpolations"/>
        </sampler>
        <channel source="#mixamorig_Spine1-Matrix-animation-transform" target="mixamorig_Spine1/matrix"/>
      </animation>
    </animation>
    <animation id="mixamorig_Spine2-anim" name="mixamorig_Spine2">
      <animation>
        <source id="mixamorig_Spine2-Matrix-animation-input">
          <float_array id="mixamorig_Spine2-Matrix-animation-input-array" count="42">

0.000000 0.041667 0.083333 0.125000 0.166667 0.208333 0.250000 0.291667 0.333333 0.375000 0.416667 0.458333 0.500000 0.541667 0.583333 0.625000
0.666667 0.708333 0.750000 0.791667 0.833333 0.875000 0.916667 0.958333 1.000000 1.041667 1.083333 1.125000 1.166667 1.208333 1.250000 1.291667
1.333333 1.375000 1.416667 1.458333 1.500000 1.541667 1.583333 1.625000 1.666667 1.708333</float_array>
          <technique_common>
            <accessor source="#mixamorig_Spine2-Matrix-animation-input-array" count="42">
              <param name="TIME" type="float"/>
            </accessor>
          </technique_common>
        </source>
        <source id="mixamorig_Spine2-Matrix-animation-output-transform">
          <float_array id="mixamorig_Spine2-Matrix-animation-output-transform-array" count="672">

0.998290 -0.022728 0.053863 -0.000000 0.017044 0.994460 0.103725 0.863700 -0.055922 -0.102630 0.993146 0.000000 0.000000 0.000000 0.000000 1.000000
0.997686 -0.024022 0.063608 0.000000 0.017338 0.994465 0.103623 0.863700 -0.065745 -0.102280 0.992580 0.000000 0.000000 0.000000 0.000000 1.000000
0.996922 -0.025287 0.074201 -0.000000 0.017478 0.994417 0.104063 0.863700 -0.076418 -0.102446 0.991799 0.000000 0.000000 0.000000 0.000000 1.000000
0.996068 -0.026781 0.084444 -0.000000 0.017912 0.994406 0.104093 0.863700 -0.086759 -0.102171 0.990976 0.000000 0.000000 0.000000 0.000000 1.000000
0.995368 -0.028354 0.091859 0.000000 0.018895 0.994579 0.102249 0.863700 -0.094260 -0.100040 0.990508 -0.000000 0.000000 0.000000 0.000000 1.000000
0.995437 -0.028564 0.091043 -0.000000 0.019778 0.995187 0.095986 0.863700 -0.093346 -0.093747 0.991210 0.000000 0.000000 0.000000 0.000000 1.000000
0.996249 -0.026870 0.082248 0.000000 0.019743 0.996076 0.086273 0.863700 -0.084243 -0.084326 0.992871 0.000000 0.000000 0.000000 0.000000 1.000000
0.997268 -0.024054 0.069845 0.000000 0.018657 0.996862 0.076921 0.863700 -0.071477 -0.075408 0.994588 0.000000 0.000000 0.000000 0.000000 1.000000
0.998077 -0.020895 0.058366 -0.000000 0.016711 0.997317 0.071270 0.863700 -0.059699 -0.070158 0.995748 -0.000000 0.000000 0.000000 0.000000 1.000000
0.998577 -0.017431 0.050401 -0.000000 0.013930 0.997519 0.069002 0.863700 -0.051478 -0.068201 0.996342 0.000000 0.000000 0.000000 0.000000 1.000000
0.998844 -0.013693 0.046083 0.000000 0.010574 0.997678 0.067275 0.863700 -0.046897 -0.066710 0.996670 0.000000 0.000000 0.000000 0.000000 1.000000
0.998965 -0.009608 0.044460 0.000000 0.006705 0.997863 0.065002 0.863700 -0.044990 -0.064637 0.996894 0.000000 0.000000 0.000000 0.000000 1.000000
0.999037 -0.004933 0.043586 0.000000 0.002244 0.998102 0.061536 0.863700 -0.043807 -0.061379 0.997153 0.000000 0.000000 0.000000 0.000000 1.000000
0.999073 0.000308 0.043035 0.000000 -0.002771 0.998361 0.057170 0.863700 -0.042947 -0.057237 0.997436 0.000000 0.000000 0.000000 0.000000 1.000000
0.998998 0.005140 0.044473 0.000000 -0.007543 0.998510 0.054042 0.863700 -0.044129 -0.054323 0.997548 0.000000 0.000000 0.000000 0.000000 1.000000
0.998800 0.008805 0.048172 -0.000000 -0.011383 0.998502 0.053525 0.863700 -0.047628 -0.054009 0.997404 0.000000 0.000000 0.000000 0.000000 1.000000
0.998636 0.011948 0.050835 0.000000 -0.014767 0.998353 0.055443 0.863700 -0.050089 -0.056118 0.997167 0.000000 0.000000 0.000000 0.000000 1.000000
0.998617 0.016969 0.049767 -0.000000 -0.019957 0.997989 0.060165 0.863700 -0.048646 -0.061075 0.996947 0.000000 0.000000 0.000000 0.000000 1.000000
0.998435 0.022788 0.051077 0.000000 -0.026274 0.997295 0.068652 0.863700 -0.049375 -0.069886 0.996332 0.000000 0.000000 0.000000 0.000000 1.000000
0.998132 0.024787 0.055844 -0.000000 -0.029284 0.996267 0.081203 0.863700 -0.053623 -0.082687 0.995132 0.000000 0.000000 0.000000 0.000000 1.000000
0.998304 0.020081 0.054634 0.000000 -0.025244 0.995108 0.095513 0.863700 -0.052449 -0.096730 0.993928 0.000000 0.000000 0.000000 0.000000 1.000000
0.999090 0.009392 0.041594 -0.000000 -0.013821 0.994108 0.107508 0.863700 -0.040339 -0.107985 0.993334 -0.000000 0.000000 0.000000 0.000000 1.000000
0.999618 -0.004922 0.027196 0.000000 0.001727 0.993218 0.116254 0.863700 -0.027584 -0.116163 0.992847 -0.000000 0.000000 0.000000 0.000000 1.000000
0.999607 -0.022278 0.017008 -0.000000 0.020047 0.992369 0.121662 0.863700 -0.019589 -0.121273 0.992426 0.000000 0.000000 0.000000 0.000000 1.000000
0.999142 -0.039919 0.010992 -0.000000 0.038280 0.991765 0.122213 0.863700 -0.015780 -0.121687 0.992443 0.000000 0.000000 0.000000 0.000000 1.000000
0.998539 -0.053416 0.008108 0.000000 0.052120 0.991896 0.115867 0.863700 -0.014232 -0.115275 0.993231 0.000000 0.000000 0.000000 0.000000 1.000000
