<?xml version="1.0" encoding="utf-8"?>
<COLLADA xmlns="http://www.collada.org/2005/11/COLLADASchema" version="1.4.1">
  <asset>
    <contributor>
      <authoring_tool>FBX COLLADA exporter</authoring_tool>
    </contributor>
    <created>2020-04-22T09:31:51Z</created>
    <modified>2020-04-22T09:31:51Z</modified>
    <unit meter="0.010000" name="centimeter"/>
    <up_axis>Y_UP</up_axis>
  </asset>
  <library_animations>
    <animation id="Geralt-anim" name="Geralt">
      <animation>
        <source id="Geralt-Matrix-animation-input">
          <float_array id="Geralt-Matrix-animation-input-array" count="52">

0.000000 0.033333 0.066667 0.100000 0.133333 0.166667 0.200000 0.233333 0.266667 0.300000 0.333333 0.366667 0.400000 0.433333 0.466667 0.500000
0.533333 0.566667 0.600000 0.633333 0.666667 0.700000 0.733333 0.766667 0.800000 0.833333 0.866667 0.900000 0.933333 0.966667 1.000000 1.033333
1.066667 1.100000 1.133333 1.166667 1.200000 1.233333 1.266667 1.300000 1.333333 1.366667 1.400000 1.433333 1.466667 1.500000 1.533333 1.566667
1.600000 1.633333 1.666667 1.700000</float_array>
          <technique_common>
            <accessor source="#Geralt-Matrix-animation-input-array" count="52">
              <param name="TIME" type="float"/>
            </accessor>
          </technique_common>
        </source>
        <source id="Geralt-Matrix-animation-output-transform">
          <float_array id="Geralt-Matrix-animation-output-transform-array" count="832">

0.097781 -0.013416 -0.016088 0.000000 0.007379 0.093938 -0.033484 -0.004274 0.019605 0.031554 0.092844 0.000000 0.000000 0.000000 0.000000 1.000000
0.096916 -0.013142 -0.020845 0.000000 0.006753 0.095518 -0.028821 -0.033318 0.023698 0.026525 0.093460 0.000000 0.000000 0.000000 0.000000 1.000000
0.095873 -0.012428 -0.025572 0.000000 0.006105 0.096841 -0.024176 -0.063043 0.027769 0.021617 0.093604 0.000000 0.000000 0.000000 0.000000 1.000000
0.093376 -0.012228 -0.033636 0.000000 0.005427 0.097733 -0.020465 -0.087017 0.035376 0.017284 0.091923 0.000000 0.000000 0.000000 0.000000 1.000000
0.087103 -0.012661 -0.047463 0.000000 0.004340 0.098227 -0.018238 -0.100359 0.048930 0.013826 0.086108 0.000000 0.000000 0.000000 0.000000 1.000000
0.077067 -0.013562 -0.062264 0.000000 0.003078 0.098387 -0.017620 -0.103338 0.063649 0.011663 0.076242 0.000000 0.000000 0.000000 0.000000 1.000000
0.063228 -0.014685 -0.076069 0.000000 0.002331 0.098503 -0.017078 -0.105128 0.077439 0.009025 0.062624 0.000000 0.000000 0.000000 0.000000 1.000000
0.044686 -0.015487 -0.088110 0.000000 0.001493 0.098605 -0.016574 -0.104517 0.089448 0.006091 0.044294 0.000000 0.000000 0.000000 0.000000 1.000000
0.022130 -0.015796 -0.096232 0.000000 -0.000125 0.098674 -0.016225 -0.098280 0.097520 0.003711 0.021817 0.000000 0.000000 0.000000 0.000000 1.000000
-0.002868 -0.015633 -0.098729 0.000000 -0.000542 0.098770 -0.015624 -0.093613 0.099957 0.000087 -0.002917 0.000000 0.000000 0.000000 0.000000 1.000000
-0.028234 -0.014734 -0.094793 0.000000 -0.001198 0.098860 -0.015009 -0.092500 0.095924 -0.003102 -0.028089 0.000000 0.000000 0.000000 0.000000 1.000000
-0.052165 -0.012526 -0.084392 0.000000 -0.000855 0.098988 -0.014164 -0.094183 0.085312 -0.006667 -0.051744 0.000000 0.000000 0.000000 0.000000 1.000000
-0.072665 -0.009408 -0.068053 0.000000 -0.000417 0.099117 -0.013258 -0.097296 0.068699 -0.009350 -0.072063 0.000000 0.000000 0.000000 0.000000 1.000000
-0.088198 -0.007030 -0.046601 0.000000 -0.001281 0.099202 -0.012540 -0.097310 0.047111 -0.010463 -0.087585 0.000000 0.000000 0.000000 0.000000 1.000000
-0.097224 -0.005648 -0.022706 0.000000 -0.002980 0.099242 -0.011925 -0.097979 0.023207 -0.010917 -0.096655 0.000000 0.000000 0.000000 0.000000 1.000000
-0.099914 -0.003340 0.002448 0.000000 -0.003592 0.099315 -0.011121 -0.101102 -0.002060 -0.011199 -0.099350 0.000000 0.000000 0.000000 0.000000 1.000000
-0.095895 -0.000469 0.028354 0.000000 -0.003516 0.099411 -0.010247 -0.103977 -0.028139 -0.010823 -0.095347 0.000000 0.000000 0.000000 0.000000 1.000000
-0.081848 0.002744 0.057388 0.000000 -0.003419 0.099476 -0.009632 -0.106511 -0.057352 -0.009846 -0.081325 0.000000 0.000000 0.000000 0.000000 1.000000
-0.053637 0.005746 0.084202 0.000000 -0.002991 0.099576 -0.008700 -0.111141 -0.084345 -0.007185 -0.053238 0.000000 0.000000 0.000000 0.000000 1.000000
-0.022413 0.006247 0.097255 0.000000 -0.000049 0.099794 -0.006422 -0.118906 -0.097456 -0.001487 -0.022363 0.000000 0.000000 0.000000 0.000000 1.000000
0.009870 0.004175 0.099424 0.000000 0.005049 0.099762 -0.004690 -0.127825 -0.099384 0.005483 0.009636 0.000000 0.000000 0.000000 0.000000 1.000000
0.035884 -0.000426 0.093339 0.000000 0.011013 0.099320 -0.003780 -0.138686 -0.092688 0.011636 0.035687 0.000000 0.000000 0.000000 0.000000 1.000000
0.051642 -0.005423 0.085462 0.000000 0.016157 0.098624 -0.003505 -0.149213 -0.084095 0.015618 0.051808 0.000000 0.000000 0.000000 0.000000 1.000000
0.063610 -0.010317 0.076468 0.000000 0.020641 0.097766 -0.003979 -0.155947 -0.074349 0.018315 0.064318 0.000000 0.000000 0.000000 0.000000 1.000000
0.073787 -0.014960 0.065816 0.000000 0.024368 0.096840 -0.005307 -0.158911 -0.062942 0.019954 0.075101 0.000000 0.000000 0.000000 0.000000 1.000000
0.082358 -0.019563 0.053240 0.000000 0.027644 0.095805 -0.007559 -0.155424 -0.049528 0.020943 0.084311 0.000000 0.000000 0.000000 0.000000 1.000000
0.088210 -0.024051 0.040503 0.000000 0.030442 0.094722 -0.010052 -0.150920 -0.035947 0.021197 0.090876 0.000000 0.000000 0.000000 0.000000 1.000000
0.091817 -0.027957 0.028072 0.000000 0.032425 0.093741 -0.012696 -0.148128 -0.022766 0.020759 0.095136 0.000000 0.000000 0.000000 0.000000 1.000000
0.093594 -0.031474 0.015796 0.000000 0.033829 0.092819 -0.015498 -0.144630 -0.009784 0.019849 0.097521 0.000000 0.000000 0.000000 0.000000 1.000000
0.093578 -0.035088 0.003476 0.000000 0.035107 0.091803 -0.018434 -0.137774 0.003277 0.018470 0.098225 0.000000 0.000000 0.000000 0.000000 1.000000
0.091984 -0.038452 -0.007772 0.000000 0.036183 0.090814 -0.021062 -0.130216 0.015157 0.016562 0.097447 0.000000 0.000000 0.000000 0.000000 1.000000
0.089560 -0.040717 -0.017918 0.000000 0.036288 0.090167 -0.023516 -0.126767 0.025731 0.014559 0.095530 0.000000 0.000000 0.000000 0.000000 1.000000
0.086552 -0.042208 -0.026967 0.000000 0.035772 0.089776 -0.025702 -0.125538 0.035058 0.012599 0.092802 0.000000 0.000000 0.000000 0.000000 1.000000
0.083189 -0.043195 -0.034841 0.000000 0.034986 0.089555 -0.027494 -0.123228 0.043078 0.010682 0.089612 0.000000 0.000000 0.000000 0.000000 1.000000
0.079685 -0.043723 -0.041696 0.000000 0.033968 0.089495 -0.028929 -0.127365 0.049965 0.008889 0.086165 0.000000 0.000000 0.000000 0.000000 1.000000
0.076435 -0.043561 -0.047541 0.000000 0.032417 0.089695 -0.030067 -0.131669 0.055739 0.007570 0.082679 0.000000 0.000000 0.000000 0.000000 1.000000
0.073595 -0.042992 -0.052302 0.000000 0.030726 0.090047 -0.030782 -0.135108 0.060330 0.006584 0.079479 0.000000 0.000000 0.000000 0.000000 1.000000
0.071330 -0.041981 -0.056122 0.000000 0.028807 0.090560 -0.031129 -0.137175 0.063892 0.006037 0.076690 0.000000 0.000000 0.000000 0.000000 1.000000
0.069649 -0.040745 -0.059066 0.000000 0.026989 0.091146 -0.031049 -0.135330 0.066487 0.005684 0.074479 0.000000 0.000000 0.000000 0.000000 1.000000
0.068514 -0.039309 -0.061324 0.000000 0.025260 0.091787 -0.030614 -0.130937 0.068321 0.005484 0.072816 0.000000 0.000000 0.000000 0.000000 1.000000
0.067797 -0.037675 -0.063120 0.000000 0.023518 0.092470 -0.029935 -0.125430 0.069646 0.005450 0.071553 0.000000 0.000000 0.000000 0.000000 1.000000
0.067472 -0.035840 -0.064521 0.000000 0.021721 0.093189 -0.029050 -0.119232 0.070538 0.005586 0.070662 0.000000 0.000000 0.000000 0.000000 1.000000
0.067457 -0.033841 -0.065608 0.000000 0.019884 0.093919 -0.027999 -0.111618 0.071093 0.005842 0.070083 0.000000 0.000000 0.000000 0.000000 1.000000
0.067668 -0.031681 -0.066463 0.000000 0.017961 0.094645 -0.026827 -0.105092 0.071404 0.006216 0.069734 0.000000 0.000000 0.000000 0.000000 1.000000
0.068022 -0.029379 -0.067156 0.000000 0.015929 0.095351 -0.025580 -0.100743 0.071549 0.006703 0.069540 0.000000 0.000000 0.000000 0.000000 1.000000
0.068439 -0.026998 -0.067729 0.000000 0.013850 0.096015 -0.024278 -0.097214 0.071584 0.007235 0.069451 0.000000 0.000000 0.000000 0.000000 1.000000
0.068837 -0.024581 -0.068244 0.000000 0.011752 0.096619 -0.022947 -0.094185 0.071578 0.007776 0.069398 0.000000 0.000000 0.000000 0.000000 1.000000
0.069131 -0.022186 -0.068766 0.000000 0.009666 0.097154 -0.021627 -0.091326 0.071606 0.008304 0.069308 0.000000 0.000000 0.000000 0.000000 1.000000
0.069241 -0.019862 -0.069363 0.000000 0.007619 0.097611 -0.020346 -0.088206 0.071747 0.008803 0.069100 0.000000 0.000000 0.000000 0.000000 1.000000
0.069087 -0.017678 -0.070104 0.000000 0.005652 0.097988 -0.019140 -0.084662 0.072077 0.009261 0.068696 0.000000 0.000000 0.000000 0.000000 1.000000
0.068787 -0.015637 -0.070879 0.000000 0.003795 0.098293 -0.018002 -0.080607 0.072484 0.009693 0.068207 0.000000 0.000000 0.000000 0.000000 1.000000
0.068712 -0.013550 -0.071380 0.000000 0.001948 0.098554 -0.016833 -0.076325 0.072629 0.010176 0.067982 0.000000 0.000000 0.000000 0.000000 1.000000</float_array>
          <technique_common>
            <accessor source="#Geralt-Matrix-animation-output-transform-array" count="52" stride="16">
              <param type="float4x4"/>
            </accessor>
          </technique_common>
        </source>
        <source id="Geralt-Interpolations">
          <Name_array id="Geralt-Interpolations-array" count="52">
 LINEAR LINEAR LINEAR LINEAR LINEAR LINEAR LINEAR LINEAR LINEAR LINEAR LINEAR
LINEAR LINEAR LINEAR LINEAR LINEAR LINEAR LINEAR LINEAR LINEAR LINEAR LINEAR LINEAR
LINEAR LINEAR LINEAR LINEAR LINEAR LINEAR LINEAR LINEAR LINEAR LINEAR LINEAR LINEAR
LINEAR LINEAR LINEAR LINEAR LINEAR LINEAR LINEAR LINEAR LINEAR LINEAR LINEAR LINEAR
LINEAR LINEAR LINEAR LINEAR LINEAR</Name_array>
          <technique_common>
            <accessor source="#Geralt-Interpolations-array" count="52">
              <param type="name"/>
            </accessor>
          </technique_common>
        </source>
        <sampler id="Geralt-Matrix-animation-transform">
          <input semantic="INPUT" source="#Geralt-Matrix-animation-input"/>
          <input semantic="OUTPUT" source="#Geralt-Matrix-animation-output-transform"/>
          <input semantic="INTERPOLATION" source="#Geralt-Interpolations"/>
        </sampler>
        <channel source="#Geralt-Matrix-animation-transform" target="Geralt/matrix"/>
      </animation>
    </animation>
    <animation id="mixamorig_Hips-anim" name="mixamorig_Hips">
      <animation>
        <source id="mixamorig_Hips-Matrix-animation-input">
          <float_array id="mixamorig_Hips-Matrix-animation-input-array" count="52">

0.000000 0.033333 0.066667 0.100000 0.133333 0.166667 0.200000 0.233333 0.266667 0.300000 0.333333 0.366667 0.400000 0.433333 0.466667 0.500000
0.533333 0.566667 0.600000 0.633333 0.666667 0.700000 0.733333 0.766667 0.800000 0.833333 0.866667 0.900000 0.933333 0.966667 1.000000 1.033333
1.066667 1.100000 1.133333 1.166667 1.200000 1.233333 1.266667 1.300000 1.333333 1.366667 1.400000 1.433333 1.466667 1.500000 1.533333 1.566667
1.600000 1.633333 1.666667 1.700000</float_array>
          <technique_common>
            <accessor source="#mixamorig_Hips-Matrix-animation-input-array" count="52">
              <param name="TIME" type="float"/>
            </accessor>
          </technique_common>
        </source>
        <source id="mixamorig_Hips-Matrix-animation-output-transform">
          <float_array id="mixamorig_Hips-Matrix-animation-output-transform-array" count="832">

-0.994733 0.002958 -0.102461 -0.079300 -0.006107 0.996097 0.088049 3.696700 0.102322 0.088211 -0.990832 0.497700 0.000000 0.000000 0.000000 1.000000
-0.994733 0.002958 -0.102461 -0.079300 -0.006107 0.996097 0.088049 3.696700 0.102322 0.088211 -0.990832 0.497700 0.000000 0.000000 0.000000 1.000000
-0.994733 0.002958 -0.102461 -0.079300 -0.006107 0.996097 0.088049 3.696700 0.102322 0.088211 -0.990832 0.497700 0.000000 0.000000 0.000000 1.000000
-0.994733 0.002958 -0.102461 -0.079300 -0.006107 0.996097 0.088049 3.696700 0.102322 0.088211 -0.990832 0.497700 0.000000 0.000000 0.000000 1.000000
-0.994733 0.002958 -0.102461 -0.079300 -0.006107 0.996097 0.088049 3.696700 0.102322 0.088211 -0.990832 0.497700 0.000000 0.000000 0.000000 1.000000
-0.994733 0.002958 -0.102461 -0.079300 -0.006107 0.996097 0.088049 3.696700 0.102322 0.088211 -0.990832 0.497700 0.000000 0.000000 0.000000 1.000000
-0.994733 0.002958 -0.102461 -0.079300 -0.006107 0.996097 0.088049 3.696700 0.102322 0.088211 -0.990832 0.497700 0.000000 0.000000 0.000000 1.000000
-0.994733 0.002958 -0.102461 -0.079300 -0.006107 0.996097 0.088049 3.696700 0.102322 0.088211 -0.990832 0.497700 0.000000 0.000000 0.000000 1.000000
-0.994733 0.002958 -0.102461 -0.079300 -0.006107 0.996097 0.088049 3.696700 0.102322 0.088211 -0.990832 0.497700 0.000000 0.000000 0.000000 1.000000
-0.994733 0.002958 -0.102461 -0.079300 -0.006107 0.996097 0.088049 3.696700 0.102322 0.088211 -0.990832 0.497700 0.000000 0.000000 0.000000 1.000000
-0.994733 0.002958 -0.102461 -0.079300 -0.006107 0.996097 0.088049 3.696700 0.102322 0.088211 -0.990832 0.497700 0.000000 0.000000 0.000000 1.000000
-0.994733 0.002958 -0.102461 -0.079300 -0.006107 0.996097 0.088049 3.696700 0.102322 0.088211 -0.990832 0.497700 0.000000 0.000000 0.000000 1.000000
-0.994733 0.002958 -0.102461 -0.079300 -0.006107 0.996097 0.088049 3.696700 0.102322 0.088211 -0.990832 0.497700 0.000000 0.000000 0.000000 1.000000
-0.994733 0.002958 -0.102461 -0.079300 -0.006107 0.996097 0.088049 3.696700 0.102322 0.088211 -0.990832 0.497700 0.000000 0.000000 0.000000 1.000000
-0.994733 0.002958 -0.102461 -0.079300 -0.006107 0.996097 0.088049 3.696700 0.102322 0.088211 -0.990832 0.497700 0.000000 0.000000 0.000000 1.000000
-0.994733 0.002958 -0.102461 -0.079300 -0.006107 0.996097 0.088049 3.696700 0.102322 0.088211 -0.990832 0.497700 0.000000 0.000000 0.000000 1.000000
-0.994733 0.002958 -0.102461 -0.079300 -0.006107 0.996097 0.088049 3.696700 0.102322 0.088211 -0.990832 0.497700 0.000000 0.000000 0.000000 1.000000
-0.994733 0.002958 -0.102461 -0.079300 -0.006107 0.996097 0.088049 3.696700 0.102322 0.088211 -0.990832 0.497700 0.000000 0.000000 0.000000 1.000000
-0.994733 0.002958 -0.102461 -0.079300 -0.006107 0.996097 0.088049 3.696700 0.102322 0.088211 -0.990832 0.497700 0.000000 0.000000 0.000000 1.000000
-0.994733 0.002958 -0.102461 -0.079300 -0.006107 0.996097 0.088049 3.696700 0.102322 0.088211 -0.990832 0.497700 0.000000 0.000000 0.000000 1.000000
-0.994733 0.002958 -0.102461 -0.079300 -0.006107 0.996097 0.088049 3.696700 0.102322 0.088211 -0.990832 0.497700 0.000000 0.000000 0.000000 1.000000
-0.994733 0.002958 -0.102461 -0.079300 -0.006107 0.996097 0.088049 3.696700 0.102322 0.088211 -0.990832 0.497700 0.000000 0.000000 0.000000 1.000000
-0.994733 0.002958 -0.102461 -0.079300 -0.006107 0.996097 0.088049 3.696700 0.102322 0.088211 -0.990832 0.497700 0.000000 0.000000 0.000000 1.000000
-0.994733 0.002958 -0.102461 -0.079300 -0.006107 0.996097 0.088049 3.696700 0.102322 0.088211 -0.990832 0.497700 0.000000 0.000000 0.000000 1.000000
-0.994733 0.002958 -0.102461 -0.079300 -0.006107 0.996097 0.088049 3.696700 0.102322 0.088211 -0.990832 0.497700 0.000000 0.000000 0.000000 1.000000
-0.994733 0.002958 -0.102461 -0.079300 -0.006107 0.996097 0.088049 3.696700 0.102322 0.088211 -0.990832 0.497700 0.000000 0.000000 0.000000 1.000000
-0.994733 0.002958 -0.102461 -0.079300 -0.006107 0.996097 0.088049 3.696700 0.102322 0.088211 -0.990832 0.497700 0.000000 0.000000 0.000000 1.000000
-0.994733 0.002958 -0.102461 -0.079300 -0.006107 0.996097 0.088049 3.696700 0.102322 0.088211 -0.990832 0.497700 0.000000 0.000000 0.000000 1.000000
-0.994733 0.002958 -0.102461 -0.079300 -0.006107 0.996097 0.088049 3.696700 0.102322 0.088211 -0.990832 0.497700 0.000000 0.000000 0.000000 1.000000
-0.994733 0.002958 -0.102461 -0.079300 -0.006107 0.996097 0.088049 3.696700 0.102322 0.088211 -0.990832 0.497700 0.000000 0.000000 0.000000 1.000000
-0.994733 0.002958 -0.102461 -0.079300 -0.006107 0.996097 0.088049 3.696700 0.102322 0.088211 -0.990832 0.497700 0.000000 0.000000 0.000000 1.000000
-0.994733 0.002958 -0.102461 -0.079300 -0.006107 0.996097 0.088049 3.696700 0.102322 0.088211 -0.990832 0.497700 0.000000 0.000000 0.000000 1.000000
-0.994733 0.002958 -0.102461 -0.079300 -0.006107 0.996097 0.088049 3.696700 0.102322 0.088211 -0.990832 0.497700 0.000000 0.000000 0.000000 1.000000
-0.994733 0.002958 -0.102461 -0.079300 -0.006107 0.996097 0.088049 3.696700 0.102322 0.088211 -0.990832 0.497700 0.000000 0.000000 0.000000 1.000000
-0.994733 0.002958 -0.102461 -0.079300 -0.006107 0.996097 0.088049 3.696700 0.102322 0.088211 -0.990832 0.497700 0.000000 0.000000 0.000000 1.000000
-0.994733 0.002958 -0.102461 -0.079300 -0.006107 0.996097 0.088049 3.696700 0.102322 0.088211 -0.990832 0.497700 0.000000 0.000000 0.000000 1.000000
-0.994733 0.002958 -0.102461 -0.079300 -0.006107 0.996097 0.088049 3.696700 0.102322 0.088211 -0.990832 0.497700 0.000000 0.000000 0.000000 1.000000
-0.994733 0.002958 -0.102461 -0.079300 -0.006107 0.996097 0.088049 3.696700 0.102322 0.088211 -0.990832 0.497700 0.000000 0.000000 0.000000 1.000000
-0.994733 0.002958 -0.102461 -0.079300 -0.006107 0.996097 0.088049 3.696700 0.102322 0.088211 -0.990832 0.497700 0.000000 0.000000 0.000000 1.000000
-0.994733 0.002958 -0.102461 -0.079300 -0.006107 0.996097 0.088049 3.696700 0.102322 0.088211 -0.990832 0.497700 0.000000 0.000000 0.000000 1.000000
-0.994733 0.002958 -0.102461 -0.079300 -0.006107 0.996097 0.088049 3.696700 0.102322 0.088211 -0.990832 0.497700 0.000000 0.000000 0.000000 1.000000
-0.994733 0.002958 -0.102461 -0.079300 -0.006107 0.996097 0.088049 3.696700 0.102322 0.088211 -0.990832 0.497700 0.000000 0.000000 0.000000 1.000000
-0.994733 0.002958 -0.102461 -0.079300 -0.006107 0.996097 0.088049 3.696700 0.102322 0.088211 -0.990832 0.497700 0.000000 0.000000 0.000000 1.000000
-0.994733 0.002958 -0.102461 -0.079300 -0.006107 0.996097 0.088049 3.696700 0.102322 0.088211 -0.990832 0.497700 0.000000 0.000000 0.000000 1.000000
-0.994733 0.002958 -0.102461 -0.079300 -0.006107 0.996097 0.088049 3.696700 0.102322 0.088211 -0.990832 0.497700 0.000000 0.000000 0.000000 1.000000
-0.994733 0.002958 -0.102461 -0.079300 -0.006107 0.996097 0.088049 3.696700 0.102322 0.088211 -0.990832 0.497700 0.000000 0.000000 0.000000 1.000000
-0.994733 0.002958 -0.102461 -0.079300 -0.006107 0.996097 0.088049 3.696700 0.102322 0.088211 -0.990832 0.497700 0.000000 0.000000 0.000000 1.000000
-0.994733 0.002958 -0.102461 -0.079300 -0.006107 0.996097 0.088049 3.696700 0.102322 0.088211 -0.990832 0.497700 0.000000 0.000000 0.000000 1.000000
-0.994733 0.002958 -0.102461 -0.079300 -0.006107 0.996097 0.088049 3.696700 0.102322 0.088211 -0.990832 0.497700 0.000000 0.000000 0.000000 1.000000
-0.994733 0.002958 -0.102461 -0.079300 -0.006107 0.996097 0.088049 3.696700 0.102322 0.088211 -0.990832 0.497700 0.000000 0.000000 0.000000 1.000000
-0.994733 0.002958 -0.102461 -0.079300 -0.006107 0.996097 0.088049 3.696700 0.102322 0.088211 -0.990832 0.497700 0.000000 0.000000 0.000000 1.000000
-0.994733 0.002958 -0.102461 -0.079300 -0.006107 0.996097 0.088049 3.696700 0.102322 0.088211 -0.990832 0.497700 0.000000 0.000000 0.000000 1.000000</float_array>
          <technique_common>
            <accessor source="#mixamorig_Hips-Matrix-animation-output-transform-array" count="52" stride="16">
              <param type="float4x4"/>
            </accessor>
          </technique_common>
        </source>
        <source id="mixamorig_Hips-Interpolations">
          <Name_array id="mixamorig_Hips-Interpolations-array" count="52">
 LINEAR LINEAR LINEAR LINEAR LINEAR LINEAR LINEAR LINEAR LINEAR LINEAR LINEAR
LINEAR LINEAR LINEAR LINEAR LINEAR LINEAR LINEAR LINEAR LINEAR LINEAR LINEAR LINEAR
LINEAR LINEAR LINEAR LINEAR LINEAR LINEAR LINEAR LINEAR LINEAR LINEAR LINEAR LINEAR
LINEAR LINEAR LINEAR LINEAR LINEAR LINEAR LINEAR LINEAR LINEAR LINEAR LINEAR LINEAR
LINEAR LINEAR LINEAR LINEAR LINEAR</Name_array>
          <technique_common>
            <accessor source="#mixamorig_Hips-Interpolations-array" count="52">
              <param type="name"/>
            </accessor>
          </technique_common>
        </source>
        <sampler id="mixamorig_Hips-Matrix-animation-transform">
          <input semantic="INPUT" source="#mixamorig_Hips-Matrix-animation-input"/>
          <input semantic="OUTPUT" source="#mixamorig_Hips-Matrix-animation-output-transform"/>
          <input semantic="INTERPOLATION" source="#mixamorig_Hips-Interpolations"/>
        </sampler>
        <channel source="#mixamorig_Hips-Matrix-animation-transform" target="mixamorig_Hips/matrix"/>
      </animation>
    </animation>
    <animation id="mixamorig_Spine-anim" name="mixamorig_Spine">
      <animation>
        <source id="mixamorig_Spine-Matrix-animation-input">
          <float_array id="mixamorig_Spine-Matrix-animation-input-array" count="52">

0.000000 0.033333 0.066667 0.100000 0.133333 0.166667 0.200000 0.233333 0.266667 0.300000 0.333333 0.366667 0.400000 0.433333 0.466667 0.500000
0.533333 0.566667 0.600000 0.633333 0.666667 0.700000 0.733333 0.766667 0.800000 0.833333 0.866667 0.900000 0.933333 0.966667 1.000000 1.033333
1.066667 1.100000 1.133333 1.166667 1.200000 1.233333 1.266667 1.300000 1.333333 1.366667 1.400000 1.433333 1.466667 1.500000 1.533333 1.566667
1.600000 1.633333 1.666667 1.700000</float_array>
          <technique_common>
            <accessor source="#mixamorig_Spine-Matrix-animation-input-array" count="52">
              <param name="TIME" type="float"/>
            </accessor>
          </technique_common>
        </source>
        <source id="mixamorig_Spine-Matrix-animation-output-transform">
          <float_array id="mixamorig_Spine-Matrix-animation-output-transform-array" count="832">

0.987634 -0.077364 0.136357 -0.042100 -0.016595 0.813287 0.581626 0.746100 -0.155894 -0.576696 0.801947 0.157600 0.000000 0.000000 0.000000 1.000000
0.983040 -0.076287 0.166771 -0.042100 -0.031592 0.825334 0.563761 0.746100 -0.180649 -0.559468 0.808926 0.157600 0.000000 0.000000 0.000000 1.000000
0.976133 -0.068449 0.206103 -0.042100 -0.055510 0.838866 0.541500 0.746100 -0.209958 -0.540017 0.815045 0.157600 0.000000 0.000000 0.000000 1.000000
0.966981 -0.062820 0.246985 -0.042100 -0.076897 0.852051 0.517780 0.746100 -0.242971 -0.519676 0.819086 0.157600 0.000000 0.000000 0.000000 1.000000
0.957879 -0.064009 0.279948 -0.042100 -0.087192 0.863998 0.495889 0.746100 -0.273616 -0.499411 0.822024 0.157600 0.000000 0.000000 0.000000 1.000000
0.951362 -0.068297 0.300409 -0.042100 -0.087517 0.875030 0.476092 0.746100 -0.295383 -0.479227 0.826493 0.157600 0.000000 0.000000 0.000000 1.000000
0.951811 -0.075256 0.297309 -0.042100 -0.074987 0.882894 0.463547 0.746100 -0.297377 -0.463503 0.834705 0.157600 0.000000 0.000000 0.000000 1.000000
0.959010 -0.073775 0.273599 -0.042100 -0.060954 0.889207 0.453426 0.746100 -0.276738 -0.451517 0.848262 0.157600 0.000000 0.000000 0.000000 1.000000
0.968736 -0.059046 0.240964 -0.042100 -0.054595 0.896720 0.439218 0.746100 -0.242011 -0.438642 0.865461 0.157600 0.000000 0.000000 0.000000 1.000000
0.978803 -0.049650 0.198696 -0.042100 -0.040836 0.903378 0.426897 0.746100 -0.200693 -0.425962 0.882201 0.157600 0.000000 0.000000 0.000000 1.000000
0.985590 -0.036198 0.165234 -0.042100 -0.034806 0.912532 0.407521 0.746100 -0.165533 -0.407400 0.898123 0.157600 0.000000 0.000000 0.000000 1.000000
0.989600 -0.028232 0.141051 -0.042100 -0.028797 0.921821 0.386546 0.746100 -0.140936 -0.386587 0.911421 0.157600 0.000000 0.000000 0.000000 1.000000
0.990815 -0.017107 0.134140 -0.042100 -0.032929 0.931584 0.362031 0.746100 -0.131156 -0.363123 0.922464 0.157600 0.000000 0.000000 0.000000 1.000000
0.988461 0.008266 0.151248 -0.042100 -0.058860 0.941001 0.333244 0.746100 -0.139570 -0.338302 0.930630 0.157600 0.000000 0.000000 0.000000 1.000000
0.983612 0.052461 0.172499 -0.042100 -0.104473 0.945587 0.308142 0.746100 -0.146947 -0.321113 0.935571 0.157600 0.000000 0.000000 0.000000 1.000000
0.977237 0.098236 0.188034 -0.042100 -0.152201 0.942093 0.298822 0.746100 -0.147790 -0.320639 0.935601 0.157600 0.000000 0.000000 0.000000 1.000000
0.968521 0.142225 0.204303 -0.042100 -0.200491 0.932132 0.301552 0.746100 -0.147549 -0.333020 0.931304 0.157600 0.000000 0.000000 0.000000 1.000000
0.958710 0.177344 0.222314 -0.042100 -0.241642 0.920184 0.308010 0.746100 -0.149946 -0.349013 0.925044 0.157600 0.000000 0.000000 0.000000 1.000000
0.952312 0.196339 0.233566 -0.042100 -0.264824 0.912062 0.313067 0.746100 -0.151560 -0.359991 0.920563 0.157600 0.000000 0.000000 0.000000 1.000000
0.951792 0.194956 0.236820 -0.042100 -0.265627 0.909955 0.318472 0.746100 -0.153408 -0.366025 0.917873 0.157600 0.000000 0.000000 0.000000 1.000000
0.955241 0.185112 0.230757 -0.042100 -0.255881 0.908465 0.330478 0.746100 -0.148459 -0.374732 0.915170 0.157600 0.000000 0.000000 0.000000 1.000000
0.957569 0.190835 0.215970 -0.042100 -0.258699 0.899436 0.352264 0.746100 -0.127027 -0.393188 0.910641 0.157600 0.000000 0.000000 0.000000 1.000000
0.956213 0.211131 0.202685 -0.042100 -0.275930 0.881213 0.383831 0.746100 -0.097570 -0.422950 0.900885 0.157600 0.000000 0.000000 0.000000 1.000000
0.953716 0.222549 0.202230 -0.042100 -0.289646 0.860591 0.418913 0.746100 -0.080808 -0.458100 0.885220 0.157600 0.000000 0.000000 0.000000 1.000000
0.953680 0.217423 0.207899 -0.042100 -0.290664 0.844093 0.450579 0.746100 -0.077520 -0.490137 0.868191 0.157600 0.000000 0.000000 0.000000 1.000000
0.959785 0.198527 0.198493 -0.042100 -0.272091 0.831935 0.483581 0.746100 -0.069130 -0.518141 0.852497 0.157600 0.000000 0.000000 0.000000 1.000000
0.970830 0.182067 0.156016 -0.042100 -0.237450 0.820342 0.520246 0.746100 -0.033267 -0.542117 0.839644 0.157600 0.000000 0.000000 0.000000 1.000000
0.981918 0.161137 0.099355 -0.042100 -0.189077 0.809068 0.556470 0.746100 0.009283 -0.565194 0.824906 0.157600 0.000000 0.000000 0.000000 1.000000
0.991522 0.121503 0.046049 -0.042100 -0.125237 0.799189 0.587888 0.746100 0.034628 -0.588672 0.807630 0.157600 0.000000 0.000000 0.000000 1.000000
0.998044 0.062462 0.002715 -0.042100 -0.051138 0.790575 0.610226 0.746100 0.035970 -0.609171 0.792223 0.157600 0.000000 0.000000 0.000000 1.000000
0.999489 0.008251 -0.030868 -0.042100 0.012706 0.783780 0.620909 0.746100 0.029317 -0.620984 0.783275 0.157600 0.000000 0.000000 0.000000 1.000000
0.998671 -0.025151 -0.044982 -0.042100 0.047685 0.782027 0.621417 0.746100 0.019548 -0.622736 0.782187 0.157600 0.000000 0.000000 0.000000 1.000000
0.998068 -0.042636 -0.045191 -0.042100 0.061457 0.784215 0.617438 0.746100 0.009114 -0.619022 0.785321 0.157600 0.000000 0.000000 0.000000 1.000000
0.997765 -0.051786 -0.042219 -0.042100 0.066796 0.787904 0.612165 0.746100 0.001563 -0.613617 0.789603 0.157600 0.000000 0.000000 0.000000 1.000000
0.997464 -0.057380 -0.042117 -0.042100 0.071166 0.792889 0.605197 0.746100 -0.001332 -0.606659 0.794961 0.157600 0.000000 0.000000 0.000000 1.000000
0.997315 -0.056721 -0.046310 -0.042100 0.073146 0.801017 0.594156 0.746100 0.003394 -0.595948 0.803016 0.157600 0.000000 0.000000 0.000000 1.000000
0.996980 -0.052736 -0.057014 -0.042100 0.076060 0.811417 0.579497 0.746100 0.015702 -0.582083 0.812978 0.157600 0.000000 0.000000 0.000000 1.000000
0.996599 -0.047952 -0.067020 -0.042100 0.077435 0.823154 0.562513 0.746100 0.028194 -0.565789 0.824068 0.157600 0.000000 0.000000 0.000000 1.000000
0.996278 -0.045212 -0.073387 -0.042100 0.078031 0.834777 0.545031 0.746100 0.036620 -0.548729 0.835198 0.157600 0.000000 0.000000 0.000000 1.000000
0.996199 -0.045206 -0.074462 -0.042100 0.077804 0.846178 0.527190 0.746100 0.039176 -0.530980 0.846479 0.157600 0.000000 0.000000 0.000000 1.000000
0.996362 -0.046917 -0.071143 -0.042100 0.076696 0.857596 0.508574 0.746100 0.037151 -0.512180 0.858074 0.157600 0.000000 0.000000 0.000000 1.000000
0.996704 -0.049814 -0.064024 -0.042100 0.074853 0.868955 0.489198 0.746100 0.031265 -0.492378 0.869820 0.157600 0.000000 0.000000 0.000000 1.000000
0.997142 -0.053879 -0.052953 -0.042100 0.072475 0.880045 0.469327 0.746100 0.021314 -0.471823 0.881436 0.157600 0.000000 0.000000 0.000000 1.000000
0.997557 -0.058372 -0.038372 -0.042100 0.069397 0.890889 0.448889 0.746100 0.007983 -0.450456 0.892763 0.157600 0.000000 0.000000 0.000000 1.000000
0.997841 -0.061892 -0.021988 -0.042100 0.065345 0.901585 0.427639 0.746100 -0.006644 -0.428153 0.903682 0.157600 0.000000 0.000000 0.000000 1.000000
0.997956 -0.063669 -0.005484 -0.042100 0.060417 0.912041 0.405623 0.746100 -0.020824 -0.405125 0.914024 0.157600 0.000000 0.000000 0.000000 1.000000
0.997918 -0.063526 0.011129 -0.042100 0.054431 0.922142 0.383004 0.746100 -0.034593 -0.381601 0.923680 0.157600 0.000000 0.000000 0.000000 1.000000
0.997684 -0.061886 0.028212 -0.042100 0.047615 0.931730 0.360016 0.746100 -0.048566 -0.357839 0.932519 0.157600 0.000000 0.000000 0.000000 1.000000
0.997185 -0.059338 0.045836 -0.042100 0.040489 0.940669 0.336900 0.746100 -0.063107 -0.334096 0.940424 0.157600 0.000000 0.000000 0.000000 1.000000
0.996366 -0.056320 0.063896 -0.042100 0.033500 0.948847 0.313954 0.746100 -0.078309 -0.310673 0.947285 0.157600 0.000000 0.000000 0.000000 1.000000
0.995174 -0.053058 0.082538 -0.042100 0.026800 0.956187 0.291529 0.746100 -0.094390 -0.287910 0.952994 0.157600 0.000000 0.000000 0.000000 1.000000
0.993523 -0.049707 0.102183 -0.042100 0.020409 0.962683 0.269861 0.746100 -0.111784 -0.266028 0.957462 0.157600 0.000000 0.000000 0.000000 1.000000</float_array>
          <technique_common>
            <accessor source="#mixamorig_Spine-Matrix-animation-output-transform-array" count="52" stride="16">
              <param type="float4x4"/>
            </accessor>
          </technique_common>
        </source>
        <source id="mixamorig_Spine-Interpolations">
          <Name_array id="mixamorig_Spine-Interpolations-array" count="52">
 LINEAR LINEAR LINEAR LINEAR LINEAR LINEAR LINEAR LINEAR LINEAR LINEAR LINEAR
LINEAR LINEAR LINEAR LINEAR LINEAR LINEAR LINEAR LINEAR LINEAR LINEAR LINEAR LINEAR
LINEAR LINEAR LINEAR LINEAR LINEAR LINEAR LINEAR LINEAR LINEAR LINEAR LINEAR LINEAR
LINEAR LINEAR LINEAR LINEAR LINEAR LINEAR LINEAR LINEAR LINEAR LINEAR LINEAR LINEAR
LINEAR LINEAR LINEAR LINEAR LINEAR</Name_array>
          <technique_common>
            <accessor source="#mixamorig_Spine-Interpolations-array" count="52">
              <param type="name"/>
            </accessor>
          </technique_common>
        </source>
        <sampler id="mixamorig_Spine-Matrix-animation-transform">
          <input semantic="INPUT" source="#mixamorig_Spine-Matrix-animation-input"/>
          <input semantic="OUTPUT" source="#mixamorig_Spine-Matrix-animation-output-transform"/>
          <input semantic="INTERPOLATION" source="#mixamorig_Spine-Interpolations"/>
        </sampler>
        <channel source="#mixamorig_Spine-Matrix-animation-transform" target="mixamorig_Spine/matrix"/>
      </animation>
    </animation>
    <animation id="mixamorig_Spine1-anim" name="mixamorig_Spine1">
      <animation>
        <source id="mixamorig_Spine1-Matrix-animation-input">
          <float_array id="mixamorig_Spine1-Matrix-animation-input-array" count="52">

0.000000 0.033333 0.066667 0.100000 0.133333 0.166667 0.200000 0.233333 0.266667 0.300000 0.333333 0.366667 0.400000 0.433333 0.466667 0.500000
0.533333 0.566667 0.600000 0.633333 0.666667 0.700000 0.733333 0.766667 0.800000 0.833333 0.866667 0.900000 0.933333 0.966667 1.000000 1.033333
1.066667 1.100000 1.133333 1.166667 1.200000 1.233333 1.266667 1.300000 1.333333 1.366667 1.400000 1.433333 1.466667 1.500000 1.533333 1.566667
1.600000 1.633333 1.666667 1.700000</float_array>
          <technique_common>
            <accessor source="#mixamorig_Spine1-Matrix-animation-input-array" count="52">
              <param name="TIME" type="float"/>
            </accessor>
          </technique_common>
        </source>
        <source id="mixamorig_Spine1-Matrix-animation-output-transform">
          <float_array id="mixamorig_Spine1-Matrix-animation-output-transform-array" count="832">

0.998384 -0.020442 0.053025 -0.000000 0.014858 0.994503 0.103644 0.755700 -0.054852 -0.102689 0.993200 0.000000 0.000000 0.000000 0.000000 1.000000
0.997926 -0.020806 0.060911 0.000000 0.014426 0.994539 0.103368 0.755700 -0.062729 -0.102275 0.992776 0.000000 0.000000 0.000000 0.000000 1.000000
0.997357 -0.021010 0.069551 0.000000 0.013729 0.994529 0.103558 0.755700 -0.071346 -0.102329 0.992189 0.000000 0.000000 0.000000 0.000000 1.000000
0.996693 -0.021283 0.078422 -0.000000 0.013069 0.994512 0.103807 0.755700 -0.080201 -0.102439 0.991501 0.000000 0.000000 0.000000 0.000000 1.000000
0.996005 -0.021902 0.086575 0.000000 0.012874 0.994547 0.103496 0.755700 -0.088370 -0.101968 0.990855 0.000000 0.000000 0.000000 0.000000 1.000000
0.995482 -0.022741 0.092190 -0.000000 0.013306 0.994726 0.101697 0.755700 -0.094017 -0.100011 0.990534 -0.000000 0.000000 0.000000 0.000000 1.000000
0.995414 -0.023103 0.092830 0.000000 0.014023 0.995156 0.097303 0.755700 -0.094628 -0.095555 0.990916 -0.000000 0.000000 0.000000 0.000000 1.000000
0.995919 -0.022432 0.087424 0.000000 0.014527 0.995833 0.090034 0.755700 -0.089080 -0.088397 0.992094 0.000000 0.000000 0.000000 0.000000 1.000000
0.996742 -0.020951 0.077886 -0.000000 0.014568 0.996556 0.081630 0.755700 -0.079328 -0.080229 0.993615 0.000000 0.000000 0.000000 0.000000 1.000000
0.997534 -0.019267 0.067486 -0.000000 0.014193 0.997092 0.074867 0.755700 -0.068732 -0.073725 0.994907 -0.000000 0.000000 0.000000 0.000000 1.000000
0.998144 -0.017621 0.058299 0.000000 0.013459 0.997383 0.071030 0.755700 -0.059398 -0.070113 0.995769 -0.000000 0.000000 0.000000 0.000000 1.000000
0.998567 -0.015808 0.051120 0.000000 0.012249 0.997527 0.069205 0.755700 -0.052088 -0.068480 0.996292 0.000000 0.000000 0.000000 0.000000 1.000000
0.998828 -0.013604 0.046452 -0.000000 0.010427 0.997633 0.067967 0.755700 -0.047267 -0.067403 0.996606 0.000000 0.000000 0.000000 0.000000 1.000000
0.998963 -0.010952 0.044187 0.000000 0.007995 0.997751 0.066555 0.755700 -0.044817 -0.066133 0.996804 -0.000000 0.000000 0.000000 0.000000 1.000000
0.999034 -0.007815 0.043251 0.000000 0.005011 0.997901 0.064568 0.755700 -0.043665 -0.064289 0.996976 0.000000 0.000000 0.000000 0.000000 1.000000
0.999088 -0.004138 0.042498 0.000000 0.001509 0.998093 0.061711 0.755700 -0.042672 -0.061591 0.997189 -0.000000 0.000000 0.000000 0.000000 1.000000
0.999125 -0.000026 0.041815 0.000000 -0.002412 0.998299 0.058255 0.755700 -0.041745 -0.058305 0.997426 0.000000 0.000000 0.000000 0.000000 1.000000
0.999102 0.004113 0.042179 -0.000000 -0.006442 0.998453 0.055227 0.755700 -0.041887 -0.055449 0.997583 -0.000000 0.000000 0.000000 0.000000 1.000000
0.998981 0.007700 0.044471 0.000000 -0.010089 0.998504 0.053738 0.755700 -0.043991 -0.054132 0.997564 0.000000 0.000000 0.000000 0.000000 1.000000
0.998803 0.010471 0.047789 0.000000 -0.013056 0.998450 0.054096 0.755700 -0.047149 -0.054655 0.997391 0.000000 0.000000 0.000000 0.000000 1.000000
0.998691 0.013012 0.049457 0.000000 -0.015779 0.998307 0.055983 0.755700 -0.048645 -0.056690 0.997206 0.000000 0.000000 0.000000 0.000000 1.000000
0.998694 0.016540 0.048336 -0.000000 -0.019407 0.998042 0.059466 0.755700 -0.047258 -0.060326 0.997059 0.000000 0.000000 0.000000 0.000000 1.000000
0.998634 0.021377 0.047688 -0.000000 -0.024470 0.997569 0.065246 0.755700 -0.046177 -0.066324 0.996729 -0.000000 0.000000 0.000000 0.000000 1.000000
0.998374 0.025487 0.050978 0.000000 -0.029219 0.996841 0.073849 0.755700 -0.048935 -0.075219 0.995966 0.000000 0.000000 0.000000 0.000000 1.000000
0.998158 0.025744 0.054937 0.000000 -0.030351 0.995941 0.084737 0.755700 -0.052533 -0.086248 0.994888 -0.000000 0.000000 0.000000 0.000000 1.000000
0.998406 0.020926 0.052427 -0.000000 -0.025903 0.995032 0.096125 0.755700 -0.050155 -0.097330 0.993988 0.000000 0.000000 0.000000 0.000000 1.000000
0.999038 0.012210 0.042117 -0.000000 -0.016620 0.994226 0.106010 0.755700 -0.040579 -0.106608 0.993473 0.000000 0.000000 0.000000 0.000000 1.000000
0.999567 0.000926 0.029413 -0.000000 -0.004262 0.993521 0.113573 0.755700 -0.029117 -0.113649 0.993094 -0.000000 0.000000 0.000000 0.000000 1.000000
0.999736 -0.012492 0.019279 0.000000 0.010112 0.992848 0.118957 0.755700 -0.020627 -0.118731 0.992712 0.000000 0.000000 0.000000 0.000000 1.000000
0.999549 -0.027194 0.012718 0.000000 0.025444 0.992222 0.121850 0.755700 -0.015933 -0.121471 0.992467 0.000000 0.000000 0.000000 0.000000 1.000000
0.999117 -0.041080 0.008808 0.000000 0.039712 0.991838 0.121167 0.755700 -0.013714 -0.120710 0.992593 -0.000000 0.000000 0.000000 0.000000 1.000000
0.998615 -0.052187 0.006634 0.000000 0.051062 0.991886 0.116429 0.755700 -0.012656 -0.115929 0.993177 0.000000 0.000000 0.000000 0.000000 1.000000
0.998165 -0.060314 0.005416 0.000000 0.059370 0.992298 0.108719 0.755700 -0.011932 -0.108198 0.994058 0.000000 0.000000 0.000000 0.000000 1.000000
0.997807 -0.066052 0.004336 0.000000 0.065290 0.992851 0.099920 0.755700 -0.010905 -0.099418 0.994986 -0.000000 0.000000 0.000000 0.000000 1.000000
0.997630 -0.068770 0.002354 0.000000 0.068264 0.993435 0.091800 0.755700 -0.008652 -0.091422 0.995775 0.000000 0.000000 0.000000 0.000000 1.000000
0.997738 -0.067211 -0.001595 -0.000000 0.067100 0.994063 0.085647 0.755700 -0.004171 -0.085560 0.996324 0.000000 0.000000 0.000000 0.000000 1.000000
0.998042 -0.062101 -0.007454 0.000000 0.062503 0.994685 0.081824 0.755700 0.002333 -0.082130 0.996619 0.000000 0.000000 0.000000 0.000000 1.000000
0.998323 -0.056326 -0.013330 -0.000000 0.057213 0.995170 0.079776 0.755700 0.008772 -0.080405 0.996724 -0.000000 0.000000 0.000000 0.000000 1.000000
0.998496 -0.052135 -0.016984 -0.000000 0.053317 0.995463 0.078811 0.755700 0.012798 -0.079598 0.996745 0.000000 0.000000 0.000000 0.000000 1.000000
0.998621 -0.049380 -0.017821 -0.000000 0.050633 0.995626 0.078521 0.755700 0.013866 -0.079315 0.996753 0.000000 0.000000 0.000000 0.000000 1.000000
0.998774 -0.046650 -0.016554 0.000000 0.047812 0.995761 0.078573 0.755700 0.012818 -0.079268 0.996771 -0.000000 0.000000 0.000000 0.000000 1.000000
0.998978 -0.043085 -0.013669 0.000000 0.044029 0.995932 0.078624 0.755700 0.010226 -0.079145 0.996811 0.000000 0.000000 0.000000 0.000000 1.000000
0.999215 -0.038539 -0.009195 0.000000 0.039143 0.996143 0.078529 0.755700 0.006133 -0.078827 0.996869 -0.000000 0.000000 0.000000 0.000000 1.000000
0.999451 -0.032984 -0.003169 0.000000 0.033131 0.996365 0.078479 0.755700 0.000569 -0.078541 0.996911 0.000000 0.000000 0.000000 0.000000 1.000000
0.999639 -0.026567 0.004047 0.000000 0.026166 0.996549 0.078775 0.755700 -0.006126 -0.078641 0.996884 0.000000 0.000000 0.000000 0.000000 1.000000
0.999736 -0.019768 0.011720 -0.000000 0.018777 0.996668 0.079371 0.755700 -0.013250 -0.079130 0.996776 0.000000 0.000000 0.000000 0.000000 1.000000
0.999733 -0.012966 0.019150 0.000000 0.011398 0.996742 0.079853 0.755700 -0.020123 -0.079613 0.996623 0.000000 0.000000 0.000000 0.000000 1.000000
0.999639 -0.006197 0.026135 0.000000 0.004089 0.996790 0.079952 0.755700 -0.026547 -0.079816 0.996456 -0.000000 0.000000 0.000000 0.000000 1.000000
0.999460 0.000622 0.032857 -0.000000 -0.003242 0.996810 0.079748 0.755700 -0.032703 -0.079811 0.996273 -0.000000 0.000000 0.000000 0.000000 1.000000
0.999191 0.007501 0.039520 0.000000 -0.010624 0.996785 0.079416 0.755700 -0.038797 -0.079772 0.996058 0.000000 0.000000 0.000000 0.000000 1.000000
0.998829 0.014396 0.046179 -0.000000 -0.018019 0.996710 0.079025 0.755700 -0.044889 -0.079765 0.995802 0.000000 0.000000 0.000000 0.000000 1.000000
