<?xml version="1.0" encoding="utf-8"?>
<COLLADA xmlns="http://www.collada.org/2005/11/COLLADASchema" version="1.4.1">
  <asset>
    <contributor>
      <authoring_tool>FBX COLLADA exporter</authoring_tool>
    </contributor>
    <created>2020-04-21T19:08:17Z</created>
    <modified>2020-04-21T19:08:17Z</modified>
    <unit meter="0.010000" name="centimeter"/>
    <up_axis>Y_UP</up_axis>
  </asset>
  <library_animations>
    <animation id="Geralt-anim" name="Geralt">
      <animation>
        <source id="Geralt-Matrix-animation-input">
          <float_array id="Geralt-Matrix-animation-input-array" count="85">

0.000000 0.041667 0.083333 0.125000 0.166667 0.208333 0.250000 0.291667 0.333333 0.375000 0.416667 0.458333 0.500000 0.541667 0.583333 0.625000
0.666667 0.708333 0.750000 0.791667 0.833333 0.875000 0.916667 0.958333 1.000000 1.041667 1.083333 1.125000 1.166667 1.208333 1.250000 1.291667
1.333333 1.375000 1.416667 1.458333 1.500000 1.541667 1.583333 1.625000 1.666667 1.708333 1.750000 1.791667 1.833333 1.875000 1.916667 1.958333
2.000000 2.041667 2.083333 2.125000 2.166667 2.208333 2.250000 2.291667 2.333333 2.375000 2.416667 2.458333 2.500000 2.541667 2.583333 2.625000
2.666667 2.708333 2.750000 2.791667 2.833333 2.875000 2.916667 2.958333 3.000000 3.041667 3.083333 3.125000 3.166667 3.208333 3.250000 3.291667
3.333333 3.375000 3.416667 3.458333 3.500000</float_array>
          <technique_common>
            <accessor source="#Geralt-Matrix-animation-input-array" count="85">
              <param name="TIME" type="float"/>
            </accessor>
          </technique_common>
        </source>
        <source id="Geralt-Matrix-animation-output-transform">
          <float_array id="Geralt-Matrix-animation-output-transform-array" count="1360">

0.096291 -0.001643 -0.026931 0.000000 -0.000590 0.099662 -0.008190 -0.024811 0.026975 0.008045 0.095956 0.000000 0.000000 0.000000 0.000000 1.000000
0.096099 -0.003301 -0.027460 0.000000 0.001289 0.099712 -0.007473 -0.025663 0.027628 0.006828 0.095865 0.000000 0.000000 0.000000 0.000000 1.000000
0.095595 -0.003740 -0.029112 0.000000 0.002336 0.099840 -0.005155 -0.028388 0.029258 0.004248 0.095530 0.000000 0.000000 0.000000 0.000000 1.000000
0.094433 -0.002223 -0.032827 0.000000 0.002240 0.099974 -0.000329 -0.033595 0.032826 -0.000424 0.094458 0.000000 0.000000 0.000000 0.000000 1.000000
0.092443 0.000242 -0.038134 0.000000 0.002003 0.099829 0.005488 -0.038088 0.038082 -0.005837 0.092280 0.000000 0.000000 0.000000 0.000000 1.000000
0.089529 0.002256 -0.044492 0.000000 0.002631 0.099430 0.010336 -0.040282 0.044472 -0.010424 0.088959 0.000000 0.000000 0.000000 0.000000 1.000000
0.085941 0.002947 -0.051044 0.000000 0.004209 0.099087 0.012808 -0.039755 0.050956 -0.013156 0.085032 0.000000 0.000000 0.000000 0.000000 1.000000
0.081697 0.002108 -0.057629 0.000000 0.006239 0.099023 0.012468 -0.037425 0.057329 -0.013781 0.080768 0.000000 0.000000 0.000000 0.000000 1.000000
0.076558 0.000054 -0.064335 0.000000 0.008107 0.099195 0.009731 -0.034601 0.063822 -0.012665 0.075937 0.000000 0.000000 0.000000 0.000000 1.000000
0.070165 -0.002613 -0.071204 0.000000 0.009315 0.099412 0.005531 -0.031494 0.070641 -0.010513 0.069995 0.000000 0.000000 0.000000 0.000000 1.000000
0.062964 -0.004980 -0.077529 0.000000 0.009502 0.099538 0.001323 -0.029169 0.077106 -0.008200 0.063147 0.000000 0.000000 0.000000 0.000000 1.000000
0.056024 -0.006421 -0.082584 0.000000 0.008803 0.099596 -0.001771 -0.028216 0.082364 -0.006278 0.056363 0.000000 0.000000 0.000000 0.000000 1.000000
0.050889 -0.006361 -0.085848 0.000000 0.007452 0.099678 -0.002968 -0.030044 0.085760 -0.004887 0.051199 0.000000 0.000000 0.000000 0.000000 1.000000
0.049868 -0.004377 -0.086568 0.000000 0.005773 0.099819 -0.001722 -0.036644 0.086486 -0.004139 0.050030 0.000000 0.000000 0.000000 0.000000 1.000000
0.053549 -0.001084 -0.084447 0.000000 0.003434 0.099937 0.000895 -0.047518 0.084384 -0.003379 0.053552 0.000000 0.000000 0.000000 0.000000 1.000000
0.061943 0.002678 -0.078460 0.000000 0.000119 0.099939 0.003505 -0.060054 0.078506 -0.002264 0.061901 0.000000 0.000000 0.000000 0.000000 1.000000
0.073569 0.005797 -0.067483 0.000000 -0.003732 0.099829 0.004507 -0.070011 0.067629 -0.000797 0.073659 0.000000 0.000000 0.000000 0.000000 1.000000
0.085641 0.007290 -0.051114 0.000000 -0.006882 0.099727 0.002691 -0.075333 0.051170 0.001213 0.085908 0.000000 0.000000 0.000000 0.000000 1.000000
0.094459 0.007150 -0.032039 0.000000 -0.007863 0.099686 -0.000935 -0.076698 0.031872 0.003403 0.094724 0.000000 0.000000 0.000000 0.000000 1.000000
0.098958 0.005660 -0.013236 0.000000 -0.006375 0.099669 -0.005045 -0.075098 0.012907 0.005836 0.098992 0.000000 0.000000 0.000000 0.000000 1.000000
0.099864 0.003933 0.003412 0.000000 -0.003600 0.099498 -0.009337 -0.071707 -0.003762 0.009201 0.099505 0.000000 0.000000 0.000000 0.000000 1.000000
0.098060 0.005256 0.018883 0.000000 -0.002385 0.098822 -0.015118 -0.063454 -0.019455 0.014374 0.097031 0.000000 0.000000 0.000000 0.000000 1.000000
0.092986 0.010786 0.035173 0.000000 -0.002706 0.097352 -0.022700 -0.053726 -0.036690 0.020156 0.090816 0.000000 0.000000 0.000000 0.000000 1.000000
0.083255 0.019018 0.052028 0.000000 -0.002783 0.095239 -0.030360 -0.041188 -0.055325 0.023828 0.079820 0.000000 0.000000 0.000000 0.000000 1.000000
0.066657 0.028988 0.068677 0.000000 -0.002023 0.092799 -0.037206 -0.025386 -0.074517 0.023411 0.062443 0.000000 0.000000 0.000000 0.000000 1.000000
0.044599 0.037112 0.081447 0.000000 0.000049 0.090989 -0.041486 -0.010324 -0.089504 0.018542 0.040562 0.000000 0.000000 0.000000 0.000000 1.000000
0.021471 0.039142 0.089481 0.000000 0.002384 0.091380 -0.040545 -0.004446 -0.097638 0.010839 0.018688 0.000000 0.000000 0.000000 0.000000 1.000000
-0.004166 0.092845 -0.036910 0.000000 0.005919 -0.036648 -0.092854 -0.002613 -0.099737 -0.006053 -0.003969 0.000000 0.000000 0.000000 0.000000 1.000000
-0.020955 0.033260 0.091949 0.000000 0.000315 0.094059 -0.033952 0.001325 -0.097779 -0.006825 -0.019815 0.000000 0.000000 0.000000 0.000000 1.000000
-0.000059 -0.093685 0.034974 0.000000 -0.035981 0.032651 0.087403 0.010416 -0.093303 -0.012533 -0.033728 0.000000 0.000000 0.000000 0.000000 1.000000
-0.045147 0.035892 0.081691 0.000000 0.002405 0.092009 -0.039096 0.020447 -0.089196 -0.015686 -0.042403 0.000000 0.000000 0.000000 0.000000 1.000000
-0.048522 0.041822 0.076789 0.000000 0.006506 0.089303 -0.044527 0.028095 -0.087197 -0.016609 -0.046053 0.000000 0.000000 0.000000 0.000000 1.000000
-0.047647 0.047909 0.073720 0.000000 0.010416 0.086334 -0.049375 0.031176 -0.087300 -0.015847 -0.046126 0.000000 0.000000 0.000000 0.000000 1.000000
-0.044939 0.051422 0.073049 0.000000 0.013160 0.084691 -0.051520 0.024393 -0.088358 -0.013540 -0.044827 0.000000 0.000000 0.000000 0.000000 1.000000
-0.042668 0.051832 0.074114 0.000000 0.015528 0.084929 -0.050457 0.008019 -0.089097 -0.010021 -0.044286 0.000000 0.000000 0.000000 0.000000 1.000000
-0.040818 0.049572 0.076659 0.000000 0.018113 0.086701 -0.046421 -0.017633 -0.089476 -0.005062 -0.044368 0.000000 0.000000 0.000000 0.000000 1.000000
-0.037800 0.045483 0.080638 0.000000 0.020428 0.089051 -0.040653 -0.045977 -0.090299 0.001106 -0.042952 0.000000 0.000000 0.000000 0.000000 1.000000
-0.029558 0.040508 0.086518 0.000000 0.021345 0.091076 -0.035350 -0.067336 -0.093117 0.008018 -0.035566 0.000000 0.000000 0.000000 0.000000 1.000000
-0.012595 0.034954 0.092841 0.000000 0.020762 0.092443 -0.031987 -0.080950 -0.097007 0.015247 -0.018900 0.000000 0.000000 0.000000 0.000000 1.000000
0.012088 0.028349 0.095133 0.000000 0.017419 0.093743 -0.030148 -0.088499 -0.097726 0.020215 0.006394 0.000000 0.000000 0.000000 0.000000 1.000000
0.041858 0.021516 0.088232 0.000000 0.009089 0.095673 -0.027642 -0.092134 -0.090362 0.019590 0.038091 0.000000 0.000000 0.000000 0.000000 1.000000
0.067521 0.014652 0.072292 0.000000 0.005531 0.096726 -0.024770 -0.092344 -0.073555 0.020724 0.064500 0.000000 0.000000 0.000000 0.000000 1.000000
0.083502 0.008965 0.054288 0.000000 0.004417 0.097253 -0.022855 -0.087016 -0.054845 0.021482 0.080812 0.000000 0.000000 0.000000 0.000000 1.000000
0.091312 0.005303 0.040422 0.000000 0.004264 0.097364 -0.022406 -0.079011 -0.040545 0.022183 0.088679 0.000000 0.000000 0.000000 0.000000 1.000000
0.094983 0.003910 0.031031 0.000000 0.003221 0.097465 -0.022141 -0.071643 -0.031110 0.022030 0.092449 0.000000 0.000000 0.000000 0.000000 1.000000
0.098057 0.003406 0.019321 0.000000 0.000541 0.097975 -0.020018 -0.065189 -0.019612 0.019733 0.096052 0.000000 0.000000 0.000000 0.000000 1.000000
0.099966 0.002556 -0.000482 0.000000 -0.002599 0.098853 -0.014875 -0.060249 0.000097 0.014882 0.098886 0.000000 0.000000 0.000000 0.000000 1.000000
0.095694 0.001656 -0.028984 0.000000 -0.003841 0.099682 -0.006986 -0.056100 0.028776 0.007798 0.095453 0.000000 0.000000 0.000000 0.000000 1.000000
0.079641 0.002155 -0.060437 0.000000 -0.002122 0.099975 0.000768 -0.052632 0.060438 0.000671 0.079667 0.000000 0.000000 0.000000 0.000000 1.000000
0.051291 0.002966 -0.085793 0.000000 0.002385 0.099852 0.004878 -0.046900 0.085811 -0.004548 0.051145 0.000000 0.000000 0.000000 0.000000 1.000000
0.014281 0.003166 -0.098925 0.000000 0.012794 0.099051 0.005018 -0.036748 0.098144 -0.013373 0.013740 0.000000 0.000000 0.000000 0.000000 1.000000
-0.016748 0.003641 -0.098520 0.000000 0.014458 0.098942 0.001198 -0.021649 0.097521 -0.014044 -0.017098 0.000000 0.000000 0.000000 0.000000 1.000000
-0.048967 0.002106 -0.087165 0.000000 0.009819 0.099468 -0.003113 -0.006557 0.086636 -0.010083 -0.048913 0.000000 0.000000 0.000000 0.000000 1.000000
-0.071344 0.000232 -0.070071 0.000000 0.009214 0.099162 -0.009053 0.003513 0.069463 -0.012915 -0.070768 0.000000 0.000000 0.000000 0.000000 1.000000
-0.086078 -0.000490 -0.050895 0.000000 0.008331 0.098511 -0.015038 0.010551 0.050211 -0.017184 -0.084756 0.000000 0.000000 0.000000 0.000000 1.000000
-0.094805 0.001207 -0.031790 0.000000 0.008132 0.097527 -0.020551 0.013814 0.030756 -0.022069 -0.092558 0.000000 0.000000 0.000000 0.000000 1.000000
-0.099134 0.004731 -0.012248 0.000000 0.007724 0.096448 -0.025261 0.015736 0.010618 -0.025988 -0.095979 0.000000 0.000000 0.000000 0.000000 1.000000
-0.099118 0.009013 0.009712 0.000000 0.005921 0.095702 -0.028392 0.016532 -0.011853 -0.027566 -0.095392 0.000000 0.000000 0.000000 0.000000 1.000000
-0.093286 0.012528 0.033774 0.000000 0.002281 0.095624 -0.029169 0.015403 -0.035951 -0.026441 -0.089490 0.000000 0.000000 0.000000 0.000000 1.000000
0.002279 -0.096352 0.026665 0.000000 -0.080666 0.013984 0.057423 0.010628 -0.059058 -0.022818 -0.077405 0.000000 0.000000 0.000000 0.000000 1.000000
-0.062174 0.012733 0.077281 0.000000 -0.005718 0.097668 -0.020693 -0.000487 -0.078114 -0.017284 -0.059996 0.000000 0.000000 0.000000 0.000000 1.000000
-0.040458 0.007934 0.091106 0.000000 -0.008755 0.098829 -0.012495 -0.012841 -0.091030 -0.013032 -0.039290 0.000000 0.000000 0.000000 0.000000 1.000000
-0.016811 0.001412 0.098567 0.000000 -0.012261 0.099183 -0.003512 -0.023526 -0.097812 -0.012676 -0.016501 0.000000 0.000000 0.000000 0.000000 1.000000
0.006236 -0.004468 0.099705 0.000000 -0.013862 0.098892 0.005298 -0.030516 -0.098838 -0.014151 0.005547 0.000000 0.000000 0.000000 0.000000 1.000000
0.030546 -0.008179 0.094869 0.000000 -0.011642 0.098562 0.012246 -0.031355 -0.094506 -0.014785 0.029154 0.000000 0.000000 0.000000 0.000000 1.000000
0.054233 -0.007799 0.083654 0.000000 -0.011080 0.098035 0.016323 -0.027418 -0.083282 -0.018121 0.052304 0.000000 0.000000 0.000000 0.000000 1.000000
0.075140 -0.005742 0.065734 0.000000 -0.007915 0.098117 0.017618 -0.022357 -0.065508 -0.018441 0.073271 0.000000 0.000000 0.000000 0.000000 1.000000
0.090056 -0.003410 0.043341 0.000000 -0.004302 0.098504 0.016688 -0.016526 -0.043262 -0.016893 0.088561 0.000000 0.000000 0.000000 0.000000 1.000000
0.097771 -0.001600 0.020934 0.000000 -0.001606 0.098847 0.015054 -0.009696 -0.020934 -0.015055 0.096618 0.000000 0.000000 0.000000 0.000000 1.000000
0.099936 -0.001288 0.003327 0.000000 0.000803 0.098982 0.014207 -0.005395 -0.003476 -0.014172 0.098930 0.000000 0.000000 0.000000 0.000000 1.000000
0.099554 -0.002392 -0.009123 0.000000 0.003669 0.098933 0.014096 -0.002883 0.008689 -0.014368 0.098580 0.000000 0.000000 0.000000 0.000000 1.000000
0.098431 -0.004162 -0.017145 0.000000 0.006693 0.098723 0.014455 -0.001101 0.016325 -0.015375 0.097453 0.000000 0.000000 0.000000 0.000000 1.000000
0.097387 -0.005693 -0.021987 0.000000 0.009125 0.098458 0.014923 0.000187 0.020798 -0.016539 0.096405 0.000000 0.000000 0.000000 0.000000 1.000000
0.096684 -0.006354 -0.024738 0.000000 0.010335 0.098305 0.015142 0.000037 0.023356 -0.017197 0.095701 0.000000 0.000000 0.000000 0.000000 1.000000
0.096207 -0.006208 -0.026565 0.000000 0.010492 0.098306 0.015026 0.000174 0.025182 -0.017243 0.095229 0.000000 0.000000 0.000000 0.000000 1.000000
0.095886 -0.005503 -0.027850 0.000000 0.009911 0.098419 0.014675 -0.000673 0.026603 -0.016832 0.094916 0.000000 0.000000 0.000000 0.000000 1.000000
0.095631 -0.004542 -0.028879 0.000000 0.008952 0.098590 0.014139 -0.003964 0.027830 -0.016107 0.094689 0.000000 0.000000 0.000000 0.000000 1.000000
0.095383 -0.003135 -0.029870 0.000000 0.007338 0.098872 0.013055 -0.010612 0.029124 -0.014645 0.094537 0.000000 0.000000 0.000000 0.000000 1.000000
0.095066 -0.001677 -0.030978 0.000000 0.005384 0.099231 0.011152 -0.018745 0.030553 -0.012269 0.094424 0.000000 0.000000 0.000000 0.000000 1.000000
0.094746 -0.000585 -0.031980 0.000000 0.003417 0.099596 0.008300 -0.027826 0.031803 -0.008957 0.094384 0.000000 0.000000 0.000000 0.000000 1.000000
0.094612 -0.000097 -0.032381 0.000000 0.001709 0.099875 0.004693 -0.036876 0.032336 -0.004994 0.094496 0.000000 0.000000 0.000000 0.000000 1.000000
0.094836 -0.000813 -0.031711 0.000000 0.001191 0.099988 0.000998 -0.042908 0.031699 -0.001324 0.094834 0.000000 0.000000 0.000000 0.000000 1.000000
0.095287 -0.001536 -0.030299 0.000000 0.000888 0.099970 -0.002275 -0.042492 0.030325 0.001899 0.095272 0.000000 0.000000 0.000000 0.000000 1.000000
0.095770 -0.001908 -0.028713 0.000000 0.000524 0.099879 -0.004888 -0.037608 0.028771 0.004531 0.095665 0.000000 0.000000 0.000000 0.000000 1.000000
0.096094 -0.001877 -0.027611 0.000000 -0.000010 0.099767 -0.006818 -0.030954 0.027675 0.006554 0.095870 0.000000 0.000000 0.000000 0.000000 1.000000</float_array>
          <technique_common>
            <accessor source="#Geralt-Matrix-animation-output-transform-array" count="85" stride="16">
              <param type="float4x4"/>
            </accessor>
          </technique_common>
        </source>
        <source id="Geralt-Interpolations">
          <Name_array id="Geralt-Interpolations-array" count="85">
 LINEAR LINEAR LINEAR LINEAR LINEAR LINEAR LINEAR LINEAR LINEAR LINEAR LINEAR
LINEAR LINEAR LINEAR LINEAR LINEAR LINEAR LINEAR LINEAR LINEAR LINEAR LINEAR LINEAR
LINEAR LINEAR LINEAR LINEAR LINEAR LINEAR LINEAR LINEAR LINEAR LINEAR LINEAR LINEAR
LINEAR LINEAR LINEAR LINEAR LINEAR LINEAR LINEAR LINEAR LINEAR LINEAR LINEAR LINEAR
LINEAR LINEAR LINEAR LINEAR LINEAR LINEAR LINEAR LINEAR LINEAR LINEAR LINEAR LINEAR
LINEAR LINEAR LINEAR LINEAR LINEAR LINEAR LINEAR LINEAR LINEAR LINEAR LINEAR LINEAR
LINEAR LINEAR LINEAR LINEAR LINEAR LINEAR LINEAR LINEAR LINEAR LINEAR LINEAR LINEAR
LINEAR LINEAR</Name_array>
          <technique_common>
            <accessor source="#Geralt-Interpolations-array" count="85">
              <param type="name"/>
            </accessor>
          </technique_common>
        </source>
        <sampler id="Geralt-Matrix-animation-transform">
          <input semantic="INPUT" source="#Geralt-Matrix-animation-input"/>
          <input semantic="OUTPUT" source="#Geralt-Matrix-animation-output-transform"/>
          <input semantic="INTERPOLATION" source="#Geralt-Interpolations"/>
        </sampler>
        <channel source="#Geralt-Matrix-animation-transform" target="Geralt/matrix"/>
      </animation>
    </animation>
    <animation id="mixamorig_Hips-anim" name="mixamorig_Hips">
      <animation>
        <source id="mixamorig_Hips-Matrix-animation-input">
          <float_array id="mixamorig_Hips-Matrix-animation-input-array" count="85">

0.000000 0.041667 0.083333 0.125000 0.166667 0.208333 0.250000 0.291667 0.333333 0.375000 0.416667 0.458333 0.500000 0.541667 0.583333 0.625000
0.666667 0.708333 0.750000 0.791667 0.833333 0.875000 0.916667 0.958333 1.000000 1.041667 1.083333 1.125000 1.166667 1.208333 1.250000 1.291667
1.333333 1.375000 1.416667 1.458333 1.500000 1.541667 1.583333 1.625000 1.666667 1.708333 1.750000 1.791667 1.833333 1.875000 1.916667 1.958333
2.000000 2.041667 2.083333 2.125000 2.166667 2.208333 2.250000 2.291667 2.333333 2.375000 2.416667 2.458333 2.500000 2.541667 2.583333 2.625000
2.666667 2.708333 2.750000 2.791667 2.833333 2.875000 2.916667 2.958333 3.000000 3.041667 3.083333 3.125000 3.166667 3.208333 3.250000 3.291667
3.333333 3.375000 3.416667 3.458333 3.500000</float_array>
          <technique_common>
            <accessor source="#mixamorig_Hips-Matrix-animation-input-array" count="85">
              <param name="TIME" type="float"/>
            </accessor>
          </technique_common>
        </source>
        <source id="mixamorig_Hips-Matrix-animation-output-transform">
          <float_array id="mixamorig_Hips-Matrix-animation-output-transform-array" count="1360">

-0.994733 0.002958 -0.102461 -0.079300 -0.006107 0.996097 0.088049 3.696700 0.102322 0.088211 -0.990832 0.497700 0.000000 0.000000 0.000000 1.000000
-0.994733 0.002958 -0.102461 -0.079300 -0.006107 0.996097 0.088049 3.696700 0.102322 0.088211 -0.990832 0.497700 0.000000 0.000000 0.000000 1.000000
-0.994733 0.002958 -0.102461 -0.079300 -0.006107 0.996097 0.088049 3.696700 0.102322 0.088211 -0.990832 0.497700 0.000000 0.000000 0.000000 1.000000
-0.994733 0.002958 -0.102461 -0.079300 -0.006107 0.996097 0.088049 3.696700 0.102322 0.088211 -0.990832 0.497700 0.000000 0.000000 0.000000 1.000000
-0.994733 0.002958 -0.102461 -0.079300 -0.006107 0.996097 0.088049 3.696700 0.102322 0.088211 -0.990832 0.497700 0.000000 0.000000 0.000000 1.000000
-0.994733 0.002958 -0.102461 -0.079300 -0.006107 0.996097 0.088049 3.696700 0.102322 0.088211 -0.990832 0.497700 0.000000 0.000000 0.000000 1.000000
-0.994733 0.002958 -0.102461 -0.079300 -0.006107 0.996097 0.088049 3.696700 0.102322 0.088211 -0.990832 0.497700 0.000000 0.000000 0.000000 1.000000
-0.994733 0.002958 -0.102461 -0.079300 -0.006107 0.996097 0.088049 3.696700 0.102322 0.088211 -0.990832 0.497700 0.000000 0.000000 0.000000 1.000000
-0.994733 0.002958 -0.102461 -0.079300 -0.006107 0.996097 0.088049 3.696700 0.102322 0.088211 -0.990832 0.497700 0.000000 0.000000 0.000000 1.000000
-0.994733 0.002958 -0.102461 -0.079300 -0.006107 0.996097 0.088049 3.696700 0.102322 0.088211 -0.990832 0.497700 0.000000 0.000000 0.000000 1.000000
-0.994733 0.002958 -0.102461 -0.079300 -0.006107 0.996097 0.088049 3.696700 0.102322 0.088211 -0.990832 0.497700 0.000000 0.000000 0.000000 1.000000
-0.994733 0.002958 -0.102461 -0.079300 -0.006107 0.996097 0.088049 3.696700 0.102322 0.088211 -0.990832 0.497700 0.000000 0.000000 0.000000 1.000000
-0.994733 0.002958 -0.102461 -0.079300 -0.006107 0.996097 0.088049 3.696700 0.102322 0.088211 -0.990832 0.497700 0.000000 0.000000 0.000000 1.000000
-0.994733 0.002958 -0.102461 -0.079300 -0.006107 0.996097 0.088049 3.696700 0.102322 0.088211 -0.990832 0.497700 0.000000 0.000000 0.000000 1.000000
-0.994733 0.002958 -0.102461 -0.079300 -0.006107 0.996097 0.088049 3.696700 0.102322 0.088211 -0.990832 0.497700 0.000000 0.000000 0.000000 1.000000
-0.994733 0.002958 -0.102461 -0.079300 -0.006107 0.996097 0.088049 3.696700 0.102322 0.088211 -0.990832 0.497700 0.000000 0.000000 0.000000 1.000000
-0.994733 0.002958 -0.102461 -0.079300 -0.006107 0.996097 0.088049 3.696700 0.102322 0.088211 -0.990832 0.497700 0.000000 0.000000 0.000000 1.000000
-0.994733 0.002958 -0.102461 -0.079300 -0.006107 0.996097 0.088049 3.696700 0.102322 0.088211 -0.990832 0.497700 0.000000 0.000000 0.000000 1.000000
-0.994733 0.002958 -0.102461 -0.079300 -0.006107 0.996097 0.088049 3.696700 0.102322 0.088211 -0.990832 0.497700 0.000000 0.000000 0.000000 1.000000
-0.994733 0.002958 -0.102461 -0.079300 -0.006107 0.996097 0.088049 3.696700 0.102322 0.088211 -0.990832 0.497700 0.000000 0.000000 0.000000 1.000000
-0.994733 0.002958 -0.102461 -0.079300 -0.006107 0.996097 0.088049 3.696700 0.102322 0.088211 -0.990832 0.497700 0.000000 0.000000 0.000000 1.000000
-0.994733 0.002958 -0.102461 -0.079300 -0.006107 0.996097 0.088049 3.696700 0.102322 0.088211 -0.990832 0.497700 0.000000 0.000000 0.000000 1.000000
-0.994733 0.002958 -0.102461 -0.079300 -0.006107 0.996097 0.088049 3.696700 0.102322 0.088211 -0.990832 0.497700 0.000000 0.000000 0.000000 1.000000
-0.994733 0.002958 -0.102461 -0.079300 -0.006107 0.996097 0.088049 3.696700 0.102322 0.088211 -0.990832 0.497700 0.000000 0.000000 0.000000 1.000000
-0.994733 0.002958 -0.102461 -0.079300 -0.006107 0.996097 0.088049 3.696700 0.102322 0.088211 -0.990832 0.497700 0.000000 0.000000 0.000000 1.000000
-0.994733 0.002958 -0.102461 -0.079300 -0.006107 0.996097 0.088049 3.696700 0.102322 0.088211 -0.990832 0.497700 0.000000 0.000000 0.000000 1.000000
-0.994733 0.002958 -0.102461 -0.079300 -0.006107 0.996097 0.088049 3.696700 0.102322 0.088211 -0.990832 0.497700 0.000000 0.000000 0.000000 1.000000
-0.994733 0.002958 -0.102461 -0.079300 -0.006107 0.996097 0.088049 3.696700 0.102322 0.088211 -0.990832 0.497700 0.000000 0.000000 0.000000 1.000000
-0.994733 0.002958 -0.102461 -0.079300 -0.006107 0.996097 0.088049 3.696700 0.102322 0.088211 -0.990832 0.497700 0.000000 0.000000 0.000000 1.000000
-0.994733 0.002958 -0.102461 -0.079300 -0.006107 0.996097 0.088049 3.696700 0.102322 0.088211 -0.990832 0.497700 0.000000 0.000000 0.000000 1.000000
-0.994733 0.002958 -0.102461 -0.079300 -0.006107 0.996097 0.088049 3.696700 0.102322 0.088211 -0.990832 0.497700 0.000000 0.000000 0.000000 1.000000
-0.994733 0.002958 -0.102461 -0.079300 -0.006107 0.996097 0.088049 3.696700 0.102322 0.088211 -0.990832 0.497700 0.000000 0.000000 0.000000 1.000000
-0.994733 0.002958 -0.102461 -0.079300 -0.006107 0.996097 0.088049 3.696700 0.102322 0.088211 -0.990832 0.497700 0.000000 0.000000 0.000000 1.000000
-0.994733 0.002958 -0.102461 -0.079300 -0.006107 0.996097 0.088049 3.696700 0.102322 0.088211 -0.990832 0.497700 0.000000 0.000000 0.000000 1.000000
-0.994733 0.002958 -0.102461 -0.079300 -0.006107 0.996097 0.088049 3.696700 0.102322 0.088211 -0.990832 0.497700 0.000000 0.000000 0.000000 1.000000
-0.994733 0.002958 -0.102461 -0.079300 -0.006107 0.996097 0.088049 3.696700 0.102322 0.088211 -0.990832 0.497700 0.000000 0.000000 0.000000 1.000000
-0.994733 0.002958 -0.102461 -0.079300 -0.006107 0.996097 0.088049 3.696700 0.102322 0.088211 -0.990832 0.497700 0.000000 0.000000 0.000000 1.000000
-0.994733 0.002958 -0.102461 -0.079300 -0.006107 0.996097 0.088049 3.696700 0.102322 0.088211 -0.990832 0.497700 0.000000 0.000000 0.000000 1.000000
-0.994733 0.002958 -0.102461 -0.079300 -0.006107 0.996097 0.088049 3.696700 0.102322 0.088211 -0.990832 0.497700 0.000000 0.000000 0.000000 1.000000
-0.994733 0.002958 -0.102461 -0.079300 -0.006107 0.996097 0.088049 3.696700 0.102322 0.088211 -0.990832 0.497700 0.000000 0.000000 0.000000 1.000000
-0.994733 0.002958 -0.102461 -0.079300 -0.006107 0.996097 0.088049 3.696700 0.102322 0.088211 -0.990832 0.497700 0.000000 0.000000 0.000000 1.000000
-0.994733 0.002958 -0.102461 -0.079300 -0.006107 0.996097 0.088049 3.696700 0.102322 0.088211 -0.990832 0.497700 0.000000 0.000000 0.000000 1.000000
-0.994733 0.002958 -0.102461 -0.079300 -0.006107 0.996097 0.088049 3.696700 0.102322 0.088211 -0.990832 0.497700 0.000000 0.000000 0.000000 1.000000
-0.994733 0.002958 -0.102461 -0.079300 -0.006107 0.996097 0.088049 3.696700 0.102322 0.088211 -0.990832 0.497700 0.000000 0.000000 0.000000 1.000000
-0.994733 0.002958 -0.102461 -0.079300 -0.006107 0.996097 0.088049 3.696700 0.102322 0.088211 -0.990832 0.497700 0.000000 0.000000 0.000000 1.000000
-0.994733 0.002958 -0.102461 -0.079300 -0.006107 0.996097 0.088049 3.696700 0.102322 0.088211 -0.990832 0.497700 0.000000 0.000000 0.000000 1.000000
-0.994733 0.002958 -0.102461 -0.079300 -0.006107 0.996097 0.088049 3.696700 0.102322 0.088211 -0.990832 0.497700 0.000000 0.000000 0.000000 1.000000
-0.994733 0.002958 -0.102461 -0.079300 -0.006107 0.996097 0.088049 3.696700 0.102322 0.088211 -0.990832 0.497700 0.000000 0.000000 0.000000 1.000000
-0.994733 0.002958 -0.102461 -0.079300 -0.006107 0.996097 0.088049 3.696700 0.102322 0.088211 -0.990832 0.497700 0.000000 0.000000 0.000000 1.000000
-0.994733 0.002958 -0.102461 -0.079300 -0.006107 0.996097 0.088049 3.696700 0.102322 0.088211 -0.990832 0.497700 0.000000 0.000000 0.000000 1.000000
-0.994733 0.002958 -0.102461 -0.079300 -0.006107 0.996097 0.088049 3.696700 0.102322 0.088211 -0.990832 0.497700 0.000000 0.000000 0.000000 1.000000
-0.994733 0.002958 -0.102461 -0.079300 -0.006107 0.996097 0.088049 3.696700 0.102322 0.088211 -0.990832 0.497700 0.000000 0.000000 0.000000 1.000000
-0.994733 0.002958 -0.102461 -0.079300 -0.006107 0.996097 0.088049 3.696700 0.102322 0.088211 -0.990832 0.497700 0.000000 0.000000 0.000000 1.000000
-0.994733 0.002958 -0.102461 -0.079300 -0.006107 0.996097 0.088049 3.696700 0.102322 0.088211 -0.990832 0.497700 0.000000 0.000000 0.000000 1.000000
-0.994733 0.002958 -0.102461 -0.079300 -0.006107 0.996097 0.088049 3.696700 0.102322 0.088211 -0.990832 0.497700 0.000000 0.000000 0.000000 1.000000
-0.994733 0.002958 -0.102461 -0.079300 -0.006107 0.996097 0.088049 3.696700 0.102322 0.088211 -0.990832 0.497700 0.000000 0.000000 0.000000 1.000000
-0.994733 0.002958 -0.102461 -0.079300 -0.006107 0.996097 0.088049 3.696700 0.102322 0.088211 -0.990832 0.497700 0.000000 0.000000 0.000000 1.000000
-0.994733 0.002958 -0.102461 -0.079300 -0.006107 0.996097 0.088049 3.696700 0.102322 0.088211 -0.990832 0.497700 0.000000 0.000000 0.000000 1.000000
-0.994733 0.002958 -0.102461 -0.079300 -0.006107 0.996097 0.088049 3.696700 0.102322 0.088211 -0.990832 0.497700 0.000000 0.000000 0.000000 1.000000
-0.994733 0.002958 -0.102461 -0.079300 -0.006107 0.996097 0.088049 3.696700 0.102322 0.088211 -0.990832 0.497700 0.000000 0.000000 0.000000 1.000000
-0.994733 0.002958 -0.102461 -0.079300 -0.006107 0.996097 0.088049 3.696700 0.102322 0.088211 -0.990832 0.497700 0.000000 0.000000 0.000000 1.000000
-0.994733 0.002958 -0.102461 -0.079300 -0.006107 0.996097 0.088049 3.696700 0.102322 0.088211 -0.990832 0.497700 0.000000 0.000000 0.000000 1.000000
-0.994733 0.002958 -0.102461 -0.079300 -0.006107 0.996097 0.088049 3.696700 0.102322 0.088211 -0.990832 0.497700 0.000000 0.000000 0.000000 1.000000
-0.994733 0.002958 -0.102461 -0.079300 -0.006107 0.996097 0.088049 3.696700 0.102322 0.088211 -0.990832 0.497700 0.000000 0.000000 0.000000 1.000000
-0.994733 0.002958 -0.102461 -0.079300 -0.006107 0.996097 0.088049 3.696700 0.102322 0.088211 -0.990832 0.497700 0.000000 0.000000 0.000000 1.000000
-0.994733 0.002958 -0.102461 -0.079300 -0.006107 0.996097 0.088049 3.696700 0.102322 0.088211 -0.990832 0.497700 0.000000 0.000000 0.000000 1.000000
-0.994733 0.002958 -0.102461 -0.079300 -0.006107 0.996097 0.088049 3.696700 0.102322 0.088211 -0.990832 0.497700 0.000000 0.000000 0.000000 1.000000
-0.994733 0.002958 -0.102461 -0.079300 -0.006107 0.996097 0.088049 3.696700 0.102322 0.088211 -0.990832 0.497700 0.000000 0.000000 0.000000 1.000000
-0.994733 0.002958 -0.102461 -0.079300 -0.006107 0.996097 0.088049 3.696700 0.102322 0.088211 -0.990832 0.497700 0.000000 0.000000 0.000000 1.000000
-0.994733 0.002958 -0.102461 -0.079300 -0.006107 0.996097 0.088049 3.696700 0.102322 0.088211 -0.990832 0.497700 0.000000 0.000000 0.000000 1.000000
-0.994733 0.002958 -0.102461 -0.079300 -0.006107 0.996097 0.088049 3.696700 0.102322 0.088211 -0.990832 0.497700 0.000000 0.000000 0.000000 1.000000
-0.994733 0.002958 -0.102461 -0.079300 -0.006107 0.996097 0.088049 3.696700 0.102322 0.088211 -0.990832 0.497700 0.000000 0.000000 0.000000 1.000000
-0.994733 0.002958 -0.102461 -0.079300 -0.006107 0.996097 0.088049 3.696700 0.102322 0.088211 -0.990832 0.497700 0.000000 0.000000 0.000000 1.000000
-0.994733 0.002958 -0.102461 -0.079300 -0.006107 0.996097 0.088049 3.696700 0.102322 0.088211 -0.990832 0.497700 0.000000 0.000000 0.000000 1.000000
-0.994733 0.002958 -0.102461 -0.079300 -0.006107 0.996097 0.088049 3.696700 0.102322 0.088211 -0.990832 0.497700 0.000000 0.000000 0.000000 1.000000
-0.994733 0.002958 -0.102461 -0.079300 -0.006107 0.996097 0.088049 3.696700 0.102322 0.088211 -0.990832 0.497700 0.000000 0.000000 0.000000 1.000000
-0.994733 0.002958 -0.102461 -0.079300 -0.006107 0.996097 0.088049 3.696700 0.102322 0.088211 -0.990832 0.497700 0.000000 0.000000 0.000000 1.000000
-0.994733 0.002958 -0.102461 -0.079300 -0.006107 0.996097 0.088049 3.696700 0.102322 0.088211 -0.990832 0.497700 0.000000 0.000000 0.000000 1.000000
-0.994733 0.002958 -0.102461 -0.079300 -0.006107 0.996097 0.088049 3.696700 0.102322 0.088211 -0.990832 0.497700 0.000000 0.000000 0.000000 1.000000
-0.994733 0.002958 -0.102461 -0.079300 -0.006107 0.996097 0.088049 3.696700 0.102322 0.088211 -0.990832 0.497700 0.000000 0.000000 0.000000 1.000000
-0.994733 0.002958 -0.102461 -0.079300 -0.006107 0.996097 0.088049 3.696700 0.102322 0.088211 -0.990832 0.497700 0.000000 0.000000 0.000000 1.000000
-0.994733 0.002958 -0.102461 -0.079300 -0.006107 0.996097 0.088049 3.696700 0.102322 0.088211 -0.990832 0.497700 0.000000 0.000000 0.000000 1.000000
-0.994733 0.002958 -0.102461 -0.079300 -0.006107 0.996097 0.088049 3.696700 0.102322 0.088211 -0.990832 0.497700 0.000000 0.000000 0.000000 1.000000
-0.994733 0.002958 -0.102461 -0.079300 -0.006107 0.996097 0.088049 3.696700 0.102322 0.088211 -0.990832 0.497700 0.000000 0.000000 0.000000 1.000000
-0.994733 0.002958 -0.102461 -0.079300 -0.006107 0.996097 0.088049 3.696700 0.102322 0.088211 -0.990832 0.497700 0.000000 0.000000 0.000000 1.000000</float_array>
          <technique_common>
            <accessor source="#mixamorig_Hips-Matrix-animation-output-transform-array" count="85" stride="16">
              <param type="float4x4"/>
            </accessor>
          </technique_common>
        </source>
        <source id="mixamorig_Hips-Interpolations">
          <Name_array id="mixamorig_Hips-Interpolations-array" count="85">
 LINEAR LINEAR LINEAR LINEAR LINEAR LINEAR LINEAR LINEAR LINEAR LINEAR LINEAR
LINEAR LINEAR LINEAR LINEAR LINEAR LINEAR LINEAR LINEAR LINEAR LINEAR LINEAR LINEAR
LINEAR LINEAR LINEAR LINEAR LINEAR LINEAR LINEAR LINEAR LINEAR LINEAR LINEAR LINEAR
LINEAR LINEAR LINEAR LINEAR LINEAR LINEAR LINEAR LINEAR LINEAR LINEAR LINEAR LINEAR
LINEAR LINEAR LINEAR LINEAR LINEAR LINEAR LINEAR LINEAR LINEAR LINEAR LINEAR LINEAR
LINEAR LINEAR LINEAR LINEAR LINEAR LINEAR LINEAR LINEAR LINEAR LINEAR LINEAR LINEAR
LINEAR LINEAR LINEAR LINEAR LINEAR LINEAR LINEAR LINEAR LINEAR LINEAR LINEAR LINEAR
LINEAR LINEAR</Name_array>
          <technique_common>
            <accessor source="#mixamorig_Hips-Interpolations-array" count="85">
              <param type="name"/>
            </accessor>
          </technique_common>
        </source>
        <sampler id="mixamorig_Hips-Matrix-animation-transform">
          <input semantic="INPUT" source="#mixamorig_Hips-Matrix-animation-input"/>
          <input semantic="OUTPUT" source="#mixamorig_Hips-Matrix-animation-output-transform"/>
          <input semantic="INTERPOLATION" source="#mixamorig_Hips-Interpolations"/>
        </sampler>
        <channel source="#mixamorig_Hips-Matrix-animation-transform" target="mixamorig_Hips/matrix"/>
      </animation>
    </animation>
    <animation id="mixamorig_Spine-anim" name="mixamorig_Spine">
      <animation>
        <source id="mixamorig_Spine-Matrix-animation-input">
          <float_array id="mixamorig_Spine-Matrix-animation-input-array" count="85">

0.000000 0.041667 0.083333 0.125000 0.166667 0.208333 0.250000 0.291667 0.333333 0.375000 0.416667 0.458333 0.500000 0.541667 0.583333 0.625000
0.666667 0.708333 0.750000 0.791667 0.833333 0.875000 0.916667 0.958333 1.000000 1.041667 1.083333 1.125000 1.166667 1.208333 1.250000 1.291667
1.333333 1.375000 1.416667 1.458333 1.500000 1.541667 1.583333 1.625000 1.666667 1.708333 1.750000 1.791667 1.833333 1.875000 1.916667 1.958333
2.000000 2.041667 2.083333 2.125000 2.166667 2.208333 2.250000 2.291667 2.333333 2.375000 2.416667 2.458333 2.500000 2.541667 2.583333 2.625000
2.666667 2.708333 2.750000 2.791667 2.833333 2.875000 2.916667 2.958333 3.000000 3.041667 3.083333 3.125000 3.166667 3.208333 3.250000 3.291667
3.333333 3.375000 3.416667 3.458333 3.500000</float_array>
          <technique_common>
            <accessor source="#mixamorig_Spine-Matrix-animation-input-array" count="85">
              <param name="TIME" type="float"/>
            </accessor>
          </technique_common>
        </source>
        <source id="mixamorig_Spine-Matrix-animation-output-transform">
          <float_array id="mixamorig_Spine-Matrix-animation-output-transform-array" count="1360">

0.987598 0.026941 0.154675 -0.042100 -0.099753 0.868436 0.485662 0.746100 -0.121241 -0.495068 0.860354 0.157600 0.000000 0.000000 0.000000 1.000000
0.980166 0.043084 0.193438 -0.042100 -0.129740 0.877343 0.461993 0.746100 -0.149806 -0.477926 0.865531 0.157600 0.000000 0.000000 0.000000 1.000000
0.969082 0.067309 0.237378 -0.042100 -0.165062 0.891942 0.420944 0.746100 -0.183394 -0.447111 0.875476 0.157600 0.000000 0.000000 0.000000 1.000000
0.954627 0.102365 0.279659 -0.042100 -0.201346 0.913767 0.352830 0.746100 -0.219426 -0.393129 0.892918 0.157600 0.000000 0.000000 0.000000 1.000000
0.944992 0.138397 0.296371 -0.042100 -0.223433 0.934865 0.275871 0.746100 -0.238887 -0.326915 0.914363 0.157600 0.000000 0.000000 0.000000 1.000000
0.952140 0.167687 0.255559 -0.042100 -0.224958 0.950472 0.214471 0.746100 -0.206938 -0.261697 0.942704 0.157600 0.000000 0.000000 0.000000 1.000000
0.970805 0.184827 0.152899 -0.042100 -0.211791 0.959723 0.184600 0.746100 -0.112621 -0.211593 0.970847 0.157600 0.000000 0.000000 0.000000 1.000000
0.982031 0.188720 -0.000188 -0.042100 -0.185337 0.964614 0.187539 0.746100 0.035573 -0.184134 0.982257 0.157600 0.000000 0.000000 0.000000 1.000000
0.968171 0.182776 -0.170991 -0.042100 -0.145216 0.966634 0.211025 0.746100 0.203856 -0.179478 0.962409 0.157600 0.000000 0.000000 0.000000 1.000000
0.935442 0.169057 -0.310430 -0.042100 -0.095542 0.966453 0.238413 0.746100 0.340322 -0.193363 0.920213 0.157600 0.000000 0.000000 0.000000 1.000000
0.906571 0.153664 -0.393086 -0.042100 -0.051952 0.964911 0.257386 0.746100 0.418844 -0.212917 0.882743 0.157600 0.000000 0.000000 0.000000 1.000000
0.899462 0.141936 -0.413307 -0.042100 -0.028839 0.963002 0.267948 0.746100 0.436047 -0.229090 0.870276 0.157600 0.000000 0.000000 0.000000 1.000000
0.914127 0.136748 -0.381670 -0.042100 -0.030206 0.961755 0.272240 0.746100 0.404301 -0.237333 0.883297 0.157600 0.000000 0.000000 0.000000 1.000000
0.937755 0.134745 -0.320093 -0.042100 -0.046656 0.962190 0.268355 0.746100 0.344150 -0.236717 0.908584 0.157600 0.000000 0.000000 0.000000 1.000000
0.957228 0.131308 -0.257823 -0.042100 -0.063045 0.964336 0.257062 0.746100 0.282383 -0.229812 0.931368 0.157600 0.000000 0.000000 0.000000 1.000000
0.971522 0.118680 -0.205085 -0.042100 -0.067592 0.968371 0.240187 0.746100 0.227104 -0.219485 0.948815 0.157600 0.000000 0.000000 0.000000 1.000000
0.983359 0.087629 -0.159143 -0.042100 -0.050542 0.973357 0.223654 0.746100 0.174501 -0.211889 0.961588 0.157600 0.000000 0.000000 0.000000 1.000000
0.993985 0.033594 -0.104231 -0.042100 -0.010080 0.975812 0.218379 0.746100 0.109046 -0.216015 0.970282 0.157600 0.000000 0.000000 0.000000 1.000000
0.998628 -0.043222 -0.029546 -0.042100 0.048952 0.970977 0.234109 0.746100 0.018570 -0.235235 0.971761 0.157600 0.000000 0.000000 0.000000 1.000000
0.987895 -0.141206 0.064213 -0.042100 0.118288 0.953548 0.277046 0.746100 -0.100351 -0.266097 0.958709 0.157600 0.000000 0.000000 0.000000 1.000000
0.953986 -0.252719 0.161380 -0.042100 0.185189 0.919865 0.345765 0.746100 -0.235829 -0.299969 0.924340 0.157600 0.000000 0.000000 0.000000 1.000000
0.909877 -0.340527 0.236992 -0.042100 0.221324 0.881563 0.416969 0.746100 -0.350912 -0.326938 0.877481 0.157600 0.000000 0.000000 0.000000 1.000000
0.878480 -0.387903 0.278933 -0.042100 0.228890 0.854143 0.466956 0.746100 -0.419382 -0.346367 0.839135 0.157600 0.000000 0.000000 0.000000 1.000000
0.872326 -0.390014 0.294848 -0.042100 0.206493 0.840520 0.500886 0.746100 -0.443179 -0.376052 0.813743 0.157600 0.000000 0.000000 0.000000 1.000000
0.897203 -0.336582 0.285902 -0.042100 0.154821 0.846035 0.510153 0.746100 -0.413591 -0.413447 0.811175 0.157600 0.000000 0.000000 0.000000 1.000000
0.929534 -0.242051 0.278169 -0.042100 0.069702 0.856125 0.512047 0.746100 -0.362089 -0.456576 0.812668 0.157600 0.000000 0.000000 0.000000 1.000000
0.947346 -0.128157 0.293448 -0.042100 -0.049676 0.846504 0.530059 0.746100 -0.316336 -0.516726 0.795566 0.157600 0.000000 0.000000 0.000000 1.000000
0.941639 0.003919 0.336602 -0.042100 -0.197315 0.816570 0.542476 0.746100 -0.272734 -0.577233 0.769687 0.157600 0.000000 0.000000 0.000000 1.000000
0.910700 0.136325 0.389923 -0.042100 -0.343737 0.773582 0.532368 0.746100 -0.229062 -0.618859 0.751362 0.157600 0.000000 0.000000 0.000000 1.000000
0.873675 0.233092 0.427035 -0.042100 -0.445094 0.737342 0.508151 0.746100 -0.196425 -0.634030 0.747946 0.157600 0.000000 0.000000 0.000000 1.000000
0.850562 0.278805 0.445884 -0.042100 -0.493816 0.714974 0.494932 0.746100 -0.180806 -0.641155 0.745808 0.157600 0.000000 0.000000 0.000000 1.000000
0.845298 0.277531 0.456562 -0.042100 -0.502281 0.704112 0.501936 0.746100 -0.182168 -0.653607 0.734583 0.157600 0.000000 0.000000 0.000000 1.000000
0.848303 0.246142 0.468824 -0.042100 -0.491720 0.694672 0.525016 0.746100 -0.196450 -0.675903 0.710325 0.157600 0.000000 0.000000 0.000000 1.000000
0.850654 0.206923 0.483291 -0.042100 -0.481022 0.677299 0.556672 0.746100 -0.212144 -0.706009 0.675682 0.157600 0.000000 0.000000 0.000000 1.000000
0.855460 0.179752 0.485673 -0.042100 -0.473212 0.652307 0.592086 0.746100 -0.210380 -0.736331 0.643083 0.157600 0.000000 0.000000 0.000000 1.000000
0.873578 0.169826 0.456093 -0.042100 -0.453607 0.623701 0.636582 0.746100 -0.176358 -0.762992 0.621886 0.157600 0.000000 0.000000 0.000000 1.000000
0.910182 0.173553 0.376096 -0.042100 -0.400860 0.597728 0.694286 0.746100 -0.104308 -0.782689 0.613611 0.157600 0.000000 0.000000 0.000000 1.000000
0.957047 0.174076 0.231859 -0.042100 -0.289920 0.582164 0.759626 0.746100 -0.002747 -0.794218 0.607627 0.157600 0.000000 0.000000 0.000000 1.000000
0.986769 0.153113 0.053328 -0.042100 -0.133462 0.580311 0.803385 0.746100 0.092062 -0.799873 0.593067 0.157600 0.000000 0.000000 0.000000 1.000000
0.987418 0.100036 -0.122471 -0.042100 0.040677 0.587736 0.808029 0.746100 0.152813 -0.802844 0.576272 0.157600 0.000000 0.000000 0.000000 1.000000
0.965067 0.012988 -0.261679 -0.042100 0.203090 0.593918 0.778470 0.746100 0.165527 -0.804421 0.570533 0.157600 0.000000 0.000000 0.000000 1.000000
0.933001 -0.082057 -0.350395 -0.042100 0.327211 0.598744 0.731053 0.746100 0.149809 -0.796726 0.585479 0.157600 0.000000 0.000000 0.000000 1.000000
0.900828 -0.141347 -0.410526 -0.042100 0.407624 0.600918 0.687561 0.746100 0.149508 -0.786714 0.598940 0.157600 0.000000 0.000000 0.000000 1.000000
0.875754 -0.137767 -0.462682 -0.042100 0.445406 0.600231 0.664331 0.746100 0.186193 -0.787872 0.587018 0.157600 0.000000 0.000000 0.000000 1.000000
0.852465 -0.081246 -0.516432 -0.042100 0.455276 0.600919 0.656978 0.746100 0.256957 -0.795170 0.549252 0.157600 0.000000 0.000000 0.000000 1.000000
