<?xml version="1.0" encoding="utf-8"?>
<COLLADA xmlns="http://www.collada.org/2005/11/COLLADASchema" version="1.4.1">
  <asset>
    <contributor>
      <authoring_tool>FBX COLLADA exporter</authoring_tool>
    </contributor>
    <created>2020-04-21T19:15:30Z</created>
    <modified>2020-04-21T19:15:30Z</modified>
    <unit meter="0.010000" name="centimeter"/>
    <up_axis>Y_UP</up_axis>
  </asset>
  <library_animations>
    <animation id="Geralt-anim" name="Geralt">
      <animation>
        <source id="Geralt-Matrix-animation-input">
          <float_array id="Geralt-Matrix-animation-input-array" count="53">

0.000000 0.041667 0.083333 0.125000 0.166667 0.208333 0.250000 0.291667 0.333333 0.375000 0.416667 0.458333 0.500000 0.541667 0.583333 0.625000
0.666667 0.708333 0.750000 0.791667 0.833333 0.875000 0.916667 0.958333 1.000000 1.041667 1.083333 1.125000 1.166667 1.208333 1.250000 1.291667
1.333333 1.375000 1.416667 1.458333 1.500000 1.541667 1.583333 1.625000 1.666667 1.708333 1.750000 1.791667 1.833333 1.875000 1.916667 1.958333
2.000000 2.041667 2.083333 2.125000 2.166667</float_array>
          <technique_common>
            <accessor source="#Geralt-Matrix-animation-input-array" count="53">
              <param name="TIME" type="float"/>
            </accessor>
          </technique_common>
        </source>
        <source id="Geralt-Matrix-animation-output-transform">
          <float_array id="Geralt-Matrix-animation-output-transform-array" count="848">

0.093064 0.002939 -0.036476 0.000000 -0.010698 0.097508 -0.019437 -0.012244 0.034996 0.021991 0.091059 0.000000 0.000000 0.000000 0.000000 1.000000
0.098897 0.010224 -0.010719 0.000000 -0.011996 0.097730 -0.017466 -0.003937 0.008690 0.018559 0.097878 0.000000 0.000000 0.000000 0.000000 1.000000
0.097408 0.011701 0.019360 0.000000 -0.009411 0.098786 -0.012357 -0.007747 -0.020570 0.010215 0.097327 0.000000 0.000000 0.000000 0.000000 1.000000
0.087988 0.011925 0.045999 0.000000 -0.010326 0.099285 -0.005987 -0.019626 -0.046384 0.000518 0.088590 0.000000 0.000000 0.000000 0.000000 1.000000
0.073841 0.012192 0.066324 0.000000 -0.013767 0.099006 -0.002872 -0.039340 -0.066015 -0.007010 0.074785 0.000000 0.000000 0.000000 0.000000 1.000000
0.055414 0.014118 0.082036 0.000000 -0.016077 0.098511 -0.006093 -0.053100 -0.081675 -0.009813 0.056859 0.000000 0.000000 0.000000 0.000000 1.000000
0.033497 0.018364 0.092416 0.000000 -0.016499 0.097711 -0.013436 -0.051749 -0.092767 -0.010747 0.035759 0.000000 0.000000 0.000000 0.000000 1.000000
0.008522 0.022902 0.096968 0.000000 -0.015513 0.096441 -0.021413 -0.032974 -0.098421 -0.013218 0.011771 0.000000 0.000000 0.000000 0.000000 1.000000
-0.020290 0.025268 0.094604 0.000000 -0.008619 0.095777 -0.027431 -0.004983 -0.097540 -0.013720 -0.017256 0.000000 0.000000 0.000000 0.000000 1.000000
-0.001640 -0.095776 0.028710 0.000000 -0.057847 0.024330 0.077858 0.007029 -0.081554 -0.015331 -0.055803 0.000000 0.000000 0.000000 0.000000 1.000000
-0.085631 0.022607 0.046435 0.000000 0.013001 0.096451 -0.022983 -0.003169 -0.049982 -0.013644 -0.085531 0.000000 0.000000 0.000000 0.000000 1.000000
-0.096115 0.022088 0.016552 0.000000 0.019932 0.097026 -0.013734 -0.019717 -0.019094 -0.009901 -0.097659 0.000000 0.000000 0.000000 0.000000 1.000000
-0.096518 0.025428 -0.006139 0.000000 0.025678 0.096576 -0.003694 -0.025647 0.004989 -0.005142 -0.099743 0.000000 0.000000 0.000000 0.000000 1.000000
-0.089865 0.031517 -0.030511 0.000000 0.031258 0.094808 0.005869 -0.004890 0.030776 -0.004263 -0.095051 0.000000 0.000000 0.000000 0.000000 1.000000
-0.074782 0.035572 -0.056056 0.000000 0.033562 0.093107 0.014309 0.030151 0.057282 -0.008113 -0.081566 0.000000 0.000000 0.000000 0.000000 1.000000
-0.053570 0.035108 -0.076797 0.000000 0.031164 0.092747 0.020661 0.057267 0.078480 -0.012865 -0.060625 0.000000 0.000000 0.000000 0.000000 1.000000
-0.029574 0.032146 -0.089956 0.000000 0.023931 0.093658 0.025602 0.069745 0.092481 -0.013956 -0.035392 0.000000 0.000000 0.000000 0.000000 1.000000
-0.001981 0.031218 -0.094982 0.000000 0.016862 0.093743 0.030460 0.071731 0.098548 -0.015412 -0.007121 0.000000 0.000000 0.000000 0.000000 1.000000
0.023070 0.031698 -0.091995 0.000000 0.003707 0.094189 0.033385 0.071785 0.097232 -0.011112 0.020554 0.000000 0.000000 0.000000 0.000000 1.000000
0.047258 0.032504 -0.081915 0.000000 -0.011877 0.094451 0.030627 0.071590 0.087325 -0.004745 0.048496 0.000000 0.000000 0.000000 0.000000 1.000000
0.067193 0.033184 -0.066211 0.000000 -0.023462 0.094333 0.023469 0.070388 0.070247 -0.000235 0.071171 0.000000 0.000000 0.000000 0.000000 1.000000
0.081061 0.036234 -0.046001 0.000000 -0.032753 0.093175 0.015675 0.068227 0.048541 0.002360 0.087396 0.000000 0.000000 0.000000 0.000000 1.000000
0.088232 0.041201 -0.022749 0.000000 -0.040464 0.091093 0.008039 0.060275 0.024035 0.002112 0.097046 0.000000 0.000000 0.000000 0.000000 1.000000
0.089605 0.044381 0.001105 0.000000 -0.044378 0.089612 -0.000562 0.040860 -0.001239 0.000013 0.099992 0.000000 0.000000 0.000000 0.000000 1.000000
0.087246 0.042841 0.023510 0.000000 -0.041519 0.090357 -0.010574 0.010952 -0.025773 -0.000536 0.096620 0.000000 0.000000 0.000000 0.000000 1.000000
0.082364 0.037100 0.042892 0.000000 -0.031142 0.092797 -0.020465 -0.015756 -0.047395 0.003498 0.087985 0.000000 0.000000 0.000000 0.000000 1.000000
0.074731 0.032006 0.058232 0.000000 -0.019545 0.094346 -0.026774 -0.028103 -0.063509 0.008627 0.076761 0.000000 0.000000 0.000000 0.000000 1.000000
0.066218 0.029524 0.068874 0.000000 -0.011405 0.094811 -0.029678 -0.025620 -0.074062 0.011796 0.066149 0.000000 0.000000 0.000000 0.000000 1.000000
0.055281 0.029342 0.077994 0.000000 -0.005934 0.094744 -0.031438 -0.023457 -0.083119 0.012751 0.054117 0.000000 0.000000 0.000000 0.000000 1.000000
0.033942 0.031874 0.088498 0.000000 0.001611 0.093873 -0.034428 -0.026086 -0.094050 0.013111 0.031349 0.000000 0.000000 0.000000 0.000000 1.000000
0.004203 0.036878 0.092857 0.000000 0.016453 0.091415 -0.037050 -0.029276 -0.098547 0.016835 -0.002225 0.000000 0.000000 0.000000 0.000000 1.000000
-0.032795 0.039837 0.085659 0.000000 0.020014 0.091545 -0.034912 -0.033716 -0.092325 0.005695 -0.037995 0.000000 0.000000 0.000000 0.000000 1.000000
-0.063005 0.037057 0.068244 0.000000 0.026207 0.092871 -0.026234 -0.043824 -0.073100 0.001356 -0.068225 0.000000 0.000000 0.000000 0.000000 1.000000
-0.083576 0.032146 0.044516 0.000000 0.028563 0.094692 -0.014753 -0.056113 -0.046895 0.000385 -0.088321 0.000000 0.000000 0.000000 0.000000 1.000000
-0.094223 0.028838 0.017041 0.000000 0.028509 0.095749 -0.004400 -0.064739 -0.017585 0.000712 -0.098439 0.000000 0.000000 0.000000 0.000000 1.000000
-0.095467 0.027809 -0.010616 0.000000 0.027484 0.096046 0.004439 -0.069745 0.011431 0.001320 -0.099336 0.000000 0.000000 0.000000 0.000000 1.000000
-0.089037 0.027521 -0.036264 0.000000 0.025115 0.096134 0.011294 -0.073773 0.037970 0.000948 -0.092506 0.000000 0.000000 0.000000 0.000000 1.000000
-0.076750 0.026511 -0.058366 0.000000 0.021727 0.096416 0.015225 -0.076959 0.060311 -0.000996 -0.079760 0.000000 0.000000 0.000000 0.000000 1.000000
-0.060640 0.024596 -0.075616 0.000000 0.018115 0.096868 0.016982 -0.077447 0.077425 -0.003400 -0.063196 0.000000 0.000000 0.000000 0.000000 1.000000
-0.042856 0.022354 -0.087542 0.000000 0.014421 0.097342 0.017796 -0.075505 0.089193 -0.004998 -0.044940 0.000000 0.000000 0.000000 0.000000 1.000000
-0.024465 0.020240 -0.094825 0.000000 0.010173 0.097793 0.018249 -0.074259 0.096426 -0.005182 -0.025984 0.000000 0.000000 0.000000 0.000000 1.000000
-0.004327 0.017572 -0.098349 0.000000 0.009048 0.098105 0.017130 -0.074504 0.099496 -0.008157 -0.005835 0.000000 0.000000 0.000000 0.000000 1.000000
0.012749 0.014047 -0.098184 0.000000 0.002564 0.098912 0.014484 -0.077706 0.099151 -0.004364 0.012250 0.000000 0.000000 0.000000 0.000000 1.000000
0.029203 0.011529 -0.094944 0.000000 -0.001741 0.099318 0.011525 -0.083413 0.095625 -0.001713 0.029205 0.000000 0.000000 0.000000 0.000000 1.000000
0.042877 0.010688 -0.089707 0.000000 -0.004726 0.099427 0.009587 -0.084645 0.090217 0.000129 0.043137 0.000000 0.000000 0.000000 0.000000 1.000000
0.055560 0.010365 -0.082497 0.000000 -0.008268 0.099417 0.006923 -0.078642 0.082733 0.002975 0.056093 0.000000 0.000000 0.000000 0.000000 1.000000
0.068574 0.009710 -0.072134 0.000000 -0.011246 0.099330 0.002680 -0.069872 0.071910 0.006274 0.069207 0.000000 0.000000 0.000000 0.000000 1.000000
0.079853 0.009172 -0.059493 0.000000 -0.012512 0.099203 -0.001499 -0.060065 0.058882 0.008641 0.080363 0.000000 0.000000 0.000000 0.000000 1.000000
0.087454 0.008343 -0.047772 0.000000 -0.011805 0.099208 -0.004284 -0.049615 0.047037 0.009386 0.087746 0.000000 0.000000 0.000000 0.000000 1.000000
0.091699 0.005716 -0.039480 0.000000 -0.008670 0.099458 -0.005737 -0.040855 0.038938 0.008684 0.091698 0.000000 0.000000 0.000000 0.000000 1.000000
0.094322 0.001971 -0.033160 0.000000 -0.004428 0.099679 -0.006670 -0.033765 0.032922 0.007760 0.094106 0.000000 0.000000 0.000000 0.000000 1.000000
0.096013 -0.001114 -0.027933 0.000000 -0.001067 0.099702 -0.007643 -0.027781 0.027935 0.007636 0.095715 0.000000 0.000000 0.000000 0.000000 1.000000
0.097142 -0.002347 -0.023622 0.000000 0.000194 0.099585 -0.009097 -0.024196 0.023738 0.008791 0.096743 0.000000 0.000000 0.000000 0.000000 1.000000</float_array>
          <technique_common>
            <accessor source="#Geralt-Matrix-animation-output-transform-array" count="53" stride="16">
              <param type="float4x4"/>
            </accessor>
          </technique_common>
        </source>
        <source id="Geralt-Interpolations">
          <Name_array id="Geralt-Interpolations-array" count="53">
 LINEAR LINEAR LINEAR LINEAR LINEAR LINEAR LINEAR LINEAR LINEAR LINEAR LINEAR
LINEAR LINEAR LINEAR LINEAR LINEAR LINEAR LINEAR LINEAR LINEAR LINEAR LINEAR LINEAR
LINEAR LINEAR LINEAR LINEAR LINEAR LINEAR LINEAR LINEAR LINEAR LINEAR LINEAR LINEAR
LINEAR LINEAR LINEAR LINEAR LINEAR LINEAR LINEAR LINEAR LINEAR LINEAR LINEAR LINEAR
LINEAR LINEAR LINEAR LINEAR LINEAR LINEAR</Name_array>
          <technique_common>
            <accessor source="#Geralt-Interpolations-array" count="53">
              <param type="name"/>
            </accessor>
          </technique_common>
        </source>
        <sampler id="Geralt-Matrix-animation-transform">
          <input semantic="INPUT" source="#Geralt-Matrix-animation-input"/>
          <input semantic="OUTPUT" source="#Geralt-Matrix-animation-output-transform"/>
          <input semantic="INTERPOLATION" source="#Geralt-Interpolations"/>
        </sampler>
        <channel source="#Geralt-Matrix-animation-transform" target="Geralt/matrix"/>
      </animation>
    </animation>
    <animation id="mixamorig_Hips-anim" name="mixamorig_Hips">
      <animation>
        <source id="mixamorig_Hips-Matrix-animation-input">
          <float_array id="mixamorig_Hips-Matrix-animation-input-array" count="53">

0.000000 0.041667 0.083333 0.125000 0.166667 0.208333 0.250000 0.291667 0.333333 0.375000 0.416667 0.458333 0.500000 0.541667 0.583333 0.625000
0.666667 0.708333 0.750000 0.791667 0.833333 0.875000 0.916667 0.958333 1.000000 1.041667 1.083333 1.125000 1.166667 1.208333 1.250000 1.291667
1.333333 1.375000 1.416667 1.458333 1.500000 1.541667 1.583333 1.625000 1.666667 1.708333 1.750000 1.791667 1.833333 1.875000 1.916667 1.958333
2.000000 2.041667 2.083333 2.125000 2.166667</float_array>
          <technique_common>
            <accessor source="#mixamorig_Hips-Matrix-animation-input-array" count="53">
              <param name="TIME" type="float"/>
            </accessor>
          </technique_common>
        </source>
        <source id="mixamorig_Hips-Matrix-animation-output-transform">
          <float_array id="mixamorig_Hips-Matrix-animation-output-transform-array" count="848">

-0.994733 0.002958 -0.102461 -0.079300 -0.006107 0.996097 0.088049 3.696700 0.102322 0.088211 -0.990832 0.497700 0.000000 0.000000 0.000000 1.000000
-0.994733 0.002958 -0.102461 -0.079300 -0.006107 0.996097 0.088049 3.696700 0.102322 0.088211 -0.990832 0.497700 0.000000 0.000000 0.000000 1.000000
-0.994733 0.002958 -0.102461 -0.079300 -0.006107 0.996097 0.088049 3.696700 0.102322 0.088211 -0.990832 0.497700 0.000000 0.000000 0.000000 1.000000
-0.994733 0.002958 -0.102461 -0.079300 -0.006107 0.996097 0.088049 3.696700 0.102322 0.088211 -0.990832 0.497700 0.000000 0.000000 0.000000 1.000000
-0.994733 0.002958 -0.102461 -0.079300 -0.006107 0.996097 0.088049 3.696700 0.102322 0.088211 -0.990832 0.497700 0.000000 0.000000 0.000000 1.000000
-0.994733 0.002958 -0.102461 -0.079300 -0.006107 0.996097 0.088049 3.696700 0.102322 0.088211 -0.990832 0.497700 0.000000 0.000000 0.000000 1.000000
-0.994733 0.002958 -0.102461 -0.079300 -0.006107 0.996097 0.088049 3.696700 0.102322 0.088211 -0.990832 0.497700 0.000000 0.000000 0.000000 1.000000
-0.994733 0.002958 -0.102461 -0.079300 -0.006107 0.996097 0.088049 3.696700 0.102322 0.088211 -0.990832 0.497700 0.000000 0.000000 0.000000 1.000000
-0.994733 0.002958 -0.102461 -0.079300 -0.006107 0.996097 0.088049 3.696700 0.102322 0.088211 -0.990832 0.497700 0.000000 0.000000 0.000000 1.000000
-0.994733 0.002958 -0.102461 -0.079300 -0.006107 0.996097 0.088049 3.696700 0.102322 0.088211 -0.990832 0.497700 0.000000 0.000000 0.000000 1.000000
-0.994733 0.002958 -0.102461 -0.079300 -0.006107 0.996097 0.088049 3.696700 0.102322 0.088211 -0.990832 0.497700 0.000000 0.000000 0.000000 1.000000
-0.994733 0.002958 -0.102461 -0.079300 -0.006107 0.996097 0.088049 3.696700 0.102322 0.088211 -0.990832 0.497700 0.000000 0.000000 0.000000 1.000000
-0.994733 0.002958 -0.102461 -0.079300 -0.006107 0.996097 0.088049 3.696700 0.102322 0.088211 -0.990832 0.497700 0.000000 0.000000 0.000000 1.000000
-0.994733 0.002958 -0.102461 -0.079300 -0.006107 0.996097 0.088049 3.696700 0.102322 0.088211 -0.990832 0.497700 0.000000 0.000000 0.000000 1.000000
-0.994733 0.002958 -0.102461 -0.079300 -0.006107 0.996097 0.088049 3.696700 0.102322 0.088211 -0.990832 0.497700 0.000000 0.000000 0.000000 1.000000
-0.994733 0.002958 -0.102461 -0.079300 -0.006107 0.996097 0.088049 3.696700 0.102322 0.088211 -0.990832 0.497700 0.000000 0.000000 0.000000 1.000000
-0.994733 0.002958 -0.102461 -0.079300 -0.006107 0.996097 0.088049 3.696700 0.102322 0.088211 -0.990832 0.497700 0.000000 0.000000 0.000000 1.000000
-0.994733 0.002958 -0.102461 -0.079300 -0.006107 0.996097 0.088049 3.696700 0.102322 0.088211 -0.990832 0.497700 0.000000 0.000000 0.000000 1.000000
-0.994733 0.002958 -0.102461 -0.079300 -0.006107 0.996097 0.088049 3.696700 0.102322 0.088211 -0.990832 0.497700 0.000000 0.000000 0.000000 1.000000
-0.994733 0.002958 -0.102461 -0.079300 -0.006107 0.996097 0.088049 3.696700 0.102322 0.088211 -0.990832 0.497700 0.000000 0.000000 0.000000 1.000000
-0.994733 0.002958 -0.102461 -0.079300 -0.006107 0.996097 0.088049 3.696700 0.102322 0.088211 -0.990832 0.497700 0.000000 0.000000 0.000000 1.000000
-0.994733 0.002958 -0.102461 -0.079300 -0.006107 0.996097 0.088049 3.696700 0.102322 0.088211 -0.990832 0.497700 0.000000 0.000000 0.000000 1.000000
-0.994733 0.002958 -0.102461 -0.079300 -0.006107 0.996097 0.088049 3.696700 0.102322 0.088211 -0.990832 0.497700 0.000000 0.000000 0.000000 1.000000
-0.994733 0.002958 -0.102461 -0.079300 -0.006107 0.996097 0.088049 3.696700 0.102322 0.088211 -0.990832 0.497700 0.000000 0.000000 0.000000 1.000000
-0.994733 0.002958 -0.102461 -0.079300 -0.006107 0.996097 0.088049 3.696700 0.102322 0.088211 -0.990832 0.497700 0.000000 0.000000 0.000000 1.000000
-0.994733 0.002958 -0.102461 -0.079300 -0.006107 0.996097 0.088049 3.696700 0.102322 0.088211 -0.990832 0.497700 0.000000 0.000000 0.000000 1.000000
-0.994733 0.002958 -0.102461 -0.079300 -0.006107 0.996097 0.088049 3.696700 0.102322 0.088211 -0.990832 0.497700 0.000000 0.000000 0.000000 1.000000
-0.994733 0.002958 -0.102461 -0.079300 -0.006107 0.996097 0.088049 3.696700 0.102322 0.088211 -0.990832 0.497700 0.000000 0.000000 0.000000 1.000000
-0.994733 0.002958 -0.102461 -0.079300 -0.006107 0.996097 0.088049 3.696700 0.102322 0.088211 -0.990832 0.497700 0.000000 0.000000 0.000000 1.000000
-0.994733 0.002958 -0.102461 -0.079300 -0.006107 0.996097 0.088049 3.696700 0.102322 0.088211 -0.990832 0.497700 0.000000 0.000000 0.000000 1.000000
-0.994733 0.002958 -0.102461 -0.079300 -0.006107 0.996097 0.088049 3.696700 0.102322 0.088211 -0.990832 0.497700 0.000000 0.000000 0.000000 1.000000
-0.994733 0.002958 -0.102461 -0.079300 -0.006107 0.996097 0.088049 3.696700 0.102322 0.088211 -0.990832 0.497700 0.000000 0.000000 0.000000 1.000000
-0.994733 0.002958 -0.102461 -0.079300 -0.006107 0.996097 0.088049 3.696700 0.102322 0.088211 -0.990832 0.497700 0.000000 0.000000 0.000000 1.000000
-0.994733 0.002958 -0.102461 -0.079300 -0.006107 0.996097 0.088049 3.696700 0.102322 0.088211 -0.990832 0.497700 0.000000 0.000000 0.000000 1.000000
-0.994733 0.002958 -0.102461 -0.079300 -0.006107 0.996097 0.088049 3.696700 0.102322 0.088211 -0.990832 0.497700 0.000000 0.000000 0.000000 1.000000
-0.994733 0.002958 -0.102461 -0.079300 -0.006107 0.996097 0.088049 3.696700 0.102322 0.088211 -0.990832 0.497700 0.000000 0.000000 0.000000 1.000000
-0.994733 0.002958 -0.102461 -0.079300 -0.006107 0.996097 0.088049 3.696700 0.102322 0.088211 -0.990832 0.497700 0.000000 0.000000 0.000000 1.000000
-0.994733 0.002958 -0.102461 -0.079300 -0.006107 0.996097 0.088049 3.696700 0.102322 0.088211 -0.990832 0.497700 0.000000 0.000000 0.000000 1.000000
-0.994733 0.002958 -0.102461 -0.079300 -0.006107 0.996097 0.088049 3.696700 0.102322 0.088211 -0.990832 0.497700 0.000000 0.000000 0.000000 1.000000
-0.994733 0.002958 -0.102461 -0.079300 -0.006107 0.996097 0.088049 3.696700 0.102322 0.088211 -0.990832 0.497700 0.000000 0.000000 0.000000 1.000000
-0.994733 0.002958 -0.102461 -0.079300 -0.006107 0.996097 0.088049 3.696700 0.102322 0.088211 -0.990832 0.497700 0.000000 0.000000 0.000000 1.000000
-0.994733 0.002958 -0.102461 -0.079300 -0.006107 0.996097 0.088049 3.696700 0.102322 0.088211 -0.990832 0.497700 0.000000 0.000000 0.000000 1.000000
-0.994733 0.002958 -0.102461 -0.079300 -0.006107 0.996097 0.088049 3.696700 0.102322 0.088211 -0.990832 0.497700 0.000000 0.000000 0.000000 1.000000
-0.994733 0.002958 -0.102461 -0.079300 -0.006107 0.996097 0.088049 3.696700 0.102322 0.088211 -0.990832 0.497700 0.000000 0.000000 0.000000 1.000000
-0.994733 0.002958 -0.102461 -0.079300 -0.006107 0.996097 0.088049 3.696700 0.102322 0.088211 -0.990832 0.497700 0.000000 0.000000 0.000000 1.000000
-0.994733 0.002958 -0.102461 -0.079300 -0.006107 0.996097 0.088049 3.696700 0.102322 0.088211 -0.990832 0.497700 0.000000 0.000000 0.000000 1.000000
-0.994733 0.002958 -0.102461 -0.079300 -0.006107 0.996097 0.088049 3.696700 0.102322 0.088211 -0.990832 0.497700 0.000000 0.000000 0.000000 1.000000
-0.994733 0.002958 -0.102461 -0.079300 -0.006107 0.996097 0.088049 3.696700 0.102322 0.088211 -0.990832 0.497700 0.000000 0.000000 0.000000 1.000000
-0.994733 0.002958 -0.102461 -0.079300 -0.006107 0.996097 0.088049 3.696700 0.102322 0.088211 -0.990832 0.497700 0.000000 0.000000 0.000000 1.000000
-0.994733 0.002958 -0.102461 -0.079300 -0.006107 0.996097 0.088049 3.696700 0.102322 0.088211 -0.990832 0.497700 0.000000 0.000000 0.000000 1.000000
-0.994733 0.002958 -0.102461 -0.079300 -0.006107 0.996097 0.088049 3.696700 0.102322 0.088211 -0.990832 0.497700 0.000000 0.000000 0.000000 1.000000
-0.994733 0.002958 -0.102461 -0.079300 -0.006107 0.996097 0.088049 3.696700 0.102322 0.088211 -0.990832 0.497700 0.000000 0.000000 0.000000 1.000000
-0.994733 0.002958 -0.102461 -0.079300 -0.006107 0.996097 0.088049 3.696700 0.102322 0.088211 -0.990832 0.497700 0.000000 0.000000 0.000000 1.000000</float_array>
          <technique_common>
            <accessor source="#mixamorig_Hips-Matrix-animation-output-transform-array" count="53" stride="16">
              <param type="float4x4"/>
            </accessor>
          </technique_common>
        </source>
        <source id="mixamorig_Hips-Interpolations">
          <Name_array id="mixamorig_Hips-Interpolations-array" count="53">
 LINEAR LINEAR LINEAR LINEAR LINEAR LINEAR LINEAR LINEAR LINEAR LINEAR LINEAR
LINEAR LINEAR LINEAR LINEAR LINEAR LINEAR LINEAR LINEAR LINEAR LINEAR LINEAR LINEAR
LINEAR LINEAR LINEAR LINEAR LINEAR LINEAR LINEAR LINEAR LINEAR LINEAR LINEAR LINEAR
LINEAR LINEAR LINEAR LINEAR LINEAR LINEAR LINEAR LINEAR LINEAR LINEAR LINEAR LINEAR
LINEAR LINEAR LINEAR LINEAR LINEAR LINEAR</Name_array>
          <technique_common>
            <accessor source="#mixamorig_Hips-Interpolations-array" count="53">
              <param type="name"/>
            </accessor>
          </technique_common>
        </source>
        <sampler id="mixamorig_Hips-Matrix-animation-transform">
          <input semantic="INPUT" source="#mixamorig_Hips-Matrix-animation-input"/>
          <input semantic="OUTPUT" source="#mixamorig_Hips-Matrix-animation-output-transform"/>
          <input semantic="INTERPOLATION" source="#mixamorig_Hips-Interpolations"/>
        </sampler>
        <channel source="#mixamorig_Hips-Matrix-animation-transform" target="mixamorig_Hips/matrix"/>
      </animation>
    </animation>
    <animation id="mixamorig_Spine-anim" name="mixamorig_Spine">
      <animation>
        <source id="mixamorig_Spine-Matrix-animation-input">
          <float_array id="mixamorig_Spine-Matrix-animation-input-array" count="53">

0.000000 0.041667 0.083333 0.125000 0.166667 0.208333 0.250000 0.291667 0.333333 0.375000 0.416667 0.458333 0.500000 0.541667 0.583333 0.625000
0.666667 0.708333 0.750000 0.791667 0.833333 0.875000 0.916667 0.958333 1.000000 1.041667 1.083333 1.125000 1.166667 1.208333 1.250000 1.291667
1.333333 1.375000 1.416667 1.458333 1.500000 1.541667 1.583333 1.625000 1.666667 1.708333 1.750000 1.791667 1.833333 1.875000 1.916667 1.958333
2.000000 2.041667 2.083333 2.125000 2.166667</float_array>
          <technique_common>
            <accessor source="#mixamorig_Spine-Matrix-animation-input-array" count="53">
              <param name="TIME" type="float"/>
            </accessor>
          </technique_common>
        </source>
        <source id="mixamorig_Spine-Matrix-animation-output-transform">
          <float_array id="mixamorig_Spine-Matrix-animation-output-transform-array" count="848">

0.969220 0.163912 0.183699 -0.042100 -0.244631 0.725179 0.643639 0.746100 -0.027714 -0.668767 0.742956 0.157600 0.000000 0.000000 0.000000 1.000000
0.976276 0.122166 0.178777 -0.042100 -0.204707 0.789836 0.578148 0.746100 -0.070574 -0.601029 0.796105 0.157600 0.000000 0.000000 0.000000 1.000000
0.981891 0.090648 0.166354 -0.042100 -0.165399 0.838353 0.519429 0.746100 -0.092378 -0.537538 0.838165 0.157600 0.000000 0.000000 0.000000 1.000000
0.982627 0.087005 0.163937 -0.042100 -0.152570 0.881632 0.446595 0.746100 -0.105676 -0.463848 0.879590 0.157600 0.000000 0.000000 0.000000 1.000000
0.981686 0.095436 0.164879 -0.042100 -0.149748 0.921569 0.358170 0.746100 -0.117765 -0.376301 0.918983 0.157600 0.000000 0.000000 0.000000 1.000000
0.985171 0.090860 0.145546 -0.042100 -0.131350 0.945155 0.299047 0.746100 -0.110392 -0.313730 0.943073 0.157600 0.000000 0.000000 0.000000 1.000000
0.987463 0.086772 0.131864 -0.042100 -0.122366 0.948504 0.292175 0.746100 -0.099721 -0.304647 0.947231 0.157600 0.000000 0.000000 0.000000 1.000000
0.986909 0.093775 0.131211 -0.042100 -0.131222 0.939886 0.315271 0.746100 -0.093759 -0.328361 0.939887 0.157600 0.000000 0.000000 0.000000 1.000000
0.984381 0.116822 0.131708 -0.042100 -0.154075 0.933615 0.323456 0.746100 -0.085178 -0.338697 0.937032 0.157600 0.000000 0.000000 0.000000 1.000000
0.983450 0.143895 0.110091 -0.042100 -0.170899 0.938521 0.299954 0.746100 -0.060161 -0.313805 0.947580 0.157600 0.000000 0.000000 0.000000 1.000000
0.985072 0.144428 0.093673 -0.042100 -0.165097 0.946733 0.276476 0.746100 -0.048752 -0.287814 0.956445 0.157600 0.000000 0.000000 0.000000 1.000000
0.987007 0.121597 0.105035 -0.042100 -0.146153 0.951011 0.272428 0.746100 -0.066763 -0.284239 0.956426 0.157600 0.000000 0.000000 0.000000 1.000000
0.989054 0.083684 0.121527 -0.042100 -0.115140 0.952781 0.280981 0.746100 -0.092275 -0.291898 0.951988 0.157600 0.000000 0.000000 0.000000 1.000000
0.991176 0.044285 0.124934 -0.042100 -0.075755 0.962697 0.259761 0.746100 -0.108770 -0.266933 0.957557 0.157600 0.000000 0.000000 0.000000 1.000000
0.994584 -0.003834 0.103866 -0.042100 -0.019070 0.975623 0.218626 0.746100 -0.102173 -0.219423 0.970265 0.157600 0.000000 0.000000 0.000000 1.000000
0.995260 -0.056434 0.079203 -0.042100 0.041102 0.982188 0.183349 0.746100 -0.088139 -0.179224 0.979852 0.157600 0.000000 0.000000 0.000000 1.000000
0.993799 -0.093631 0.059969 -0.042100 0.082926 0.983430 0.161210 0.746100 -0.074069 -0.155237 0.985097 0.157600 0.000000 0.000000 0.000000 1.000000
0.994123 -0.103297 0.032395 -0.042100 0.096636 0.981624 0.164548 0.746100 -0.048797 -0.160450 0.985837 0.157600 0.000000 0.000000 0.000000 1.000000
0.995500 -0.094599 0.005580 -0.042100 0.092128 0.979931 0.176768 0.746100 -0.022190 -0.175458 0.984237 0.157600 0.000000 0.000000 0.000000 1.000000
0.996921 -0.077742 -0.010260 -0.042100 0.078333 0.981251 0.176099 0.746100 -0.003623 -0.176361 0.984319 0.157600 0.000000 0.000000 0.000000 1.000000
0.997858 -0.063716 -0.014792 -0.042100 0.065284 0.984199 0.164593 0.746100 0.004071 -0.165206 0.986251 0.157600 0.000000 0.000000 0.000000 1.000000
0.999356 -0.034498 -0.009862 -0.042100 0.035672 0.984852 0.169686 0.746100 0.003859 -0.169928 0.985449 0.157600 0.000000 0.000000 0.000000 1.000000
0.999910 0.011752 0.006417 -0.042100 -0.012797 0.979750 0.199816 0.746100 -0.003939 -0.199881 0.979812 0.157600 0.000000 0.000000 0.000000 1.000000
0.998559 0.044527 0.029956 -0.042100 -0.050523 0.968205 0.245004 0.746100 -0.018094 -0.246164 0.969059 0.157600 0.000000 0.000000 0.000000 1.000000
0.998617 0.035969 0.038342 -0.042100 -0.045818 0.953073 0.299253 0.746100 -0.025779 -0.300596 0.953403 0.157600 0.000000 0.000000 0.000000 1.000000
0.999685 0.007331 0.023995 -0.042100 -0.015493 0.932619 0.360530 0.746100 -0.019736 -0.360789 0.932439 0.157600 0.000000 0.000000 0.000000 1.000000
0.999827 -0.007771 0.016871 -0.042100 -0.000034 0.907510 0.420031 0.746100 -0.018575 -0.419959 0.907353 0.157600 0.000000 0.000000 0.000000 1.000000
0.999010 -0.003520 0.044360 -0.042100 -0.017591 0.884436 0.466330 0.746100 -0.040875 -0.466648 0.883498 0.157600 0.000000 0.000000 0.000000 1.000000
0.994330 0.001513 0.106329 -0.042100 -0.054246 0.867237 0.494932 0.746100 -0.091464 -0.497894 0.862402 0.157600 0.000000 0.000000 0.000000 1.000000
0.984694 0.010494 0.173974 -0.042100 -0.097830 0.859386 0.501881 0.746100 -0.144245 -0.511220 0.847258 0.157600 0.000000 0.000000 0.000000 1.000000
0.975526 0.031596 0.217603 -0.042100 -0.136349 0.863310 0.485906 0.746100 -0.172506 -0.503684 0.846489 0.157600 0.000000 0.000000 0.000000 1.000000
0.968647 0.051586 0.243025 -0.042100 -0.161289 0.874608 0.457216 0.746100 -0.188966 -0.482078 0.855507 0.157600 0.000000 0.000000 0.000000 1.000000
0.965035 0.074744 0.251240 -0.042100 -0.180085 0.885520 0.428280 0.746100 -0.190467 -0.458550 0.868018 0.157600 0.000000 0.000000 0.000000 1.000000
0.962394 0.092757 0.255330 -0.042100 -0.189329 0.903048 0.385562 0.746100 -0.194812 -0.419404 0.886650 0.157600 0.000000 0.000000 0.000000 1.000000
0.966048 0.092081 0.241398 -0.042100 -0.173228 0.924053 0.340760 0.746100 -0.191687 -0.371008 0.908631 0.157600 0.000000 0.000000 0.000000 1.000000
0.972531 0.071222 0.221609 -0.042100 -0.139695 0.940116 0.310914 0.746100 -0.186195 -0.333332 0.924241 0.157600 0.000000 0.000000 0.000000 1.000000
0.977571 0.040206 0.206733 -0.042100 -0.101952 0.949270 0.297478 0.746100 -0.184285 -0.311883 0.932077 0.157600 0.000000 0.000000 0.000000 1.000000
0.980266 0.008972 0.197482 -0.042100 -0.067714 0.953777 0.292788 0.746100 -0.185727 -0.300382 0.935562 0.157600 0.000000 0.000000 0.000000 1.000000
0.982548 -0.017584 0.185175 -0.042100 -0.037841 0.955807 0.291549 0.746100 -0.182118 -0.293468 0.938461 0.157600 0.000000 0.000000 0.000000 1.000000
0.984273 -0.029710 0.174137 -0.042100 -0.022265 0.957031 0.289129 0.746100 -0.175245 -0.288459 0.941319 0.157600 0.000000 0.000000 0.000000 1.000000
0.985593 -0.027119 0.166947 -0.042100 -0.020584 0.960492 0.277546 0.746100 -0.167878 -0.276984 0.946096 0.157600 0.000000 0.000000 0.000000 1.000000
0.985692 -0.023957 0.166843 -0.042100 -0.022074 0.962975 0.268686 0.746100 -0.167102 -0.268525 0.948668 0.157600 0.000000 0.000000 0.000000 1.000000
0.984826 -0.032133 0.170546 -0.042100 -0.018473 0.957717 0.287118 0.746100 -0.172561 -0.285911 0.942591 0.157600 0.000000 0.000000 0.000000 1.000000
0.983684 -0.044446 0.174325 -0.042100 -0.016697 0.942263 0.334457 0.746100 -0.179125 -0.331910 0.926148 0.157600 0.000000 0.000000 0.000000 1.000000
0.982983 -0.051616 0.176294 -0.042100 -0.020253 0.923409 0.383283 0.746100 -0.182575 -0.380331 0.906650 0.157600 0.000000 0.000000 0.000000 1.000000
0.983521 -0.056560 0.171716 -0.042100 -0.018826 0.912599 0.408422 0.746100 -0.179808 -0.404924 0.896496 0.157600 0.000000 0.000000 0.000000 1.000000
0.985326 -0.056584 0.161033 -0.042100 -0.016382 0.907746 0.419201 0.746100 -0.169897 -0.415688 0.893498 0.157600 0.000000 0.000000 0.000000 1.000000
0.987280 -0.047255 0.151808 -0.042100 -0.022834 0.902771 0.429516 0.746100 -0.157344 -0.427519 0.890208 0.157600 0.000000 0.000000 0.000000 1.000000
0.988215 -0.031509 0.149794 -0.042100 -0.038859 0.894887 0.444598 0.746100 -0.148057 -0.445179 0.883117 0.157600 0.000000 0.000000 0.000000 1.000000
0.988005 -0.019572 0.153176 -0.042100 -0.053818 0.886104 0.460351 0.746100 -0.144740 -0.463073 0.874422 0.157600 0.000000 0.000000 0.000000 1.000000
0.988070 -0.008688 0.153759 -0.042100 -0.066156 0.877650 0.474715 0.746100 -0.139071 -0.479224 0.866605 0.157600 0.000000 0.000000 0.000000 1.000000
0.988093 0.007496 0.153674 -0.042100 -0.081933 0.871046 0.484320 0.746100 -0.130227 -0.491145 0.861289 0.157600 0.000000 0.000000 0.000000 1.000000
0.987590 0.027271 0.154670 -0.042100 -0.100027 0.868462 0.485560 0.746100 -0.121083 -0.495006 0.860412 0.157600 0.000000 0.000000 0.000000 1.000000</float_array>
          <technique_common>
            <accessor source="#mixamorig_Spine-Matrix-animation-output-transform-array" count="53" stride="16">
              <param type="float4x4"/>
            </accessor>
          </technique_common>
        </source>
        <source id="mixamorig_Spine-Interpolations">
          <Name_array id="mixamorig_Spine-Interpolations-array" count="53">
 LINEAR LINEAR LINEAR LINEAR LINEAR LINEAR LINEAR LINEAR LINEAR LINEAR LINEAR
LINEAR LINEAR LINEAR LINEAR LINEAR LINEAR LINEAR LINEAR LINEAR LINEAR LINEAR LINEAR
LINEAR LINEAR LINEAR LINEAR LINEAR LINEAR LINEAR LINEAR LINEAR LINEAR LINEAR LINEAR
LINEAR LINEAR LINEAR LINEAR LINEAR LINEAR LINEAR LINEAR LINEAR LINEAR LINEAR LINEAR
LINEAR LINEAR LINEAR LINEAR LINEAR LINEAR</Name_array>
          <technique_common>
            <accessor source="#mixamorig_Spine-Interpolations-array" count="53">
              <param type="name"/>
            </accessor>
          </technique_common>
        </source>
        <sampler id="mixamorig_Spine-Matrix-animation-transform">
          <input semantic="INPUT" source="#mixamorig_Spine-Matrix-animation-input"/>
          <input semantic="OUTPUT" source="#mixamorig_Spine-Matrix-animation-output-transform"/>
          <input semantic="INTERPOLATION" source="#mixamorig_Spine-Interpolations"/>
        </sampler>
        <channel source="#mixamorig_Spine-Matrix-animation-transform" target="mixamorig_Spine/matrix"/>
      </animation>
    </animation>
    <animation id="mixamorig_Spine1-anim" name="mixamorig_Spine1">
      <animation>
        <source id="mixamorig_Spine1-Matrix-animation-input">
          <float_array id="mixamorig_Spine1-Matrix-animation-input-array" count="53">

0.000000 0.041667 0.083333 0.125000 0.166667 0.208333 0.250000 0.291667 0.333333 0.375000 0.416667 0.458333 0.500000 0.541667 0.583333 0.625000
0.666667 0.708333 0.750000 0.791667 0.833333 0.875000 0.916667 0.958333 1.000000 1.041667 1.083333 1.125000 1.166667 1.208333 1.250000 1.291667
1.333333 1.375000 1.416667 1.458333 1.500000 1.541667 1.583333 1.625000 1.666667 1.708333 1.750000 1.791667 1.833333 1.875000 1.916667 1.958333
2.000000 2.041667 2.083333 2.125000 2.166667</float_array>
          <technique_common>
            <accessor source="#mixamorig_Spine1-Matrix-animation-input-array" count="53">
              <param name="TIME" type="float"/>
            </accessor>
          </technique_common>
        </source>
        <source id="mixamorig_Spine1-Matrix-animation-output-transform">
          <float_array id="mixamorig_Spine1-Matrix-animation-output-transform-array" count="848">

0.994730 -0.098718 0.027677 0.000000 0.097845 0.994709 0.031294 0.755700 -0.030620 -0.028421 0.999127 0.000000 0.000000 0.000000 0.000000 1.000000
0.994846 -0.088092 0.050226 0.000000 0.087055 0.995950 0.022487 0.755700 -0.052004 -0.017999 0.998485 0.000000 0.000000 0.000000 0.000000 1.000000
0.996179 -0.066938 0.056089 0.000000 0.064577 0.996990 0.042904 0.755700 -0.058792 -0.039118 0.997503 0.000000 0.000000 0.000000 0.000000 1.000000
0.997706 -0.030000 0.060681 -0.000000 0.025702 0.997186 0.070415 0.755700 -0.062622 -0.068694 0.995670 -0.000000 0.000000 0.000000 0.000000 1.000000
0.997979 0.010003 0.062751 0.000000 -0.015654 0.995800 0.090207 0.755700 -0.061585 -0.091007 0.993944 0.000000 0.000000 0.000000 0.000000 1.000000
0.997665 0.030988 0.060867 -0.000000 -0.037119 0.994058 0.102329 0.755700 -0.057335 -0.104350 0.992886 0.000000 0.000000 0.000000 0.000000 1.000000
0.997897 0.031077 0.056888 -0.000000 -0.037153 0.993339 0.109079 0.755700 -0.053119 -0.110963 0.992404 -0.000000 0.000000 0.000000 0.000000 1.000000
0.998023 0.027338 0.056593 0.000000 -0.033513 0.993232 0.111214 0.755700 -0.053170 -0.112891 0.992184 0.000000 0.000000 0.000000 0.000000 1.000000
0.998467 0.028464 0.047479 0.000000 -0.033783 0.992759 0.115276 0.755700 -0.043854 -0.116703 0.992198 -0.000000 0.000000 0.000000 0.000000 1.000000
0.999172 0.035930 0.019070 -0.000000 -0.037938 0.992258 0.118262 0.755700 -0.014673 -0.118887 0.992799 0.000000 0.000000 0.000000 0.000000 1.000000
0.999193 0.040131 0.001604 -0.000000 -0.040064 0.993151 0.109750 0.755700 0.002811 -0.109726 0.993958 0.000000 0.000000 0.000000 0.000000 1.000000
0.999600 0.024309 0.014455 0.000000 -0.025621 0.994772 0.098857 0.755700 -0.011976 -0.099188 0.994996 0.000000 0.000000 0.000000 0.000000 1.000000
0.999042 0.004515 0.043528 0.000000 -0.008597 0.995531 0.094043 0.755700 -0.042909 -0.094327 0.994616 0.000000 0.000000 0.000000 0.000000 1.000000
0.998840 -0.006314 0.047737 -0.000000 0.001967 0.995889 0.090559 0.755700 -0.048113 -0.090360 0.994747 -0.000000 0.000000 0.000000 0.000000 1.000000
0.998693 -0.023227 0.045517 0.000000 0.019419 0.996411 0.082387 0.755700 -0.047267 -0.081395 0.995561 0.000000 0.000000 0.000000 0.000000 1.000000
0.998014 -0.044720 0.044369 0.000000 0.041639 0.996810 0.068092 0.755700 -0.047273 -0.066109 0.996692 0.000000 0.000000 0.000000 0.000000 1.000000
0.998030 -0.053066 0.033462 -0.000000 0.051027 0.996946 0.059110 0.755700 -0.036496 -0.057286 0.997691 0.000000 0.000000 0.000000 0.000000 1.000000
0.999077 -0.041220 0.012067 0.000000 0.040406 0.997300 0.061311 0.755700 -0.014561 -0.060767 0.998046 -0.000000 0.000000 0.000000 0.000000 1.000000
0.999761 -0.020179 -0.008409 0.000000 0.020675 0.997744 0.063875 0.755700 0.007101 -0.064034 0.997922 0.000000 0.000000 0.000000 0.000000 1.000000
0.999793 0.000153 -0.020373 -0.000000 0.001056 0.998235 0.059367 0.755700 0.020346 -0.059376 0.998028 0.000000 0.000000 0.000000 0.000000 1.000000
0.999588 0.016176 -0.023695 -0.000000 -0.014945 0.998575 0.051234 0.755700 0.024490 -0.050859 0.998406 -0.000000 0.000000 0.000000 0.000000 1.000000
0.999280 0.031070 -0.021785 -0.000000 -0.029881 0.998152 0.052922 0.755700 0.023389 -0.052232 0.998361 -0.000000 0.000000 0.000000 0.000000 1.000000
0.998744 0.046651 -0.018285 0.000000 -0.045381 0.996880 0.064593 0.755700 0.021241 -0.063682 0.997744 0.000000 0.000000 0.000000 0.000000 1.000000
0.998405 0.055294 -0.011404 -0.000000 -0.054230 0.995423 0.078696 0.755700 0.015703 -0.077952 0.996834 -0.000000 0.000000 0.000000 0.000000 1.000000
0.998951 0.045789 -0.000402 0.000000 -0.045556 0.994672 0.092474 0.755700 0.004634 -0.092359 0.995715 -0.000000 0.000000 0.000000 0.000000 1.000000
0.999884 0.015160 0.001519 -0.000000 -0.015235 0.993715 0.110896 0.755700 0.000172 -0.110906 0.993831 0.000000 0.000000 0.000000 0.000000 1.000000
0.999974 -0.005847 0.004138 0.000000 0.005243 0.991054 0.133358 0.755700 -0.004881 -0.133333 0.991059 0.000000 0.000000 0.000000 0.000000 1.000000
0.999488 -0.018708 0.025972 0.000000 0.014315 0.987003 0.160062 0.755700 -0.028629 -0.159608 0.986765 0.000000 0.000000 0.000000 0.000000 1.000000
0.997602 -0.025153 0.064474 -0.000000 0.012725 0.982397 0.186371 0.755700 -0.068027 -0.185104 0.980361 0.000000 0.000000 0.000000 0.000000 1.000000
0.994368 -0.019363 0.104198 0.000000 -0.001082 0.981262 0.192677 0.755700 -0.105976 -0.191704 0.975714 -0.000000 0.000000 0.000000 0.000000 1.000000
0.990233 -0.011851 0.138921 0.000000 -0.012513 0.984806 0.173206 0.755700 -0.138863 -0.173252 0.975039 0.000000 0.000000 0.000000 0.000000 1.000000
0.988802 -0.004089 0.149174 0.000000 -0.019341 0.987682 0.155276 0.755700 -0.147972 -0.156423 0.976543 -0.000000 0.000000 0.000000 0.000000 1.000000
0.988806 0.002301 0.149192 -0.000000 -0.024389 0.988926 0.146392 0.755700 -0.147203 -0.148392 0.977912 -0.000000 0.000000 0.000000 0.000000 1.000000
0.989761 0.010627 0.142338 0.000000 -0.029649 0.990780 0.132195 0.755700 -0.139621 -0.135062 0.980951 0.000000 0.000000 0.000000 0.000000 1.000000
0.991082 0.011444 0.132757 -0.000000 -0.027472 0.992450 0.119535 0.755700 -0.130387 -0.122116 0.983914 0.000000 0.000000 0.000000 0.000000 1.000000
0.992462 0.003779 0.122496 0.000000 -0.017945 0.993232 0.114748 0.755700 -0.121233 -0.116082 0.985813 0.000000 0.000000 0.000000 0.000000 1.000000
0.993177 -0.007637 0.116366 -0.000000 -0.005803 0.993380 0.114724 0.755700 -0.116472 -0.114616 0.986558 0.000000 0.000000 0.000000 0.000000 1.000000
0.993369 -0.021729 0.112893 -0.000000 0.008297 0.992966 0.118114 0.755700 -0.114665 -0.116394 0.986562 0.000000 0.000000 0.000000 0.000000 1.000000
0.993404 -0.033715 0.109593 0.000000 0.020229 0.992334 0.121918 0.755700 -0.112864 -0.118897 0.986471 0.000000 0.000000 0.000000 0.000000 1.000000
0.993835 -0.041205 0.102923 -0.000000 0.028269 0.991864 0.124119 0.755700 -0.107200 -0.120444 0.986915 -0.000000 0.000000 0.000000 0.000000 1.000000
0.994368 -0.042392 0.097133 0.000000 0.030067 0.991700 0.125008 0.755700 -0.101626 -0.121383 0.987390 -0.000000 0.000000 0.000000 0.000000 1.000000
0.994494 -0.040339 0.096719 0.000000 0.028336 0.992076 0.122409 0.755700 -0.100891 -0.118995 0.987756 0.000000 0.000000 0.000000 0.000000 1.000000
0.994051 -0.040167 0.101240 0.000000 0.027342 0.991776 0.125032 0.755700 -0.105430 -0.121520 0.986974 0.000000 0.000000 0.000000 0.000000 1.000000
0.993192 -0.041385 0.108892 -0.000000 0.025679 0.989551 0.141873 0.755700 -0.113625 -0.138111 0.983877 0.000000 0.000000 0.000000 0.000000 1.000000
0.992359 -0.040675 0.116488 -0.000000 0.021172 0.986232 0.164008 0.755700 -0.121555 -0.160288 0.979557 -0.000000 0.000000 0.000000 0.000000 1.000000
0.992256 -0.038126 0.118219 0.000000 0.017422 0.985039 0.171449 0.755700 -0.122987 -0.168061 0.978075 0.000000 0.000000 0.000000 0.000000 1.000000
0.993165 -0.033289 0.111869 0.000000 0.013743 0.985151 0.171143 0.755700 -0.115905 -0.168436 0.978875 0.000000 0.000000 0.000000 0.000000 1.000000
0.994487 -0.025986 0.101584 0.000000 0.008393 0.985423 0.169913 0.755700 -0.104518 -0.168124 0.980209 0.000000 0.000000 0.000000 0.000000 1.000000
