<?xml version="1.0" encoding="utf-8"?>
<COLLADA xmlns="http://www.collada.org/2005/11/COLLADASchema" version="1.4.1">
  <asset>
    <contributor>
      <authoring_tool>FBX COLLADA exporter</authoring_tool>
    </contributor>
    <created>2020-04-22T10:18:04Z</created>
    <modified>2020-04-22T10:18:04Z</modified>
    <unit meter="0.010000" name="centimeter"/>
    <up_axis>Y_UP</up_axis>
  </asset>
  <library_animations>
    <animation id="Geralt-anim" name="Geralt">
      <animation>
        <source id="Geralt-Matrix-animation-input">
          <float_array id="Geralt-Matrix-animation-input-array" count="66">

0.000000 0.033333 0.066667 0.100000 0.133333 0.166667 0.200000 0.233333 0.266667 0.300000 0.333333 0.366667 0.400000 0.433333 0.466667 0.500000
0.533333 0.566667 0.600000 0.633333 0.666667 0.700000 0.733333 0.766667 0.800000 0.833333 0.866667 0.900000 0.933333 0.966667 1.000000 1.033333
1.066667 1.100000 1.133333 1.166667 1.200000 1.233333 1.266667 1.300000 1.333333 1.366667 1.400000 1.433333 1.466667 1.500000 1.533333 1.566667
1.600000 1.633333 1.666667 1.700000 1.733333 1.766667 1.800000 1.833333 1.866667 1.900000 1.933333 1.966667 2.000000 2.033333 2.066667 2.100000
2.133333 2.166667</float_array>
          <technique_common>
            <accessor source="#Geralt-Matrix-animation-input-array" count="66">
              <param name="TIME" type="float"/>
            </accessor>
          </technique_common>
        </source>
        <source id="Geralt-Matrix-animation-output-transform">
          <float_array id="Geralt-Matrix-animation-output-transform-array" count="1056">

0.093064 0.002939 -0.036476 0.000000 -0.010698 0.097508 -0.019437 -0.012244 0.034996 0.021991 0.091059 0.000000 0.000000 0.000000 0.000000 1.000000
0.098124 0.009627 -0.016704 0.000000 -0.012657 0.097522 -0.018147 -0.003495 0.014543 0.019921 0.096911 0.000000 0.000000 0.000000 0.000000 1.000000
0.099119 0.010943 0.007458 0.000000 -0.009744 0.098404 -0.014890 -0.005264 -0.008969 0.014032 0.098604 0.000000 0.000000 0.000000 0.000000 1.000000
0.094355 0.011578 0.031033 0.000000 -0.008956 0.099120 -0.009749 -0.010231 -0.031889 0.006419 0.094561 0.000000 0.000000 0.000000 0.000000 1.000000
0.085368 0.011640 0.050762 0.000000 -0.010659 0.099312 -0.004847 -0.022758 -0.050977 -0.001273 0.086022 0.000000 0.000000 0.000000 0.000000 1.000000
0.073841 0.012192 0.066324 0.000000 -0.013767 0.099006 -0.002872 -0.039340 -0.066015 -0.007010 0.074785 0.000000 0.000000 0.000000 0.000000 1.000000
0.059484 0.013327 0.079272 0.000000 -0.015626 0.098652 -0.004860 -0.052167 -0.078851 -0.009496 0.060764 0.000000 0.000000 0.000000 0.000000 1.000000
0.042649 0.016212 0.088984 0.000000 -0.015997 0.098182 -0.010221 -0.055900 -0.089023 -0.009876 0.044467 0.000000 0.000000 0.000000 0.000000 1.000000
0.024475 0.020286 0.094812 0.000000 -0.015225 0.097378 -0.016905 -0.047599 -0.095756 -0.010298 0.026922 0.000000 0.000000 0.000000 0.000000 1.000000
0.004537 0.023708 0.097043 0.000000 -0.013173 0.096437 -0.022944 -0.028099 -0.099025 -0.011742 0.007498 0.000000 0.000000 0.000000 0.000000 1.000000
-0.020290 0.025268 0.094604 0.000000 -0.008619 0.095777 -0.027431 -0.004983 -0.097540 -0.013720 -0.017256 0.000000 0.000000 0.000000 0.000000 1.000000
-0.050266 0.024908 0.082783 0.000000 -0.000174 0.095730 -0.028910 0.008066 -0.086448 -0.014676 -0.048076 0.000000 0.000000 0.000000 0.000000 1.000000
-0.077022 0.023548 0.059271 0.000000 0.009568 0.096149 -0.025765 0.003917 -0.063056 -0.014174 -0.076309 0.000000 0.000000 0.000000 0.000000 1.000000
-0.091957 0.022169 0.032440 0.000000 0.016520 0.096725 -0.019272 -0.010254 -0.035650 -0.012363 -0.092608 0.000000 0.000000 0.000000 0.000000 1.000000
-0.096847 0.022277 0.011152 0.000000 0.020986 0.097075 -0.011662 -0.022871 -0.013424 -0.008954 -0.098689 0.000000 0.000000 0.000000 0.000000 1.000000
-0.096518 0.025428 -0.006139 0.000000 0.025678 0.096576 -0.003694 -0.025647 0.004989 -0.005142 -0.099743 0.000000 0.000000 0.000000 0.000000 1.000000
-0.091923 0.030389 -0.025032 0.000000 0.030317 0.095199 0.004239 -0.011859 0.025118 -0.003692 -0.096724 0.000000 0.000000 0.000000 0.000000 1.000000
-0.081849 0.034488 -0.045950 0.000000 0.032998 0.093691 0.011541 0.016018 0.047031 -0.005716 -0.088065 0.000000 0.000000 0.000000 0.000000 1.000000
-0.066741 0.036091 -0.065139 0.000000 0.033106 0.092732 0.017458 0.044284 0.066705 -0.009913 -0.073839 0.000000 0.000000 0.000000 0.000000 1.000000
-0.048941 0.034538 -0.080074 0.000000 0.029941 0.092896 0.021769 0.061595 0.081905 -0.013321 -0.055805 0.000000 0.000000 0.000000 0.000000 1.000000
-0.029574 0.032146 -0.089956 0.000000 0.023931 0.093658 0.025602 0.069745 0.092481 -0.013956 -0.035392 0.000000 0.000000 0.000000 0.000000 1.000000
-0.009103 0.031192 -0.094574 0.000000 0.015710 0.094228 0.029567 0.071753 0.098338 -0.012166 -0.013478 0.000000 0.000000 0.000000 0.000000 1.000000
0.012013 0.031775 -0.094054 0.000000 0.005997 0.094334 0.032636 0.071663 0.099095 -0.009561 0.009427 0.000000 0.000000 0.000000 0.000000 1.000000
0.032722 0.032544 -0.088714 0.000000 -0.004757 0.094330 0.032850 0.071906 0.094375 -0.006529 0.032415 0.000000 0.000000 0.000000 0.000000 1.000000
0.051559 0.032765 -0.079172 0.000000 -0.014835 0.094418 0.029413 0.071485 0.084390 -0.003420 0.053542 0.000000 0.000000 0.000000 0.000000 1.000000
0.067193 0.033184 -0.066211 0.000000 -0.023462 0.094333 0.023469 0.070388 0.070247 -0.000235 0.071171 0.000000 0.000000 0.000000 0.000000 1.000000
0.078839 0.035280 -0.050395 0.000000 -0.030995 0.093544 0.016997 0.069179 0.053138 0.002220 0.084684 0.000000 0.000000 0.000000 0.000000 1.000000
0.086173 0.039133 -0.032293 0.000000 -0.037682 0.091983 0.010915 0.065370 0.033975 0.002763 0.094011 0.000000 0.000000 0.000000 0.000000 1.000000
0.089275 0.043114 -0.013082 0.000000 -0.042878 0.090218 0.004714 0.055181 0.013835 0.001401 0.099028 0.000000 0.000000 0.000000 0.000000 1.000000
0.089256 0.044716 0.005815 0.000000 -0.044654 0.089444 -0.002402 0.036086 -0.006275 -0.000453 0.099802 0.000000 0.000000 0.000000 0.000000 1.000000
0.087246 0.042841 0.023510 0.000000 -0.041519 0.090357 -0.010574 0.010952 -0.025773 -0.000536 0.096620 0.000000 0.000000 0.000000 0.000000 1.000000
0.083453 0.038429 0.039481 0.000000 -0.033669 0.092293 -0.018667 -0.011973 -0.043612 0.002285 0.089960 0.000000 0.000000 0.000000 0.000000 1.000000
0.077791 0.033627 0.053083 0.000000 -0.023682 0.093936 -0.024801 -0.027105 -0.058204 0.006722 0.081038 0.000000 0.000000 0.000000 0.000000 1.000000
0.071133 0.030640 0.063256 0.000000 -0.015615 0.094638 -0.028281 -0.029102 -0.068530 0.010240 0.072103 0.000000 0.000000 0.000000 0.000000 1.000000
0.064434 0.029220 0.070672 0.000000 -0.010094 0.094853 -0.030016 -0.024460 -0.075805 0.012207 0.064067 0.000000 0.000000 0.000000 0.000000 1.000000
0.055281 0.029342 0.077994 0.000000 -0.005934 0.094744 -0.031438 -0.023457 -0.083119 0.012751 0.054117 0.000000 0.000000 0.000000 0.000000 1.000000
0.039591 0.031027 0.086428 0.000000 -0.001003 0.094259 -0.033379 -0.025363 -0.091824 0.012348 0.037629 0.000000 0.000000 0.000000 0.000000 1.000000
0.015871 0.035158 0.092261 0.000000 0.004319 0.093109 -0.036224 -0.028256 -0.098638 0.009734 0.013259 0.000000 0.000000 0.000000 0.000000 1.000000
-0.012623 0.038929 0.091242 0.000000 0.012140 0.091893 -0.037527 -0.030296 -0.098454 0.006340 -0.016326 0.000000 0.000000 0.000000 0.000000 1.000000
-0.040039 0.039692 0.082592 0.000000 0.020606 0.091723 -0.034091 -0.034856 -0.089288 0.003369 -0.044904 0.000000 0.000000 0.000000 0.000000 1.000000
-0.063005 0.037057 0.068244 0.000000 0.026207 0.092871 -0.026234 -0.043824 -0.073100 0.001356 -0.068225 0.000000 0.000000 0.000000 0.000000 1.000000
-0.080333 0.032973 0.049593 0.000000 0.028266 0.094407 -0.016982 -0.054062 -0.052418 0.000376 -0.085160 0.000000 0.000000 0.000000 0.000000 1.000000
-0.091282 0.029651 0.028078 0.000000 0.028464 0.095502 -0.008315 -0.062267 -0.029281 0.000402 -0.095616 0.000000 0.000000 0.000000 0.000000 1.000000
-0.095803 0.028094 0.005696 0.000000 0.028106 0.095967 -0.000601 -0.067211 -0.005635 0.001025 -0.099836 0.000000 0.000000 0.000000 0.000000 1.000000
-0.094732 0.027735 -0.016016 0.000000 0.027100 0.096066 0.006069 -0.070590 0.017070 0.001409 -0.098522 0.000000 0.000000 0.000000 0.000000 1.000000
-0.089037 0.027521 -0.036264 0.000000 0.025115 0.096134 0.011294 -0.073773 0.037970 0.000948 -0.092506 0.000000 0.000000 0.000000 0.000000 1.000000
-0.079547 0.026786 -0.054358 0.000000 0.022377 0.096344 0.014731 -0.076620 0.056317 -0.000446 -0.082633 0.000000 0.000000 0.000000 0.000000 1.000000
-0.067291 0.025383 -0.069481 0.000000 0.019409 0.096696 0.016528 -0.077975 0.071381 -0.002364 -0.069994 0.000000 0.000000 0.000000 0.000000 1.000000
-0.053524 0.023619 -0.081100 0.000000 0.016544 0.097083 0.017355 -0.076919 0.082834 -0.004128 -0.055870 0.000000 0.000000 0.000000 0.000000 1.000000
-0.039174 0.021869 -0.089371 0.000000 0.013544 0.097447 0.017908 -0.075034 0.091005 -0.005089 -0.041136 0.000000 0.000000 0.000000 0.000000 1.000000
-0.024465 0.020240 -0.094825 0.000000 0.010173 0.097793 0.018249 -0.074259 0.096426 -0.005182 -0.025984 0.000000 0.000000 0.000000 0.000000 1.000000
-0.009410 0.018204 -0.097878 0.000000 0.006297 0.098226 0.017664 -0.074280 0.099357 -0.004501 -0.010389 0.000000 0.000000 0.000000 0.000000 1.000000
0.005627 0.015507 -0.098630 0.000000 0.002459 0.098735 0.015663 -0.075174 0.099811 -0.003307 0.005175 0.000000 0.000000 0.000000 0.000000 1.000000
0.019803 0.012822 -0.097178 0.000000 -0.000298 0.099148 0.013021 -0.080238 0.098019 -0.002289 0.019672 0.000000 0.000000 0.000000 0.000000 1.000000
0.032258 0.011151 -0.093995 0.000000 -0.002404 0.099368 0.010964 -0.084472 0.094624 -0.001277 0.032322 0.000000 0.000000 0.000000 0.000000 1.000000
0.042877 0.010688 -0.089707 0.000000 -0.004726 0.099427 0.009587 -0.084645 0.090217 0.000129 0.043137 0.000000 0.000000 0.000000 0.000000 1.000000
0.052845 0.010543 -0.084239 0.000000 -0.007607 0.099415 0.007670 -0.080314 0.084555 0.002355 0.053338 0.000000 0.000000 0.000000 0.000000 1.000000
0.063292 0.010063 -0.076765 0.000000 -0.010346 0.099362 0.004495 -0.073624 0.076727 0.005097 0.063929 0.000000 0.000000 0.000000 0.000000 1.000000
0.073500 0.009495 -0.067139 0.000000 -0.012092 0.099263 0.000800 -0.066120 0.066720 0.007530 0.074106 0.000000 0.000000 0.000000 0.000000 1.000000
0.081795 0.009099 -0.056805 0.000000 -0.012603 0.099177 -0.002260 -0.058047 0.056132 0.009008 0.082268 0.000000 0.000000 0.000000 0.000000 1.000000
0.087454 0.008343 -0.047772 0.000000 -0.011805 0.099208 -0.004284 -0.049615 0.047037 0.009386 0.087746 0.000000 0.000000 0.000000 0.000000 1.000000
0.091062 0.006451 -0.040817 0.000000 -0.009509 0.099395 -0.005505 -0.042322 0.040215 0.008894 0.091125 0.000000 0.000000 0.000000 0.000000 1.000000
0.093454 0.003467 -0.035417 0.000000 -0.006077 0.099617 -0.006285 -0.036454 0.035063 0.008026 0.093307 0.000000 0.000000 0.000000 0.000000 1.000000
0.095111 0.000462 -0.030882 0.000000 -0.002749 0.099718 -0.006976 -0.031076 0.030763 0.007484 0.094856 0.000000 0.000000 0.000000 0.000000 1.000000
0.096288 -0.001638 -0.026942 0.000000 -0.000499 0.099691 -0.007843 -0.026683 0.026987 0.007686 0.095982 0.000000 0.000000 0.000000 0.000000 1.000000
0.097142 -0.002347 -0.023622 0.000000 0.000194 0.099585 -0.009097 -0.024196 0.023738 0.008791 0.096743 0.000000 0.000000 0.000000 0.000000 1.000000</float_array>
          <technique_common>
            <accessor source="#Geralt-Matrix-animation-output-transform-array" count="66" stride="16">
              <param type="float4x4"/>
            </accessor>
          </technique_common>
        </source>
        <source id="Geralt-Interpolations">
          <Name_array id="Geralt-Interpolations-array" count="66">
 LINEAR LINEAR LINEAR LINEAR LINEAR LINEAR LINEAR LINEAR LINEAR LINEAR LINEAR
LINEAR LINEAR LINEAR LINEAR LINEAR LINEAR LINEAR LINEAR LINEAR LINEAR LINEAR LINEAR
LINEAR LINEAR LINEAR LINEAR LINEAR LINEAR LINEAR LINEAR LINEAR LINEAR LINEAR LINEAR
LINEAR LINEAR LINEAR LINEAR LINEAR LINEAR LINEAR LINEAR LINEAR LINEAR LINEAR LINEAR
LINEAR LINEAR LINEAR LINEAR LINEAR LINEAR LINEAR LINEAR LINEAR LINEAR LINEAR LINEAR
LINEAR LINEAR LINEAR LINEAR LINEAR LINEAR LINEAR</Name_array>
          <technique_common>
            <accessor source="#Geralt-Interpolations-array" count="66">
              <param type="name"/>
            </accessor>
          </technique_common>
        </source>
        <sampler id="Geralt-Matrix-animation-transform">
          <input semantic="INPUT" source="#Geralt-Matrix-animation-input"/>
          <input semantic="OUTPUT" source="#Geralt-Matrix-animation-output-transform"/>
          <input semantic="INTERPOLATION" source="#Geralt-Interpolations"/>
        </sampler>
        <channel source="#Geralt-Matrix-animation-transform" target="Geralt/matrix"/>
      </animation>
    </animation>
    <animation id="mixamorig_Hips-anim" name="mixamorig_Hips">
      <animation>
        <source id="mixamorig_Hips-Matrix-animation-input">
          <float_array id="mixamorig_Hips-Matrix-animation-input-array" count="66">

0.000000 0.033333 0.066667 0.100000 0.133333 0.166667 0.200000 0.233333 0.266667 0.300000 0.333333 0.366667 0.400000 0.433333 0.466667 0.500000
0.533333 0.566667 0.600000 0.633333 0.666667 0.700000 0.733333 0.766667 0.800000 0.833333 0.866667 0.900000 0.933333 0.966667 1.000000 1.033333
1.066667 1.100000 1.133333 1.166667 1.200000 1.233333 1.266667 1.300000 1.333333 1.366667 1.400000 1.433333 1.466667 1.500000 1.533333 1.566667
1.600000 1.633333 1.666667 1.700000 1.733333 1.766667 1.800000 1.833333 1.866667 1.900000 1.933333 1.966667 2.000000 2.033333 2.066667 2.100000
2.133333 2.166667</float_array>
          <technique_common>
            <accessor source="#mixamorig_Hips-Matrix-animation-input-array" count="66">
              <param name="TIME" type="float"/>
            </accessor>
          </technique_common>
        </source>
        <source id="mixamorig_Hips-Matrix-animation-output-transform">
          <float_array id="mixamorig_Hips-Matrix-animation-output-transform-array" count="1056">

-0.994733 0.002958 -0.102461 -0.079300 -0.006107 0.996097 0.088049 3.696700 0.102322 0.088211 -0.990832 0.497700 0.000000 0.000000 0.000000 1.000000
-0.994733 0.002958 -0.102461 -0.079300 -0.006107 0.996097 0.088049 3.696700 0.102322 0.088211 -0.990832 0.497700 0.000000 0.000000 0.000000 1.000000
-0.994733 0.002958 -0.102461 -0.079300 -0.006107 0.996097 0.088049 3.696700 0.102322 0.088211 -0.990832 0.497700 0.000000 0.000000 0.000000 1.000000
-0.994733 0.002958 -0.102461 -0.079300 -0.006107 0.996097 0.088049 3.696700 0.102322 0.088211 -0.990832 0.497700 0.000000 0.000000 0.000000 1.000000
-0.994733 0.002958 -0.102461 -0.079300 -0.006107 0.996097 0.088049 3.696700 0.102322 0.088211 -0.990832 0.497700 0.000000 0.000000 0.000000 1.000000
-0.994733 0.002958 -0.102461 -0.079300 -0.006107 0.996097 0.088049 3.696700 0.102322 0.088211 -0.990832 0.497700 0.000000 0.000000 0.000000 1.000000
-0.994733 0.002958 -0.102461 -0.079300 -0.006107 0.996097 0.088049 3.696700 0.102322 0.088211 -0.990832 0.497700 0.000000 0.000000 0.000000 1.000000
-0.994733 0.002958 -0.102461 -0.079300 -0.006107 0.996097 0.088049 3.696700 0.102322 0.088211 -0.990832 0.497700 0.000000 0.000000 0.000000 1.000000
-0.994733 0.002958 -0.102461 -0.079300 -0.006107 0.996097 0.088049 3.696700 0.102322 0.088211 -0.990832 0.497700 0.000000 0.000000 0.000000 1.000000
-0.994733 0.002958 -0.102461 -0.079300 -0.006107 0.996097 0.088049 3.696700 0.102322 0.088211 -0.990832 0.497700 0.000000 0.000000 0.000000 1.000000
-0.994733 0.002958 -0.102461 -0.079300 -0.006107 0.996097 0.088049 3.696700 0.102322 0.088211 -0.990832 0.497700 0.000000 0.000000 0.000000 1.000000
-0.994733 0.002958 -0.102461 -0.079300 -0.006107 0.996097 0.088049 3.696700 0.102322 0.088211 -0.990832 0.497700 0.000000 0.000000 0.000000 1.000000
-0.994733 0.002958 -0.102461 -0.079300 -0.006107 0.996097 0.088049 3.696700 0.102322 0.088211 -0.990832 0.497700 0.000000 0.000000 0.000000 1.000000
-0.994733 0.002958 -0.102461 -0.079300 -0.006107 0.996097 0.088049 3.696700 0.102322 0.088211 -0.990832 0.497700 0.000000 0.000000 0.000000 1.000000
-0.994733 0.002958 -0.102461 -0.079300 -0.006107 0.996097 0.088049 3.696700 0.102322 0.088211 -0.990832 0.497700 0.000000 0.000000 0.000000 1.000000
-0.994733 0.002958 -0.102461 -0.079300 -0.006107 0.996097 0.088049 3.696700 0.102322 0.088211 -0.990832 0.497700 0.000000 0.000000 0.000000 1.000000
-0.994733 0.002958 -0.102461 -0.079300 -0.006107 0.996097 0.088049 3.696700 0.102322 0.088211 -0.990832 0.497700 0.000000 0.000000 0.000000 1.000000
-0.994733 0.002958 -0.102461 -0.079300 -0.006107 0.996097 0.088049 3.696700 0.102322 0.088211 -0.990832 0.497700 0.000000 0.000000 0.000000 1.000000
-0.994733 0.002958 -0.102461 -0.079300 -0.006107 0.996097 0.088049 3.696700 0.102322 0.088211 -0.990832 0.497700 0.000000 0.000000 0.000000 1.000000
-0.994733 0.002958 -0.102461 -0.079300 -0.006107 0.996097 0.088049 3.696700 0.102322 0.088211 -0.990832 0.497700 0.000000 0.000000 0.000000 1.000000
-0.994733 0.002958 -0.102461 -0.079300 -0.006107 0.996097 0.088049 3.696700 0.102322 0.088211 -0.990832 0.497700 0.000000 0.000000 0.000000 1.000000
-0.994733 0.002958 -0.102461 -0.079300 -0.006107 0.996097 0.088049 3.696700 0.102322 0.088211 -0.990832 0.497700 0.000000 0.000000 0.000000 1.000000
-0.994733 0.002958 -0.102461 -0.079300 -0.006107 0.996097 0.088049 3.696700 0.102322 0.088211 -0.990832 0.497700 0.000000 0.000000 0.000000 1.000000
-0.994733 0.002958 -0.102461 -0.079300 -0.006107 0.996097 0.088049 3.696700 0.102322 0.088211 -0.990832 0.497700 0.000000 0.000000 0.000000 1.000000
-0.994733 0.002958 -0.102461 -0.079300 -0.006107 0.996097 0.088049 3.696700 0.102322 0.088211 -0.990832 0.497700 0.000000 0.000000 0.000000 1.000000
-0.994733 0.002958 -0.102461 -0.079300 -0.006107 0.996097 0.088049 3.696700 0.102322 0.088211 -0.990832 0.497700 0.000000 0.000000 0.000000 1.000000
-0.994733 0.002958 -0.102461 -0.079300 -0.006107 0.996097 0.088049 3.696700 0.102322 0.088211 -0.990832 0.497700 0.000000 0.000000 0.000000 1.000000
-0.994733 0.002958 -0.102461 -0.079300 -0.006107 0.996097 0.088049 3.696700 0.102322 0.088211 -0.990832 0.497700 0.000000 0.000000 0.000000 1.000000
-0.994733 0.002958 -0.102461 -0.079300 -0.006107 0.996097 0.088049 3.696700 0.102322 0.088211 -0.990832 0.497700 0.000000 0.000000 0.000000 1.000000
-0.994733 0.002958 -0.102461 -0.079300 -0.006107 0.996097 0.088049 3.696700 0.102322 0.088211 -0.990832 0.497700 0.000000 0.000000 0.000000 1.000000
-0.994733 0.002958 -0.102461 -0.079300 -0.006107 0.996097 0.088049 3.696700 0.102322 0.088211 -0.990832 0.497700 0.000000 0.000000 0.000000 1.000000
-0.994733 0.002958 -0.102461 -0.079300 -0.006107 0.996097 0.088049 3.696700 0.102322 0.088211 -0.990832 0.497700 0.000000 0.000000 0.000000 1.000000
-0.994733 0.002958 -0.102461 -0.079300 -0.006107 0.996097 0.088049 3.696700 0.102322 0.088211 -0.990832 0.497700 0.000000 0.000000 0.000000 1.000000
-0.994733 0.002958 -0.102461 -0.079300 -0.006107 0.996097 0.088049 3.696700 0.102322 0.088211 -0.990832 0.497700 0.000000 0.000000 0.000000 1.000000
-0.994733 0.002958 -0.102461 -0.079300 -0.006107 0.996097 0.088049 3.696700 0.102322 0.088211 -0.990832 0.497700 0.000000 0.000000 0.000000 1.000000
-0.994733 0.002958 -0.102461 -0.079300 -0.006107 0.996097 0.088049 3.696700 0.102322 0.088211 -0.990832 0.497700 0.000000 0.000000 0.000000 1.000000
-0.994733 0.002958 -0.102461 -0.079300 -0.006107 0.996097 0.088049 3.696700 0.102322 0.088211 -0.990832 0.497700 0.000000 0.000000 0.000000 1.000000
-0.994733 0.002958 -0.102461 -0.079300 -0.006107 0.996097 0.088049 3.696700 0.102322 0.088211 -0.990832 0.497700 0.000000 0.000000 0.000000 1.000000
-0.994733 0.002958 -0.102461 -0.079300 -0.006107 0.996097 0.088049 3.696700 0.102322 0.088211 -0.990832 0.497700 0.000000 0.000000 0.000000 1.000000
-0.994733 0.002958 -0.102461 -0.079300 -0.006107 0.996097 0.088049 3.696700 0.102322 0.088211 -0.990832 0.497700 0.000000 0.000000 0.000000 1.000000
-0.994733 0.002958 -0.102461 -0.079300 -0.006107 0.996097 0.088049 3.696700 0.102322 0.088211 -0.990832 0.497700 0.000000 0.000000 0.000000 1.000000
-0.994733 0.002958 -0.102461 -0.079300 -0.006107 0.996097 0.088049 3.696700 0.102322 0.088211 -0.990832 0.497700 0.000000 0.000000 0.000000 1.000000
-0.994733 0.002958 -0.102461 -0.079300 -0.006107 0.996097 0.088049 3.696700 0.102322 0.088211 -0.990832 0.497700 0.000000 0.000000 0.000000 1.000000
-0.994733 0.002958 -0.102461 -0.079300 -0.006107 0.996097 0.088049 3.696700 0.102322 0.088211 -0.990832 0.497700 0.000000 0.000000 0.000000 1.000000
-0.994733 0.002958 -0.102461 -0.079300 -0.006107 0.996097 0.088049 3.696700 0.102322 0.088211 -0.990832 0.497700 0.000000 0.000000 0.000000 1.000000
-0.994733 0.002958 -0.102461 -0.079300 -0.006107 0.996097 0.088049 3.696700 0.102322 0.088211 -0.990832 0.497700 0.000000 0.000000 0.000000 1.000000
-0.994733 0.002958 -0.102461 -0.079300 -0.006107 0.996097 0.088049 3.696700 0.102322 0.088211 -0.990832 0.497700 0.000000 0.000000 0.000000 1.000000
-0.994733 0.002958 -0.102461 -0.079300 -0.006107 0.996097 0.088049 3.696700 0.102322 0.088211 -0.990832 0.497700 0.000000 0.000000 0.000000 1.000000
-0.994733 0.002958 -0.102461 -0.079300 -0.006107 0.996097 0.088049 3.696700 0.102322 0.088211 -0.990832 0.497700 0.000000 0.000000 0.000000 1.000000
-0.994733 0.002958 -0.102461 -0.079300 -0.006107 0.996097 0.088049 3.696700 0.102322 0.088211 -0.990832 0.497700 0.000000 0.000000 0.000000 1.000000
-0.994733 0.002958 -0.102461 -0.079300 -0.006107 0.996097 0.088049 3.696700 0.102322 0.088211 -0.990832 0.497700 0.000000 0.000000 0.000000 1.000000
-0.994733 0.002958 -0.102461 -0.079300 -0.006107 0.996097 0.088049 3.696700 0.102322 0.088211 -0.990832 0.497700 0.000000 0.000000 0.000000 1.000000
-0.994733 0.002958 -0.102461 -0.079300 -0.006107 0.996097 0.088049 3.696700 0.102322 0.088211 -0.990832 0.497700 0.000000 0.000000 0.000000 1.000000
-0.994733 0.002958 -0.102461 -0.079300 -0.006107 0.996097 0.088049 3.696700 0.102322 0.088211 -0.990832 0.497700 0.000000 0.000000 0.000000 1.000000
-0.994733 0.002958 -0.102461 -0.079300 -0.006107 0.996097 0.088049 3.696700 0.102322 0.088211 -0.990832 0.497700 0.000000 0.000000 0.000000 1.000000
-0.994733 0.002958 -0.102461 -0.079300 -0.006107 0.996097 0.088049 3.696700 0.102322 0.088211 -0.990832 0.497700 0.000000 0.000000 0.000000 1.000000
-0.994733 0.002958 -0.102461 -0.079300 -0.006107 0.996097 0.088049 3.696700 0.102322 0.088211 -0.990832 0.497700 0.000000 0.000000 0.000000 1.000000
-0.994733 0.002958 -0.102461 -0.079300 -0.006107 0.996097 0.088049 3.696700 0.102322 0.088211 -0.990832 0.497700 0.000000 0.000000 0.000000 1.000000
-0.994733 0.002958 -0.102461 -0.079300 -0.006107 0.996097 0.088049 3.696700 0.102322 0.088211 -0.990832 0.497700 0.000000 0.000000 0.000000 1.000000
-0.994733 0.002958 -0.102461 -0.079300 -0.006107 0.996097 0.088049 3.696700 0.102322 0.088211 -0.990832 0.497700 0.000000 0.000000 0.000000 1.000000
-0.994733 0.002958 -0.102461 -0.079300 -0.006107 0.996097 0.088049 3.696700 0.102322 0.088211 -0.990832 0.497700 0.000000 0.000000 0.000000 1.000000
-0.994733 0.002958 -0.102461 -0.079300 -0.006107 0.996097 0.088049 3.696700 0.102322 0.088211 -0.990832 0.497700 0.000000 0.000000 0.000000 1.000000
-0.994733 0.002958 -0.102461 -0.079300 -0.006107 0.996097 0.088049 3.696700 0.102322 0.088211 -0.990832 0.497700 0.000000 0.000000 0.000000 1.000000
-0.994733 0.002958 -0.102461 -0.079300 -0.006107 0.996097 0.088049 3.696700 0.102322 0.088211 -0.990832 0.497700 0.000000 0.000000 0.000000 1.000000
-0.994733 0.002958 -0.102461 -0.079300 -0.006107 0.996097 0.088049 3.696700 0.102322 0.088211 -0.990832 0.497700 0.000000 0.000000 0.000000 1.000000
-0.994733 0.002958 -0.102461 -0.079300 -0.006107 0.996097 0.088049 3.696700 0.102322 0.088211 -0.990832 0.497700 0.000000 0.000000 0.000000 1.000000</float_array>
          <technique_common>
            <accessor source="#mixamorig_Hips-Matrix-animation-output-transform-array" count="66" stride="16">
              <param type="float4x4"/>
            </accessor>
          </technique_common>
        </source>
        <source id="mixamorig_Hips-Interpolations">
          <Name_array id="mixamorig_Hips-Interpolations-array" count="66">
 LINEAR LINEAR LINEAR LINEAR LINEAR LINEAR LINEAR LINEAR LINEAR LINEAR LINEAR
LINEAR LINEAR LINEAR LINEAR LINEAR LINEAR LINEAR LINEAR LINEAR LINEAR LINEAR LINEAR
LINEAR LINEAR LINEAR LINEAR LINEAR LINEAR LINEAR LINEAR LINEAR LINEAR LINEAR LINEAR
LINEAR LINEAR LINEAR LINEAR LINEAR LINEAR LINEAR LINEAR LINEAR LINEAR LINEAR LINEAR
LINEAR LINEAR LINEAR LINEAR LINEAR LINEAR LINEAR LINEAR LINEAR LINEAR LINEAR LINEAR
LINEAR LINEAR LINEAR LINEAR LINEAR LINEAR LINEAR</Name_array>
          <technique_common>
            <accessor source="#mixamorig_Hips-Interpolations-array" count="66">
              <param type="name"/>
            </accessor>
          </technique_common>
        </source>
        <sampler id="mixamorig_Hips-Matrix-animation-transform">
          <input semantic="INPUT" source="#mixamorig_Hips-Matrix-animation-input"/>
          <input semantic="OUTPUT" source="#mixamorig_Hips-Matrix-animation-output-transform"/>
          <input semantic="INTERPOLATION" source="#mixamorig_Hips-Interpolations"/>
        </sampler>
        <channel source="#mixamorig_Hips-Matrix-animation-transform" target="mixamorig_Hips/matrix"/>
      </animation>
    </animation>
    <animation id="mixamorig_Spine-anim" name="mixamorig_Spine">
      <animation>
        <source id="mixamorig_Spine-Matrix-animation-input">
          <float_array id="mixamorig_Spine-Matrix-animation-input-array" count="66">

0.000000 0.033333 0.066667 0.100000 0.133333 0.166667 0.200000 0.233333 0.266667 0.300000 0.333333 0.366667 0.400000 0.433333 0.466667 0.500000
0.533333 0.566667 0.600000 0.633333 0.666667 0.700000 0.733333 0.766667 0.800000 0.833333 0.866667 0.900000 0.933333 0.966667 1.000000 1.033333
1.066667 1.100000 1.133333 1.166667 1.200000 1.233333 1.266667 1.300000 1.333333 1.366667 1.400000 1.433333 1.466667 1.500000 1.533333 1.566667
1.600000 1.633333 1.666667 1.700000 1.733333 1.766667 1.800000 1.833333 1.866667 1.900000 1.933333 1.966667 2.000000 2.033333 2.066667 2.100000
2.133333 2.166667</float_array>
          <technique_common>
            <accessor source="#mixamorig_Spine-Matrix-animation-input-array" count="66">
              <param name="TIME" type="float"/>
            </accessor>
          </technique_common>
        </source>
        <source id="mixamorig_Spine-Matrix-animation-output-transform">
          <float_array id="mixamorig_Spine-Matrix-animation-output-transform-array" count="1056">

0.969220 0.163912 0.183699 -0.042100 -0.244631 0.725179 0.643639 0.746100 -0.027714 -0.668767 0.742956 0.157600 0.000000 0.000000 0.000000 1.000000
0.974528 0.130330 0.182506 -0.042100 -0.214526 0.778956 0.589242 0.746100 -0.065368 -0.613385 0.787074 0.157600 0.000000 0.000000 0.000000 1.000000
0.980764 0.097078 0.169348 -0.042100 -0.175144 0.820678 0.543886 0.746100 -0.086181 -0.563084 0.821894 0.157600 0.000000 0.000000 0.000000 1.000000
0.982883 0.084119 0.163906 -0.042100 -0.155643 0.855154 0.494456 0.746100 -0.098572 -0.511503 0.853609 0.157600 0.000000 0.000000 0.000000 1.000000
0.982528 0.088025 0.163984 -0.042100 -0.151545 0.889861 0.430327 0.746100 -0.108043 -0.447659 0.887653 0.157600 0.000000 0.000000 0.000000 1.000000
0.981686 0.095436 0.164879 -0.042100 -0.149748 0.921569 0.358170 0.746100 -0.117765 -0.376301 0.918983 0.157600 0.000000 0.000000 0.000000 1.000000
0.984404 0.092402 0.149704 -0.042100 -0.134687 0.943288 0.303427 0.746100 -0.113177 -0.318858 0.941021 0.157600 0.000000 0.000000 0.000000 1.000000
0.987357 0.085974 0.133174 -0.042100 -0.121311 0.950606 0.285712 0.746100 -0.102032 -0.298255 0.949017 0.157600 0.000000 0.000000 0.000000 1.000000
0.987562 0.087592 0.130572 -0.042100 -0.123420 0.946356 0.298626 0.746100 -0.097410 -0.311027 0.945396 0.157600 0.000000 0.000000 0.000000 1.000000
0.986675 0.095835 0.131484 -0.042100 -0.133822 0.937647 0.320796 0.746100 -0.092542 -0.334117 0.937977 0.157600 0.000000 0.000000 0.000000 1.000000
0.984381 0.116822 0.131708 -0.042100 -0.154075 0.933615 0.323456 0.746100 -0.085178 -0.338697 0.937032 0.157600 0.000000 0.000000 0.000000 1.000000
0.983191 0.141607 0.115253 -0.042100 -0.170769 0.936574 0.306051 0.746100 -0.064604 -0.320588 0.945013 0.157600 0.000000 0.000000 0.000000 1.000000
0.984111 0.150354 0.094440 -0.042100 -0.171268 0.944124 0.281598 0.746100 -0.046824 -0.293298 0.954874 0.157600 0.000000 0.000000 0.000000 1.000000
0.985990 0.138491 0.092976 -0.042100 -0.158921 0.949271 0.271346 0.746100 -0.050680 -0.282320 0.957981 0.157600 0.000000 0.000000 0.000000 1.000000
0.987252 0.115946 0.109044 -0.042100 -0.141889 0.951531 0.272867 0.746100 -0.072121 -0.284861 0.955852 0.157600 0.000000 0.000000 0.000000 1.000000
0.989054 0.083684 0.121527 -0.042100 -0.115140 0.952781 0.280981 0.746100 -0.092275 -0.291898 0.951988 0.157600 0.000000 0.000000 0.000000 1.000000
0.990273 0.052751 0.128753 -0.042100 -0.085897 0.959738 0.267441 0.746100 -0.109461 -0.275899 0.954933 0.157600 0.000000 0.000000 0.000000 1.000000
0.993260 0.018476 0.114423 -0.042100 -0.045276 0.970625 0.236300 0.746100 -0.106696 -0.239888 0.964920 0.157600 0.000000 0.000000 0.000000 1.000000
0.995195 -0.026571 0.094236 -0.042100 0.007174 0.979673 0.200473 0.746100 -0.097647 -0.198834 0.975156 0.157600 0.000000 0.000000 0.000000 1.000000
0.995004 -0.066513 0.074451 -0.042100 0.052415 0.982733 0.177449 0.746100 -0.084968 -0.172660 0.981310 0.157600 0.000000 0.000000 0.000000 1.000000
0.993799 -0.093631 0.059969 -0.042100 0.082926 0.983430 0.161210 0.746100 -0.074069 -0.155237 0.985097 0.157600 0.000000 0.000000 0.000000 1.000000
0.993859 -0.103805 0.038326 -0.042100 0.096346 0.982132 0.161661 0.746100 -0.054422 -0.156976 0.986102 0.157600 0.000000 0.000000 0.000000 1.000000
0.994725 -0.101530 0.014624 -0.042100 0.097487 0.980054 0.173178 0.746100 -0.031915 -0.170839 0.984782 0.157600 0.000000 0.000000 0.000000 1.000000
0.996152 -0.087580 -0.003410 -0.042100 0.086756 0.979749 0.180457 0.746100 -0.012463 -0.180059 0.983577 0.157600 0.000000 0.000000 0.000000 1.000000
0.997144 -0.074473 -0.012562 -0.042100 0.075522 0.981726 0.174674 0.746100 -0.000676 -0.175124 0.984546 0.157600 0.000000 0.000000 0.000000 1.000000
0.997858 -0.063716 -0.014792 -0.042100 0.065284 0.984199 0.164593 0.746100 0.004071 -0.165206 0.986251 0.157600 0.000000 0.000000 0.000000 1.000000
0.998976 -0.043574 -0.012205 -0.042100 0.044992 0.985249 0.165104 0.746100 0.004831 -0.165484 0.986201 0.157600 0.000000 0.000000 0.000000 1.000000
0.999970 -0.007393 -0.002337 -0.042100 0.007696 0.983040 0.183228 0.746100 0.000943 -0.183240 0.983068 0.157600 0.000000 0.000000 0.000000 1.000000
0.999407 0.030587 0.015811 -0.042100 -0.033283 0.975813 0.216060 0.746100 -0.008820 -0.216458 0.976252 0.157600 0.000000 0.000000 0.000000 1.000000
0.998191 0.048985 0.034857 -0.042100 -0.056265 0.965432 0.254509 0.746100 -0.021185 -0.256010 0.966442 0.157600 0.000000 0.000000 0.000000 1.000000
0.998617 0.035969 0.038342 -0.042100 -0.045818 0.953073 0.299253 0.746100 -0.025779 -0.300596 0.953403 0.157600 0.000000 0.000000 0.000000 1.000000
0.999563 0.012361 0.026857 -0.042100 -0.020925 0.937528 0.347281 0.746100 -0.020886 -0.347692 0.937376 0.157600 0.000000 0.000000 0.000000 1.000000
0.999867 -0.007247 0.014605 -0.042100 0.000806 0.916641 0.399710 0.746100 -0.016284 -0.399645 0.916525 0.157600 0.000000 0.000000 0.000000 1.000000
0.999782 -0.008399 0.019120 -0.042100 -0.000874 0.897929 0.440139 0.746100 -0.020865 -0.440059 0.897726 0.157600 0.000000 0.000000 0.000000 1.000000
0.998601 -0.002232 0.052834 -0.042100 -0.023155 0.879784 0.474809 0.746100 -0.047542 -0.475368 0.878502 0.157600 0.000000 0.000000 0.000000 1.000000
0.994330 0.001513 0.106329 -0.042100 -0.054246 0.867237 0.494932 0.746100 -0.091464 -0.497894 0.862402 0.157600 0.000000 0.000000 0.000000 1.000000
0.986145 0.005670 0.165790 -0.042100 -0.089739 0.858786 0.504413 0.746100 -0.139518 -0.512302 0.847396 0.157600 0.000000 0.000000 0.000000 1.000000
0.979811 0.025081 0.198347 -0.042100 -0.121978 0.861047 0.493680 0.746100 -0.158404 -0.507907 0.846722 0.157600 0.000000 0.000000 0.000000 1.000000
0.970831 0.038289 0.236686 -0.042100 -0.150588 0.865544 0.477658 0.746100 -0.186573 -0.499367 0.846063 0.157600 0.000000 0.000000 0.000000 1.000000
0.967892 0.056077 0.245032 -0.042100 -0.164849 0.877507 0.450341 0.746100 -0.189763 -0.476275 0.858576 0.157600 0.000000 0.000000 0.000000 1.000000
0.965035 0.074744 0.251240 -0.042100 -0.180085 0.885520 0.428280 0.746100 -0.190467 -0.458550 0.868018 0.157600 0.000000 0.000000 0.000000 1.000000
0.962006 0.091445 0.257259 -0.042100 -0.191079 0.898529 0.395138 0.746100 -0.195021 -0.429282 0.881864 0.157600 0.000000 0.000000 0.000000 1.000000
0.963540 0.096502 0.249557 -0.042100 -0.184076 0.915977 0.356514 0.746100 -0.194184 -0.389453 0.900344 0.157600 0.000000 0.000000 0.000000 1.000000
0.968427 0.087360 0.233489 -0.042100 -0.162346 0.931769 0.324731 0.746100 -0.189189 -0.352384 0.916533 0.157600 0.000000 0.000000 0.000000 1.000000
0.973779 0.065733 0.217791 -0.042100 -0.132121 0.942756 0.306196 0.746100 -0.185196 -0.326942 0.926721 0.157600 0.000000 0.000000 0.000000 1.000000
0.977571 0.040206 0.206733 -0.042100 -0.101952 0.949270 0.297478 0.746100 -0.184285 -0.311883 0.932077 0.157600 0.000000 0.000000 0.000000 1.000000
0.979671 0.015040 0.200047 -0.042100 -0.074507 0.953139 0.293215 0.746100 -0.186263 -0.302159 0.934883 0.157600 0.000000 0.000000 0.000000 1.000000
0.981765 -0.009290 0.189871 -0.042100 -0.047310 0.955439 0.291373 0.746100 -0.184117 -0.295043 0.937577 0.157600 0.000000 0.000000 0.000000 1.000000
0.983236 -0.025893 0.180490 -0.042100 -0.028361 0.956101 0.291661 0.746100 -0.180119 -0.291890 0.939339 0.157600 0.000000 0.000000 0.000000 1.000000
0.984605 -0.030993 0.172024 -0.042100 -0.020230 0.957336 0.288269 0.746100 -0.173619 -0.287311 0.941971 0.157600 0.000000 0.000000 0.000000 1.000000
0.985593 -0.027119 0.166947 -0.042100 -0.020584 0.960492 0.277546 0.746100 -0.167878 -0.276984 0.946096 0.157600 0.000000 0.000000 0.000000 1.000000
0.985809 -0.023132 0.166267 -0.042100 -0.022518 0.963287 0.267527 0.746100 -0.166351 -0.267475 0.949097 0.157600 0.000000 0.000000 0.000000 1.000000
0.985337 -0.026441 0.168559 -0.042100 -0.020743 0.962027 0.272165 0.746100 -0.169355 -0.271670 0.947372 0.157600 0.000000 0.000000 0.000000 1.000000
0.984299 -0.037890 0.172396 -0.042100 -0.016205 0.953165 0.302015 0.746100 -0.175765 -0.300067 0.937586 0.157600 0.000000 0.000000 0.000000 1.000000
0.983477 -0.046670 0.174913 -0.042100 -0.016861 0.938383 0.345184 0.746100 -0.180245 -0.342430 0.922092 0.157600 0.000000 0.000000 0.000000 1.000000
0.982983 -0.051616 0.176294 -0.042100 -0.020253 0.923409 0.383283 0.746100 -0.182575 -0.380331 0.906650 0.157600 0.000000 0.000000 0.000000 1.000000
0.983236 -0.055928 0.173549 -0.042100 -0.019667 0.913716 0.405876 0.746100 -0.181274 -0.402485 0.897299 0.157600 0.000000 0.000000 0.000000 1.000000
0.984361 -0.058402 0.166202 -0.042100 -0.016300 0.909208 0.416024 0.746100 -0.175409 -0.412227 0.894036 0.157600 0.000000 0.000000 0.000000 1.000000
0.986260 -0.054729 0.155874 -0.042100 -0.016464 0.906273 0.422373 0.746100 -0.164380 -0.419136 0.892919 0.157600 0.000000 0.000000 0.000000 1.000000
0.987600 -0.044748 0.150482 -0.042100 -0.024960 0.901574 0.431905 0.746100 -0.154997 -0.430305 0.889277 0.157600 0.000000 0.000000 0.000000 1.000000
0.988215 -0.031509 0.149794 -0.042100 -0.038859 0.894887 0.444598 0.746100 -0.148057 -0.445179 0.883117 0.157600 0.000000 0.000000 0.000000 1.000000
0.987994 -0.021436 0.152995 -0.042100 -0.051541 0.887852 0.457233 0.746100 -0.145638 -0.459629 0.876088 0.157600 0.000000 0.000000 0.000000 1.000000
0.988001 -0.013989 0.153815 -0.042100 -0.060650 0.880755 0.469672 0.746100 -0.142044 -0.473365 0.869338 0.157600 0.000000 0.000000 0.000000 1.000000
0.988100 -0.003387 0.153775 -0.042100 -0.071665 0.874473 0.479752 0.746100 -0.136097 -0.485063 0.863824 0.157600 0.000000 0.000000 0.000000 1.000000
0.988059 0.011123 0.153671 -0.042100 -0.085356 0.869865 0.485849 0.746100 -0.128269 -0.493165 0.860427 0.157600 0.000000 0.000000 0.000000 1.000000
0.987590 0.027271 0.154670 -0.042100 -0.100027 0.868462 0.485560 0.746100 -0.121083 -0.495006 0.860412 0.157600 0.000000 0.000000 0.000000 1.000000</float_array>
          <technique_common>
            <accessor source="#mixamorig_Spine-Matrix-animation-output-transform-array" count="66" stride="16">
              <param type="float4x4"/>
            </accessor>
          </technique_common>
        </source>
        <source id="mixamorig_Spine-Interpolations">
          <Name_array id="mixamorig_Spine-Interpolations-array" count="66">
 LINEAR LINEAR LINEAR LINEAR LINEAR LINEAR LINEAR LINEAR LINEAR LINEAR LINEAR
LINEAR LINEAR LINEAR LINEAR LINEAR LINEAR LINEAR LINEAR LINEAR LINEAR LINEAR LINEAR
LINEAR LINEAR LINEAR LINEAR LINEAR LINEAR LINEAR LINEAR LINEAR LINEAR LINEAR LINEAR
LINEAR LINEAR LINEAR LINEAR LINEAR LINEAR LINEAR LINEAR LINEAR LINEAR LINEAR LINEAR
LINEAR LINEAR LINEAR LINEAR LINEAR LINEAR LINEAR LINEAR LINEAR LINEAR LINEAR LINEAR
LINEAR LINEAR LINEAR LINEAR LINEAR LINEAR LINEAR</Name_array>
          <technique_common>
            <accessor source="#mixamorig_Spine-Interpolations-array" count="66">
              <param type="name"/>
            </accessor>
          </technique_common>
        </source>
        <sampler id="mixamorig_Spine-Matrix-animation-transform">
          <input semantic="INPUT" source="#mixamorig_Spine-Matrix-animation-input"/>
          <input semantic="OUTPUT" source="#mixamorig_Spine-Matrix-animation-output-transform"/>
          <input semantic="INTERPOLATION" source="#mixamorig_Spine-Interpolations"/>
        </sampler>
        <channel source="#mixamorig_Spine-Matrix-animation-transform" target="mixamorig_Spine/matrix"/>
      </animation>
    </animation>
    <animation id="mixamorig_Spine1-anim" name="mixamorig_Spine1">
      <animation>
        <source id="mixamorig_Spine1-Matrix-animation-input">
          <float_array id="mixamorig_Spine1-Matrix-animation-input-array" count="66">

0.000000 0.033333 0.066667 0.100000 0.133333 0.166667 0.200000 0.233333 0.266667 0.300000 0.333333 0.366667 0.400000 0.433333 0.466667 0.500000
0.533333 0.566667 0.600000 0.633333 0.666667 0.700000 0.733333 0.766667 0.800000 0.833333 0.866667 0.900000 0.933333 0.966667 1.000000 1.033333
1.066667 1.100000 1.133333 1.166667 1.200000 1.233333 1.266667 1.300000 1.333333 1.366667 1.400000 1.433333 1.466667 1.500000 1.533333 1.566667
1.600000 1.633333 1.666667 1.700000 1.733333 1.766667 1.800000 1.833333 1.866667 1.900000 1.933333 1.966667 2.000000 2.033333 2.066667 2.100000
2.133333 2.166667</float_array>
          <technique_common>
            <accessor source="#mixamorig_Spine1-Matrix-animation-input-array" count="66">
              <param name="TIME" type="float"/>
            </accessor>
          </technique_common>
        </source>
        <source id="mixamorig_Spine1-Matrix-animation-output-transform">
          <float_array id="mixamorig_Spine1-Matrix-animation-output-transform-array" count="1056">

0.994730 -0.098718 0.027677 0.000000 0.097845 0.994709 0.031294 0.755700 -0.030620 -0.028421 0.999127 0.000000 0.000000 0.000000 0.000000 1.000000
0.994647 -0.091005 0.048952 0.000000 0.090154 0.995740 0.019334 0.755700 -0.050503 -0.014817 0.998614 -0.000000 0.000000 0.000000 0.000000 1.000000
0.995370 -0.079403 0.054165 0.000000 0.077754 0.996462 0.031899 0.755700 -0.056506 -0.027540 0.998022 0.000000 0.000000 0.000000 0.000000 1.000000
0.996809 -0.054519 0.058304 0.000000 0.051392 0.997225 0.053856 0.755700 -0.061078 -0.050688 0.996845 0.000000 0.000000 0.000000 0.000000 1.000000
