<?xml version="1.0" encoding="utf-8"?>
<COLLADA xmlns="http://www.collada.org/2005/11/COLLADASchema" version="1.4.1">
  <asset>
    <contributor>
      <authoring_tool>FBX COLLADA exporter</authoring_tool>
    </contributor>
    <created>2020-05-03T18:14:57Z</created>
    <modified>2020-05-03T18:14:57Z</modified>
    <unit meter="0.010000" name="centimeter"/>
    <up_axis>Y_UP</up_axis>
  </asset>
  <library_animations>
    <animation id="Geralt-anim" name="Geralt">
      <animation>
        <source id="Geralt-Matrix-animation-input">
          <float_array id="Geralt-Matrix-animation-input-array" count="64">

0.000000 0.033333 0.066667 0.100000 0.133333 0.166667 0.200000 0.233333 0.266667 0.300000 0.333333 0.366667 0.400000 0.433333 0.466667 0.500000
0.533333 0.566667 0.600000 0.633333 0.666667 0.700000 0.733333 0.766667 0.800000 0.833333 0.866667 0.900000 0.933333 0.966667 1.000000 1.033333
1.066667 1.100000 1.133333 1.166667 1.200000 1.233333 1.266667 1.300000 1.333333 1.366667 1.400000 1.433333 1.466667 1.500000 1.533333 1.566667
1.600000 1.633333 1.666667 1.700000 1.733333 1.766667 1.800000 1.833333 1.866667 1.900000 1.933333 1.966667 2.000000 2.033333 2.066667 2.100000</float_array>
          <technique_common>
            <accessor source="#Geralt-Matrix-animation-input-array" count="64">
              <param name="TIME" type="float"/>
            </accessor>
          </technique_common>
        </source>
        <source id="Geralt-Matrix-animation-output-transform">
          <float_array id="Geralt-Matrix-animation-output-transform-array" count="1024">

0.089204 0.000779 -0.045189 0.000000 -0.010698 0.097508 -0.019437 -0.012244 0.043911 0.022173 0.087065 0.000000 0.000000 0.000000 0.000000 1.000000
0.088736 -0.003287 -0.045990 0.000000 -0.006139 0.098015 -0.018850 -0.043227 0.045697 0.019550 0.086773 0.000000 0.000000 0.000000 0.000000 1.000000
0.088915 -0.005769 -0.045397 0.000000 -0.002439 0.098464 -0.017290 -0.073108 0.045697 0.016481 0.087408 0.000000 0.000000 0.000000 0.000000 1.000000
0.091095 -0.004871 -0.040963 0.000000 -0.001091 0.098981 -0.014197 -0.104522 0.041237 0.013380 0.090114 0.000000 0.000000 0.000000 0.000000 1.000000
0.094258 -0.002137 -0.033331 0.000000 -0.001045 0.099557 -0.009339 -0.135781 0.033383 0.009151 0.093818 0.000000 0.000000 0.000000 0.000000 1.000000
0.097681 0.003166 -0.021174 0.000000 -0.003960 0.099866 -0.003334 -0.157462 0.021040 0.004095 0.097676 0.000000 0.000000 0.000000 0.000000 1.000000
0.099175 0.007560 -0.010355 0.000000 -0.007432 0.099710 0.001615 -0.177220 0.010447 -0.000832 0.099449 0.000000 0.000000 0.000000 0.000000 1.000000
0.099485 0.010085 -0.001013 0.000000 -0.010005 0.099309 0.006141 -0.186923 0.001625 -0.006008 0.099806 0.000000 0.000000 0.000000 0.000000 1.000000
0.099602 0.008834 0.001222 0.000000 -0.008916 0.098942 0.011448 -0.194224 -0.000198 -0.011511 0.099335 0.000000 0.000000 0.000000 0.000000 1.000000
0.099706 0.007296 -0.002342 0.000000 -0.006758 0.098132 0.018011 -0.207312 0.003612 -0.017800 0.098337 0.000000 0.000000 0.000000 0.000000 1.000000
0.099431 0.008105 -0.006920 0.000000 -0.006193 0.096787 0.024370 -0.224468 0.008673 -0.023802 0.096738 0.000000 0.000000 0.000000 0.000000 1.000000
0.099237 0.010251 -0.006843 0.000000 -0.007831 0.095315 0.029220 -0.239177 0.009518 -0.028461 0.095391 0.000000 0.000000 0.000000 0.000000 1.000000
0.098981 0.013566 -0.004331 0.000000 -0.011509 0.094118 0.031771 -0.251084 0.008386 -0.030949 0.094720 0.000000 0.000000 0.000000 0.000000 1.000000
0.098527 0.017070 -0.001036 0.000000 -0.015819 0.093272 0.032405 -0.259153 0.006498 -0.031764 0.094598 0.000000 0.000000 0.000000 0.000000 1.000000
0.097996 0.019918 -0.000273 0.000000 -0.018763 0.092755 0.032317 -0.266045 0.006690 -0.031618 0.094634 0.000000 0.000000 0.000000 0.000000 1.000000
0.097554 0.021889 -0.002004 0.000000 -0.020093 0.092502 0.032244 -0.269923 0.008912 -0.031052 0.094638 0.000000 0.000000 0.000000 0.000000 1.000000
0.097115 0.023446 -0.004367 0.000000 -0.020844 0.092341 0.032229 -0.270569 0.011589 -0.030389 0.094563 0.000000 0.000000 0.000000 0.000000 1.000000
0.096618 0.025144 -0.005723 0.000000 -0.022065 0.092097 0.032113 -0.268106 0.013345 -0.029764 0.094531 0.000000 0.000000 0.000000 0.000000 1.000000
0.096111 0.027104 -0.005300 0.000000 -0.024136 0.091760 0.031584 -0.263329 0.013424 -0.029076 0.094733 0.000000 0.000000 0.000000 0.000000 1.000000
0.095548 0.029187 -0.004325 0.000000 -0.026565 0.091475 0.030439 -0.258107 0.012841 -0.027935 0.095156 0.000000 0.000000 0.000000 0.000000 1.000000
0.094939 0.031023 -0.004914 0.000000 -0.028388 0.091445 0.028845 -0.254192 0.013442 -0.025990 0.095623 0.000000 0.000000 0.000000 0.000000 1.000000
0.094327 0.032232 -0.007974 0.000000 -0.029098 0.091812 0.026904 -0.251284 0.015993 -0.023057 0.095982 0.000000 0.000000 0.000000 0.000000 1.000000
0.093794 0.032246 -0.012764 0.000000 -0.028557 0.092696 0.024331 -0.249470 0.019677 -0.019176 0.096151 0.000000 0.000000 0.000000 0.000000 1.000000
0.093599 0.031134 -0.016429 0.000000 -0.027678 0.093923 0.020306 -0.245718 0.021753 -0.014459 0.096529 0.000000 0.000000 0.000000 0.000000 1.000000
0.093631 0.029771 -0.018627 0.000000 -0.027274 0.095059 0.014833 -0.237185 0.022123 -0.008808 0.097124 0.000000 0.000000 0.000000 0.000000 1.000000
0.093715 0.028549 -0.020062 0.000000 -0.027323 0.095801 0.008696 -0.224459 0.021702 -0.002668 0.097580 0.000000 0.000000 0.000000 0.000000 1.000000
0.093778 0.027268 -0.021497 0.000000 -0.027285 0.096161 0.002945 -0.210213 0.021474 0.003104 0.097618 0.000000 0.000000 0.000000 0.000000 1.000000
0.094061 0.025559 -0.022344 0.000000 -0.026671 0.096356 -0.002055 -0.197082 0.021005 0.007892 0.097450 0.000000 0.000000 0.000000 0.000000 1.000000
0.094629 0.023328 -0.022388 0.000000 -0.025326 0.096523 -0.006471 -0.187019 0.020100 0.011793 0.097247 0.000000 0.000000 0.000000 0.000000 1.000000
0.095299 0.020839 -0.021996 0.000000 -0.023567 0.096606 -0.010580 -0.181690 0.019045 0.015267 0.096975 0.000000 0.000000 0.000000 0.000000 1.000000
0.096110 0.019859 -0.019195 0.000000 -0.022866 0.096193 -0.014970 -0.177763 0.015491 0.018777 0.096992 0.000000 0.000000 0.000000 0.000000 1.000000
0.096500 0.020991 -0.015722 0.000000 -0.023775 0.095325 -0.018652 -0.170944 0.011072 0.021737 0.096979 0.000000 0.000000 0.000000 0.000000 1.000000
0.096630 0.023277 -0.010992 0.000000 -0.025120 0.094595 -0.020511 -0.165413 0.005623 0.022581 0.097255 0.000000 0.000000 0.000000 0.000000 1.000000
0.096678 0.025158 -0.004527 0.000000 -0.025552 0.094616 -0.019873 -0.165879 -0.000716 0.020370 0.097901 0.000000 0.000000 0.000000 0.000000 1.000000
0.096684 0.025433 0.002312 0.000000 -0.024706 0.095443 -0.016742 -0.171962 -0.006465 0.015616 0.098561 0.000000 0.000000 0.000000 0.000000 1.000000
0.096669 0.024149 0.008484 0.000000 -0.023040 0.096534 -0.012259 -0.180620 -0.011151 0.009896 0.098882 0.000000 0.000000 0.000000 0.000000 1.000000
0.096728 0.021796 0.012990 0.000000 -0.020895 0.097469 -0.007956 -0.185032 -0.014395 0.004981 0.098833 0.000000 0.000000 0.000000 0.000000 1.000000
0.096476 0.019240 0.017949 0.000000 -0.018525 0.098110 -0.005592 -0.183570 -0.018686 0.002070 0.098217 0.000000 0.000000 0.000000 0.000000 1.000000
0.095198 0.017027 0.025443 0.000000 -0.015974 0.098523 -0.006166 -0.176249 -0.026117 0.001806 0.096512 0.000000 0.000000 0.000000 0.000000 1.000000
0.092125 0.015361 0.035736 0.000000 -0.012617 0.098705 -0.009902 -0.162292 -0.036794 0.004613 0.092870 0.000000 0.000000 0.000000 0.000000 1.000000
0.086431 0.014665 0.048111 0.000000 -0.007596 0.098364 -0.016337 -0.141809 -0.049720 0.010466 0.086130 0.000000 0.000000 0.000000 0.000000 1.000000
0.077094 0.015827 0.061693 0.000000 -0.000802 0.097097 -0.023907 -0.116033 -0.063686 0.017936 0.074983 0.000000 0.000000 0.000000 0.000000 1.000000
0.062905 0.018633 0.075470 0.000000 0.007629 0.095137 -0.029847 -0.088321 -0.077361 0.024533 0.058424 0.000000 0.000000 0.000000 0.000000 1.000000
0.042625 0.022460 0.087628 0.000000 0.015955 0.093483 -0.031722 -0.066021 -0.089043 0.027502 0.036263 0.000000 0.000000 0.000000 0.000000 1.000000
0.016329 0.025672 0.095259 0.000000 0.021773 0.093237 -0.028859 -0.055794 -0.096225 0.025453 0.009635 0.000000 0.000000 0.000000 0.000000 1.000000
-0.014300 0.026235 0.095432 0.000000 0.024111 0.094441 -0.022349 -0.055637 -0.095990 0.019814 -0.019831 0.000000 0.000000 0.000000 0.000000 1.000000
-0.046063 0.023890 0.085483 0.000000 0.022944 0.096241 -0.014533 -0.060824 -0.085742 0.012919 -0.049813 0.000000 0.000000 0.000000 0.000000 1.000000
-0.074092 0.019997 0.064113 0.000000 0.019580 0.097749 -0.007860 -0.066085 -0.064241 0.006730 -0.076340 0.000000 0.000000 0.000000 0.000000 1.000000
-0.092878 0.016406 0.033235 0.000000 0.016120 0.098625 -0.003635 -0.068810 -0.033375 0.001981 -0.094245 0.000000 0.000000 0.000000 0.000000 1.000000
-0.098981 0.014143 -0.001673 0.000000 0.014170 0.098977 -0.001649 -0.068319 0.001422 -0.001869 -0.099972 0.000000 0.000000 0.000000 0.000000 1.000000
-0.093109 0.012420 -0.034301 0.000000 0.013601 0.099065 -0.001049 -0.065452 0.033850 -0.005642 -0.093928 0.000000 0.000000 0.000000 0.000000 1.000000
-0.078842 0.009620 -0.060756 0.000000 0.013100 0.099130 -0.001304 -0.063094 0.060102 -0.008987 -0.079416 0.000000 0.000000 0.000000 0.000000 1.000000
-0.059602 0.005965 -0.080075 0.000000 0.012563 0.099188 -0.001962 -0.060161 0.079308 -0.011229 -0.059867 0.000000 0.000000 0.000000 0.000000 1.000000
-0.037681 0.001857 -0.092610 0.000000 0.011387 0.099314 -0.002642 -0.059262 0.091926 -0.011541 -0.037634 0.000000 0.000000 0.000000 0.000000 1.000000
-0.014708 -0.001723 -0.098897 0.000000 0.009277 0.099520 -0.003114 -0.060449 0.098476 -0.009633 -0.014478 0.000000 0.000000 0.000000 0.000000 1.000000
0.008003 -0.004248 -0.099589 0.000000 0.006302 0.099731 -0.003748 -0.061209 0.099480 -0.005976 0.008249 0.000000 0.000000 0.000000 0.000000 1.000000
0.029294 -0.005928 -0.095429 0.000000 0.003350 0.099810 -0.005171 -0.059624 0.095554 -0.001682 0.029437 0.000000 0.000000 0.000000 0.000000 1.000000
0.047949 -0.007165 -0.087462 0.000000 0.001375 0.099715 -0.007415 -0.056356 0.087744 0.002353 0.047911 0.000000 0.000000 0.000000 0.000000 1.000000
0.062829 -0.008114 -0.077374 0.000000 0.001370 0.099555 -0.009327 -0.051926 0.077786 0.004800 0.062660 0.000000 0.000000 0.000000 0.000000 1.000000
0.073513 -0.008355 -0.067276 0.000000 0.002137 0.099474 -0.010018 -0.049527 0.067759 0.005927 0.073305 0.000000 0.000000 0.000000 0.000000 1.000000
0.080690 -0.007279 -0.058618 0.000000 0.001834 0.099499 -0.009831 -0.047933 0.059040 0.006858 0.080419 0.000000 0.000000 0.000000 0.000000 1.000000
0.085570 -0.005470 -0.051457 0.000000 0.000584 0.099536 -0.009609 -0.043668 0.051744 0.007922 0.085204 0.000000 0.000000 0.000000 0.000000 1.000000
0.089252 -0.003841 -0.044937 0.000000 -0.000590 0.099529 -0.009679 -0.036860 0.045097 0.008904 0.088808 0.000000 0.000000 0.000000 0.000000 1.000000
0.092414 -0.002890 -0.038095 0.000000 -0.000826 0.099539 -0.009556 -0.030763 0.038196 0.009146 0.091964 0.000000 0.000000 0.000000 0.000000 1.000000</float_array>
          <technique_common>
            <accessor source="#Geralt-Matrix-animation-output-transform-array" count="64" stride="16">
              <param type="float4x4"/>
            </accessor>
          </technique_common>
        </source>
        <source id="Geralt-Interpolations">
          <Name_array id="Geralt-Interpolations-array" count="64">
 LINEAR LINEAR LINEAR LINEAR LINEAR LINEAR LINEAR LINEAR LINEAR LINEAR LINEAR
LINEAR LINEAR LINEAR LINEAR LINEAR LINEAR LINEAR LINEAR LINEAR LINEAR LINEAR LINEAR
LINEAR LINEAR LINEAR LINEAR LINEAR LINEAR LINEAR LINEAR LINEAR LINEAR LINEAR LINEAR
LINEAR LINEAR LINEAR LINEAR LINEAR LINEAR LINEAR LINEAR LINEAR LINEAR LINEAR LINEAR
LINEAR LINEAR LINEAR LINEAR LINEAR LINEAR LINEAR LINEAR LINEAR LINEAR LINEAR LINEAR
LINEAR LINEAR LINEAR LINEAR LINEAR</Name_array>
          <technique_common>
            <accessor source="#Geralt-Interpolations-array" count="64">
              <param type="name"/>
            </accessor>
          </technique_common>
        </source>
        <sampler id="Geralt-Matrix-animation-transform">
          <input semantic="INPUT" source="#Geralt-Matrix-animation-input"/>
          <input semantic="OUTPUT" source="#Geralt-Matrix-animation-output-transform"/>
          <input semantic="INTERPOLATION" source="#Geralt-Interpolations"/>
        </sampler>
        <channel source="#Geralt-Matrix-animation-transform" target="Geralt/matrix"/>
      </animation>
    </animation>
    <animation id="mixamorig_Hips-anim" name="mixamorig_Hips">
      <animation>
        <source id="mixamorig_Hips-Matrix-animation-input">
          <float_array id="mixamorig_Hips-Matrix-animation-input-array" count="64">

0.000000 0.033333 0.066667 0.100000 0.133333 0.166667 0.200000 0.233333 0.266667 0.300000 0.333333 0.366667 0.400000 0.433333 0.466667 0.500000
0.533333 0.566667 0.600000 0.633333 0.666667 0.700000 0.733333 0.766667 0.800000 0.833333 0.866667 0.900000 0.933333 0.966667 1.000000 1.033333
1.066667 1.100000 1.133333 1.166667 1.200000 1.233333 1.266667 1.300000 1.333333 1.366667 1.400000 1.433333 1.466667 1.500000 1.533333 1.566667
1.600000 1.633333 1.666667 1.700000 1.733333 1.766667 1.800000 1.833333 1.866667 1.900000 1.933333 1.966667 2.000000 2.033333 2.066667 2.100000</float_array>
          <technique_common>
            <accessor source="#mixamorig_Hips-Matrix-animation-input-array" count="64">
              <param name="TIME" type="float"/>
            </accessor>
          </technique_common>
        </source>
        <source id="mixamorig_Hips-Matrix-animation-output-transform">
          <float_array id="mixamorig_Hips-Matrix-animation-output-transform-array" count="1024">

-0.994733 0.002958 -0.102461 -0.079300 -0.006107 0.996097 0.088049 3.696700 0.102322 0.088211 -0.990832 0.497700 0.000000 0.000000 0.000000 1.000000
-0.994733 0.002958 -0.102461 -0.079300 -0.006107 0.996097 0.088049 3.696700 0.102322 0.088211 -0.990832 0.497700 0.000000 0.000000 0.000000 1.000000
-0.994733 0.002958 -0.102461 -0.079300 -0.006107 0.996097 0.088049 3.696700 0.102322 0.088211 -0.990832 0.497700 0.000000 0.000000 0.000000 1.000000
-0.994733 0.002958 -0.102461 -0.079300 -0.006107 0.996097 0.088049 3.696700 0.102322 0.088211 -0.990832 0.497700 0.000000 0.000000 0.000000 1.000000
-0.994733 0.002958 -0.102461 -0.079300 -0.006107 0.996097 0.088049 3.696700 0.102322 0.088211 -0.990832 0.497700 0.000000 0.000000 0.000000 1.000000
-0.994733 0.002958 -0.102461 -0.079300 -0.006107 0.996097 0.088049 3.696700 0.102322 0.088211 -0.990832 0.497700 0.000000 0.000000 0.000000 1.000000
-0.994733 0.002958 -0.102461 -0.079300 -0.006107 0.996097 0.088049 3.696700 0.102322 0.088211 -0.990832 0.497700 0.000000 0.000000 0.000000 1.000000
-0.994733 0.002958 -0.102461 -0.079300 -0.006107 0.996097 0.088049 3.696700 0.102322 0.088211 -0.990832 0.497700 0.000000 0.000000 0.000000 1.000000
-0.994733 0.002958 -0.102461 -0.079300 -0.006107 0.996097 0.088049 3.696700 0.102322 0.088211 -0.990832 0.497700 0.000000 0.000000 0.000000 1.000000
-0.994733 0.002958 -0.102461 -0.079300 -0.006107 0.996097 0.088049 3.696700 0.102322 0.088211 -0.990832 0.497700 0.000000 0.000000 0.000000 1.000000
-0.994733 0.002958 -0.102461 -0.079300 -0.006107 0.996097 0.088049 3.696700 0.102322 0.088211 -0.990832 0.497700 0.000000 0.000000 0.000000 1.000000
-0.994733 0.002958 -0.102461 -0.079300 -0.006107 0.996097 0.088049 3.696700 0.102322 0.088211 -0.990832 0.497700 0.000000 0.000000 0.000000 1.000000
-0.994733 0.002958 -0.102461 -0.079300 -0.006107 0.996097 0.088049 3.696700 0.102322 0.088211 -0.990832 0.497700 0.000000 0.000000 0.000000 1.000000
-0.994733 0.002958 -0.102461 -0.079300 -0.006107 0.996097 0.088049 3.696700 0.102322 0.088211 -0.990832 0.497700 0.000000 0.000000 0.000000 1.000000
-0.994733 0.002958 -0.102461 -0.079300 -0.006107 0.996097 0.088049 3.696700 0.102322 0.088211 -0.990832 0.497700 0.000000 0.000000 0.000000 1.000000
-0.994733 0.002958 -0.102461 -0.079300 -0.006107 0.996097 0.088049 3.696700 0.102322 0.088211 -0.990832 0.497700 0.000000 0.000000 0.000000 1.000000
-0.994733 0.002958 -0.102461 -0.079300 -0.006107 0.996097 0.088049 3.696700 0.102322 0.088211 -0.990832 0.497700 0.000000 0.000000 0.000000 1.000000
-0.994733 0.002958 -0.102461 -0.079300 -0.006107 0.996097 0.088049 3.696700 0.102322 0.088211 -0.990832 0.497700 0.000000 0.000000 0.000000 1.000000
-0.994733 0.002958 -0.102461 -0.079300 -0.006107 0.996097 0.088049 3.696700 0.102322 0.088211 -0.990832 0.497700 0.000000 0.000000 0.000000 1.000000
-0.994733 0.002958 -0.102461 -0.079300 -0.006107 0.996097 0.088049 3.696700 0.102322 0.088211 -0.990832 0.497700 0.000000 0.000000 0.000000 1.000000
-0.994733 0.002958 -0.102461 -0.079300 -0.006107 0.996097 0.088049 3.696700 0.102322 0.088211 -0.990832 0.497700 0.000000 0.000000 0.000000 1.000000
-0.994733 0.002958 -0.102461 -0.079300 -0.006107 0.996097 0.088049 3.696700 0.102322 0.088211 -0.990832 0.497700 0.000000 0.000000 0.000000 1.000000
-0.994733 0.002958 -0.102461 -0.079300 -0.006107 0.996097 0.088049 3.696700 0.102322 0.088211 -0.990832 0.497700 0.000000 0.000000 0.000000 1.000000
-0.994733 0.002958 -0.102461 -0.079300 -0.006107 0.996097 0.088049 3.696700 0.102322 0.088211 -0.990832 0.497700 0.000000 0.000000 0.000000 1.000000
-0.994733 0.002958 -0.102461 -0.079300 -0.006107 0.996097 0.088049 3.696700 0.102322 0.088211 -0.990832 0.497700 0.000000 0.000000 0.000000 1.000000
-0.994733 0.002958 -0.102461 -0.079300 -0.006107 0.996097 0.088049 3.696700 0.102322 0.088211 -0.990832 0.497700 0.000000 0.000000 0.000000 1.000000
-0.994733 0.002958 -0.102461 -0.079300 -0.006107 0.996097 0.088049 3.696700 0.102322 0.088211 -0.990832 0.497700 0.000000 0.000000 0.000000 1.000000
-0.994733 0.002958 -0.102461 -0.079300 -0.006107 0.996097 0.088049 3.696700 0.102322 0.088211 -0.990832 0.497700 0.000000 0.000000 0.000000 1.000000
-0.994733 0.002958 -0.102461 -0.079300 -0.006107 0.996097 0.088049 3.696700 0.102322 0.088211 -0.990832 0.497700 0.000000 0.000000 0.000000 1.000000
-0.994733 0.002958 -0.102461 -0.079300 -0.006107 0.996097 0.088049 3.696700 0.102322 0.088211 -0.990832 0.497700 0.000000 0.000000 0.000000 1.000000
-0.994733 0.002958 -0.102461 -0.079300 -0.006107 0.996097 0.088049 3.696700 0.102322 0.088211 -0.990832 0.497700 0.000000 0.000000 0.000000 1.000000
-0.994733 0.002958 -0.102461 -0.079300 -0.006107 0.996097 0.088049 3.696700 0.102322 0.088211 -0.990832 0.497700 0.000000 0.000000 0.000000 1.000000
-0.994733 0.002958 -0.102461 -0.079300 -0.006107 0.996097 0.088049 3.696700 0.102322 0.088211 -0.990832 0.497700 0.000000 0.000000 0.000000 1.000000
-0.994733 0.002958 -0.102461 -0.079300 -0.006107 0.996097 0.088049 3.696700 0.102322 0.088211 -0.990832 0.497700 0.000000 0.000000 0.000000 1.000000
-0.994733 0.002958 -0.102461 -0.079300 -0.006107 0.996097 0.088049 3.696700 0.102322 0.088211 -0.990832 0.497700 0.000000 0.000000 0.000000 1.000000
-0.994733 0.002958 -0.102461 -0.079300 -0.006107 0.996097 0.088049 3.696700 0.102322 0.088211 -0.990832 0.497700 0.000000 0.000000 0.000000 1.000000
-0.994733 0.002958 -0.102461 -0.079300 -0.006107 0.996097 0.088049 3.696700 0.102322 0.088211 -0.990832 0.497700 0.000000 0.000000 0.000000 1.000000
-0.994733 0.002958 -0.102461 -0.079300 -0.006107 0.996097 0.088049 3.696700 0.102322 0.088211 -0.990832 0.497700 0.000000 0.000000 0.000000 1.000000
-0.994733 0.002958 -0.102461 -0.079300 -0.006107 0.996097 0.088049 3.696700 0.102322 0.088211 -0.990832 0.497700 0.000000 0.000000 0.000000 1.000000
-0.994733 0.002958 -0.102461 -0.079300 -0.006107 0.996097 0.088049 3.696700 0.102322 0.088211 -0.990832 0.497700 0.000000 0.000000 0.000000 1.000000
-0.994733 0.002958 -0.102461 -0.079300 -0.006107 0.996097 0.088049 3.696700 0.102322 0.088211 -0.990832 0.497700 0.000000 0.000000 0.000000 1.000000
-0.994733 0.002958 -0.102461 -0.079300 -0.006107 0.996097 0.088049 3.696700 0.102322 0.088211 -0.990832 0.497700 0.000000 0.000000 0.000000 1.000000
-0.994733 0.002958 -0.102461 -0.079300 -0.006107 0.996097 0.088049 3.696700 0.102322 0.088211 -0.990832 0.497700 0.000000 0.000000 0.000000 1.000000
-0.994733 0.002958 -0.102461 -0.079300 -0.006107 0.996097 0.088049 3.696700 0.102322 0.088211 -0.990832 0.497700 0.000000 0.000000 0.000000 1.000000
-0.994733 0.002958 -0.102461 -0.079300 -0.006107 0.996097 0.088049 3.696700 0.102322 0.088211 -0.990832 0.497700 0.000000 0.000000 0.000000 1.000000
-0.994733 0.002958 -0.102461 -0.079300 -0.006107 0.996097 0.088049 3.696700 0.102322 0.088211 -0.990832 0.497700 0.000000 0.000000 0.000000 1.000000
-0.994733 0.002958 -0.102461 -0.079300 -0.006107 0.996097 0.088049 3.696700 0.102322 0.088211 -0.990832 0.497700 0.000000 0.000000 0.000000 1.000000
-0.994733 0.002958 -0.102461 -0.079300 -0.006107 0.996097 0.088049 3.696700 0.102322 0.088211 -0.990832 0.497700 0.000000 0.000000 0.000000 1.000000
-0.994733 0.002958 -0.102461 -0.079300 -0.006107 0.996097 0.088049 3.696700 0.102322 0.088211 -0.990832 0.497700 0.000000 0.000000 0.000000 1.000000
-0.994733 0.002958 -0.102461 -0.079300 -0.006107 0.996097 0.088049 3.696700 0.102322 0.088211 -0.990832 0.497700 0.000000 0.000000 0.000000 1.000000
-0.994733 0.002958 -0.102461 -0.079300 -0.006107 0.996097 0.088049 3.696700 0.102322 0.088211 -0.990832 0.497700 0.000000 0.000000 0.000000 1.000000
-0.994733 0.002958 -0.102461 -0.079300 -0.006107 0.996097 0.088049 3.696700 0.102322 0.088211 -0.990832 0.497700 0.000000 0.000000 0.000000 1.000000
-0.994733 0.002958 -0.102461 -0.079300 -0.006107 0.996097 0.088049 3.696700 0.102322 0.088211 -0.990832 0.497700 0.000000 0.000000 0.000000 1.000000
-0.994733 0.002958 -0.102461 -0.079300 -0.006107 0.996097 0.088049 3.696700 0.102322 0.088211 -0.990832 0.497700 0.000000 0.000000 0.000000 1.000000
-0.994733 0.002958 -0.102461 -0.079300 -0.006107 0.996097 0.088049 3.696700 0.102322 0.088211 -0.990832 0.497700 0.000000 0.000000 0.000000 1.000000
-0.994733 0.002958 -0.102461 -0.079300 -0.006107 0.996097 0.088049 3.696700 0.102322 0.088211 -0.990832 0.497700 0.000000 0.000000 0.000000 1.000000
-0.994733 0.002958 -0.102461 -0.079300 -0.006107 0.996097 0.088049 3.696700 0.102322 0.088211 -0.990832 0.497700 0.000000 0.000000 0.000000 1.000000
-0.994733 0.002958 -0.102461 -0.079300 -0.006107 0.996097 0.088049 3.696700 0.102322 0.088211 -0.990832 0.497700 0.000000 0.000000 0.000000 1.000000
-0.994733 0.002958 -0.102461 -0.079300 -0.006107 0.996097 0.088049 3.696700 0.102322 0.088211 -0.990832 0.497700 0.000000 0.000000 0.000000 1.000000
-0.994733 0.002958 -0.102461 -0.079300 -0.006107 0.996097 0.088049 3.696700 0.102322 0.088211 -0.990832 0.497700 0.000000 0.000000 0.000000 1.000000
-0.994733 0.002958 -0.102461 -0.079300 -0.006107 0.996097 0.088049 3.696700 0.102322 0.088211 -0.990832 0.497700 0.000000 0.000000 0.000000 1.000000
-0.994733 0.002958 -0.102461 -0.079300 -0.006107 0.996097 0.088049 3.696700 0.102322 0.088211 -0.990832 0.497700 0.000000 0.000000 0.000000 1.000000
-0.994733 0.002958 -0.102461 -0.079300 -0.006107 0.996097 0.088049 3.696700 0.102322 0.088211 -0.990832 0.497700 0.000000 0.000000 0.000000 1.000000
-0.994733 0.002958 -0.102461 -0.079300 -0.006107 0.996097 0.088049 3.696700 0.102322 0.088211 -0.990832 0.497700 0.000000 0.000000 0.000000 1.000000</float_array>
          <technique_common>
            <accessor source="#mixamorig_Hips-Matrix-animation-output-transform-array" count="64" stride="16">
              <param type="float4x4"/>
            </accessor>
          </technique_common>
        </source>
        <source id="mixamorig_Hips-Interpolations">
          <Name_array id="mixamorig_Hips-Interpolations-array" count="64">
 LINEAR LINEAR LINEAR LINEAR LINEAR LINEAR LINEAR LINEAR LINEAR LINEAR LINEAR
LINEAR LINEAR LINEAR LINEAR LINEAR LINEAR LINEAR LINEAR LINEAR LINEAR LINEAR LINEAR
LINEAR LINEAR LINEAR LINEAR LINEAR LINEAR LINEAR LINEAR LINEAR LINEAR LINEAR LINEAR
LINEAR LINEAR LINEAR LINEAR LINEAR LINEAR LINEAR LINEAR LINEAR LINEAR LINEAR LINEAR
LINEAR LINEAR LINEAR LINEAR LINEAR LINEAR LINEAR LINEAR LINEAR LINEAR LINEAR LINEAR
LINEAR LINEAR LINEAR LINEAR LINEAR</Name_array>
          <technique_common>
            <accessor source="#mixamorig_Hips-Interpolations-array" count="64">
              <param type="name"/>
            </accessor>
          </technique_common>
        </source>
        <sampler id="mixamorig_Hips-Matrix-animation-transform">
          <input semantic="INPUT" source="#mixamorig_Hips-Matrix-animation-input"/>
          <input semantic="OUTPUT" source="#mixamorig_Hips-Matrix-animation-output-transform"/>
          <input semantic="INTERPOLATION" source="#mixamorig_Hips-Interpolations"/>
        </sampler>
        <channel source="#mixamorig_Hips-Matrix-animation-transform" target="mixamorig_Hips/matrix"/>
      </animation>
    </animation>
    <animation id="mixamorig_Spine-anim" name="mixamorig_Spine">
      <animation>
        <source id="mixamorig_Spine-Matrix-animation-input">
          <float_array id="mixamorig_Spine-Matrix-animation-input-array" count="64">

0.000000 0.033333 0.066667 0.100000 0.133333 0.166667 0.200000 0.233333 0.266667 0.300000 0.333333 0.366667 0.400000 0.433333 0.466667 0.500000
0.533333 0.566667 0.600000 0.633333 0.666667 0.700000 0.733333 0.766667 0.800000 0.833333 0.866667 0.900000 0.933333 0.966667 1.000000 1.033333
1.066667 1.100000 1.133333 1.166667 1.200000 1.233333 1.266667 1.300000 1.333333 1.366667 1.400000 1.433333 1.466667 1.500000 1.533333 1.566667
1.600000 1.633333 1.666667 1.700000 1.733333 1.766667 1.800000 1.833333 1.866667 1.900000 1.933333 1.966667 2.000000 2.033333 2.066667 2.100000</float_array>
          <technique_common>
            <accessor source="#mixamorig_Spine-Matrix-animation-input-array" count="64">
              <param name="TIME" type="float"/>
            </accessor>
          </technique_common>
        </source>
        <source id="mixamorig_Spine-Matrix-animation-output-transform">
          <float_array id="mixamorig_Spine-Matrix-animation-output-transform-array" count="1024">

0.969220 0.163912 0.183698 -0.042100 -0.244630 0.725179 0.643640 0.746100 -0.027714 -0.668767 0.742956 0.157600 0.000000 0.000000 0.000000 1.000000
0.981360 0.108056 0.158924 -0.042100 -0.184995 0.755143 0.628917 0.746100 -0.052052 -0.646594 0.761057 0.157600 0.000000 0.000000 0.000000 1.000000
0.988234 0.062952 0.139397 -0.042100 -0.133600 0.799003 0.586299 0.746100 -0.074470 -0.598023 0.798012 0.157600 0.000000 0.000000 0.000000 1.000000
0.988572 0.046270 0.143475 -0.042100 -0.114402 0.850057 0.514116 0.746100 -0.098174 -0.524655 0.845635 0.157600 0.000000 0.000000 0.000000 1.000000
0.983422 0.033445 0.178219 -0.042100 -0.106987 0.900563 0.421356 0.746100 -0.146405 -0.433438 0.889211 0.157600 0.000000 0.000000 0.000000 1.000000
0.984410 0.052344 0.167918 -0.042100 -0.102815 0.945847 0.307902 0.746100 -0.142708 -0.320366 0.936483 0.157600 0.000000 0.000000 0.000000 1.000000
0.985842 0.053775 0.158823 -0.042100 -0.088761 0.970951 0.222207 0.746100 -0.142260 -0.233158 0.961977 0.157600 0.000000 0.000000 0.000000 1.000000
0.989943 0.038945 0.136002 -0.042100 -0.061051 0.984840 0.162366 0.746100 -0.127617 -0.169036 0.977313 0.157600 0.000000 0.000000 0.000000 1.000000
0.993551 0.011581 0.112796 -0.042100 -0.027974 0.989057 0.144856 0.746100 -0.109884 -0.147077 0.983002 0.157600 0.000000 0.000000 0.000000 1.000000
0.993970 -0.005697 0.109501 -0.042100 -0.010248 0.989452 0.144498 0.746100 -0.109169 -0.144749 0.983428 0.157600 0.000000 0.000000 0.000000 1.000000
0.993329 0.005640 0.115177 -0.042100 -0.022591 0.988967 0.146407 0.746100 -0.113081 -0.148032 0.982496 0.157600 0.000000 0.000000 0.000000 1.000000
0.994427 0.032761 0.100204 -0.042100 -0.047137 0.988360 0.144646 0.746100 -0.094299 -0.148563 0.984397 0.157600 0.000000 0.000000 0.000000 1.000000
0.994313 0.062322 0.086362 -0.042100 -0.073982 0.987503 0.139154 0.746100 -0.076610 -0.144752 0.986498 0.157600 0.000000 0.000000 0.000000 1.000000
0.993379 0.094810 0.064876 -0.042100 -0.102796 0.985703 0.133501 0.746100 -0.051291 -0.139286 0.988923 0.157600 0.000000 0.000000 0.000000 1.000000
0.992314 0.115413 0.044646 -0.042100 -0.120444 0.983581 0.134395 0.746100 -0.028402 -0.138739 0.989922 0.157600 0.000000 0.000000 0.000000 1.000000
0.992150 0.121175 0.030897 -0.042100 -0.124409 0.981475 0.145703 0.746100 -0.012669 -0.148403 0.988846 0.157600 0.000000 0.000000 0.000000 1.000000
0.992920 0.116785 0.021707 -0.042100 -0.118751 0.980302 0.157819 0.746100 -0.002849 -0.159279 0.987229 0.157600 0.000000 0.000000 0.000000 1.000000
0.993488 0.112885 0.015471 -0.042100 -0.113898 0.980211 0.161903 0.746100 0.003112 -0.162611 0.986685 0.157600 0.000000 0.000000 0.000000 1.000000
0.992977 0.117436 0.014333 -0.042100 -0.118193 0.979395 0.163756 0.746100 0.005193 -0.164300 0.986397 0.157600 0.000000 0.000000 0.000000 1.000000
0.990737 0.135303 0.011556 -0.042100 -0.135211 0.975015 0.176251 0.746100 0.012580 -0.176181 0.984277 0.157600 0.000000 0.000000 0.000000 1.000000
0.985709 0.168306 0.007194 -0.042100 -0.166302 0.965382 0.200951 0.746100 0.026876 -0.199276 0.979575 0.157600 0.000000 0.000000 0.000000 1.000000
0.977517 0.210722 0.007513 -0.042100 -0.206594 0.950025 0.234034 0.746100 0.042179 -0.230325 0.972199 0.157600 0.000000 0.000000 0.000000 1.000000
0.968410 0.249348 0.002646 -0.042100 -0.239888 0.928671 0.282887 0.746100 0.068079 -0.274585 0.959150 0.157600 0.000000 0.000000 0.000000 1.000000
0.958930 0.283012 -0.018913 -0.042100 -0.259868 0.903318 0.341299 0.746100 0.113677 -0.322368 0.939764 0.157600 0.000000 0.000000 0.000000 1.000000
0.948173 0.314796 -0.043258 -0.042100 -0.272788 0.876231 0.397248 0.746100 0.162956 -0.364860 0.916691 0.157600 0.000000 0.000000 0.000000 1.000000
0.937677 0.341736 -0.063082 -0.042100 -0.279594 0.849690 0.447051 0.746100 0.206373 -0.401551 0.892282 0.157600 0.000000 0.000000 0.000000 1.000000
0.931557 0.355561 -0.076012 -0.042100 -0.276953 0.829346 0.485265 0.746100 0.235582 -0.431000 0.871057 0.157600 0.000000 0.000000 0.000000 1.000000
0.930148 0.354934 -0.094055 -0.042100 -0.261915 0.820869 0.507519 0.746100 0.257342 -0.447433 0.856492 0.157600 0.000000 0.000000 0.000000 1.000000
0.933712 0.338059 -0.117888 -0.042100 -0.234974 0.827064 0.510639 0.746100 0.270127 -0.449089 0.851675 0.157600 0.000000 0.000000 0.000000 1.000000
0.941209 0.306954 -0.141087 -0.042100 -0.201157 0.844749 0.495919 0.746100 0.271407 -0.438382 0.856831 0.157600 0.000000 0.000000 0.000000 1.000000
0.943671 0.285205 -0.167762 -0.042100 -0.177642 0.864427 0.470330 0.746100 0.279158 -0.414035 0.866398 0.157600 0.000000 0.000000 0.000000 1.000000
0.947684 0.265472 -0.177257 -0.042100 -0.164015 0.881348 0.443085 0.746100 0.273852 -0.390831 0.878781 0.157600 0.000000 0.000000 0.000000 1.000000
0.956477 0.241193 -0.164248 -0.042100 -0.152242 0.892649 0.424265 0.746100 0.248945 -0.380795 0.890518 0.157600 0.000000 0.000000 0.000000 1.000000
0.968931 0.210843 -0.129299 -0.042100 -0.139368 0.897310 0.418822 0.746100 0.204327 -0.387789 0.898816 0.157600 0.000000 0.000000 0.000000 1.000000
0.981883 0.173605 -0.075945 -0.042100 -0.125896 0.897213 0.423272 0.746100 0.141621 -0.406042 0.902814 0.157600 0.000000 0.000000 0.000000 1.000000
0.991292 0.130429 -0.018127 -0.042100 -0.109906 0.895307 0.431677 0.746100 0.072533 -0.425926 0.901846 0.157600 0.000000 0.000000 0.000000 1.000000
0.996449 0.076092 0.036038 -0.042100 -0.084185 0.893927 0.440235 0.746100 0.001283 -0.441706 0.897159 0.157600 0.000000 0.000000 0.000000 1.000000
0.996609 0.020976 0.079567 -0.042100 -0.054151 0.895257 0.442247 0.746100 -0.061956 -0.445056 0.893357 0.157600 0.000000 0.000000 0.000000 1.000000
0.994426 -0.025253 0.102368 -0.042100 -0.022469 0.897837 0.439754 0.746100 -0.103015 -0.439603 0.892265 0.157600 0.000000 0.000000 0.000000 1.000000
0.991704 -0.064039 0.111456 -0.042100 0.009135 0.899987 0.435821 0.746100 -0.128218 -0.431188 0.893105 0.157600 0.000000 0.000000 0.000000 1.000000
0.988853 -0.098851 0.111349 -0.042100 0.041591 0.901439 0.430903 0.746100 -0.142970 -0.421469 0.895502 0.157600 0.000000 0.000000 0.000000 1.000000
0.985791 -0.122263 0.115183 -0.042100 0.061660 0.901236 0.428919 0.746100 -0.156248 -0.415723 0.895969 0.157600 0.000000 0.000000 0.000000 1.000000
0.982736 -0.135088 0.126418 -0.042100 0.068194 0.899659 0.431236 0.746100 -0.171988 -0.415170 0.893339 0.157600 0.000000 0.000000 0.000000 1.000000
0.979686 -0.137613 0.145870 -0.042100 0.061136 0.897719 0.436306 0.746100 -0.190991 -0.418525 0.887896 0.157600 0.000000 0.000000 0.000000 1.000000
0.977963 -0.118273 0.172048 -0.042100 0.031661 0.898549 0.437729 0.746100 -0.206365 -0.422636 0.882492 0.157600 0.000000 0.000000 0.000000 1.000000
0.976966 -0.091485 0.192788 -0.042100 -0.000009 0.903423 0.428751 0.746100 -0.213393 -0.418877 0.882613 0.157600 0.000000 0.000000 0.000000 1.000000
0.977666 -0.067167 0.199142 -0.042100 -0.021488 0.910642 0.412637 0.746100 -0.209063 -0.407701 0.888860 0.157600 0.000000 0.000000 0.000000 1.000000
0.980783 -0.049042 0.188838 -0.042100 -0.030145 0.918177 0.395021 0.746100 -0.192759 -0.393122 0.899054 0.157600 0.000000 0.000000 0.000000 1.000000
0.982976 -0.050124 0.176767 -0.042100 -0.020773 0.925584 0.377973 0.746100 -0.182558 -0.375210 0.908785 0.157600 0.000000 0.000000 0.000000 1.000000
0.984048 -0.071465 0.162916 -0.042100 0.005814 0.928197 0.372044 0.746100 -0.177806 -0.365162 0.913806 0.157600 0.000000 0.000000 0.000000 1.000000
0.984105 -0.101324 0.145846 -0.042100 0.039644 0.925878 0.375737 0.746100 -0.173107 -0.363983 0.915178 0.157600 0.000000 0.000000 0.000000 1.000000
0.982531 -0.128807 0.134321 -0.042100 0.068248 0.920870 0.383850 0.746100 -0.173135 -0.367977 0.913574 0.157600 0.000000 0.000000 0.000000 1.000000
0.980357 -0.149299 0.128878 -0.042100 0.086766 0.913283 0.397978 0.746100 -0.177120 -0.378978 0.908298 0.157600 0.000000 0.000000 0.000000 1.000000
0.979627 -0.154786 0.127953 -0.042100 0.089369 0.906576 0.412473 0.746100 -0.179844 -0.392635 0.901939 0.157600 0.000000 0.000000 0.000000 1.000000
0.980919 -0.143172 0.131529 -0.042100 0.074793 0.902360 0.424443 0.746100 -0.179455 -0.406507 0.895851 0.157600 0.000000 0.000000 0.000000 1.000000
0.983389 -0.117108 0.138678 -0.042100 0.045937 0.899723 0.434037 0.746100 -0.175601 -0.420457 0.890157 0.157600 0.000000 0.000000 0.000000 1.000000
0.985536 -0.085580 0.146268 -0.042100 0.012609 0.897757 0.440310 0.746100 -0.168995 -0.432097 0.885852 0.157600 0.000000 0.000000 0.000000 1.000000
0.986542 -0.055106 0.153943 -0.042100 -0.019566 0.894944 0.445749 0.746100 -0.162334 -0.442762 0.881821 0.157600 0.000000 0.000000 0.000000 1.000000
0.987054 -0.035645 0.156374 -0.042100 -0.040398 0.888299 0.457485 0.746100 -0.155214 -0.457880 0.875359 0.157600 0.000000 0.000000 0.000000 1.000000
0.987528 -0.022834 0.155777 -0.042100 -0.053844 0.880787 0.470441 0.746100 -0.147948 -0.472962 0.868573 0.157600 0.000000 0.000000 0.000000 1.000000
0.987064 -0.010662 0.159969 -0.042100 -0.068145 0.875268 0.478813 0.746100 -0.145121 -0.483520 0.863220 0.157600 0.000000 0.000000 0.000000 1.000000
0.986229 -0.001313 0.165378 -0.042100 -0.079761 0.872214 0.482578 0.746100 -0.144878 -0.489123 0.860098 0.157600 0.000000 0.000000 0.000000 1.000000
0.986009 0.006266 0.166576 -0.042100 -0.086826 0.872337 0.481134 0.746100 -0.142296 -0.488865 0.860676 0.157600 0.000000 0.000000 0.000000 1.000000
0.986428 0.013293 0.163654 -0.042100 -0.091514 0.872060 0.480766 0.746100 -0.136325 -0.489218 0.861441 0.157600 0.000000 0.000000 0.000000 1.000000</float_array>
          <technique_common>
            <accessor source="#mixamorig_Spine-Matrix-animation-output-transform-array" count="64" stride="16">
              <param type="float4x4"/>
            </accessor>
          </technique_common>
        </source>
        <source id="mixamorig_Spine-Interpolations">
          <Name_array id="mixamorig_Spine-Interpolations-array" count="64">
 LINEAR LINEAR LINEAR LINEAR LINEAR LINEAR LINEAR LINEAR LINEAR LINEAR LINEAR
LINEAR LINEAR LINEAR LINEAR LINEAR LINEAR LINEAR LINEAR LINEAR LINEAR LINEAR LINEAR
LINEAR LINEAR LINEAR LINEAR LINEAR LINEAR LINEAR LINEAR LINEAR LINEAR LINEAR LINEAR
LINEAR LINEAR LINEAR LINEAR LINEAR LINEAR LINEAR LINEAR LINEAR LINEAR LINEAR LINEAR
LINEAR LINEAR LINEAR LINEAR LINEAR LINEAR LINEAR LINEAR LINEAR LINEAR LINEAR LINEAR
LINEAR LINEAR LINEAR LINEAR LINEAR</Name_array>
          <technique_common>
            <accessor source="#mixamorig_Spine-Interpolations-array" count="64">
              <param type="name"/>
            </accessor>
          </technique_common>
        </source>
        <sampler id="mixamorig_Spine-Matrix-animation-transform">
          <input semantic="INPUT" source="#mixamorig_Spine-Matrix-animation-input"/>
          <input semantic="OUTPUT" source="#mixamorig_Spine-Matrix-animation-output-transform"/>
          <input semantic="INTERPOLATION" source="#mixamorig_Spine-Interpolations"/>
        </sampler>
        <channel source="#mixamorig_Spine-Matrix-animation-transform" target="mixamorig_Spine/matrix"/>
      </animation>
    </animation>
    <animation id="mixamorig_Spine1-anim" name="mixamorig_Spine1">
      <animation>
        <source id="mixamorig_Spine1-Matrix-animation-input">
          <float_array id="mixamorig_Spine1-Matrix-animation-input-array" count="64">

0.000000 0.033333 0.066667 0.100000 0.133333 0.166667 0.200000 0.233333 0.266667 0.300000 0.333333 0.366667 0.400000 0.433333 0.466667 0.500000
0.533333 0.566667 0.600000 0.633333 0.666667 0.700000 0.733333 0.766667 0.800000 0.833333 0.866667 0.900000 0.933333 0.966667 1.000000 1.033333
1.066667 1.100000 1.133333 1.166667 1.200000 1.233333 1.266667 1.300000 1.333333 1.366667 1.400000 1.433333 1.466667 1.500000 1.533333 1.566667
1.600000 1.633333 1.666667 1.700000 1.733333 1.766667 1.800000 1.833333 1.866667 1.900000 1.933333 1.966667 2.000000 2.033333 2.066667 2.100000</float_array>
          <technique_common>
            <accessor source="#mixamorig_Spine1-Matrix-animation-input-array" count="64">
              <param name="TIME" type="float"/>
            </accessor>
          </technique_common>
        </source>
        <source id="mixamorig_Spine1-Matrix-animation-output-transform">
          <float_array id="mixamorig_Spine1-Matrix-animation-output-transform-array" count="1024">

0.994730 -0.098718 0.027677 0.000000 0.097845 0.994710 0.031293 0.755700 -0.030620 -0.028420 0.999127 0.000000 0.000000 0.000000 0.000000 1.000000
0.994622 -0.090328 0.050677 0.000000 0.087647 0.994749 0.052843 0.755700 -0.055184 -0.048117 0.997316 0.000000 0.000000 0.000000 0.000000 1.000000
0.994758 -0.075873 0.068556 0.000000 0.070509 0.994493 0.077536 0.755700 -0.074062 -0.072296 0.994630 0.000000 0.000000 0.000000 0.000000 1.000000
0.995497 -0.051808 0.079390 0.000000 0.044334 0.994663 0.093169 0.755700 -0.083793 -0.089230 0.992480 0.000000 0.000000 0.000000 0.000000 1.000000
0.997028 -0.018017 0.074905 -0.000000 0.010464 0.994930 0.100028 0.755700 -0.076327 -0.098947 0.992161 0.000000 0.000000 0.000000 0.000000 1.000000
0.996600 0.006469 0.082142 0.000000 -0.014913 0.994611 0.102599 0.755700 -0.081036 -0.103475 0.991325 -0.000000 0.000000 0.000000 0.000000 1.000000
0.996886 0.018028 0.076768 -0.000000 -0.024965 0.995594 0.090388 0.755700 -0.074800 -0.092023 0.992944 0.000000 0.000000 0.000000 0.000000 1.000000
0.997523 0.019466 0.067590 0.000000 -0.024832 0.996528 0.079473 0.755700 -0.065808 -0.080955 0.994543 0.000000 0.000000 0.000000 0.000000 1.000000
0.998039 0.011717 0.061490 -0.000000 -0.016593 0.996705 0.079400 0.755700 -0.060357 -0.080265 0.994945 0.000000 0.000000 0.000000 0.000000 1.000000
0.998247 0.005260 0.058953 -0.000000 -0.010344 0.996218 0.086269 0.755700 -0.058276 -0.086728 0.994526 -0.000000 0.000000 0.000000 0.000000 1.000000
