<?xml version="1.0" encoding="utf-8"?>
<COLLADA xmlns="http://www.collada.org/2005/11/COLLADASchema" version="1.4.1">
  <asset>
    <contributor>
      <authoring_tool>FBX COLLADA exporter</authoring_tool>
    </contributor>
    <created>2020-04-22T15:06:05Z</created>
    <modified>2020-04-22T15:06:05Z</modified>
    <unit meter="0.010000" name="centimeter"/>
    <up_axis>Y_UP</up_axis>
  </asset>
  <library_animations>
    <animation id="Geralt-anim" name="Geralt">
      <animation>
        <source id="Geralt-Matrix-animation-input">
          <float_array id="Geralt-Matrix-animation-input-array" count="40">

0.000000 0.033333 0.066667 0.100000 0.133333 0.166667 0.200000 0.233333 0.266667 0.300000 0.333333 0.366667 0.400000 0.433333 0.466667 0.500000
0.533333 0.566667 0.600000 0.633333 0.666667 0.700000 0.733333 0.766667 0.800000 0.833333 0.866667 0.900000 0.933333 0.966667 1.000000 1.033333
1.066667 1.100000 1.133333 1.166667 1.200000 1.233333 1.266667 1.300000</float_array>
          <technique_common>
            <accessor source="#Geralt-Matrix-animation-input-array" count="40">
              <param name="TIME" type="float"/>
            </accessor>
          </technique_common>
        </source>
        <source id="Geralt-Matrix-animation-output-transform">
          <float_array id="Geralt-Matrix-animation-output-transform-array" count="640">

0.097632 -0.012674 -0.017532 0.000000 0.006146 0.093951 -0.033695 -0.008284 0.020742 0.031820 0.092505 0.000000 0.000000 0.000000 0.000000 1.000000
0.090473 -0.017683 -0.038755 0.000000 0.006481 0.095632 -0.028504 -0.018745 0.042102 0.023277 0.087668 0.000000 0.000000 0.000000 0.000000 1.000000
0.074662 -0.023161 -0.062363 0.000000 0.010757 0.096713 -0.023040 -0.026289 0.065650 0.010494 0.074699 0.000000 0.000000 0.000000 0.000000 1.000000
0.046042 -0.023329 -0.085650 0.000000 0.013941 0.097188 -0.018977 -0.032215 0.087669 -0.003203 0.047999 0.000000 0.000000 0.000000 0.000000 1.000000
0.014173 -0.017578 -0.097418 0.000000 0.011231 0.098061 -0.016060 -0.042112 0.098351 -0.008665 0.015872 0.000000 0.000000 0.000000 0.000000 1.000000
-0.017864 -0.015223 -0.097207 0.000000 0.004651 0.098555 -0.016289 -0.046543 0.098282 -0.007431 -0.016898 0.000000 0.000000 0.000000 0.000000 1.000000
-0.049987 -0.021185 -0.083979 0.000000 0.000343 0.096913 -0.024652 -0.047379 0.086609 -0.012611 -0.048371 0.000000 0.000000 0.000000 0.000000 1.000000
-0.069759 -0.014639 -0.070138 0.000000 -0.000157 0.097922 -0.020281 -0.055943 0.071649 -0.014038 -0.068332 0.000000 0.000000 0.000000 0.000000 1.000000
-0.083709 -0.010834 -0.053623 0.000000 -0.001523 0.098443 -0.017513 -0.055160 0.054685 -0.013843 -0.082571 0.000000 0.000000 0.000000 0.000000 1.000000
-0.093641 -0.012906 -0.032632 0.000000 -0.009179 0.098762 -0.012719 -0.052993 0.033870 -0.008915 -0.093666 0.000000 0.000000 0.000000 0.000000 1.000000
-0.098006 -0.018080 -0.008238 0.000000 -0.017313 0.098056 -0.009229 -0.049183 0.009747 -0.007619 -0.099232 0.000000 0.000000 0.000000 0.000000 1.000000
-0.095044 -0.020111 0.023712 0.000000 -0.022138 0.097322 -0.006194 -0.046542 -0.021832 -0.011136 -0.096950 0.000000 0.000000 0.000000 0.000000 1.000000
-0.079720 -0.017166 0.057880 0.000000 -0.023042 0.097266 -0.002889 -0.046665 -0.055802 -0.015640 -0.081496 0.000000 0.000000 0.000000 0.000000 1.000000
-0.048402 -0.016565 0.085923 0.000000 -0.021623 0.097411 0.006599 -0.049056 -0.084791 -0.015385 -0.050732 0.000000 0.000000 0.000000 0.000000 1.000000
-0.003109 -0.016244 0.098622 0.000000 -0.009459 0.098275 0.015888 -0.061044 -0.099503 -0.008835 -0.004592 0.000000 0.000000 0.000000 0.000000 1.000000
0.038456 -0.017507 0.090635 0.000000 0.005108 0.098439 0.016847 -0.069085 -0.092169 -0.001849 0.038750 0.000000 0.000000 0.000000 0.000000 1.000000
0.064227 -0.017604 0.074599 0.000000 0.012407 0.098431 0.012545 -0.076600 -0.075637 0.001198 0.065404 0.000000 0.000000 0.000000 0.000000 1.000000
0.077089 -0.015844 0.061695 0.000000 0.014474 0.098681 0.007256 -0.088914 -0.062031 0.003336 0.078365 0.000000 0.000000 0.000000 0.000000 1.000000
0.086081 -0.009271 0.050041 0.000000 0.010369 0.099459 0.000590 -0.095927 -0.049825 0.004681 0.086577 0.000000 0.000000 0.000000 0.000000 1.000000
0.090535 -0.002457 0.042395 0.000000 0.004821 0.099782 -0.004512 -0.094266 -0.042192 0.006129 0.090456 0.000000 0.000000 0.000000 0.000000 1.000000
0.092991 -0.002081 0.036720 0.000000 0.005783 0.099425 -0.009011 -0.085344 -0.036322 0.010503 0.092576 0.000000 0.000000 0.000000 0.000000 1.000000
0.097229 -0.005499 0.022720 0.000000 0.008818 0.098641 -0.013862 -0.075168 -0.021649 0.015481 0.096393 0.000000 0.000000 0.000000 0.000000 1.000000
0.099054 -0.013697 -0.000808 0.000000 0.013313 0.097370 -0.018490 -0.065208 0.003319 0.018208 0.098272 0.000000 0.000000 0.000000 0.000000 1.000000
0.094415 -0.023049 -0.023549 0.000000 0.017605 0.095695 -0.023079 -0.053737 0.027855 0.017644 0.094408 0.000000 0.000000 0.000000 0.000000 1.000000
0.084875 -0.031674 -0.042343 0.000000 0.020796 0.093617 -0.028344 -0.041571 0.048618 0.015251 0.086045 0.000000 0.000000 0.000000 0.000000 1.000000
0.072518 -0.036961 -0.058095 0.000000 0.021666 0.092334 -0.031701 -0.037881 0.065358 0.010402 0.074967 0.000000 0.000000 0.000000 0.000000 1.000000
0.057709 -0.036907 -0.072853 0.000000 0.019905 0.092872 -0.031282 -0.047404 0.079205 0.003551 0.060942 0.000000 0.000000 0.000000 0.000000 1.000000
0.041550 -0.034741 -0.084063 0.000000 0.017826 0.093737 -0.029928 -0.062162 0.089195 -0.002550 0.045141 0.000000 0.000000 0.000000 0.000000 1.000000
0.025671 -0.032248 -0.091110 0.000000 0.015195 0.094444 -0.029147 -0.077880 0.095447 -0.006362 0.029145 0.000000 0.000000 0.000000 0.000000 1.000000
0.016729 -0.030229 -0.093843 0.000000 0.012440 0.095070 -0.028406 -0.085449 0.097803 -0.006922 0.019665 0.000000 0.000000 0.000000 0.000000 1.000000
0.018615 -0.028408 -0.094055 0.000000 0.009742 0.095790 -0.027004 -0.084794 0.097768 -0.004136 0.020599 0.000000 0.000000 0.000000 0.000000 1.000000
0.024317 -0.025747 -0.093519 0.000000 0.006336 0.096629 -0.024955 -0.082105 0.096791 0.000143 0.025129 0.000000 0.000000 0.000000 0.000000 1.000000
0.030005 -0.024691 -0.092142 0.000000 0.004384 0.096847 -0.024524 -0.074001 0.095292 0.003319 0.030141 0.000000 0.000000 0.000000 0.000000 1.000000
0.033189 -0.024865 -0.090995 0.000000 0.004192 0.096757 -0.024910 -0.065755 0.094239 0.004453 0.033155 0.000000 0.000000 0.000000 0.000000 1.000000
0.033827 -0.023371 -0.091156 0.000000 0.003448 0.097110 -0.023617 -0.064082 0.094042 0.004846 0.033655 0.000000 0.000000 0.000000 0.000000 1.000000
0.033796 -0.021415 -0.091647 0.000000 0.002461 0.097545 -0.021886 -0.064240 0.094084 0.005141 0.033493 0.000000 0.000000 0.000000 0.000000 1.000000
0.033770 -0.019667 -0.092048 0.000000 0.001717 0.097905 -0.020288 -0.065431 0.094110 0.005271 0.033400 0.000000 0.000000 0.000000 0.000000 1.000000
0.033736 -0.018168 -0.092367 0.000000 0.001193 0.098194 -0.018879 -0.067331 0.094130 0.005267 0.033344 0.000000 0.000000 0.000000 0.000000 1.000000
0.033701 -0.016638 -0.092669 0.000000 0.000691 0.098468 -0.017428 -0.069413 0.094147 0.005233 0.033300 0.000000 0.000000 0.000000 0.000000 1.000000
0.033655 -0.014775 -0.093000 0.000000 0.000071 0.098765 -0.015665 -0.071703 0.094167 0.005206 0.033250 0.000000 0.000000 0.000000 0.000000 1.000000</float_array>
          <technique_common>
            <accessor source="#Geralt-Matrix-animation-output-transform-array" count="40" stride="16">
              <param type="float4x4"/>
            </accessor>
          </technique_common>
        </source>
        <source id="Geralt-Interpolations">
          <Name_array id="Geralt-Interpolations-array" count="40">
 LINEAR LINEAR LINEAR LINEAR LINEAR LINEAR LINEAR LINEAR LINEAR LINEAR LINEAR
LINEAR LINEAR LINEAR LINEAR LINEAR LINEAR LINEAR LINEAR LINEAR LINEAR LINEAR LINEAR
LINEAR LINEAR LINEAR LINEAR LINEAR LINEAR LINEAR LINEAR LINEAR LINEAR LINEAR LINEAR
LINEAR LINEAR LINEAR LINEAR LINEAR</Name_array>
          <technique_common>
            <accessor source="#Geralt-Interpolations-array" count="40">
              <param type="name"/>
            </accessor>
          </technique_common>
        </source>
        <sampler id="Geralt-Matrix-animation-transform">
          <input semantic="INPUT" source="#Geralt-Matrix-animation-input"/>
          <input semantic="OUTPUT" source="#Geralt-Matrix-animation-output-transform"/>
          <input semantic="INTERPOLATION" source="#Geralt-Interpolations"/>
        </sampler>
        <channel source="#Geralt-Matrix-animation-transform" target="Geralt/matrix"/>
      </animation>
    </animation>
    <animation id="mixamorig_Hips-anim" name="mixamorig_Hips">
      <animation>
        <source id="mixamorig_Hips-Matrix-animation-input">
          <float_array id="mixamorig_Hips-Matrix-animation-input-array" count="40">

0.000000 0.033333 0.066667 0.100000 0.133333 0.166667 0.200000 0.233333 0.266667 0.300000 0.333333 0.366667 0.400000 0.433333 0.466667 0.500000
0.533333 0.566667 0.600000 0.633333 0.666667 0.700000 0.733333 0.766667 0.800000 0.833333 0.866667 0.900000 0.933333 0.966667 1.000000 1.033333
1.066667 1.100000 1.133333 1.166667 1.200000 1.233333 1.266667 1.300000</float_array>
          <technique_common>
            <accessor source="#mixamorig_Hips-Matrix-animation-input-array" count="40">
              <param name="TIME" type="float"/>
            </accessor>
          </technique_common>
        </source>
        <source id="mixamorig_Hips-Matrix-animation-output-transform">
          <float_array id="mixamorig_Hips-Matrix-animation-output-transform-array" count="640">

-0.994733 0.002958 -0.102461 -0.079300 -0.006107 0.996097 0.088049 3.696700 0.102322 0.088211 -0.990832 0.497700 0.000000 0.000000 0.000000 1.000000
-0.994733 0.002958 -0.102461 -0.079300 -0.006107 0.996097 0.088049 3.696700 0.102322 0.088211 -0.990832 0.497700 0.000000 0.000000 0.000000 1.000000
-0.994733 0.002958 -0.102461 -0.079300 -0.006107 0.996097 0.088049 3.696700 0.102322 0.088211 -0.990832 0.497700 0.000000 0.000000 0.000000 1.000000
-0.994733 0.002958 -0.102461 -0.079300 -0.006107 0.996097 0.088049 3.696700 0.102322 0.088211 -0.990832 0.497700 0.000000 0.000000 0.000000 1.000000
-0.994733 0.002958 -0.102461 -0.079300 -0.006107 0.996097 0.088049 3.696700 0.102322 0.088211 -0.990832 0.497700 0.000000 0.000000 0.000000 1.000000
-0.994733 0.002958 -0.102461 -0.079300 -0.006107 0.996097 0.088049 3.696700 0.102322 0.088211 -0.990832 0.497700 0.000000 0.000000 0.000000 1.000000
-0.994733 0.002958 -0.102461 -0.079300 -0.006107 0.996097 0.088049 3.696700 0.102322 0.088211 -0.990832 0.497700 0.000000 0.000000 0.000000 1.000000
-0.994733 0.002958 -0.102461 -0.079300 -0.006107 0.996097 0.088049 3.696700 0.102322 0.088211 -0.990832 0.497700 0.000000 0.000000 0.000000 1.000000
-0.994733 0.002958 -0.102461 -0.079300 -0.006107 0.996097 0.088049 3.696700 0.102322 0.088211 -0.990832 0.497700 0.000000 0.000000 0.000000 1.000000
-0.994733 0.002958 -0.102461 -0.079300 -0.006107 0.996097 0.088049 3.696700 0.102322 0.088211 -0.990832 0.497700 0.000000 0.000000 0.000000 1.000000
-0.994733 0.002958 -0.102461 -0.079300 -0.006107 0.996097 0.088049 3.696700 0.102322 0.088211 -0.990832 0.497700 0.000000 0.000000 0.000000 1.000000
-0.994733 0.002958 -0.102461 -0.079300 -0.006107 0.996097 0.088049 3.696700 0.102322 0.088211 -0.990832 0.497700 0.000000 0.000000 0.000000 1.000000
-0.994733 0.002958 -0.102461 -0.079300 -0.006107 0.996097 0.088049 3.696700 0.102322 0.088211 -0.990832 0.497700 0.000000 0.000000 0.000000 1.000000
-0.994733 0.002958 -0.102461 -0.079300 -0.006107 0.996097 0.088049 3.696700 0.102322 0.088211 -0.990832 0.497700 0.000000 0.000000 0.000000 1.000000
-0.994733 0.002958 -0.102461 -0.079300 -0.006107 0.996097 0.088049 3.696700 0.102322 0.088211 -0.990832 0.497700 0.000000 0.000000 0.000000 1.000000
-0.994733 0.002958 -0.102461 -0.079300 -0.006107 0.996097 0.088049 3.696700 0.102322 0.088211 -0.990832 0.497700 0.000000 0.000000 0.000000 1.000000
-0.994733 0.002958 -0.102461 -0.079300 -0.006107 0.996097 0.088049 3.696700 0.102322 0.088211 -0.990832 0.497700 0.000000 0.000000 0.000000 1.000000
-0.994733 0.002958 -0.102461 -0.079300 -0.006107 0.996097 0.088049 3.696700 0.102322 0.088211 -0.990832 0.497700 0.000000 0.000000 0.000000 1.000000
-0.994733 0.002958 -0.102461 -0.079300 -0.006107 0.996097 0.088049 3.696700 0.102322 0.088211 -0.990832 0.497700 0.000000 0.000000 0.000000 1.000000
-0.994733 0.002958 -0.102461 -0.079300 -0.006107 0.996097 0.088049 3.696700 0.102322 0.088211 -0.990832 0.497700 0.000000 0.000000 0.000000 1.000000
-0.994733 0.002958 -0.102461 -0.079300 -0.006107 0.996097 0.088049 3.696700 0.102322 0.088211 -0.990832 0.497700 0.000000 0.000000 0.000000 1.000000
-0.994733 0.002958 -0.102461 -0.079300 -0.006107 0.996097 0.088049 3.696700 0.102322 0.088211 -0.990832 0.497700 0.000000 0.000000 0.000000 1.000000
-0.994733 0.002958 -0.102461 -0.079300 -0.006107 0.996097 0.088049 3.696700 0.102322 0.088211 -0.990832 0.497700 0.000000 0.000000 0.000000 1.000000
-0.994733 0.002958 -0.102461 -0.079300 -0.006107 0.996097 0.088049 3.696700 0.102322 0.088211 -0.990832 0.497700 0.000000 0.000000 0.000000 1.000000
-0.994733 0.002958 -0.102461 -0.079300 -0.006107 0.996097 0.088049 3.696700 0.102322 0.088211 -0.990832 0.497700 0.000000 0.000000 0.000000 1.000000
-0.994733 0.002958 -0.102461 -0.079300 -0.006107 0.996097 0.088049 3.696700 0.102322 0.088211 -0.990832 0.497700 0.000000 0.000000 0.000000 1.000000
-0.994733 0.002958 -0.102461 -0.079300 -0.006107 0.996097 0.088049 3.696700 0.102322 0.088211 -0.990832 0.497700 0.000000 0.000000 0.000000 1.000000
-0.994733 0.002958 -0.102461 -0.079300 -0.006107 0.996097 0.088049 3.696700 0.102322 0.088211 -0.990832 0.497700 0.000000 0.000000 0.000000 1.000000
-0.994733 0.002958 -0.102461 -0.079300 -0.006107 0.996097 0.088049 3.696700 0.102322 0.088211 -0.990832 0.497700 0.000000 0.000000 0.000000 1.000000
-0.994733 0.002958 -0.102461 -0.079300 -0.006107 0.996097 0.088049 3.696700 0.102322 0.088211 -0.990832 0.497700 0.000000 0.000000 0.000000 1.000000
-0.994733 0.002958 -0.102461 -0.079300 -0.006107 0.996097 0.088049 3.696700 0.102322 0.088211 -0.990832 0.497700 0.000000 0.000000 0.000000 1.000000
-0.994733 0.002958 -0.102461 -0.079300 -0.006107 0.996097 0.088049 3.696700 0.102322 0.088211 -0.990832 0.497700 0.000000 0.000000 0.000000 1.000000
-0.994733 0.002958 -0.102461 -0.079300 -0.006107 0.996097 0.088049 3.696700 0.102322 0.088211 -0.990832 0.497700 0.000000 0.000000 0.000000 1.000000
-0.994733 0.002958 -0.102461 -0.079300 -0.006107 0.996097 0.088049 3.696700 0.102322 0.088211 -0.990832 0.497700 0.000000 0.000000 0.000000 1.000000
-0.994733 0.002958 -0.102461 -0.079300 -0.006107 0.996097 0.088049 3.696700 0.102322 0.088211 -0.990832 0.497700 0.000000 0.000000 0.000000 1.000000
-0.994733 0.002958 -0.102461 -0.079300 -0.006107 0.996097 0.088049 3.696700 0.102322 0.088211 -0.990832 0.497700 0.000000 0.000000 0.000000 1.000000
-0.994733 0.002958 -0.102461 -0.079300 -0.006107 0.996097 0.088049 3.696700 0.102322 0.088211 -0.990832 0.497700 0.000000 0.000000 0.000000 1.000000
-0.994733 0.002958 -0.102461 -0.079300 -0.006107 0.996097 0.088049 3.696700 0.102322 0.088211 -0.990832 0.497700 0.000000 0.000000 0.000000 1.000000
-0.994733 0.002958 -0.102461 -0.079300 -0.006107 0.996097 0.088049 3.696700 0.102322 0.088211 -0.990832 0.497700 0.000000 0.000000 0.000000 1.000000
-0.994733 0.002958 -0.102461 -0.079300 -0.006107 0.996097 0.088049 3.696700 0.102322 0.088211 -0.990832 0.497700 0.000000 0.000000 0.000000 1.000000</float_array>
          <technique_common>
            <accessor source="#mixamorig_Hips-Matrix-animation-output-transform-array" count="40" stride="16">
              <param type="float4x4"/>
            </accessor>
          </technique_common>
        </source>
        <source id="mixamorig_Hips-Interpolations">
          <Name_array id="mixamorig_Hips-Interpolations-array" count="40">
 LINEAR LINEAR LINEAR LINEAR LINEAR LINEAR LINEAR LINEAR LINEAR LINEAR LINEAR
LINEAR LINEAR LINEAR LINEAR LINEAR LINEAR LINEAR LINEAR LINEAR LINEAR LINEAR LINEAR
LINEAR LINEAR LINEAR LINEAR LINEAR LINEAR LINEAR LINEAR LINEAR LINEAR LINEAR LINEAR
LINEAR LINEAR LINEAR LINEAR LINEAR</Name_array>
          <technique_common>
            <accessor source="#mixamorig_Hips-Interpolations-array" count="40">
              <param type="name"/>
            </accessor>
          </technique_common>
        </source>
        <sampler id="mixamorig_Hips-Matrix-animation-transform">
          <input semantic="INPUT" source="#mixamorig_Hips-Matrix-animation-input"/>
          <input semantic="OUTPUT" source="#mixamorig_Hips-Matrix-animation-output-transform"/>
          <input semantic="INTERPOLATION" source="#mixamorig_Hips-Interpolations"/>
        </sampler>
        <channel source="#mixamorig_Hips-Matrix-animation-transform" target="mixamorig_Hips/matrix"/>
      </animation>
    </animation>
    <animation id="mixamorig_Spine-anim" name="mixamorig_Spine">
      <animation>
        <source id="mixamorig_Spine-Matrix-animation-input">
          <float_array id="mixamorig_Spine-Matrix-animation-input-array" count="40">

0.000000 0.033333 0.066667 0.100000 0.133333 0.166667 0.200000 0.233333 0.266667 0.300000 0.333333 0.366667 0.400000 0.433333 0.466667 0.500000
0.533333 0.566667 0.600000 0.633333 0.666667 0.700000 0.733333 0.766667 0.800000 0.833333 0.866667 0.900000 0.933333 0.966667 1.000000 1.033333
1.066667 1.100000 1.133333 1.166667 1.200000 1.233333 1.266667 1.300000</float_array>
          <technique_common>
            <accessor source="#mixamorig_Spine-Matrix-animation-input-array" count="40">
              <param name="TIME" type="float"/>
            </accessor>
          </technique_common>
        </source>
        <source id="mixamorig_Spine-Matrix-animation-output-transform">
          <float_array id="mixamorig_Spine-Matrix-animation-output-transform-array" count="640">

0.987266 -0.066949 0.144306 -0.042100 -0.028958 0.816340 0.576846 0.746100 -0.156422 -0.573679 0.804005 0.157600 0.000000 0.000000 0.000000 1.000000
0.981639 -0.025825 0.188991 -0.042100 -0.068664 0.876530 0.476423 0.746100 -0.177960 -0.480652 0.858664 0.157600 0.000000 0.000000 0.000000 1.000000
0.964334 -0.036938 0.262099 -0.042100 -0.072846 0.914939 0.396964 0.746100 -0.254467 -0.401899 0.879616 0.157600 0.000000 0.000000 0.000000 1.000000
0.933732 -0.065095 0.352004 -0.042100 -0.068429 0.932737 0.354005 0.746100 -0.351371 -0.354633 0.866472 0.157600 0.000000 0.000000 0.000000 1.000000
0.924895 -0.025739 0.379349 -0.042100 -0.100721 0.945478 0.309721 0.746100 -0.366638 -0.324668 0.871875 0.157600 0.000000 0.000000 0.000000 1.000000
0.942434 0.043214 0.331589 -0.042100 -0.143283 0.948158 0.283667 0.746100 -0.302141 -0.314848 0.899767 0.157600 0.000000 0.000000 0.000000 1.000000
0.951504 0.004816 0.307599 -0.042100 -0.077108 0.971693 0.223307 0.746100 -0.297817 -0.236196 0.924941 0.157600 0.000000 0.000000 0.000000 1.000000
0.963240 -0.054439 0.263070 -0.042100 -0.032744 0.948159 0.316105 0.746100 -0.266641 -0.313098 0.911522 0.157600 0.000000 0.000000 0.000000 1.000000
0.972612 -0.052045 0.226533 -0.042100 -0.031192 0.936569 0.349093 0.746100 -0.230332 -0.346598 0.909295 0.157600 0.000000 0.000000 0.000000 1.000000
0.978538 0.010788 0.205784 -0.042100 -0.084876 0.931086 0.354788 0.746100 -0.187775 -0.364640 0.912019 0.157600 0.000000 0.000000 0.000000 1.000000
0.981999 0.061595 0.178560 -0.042100 -0.119556 0.934558 0.335122 0.746100 -0.146233 -0.350437 0.925100 0.157600 0.000000 0.000000 0.000000 1.000000
0.982630 0.079871 0.167510 -0.042100 -0.124167 0.953799 0.273589 0.746100 -0.137919 -0.289636 0.947148 0.157600 0.000000 0.000000 0.000000 1.000000
0.980961 0.100632 0.166101 -0.042100 -0.130101 0.975512 0.177343 0.746100 -0.144187 -0.195576 0.970031 0.157600 0.000000 0.000000 0.000000 1.000000
0.979261 0.166440 0.115526 -0.042100 -0.183248 0.970831 0.154620 0.746100 -0.086421 -0.172583 0.981196 0.157600 0.000000 0.000000 0.000000 1.000000
0.982857 0.145560 0.113155 -0.042100 -0.165445 0.967170 0.192897 0.746100 -0.081362 -0.208311 0.974673 0.157600 0.000000 0.000000 0.000000 1.000000
0.988411 0.113251 0.101083 -0.042100 -0.134558 0.961882 0.238068 0.746100 -0.070268 -0.248911 0.965974 0.157600 0.000000 0.000000 0.000000 1.000000
0.992192 0.119725 0.034947 -0.042100 -0.124716 0.949917 0.286539 0.746100 0.001109 -0.288660 0.957431 0.157600 0.000000 0.000000 0.000000 1.000000
0.992625 0.120973 -0.007806 -0.042100 -0.113510 0.950133 0.290454 0.746100 0.042554 -0.287426 0.956857 0.157600 0.000000 0.000000 0.000000 1.000000
0.987947 0.153342 0.021159 -0.042100 -0.151592 0.930755 0.332738 0.746100 0.031329 -0.331935 0.942782 0.157600 0.000000 0.000000 0.000000 1.000000
0.981278 0.174338 0.081849 -0.042100 -0.192524 0.899476 0.392272 0.746100 -0.005234 -0.400685 0.916201 0.157600 0.000000 0.000000 0.000000 1.000000
0.980173 0.178128 0.086787 -0.042100 -0.198128 0.886899 0.417319 0.746100 -0.002635 -0.426240 0.904606 0.157600 0.000000 0.000000 0.000000 1.000000
0.985884 0.148366 0.077594 -0.042100 -0.167393 0.883342 0.437820 0.746100 -0.003584 -0.444628 0.895708 0.157600 0.000000 0.000000 0.000000 1.000000
0.993923 0.071537 0.083665 -0.042100 -0.101257 0.892282 0.439977 0.746100 -0.043178 -0.445775 0.894103 0.157600 0.000000 0.000000 0.000000 1.000000
0.996471 -0.002369 0.083903 -0.042100 -0.034257 0.901085 0.432287 0.746100 -0.076628 -0.433636 0.897824 0.157600 0.000000 0.000000 0.000000 1.000000
0.994856 -0.048537 0.088911 -0.042100 0.010244 0.921435 0.388397 0.746100 -0.100777 -0.385488 0.917193 0.157600 0.000000 0.000000 0.000000 1.000000
0.992835 -0.063858 0.101002 -0.042100 0.025328 0.938486 0.344387 0.746100 -0.116781 -0.339361 0.933379 0.157600 0.000000 0.000000 0.000000 1.000000
0.992393 -0.040588 0.116232 -0.042100 -0.000296 0.943306 0.331924 0.746100 -0.123114 -0.329433 0.936118 0.157600 0.000000 0.000000 0.000000 1.000000
0.991983 -0.025876 0.123690 -0.042100 -0.015754 0.945852 0.324214 0.746100 -0.125382 -0.323564 0.937862 0.157600 0.000000 0.000000 0.000000 1.000000
0.990710 -0.033089 0.131908 -0.042100 -0.011560 0.945948 0.324113 0.746100 -0.135503 -0.322626 0.936777 0.157600 0.000000 0.000000 0.000000 1.000000
0.992892 -0.062878 0.101052 -0.042100 0.024800 0.939716 0.341056 0.746100 -0.116405 -0.336126 0.934596 0.157600 0.000000 0.000000 0.000000 1.000000
0.997516 -0.049812 0.049801 -0.042100 0.028732 0.933285 0.357986 0.746100 -0.064311 -0.355666 0.932398 0.157600 0.000000 0.000000 0.000000 1.000000
0.999546 -0.023958 0.018255 -0.042100 0.015649 0.930923 0.364880 0.746100 -0.025736 -0.364429 0.930876 0.157600 0.000000 0.000000 0.000000 1.000000
0.999388 -0.032136 0.013850 -0.042100 0.025450 0.939132 0.342613 0.746100 -0.024017 -0.342051 0.939374 0.157600 0.000000 0.000000 0.000000 1.000000
0.998060 -0.058867 0.020280 -0.042100 0.049443 0.947314 0.316468 0.746100 -0.037841 -0.314851 0.948386 0.157600 0.000000 0.000000 0.000000 1.000000
0.997419 -0.063655 0.033222 -0.042100 0.050612 0.951468 0.303556 0.746100 -0.050932 -0.301091 0.952234 0.157600 0.000000 0.000000 0.000000 1.000000
0.996976 -0.060726 0.048479 -0.042100 0.043922 0.955075 0.293091 0.746100 -0.064099 -0.290075 0.954855 0.157600 0.000000 0.000000 0.000000 1.000000
0.996159 -0.057359 0.066155 -0.042100 0.036450 0.958632 0.282307 0.746100 -0.079611 -0.278811 0.957041 0.157600 0.000000 0.000000 0.000000 1.000000
0.994920 -0.053649 0.085184 -0.042100 0.028636 0.962033 0.271428 0.746100 -0.096511 -0.267610 0.958682 0.157600 0.000000 0.000000 0.000000 1.000000
0.993293 -0.049955 0.104273 -0.042100 0.021215 0.965281 0.260352 0.746100 -0.113659 -0.256394 0.959867 0.157600 0.000000 0.000000 0.000000 1.000000
0.991293 -0.046287 0.123268 -0.042100 0.014261 0.968410 0.248955 0.746100 -0.130897 -0.245029 0.960639 0.157600 0.000000 0.000000 0.000000 1.000000</float_array>
          <technique_common>
            <accessor source="#mixamorig_Spine-Matrix-animation-output-transform-array" count="40" stride="16">
              <param type="float4x4"/>
            </accessor>
          </technique_common>
        </source>
        <source id="mixamorig_Spine-Interpolations">
          <Name_array id="mixamorig_Spine-Interpolations-array" count="40">
 LINEAR LINEAR LINEAR LINEAR LINEAR LINEAR LINEAR LINEAR LINEAR LINEAR LINEAR
LINEAR LINEAR LINEAR LINEAR LINEAR LINEAR LINEAR LINEAR LINEAR LINEAR LINEAR LINEAR
LINEAR LINEAR LINEAR LINEAR LINEAR LINEAR LINEAR LINEAR LINEAR LINEAR LINEAR LINEAR
LINEAR LINEAR LINEAR LINEAR LINEAR</Name_array>
          <technique_common>
            <accessor source="#mixamorig_Spine-Interpolations-array" count="40">
              <param type="name"/>
            </accessor>
          </technique_common>
        </source>
        <sampler id="mixamorig_Spine-Matrix-animation-transform">
          <input semantic="INPUT" source="#mixamorig_Spine-Matrix-animation-input"/>
          <input semantic="OUTPUT" source="#mixamorig_Spine-Matrix-animation-output-transform"/>
          <input semantic="INTERPOLATION" source="#mixamorig_Spine-Interpolations"/>
        </sampler>
        <channel source="#mixamorig_Spine-Matrix-animation-transform" target="mixamorig_Spine/matrix"/>
      </animation>
    </animation>
    <animation id="mixamorig_Spine1-anim" name="mixamorig_Spine1">
      <animation>
        <source id="mixamorig_Spine1-Matrix-animation-input">
          <float_array id="mixamorig_Spine1-Matrix-animation-input-array" count="40">

0.000000 0.033333 0.066667 0.100000 0.133333 0.166667 0.200000 0.233333 0.266667 0.300000 0.333333 0.366667 0.400000 0.433333 0.466667 0.500000
0.533333 0.566667 0.600000 0.633333 0.666667 0.700000 0.733333 0.766667 0.800000 0.833333 0.866667 0.900000 0.933333 0.966667 1.000000 1.033333
1.066667 1.100000 1.133333 1.166667 1.200000 1.233333 1.266667 1.300000</float_array>
          <technique_common>
            <accessor source="#mixamorig_Spine1-Matrix-animation-input-array" count="40">
              <param name="TIME" type="float"/>
            </accessor>
          </technique_common>
        </source>
        <source id="mixamorig_Spine1-Matrix-animation-output-transform">
          <float_array id="mixamorig_Spine1-Matrix-animation-output-transform-array" count="640">

0.998384 -0.020442 0.053025 -0.000000 0.014858 0.994503 0.103644 0.755700 -0.054852 -0.102689 0.993200 0.000000 0.000000 0.000000 0.000000 1.000000
0.997967 -0.020510 0.060337 0.000000 0.014942 0.995708 0.091333 0.755700 -0.061951 -0.090246 0.993991 0.000000 0.000000 0.000000 0.000000 1.000000
0.996389 -0.030412 0.079276 0.000000 0.023721 0.996182 0.084020 0.755700 -0.081529 -0.081836 0.993306 0.000000 0.000000 0.000000 0.000000 1.000000
0.993917 -0.034703 0.104524 0.000000 0.026671 0.996652 0.077285 0.755700 -0.106856 -0.074027 0.991515 -0.000000 0.000000 0.000000 0.000000 1.000000
0.993541 -0.032567 0.108698 -0.000000 0.024665 0.997007 0.073269 0.755700 -0.110759 -0.070115 0.991371 0.000000 0.000000 0.000000 0.000000 1.000000
0.995480 -0.025944 0.091360 -0.000000 0.019622 0.997394 0.069425 0.755700 -0.092923 -0.067318 0.993395 0.000000 0.000000 0.000000 0.000000 1.000000
0.995366 -0.030232 0.091282 0.000000 0.024088 0.997417 0.067675 0.755700 -0.093092 -0.065163 0.993523 -0.000000 0.000000 0.000000 0.000000 1.000000
0.996006 -0.035077 0.082103 0.000000 0.029545 0.997271 0.067652 0.755700 -0.084252 -0.064956 0.994325 -0.000000 0.000000 0.000000 0.000000 1.000000
0.996870 -0.042806 0.066469 0.000000 0.038648 0.997289 0.062624 0.755700 -0.068969 -0.059859 0.995821 0.000000 0.000000 0.000000 0.000000 1.000000
0.997848 -0.041614 0.050667 0.000000 0.038732 0.997646 0.056595 0.755700 -0.052903 -0.054511 0.997111 0.000000 0.000000 0.000000 0.000000 1.000000
0.998759 -0.030344 0.039494 0.000000 0.028233 0.998198 0.052955 0.755700 -0.041030 -0.051774 0.997816 0.000000 0.000000 0.000000 0.000000 1.000000
0.999065 -0.021735 0.037366 -0.000000 0.019907 0.998619 0.048620 0.755700 -0.038371 -0.047831 0.998118 0.000000 0.000000 0.000000 0.000000 1.000000
0.999151 -0.016397 0.037806 0.000000 0.014877 0.999083 0.040154 0.755700 -0.038430 -0.039557 0.998478 0.000000 0.000000 0.000000 0.000000 1.000000
0.999187 -0.038325 0.012498 0.000000 0.037637 0.997974 0.051297 0.755700 -0.014439 -0.050785 0.998605 0.000000 0.000000 0.000000 0.000000 1.000000
0.998804 -0.046022 0.016494 0.000000 0.045089 0.997572 0.053080 0.755700 -0.018897 -0.052273 0.998454 0.000000 0.000000 0.000000 0.000000 1.000000
0.998732 -0.044248 0.024029 0.000000 0.042865 0.997548 0.055323 0.755700 -0.026418 -0.054223 0.998179 0.000000 0.000000 0.000000 0.000000 1.000000
0.999690 -0.016996 0.018209 0.000000 0.015926 0.998226 0.057371 0.755700 -0.019152 -0.057063 0.998187 0.000000 0.000000 0.000000 0.000000 1.000000
0.999835 -0.004686 0.017522 -0.000000 0.003563 0.997970 0.063580 0.755700 -0.017784 -0.063507 0.997823 0.000000 0.000000 0.000000 0.000000 1.000000
0.999664 0.005783 0.025259 0.000000 -0.007470 0.997710 0.067218 0.755700 -0.024812 -0.067384 0.997419 0.000000 0.000000 0.000000 0.000000 1.000000
0.999497 0.004033 0.031460 0.000000 -0.006391 0.997147 0.075210 0.755700 -0.031067 -0.075373 0.996671 -0.000000 0.000000 0.000000 0.000000 1.000000
0.999712 0.002721 0.023841 0.000000 -0.004568 0.996963 0.077744 0.755700 -0.023557 -0.077831 0.996688 0.000000 0.000000 0.000000 0.000000 1.000000
0.999829 -0.003568 0.018165 0.000000 0.001953 0.996104 0.088170 0.755700 -0.018409 -0.088119 0.995940 0.000000 0.000000 0.000000 0.000000 1.000000
0.999645 -0.012861 0.023314 0.000000 0.010693 0.995808 0.090838 0.755700 -0.024384 -0.090556 0.995593 0.000000 0.000000 0.000000 0.000000 1.000000
0.999343 -0.021440 0.029226 -0.000000 0.018767 0.995869 0.088840 0.755700 -0.031010 -0.088233 0.995617 0.000000 0.000000 0.000000 0.000000 1.000000
0.998975 -0.029244 0.034548 0.000000 0.026294 0.996207 0.082945 0.755700 -0.036843 -0.081952 0.995955 0.000000 0.000000 0.000000 0.000000 1.000000
0.998677 -0.034718 0.037930 0.000000 0.031625 0.996350 0.079293 0.755700 -0.040544 -0.077989 0.996129 0.000000 0.000000 0.000000 0.000000 1.000000
0.998531 -0.038496 0.038142 0.000000 0.035308 0.996088 0.081004 0.755700 -0.041111 -0.079538 0.995984 -0.000000 0.000000 0.000000 0.000000 1.000000
0.998469 -0.040212 0.037979 -0.000000 0.037096 0.996148 0.079457 0.755700 -0.041028 -0.077926 0.996115 0.000000 0.000000 0.000000 0.000000 1.000000
0.998341 -0.039611 0.041793 0.000000 0.036488 0.996663 0.073014 0.755700 -0.044546 -0.071368 0.996455 0.000000 0.000000 0.000000 0.000000 1.000000
0.998592 -0.035431 0.039475 0.000000 0.032616 0.997027 0.069812 0.755700 -0.041831 -0.068426 0.996779 0.000000 0.000000 0.000000 0.000000 1.000000
0.999210 -0.029459 0.026656 0.000000 0.027526 0.997154 0.070182 0.755700 -0.028648 -0.069393 0.997178 0.000000 0.000000 0.000000 0.000000 1.000000
0.999594 -0.022975 0.016879 -0.000000 0.021709 0.997191 0.071684 0.755700 -0.018478 -0.071288 0.997285 -0.000000 0.000000 0.000000 0.000000 1.000000
0.999680 -0.018728 0.017005 0.000000 0.017459 0.997256 0.071948 0.755700 -0.018306 -0.071628 0.997263 -0.000000 0.000000 0.000000 0.000000 1.000000
0.999620 -0.017309 0.021470 -0.000000 0.015674 0.997126 0.074120 0.755700 -0.022691 -0.073755 0.997018 0.000000 0.000000 0.000000 0.000000 1.000000
0.999574 -0.011921 0.026652 0.000000 0.009863 0.997055 0.076046 0.755700 -0.027480 -0.075751 0.996748 0.000000 0.000000 0.000000 0.000000 1.000000
0.999469 -0.004508 0.032274 0.000000 0.002009 0.997026 0.077036 0.755700 -0.032525 -0.076930 0.996506 -0.000000 0.000000 0.000000 0.000000 1.000000
0.999245 0.003401 0.038709 0.000000 -0.006399 0.996965 0.077592 0.755700 -0.038328 -0.077781 0.996233 0.000000 0.000000 0.000000 0.000000 1.000000
0.998890 0.011662 0.045627 -0.000000 -0.015193 0.996851 0.077828 0.755700 -0.044576 -0.078435 0.995922 -0.000000 0.000000 0.000000 0.000000 1.000000
0.998417 0.019961 0.052578 0.000000 -0.024031 0.996668 0.077948 0.755700 -0.050847 -0.079088 0.995570 0.000000 0.000000 0.000000 0.000000 1.000000
0.997830 0.028245 0.059483 -0.000000 -0.032853 0.996414 0.077978 0.755700 -0.057067 -0.079763 0.995179 0.000000 0.000000 0.000000 0.000000 1.000000</float_array>
          <technique_common>
            <accessor source="#mixamorig_Spine1-Matrix-animation-output-transform-array" count="40" stride="16">
              <param type="float4x4"/>
            </accessor>
          </technique_common>
        </source>
        <source id="mixamorig_Spine1-Interpolations">
          <Name_array id="mixamorig_Spine1-Interpolations-array" count="40">
 LINEAR LINEAR LINEAR LINEAR LINEAR LINEAR LINEAR LINEAR LINEAR LINEAR LINEAR
LINEAR LINEAR LINEAR LINEAR LINEAR LINEAR LINEAR LINEAR LINEAR LINEAR LINEAR LINEAR
LINEAR LINEAR LINEAR LINEAR LINEAR LINEAR LINEAR LINEAR LINEAR LINEAR LINEAR LINEAR
LINEAR LINEAR LINEAR LINEAR LINEAR</Name_array>
          <technique_common>
            <accessor source="#mixamorig_Spine1-Interpolations-array" count="40">
              <param type="name"/>
            </accessor>
          </technique_common>
        </source>
        <sampler id="mixamorig_Spine1-Matrix-animation-transform">
          <input semantic="INPUT" source="#mixamorig_Spine1-Matrix-animation-input"/>
          <input semantic="OUTPUT" source="#mixamorig_Spine1-Matrix-animation-output-transform"/>
          <input semantic="INTERPOLATION" source="#mixamorig_Spine1-Interpolations"/>
        </sampler>
        <channel source="#mixamorig_Spine1-Matrix-animation-transform" target="mixamorig_Spine1/matrix"/>
      </animation>
    </animation>
    <animation id="mixamorig_Spine2-anim" name="mixamorig_Spine2">
      <animation>
        <source id="mixamorig_Spine2-Matrix-animation-input">
          <float_array id="mixamorig_Spine2-Matrix-animation-input-array" count="40">

0.000000 0.033333 0.066667 0.100000 0.133333 0.166667 0.200000 0.233333 0.266667 0.300000 0.333333 0.366667 0.400000 0.433333 0.466667 0.500000
0.533333 0.566667 0.600000 0.633333 0.666667 0.700000 0.733333 0.766667 0.800000 0.833333 0.866667 0.900000 0.933333 0.966667 1.000000 1.033333
1.066667 1.100000 1.133333 1.166667 1.200000 1.233333 1.266667 1.300000</float_array>
          <technique_common>
            <accessor source="#mixamorig_Spine2-Matrix-animation-input-array" count="40">
              <param name="TIME" type="float"/>
            </accessor>
          </technique_common>
        </source>
        <source id="mixamorig_Spine2-Matrix-animation-output-transform">
          <float_array id="mixamorig_Spine2-Matrix-animation-output-transform-array" count="640">

0.998290 -0.022728 0.053863 -0.000000 0.017044 0.994460 0.103726 0.863700 -0.055922 -0.102631 0.993146 0.000000 0.000000 0.000000 0.000000 1.000000
0.997869 -0.023215 0.060974 0.000000 0.017563 0.995637 0.091646 0.863700 -0.062835 -0.090380 0.993923 -0.000000 0.000000 0.000000 0.000000 1.000000
0.996253 -0.034485 0.079310 -0.000000 0.027732 0.996018 0.084732 0.863700 -0.081916 -0.082215 0.993242 0.000000 0.000000 0.000000 0.000000 1.000000
0.993758 -0.040522 0.103937 0.000000 0.032458 0.996414 0.078135 0.863700 -0.106730 -0.074274 0.991510 0.000000 0.000000 0.000000 0.000000 1.000000
0.993402 -0.038560 0.108007 0.000000 0.030633 0.996779 0.074115 0.863700 -0.110517 -0.070317 0.991384 -0.000000 0.000000 0.000000 0.000000 1.000000
0.995373 -0.030534 0.091100 0.000000 0.024174 0.997246 0.070117 0.863700 -0.092990 -0.067590 0.993370 -0.000000 0.000000 0.000000 0.000000 1.000000
0.995270 -0.034498 0.090812 -0.000000 0.028334 0.997262 0.068309 0.863700 -0.092920 -0.065413 0.993523 0.000000 0.000000 0.000000 0.000000 1.000000
0.995908 -0.039044 0.081501 0.000000 0.033529 0.997124 0.067969 0.863700 -0.083920 -0.064958 0.994353 0.000000 0.000000 0.000000 0.000000 1.000000
0.996775 -0.045923 0.065808 0.000000 0.041793 0.997150 0.062814 0.863700 -0.068505 -0.059861 0.995853 -0.000000 0.000000 0.000000 0.000000 1.000000
0.997782 -0.043679 0.050227 -0.000000 0.040803 0.997544 0.056935 0.863700 -0.052590 -0.054759 0.997114 -0.000000 0.000000 0.000000 0.000000 1.000000
0.998725 -0.031476 0.039479 0.000000 0.029352 0.998149 0.053269 0.863700 -0.041083 -0.052042 0.997800 0.000000 0.000000 0.000000 0.000000 1.000000
0.999041 -0.022569 0.037527 0.000000 0.020727 0.998595 0.048769 0.863700 -0.038575 -0.047944 0.998105 -0.000000 0.000000 0.000000 0.000000 1.000000
0.999131 -0.017209 0.037949 0.000000 0.015682 0.999070 0.040174 0.863700 -0.038605 -0.039544 0.998472 0.000000 0.000000 0.000000 0.000000 1.000000
0.999229 -0.037489 0.011637 0.000000 0.036835 0.997966 0.052038 0.863700 -0.013564 -0.051569 0.998577 -0.000000 0.000000 0.000000 0.000000 1.000000
0.998843 -0.045527 0.015485 0.000000 0.044632 0.997548 0.053905 0.863700 -0.017901 -0.053152 0.998426 0.000000 0.000000 0.000000 0.000000 1.000000
0.998744 -0.044325 0.023374 -0.000000 0.042960 0.997508 0.055970 0.863700 -0.025797 -0.054896 0.998159 0.000000 0.000000 0.000000 0.000000 1.000000
0.999683 -0.016518 0.019023 -0.000000 0.015399 0.998224 0.057555 0.863700 -0.019940 -0.057244 0.998161 0.000000 0.000000 0.000000 0.000000 1.000000
0.999812 -0.003895 0.018977 -0.000000 0.002685 0.997987 0.063364 0.863700 -0.019186 -0.063301 0.997810 0.000000 0.000000 0.000000 0.000000 1.000000
0.999613 0.006297 0.027081 0.000000 -0.008090 0.997745 0.066626 0.863700 -0.026600 -0.066819 0.997410 0.000000 0.000000 0.000000 0.000000 1.000000
0.999435 0.004213 0.033332 0.000000 -0.006695 0.997183 0.074709 0.863700 -0.032923 -0.074890 0.996648 0.000000 0.000000 0.000000 0.000000 1.000000
0.999659 0.003506 0.025881 -0.000000 -0.005497 0.996996 0.077251 0.863700 -0.025532 -0.077367 0.996676 -0.000000 0.000000 0.000000 0.000000 1.000000
0.999789 -0.002329 0.020416 0.000000 0.000525 0.996127 0.087920 0.863700 -0.020542 -0.087891 0.995918 -0.000000 0.000000 0.000000 0.000000 1.000000
0.999612 -0.012200 0.025060 0.000000 0.009877 0.995818 0.090826 0.863700 -0.026063 -0.090543 0.995551 0.000000 0.000000 0.000000 0.000000 1.000000
0.999309 -0.021456 0.030345 -0.000000 0.018680 0.995857 0.088988 0.863700 -0.032129 -0.088360 0.995570 -0.000000 0.000000 0.000000 0.000000 1.000000
0.998940 -0.029830 0.035047 -0.000000 0.026830 0.996176 0.083153 0.863700 -0.037393 -0.082125 0.995920 0.000000 0.000000 0.000000 0.000000 1.000000
0.998644 -0.035583 0.037996 -0.000000 0.032474 0.996304 0.079518 0.863700 -0.040685 -0.078176 0.996109 0.000000 0.000000 0.000000 0.000000 1.000000
0.998499 -0.039405 0.038044 0.000000 0.036209 0.996031 0.081314 0.863700 -0.041097 -0.079814 0.995962 -0.000000 0.000000 0.000000 0.000000 1.000000
0.998438 -0.041141 0.037801 -0.000000 0.038022 0.996084 0.079816 0.863700 -0.040937 -0.078254 0.996093 0.000000 0.000000 0.000000 0.000000 1.000000
0.998299 -0.040883 0.041562 -0.000000 0.037762 0.996595 0.073295 0.863700 -0.044417 -0.071601 0.996444 0.000000 0.000000 0.000000 0.000000 1.000000
0.998548 -0.036720 0.039416 0.000000 0.033902 0.996976 0.069922 0.863700 -0.041864 -0.068484 0.996773 -0.000000 0.000000 0.000000 0.000000 1.000000
0.999178 -0.030367 0.026858 -0.000000 0.028421 0.997137 0.070073 0.863700 -0.028909 -0.069252 0.997180 -0.000000 0.000000 0.000000 0.000000 1.000000
0.999561 -0.024198 0.017116 0.000000 0.022925 0.997211 0.071021 0.863700 -0.018787 -0.070597 0.997328 0.000000 0.000000 0.000000 0.000000 1.000000
0.999625 -0.021682 0.016711 0.000000 0.020458 0.997320 0.070247 0.863700 -0.018189 -0.069879 0.997390 0.000000 0.000000 0.000000 0.000000 1.000000
0.999533 -0.022841 0.020290 -0.000000 0.021345 0.997240 0.071110 0.863700 -0.021858 -0.070644 0.997262 0.000000 0.000000 0.000000 0.000000 1.000000
0.999483 -0.020705 0.024611 0.000000 0.018923 0.997329 0.070551 0.863700 -0.026006 -0.070049 0.997205 -0.000000 0.000000 0.000000 0.000000 1.000000
0.999429 -0.016593 0.029428 -0.000000 0.014514 0.997477 0.069492 0.863700 -0.030507 -0.069025 0.997148 0.000000 0.000000 0.000000 0.000000 1.000000
