<?xml version="1.0" encoding="utf-8"?>
<COLLADA xmlns="http://www.collada.org/2005/11/COLLADASchema" version="1.4.1">
  <asset>
    <contributor>
      <authoring_tool>FBX COLLADA exporter</authoring_tool>
    </contributor>
    <created>2020-04-22T18:42:17Z</created>
    <modified>2020-04-22T18:42:17Z</modified>
    <unit meter="0.010000" name="centimeter"/>
    <up_axis>Y_UP</up_axis>
  </asset>
  <library_animations>
    <animation id="Geralt-anim" name="Geralt">
      <animation>
        <source id="Geralt-Matrix-animation-input">
          <float_array id="Geralt-Matrix-animation-input-array" count="73">

0.000000 0.033333 0.066667 0.100000 0.133333 0.166667 0.200000 0.233333 0.266667 0.300000 0.333333 0.366667 0.400000 0.433333 0.466667 0.500000
0.533333 0.566667 0.600000 0.633333 0.666667 0.700000 0.733333 0.766667 0.800000 0.833333 0.866667 0.900000 0.933333 0.966667 1.000000 1.033333
1.066667 1.100000 1.133333 1.166667 1.200000 1.233333 1.266667 1.300000 1.333333 1.366667 1.400000 1.433333 1.466667 1.500000 1.533333 1.566667
1.600000 1.633333 1.666667 1.700000 1.733333 1.766667 1.800000 1.833333 1.866667 1.900000 1.933333 1.966667 2.000000 2.033333 2.066667 2.100000
2.133333 2.166667 2.200000 2.233333 2.266667 2.300000 2.333333 2.366667 2.400000</float_array>
          <technique_common>
            <accessor source="#Geralt-Matrix-animation-input-array" count="73">
              <param name="TIME" type="float"/>
            </accessor>
          </technique_common>
        </source>
        <source id="Geralt-Matrix-animation-output-transform">
          <float_array id="Geralt-Matrix-animation-output-transform-array" count="1168">

0.068515 -0.011465 -0.071932 0.000000 0.000083 0.098765 -0.015663 -0.071780 0.072840 0.010672 0.067678 0.000000 0.000000 0.000000 0.000000 1.000000
0.069882 -0.012051 -0.070508 0.000000 0.000765 0.098691 -0.016109 -0.066879 0.071526 0.010718 0.069059 0.000000 0.000000 0.000000 0.000000 1.000000
0.071562 -0.012351 -0.068748 0.000000 0.001282 0.098640 -0.016386 -0.061287 0.069837 0.010845 0.070747 0.000000 0.000000 0.000000 0.000000 1.000000
0.073458 -0.012840 -0.066627 0.000000 0.002159 0.098586 -0.016618 -0.054926 0.067818 0.010769 0.072696 0.000000 0.000000 0.000000 0.000000 1.000000
0.074784 -0.014415 -0.064804 0.000000 0.003977 0.098412 -0.017301 -0.047211 0.066268 0.010361 0.074170 0.000000 0.000000 0.000000 0.000000 1.000000
0.074060 -0.016704 -0.065085 0.000000 0.008100 0.098374 -0.016030 -0.047892 0.066704 0.006600 0.074209 0.000000 0.000000 0.000000 0.000000 1.000000
0.070836 -0.018241 -0.068187 0.000000 0.012410 0.098317 -0.013408 -0.047709 0.069485 0.001036 0.071908 0.000000 0.000000 0.000000 0.000000 1.000000
0.063703 -0.019066 -0.074689 0.000000 0.015555 0.098079 -0.011770 -0.045372 0.075498 -0.004120 0.065445 0.000000 0.000000 0.000000 0.000000 1.000000
0.054398 -0.018291 -0.081892 0.000000 0.017863 0.097882 -0.009997 -0.044363 0.081986 -0.009190 0.056514 0.000000 0.000000 0.000000 0.000000 1.000000
0.045663 -0.016654 -0.087393 0.000000 0.019360 0.097738 -0.008510 -0.049352 0.086834 -0.013033 0.047854 0.000000 0.000000 0.000000 0.000000 1.000000
0.039698 -0.015329 -0.090494 0.000000 0.021215 0.097458 -0.007202 -0.057276 0.089297 -0.016339 0.041941 0.000000 0.000000 0.000000 0.000000 1.000000
0.033199 -0.014096 -0.093269 0.000000 0.023896 0.096909 -0.006141 -0.067262 0.091251 -0.020249 0.035541 0.000000 0.000000 0.000000 0.000000 1.000000
0.022318 -0.016102 -0.096139 0.000000 0.024012 0.096496 -0.010587 -0.072040 0.094474 -0.020722 0.025402 0.000000 0.000000 0.000000 0.000000 1.000000
0.008531 -0.017584 -0.098072 0.000000 0.020803 0.096575 -0.015506 -0.072409 0.097440 -0.019079 0.011897 0.000000 0.000000 0.000000 0.000000 1.000000
-0.005371 -0.019283 -0.097977 0.000000 0.017993 0.096325 -0.019945 -0.068544 0.098221 -0.018700 -0.001704 0.000000 0.000000 0.000000 0.000000 1.000000
-0.024141 -0.021110 -0.094718 0.000000 0.012533 0.096109 -0.024614 -0.057569 0.096230 -0.017813 -0.020556 0.000000 0.000000 0.000000 0.000000 1.000000
-0.044043 -0.024622 -0.086337 0.000000 0.002178 0.095844 -0.028444 -0.041532 0.089752 -0.014408 -0.041677 0.000000 0.000000 0.000000 0.000000 1.000000
-0.060523 -0.032413 -0.072707 0.000000 -0.012699 0.094096 -0.031378 -0.021910 0.078585 -0.009758 -0.061067 0.000000 0.000000 0.000000 0.000000 1.000000
-0.069237 -0.041864 -0.058768 0.000000 -0.025447 0.090381 -0.034404 -0.001421 0.067518 -0.008866 -0.073230 0.000000 0.000000 0.000000 0.000000 1.000000
-0.076060 -0.050022 -0.041384 0.000000 -0.034630 0.085179 -0.039311 0.030305 0.054915 -0.015569 -0.082110 0.000000 0.000000 0.000000 0.000000 1.000000
-0.084728 -0.048804 -0.020959 0.000000 -0.042939 0.086164 -0.027055 0.036532 0.031263 -0.013923 -0.093961 0.000000 0.000000 0.000000 0.000000 1.000000
-0.088826 -0.045832 -0.003064 0.000000 -0.045245 0.088449 -0.011385 0.045141 0.007928 -0.008727 -0.099302 0.000000 0.000000 0.000000 0.000000 1.000000
-0.088358 -0.045616 0.010581 0.000000 -0.045952 0.088813 -0.000845 0.072004 -0.009011 -0.005609 -0.099435 0.000000 0.000000 0.000000 0.000000 1.000000
-0.085161 -0.045242 0.026473 0.000000 -0.045173 0.088962 0.006719 0.100227 -0.026591 -0.006237 -0.096198 0.000000 0.000000 0.000000 0.000000 1.000000
-0.079462 -0.042132 0.043712 0.000000 -0.041096 0.090325 0.012353 0.119189 -0.044687 -0.008148 -0.089088 0.000000 0.000000 0.000000 0.000000 1.000000
-0.071205 -0.038840 0.058492 0.000000 -0.036276 0.091677 0.016715 0.132315 -0.060116 -0.009317 -0.079368 0.000000 0.000000 0.000000 0.000000 1.000000
-0.060727 -0.038152 0.069689 0.000000 -0.031723 0.092064 0.022757 0.143635 -0.072841 -0.008288 -0.068011 0.000000 0.000000 0.000000 0.000000 1.000000
-0.047752 -0.036999 0.079692 0.000000 -0.025070 0.092669 0.028001 0.153109 -0.084209 -0.006608 -0.053527 0.000000 0.000000 0.000000 0.000000 1.000000
-0.031965 -0.035404 0.087891 0.000000 -0.018859 0.093279 0.030716 0.158468 -0.092858 -0.006757 -0.036493 0.000000 0.000000 0.000000 0.000000 1.000000
-0.015833 -0.033862 0.092750 0.000000 -0.012972 0.093835 0.032043 0.157181 -0.097883 -0.006958 -0.019250 0.000000 0.000000 0.000000 0.000000 1.000000
-0.000617 -0.032177 0.094680 0.000000 -0.007649 0.094420 0.032038 0.148943 -0.099705 -0.007044 -0.003044 0.000000 0.000000 0.000000 0.000000 1.000000
0.014020 -0.030391 0.094233 0.000000 -0.002354 0.095044 0.031003 0.135650 -0.098984 -0.006565 0.012610 0.000000 0.000000 0.000000 0.000000 1.000000
0.029929 -0.029088 0.090874 0.000000 0.004084 0.095543 0.029237 0.118386 -0.095329 -0.005039 0.029783 0.000000 0.000000 0.000000 0.000000 1.000000
0.046657 -0.028142 0.083852 0.000000 0.010869 0.095908 0.026141 0.098706 -0.087778 -0.003083 0.047807 0.000000 0.000000 0.000000 0.000000 1.000000
0.062024 -0.027849 0.073331 0.000000 0.016914 0.096035 0.022164 0.077210 -0.076596 -0.001344 0.064275 0.000000 0.000000 0.000000 0.000000 1.000000
0.074932 -0.027667 0.060164 0.000000 0.021662 0.096096 0.017211 0.051319 -0.062578 0.000136 0.078000 0.000000 0.000000 0.000000 0.000000 1.000000
0.085069 -0.027559 0.044764 0.000000 0.024682 0.096126 0.012274 0.021621 -0.046412 0.000607 0.088575 0.000000 0.000000 0.000000 0.000000 1.000000
0.092376 -0.026295 0.027844 0.000000 0.025209 0.096481 0.007480 -0.012336 -0.028831 0.000109 0.095754 0.000000 0.000000 0.000000 0.000000 1.000000
0.096197 -0.025448 0.009927 0.000000 0.025360 0.096707 0.002163 -0.048461 -0.010150 0.000437 0.099483 0.000000 0.000000 0.000000 0.000000 1.000000
0.096036 -0.025846 -0.010438 0.000000 0.025108 0.096475 -0.007877 -0.087246 0.012106 0.004944 0.099141 0.000000 0.000000 0.000000 0.000000 1.000000
0.091741 -0.024153 -0.031626 0.000000 0.018252 0.096161 -0.020493 -0.121618 0.035361 0.013028 0.092627 0.000000 0.000000 0.000000 0.000000 1.000000
0.084764 -0.017360 -0.050137 0.000000 0.005129 0.096734 -0.024823 -0.159502 0.052809 0.018469 0.082886 0.000000 0.000000 0.000000 0.000000 1.000000
0.078762 -0.026606 -0.055575 0.000000 0.009880 0.094483 -0.031230 -0.175606 0.060818 0.019107 0.077046 0.000000 0.000000 0.000000 0.000000 1.000000
0.073025 -0.028085 -0.062279 0.000000 0.005822 0.093386 -0.035287 -0.189843 0.068070 0.022142 0.069830 0.000000 0.000000 0.000000 0.000000 1.000000
0.068685 -0.024379 -0.068469 0.000000 -0.000554 0.094029 -0.034035 -0.212719 0.072678 0.023756 0.064448 0.000000 0.000000 0.000000 0.000000 1.000000
0.064496 -0.019701 -0.073839 0.000000 -0.007720 0.094446 -0.031943 -0.230942 0.076031 0.026302 0.059393 0.000000 0.000000 0.000000 0.000000 1.000000
0.062495 -0.018848 -0.075757 0.000000 -0.011222 0.093865 -0.032610 -0.232859 0.077256 0.028881 0.056545 0.000000 0.000000 0.000000 0.000000 1.000000
0.062815 -0.024437 -0.073873 0.000000 -0.009900 0.091659 -0.038739 -0.218689 0.077177 0.031647 0.055156 0.000000 0.000000 0.000000 0.000000 1.000000
0.063385 -0.025179 -0.073133 0.000000 -0.009541 0.091286 -0.039698 -0.213397 0.076755 0.032140 0.055459 0.000000 0.000000 0.000000 0.000000 1.000000
0.064291 -0.024178 -0.072678 0.000000 -0.011925 0.090571 -0.040679 -0.208081 0.075660 0.034820 0.055346 0.000000 0.000000 0.000000 0.000000 1.000000
0.064691 -0.020671 -0.073401 0.000000 -0.013873 0.091459 -0.037984 -0.211684 0.074984 0.034755 0.056298 0.000000 0.000000 0.000000 0.000000 1.000000
0.064429 -0.018796 -0.074133 0.000000 -0.014093 0.092355 -0.035664 -0.214565 0.075169 0.033425 0.056854 0.000000 0.000000 0.000000 0.000000 1.000000
0.062924 -0.015653 -0.076129 0.000000 -0.014064 0.094041 -0.030960 -0.221592 0.076438 0.030188 0.056973 0.000000 0.000000 0.000000 0.000000 1.000000
0.059838 -0.013740 -0.078935 0.000000 -0.013188 0.095486 -0.026618 -0.224843 0.079029 0.026338 0.055325 0.000000 0.000000 0.000000 0.000000 1.000000
0.056556 -0.012108 -0.081577 0.000000 -0.011737 0.096728 -0.022493 -0.227716 0.081631 0.022296 0.053284 0.000000 0.000000 0.000000 0.000000 1.000000
0.053042 -0.011298 -0.084018 0.000000 -0.009884 0.097608 -0.019366 -0.229220 0.084196 0.018576 0.050656 0.000000 0.000000 0.000000 0.000000 1.000000
0.050112 -0.013951 -0.085406 0.000000 -0.009010 0.097314 -0.021183 -0.217136 0.086067 0.018310 0.047510 0.000000 0.000000 0.000000 0.000000 1.000000
0.048195 -0.016156 -0.086118 0.000000 -0.009344 0.096777 -0.023385 -0.200505 0.087120 0.019317 0.045132 0.000000 0.000000 0.000000 0.000000 1.000000
0.045192 -0.017533 -0.087466 0.000000 -0.008358 0.096786 -0.023720 -0.179888 0.088813 0.018030 0.042274 0.000000 0.000000 0.000000 0.000000 1.000000
0.040287 -0.018699 -0.089596 0.000000 -0.007284 0.096925 -0.023504 -0.157955 0.091236 0.015995 0.037686 0.000000 0.000000 0.000000 0.000000 1.000000
0.035108 -0.021350 -0.091168 0.000000 -0.007120 0.096475 -0.025335 -0.130265 0.093363 0.015386 0.032351 0.000000 0.000000 0.000000 0.000000 1.000000
0.037484 -0.022386 -0.089966 0.000000 -0.005773 0.096289 -0.026365 -0.106706 0.092529 0.015076 0.034801 0.000000 0.000000 0.000000 0.000000 1.000000
0.041847 -0.022943 -0.087877 0.000000 -0.003107 0.096338 -0.026632 -0.089301 0.090770 0.013875 0.039602 0.000000 0.000000 0.000000 0.000000 1.000000
0.046824 -0.023297 -0.085233 0.000000 -0.000068 0.096452 -0.026401 -0.073739 0.088360 0.012420 0.045147 0.000000 0.000000 0.000000 0.000000 1.000000
0.051153 -0.023670 -0.082602 0.000000 0.002630 0.096517 -0.026028 -0.054009 0.085886 0.011142 0.049994 0.000000 0.000000 0.000000 0.000000 1.000000
0.054556 -0.023233 -0.080522 0.000000 0.003650 0.096648 -0.025412 -0.038121 0.083727 0.010925 0.053576 0.000000 0.000000 0.000000 0.000000 1.000000
0.055994 -0.021625 -0.079981 0.000000 0.002238 0.096893 -0.024631 -0.035146 0.082823 0.012002 0.054738 0.000000 0.000000 0.000000 0.000000 1.000000
0.055519 -0.021152 -0.080437 0.000000 0.001819 0.096998 -0.024251 -0.040457 0.083152 0.012001 0.054237 0.000000 0.000000 0.000000 0.000000 1.000000
0.054108 -0.021254 -0.081367 0.000000 0.001771 0.097020 -0.024165 -0.048131 0.084078 0.011634 0.052872 0.000000 0.000000 0.000000 0.000000 1.000000
0.055870 -0.019954 -0.080501 0.000000 0.001748 0.097324 -0.022911 -0.054720 0.082919 0.011393 0.054724 0.000000 0.000000 0.000000 0.000000 1.000000
0.058906 -0.018070 -0.078763 0.000000 0.001675 0.097720 -0.021166 -0.060972 0.080792 0.011149 0.057865 0.000000 0.000000 0.000000 0.000000 1.000000
0.062233 -0.015899 -0.076644 0.000000 0.001289 0.098111 -0.019305 -0.066081 0.078265 0.011026 0.061262 0.000000 0.000000 0.000000 0.000000 1.000000
0.065649 -0.013558 -0.074205 0.000000 0.000676 0.098473 -0.017393 -0.069644 0.075431 0.010917 0.064738 0.000000 0.000000 0.000000 0.000000 1.000000</float_array>
          <technique_common>
            <accessor source="#Geralt-Matrix-animation-output-transform-array" count="73" stride="16">
              <param type="float4x4"/>
            </accessor>
          </technique_common>
        </source>
        <source id="Geralt-Interpolations">
          <Name_array id="Geralt-Interpolations-array" count="73">
 LINEAR LINEAR LINEAR LINEAR LINEAR LINEAR LINEAR LINEAR LINEAR LINEAR LINEAR
LINEAR LINEAR LINEAR LINEAR LINEAR LINEAR LINEAR LINEAR LINEAR LINEAR LINEAR LINEAR
LINEAR LINEAR LINEAR LINEAR LINEAR LINEAR LINEAR LINEAR LINEAR LINEAR LINEAR LINEAR
LINEAR LINEAR LINEAR LINEAR LINEAR LINEAR LINEAR LINEAR LINEAR LINEAR LINEAR LINEAR
LINEAR LINEAR LINEAR LINEAR LINEAR LINEAR LINEAR LINEAR LINEAR LINEAR LINEAR LINEAR
LINEAR LINEAR LINEAR LINEAR LINEAR LINEAR LINEAR LINEAR LINEAR LINEAR LINEAR LINEAR
LINEAR LINEAR</Name_array>
          <technique_common>
            <accessor source="#Geralt-Interpolations-array" count="73">
              <param type="name"/>
            </accessor>
          </technique_common>
        </source>
        <sampler id="Geralt-Matrix-animation-transform">
          <input semantic="INPUT" source="#Geralt-Matrix-animation-input"/>
          <input semantic="OUTPUT" source="#Geralt-Matrix-animation-output-transform"/>
          <input semantic="INTERPOLATION" source="#Geralt-Interpolations"/>
        </sampler>
        <channel source="#Geralt-Matrix-animation-transform" target="Geralt/matrix"/>
      </animation>
    </animation>
    <animation id="mixamorig_Hips-anim" name="mixamorig_Hips">
      <animation>
        <source id="mixamorig_Hips-Matrix-animation-input">
          <float_array id="mixamorig_Hips-Matrix-animation-input-array" count="73">

0.000000 0.033333 0.066667 0.100000 0.133333 0.166667 0.200000 0.233333 0.266667 0.300000 0.333333 0.366667 0.400000 0.433333 0.466667 0.500000
0.533333 0.566667 0.600000 0.633333 0.666667 0.700000 0.733333 0.766667 0.800000 0.833333 0.866667 0.900000 0.933333 0.966667 1.000000 1.033333
1.066667 1.100000 1.133333 1.166667 1.200000 1.233333 1.266667 1.300000 1.333333 1.366667 1.400000 1.433333 1.466667 1.500000 1.533333 1.566667
1.600000 1.633333 1.666667 1.700000 1.733333 1.766667 1.800000 1.833333 1.866667 1.900000 1.933333 1.966667 2.000000 2.033333 2.066667 2.100000
2.133333 2.166667 2.200000 2.233333 2.266667 2.300000 2.333333 2.366667 2.400000</float_array>
          <technique_common>
            <accessor source="#mixamorig_Hips-Matrix-animation-input-array" count="73">
              <param name="TIME" type="float"/>
            </accessor>
          </technique_common>
        </source>
        <source id="mixamorig_Hips-Matrix-animation-output-transform">
          <float_array id="mixamorig_Hips-Matrix-animation-output-transform-array" count="1168">

-0.994733 0.002958 -0.102461 -0.079300 -0.006107 0.996097 0.088049 3.696700 0.102322 0.088211 -0.990832 0.497700 0.000000 0.000000 0.000000 1.000000
-0.994733 0.002958 -0.102461 -0.079300 -0.006107 0.996097 0.088049 3.696700 0.102322 0.088211 -0.990832 0.497700 0.000000 0.000000 0.000000 1.000000
-0.994733 0.002958 -0.102461 -0.079300 -0.006107 0.996097 0.088049 3.696700 0.102322 0.088211 -0.990832 0.497700 0.000000 0.000000 0.000000 1.000000
-0.994733 0.002958 -0.102461 -0.079300 -0.006107 0.996097 0.088049 3.696700 0.102322 0.088211 -0.990832 0.497700 0.000000 0.000000 0.000000 1.000000
-0.994733 0.002958 -0.102461 -0.079300 -0.006107 0.996097 0.088049 3.696700 0.102322 0.088211 -0.990832 0.497700 0.000000 0.000000 0.000000 1.000000
-0.994733 0.002958 -0.102461 -0.079300 -0.006107 0.996097 0.088049 3.696700 0.102322 0.088211 -0.990832 0.497700 0.000000 0.000000 0.000000 1.000000
-0.994733 0.002958 -0.102461 -0.079300 -0.006107 0.996097 0.088049 3.696700 0.102322 0.088211 -0.990832 0.497700 0.000000 0.000000 0.000000 1.000000
-0.994733 0.002958 -0.102461 -0.079300 -0.006107 0.996097 0.088049 3.696700 0.102322 0.088211 -0.990832 0.497700 0.000000 0.000000 0.000000 1.000000
-0.994733 0.002958 -0.102461 -0.079300 -0.006107 0.996097 0.088049 3.696700 0.102322 0.088211 -0.990832 0.497700 0.000000 0.000000 0.000000 1.000000
-0.994733 0.002958 -0.102461 -0.079300 -0.006107 0.996097 0.088049 3.696700 0.102322 0.088211 -0.990832 0.497700 0.000000 0.000000 0.000000 1.000000
-0.994733 0.002958 -0.102461 -0.079300 -0.006107 0.996097 0.088049 3.696700 0.102322 0.088211 -0.990832 0.497700 0.000000 0.000000 0.000000 1.000000
-0.994733 0.002958 -0.102461 -0.079300 -0.006107 0.996097 0.088049 3.696700 0.102322 0.088211 -0.990832 0.497700 0.000000 0.000000 0.000000 1.000000
-0.994733 0.002958 -0.102461 -0.079300 -0.006107 0.996097 0.088049 3.696700 0.102322 0.088211 -0.990832 0.497700 0.000000 0.000000 0.000000 1.000000
-0.994733 0.002958 -0.102461 -0.079300 -0.006107 0.996097 0.088049 3.696700 0.102322 0.088211 -0.990832 0.497700 0.000000 0.000000 0.000000 1.000000
-0.994733 0.002958 -0.102461 -0.079300 -0.006107 0.996097 0.088049 3.696700 0.102322 0.088211 -0.990832 0.497700 0.000000 0.000000 0.000000 1.000000
-0.994733 0.002958 -0.102461 -0.079300 -0.006107 0.996097 0.088049 3.696700 0.102322 0.088211 -0.990832 0.497700 0.000000 0.000000 0.000000 1.000000
-0.994733 0.002958 -0.102461 -0.079300 -0.006107 0.996097 0.088049 3.696700 0.102322 0.088211 -0.990832 0.497700 0.000000 0.000000 0.000000 1.000000
-0.994733 0.002958 -0.102461 -0.079300 -0.006107 0.996097 0.088049 3.696700 0.102322 0.088211 -0.990832 0.497700 0.000000 0.000000 0.000000 1.000000
-0.994733 0.002958 -0.102461 -0.079300 -0.006107 0.996097 0.088049 3.696700 0.102322 0.088211 -0.990832 0.497700 0.000000 0.000000 0.000000 1.000000
-0.994733 0.002958 -0.102461 -0.079300 -0.006107 0.996097 0.088049 3.696700 0.102322 0.088211 -0.990832 0.497700 0.000000 0.000000 0.000000 1.000000
-0.994733 0.002958 -0.102461 -0.079300 -0.006107 0.996097 0.088049 3.696700 0.102322 0.088211 -0.990832 0.497700 0.000000 0.000000 0.000000 1.000000
-0.994733 0.002958 -0.102461 -0.079300 -0.006107 0.996097 0.088049 3.696700 0.102322 0.088211 -0.990832 0.497700 0.000000 0.000000 0.000000 1.000000
-0.994733 0.002958 -0.102461 -0.079300 -0.006107 0.996097 0.088049 3.696700 0.102322 0.088211 -0.990832 0.497700 0.000000 0.000000 0.000000 1.000000
-0.994733 0.002958 -0.102461 -0.079300 -0.006107 0.996097 0.088049 3.696700 0.102322 0.088211 -0.990832 0.497700 0.000000 0.000000 0.000000 1.000000
-0.994733 0.002958 -0.102461 -0.079300 -0.006107 0.996097 0.088049 3.696700 0.102322 0.088211 -0.990832 0.497700 0.000000 0.000000 0.000000 1.000000
-0.994733 0.002958 -0.102461 -0.079300 -0.006107 0.996097 0.088049 3.696700 0.102322 0.088211 -0.990832 0.497700 0.000000 0.000000 0.000000 1.000000
-0.994733 0.002958 -0.102461 -0.079300 -0.006107 0.996097 0.088049 3.696700 0.102322 0.088211 -0.990832 0.497700 0.000000 0.000000 0.000000 1.000000
-0.994733 0.002958 -0.102461 -0.079300 -0.006107 0.996097 0.088049 3.696700 0.102322 0.088211 -0.990832 0.497700 0.000000 0.000000 0.000000 1.000000
-0.994733 0.002958 -0.102461 -0.079300 -0.006107 0.996097 0.088049 3.696700 0.102322 0.088211 -0.990832 0.497700 0.000000 0.000000 0.000000 1.000000
-0.994733 0.002958 -0.102461 -0.079300 -0.006107 0.996097 0.088049 3.696700 0.102322 0.088211 -0.990832 0.497700 0.000000 0.000000 0.000000 1.000000
-0.994733 0.002958 -0.102461 -0.079300 -0.006107 0.996097 0.088049 3.696700 0.102322 0.088211 -0.990832 0.497700 0.000000 0.000000 0.000000 1.000000
-0.994733 0.002958 -0.102461 -0.079300 -0.006107 0.996097 0.088049 3.696700 0.102322 0.088211 -0.990832 0.497700 0.000000 0.000000 0.000000 1.000000
-0.994733 0.002958 -0.102461 -0.079300 -0.006107 0.996097 0.088049 3.696700 0.102322 0.088211 -0.990832 0.497700 0.000000 0.000000 0.000000 1.000000
-0.994733 0.002958 -0.102461 -0.079300 -0.006107 0.996097 0.088049 3.696700 0.102322 0.088211 -0.990832 0.497700 0.000000 0.000000 0.000000 1.000000
-0.994733 0.002958 -0.102461 -0.079300 -0.006107 0.996097 0.088049 3.696700 0.102322 0.088211 -0.990832 0.497700 0.000000 0.000000 0.000000 1.000000
-0.994733 0.002958 -0.102461 -0.079300 -0.006107 0.996097 0.088049 3.696700 0.102322 0.088211 -0.990832 0.497700 0.000000 0.000000 0.000000 1.000000
-0.994733 0.002958 -0.102461 -0.079300 -0.006107 0.996097 0.088049 3.696700 0.102322 0.088211 -0.990832 0.497700 0.000000 0.000000 0.000000 1.000000
-0.994733 0.002958 -0.102461 -0.079300 -0.006107 0.996097 0.088049 3.696700 0.102322 0.088211 -0.990832 0.497700 0.000000 0.000000 0.000000 1.000000
-0.994733 0.002958 -0.102461 -0.079300 -0.006107 0.996097 0.088049 3.696700 0.102322 0.088211 -0.990832 0.497700 0.000000 0.000000 0.000000 1.000000
-0.994733 0.002958 -0.102461 -0.079300 -0.006107 0.996097 0.088049 3.696700 0.102322 0.088211 -0.990832 0.497700 0.000000 0.000000 0.000000 1.000000
-0.994733 0.002958 -0.102461 -0.079300 -0.006107 0.996097 0.088049 3.696700 0.102322 0.088211 -0.990832 0.497700 0.000000 0.000000 0.000000 1.000000
-0.994733 0.002958 -0.102461 -0.079300 -0.006107 0.996097 0.088049 3.696700 0.102322 0.088211 -0.990832 0.497700 0.000000 0.000000 0.000000 1.000000
-0.994733 0.002958 -0.102461 -0.079300 -0.006107 0.996097 0.088049 3.696700 0.102322 0.088211 -0.990832 0.497700 0.000000 0.000000 0.000000 1.000000
-0.994733 0.002958 -0.102461 -0.079300 -0.006107 0.996097 0.088049 3.696700 0.102322 0.088211 -0.990832 0.497700 0.000000 0.000000 0.000000 1.000000
-0.994733 0.002958 -0.102461 -0.079300 -0.006107 0.996097 0.088049 3.696700 0.102322 0.088211 -0.990832 0.497700 0.000000 0.000000 0.000000 1.000000
-0.994733 0.002958 -0.102461 -0.079300 -0.006107 0.996097 0.088049 3.696700 0.102322 0.088211 -0.990832 0.497700 0.000000 0.000000 0.000000 1.000000
-0.994733 0.002958 -0.102461 -0.079300 -0.006107 0.996097 0.088049 3.696700 0.102322 0.088211 -0.990832 0.497700 0.000000 0.000000 0.000000 1.000000
-0.994733 0.002958 -0.102461 -0.079300 -0.006107 0.996097 0.088049 3.696700 0.102322 0.088211 -0.990832 0.497700 0.000000 0.000000 0.000000 1.000000
-0.994733 0.002958 -0.102461 -0.079300 -0.006107 0.996097 0.088049 3.696700 0.102322 0.088211 -0.990832 0.497700 0.000000 0.000000 0.000000 1.000000
-0.994733 0.002958 -0.102461 -0.079300 -0.006107 0.996097 0.088049 3.696700 0.102322 0.088211 -0.990832 0.497700 0.000000 0.000000 0.000000 1.000000
-0.994733 0.002958 -0.102461 -0.079300 -0.006107 0.996097 0.088049 3.696700 0.102322 0.088211 -0.990832 0.497700 0.000000 0.000000 0.000000 1.000000
-0.994733 0.002958 -0.102461 -0.079300 -0.006107 0.996097 0.088049 3.696700 0.102322 0.088211 -0.990832 0.497700 0.000000 0.000000 0.000000 1.000000
-0.994733 0.002958 -0.102461 -0.079300 -0.006107 0.996097 0.088049 3.696700 0.102322 0.088211 -0.990832 0.497700 0.000000 0.000000 0.000000 1.000000
-0.994733 0.002958 -0.102461 -0.079300 -0.006107 0.996097 0.088049 3.696700 0.102322 0.088211 -0.990832 0.497700 0.000000 0.000000 0.000000 1.000000
-0.994733 0.002958 -0.102461 -0.079300 -0.006107 0.996097 0.088049 3.696700 0.102322 0.088211 -0.990832 0.497700 0.000000 0.000000 0.000000 1.000000
-0.994733 0.002958 -0.102461 -0.079300 -0.006107 0.996097 0.088049 3.696700 0.102322 0.088211 -0.990832 0.497700 0.000000 0.000000 0.000000 1.000000
-0.994733 0.002958 -0.102461 -0.079300 -0.006107 0.996097 0.088049 3.696700 0.102322 0.088211 -0.990832 0.497700 0.000000 0.000000 0.000000 1.000000
-0.994733 0.002958 -0.102461 -0.079300 -0.006107 0.996097 0.088049 3.696700 0.102322 0.088211 -0.990832 0.497700 0.000000 0.000000 0.000000 1.000000
-0.994733 0.002958 -0.102461 -0.079300 -0.006107 0.996097 0.088049 3.696700 0.102322 0.088211 -0.990832 0.497700 0.000000 0.000000 0.000000 1.000000
-0.994733 0.002958 -0.102461 -0.079300 -0.006107 0.996097 0.088049 3.696700 0.102322 0.088211 -0.990832 0.497700 0.000000 0.000000 0.000000 1.000000
-0.994733 0.002958 -0.102461 -0.079300 -0.006107 0.996097 0.088049 3.696700 0.102322 0.088211 -0.990832 0.497700 0.000000 0.000000 0.000000 1.000000
-0.994733 0.002958 -0.102461 -0.079300 -0.006107 0.996097 0.088049 3.696700 0.102322 0.088211 -0.990832 0.497700 0.000000 0.000000 0.000000 1.000000
-0.994733 0.002958 -0.102461 -0.079300 -0.006107 0.996097 0.088049 3.696700 0.102322 0.088211 -0.990832 0.497700 0.000000 0.000000 0.000000 1.000000
-0.994733 0.002958 -0.102461 -0.079300 -0.006107 0.996097 0.088049 3.696700 0.102322 0.088211 -0.990832 0.497700 0.000000 0.000000 0.000000 1.000000
-0.994733 0.002958 -0.102461 -0.079300 -0.006107 0.996097 0.088049 3.696700 0.102322 0.088211 -0.990832 0.497700 0.000000 0.000000 0.000000 1.000000
-0.994733 0.002958 -0.102461 -0.079300 -0.006107 0.996097 0.088049 3.696700 0.102322 0.088211 -0.990832 0.497700 0.000000 0.000000 0.000000 1.000000
-0.994733 0.002958 -0.102461 -0.079300 -0.006107 0.996097 0.088049 3.696700 0.102322 0.088211 -0.990832 0.497700 0.000000 0.000000 0.000000 1.000000
-0.994733 0.002958 -0.102461 -0.079300 -0.006107 0.996097 0.088049 3.696700 0.102322 0.088211 -0.990832 0.497700 0.000000 0.000000 0.000000 1.000000
-0.994733 0.002958 -0.102461 -0.079300 -0.006107 0.996097 0.088049 3.696700 0.102322 0.088211 -0.990832 0.497700 0.000000 0.000000 0.000000 1.000000
-0.994733 0.002958 -0.102461 -0.079300 -0.006107 0.996097 0.088049 3.696700 0.102322 0.088211 -0.990832 0.497700 0.000000 0.000000 0.000000 1.000000
-0.994733 0.002958 -0.102461 -0.079300 -0.006107 0.996097 0.088049 3.696700 0.102322 0.088211 -0.990832 0.497700 0.000000 0.000000 0.000000 1.000000
-0.994733 0.002958 -0.102461 -0.079300 -0.006107 0.996097 0.088049 3.696700 0.102322 0.088211 -0.990832 0.497700 0.000000 0.000000 0.000000 1.000000
-0.994733 0.002958 -0.102461 -0.079300 -0.006107 0.996097 0.088049 3.696700 0.102322 0.088211 -0.990832 0.497700 0.000000 0.000000 0.000000 1.000000</float_array>
          <technique_common>
            <accessor source="#mixamorig_Hips-Matrix-animation-output-transform-array" count="73" stride="16">
              <param type="float4x4"/>
            </accessor>
          </technique_common>
        </source>
        <source id="mixamorig_Hips-Interpolations">
          <Name_array id="mixamorig_Hips-Interpolations-array" count="73">
 LINEAR LINEAR LINEAR LINEAR LINEAR LINEAR LINEAR LINEAR LINEAR LINEAR LINEAR
LINEAR LINEAR LINEAR LINEAR LINEAR LINEAR LINEAR LINEAR LINEAR LINEAR LINEAR LINEAR
LINEAR LINEAR LINEAR LINEAR LINEAR LINEAR LINEAR LINEAR LINEAR LINEAR LINEAR LINEAR
LINEAR LINEAR LINEAR LINEAR LINEAR LINEAR LINEAR LINEAR LINEAR LINEAR LINEAR LINEAR
LINEAR LINEAR LINEAR LINEAR LINEAR LINEAR LINEAR LINEAR LINEAR LINEAR LINEAR LINEAR
LINEAR LINEAR LINEAR LINEAR LINEAR LINEAR LINEAR LINEAR LINEAR LINEAR LINEAR LINEAR
LINEAR LINEAR</Name_array>
          <technique_common>
            <accessor source="#mixamorig_Hips-Interpolations-array" count="73">
              <param type="name"/>
            </accessor>
          </technique_common>
        </source>
        <sampler id="mixamorig_Hips-Matrix-animation-transform">
          <input semantic="INPUT" source="#mixamorig_Hips-Matrix-animation-input"/>
          <input semantic="OUTPUT" source="#mixamorig_Hips-Matrix-animation-output-transform"/>
          <input semantic="INTERPOLATION" source="#mixamorig_Hips-Interpolations"/>
        </sampler>
        <channel source="#mixamorig_Hips-Matrix-animation-transform" target="mixamorig_Hips/matrix"/>
      </animation>
    </animation>
    <animation id="mixamorig_Spine-anim" name="mixamorig_Spine">
      <animation>
        <source id="mixamorig_Spine-Matrix-animation-input">
          <float_array id="mixamorig_Spine-Matrix-animation-input-array" count="73">

0.000000 0.033333 0.066667 0.100000 0.133333 0.166667 0.200000 0.233333 0.266667 0.300000 0.333333 0.366667 0.400000 0.433333 0.466667 0.500000
0.533333 0.566667 0.600000 0.633333 0.666667 0.700000 0.733333 0.766667 0.800000 0.833333 0.866667 0.900000 0.933333 0.966667 1.000000 1.033333
1.066667 1.100000 1.133333 1.166667 1.200000 1.233333 1.266667 1.300000 1.333333 1.366667 1.400000 1.433333 1.466667 1.500000 1.533333 1.566667
1.600000 1.633333 1.666667 1.700000 1.733333 1.766667 1.800000 1.833333 1.866667 1.900000 1.933333 1.966667 2.000000 2.033333 2.066667 2.100000
2.133333 2.166667 2.200000 2.233333 2.266667 2.300000 2.333333 2.366667 2.400000</float_array>
          <technique_common>
            <accessor source="#mixamorig_Spine-Matrix-animation-input-array" count="73">
              <param name="TIME" type="float"/>
            </accessor>
          </technique_common>
        </source>
        <source id="mixamorig_Spine-Matrix-animation-output-transform">
          <float_array id="mixamorig_Spine-Matrix-animation-output-transform-array" count="1168">

0.991294 -0.046397 0.123224 -0.042100 0.014373 0.968397 0.249001 0.746100 -0.130883 -0.245062 0.960632 0.157600 0.000000 0.000000 0.000000 1.000000
0.992828 -0.030093 0.115701 -0.042100 0.000157 0.968127 0.250460 0.746100 -0.119551 -0.248646 0.961188 0.157600 0.000000 0.000000 0.000000 1.000000
0.993277 -0.005824 0.115615 -0.042100 -0.023916 0.966864 0.254169 0.746100 -0.113264 -0.255225 0.960225 0.157600 0.000000 0.000000 0.000000 1.000000
0.991919 0.016642 0.125775 -0.042100 -0.048719 0.965317 0.256497 0.746100 -0.117144 -0.260552 0.958327 0.157600 0.000000 0.000000 0.000000 1.000000
0.989394 0.028859 0.142359 -0.042100 -0.064114 0.966191 0.249728 0.746100 -0.130339 -0.256207 0.957794 0.157600 0.000000 0.000000 0.000000 1.000000
0.985332 0.015641 0.169930 -0.042100 -0.059623 0.964588 0.256935 0.746100 -0.159894 -0.263298 0.951372 0.157600 0.000000 0.000000 0.000000 1.000000
0.975819 -0.000257 0.218580 -0.042100 -0.059793 0.961543 0.268066 0.746100 -0.210243 -0.274653 0.938277 0.157600 0.000000 0.000000 0.000000 1.000000
0.957097 -0.013064 0.289475 -0.042100 -0.069100 0.959873 0.271788 0.746100 -0.281410 -0.280130 0.917789 0.157600 0.000000 0.000000 0.000000 1.000000
0.937440 -0.020927 0.347517 -0.042100 -0.086531 0.952862 0.290801 0.746100 -0.337221 -0.302680 0.891440 0.157600 0.000000 0.000000 0.000000 1.000000
0.918681 -0.025610 0.394170 -0.042100 -0.110111 0.941736 0.317818 0.746100 -0.379343 -0.335376 0.862335 0.157600 0.000000 0.000000 0.000000 1.000000
0.903599 -0.029649 0.427354 -0.042100 -0.130882 0.930792 0.341315 0.746100 -0.407897 -0.364344 0.837182 0.157600 0.000000 0.000000 0.000000 1.000000
0.887921 -0.044119 0.457875 -0.042100 -0.143451 0.919192 0.366753 0.746100 -0.437056 -0.391331 0.809841 0.157600 0.000000 0.000000 0.000000 1.000000
0.878971 -0.051665 0.474068 -0.042100 -0.142360 0.920355 0.364252 0.746100 -0.455130 -0.387655 0.801611 0.157600 0.000000 0.000000 0.000000 1.000000
0.887736 -0.038695 0.458724 -0.042100 -0.153434 0.914616 0.374081 0.746100 -0.434031 -0.402469 0.806000 0.157600 0.000000 0.000000 0.000000 1.000000
0.902029 -0.067229 0.426409 -0.042100 -0.118594 0.911195 0.394537 0.746100 -0.415066 -0.406453 0.813951 0.157600 0.000000 0.000000 0.000000 1.000000
0.916614 -0.106457 0.385337 -0.042100 -0.076273 0.899616 0.429969 0.746100 -0.392429 -0.423507 0.816481 0.157600 0.000000 0.000000 0.000000 1.000000
0.939763 -0.127198 0.317278 -0.042100 -0.031638 0.891835 0.451252 0.746100 -0.340358 -0.434108 0.834090 0.157600 0.000000 0.000000 0.000000 1.000000
0.969912 -0.088618 0.226754 -0.042100 -0.013317 0.910692 0.412872 0.746100 -0.243091 -0.403469 0.882111 0.157600 0.000000 0.000000 0.000000 1.000000
0.996404 -0.042437 0.073331 -0.042100 0.014978 0.940114 0.340531 0.746100 -0.083391 -0.338208 0.937369 0.157600 0.000000 0.000000 0.000000 1.000000
0.999799 -0.015582 -0.012623 -0.042100 0.018001 0.974763 0.222517 0.746100 0.008837 -0.222699 0.974847 0.157600 0.000000 0.000000 0.000000 1.000000
0.999134 -0.029153 -0.029678 -0.042100 0.035492 0.969500 0.242509 0.746100 0.021703 -0.243353 0.969695 0.157600 0.000000 0.000000 0.000000 1.000000
0.997842 -0.034606 -0.055800 -0.042100 0.048338 0.962318 0.267596 0.746100 0.044437 -0.269716 0.961914 0.157600 0.000000 0.000000 0.000000 1.000000
0.998164 0.000494 -0.060575 -0.042100 0.014740 0.967935 0.250768 0.746100 0.058756 -0.251201 0.966150 0.157600 0.000000 0.000000 0.000000 1.000000
0.999472 0.031470 0.008060 -0.042100 -0.032477 0.973795 0.225098 0.746100 -0.000765 -0.225241 0.974303 0.157600 0.000000 0.000000 0.000000 1.000000
0.994387 0.044484 0.096000 -0.042100 -0.062930 0.978050 0.198643 0.746100 -0.085056 -0.203569 0.975359 0.157600 0.000000 0.000000 0.000000 1.000000
0.984561 0.064386 0.162774 -0.042100 -0.093816 0.979155 0.180152 0.746100 -0.147782 -0.192641 0.970077 0.157600 0.000000 0.000000 0.000000 1.000000
0.971715 0.073371 0.224470 -0.042100 -0.116142 0.976093 0.183721 0.746100 -0.205623 -0.204595 0.957006 0.157600 0.000000 0.000000 0.000000 1.000000
0.959231 0.059125 0.276371 -0.042100 -0.113777 0.975918 0.186116 0.746100 -0.258711 -0.209973 0.942857 0.157600 0.000000 0.000000 0.000000 1.000000
0.948096 0.039585 0.315510 -0.042100 -0.098242 0.980144 0.172241 0.746100 -0.302426 -0.194297 0.933160 0.157600 0.000000 0.000000 0.000000 1.000000
0.938049 0.020123 0.345917 -0.042100 -0.082644 0.982494 0.166959 0.746100 -0.336502 -0.185204 0.923291 0.157600 0.000000 0.000000 0.000000 1.000000
0.927664 0.012694 0.373200 -0.042100 -0.077576 0.984169 0.159355 0.746100 -0.365269 -0.176779 0.913963 0.157600 0.000000 0.000000 0.000000 1.000000
0.918525 0.012589 0.395162 -0.042100 -0.079894 0.984783 0.154335 0.746100 -0.387206 -0.173332 0.905553 0.157600 0.000000 0.000000 0.000000 1.000000
0.912802 0.012282 0.408218 -0.042100 -0.083398 0.984091 0.156876 0.746100 -0.399797 -0.177241 0.899304 0.157600 0.000000 0.000000 0.000000 1.000000
0.905703 0.012555 0.423727 -0.042100 -0.088314 0.983218 0.159635 0.746100 -0.414612 -0.182003 0.891612 0.157600 0.000000 0.000000 0.000000 1.000000
0.903060 0.020020 0.429048 -0.042100 -0.098305 0.982032 0.161090 0.746100 -0.418114 -0.187651 0.888801 0.157600 0.000000 0.000000 0.000000 1.000000
0.907408 0.026468 0.419416 -0.042100 -0.109771 0.978295 0.175753 0.746100 -0.405661 -0.205520 0.890618 0.157600 0.000000 0.000000 0.000000 1.000000
0.912537 0.034626 0.407526 -0.042100 -0.127577 0.970793 0.203188 0.746100 -0.388588 -0.237407 0.890302 0.157600 0.000000 0.000000 0.000000 1.000000
0.920866 0.055070 0.385969 -0.042100 -0.157135 0.958432 0.238153 0.746100 -0.356809 -0.279957 0.891241 0.157600 0.000000 0.000000 0.000000 1.000000
0.930920 0.093631 0.353018 -0.042100 -0.201896 0.937394 0.283779 0.746100 -0.304347 -0.335448 0.891542 0.157600 0.000000 0.000000 0.000000 1.000000
0.939513 0.124995 0.318890 -0.042100 -0.228430 0.922399 0.311448 0.746100 -0.255214 -0.365454 0.895159 0.157600 0.000000 0.000000 0.000000 1.000000
0.945806 0.164587 0.279931 -0.042100 -0.252184 0.915365 0.313864 0.746100 -0.204581 -0.367449 0.907264 0.157600 0.000000 0.000000 0.000000 1.000000
0.932834 0.265713 0.243346 -0.042100 -0.342478 0.863712 0.369744 0.746100 -0.111935 -0.428250 0.896701 0.157600 0.000000 0.000000 0.000000 1.000000
0.964531 0.229517 0.130393 -0.042100 -0.263074 0.876471 0.403226 0.746100 -0.021738 -0.423227 0.905763 0.157600 0.000000 0.000000 0.000000 1.000000
0.961278 0.237518 0.139748 -0.042100 -0.274427 0.871388 0.406661 0.746100 -0.025186 -0.429265 0.902828 0.157600 0.000000 0.000000 0.000000 1.000000
0.956789 0.255945 0.138009 -0.042100 -0.290712 0.831510 0.473368 0.746100 0.006400 -0.493034 0.869986 0.157600 0.000000 0.000000 0.000000 1.000000
0.957770 0.264787 0.112090 -0.042100 -0.281962 0.788522 0.546562 0.746100 0.056337 -0.555086 0.829883 0.157600 0.000000 0.000000 0.000000 1.000000
0.965547 0.251553 0.066625 -0.042100 -0.240568 0.765232 0.597117 0.746100 0.099223 -0.592573 0.799383 0.157600 0.000000 0.000000 0.000000 1.000000
0.977171 0.205342 0.054513 -0.042100 -0.199246 0.796681 0.570615 0.746100 0.073742 -0.568449 0.819407 0.157600 0.000000 0.000000 0.000000 1.000000
0.984120 0.164150 0.067546 -0.042100 -0.171684 0.783591 0.597084 0.746100 0.045083 -0.599199 0.799330 0.157600 0.000000 0.000000 0.000000 1.000000
0.982601 0.170399 0.073895 -0.042100 -0.180538 0.782854 0.595437 0.746100 0.043613 -0.598417 0.799997 0.157600 0.000000 0.000000 0.000000 1.000000
0.978954 0.187445 0.080705 -0.042100 -0.197512 0.770684 0.605834 0.746100 0.051363 -0.609024 0.791487 0.157600 0.000000 0.000000 0.000000 1.000000
0.978784 0.181238 0.095576 -0.042100 -0.202092 0.777039 0.596128 0.746100 0.033775 -0.602796 0.797180 0.157600 0.000000 0.000000 0.000000 1.000000
0.978682 0.167528 0.118808 -0.042100 -0.205248 0.777059 0.595023 0.746100 0.007362 -0.606724 0.794879 0.157600 0.000000 0.000000 0.000000 1.000000
0.981601 0.148895 0.119542 -0.042100 -0.190715 0.795231 0.575531 0.746100 -0.009370 -0.587740 0.808996 0.157600 0.000000 0.000000 0.000000 1.000000
0.985138 0.129925 0.112351 -0.042100 -0.170608 0.815944 0.552384 0.746100 -0.019904 -0.563343 0.825984 0.157600 0.000000 0.000000 0.000000 1.000000
0.988668 0.111819 0.100162 -0.042100 -0.148012 0.837494 0.526019 0.746100 -0.025066 -0.534884 0.844554 0.157600 0.000000 0.000000 0.000000 1.000000
0.989910 0.119601 0.075991 -0.042100 -0.141432 0.866912 0.477976 0.746100 -0.008711 -0.483901 0.875080 0.157600 0.000000 0.000000 0.000000 1.000000
0.988621 0.141929 0.049853 -0.042100 -0.149467 0.889351 0.432104 0.746100 0.016991 -0.434638 0.900445 0.157600 0.000000 0.000000 0.000000 1.000000
0.991174 0.130996 0.020361 -0.042100 -0.127413 0.898899 0.419222 0.746100 0.036614 -0.418117 0.907655 0.157600 0.000000 0.000000 0.000000 1.000000
0.995005 0.099491 0.008117 -0.042100 -0.094240 0.909455 0.404983 0.746100 0.032910 -0.403725 0.914288 0.157600 0.000000 0.000000 0.000000 1.000000
0.996598 0.082385 -0.002215 -0.042100 -0.075262 0.920732 0.382868 0.746100 0.033582 -0.381399 0.923800 0.157600 0.000000 0.000000 0.000000 1.000000
0.998102 0.061259 -0.006258 -0.042100 -0.054942 0.931825 0.358724 0.746100 0.027807 -0.357700 0.933422 0.157600 0.000000 0.000000 0.000000 1.000000
0.999663 0.025640 -0.004169 -0.042100 -0.022789 0.942652 0.332998 0.746100 0.012468 -0.332790 0.942919 0.157600 0.000000 0.000000 0.000000 1.000000
0.999929 -0.011352 0.003730 -0.042100 0.009694 0.953180 0.302248 0.746100 -0.006987 -0.302190 0.953222 0.157600 0.000000 0.000000 0.000000 1.000000
0.998738 -0.047408 0.016600 -0.042100 0.041289 0.963040 0.266176 0.746100 -0.028605 -0.265155 0.963781 0.157600 0.000000 0.000000 0.000000 1.000000
0.997250 -0.064460 0.036568 -0.042100 0.054482 0.972162 0.227889 0.746100 -0.050240 -0.225270 0.973000 0.157600 0.000000 0.000000 0.000000 1.000000
0.995869 -0.056175 0.071336 -0.042100 0.041940 0.981400 0.187337 0.746100 -0.080533 -0.183571 0.979702 0.157600 0.000000 0.000000 0.000000 1.000000
0.993658 -0.052155 0.099623 -0.042100 0.036311 0.987295 0.154696 0.746100 -0.106425 -0.150098 0.982926 0.157600 0.000000 0.000000 0.000000 1.000000
0.991476 -0.046223 0.121814 -0.042100 0.028857 0.989639 0.140651 0.746100 -0.127053 -0.135937 0.982537 0.157600 0.000000 0.000000 0.000000 1.000000
0.990256 -0.038931 0.133706 -0.042100 0.019155 0.989081 0.146121 0.746100 -0.137935 -0.142136 0.980189 0.157600 0.000000 0.000000 0.000000 1.000000
0.989720 -0.031951 0.139402 -0.042100 0.008921 0.986619 0.162798 0.746100 -0.142738 -0.159881 0.976762 0.157600 0.000000 0.000000 0.000000 1.000000
0.989939 -0.030113 0.138252 -0.042100 0.003857 0.982471 0.186376 0.746100 -0.141441 -0.183968 0.972703 0.157600 0.000000 0.000000 0.000000 1.000000
