<?xml version="1.0" encoding="utf-8"?>
<COLLADA xmlns="http://www.collada.org/2005/11/COLLADASchema" version="1.4.1">
  <asset>
    <contributor>
      <authoring_tool>FBX COLLADA exporter</authoring_tool>
    </contributor>
    <created>2020-04-22T18:32:54Z</created>
    <modified>2020-04-22T18:32:54Z</modified>
    <unit meter="0.010000" name="centimeter"/>
    <up_axis>Y_UP</up_axis>
  </asset>
  <library_animations>
    <animation id="Geralt-anim" name="Geralt">
      <animation>
        <source id="Geralt-Matrix-animation-input">
          <float_array id="Geralt-Matrix-animation-input-array" count="57">

0.000000 0.033333 0.066667 0.100000 0.133333 0.166667 0.200000 0.233333 0.266667 0.300000 0.333333 0.366667 0.400000 0.433333 0.466667 0.500000
0.533333 0.566667 0.600000 0.633333 0.666667 0.700000 0.733333 0.766667 0.800000 0.833333 0.866667 0.900000 0.933333 0.966667 1.000000 1.033333
1.066667 1.100000 1.133333 1.166667 1.200000 1.233333 1.266667 1.300000 1.333333 1.366667 1.400000 1.433333 1.466667 1.500000 1.533333 1.566667
1.600000 1.633333 1.666667 1.700000 1.733333 1.766667 1.800000 1.833333 1.866667</float_array>
          <technique_common>
            <accessor source="#Geralt-Matrix-animation-input-array" count="57">
              <param name="TIME" type="float"/>
            </accessor>
          </technique_common>
        </source>
        <source id="Geralt-Matrix-animation-output-transform">
          <float_array id="Geralt-Matrix-animation-output-transform-array" count="912">

0.093064 0.002939 -0.036476 0.000000 -0.010698 0.097508 -0.019437 -0.012244 0.034996 0.021991 0.091059 0.000000 0.000000 0.000000 0.000000 1.000000
0.095251 0.002579 -0.030342 0.000000 -0.008385 0.098011 -0.017990 -0.018041 0.029275 0.019680 0.093572 0.000000 0.000000 0.000000 0.000000 1.000000
0.097584 0.004482 -0.021385 0.000000 -0.007994 0.098411 -0.015855 -0.017354 0.020334 0.017181 0.096392 0.000000 0.000000 0.000000 0.000000 1.000000
0.099242 0.009220 -0.008131 0.000000 -0.010211 0.098655 -0.012766 -0.011358 0.006845 0.013499 0.098848 0.000000 0.000000 0.000000 0.000000 1.000000
0.098855 0.013246 0.007232 0.000000 -0.012539 0.098756 -0.009485 -0.016505 -0.008398 0.008470 0.099286 0.000000 0.000000 0.000000 0.000000 1.000000
0.096025 0.017166 0.022011 0.000000 -0.015819 0.098436 -0.007757 -0.021276 -0.022998 0.003967 0.097239 0.000000 0.000000 0.000000 0.000000 1.000000
0.092470 0.017390 0.033866 0.000000 -0.015943 0.098470 -0.007033 -0.032595 -0.034571 0.001104 0.093828 0.000000 0.000000 0.000000 0.000000 1.000000
0.089548 0.013746 0.042334 0.000000 -0.012362 0.099051 -0.006014 -0.048553 -0.042759 0.000152 0.090397 0.000000 0.000000 0.000000 0.000000 1.000000
0.087234 0.007778 0.048267 0.000000 -0.006621 0.099696 -0.004100 -0.059846 -0.048440 0.000381 0.087484 0.000000 0.000000 0.000000 0.000000 1.000000
0.084398 0.002427 0.053582 0.000000 -0.001735 0.099969 -0.001795 -0.062589 -0.053609 0.000585 0.084414 0.000000 0.000000 0.000000 0.000000 1.000000
0.079797 -0.001061 0.060260 0.000000 0.000876 0.099994 0.000601 -0.060135 -0.060263 0.000048 0.079802 0.000000 0.000000 0.000000 0.000000 1.000000
0.072148 -0.002521 0.069197 0.000000 0.000635 0.099954 0.002979 -0.054348 -0.069240 -0.001710 0.072131 0.000000 0.000000 0.000000 0.000000 1.000000
0.060562 -0.002789 0.079527 0.000000 -0.001865 0.099861 0.004922 -0.045800 -0.079554 -0.004464 0.060426 0.000000 0.000000 0.000000 0.000000 1.000000
0.044414 -0.003034 0.089544 0.000000 -0.004738 0.099723 0.005729 -0.037029 -0.089470 -0.006787 0.044147 0.000000 0.000000 0.000000 0.000000 1.000000
0.024091 -0.003808 0.096980 0.000000 -0.005008 0.099741 0.005161 -0.033910 -0.096925 -0.006100 0.023838 0.000000 0.000000 0.000000 0.000000 1.000000
0.002063 -0.003473 0.099919 0.000000 -0.002828 0.099898 0.003531 -0.034557 -0.099939 -0.002899 0.001963 0.000000 0.000000 0.000000 0.000000 1.000000
-0.018683 -0.001376 0.098230 0.000000 0.000356 0.099989 0.001468 -0.034254 -0.098239 0.000624 -0.018676 0.000000 0.000000 0.000000 0.000000 1.000000
-0.036793 0.002057 0.092963 0.000000 0.002959 0.099951 -0.001040 -0.027235 -0.092938 0.002368 -0.036836 0.000000 0.000000 0.000000 0.000000 1.000000
-0.053058 0.006367 0.084524 0.000000 0.004968 0.099780 -0.004397 -0.017479 -0.084618 0.001866 -0.053257 0.000000 0.000000 0.000000 0.000000 1.000000
-0.069394 0.010128 0.071287 0.000000 0.005492 0.099462 -0.008785 -0.002764 -0.071793 -0.002181 -0.069577 0.000000 0.000000 0.000000 0.000000 1.000000
-0.085331 0.012703 0.050569 0.000000 0.007076 0.098911 -0.012906 0.010623 -0.051658 -0.007435 -0.085300 0.000000 0.000000 0.000000 0.000000 1.000000
-0.096993 0.013311 0.020375 0.000000 0.010358 0.098335 -0.014933 0.019984 -0.022023 -0.012374 -0.096757 0.000000 0.000000 0.000000 0.000000 1.000000
-0.097787 0.011991 -0.017147 0.000000 0.014383 0.098040 -0.013467 0.023008 0.015196 -0.015635 -0.097594 0.000000 0.000000 0.000000 0.000000 1.000000
-0.083567 0.010173 -0.053973 0.000000 0.017710 0.098012 -0.008947 0.017656 0.051990 -0.017035 -0.083707 0.000000 0.000000 0.000000 0.000000 1.000000
-0.058137 0.007480 -0.081020 0.000000 0.018075 0.098276 -0.003897 0.009715 0.079331 -0.016910 -0.058487 0.000000 0.000000 0.000000 0.000000 1.000000
-0.030285 0.004368 -0.095204 0.000000 0.015460 0.098797 -0.000385 -0.000228 0.094042 -0.014835 -0.030596 0.000000 0.000000 0.000000 0.000000 1.000000
-0.006014 0.002027 -0.099798 0.000000 0.010703 0.099416 0.001375 -0.009047 0.099244 -0.010599 -0.006196 0.000000 0.000000 0.000000 0.000000 1.000000
0.015294 0.001704 -0.098809 0.000000 0.004306 0.099879 0.002389 -0.016428 0.098730 -0.004620 0.015202 0.000000 0.000000 0.000000 0.000000 1.000000
0.036960 0.004070 -0.092830 0.000000 -0.003085 0.099903 0.003152 -0.024357 0.092868 0.001699 0.037050 0.000000 0.000000 0.000000 0.000000 1.000000
0.059017 0.008694 -0.080258 0.000000 -0.009730 0.099460 0.003620 -0.036742 0.080139 0.005673 0.059544 0.000000 0.000000 0.000000 0.000000 1.000000
0.077021 0.013294 -0.062379 0.000000 -0.013514 0.098984 0.004409 -0.052387 0.062331 0.005034 0.078036 0.000000 0.000000 0.000000 0.000000 1.000000
0.087656 0.016814 -0.045097 0.000000 -0.015800 0.098559 0.006035 -0.065917 0.045462 0.001835 0.089050 0.000000 0.000000 0.000000 0.000000 1.000000
0.092428 0.017992 -0.033666 0.000000 -0.016302 0.098353 0.007805 -0.074768 0.034516 -0.001726 0.093839 0.000000 0.000000 0.000000 0.000000 1.000000
0.094833 0.015766 -0.027535 0.000000 -0.014308 0.098706 0.007241 -0.077102 0.028321 -0.002927 0.095861 0.000000 0.000000 0.000000 0.000000 1.000000
0.097007 0.010815 -0.021741 0.000000 -0.010616 0.099413 0.002083 -0.072481 0.021839 0.000287 0.097586 0.000000 0.000000 0.000000 0.000000 1.000000
0.099210 0.005374 -0.011335 0.000000 -0.006221 0.099542 -0.007260 -0.060247 0.010893 0.007908 0.099090 0.000000 0.000000 0.000000 0.000000 1.000000
0.099865 0.001834 0.004861 0.000000 -0.000935 0.098379 -0.017909 -0.042832 -0.005111 0.017839 0.098263 0.000000 0.000000 0.000000 0.000000 1.000000
0.097173 0.001465 0.023566 0.000000 0.005030 0.096232 -0.026722 -0.025761 -0.023069 0.027152 0.093438 0.000000 0.000000 0.000000 0.000000 1.000000
0.091696 0.003959 0.039702 0.000000 0.009959 0.094086 -0.032383 -0.013966 -0.038636 0.033648 0.085878 0.000000 0.000000 0.000000 0.000000 1.000000
0.086074 0.007610 0.050333 0.000000 0.012553 0.092650 -0.035474 -0.008463 -0.049333 0.036852 0.078792 0.000000 0.000000 0.000000 0.000000 1.000000
0.082450 0.010864 0.055533 0.000000 0.012913 0.091938 -0.037158 -0.007131 -0.055093 0.037808 0.074400 0.000000 0.000000 0.000000 0.000000 1.000000
0.081146 0.013069 0.056960 0.000000 0.012066 0.091620 -0.038212 -0.007534 -0.057181 0.037880 0.072770 0.000000 0.000000 0.000000 0.000000 1.000000
0.081429 0.014505 0.056204 0.000000 0.010583 0.091495 -0.038945 -0.008786 -0.057073 0.037661 0.072968 0.000000 0.000000 0.000000 0.000000 1.000000
0.082601 0.015691 0.054138 0.000000 0.008329 0.091595 -0.039256 -0.011492 -0.055747 0.036935 0.074351 0.000000 0.000000 0.000000 0.000000 1.000000
0.084278 0.016854 0.051120 0.000000 0.005166 0.092000 -0.038849 -0.015693 -0.053578 0.035382 0.076665 0.000000 0.000000 0.000000 0.000000 1.000000
0.086263 0.017660 0.047401 0.000000 0.001678 0.092657 -0.037575 -0.021035 -0.050556 0.033209 0.079632 0.000000 0.000000 0.000000 0.000000 1.000000
0.088419 0.017607 0.043267 0.000000 -0.001180 0.093437 -0.035611 -0.027080 -0.046697 0.030977 0.082824 0.000000 0.000000 0.000000 0.000000 1.000000
0.090699 0.016353 0.038811 0.000000 -0.002759 0.094263 -0.033270 -0.033887 -0.042025 0.029105 0.085947 0.000000 0.000000 0.000000 0.000000 1.000000
0.093005 0.014316 0.033840 0.000000 -0.003437 0.095084 -0.030778 -0.039400 -0.036582 0.027462 0.088925 0.000000 0.000000 0.000000 0.000000 1.000000
0.095325 0.011958 0.027751 0.000000 -0.003849 0.095894 -0.028099 -0.043280 -0.029972 0.025717 0.091871 0.000000 0.000000 0.000000 0.000000 1.000000
0.097480 0.009327 0.020267 0.000000 -0.004049 0.096729 -0.025041 -0.045582 -0.021940 0.023589 0.094669 0.000000 0.000000 0.000000 0.000000 1.000000
0.099121 0.006581 0.011478 0.000000 -0.003979 0.097563 -0.021579 -0.046295 -0.012618 0.020933 0.096967 0.000000 0.000000 0.000000 0.000000 1.000000
0.099896 0.004081 0.002013 0.000000 -0.003653 0.098298 -0.018006 -0.044867 -0.002714 0.017914 0.098345 0.000000 0.000000 0.000000 0.000000 1.000000
0.099722 0.002170 -0.007133 0.000000 -0.003208 0.098850 -0.014778 -0.040853 0.006730 0.014966 0.098644 0.000000 0.000000 0.000000 0.000000 1.000000
0.098847 0.000688 -0.015123 0.000000 -0.002546 0.099229 -0.012128 -0.035790 0.014923 0.012373 0.098103 0.000000 0.000000 0.000000 0.000000 1.000000
0.097616 -0.000553 -0.021698 0.000000 -0.001656 0.099487 -0.009984 -0.030517 0.021642 0.010105 0.097106 0.000000 0.000000 0.000000 0.000000 1.000000
0.096291 -0.001643 -0.026931 0.000000 -0.000590 0.099662 -0.008190 -0.024811 0.026975 0.008045 0.095956 0.000000 0.000000 0.000000 0.000000 1.000000</float_array>
          <technique_common>
            <accessor source="#Geralt-Matrix-animation-output-transform-array" count="57" stride="16">
              <param type="float4x4"/>
            </accessor>
          </technique_common>
        </source>
        <source id="Geralt-Interpolations">
          <Name_array id="Geralt-Interpolations-array" count="57">
 LINEAR LINEAR LINEAR LINEAR LINEAR LINEAR LINEAR LINEAR LINEAR LINEAR LINEAR
LINEAR LINEAR LINEAR LINEAR LINEAR LINEAR LINEAR LINEAR LINEAR LINEAR LINEAR LINEAR
LINEAR LINEAR LINEAR LINEAR LINEAR LINEAR LINEAR LINEAR LINEAR LINEAR LINEAR LINEAR
LINEAR LINEAR LINEAR LINEAR LINEAR LINEAR LINEAR LINEAR LINEAR LINEAR LINEAR LINEAR
LINEAR LINEAR LINEAR LINEAR LINEAR LINEAR LINEAR LINEAR LINEAR LINEAR</Name_array>
          <technique_common>
            <accessor source="#Geralt-Interpolations-array" count="57">
              <param type="name"/>
            </accessor>
          </technique_common>
        </source>
        <sampler id="Geralt-Matrix-animation-transform">
          <input semantic="INPUT" source="#Geralt-Matrix-animation-input"/>
          <input semantic="OUTPUT" source="#Geralt-Matrix-animation-output-transform"/>
          <input semantic="INTERPOLATION" source="#Geralt-Interpolations"/>
        </sampler>
        <channel source="#Geralt-Matrix-animation-transform" target="Geralt/matrix"/>
      </animation>
    </animation>
    <animation id="mixamorig_Hips-anim" name="mixamorig_Hips">
      <animation>
        <source id="mixamorig_Hips-Matrix-animation-input">
          <float_array id="mixamorig_Hips-Matrix-animation-input-array" count="57">

0.000000 0.033333 0.066667 0.100000 0.133333 0.166667 0.200000 0.233333 0.266667 0.300000 0.333333 0.366667 0.400000 0.433333 0.466667 0.500000
0.533333 0.566667 0.600000 0.633333 0.666667 0.700000 0.733333 0.766667 0.800000 0.833333 0.866667 0.900000 0.933333 0.966667 1.000000 1.033333
1.066667 1.100000 1.133333 1.166667 1.200000 1.233333 1.266667 1.300000 1.333333 1.366667 1.400000 1.433333 1.466667 1.500000 1.533333 1.566667
1.600000 1.633333 1.666667 1.700000 1.733333 1.766667 1.800000 1.833333 1.866667</float_array>
          <technique_common>
            <accessor source="#mixamorig_Hips-Matrix-animation-input-array" count="57">
              <param name="TIME" type="float"/>
            </accessor>
          </technique_common>
        </source>
        <source id="mixamorig_Hips-Matrix-animation-output-transform">
          <float_array id="mixamorig_Hips-Matrix-animation-output-transform-array" count="912">

-0.994733 0.002958 -0.102461 -0.079300 -0.006107 0.996097 0.088049 3.696700 0.102322 0.088211 -0.990832 0.497700 0.000000 0.000000 0.000000 1.000000
-0.994733 0.002958 -0.102461 -0.079300 -0.006107 0.996097 0.088049 3.696700 0.102322 0.088211 -0.990832 0.497700 0.000000 0.000000 0.000000 1.000000
-0.994733 0.002958 -0.102461 -0.079300 -0.006107 0.996097 0.088049 3.696700 0.102322 0.088211 -0.990832 0.497700 0.000000 0.000000 0.000000 1.000000
-0.994733 0.002958 -0.102461 -0.079300 -0.006107 0.996097 0.088049 3.696700 0.102322 0.088211 -0.990832 0.497700 0.000000 0.000000 0.000000 1.000000
-0.994733 0.002958 -0.102461 -0.079300 -0.006107 0.996097 0.088049 3.696700 0.102322 0.088211 -0.990832 0.497700 0.000000 0.000000 0.000000 1.000000
-0.994733 0.002958 -0.102461 -0.079300 -0.006107 0.996097 0.088049 3.696700 0.102322 0.088211 -0.990832 0.497700 0.000000 0.000000 0.000000 1.000000
-0.994733 0.002958 -0.102461 -0.079300 -0.006107 0.996097 0.088049 3.696700 0.102322 0.088211 -0.990832 0.497700 0.000000 0.000000 0.000000 1.000000
-0.994733 0.002958 -0.102461 -0.079300 -0.006107 0.996097 0.088049 3.696700 0.102322 0.088211 -0.990832 0.497700 0.000000 0.000000 0.000000 1.000000
-0.994733 0.002958 -0.102461 -0.079300 -0.006107 0.996097 0.088049 3.696700 0.102322 0.088211 -0.990832 0.497700 0.000000 0.000000 0.000000 1.000000
-0.994733 0.002958 -0.102461 -0.079300 -0.006107 0.996097 0.088049 3.696700 0.102322 0.088211 -0.990832 0.497700 0.000000 0.000000 0.000000 1.000000
-0.994733 0.002958 -0.102461 -0.079300 -0.006107 0.996097 0.088049 3.696700 0.102322 0.088211 -0.990832 0.497700 0.000000 0.000000 0.000000 1.000000
-0.994733 0.002958 -0.102461 -0.079300 -0.006107 0.996097 0.088049 3.696700 0.102322 0.088211 -0.990832 0.497700 0.000000 0.000000 0.000000 1.000000
-0.994733 0.002958 -0.102461 -0.079300 -0.006107 0.996097 0.088049 3.696700 0.102322 0.088211 -0.990832 0.497700 0.000000 0.000000 0.000000 1.000000
-0.994733 0.002958 -0.102461 -0.079300 -0.006107 0.996097 0.088049 3.696700 0.102322 0.088211 -0.990832 0.497700 0.000000 0.000000 0.000000 1.000000
-0.994733 0.002958 -0.102461 -0.079300 -0.006107 0.996097 0.088049 3.696700 0.102322 0.088211 -0.990832 0.497700 0.000000 0.000000 0.000000 1.000000
-0.994733 0.002958 -0.102461 -0.079300 -0.006107 0.996097 0.088049 3.696700 0.102322 0.088211 -0.990832 0.497700 0.000000 0.000000 0.000000 1.000000
-0.994733 0.002958 -0.102461 -0.079300 -0.006107 0.996097 0.088049 3.696700 0.102322 0.088211 -0.990832 0.497700 0.000000 0.000000 0.000000 1.000000
-0.994733 0.002958 -0.102461 -0.079300 -0.006107 0.996097 0.088049 3.696700 0.102322 0.088211 -0.990832 0.497700 0.000000 0.000000 0.000000 1.000000
-0.994733 0.002958 -0.102461 -0.079300 -0.006107 0.996097 0.088049 3.696700 0.102322 0.088211 -0.990832 0.497700 0.000000 0.000000 0.000000 1.000000
-0.994733 0.002958 -0.102461 -0.079300 -0.006107 0.996097 0.088049 3.696700 0.102322 0.088211 -0.990832 0.497700 0.000000 0.000000 0.000000 1.000000
-0.994733 0.002958 -0.102461 -0.079300 -0.006107 0.996097 0.088049 3.696700 0.102322 0.088211 -0.990832 0.497700 0.000000 0.000000 0.000000 1.000000
-0.994733 0.002958 -0.102461 -0.079300 -0.006107 0.996097 0.088049 3.696700 0.102322 0.088211 -0.990832 0.497700 0.000000 0.000000 0.000000 1.000000
-0.994733 0.002958 -0.102461 -0.079300 -0.006107 0.996097 0.088049 3.696700 0.102322 0.088211 -0.990832 0.497700 0.000000 0.000000 0.000000 1.000000
-0.994733 0.002958 -0.102461 -0.079300 -0.006107 0.996097 0.088049 3.696700 0.102322 0.088211 -0.990832 0.497700 0.000000 0.000000 0.000000 1.000000
-0.994733 0.002958 -0.102461 -0.079300 -0.006107 0.996097 0.088049 3.696700 0.102322 0.088211 -0.990832 0.497700 0.000000 0.000000 0.000000 1.000000
-0.994733 0.002958 -0.102461 -0.079300 -0.006107 0.996097 0.088049 3.696700 0.102322 0.088211 -0.990832 0.497700 0.000000 0.000000 0.000000 1.000000
-0.994733 0.002958 -0.102461 -0.079300 -0.006107 0.996097 0.088049 3.696700 0.102322 0.088211 -0.990832 0.497700 0.000000 0.000000 0.000000 1.000000
-0.994733 0.002958 -0.102461 -0.079300 -0.006107 0.996097 0.088049 3.696700 0.102322 0.088211 -0.990832 0.497700 0.000000 0.000000 0.000000 1.000000
-0.994733 0.002958 -0.102461 -0.079300 -0.006107 0.996097 0.088049 3.696700 0.102322 0.088211 -0.990832 0.497700 0.000000 0.000000 0.000000 1.000000
-0.994733 0.002958 -0.102461 -0.079300 -0.006107 0.996097 0.088049 3.696700 0.102322 0.088211 -0.990832 0.497700 0.000000 0.000000 0.000000 1.000000
-0.994733 0.002958 -0.102461 -0.079300 -0.006107 0.996097 0.088049 3.696700 0.102322 0.088211 -0.990832 0.497700 0.000000 0.000000 0.000000 1.000000
-0.994733 0.002958 -0.102461 -0.079300 -0.006107 0.996097 0.088049 3.696700 0.102322 0.088211 -0.990832 0.497700 0.000000 0.000000 0.000000 1.000000
-0.994733 0.002958 -0.102461 -0.079300 -0.006107 0.996097 0.088049 3.696700 0.102322 0.088211 -0.990832 0.497700 0.000000 0.000000 0.000000 1.000000
-0.994733 0.002958 -0.102461 -0.079300 -0.006107 0.996097 0.088049 3.696700 0.102322 0.088211 -0.990832 0.497700 0.000000 0.000000 0.000000 1.000000
-0.994733 0.002958 -0.102461 -0.079300 -0.006107 0.996097 0.088049 3.696700 0.102322 0.088211 -0.990832 0.497700 0.000000 0.000000 0.000000 1.000000
-0.994733 0.002958 -0.102461 -0.079300 -0.006107 0.996097 0.088049 3.696700 0.102322 0.088211 -0.990832 0.497700 0.000000 0.000000 0.000000 1.000000
-0.994733 0.002958 -0.102461 -0.079300 -0.006107 0.996097 0.088049 3.696700 0.102322 0.088211 -0.990832 0.497700 0.000000 0.000000 0.000000 1.000000
-0.994733 0.002958 -0.102461 -0.079300 -0.006107 0.996097 0.088049 3.696700 0.102322 0.088211 -0.990832 0.497700 0.000000 0.000000 0.000000 1.000000
-0.994733 0.002958 -0.102461 -0.079300 -0.006107 0.996097 0.088049 3.696700 0.102322 0.088211 -0.990832 0.497700 0.000000 0.000000 0.000000 1.000000
-0.994733 0.002958 -0.102461 -0.079300 -0.006107 0.996097 0.088049 3.696700 0.102322 0.088211 -0.990832 0.497700 0.000000 0.000000 0.000000 1.000000
-0.994733 0.002958 -0.102461 -0.079300 -0.006107 0.996097 0.088049 3.696700 0.102322 0.088211 -0.990832 0.497700 0.000000 0.000000 0.000000 1.000000
-0.994733 0.002958 -0.102461 -0.079300 -0.006107 0.996097 0.088049 3.696700 0.102322 0.088211 -0.990832 0.497700 0.000000 0.000000 0.000000 1.000000
-0.994733 0.002958 -0.102461 -0.079300 -0.006107 0.996097 0.088049 3.696700 0.102322 0.088211 -0.990832 0.497700 0.000000 0.000000 0.000000 1.000000
-0.994733 0.002958 -0.102461 -0.079300 -0.006107 0.996097 0.088049 3.696700 0.102322 0.088211 -0.990832 0.497700 0.000000 0.000000 0.000000 1.000000
-0.994733 0.002958 -0.102461 -0.079300 -0.006107 0.996097 0.088049 3.696700 0.102322 0.088211 -0.990832 0.497700 0.000000 0.000000 0.000000 1.000000
-0.994733 0.002958 -0.102461 -0.079300 -0.006107 0.996097 0.088049 3.696700 0.102322 0.088211 -0.990832 0.497700 0.000000 0.000000 0.000000 1.000000
-0.994733 0.002958 -0.102461 -0.079300 -0.006107 0.996097 0.088049 3.696700 0.102322 0.088211 -0.990832 0.497700 0.000000 0.000000 0.000000 1.000000
-0.994733 0.002958 -0.102461 -0.079300 -0.006107 0.996097 0.088049 3.696700 0.102322 0.088211 -0.990832 0.497700 0.000000 0.000000 0.000000 1.000000
-0.994733 0.002958 -0.102461 -0.079300 -0.006107 0.996097 0.088049 3.696700 0.102322 0.088211 -0.990832 0.497700 0.000000 0.000000 0.000000 1.000000
-0.994733 0.002958 -0.102461 -0.079300 -0.006107 0.996097 0.088049 3.696700 0.102322 0.088211 -0.990832 0.497700 0.000000 0.000000 0.000000 1.000000
-0.994733 0.002958 -0.102461 -0.079300 -0.006107 0.996097 0.088049 3.696700 0.102322 0.088211 -0.990832 0.497700 0.000000 0.000000 0.000000 1.000000
-0.994733 0.002958 -0.102461 -0.079300 -0.006107 0.996097 0.088049 3.696700 0.102322 0.088211 -0.990832 0.497700 0.000000 0.000000 0.000000 1.000000
-0.994733 0.002958 -0.102461 -0.079300 -0.006107 0.996097 0.088049 3.696700 0.102322 0.088211 -0.990832 0.497700 0.000000 0.000000 0.000000 1.000000
-0.994733 0.002958 -0.102461 -0.079300 -0.006107 0.996097 0.088049 3.696700 0.102322 0.088211 -0.990832 0.497700 0.000000 0.000000 0.000000 1.000000
-0.994733 0.002958 -0.102461 -0.079300 -0.006107 0.996097 0.088049 3.696700 0.102322 0.088211 -0.990832 0.497700 0.000000 0.000000 0.000000 1.000000
-0.994733 0.002958 -0.102461 -0.079300 -0.006107 0.996097 0.088049 3.696700 0.102322 0.088211 -0.990832 0.497700 0.000000 0.000000 0.000000 1.000000
-0.994733 0.002958 -0.102461 -0.079300 -0.006107 0.996097 0.088049 3.696700 0.102322 0.088211 -0.990832 0.497700 0.000000 0.000000 0.000000 1.000000</float_array>
          <technique_common>
            <accessor source="#mixamorig_Hips-Matrix-animation-output-transform-array" count="57" stride="16">
              <param type="float4x4"/>
            </accessor>
          </technique_common>
        </source>
        <source id="mixamorig_Hips-Interpolations">
          <Name_array id="mixamorig_Hips-Interpolations-array" count="57">
 LINEAR LINEAR LINEAR LINEAR LINEAR LINEAR LINEAR LINEAR LINEAR LINEAR LINEAR
LINEAR LINEAR LINEAR LINEAR LINEAR LINEAR LINEAR LINEAR LINEAR LINEAR LINEAR LINEAR
LINEAR LINEAR LINEAR LINEAR LINEAR LINEAR LINEAR LINEAR LINEAR LINEAR LINEAR LINEAR
LINEAR LINEAR LINEAR LINEAR LINEAR LINEAR LINEAR LINEAR LINEAR LINEAR LINEAR LINEAR
LINEAR LINEAR LINEAR LINEAR LINEAR LINEAR LINEAR LINEAR LINEAR LINEAR</Name_array>
          <technique_common>
            <accessor source="#mixamorig_Hips-Interpolations-array" count="57">
              <param type="name"/>
            </accessor>
          </technique_common>
        </source>
        <sampler id="mixamorig_Hips-Matrix-animation-transform">
          <input semantic="INPUT" source="#mixamorig_Hips-Matrix-animation-input"/>
          <input semantic="OUTPUT" source="#mixamorig_Hips-Matrix-animation-output-transform"/>
          <input semantic="INTERPOLATION" source="#mixamorig_Hips-Interpolations"/>
        </sampler>
        <channel source="#mixamorig_Hips-Matrix-animation-transform" target="mixamorig_Hips/matrix"/>
      </animation>
    </animation>
    <animation id="mixamorig_Spine-anim" name="mixamorig_Spine">
      <animation>
        <source id="mixamorig_Spine-Matrix-animation-input">
          <float_array id="mixamorig_Spine-Matrix-animation-input-array" count="57">

0.000000 0.033333 0.066667 0.100000 0.133333 0.166667 0.200000 0.233333 0.266667 0.300000 0.333333 0.366667 0.400000 0.433333 0.466667 0.500000
0.533333 0.566667 0.600000 0.633333 0.666667 0.700000 0.733333 0.766667 0.800000 0.833333 0.866667 0.900000 0.933333 0.966667 1.000000 1.033333
1.066667 1.100000 1.133333 1.166667 1.200000 1.233333 1.266667 1.300000 1.333333 1.366667 1.400000 1.433333 1.466667 1.500000 1.533333 1.566667
1.600000 1.633333 1.666667 1.700000 1.733333 1.766667 1.800000 1.833333 1.866667</float_array>
          <technique_common>
            <accessor source="#mixamorig_Spine-Matrix-animation-input-array" count="57">
              <param name="TIME" type="float"/>
            </accessor>
          </technique_common>
        </source>
        <source id="mixamorig_Spine-Matrix-animation-output-transform">
          <float_array id="mixamorig_Spine-Matrix-animation-output-transform-array" count="912">

0.969220 0.163911 0.183698 -0.042100 -0.244630 0.725178 0.643640 0.746100 -0.027714 -0.668767 0.742955 0.157600 0.000000 0.000000 0.000000 1.000000
0.979066 0.121261 0.163481 -0.042100 -0.196885 0.767961 0.609486 0.746100 -0.051640 -0.628913 0.775759 0.157600 0.000000 0.000000 0.000000 1.000000
0.984458 0.094233 0.148201 -0.042100 -0.162464 0.809131 0.564724 0.746100 -0.066699 -0.580024 0.811865 0.157600 0.000000 0.000000 0.000000 1.000000
0.987024 0.091678 0.131826 -0.042100 -0.146528 0.850019 0.505961 0.746100 -0.065669 -0.518712 0.852423 0.157600 0.000000 0.000000 0.000000 1.000000
0.991010 0.085707 0.102732 -0.042100 -0.122891 0.886700 0.445713 0.746100 -0.052892 -0.454330 0.889262 0.157600 0.000000 0.000000 0.000000 1.000000
0.993539 0.084463 0.075805 -0.042100 -0.107152 0.918224 0.381293 0.746100 -0.037401 -0.386953 0.921341 0.157600 0.000000 0.000000 0.000000 1.000000
0.996966 0.061281 0.047986 -0.042100 -0.073744 0.940909 0.330534 0.746100 -0.024895 -0.333070 0.942574 0.157600 0.000000 0.000000 0.000000 1.000000
0.999437 0.019357 0.027412 -0.042100 -0.026757 0.952674 0.302815 0.746100 -0.020253 -0.303378 0.952655 0.157600 0.000000 0.000000 0.000000 1.000000
0.999440 -0.026965 0.019806 -0.042100 0.019831 0.954217 0.298457 0.746100 -0.026947 -0.297897 0.954218 0.157600 0.000000 0.000000 0.000000 1.000000
0.998177 -0.055249 0.024301 -0.042100 0.045218 0.951201 0.305241 0.746100 -0.039979 -0.303586 0.951965 0.157600 0.000000 0.000000 0.000000 1.000000
0.997543 -0.062235 0.032182 -0.042100 0.049146 0.948914 0.311684 0.746100 -0.049936 -0.309337 0.949640 0.157600 0.000000 0.000000 0.000000 1.000000
0.997929 -0.053687 0.035441 -0.042100 0.040118 0.950045 0.309523 0.746100 -0.050288 -0.307460 0.950231 0.157600 0.000000 0.000000 0.000000 1.000000
0.998495 -0.044568 0.031964 -0.042100 0.033104 0.954415 0.296642 0.746100 -0.043728 -0.295137 0.954454 0.157600 0.000000 0.000000 0.000000 1.000000
0.998534 -0.051018 0.018087 -0.042100 0.044012 0.959752 0.277379 0.746100 -0.031511 -0.276176 0.960590 0.157600 0.000000 0.000000 0.000000 1.000000
0.996220 -0.086547 -0.007491 -0.042100 0.085481 0.961268 0.262025 0.746100 -0.015476 -0.261675 0.965032 0.157600 0.000000 0.000000 0.000000 1.000000
0.991042 -0.130772 -0.027093 -0.042100 0.133344 0.957718 0.254941 0.746100 -0.007392 -0.256270 0.966577 0.157600 0.000000 0.000000 0.000000 1.000000
0.987106 -0.158163 -0.024609 -0.042100 0.159153 0.953415 0.256263 0.746100 -0.017068 -0.256875 0.966294 0.157600 0.000000 0.000000 0.000000 1.000000
0.987810 -0.155580 0.005194 -0.042100 0.149052 0.954933 0.256683 0.746100 -0.044895 -0.252780 0.966482 0.157600 0.000000 0.000000 0.000000 1.000000
0.989956 -0.131584 0.051703 -0.042100 0.115229 0.962859 0.244183 0.746100 -0.081913 -0.235773 0.968350 0.157600 0.000000 0.000000 0.000000 1.000000
0.991572 -0.083656 0.098924 -0.042100 0.061551 0.976087 0.208485 0.746100 -0.113999 -0.200640 0.973010 0.157600 0.000000 0.000000 0.000000 1.000000
0.990920 -0.038231 0.128899 -0.042100 0.017152 0.986833 0.160832 0.746100 -0.133351 -0.157160 0.978529 0.157600 0.000000 0.000000 0.000000 1.000000
0.990858 -0.004337 0.134842 -0.042100 -0.011348 0.993262 0.115332 0.746100 -0.134434 -0.115808 0.984132 0.157600 0.000000 0.000000 0.000000 1.000000
0.992989 0.014775 0.117279 -0.042100 -0.024731 0.996167 0.083898 0.746100 -0.115590 -0.086210 0.989549 0.157600 0.000000 0.000000 0.000000 1.000000
0.996485 0.013389 0.082694 -0.042100 -0.019516 0.997087 0.073734 0.746100 -0.081465 -0.075089 0.993844 0.157600 0.000000 0.000000 0.000000 1.000000
0.998953 0.004385 0.045544 -0.042100 -0.007940 0.996909 0.078161 0.746100 -0.045060 -0.078441 0.995900 0.157600 0.000000 0.000000 0.000000 1.000000
0.999741 -0.004049 0.022376 -0.042100 0.002039 0.996016 0.089147 0.746100 -0.022648 -0.089078 0.995767 0.157600 0.000000 0.000000 0.000000 1.000000
0.999647 -0.006279 0.025831 -0.042100 0.003672 0.995005 0.099753 0.746100 -0.026328 -0.099623 0.994677 0.157600 0.000000 0.000000 0.000000 1.000000
0.998654 0.004868 0.051632 -0.042100 -0.010294 0.994382 0.105352 0.746100 -0.050829 -0.105742 0.993094 0.157600 0.000000 0.000000 0.000000 1.000000
0.996007 0.032835 0.083017 -0.042100 -0.041454 0.993678 0.104337 0.746100 -0.079066 -0.107362 0.991071 0.157600 0.000000 0.000000 0.000000 1.000000
0.992025 0.067127 0.106675 -0.042100 -0.078231 0.991542 0.103561 0.746100 -0.098821 -0.111080 0.988886 0.157600 0.000000 0.000000 0.000000 1.000000
0.987921 0.088596 0.127133 -0.042100 -0.103989 0.987308 0.120040 0.746100 -0.114884 -0.131810 0.984595 0.157600 0.000000 0.000000 0.000000 1.000000
0.981342 0.106687 0.159956 -0.042100 -0.132131 0.978566 0.157955 0.746100 -0.139675 -0.176143 0.974405 0.157600 0.000000 0.000000 0.000000 1.000000
0.971436 0.111221 0.209622 -0.042100 -0.156625 0.964132 0.214284 0.746100 -0.178271 -0.240995 0.954012 0.157600 0.000000 0.000000 0.000000 1.000000
0.961032 0.087484 0.262228 -0.042100 -0.161943 0.946955 0.277580 0.746100 -0.224034 -0.309229 0.924222 0.157600 0.000000 0.000000 0.000000 1.000000
0.952991 0.040911 0.300225 -0.042100 -0.145078 0.931492 0.333581 0.746100 -0.266009 -0.361455 0.893639 0.157600 0.000000 0.000000 0.000000 1.000000
0.947972 -0.007763 0.318259 -0.042100 -0.118270 0.919567 0.374712 0.746100 -0.295570 -0.392858 0.870805 0.157600 0.000000 0.000000 0.000000 1.000000
0.944624 -0.042398 0.325405 -0.042100 -0.097754 0.910243 0.402370 0.746100 -0.313258 -0.411898 0.855692 0.157600 0.000000 0.000000 0.000000 1.000000
0.940426 -0.056675 0.335242 -0.042100 -0.095641 0.902098 0.420799 0.746100 -0.326270 -0.427793 0.842936 0.157600 0.000000 0.000000 0.000000 1.000000
0.933422 -0.051642 0.355044 -0.042100 -0.114878 0.894469 0.432121 0.746100 -0.339891 -0.444138 0.828985 0.157600 0.000000 0.000000 0.000000 1.000000
0.925622 -0.036182 0.376715 -0.042100 -0.144428 0.886308 0.439999 0.746100 -0.349806 -0.461681 0.815160 0.157600 0.000000 0.000000 0.000000 1.000000
0.921737 -0.021578 0.387215 -0.042100 -0.168141 0.877494 0.449146 0.746100 -0.349471 -0.479101 0.805191 0.157600 0.000000 0.000000 0.000000 1.000000
0.925350 -0.015005 0.378816 -0.042100 -0.174698 0.869928 0.461201 0.746100 -0.336463 -0.492951 0.802367 0.157600 0.000000 0.000000 0.000000 1.000000
0.935066 -0.015623 0.354129 -0.042100 -0.164334 0.866077 0.472128 0.746100 -0.314079 -0.499666 0.807272 0.157600 0.000000 0.000000 0.000000 1.000000
0.946286 -0.019360 0.322751 -0.042100 -0.145309 0.866258 0.477998 0.746100 -0.288840 -0.499221 0.816915 0.157600 0.000000 0.000000 0.000000 1.000000
0.955709 -0.023627 0.293363 -0.042100 -0.125525 0.868844 0.478908 0.746100 -0.266202 -0.494521 0.827397 0.157600 0.000000 0.000000 0.000000 1.000000
0.963096 -0.029467 0.267539 -0.042100 -0.106113 0.871915 0.478022 0.746100 -0.247357 -0.488771 0.836611 0.157600 0.000000 0.000000 0.000000 1.000000
0.969515 -0.038050 0.242059 -0.042100 -0.085005 0.874291 0.477901 0.746100 -0.229814 -0.483909 0.844404 0.157600 0.000000 0.000000 0.000000 1.000000
0.975514 -0.049122 0.214381 -0.042100 -0.061377 0.875211 0.479832 0.746100 -0.211199 -0.481241 0.850766 0.157600 0.000000 0.000000 0.000000 1.000000
0.980715 -0.057113 0.186914 -0.042100 -0.040997 0.874961 0.482455 0.746100 -0.191097 -0.480813 0.855746 0.157600 0.000000 0.000000 0.000000 1.000000
0.984569 -0.059600 0.164537 -0.042100 -0.028163 0.873999 0.485111 0.746100 -0.172718 -0.482259 0.858833 0.157600 0.000000 0.000000 0.000000 1.000000
0.987345 -0.058258 0.147502 -0.042100 -0.021555 0.872156 0.488753 0.746100 -0.157118 -0.485747 0.859863 0.157600 0.000000 0.000000 0.000000 1.000000
0.989154 -0.054780 0.136283 -0.042100 -0.019776 0.869729 0.493134 0.746100 -0.145543 -0.490480 0.859213 0.157600 0.000000 0.000000 0.000000 1.000000
0.990092 -0.048456 0.131791 -0.042100 -0.023613 0.867749 0.496441 0.746100 -0.138417 -0.494635 0.858008 0.157600 0.000000 0.000000 0.000000 1.000000
0.990306 -0.036721 0.133959 -0.042100 -0.035001 0.867332 0.496498 0.746100 -0.134419 -0.496374 0.857639 0.157600 0.000000 0.000000 0.000000 1.000000
0.989979 -0.019716 0.139833 -0.042100 -0.052433 0.868102 0.493609 0.746100 -0.131121 -0.495994 0.858369 0.157600 0.000000 0.000000 0.000000 1.000000
0.989141 0.001801 0.146955 -0.042100 -0.074299 0.868858 0.489454 0.746100 -0.126802 -0.495058 0.859557 0.157600 0.000000 0.000000 0.000000 1.000000
0.987598 0.026942 0.154674 -0.042100 -0.099754 0.868436 0.485662 0.746100 -0.121240 -0.495068 0.860354 0.157600 0.000000 0.000000 0.000000 1.000000</float_array>
          <technique_common>
            <accessor source="#mixamorig_Spine-Matrix-animation-output-transform-array" count="57" stride="16">
              <param type="float4x4"/>
            </accessor>
          </technique_common>
        </source>
        <source id="mixamorig_Spine-Interpolations">
          <Name_array id="mixamorig_Spine-Interpolations-array" count="57">
 LINEAR LINEAR LINEAR LINEAR LINEAR LINEAR LINEAR LINEAR LINEAR LINEAR LINEAR
LINEAR LINEAR LINEAR LINEAR LINEAR LINEAR LINEAR LINEAR LINEAR LINEAR LINEAR LINEAR
LINEAR LINEAR LINEAR LINEAR LINEAR LINEAR LINEAR LINEAR LINEAR LINEAR LINEAR LINEAR
LINEAR LINEAR LINEAR LINEAR LINEAR LINEAR LINEAR LINEAR LINEAR LINEAR LINEAR LINEAR
LINEAR LINEAR LINEAR LINEAR LINEAR LINEAR LINEAR LINEAR LINEAR LINEAR</Name_array>
          <technique_common>
            <accessor source="#mixamorig_Spine-Interpolations-array" count="57">
              <param type="name"/>
            </accessor>
          </technique_common>
        </source>
        <sampler id="mixamorig_Spine-Matrix-animation-transform">
          <input semantic="INPUT" source="#mixamorig_Spine-Matrix-animation-input"/>
          <input semantic="OUTPUT" source="#mixamorig_Spine-Matrix-animation-output-transform"/>
          <input semantic="INTERPOLATION" source="#mixamorig_Spine-Interpolations"/>
        </sampler>
        <channel source="#mixamorig_Spine-Matrix-animation-transform" target="mixamorig_Spine/matrix"/>
      </animation>
    </animation>
    <animation id="mixamorig_Spine1-anim" name="mixamorig_Spine1">
      <animation>
        <source id="mixamorig_Spine1-Matrix-animation-input">
          <float_array id="mixamorig_Spine1-Matrix-animation-input-array" count="57">

0.000000 0.033333 0.066667 0.100000 0.133333 0.166667 0.200000 0.233333 0.266667 0.300000 0.333333 0.366667 0.400000 0.433333 0.466667 0.500000
0.533333 0.566667 0.600000 0.633333 0.666667 0.700000 0.733333 0.766667 0.800000 0.833333 0.866667 0.900000 0.933333 0.966667 1.000000 1.033333
1.066667 1.100000 1.133333 1.166667 1.200000 1.233333 1.266667 1.300000 1.333333 1.366667 1.400000 1.433333 1.466667 1.500000 1.533333 1.566667
1.600000 1.633333 1.666667 1.700000 1.733333 1.766667 1.800000 1.833333 1.866667</float_array>
          <technique_common>
            <accessor source="#mixamorig_Spine1-Matrix-animation-input-array" count="57">
              <param name="TIME" type="float"/>
            </accessor>
          </technique_common>
        </source>
        <source id="mixamorig_Spine1-Matrix-animation-output-transform">
          <float_array id="mixamorig_Spine1-Matrix-animation-output-transform-array" count="912">

0.994730 -0.098718 0.027677 0.000000 0.097845 0.994709 0.031294 0.755700 -0.030620 -0.028421 0.999127 -0.000000 0.000000 0.000000 0.000000 1.000000
0.995283 -0.090400 0.035202 -0.000000 0.089251 0.995464 0.032949 0.755700 -0.038021 -0.029652 0.998837 -0.000000 0.000000 0.000000 0.000000 1.000000
0.996640 -0.072602 0.037925 -0.000000 0.071231 0.996798 0.036339 0.755700 -0.040442 -0.033515 0.998620 -0.000000 0.000000 0.000000 0.000000 1.000000
0.998589 -0.041843 0.032688 0.000000 0.040516 0.998368 0.040242 0.755700 -0.034318 -0.038861 0.998655 0.000000 0.000000 0.000000 0.000000 1.000000
0.999768 -0.006668 0.020463 -0.000000 0.005794 0.999079 0.042504 0.755700 -0.020728 -0.042376 0.998887 0.000000 0.000000 0.000000 0.000000 1.000000
0.999741 0.022302 0.004614 0.000000 -0.022485 0.998762 0.044362 0.755700 -0.003619 -0.044454 0.999005 0.000000 0.000000 0.000000 0.000000 1.000000
0.999335 0.035429 -0.008655 0.000000 -0.034947 0.998105 0.050652 0.755700 0.010433 -0.050316 0.998679 -0.000000 0.000000 0.000000 0.000000 1.000000
0.999476 0.029687 -0.012902 -0.000000 -0.028795 0.997500 0.064532 0.755700 0.014786 -0.064126 0.997832 0.000000 0.000000 0.000000 0.000000 1.000000
0.999934 0.009834 -0.005893 0.000000 -0.009310 0.996496 0.083122 0.755700 0.006690 -0.083062 0.996522 0.000000 0.000000 0.000000 0.000000 1.000000
0.999892 -0.013117 0.006633 -0.000000 0.012387 0.994898 0.100126 0.755700 -0.007912 -0.100033 0.994953 0.000000 0.000000 0.000000 0.000000 1.000000
0.999369 -0.031332 0.016716 0.000000 0.029255 0.993209 0.112608 0.755700 -0.020131 -0.112048 0.993499 -0.000000 0.000000 0.000000 0.000000 1.000000
0.998946 -0.042407 0.017550 0.000000 0.039995 0.991929 0.120318 0.755700 -0.022511 -0.119489 0.992580 -0.000000 0.000000 0.000000 0.000000 1.000000
0.998769 -0.049087 0.007113 0.000000 0.047824 0.991092 0.124296 0.755700 -0.013151 -0.123803 0.992220 0.000000 0.000000 0.000000 0.000000 1.000000
0.998344 -0.056523 -0.010730 -0.000000 0.057426 0.990331 0.126284 0.755700 0.003488 -0.126691 0.991936 -0.000000 0.000000 0.000000 0.000000 1.000000
0.997228 -0.068918 -0.028063 0.000000 0.071972 0.989094 0.128501 0.755700 0.018901 -0.130164 0.991312 -0.000000 0.000000 0.000000 0.000000 1.000000
0.995609 -0.086332 -0.036200 0.000000 0.090413 0.987023 0.132708 0.755700 0.024273 -0.135398 0.990494 0.000000 0.000000 0.000000 0.000000 1.000000
0.994093 -0.104413 -0.029600 0.000000 0.107520 0.984600 0.137847 0.755700 0.014751 -0.140215 0.990011 0.000000 0.000000 0.000000 0.000000 1.000000
0.992976 -0.117950 -0.009278 0.000000 0.118086 0.983133 0.139658 0.755700 -0.007351 -0.139773 0.990156 0.000000 0.000000 0.000000 0.000000 1.000000
0.992189 -0.123576 0.017042 0.000000 0.120215 0.983671 0.133937 0.755700 -0.033315 -0.130842 0.990843 0.000000 0.000000 0.000000 0.000000 1.000000
0.991998 -0.120053 0.039085 0.000000 0.114630 0.986167 0.119726 0.755700 -0.052918 -0.114288 0.992037 0.000000 0.000000 0.000000 0.000000 1.000000
0.992840 -0.108860 0.049170 0.000000 0.103559 0.989597 0.099865 0.755700 -0.059530 -0.094058 0.993785 0.000000 0.000000 0.000000 0.000000 1.000000
0.994564 -0.093857 0.045104 -0.000000 0.090094 0.992775 0.079248 0.755700 -0.052216 -0.074754 0.995834 0.000000 0.000000 0.000000 0.000000 1.000000
0.996444 -0.078616 0.030315 0.000000 0.076637 0.995149 0.061683 0.755700 -0.035017 -0.059141 0.997635 -0.000000 0.000000 0.000000 0.000000 1.000000
0.997867 -0.064217 0.011763 -0.000000 0.063580 0.996808 0.048288 0.755700 -0.014826 -0.047437 0.998764 0.000000 0.000000 0.000000 0.000000 1.000000
0.998764 -0.049593 -0.003304 0.000000 0.049683 0.998027 0.038382 0.755700 0.001394 -0.038499 0.999258 -0.000000 0.000000 0.000000 0.000000 1.000000
0.999386 -0.033546 -0.010087 -0.000000 0.033839 0.998964 0.030439 0.755700 0.009055 -0.030762 0.999486 0.000000 0.000000 0.000000 0.000000 1.000000
0.999857 -0.015422 -0.006979 -0.000000 0.015579 0.999611 0.023120 0.755700 0.006620 -0.023225 0.999708 -0.000000 0.000000 0.000000 0.000000 1.000000
0.999972 0.005288 0.005347 0.000000 -0.005377 0.999844 0.016838 0.755700 -0.005257 -0.016866 0.999844 -0.000000 0.000000 0.000000 0.000000 1.000000
0.999324 0.027182 0.024735 -0.000000 -0.027514 0.999534 0.013191 0.755700 -0.024365 -0.013863 0.999607 -0.000000 0.000000 0.000000 0.000000 1.000000
0.997781 0.046013 0.048128 -0.000000 -0.046733 0.998810 0.013929 0.755700 -0.047430 -0.016147 0.998744 -0.000000 0.000000 0.000000 0.000000 1.000000
0.995551 0.058995 0.073474 0.000000 -0.060781 0.997902 0.022312 0.755700 -0.072004 -0.026679 0.997048 0.000000 0.000000 0.000000 0.000000 1.000000
0.992721 0.066169 0.100632 0.000000 -0.070637 0.996639 0.041497 0.755700 -0.097548 -0.048303 0.994058 -0.000000 0.000000 0.000000 0.000000 1.000000
0.989646 0.063685 0.128630 0.000000 -0.073204 0.994810 0.070676 0.755700 -0.123462 -0.079361 0.989171 0.000000 0.000000 0.000000 0.000000 1.000000
0.986831 0.045456 0.155239 0.000000 -0.062013 0.992691 0.103536 0.755700 -0.149398 -0.111799 0.982436 -0.000000 0.000000 0.000000 0.000000 1.000000
