<?xml version="1.0" encoding="utf-8"?>
<COLLADA xmlns="http://www.collada.org/2005/11/COLLADASchema" version="1.4.1">
  <asset>
    <contributor>
      <authoring_tool>FBX COLLADA exporter</authoring_tool>
    </contributor>
    <created>2020-04-23T12:56:40Z</created>
    <modified>2020-04-23T12:56:40Z</modified>
    <unit meter="0.010000" name="centimeter"/>
    <up_axis>Y_UP</up_axis>
  </asset>
  <library_animations>
    <animation id="Geralt-anim" name="Geralt">
      <animation>
        <source id="Geralt-Matrix-animation-input">
          <float_array id="Geralt-Matrix-animation-input-array" count="43">

0.000000 0.033333 0.066667 0.100000 0.133333 0.166667 0.200000 0.233333 0.266667 0.300000 0.333333 0.366667 0.400000 0.433333 0.466667 0.500000
0.533333 0.566667 0.600000 0.633333 0.666667 0.700000 0.733333 0.766667 0.800000 0.833333 0.866667 0.900000 0.933333 0.966667 1.000000 1.033333
1.066667 1.100000 1.133333 1.166667 1.200000 1.233333 1.266667 1.300000 1.333333 1.366667 1.400000</float_array>
          <technique_common>
            <accessor source="#Geralt-Matrix-animation-input-array" count="43">
              <param name="TIME" type="float"/>
            </accessor>
          </technique_common>
        </source>
        <source id="Geralt-Matrix-animation-output-transform">
          <float_array id="Geralt-Matrix-animation-output-transform-array" count="688">

0.096643 -0.006011 0.024981 0.000000 0.014908 0.092305 -0.035462 -0.068663 -0.020927 0.037996 0.090102 0.000000 0.000000 0.000000 0.000000 1.000000
0.097080 0.001957 0.023907 0.000000 0.009626 0.088111 -0.046302 -0.056829 -0.021971 0.047251 0.085350 0.000000 0.000000 0.000000 0.000000 1.000000
0.097266 0.009724 0.021092 0.000000 0.004071 0.082268 -0.056704 -0.050928 -0.022866 0.056012 0.079623 0.000000 0.000000 0.000000 0.000000 1.000000
0.096509 0.019426 0.017566 0.000000 -0.002801 0.074341 -0.066825 -0.035595 -0.026040 0.064001 0.072290 0.000000 0.000000 0.000000 0.000000 1.000000
0.094691 0.029460 0.012871 0.000000 -0.009624 0.064175 -0.076085 -0.005225 -0.030675 0.070807 0.063603 0.000000 0.000000 0.000000 0.000000 1.000000
0.093035 0.035895 0.007488 0.000000 -0.013719 0.053013 -0.083674 0.031828 -0.034005 0.076819 0.054245 0.000000 0.000000 0.000000 0.000000 1.000000
0.092328 0.038406 0.000684 0.000000 -0.016623 0.041556 -0.089425 0.075365 -0.034629 0.082451 0.044752 0.000000 0.000000 0.000000 0.000000 1.000000
0.092066 0.038535 -0.006235 0.000000 -0.018829 0.029847 -0.093566 0.128048 -0.034195 0.087317 0.034735 0.000000 0.000000 0.000000 0.000000 1.000000
0.091986 0.036863 -0.013406 0.000000 -0.021142 0.017805 -0.096104 0.184563 -0.033040 0.091236 0.024172 0.000000 0.000000 0.000000 0.000000 1.000000
0.091570 0.036103 -0.017651 0.000000 -0.021219 0.006135 -0.097530 0.243846 -0.034128 0.093054 0.013278 0.000000 0.000000 0.000000 0.000000 1.000000
0.092879 0.034261 -0.014131 0.000000 -0.013067 -0.005407 -0.098995 0.311702 -0.034681 0.093792 -0.000545 0.000000 0.000000 0.000000 0.000000 1.000000
0.094155 0.032852 -0.007458 0.000000 -0.002419 -0.015488 -0.098764 0.369215 -0.033601 0.093171 -0.013788 0.000000 0.000000 0.000000 0.000000 1.000000
0.094386 0.033007 0.001346 0.000000 0.009630 -0.023595 -0.096698 0.410402 -0.031600 0.091399 -0.025449 0.000000 0.000000 0.000000 0.000000 1.000000
0.093260 0.034203 0.011519 0.000000 0.022359 -0.029701 -0.092833 0.442220 -0.028330 0.089151 -0.035347 0.000000 0.000000 0.000000 0.000000 1.000000
0.090543 0.036295 0.022013 0.000000 0.035058 -0.034698 -0.086988 0.467831 -0.023935 0.086479 -0.044141 0.000000 0.000000 0.000000 0.000000 1.000000
0.086349 0.038375 0.032730 0.000000 0.047413 -0.039627 -0.078624 0.490209 -0.017202 0.083409 -0.052412 0.000000 0.000000 0.000000 0.000000 1.000000
0.080916 0.040880 0.042207 0.000000 0.058142 -0.045326 -0.067565 0.513005 -0.008490 0.079211 -0.060445 0.000000 0.000000 0.000000 0.000000 1.000000
0.074411 0.045417 0.048993 0.000000 0.066792 -0.052059 -0.053185 0.545848 0.001350 0.072299 -0.069072 0.000000 0.000000 0.000000 0.000000 1.000000
0.067756 0.047780 0.055912 0.000000 0.071755 -0.059626 -0.036000 0.578774 0.016137 0.064512 -0.074684 0.000000 0.000000 0.000000 0.000000 1.000000
0.060708 0.049960 0.061794 0.000000 0.072496 -0.066665 -0.017322 0.594446 0.032541 0.055314 -0.076690 0.000000 0.000000 0.000000 0.000000 1.000000
0.054800 0.051361 0.066022 0.000000 0.066114 -0.074948 0.003428 0.593617 0.051243 0.041771 -0.075029 0.000000 0.000000 0.000000 0.000000 1.000000
0.049524 0.053098 0.068760 0.000000 0.049434 -0.082309 0.027956 0.595065 0.071440 0.020146 -0.067011 0.000000 0.000000 0.000000 0.000000 1.000000
0.044860 0.056233 0.069465 0.000000 0.023647 -0.082423 0.051452 0.569275 0.086188 -0.006655 -0.050272 0.000000 0.000000 0.000000 0.000000 1.000000
0.042351 0.059707 0.068129 0.000000 -0.007506 -0.072635 0.068322 0.502248 0.090278 -0.034049 -0.026280 0.000000 0.000000 0.000000 0.000000 1.000000
0.041925 0.061973 0.066345 0.000000 -0.038481 -0.054058 0.074812 0.394804 0.082229 -0.056895 0.001184 0.000000 0.000000 0.000000 0.000000 1.000000
0.043001 0.061852 0.065767 0.000000 -0.064007 -0.030488 0.070523 0.255892 0.063671 -0.072421 0.026479 0.000000 0.000000 0.000000 0.000000 1.000000
0.045106 0.058457 0.067441 0.000000 -0.080291 -0.006419 0.059264 0.133410 0.038973 -0.080880 0.044040 0.000000 0.000000 0.000000 0.000000 1.000000
0.046787 0.052109 0.071384 0.000000 -0.087819 0.018325 0.044182 0.032350 0.009942 -0.083360 0.054335 0.000000 0.000000 0.000000 0.000000 1.000000
0.045662 0.044655 0.076948 0.000000 -0.086329 0.043144 0.026192 -0.061293 -0.021502 -0.078388 0.058250 0.000000 0.000000 0.000000 0.000000 1.000000
0.041516 0.038243 0.082547 0.000000 -0.076144 0.064261 0.008525 -0.145329 -0.049785 -0.066393 0.055798 0.000000 0.000000 0.000000 0.000000 1.000000
0.035469 0.034031 0.087085 0.000000 -0.060842 0.079124 -0.006139 -0.200957 -0.070995 -0.050807 0.048769 0.000000 0.000000 0.000000 0.000000 1.000000
0.030615 0.030511 0.090177 0.000000 -0.045931 0.087705 -0.014081 -0.230598 -0.083385 -0.037108 0.040865 0.000000 0.000000 0.000000 0.000000 1.000000
0.027274 0.027412 0.092221 0.000000 -0.033473 0.092570 -0.017616 -0.241890 -0.090198 -0.026065 0.034423 0.000000 0.000000 0.000000 0.000000 1.000000
0.025721 0.024326 0.093523 0.000000 -0.023347 0.095477 -0.018413 -0.244321 -0.093773 -0.017099 0.030237 0.000000 0.000000 0.000000 0.000000 1.000000
0.026352 0.021908 0.093945 0.000000 -0.015303 0.097103 -0.018352 -0.243645 -0.095244 -0.009540 0.028941 0.000000 0.000000 0.000000 0.000000 1.000000
0.030836 0.019960 0.093009 0.000000 -0.008580 0.097959 -0.018177 -0.235459 -0.094739 -0.002375 0.031919 0.000000 0.000000 0.000000 0.000000 1.000000
0.038860 0.017666 0.090431 0.000000 -0.001571 0.098258 -0.018519 -0.215316 -0.092127 0.005776 0.038460 0.000000 0.000000 0.000000 0.000000 1.000000
0.049072 0.014530 0.085912 0.000000 0.005629 0.097865 -0.019767 -0.185999 -0.086950 0.014536 0.047207 0.000000 0.000000 0.000000 0.000000 1.000000
0.062210 0.010695 0.077560 0.000000 0.011518 0.096735 -0.022578 -0.153919 -0.077442 0.022979 0.058947 0.000000 0.000000 0.000000 0.000000 1.000000
0.075888 0.006026 0.064844 0.000000 0.014977 0.095287 -0.026383 -0.117860 -0.063378 0.029733 0.071409 0.000000 0.000000 0.000000 0.000000 1.000000
0.087277 0.001092 0.048801 0.000000 0.015988 0.093821 -0.030693 -0.079245 -0.046121 0.034590 0.081709 0.000000 0.000000 0.000000 0.000000 1.000000
0.094887 -0.003453 0.031379 0.000000 0.014984 0.092415 -0.035142 -0.039031 -0.027785 0.038047 0.088207 0.000000 0.000000 0.000000 0.000000 1.000000
0.098637 -0.006978 0.014903 0.000000 0.012432 0.090934 -0.039705 0.005697 -0.010781 0.041016 0.090562 0.000000 0.000000 0.000000 0.000000 1.000000</float_array>
          <technique_common>
            <accessor source="#Geralt-Matrix-animation-output-transform-array" count="43" stride="16">
              <param type="float4x4"/>
            </accessor>
          </technique_common>
        </source>
        <source id="Geralt-Interpolations">
          <Name_array id="Geralt-Interpolations-array" count="43">
 LINEAR LINEAR LINEAR LINEAR LINEAR LINEAR LINEAR LINEAR LINEAR LINEAR LINEAR
LINEAR LINEAR LINEAR LINEAR LINEAR LINEAR LINEAR LINEAR LINEAR LINEAR LINEAR LINEAR
LINEAR LINEAR LINEAR LINEAR LINEAR LINEAR LINEAR LINEAR LINEAR LINEAR LINEAR LINEAR
LINEAR LINEAR LINEAR LINEAR LINEAR LINEAR LINEAR LINEAR</Name_array>
          <technique_common>
            <accessor source="#Geralt-Interpolations-array" count="43">
              <param type="name"/>
            </accessor>
          </technique_common>
        </source>
        <sampler id="Geralt-Matrix-animation-transform">
          <input semantic="INPUT" source="#Geralt-Matrix-animation-input"/>
          <input semantic="OUTPUT" source="#Geralt-Matrix-animation-output-transform"/>
          <input semantic="INTERPOLATION" source="#Geralt-Interpolations"/>
        </sampler>
        <channel source="#Geralt-Matrix-animation-transform" target="Geralt/matrix"/>
      </animation>
    </animation>
    <animation id="mixamorig_Hips-anim" name="mixamorig_Hips">
      <animation>
        <source id="mixamorig_Hips-Matrix-animation-input">
          <float_array id="mixamorig_Hips-Matrix-animation-input-array" count="43">

0.000000 0.033333 0.066667 0.100000 0.133333 0.166667 0.200000 0.233333 0.266667 0.300000 0.333333 0.366667 0.400000 0.433333 0.466667 0.500000
0.533333 0.566667 0.600000 0.633333 0.666667 0.700000 0.733333 0.766667 0.800000 0.833333 0.866667 0.900000 0.933333 0.966667 1.000000 1.033333
1.066667 1.100000 1.133333 1.166667 1.200000 1.233333 1.266667 1.300000 1.333333 1.366667 1.400000</float_array>
          <technique_common>
            <accessor source="#mixamorig_Hips-Matrix-animation-input-array" count="43">
              <param name="TIME" type="float"/>
            </accessor>
          </technique_common>
        </source>
        <source id="mixamorig_Hips-Matrix-animation-output-transform">
          <float_array id="mixamorig_Hips-Matrix-animation-output-transform-array" count="688">

-0.994733 0.002958 -0.102461 -0.079300 -0.006107 0.996097 0.088049 3.696700 0.102322 0.088211 -0.990832 0.497700 0.000000 0.000000 0.000000 1.000000
-0.994733 0.002958 -0.102461 -0.079300 -0.006107 0.996097 0.088049 3.696700 0.102322 0.088211 -0.990832 0.497700 0.000000 0.000000 0.000000 1.000000
-0.994733 0.002958 -0.102461 -0.079300 -0.006107 0.996097 0.088049 3.696700 0.102322 0.088211 -0.990832 0.497700 0.000000 0.000000 0.000000 1.000000
-0.994733 0.002958 -0.102461 -0.079300 -0.006107 0.996097 0.088049 3.696700 0.102322 0.088211 -0.990832 0.497700 0.000000 0.000000 0.000000 1.000000
-0.994733 0.002958 -0.102461 -0.079300 -0.006107 0.996097 0.088049 3.696700 0.102322 0.088211 -0.990832 0.497700 0.000000 0.000000 0.000000 1.000000
-0.994733 0.002958 -0.102461 -0.079300 -0.006107 0.996097 0.088049 3.696700 0.102322 0.088211 -0.990832 0.497700 0.000000 0.000000 0.000000 1.000000
-0.994733 0.002958 -0.102461 -0.079300 -0.006107 0.996097 0.088049 3.696700 0.102322 0.088211 -0.990832 0.497700 0.000000 0.000000 0.000000 1.000000
-0.994733 0.002958 -0.102461 -0.079300 -0.006107 0.996097 0.088049 3.696700 0.102322 0.088211 -0.990832 0.497700 0.000000 0.000000 0.000000 1.000000
-0.994733 0.002958 -0.102461 -0.079300 -0.006107 0.996097 0.088049 3.696700 0.102322 0.088211 -0.990832 0.497700 0.000000 0.000000 0.000000 1.000000
-0.994733 0.002958 -0.102461 -0.079300 -0.006107 0.996097 0.088049 3.696700 0.102322 0.088211 -0.990832 0.497700 0.000000 0.000000 0.000000 1.000000
-0.994733 0.002958 -0.102461 -0.079300 -0.006107 0.996097 0.088049 3.696700 0.102322 0.088211 -0.990832 0.497700 0.000000 0.000000 0.000000 1.000000
-0.994733 0.002958 -0.102461 -0.079300 -0.006107 0.996097 0.088049 3.696700 0.102322 0.088211 -0.990832 0.497700 0.000000 0.000000 0.000000 1.000000
-0.994733 0.002958 -0.102461 -0.079300 -0.006107 0.996097 0.088049 3.696700 0.102322 0.088211 -0.990832 0.497700 0.000000 0.000000 0.000000 1.000000
-0.994733 0.002958 -0.102461 -0.079300 -0.006107 0.996097 0.088049 3.696700 0.102322 0.088211 -0.990832 0.497700 0.000000 0.000000 0.000000 1.000000
-0.994733 0.002958 -0.102461 -0.079300 -0.006107 0.996097 0.088049 3.696700 0.102322 0.088211 -0.990832 0.497700 0.000000 0.000000 0.000000 1.000000
-0.994733 0.002958 -0.102461 -0.079300 -0.006107 0.996097 0.088049 3.696700 0.102322 0.088211 -0.990832 0.497700 0.000000 0.000000 0.000000 1.000000
-0.994733 0.002958 -0.102461 -0.079300 -0.006107 0.996097 0.088049 3.696700 0.102322 0.088211 -0.990832 0.497700 0.000000 0.000000 0.000000 1.000000
-0.994733 0.002958 -0.102461 -0.079300 -0.006107 0.996097 0.088049 3.696700 0.102322 0.088211 -0.990832 0.497700 0.000000 0.000000 0.000000 1.000000
-0.994733 0.002958 -0.102461 -0.079300 -0.006107 0.996097 0.088049 3.696700 0.102322 0.088211 -0.990832 0.497700 0.000000 0.000000 0.000000 1.000000
-0.994733 0.002958 -0.102461 -0.079300 -0.006107 0.996097 0.088049 3.696700 0.102322 0.088211 -0.990832 0.497700 0.000000 0.000000 0.000000 1.000000
-0.994733 0.002958 -0.102461 -0.079300 -0.006107 0.996097 0.088049 3.696700 0.102322 0.088211 -0.990832 0.497700 0.000000 0.000000 0.000000 1.000000
-0.994733 0.002958 -0.102461 -0.079300 -0.006107 0.996097 0.088049 3.696700 0.102322 0.088211 -0.990832 0.497700 0.000000 0.000000 0.000000 1.000000
-0.994733 0.002958 -0.102461 -0.079300 -0.006107 0.996097 0.088049 3.696700 0.102322 0.088211 -0.990832 0.497700 0.000000 0.000000 0.000000 1.000000
-0.994733 0.002958 -0.102461 -0.079300 -0.006107 0.996097 0.088049 3.696700 0.102322 0.088211 -0.990832 0.497700 0.000000 0.000000 0.000000 1.000000
-0.994733 0.002958 -0.102461 -0.079300 -0.006107 0.996097 0.088049 3.696700 0.102322 0.088211 -0.990832 0.497700 0.000000 0.000000 0.000000 1.000000
-0.994733 0.002958 -0.102461 -0.079300 -0.006107 0.996097 0.088049 3.696700 0.102322 0.088211 -0.990832 0.497700 0.000000 0.000000 0.000000 1.000000
-0.994733 0.002958 -0.102461 -0.079300 -0.006107 0.996097 0.088049 3.696700 0.102322 0.088211 -0.990832 0.497700 0.000000 0.000000 0.000000 1.000000
-0.994733 0.002958 -0.102461 -0.079300 -0.006107 0.996097 0.088049 3.696700 0.102322 0.088211 -0.990832 0.497700 0.000000 0.000000 0.000000 1.000000
-0.994733 0.002958 -0.102461 -0.079300 -0.006107 0.996097 0.088049 3.696700 0.102322 0.088211 -0.990832 0.497700 0.000000 0.000000 0.000000 1.000000
-0.994733 0.002958 -0.102461 -0.079300 -0.006107 0.996097 0.088049 3.696700 0.102322 0.088211 -0.990832 0.497700 0.000000 0.000000 0.000000 1.000000
-0.994733 0.002958 -0.102461 -0.079300 -0.006107 0.996097 0.088049 3.696700 0.102322 0.088211 -0.990832 0.497700 0.000000 0.000000 0.000000 1.000000
-0.994733 0.002958 -0.102461 -0.079300 -0.006107 0.996097 0.088049 3.696700 0.102322 0.088211 -0.990832 0.497700 0.000000 0.000000 0.000000 1.000000
-0.994733 0.002958 -0.102461 -0.079300 -0.006107 0.996097 0.088049 3.696700 0.102322 0.088211 -0.990832 0.497700 0.000000 0.000000 0.000000 1.000000
-0.994733 0.002958 -0.102461 -0.079300 -0.006107 0.996097 0.088049 3.696700 0.102322 0.088211 -0.990832 0.497700 0.000000 0.000000 0.000000 1.000000
-0.994733 0.002958 -0.102461 -0.079300 -0.006107 0.996097 0.088049 3.696700 0.102322 0.088211 -0.990832 0.497700 0.000000 0.000000 0.000000 1.000000
-0.994733 0.002958 -0.102461 -0.079300 -0.006107 0.996097 0.088049 3.696700 0.102322 0.088211 -0.990832 0.497700 0.000000 0.000000 0.000000 1.000000
-0.994733 0.002958 -0.102461 -0.079300 -0.006107 0.996097 0.088049 3.696700 0.102322 0.088211 -0.990832 0.497700 0.000000 0.000000 0.000000 1.000000
-0.994733 0.002958 -0.102461 -0.079300 -0.006107 0.996097 0.088049 3.696700 0.102322 0.088211 -0.990832 0.497700 0.000000 0.000000 0.000000 1.000000
-0.994733 0.002958 -0.102461 -0.079300 -0.006107 0.996097 0.088049 3.696700 0.102322 0.088211 -0.990832 0.497700 0.000000 0.000000 0.000000 1.000000
-0.994733 0.002958 -0.102461 -0.079300 -0.006107 0.996097 0.088049 3.696700 0.102322 0.088211 -0.990832 0.497700 0.000000 0.000000 0.000000 1.000000
-0.994733 0.002958 -0.102461 -0.079300 -0.006107 0.996097 0.088049 3.696700 0.102322 0.088211 -0.990832 0.497700 0.000000 0.000000 0.000000 1.000000
-0.994733 0.002958 -0.102461 -0.079300 -0.006107 0.996097 0.088049 3.696700 0.102322 0.088211 -0.990832 0.497700 0.000000 0.000000 0.000000 1.000000
-0.994733 0.002958 -0.102461 -0.079300 -0.006107 0.996097 0.088049 3.696700 0.102322 0.088211 -0.990832 0.497700 0.000000 0.000000 0.000000 1.000000</float_array>
          <technique_common>
            <accessor source="#mixamorig_Hips-Matrix-animation-output-transform-array" count="43" stride="16">
              <param type="float4x4"/>
            </accessor>
          </technique_common>
        </source>
        <source id="mixamorig_Hips-Interpolations">
          <Name_array id="mixamorig_Hips-Interpolations-array" count="43">
 LINEAR LINEAR LINEAR LINEAR LINEAR LINEAR LINEAR LINEAR LINEAR LINEAR LINEAR
LINEAR LINEAR LINEAR LINEAR LINEAR LINEAR LINEAR LINEAR LINEAR LINEAR LINEAR LINEAR
LINEAR LINEAR LINEAR LINEAR LINEAR LINEAR LINEAR LINEAR LINEAR LINEAR LINEAR LINEAR
LINEAR LINEAR LINEAR LINEAR LINEAR LINEAR LINEAR LINEAR</Name_array>
          <technique_common>
            <accessor source="#mixamorig_Hips-Interpolations-array" count="43">
              <param type="name"/>
            </accessor>
          </technique_common>
        </source>
        <sampler id="mixamorig_Hips-Matrix-animation-transform">
          <input semantic="INPUT" source="#mixamorig_Hips-Matrix-animation-input"/>
          <input semantic="OUTPUT" source="#mixamorig_Hips-Matrix-animation-output-transform"/>
          <input semantic="INTERPOLATION" source="#mixamorig_Hips-Interpolations"/>
        </sampler>
        <channel source="#mixamorig_Hips-Matrix-animation-transform" target="mixamorig_Hips/matrix"/>
      </animation>
    </animation>
    <animation id="mixamorig_Spine-anim" name="mixamorig_Spine">
      <animation>
        <source id="mixamorig_Spine-Matrix-animation-input">
          <float_array id="mixamorig_Spine-Matrix-animation-input-array" count="43">

0.000000 0.033333 0.066667 0.100000 0.133333 0.166667 0.200000 0.233333 0.266667 0.300000 0.333333 0.366667 0.400000 0.433333 0.466667 0.500000
0.533333 0.566667 0.600000 0.633333 0.666667 0.700000 0.733333 0.766667 0.800000 0.833333 0.866667 0.900000 0.933333 0.966667 1.000000 1.033333
1.066667 1.100000 1.133333 1.166667 1.200000 1.233333 1.266667 1.300000 1.333333 1.366667 1.400000</float_array>
          <technique_common>
            <accessor source="#mixamorig_Spine-Matrix-animation-input-array" count="43">
              <param name="TIME" type="float"/>
            </accessor>
          </technique_common>
        </source>
        <source id="mixamorig_Spine-Matrix-animation-output-transform">
          <float_array id="mixamorig_Spine-Matrix-animation-output-transform-array" count="688">

0.992200 0.015919 0.123634 -0.042100 -0.043374 0.973924 0.222688 0.746100 -0.116865 -0.226314 0.967018 0.157600 0.000000 0.000000 0.000000 1.000000
0.994365 0.033292 0.100643 -0.042100 -0.054272 0.975422 0.213555 0.746100 -0.091060 -0.217814 0.971733 0.157600 0.000000 0.000000 0.000000 1.000000
0.995612 0.051345 0.078238 -0.042100 -0.066278 0.977105 0.202172 0.746100 -0.066066 -0.206470 0.976220 0.157600 0.000000 0.000000 0.000000 1.000000
0.993626 0.095474 0.059939 -0.042100 -0.104852 0.977996 0.180360 0.746100 -0.041400 -0.185495 0.981773 0.157600 0.000000 0.000000 0.000000 1.000000
0.987628 0.150430 0.044292 -0.042100 -0.155536 0.975684 0.154432 0.746100 -0.019984 -0.159411 0.987010 0.157600 0.000000 0.000000 0.000000 1.000000
0.983424 0.180132 0.020749 -0.042100 -0.181261 0.973630 0.138526 0.746100 0.004751 -0.139991 0.990141 0.157600 0.000000 0.000000 0.000000 1.000000
0.984084 0.177699 0.001183 -0.042100 -0.176297 0.975444 0.132019 0.746100 0.022306 -0.130126 0.991247 0.157600 0.000000 0.000000 0.000000 1.000000
0.987155 0.159117 -0.014394 -0.042100 -0.155949 0.979225 0.129611 0.746100 0.034718 -0.125701 0.991461 0.157600 0.000000 0.000000 0.000000 1.000000
0.991996 0.125677 -0.012225 -0.042100 -0.123029 0.983789 0.130476 0.746100 0.028425 -0.127928 0.991376 0.157600 0.000000 0.000000 0.000000 1.000000
0.994915 0.100383 -0.008242 -0.042100 -0.098429 0.986372 0.131845 0.746100 0.021365 -0.130363 0.991236 0.157600 0.000000 0.000000 0.000000 1.000000
0.996599 0.082386 0.001401 -0.042100 -0.081856 0.987948 0.131370 0.746100 0.009439 -0.131038 0.991332 0.157600 0.000000 0.000000 0.000000 1.000000
0.996861 0.077520 0.016084 -0.042100 -0.078916 0.989228 0.123292 0.746100 -0.006353 -0.124174 0.992240 0.157600 0.000000 0.000000 0.000000 1.000000
0.996761 0.076125 0.025931 -0.042100 -0.078603 0.990361 0.114048 0.746100 -0.016999 -0.115717 0.993137 0.157600 0.000000 0.000000 0.000000 1.000000
0.996874 0.073936 0.027854 -0.042100 -0.076584 0.990910 0.110599 0.746100 -0.019424 -0.112386 0.993475 0.157600 0.000000 0.000000 0.000000 1.000000
0.997048 0.073214 0.023131 -0.042100 -0.075328 0.991067 0.110052 0.746100 -0.014867 -0.111469 0.993657 0.157600 0.000000 0.000000 0.000000 1.000000
0.997613 0.068895 0.004669 -0.042100 -0.068982 0.991224 0.112772 0.746100 0.003141 -0.112825 0.993610 0.157600 0.000000 0.000000 0.000000 1.000000
0.997929 0.062525 -0.015106 -0.042100 -0.060282 0.991004 0.119487 0.746100 0.022441 -0.118329 0.992721 0.157600 0.000000 0.000000 0.000000 1.000000
0.998016 0.060835 -0.016210 -0.042100 -0.058232 0.989852 0.129623 0.746100 0.023931 -0.128422 0.991431 0.157600 0.000000 0.000000 0.000000 1.000000
0.998560 0.051483 -0.015080 -0.042100 -0.048688 0.987759 0.148197 0.746100 0.022525 -0.147249 0.988843 0.157600 0.000000 0.000000 0.000000 1.000000
0.999229 0.038930 -0.005070 -0.042100 -0.037508 0.984815 0.169505 0.746100 0.011592 -0.169184 0.985516 0.157600 0.000000 0.000000 0.000000 1.000000
0.999500 0.031200 0.005056 -0.042100 -0.031592 0.981243 0.190167 0.746100 0.000972 -0.190232 0.981739 0.157600 0.000000 0.000000 0.000000 1.000000
0.999505 0.031128 0.004574 -0.042100 -0.031378 0.975576 0.217411 0.746100 0.002305 -0.217447 0.976069 0.157600 0.000000 0.000000 0.000000 1.000000
0.998985 0.043135 0.012992 -0.042100 -0.045018 0.966497 0.252699 0.746100 -0.001656 -0.253027 0.967458 0.157600 0.000000 0.000000 0.000000 1.000000
0.997476 0.060921 0.036482 -0.042100 -0.068582 0.959692 0.272557 0.746100 -0.018407 -0.274371 0.961448 0.157600 0.000000 0.000000 0.000000 1.000000
0.994851 0.086999 0.051993 -0.042100 -0.096769 0.967865 0.232106 0.746100 -0.030129 -0.235942 0.971300 0.157600 0.000000 0.000000 0.000000 1.000000
0.991342 0.123558 0.044430 -0.042100 -0.128121 0.984299 0.121406 0.746100 -0.028732 -0.126048 0.991608 0.157600 0.000000 0.000000 0.000000 1.000000
0.986235 0.162496 0.030592 -0.042100 -0.162224 0.986690 -0.011211 0.746100 -0.032007 0.006094 0.999469 0.157600 0.000000 0.000000 0.000000 1.000000
0.986002 0.164213 0.028891 -0.042100 -0.160110 0.980861 -0.110801 0.746100 -0.046533 0.104624 0.993423 0.157600 0.000000 0.000000 0.000000 1.000000
0.992459 0.118326 0.031995 -0.042100 -0.112881 0.984021 -0.137696 0.746100 -0.047777 0.133046 0.989958 0.157600 0.000000 0.000000 0.000000 1.000000
0.993088 0.111636 0.036234 -0.042100 -0.106673 0.987261 -0.118056 0.746100 -0.048952 0.113375 0.992346 0.157600 0.000000 0.000000 0.000000 1.000000
0.991538 0.123956 0.038571 -0.042100 -0.120561 0.989436 -0.080513 0.746100 -0.048144 0.075182 0.996007 0.157600 0.000000 0.000000 0.000000 1.000000
0.987982 0.149487 0.039297 -0.042100 -0.148404 0.988496 -0.029175 0.746100 -0.043206 0.022992 0.998802 0.157600 0.000000 0.000000 0.000000 1.000000
0.982807 0.180104 0.040667 -0.042100 -0.181456 0.982865 0.032410 0.746100 -0.034133 -0.039232 0.998647 0.157600 0.000000 0.000000 0.000000 1.000000
0.977149 0.209489 0.035959 -0.042100 -0.212104 0.972019 0.100951 0.746100 -0.013805 -0.106271 0.994241 0.157600 0.000000 0.000000 0.000000 1.000000
0.970218 0.239090 0.038887 -0.042100 -0.242212 0.955548 0.168110 0.746100 0.003035 -0.172523 0.985001 0.157600 0.000000 0.000000 0.000000 1.000000
0.964547 0.258512 0.053111 -0.042100 -0.263730 0.936686 0.230358 0.746100 0.009802 -0.236198 0.971655 0.157600 0.000000 0.000000 0.000000 1.000000
0.963437 0.255003 0.082233 -0.042100 -0.267918 0.920225 0.285318 0.746100 -0.002916 -0.296918 0.954899 0.157600 0.000000 0.000000 0.000000 1.000000
0.967396 0.226922 0.112477 -0.042100 -0.251801 0.909476 0.330833 0.746100 -0.027222 -0.348368 0.936962 0.157600 0.000000 0.000000 0.000000 1.000000
0.977010 0.165279 0.134665 -0.042100 -0.203764 0.909708 0.361817 0.746100 -0.062705 -0.380939 0.922471 0.157600 0.000000 0.000000 0.000000 1.000000
0.983995 0.088571 0.154627 -0.042100 -0.144828 0.903058 0.404365 0.746100 -0.103822 -0.420287 0.901432 0.157600 0.000000 0.000000 0.000000 1.000000
0.985047 0.011061 0.171931 -0.042100 -0.088435 0.888901 0.449483 0.746100 -0.147857 -0.457966 0.876587 0.157600 0.000000 0.000000 0.000000 1.000000
0.979785 -0.058123 0.191421 -0.042100 -0.044678 0.869116 0.492585 0.746100 -0.194998 -0.491181 0.848950 0.157600 0.000000 0.000000 0.000000 1.000000
0.969903 -0.107884 0.218289 -0.042100 -0.023806 0.850180 0.525954 0.746100 -0.242327 -0.515320 0.822024 0.157600 0.000000 0.000000 0.000000 1.000000</float_array>
          <technique_common>
            <accessor source="#mixamorig_Spine-Matrix-animation-output-transform-array" count="43" stride="16">
              <param type="float4x4"/>
            </accessor>
          </technique_common>
        </source>
        <source id="mixamorig_Spine-Interpolations">
          <Name_array id="mixamorig_Spine-Interpolations-array" count="43">
 LINEAR LINEAR LINEAR LINEAR LINEAR LINEAR LINEAR LINEAR LINEAR LINEAR LINEAR
LINEAR LINEAR LINEAR LINEAR LINEAR LINEAR LINEAR LINEAR LINEAR LINEAR LINEAR LINEAR
LINEAR LINEAR LINEAR LINEAR LINEAR LINEAR LINEAR LINEAR LINEAR LINEAR LINEAR LINEAR
LINEAR LINEAR LINEAR LINEAR LINEAR LINEAR LINEAR LINEAR</Name_array>
          <technique_common>
            <accessor source="#mixamorig_Spine-Interpolations-array" count="43">
              <param type="name"/>
            </accessor>
          </technique_common>
        </source>
        <sampler id="mixamorig_Spine-Matrix-animation-transform">
          <input semantic="INPUT" source="#mixamorig_Spine-Matrix-animation-input"/>
          <input semantic="OUTPUT" source="#mixamorig_Spine-Matrix-animation-output-transform"/>
          <input semantic="INTERPOLATION" source="#mixamorig_Spine-Interpolations"/>
        </sampler>
        <channel source="#mixamorig_Spine-Matrix-animation-transform" target="mixamorig_Spine/matrix"/>
      </animation>
    </animation>
    <animation id="mixamorig_Spine1-anim" name="mixamorig_Spine1">
      <animation>
        <source id="mixamorig_Spine1-Matrix-animation-input">
          <float_array id="mixamorig_Spine1-Matrix-animation-input-array" count="43">

0.000000 0.033333 0.066667 0.100000 0.133333 0.166667 0.200000 0.233333 0.266667 0.300000 0.333333 0.366667 0.400000 0.433333 0.466667 0.500000
0.533333 0.566667 0.600000 0.633333 0.666667 0.700000 0.733333 0.766667 0.800000 0.833333 0.866667 0.900000 0.933333 0.966667 1.000000 1.033333
1.066667 1.100000 1.133333 1.166667 1.200000 1.233333 1.266667 1.300000 1.333333 1.366667 1.400000</float_array>
          <technique_common>
            <accessor source="#mixamorig_Spine1-Matrix-animation-input-array" count="43">
              <param name="TIME" type="float"/>
            </accessor>
          </technique_common>
        </source>
        <source id="mixamorig_Spine1-Matrix-animation-output-transform">
          <float_array id="mixamorig_Spine1-Matrix-animation-output-transform-array" count="688">

0.964958 0.087844 -0.247262 0.000000 -0.018214 0.962451 0.270845 0.755700 0.261770 -0.256851 0.930325 -0.000000 0.000000 0.000000 0.000000 1.000000
0.966703 0.084744 -0.241463 0.000000 -0.021511 0.967146 0.253309 0.755700 0.254997 -0.239681 0.936765 -0.000000 0.000000 0.000000 0.000000 1.000000
0.970395 0.079778 -0.227966 -0.000000 -0.023619 0.970694 0.239158 0.755700 0.240364 -0.226693 0.943841 0.000000 0.000000 0.000000 0.000000 1.000000
0.975498 0.072765 -0.207629 -0.000000 -0.024146 0.973432 0.227700 0.755700 0.218681 -0.217107 0.951338 -0.000000 0.000000 0.000000 0.000000 1.000000
0.981099 0.063333 -0.182848 0.000000 -0.023258 0.976667 0.213496 0.755700 0.192103 -0.205208 0.959680 0.000000 0.000000 0.000000 0.000000 1.000000
0.986227 0.051643 -0.157130 0.000000 -0.021104 0.981531 0.190134 0.755700 0.164047 -0.184199 0.969102 -0.000000 0.000000 0.000000 0.000000 1.000000
0.990342 0.038861 -0.133089 -0.000000 -0.017783 0.987590 0.156042 0.755700 0.137501 -0.152168 0.978743 0.000000 0.000000 0.000000 0.000000 1.000000
0.993404 0.026365 -0.111594 0.000000 -0.013105 0.992935 0.117932 0.755700 0.113915 -0.115692 0.986731 0.000000 0.000000 0.000000 0.000000 1.000000
0.995577 0.014046 -0.092897 -0.000000 -0.006148 0.996382 0.084767 0.755700 0.093751 -0.083821 0.992061 0.000000 0.000000 0.000000 0.000000 1.000000
0.996901 0.001795 -0.078644 0.000000 0.002985 0.998157 0.060615 0.755700 0.078608 -0.060662 0.995058 0.000000 0.000000 0.000000 0.000000 1.000000
0.997472 -0.007548 -0.070652 -0.000000 0.010815 0.998884 0.045974 0.755700 0.070226 -0.046622 0.996441 0.000000 0.000000 0.000000 0.000000 1.000000
0.997617 -0.010561 -0.068183 0.000000 0.013406 0.999052 0.041410 0.755700 0.067681 -0.042225 0.996813 0.000000 0.000000 0.000000 0.000000 1.000000
0.997437 -0.006821 -0.071220 -0.000000 0.010285 0.998776 0.048383 0.755700 0.070803 -0.048991 0.996287 0.000000 0.000000 0.000000 0.000000 1.000000
0.996649 0.002160 -0.081768 0.000000 0.003001 0.998013 0.062943 0.755700 0.081741 -0.062977 0.994662 0.000000 0.000000 0.000000 0.000000 1.000000
0.994903 0.015514 -0.099637 -0.000000 -0.008168 0.997245 0.073721 0.755700 0.100506 -0.072531 0.992289 0.000000 0.000000 0.000000 0.000000 1.000000
0.992098 0.032592 -0.121154 0.000000 -0.023395 0.996790 0.076570 0.755700 0.123261 -0.073131 0.989676 0.000000 0.000000 0.000000 0.000000 1.000000
0.988906 0.048782 -0.140305 0.000000 -0.037861 0.996117 0.079482 0.755700 0.143637 -0.073288 0.986913 0.000000 0.000000 0.000000 0.000000 1.000000
0.987183 0.054114 -0.150136 -0.000000 -0.040300 0.994796 0.093578 0.755700 0.154419 -0.086328 0.984227 -0.000000 0.000000 0.000000 0.000000 1.000000
0.988349 0.041796 -0.146351 -0.000000 -0.023506 0.991936 0.124539 0.755700 0.150376 -0.119648 0.981362 0.000000 0.000000 0.000000 0.000000 1.000000
0.991347 0.018987 -0.129889 0.000000 0.003352 0.985500 0.169645 0.755700 0.131227 -0.168613 0.976908 0.000000 0.000000 0.000000 0.000000 1.000000
0.994633 0.002776 -0.103424 0.000000 0.020281 0.975014 0.221215 0.755700 0.101454 -0.222125 0.969725 0.000000 0.000000 0.000000 0.000000 1.000000
0.997546 0.005058 -0.069829 0.000000 0.014143 0.962267 0.271740 0.755700 0.068569 -0.272061 0.959834 0.000000 0.000000 0.000000 0.000000 1.000000
0.998879 0.027147 -0.038782 0.000000 -0.013570 0.949056 0.314815 0.755700 0.045353 -0.313935 0.948361 0.000000 0.000000 0.000000 0.000000 1.000000
0.997393 0.067111 -0.026507 0.000000 -0.053645 0.935348 0.349636 0.755700 0.048258 -0.347303 0.936510 0.000000 0.000000 0.000000 0.000000 1.000000
0.992202 0.119573 -0.035171 -0.000000 -0.096249 0.914353 0.393314 0.755700 0.079188 -0.386862 0.918731 -0.000000 0.000000 0.000000 0.000000 1.000000
0.984543 0.169894 -0.042566 0.000000 -0.131360 0.877025 0.462139 0.755700 0.115846 -0.449404 0.885786 0.000000 0.000000 0.000000 0.000000 1.000000
0.976978 0.211156 -0.030452 0.000000 -0.163222 0.831723 0.530655 0.755700 0.137379 -0.513467 0.847041 0.000000 0.000000 0.000000 0.000000 1.000000
0.964749 0.263133 -0.004528 0.000000 -0.215277 0.798953 0.561542 0.755700 0.151378 -0.540773 0.827436 -0.000000 0.000000 0.000000 0.000000 1.000000
0.951266 0.308171 0.011142 -0.000000 -0.262974 0.791821 0.551239 0.755700 0.161053 -0.527305 0.834273 -0.000000 0.000000 0.000000 0.000000 1.000000
0.947777 0.318670 0.012984 0.000000 -0.277442 0.803709 0.526382 0.755700 0.157307 -0.502495 0.850149 -0.000000 0.000000 0.000000 0.000000 1.000000
0.948762 0.315851 0.009379 -0.000000 -0.278848 0.822911 0.495036 0.755700 0.148640 -0.472287 0.868822 -0.000000 0.000000 0.000000 0.000000 1.000000
0.953177 0.302407 0.001928 0.000000 -0.269599 0.846843 0.458447 0.755700 0.137005 -0.437501 0.888720 0.000000 0.000000 0.000000 0.000000 1.000000
0.959679 0.280990 -0.007847 0.000000 -0.252132 0.872791 0.417930 0.755700 0.124283 -0.399099 0.908446 -0.000000 0.000000 0.000000 0.000000 1.000000
0.966949 0.254302 -0.018464 -0.000000 -0.229076 0.898261 0.375035 0.755700 0.111958 -0.358410 0.926827 0.000000 0.000000 0.000000 0.000000 1.000000
0.973907 0.225155 -0.028465 0.000000 -0.203288 0.921247 0.331628 0.755700 0.100891 -0.317189 0.942980 0.000000 0.000000 0.000000 0.000000 1.000000
0.979834 0.196470 -0.036404 0.000000 -0.177793 0.940402 0.289888 0.755700 0.091189 -0.277569 0.956368 0.000000 0.000000 0.000000 0.000000 1.000000
0.984380 0.171248 -0.040878 -0.000000 -0.155675 0.955066 0.252217 0.755700 0.082233 -0.241913 0.966807 0.000000 0.000000 0.000000 0.000000 1.000000
0.987469 0.152524 -0.040515 0.000000 -0.140004 0.965146 0.221114 0.755700 0.072828 -0.212671 0.974406 -0.000000 0.000000 0.000000 0.000000 1.000000
0.990636 0.133205 -0.029937 0.000000 -0.124615 0.971774 0.200318 0.755700 0.055775 -0.194711 0.979274 -0.000000 0.000000 0.000000 0.000000 1.000000
0.994795 0.100219 -0.018408 0.000000 -0.095721 0.981072 0.168333 0.755700 0.034930 -0.165695 0.985558 0.000000 0.000000 0.000000 0.000000 1.000000
0.997835 0.065509 -0.005875 0.000000 -0.064104 0.988631 0.136010 0.755700 0.014718 -0.135339 0.990690 0.000000 0.000000 0.000000 0.000000 1.000000
0.999510 0.030399 0.007461 0.000000 -0.031012 0.994060 0.104323 0.755700 -0.004246 -0.104503 0.994515 -0.000000 0.000000 0.000000 0.000000 1.000000
0.999796 -0.002225 0.020085 0.000000 0.000701 0.997141 0.075556 0.755700 -0.020196 -0.075526 0.996939 0.000000 0.000000 0.000000 0.000000 1.000000</float_array>
          <technique_common>
            <accessor source="#mixamorig_Spine1-Matrix-animation-output-transform-array" count="43" stride="16">
              <param type="float4x4"/>
            </accessor>
          </technique_common>
        </source>
        <source id="mixamorig_Spine1-Interpolations">
          <Name_array id="mixamorig_Spine1-Interpolations-array" count="43">
 LINEAR LINEAR LINEAR LINEAR LINEAR LINEAR LINEAR LINEAR LINEAR LINEAR LINEAR
LINEAR LINEAR LINEAR LINEAR LINEAR LINEAR LINEAR LINEAR LINEAR LINEAR LINEAR LINEAR
LINEAR LINEAR LINEAR LINEAR LINEAR LINEAR LINEAR LINEAR LINEAR LINEAR LINEAR LINEAR
LINEAR LINEAR LINEAR LINEAR LINEAR LINEAR LINEAR LINEAR</Name_array>
          <technique_common>
            <accessor source="#mixamorig_Spine1-Interpolations-array" count="43">
              <param type="name"/>
            </accessor>
          </technique_common>
        </source>
        <sampler id="mixamorig_Spine1-Matrix-animation-transform">
          <input semantic="INPUT" source="#mixamorig_Spine1-Matrix-animation-input"/>
          <input semantic="OUTPUT" source="#mixamorig_Spine1-Matrix-animation-output-transform"/>
          <input semantic="INTERPOLATION" source="#mixamorig_Spine1-Interpolations"/>
        </sampler>
        <channel source="#mixamorig_Spine1-Matrix-animation-transform" target="mixamorig_Spine1/matrix"/>
      </animation>
    </animation>
    <animation id="mixamorig_Spine2-anim" name="mixamorig_Spine2">
      <animation>
        <source id="mixamorig_Spine2-Matrix-animation-input">
          <float_array id="mixamorig_Spine2-Matrix-animation-input-array" count="43">

0.000000 0.033333 0.066667 0.100000 0.133333 0.166667 0.200000 0.233333 0.266667 0.300000 0.333333 0.366667 0.400000 0.433333 0.466667 0.500000
0.533333 0.566667 0.600000 0.633333 0.666667 0.700000 0.733333 0.766667 0.800000 0.833333 0.866667 0.900000 0.933333 0.966667 1.000000 1.033333
1.066667 1.100000 1.133333 1.166667 1.200000 1.233333 1.266667 1.300000 1.333333 1.366667 1.400000</float_array>
          <technique_common>
            <accessor source="#mixamorig_Spine2-Matrix-animation-input-array" count="43">
              <param name="TIME" type="float"/>
            </accessor>
          </technique_common>
        </source>
        <source id="mixamorig_Spine2-Matrix-animation-output-transform">
          <float_array id="mixamorig_Spine2-Matrix-animation-output-transform-array" count="688">

0.999315 0.010484 -0.035500 0.000000 0.000106 0.958240 0.285966 0.863700 0.037015 -0.285774 0.957582 -0.000000 0.000000 0.000000 0.000000 1.000000
0.992679 0.011176 -0.120265 -0.000000 0.020706 0.965223 0.260605 0.863700 0.118996 -0.261188 0.957925 0.000000 0.000000 0.000000 0.000000 1.000000
0.983338 -0.006871 -0.181657 0.000000 0.048925 0.972418 0.228057 0.863700 0.175079 -0.233144 0.956551 0.000000 0.000000 0.000000 0.000000 1.000000
0.976939 -0.015473 -0.212958 -0.000000 0.058872 0.978230 0.198998 0.863700 0.205243 -0.206946 0.956582 -0.000000 0.000000 0.000000 0.000000 1.000000
0.977128 0.007731 -0.212511 0.000000 0.031346 0.983185 0.179901 0.863700 0.210329 -0.182448 0.960455 -0.000000 0.000000 0.000000 0.000000 1.000000
0.981349 0.051771 -0.185134 -0.000000 -0.020603 0.985832 0.166466 0.863700 0.191129 -0.159546 0.968512 0.000000 0.000000 0.000000 0.000000 1.000000
0.985567 0.080952 -0.148679 0.000000 -0.058905 0.987363 0.147122 0.863700 0.158710 -0.136241 0.977880 0.000000 0.000000 0.000000 0.000000 1.000000
0.990174 0.074742 -0.118188 -0.000000 -0.060706 0.991133 0.118197 0.863700 0.125975 -0.109861 0.985931 -0.000000 0.000000 0.000000 0.000000 1.000000
0.994498 0.042978 -0.095539 0.000000 -0.034634 0.995576 0.087340 0.863700 0.098870 -0.083550 0.991587 0.000000 0.000000 0.000000 0.000000 1.000000
0.996812 0.010627 -0.079075 0.000000 -0.005632 0.997990 0.063129 0.863700 0.079587 -0.062482 0.994868 0.000000 0.000000 0.000000 0.000000 1.000000
0.997549 -0.005602 -0.069749 0.000000 0.008998 0.998784 0.048477 0.863700 0.069393 -0.048986 0.996386 0.000000 0.000000 0.000000 0.000000 1.000000
0.997735 -0.006669 -0.066936 0.000000 0.009625 0.998988 0.043938 0.863700 0.066575 -0.044483 0.996789 0.000000 0.000000 0.000000 0.000000 1.000000
0.997559 -0.000504 -0.069833 0.000000 0.004068 0.998696 0.050899 0.863700 0.069716 -0.051059 0.996259 0.000000 0.000000 0.000000 0.000000 1.000000
0.996777 0.009229 -0.079688 -0.000000 -0.003999 0.997842 0.065546 0.863700 0.080121 -0.065016 0.994663 0.000000 0.000000 0.000000 0.000000 1.000000
0.995075 0.023359 -0.096334 0.000000 -0.016005 0.996947 0.076417 0.863700 0.097825 -0.074499 0.992411 0.000000 0.000000 0.000000 0.000000 1.000000
0.992307 0.041998 -0.116463 0.000000 -0.032879 0.996320 0.079148 0.863700 0.119359 -0.074710 0.990036 0.000000 0.000000 0.000000 0.000000 1.000000
0.989114 0.059899 -0.134406 0.000000 -0.049147 0.995425 0.081935 0.863700 0.138699 -0.074437 0.987533 -0.000000 0.000000 0.000000 0.000000 1.000000
0.987398 0.066472 -0.143621 0.000000 -0.052863 0.993920 0.096580 0.863700 0.149168 -0.087771 0.984909 0.000000 0.000000 0.000000 0.000000 1.000000
0.988629 0.054621 -0.140107 -0.000000 -0.036538 0.991031 0.128538 0.863700 0.145871 -0.121957 0.981758 0.000000 0.000000 0.000000 0.000000 1.000000
0.991716 0.031354 -0.124564 0.000000 -0.009423 0.984896 0.172889 0.863700 0.128104 -0.170282 0.977033 0.000000 0.000000 0.000000 0.000000 1.000000
0.995010 0.014333 -0.098740 -0.000000 0.007899 0.975205 0.221161 0.863700 0.099461 -0.220837 0.970226 0.000000 0.000000 0.000000 0.000000 1.000000
0.997785 0.016754 -0.064374 0.000000 0.001343 0.962489 0.271317 0.863700 0.066505 -0.270803 0.960335 0.000000 0.000000 0.000000 0.000000 1.000000
0.998745 0.039392 -0.030923 0.000000 -0.027348 0.946290 0.322160 0.863700 0.041953 -0.320910 0.946180 -0.000000 0.000000 0.000000 0.000000 1.000000
