<?xml version="1.0" encoding="utf-8"?>
<COLLADA xmlns="http://www.collada.org/2005/11/COLLADASchema" version="1.4.1">
  <asset><contributor><author>Mixamo</author><authoring_tool>COLLADA Mixamo exporter</authoring_tool><comments></comments></contributor><created>2020-03-17T20:37:30Z</created><modified>2020-03-17T20:37:30Z</modified><revision></revision><title></title><unit meter="0.010000"/><up_axis>Y_UP</up_axis></asset>
  <library_animations>
    <animation id="mixamorig_Hips-anim" name="mixamorig_Hips"><source id="mixamorig_Hips-Matrix-animation-input"><float_array id="mixamorig_Hips-Matrix-animation-input-array" count="35">

0.000000 0.033333 0.066667 0.100000 0.133333 0.166667 0.200000 0.233333 0.266667 0.300000 0.333333 0.366667 0.400000 0.433333 0.466667 0.500000
0.533333 0.566667 0.600000 0.633333 0.666667 0.700000 0.733333 0.766667 0.800000 0.833333 0.866667 0.900000 0.933333 0.966667 1.000000 1.033333
1.066667 1.100000 1.133333</float_array><technique_common><accessor source="#mixamorig_Hips-Matrix-animation-input-array" count="35"><param name="TIME" type="float"/></accessor></technique_common></source><source id="mixamorig_Hips-Matrix-animation-output-transform"><float_array id="mixamorig_Hips-Matrix-animation-output-transform-array" count="560">

-0.962531 0.000814 0.271169 -0.290038 0.024713 0.996097 0.084730 4.173481 -0.270042 0.088257 -0.958795 0.248268 0.000000 0.000000 0.000000 1.000000
-0.958480 -0.006574 0.285083 -0.300378 0.014049 0.997432 0.070235 4.171167 -0.284812 0.071324 -0.955926 0.264228 0.000000 0.000000 0.000000 1.000000
-0.925080 -0.024926 0.378954 -0.311334 -0.001435 0.998066 0.062145 4.173802 -0.379770 0.056945 -0.923327 0.311557 0.000000 0.000000 0.000000 1.000000
-0.840795 -0.051057 0.538940 -0.326376 -0.017910 0.997621 0.066570 4.184493 -0.541057 0.046320 -0.839709 0.383602 0.000000 0.000000 0.000000 1.000000
-0.707296 -0.073943 0.703039 -0.339173 -0.027743 0.996652 0.076913 4.196273 -0.706373 0.034896 -0.706979 0.464344 0.000000 0.000000 0.000000 1.000000
-0.518861 -0.081412 0.850973 -0.343853 -0.018544 0.996293 0.084007 4.212175 -0.854657 0.027807 -0.518447 0.553697 0.000000 0.000000 0.000000 1.000000
-0.284616 -0.072783 0.955875 -0.339648 0.010254 0.996825 0.078955 4.235960 -0.958587 0.032273 -0.282966 0.653830 0.000000 0.000000 0.000000 1.000000
-0.150221 -0.051023 0.987335 -0.332362 0.036067 0.997720 0.057048 4.238595 -0.987994 0.044180 -0.148038 0.719144 0.000000 0.000000 0.000000 1.000000
-0.102100 -0.034790 0.994166 -0.323884 0.052065 0.997832 0.040266 4.227304 -0.993411 0.055872 -0.100067 0.764050 0.000000 0.000000 0.000000 1.000000
-0.086946 -0.022757 0.995953 -0.313453 0.063916 0.997552 0.028373 4.213838 -0.994161 0.066124 -0.085279 0.801196 0.000000 0.000000 0.000000 1.000000
-0.078933 -0.011869 0.996809 -0.300748 0.074775 0.997042 0.017792 4.202748 -0.994072 0.075941 -0.077812 0.836457 0.000000 0.000000 0.000000 1.000000
-0.072477 -0.001498 0.997369 -0.284945 0.085246 0.996330 0.007691 4.195546 -0.993720 0.085580 -0.072084 0.870855 0.000000 0.000000 0.000000 1.000000
-0.066497 0.008145 0.997753 -0.265497 0.096123 0.995368 -0.001720 4.189294 -0.993146 0.095793 -0.066972 0.906952 0.000000 0.000000 0.000000 1.000000
-0.061724 0.014584 0.997987 -0.242445 0.106070 0.994327 -0.007971 4.185158 -0.992441 0.105364 -0.062921 0.943960 0.000000 0.000000 0.000000 1.000000
-0.063284 0.007388 0.997968 -0.219473 0.108809 0.994063 -0.000460 4.183770 -0.992046 0.108558 -0.063712 0.978069 0.000000 0.000000 0.000000 1.000000
-0.068761 0.001424 0.997632 -0.198943 0.110459 0.993861 0.006195 4.183713 -0.991499 0.110623 -0.068496 0.999763 0.000000 0.000000 0.000000 1.000000
-0.079142 -0.002182 0.996861 -0.180975 0.111510 0.993702 0.011028 4.181498 -0.990607 0.112033 -0.078400 1.008405 0.000000 0.000000 0.000000 1.000000
-0.091432 -0.005534 0.995796 -0.162511 0.112299 0.993548 0.015832 4.179874 -0.989459 0.113274 -0.090221 1.014680 0.000000 0.000000 0.000000 1.000000
-0.108060 -0.009302 0.994101 -0.143663 0.112422 0.993428 0.021516 4.177808 -0.987767 0.114084 -0.106304 1.017978 0.000000 0.000000 0.000000 1.000000
-0.146067 -0.015716 0.989150 -0.126825 0.109008 0.993529 0.031882 4.167179 -0.983251 0.112482 -0.143409 1.005727 0.000000 0.000000 0.000000 1.000000
-0.212549 -0.026042 0.976803 -0.112275 0.100506 0.993760 0.048364 4.146517 -0.971968 0.108455 -0.208605 0.973204 0.000000 0.000000 0.000000 1.000000
-0.282590 -0.037160 0.958521 -0.096624 0.090569 0.993752 0.065227 4.128931 -0.954956 0.105245 -0.277459 0.940864 0.000000 0.000000 0.000000 1.000000
-0.360481 -0.049177 0.931469 -0.080144 0.078412 0.993477 0.082797 4.114628 -0.929465 0.102885 -0.354274 0.907556 0.000000 0.000000 0.000000 1.000000
-0.485431 -0.065122 0.871846 -0.064826 0.055856 0.992875 0.105262 4.108878 -0.872489 0.099796 -0.478335 0.866373 0.000000 0.000000 0.000000 1.000000
-0.636230 -0.080683 0.767269 -0.050967 0.023226 0.992063 0.123580 4.109403 -0.771150 0.096445 -0.629306 0.811376 0.000000 0.000000 0.000000 1.000000
-0.756943 -0.085708 0.647836 -0.042499 -0.003127 0.991826 0.127563 4.112437 -0.653474 0.094532 -0.751023 0.748313 0.000000 0.000000 0.000000 1.000000
-0.840790 -0.083268 0.534920 -0.042360 -0.019727 0.992156 0.123436 4.111215 -0.541002 0.093231 -0.835838 0.673511 0.000000 0.000000 0.000000 1.000000
-0.890619 -0.078367 0.447946 -0.052368 -0.027396 0.992496 0.119167 4.103729 -0.453924 0.093860 -0.886083 0.595326 0.000000 0.000000 0.000000 1.000000
-0.922888 -0.069724 0.378702 -0.066594 -0.027515 0.992897 0.115752 4.090682 -0.384083 0.096407 -0.918252 0.520516 0.000000 0.000000 0.000000 1.000000
-0.943678 -0.053172 0.326565 -0.082859 -0.017379 0.993605 0.111563 4.066318 -0.330409 0.099604 -0.938567 0.460174 0.000000 0.000000 0.000000 1.000000
-0.952990 -0.033795 0.301111 -0.110839 -0.002463 0.994592 0.103832 4.058373 -0.302991 0.098209 -0.947919 0.404922 0.000000 0.000000 0.000000 1.000000
-0.958813 -0.021384 0.283233 -0.148014 0.006061 0.995395 0.095670 4.087488 -0.283974 0.093446 -0.954267 0.340199 0.000000 0.000000 0.000000 1.000000
-0.959544 -0.013635 0.281228 -0.195550 0.012612 0.995742 0.091312 4.122928 -0.281276 0.091165 -0.955287 0.297687 0.000000 0.000000 0.000000 1.000000
-0.959990 -0.006197 0.279965 -0.245271 0.019265 0.995925 0.088104 4.150817 -0.279370 0.089972 -0.955959 0.272374 0.000000 0.000000 0.000000 1.000000
-0.962531 0.000814 0.271169 -0.290038 0.024713 0.996097 0.084730 4.173481 -0.270042 0.088257 -0.958795 0.248268 0.000000 0.000000 0.000000 1.000000</float_array><technique_common><accessor source="#mixamorig_Hips-Matrix-animation-output-transform-array" count="35" stride="16"><param type="float4x4"/></accessor></technique_common></source><source id="mixamorig_Hips-Interpolations"><Name_array id="mixamorig_Hips-Interpolations-array" count="35">
 LINEAR LINEAR LINEAR LINEAR LINEAR LINEAR LINEAR LINEAR LINEAR LINEAR LINEAR
LINEAR LINEAR LINEAR LINEAR LINEAR LINEAR LINEAR LINEAR LINEAR LINEAR LINEAR LINEAR
LINEAR LINEAR LINEAR LINEAR LINEAR LINEAR LINEAR LINEAR LINEAR LINEAR LINEAR LINEAR</Name_array><technique_common><accessor source="#mixamorig_Hips-Interpolations-array" count="35"><param type="name"/></accessor></technique_common></source><sampler id="mixamorig_Hips-Matrix-animation-transform"><input semantic="INPUT" source="#mixamorig_Hips-Matrix-animation-input"/><input semantic="OUTPUT" source="#mixamorig_Hips-Matrix-animation-output-transform"/><input semantic="INTERPOLATION" source="#mixamorig_Hips-Interpolations"/></sampler><channel source="#mixamorig_Hips-Matrix-animation-transform" target="mixamorig_Hips/matrix"/></animation>
    <animation id="mixamorig_Spine-anim" name="mixamorig_Spine"><source id="mixamorig_Spine-Matrix-animation-input"><float_array id="mixamorig_Spine-Matrix-animation-input-array" count="35">

0.000000 0.033333 0.066667 0.100000 0.133333 0.166667 0.200000 0.233333 0.266667 0.300000 0.333333 0.366667 0.400000 0.433333 0.466667 0.500000
0.533333 0.566667 0.600000 0.633333 0.666667 0.700000 0.733333 0.766667 0.800000 0.833333 0.866667 0.900000 0.933333 0.966667 1.000000 1.033333
1.066667 1.100000 1.133333</float_array><technique_common><accessor source="#mixamorig_Spine-Matrix-animation-input-array" count="35"><param name="TIME" type="float"/></accessor></technique_common></source><source id="mixamorig_Spine-Matrix-animation-output-transform"><float_array id="mixamorig_Spine-Matrix-animation-output-transform-array" count="560">

0.996864 0.020431 0.076445 0.000000 -0.028732 0.993614 0.109117 0.620300 -0.073727 -0.110971 0.991085 0.186600 0.000000 0.000000 0.000000 1.000000
0.995992 0.019250 0.087348 0.000000 -0.025860 0.996834 0.075189 0.620300 -0.085624 -0.077147 0.993336 0.186600 0.000000 0.000000 0.000000 1.000000
0.992516 0.021160 0.120270 -0.000000 -0.024364 0.999385 0.025234 0.620300 -0.119662 -0.027976 0.992420 0.186600 0.000000 0.000000 0.000000 1.000000
0.982202 0.034774 0.184578 0.000000 -0.027695 0.998784 -0.040795 0.620300 -0.185772 0.034957 0.981971 0.186600 0.000000 0.000000 0.000000 1.000000
0.962817 0.052329 0.265036 0.000000 -0.024142 0.993802 -0.108514 0.620300 -0.269072 0.098080 0.958113 0.186600 0.000000 0.000000 0.000000 1.000000
0.933448 0.075182 0.350745 0.000000 -0.014425 0.984866 -0.172715 0.620300 -0.358422 0.156161 0.920406 0.186600 0.000000 0.000000 0.000000 1.000000
0.906208 0.115383 0.406785 0.000000 -0.023516 0.974312 -0.223971 0.620300 -0.422178 0.193398 0.885643 0.186600 0.000000 0.000000 0.000000 1.000000
0.898912 0.137899 0.415861 0.000000 -0.033658 0.968107 -0.248267 0.620300 -0.436833 0.209173 0.874885 0.186600 0.000000 0.000000 0.000000 1.000000
0.920533 0.110412 0.374739 0.000000 -0.017780 0.970077 -0.242146 0.620300 -0.390261 0.216240 0.894950 0.186600 0.000000 0.000000 0.000000 1.000000
0.958217 0.032641 0.284174 -0.000000 0.031646 0.975272 -0.218729 0.620300 -0.284287 0.218583 0.933489 0.186600 0.000000 0.000000 0.000000 1.000000
0.980462 -0.039318 0.192741 0.000000 0.078812 0.976259 -0.201760 0.620300 -0.180233 0.213009 0.960283 0.186600 0.000000 0.000000 0.000000 1.000000
0.987558 -0.060776 0.145038 0.000000 0.087044 0.979385 -0.182289 0.620300 -0.130969 0.192645 0.972489 0.186600 0.000000 0.000000 0.000000 1.000000
0.988392 -0.064614 0.137497 0.000000 0.087806 0.981536 -0.169934 0.620300 -0.123978 0.180034 0.975816 0.186600 0.000000 0.000000 0.000000 1.000000
0.987228 -0.063024 0.146315 0.000000 0.086857 0.982845 -0.162700 0.620300 -0.133551 0.173330 0.975767 0.186600 0.000000 0.000000 0.000000 1.000000
0.986761 -0.059536 0.150860 0.000000 0.083681 0.983704 -0.159136 0.620300 -0.138927 0.169653 0.975662 0.186600 0.000000 0.000000 0.000000 1.000000
0.987717 -0.057375 0.145339 0.000000 0.080329 0.984270 -0.157352 0.620300 -0.134025 0.167094 0.976789 0.186600 0.000000 0.000000 0.000000 1.000000
0.987626 -0.056962 0.146116 0.000000 0.079430 0.985050 -0.152866 0.620300 -0.135224 0.162580 0.977385 0.186600 0.000000 0.000000 0.000000 1.000000
0.987317 -0.056612 0.148325 -0.000000 0.078733 0.985879 -0.147795 0.620300 -0.137864 0.157599 0.977832 0.186600 0.000000 0.000000 0.000000 1.000000
0.986991 -0.055426 0.150919 0.000000 0.077196 0.986788 -0.142443 0.620300 -0.141030 0.152241 0.978230 0.186600 0.000000 0.000000 0.000000 1.000000
0.986796 -0.049946 0.154073 -0.000000 0.071270 0.988122 -0.136147 0.620300 -0.145443 0.145330 0.978635 0.186600 0.000000 0.000000 0.000000 1.000000
0.986718 -0.038338 0.157851 -0.000000 0.059056 0.989919 -0.128734 0.620300 -0.151324 0.136346 0.979036 0.186600 0.000000 0.000000 0.000000 1.000000
0.986439 -0.025362 0.162155 0.000000 0.045473 0.991544 -0.121545 0.620300 -0.157701 0.127271 0.979251 0.186600 0.000000 0.000000 0.000000 1.000000
0.985579 -0.009380 0.168956 -0.000000 0.029268 0.992864 -0.115609 0.620300 -0.166666 0.118887 0.978820 0.186600 0.000000 0.000000 0.000000 1.000000
0.982350 0.018802 0.186106 0.000000 0.002782 0.993357 -0.115043 0.620300 -0.187033 0.113530 0.975771 0.186600 0.000000 0.000000 0.000000 1.000000
0.982280 0.044346 0.182096 0.000000 -0.024800 0.993815 -0.108247 0.620300 -0.185770 0.101813 0.977304 0.186600 0.000000 0.000000 0.000000 1.000000
0.985457 0.067529 0.155933 0.000000 -0.053511 0.994282 -0.092412 0.620300 -0.161282 0.082724 0.983435 0.186600 0.000000 0.000000 0.000000 1.000000
0.989038 0.092506 0.115092 0.000000 -0.084958 0.994003 -0.068855 0.620300 -0.120771 0.058322 0.990966 0.186600 0.000000 0.000000 0.000000 1.000000
0.993507 0.092020 0.066908 0.000000 -0.089363 0.995127 -0.041675 0.620300 -0.070416 0.035426 0.996888 0.186600 0.000000 0.000000 0.000000 1.000000
0.995868 0.085284 0.031217 0.000000 -0.084816 0.996268 -0.016025 0.620300 -0.032467 0.013311 0.999384 0.186600 0.000000 0.000000 0.000000 1.000000
0.996253 0.085123 0.015315 0.000000 -0.085262 0.996321 0.008639 0.620300 -0.014523 -0.009912 0.999845 0.186600 0.000000 0.000000 0.000000 1.000000
0.996337 0.085125 0.008192 0.000000 -0.085356 0.995770 0.034002 0.620300 -0.005263 -0.034577 0.999388 0.186600 0.000000 0.000000 0.000000 1.000000
0.996943 0.075246 0.021042 0.000000 -0.076363 0.995358 0.058582 0.620300 -0.016536 -0.060009 0.998061 0.186600 0.000000 0.000000 0.000000 1.000000
0.997319 0.056118 0.046972 0.000000 -0.059429 0.995607 0.072354 0.620300 -0.042705 -0.074951 0.996272 0.186600 0.000000 0.000000 0.000000 1.000000
0.997175 0.037977 0.064801 -0.000000 -0.043714 0.995023 0.089546 0.620300 -0.061077 -0.092126 0.993872 0.186600 0.000000 0.000000 0.000000 1.000000
0.996864 0.020431 0.076445 -0.000000 -0.028732 0.993614 0.109117 0.620300 -0.073727 -0.110971 0.991085 0.186600 0.000000 0.000000 0.000000 1.000000</float_array><technique_common><accessor source="#mixamorig_Spine-Matrix-animation-output-transform-array" count="35" stride="16"><param type="float4x4"/></accessor></technique_common></source><source id="mixamorig_Spine-Interpolations"><Name_array id="mixamorig_Spine-Interpolations-array" count="35">
 LINEAR LINEAR LINEAR LINEAR LINEAR LINEAR LINEAR LINEAR LINEAR LINEAR LINEAR
LINEAR LINEAR LINEAR LINEAR LINEAR LINEAR LINEAR LINEAR LINEAR LINEAR LINEAR LINEAR
LINEAR LINEAR LINEAR LINEAR LINEAR LINEAR LINEAR LINEAR LINEAR LINEAR LINEAR LINEAR</Name_array><technique_common><accessor source="#mixamorig_Spine-Interpolations-array" count="35"><param type="name"/></accessor></technique_common></source><sampler id="mixamorig_Spine-Matrix-animation-transform"><input semantic="INPUT" source="#mixamorig_Spine-Matrix-animation-input"/><input semantic="OUTPUT" source="#mixamorig_Spine-Matrix-animation-output-transform"/><input semantic="INTERPOLATION" source="#mixamorig_Spine-Interpolations"/></sampler><channel source="#mixamorig_Spine-Matrix-animation-transform" target="mixamorig_Spine/matrix"/></animation>
    <animation id="mixamorig_Spine1-anim" name="mixamorig_Spine1"><source id="mixamorig_Spine1-Matrix-animation-input"><float_array id="mixamorig_Spine1-Matrix-animation-input-array" count="35">

0.000000 0.033333 0.066667 0.100000 0.133333 0.166667 0.200000 0.233333 0.266667 0.300000 0.333333 0.366667 0.400000 0.433333 0.466667 0.500000
0.533333 0.566667 0.600000 0.633333 0.666667 0.700000 0.733333 0.766667 0.800000 0.833333 0.866667 0.900000 0.933333 0.966667 1.000000 1.033333
1.066667 1.100000 1.133333</float_array><technique_common><accessor source="#mixamorig_Spine1-Matrix-animation-input-array" count="35"><param name="TIME" type="float"/></accessor></technique_common></source><source id="mixamorig_Spine1-Matrix-animation-output-transform"><float_array id="mixamorig_Spine1-Matrix-animation-output-transform-array" count="560">

0.999658 -0.007814 0.024955 0.000000 0.006192 0.997903 0.064435 0.755700 -0.025406 -0.064258 0.997610 0.000000 0.000000 0.000000 0.000000 1.000000
0.999536 -0.010817 0.028478 0.000000 0.009240 0.998448 0.054915 0.755700 -0.029028 -0.054627 0.998085 0.000000 0.000000 0.000000 0.000000 1.000000
0.999140 -0.014750 0.038748 -0.000000 0.013040 0.998946 0.044014 0.755700 -0.039356 -0.043471 0.998279 0.000000 0.000000 0.000000 0.000000 1.000000
0.998173 -0.017262 0.057903 0.000000 0.015487 0.999400 0.030967 0.755700 -0.058403 -0.030013 0.997842 0.000000 0.000000 0.000000 0.000000 1.000000
0.996635 -0.014050 0.080750 0.000000 0.012832 0.999796 0.015586 0.755700 -0.080952 -0.014497 0.996613 0.000000 0.000000 0.000000 0.000000 1.000000
0.994304 -0.011149 0.105994 0.000000 0.010779 0.999934 0.004059 0.755700 -0.106033 -0.002894 0.994358 0.000000 0.000000 0.000000 0.000000 1.000000
0.992463 -0.002660 0.122518 0.000000 0.003125 0.999989 -0.003611 0.755700 -0.122507 0.003967 0.992460 -0.000000 0.000000 0.000000 0.000000 1.000000
0.992270 0.012616 0.123455 0.000000 -0.011736 0.999900 -0.007855 0.755700 -0.123542 0.006345 0.992319 0.000000 0.000000 0.000000 0.000000 1.000000
0.993910 0.022772 0.107818 -0.000000 -0.022000 0.999723 -0.008340 0.755700 -0.107978 0.005917 0.994136 0.000000 0.000000 0.000000 0.000000 1.000000
0.996680 0.024682 0.077589 0.000000 -0.024331 0.999689 -0.005472 0.755700 -0.077700 0.003566 0.996970 0.000000 0.000000 0.000000 0.000000 1.000000
0.998513 0.024102 0.048897 -0.000000 -0.023985 0.999708 -0.002971 0.755700 -0.048955 0.001794 0.998799 -0.000000 0.000000 0.000000 0.000000 1.000000
0.999151 0.021498 0.035130 0.000000 -0.021399 0.999766 -0.003200 0.755700 -0.035191 0.002446 0.999378 0.000000 0.000000 0.000000 0.000000 1.000000
0.999245 0.020049 0.033279 -0.000000 -0.019928 0.999794 -0.003963 0.755700 -0.033352 0.003297 0.999438 0.000000 0.000000 0.000000 0.000000 1.000000
0.999160 0.019285 0.036160 0.000000 -0.019127 0.999806 -0.004726 0.755700 -0.036244 0.004031 0.999335 0.000000 0.000000 0.000000 0.000000 1.000000
0.999116 0.018285 0.037842 0.000000 -0.018090 0.999821 -0.005506 0.755700 -0.037936 0.004817 0.999269 -0.000000 0.000000 0.000000 0.000000 1.000000
0.999184 0.017080 0.036611 0.000000 -0.016863 0.999839 -0.006212 0.755700 -0.036711 0.005590 0.999310 0.000000 0.000000 0.000000 0.000000 1.000000
0.999178 0.016915 0.036851 0.000000 -0.016683 0.999839 -0.006599 0.755700 -0.036957 0.005979 0.999299 0.000000 0.000000 0.000000 0.000000 1.000000
0.999155 0.016987 0.037428 -0.000000 -0.016739 0.999836 -0.006922 0.755700 -0.037540 0.006290 0.999275 -0.000000 0.000000 0.000000 0.000000 1.000000
0.999128 0.017123 0.038092 0.000000 -0.016859 0.999832 -0.007230 0.755700 -0.038209 0.006582 0.999248 -0.000000 0.000000 0.000000 0.000000 1.000000
0.999093 0.017291 0.038904 0.000000 -0.017011 0.999827 -0.007518 0.755700 -0.039027 0.006850 0.999215 0.000000 0.000000 0.000000 0.000000 1.000000
0.999050 0.017457 0.039919 0.000000 -0.017160 0.999822 -0.007782 0.755700 -0.040048 0.007089 0.999173 0.000000 0.000000 0.000000 0.000000 1.000000
0.998999 0.017531 0.041160 0.000000 -0.017216 0.999820 -0.007989 0.755700 -0.041292 0.007273 0.999121 0.000000 0.000000 0.000000 0.000000 1.000000
0.998915 0.016960 0.043379 -0.000000 -0.016632 0.999830 -0.007918 0.755700 -0.043506 0.007188 0.999027 -0.000000 0.000000 0.000000 0.000000 1.000000
0.998672 0.012670 0.049928 0.000000 -0.012371 0.999904 -0.006281 0.755700 -0.050003 0.005655 0.998733 -0.000000 0.000000 0.000000 0.000000 1.000000
0.998674 0.005892 0.051138 0.000000 -0.005705 0.999977 -0.003800 0.755700 -0.051159 0.003503 0.998684 0.000000 0.000000 0.000000 0.000000 1.000000
0.998960 0.000401 0.045593 0.000000 -0.000331 0.999999 -0.001539 0.755700 -0.045593 0.001522 0.998959 0.000000 0.000000 0.000000 0.000000 1.000000
0.999374 -0.003237 0.035233 0.000000 0.003227 0.999995 0.000331 0.755700 -0.035234 -0.000217 0.999379 -0.000000 0.000000 0.000000 0.000000 1.000000
0.999735 -0.006059 0.022198 0.000000 0.005966 0.999973 0.004265 0.755700 -0.022224 -0.004131 0.999744 0.000000 0.000000 0.000000 0.000000 1.000000
0.999892 -0.008035 0.012312 -0.000000 0.007910 0.999917 0.010196 0.755700 -0.012393 -0.010098 0.999872 0.000000 0.000000 0.000000 0.000000 1.000000
0.999937 -0.008613 0.007222 0.000000 0.008482 0.999800 0.018088 0.755700 -0.007376 -0.018026 0.999810 -0.000000 0.000000 0.000000 0.000000 1.000000
0.999953 -0.008462 0.004629 0.000000 0.008334 0.999603 0.026928 0.755700 -0.004855 -0.026888 0.999627 -0.000000 0.000000 0.000000 0.000000 1.000000
0.999940 -0.007272 0.008133 0.000000 0.006966 0.999287 0.037099 0.755700 -0.008397 -0.037040 0.999278 0.000000 0.000000 0.000000 0.000000 1.000000
0.999859 -0.006254 0.015585 0.000000 0.005524 0.998906 0.046435 0.755700 -0.015859 -0.046342 0.998800 0.000000 0.000000 0.000000 0.000000 1.000000
0.999757 -0.006648 0.021034 0.000000 0.005462 0.998419 0.055944 0.755700 -0.021372 -0.055816 0.998212 0.000000 0.000000 0.000000 0.000000 1.000000
0.999658 -0.007814 0.024955 -0.000000 0.006192 0.997903 0.064435 0.755700 -0.025406 -0.064258 0.997610 0.000000 0.000000 0.000000 0.000000 1.000000</float_array><technique_common><accessor source="#mixamorig_Spine1-Matrix-animation-output-transform-array" count="35" stride="16"><param type="float4x4"/></accessor></technique_common></source><source id="mixamorig_Spine1-Interpolations"><Name_array id="mixamorig_Spine1-Interpolations-array" count="35">
 LINEAR LINEAR LINEAR LINEAR LINEAR LINEAR LINEAR LINEAR LINEAR LINEAR LINEAR
LINEAR LINEAR LINEAR LINEAR LINEAR LINEAR LINEAR LINEAR LINEAR LINEAR LINEAR LINEAR
LINEAR LINEAR LINEAR LINEAR LINEAR LINEAR LINEAR LINEAR LINEAR LINEAR LINEAR LINEAR</Name_array><technique_common><accessor source="#mixamorig_Spine1-Interpolations-array" count="35"><param type="name"/></accessor></technique_common></source><sampler id="mixamorig_Spine1-Matrix-animation-transform"><input semantic="INPUT" source="#mixamorig_Spine1-Matrix-animation-input"/><input semantic="OUTPUT" source="#mixamorig_Spine1-Matrix-animation-output-transform"/><input semantic="INTERPOLATION" source="#mixamorig_Spine1-Interpolations"/></sampler><channel source="#mixamorig_Spine1-Matrix-animation-transform" target="mixamorig_Spine1/matrix"/></animation>
    <animation id="mixamorig_Spine2-anim" name="mixamorig_Spine2"><source id="mixamorig_Spine2-Matrix-animation-input"><float_array id="mixamorig_Spine2-Matrix-animation-input-array" count="35">

0.000000 0.033333 0.066667 0.100000 0.133333 0.166667 0.200000 0.233333 0.266667 0.300000 0.333333 0.366667 0.400000 0.433333 0.466667 0.500000
0.533333 0.566667 0.600000 0.633333 0.666667 0.700000 0.733333 0.766667 0.800000 0.833333 0.866667 0.900000 0.933333 0.966667 1.000000 1.033333
1.066667 1.100000 1.133333</float_array><technique_common><accessor source="#mixamorig_Spine2-Matrix-animation-input-array" count="35"><param name="TIME" type="float"/></accessor></technique_common></source><source id="mixamorig_Spine2-Matrix-animation-output-transform"><float_array id="mixamorig_Spine2-Matrix-animation-output-transform-array" count="560">

0.999628 -0.007528 0.026209 0.000000 0.005830 0.997913 0.064304 0.863700 -0.026638 -0.064127 0.997586 0.000000 0.000000 0.000000 0.000000 1.000000
0.999501 -0.010682 0.029724 0.000000 0.009044 0.998462 0.054698 0.863700 -0.030263 -0.054402 0.998060 0.000000 0.000000 0.000000 0.000000 1.000000
0.999089 -0.014868 0.040014 -0.000000 0.013120 0.998964 0.043581 0.863700 -0.040620 -0.043016 0.998248 0.000000 0.000000 0.000000 0.000000 1.000000
0.998094 -0.017721 0.059107 0.000000 0.015960 0.999418 0.030132 0.863700 -0.059607 -0.029131 0.997797 0.000000 0.000000 0.000000 0.000000 1.000000
0.996550 -0.014735 0.081672 0.000000 0.013606 0.999804 0.014370 0.863700 -0.081868 -0.013209 0.996556 0.000000 0.000000 0.000000 0.000000 1.000000
0.994229 -0.012000 0.106606 -0.000000 0.011807 0.999927 0.002447 0.863700 -0.106627 -0.001174 0.994298 -0.000000 0.000000 0.000000 0.000000 1.000000
0.992420 -0.003392 0.122843 0.000000 0.004024 0.999980 -0.004900 0.863700 -0.122824 0.005357 0.992414 -0.000000 0.000000 0.000000 0.000000 1.000000
0.992261 0.012297 0.123559 0.000000 -0.011384 0.999902 -0.008087 0.863700 -0.123647 0.006618 0.992304 0.000000 0.000000 0.000000 0.000000 1.000000
0.993914 0.022725 0.107785 -0.000000 -0.022000 0.999727 -0.007911 0.863700 -0.107935 0.005492 0.994143 0.000000 0.000000 0.000000 0.000000 1.000000
0.996688 0.024678 0.077488 0.000000 -0.024360 0.999691 -0.005048 0.863700 -0.077589 0.003144 0.996980 -0.000000 0.000000 0.000000 0.000000 1.000000
0.998520 0.024095 0.048754 0.000000 -0.023994 0.999709 -0.002657 0.863700 -0.048803 0.001483 0.998807 0.000000 0.000000 0.000000 0.000000 1.000000
0.999158 0.021457 0.034973 -0.000000 -0.021366 0.999767 -0.002969 0.863700 -0.035029 0.002220 0.999384 0.000000 0.000000 0.000000 0.000000 1.000000
0.999251 0.020001 0.033134 0.000000 -0.019886 0.999795 -0.003808 0.863700 -0.033203 0.003147 0.999444 0.000000 0.000000 0.000000 0.000000 1.000000
0.999165 0.019247 0.036038 -0.000000 -0.019094 0.999807 -0.004601 0.863700 -0.036120 0.003909 0.999340 0.000000 0.000000 0.000000 0.000000 1.000000
0.999120 0.018262 0.037749 -0.000000 -0.018071 0.999822 -0.005407 0.863700 -0.037841 0.004720 0.999273 0.000000 0.000000 0.000000 0.000000 1.000000
0.999186 0.017070 0.036539 -0.000000 -0.016856 0.999839 -0.006139 0.863700 -0.036638 0.005518 0.999313 -0.000000 0.000000 0.000000 0.000000 1.000000
0.999180 0.016907 0.036786 -0.000000 -0.016678 0.999840 -0.006534 0.863700 -0.036890 0.005915 0.999302 0.000000 0.000000 0.000000 0.000000 1.000000
0.999157 0.016978 0.037365 -0.000000 -0.016733 0.999836 -0.006861 0.863700 -0.037476 0.006230 0.999278 0.000000 0.000000 0.000000 0.000000 1.000000
0.999130 0.017111 0.038030 0.000000 -0.016850 0.999832 -0.007170 0.863700 -0.038146 0.006523 0.999251 -0.000000 0.000000 0.000000 0.000000 1.000000
0.999097 0.017271 0.038831 0.000000 -0.016994 0.999828 -0.007450 0.863700 -0.038953 0.006783 0.999218 0.000000 0.000000 0.000000 0.000000 1.000000
0.999055 0.017426 0.039824 -0.000000 -0.017133 0.999824 -0.007693 0.863700 -0.039951 0.007004 0.999177 0.000000 0.000000 0.000000 0.000000 1.000000
0.999004 0.017482 0.041048 0.000000 -0.017172 0.999821 -0.007884 0.863700 -0.041178 0.007171 0.999126 0.000000 0.000000 0.000000 0.000000 1.000000
0.998921 0.016883 0.043275 0.000000 -0.016559 0.999832 -0.007815 0.863700 -0.043400 0.007089 0.999033 0.000000 0.000000 0.000000 0.000000 1.000000
0.998672 0.012512 0.049974 0.000000 -0.012213 0.999906 -0.006281 0.863700 -0.050048 0.005662 0.998731 0.000000 0.000000 0.000000 0.000000 1.000000
0.998662 0.005647 0.051412 0.000000 -0.005453 0.999977 -0.003924 0.863700 -0.051433 0.003639 0.998670 0.000000 0.000000 0.000000 0.000000 1.000000
0.998940 0.000097 0.046036 0.000000 -0.000019 0.999999 -0.001704 0.863700 -0.046036 0.001701 0.998938 -0.000000 0.000000 0.000000 0.000000 1.000000
0.999354 -0.003518 0.035760 0.000000 0.003513 0.999994 0.000209 0.863700 -0.035760 -0.000084 0.999360 0.000000 0.000000 0.000000 0.000000 1.000000
0.999722 -0.006211 0.022755 -0.000000 0.006117 0.999972 0.004196 0.863700 -0.022781 -0.004056 0.999732 -0.000000 0.000000 0.000000 0.000000 1.000000
0.999884 -0.008056 0.012906 -0.000000 0.007925 0.999917 0.010152 0.863700 -0.012987 -0.010048 0.999865 0.000000 0.000000 0.000000 0.000000 1.000000
0.999933 -0.008532 0.007866 0.000000 0.008389 0.999802 0.018041 0.863700 -0.008019 -0.017974 0.999806 -0.000000 0.000000 0.000000 0.000000 1.000000
0.999951 -0.008295 0.005332 0.000000 0.008149 0.999606 0.026865 0.863700 -0.005552 -0.026820 0.999625 0.000000 0.000000 0.000000 0.000000 1.000000
0.999935 -0.007068 0.008931 0.000000 0.006733 0.999292 0.037007 0.863700 -0.009186 -0.036944 0.999275 -0.000000 0.000000 0.000000 0.000000 1.000000
0.999845 -0.006047 0.016512 -0.000000 0.005276 0.998912 0.046332 0.863700 -0.016774 -0.046238 0.998790 -0.000000 0.000000 0.000000 0.000000 1.000000
0.999735 -0.006406 0.022123 0.000000 0.005162 0.998427 0.055830 0.863700 -0.022445 -0.055701 0.998195 0.000000 0.000000 0.000000 0.000000 1.000000
0.999628 -0.007528 0.026209 -0.000000 0.005830 0.997913 0.064304 0.863700 -0.026638 -0.064127 0.997586 -0.000000 0.000000 0.000000 0.000000 1.000000</float_array><technique_common><accessor source="#mixamorig_Spine2-Matrix-animation-output-transform-array" count="35" stride="16"><param type="float4x4"/></accessor></technique_common></source><source id="mixamorig_Spine2-Interpolations"><Name_array id="mixamorig_Spine2-Interpolations-array" count="35">
 LINEAR LINEAR LINEAR LINEAR LINEAR LINEAR LINEAR LINEAR LINEAR LINEAR LINEAR
LINEAR LINEAR LINEAR LINEAR LINEAR LINEAR LINEAR LINEAR LINEAR LINEAR LINEAR LINEAR
LINEAR LINEAR LINEAR LINEAR LINEAR LINEAR LINEAR LINEAR LINEAR LINEAR LINEAR LINEAR</Name_array><technique_common><accessor source="#mixamorig_Spine2-Interpolations-array" count="35"><param type="name"/></accessor></technique_common></source><sampler id="mixamorig_Spine2-Matrix-animation-transform"><input semantic="INPUT" source="#mixamorig_Spine2-Matrix-animation-input"/><input semantic="OUTPUT" source="#mixamorig_Spine2-Matrix-animation-output-transform"/><input semantic="INTERPOLATION" source="#mixamorig_Spine2-Interpolations"/></sampler><channel source="#mixamorig_Spine2-Matrix-animation-transform" target="mixamorig_Spine2/matrix"/></animation>
    <animation id="mixamorig_Neck-anim" name="mixamorig_Neck"><source id="mixamorig_Neck-Matrix-animation-input"><float_array id="mixamorig_Neck-Matrix-animation-input-array" count="35">

0.000000 0.033333 0.066667 0.100000 0.133333 0.166667 0.200000 0.233333 0.266667 0.300000 0.333333 0.366667 0.400000 0.433333 0.466667 0.500000
0.533333 0.566667 0.600000 0.633333 0.666667 0.700000 0.733333 0.766667 0.800000 0.833333 0.866667 0.900000 0.933333 0.966667 1.000000 1.033333
1.066667 1.100000 1.133333</float_array><technique_common><accessor source="#mixamorig_Neck-Matrix-animation-input-array" count="35"><param name="TIME" type="float"/></accessor></technique_common></source><source id="mixamorig_Neck-Matrix-animation-output-transform"><float_array id="mixamorig_Neck-Matrix-animation-output-transform-array" count="560">

0.999013 0.039858 0.019593 0.000000 -0.041148 0.996659 0.070559 0.971700 -0.016715 -0.071296 0.997315 0.000000 0.000000 0.000000 0.000000 1.000000
0.999721 0.008876 0.021910 0.000000 -0.011502 0.992362 0.122825 0.971700 -0.020653 -0.123042 0.992187 0.000000 0.000000 0.000000 0.000000 1.000000
0.999474 -0.021697 0.024096 -0.000000 0.017014 0.983533 0.179924 0.971700 -0.027603 -0.179419 0.983385 0.000000 0.000000 0.000000 0.000000 1.000000
0.998083 -0.053377 0.031327 -0.000000 0.044495 0.970670 0.236262 0.971700 -0.043019 -0.234416 0.971184 0.000000 0.000000 0.000000 0.000000 1.000000
0.995385 -0.080382 0.052409 -0.000000 0.063038 0.959537 0.274437 0.971700 -0.072348 -0.269866 0.960176 0.000000 0.000000 0.000000 0.000000 1.000000
0.994038 -0.078225 0.075951 -0.000000 0.052924 0.955213 0.291148 0.971700 -0.095325 -0.285392 0.953658 -0.000000 0.000000 0.000000 0.000000 1.000000
0.991759 -0.070862 0.106738 -0.000000 0.037683 0.957606 0.285605 0.971700 -0.122451 -0.279229 0.952385 0.000000 0.000000 0.000000 0.000000 1.000000
0.987193 -0.054451 0.149952 0.000000 0.010540 0.960157 0.279264 0.971700 -0.159183 -0.274107 0.948434 0.000000 0.000000 0.000000 0.000000 1.000000
0.981136 -0.037048 0.189737 0.000000 -0.017117 0.960962 0.276151 0.971700 -0.192561 -0.274189 0.942200 0.000000 0.000000 0.000000 0.000000 1.000000
0.975271 -0.026129 0.219465 0.000000 -0.036447 0.960378 0.276307 0.971700 -0.217989 -0.277473 0.935676 0.000000 0.000000 0.000000 0.000000 1.000000
0.970151 -0.029102 0.240750 0.000000 -0.040511 0.959373 0.279216 0.971700 -0.239095 -0.280635 0.929558 0.000000 0.000000 0.000000 0.000000 1.000000
0.967304 -0.060839 0.246215 0.000000 -0.013017 0.957612 0.287766 0.971700 -0.253286 -0.281562 0.925510 -0.000000 0.000000 0.000000 0.000000 1.000000
0.964372 -0.094914 0.246936 0.000000 0.018555 0.955391 0.294760 0.971700 -0.263897 -0.279677 0.923114 0.000000 0.000000 0.000000 0.000000 1.000000
0.961429 -0.114511 0.250083 0.000000 0.037866 0.955663 0.292016 0.971700 -0.272435 -0.271283 0.923139 0.000000 0.000000 0.000000 0.000000 1.000000
0.959964 -0.117409 0.254329 0.000000 0.041214 0.957241 0.286342 0.971700 -0.277074 -0.264396 0.923756 0.000000 0.000000 0.000000 0.000000 1.000000
0.959696 -0.116530 0.255743 -0.000000 0.041802 0.959052 0.280129 0.971700 -0.277915 -0.258148 0.925269 -0.000000 0.000000 0.000000 0.000000 1.000000
0.960647 -0.116573 0.252126 0.000000 0.044367 0.960416 0.275013 0.971700 -0.274205 -0.253004 0.927793 0.000000 0.000000 0.000000 0.000000 1.000000
0.961781 -0.117248 0.247446 -0.000000 0.047659 0.961572 0.270384 0.971700 -0.269640 -0.248257 0.930410 0.000000 0.000000 0.000000 0.000000 1.000000
0.962849 -0.119791 0.242017 0.000000 0.052677 0.962325 0.266749 0.971700 -0.264853 -0.244091 0.932884 0.000000 0.000000 0.000000 0.000000 1.000000
0.963359 -0.131698 0.233654 0.000000 0.066411 0.961146 0.267934 0.971700 -0.259862 -0.242600 0.934675 0.000000 0.000000 0.000000 0.000000 1.000000
0.962711 -0.155895 0.221100 -0.000000 0.091758 0.956989 0.275231 0.971700 -0.254497 -0.244680 0.935608 0.000000 0.000000 0.000000 0.000000 1.000000
0.961648 -0.180252 0.206744 0.000000 0.117575 0.951881 0.283017 0.971700 -0.247810 -0.247855 0.936567 0.000000 0.000000 0.000000 0.000000 1.000000
0.961765 -0.200927 0.186107 0.000000 0.140830 0.945635 0.293157 0.971700 -0.234893 -0.255739 0.937776 0.000000 0.000000 0.000000 0.000000 1.000000
0.970143 -0.202039 0.134176 0.000000 0.150941 0.935990 0.318026 0.971700 -0.189841 -0.288277 0.938540 0.000000 0.000000 0.000000 0.000000 1.000000
0.977809 -0.191207 0.085616 0.000000 0.152030 0.928795 0.337973 0.971700 -0.144143 -0.317457 0.937253 -0.000000 0.000000 0.000000 0.000000 1.000000
0.984837 -0.165148 0.053128 0.000000 0.137648 0.930257 0.340111 0.971700 -0.105591 -0.327641 0.938883 -0.000000 0.000000 0.000000 0.000000 1.000000
0.989029 -0.143152 0.036466 0.000000 0.122568 0.933004 0.338351 0.971700 -0.082458 -0.330169 0.940313 0.000000 0.000000 0.000000 0.000000 1.000000
0.990758 -0.130672 0.036372 0.000000 0.112453 0.941253 0.318428 0.971700 -0.075845 -0.311395 0.947249 0.000000 0.000000 0.000000 0.000000 1.000000
0.992503 -0.115909 0.038770 0.000000 0.099823 0.951787 0.290065 0.971700 -0.070522 -0.284020 0.956221 0.000000 0.000000 0.000000 0.000000 1.000000
0.994531 -0.096459 0.040060 -0.000000 0.083004 0.962724 0.257434 0.971700 -0.063398 -0.252701 0.965465 0.000000 0.000000 0.000000 0.000000 1.000000
0.996444 -0.074176 0.039979 0.000000 0.063414 0.972551 0.223882 0.971700 -0.055488 -0.220551 0.973796 -0.000000 0.000000 0.000000 0.000000 1.000000
0.998259 -0.046975 0.035672 0.000000 0.039292 0.980645 0.191811 0.971700 -0.043992 -0.190075 0.980783 -0.000000 0.000000 0.000000 0.000000 1.000000
0.999396 -0.017408 0.030084 0.000000 0.012489 0.987584 0.156592 0.971700 -0.032436 -0.156122 0.987205 0.000000 0.000000 0.000000 0.000000 1.000000
0.999601 0.012157 0.025502 0.000000 -0.014951 0.993553 0.112382 0.971700 -0.023971 -0.112718 0.993338 0.000000 0.000000 0.000000 0.000000 1.000000
0.999013 0.039858 0.019593 0.000000 -0.041148 0.996659 0.070559 0.971700 -0.016715 -0.071296 0.997315 -0.000000 0.000000 0.000000 0.000000 1.000000</float_array><technique_common><accessor source="#mixamorig_Neck-Matrix-animation-output-transform-array" count="35" stride="16"><param type="float4x4"/></accessor></technique_common></source><source id="mixamorig_Neck-Interpolations"><Name_array id="mixamorig_Neck-Interpolations-array" count="35">
 LINEAR LINEAR LINEAR LINEAR LINEAR LINEAR LINEAR LINEAR LINEAR LINEAR LINEAR
LINEAR LINEAR LINEAR LINEAR LINEAR LINEAR LINEAR LINEAR LINEAR LINEAR LINEAR LINEAR
LINEAR LINEAR LINEAR LINEAR LINEAR LINEAR LINEAR LINEAR LINEAR LINEAR LINEAR LINEAR</Name_array><technique_common><accessor source="#mixamorig_Neck-Interpolations-array" count="35"><param type="name"/></accessor></technique_common></source><sampler id="mixamorig_Neck-Matrix-animation-transform"><input semantic="INPUT" source="#mixamorig_Neck-Matrix-animation-input"/><input semantic="OUTPUT" source="#mixamorig_Neck-Matrix-animation-output-transform"/><input semantic="INTERPOLATION" source="#mixamorig_Neck-Interpolations"/></sampler><channel source="#mixamorig_Neck-Matrix-animation-transform" target="mixamorig_Neck/matrix"/></animation>
    <animation id="mixamorig_Head-anim" name="mixamorig_Head"><source id="mixamorig_Head-Matrix-animation-input"><float_array id="mixamorig_Head-Matrix-animation-input-array" count="35">

0.000000 0.033333 0.066667 0.100000 0.133333 0.166667 0.200000 0.233333 0.266667 0.300000 0.333333 0.366667 0.400000 0.433333 0.466667 0.500000
0.533333 0.566667 0.600000 0.633333 0.666667 0.700000 0.733333 0.766667 0.800000 0.833333 0.866667 0.900000 0.933333 0.966667 1.000000 1.033333
1.066667 1.100000 1.133333</float_array><technique_common><accessor source="#mixamorig_Head-Matrix-animation-input-array" count="35"><param name="TIME" type="float"/></accessor></technique_common></source><source id="mixamorig_Head-Matrix-animation-output-transform"><float_array id="mixamorig_Head-Matrix-animation-output-transform-array" count="560">

0.989033 -0.057017 0.136242 0.000000 0.088931 0.966406 -0.241146 0.564100 -0.117916 0.250617 0.960878 -0.072900 0.000000 0.000000 0.000000 1.000000
0.993669 -0.024739 0.109593 0.000000 0.051552 0.967102 -0.249112 0.564100 -0.099825 0.253185 0.962254 -0.072900 0.000000 0.000000 0.000000 1.000000
0.995809 0.003494 0.091386 0.000000 0.019770 0.967416 -0.252418 0.564100 -0.089290 0.253167 0.963293 -0.072900 0.000000 0.000000 0.000000 1.000000
0.994928 0.015164 0.099436 0.000000 0.010853 0.966615 -0.256003 0.564100 -0.099999 0.255784 0.961548 -0.072900 0.000000 0.000000 0.000000 1.000000
0.987983 0.025350 0.152469 0.000000 0.014842 0.966340 -0.256840 0.564100 -0.153848 0.256017 0.954351 -0.072900 0.000000 0.000000 0.000000 1.000000
0.972984 0.056237 0.223919 -0.000000 -0.002029 0.971925 -0.235282 0.564100 -0.230864 0.228472 0.945782 -0.072900 0.000000 0.000000 0.000000 1.000000
0.946058 0.085902 0.312401 -0.000000 -0.026301 0.981392 -0.190207 0.564100 -0.322927 0.171731 0.930713 -0.072900 0.000000 0.000000 0.000000 1.000000
0.894189 0.097403 0.436966 0.000000 -0.031549 0.987328 -0.155524 0.564100 -0.446578 0.125282 0.885931 -0.072900 0.000000 0.000000 0.000000 1.000000
0.836210 0.118509 0.535452 0.000000 -0.049554 0.988706 -0.141438 0.564100 -0.546166 0.091738 0.832638 -0.072900 0.000000 0.000000 0.000000 1.000000
0.793736 0.153552 0.588562 0.000000 -0.080231 0.985587 -0.148934 0.564100 -0.602948 0.070993 0.794616 -0.072900 0.000000 0.000000 0.000000 1.000000
0.767858 0.184158 0.613579 0.000000 -0.103174 0.980837 -0.165269 0.564100 -0.632257 0.063598 0.772144 -0.072900 0.000000 0.000000 0.000000 1.000000
0.776373 0.194203 0.599608 0.000000 -0.099619 0.977198 -0.187511 0.564100 -0.622351 0.085846 0.778017 -0.072900 0.000000 0.000000 0.000000 1.000000
0.791016 0.195421 0.579745 -0.000000 -0.089989 0.974471 -0.205692 0.564100 -0.605141 0.110535 0.788408 -0.072900 0.000000 0.000000 0.000000 1.000000
0.794014 0.195466 0.575617 0.000000 -0.089435 0.974153 -0.207432 0.564100 -0.601285 0.113223 0.790972 -0.072900 0.000000 0.000000 0.000000 1.000000
0.787652 0.182504 0.588469 -0.000000 -0.077880 0.976952 -0.198745 0.564100 -0.611178 0.110712 0.783712 -0.072900 0.000000 0.000000 0.000000 1.000000
0.785950 0.186329 0.589546 0.000000 -0.078670 0.975897 -0.203558 0.564100 -0.613265 0.113607 0.781665 -0.072900 0.000000 0.000000 0.000000 1.000000
0.793003 0.187457 0.579661 -0.000000 -0.076501 0.974592 -0.210517 0.564100 -0.604396 0.122596 0.787195 -0.072900 0.000000 0.000000 0.000000 1.000000
0.801826 0.187393 0.567415 -0.000000 -0.073443 0.973261 -0.217643 0.564100 -0.593028 0.132840 0.794149 -0.072900 0.000000 0.000000 0.000000 1.000000
0.812302 0.186409 0.552646 0.000000 -0.070348 0.971946 -0.224439 0.564100 -0.578979 0.143434 0.802627 -0.072900 0.000000 0.000000 0.000000 1.000000
0.830250 0.181674 0.526952 0.000000 -0.067161 0.971110 -0.228986 0.564100 -0.553330 0.154725 0.818466 -0.072900 0.000000 0.000000 0.000000 1.000000
