<?xml version="1.0" encoding="utf-8"?>
<COLLADA xmlns="http://www.collada.org/2005/11/COLLADASchema" version="1.4.1">
  <asset><contributor><author>Mixamo</author><authoring_tool>COLLADA Mixamo exporter</authoring_tool><comments></comments></contributor><created>2020-03-17T20:27:47Z</created><modified>2020-03-17T20:27:47Z</modified><revision></revision><title></title><unit meter="0.010000"/><up_axis>Y_UP</up_axis></asset>
  <library_animations>
    <animation id="mixamorig_Hips-anim" name="mixamorig_Hips"><source id="mixamorig_Hips-Matrix-animation-input"><float_array id="mixamorig_Hips-Matrix-animation-input-array" count="36">

0.000000 0.033333 0.066667 0.100000 0.133333 0.166667 0.200000 0.233333 0.266667 0.300000 0.333333 0.366667 0.400000 0.433333 0.466667 0.500000
0.533333 0.566667 0.600000 0.633333 0.666667 0.700000 0.733333 0.766667 0.800000 0.833333 0.866667 0.900000 0.933333 0.966667 1.000000 1.033333
1.066667 1.100000 1.133333 1.166667</float_array><technique_common><accessor source="#mixamorig_Hips-Matrix-animation-input-array" count="36"><param name="TIME" type="float"/></accessor></technique_common></source><source id="mixamorig_Hips-Matrix-animation-output-transform"><float_array id="mixamorig_Hips-Matrix-animation-output-transform-array" count="576">

-0.981865 0.063638 0.178582 0.150786 0.117894 0.942646 0.312281 3.716933 -0.148466 0.327672 -0.933054 -0.033019 0.000000 0.000000 0.000000 1.000000
-0.967312 0.149738 0.204662 0.220148 0.224547 0.880790 0.416878 3.550920 -0.117842 0.449208 -0.885622 0.085509 0.000000 0.000000 0.000000 1.000000
-0.956009 0.223424 0.190073 0.240000 0.291496 0.796055 0.530402 3.315332 -0.032804 0.562474 -0.826164 0.205987 0.000000 0.000000 0.000000 1.000000
-0.948791 0.274247 0.156794 0.243210 0.308173 0.694381 0.650281 3.027057 0.069463 0.665300 -0.743338 0.195937 0.000000 0.000000 0.000000 1.000000
-0.941721 0.309462 0.131890 0.226893 0.295760 0.574873 0.762920 2.822728 0.160275 0.757465 -0.632897 0.233846 0.000000 0.000000 0.000000 1.000000
-0.938324 0.322752 0.124015 0.179973 0.264716 0.439849 0.858172 2.730294 0.222429 0.838071 -0.498158 0.394778 0.000000 0.000000 0.000000 1.000000
-0.929649 0.338624 0.145213 0.168066 0.248985 0.286865 0.925049 2.737578 0.271587 0.896126 -0.350996 0.607586 0.000000 0.000000 0.000000 1.000000
-0.908427 0.364407 0.204863 0.210672 0.265875 0.125458 0.955809 2.781107 0.322601 0.922750 -0.210856 0.757268 0.000000 0.000000 0.000000 1.000000
-0.906453 0.368596 0.206109 0.246899 0.213203 -0.021869 0.976763 2.902965 0.364538 0.929332 -0.058763 0.961090 0.000000 0.000000 0.000000 1.000000
-0.916972 0.371433 0.145602 0.326879 0.096698 -0.147154 0.984376 3.025004 0.387056 0.916724 0.099019 1.216078 0.000000 0.000000 0.000000 1.000000
-0.922445 0.382305 0.054209 0.425236 -0.041449 -0.237619 0.970474 3.061901 0.383898 0.892961 0.235037 1.459183 0.000000 0.000000 0.000000 1.000000
-0.916238 0.393316 -0.076224 0.467668 -0.206385 -0.300302 0.931249 3.065267 0.343385 0.868977 0.356322 1.614196 0.000000 0.000000 0.000000 1.000000
-0.886383 0.410893 -0.213287 0.470209 -0.370501 -0.353363 0.858990 3.045663 0.277585 0.840417 0.465452 1.740711 0.000000 0.000000 0.000000 1.000000
-0.831839 0.440348 -0.337844 0.444162 -0.520712 -0.408495 0.749660 3.072984 0.192104 0.799516 0.569097 1.939181 0.000000 0.000000 0.000000 1.000000
-0.756045 0.482964 -0.441749 0.395933 -0.650726 -0.482084 0.586644 3.143079 0.070368 0.730987 0.678754 2.241184 0.000000 0.000000 0.000000 1.000000
-0.681056 0.508039 -0.527313 0.398508 -0.724493 -0.571956 0.384676 3.180742 -0.106170 0.644021 0.757605 2.656016 0.000000 0.000000 0.000000 1.000000
-0.603949 0.529461 -0.595749 0.332574 -0.735969 -0.657382 0.161863 3.017295 -0.305934 0.536209 0.786692 3.123026 0.000000 0.000000 0.000000 1.000000
-0.540653 0.545474 -0.640432 0.228942 -0.643030 -0.758820 -0.103461 2.657311 -0.542408 0.355880 0.761015 3.437343 0.000000 0.000000 0.000000 1.000000
-0.481936 0.572210 -0.663561 0.080641 -0.400098 -0.817462 -0.414339 2.239962 -0.779525 0.065805 0.622905 3.601620 0.000000 0.000000 0.000000 1.000000
-0.442185 0.606660 -0.660633 -0.056016 -0.032095 -0.746785 -0.664291 1.757377 -0.896349 -0.272536 0.349688 3.704243 0.000000 0.000000 0.000000 1.000000
-0.429686 0.637114 -0.639887 -0.159011 0.335061 -0.545553 -0.768183 1.356326 -0.838513 -0.544479 0.020944 3.795136 0.000000 0.000000 0.000000 1.000000
-0.436674 0.639633 -0.632603 -0.315748 0.633484 -0.280659 -0.721060 0.949481 -0.638760 -0.715612 -0.282641 3.760038 0.000000 0.000000 0.000000 1.000000
-0.459706 0.589622 -0.664090 -0.480311 0.821317 -0.002169 -0.570469 0.874911 -0.337801 -0.807676 -0.483270 3.565310 0.000000 0.000000 0.000000 1.000000
-0.466979 0.500260 -0.729157 -0.638913 0.883488 0.298590 -0.360962 0.941986 0.037144 -0.812763 -0.581409 3.199195 0.000000 0.000000 0.000000 1.000000
-0.430776 0.417226 -0.800221 -0.728807 0.810813 0.568269 -0.140189 0.969035 0.396251 -0.709220 -0.583089 2.836896 0.000000 0.000000 0.000000 1.000000
-0.368287 0.357737 -0.858131 -0.726690 0.640672 0.766519 0.044586 1.006918 0.673724 -0.533360 -0.511491 2.537549 0.000000 0.000000 0.000000 1.000000
-0.323129 0.310741 -0.893884 -0.746362 0.465476 0.874585 0.135768 1.079007 0.823966 -0.372211 -0.427246 2.304055 0.000000 0.000000 0.000000 1.000000
-0.319313 0.269839 -0.908420 -0.797233 0.333870 0.929173 0.158647 1.237828 0.886888 -0.252637 -0.386788 2.047078 0.000000 0.000000 0.000000 1.000000
-0.360880 0.232595 -0.903142 -0.809530 0.239541 0.959029 0.151271 1.497498 0.901325 -0.161748 -0.401810 1.721121 0.000000 0.000000 0.000000 1.000000
-0.445871 0.204641 -0.871390 -0.793470 0.172105 0.974950 0.140899 1.793211 0.878396 -0.087148 -0.469922 1.338489 0.000000 0.000000 0.000000 1.000000
-0.572247 0.183227 -0.799351 -0.705426 0.118704 0.982963 0.140335 2.142978 0.811445 -0.014580 -0.584247 0.989874 0.000000 0.000000 0.000000 1.000000
-0.716280 0.169253 -0.676976 -0.536877 0.082912 0.983910 0.158264 2.507000 0.692869 0.057232 -0.718788 0.719549 0.000000 0.000000 0.000000 1.000000
-0.867709 0.149738 -0.473982 -0.272652 0.060740 0.978343 0.197878 2.831817 0.493347 0.142911 -0.858013 0.507516 0.000000 0.000000 0.000000 1.000000
-0.968732 0.121388 -0.216385 -0.014085 0.066964 0.967695 0.243068 3.167382 0.238900 0.220978 -0.945566 0.318257 0.000000 0.000000 0.000000 1.000000
-0.995137 0.087324 0.045571 0.125230 0.096767 0.953106 0.286749 3.506281 -0.018394 0.289765 -0.956921 0.142823 0.000000 0.000000 0.000000 1.000000
-0.963984 0.045997 0.261952 0.236412 0.134452 0.934085 0.330768 3.875958 -0.229471 0.354075 -0.906628 -0.020591 0.000000 0.000000 0.000000 1.000000</float_array><technique_common><accessor source="#mixamorig_Hips-Matrix-animation-output-transform-array" count="36" stride="16"><param type="float4x4"/></accessor></technique_common></source><source id="mixamorig_Hips-Interpolations"><Name_array id="mixamorig_Hips-Interpolations-array" count="36">
 LINEAR LINEAR LINEAR LINEAR LINEAR LINEAR LINEAR LINEAR LINEAR LINEAR LINEAR
LINEAR LINEAR LINEAR LINEAR LINEAR LINEAR LINEAR LINEAR LINEAR LINEAR LINEAR LINEAR
LINEAR LINEAR LINEAR LINEAR LINEAR LINEAR LINEAR LINEAR LINEAR LINEAR LINEAR LINEAR
LINEAR</Name_array><technique_common><accessor source="#mixamorig_Hips-Interpolations-array" count="36"><param type="name"/></accessor></technique_common></source><sampler id="mixamorig_Hips-Matrix-animation-transform"><input semantic="INPUT" source="#mixamorig_Hips-Matrix-animation-input"/><input semantic="OUTPUT" source="#mixamorig_Hips-Matrix-animation-output-transform"/><input semantic="INTERPOLATION" source="#mixamorig_Hips-Interpolations"/></sampler><channel source="#mixamorig_Hips-Matrix-animation-transform" target="mixamorig_Hips/matrix"/></animation>
    <animation id="mixamorig_Spine-anim" name="mixamorig_Spine"><source id="mixamorig_Spine-Matrix-animation-input"><float_array id="mixamorig_Spine-Matrix-animation-input-array" count="36">

0.000000 0.033333 0.066667 0.100000 0.133333 0.166667 0.200000 0.233333 0.266667 0.300000 0.333333 0.366667 0.400000 0.433333 0.466667 0.500000
0.533333 0.566667 0.600000 0.633333 0.666667 0.700000 0.733333 0.766667 0.800000 0.833333 0.866667 0.900000 0.933333 0.966667 1.000000 1.033333
1.066667 1.100000 1.133333 1.166667</float_array><technique_common><accessor source="#mixamorig_Spine-Matrix-animation-input-array" count="36"><param name="TIME" type="float"/></accessor></technique_common></source><source id="mixamorig_Spine-Matrix-animation-output-transform"><float_array id="mixamorig_Spine-Matrix-animation-output-transform-array" count="576">

0.993380 0.108511 0.037712 -0.000000 -0.099845 0.977897 -0.183709 0.620300 -0.056813 0.178728 0.982257 0.186600 0.000000 0.000000 0.000000 1.000000
0.995072 0.094399 0.030333 0.000000 -0.086673 0.976707 -0.196294 0.620300 -0.048157 0.192697 0.980076 0.186600 0.000000 0.000000 0.000000 1.000000
0.997211 0.073993 0.009760 -0.000000 -0.070339 0.975479 -0.208550 0.620300 -0.024952 0.207282 0.977963 0.186600 0.000000 0.000000 0.000000 1.000000
0.998864 0.044863 -0.016061 0.000000 -0.047289 0.974741 -0.218276 0.620300 0.005863 0.218788 0.975755 0.186600 0.000000 0.000000 0.000000 1.000000
0.998938 0.021039 -0.040997 0.000000 -0.029844 0.973272 -0.227708 0.620300 0.035110 0.228690 0.972866 0.186600 0.000000 0.000000 0.000000 1.000000
0.997923 -0.007922 -0.063925 0.000000 -0.007781 0.970316 -0.241716 0.620300 0.063943 0.241711 0.968239 0.186600 0.000000 0.000000 0.000000 1.000000
0.996560 -0.022274 -0.079824 0.000000 0.000784 0.965693 -0.259686 0.620300 0.082870 0.258730 0.962388 0.186600 0.000000 0.000000 0.000000 1.000000
0.997405 -0.013930 -0.070636 -0.000000 -0.006097 0.961235 -0.275662 0.620300 0.071738 0.275377 0.958656 0.186600 0.000000 0.000000 0.000000 1.000000
0.998458 -0.011554 -0.054301 0.000000 -0.004510 0.957992 -0.286760 0.620300 0.055333 0.286563 0.956462 0.186600 0.000000 0.000000 0.000000 1.000000
0.999428 0.015778 -0.029903 -0.000000 -0.023819 0.956271 -0.291510 0.620300 0.023996 0.292056 0.956100 0.186600 0.000000 0.000000 0.000000 1.000000
0.999172 0.039108 -0.011222 -0.000000 -0.040682 0.956094 -0.290223 0.620300 -0.000621 0.290439 0.956893 0.186600 0.000000 0.000000 0.000000 1.000000
0.999249 0.034304 -0.017999 0.000000 -0.038002 0.958232 -0.283456 0.620300 0.007524 0.283927 0.958816 0.186600 0.000000 0.000000 0.000000 1.000000
0.999125 0.023244 -0.034780 0.000000 -0.032027 0.959898 -0.278513 0.620300 0.026912 0.279383 0.959803 0.186600 0.000000 0.000000 0.000000 1.000000
0.998386 0.018708 -0.053626 0.000000 -0.032821 0.960619 -0.275925 0.620300 0.046352 0.277240 0.959682 0.186600 0.000000 0.000000 0.000000 1.000000
0.997520 0.010509 -0.069596 0.000000 -0.028927 0.962637 -0.269245 0.620300 0.064166 0.270591 0.960554 0.186600 0.000000 0.000000 0.000000 1.000000
0.997902 -0.006539 -0.064410 0.000000 -0.010055 0.967161 -0.253965 0.620300 0.063955 0.254080 0.965066 0.186600 0.000000 0.000000 0.000000 1.000000
0.998918 -0.020112 -0.041931 0.000000 0.009885 0.972874 -0.231125 0.620300 0.045442 0.230460 0.972020 0.186600 0.000000 0.000000 0.000000 1.000000
0.999543 -0.022317 -0.020368 0.000000 0.017705 0.978870 -0.203715 0.620300 0.024484 0.203262 0.978818 0.186600 0.000000 0.000000 0.000000 1.000000
0.999663 -0.019391 -0.017281 0.000000 0.016152 0.985131 -0.171046 0.620300 0.020341 0.170710 0.985111 0.186600 0.000000 0.000000 0.000000 1.000000
0.999569 -0.010642 -0.027368 0.000000 0.006693 0.990053 -0.140534 0.620300 0.028591 0.140290 0.989698 0.186600 0.000000 0.000000 0.000000 1.000000
0.999216 0.012848 -0.037459 0.000000 -0.017614 0.991382 -0.129810 0.620300 0.035469 0.130368 0.990831 0.186600 0.000000 0.000000 0.000000 1.000000
0.997820 0.043280 -0.049826 0.000000 -0.049767 0.989274 -0.137331 0.620300 0.043347 0.139511 0.989271 0.186600 0.000000 0.000000 0.000000 1.000000
0.996104 0.068273 -0.055812 0.000000 -0.075926 0.985909 -0.149059 0.620300 0.044849 0.152716 0.987252 0.186600 0.000000 0.000000 0.000000 1.000000
0.995642 0.072210 -0.059009 0.000000 -0.080802 0.983915 -0.159316 0.620300 0.046556 0.163390 0.985463 0.186600 0.000000 0.000000 0.000000 1.000000
0.995109 0.076615 -0.062349 0.000000 -0.085855 0.982989 -0.162362 0.620300 0.048849 0.166921 0.984759 0.186600 0.000000 0.000000 0.000000 1.000000
0.994781 0.075044 -0.069132 0.000000 -0.085368 0.983241 -0.161089 0.620300 0.055885 0.166149 0.984516 0.186600 0.000000 0.000000 0.000000 1.000000
0.994030 0.072998 -0.081093 0.000000 -0.085080 0.983892 -0.157221 0.620300 0.068310 0.163182 0.984228 0.186600 0.000000 0.000000 0.000000 1.000000
0.992360 0.076136 -0.097078 0.000000 -0.090282 0.984430 -0.150821 0.620300 0.084083 0.158433 0.983783 0.186600 0.000000 0.000000 0.000000 1.000000
0.990028 0.082230 -0.114383 0.000000 -0.098380 0.984736 -0.143584 0.620300 0.100831 0.153405 0.983006 0.186600 0.000000 0.000000 0.000000 1.000000
0.987484 0.092704 -0.127601 -0.000000 -0.110096 0.984463 -0.136787 0.620300 0.112938 0.149123 0.982348 0.186600 0.000000 0.000000 0.000000 1.000000
0.986611 0.109874 -0.120530 0.000000 -0.125610 0.983280 -0.131846 0.620300 0.104028 0.145220 0.983915 0.186600 0.000000 0.000000 0.000000 1.000000
0.986243 0.132695 -0.098575 0.000000 -0.145035 0.980733 -0.130876 0.620300 0.079309 0.143372 0.986486 0.186600 0.000000 0.000000 0.000000 1.000000
0.989158 0.131943 -0.064484 0.000000 -0.140026 0.979722 -0.143307 0.620300 0.044268 0.150783 0.987575 0.186600 0.000000 0.000000 0.000000 1.000000
0.992322 0.120644 -0.027240 0.000000 -0.123460 0.979373 -0.159958 0.620300 0.007380 0.162093 0.986748 0.186600 0.000000 0.000000 0.000000 1.000000
0.993679 0.111577 0.012328 0.000000 -0.107707 0.978592 -0.175377 0.620300 -0.031633 0.172940 0.984424 0.186600 0.000000 0.000000 0.000000 1.000000
0.992675 0.108658 0.052821 0.000000 -0.096866 0.977084 -0.189534 0.620300 -0.072205 0.183029 0.980452 0.186600 0.000000 0.000000 0.000000 1.000000</float_array><technique_common><accessor source="#mixamorig_Spine-Matrix-animation-output-transform-array" count="36" stride="16"><param type="float4x4"/></accessor></technique_common></source><source id="mixamorig_Spine-Interpolations"><Name_array id="mixamorig_Spine-Interpolations-array" count="36">
 LINEAR LINEAR LINEAR LINEAR LINEAR LINEAR LINEAR LINEAR LINEAR LINEAR LINEAR
LINEAR LINEAR LINEAR LINEAR LINEAR LINEAR LINEAR LINEAR LINEAR LINEAR LINEAR LINEAR
LINEAR LINEAR LINEAR LINEAR LINEAR LINEAR LINEAR LINEAR LINEAR LINEAR LINEAR LINEAR
LINEAR</Name_array><technique_common><accessor source="#mixamorig_Spine-Interpolations-array" count="36"><param type="name"/></accessor></technique_common></source><sampler id="mixamorig_Spine-Matrix-animation-transform"><input semantic="INPUT" source="#mixamorig_Spine-Matrix-animation-input"/><input semantic="OUTPUT" source="#mixamorig_Spine-Matrix-animation-output-transform"/><input semantic="INTERPOLATION" source="#mixamorig_Spine-Interpolations"/></sampler><channel source="#mixamorig_Spine-Matrix-animation-transform" target="mixamorig_Spine/matrix"/></animation>
    <animation id="mixamorig_Spine1-anim" name="mixamorig_Spine1"><source id="mixamorig_Spine1-Matrix-animation-input"><float_array id="mixamorig_Spine1-Matrix-animation-input-array" count="36">

0.000000 0.033333 0.066667 0.100000 0.133333 0.166667 0.200000 0.233333 0.266667 0.300000 0.333333 0.366667 0.400000 0.433333 0.466667 0.500000
0.533333 0.566667 0.600000 0.633333 0.666667 0.700000 0.733333 0.766667 0.800000 0.833333 0.866667 0.900000 0.933333 0.966667 1.000000 1.033333
1.066667 1.100000 1.133333 1.166667</float_array><technique_common><accessor source="#mixamorig_Spine1-Matrix-animation-input-array" count="36"><param name="TIME" type="float"/></accessor></technique_common></source><source id="mixamorig_Spine1-Matrix-animation-output-transform"><float_array id="mixamorig_Spine1-Matrix-animation-output-transform-array" count="576">

0.989878 0.108622 0.091344 0.000000 -0.126098 0.968477 0.214829 0.755700 -0.065129 -0.224173 0.972371 0.000000 0.000000 0.000000 0.000000 1.000000
0.995384 0.078800 0.054785 -0.000000 -0.087891 0.977731 0.190572 0.755700 -0.038548 -0.194508 0.980143 0.000000 0.000000 0.000000 0.000000 1.000000
0.999188 0.038181 0.012831 0.000000 -0.039778 0.985466 0.165150 0.755700 -0.006339 -0.165527 0.986185 -0.000000 0.000000 0.000000 0.000000 1.000000
0.999337 0.011625 -0.034504 0.000000 -0.006568 0.989672 0.143202 0.755700 0.035813 -0.142881 0.989092 -0.000000 0.000000 0.000000 0.000000 1.000000
0.996618 0.007082 -0.081873 0.000000 0.003047 0.992409 0.122944 0.755700 0.082123 -0.122777 0.989031 -0.000000 0.000000 0.000000 0.000000 1.000000
0.993243 0.006866 -0.115853 0.000000 0.004303 0.995383 0.095890 0.755700 0.115977 -0.095740 0.988627 0.000000 0.000000 0.000000 0.000000 1.000000
0.992194 -0.002393 -0.124682 -0.000000 0.009897 0.998173 0.059603 0.755700 0.124312 -0.060372 0.990405 0.000000 0.000000 0.000000 0.000000 1.000000
0.994139 -0.010623 -0.107585 0.000000 0.013400 0.999595 0.025122 0.755700 0.107275 -0.026416 0.993878 0.000000 0.000000 0.000000 0.000000 1.000000
0.995730 -0.017025 -0.090726 0.000000 0.017264 0.999849 0.001852 0.755700 0.090681 -0.003410 0.995874 0.000000 0.000000 0.000000 0.000000 1.000000
0.996227 -0.018894 -0.084709 0.000000 0.018175 0.999792 -0.009251 0.755700 0.084866 0.007677 0.996363 -0.000000 0.000000 0.000000 0.000000 1.000000
0.995958 -0.018623 -0.087865 0.000000 0.018084 0.999812 -0.006932 0.755700 0.087978 0.005315 0.996108 0.000000 0.000000 0.000000 0.000000 1.000000
0.994673 -0.020046 -0.101115 0.000000 0.020817 0.999762 0.006571 0.755700 0.100959 -0.008641 0.994853 0.000000 0.000000 0.000000 0.000000 1.000000
0.991608 -0.021284 -0.127515 0.000000 0.023502 0.999597 0.015918 0.755700 0.127125 -0.018781 0.991709 -0.000000 0.000000 0.000000 0.000000 1.000000
0.986886 -0.020997 -0.160047 0.000000 0.024492 0.999502 0.019900 0.755700 0.159549 -0.023559 0.986909 -0.000000 0.000000 0.000000 0.000000 1.000000
0.983651 -0.025070 -0.178331 0.000000 0.031417 0.998966 0.032860 0.755700 0.177323 -0.037925 0.983422 0.000000 0.000000 0.000000 0.000000 1.000000
0.985624 -0.040523 -0.164024 0.000000 0.051851 0.996512 0.065382 0.755700 0.160803 -0.072947 0.984287 0.000000 0.000000 0.000000 0.000000 1.000000
0.990318 -0.061046 -0.124671 0.000000 0.075372 0.990660 0.113629 0.755700 0.116570 -0.121925 0.985670 -0.000000 0.000000 0.000000 0.000000 1.000000
0.994420 -0.064677 -0.083338 0.000000 0.078201 0.982184 0.170877 0.755700 0.070802 -0.176441 0.981762 0.000000 0.000000 0.000000 0.000000 1.000000
0.997695 -0.042451 -0.052934 0.000000 0.053867 0.969903 0.237457 0.755700 0.041261 -0.239761 0.969955 0.000000 0.000000 0.000000 0.000000 1.000000
0.998996 -0.006676 -0.044309 0.000000 0.019583 0.954452 0.297721 0.755700 0.040303 -0.298290 0.953624 -0.000000 0.000000 0.000000 0.000000 1.000000
0.997034 0.034912 -0.068594 0.000000 -0.011282 0.947873 0.318450 0.755700 0.076136 -0.316731 0.945455 0.000000 0.000000 0.000000 0.000000 1.000000
0.991149 0.087258 -0.100044 0.000000 -0.053001 0.951062 0.304422 0.755700 0.121711 -0.296425 0.947269 0.000000 0.000000 0.000000 0.000000 1.000000
0.985249 0.131092 -0.109995 0.000000 -0.095452 0.954485 0.282573 0.755700 0.142032 -0.267906 0.952918 0.000000 0.000000 0.000000 0.000000 1.000000
0.984848 0.133358 -0.110859 0.000000 -0.100417 0.959718 0.262407 0.755700 0.141388 -0.247299 0.958568 0.000000 0.000000 0.000000 0.000000 1.000000
0.985760 0.121268 -0.116495 0.000000 -0.088329 0.962913 0.254944 0.755700 0.143091 -0.241024 0.959913 0.000000 0.000000 0.000000 0.000000 1.000000
0.985414 0.116278 -0.124252 0.000000 -0.081251 0.963030 0.256848 0.755700 0.149524 -0.243006 0.958431 0.000000 0.000000 0.000000 0.000000 1.000000
0.984111 0.116922 -0.133619 0.000000 -0.078358 0.961313 0.264079 0.755700 0.159327 -0.249413 0.955201 0.000000 0.000000 0.000000 0.000000 1.000000
0.981243 0.128710 -0.143514 0.000000 -0.085127 0.957245 0.276469 0.755700 0.172962 -0.259066 0.950247 -0.000000 0.000000 0.000000 0.000000 1.000000
0.977342 0.146557 -0.152722 0.000000 -0.097316 0.951864 0.290663 0.755700 0.187969 -0.269215 0.944559 0.000000 0.000000 0.000000 0.000000 1.000000
0.972951 0.167459 -0.159132 0.000000 -0.113128 0.945991 0.303815 0.755700 0.201414 -0.277594 0.939347 -0.000000 0.000000 0.000000 0.000000 1.000000
0.969180 0.187773 -0.159475 0.000000 -0.130741 0.940691 0.313060 0.755700 0.208801 -0.282561 0.936249 -0.000000 0.000000 0.000000 0.000000 1.000000
0.968311 0.201634 -0.147367 0.000000 -0.147504 0.937882 0.314040 0.755700 0.201534 -0.282351 0.937903 0.000000 0.000000 0.000000 0.000000 1.000000
0.976364 0.191771 -0.099688 0.000000 -0.155612 0.943817 0.291538 0.755700 0.149996 -0.269134 0.951351 -0.000000 0.000000 0.000000 0.000000 1.000000
0.985759 0.165000 -0.032483 0.000000 -0.151068 0.953713 0.260021 0.755700 0.073883 -0.251410 0.965057 -0.000000 0.000000 0.000000 0.000000 1.000000
0.990421 0.130195 0.046004 0.000000 -0.137337 0.963386 0.230271 0.755700 -0.014340 -0.234384 0.972038 0.000000 0.000000 0.000000 0.000000 1.000000
0.988016 0.093174 0.123057 -0.000000 -0.117126 0.971819 0.204573 0.755700 -0.100528 -0.216535 0.971085 0.000000 0.000000 0.000000 0.000000 1.000000</float_array><technique_common><accessor source="#mixamorig_Spine1-Matrix-animation-output-transform-array" count="36" stride="16"><param type="float4x4"/></accessor></technique_common></source><source id="mixamorig_Spine1-Interpolations"><Name_array id="mixamorig_Spine1-Interpolations-array" count="36">
 LINEAR LINEAR LINEAR LINEAR LINEAR LINEAR LINEAR LINEAR LINEAR LINEAR LINEAR
LINEAR LINEAR LINEAR LINEAR LINEAR LINEAR LINEAR LINEAR LINEAR LINEAR LINEAR LINEAR
LINEAR LINEAR LINEAR LINEAR LINEAR LINEAR LINEAR LINEAR LINEAR LINEAR LINEAR LINEAR
LINEAR</Name_array><technique_common><accessor source="#mixamorig_Spine1-Interpolations-array" count="36"><param type="name"/></accessor></technique_common></source><sampler id="mixamorig_Spine1-Matrix-animation-transform"><input semantic="INPUT" source="#mixamorig_Spine1-Matrix-animation-input"/><input semantic="OUTPUT" source="#mixamorig_Spine1-Matrix-animation-output-transform"/><input semantic="INTERPOLATION" source="#mixamorig_Spine1-Interpolations"/></sampler><channel source="#mixamorig_Spine1-Matrix-animation-transform" target="mixamorig_Spine1/matrix"/></animation>
    <animation id="mixamorig_Spine2-anim" name="mixamorig_Spine2"><source id="mixamorig_Spine2-Matrix-animation-input"><float_array id="mixamorig_Spine2-Matrix-animation-input-array" count="36">

0.000000 0.033333 0.066667 0.100000 0.133333 0.166667 0.200000 0.233333 0.266667 0.300000 0.333333 0.366667 0.400000 0.433333 0.466667 0.500000
0.533333 0.566667 0.600000 0.633333 0.666667 0.700000 0.733333 0.766667 0.800000 0.833333 0.866667 0.900000 0.933333 0.966667 1.000000 1.033333
1.066667 1.100000 1.133333 1.166667</float_array><technique_common><accessor source="#mixamorig_Spine2-Matrix-animation-input-array" count="36"><param name="TIME" type="float"/></accessor></technique_common></source><source id="mixamorig_Spine2-Matrix-animation-output-transform"><float_array id="mixamorig_Spine2-Matrix-animation-output-transform-array" count="576">

0.989878 0.108622 0.091344 0.000000 -0.126098 0.968477 0.214830 0.863700 -0.065129 -0.224173 0.972371 -0.000000 0.000000 0.000000 0.000000 1.000000
0.995384 0.078800 0.054785 0.000000 -0.087891 0.977731 0.190572 0.863700 -0.038548 -0.194507 0.980143 -0.000000 0.000000 0.000000 0.000000 1.000000
0.999188 0.038181 0.012831 -0.000000 -0.039778 0.985466 0.165150 0.863700 -0.006339 -0.165526 0.986185 -0.000000 0.000000 0.000000 0.000000 1.000000
0.999337 0.011625 -0.034504 0.000000 -0.006568 0.989672 0.143202 0.863700 0.035813 -0.142880 0.989092 0.000000 0.000000 0.000000 0.000000 1.000000
0.996618 0.007083 -0.081873 0.000000 0.003047 0.992409 0.122943 0.863700 0.082122 -0.122777 0.989031 0.000000 0.000000 0.000000 0.000000 1.000000
0.993243 0.006866 -0.115853 0.000000 0.004304 0.995383 0.095889 0.863700 0.115977 -0.095740 0.988627 0.000000 0.000000 0.000000 0.000000 1.000000
0.992194 -0.002393 -0.124682 0.000000 0.009897 0.998173 0.059603 0.863700 0.124312 -0.060372 0.990405 0.000000 0.000000 0.000000 0.000000 1.000000
0.994139 -0.010622 -0.107585 0.000000 0.013399 0.999595 0.025121 0.863700 0.107275 -0.026416 0.993878 0.000000 0.000000 0.000000 0.000000 1.000000
0.995730 -0.017025 -0.090726 0.000000 0.017264 0.999849 0.001852 0.863700 0.090681 -0.003410 0.995874 0.000000 0.000000 0.000000 0.000000 1.000000
0.996227 -0.018894 -0.084709 -0.000000 0.018175 0.999792 -0.009252 0.863700 0.084867 0.007678 0.996363 0.000000 0.000000 0.000000 0.000000 1.000000
0.995958 -0.018623 -0.087866 0.000000 0.018084 0.999812 -0.006932 0.863700 0.087978 0.005316 0.996108 0.000000 0.000000 0.000000 0.000000 1.000000
0.994673 -0.020046 -0.101115 -0.000000 0.020817 0.999762 0.006571 0.863700 0.100959 -0.008641 0.994853 0.000000 0.000000 0.000000 0.000000 1.000000
0.991608 -0.021284 -0.127515 0.000000 0.023502 0.999597 0.015918 0.863700 0.127125 -0.018782 0.991709 0.000000 0.000000 0.000000 0.000000 1.000000
0.986886 -0.020997 -0.160047 0.000000 0.024493 0.999502 0.019900 0.863700 0.159549 -0.023559 0.986909 -0.000000 0.000000 0.000000 0.000000 1.000000
0.983651 -0.025069 -0.178331 0.000000 0.031417 0.998966 0.032860 0.863700 0.177323 -0.037925 0.983422 0.000000 0.000000 0.000000 0.000000 1.000000
0.985624 -0.040523 -0.164025 0.000000 0.051851 0.996512 0.065383 0.863700 0.160803 -0.072947 0.984287 0.000000 0.000000 0.000000 0.000000 1.000000
0.990318 -0.061047 -0.124671 0.000000 0.075372 0.990660 0.113629 0.863700 0.116570 -0.121925 0.985670 0.000000 0.000000 0.000000 0.000000 1.000000
0.994420 -0.064676 -0.083338 0.000000 0.078201 0.982184 0.170877 0.863700 0.070802 -0.176440 0.981762 -0.000000 0.000000 0.000000 0.000000 1.000000
0.997695 -0.042451 -0.052934 0.000000 0.053867 0.969904 0.237456 0.863700 0.041261 -0.239761 0.969955 0.000000 0.000000 0.000000 0.000000 1.000000
0.998996 -0.006676 -0.044309 0.000000 0.019584 0.954452 0.297721 0.863700 0.040304 -0.298289 0.953624 -0.000000 0.000000 0.000000 0.000000 1.000000
0.997034 0.034912 -0.068594 -0.000000 -0.011282 0.947873 0.318450 0.863700 0.076136 -0.316731 0.945455 0.000000 0.000000 0.000000 0.000000 1.000000
0.991149 0.087258 -0.100044 -0.000000 -0.053001 0.951062 0.304422 0.863700 0.121711 -0.296425 0.947269 0.000000 0.000000 0.000000 0.000000 1.000000
0.985249 0.131092 -0.109995 0.000000 -0.095452 0.954485 0.282573 0.863700 0.142032 -0.267906 0.952918 0.000000 0.000000 0.000000 0.000000 1.000000
0.984848 0.133358 -0.110860 0.000000 -0.100417 0.959718 0.262407 0.863700 0.141388 -0.247299 0.958568 0.000000 0.000000 0.000000 0.000000 1.000000
0.985760 0.121269 -0.116495 0.000000 -0.088329 0.962913 0.254944 0.863700 0.143091 -0.241024 0.959913 0.000000 0.000000 0.000000 0.000000 1.000000
0.985414 0.116278 -0.124252 0.000000 -0.081251 0.963030 0.256848 0.863700 0.149524 -0.243006 0.958431 0.000000 0.000000 0.000000 0.000000 1.000000
0.984111 0.116922 -0.133619 0.000000 -0.078358 0.961313 0.264079 0.863700 0.159326 -0.249413 0.955201 0.000000 0.000000 0.000000 0.000000 1.000000
0.981243 0.128710 -0.143514 0.000000 -0.085127 0.957245 0.276469 0.863700 0.172962 -0.259066 0.950247 0.000000 0.000000 0.000000 0.000000 1.000000
0.977342 0.146557 -0.152722 0.000000 -0.097316 0.951864 0.290663 0.863700 0.187969 -0.269215 0.944559 0.000000 0.000000 0.000000 0.000000 1.000000
0.972951 0.167459 -0.159133 0.000000 -0.113128 0.945991 0.303814 0.863700 0.201414 -0.277594 0.939347 0.000000 0.000000 0.000000 0.000000 1.000000
0.969179 0.187773 -0.159475 0.000000 -0.130741 0.940692 0.313060 0.863700 0.208801 -0.282561 0.936249 0.000000 0.000000 0.000000 0.000000 1.000000
0.968311 0.201634 -0.147367 0.000000 -0.147504 0.937882 0.314040 0.863700 0.201534 -0.282351 0.937903 0.000000 0.000000 0.000000 0.000000 1.000000
0.976364 0.191771 -0.099688 0.000000 -0.155612 0.943817 0.291538 0.863700 0.149996 -0.269134 0.951351 0.000000 0.000000 0.000000 0.000000 1.000000
0.985758 0.165000 -0.032483 0.000000 -0.151068 0.953713 0.260020 0.863700 0.073883 -0.251410 0.965057 0.000000 0.000000 0.000000 0.000000 1.000000
0.990420 0.130195 0.046004 0.000000 -0.137338 0.963386 0.230272 0.863700 -0.014340 -0.234384 0.972038 0.000000 0.000000 0.000000 0.000000 1.000000
0.988016 0.093174 0.123057 0.000000 -0.117126 0.971819 0.204573 0.863700 -0.100528 -0.216535 0.971085 -0.000000 0.000000 0.000000 0.000000 1.000000</float_array><technique_common><accessor source="#mixamorig_Spine2-Matrix-animation-output-transform-array" count="36" stride="16"><param type="float4x4"/></accessor></technique_common></source><source id="mixamorig_Spine2-Interpolations"><Name_array id="mixamorig_Spine2-Interpolations-array" count="36">
 LINEAR LINEAR LINEAR LINEAR LINEAR LINEAR LINEAR LINEAR LINEAR LINEAR LINEAR
LINEAR LINEAR LINEAR LINEAR LINEAR LINEAR LINEAR LINEAR LINEAR LINEAR LINEAR LINEAR
LINEAR LINEAR LINEAR LINEAR LINEAR LINEAR LINEAR LINEAR LINEAR LINEAR LINEAR LINEAR
LINEAR</Name_array><technique_common><accessor source="#mixamorig_Spine2-Interpolations-array" count="36"><param type="name"/></accessor></technique_common></source><sampler id="mixamorig_Spine2-Matrix-animation-transform"><input semantic="INPUT" source="#mixamorig_Spine2-Matrix-animation-input"/><input semantic="OUTPUT" source="#mixamorig_Spine2-Matrix-animation-output-transform"/><input semantic="INTERPOLATION" source="#mixamorig_Spine2-Interpolations"/></sampler><channel source="#mixamorig_Spine2-Matrix-animation-transform" target="mixamorig_Spine2/matrix"/></animation>
    <animation id="mixamorig_Neck-anim" name="mixamorig_Neck"><source id="mixamorig_Neck-Matrix-animation-input"><float_array id="mixamorig_Neck-Matrix-animation-input-array" count="36">

0.000000 0.033333 0.066667 0.100000 0.133333 0.166667 0.200000 0.233333 0.266667 0.300000 0.333333 0.366667 0.400000 0.433333 0.466667 0.500000
0.533333 0.566667 0.600000 0.633333 0.666667 0.700000 0.733333 0.766667 0.800000 0.833333 0.866667 0.900000 0.933333 0.966667 1.000000 1.033333
1.066667 1.100000 1.133333 1.166667</float_array><technique_common><accessor source="#mixamorig_Neck-Matrix-animation-input-array" count="36"><param name="TIME" type="float"/></accessor></technique_common></source><source id="mixamorig_Neck-Matrix-animation-output-transform"><float_array id="mixamorig_Neck-Matrix-animation-output-transform-array" count="576">

0.995420 -0.095427 0.005643 0.000000 0.090270 0.957770 0.272998 0.971700 -0.031456 -0.271239 0.961998 0.000000 0.000000 0.000000 0.000000 1.000000
0.994363 -0.105169 0.013456 0.000000 0.095258 0.941880 0.322160 0.971700 -0.046555 -0.319062 0.946590 0.000000 0.000000 0.000000 0.000000 1.000000
0.992855 -0.117423 0.021222 0.000000 0.103565 0.936322 0.335524 0.971700 -0.059269 -0.330928 0.941793 0.000000 0.000000 0.000000 0.000000 1.000000
0.991854 -0.122773 0.033941 -0.000000 0.105234 0.939935 0.324726 0.971700 -0.071769 -0.318509 0.945199 0.000000 0.000000 0.000000 0.000000 1.000000
0.992359 -0.112603 0.050442 -0.000000 0.092466 0.949380 0.300214 0.971700 -0.081693 -0.293256 0.952537 0.000000 0.000000 0.000000 0.000000 1.000000
0.994774 -0.080404 0.062928 -0.000000 0.060434 0.960447 0.271827 0.971700 -0.082295 -0.266603 0.960287 -0.000000 0.000000 0.000000 0.000000 1.000000
0.998015 -0.019150 0.059991 0.000000 0.003746 0.969006 0.247010 0.971700 -0.062862 -0.246295 0.967154 0.000000 0.000000 0.000000 0.000000 1.000000
0.993182 0.113806 0.025254 0.000000 -0.116574 0.970005 0.213308 0.971700 -0.000221 -0.214797 0.976659 -0.000000 0.000000 0.000000 0.000000 1.000000
0.981286 0.192267 -0.010549 0.000000 -0.188291 0.969576 0.156427 0.971700 0.040304 -0.151513 0.987633 0.000000 0.000000 0.000000 0.000000 1.000000
0.988810 0.148366 -0.015590 0.000000 -0.145874 0.983472 0.107257 0.971700 0.031246 -0.103783 0.994109 -0.000000 0.000000 0.000000 0.000000 1.000000
0.995113 0.097693 -0.014391 0.000000 -0.094239 0.983072 0.157125 0.971700 0.029498 -0.155001 0.987474 -0.000000 0.000000 0.000000 0.000000 1.000000
0.999637 0.022314 -0.015116 0.000000 -0.018013 0.970320 0.241151 0.971700 0.020048 -0.240792 0.970370 0.000000 0.000000 0.000000 0.000000 1.000000
0.997484 -0.069995 -0.011279 0.000000 0.070034 0.948026 0.310391 0.971700 -0.011033 -0.310400 0.950542 0.000000 0.000000 0.000000 0.000000 1.000000
0.988752 -0.149438 -0.006133 0.000000 0.141145 0.918751 0.368747 0.971700 -0.049470 -0.365465 0.929509 -0.000000 0.000000 0.000000 0.000000 1.000000
0.978747 -0.205060 -0.002241 0.000000 0.186894 0.887439 0.421334 0.971700 -0.084410 -0.412799 0.906903 0.000000 0.000000 0.000000 0.000000 1.000000
0.986522 -0.163251 -0.011144 0.000000 0.148922 0.867537 0.474554 0.971700 -0.067804 -0.469817 0.880156 -0.000000 0.000000 0.000000 0.000000 1.000000
0.996488 -0.080405 -0.023371 0.000000 0.080736 0.848619 0.522807 0.971700 -0.022203 -0.522858 0.852131 0.000000 0.000000 0.000000 0.000000 1.000000
0.998100 0.043695 -0.043449 0.000000 -0.012453 0.833586 0.552250 0.971700 0.060349 -0.550659 0.832546 0.000000 0.000000 0.000000 0.000000 1.000000
0.977346 0.198535 -0.073341 0.000000 -0.122569 0.813430 0.568602 0.971700 0.172546 -0.546731 0.819337 0.000000 0.000000 0.000000 0.000000 1.000000
0.931997 0.353513 -0.080060 0.000000 -0.248092 0.783187 0.570148 0.971700 0.264257 -0.511514 0.817632 0.000000 0.000000 0.000000 0.000000 1.000000
0.874332 0.481316 -0.062279 0.000000 -0.366948 0.739586 0.564236 0.971700 0.317637 -0.470476 0.823261 0.000000 0.000000 0.000000 0.000000 1.000000
0.885101 0.460186 -0.069457 -0.000000 -0.355896 0.765435 0.536141 0.971700 0.299889 -0.449820 0.841266 -0.000000 0.000000 0.000000 0.000000 1.000000
0.978832 0.203491 -0.021879 0.000000 -0.168494 0.861912 0.478245 0.971700 0.116176 -0.464435 0.877954 0.000000 0.000000 0.000000 0.000000 1.000000
0.997870 -0.060249 0.025010 0.000000 0.043523 0.900481 0.432712 0.971700 -0.048592 -0.430701 0.901185 -0.000000 0.000000 0.000000 0.000000 1.000000
0.996113 -0.070368 -0.052980 0.000000 0.085196 0.922421 0.376671 0.971700 0.022364 -0.379721 0.924831 0.000000 0.000000 0.000000 0.000000 1.000000
0.980668 0.053422 -0.188245 0.000000 0.013341 0.941520 0.336693 0.971700 0.195223 -0.332696 0.922606 0.000000 0.000000 0.000000 0.000000 1.000000
0.943747 0.167085 -0.285350 0.000000 -0.067422 0.942050 0.328626 0.971700 0.323722 -0.290901 0.900322 -0.000000 0.000000 0.000000 0.000000 1.000000
0.934019 0.184928 -0.305632 0.000000 -0.082174 0.943856 0.319973 0.971700 0.347644 -0.273746 0.896776 0.000000 0.000000 0.000000 0.000000 1.000000
0.940571 0.169321 -0.294375 0.000000 -0.072471 0.946945 0.313117 0.971700 0.331775 -0.273175 0.902940 -0.000000 0.000000 0.000000 0.000000 1.000000
0.955414 0.134556 -0.262827 0.000000 -0.049004 0.950045 0.308243 0.971700 0.291173 -0.281620 0.914280 0.000000 0.000000 0.000000 0.000000 1.000000
0.972566 0.086437 -0.215973 0.000000 -0.016927 0.952240 0.304880 0.971700 0.232012 -0.292860 0.927579 0.000000 0.000000 0.000000 0.000000 1.000000
0.986691 0.032099 -0.159410 -0.000000 0.017909 0.952907 0.302733 0.971700 0.161620 -0.301559 0.939649 0.000000 0.000000 0.000000 0.000000 1.000000
0.994775 -0.020789 -0.099957 0.000000 0.050095 0.952482 0.300447 0.971700 0.088961 -0.303884 0.948546 0.000000 0.000000 0.000000 0.000000 1.000000
0.996873 -0.064370 -0.045843 0.000000 0.075084 0.952413 0.295418 0.971700 0.024646 -0.297936 0.954268 0.000000 0.000000 0.000000 0.000000 1.000000
0.995816 -0.091186 -0.005946 0.000000 0.089108 0.954593 0.284275 0.971700 -0.020246 -0.283615 0.958724 -0.000000 0.000000 0.000000 0.000000 1.000000
0.995411 -0.095114 0.010504 0.000000 0.089001 0.960538 0.263524 0.971700 -0.035155 -0.261380 0.964596 -0.000000 0.000000 0.000000 0.000000 1.000000</float_array><technique_common><accessor source="#mixamorig_Neck-Matrix-animation-output-transform-array" count="36" stride="16"><param type="float4x4"/></accessor></technique_common></source><source id="mixamorig_Neck-Interpolations"><Name_array id="mixamorig_Neck-Interpolations-array" count="36">
 LINEAR LINEAR LINEAR LINEAR LINEAR LINEAR LINEAR LINEAR LINEAR LINEAR LINEAR
LINEAR LINEAR LINEAR LINEAR LINEAR LINEAR LINEAR LINEAR LINEAR LINEAR LINEAR LINEAR
LINEAR LINEAR LINEAR LINEAR LINEAR LINEAR LINEAR LINEAR LINEAR LINEAR LINEAR LINEAR
LINEAR</Name_array><technique_common><accessor source="#mixamorig_Neck-Interpolations-array" count="36"><param type="name"/></accessor></technique_common></source><sampler id="mixamorig_Neck-Matrix-animation-transform"><input semantic="INPUT" source="#mixamorig_Neck-Matrix-animation-input"/><input semantic="OUTPUT" source="#mixamorig_Neck-Matrix-animation-output-transform"/><input semantic="INTERPOLATION" source="#mixamorig_Neck-Interpolations"/></sampler><channel source="#mixamorig_Neck-Matrix-animation-transform" target="mixamorig_Neck/matrix"/></animation>
    <animation id="mixamorig_Head-anim" name="mixamorig_Head"><source id="mixamorig_Head-Matrix-animation-input"><float_array id="mixamorig_Head-Matrix-animation-input-array" count="36">

0.000000 0.033333 0.066667 0.100000 0.133333 0.166667 0.200000 0.233333 0.266667 0.300000 0.333333 0.366667 0.400000 0.433333 0.466667 0.500000
0.533333 0.566667 0.600000 0.633333 0.666667 0.700000 0.733333 0.766667 0.800000 0.833333 0.866667 0.900000 0.933333 0.966667 1.000000 1.033333
1.066667 1.100000 1.133333 1.166667</float_array><technique_common><accessor source="#mixamorig_Head-Matrix-animation-input-array" count="36"><param name="TIME" type="float"/></accessor></technique_common></source><source id="mixamorig_Head-Matrix-animation-output-transform"><float_array id="mixamorig_Head-Matrix-animation-output-transform-array" count="576">

0.981682 -0.190526 0.000797 0.000000 0.162892 0.837115 -0.522212 0.564100 0.098828 0.512776 0.852815 -0.072900 0.000000 0.000000 0.000000 1.000000
0.989722 -0.137040 0.040860 0.000000 0.135749 0.810513 -0.569773 0.564100 0.044963 0.569464 0.820786 -0.072900 0.000000 0.000000 0.000000 1.000000
0.995461 -0.051022 0.080341 0.000000 0.089542 0.788169 -0.608911 0.564100 -0.032255 0.613341 0.789159 -0.072900 0.000000 0.000000 0.000000 1.000000
0.991703 0.043010 0.121143 0.000000 0.044280 0.770412 -0.636007 0.564100 -0.120684 0.636094 0.762115 -0.072900 0.000000 0.000000 0.000000 1.000000
0.979427 0.121099 0.161427 0.000000 0.013042 0.760274 -0.649472 0.564100 -0.201378 0.638215 0.743053 -0.072900 0.000000 0.000000 0.000000 1.000000
0.967194 0.162801 0.195016 0.000000 0.002791 0.760807 -0.648972 0.564100 -0.254022 0.628226 0.735394 -0.072900 0.000000 0.000000 0.000000 1.000000
0.965144 0.152120 0.212970 -0.000000 0.016248 0.777341 -0.628870 0.564100 -0.261214 0.610410 0.747774 -0.072900 0.000000 0.000000 0.000000 1.000000
0.973936 0.026606 0.225258 -0.000000 0.106145 0.824187 -0.556281 0.564100 -0.200455 0.565692 0.799881 -0.072900 0.000000 0.000000 0.000000 1.000000
0.971062 -0.113827 0.209957 0.000000 0.209161 0.829679 -0.517575 0.564100 -0.115282 0.546513 0.829478 -0.072900 0.000000 0.000000 0.000000 1.000000
0.971745 -0.169694 0.164061 0.000000 0.228810 0.847886 -0.478263 0.564100 -0.057947 0.502289 0.862756 -0.072900 0.000000 0.000000 0.000000 1.000000
0.960311 -0.245381 0.132629 -0.000000 0.278927 0.842568 -0.460737 0.564100 0.001307 0.479445 0.877571 -0.072900 0.000000 0.000000 0.000000 1.000000
0.953502 -0.290324 0.080908 -0.000000 0.293944 0.836524 -0.462412 0.564100 0.066568 0.464693 0.882966 -0.072900 0.000000 0.000000 0.000000 1.000000
0.947712 -0.314749 0.052685 0.000000 0.307179 0.854959 -0.417955 0.564100 0.086507 0.412285 0.906939 -0.072900 0.000000 0.000000 0.000000 1.000000
0.940114 -0.338905 0.036454 0.000000 0.331275 0.883257 -0.331834 0.564100 0.080262 0.324038 0.942633 -0.072900 0.000000 0.000000 0.000000 1.000000
0.929328 -0.368647 0.021158 0.000000 0.363723 0.904025 -0.224600 0.564100 0.063671 0.216423 0.974221 -0.072900 0.000000 0.000000 0.000000 1.000000
