<?xml version="1.0" encoding="utf-8"?>
<COLLADA xmlns="http://www.collada.org/2005/11/COLLADASchema" version="1.4.1">
  <asset><contributor><author>Mixamo</author><authoring_tool>COLLADA Mixamo exporter</authoring_tool><comments></comments></contributor><created>2020-03-24T10:53:32Z</created><modified>2020-03-24T10:53:32Z</modified><revision></revision><title></title><unit meter="0.010000"/><up_axis>Y_UP</up_axis></asset>
  <library_animations>
    <animation id="mixamorig_Hips-anim" name="mixamorig_Hips"><source id="mixamorig_Hips-Matrix-animation-input"><float_array id="mixamorig_Hips-Matrix-animation-input-array" count="73">

0.000000 0.033333 0.066667 0.100000 0.133333 0.166667 0.200000 0.233333 0.266667 0.300000 0.333333 0.366667 0.400000 0.433333 0.466667 0.500000
0.533333 0.566667 0.600000 0.633333 0.666667 0.700000 0.733333 0.766667 0.800000 0.833333 0.866667 0.900000 0.933333 0.966667 1.000000 1.033333
1.066667 1.100000 1.133333 1.166667 1.200000 1.233333 1.266667 1.300000 1.333333 1.366667 1.400000 1.433333 1.466667 1.500000 1.533333 1.566667
1.600000 1.633333 1.666667 1.700000 1.733333 1.766667 1.800000 1.833333 1.866667 1.900000 1.933333 1.966667 2.000000 2.033333 2.066667 2.100000
2.133333 2.166667 2.200000 2.233333 2.266667 2.300000 2.333333 2.366667 2.400000</float_array><technique_common><accessor source="#mixamorig_Hips-Matrix-animation-input-array" count="73"><param name="TIME" type="float"/></accessor></technique_common></source><source id="mixamorig_Hips-Matrix-animation-output-transform"><float_array id="mixamorig_Hips-Matrix-animation-output-transform-array" count="1168">

-0.962531 0.000815 0.271169 0.039235 0.024714 0.996097 0.084730 4.173481 -0.270042 0.088257 -0.958795 -0.000987 0.000000 0.000000 0.000000 1.000000
-0.961476 0.015632 0.274444 0.035505 0.035345 0.997125 0.067032 4.157279 -0.272607 0.074149 -0.959264 0.035500 0.000000 0.000000 0.000000 1.000000
-0.960396 0.038445 0.275973 0.032789 0.051495 0.997864 0.040194 4.128081 -0.273838 0.052814 -0.960325 0.071752 0.000000 0.000000 0.000000 1.000000
-0.957871 0.054308 0.282017 0.036368 0.062717 0.997813 0.020870 4.091766 -0.280267 0.037678 -0.959182 0.089543 0.000000 0.000000 0.000000 1.000000
-0.950912 0.046416 0.305960 0.055087 0.063265 0.996965 0.045379 4.050007 -0.302925 0.062508 -0.950962 0.054976 0.000000 0.000000 0.000000 1.000000
-0.944869 -0.001612 0.327444 0.078689 0.041119 0.991488 0.123534 3.993793 -0.324856 0.130188 -0.936760 -0.034327 0.000000 0.000000 0.000000 1.000000
-0.951251 -0.053007 0.303830 0.111756 0.015269 0.975818 0.218049 3.940831 -0.308041 0.212059 -0.927438 -0.136238 0.000000 0.000000 0.000000 1.000000
-0.961746 -0.094215 0.257232 0.145576 -0.008530 0.948843 0.315634 3.884789 -0.273811 0.301366 -0.913349 -0.239138 0.000000 0.000000 0.000000 1.000000
-0.964423 -0.131195 0.229511 0.174507 -0.027232 0.912852 0.407381 3.823008 -0.262956 0.386638 -0.883949 -0.334197 0.000000 0.000000 0.000000 1.000000
-0.961094 -0.145118 0.235028 0.186288 -0.020958 0.886730 0.461812 3.756591 -0.275424 0.438919 -0.855273 -0.413768 0.000000 0.000000 0.000000 1.000000
-0.956926 -0.144489 0.251823 0.185642 -0.008054 0.880245 0.474452 3.692079 -0.290219 0.451987 -0.843493 -0.491908 0.000000 0.000000 0.000000 1.000000
-0.952215 -0.145176 0.268720 0.181354 0.000206 0.879507 0.475885 3.629836 -0.305428 0.453201 -0.837450 -0.552422 0.000000 0.000000 0.000000 1.000000
-0.946822 -0.152887 0.283114 0.179510 0.000682 0.878943 0.476926 3.568890 -0.321757 0.451758 -0.832098 -0.585702 0.000000 0.000000 0.000000 1.000000
-0.940933 -0.164405 0.295999 0.174329 -0.004792 0.880584 0.473865 3.508187 -0.338558 0.444457 -0.829359 -0.603289 0.000000 0.000000 0.000000 1.000000
-0.935017 -0.175132 0.308336 0.167169 -0.012414 0.885162 0.465117 3.446412 -0.354385 0.431065 -0.829816 -0.612550 0.000000 0.000000 0.000000 1.000000
-0.929660 -0.180331 0.321268 0.160104 -0.018156 0.893384 0.448926 3.381872 -0.367971 0.411516 -0.833818 -0.619747 0.000000 0.000000 0.000000 1.000000
-0.925028 -0.178703 0.335243 0.154177 -0.021529 0.905696 0.423382 3.311278 -0.379288 0.384423 -0.841641 -0.622720 0.000000 0.000000 0.000000 1.000000
-0.921225 -0.174321 0.347789 0.147094 -0.027127 0.920597 0.389572 3.238907 -0.388084 0.349448 -0.852805 -0.623051 0.000000 0.000000 0.000000 1.000000
-0.917990 -0.166322 0.360044 0.140095 -0.032191 0.936069 0.350341 3.162345 -0.395296 0.310019 -0.864656 -0.620908 0.000000 0.000000 0.000000 1.000000
-0.915325 -0.155479 0.371491 0.132028 -0.036160 0.950471 0.308702 3.085602 -0.401088 0.269129 -0.875613 -0.619615 0.000000 0.000000 0.000000 1.000000
-0.913831 -0.140502 0.381014 0.123189 -0.037519 0.963439 0.265289 3.016045 -0.404357 0.228134 -0.885692 -0.624192 0.000000 0.000000 0.000000 1.000000
-0.914156 -0.123999 0.385932 0.114574 -0.036835 0.973537 0.225543 2.963184 -0.403686 0.191966 -0.894532 -0.638133 0.000000 0.000000 0.000000 1.000000
-0.915947 -0.106860 0.386809 0.107378 -0.035365 0.981638 0.187444 2.924562 -0.399737 0.158009 -0.902908 -0.660311 0.000000 0.000000 0.000000 1.000000
-0.919942 -0.088691 0.381891 0.100875 -0.033413 0.988268 0.149027 2.891889 -0.390628 0.124336 -0.912113 -0.690453 0.000000 0.000000 0.000000 1.000000
-0.925611 -0.072313 0.371504 0.093743 -0.031635 0.992925 0.114453 2.865757 -0.377152 0.094186 -0.921350 -0.729150 0.000000 0.000000 0.000000 1.000000
-0.931801 -0.057484 0.358390 0.085530 -0.028872 0.995989 0.084686 2.844196 -0.361820 0.068563 -0.929723 -0.778148 0.000000 0.000000 0.000000 1.000000
-0.939568 -0.039104 0.340123 0.077886 -0.022588 0.998371 0.052385 2.822761 -0.341618 0.041536 -0.938921 -0.837269 0.000000 0.000000 0.000000 1.000000
-0.947486 -0.022555 0.319000 0.072542 -0.016081 0.999608 0.022916 2.801179 -0.319392 0.016582 -0.947477 -0.903674 0.000000 0.000000 0.000000 1.000000
-0.955364 -0.008876 0.295297 0.065846 -0.010692 0.999933 -0.004535 2.775381 -0.295237 -0.007490 -0.955395 -0.979773 0.000000 0.000000 0.000000 1.000000
-0.963176 0.003155 0.268853 0.060070 -0.005602 0.999479 -0.031797 2.743438 -0.268813 -0.032132 -0.962656 -1.067375 0.000000 0.000000 0.000000 1.000000
-0.969693 0.010951 0.244081 0.051226 -0.001705 0.998668 -0.051578 2.700468 -0.244321 -0.050431 -0.968382 -1.159677 0.000000 0.000000 0.000000 1.000000
-0.977654 0.014676 0.209707 0.039857 0.000192 0.997622 -0.068926 2.643616 -0.210220 -0.067346 -0.975332 -1.261109 0.000000 0.000000 0.000000 1.000000
-0.985112 0.021866 0.170517 0.026772 0.007025 0.996170 -0.087157 2.567143 -0.171770 -0.084661 -0.981492 -1.373459 0.000000 0.000000 0.000000 1.000000
-0.990462 0.030724 0.134318 0.011100 0.017108 0.994702 -0.101368 2.479403 -0.136721 -0.098103 -0.985740 -1.493511 0.000000 0.000000 0.000000 1.000000
-0.995263 0.035684 0.090437 -0.005602 0.024185 0.991837 -0.125195 2.379880 -0.094166 -0.122415 -0.988002 -1.624513 0.000000 0.000000 0.000000 1.000000
-0.998450 0.036005 0.042439 -0.027469 0.028750 0.986598 -0.160616 2.261494 -0.047654 -0.159146 -0.986104 -1.764515 0.000000 0.000000 0.000000 1.000000
-0.999200 0.039435 -0.006654 -0.052567 0.039962 0.978084 -0.204340 2.123528 -0.001550 -0.204442 -0.978877 -1.900956 0.000000 0.000000 0.000000 1.000000
-0.996792 0.046106 -0.065418 -0.080863 0.061458 0.964550 -0.256644 1.957401 0.051266 -0.259841 -0.964290 -2.038490 0.000000 0.000000 0.000000 1.000000
-0.990319 0.052197 -0.128624 -0.114070 0.090289 0.946027 -0.311257 1.776817 0.105435 -0.319857 -0.941581 -2.174845 0.000000 0.000000 0.000000 1.000000
-0.980883 0.061864 -0.184505 -0.153079 0.127761 0.919892 -0.370778 1.579190 0.146786 -0.387262 -0.910210 -2.305521 0.000000 0.000000 0.000000 1.000000
-0.965215 0.087422 -0.246408 -0.201789 0.191999 0.876708 -0.441043 1.367262 0.177471 -0.473011 -0.862997 -2.426187 0.000000 0.000000 0.000000 1.000000
-0.939970 0.127102 -0.316705 -0.260533 0.277822 0.823942 -0.493897 1.154930 0.198172 -0.552236 -0.809792 -2.536418 0.000000 0.000000 0.000000 1.000000
-0.912033 0.136536 -0.386721 -0.334764 0.353745 0.739010 -0.573348 0.903187 0.207508 -0.659714 -0.722301 -2.648112 0.000000 0.000000 0.000000 1.000000
-0.900716 0.125479 -0.415892 -0.432484 0.388572 0.660761 -0.642189 0.735189 0.194224 -0.740034 -0.643916 -2.722082 0.000000 0.000000 0.000000 1.000000
-0.911223 0.067677 -0.406315 -0.532565 0.382046 0.507616 -0.772248 0.731757 0.153989 -0.858922 -0.488407 -2.795373 0.000000 0.000000 0.000000 1.000000
-0.906400 0.051772 -0.419235 -0.561996 0.404544 0.392046 -0.826223 0.726529 0.121585 -0.918488 -0.376295 -2.857245 0.000000 0.000000 0.000000 1.000000
-0.914285 0.053398 -0.401536 -0.536361 0.396884 0.316374 -0.861621 0.689822 0.081027 -0.947130 -0.310449 -2.916437 0.000000 0.000000 0.000000 1.000000
-0.926578 0.049029 -0.372892 -0.478291 0.375473 0.177891 -0.909601 0.634775 0.021738 -0.982828 -0.183239 -2.968697 0.000000 0.000000 0.000000 1.000000
-0.931284 0.027988 -0.363217 -0.420667 0.363913 0.025874 -0.931074 0.612999 -0.016661 -0.999273 -0.034281 -2.997635 0.000000 0.000000 0.000000 1.000000
-0.928019 -0.015181 -0.372224 -0.379470 0.368578 -0.182646 -0.911477 0.578752 -0.054149 -0.983061 0.175095 -3.055066 0.000000 0.000000 0.000000 1.000000
-0.933438 -0.017834 -0.358294 -0.336499 0.352917 -0.224840 -0.908238 0.592200 -0.064362 -0.974232 0.216168 -3.161186 0.000000 0.000000 0.000000 1.000000
-0.963839 -0.010210 -0.266290 -0.317165 0.262551 -0.207462 -0.942352 0.625768 -0.045624 -0.978190 0.202641 -3.270825 0.000000 0.000000 0.000000 1.000000
-0.982655 -0.006828 -0.185319 -0.296037 0.182807 -0.203619 -0.961832 0.635131 -0.031167 -0.979026 0.201335 -3.377747 0.000000 0.000000 0.000000 1.000000
-0.988549 -0.012537 -0.150378 -0.258129 0.149990 -0.190910 -0.970081 0.624111 -0.016547 -0.981528 0.190604 -3.455609 0.000000 0.000000 0.000000 1.000000
-0.990981 -0.024488 -0.131747 -0.223731 0.133732 -0.118076 -0.983958 0.610098 0.008539 -0.992703 0.120286 -3.506016 0.000000 0.000000 0.000000 1.000000
-0.991395 -0.049327 -0.121256 -0.209562 0.125267 -0.088567 -0.988162 0.573632 0.038004 -0.994848 0.093984 -3.545508 0.000000 0.000000 0.000000 1.000000
-0.991668 -0.064866 -0.111298 -0.216717 0.115853 -0.071304 -0.990704 0.550224 0.056327 -0.995343 0.078225 -3.576949 0.000000 0.000000 0.000000 1.000000
-0.988158 -0.098335 -0.117787 -0.227840 0.125004 -0.070768 -0.989629 0.551530 0.088979 -0.992634 0.082222 -3.556501 0.000000 0.000000 0.000000 1.000000
-0.981761 -0.122909 -0.145044 -0.232635 0.154152 -0.068101 -0.985697 0.529466 0.111274 -0.990079 0.085806 -3.547568 0.000000 0.000000 0.000000 1.000000
-0.974738 -0.140487 -0.173637 -0.238212 0.183250 -0.058561 -0.981320 0.512286 0.127694 -0.988349 0.082826 -3.541639 0.000000 0.000000 0.000000 1.000000
-0.969442 -0.146978 -0.196419 -0.227916 0.203751 -0.036468 -0.978343 0.492530 0.136632 -0.988467 0.065301 -3.527750 0.000000 0.000000 0.000000 1.000000
-0.961749 -0.153089 -0.227164 -0.207583 0.233818 -0.026726 -0.971913 0.488651 0.142718 -0.987851 0.061499 -3.516961 0.000000 0.000000 0.000000 1.000000
-0.951672 -0.161688 -0.261110 -0.178530 0.268267 -0.023747 -0.963052 0.487704 0.149513 -0.986556 0.065975 -3.508217 0.000000 0.000000 0.000000 1.000000
-0.938735 -0.176262 -0.296157 -0.143234 0.306117 -0.031653 -0.951467 0.497089 0.158334 -0.983834 0.083671 -3.494577 0.000000 0.000000 0.000000 1.000000
-0.917948 -0.197315 -0.344149 -0.108137 0.357785 -0.037067 -0.933068 0.500950 0.171352 -0.979639 0.104622 -3.478238 0.000000 0.000000 0.000000 1.000000
-0.891888 -0.223480 -0.393183 -0.087205 0.412189 -0.043921 -0.910039 0.511289 0.186106 -0.973719 0.131288 -3.481445 0.000000 0.000000 0.000000 1.000000
-0.872977 -0.246791 -0.420720 -0.066670 0.444591 -0.047821 -0.894456 0.517404 0.200624 -0.967888 0.151468 -3.476872 0.000000 0.000000 0.000000 1.000000
-0.856134 -0.268472 -0.441541 -0.049664 0.470319 -0.050824 -0.881032 0.520155 0.214091 -0.961946 0.169779 -3.473438 0.000000 0.000000 0.000000 1.000000
-0.840953 -0.288877 -0.457546 -0.035059 0.491301 -0.053273 -0.869359 0.520513 0.226763 -0.955883 0.186726 -3.467964 0.000000 0.000000 0.000000 1.000000
-0.826748 -0.308381 -0.470521 -0.020919 0.509390 -0.055372 -0.858753 0.518886 0.238769 -0.949650 0.202865 -3.464097 0.000000 0.000000 0.000000 1.000000
-0.812627 -0.327564 -0.482015 -0.006802 0.526248 -0.057074 -0.848413 0.516037 0.250399 -0.943103 0.218760 -3.459955 0.000000 0.000000 0.000000 1.000000
-0.797505 -0.347047 -0.493502 0.008067 0.543498 -0.058169 -0.837393 0.511556 0.261908 -0.936042 0.235009 -3.455117 0.000000 0.000000 0.000000 1.000000
-0.780336 -0.366725 -0.506546 0.022150 0.562833 -0.058800 -0.824477 0.507463 0.272571 -0.928469 0.252289 -3.451128 0.000000 0.000000 0.000000 1.000000</float_array><technique_common><accessor source="#mixamorig_Hips-Matrix-animation-output-transform-array" count="73" stride="16"><param type="float4x4"/></accessor></technique_common></source><source id="mixamorig_Hips-Interpolations"><Name_array id="mixamorig_Hips-Interpolations-array" count="73">
 LINEAR LINEAR LINEAR LINEAR LINEAR LINEAR LINEAR LINEAR LINEAR LINEAR LINEAR
LINEAR LINEAR LINEAR LINEAR LINEAR LINEAR LINEAR LINEAR LINEAR LINEAR LINEAR LINEAR
LINEAR LINEAR LINEAR LINEAR LINEAR LINEAR LINEAR LINEAR LINEAR LINEAR LINEAR LINEAR
LINEAR LINEAR LINEAR LINEAR LINEAR LINEAR LINEAR LINEAR LINEAR LINEAR LINEAR LINEAR
LINEAR LINEAR LINEAR LINEAR LINEAR LINEAR LINEAR LINEAR LINEAR LINEAR LINEAR LINEAR
LINEAR LINEAR LINEAR LINEAR LINEAR LINEAR LINEAR LINEAR LINEAR LINEAR LINEAR LINEAR
LINEAR LINEAR</Name_array><technique_common><accessor source="#mixamorig_Hips-Interpolations-array" count="73"><param type="name"/></accessor></technique_common></source><sampler id="mixamorig_Hips-Matrix-animation-transform"><input semantic="INPUT" source="#mixamorig_Hips-Matrix-animation-input"/><input semantic="OUTPUT" source="#mixamorig_Hips-Matrix-animation-output-transform"/><input semantic="INTERPOLATION" source="#mixamorig_Hips-Interpolations"/></sampler><channel source="#mixamorig_Hips-Matrix-animation-transform" target="mixamorig_Hips/matrix"/></animation>
    <animation id="mixamorig_Spine-anim" name="mixamorig_Spine"><source id="mixamorig_Spine-Matrix-animation-input"><float_array id="mixamorig_Spine-Matrix-animation-input-array" count="73">

0.000000 0.033333 0.066667 0.100000 0.133333 0.166667 0.200000 0.233333 0.266667 0.300000 0.333333 0.366667 0.400000 0.433333 0.466667 0.500000
0.533333 0.566667 0.600000 0.633333 0.666667 0.700000 0.733333 0.766667 0.800000 0.833333 0.866667 0.900000 0.933333 0.966667 1.000000 1.033333
1.066667 1.100000 1.133333 1.166667 1.200000 1.233333 1.266667 1.300000 1.333333 1.366667 1.400000 1.433333 1.466667 1.500000 1.533333 1.566667
1.600000 1.633333 1.666667 1.700000 1.733333 1.766667 1.800000 1.833333 1.866667 1.900000 1.933333 1.966667 2.000000 2.033333 2.066667 2.100000
2.133333 2.166667 2.200000 2.233333 2.266667 2.300000 2.333333 2.366667 2.400000</float_array><technique_common><accessor source="#mixamorig_Spine-Matrix-animation-input-array" count="73"><param name="TIME" type="float"/></accessor></technique_common></source><source id="mixamorig_Spine-Matrix-animation-output-transform"><float_array id="mixamorig_Spine-Matrix-animation-output-transform-array" count="1168">

0.996864 0.020431 0.076445 0.000000 -0.028732 0.993614 0.109117 0.620300 -0.073727 -0.110971 0.991085 0.186600 0.000000 0.000000 0.000000 1.000000
0.996764 0.034003 0.072841 0.000000 -0.040515 0.995129 0.089871 0.620300 -0.069431 -0.092531 0.993286 0.186600 0.000000 0.000000 0.000000 1.000000
0.996621 0.048249 0.066479 0.000000 -0.053781 0.995005 0.084094 0.620300 -0.062089 -0.087385 0.994238 0.186600 0.000000 0.000000 0.000000 1.000000
0.996764 0.051454 0.061764 0.000000 -0.057367 0.993520 0.098118 0.620300 -0.056315 -0.101343 0.993256 0.186600 0.000000 0.000000 0.000000 1.000000
0.997907 0.025006 0.059642 -0.000000 -0.033594 0.988468 0.147655 0.620300 -0.055262 -0.149349 0.987239 0.186600 0.000000 0.000000 0.000000 1.000000
0.998410 -0.038804 0.040898 0.000000 0.029271 0.976789 0.212192 0.620300 -0.048183 -0.210658 0.976372 0.186600 0.000000 0.000000 0.000000 1.000000
0.997474 -0.070687 -0.007058 -0.000000 0.069855 0.957941 0.278334 0.620300 -0.012914 -0.278124 0.960458 0.186600 0.000000 0.000000 0.000000 1.000000
0.996501 -0.067424 -0.049385 0.000000 0.079898 0.941905 0.326238 0.620300 0.024519 -0.329042 0.943997 0.186600 0.000000 0.000000 0.000000 1.000000
0.994533 -0.066884 -0.080196 0.000000 0.091017 0.931675 0.351708 0.620300 0.051193 -0.357084 0.932668 0.186600 0.000000 0.000000 0.000000 1.000000
0.995021 -0.073563 -0.067249 0.000000 0.093518 0.922434 0.374659 0.620300 0.034472 -0.379083 0.924720 0.186600 0.000000 0.000000 0.000000 1.000000
0.993100 -0.105235 -0.051743 0.000000 0.117253 0.898132 0.423806 0.620300 0.001873 -0.426949 0.904274 0.186600 0.000000 0.000000 0.000000 1.000000
0.987092 -0.146834 -0.063950 -0.000000 0.159383 0.861456 0.482173 0.620300 -0.015710 -0.486141 0.873739 0.186600 0.000000 0.000000 0.000000 1.000000
0.984819 -0.163644 -0.057904 0.000000 0.170237 0.845292 0.506459 0.620300 -0.033933 -0.508628 0.860318 0.186600 0.000000 0.000000 0.000000 1.000000
0.984008 -0.172210 -0.045525 0.000000 0.170507 0.836686 0.520466 0.620300 -0.051539 -0.519905 0.852668 0.186600 0.000000 0.000000 0.000000 1.000000
0.983811 -0.176166 -0.032899 0.000000 0.166706 0.832229 0.528775 0.620300 -0.065772 -0.525699 0.848124 0.186600 0.000000 0.000000 0.000000 1.000000
0.983489 -0.179118 -0.025803 0.000000 0.164873 0.828092 0.535800 0.620300 -0.074604 -0.531207 0.843951 0.186600 0.000000 0.000000 0.000000 1.000000
0.983058 -0.181410 -0.026222 -0.000000 0.166437 0.823533 0.542303 0.620300 -0.076785 -0.537479 0.839774 0.186600 0.000000 0.000000 0.000000 1.000000
0.982758 -0.181848 -0.033423 0.000000 0.170335 0.820150 0.546205 0.620300 -0.071914 -0.542481 0.836984 0.186600 0.000000 0.000000 0.000000 1.000000
0.982643 -0.180579 -0.042479 0.000000 0.174061 0.818317 0.547777 0.620300 -0.064156 -0.545663 0.835545 0.186600 0.000000 0.000000 0.000000 1.000000
0.982692 -0.178126 -0.050878 -0.000000 0.176627 0.818102 0.547277 0.620300 -0.055861 -0.546791 0.835404 0.186600 0.000000 0.000000 0.000000 1.000000
0.983155 -0.173855 -0.056396 -0.000000 0.176340 0.821120 0.542831 0.620300 -0.048066 -0.543632 0.837946 0.186600 0.000000 0.000000 0.000000 1.000000
0.984076 -0.167294 -0.060054 0.000000 0.173275 0.827599 0.533905 0.620300 -0.039619 -0.535809 0.843409 0.186600 0.000000 0.000000 0.000000 1.000000
0.985395 -0.159369 -0.059991 -0.000000 0.166841 0.833046 0.527445 0.620300 -0.034084 -0.529751 0.847468 0.186600 0.000000 0.000000 0.000000 1.000000
0.986220 -0.153032 -0.062865 0.000000 0.163223 0.837989 0.520704 0.620300 -0.027005 -0.523789 0.851420 0.186600 0.000000 0.000000 0.000000 1.000000
0.987010 -0.146509 -0.065923 0.000000 0.159447 0.843024 0.513700 0.620300 -0.019687 -0.517539 0.855433 0.186600 0.000000 0.000000 0.000000 1.000000
0.987697 -0.141338 -0.066925 0.000000 0.155684 0.848309 0.506097 0.620300 -0.014758 -0.510290 0.859876 0.186600 0.000000 0.000000 0.000000 1.000000
0.988517 -0.134805 -0.068271 0.000000 0.150797 0.851125 0.502838 0.620300 -0.009678 -0.507359 0.861680 0.186600 0.000000 0.000000 0.000000 1.000000
0.989423 -0.128107 -0.068053 -0.000000 0.144932 0.853199 0.501045 0.620300 -0.006124 -0.505608 0.862742 0.186600 0.000000 0.000000 0.000000 1.000000
0.990123 -0.123137 -0.067042 -0.000000 0.140144 0.855173 0.499038 0.620300 -0.004117 -0.503504 0.863983 0.186600 0.000000 0.000000 0.000000 1.000000
0.990977 -0.118224 -0.063150 0.000000 0.133940 0.855922 0.499457 0.620300 -0.004997 -0.503409 0.864034 0.186600 0.000000 0.000000 0.000000 1.000000
0.991322 -0.116407 -0.061077 -0.000000 0.131354 0.858728 0.495310 0.620300 -0.005209 -0.499035 0.866566 0.186600 0.000000 0.000000 0.000000 1.000000
0.992224 -0.109850 -0.058520 0.000000 0.124422 0.863112 0.489446 0.620300 -0.003256 -0.492921 0.870068 0.186600 0.000000 0.000000 0.000000 1.000000
0.993296 -0.099096 -0.059517 -0.000000 0.115549 0.865690 0.487062 0.620300 0.003257 -0.490674 0.871337 0.186600 0.000000 0.000000 0.000000 1.000000
0.994689 -0.088736 -0.052150 0.000000 0.102899 0.868725 0.484488 0.620300 0.002313 -0.487282 0.873242 0.186600 0.000000 0.000000 0.000000 1.000000
0.995206 -0.083898 -0.050266 0.000000 0.097755 0.869496 0.484170 0.620300 0.003085 -0.486762 0.873529 0.186600 0.000000 0.000000 0.000000 1.000000
0.995831 -0.079306 -0.045068 0.000000 0.091215 0.869033 0.486273 0.620300 0.000601 -0.488357 0.872644 0.186600 0.000000 0.000000 0.000000 1.000000
0.996823 -0.069272 -0.039301 0.000000 0.079644 0.868157 0.489857 0.620300 0.000186 -0.491431 0.870916 0.186600 0.000000 0.000000 0.000000 1.000000
0.997754 -0.053565 -0.040211 0.000000 0.066440 0.867486 0.493006 0.620300 0.008475 -0.494570 0.869096 0.186600 0.000000 0.000000 0.000000 1.000000
0.998362 -0.036104 -0.044372 -0.000000 0.053374 0.866987 0.495464 0.620300 0.020582 -0.497021 0.867494 0.186600 0.000000 0.000000 0.000000 1.000000
0.999230 -0.020699 -0.033329 0.000000 0.034478 0.868676 0.494180 0.620300 0.018723 -0.494949 0.868721 0.186600 0.000000 0.000000 0.000000 1.000000
0.999774 0.000810 -0.021249 0.000000 0.009825 0.868621 0.495379 0.620300 0.018859 -0.495476 0.868417 0.186600 0.000000 0.000000 0.000000 1.000000
0.999448 0.030956 -0.012072 0.000000 -0.021592 0.881247 0.472163 0.620300 0.025254 -0.471641 0.881429 0.186600 0.000000 0.000000 0.000000 1.000000
0.999541 0.027299 -0.013135 0.000000 -0.018180 0.887338 0.460761 0.620300 0.024234 -0.460311 0.887427 0.186600 0.000000 0.000000 0.000000 1.000000
0.999629 -0.027173 0.002065 0.000000 0.024199 0.919961 0.391262 0.620300 -0.012531 -0.391066 0.920277 0.186600 0.000000 0.000000 0.000000 1.000000
0.994664 -0.097807 0.032820 0.000000 0.079790 0.930983 0.356237 0.620300 -0.065397 -0.351717 0.933819 0.186600 0.000000 0.000000 0.000000 1.000000
0.996019 -0.083412 0.031428 0.000000 0.073006 0.965681 0.249258 0.620300 -0.051140 -0.245972 0.967927 0.186600 0.000000 0.000000 0.000000 1.000000
0.996222 -0.075438 0.043032 0.000000 0.068065 0.985933 0.152655 0.620300 -0.053942 -0.149149 0.987342 0.186600 0.000000 0.000000 0.000000 1.000000
0.996450 -0.053085 0.065340 0.000000 0.043511 0.989181 0.140097 0.620300 -0.072070 -0.136757 0.987979 0.186600 0.000000 0.000000 0.000000 1.000000
0.995615 -0.019131 0.091569 0.000000 0.011460 0.996435 0.083578 0.620300 -0.092841 -0.082162 0.992285 0.186600 0.000000 0.000000 0.000000 1.000000
0.997754 -0.017870 0.064552 -0.000000 0.011914 0.995734 0.091502 0.620300 -0.065912 -0.090527 0.993710 0.186600 0.000000 0.000000 0.000000 1.000000
0.999362 -0.020648 0.029136 -0.000000 0.019137 0.998504 0.051223 0.620300 -0.030150 -0.050632 0.998262 0.186600 0.000000 0.000000 0.000000 1.000000
0.999745 -0.020287 0.009881 0.000000 0.020203 0.999760 0.008475 0.620300 -0.010050 -0.008273 0.999915 0.186600 0.000000 0.000000 0.000000 1.000000
0.999049 -0.000254 0.043591 0.000000 0.000387 0.999995 -0.003052 0.620300 -0.043590 0.003066 0.999045 0.186600 0.000000 0.000000 0.000000 1.000000
0.997473 0.037873 0.060112 0.000000 -0.037318 0.999250 -0.010319 0.620300 -0.060458 0.008049 0.998138 0.186600 0.000000 0.000000 0.000000 1.000000
0.996223 0.065521 0.056980 0.000000 -0.060846 0.994918 -0.080225 0.620300 -0.061947 0.076455 0.995147 0.186600 0.000000 0.000000 0.000000 1.000000
0.994419 0.072079 0.077044 -0.000000 -0.064777 0.993519 -0.093398 0.620300 -0.083276 0.087886 0.992644 0.186600 0.000000 0.000000 0.000000 1.000000
0.996042 0.058295 0.067094 0.000000 -0.050994 0.993078 -0.105811 0.620300 -0.072798 0.101971 0.992120 0.186600 0.000000 0.000000 0.000000 1.000000
0.997567 0.025300 0.064960 0.000000 -0.016530 0.991091 -0.132155 0.620300 -0.067725 0.130759 0.989098 0.186600 0.000000 0.000000 0.000000 1.000000
0.998540 -0.005565 0.053731 0.000000 0.013370 0.989192 -0.146018 0.620300 -0.052338 0.146523 0.987822 0.186600 0.000000 0.000000 0.000000 1.000000
0.998776 -0.026716 0.041629 0.000000 0.032900 0.987245 -0.155774 0.620300 -0.036936 0.156953 0.986915 0.186600 0.000000 0.000000 0.000000 1.000000
0.999248 -0.025146 0.029502 0.000000 0.029590 0.986441 -0.161427 0.620300 -0.025043 0.162178 0.986444 0.186600 0.000000 0.000000 0.000000 1.000000
0.999690 -0.024382 0.005131 -0.000000 0.024899 0.985324 -0.168866 0.620300 -0.000939 0.168941 0.985626 0.186600 0.000000 0.000000 0.000000 1.000000
0.999380 -0.025446 -0.024337 0.000000 0.020797 0.984318 -0.175171 0.620300 0.028413 0.174556 0.984237 0.186600 0.000000 0.000000 0.000000 1.000000
0.998106 -0.026172 -0.055668 -0.000000 0.016234 0.984962 -0.172008 0.620300 0.059333 0.170779 0.983521 0.186600 0.000000 0.000000 0.000000 1.000000
0.994975 -0.022060 -0.097663 0.000000 0.005060 0.985259 -0.170995 0.620300 0.099995 0.169642 0.980420 0.186600 0.000000 0.000000 0.000000 1.000000
0.989902 -0.021203 -0.140158 0.000000 -0.002463 0.986028 -0.166559 0.620300 0.141731 0.165222 0.976020 0.186600 0.000000 0.000000 0.000000 1.000000
0.986156 -0.026935 -0.163619 0.000000 0.000401 0.987104 -0.160079 0.620300 0.165821 0.157797 0.973449 0.186600 0.000000 0.000000 0.000000 1.000000
0.982930 -0.033060 -0.180983 0.000000 0.005152 0.988282 -0.152550 0.620300 0.183906 0.149014 0.971583 0.186600 0.000000 0.000000 0.000000 1.000000
0.980213 -0.039449 -0.193976 0.000000 0.011261 0.989466 -0.144327 0.620300 0.197626 0.139287 0.970331 0.186600 0.000000 0.000000 0.000000 1.000000
0.977825 -0.045974 -0.204315 -0.000000 0.018208 0.990576 -0.135751 0.620300 0.208631 0.129021 0.969447 0.186600 0.000000 0.000000 0.000000 1.000000
0.975512 -0.052731 -0.213530 -0.000000 0.025749 0.991539 -0.127228 0.620300 0.218432 0.118614 0.968617 0.186600 0.000000 0.000000 0.000000 1.000000
0.972938 -0.059902 -0.223166 -0.000000 0.033749 0.992295 -0.119215 0.620300 0.228587 0.108457 0.967463 0.186600 0.000000 0.000000 0.000000 1.000000
0.969672 -0.066830 -0.235097 -0.000000 0.041266 0.992848 -0.112029 0.620300 0.240902 0.098930 0.965494 0.186600 0.000000 0.000000 0.000000 1.000000</float_array><technique_common><accessor source="#mixamorig_Spine-Matrix-animation-output-transform-array" count="73" stride="16"><param type="float4x4"/></accessor></technique_common></source><source id="mixamorig_Spine-Interpolations"><Name_array id="mixamorig_Spine-Interpolations-array" count="73">
 LINEAR LINEAR LINEAR LINEAR LINEAR LINEAR LINEAR LINEAR LINEAR LINEAR LINEAR
LINEAR LINEAR LINEAR LINEAR LINEAR LINEAR LINEAR LINEAR LINEAR LINEAR LINEAR LINEAR
LINEAR LINEAR LINEAR LINEAR LINEAR LINEAR LINEAR LINEAR LINEAR LINEAR LINEAR LINEAR
LINEAR LINEAR LINEAR LINEAR LINEAR LINEAR LINEAR LINEAR LINEAR LINEAR LINEAR LINEAR
LINEAR LINEAR LINEAR LINEAR LINEAR LINEAR LINEAR LINEAR LINEAR LINEAR LINEAR LINEAR
LINEAR LINEAR LINEAR LINEAR LINEAR LINEAR LINEAR LINEAR LINEAR LINEAR LINEAR LINEAR
LINEAR LINEAR</Name_array><technique_common><accessor source="#mixamorig_Spine-Interpolations-array" count="73"><param type="name"/></accessor></technique_common></source><sampler id="mixamorig_Spine-Matrix-animation-transform"><input semantic="INPUT" source="#mixamorig_Spine-Matrix-animation-input"/><input semantic="OUTPUT" source="#mixamorig_Spine-Matrix-animation-output-transform"/><input semantic="INTERPOLATION" source="#mixamorig_Spine-Interpolations"/></sampler><channel source="#mixamorig_Spine-Matrix-animation-transform" target="mixamorig_Spine/matrix"/></animation>
    <animation id="mixamorig_Spine1-anim" name="mixamorig_Spine1"><source id="mixamorig_Spine1-Matrix-animation-input"><float_array id="mixamorig_Spine1-Matrix-animation-input-array" count="73">

0.000000 0.033333 0.066667 0.100000 0.133333 0.166667 0.200000 0.233333 0.266667 0.300000 0.333333 0.366667 0.400000 0.433333 0.466667 0.500000
0.533333 0.566667 0.600000 0.633333 0.666667 0.700000 0.733333 0.766667 0.800000 0.833333 0.866667 0.900000 0.933333 0.966667 1.000000 1.033333
1.066667 1.100000 1.133333 1.166667 1.200000 1.233333 1.266667 1.300000 1.333333 1.366667 1.400000 1.433333 1.466667 1.500000 1.533333 1.566667
1.600000 1.633333 1.666667 1.700000 1.733333 1.766667 1.800000 1.833333 1.866667 1.900000 1.933333 1.966667 2.000000 2.033333 2.066667 2.100000
2.133333 2.166667 2.200000 2.233333 2.266667 2.300000 2.333333 2.366667 2.400000</float_array><technique_common><accessor source="#mixamorig_Spine1-Matrix-animation-input-array" count="73"><param name="TIME" type="float"/></accessor></technique_common></source><source id="mixamorig_Spine1-Matrix-animation-output-transform"><float_array id="mixamorig_Spine1-Matrix-animation-output-transform-array" count="1168">

0.999658 -0.007814 0.024955 0.000000 0.006192 0.997903 0.064435 0.755700 -0.025406 -0.064258 0.997610 0.000000 0.000000 0.000000 0.000000 1.000000
0.999691 -0.007715 0.023640 0.000000 0.006315 0.998254 0.058731 0.755700 -0.024051 -0.058564 0.997994 -0.000000 0.000000 0.000000 0.000000 1.000000
0.999737 -0.007361 0.021701 0.000000 0.006185 0.998535 0.053760 0.755700 -0.022065 -0.053611 0.998318 0.000000 0.000000 0.000000 0.000000 1.000000
0.999767 -0.006933 0.020427 0.000000 0.005959 0.998859 0.047382 0.755700 -0.020732 -0.047249 0.998668 0.000000 0.000000 0.000000 0.000000 1.000000
0.999787 -0.005986 0.019752 0.000000 0.005293 0.999375 0.034956 0.755700 -0.019949 -0.034844 0.999194 0.000000 0.000000 0.000000 0.000000 1.000000
0.999834 -0.007442 0.016607 0.000000 0.007096 0.999759 0.020789 0.755700 -0.016758 -0.020668 0.999646 0.000000 0.000000 0.000000 0.000000 1.000000
0.999908 -0.011742 0.006757 0.000000 0.011692 0.999904 0.007422 0.755700 -0.006843 -0.007343 0.999950 -0.000000 0.000000 0.000000 0.000000 1.000000
0.999918 -0.011276 -0.006063 -0.000000 0.011263 0.999934 -0.002295 0.755700 0.006089 0.002227 0.999979 -0.000000 0.000000 0.000000 0.000000 1.000000
0.999818 -0.011400 -0.015272 0.000000 0.011296 0.999912 -0.006915 0.755700 0.015350 0.006741 0.999859 0.000000 0.000000 0.000000 0.000000 1.000000
0.999881 -0.008427 -0.012897 0.000000 0.008381 0.999958 -0.003633 0.755700 0.012928 0.003525 0.999910 -0.000000 0.000000 0.000000 0.000000 1.000000
0.999948 -0.007642 -0.006776 0.000000 0.007700 0.999934 0.008516 0.755700 0.006710 -0.008568 0.999941 -0.000000 0.000000 0.000000 0.000000 1.000000
0.999905 -0.012854 -0.005054 0.000000 0.012995 0.999495 0.028996 0.755700 0.004678 -0.029059 0.999567 0.000000 0.000000 0.000000 0.000000 1.000000
0.999906 -0.013624 -0.001792 0.000000 0.013676 0.999358 0.033109 0.755700 0.001340 -0.033131 0.999450 0.000000 0.000000 0.000000 0.000000 1.000000
0.999921 -0.012364 0.002225 -0.000000 0.012291 0.999466 0.030271 0.755700 -0.002599 -0.030242 0.999539 -0.000000 0.000000 0.000000 0.000000 1.000000
0.999925 -0.010768 0.005905 -0.000000 0.010614 0.999617 0.025566 0.755700 -0.006178 -0.025501 0.999656 0.000000 0.000000 0.000000 0.000000 1.000000
0.999911 -0.010531 0.008154 0.000000 0.010331 0.999656 0.024104 0.755700 -0.008406 -0.024018 0.999676 0.000000 0.000000 0.000000 0.000000 1.000000
0.999888 -0.012301 0.008542 -0.000000 0.012060 0.999545 0.027643 0.755700 -0.008878 -0.027537 0.999581 0.000000 0.000000 0.000000 0.000000 1.000000
0.999856 -0.015128 0.007718 0.000000 0.014862 0.999332 0.033393 0.755700 -0.008218 -0.033274 0.999412 0.000000 0.000000 0.000000 0.000000 1.000000
0.999813 -0.018310 0.006210 0.000000 0.018049 0.999050 0.039667 0.755700 -0.006930 -0.039548 0.999194 -0.000000 0.000000 0.000000 0.000000 1.000000
0.999766 -0.021143 0.004545 0.000000 0.020919 0.998778 0.044782 0.755700 -0.005487 -0.044676 0.998986 0.000000 0.000000 0.000000 0.000000 1.000000
0.999737 -0.022725 0.002986 -0.000000 0.022562 0.998674 0.046273 0.755700 -0.004033 -0.046194 0.998924 0.000000 0.000000 0.000000 0.000000 1.000000
0.999721 -0.023556 0.001519 0.000000 0.023462 0.998691 0.045458 0.755700 -0.002588 -0.045410 0.998965 0.000000 0.000000 0.000000 0.000000 1.000000
0.999767 -0.021546 -0.001454 0.000000 0.021589 0.998789 0.044205 0.755700 0.000500 -0.044226 0.999021 0.000000 0.000000 0.000000 0.000000 1.000000
0.999769 -0.021124 -0.003921 0.000000 0.021274 0.998829 0.043441 0.755700 0.002999 -0.043515 0.999048 0.000000 0.000000 0.000000 0.000000 1.000000
0.999763 -0.020935 -0.005995 0.000000 0.021171 0.998868 0.042595 0.755700 0.005096 -0.042712 0.999074 0.000000 0.000000 0.000000 0.000000 1.000000
0.999770 -0.019887 -0.008077 0.000000 0.020207 0.998925 0.041716 0.755700 0.007239 -0.041870 0.999097 0.000000 0.000000 0.000000 0.000000 1.000000
0.999767 -0.019166 -0.009901 0.000000 0.019566 0.998926 0.042011 0.755700 0.009085 -0.042195 0.999068 0.000000 0.000000 0.000000 0.000000 1.000000
0.999773 -0.018151 -0.011192 0.000000 0.018609 0.998931 0.042304 0.755700 0.010412 -0.042503 0.999042 0.000000 0.000000 0.000000 0.000000 1.000000
0.999784 -0.016723 -0.012367 0.000000 0.017233 0.998955 0.042343 0.755700 0.011646 -0.042547 0.999027 0.000000 0.000000 0.000000 0.000000 1.000000
0.999810 -0.014826 -0.012642 0.000000 0.015349 0.998984 0.042370 0.755700 0.012001 -0.042556 0.999022 0.000000 0.000000 0.000000 0.000000 1.000000
0.999826 -0.014270 -0.012037 -0.000000 0.014769 0.998993 0.042376 0.755700 0.011420 -0.042546 0.999029 0.000000 0.000000 0.000000 0.000000 1.000000
0.999849 -0.011400 -0.013140 0.000000 0.011918 0.999125 0.040083 0.755700 0.012672 -0.040233 0.999110 0.000000 0.000000 0.000000 0.000000 1.000000
0.999845 -0.010240 -0.014319 0.000000 0.010784 0.999202 0.038464 0.755700 0.013914 -0.038612 0.999157 0.000000 0.000000 0.000000 0.000000 1.000000
0.999871 -0.007412 -0.014267 0.000000 0.007942 0.999267 0.037447 0.755700 0.013979 -0.037555 0.999197 0.000000 0.000000 0.000000 0.000000 1.000000
0.999874 -0.007360 -0.014056 0.000000 0.007894 0.999234 0.038341 0.755700 0.013763 -0.038447 0.999166 -0.000000 0.000000 0.000000 0.000000 1.000000
0.999888 -0.006265 -0.013602 -0.000000 0.006780 0.999248 0.038188 0.755700 0.013352 -0.038276 0.999178 0.000000 0.000000 0.000000 0.000000 1.000000
0.999900 -0.004996 -0.013210 -0.000000 0.005501 0.999244 0.038479 0.755700 0.013007 -0.038548 0.999172 -0.000000 0.000000 0.000000 0.000000 1.000000
0.999882 -0.004614 -0.014628 0.000000 0.005177 0.999240 0.038633 0.755700 0.014438 -0.038704 0.999146 0.000000 0.000000 0.000000 0.000000 1.000000
0.999847 -0.004347 -0.016937 0.000000 0.005000 0.999237 0.038737 0.755700 0.016756 -0.038816 0.999106 0.000000 0.000000 0.000000 0.000000 1.000000
0.999852 -0.000700 -0.017204 -0.000000 0.001361 0.999261 0.038401 0.755700 0.017165 -0.038419 0.999114 0.000000 0.000000 0.000000 0.000000 1.000000
0.999821 0.003762 -0.018544 0.000000 -0.003012 0.999182 0.040318 0.755700 0.018681 -0.040255 0.999015 0.000000 0.000000 0.000000 0.000000 1.000000
0.999737 0.009643 -0.020816 0.000000 -0.008431 0.998309 0.057514 0.755700 0.021336 -0.057324 0.998128 0.000000 0.000000 0.000000 0.000000 1.000000
0.999727 0.011976 -0.020065 0.000000 -0.009855 0.994668 0.102657 0.755700 0.021187 -0.102431 0.994514 -0.000000 0.000000 0.000000 0.000000 1.000000
0.999881 0.012908 -0.008455 -0.000000 -0.011405 0.987283 0.158562 0.755700 0.010395 -0.158447 0.987313 0.000000 0.000000 0.000000 0.000000 1.000000
0.999874 0.014311 0.006910 -0.000000 -0.015467 0.976183 0.216396 0.755700 -0.003649 -0.216476 0.976281 0.000000 0.000000 0.000000 0.000000 1.000000
0.999885 0.011967 0.009341 -0.000000 -0.013732 0.975338 0.220289 0.755700 -0.006474 -0.220392 0.975390 -0.000000 0.000000 0.000000 0.000000 1.000000
0.999892 0.002109 0.014564 -0.000000 -0.004715 0.983417 0.181296 0.755700 -0.013940 -0.181345 0.983321 0.000000 0.000000 0.000000 0.000000 1.000000
0.999836 0.007919 0.016290 -0.000000 -0.010197 0.989396 0.144885 0.755700 -0.014969 -0.145028 0.989314 -0.000000 0.000000 0.000000 0.000000 1.000000
0.999621 0.020106 0.018789 0.000000 -0.021860 0.994910 0.098367 0.755700 -0.016715 -0.098740 0.994973 -0.000000 0.000000 0.000000 0.000000 1.000000
0.999792 0.016844 0.011505 0.000000 -0.017575 0.997615 0.066755 0.755700 -0.010353 -0.066943 0.997703 0.000000 0.000000 0.000000 0.000000 1.000000
0.999960 0.007502 0.004850 0.000000 -0.007732 0.998751 0.049355 0.755700 -0.004473 -0.049390 0.998770 0.000000 0.000000 0.000000 0.000000 1.000000
0.999985 -0.003707 0.003920 0.000000 0.003557 0.999291 0.037485 0.755700 -0.004056 -0.037470 0.999290 0.000000 0.000000 0.000000 0.000000 1.000000
0.999891 -0.003562 0.014304 0.000000 0.003105 0.999488 0.031858 0.755700 -0.014411 -0.031810 0.999390 0.000000 0.000000 0.000000 0.000000 1.000000
0.999842 0.001841 0.017675 -0.000000 -0.002300 0.999659 0.026012 0.755700 -0.017621 -0.026049 0.999505 -0.000000 0.000000 0.000000 0.000000 1.000000
0.999807 -0.004341 0.019159 0.000000 0.003949 0.999783 0.020444 0.755700 -0.019244 -0.020364 0.999607 0.000000 0.000000 0.000000 0.000000 1.000000
0.999659 -0.005012 0.025624 0.000000 0.004413 0.999717 0.023374 0.755700 -0.025734 -0.023253 0.999398 0.000000 0.000000 0.000000 0.000000 1.000000
0.999721 -0.005881 0.022867 0.000000 0.005505 0.999849 0.016471 0.755700 -0.022961 -0.016341 0.999603 0.000000 0.000000 0.000000 0.000000 1.000000
0.999675 -0.010246 0.023348 -0.000000 0.009836 0.999797 0.017608 0.755700 -0.023523 -0.017373 0.999572 0.000000 0.000000 0.000000 0.000000 1.000000
0.999648 -0.015847 0.021269 0.000000 0.015501 0.999746 0.016365 0.755700 -0.021523 -0.016029 0.999640 0.000000 0.000000 0.000000 0.000000 1.000000
0.999614 -0.020577 0.018691 0.000000 0.020302 0.999685 0.014787 0.755700 -0.018989 -0.014401 0.999716 0.000000 0.000000 0.000000 0.000000 1.000000
0.999629 -0.022266 0.015717 -0.000000 0.022027 0.999641 0.015260 0.755700 -0.016051 -0.014908 0.999760 0.000000 0.000000 0.000000 0.000000 1.000000
0.999685 -0.023243 0.009478 0.000000 0.023098 0.999619 0.015120 0.755700 -0.009826 -0.014896 0.999841 0.000000 0.000000 0.000000 0.000000 1.000000
0.999707 -0.024120 0.001870 0.000000 0.024089 0.999597 0.015035 0.755700 -0.002232 -0.014986 0.999885 0.000000 0.000000 0.000000 0.000000 1.000000
0.999642 -0.026126 -0.005849 0.000000 0.026221 0.999515 0.016804 0.755700 0.005407 -0.016952 0.999842 -0.000000 0.000000 0.000000 0.000000 1.000000
0.999405 -0.030620 -0.015854 -0.000000 0.030909 0.999355 0.018301 0.755700 0.015283 -0.018780 0.999707 0.000000 0.000000 0.000000 0.000000 1.000000
0.998985 -0.036942 -0.025768 -0.000000 0.037457 0.999102 0.019812 0.755700 0.025013 -0.020757 0.999472 -0.000000 0.000000 0.000000 0.000000 1.000000
0.998640 -0.041865 -0.031080 0.000000 0.042566 0.998846 0.022265 0.755700 0.030112 -0.023558 0.999269 0.000000 0.000000 0.000000 0.000000 1.000000
0.998345 -0.045713 -0.034906 0.000000 0.046606 0.998595 0.025223 0.755700 0.033704 -0.026808 0.999072 0.000000 0.000000 0.000000 0.000000 1.000000
0.998099 -0.048786 -0.037650 -0.000000 0.049874 0.998348 0.028529 0.755700 0.036196 -0.030353 0.998884 -0.000000 0.000000 0.000000 0.000000 1.000000
0.997889 -0.051379 -0.039719 0.000000 0.052664 0.998099 0.032014 0.755700 0.037999 -0.034039 0.998698 0.000000 0.000000 0.000000 0.000000 1.000000
0.997689 -0.053787 -0.041520 -0.000000 0.055272 0.997840 0.035499 0.755700 0.039521 -0.037712 0.998507 0.000000 0.000000 0.000000 0.000000 1.000000
0.997468 -0.056300 -0.043460 0.000000 0.057995 0.997563 0.038795 0.755700 0.041170 -0.041218 0.998302 -0.000000 0.000000 0.000000 0.000000 1.000000
0.997188 -0.059208 -0.045949 0.000000 0.061134 0.997258 0.041710 0.755700 0.043353 -0.044402 0.998073 0.000000 0.000000 0.000000 0.000000 1.000000</float_array><technique_common><accessor source="#mixamorig_Spine1-Matrix-animation-output-transform-array" count="73" stride="16"><param type="float4x4"/></accessor></technique_common></source><source id="mixamorig_Spine1-Interpolations"><Name_array id="mixamorig_Spine1-Interpolations-array" count="73">
 LINEAR LINEAR LINEAR LINEAR LINEAR LINEAR LINEAR LINEAR LINEAR LINEAR LINEAR
LINEAR LINEAR LINEAR LINEAR LINEAR LINEAR LINEAR LINEAR LINEAR LINEAR LINEAR LINEAR
LINEAR LINEAR LINEAR LINEAR LINEAR LINEAR LINEAR LINEAR LINEAR LINEAR LINEAR LINEAR
LINEAR LINEAR LINEAR LINEAR LINEAR LINEAR LINEAR LINEAR LINEAR LINEAR LINEAR LINEAR
